area,Date,P_08,P_09,P_10,P_11,P_12,P_15,P_20,provenance
Aberdeen City,2021-03-23,0.34,0.12,0.03,0.01,0.00,0.00,0.00,inferred
Aberdeen City,2021-03-24,0.34,0.12,0.03,0.01,0.00,0.00,0.00,inferred
Aberdeen City,2021-03-25,0.34,0.12,0.03,0.01,0.00,0.00,0.00,inferred
Aberdeen City,2021-03-26,0.34,0.12,0.03,0.01,0.00,0.00,0.00,inferred
Aberdeen City,2021-03-27,0.34,0.12,0.03,0.01,0.00,0.00,0.00,inferred
Aberdeen City,2021-03-28,0.34,0.12,0.03,0.01,0.00,0.00,0.00,inferred
Aberdeen City,2021-03-29,0.34,0.12,0.03,0.01,0.00,0.00,0.00,inferred
Aberdeen City,2021-03-30,0.64,0.38,0.16,0.06,0.02,0.00,0.00,inferred
Aberdeen City,2021-03-31,0.64,0.38,0.16,0.06,0.02,0.00,0.00,inferred
Aberdeen City,2021-04-01,0.64,0.38,0.16,0.06,0.02,0.00,0.00,inferred
Aberdeen City,2021-04-02,0.64,0.38,0.16,0.06,0.02,0.00,0.00,inferred
Aberdeen City,2021-04-03,0.64,0.38,0.16,0.06,0.02,0.00,0.00,inferred
Aberdeen City,2021-04-04,0.64,0.38,0.16,0.06,0.02,0.00,0.00,inferred
Aberdeen City,2021-04-05,0.64,0.38,0.16,0.06,0.02,0.00,0.00,inferred
Aberdeen City,2021-04-06,0.65,0.41,0.20,0.09,0.02,0.00,0.00,inferred
Aberdeen City,2021-04-07,0.65,0.41,0.20,0.09,0.02,0.00,0.00,inferred
Aberdeen City,2021-04-08,0.65,0.41,0.20,0.09,0.02,0.00,0.00,inferred
Aberdeen City,2021-04-09,0.65,0.41,0.20,0.09,0.02,0.00,0.00,inferred
Aberdeen City,2021-04-10,0.65,0.41,0.20,0.09,0.02,0.00,0.00,inferred
Aberdeen City,2021-04-11,0.65,0.41,0.20,0.09,0.02,0.00,0.00,inferred
Aberdeen City,2021-04-12,0.65,0.41,0.20,0.09,0.02,0.00,0.00,inferred
Aberdeen City,2021-04-13,0.58,0.32,0.14,0.05,0.01,0.00,0.00,inferred
Aberdeen City,2021-04-14,0.58,0.32,0.14,0.05,0.01,0.00,0.00,inferred
Aberdeen City,2021-04-15,0.58,0.32,0.14,0.05,0.01,0.00,0.00,inferred
Aberdeen City,2021-04-16,0.58,0.32,0.14,0.05,0.01,0.00,0.00,inferred
Aberdeen City,2021-04-17,0.58,0.32,0.14,0.05,0.01,0.00,0.00,inferred
Aberdeen City,2021-04-18,0.58,0.32,0.14,0.05,0.01,0.00,0.00,inferred
Aberdeen City,2021-04-19,0.58,0.32,0.14,0.05,0.01,0.00,0.00,inferred
Aberdeen City,2021-04-20,0.92,0.80,0.63,0.43,0.26,0.02,0.00,inferred
Aberdeen City,2021-04-21,0.92,0.80,0.63,0.43,0.26,0.02,0.00,inferred
Aberdeen City,2021-04-22,0.92,0.80,0.63,0.43,0.26,0.02,0.00,inferred
Aberdeen City,2021-04-23,0.92,0.80,0.63,0.43,0.26,0.02,0.00,inferred
Aberdeen City,2021-04-24,0.92,0.80,0.63,0.43,0.26,0.02,0.00,inferred
Aberdeen City,2021-04-25,0.92,0.80,0.63,0.43,0.26,0.02,0.00,inferred
Aberdeen City,2021-04-26,0.92,0.80,0.63,0.43,0.26,0.02,0.00,inferred
Aberdeen City,2021-04-27,0.98,0.94,0.84,0.68,0.47,0.11,0.00,inferred
Aberdeen City,2021-04-28,0.98,0.94,0.84,0.68,0.47,0.11,0.00,inferred
Aberdeen City,2021-04-29,0.98,0.94,0.84,0.68,0.47,0.11,0.00,inferred
Aberdeen City,2021-04-30,0.98,0.94,0.84,0.68,0.47,0.11,0.00,inferred
Aberdeen City,2021-05-01,0.98,0.94,0.84,0.68,0.47,0.11,0.00,inferred
Aberdeen City,2021-05-02,0.98,0.94,0.84,0.68,0.47,0.11,0.00,inferred
Aberdeen City,2021-05-03,0.98,0.94,0.84,0.68,0.47,0.11,0.00,inferred
Aberdeen City,2021-05-04,0.39,0.19,0.08,0.03,0.01,0.00,0.00,inferred
Aberdeen City,2021-05-05,0.39,0.19,0.08,0.03,0.01,0.00,0.00,inferred
Aberdeen City,2021-05-06,0.39,0.19,0.08,0.03,0.01,0.00,0.00,inferred
Aberdeen City,2021-05-07,0.39,0.19,0.08,0.03,0.01,0.00,0.00,inferred
Aberdeen City,2021-05-08,0.39,0.19,0.08,0.03,0.01,0.00,0.00,inferred
Aberdeen City,2021-05-09,0.39,0.19,0.08,0.03,0.01,0.00,0.00,inferred
Aberdeen City,2021-05-10,0.39,0.19,0.08,0.03,0.01,0.00,0.00,inferred
Aberdeen City,2021-05-11,0.14,0.05,0.01,0.00,0.00,0.00,0.00,inferred
Aberdeen City,2021-05-12,0.14,0.05,0.01,0.00,0.00,0.00,0.00,inferred
Aberdeen City,2021-05-13,0.14,0.05,0.01,0.00,0.00,0.00,0.00,inferred
Aberdeen City,2021-05-14,0.14,0.05,0.01,0.00,0.00,0.00,0.00,inferred
Aberdeen City,2021-05-15,0.14,0.05,0.01,0.00,0.00,0.00,0.00,inferred
Aberdeen City,2021-05-16,0.14,0.05,0.01,0.00,0.00,0.00,0.00,inferred
Aberdeen City,2021-05-17,0.14,0.05,0.01,0.00,0.00,0.00,0.00,inferred
Aberdeen City,2021-05-18,0.73,0.52,0.32,0.16,0.06,0.00,0.00,inferred
Aberdeen City,2021-05-19,0.73,0.52,0.32,0.16,0.06,0.00,0.00,inferred
Aberdeen City,2021-05-20,0.73,0.52,0.32,0.16,0.06,0.00,0.00,inferred
Aberdeen City,2021-05-21,0.73,0.52,0.32,0.16,0.06,0.00,0.00,inferred
Aberdeen City,2021-05-22,0.73,0.52,0.32,0.16,0.06,0.00,0.00,inferred
Aberdeen City,2021-05-23,0.73,0.52,0.32,0.16,0.06,0.00,0.00,inferred
Aberdeen City,2021-05-24,0.73,0.52,0.32,0.16,0.06,0.00,0.00,inferred
Aberdeen City,2021-05-25,1.00,0.99,0.98,0.94,0.84,0.46,0.05,inferred
Aberdeen City,2021-05-26,1.00,0.99,0.98,0.94,0.84,0.46,0.05,inferred
Aberdeen City,2021-05-27,1.00,0.99,0.98,0.94,0.84,0.46,0.05,inferred
Aberdeen City,2021-05-28,1.00,0.99,0.98,0.94,0.84,0.46,0.05,inferred
Aberdeen City,2021-05-29,1.00,0.99,0.98,0.94,0.84,0.46,0.05,inferred
Aberdeen City,2021-05-30,1.00,0.99,0.98,0.94,0.84,0.46,0.05,inferred
Aberdeen City,2021-05-31,1.00,0.99,0.98,0.94,0.84,0.46,0.05,inferred
Aberdeen City,2021-06-01,1.00,1.00,1.00,0.99,0.98,0.80,0.23,inferred
Aberdeen City,2021-06-02,1.00,1.00,1.00,0.99,0.98,0.80,0.23,inferred
Aberdeen City,2021-06-03,1.00,1.00,1.00,0.99,0.98,0.80,0.23,inferred
Aberdeen City,2021-06-04,1.00,1.00,1.00,0.99,0.98,0.80,0.23,inferred
Aberdeen City,2021-06-05,1.00,1.00,1.00,0.99,0.98,0.80,0.23,inferred
Aberdeen City,2021-06-06,1.00,1.00,1.00,0.99,0.98,0.80,0.23,inferred
Aberdeen City,2021-06-07,1.00,1.00,1.00,0.99,0.98,0.80,0.23,inferred
Aberdeen City,2021-06-08,1.00,1.00,1.00,1.00,1.00,0.96,0.56,inferred
Aberdeen City,2021-06-09,1.00,1.00,1.00,1.00,1.00,0.96,0.56,inferred
Aberdeen City,2021-06-10,1.00,1.00,1.00,1.00,1.00,0.96,0.56,inferred
Aberdeen City,2021-06-11,1.00,1.00,1.00,1.00,1.00,0.96,0.56,inferred
Aberdeen City,2021-06-12,1.00,1.00,1.00,1.00,1.00,0.96,0.56,inferred
Aberdeen City,2021-06-13,1.00,1.00,1.00,1.00,1.00,0.96,0.56,inferred
Aberdeen City,2021-06-14,1.00,1.00,1.00,1.00,1.00,0.96,0.56,inferred
Aberdeen City,2021-06-15,1.00,1.00,1.00,1.00,1.00,1.00,0.81,inferred
Aberdeen City,2021-06-16,1.00,1.00,1.00,1.00,1.00,1.00,0.81,inferred
Aberdeen City,2021-06-17,1.00,1.00,1.00,1.00,1.00,1.00,0.81,inferred
Aberdeen City,2021-06-18,1.00,1.00,1.00,1.00,1.00,1.00,0.81,inferred
Aberdeen City,2021-06-19,1.00,1.00,1.00,1.00,1.00,1.00,0.81,inferred
Aberdeen City,2021-06-20,1.00,1.00,1.00,1.00,1.00,1.00,0.81,inferred
Aberdeen City,2021-06-21,1.00,1.00,1.00,1.00,1.00,1.00,0.81,inferred
Aberdeen City,2021-06-22,1.00,1.00,1.00,1.00,1.00,0.85,0.23,inferred
Aberdeen City,2021-06-23,1.00,1.00,1.00,1.00,1.00,0.85,0.23,inferred
Aberdeen City,2021-06-24,1.00,1.00,1.00,1.00,1.00,0.85,0.23,inferred
Aberdeen City,2021-06-25,1.00,1.00,1.00,1.00,1.00,0.85,0.23,inferred
Aberdeen City,2021-06-26,1.00,1.00,1.00,1.00,1.00,0.85,0.23,inferred
Aberdeen City,2021-06-27,1.00,1.00,1.00,1.00,1.00,0.85,0.23,inferred
Aberdeen City,2021-06-28,1.00,1.00,1.00,1.00,1.00,0.85,0.23,inferred
Aberdeen City,2021-06-29,0.75,0.59,0.41,0.28,0.17,0.02,0.00,inferred
Aberdeen City,2021-06-30,0.75,0.59,0.41,0.28,0.17,0.02,0.00,inferred
Aberdeen City,2021-07-01,0.75,0.59,0.41,0.28,0.17,0.02,0.00,inferred
Aberdeen City,2021-07-02,0.75,0.59,0.41,0.28,0.17,0.02,0.00,inferred
Aberdeen City,2021-07-03,0.75,0.59,0.41,0.28,0.17,0.02,0.00,inferred
Aberdeen City,2021-07-04,0.75,0.59,0.41,0.28,0.17,0.02,0.00,inferred
Aberdeen City,2021-07-05,0.75,0.59,0.41,0.28,0.17,0.02,0.00,inferred
Aberdeen City,2021-07-06,0.64,0.54,0.44,0.35,0.28,0.13,0.04,projected
Aberdeen City,2021-07-07,0.64,0.54,0.44,0.35,0.28,0.13,0.04,projected
Aberdeen City,2021-07-08,0.64,0.54,0.44,0.35,0.28,0.13,0.04,projected
Aberdeen City,2021-07-09,0.64,0.54,0.44,0.35,0.28,0.13,0.04,projected
Aberdeen City,2021-07-10,0.64,0.54,0.44,0.35,0.28,0.13,0.04,projected
Aberdeen City,2021-07-11,0.64,0.54,0.44,0.35,0.28,0.13,0.04,projected
Aberdeen City,2021-07-12,0.64,0.54,0.44,0.35,0.28,0.13,0.04,projected
Aberdeen City,2021-07-13,0.60,0.51,0.44,0.38,0.33,0.20,0.09,projected
Aberdeen City,2021-07-14,0.60,0.51,0.44,0.38,0.33,0.20,0.09,projected
Aberdeen City,2021-07-15,0.60,0.51,0.44,0.38,0.33,0.20,0.09,projected
Aberdeen City,2021-07-16,0.60,0.51,0.44,0.38,0.33,0.20,0.09,projected
Aberdeen City,2021-07-17,0.60,0.51,0.44,0.38,0.33,0.20,0.09,projected
Aberdeen City,2021-07-18,0.60,0.51,0.44,0.38,0.33,0.20,0.09,projected
Aberdeen City,2021-07-19,0.60,0.51,0.44,0.38,0.33,0.20,0.09,projected
Aberdeen City,2021-07-20,0.59,0.52,0.45,0.39,0.34,0.22,0.13,projected
Aberdeen City,2021-07-21,0.59,0.52,0.45,0.39,0.34,0.22,0.13,projected
Aberdeen City,2021-07-22,0.59,0.52,0.45,0.39,0.34,0.22,0.13,projected
Aberdeen City,2021-07-23,0.59,0.52,0.45,0.39,0.34,0.22,0.13,projected
Aberdeen City,2021-07-24,0.59,0.52,0.45,0.39,0.34,0.22,0.13,projected
Aberdeen City,2021-07-25,0.59,0.52,0.45,0.39,0.34,0.22,0.13,projected
Aberdeen City,2021-07-26,0.59,0.52,0.45,0.39,0.34,0.22,0.13,projected
Aberdeenshire,2021-03-23,0.34,0.12,0.03,0.01,0.00,0.00,0.00,inferred
Aberdeenshire,2021-03-24,0.34,0.12,0.03,0.01,0.00,0.00,0.00,inferred
Aberdeenshire,2021-03-25,0.34,0.12,0.03,0.01,0.00,0.00,0.00,inferred
Aberdeenshire,2021-03-26,0.34,0.12,0.03,0.01,0.00,0.00,0.00,inferred
Aberdeenshire,2021-03-27,0.34,0.12,0.03,0.01,0.00,0.00,0.00,inferred
Aberdeenshire,2021-03-28,0.34,0.12,0.03,0.01,0.00,0.00,0.00,inferred
Aberdeenshire,2021-03-29,0.34,0.12,0.03,0.01,0.00,0.00,0.00,inferred
Aberdeenshire,2021-03-30,0.64,0.38,0.16,0.06,0.02,0.00,0.00,inferred
Aberdeenshire,2021-03-31,0.64,0.38,0.16,0.06,0.02,0.00,0.00,inferred
Aberdeenshire,2021-04-01,0.64,0.38,0.16,0.06,0.02,0.00,0.00,inferred
Aberdeenshire,2021-04-02,0.64,0.38,0.16,0.06,0.02,0.00,0.00,inferred
Aberdeenshire,2021-04-03,0.64,0.38,0.16,0.06,0.02,0.00,0.00,inferred
Aberdeenshire,2021-04-04,0.64,0.38,0.16,0.06,0.02,0.00,0.00,inferred
Aberdeenshire,2021-04-05,0.64,0.38,0.16,0.06,0.02,0.00,0.00,inferred
Aberdeenshire,2021-04-06,0.65,0.41,0.20,0.09,0.02,0.00,0.00,inferred
Aberdeenshire,2021-04-07,0.65,0.41,0.20,0.09,0.02,0.00,0.00,inferred
Aberdeenshire,2021-04-08,0.65,0.41,0.20,0.09,0.02,0.00,0.00,inferred
Aberdeenshire,2021-04-09,0.65,0.41,0.20,0.09,0.02,0.00,0.00,inferred
Aberdeenshire,2021-04-10,0.65,0.41,0.20,0.09,0.02,0.00,0.00,inferred
Aberdeenshire,2021-04-11,0.65,0.41,0.20,0.09,0.02,0.00,0.00,inferred
Aberdeenshire,2021-04-12,0.65,0.41,0.20,0.09,0.02,0.00,0.00,inferred
Aberdeenshire,2021-04-13,0.58,0.32,0.14,0.05,0.01,0.00,0.00,inferred
Aberdeenshire,2021-04-14,0.58,0.32,0.14,0.05,0.01,0.00,0.00,inferred
Aberdeenshire,2021-04-15,0.58,0.32,0.14,0.05,0.01,0.00,0.00,inferred
Aberdeenshire,2021-04-16,0.58,0.32,0.14,0.05,0.01,0.00,0.00,inferred
Aberdeenshire,2021-04-17,0.58,0.32,0.14,0.05,0.01,0.00,0.00,inferred
Aberdeenshire,2021-04-18,0.58,0.32,0.14,0.05,0.01,0.00,0.00,inferred
Aberdeenshire,2021-04-19,0.58,0.32,0.14,0.05,0.01,0.00,0.00,inferred
Aberdeenshire,2021-04-20,0.92,0.80,0.63,0.43,0.26,0.02,0.00,inferred
Aberdeenshire,2021-04-21,0.92,0.80,0.63,0.43,0.26,0.02,0.00,inferred
Aberdeenshire,2021-04-22,0.92,0.80,0.63,0.43,0.26,0.02,0.00,inferred
Aberdeenshire,2021-04-23,0.92,0.80,0.63,0.43,0.26,0.02,0.00,inferred
Aberdeenshire,2021-04-24,0.92,0.80,0.63,0.43,0.26,0.02,0.00,inferred
Aberdeenshire,2021-04-25,0.92,0.80,0.63,0.43,0.26,0.02,0.00,inferred
Aberdeenshire,2021-04-26,0.92,0.80,0.63,0.43,0.26,0.02,0.00,inferred
Aberdeenshire,2021-04-27,0.98,0.94,0.84,0.68,0.47,0.11,0.00,inferred
Aberdeenshire,2021-04-28,0.98,0.94,0.84,0.68,0.47,0.11,0.00,inferred
Aberdeenshire,2021-04-29,0.98,0.94,0.84,0.68,0.47,0.11,0.00,inferred
Aberdeenshire,2021-04-30,0.98,0.94,0.84,0.68,0.47,0.11,0.00,inferred
Aberdeenshire,2021-05-01,0.98,0.94,0.84,0.68,0.47,0.11,0.00,inferred
Aberdeenshire,2021-05-02,0.98,0.94,0.84,0.68,0.47,0.11,0.00,inferred
Aberdeenshire,2021-05-03,0.98,0.94,0.84,0.68,0.47,0.11,0.00,inferred
Aberdeenshire,2021-05-04,0.39,0.19,0.08,0.03,0.01,0.00,0.00,inferred
Aberdeenshire,2021-05-05,0.39,0.19,0.08,0.03,0.01,0.00,0.00,inferred
Aberdeenshire,2021-05-06,0.39,0.19,0.08,0.03,0.01,0.00,0.00,inferred
Aberdeenshire,2021-05-07,0.39,0.19,0.08,0.03,0.01,0.00,0.00,inferred
Aberdeenshire,2021-05-08,0.39,0.19,0.08,0.03,0.01,0.00,0.00,inferred
Aberdeenshire,2021-05-09,0.39,0.19,0.08,0.03,0.01,0.00,0.00,inferred
Aberdeenshire,2021-05-10,0.39,0.19,0.08,0.03,0.01,0.00,0.00,inferred
Aberdeenshire,2021-05-11,0.14,0.05,0.01,0.00,0.00,0.00,0.00,inferred
Aberdeenshire,2021-05-12,0.14,0.05,0.01,0.00,0.00,0.00,0.00,inferred
Aberdeenshire,2021-05-13,0.14,0.05,0.01,0.00,0.00,0.00,0.00,inferred
Aberdeenshire,2021-05-14,0.14,0.05,0.01,0.00,0.00,0.00,0.00,inferred
Aberdeenshire,2021-05-15,0.14,0.05,0.01,0.00,0.00,0.00,0.00,inferred
Aberdeenshire,2021-05-16,0.14,0.05,0.01,0.00,0.00,0.00,0.00,inferred
Aberdeenshire,2021-05-17,0.14,0.05,0.01,0.00,0.00,0.00,0.00,inferred
Aberdeenshire,2021-05-18,0.73,0.52,0.32,0.16,0.06,0.00,0.00,inferred
Aberdeenshire,2021-05-19,0.73,0.52,0.32,0.16,0.06,0.00,0.00,inferred
Aberdeenshire,2021-05-20,0.73,0.52,0.32,0.16,0.06,0.00,0.00,inferred
Aberdeenshire,2021-05-21,0.73,0.52,0.32,0.16,0.06,0.00,0.00,inferred
Aberdeenshire,2021-05-22,0.73,0.52,0.32,0.16,0.06,0.00,0.00,inferred
Aberdeenshire,2021-05-23,0.73,0.52,0.32,0.16,0.06,0.00,0.00,inferred
Aberdeenshire,2021-05-24,0.73,0.52,0.32,0.16,0.06,0.00,0.00,inferred
Aberdeenshire,2021-05-25,1.00,0.99,0.98,0.94,0.84,0.46,0.05,inferred
Aberdeenshire,2021-05-26,1.00,0.99,0.98,0.94,0.84,0.46,0.05,inferred
Aberdeenshire,2021-05-27,1.00,0.99,0.98,0.94,0.84,0.46,0.05,inferred
Aberdeenshire,2021-05-28,1.00,0.99,0.98,0.94,0.84,0.46,0.05,inferred
Aberdeenshire,2021-05-29,1.00,0.99,0.98,0.94,0.84,0.46,0.05,inferred
Aberdeenshire,2021-05-30,1.00,0.99,0.98,0.94,0.84,0.46,0.05,inferred
Aberdeenshire,2021-05-31,1.00,0.99,0.98,0.94,0.84,0.46,0.05,inferred
Aberdeenshire,2021-06-01,1.00,1.00,1.00,0.99,0.98,0.80,0.23,inferred
Aberdeenshire,2021-06-02,1.00,1.00,1.00,0.99,0.98,0.80,0.23,inferred
Aberdeenshire,2021-06-03,1.00,1.00,1.00,0.99,0.98,0.80,0.23,inferred
Aberdeenshire,2021-06-04,1.00,1.00,1.00,0.99,0.98,0.80,0.23,inferred
Aberdeenshire,2021-06-05,1.00,1.00,1.00,0.99,0.98,0.80,0.23,inferred
Aberdeenshire,2021-06-06,1.00,1.00,1.00,0.99,0.98,0.80,0.23,inferred
Aberdeenshire,2021-06-07,1.00,1.00,1.00,0.99,0.98,0.80,0.23,inferred
Aberdeenshire,2021-06-08,1.00,1.00,1.00,1.00,1.00,0.96,0.56,inferred
Aberdeenshire,2021-06-09,1.00,1.00,1.00,1.00,1.00,0.96,0.56,inferred
Aberdeenshire,2021-06-10,1.00,1.00,1.00,1.00,1.00,0.96,0.56,inferred
Aberdeenshire,2021-06-11,1.00,1.00,1.00,1.00,1.00,0.96,0.56,inferred
Aberdeenshire,2021-06-12,1.00,1.00,1.00,1.00,1.00,0.96,0.56,inferred
Aberdeenshire,2021-06-13,1.00,1.00,1.00,1.00,1.00,0.96,0.56,inferred
Aberdeenshire,2021-06-14,1.00,1.00,1.00,1.00,1.00,0.96,0.56,inferred
Aberdeenshire,2021-06-15,1.00,1.00,1.00,1.00,1.00,1.00,0.81,inferred
Aberdeenshire,2021-06-16,1.00,1.00,1.00,1.00,1.00,1.00,0.81,inferred
Aberdeenshire,2021-06-17,1.00,1.00,1.00,1.00,1.00,1.00,0.81,inferred
Aberdeenshire,2021-06-18,1.00,1.00,1.00,1.00,1.00,1.00,0.81,inferred
Aberdeenshire,2021-06-19,1.00,1.00,1.00,1.00,1.00,1.00,0.81,inferred
Aberdeenshire,2021-06-20,1.00,1.00,1.00,1.00,1.00,1.00,0.81,inferred
Aberdeenshire,2021-06-21,1.00,1.00,1.00,1.00,1.00,1.00,0.81,inferred
Aberdeenshire,2021-06-22,1.00,1.00,1.00,1.00,1.00,0.85,0.23,inferred
Aberdeenshire,2021-06-23,1.00,1.00,1.00,1.00,1.00,0.85,0.23,inferred
Aberdeenshire,2021-06-24,1.00,1.00,1.00,1.00,1.00,0.85,0.23,inferred
Aberdeenshire,2021-06-25,1.00,1.00,1.00,1.00,1.00,0.85,0.23,inferred
Aberdeenshire,2021-06-26,1.00,1.00,1.00,1.00,1.00,0.85,0.23,inferred
Aberdeenshire,2021-06-27,1.00,1.00,1.00,1.00,1.00,0.85,0.23,inferred
Aberdeenshire,2021-06-28,1.00,1.00,1.00,1.00,1.00,0.85,0.23,inferred
Aberdeenshire,2021-06-29,0.75,0.59,0.41,0.28,0.17,0.02,0.00,inferred
Aberdeenshire,2021-06-30,0.75,0.59,0.41,0.28,0.17,0.02,0.00,inferred
Aberdeenshire,2021-07-01,0.75,0.59,0.41,0.28,0.17,0.02,0.00,inferred
Aberdeenshire,2021-07-02,0.75,0.59,0.41,0.28,0.17,0.02,0.00,inferred
Aberdeenshire,2021-07-03,0.75,0.59,0.41,0.28,0.17,0.02,0.00,inferred
Aberdeenshire,2021-07-04,0.75,0.59,0.41,0.28,0.17,0.02,0.00,inferred
Aberdeenshire,2021-07-05,0.75,0.59,0.41,0.28,0.17,0.02,0.00,inferred
Aberdeenshire,2021-07-06,0.64,0.54,0.44,0.35,0.28,0.13,0.04,projected
Aberdeenshire,2021-07-07,0.64,0.54,0.44,0.35,0.28,0.13,0.04,projected
Aberdeenshire,2021-07-08,0.64,0.54,0.44,0.35,0.28,0.13,0.04,projected
Aberdeenshire,2021-07-09,0.64,0.54,0.44,0.35,0.28,0.13,0.04,projected
Aberdeenshire,2021-07-10,0.64,0.54,0.44,0.35,0.28,0.13,0.04,projected
Aberdeenshire,2021-07-11,0.64,0.54,0.44,0.35,0.28,0.13,0.04,projected
Aberdeenshire,2021-07-12,0.64,0.54,0.44,0.35,0.28,0.13,0.04,projected
Aberdeenshire,2021-07-13,0.60,0.51,0.44,0.38,0.33,0.20,0.09,projected
Aberdeenshire,2021-07-14,0.60,0.51,0.44,0.38,0.33,0.20,0.09,projected
Aberdeenshire,2021-07-15,0.60,0.51,0.44,0.38,0.33,0.20,0.09,projected
Aberdeenshire,2021-07-16,0.60,0.51,0.44,0.38,0.33,0.20,0.09,projected
Aberdeenshire,2021-07-17,0.60,0.51,0.44,0.38,0.33,0.20,0.09,projected
Aberdeenshire,2021-07-18,0.60,0.51,0.44,0.38,0.33,0.20,0.09,projected
Aberdeenshire,2021-07-19,0.60,0.51,0.44,0.38,0.33,0.20,0.09,projected
Aberdeenshire,2021-07-20,0.59,0.52,0.45,0.39,0.34,0.22,0.13,projected
Aberdeenshire,2021-07-21,0.59,0.52,0.45,0.39,0.34,0.22,0.13,projected
Aberdeenshire,2021-07-22,0.59,0.52,0.45,0.39,0.34,0.22,0.13,projected
Aberdeenshire,2021-07-23,0.59,0.52,0.45,0.39,0.34,0.22,0.13,projected
Aberdeenshire,2021-07-24,0.59,0.52,0.45,0.39,0.34,0.22,0.13,projected
Aberdeenshire,2021-07-25,0.59,0.52,0.45,0.39,0.34,0.22,0.13,projected
Aberdeenshire,2021-07-26,0.59,0.52,0.45,0.39,0.34,0.22,0.13,projected
Adur,2021-03-23,0.75,0.57,0.38,0.24,0.12,0.01,0.00,inferred
Adur,2021-03-24,0.75,0.57,0.38,0.24,0.12,0.01,0.00,inferred
Adur,2021-03-25,0.75,0.57,0.38,0.24,0.12,0.01,0.00,inferred
Adur,2021-03-26,0.75,0.57,0.38,0.24,0.12,0.01,0.00,inferred
Adur,2021-03-27,0.75,0.57,0.38,0.24,0.12,0.01,0.00,inferred
Adur,2021-03-28,0.75,0.57,0.38,0.24,0.12,0.01,0.00,inferred
Adur,2021-03-29,0.75,0.57,0.38,0.24,0.12,0.01,0.00,inferred
Adur,2021-03-30,0.64,0.47,0.30,0.17,0.09,0.01,0.00,inferred
Adur,2021-03-31,0.64,0.47,0.30,0.17,0.09,0.01,0.00,inferred
Adur,2021-04-01,0.64,0.47,0.30,0.17,0.09,0.01,0.00,inferred
Adur,2021-04-02,0.64,0.47,0.30,0.17,0.09,0.01,0.00,inferred
Adur,2021-04-03,0.64,0.47,0.30,0.17,0.09,0.01,0.00,inferred
Adur,2021-04-04,0.64,0.47,0.30,0.17,0.09,0.01,0.00,inferred
Adur,2021-04-05,0.64,0.47,0.30,0.17,0.09,0.01,0.00,inferred
Adur,2021-04-06,0.77,0.63,0.47,0.33,0.22,0.04,0.00,inferred
Adur,2021-04-07,0.77,0.63,0.47,0.33,0.22,0.04,0.00,inferred
Adur,2021-04-08,0.77,0.63,0.47,0.33,0.22,0.04,0.00,inferred
Adur,2021-04-09,0.77,0.63,0.47,0.33,0.22,0.04,0.00,inferred
Adur,2021-04-10,0.77,0.63,0.47,0.33,0.22,0.04,0.00,inferred
Adur,2021-04-11,0.77,0.63,0.47,0.33,0.22,0.04,0.00,inferred
Adur,2021-04-12,0.77,0.63,0.47,0.33,0.22,0.04,0.00,inferred
Adur,2021-04-13,0.88,0.79,0.66,0.51,0.37,0.11,0.00,inferred
Adur,2021-04-14,0.88,0.79,0.66,0.51,0.37,0.11,0.00,inferred
Adur,2021-04-15,0.88,0.79,0.66,0.51,0.37,0.11,0.00,inferred
Adur,2021-04-16,0.88,0.79,0.66,0.51,0.37,0.11,0.00,inferred
Adur,2021-04-17,0.88,0.79,0.66,0.51,0.37,0.11,0.00,inferred
Adur,2021-04-18,0.88,0.79,0.66,0.51,0.37,0.11,0.00,inferred
Adur,2021-04-19,0.88,0.79,0.66,0.51,0.37,0.11,0.00,inferred
Adur,2021-04-20,0.80,0.65,0.48,0.33,0.21,0.04,0.00,inferred
Adur,2021-04-21,0.80,0.65,0.48,0.33,0.21,0.04,0.00,inferred
Adur,2021-04-22,0.80,0.65,0.48,0.33,0.21,0.04,0.00,inferred
Adur,2021-04-23,0.80,0.65,0.48,0.33,0.21,0.04,0.00,inferred
Adur,2021-04-24,0.80,0.65,0.48,0.33,0.21,0.04,0.00,inferred
Adur,2021-04-25,0.80,0.65,0.48,0.33,0.21,0.04,0.00,inferred
Adur,2021-04-26,0.80,0.65,0.48,0.33,0.21,0.04,0.00,inferred
Adur,2021-04-27,0.72,0.57,0.40,0.27,0.16,0.02,0.00,inferred
Adur,2021-04-28,0.72,0.57,0.40,0.27,0.16,0.02,0.00,inferred
Adur,2021-04-29,0.72,0.57,0.40,0.27,0.16,0.02,0.00,inferred
Adur,2021-04-30,0.72,0.57,0.40,0.27,0.16,0.02,0.00,inferred
Adur,2021-05-01,0.72,0.57,0.40,0.27,0.16,0.02,0.00,inferred
Adur,2021-05-02,0.72,0.57,0.40,0.27,0.16,0.02,0.00,inferred
Adur,2021-05-03,0.72,0.57,0.40,0.27,0.16,0.02,0.00,inferred
Adur,2021-05-04,0.52,0.36,0.22,0.14,0.07,0.01,0.00,inferred
Adur,2021-05-05,0.52,0.36,0.22,0.14,0.07,0.01,0.00,inferred
Adur,2021-05-06,0.52,0.36,0.22,0.14,0.07,0.01,0.00,inferred
Adur,2021-05-07,0.52,0.36,0.22,0.14,0.07,0.01,0.00,inferred
Adur,2021-05-08,0.52,0.36,0.22,0.14,0.07,0.01,0.00,inferred
Adur,2021-05-09,0.52,0.36,0.22,0.14,0.07,0.01,0.00,inferred
Adur,2021-05-10,0.52,0.36,0.22,0.14,0.07,0.01,0.00,inferred
Adur,2021-05-11,0.42,0.26,0.15,0.09,0.05,0.00,0.00,inferred
Adur,2021-05-12,0.42,0.26,0.15,0.09,0.05,0.00,0.00,inferred
Adur,2021-05-13,0.42,0.26,0.15,0.09,0.05,0.00,0.00,inferred
Adur,2021-05-14,0.42,0.26,0.15,0.09,0.05,0.00,0.00,inferred
Adur,2021-05-15,0.42,0.26,0.15,0.09,0.05,0.00,0.00,inferred
Adur,2021-05-16,0.42,0.26,0.15,0.09,0.05,0.00,0.00,inferred
Adur,2021-05-17,0.42,0.26,0.15,0.09,0.05,0.00,0.00,inferred
Adur,2021-05-18,0.90,0.83,0.74,0.63,0.52,0.21,0.03,inferred
Adur,2021-05-19,0.90,0.83,0.74,0.63,0.52,0.21,0.03,inferred
Adur,2021-05-20,0.90,0.83,0.74,0.63,0.52,0.21,0.03,inferred
Adur,2021-05-21,0.90,0.83,0.74,0.63,0.52,0.21,0.03,inferred
Adur,2021-05-22,0.90,0.83,0.74,0.63,0.52,0.21,0.03,inferred
Adur,2021-05-23,0.90,0.83,0.74,0.63,0.52,0.21,0.03,inferred
Adur,2021-05-24,0.90,0.83,0.74,0.63,0.52,0.21,0.03,inferred
Adur,2021-05-25,0.99,0.97,0.93,0.88,0.81,0.54,0.14,inferred
Adur,2021-05-26,0.99,0.97,0.93,0.88,0.81,0.54,0.14,inferred
Adur,2021-05-27,0.99,0.97,0.93,0.88,0.81,0.54,0.14,inferred
Adur,2021-05-28,0.99,0.97,0.93,0.88,0.81,0.54,0.14,inferred
Adur,2021-05-29,0.99,0.97,0.93,0.88,0.81,0.54,0.14,inferred
Adur,2021-05-30,0.99,0.97,0.93,0.88,0.81,0.54,0.14,inferred
Adur,2021-05-31,0.99,0.97,0.93,0.88,0.81,0.54,0.14,inferred
Adur,2021-06-01,1.00,1.00,0.99,0.97,0.95,0.77,0.30,inferred
Adur,2021-06-02,1.00,1.00,0.99,0.97,0.95,0.77,0.30,inferred
Adur,2021-06-03,1.00,1.00,0.99,0.97,0.95,0.77,0.30,inferred
Adur,2021-06-04,1.00,1.00,0.99,0.97,0.95,0.77,0.30,inferred
Adur,2021-06-05,1.00,1.00,0.99,0.97,0.95,0.77,0.30,inferred
Adur,2021-06-06,1.00,1.00,0.99,0.97,0.95,0.77,0.30,inferred
Adur,2021-06-07,1.00,1.00,0.99,0.97,0.95,0.77,0.30,inferred
Adur,2021-06-08,1.00,1.00,1.00,1.00,1.00,0.93,0.52,inferred
Adur,2021-06-09,1.00,1.00,1.00,1.00,1.00,0.93,0.52,inferred
Adur,2021-06-10,1.00,1.00,1.00,1.00,1.00,0.93,0.52,inferred
Adur,2021-06-11,1.00,1.00,1.00,1.00,1.00,0.93,0.52,inferred
Adur,2021-06-12,1.00,1.00,1.00,1.00,1.00,0.93,0.52,inferred
Adur,2021-06-13,1.00,1.00,1.00,1.00,1.00,0.93,0.52,inferred
Adur,2021-06-14,1.00,1.00,1.00,1.00,1.00,0.93,0.52,inferred
Adur,2021-06-15,1.00,1.00,1.00,1.00,1.00,0.96,0.51,inferred
Adur,2021-06-16,1.00,1.00,1.00,1.00,1.00,0.96,0.51,inferred
Adur,2021-06-17,1.00,1.00,1.00,1.00,1.00,0.96,0.51,inferred
Adur,2021-06-18,1.00,1.00,1.00,1.00,1.00,0.96,0.51,inferred
Adur,2021-06-19,1.00,1.00,1.00,1.00,1.00,0.96,0.51,inferred
Adur,2021-06-20,1.00,1.00,1.00,1.00,1.00,0.96,0.51,inferred
Adur,2021-06-21,1.00,1.00,1.00,1.00,1.00,0.96,0.51,inferred
Adur,2021-06-22,1.00,1.00,1.00,1.00,1.00,0.98,0.66,inferred
Adur,2021-06-23,1.00,1.00,1.00,1.00,1.00,0.98,0.66,inferred
Adur,2021-06-24,1.00,1.00,1.00,1.00,1.00,0.98,0.66,inferred
Adur,2021-06-25,1.00,1.00,1.00,1.00,1.00,0.98,0.66,inferred
Adur,2021-06-26,1.00,1.00,1.00,1.00,1.00,0.98,0.66,inferred
Adur,2021-06-27,1.00,1.00,1.00,1.00,1.00,0.98,0.66,inferred
Adur,2021-06-28,1.00,1.00,1.00,1.00,1.00,0.98,0.66,inferred
Adur,2021-06-29,1.00,1.00,1.00,1.00,1.00,0.94,0.57,inferred
Adur,2021-06-30,1.00,1.00,1.00,1.00,1.00,0.94,0.57,inferred
Adur,2021-07-01,1.00,1.00,1.00,1.00,1.00,0.94,0.57,inferred
Adur,2021-07-02,1.00,1.00,1.00,1.00,1.00,0.94,0.57,inferred
Adur,2021-07-03,1.00,1.00,1.00,1.00,1.00,0.94,0.57,inferred
Adur,2021-07-04,1.00,1.00,1.00,1.00,1.00,0.94,0.57,inferred
Adur,2021-07-05,1.00,1.00,1.00,1.00,1.00,0.94,0.57,inferred
Adur,2021-07-06,1.00,1.00,0.99,0.97,0.95,0.76,0.39,projected
Adur,2021-07-07,1.00,1.00,0.99,0.97,0.95,0.76,0.39,projected
Adur,2021-07-08,1.00,1.00,0.99,0.97,0.95,0.76,0.39,projected
Adur,2021-07-09,1.00,1.00,0.99,0.97,0.95,0.76,0.39,projected
Adur,2021-07-10,1.00,1.00,0.99,0.97,0.95,0.76,0.39,projected
Adur,2021-07-11,1.00,1.00,0.99,0.97,0.95,0.76,0.39,projected
Adur,2021-07-12,1.00,1.00,0.99,0.97,0.95,0.76,0.39,projected
Adur,2021-07-13,0.99,0.98,0.96,0.92,0.87,0.67,0.33,projected
Adur,2021-07-14,0.99,0.98,0.96,0.92,0.87,0.67,0.33,projected
Adur,2021-07-15,0.99,0.98,0.96,0.92,0.87,0.67,0.33,projected
Adur,2021-07-16,0.99,0.98,0.96,0.92,0.87,0.67,0.33,projected
Adur,2021-07-17,0.99,0.98,0.96,0.92,0.87,0.67,0.33,projected
Adur,2021-07-18,0.99,0.98,0.96,0.92,0.87,0.67,0.33,projected
Adur,2021-07-19,0.99,0.98,0.96,0.92,0.87,0.67,0.33,projected
Adur,2021-07-20,0.98,0.96,0.94,0.88,0.82,0.62,0.31,projected
Adur,2021-07-21,0.98,0.96,0.94,0.88,0.82,0.62,0.31,projected
Adur,2021-07-22,0.98,0.96,0.94,0.88,0.82,0.62,0.31,projected
Adur,2021-07-23,0.98,0.96,0.94,0.88,0.82,0.62,0.31,projected
Adur,2021-07-24,0.98,0.96,0.94,0.88,0.82,0.62,0.31,projected
Adur,2021-07-25,0.98,0.96,0.94,0.88,0.82,0.62,0.31,projected
Adur,2021-07-26,0.98,0.96,0.94,0.88,0.82,0.62,0.31,projected
Allerdale,2021-03-23,0.15,0.05,0.01,0.00,0.00,0.00,0.00,inferred
Allerdale,2021-03-24,0.15,0.05,0.01,0.00,0.00,0.00,0.00,inferred
Allerdale,2021-03-25,0.15,0.05,0.01,0.00,0.00,0.00,0.00,inferred
Allerdale,2021-03-26,0.15,0.05,0.01,0.00,0.00,0.00,0.00,inferred
Allerdale,2021-03-27,0.15,0.05,0.01,0.00,0.00,0.00,0.00,inferred
Allerdale,2021-03-28,0.15,0.05,0.01,0.00,0.00,0.00,0.00,inferred
Allerdale,2021-03-29,0.15,0.05,0.01,0.00,0.00,0.00,0.00,inferred
Allerdale,2021-03-30,0.10,0.03,0.01,0.00,0.00,0.00,0.00,inferred
Allerdale,2021-03-31,0.10,0.03,0.01,0.00,0.00,0.00,0.00,inferred
Allerdale,2021-04-01,0.10,0.03,0.01,0.00,0.00,0.00,0.00,inferred
Allerdale,2021-04-02,0.10,0.03,0.01,0.00,0.00,0.00,0.00,inferred
Allerdale,2021-04-03,0.10,0.03,0.01,0.00,0.00,0.00,0.00,inferred
Allerdale,2021-04-04,0.10,0.03,0.01,0.00,0.00,0.00,0.00,inferred
Allerdale,2021-04-05,0.10,0.03,0.01,0.00,0.00,0.00,0.00,inferred
Allerdale,2021-04-06,0.10,0.05,0.02,0.01,0.00,0.00,0.00,inferred
Allerdale,2021-04-07,0.10,0.05,0.02,0.01,0.00,0.00,0.00,inferred
Allerdale,2021-04-08,0.10,0.05,0.02,0.01,0.00,0.00,0.00,inferred
Allerdale,2021-04-09,0.10,0.05,0.02,0.01,0.00,0.00,0.00,inferred
Allerdale,2021-04-10,0.10,0.05,0.02,0.01,0.00,0.00,0.00,inferred
Allerdale,2021-04-11,0.10,0.05,0.02,0.01,0.00,0.00,0.00,inferred
Allerdale,2021-04-12,0.10,0.05,0.02,0.01,0.00,0.00,0.00,inferred
Allerdale,2021-04-13,0.10,0.04,0.02,0.01,0.00,0.00,0.00,inferred
Allerdale,2021-04-14,0.10,0.04,0.02,0.01,0.00,0.00,0.00,inferred
Allerdale,2021-04-15,0.10,0.04,0.02,0.01,0.00,0.00,0.00,inferred
Allerdale,2021-04-16,0.10,0.04,0.02,0.01,0.00,0.00,0.00,inferred
Allerdale,2021-04-17,0.10,0.04,0.02,0.01,0.00,0.00,0.00,inferred
Allerdale,2021-04-18,0.10,0.04,0.02,0.01,0.00,0.00,0.00,inferred
Allerdale,2021-04-19,0.10,0.04,0.02,0.01,0.00,0.00,0.00,inferred
Allerdale,2021-04-20,0.27,0.16,0.09,0.05,0.02,0.00,0.00,inferred
Allerdale,2021-04-21,0.27,0.16,0.09,0.05,0.02,0.00,0.00,inferred
Allerdale,2021-04-22,0.27,0.16,0.09,0.05,0.02,0.00,0.00,inferred
Allerdale,2021-04-23,0.27,0.16,0.09,0.05,0.02,0.00,0.00,inferred
Allerdale,2021-04-24,0.27,0.16,0.09,0.05,0.02,0.00,0.00,inferred
Allerdale,2021-04-25,0.27,0.16,0.09,0.05,0.02,0.00,0.00,inferred
Allerdale,2021-04-26,0.27,0.16,0.09,0.05,0.02,0.00,0.00,inferred
Allerdale,2021-04-27,0.65,0.49,0.36,0.25,0.16,0.03,0.00,inferred
Allerdale,2021-04-28,0.65,0.49,0.36,0.25,0.16,0.03,0.00,inferred
Allerdale,2021-04-29,0.65,0.49,0.36,0.25,0.16,0.03,0.00,inferred
Allerdale,2021-04-30,0.65,0.49,0.36,0.25,0.16,0.03,0.00,inferred
Allerdale,2021-05-01,0.65,0.49,0.36,0.25,0.16,0.03,0.00,inferred
Allerdale,2021-05-02,0.65,0.49,0.36,0.25,0.16,0.03,0.00,inferred
Allerdale,2021-05-03,0.65,0.49,0.36,0.25,0.16,0.03,0.00,inferred
Allerdale,2021-05-04,0.91,0.84,0.74,0.63,0.52,0.23,0.03,inferred
Allerdale,2021-05-05,0.91,0.84,0.74,0.63,0.52,0.23,0.03,inferred
Allerdale,2021-05-06,0.91,0.84,0.74,0.63,0.52,0.23,0.03,inferred
Allerdale,2021-05-07,0.91,0.84,0.74,0.63,0.52,0.23,0.03,inferred
Allerdale,2021-05-08,0.91,0.84,0.74,0.63,0.52,0.23,0.03,inferred
Allerdale,2021-05-09,0.91,0.84,0.74,0.63,0.52,0.23,0.03,inferred
Allerdale,2021-05-10,0.91,0.84,0.74,0.63,0.52,0.23,0.03,inferred
Allerdale,2021-05-11,0.95,0.91,0.85,0.78,0.69,0.36,0.06,inferred
Allerdale,2021-05-12,0.95,0.91,0.85,0.78,0.69,0.36,0.06,inferred
Allerdale,2021-05-13,0.95,0.91,0.85,0.78,0.69,0.36,0.06,inferred
Allerdale,2021-05-14,0.95,0.91,0.85,0.78,0.69,0.36,0.06,inferred
Allerdale,2021-05-15,0.95,0.91,0.85,0.78,0.69,0.36,0.06,inferred
Allerdale,2021-05-16,0.95,0.91,0.85,0.78,0.69,0.36,0.06,inferred
Allerdale,2021-05-17,0.95,0.91,0.85,0.78,0.69,0.36,0.06,inferred
Allerdale,2021-05-18,0.99,0.98,0.95,0.90,0.85,0.59,0.16,inferred
Allerdale,2021-05-19,0.99,0.98,0.95,0.90,0.85,0.59,0.16,inferred
Allerdale,2021-05-20,0.99,0.98,0.95,0.90,0.85,0.59,0.16,inferred
Allerdale,2021-05-21,0.99,0.98,0.95,0.90,0.85,0.59,0.16,inferred
Allerdale,2021-05-22,0.99,0.98,0.95,0.90,0.85,0.59,0.16,inferred
Allerdale,2021-05-23,0.99,0.98,0.95,0.90,0.85,0.59,0.16,inferred
Allerdale,2021-05-24,0.99,0.98,0.95,0.90,0.85,0.59,0.16,inferred
Allerdale,2021-05-25,1.00,1.00,1.00,0.99,0.98,0.85,0.41,inferred
Allerdale,2021-05-26,1.00,1.00,1.00,0.99,0.98,0.85,0.41,inferred
Allerdale,2021-05-27,1.00,1.00,1.00,0.99,0.98,0.85,0.41,inferred
Allerdale,2021-05-28,1.00,1.00,1.00,0.99,0.98,0.85,0.41,inferred
Allerdale,2021-05-29,1.00,1.00,1.00,0.99,0.98,0.85,0.41,inferred
Allerdale,2021-05-30,1.00,1.00,1.00,0.99,0.98,0.85,0.41,inferred
Allerdale,2021-05-31,1.00,1.00,1.00,0.99,0.98,0.85,0.41,inferred
Allerdale,2021-06-01,1.00,1.00,1.00,1.00,0.98,0.85,0.38,inferred
Allerdale,2021-06-02,1.00,1.00,1.00,1.00,0.98,0.85,0.38,inferred
Allerdale,2021-06-03,1.00,1.00,1.00,1.00,0.98,0.85,0.38,inferred
Allerdale,2021-06-04,1.00,1.00,1.00,1.00,0.98,0.85,0.38,inferred
Allerdale,2021-06-05,1.00,1.00,1.00,1.00,0.98,0.85,0.38,inferred
Allerdale,2021-06-06,1.00,1.00,1.00,1.00,0.98,0.85,0.38,inferred
Allerdale,2021-06-07,1.00,1.00,1.00,1.00,0.98,0.85,0.38,inferred
Allerdale,2021-06-08,1.00,1.00,1.00,1.00,0.99,0.83,0.32,inferred
Allerdale,2021-06-09,1.00,1.00,1.00,1.00,0.99,0.83,0.32,inferred
Allerdale,2021-06-10,1.00,1.00,1.00,1.00,0.99,0.83,0.32,inferred
Allerdale,2021-06-11,1.00,1.00,1.00,1.00,0.99,0.83,0.32,inferred
Allerdale,2021-06-12,1.00,1.00,1.00,1.00,0.99,0.83,0.32,inferred
Allerdale,2021-06-13,1.00,1.00,1.00,1.00,0.99,0.83,0.32,inferred
Allerdale,2021-06-14,1.00,1.00,1.00,1.00,0.99,0.83,0.32,inferred
Allerdale,2021-06-15,1.00,1.00,1.00,1.00,0.99,0.81,0.21,inferred
Allerdale,2021-06-16,1.00,1.00,1.00,1.00,0.99,0.81,0.21,inferred
Allerdale,2021-06-17,1.00,1.00,1.00,1.00,0.99,0.81,0.21,inferred
Allerdale,2021-06-18,1.00,1.00,1.00,1.00,0.99,0.81,0.21,inferred
Allerdale,2021-06-19,1.00,1.00,1.00,1.00,0.99,0.81,0.21,inferred
Allerdale,2021-06-20,1.00,1.00,1.00,1.00,0.99,0.81,0.21,inferred
Allerdale,2021-06-21,1.00,1.00,1.00,1.00,0.99,0.81,0.21,inferred
Allerdale,2021-06-22,1.00,1.00,1.00,1.00,1.00,0.91,0.27,inferred
Allerdale,2021-06-23,1.00,1.00,1.00,1.00,1.00,0.91,0.27,inferred
Allerdale,2021-06-24,1.00,1.00,1.00,1.00,1.00,0.91,0.27,inferred
Allerdale,2021-06-25,1.00,1.00,1.00,1.00,1.00,0.91,0.27,inferred
Allerdale,2021-06-26,1.00,1.00,1.00,1.00,1.00,0.91,0.27,inferred
Allerdale,2021-06-27,1.00,1.00,1.00,1.00,1.00,0.91,0.27,inferred
Allerdale,2021-06-28,1.00,1.00,1.00,1.00,1.00,0.91,0.27,inferred
Allerdale,2021-06-29,1.00,1.00,1.00,1.00,1.00,0.99,0.83,inferred
Allerdale,2021-06-30,1.00,1.00,1.00,1.00,1.00,0.99,0.83,inferred
Allerdale,2021-07-01,1.00,1.00,1.00,1.00,1.00,0.99,0.83,inferred
Allerdale,2021-07-02,1.00,1.00,1.00,1.00,1.00,0.99,0.83,inferred
Allerdale,2021-07-03,1.00,1.00,1.00,1.00,1.00,0.99,0.83,inferred
Allerdale,2021-07-04,1.00,1.00,1.00,1.00,1.00,0.99,0.83,inferred
Allerdale,2021-07-05,1.00,1.00,1.00,1.00,1.00,0.99,0.83,inferred
Allerdale,2021-07-06,1.00,1.00,1.00,0.99,0.98,0.91,0.64,projected
Allerdale,2021-07-07,1.00,1.00,1.00,0.99,0.98,0.91,0.64,projected
Allerdale,2021-07-08,1.00,1.00,1.00,0.99,0.98,0.91,0.64,projected
Allerdale,2021-07-09,1.00,1.00,1.00,0.99,0.98,0.91,0.64,projected
Allerdale,2021-07-10,1.00,1.00,1.00,0.99,0.98,0.91,0.64,projected
Allerdale,2021-07-11,1.00,1.00,1.00,0.99,0.98,0.91,0.64,projected
Allerdale,2021-07-12,1.00,1.00,1.00,0.99,0.98,0.91,0.64,projected
Allerdale,2021-07-13,1.00,1.00,0.98,0.97,0.95,0.83,0.55,projected
Allerdale,2021-07-14,1.00,1.00,0.98,0.97,0.95,0.83,0.55,projected
Allerdale,2021-07-15,1.00,1.00,0.98,0.97,0.95,0.83,0.55,projected
Allerdale,2021-07-16,1.00,1.00,0.98,0.97,0.95,0.83,0.55,projected
Allerdale,2021-07-17,1.00,1.00,0.98,0.97,0.95,0.83,0.55,projected
Allerdale,2021-07-18,1.00,1.00,0.98,0.97,0.95,0.83,0.55,projected
Allerdale,2021-07-19,1.00,1.00,0.98,0.97,0.95,0.83,0.55,projected
Allerdale,2021-07-20,0.99,0.99,0.97,0.95,0.92,0.79,0.52,projected
Allerdale,2021-07-21,0.99,0.99,0.97,0.95,0.92,0.79,0.52,projected
Allerdale,2021-07-22,0.99,0.99,0.97,0.95,0.92,0.79,0.52,projected
Allerdale,2021-07-23,0.99,0.99,0.97,0.95,0.92,0.79,0.52,projected
Allerdale,2021-07-24,0.99,0.99,0.97,0.95,0.92,0.79,0.52,projected
Allerdale,2021-07-25,0.99,0.99,0.97,0.95,0.92,0.79,0.52,projected
Allerdale,2021-07-26,0.99,0.99,0.97,0.95,0.92,0.79,0.52,projected
Amber Valley,2021-03-23,0.00,0.00,0.00,0.00,0.00,0.00,0.00,inferred
Amber Valley,2021-03-24,0.00,0.00,0.00,0.00,0.00,0.00,0.00,inferred
Amber Valley,2021-03-25,0.00,0.00,0.00,0.00,0.00,0.00,0.00,inferred
Amber Valley,2021-03-26,0.00,0.00,0.00,0.00,0.00,0.00,0.00,inferred
Amber Valley,2021-03-27,0.00,0.00,0.00,0.00,0.00,0.00,0.00,inferred
Amber Valley,2021-03-28,0.00,0.00,0.00,0.00,0.00,0.00,0.00,inferred
Amber Valley,2021-03-29,0.00,0.00,0.00,0.00,0.00,0.00,0.00,inferred
Amber Valley,2021-03-30,0.02,0.00,0.00,0.00,0.00,0.00,0.00,inferred
Amber Valley,2021-03-31,0.02,0.00,0.00,0.00,0.00,0.00,0.00,inferred
Amber Valley,2021-04-01,0.02,0.00,0.00,0.00,0.00,0.00,0.00,inferred
Amber Valley,2021-04-02,0.02,0.00,0.00,0.00,0.00,0.00,0.00,inferred
Amber Valley,2021-04-03,0.02,0.00,0.00,0.00,0.00,0.00,0.00,inferred
Amber Valley,2021-04-04,0.02,0.00,0.00,0.00,0.00,0.00,0.00,inferred
Amber Valley,2021-04-05,0.02,0.00,0.00,0.00,0.00,0.00,0.00,inferred
Amber Valley,2021-04-06,0.21,0.10,0.05,0.02,0.01,0.00,0.00,inferred
Amber Valley,2021-04-07,0.21,0.10,0.05,0.02,0.01,0.00,0.00,inferred
Amber Valley,2021-04-08,0.21,0.10,0.05,0.02,0.01,0.00,0.00,inferred
Amber Valley,2021-04-09,0.21,0.10,0.05,0.02,0.01,0.00,0.00,inferred
Amber Valley,2021-04-10,0.21,0.10,0.05,0.02,0.01,0.00,0.00,inferred
Amber Valley,2021-04-11,0.21,0.10,0.05,0.02,0.01,0.00,0.00,inferred
Amber Valley,2021-04-12,0.21,0.10,0.05,0.02,0.01,0.00,0.00,inferred
Amber Valley,2021-04-13,0.60,0.45,0.30,0.18,0.10,0.01,0.00,inferred
Amber Valley,2021-04-14,0.60,0.45,0.30,0.18,0.10,0.01,0.00,inferred
Amber Valley,2021-04-15,0.60,0.45,0.30,0.18,0.10,0.01,0.00,inferred
Amber Valley,2021-04-16,0.60,0.45,0.30,0.18,0.10,0.01,0.00,inferred
Amber Valley,2021-04-17,0.60,0.45,0.30,0.18,0.10,0.01,0.00,inferred
Amber Valley,2021-04-18,0.60,0.45,0.30,0.18,0.10,0.01,0.00,inferred
Amber Valley,2021-04-19,0.60,0.45,0.30,0.18,0.10,0.01,0.00,inferred
Amber Valley,2021-04-20,0.61,0.46,0.31,0.18,0.11,0.01,0.00,inferred
Amber Valley,2021-04-21,0.61,0.46,0.31,0.18,0.11,0.01,0.00,inferred
Amber Valley,2021-04-22,0.61,0.46,0.31,0.18,0.11,0.01,0.00,inferred
Amber Valley,2021-04-23,0.61,0.46,0.31,0.18,0.11,0.01,0.00,inferred
Amber Valley,2021-04-24,0.61,0.46,0.31,0.18,0.11,0.01,0.00,inferred
Amber Valley,2021-04-25,0.61,0.46,0.31,0.18,0.11,0.01,0.00,inferred
Amber Valley,2021-04-26,0.61,0.46,0.31,0.18,0.11,0.01,0.00,inferred
Amber Valley,2021-04-27,0.77,0.63,0.49,0.35,0.24,0.06,0.00,inferred
Amber Valley,2021-04-28,0.77,0.63,0.49,0.35,0.24,0.06,0.00,inferred
Amber Valley,2021-04-29,0.77,0.63,0.49,0.35,0.24,0.06,0.00,inferred
Amber Valley,2021-04-30,0.77,0.63,0.49,0.35,0.24,0.06,0.00,inferred
Amber Valley,2021-05-01,0.77,0.63,0.49,0.35,0.24,0.06,0.00,inferred
Amber Valley,2021-05-02,0.77,0.63,0.49,0.35,0.24,0.06,0.00,inferred
Amber Valley,2021-05-03,0.77,0.63,0.49,0.35,0.24,0.06,0.00,inferred
Amber Valley,2021-05-04,0.56,0.39,0.26,0.17,0.10,0.02,0.00,inferred
Amber Valley,2021-05-05,0.56,0.39,0.26,0.17,0.10,0.02,0.00,inferred
Amber Valley,2021-05-06,0.56,0.39,0.26,0.17,0.10,0.02,0.00,inferred
Amber Valley,2021-05-07,0.56,0.39,0.26,0.17,0.10,0.02,0.00,inferred
Amber Valley,2021-05-08,0.56,0.39,0.26,0.17,0.10,0.02,0.00,inferred
Amber Valley,2021-05-09,0.56,0.39,0.26,0.17,0.10,0.02,0.00,inferred
Amber Valley,2021-05-10,0.56,0.39,0.26,0.17,0.10,0.02,0.00,inferred
Amber Valley,2021-05-11,0.65,0.48,0.34,0.22,0.13,0.03,0.00,inferred
Amber Valley,2021-05-12,0.65,0.48,0.34,0.22,0.13,0.03,0.00,inferred
Amber Valley,2021-05-13,0.65,0.48,0.34,0.22,0.13,0.03,0.00,inferred
Amber Valley,2021-05-14,0.65,0.48,0.34,0.22,0.13,0.03,0.00,inferred
Amber Valley,2021-05-15,0.65,0.48,0.34,0.22,0.13,0.03,0.00,inferred
Amber Valley,2021-05-16,0.65,0.48,0.34,0.22,0.13,0.03,0.00,inferred
Amber Valley,2021-05-17,0.65,0.48,0.34,0.22,0.13,0.03,0.00,inferred
Amber Valley,2021-05-18,0.90,0.82,0.70,0.57,0.44,0.15,0.01,inferred
Amber Valley,2021-05-19,0.90,0.82,0.70,0.57,0.44,0.15,0.01,inferred
Amber Valley,2021-05-20,0.90,0.82,0.70,0.57,0.44,0.15,0.01,inferred
Amber Valley,2021-05-21,0.90,0.82,0.70,0.57,0.44,0.15,0.01,inferred
Amber Valley,2021-05-22,0.90,0.82,0.70,0.57,0.44,0.15,0.01,inferred
Amber Valley,2021-05-23,0.90,0.82,0.70,0.57,0.44,0.15,0.01,inferred
Amber Valley,2021-05-24,0.90,0.82,0.70,0.57,0.44,0.15,0.01,inferred
Amber Valley,2021-05-25,1.00,0.99,0.97,0.94,0.90,0.66,0.22,inferred
Amber Valley,2021-05-26,1.00,0.99,0.97,0.94,0.90,0.66,0.22,inferred
Amber Valley,2021-05-27,1.00,0.99,0.97,0.94,0.90,0.66,0.22,inferred
Amber Valley,2021-05-28,1.00,0.99,0.97,0.94,0.90,0.66,0.22,inferred
Amber Valley,2021-05-29,1.00,0.99,0.97,0.94,0.90,0.66,0.22,inferred
Amber Valley,2021-05-30,1.00,0.99,0.97,0.94,0.90,0.66,0.22,inferred
Amber Valley,2021-05-31,1.00,0.99,0.97,0.94,0.90,0.66,0.22,inferred
Amber Valley,2021-06-01,1.00,1.00,1.00,1.00,1.00,0.97,0.76,inferred
Amber Valley,2021-06-02,1.00,1.00,1.00,1.00,1.00,0.97,0.76,inferred
Amber Valley,2021-06-03,1.00,1.00,1.00,1.00,1.00,0.97,0.76,inferred
Amber Valley,2021-06-04,1.00,1.00,1.00,1.00,1.00,0.97,0.76,inferred
Amber Valley,2021-06-05,1.00,1.00,1.00,1.00,1.00,0.97,0.76,inferred
Amber Valley,2021-06-06,1.00,1.00,1.00,1.00,1.00,0.97,0.76,inferred
Amber Valley,2021-06-07,1.00,1.00,1.00,1.00,1.00,0.97,0.76,inferred
Amber Valley,2021-06-08,1.00,1.00,1.00,1.00,1.00,0.99,0.84,inferred
Amber Valley,2021-06-09,1.00,1.00,1.00,1.00,1.00,0.99,0.84,inferred
Amber Valley,2021-06-10,1.00,1.00,1.00,1.00,1.00,0.99,0.84,inferred
Amber Valley,2021-06-11,1.00,1.00,1.00,1.00,1.00,0.99,0.84,inferred
Amber Valley,2021-06-12,1.00,1.00,1.00,1.00,1.00,0.99,0.84,inferred
Amber Valley,2021-06-13,1.00,1.00,1.00,1.00,1.00,0.99,0.84,inferred
Amber Valley,2021-06-14,1.00,1.00,1.00,1.00,1.00,0.99,0.84,inferred
Amber Valley,2021-06-15,1.00,1.00,1.00,1.00,1.00,0.96,0.64,inferred
Amber Valley,2021-06-16,1.00,1.00,1.00,1.00,1.00,0.96,0.64,inferred
Amber Valley,2021-06-17,1.00,1.00,1.00,1.00,1.00,0.96,0.64,inferred
Amber Valley,2021-06-18,1.00,1.00,1.00,1.00,1.00,0.96,0.64,inferred
Amber Valley,2021-06-19,1.00,1.00,1.00,1.00,1.00,0.96,0.64,inferred
Amber Valley,2021-06-20,1.00,1.00,1.00,1.00,1.00,0.96,0.64,inferred
Amber Valley,2021-06-21,1.00,1.00,1.00,1.00,1.00,0.96,0.64,inferred
Amber Valley,2021-06-22,1.00,1.00,1.00,1.00,1.00,0.95,0.43,inferred
Amber Valley,2021-06-23,1.00,1.00,1.00,1.00,1.00,0.95,0.43,inferred
Amber Valley,2021-06-24,1.00,1.00,1.00,1.00,1.00,0.95,0.43,inferred
Amber Valley,2021-06-25,1.00,1.00,1.00,1.00,1.00,0.95,0.43,inferred
Amber Valley,2021-06-26,1.00,1.00,1.00,1.00,1.00,0.95,0.43,inferred
Amber Valley,2021-06-27,1.00,1.00,1.00,1.00,1.00,0.95,0.43,inferred
Amber Valley,2021-06-28,1.00,1.00,1.00,1.00,1.00,0.95,0.43,inferred
Amber Valley,2021-06-29,1.00,1.00,1.00,1.00,0.99,0.88,0.41,inferred
Amber Valley,2021-06-30,1.00,1.00,1.00,1.00,0.99,0.88,0.41,inferred
Amber Valley,2021-07-01,1.00,1.00,1.00,1.00,0.99,0.88,0.41,inferred
Amber Valley,2021-07-02,1.00,1.00,1.00,1.00,0.99,0.88,0.41,inferred
Amber Valley,2021-07-03,1.00,1.00,1.00,1.00,0.99,0.88,0.41,inferred
Amber Valley,2021-07-04,1.00,1.00,1.00,1.00,0.99,0.88,0.41,inferred
Amber Valley,2021-07-05,1.00,1.00,1.00,1.00,0.99,0.88,0.41,inferred
Amber Valley,2021-07-06,1.00,0.98,0.97,0.93,0.88,0.67,0.31,projected
Amber Valley,2021-07-07,1.00,0.98,0.97,0.93,0.88,0.67,0.31,projected
Amber Valley,2021-07-08,1.00,0.98,0.97,0.93,0.88,0.67,0.31,projected
Amber Valley,2021-07-09,1.00,0.98,0.97,0.93,0.88,0.67,0.31,projected
Amber Valley,2021-07-10,1.00,0.98,0.97,0.93,0.88,0.67,0.31,projected
Amber Valley,2021-07-11,1.00,0.98,0.97,0.93,0.88,0.67,0.31,projected
Amber Valley,2021-07-12,1.00,0.98,0.97,0.93,0.88,0.67,0.31,projected
Amber Valley,2021-07-13,0.98,0.96,0.92,0.88,0.81,0.59,0.29,projected
Amber Valley,2021-07-14,0.98,0.96,0.92,0.88,0.81,0.59,0.29,projected
Amber Valley,2021-07-15,0.98,0.96,0.92,0.88,0.81,0.59,0.29,projected
Amber Valley,2021-07-16,0.98,0.96,0.92,0.88,0.81,0.59,0.29,projected
Amber Valley,2021-07-17,0.98,0.96,0.92,0.88,0.81,0.59,0.29,projected
Amber Valley,2021-07-18,0.98,0.96,0.92,0.88,0.81,0.59,0.29,projected
Amber Valley,2021-07-19,0.98,0.96,0.92,0.88,0.81,0.59,0.29,projected
Amber Valley,2021-07-20,0.98,0.95,0.90,0.85,0.78,0.56,0.26,projected
Amber Valley,2021-07-21,0.98,0.95,0.90,0.85,0.78,0.56,0.26,projected
Amber Valley,2021-07-22,0.98,0.95,0.90,0.85,0.78,0.56,0.26,projected
Amber Valley,2021-07-23,0.98,0.95,0.90,0.85,0.78,0.56,0.26,projected
Amber Valley,2021-07-24,0.98,0.95,0.90,0.85,0.78,0.56,0.26,projected
Amber Valley,2021-07-25,0.98,0.95,0.90,0.85,0.78,0.56,0.26,projected
Amber Valley,2021-07-26,0.98,0.95,0.90,0.85,0.78,0.56,0.26,projected
Angus,2021-03-23,0.44,0.17,0.05,0.01,0.00,0.00,0.00,inferred
Angus,2021-03-24,0.44,0.17,0.05,0.01,0.00,0.00,0.00,inferred
Angus,2021-03-25,0.44,0.17,0.05,0.01,0.00,0.00,0.00,inferred
Angus,2021-03-26,0.44,0.17,0.05,0.01,0.00,0.00,0.00,inferred
Angus,2021-03-27,0.44,0.17,0.05,0.01,0.00,0.00,0.00,inferred
Angus,2021-03-28,0.44,0.17,0.05,0.01,0.00,0.00,0.00,inferred
Angus,2021-03-29,0.44,0.17,0.05,0.01,0.00,0.00,0.00,inferred
Angus,2021-03-30,0.14,0.05,0.01,0.00,0.00,0.00,0.00,inferred
Angus,2021-03-31,0.14,0.05,0.01,0.00,0.00,0.00,0.00,inferred
Angus,2021-04-01,0.14,0.05,0.01,0.00,0.00,0.00,0.00,inferred
Angus,2021-04-02,0.14,0.05,0.01,0.00,0.00,0.00,0.00,inferred
Angus,2021-04-03,0.14,0.05,0.01,0.00,0.00,0.00,0.00,inferred
Angus,2021-04-04,0.14,0.05,0.01,0.00,0.00,0.00,0.00,inferred
Angus,2021-04-05,0.14,0.05,0.01,0.00,0.00,0.00,0.00,inferred
Angus,2021-04-06,0.42,0.22,0.08,0.03,0.01,0.00,0.00,inferred
Angus,2021-04-07,0.42,0.22,0.08,0.03,0.01,0.00,0.00,inferred
Angus,2021-04-08,0.42,0.22,0.08,0.03,0.01,0.00,0.00,inferred
Angus,2021-04-09,0.42,0.22,0.08,0.03,0.01,0.00,0.00,inferred
Angus,2021-04-10,0.42,0.22,0.08,0.03,0.01,0.00,0.00,inferred
Angus,2021-04-11,0.42,0.22,0.08,0.03,0.01,0.00,0.00,inferred
Angus,2021-04-12,0.42,0.22,0.08,0.03,0.01,0.00,0.00,inferred
Angus,2021-04-13,0.48,0.24,0.10,0.03,0.01,0.00,0.00,inferred
Angus,2021-04-14,0.48,0.24,0.10,0.03,0.01,0.00,0.00,inferred
Angus,2021-04-15,0.48,0.24,0.10,0.03,0.01,0.00,0.00,inferred
Angus,2021-04-16,0.48,0.24,0.10,0.03,0.01,0.00,0.00,inferred
Angus,2021-04-17,0.48,0.24,0.10,0.03,0.01,0.00,0.00,inferred
Angus,2021-04-18,0.48,0.24,0.10,0.03,0.01,0.00,0.00,inferred
Angus,2021-04-19,0.48,0.24,0.10,0.03,0.01,0.00,0.00,inferred
Angus,2021-04-20,0.19,0.07,0.03,0.01,0.00,0.00,0.00,inferred
Angus,2021-04-21,0.19,0.07,0.03,0.01,0.00,0.00,0.00,inferred
Angus,2021-04-22,0.19,0.07,0.03,0.01,0.00,0.00,0.00,inferred
Angus,2021-04-23,0.19,0.07,0.03,0.01,0.00,0.00,0.00,inferred
Angus,2021-04-24,0.19,0.07,0.03,0.01,0.00,0.00,0.00,inferred
Angus,2021-04-25,0.19,0.07,0.03,0.01,0.00,0.00,0.00,inferred
Angus,2021-04-26,0.19,0.07,0.03,0.01,0.00,0.00,0.00,inferred
Angus,2021-04-27,0.59,0.42,0.25,0.13,0.06,0.00,0.00,inferred
Angus,2021-04-28,0.59,0.42,0.25,0.13,0.06,0.00,0.00,inferred
Angus,2021-04-29,0.59,0.42,0.25,0.13,0.06,0.00,0.00,inferred
Angus,2021-04-30,0.59,0.42,0.25,0.13,0.06,0.00,0.00,inferred
Angus,2021-05-01,0.59,0.42,0.25,0.13,0.06,0.00,0.00,inferred
Angus,2021-05-02,0.59,0.42,0.25,0.13,0.06,0.00,0.00,inferred
Angus,2021-05-03,0.59,0.42,0.25,0.13,0.06,0.00,0.00,inferred
Angus,2021-05-04,0.98,0.95,0.89,0.78,0.64,0.22,0.01,inferred
Angus,2021-05-05,0.98,0.95,0.89,0.78,0.64,0.22,0.01,inferred
Angus,2021-05-06,0.98,0.95,0.89,0.78,0.64,0.22,0.01,inferred
Angus,2021-05-07,0.98,0.95,0.89,0.78,0.64,0.22,0.01,inferred
Angus,2021-05-08,0.98,0.95,0.89,0.78,0.64,0.22,0.01,inferred
Angus,2021-05-09,0.98,0.95,0.89,0.78,0.64,0.22,0.01,inferred
Angus,2021-05-10,0.98,0.95,0.89,0.78,0.64,0.22,0.01,inferred
Angus,2021-05-11,1.00,0.99,0.98,0.94,0.88,0.55,0.08,inferred
Angus,2021-05-12,1.00,0.99,0.98,0.94,0.88,0.55,0.08,inferred
Angus,2021-05-13,1.00,0.99,0.98,0.94,0.88,0.55,0.08,inferred
Angus,2021-05-14,1.00,0.99,0.98,0.94,0.88,0.55,0.08,inferred
Angus,2021-05-15,1.00,0.99,0.98,0.94,0.88,0.55,0.08,inferred
Angus,2021-05-16,1.00,0.99,0.98,0.94,0.88,0.55,0.08,inferred
Angus,2021-05-17,1.00,0.99,0.98,0.94,0.88,0.55,0.08,inferred
Angus,2021-05-18,1.00,1.00,1.00,1.00,0.99,0.90,0.44,inferred
Angus,2021-05-19,1.00,1.00,1.00,1.00,0.99,0.90,0.44,inferred
Angus,2021-05-20,1.00,1.00,1.00,1.00,0.99,0.90,0.44,inferred
Angus,2021-05-21,1.00,1.00,1.00,1.00,0.99,0.90,0.44,inferred
Angus,2021-05-22,1.00,1.00,1.00,1.00,0.99,0.90,0.44,inferred
Angus,2021-05-23,1.00,1.00,1.00,1.00,0.99,0.90,0.44,inferred
Angus,2021-05-24,1.00,1.00,1.00,1.00,0.99,0.90,0.44,inferred
Angus,2021-05-25,1.00,1.00,1.00,1.00,1.00,1.00,0.86,inferred
Angus,2021-05-26,1.00,1.00,1.00,1.00,1.00,1.00,0.86,inferred
Angus,2021-05-27,1.00,1.00,1.00,1.00,1.00,1.00,0.86,inferred
Angus,2021-05-28,1.00,1.00,1.00,1.00,1.00,1.00,0.86,inferred
Angus,2021-05-29,1.00,1.00,1.00,1.00,1.00,1.00,0.86,inferred
Angus,2021-05-30,1.00,1.00,1.00,1.00,1.00,1.00,0.86,inferred
Angus,2021-05-31,1.00,1.00,1.00,1.00,1.00,1.00,0.86,inferred
Angus,2021-06-01,1.00,1.00,1.00,0.98,0.92,0.60,0.08,inferred
Angus,2021-06-02,1.00,1.00,1.00,0.98,0.92,0.60,0.08,inferred
Angus,2021-06-03,1.00,1.00,1.00,0.98,0.92,0.60,0.08,inferred
Angus,2021-06-04,1.00,1.00,1.00,0.98,0.92,0.60,0.08,inferred
Angus,2021-06-05,1.00,1.00,1.00,0.98,0.92,0.60,0.08,inferred
Angus,2021-06-06,1.00,1.00,1.00,0.98,0.92,0.60,0.08,inferred
Angus,2021-06-07,1.00,1.00,1.00,0.98,0.92,0.60,0.08,inferred
Angus,2021-06-08,0.91,0.67,0.36,0.13,0.04,0.00,0.00,inferred
Angus,2021-06-09,0.91,0.67,0.36,0.13,0.04,0.00,0.00,inferred
Angus,2021-06-10,0.91,0.67,0.36,0.13,0.04,0.00,0.00,inferred
Angus,2021-06-11,0.91,0.67,0.36,0.13,0.04,0.00,0.00,inferred
Angus,2021-06-12,0.91,0.67,0.36,0.13,0.04,0.00,0.00,inferred
Angus,2021-06-13,0.91,0.67,0.36,0.13,0.04,0.00,0.00,inferred
Angus,2021-06-14,0.91,0.67,0.36,0.13,0.04,0.00,0.00,inferred
Angus,2021-06-15,1.00,1.00,1.00,1.00,1.00,1.00,0.62,inferred
Angus,2021-06-16,1.00,1.00,1.00,1.00,1.00,1.00,0.62,inferred
Angus,2021-06-17,1.00,1.00,1.00,1.00,1.00,1.00,0.62,inferred
Angus,2021-06-18,1.00,1.00,1.00,1.00,1.00,1.00,0.62,inferred
Angus,2021-06-19,1.00,1.00,1.00,1.00,1.00,1.00,0.62,inferred
Angus,2021-06-20,1.00,1.00,1.00,1.00,1.00,1.00,0.62,inferred
Angus,2021-06-21,1.00,1.00,1.00,1.00,1.00,1.00,0.62,inferred
Angus,2021-06-22,1.00,1.00,1.00,1.00,1.00,0.86,0.22,inferred
Angus,2021-06-23,1.00,1.00,1.00,1.00,1.00,0.86,0.22,inferred
Angus,2021-06-24,1.00,1.00,1.00,1.00,1.00,0.86,0.22,inferred
Angus,2021-06-25,1.00,1.00,1.00,1.00,1.00,0.86,0.22,inferred
Angus,2021-06-26,1.00,1.00,1.00,1.00,1.00,0.86,0.22,inferred
Angus,2021-06-27,1.00,1.00,1.00,1.00,1.00,0.86,0.22,inferred
Angus,2021-06-28,1.00,1.00,1.00,1.00,1.00,0.86,0.22,inferred
Angus,2021-06-29,0.19,0.08,0.03,0.01,0.00,0.00,0.00,inferred
Angus,2021-06-30,0.19,0.08,0.03,0.01,0.00,0.00,0.00,inferred
Angus,2021-07-01,0.19,0.08,0.03,0.01,0.00,0.00,0.00,inferred
Angus,2021-07-02,0.19,0.08,0.03,0.01,0.00,0.00,0.00,inferred
Angus,2021-07-03,0.19,0.08,0.03,0.01,0.00,0.00,0.00,inferred
Angus,2021-07-04,0.19,0.08,0.03,0.01,0.00,0.00,0.00,inferred
Angus,2021-07-05,0.19,0.08,0.03,0.01,0.00,0.00,0.00,inferred
Angus,2021-07-06,0.36,0.27,0.20,0.14,0.10,0.04,0.01,projected
Angus,2021-07-07,0.36,0.27,0.20,0.14,0.10,0.04,0.01,projected
Angus,2021-07-08,0.36,0.27,0.20,0.14,0.10,0.04,0.01,projected
Angus,2021-07-09,0.36,0.27,0.20,0.14,0.10,0.04,0.01,projected
Angus,2021-07-10,0.36,0.27,0.20,0.14,0.10,0.04,0.01,projected
Angus,2021-07-11,0.36,0.27,0.20,0.14,0.10,0.04,0.01,projected
Angus,2021-07-12,0.36,0.27,0.20,0.14,0.10,0.04,0.01,projected
Angus,2021-07-13,0.40,0.33,0.27,0.22,0.18,0.09,0.04,projected
Angus,2021-07-14,0.40,0.33,0.27,0.22,0.18,0.09,0.04,projected
Angus,2021-07-15,0.40,0.33,0.27,0.22,0.18,0.09,0.04,projected
Angus,2021-07-16,0.40,0.33,0.27,0.22,0.18,0.09,0.04,projected
Angus,2021-07-17,0.40,0.33,0.27,0.22,0.18,0.09,0.04,projected
Angus,2021-07-18,0.40,0.33,0.27,0.22,0.18,0.09,0.04,projected
Angus,2021-07-19,0.40,0.33,0.27,0.22,0.18,0.09,0.04,projected
Angus,2021-07-20,0.45,0.39,0.32,0.27,0.23,0.13,0.06,projected
Angus,2021-07-21,0.45,0.39,0.32,0.27,0.23,0.13,0.06,projected
Angus,2021-07-22,0.45,0.39,0.32,0.27,0.23,0.13,0.06,projected
Angus,2021-07-23,0.45,0.39,0.32,0.27,0.23,0.13,0.06,projected
Angus,2021-07-24,0.45,0.39,0.32,0.27,0.23,0.13,0.06,projected
Angus,2021-07-25,0.45,0.39,0.32,0.27,0.23,0.13,0.06,projected
Angus,2021-07-26,0.45,0.39,0.32,0.27,0.23,0.13,0.06,projected
Argyll and Bute,2021-03-23,0.92,0.82,0.65,0.46,0.29,0.03,0.00,inferred
Argyll and Bute,2021-03-24,0.92,0.82,0.65,0.46,0.29,0.03,0.00,inferred
Argyll and Bute,2021-03-25,0.92,0.82,0.65,0.46,0.29,0.03,0.00,inferred
Argyll and Bute,2021-03-26,0.92,0.82,0.65,0.46,0.29,0.03,0.00,inferred
Argyll and Bute,2021-03-27,0.92,0.82,0.65,0.46,0.29,0.03,0.00,inferred
Argyll and Bute,2021-03-28,0.92,0.82,0.65,0.46,0.29,0.03,0.00,inferred
Argyll and Bute,2021-03-29,0.92,0.82,0.65,0.46,0.29,0.03,0.00,inferred
Argyll and Bute,2021-03-30,0.74,0.58,0.38,0.22,0.12,0.01,0.00,inferred
Argyll and Bute,2021-03-31,0.74,0.58,0.38,0.22,0.12,0.01,0.00,inferred
Argyll and Bute,2021-04-01,0.74,0.58,0.38,0.22,0.12,0.01,0.00,inferred
Argyll and Bute,2021-04-02,0.74,0.58,0.38,0.22,0.12,0.01,0.00,inferred
Argyll and Bute,2021-04-03,0.74,0.58,0.38,0.22,0.12,0.01,0.00,inferred
Argyll and Bute,2021-04-04,0.74,0.58,0.38,0.22,0.12,0.01,0.00,inferred
Argyll and Bute,2021-04-05,0.74,0.58,0.38,0.22,0.12,0.01,0.00,inferred
Argyll and Bute,2021-04-06,0.83,0.68,0.50,0.33,0.20,0.03,0.00,inferred
Argyll and Bute,2021-04-07,0.83,0.68,0.50,0.33,0.20,0.03,0.00,inferred
Argyll and Bute,2021-04-08,0.83,0.68,0.50,0.33,0.20,0.03,0.00,inferred
Argyll and Bute,2021-04-09,0.83,0.68,0.50,0.33,0.20,0.03,0.00,inferred
Argyll and Bute,2021-04-10,0.83,0.68,0.50,0.33,0.20,0.03,0.00,inferred
Argyll and Bute,2021-04-11,0.83,0.68,0.50,0.33,0.20,0.03,0.00,inferred
Argyll and Bute,2021-04-12,0.83,0.68,0.50,0.33,0.20,0.03,0.00,inferred
Argyll and Bute,2021-04-13,0.37,0.22,0.11,0.05,0.02,0.00,0.00,inferred
Argyll and Bute,2021-04-14,0.37,0.22,0.11,0.05,0.02,0.00,0.00,inferred
Argyll and Bute,2021-04-15,0.37,0.22,0.11,0.05,0.02,0.00,0.00,inferred
Argyll and Bute,2021-04-16,0.37,0.22,0.11,0.05,0.02,0.00,0.00,inferred
Argyll and Bute,2021-04-17,0.37,0.22,0.11,0.05,0.02,0.00,0.00,inferred
Argyll and Bute,2021-04-18,0.37,0.22,0.11,0.05,0.02,0.00,0.00,inferred
Argyll and Bute,2021-04-19,0.37,0.22,0.11,0.05,0.02,0.00,0.00,inferred
Argyll and Bute,2021-04-20,0.52,0.33,0.19,0.11,0.06,0.01,0.00,inferred
Argyll and Bute,2021-04-21,0.52,0.33,0.19,0.11,0.06,0.01,0.00,inferred
Argyll and Bute,2021-04-22,0.52,0.33,0.19,0.11,0.06,0.01,0.00,inferred
Argyll and Bute,2021-04-23,0.52,0.33,0.19,0.11,0.06,0.01,0.00,inferred
Argyll and Bute,2021-04-24,0.52,0.33,0.19,0.11,0.06,0.01,0.00,inferred
Argyll and Bute,2021-04-25,0.52,0.33,0.19,0.11,0.06,0.01,0.00,inferred
Argyll and Bute,2021-04-26,0.52,0.33,0.19,0.11,0.06,0.01,0.00,inferred
Argyll and Bute,2021-04-27,0.45,0.28,0.15,0.08,0.05,0.01,0.00,inferred
Argyll and Bute,2021-04-28,0.45,0.28,0.15,0.08,0.05,0.01,0.00,inferred
Argyll and Bute,2021-04-29,0.45,0.28,0.15,0.08,0.05,0.01,0.00,inferred
Argyll and Bute,2021-04-30,0.45,0.28,0.15,0.08,0.05,0.01,0.00,inferred
Argyll and Bute,2021-05-01,0.45,0.28,0.15,0.08,0.05,0.01,0.00,inferred
Argyll and Bute,2021-05-02,0.45,0.28,0.15,0.08,0.05,0.01,0.00,inferred
Argyll and Bute,2021-05-03,0.45,0.28,0.15,0.08,0.05,0.01,0.00,inferred
Argyll and Bute,2021-05-04,0.70,0.52,0.37,0.24,0.14,0.01,0.00,inferred
Argyll and Bute,2021-05-05,0.70,0.52,0.37,0.24,0.14,0.01,0.00,inferred
Argyll and Bute,2021-05-06,0.70,0.52,0.37,0.24,0.14,0.01,0.00,inferred
Argyll and Bute,2021-05-07,0.70,0.52,0.37,0.24,0.14,0.01,0.00,inferred
Argyll and Bute,2021-05-08,0.70,0.52,0.37,0.24,0.14,0.01,0.00,inferred
Argyll and Bute,2021-05-09,0.70,0.52,0.37,0.24,0.14,0.01,0.00,inferred
Argyll and Bute,2021-05-10,0.70,0.52,0.37,0.24,0.14,0.01,0.00,inferred
Argyll and Bute,2021-05-11,0.97,0.93,0.87,0.79,0.68,0.31,0.04,inferred
Argyll and Bute,2021-05-12,0.97,0.93,0.87,0.79,0.68,0.31,0.04,inferred
Argyll and Bute,2021-05-13,0.97,0.93,0.87,0.79,0.68,0.31,0.04,inferred
Argyll and Bute,2021-05-14,0.97,0.93,0.87,0.79,0.68,0.31,0.04,inferred
Argyll and Bute,2021-05-15,0.97,0.93,0.87,0.79,0.68,0.31,0.04,inferred
Argyll and Bute,2021-05-16,0.97,0.93,0.87,0.79,0.68,0.31,0.04,inferred
Argyll and Bute,2021-05-17,0.97,0.93,0.87,0.79,0.68,0.31,0.04,inferred
Argyll and Bute,2021-05-18,1.00,1.00,1.00,1.00,0.99,0.91,0.52,inferred
Argyll and Bute,2021-05-19,1.00,1.00,1.00,1.00,0.99,0.91,0.52,inferred
Argyll and Bute,2021-05-20,1.00,1.00,1.00,1.00,0.99,0.91,0.52,inferred
Argyll and Bute,2021-05-21,1.00,1.00,1.00,1.00,0.99,0.91,0.52,inferred
Argyll and Bute,2021-05-22,1.00,1.00,1.00,1.00,0.99,0.91,0.52,inferred
Argyll and Bute,2021-05-23,1.00,1.00,1.00,1.00,0.99,0.91,0.52,inferred
Argyll and Bute,2021-05-24,1.00,1.00,1.00,1.00,0.99,0.91,0.52,inferred
Argyll and Bute,2021-05-25,1.00,0.98,0.96,0.91,0.83,0.54,0.13,inferred
Argyll and Bute,2021-05-26,1.00,0.98,0.96,0.91,0.83,0.54,0.13,inferred
Argyll and Bute,2021-05-27,1.00,0.98,0.96,0.91,0.83,0.54,0.13,inferred
Argyll and Bute,2021-05-28,1.00,0.98,0.96,0.91,0.83,0.54,0.13,inferred
Argyll and Bute,2021-05-29,1.00,0.98,0.96,0.91,0.83,0.54,0.13,inferred
Argyll and Bute,2021-05-30,1.00,0.98,0.96,0.91,0.83,0.54,0.13,inferred
Argyll and Bute,2021-05-31,1.00,0.98,0.96,0.91,0.83,0.54,0.13,inferred
Argyll and Bute,2021-06-01,0.88,0.74,0.55,0.37,0.22,0.04,0.00,inferred
Argyll and Bute,2021-06-02,0.88,0.74,0.55,0.37,0.22,0.04,0.00,inferred
Argyll and Bute,2021-06-03,0.88,0.74,0.55,0.37,0.22,0.04,0.00,inferred
Argyll and Bute,2021-06-04,0.88,0.74,0.55,0.37,0.22,0.04,0.00,inferred
Argyll and Bute,2021-06-05,0.88,0.74,0.55,0.37,0.22,0.04,0.00,inferred
Argyll and Bute,2021-06-06,0.88,0.74,0.55,0.37,0.22,0.04,0.00,inferred
Argyll and Bute,2021-06-07,0.88,0.74,0.55,0.37,0.22,0.04,0.00,inferred
Argyll and Bute,2021-06-08,1.00,1.00,1.00,1.00,1.00,0.97,0.57,inferred
Argyll and Bute,2021-06-09,1.00,1.00,1.00,1.00,1.00,0.97,0.57,inferred
Argyll and Bute,2021-06-10,1.00,1.00,1.00,1.00,1.00,0.97,0.57,inferred
Argyll and Bute,2021-06-11,1.00,1.00,1.00,1.00,1.00,0.97,0.57,inferred
Argyll and Bute,2021-06-12,1.00,1.00,1.00,1.00,1.00,0.97,0.57,inferred
Argyll and Bute,2021-06-13,1.00,1.00,1.00,1.00,1.00,0.97,0.57,inferred
Argyll and Bute,2021-06-14,1.00,1.00,1.00,1.00,1.00,0.97,0.57,inferred
Argyll and Bute,2021-06-15,1.00,1.00,1.00,1.00,1.00,1.00,0.96,inferred
Argyll and Bute,2021-06-16,1.00,1.00,1.00,1.00,1.00,1.00,0.96,inferred
Argyll and Bute,2021-06-17,1.00,1.00,1.00,1.00,1.00,1.00,0.96,inferred
Argyll and Bute,2021-06-18,1.00,1.00,1.00,1.00,1.00,1.00,0.96,inferred
Argyll and Bute,2021-06-19,1.00,1.00,1.00,1.00,1.00,1.00,0.96,inferred
Argyll and Bute,2021-06-20,1.00,1.00,1.00,1.00,1.00,1.00,0.96,inferred
Argyll and Bute,2021-06-21,1.00,1.00,1.00,1.00,1.00,1.00,0.96,inferred
Argyll and Bute,2021-06-22,1.00,1.00,1.00,1.00,0.96,0.70,0.16,inferred
Argyll and Bute,2021-06-23,1.00,1.00,1.00,1.00,0.96,0.70,0.16,inferred
Argyll and Bute,2021-06-24,1.00,1.00,1.00,1.00,0.96,0.70,0.16,inferred
Argyll and Bute,2021-06-25,1.00,1.00,1.00,1.00,0.96,0.70,0.16,inferred
Argyll and Bute,2021-06-26,1.00,1.00,1.00,1.00,0.96,0.70,0.16,inferred
Argyll and Bute,2021-06-27,1.00,1.00,1.00,1.00,0.96,0.70,0.16,inferred
Argyll and Bute,2021-06-28,1.00,1.00,1.00,1.00,0.96,0.70,0.16,inferred
Argyll and Bute,2021-06-29,0.63,0.43,0.29,0.18,0.10,0.01,0.00,inferred
Argyll and Bute,2021-06-30,0.63,0.43,0.29,0.18,0.10,0.01,0.00,inferred
Argyll and Bute,2021-07-01,0.63,0.43,0.29,0.18,0.10,0.01,0.00,inferred
Argyll and Bute,2021-07-02,0.63,0.43,0.29,0.18,0.10,0.01,0.00,inferred
Argyll and Bute,2021-07-03,0.63,0.43,0.29,0.18,0.10,0.01,0.00,inferred
Argyll and Bute,2021-07-04,0.63,0.43,0.29,0.18,0.10,0.01,0.00,inferred
Argyll and Bute,2021-07-05,0.63,0.43,0.29,0.18,0.10,0.01,0.00,inferred
Argyll and Bute,2021-07-06,0.59,0.48,0.38,0.31,0.25,0.13,0.03,projected
Argyll and Bute,2021-07-07,0.59,0.48,0.38,0.31,0.25,0.13,0.03,projected
Argyll and Bute,2021-07-08,0.59,0.48,0.38,0.31,0.25,0.13,0.03,projected
Argyll and Bute,2021-07-09,0.59,0.48,0.38,0.31,0.25,0.13,0.03,projected
Argyll and Bute,2021-07-10,0.59,0.48,0.38,0.31,0.25,0.13,0.03,projected
Argyll and Bute,2021-07-11,0.59,0.48,0.38,0.31,0.25,0.13,0.03,projected
Argyll and Bute,2021-07-12,0.59,0.48,0.38,0.31,0.25,0.13,0.03,projected
Argyll and Bute,2021-07-13,0.58,0.50,0.43,0.37,0.31,0.18,0.08,projected
Argyll and Bute,2021-07-14,0.58,0.50,0.43,0.37,0.31,0.18,0.08,projected
Argyll and Bute,2021-07-15,0.58,0.50,0.43,0.37,0.31,0.18,0.08,projected
Argyll and Bute,2021-07-16,0.58,0.50,0.43,0.37,0.31,0.18,0.08,projected
Argyll and Bute,2021-07-17,0.58,0.50,0.43,0.37,0.31,0.18,0.08,projected
Argyll and Bute,2021-07-18,0.58,0.50,0.43,0.37,0.31,0.18,0.08,projected
Argyll and Bute,2021-07-19,0.58,0.50,0.43,0.37,0.31,0.18,0.08,projected
Argyll and Bute,2021-07-20,0.60,0.53,0.46,0.40,0.34,0.21,0.12,projected
Argyll and Bute,2021-07-21,0.60,0.53,0.46,0.40,0.34,0.21,0.12,projected
Argyll and Bute,2021-07-22,0.60,0.53,0.46,0.40,0.34,0.21,0.12,projected
Argyll and Bute,2021-07-23,0.60,0.53,0.46,0.40,0.34,0.21,0.12,projected
Argyll and Bute,2021-07-24,0.60,0.53,0.46,0.40,0.34,0.21,0.12,projected
Argyll and Bute,2021-07-25,0.60,0.53,0.46,0.40,0.34,0.21,0.12,projected
Argyll and Bute,2021-07-26,0.60,0.53,0.46,0.40,0.34,0.21,0.12,projected
Arun,2021-03-23,0.34,0.12,0.03,0.01,0.00,0.00,0.00,inferred
Arun,2021-03-24,0.34,0.12,0.03,0.01,0.00,0.00,0.00,inferred
Arun,2021-03-25,0.34,0.12,0.03,0.01,0.00,0.00,0.00,inferred
Arun,2021-03-26,0.34,0.12,0.03,0.01,0.00,0.00,0.00,inferred
Arun,2021-03-27,0.34,0.12,0.03,0.01,0.00,0.00,0.00,inferred
Arun,2021-03-28,0.34,0.12,0.03,0.01,0.00,0.00,0.00,inferred
Arun,2021-03-29,0.34,0.12,0.03,0.01,0.00,0.00,0.00,inferred
Arun,2021-03-30,0.84,0.63,0.38,0.17,0.06,0.00,0.00,inferred
Arun,2021-03-31,0.84,0.63,0.38,0.17,0.06,0.00,0.00,inferred
Arun,2021-04-01,0.84,0.63,0.38,0.17,0.06,0.00,0.00,inferred
Arun,2021-04-02,0.84,0.63,0.38,0.17,0.06,0.00,0.00,inferred
Arun,2021-04-03,0.84,0.63,0.38,0.17,0.06,0.00,0.00,inferred
Arun,2021-04-04,0.84,0.63,0.38,0.17,0.06,0.00,0.00,inferred
Arun,2021-04-05,0.84,0.63,0.38,0.17,0.06,0.00,0.00,inferred
Arun,2021-04-06,0.45,0.22,0.09,0.03,0.01,0.00,0.00,inferred
Arun,2021-04-07,0.45,0.22,0.09,0.03,0.01,0.00,0.00,inferred
Arun,2021-04-08,0.45,0.22,0.09,0.03,0.01,0.00,0.00,inferred
Arun,2021-04-09,0.45,0.22,0.09,0.03,0.01,0.00,0.00,inferred
Arun,2021-04-10,0.45,0.22,0.09,0.03,0.01,0.00,0.00,inferred
Arun,2021-04-11,0.45,0.22,0.09,0.03,0.01,0.00,0.00,inferred
Arun,2021-04-12,0.45,0.22,0.09,0.03,0.01,0.00,0.00,inferred
Arun,2021-04-13,0.79,0.58,0.36,0.19,0.08,0.01,0.00,inferred
Arun,2021-04-14,0.79,0.58,0.36,0.19,0.08,0.01,0.00,inferred
Arun,2021-04-15,0.79,0.58,0.36,0.19,0.08,0.01,0.00,inferred
Arun,2021-04-16,0.79,0.58,0.36,0.19,0.08,0.01,0.00,inferred
Arun,2021-04-17,0.79,0.58,0.36,0.19,0.08,0.01,0.00,inferred
Arun,2021-04-18,0.79,0.58,0.36,0.19,0.08,0.01,0.00,inferred
Arun,2021-04-19,0.79,0.58,0.36,0.19,0.08,0.01,0.00,inferred
Arun,2021-04-20,0.74,0.53,0.32,0.17,0.07,0.00,0.00,inferred
Arun,2021-04-21,0.74,0.53,0.32,0.17,0.07,0.00,0.00,inferred
Arun,2021-04-22,0.74,0.53,0.32,0.17,0.07,0.00,0.00,inferred
Arun,2021-04-23,0.74,0.53,0.32,0.17,0.07,0.00,0.00,inferred
Arun,2021-04-24,0.74,0.53,0.32,0.17,0.07,0.00,0.00,inferred
Arun,2021-04-25,0.74,0.53,0.32,0.17,0.07,0.00,0.00,inferred
Arun,2021-04-26,0.74,0.53,0.32,0.17,0.07,0.00,0.00,inferred
Arun,2021-04-27,0.69,0.46,0.27,0.13,0.06,0.00,0.00,inferred
Arun,2021-04-28,0.69,0.46,0.27,0.13,0.06,0.00,0.00,inferred
Arun,2021-04-29,0.69,0.46,0.27,0.13,0.06,0.00,0.00,inferred
Arun,2021-04-30,0.69,0.46,0.27,0.13,0.06,0.00,0.00,inferred
Arun,2021-05-01,0.69,0.46,0.27,0.13,0.06,0.00,0.00,inferred
Arun,2021-05-02,0.69,0.46,0.27,0.13,0.06,0.00,0.00,inferred
Arun,2021-05-03,0.69,0.46,0.27,0.13,0.06,0.00,0.00,inferred
Arun,2021-05-04,0.31,0.15,0.06,0.02,0.01,0.00,0.00,inferred
Arun,2021-05-05,0.31,0.15,0.06,0.02,0.01,0.00,0.00,inferred
Arun,2021-05-06,0.31,0.15,0.06,0.02,0.01,0.00,0.00,inferred
Arun,2021-05-07,0.31,0.15,0.06,0.02,0.01,0.00,0.00,inferred
Arun,2021-05-08,0.31,0.15,0.06,0.02,0.01,0.00,0.00,inferred
Arun,2021-05-09,0.31,0.15,0.06,0.02,0.01,0.00,0.00,inferred
Arun,2021-05-10,0.31,0.15,0.06,0.02,0.01,0.00,0.00,inferred
Arun,2021-05-11,0.24,0.11,0.06,0.02,0.01,0.00,0.00,inferred
Arun,2021-05-12,0.24,0.11,0.06,0.02,0.01,0.00,0.00,inferred
Arun,2021-05-13,0.24,0.11,0.06,0.02,0.01,0.00,0.00,inferred
Arun,2021-05-14,0.24,0.11,0.06,0.02,0.01,0.00,0.00,inferred
Arun,2021-05-15,0.24,0.11,0.06,0.02,0.01,0.00,0.00,inferred
Arun,2021-05-16,0.24,0.11,0.06,0.02,0.01,0.00,0.00,inferred
Arun,2021-05-17,0.24,0.11,0.06,0.02,0.01,0.00,0.00,inferred
Arun,2021-05-18,0.96,0.91,0.82,0.70,0.55,0.17,0.01,inferred
Arun,2021-05-19,0.96,0.91,0.82,0.70,0.55,0.17,0.01,inferred
Arun,2021-05-20,0.96,0.91,0.82,0.70,0.55,0.17,0.01,inferred
Arun,2021-05-21,0.96,0.91,0.82,0.70,0.55,0.17,0.01,inferred
Arun,2021-05-22,0.96,0.91,0.82,0.70,0.55,0.17,0.01,inferred
Arun,2021-05-23,0.96,0.91,0.82,0.70,0.55,0.17,0.01,inferred
Arun,2021-05-24,0.96,0.91,0.82,0.70,0.55,0.17,0.01,inferred
Arun,2021-05-25,1.00,1.00,0.98,0.95,0.89,0.55,0.07,inferred
Arun,2021-05-26,1.00,1.00,0.98,0.95,0.89,0.55,0.07,inferred
Arun,2021-05-27,1.00,1.00,0.98,0.95,0.89,0.55,0.07,inferred
Arun,2021-05-28,1.00,1.00,0.98,0.95,0.89,0.55,0.07,inferred
Arun,2021-05-29,1.00,1.00,0.98,0.95,0.89,0.55,0.07,inferred
Arun,2021-05-30,1.00,1.00,0.98,0.95,0.89,0.55,0.07,inferred
Arun,2021-05-31,1.00,1.00,0.98,0.95,0.89,0.55,0.07,inferred
Arun,2021-06-01,1.00,1.00,1.00,1.00,0.99,0.85,0.28,inferred
Arun,2021-06-02,1.00,1.00,1.00,1.00,0.99,0.85,0.28,inferred
Arun,2021-06-03,1.00,1.00,1.00,1.00,0.99,0.85,0.28,inferred
Arun,2021-06-04,1.00,1.00,1.00,1.00,0.99,0.85,0.28,inferred
Arun,2021-06-05,1.00,1.00,1.00,1.00,0.99,0.85,0.28,inferred
Arun,2021-06-06,1.00,1.00,1.00,1.00,0.99,0.85,0.28,inferred
Arun,2021-06-07,1.00,1.00,1.00,1.00,0.99,0.85,0.28,inferred
Arun,2021-06-08,1.00,1.00,1.00,1.00,0.99,0.78,0.20,inferred
Arun,2021-06-09,1.00,1.00,1.00,1.00,0.99,0.78,0.20,inferred
Arun,2021-06-10,1.00,1.00,1.00,1.00,0.99,0.78,0.20,inferred
Arun,2021-06-11,1.00,1.00,1.00,1.00,0.99,0.78,0.20,inferred
Arun,2021-06-12,1.00,1.00,1.00,1.00,0.99,0.78,0.20,inferred
Arun,2021-06-13,1.00,1.00,1.00,1.00,0.99,0.78,0.20,inferred
Arun,2021-06-14,1.00,1.00,1.00,1.00,0.99,0.78,0.20,inferred
Arun,2021-06-15,1.00,1.00,1.00,1.00,1.00,0.86,0.19,inferred
Arun,2021-06-16,1.00,1.00,1.00,1.00,1.00,0.86,0.19,inferred
Arun,2021-06-17,1.00,1.00,1.00,1.00,1.00,0.86,0.19,inferred
Arun,2021-06-18,1.00,1.00,1.00,1.00,1.00,0.86,0.19,inferred
Arun,2021-06-19,1.00,1.00,1.00,1.00,1.00,0.86,0.19,inferred
Arun,2021-06-20,1.00,1.00,1.00,1.00,1.00,0.86,0.19,inferred
Arun,2021-06-21,1.00,1.00,1.00,1.00,1.00,0.86,0.19,inferred
Arun,2021-06-22,1.00,1.00,1.00,1.00,1.00,1.00,0.86,inferred
Arun,2021-06-23,1.00,1.00,1.00,1.00,1.00,1.00,0.86,inferred
Arun,2021-06-24,1.00,1.00,1.00,1.00,1.00,1.00,0.86,inferred
Arun,2021-06-25,1.00,1.00,1.00,1.00,1.00,1.00,0.86,inferred
Arun,2021-06-26,1.00,1.00,1.00,1.00,1.00,1.00,0.86,inferred
Arun,2021-06-27,1.00,1.00,1.00,1.00,1.00,1.00,0.86,inferred
Arun,2021-06-28,1.00,1.00,1.00,1.00,1.00,1.00,0.86,inferred
Arun,2021-06-29,1.00,1.00,1.00,1.00,1.00,0.95,0.67,inferred
Arun,2021-06-30,1.00,1.00,1.00,1.00,1.00,0.95,0.67,inferred
Arun,2021-07-01,1.00,1.00,1.00,1.00,1.00,0.95,0.67,inferred
Arun,2021-07-02,1.00,1.00,1.00,1.00,1.00,0.95,0.67,inferred
Arun,2021-07-03,1.00,1.00,1.00,1.00,1.00,0.95,0.67,inferred
Arun,2021-07-04,1.00,1.00,1.00,1.00,1.00,0.95,0.67,inferred
Arun,2021-07-05,1.00,1.00,1.00,1.00,1.00,0.95,0.67,inferred
Arun,2021-07-06,1.00,1.00,1.00,0.98,0.97,0.84,0.50,projected
Arun,2021-07-07,1.00,1.00,1.00,0.98,0.97,0.84,0.50,projected
Arun,2021-07-08,1.00,1.00,1.00,0.98,0.97,0.84,0.50,projected
Arun,2021-07-09,1.00,1.00,1.00,0.98,0.97,0.84,0.50,projected
Arun,2021-07-10,1.00,1.00,1.00,0.98,0.97,0.84,0.50,projected
Arun,2021-07-11,1.00,1.00,1.00,0.98,0.97,0.84,0.50,projected
Arun,2021-07-12,1.00,1.00,1.00,0.98,0.97,0.84,0.50,projected
Arun,2021-07-13,1.00,0.99,0.97,0.95,0.91,0.75,0.42,projected
Arun,2021-07-14,1.00,0.99,0.97,0.95,0.91,0.75,0.42,projected
Arun,2021-07-15,1.00,0.99,0.97,0.95,0.91,0.75,0.42,projected
Arun,2021-07-16,1.00,0.99,0.97,0.95,0.91,0.75,0.42,projected
Arun,2021-07-17,1.00,0.99,0.97,0.95,0.91,0.75,0.42,projected
Arun,2021-07-18,1.00,0.99,0.97,0.95,0.91,0.75,0.42,projected
Arun,2021-07-19,1.00,0.99,0.97,0.95,0.91,0.75,0.42,projected
Arun,2021-07-20,0.99,0.98,0.96,0.91,0.87,0.70,0.38,projected
Arun,2021-07-21,0.99,0.98,0.96,0.91,0.87,0.70,0.38,projected
Arun,2021-07-22,0.99,0.98,0.96,0.91,0.87,0.70,0.38,projected
Arun,2021-07-23,0.99,0.98,0.96,0.91,0.87,0.70,0.38,projected
Arun,2021-07-24,0.99,0.98,0.96,0.91,0.87,0.70,0.38,projected
Arun,2021-07-25,0.99,0.98,0.96,0.91,0.87,0.70,0.38,projected
Arun,2021-07-26,0.99,0.98,0.96,0.91,0.87,0.70,0.38,projected
Ashfield,2021-03-23,0.00,0.00,0.00,0.00,0.00,0.00,0.00,inferred
Ashfield,2021-03-24,0.00,0.00,0.00,0.00,0.00,0.00,0.00,inferred
Ashfield,2021-03-25,0.00,0.00,0.00,0.00,0.00,0.00,0.00,inferred
Ashfield,2021-03-26,0.00,0.00,0.00,0.00,0.00,0.00,0.00,inferred
Ashfield,2021-03-27,0.00,0.00,0.00,0.00,0.00,0.00,0.00,inferred
Ashfield,2021-03-28,0.00,0.00,0.00,0.00,0.00,0.00,0.00,inferred
Ashfield,2021-03-29,0.00,0.00,0.00,0.00,0.00,0.00,0.00,inferred
Ashfield,2021-03-30,0.03,0.01,0.00,0.00,0.00,0.00,0.00,inferred
Ashfield,2021-03-31,0.03,0.01,0.00,0.00,0.00,0.00,0.00,inferred
Ashfield,2021-04-01,0.03,0.01,0.00,0.00,0.00,0.00,0.00,inferred
Ashfield,2021-04-02,0.03,0.01,0.00,0.00,0.00,0.00,0.00,inferred
Ashfield,2021-04-03,0.03,0.01,0.00,0.00,0.00,0.00,0.00,inferred
Ashfield,2021-04-04,0.03,0.01,0.00,0.00,0.00,0.00,0.00,inferred
Ashfield,2021-04-05,0.03,0.01,0.00,0.00,0.00,0.00,0.00,inferred
Ashfield,2021-04-06,0.06,0.02,0.01,0.00,0.00,0.00,0.00,inferred
Ashfield,2021-04-07,0.06,0.02,0.01,0.00,0.00,0.00,0.00,inferred
Ashfield,2021-04-08,0.06,0.02,0.01,0.00,0.00,0.00,0.00,inferred
Ashfield,2021-04-09,0.06,0.02,0.01,0.00,0.00,0.00,0.00,inferred
Ashfield,2021-04-10,0.06,0.02,0.01,0.00,0.00,0.00,0.00,inferred
Ashfield,2021-04-11,0.06,0.02,0.01,0.00,0.00,0.00,0.00,inferred
Ashfield,2021-04-12,0.06,0.02,0.01,0.00,0.00,0.00,0.00,inferred
Ashfield,2021-04-13,0.53,0.33,0.18,0.09,0.05,0.00,0.00,inferred
Ashfield,2021-04-14,0.53,0.33,0.18,0.09,0.05,0.00,0.00,inferred
Ashfield,2021-04-15,0.53,0.33,0.18,0.09,0.05,0.00,0.00,inferred
Ashfield,2021-04-16,0.53,0.33,0.18,0.09,0.05,0.00,0.00,inferred
Ashfield,2021-04-17,0.53,0.33,0.18,0.09,0.05,0.00,0.00,inferred
Ashfield,2021-04-18,0.53,0.33,0.18,0.09,0.05,0.00,0.00,inferred
Ashfield,2021-04-19,0.53,0.33,0.18,0.09,0.05,0.00,0.00,inferred
Ashfield,2021-04-20,0.55,0.35,0.20,0.11,0.05,0.00,0.00,inferred
Ashfield,2021-04-21,0.55,0.35,0.20,0.11,0.05,0.00,0.00,inferred
Ashfield,2021-04-22,0.55,0.35,0.20,0.11,0.05,0.00,0.00,inferred
Ashfield,2021-04-23,0.55,0.35,0.20,0.11,0.05,0.00,0.00,inferred
Ashfield,2021-04-24,0.55,0.35,0.20,0.11,0.05,0.00,0.00,inferred
Ashfield,2021-04-25,0.55,0.35,0.20,0.11,0.05,0.00,0.00,inferred
Ashfield,2021-04-26,0.55,0.35,0.20,0.11,0.05,0.00,0.00,inferred
Ashfield,2021-04-27,0.97,0.93,0.86,0.76,0.60,0.22,0.01,inferred
Ashfield,2021-04-28,0.97,0.93,0.86,0.76,0.60,0.22,0.01,inferred
Ashfield,2021-04-29,0.97,0.93,0.86,0.76,0.60,0.22,0.01,inferred
Ashfield,2021-04-30,0.97,0.93,0.86,0.76,0.60,0.22,0.01,inferred
Ashfield,2021-05-01,0.97,0.93,0.86,0.76,0.60,0.22,0.01,inferred
Ashfield,2021-05-02,0.97,0.93,0.86,0.76,0.60,0.22,0.01,inferred
Ashfield,2021-05-03,0.97,0.93,0.86,0.76,0.60,0.22,0.01,inferred
Ashfield,2021-05-04,0.98,0.94,0.87,0.77,0.62,0.19,0.01,inferred
Ashfield,2021-05-05,0.98,0.94,0.87,0.77,0.62,0.19,0.01,inferred
Ashfield,2021-05-06,0.98,0.94,0.87,0.77,0.62,0.19,0.01,inferred
Ashfield,2021-05-07,0.98,0.94,0.87,0.77,0.62,0.19,0.01,inferred
Ashfield,2021-05-08,0.98,0.94,0.87,0.77,0.62,0.19,0.01,inferred
Ashfield,2021-05-09,0.98,0.94,0.87,0.77,0.62,0.19,0.01,inferred
Ashfield,2021-05-10,0.98,0.94,0.87,0.77,0.62,0.19,0.01,inferred
Ashfield,2021-05-11,0.65,0.44,0.27,0.14,0.05,0.00,0.00,inferred
Ashfield,2021-05-12,0.65,0.44,0.27,0.14,0.05,0.00,0.00,inferred
Ashfield,2021-05-13,0.65,0.44,0.27,0.14,0.05,0.00,0.00,inferred
Ashfield,2021-05-14,0.65,0.44,0.27,0.14,0.05,0.00,0.00,inferred
Ashfield,2021-05-15,0.65,0.44,0.27,0.14,0.05,0.00,0.00,inferred
Ashfield,2021-05-16,0.65,0.44,0.27,0.14,0.05,0.00,0.00,inferred
Ashfield,2021-05-17,0.65,0.44,0.27,0.14,0.05,0.00,0.00,inferred
Ashfield,2021-05-18,0.62,0.42,0.24,0.13,0.06,0.00,0.00,inferred
Ashfield,2021-05-19,0.62,0.42,0.24,0.13,0.06,0.00,0.00,inferred
Ashfield,2021-05-20,0.62,0.42,0.24,0.13,0.06,0.00,0.00,inferred
Ashfield,2021-05-21,0.62,0.42,0.24,0.13,0.06,0.00,0.00,inferred
Ashfield,2021-05-22,0.62,0.42,0.24,0.13,0.06,0.00,0.00,inferred
Ashfield,2021-05-23,0.62,0.42,0.24,0.13,0.06,0.00,0.00,inferred
Ashfield,2021-05-24,0.62,0.42,0.24,0.13,0.06,0.00,0.00,inferred
Ashfield,2021-05-25,1.00,0.99,0.98,0.95,0.89,0.50,0.05,inferred
Ashfield,2021-05-26,1.00,0.99,0.98,0.95,0.89,0.50,0.05,inferred
Ashfield,2021-05-27,1.00,0.99,0.98,0.95,0.89,0.50,0.05,inferred
Ashfield,2021-05-28,1.00,0.99,0.98,0.95,0.89,0.50,0.05,inferred
Ashfield,2021-05-29,1.00,0.99,0.98,0.95,0.89,0.50,0.05,inferred
Ashfield,2021-05-30,1.00,0.99,0.98,0.95,0.89,0.50,0.05,inferred
Ashfield,2021-05-31,1.00,0.99,0.98,0.95,0.89,0.50,0.05,inferred
Ashfield,2021-06-01,1.00,1.00,1.00,1.00,0.99,0.89,0.34,inferred
Ashfield,2021-06-02,1.00,1.00,1.00,1.00,0.99,0.89,0.34,inferred
Ashfield,2021-06-03,1.00,1.00,1.00,1.00,0.99,0.89,0.34,inferred
Ashfield,2021-06-04,1.00,1.00,1.00,1.00,0.99,0.89,0.34,inferred
Ashfield,2021-06-05,1.00,1.00,1.00,1.00,0.99,0.89,0.34,inferred
Ashfield,2021-06-06,1.00,1.00,1.00,1.00,0.99,0.89,0.34,inferred
Ashfield,2021-06-07,1.00,1.00,1.00,1.00,0.99,0.89,0.34,inferred
Ashfield,2021-06-08,1.00,1.00,1.00,0.99,0.96,0.66,0.09,inferred
Ashfield,2021-06-09,1.00,1.00,1.00,0.99,0.96,0.66,0.09,inferred
Ashfield,2021-06-10,1.00,1.00,1.00,0.99,0.96,0.66,0.09,inferred
Ashfield,2021-06-11,1.00,1.00,1.00,0.99,0.96,0.66,0.09,inferred
Ashfield,2021-06-12,1.00,1.00,1.00,0.99,0.96,0.66,0.09,inferred
Ashfield,2021-06-13,1.00,1.00,1.00,0.99,0.96,0.66,0.09,inferred
Ashfield,2021-06-14,1.00,1.00,1.00,0.99,0.96,0.66,0.09,inferred
Ashfield,2021-06-15,1.00,1.00,1.00,1.00,1.00,0.94,0.39,inferred
Ashfield,2021-06-16,1.00,1.00,1.00,1.00,1.00,0.94,0.39,inferred
Ashfield,2021-06-17,1.00,1.00,1.00,1.00,1.00,0.94,0.39,inferred
Ashfield,2021-06-18,1.00,1.00,1.00,1.00,1.00,0.94,0.39,inferred
Ashfield,2021-06-19,1.00,1.00,1.00,1.00,1.00,0.94,0.39,inferred
Ashfield,2021-06-20,1.00,1.00,1.00,1.00,1.00,0.94,0.39,inferred
Ashfield,2021-06-21,1.00,1.00,1.00,1.00,1.00,0.94,0.39,inferred
Ashfield,2021-06-22,1.00,1.00,1.00,1.00,1.00,0.87,0.20,inferred
Ashfield,2021-06-23,1.00,1.00,1.00,1.00,1.00,0.87,0.20,inferred
Ashfield,2021-06-24,1.00,1.00,1.00,1.00,1.00,0.87,0.20,inferred
Ashfield,2021-06-25,1.00,1.00,1.00,1.00,1.00,0.87,0.20,inferred
Ashfield,2021-06-26,1.00,1.00,1.00,1.00,1.00,0.87,0.20,inferred
Ashfield,2021-06-27,1.00,1.00,1.00,1.00,1.00,0.87,0.20,inferred
Ashfield,2021-06-28,1.00,1.00,1.00,1.00,1.00,0.87,0.20,inferred
Ashfield,2021-06-29,1.00,1.00,0.99,0.98,0.94,0.64,0.11,inferred
Ashfield,2021-06-30,1.00,1.00,0.99,0.98,0.94,0.64,0.11,inferred
Ashfield,2021-07-01,1.00,1.00,0.99,0.98,0.94,0.64,0.11,inferred
Ashfield,2021-07-02,1.00,1.00,0.99,0.98,0.94,0.64,0.11,inferred
Ashfield,2021-07-03,1.00,1.00,0.99,0.98,0.94,0.64,0.11,inferred
Ashfield,2021-07-04,1.00,1.00,0.99,0.98,0.94,0.64,0.11,inferred
Ashfield,2021-07-05,1.00,1.00,0.99,0.98,0.94,0.64,0.11,inferred
Ashfield,2021-07-06,0.99,0.97,0.94,0.88,0.82,0.52,0.17,projected
Ashfield,2021-07-07,0.99,0.97,0.94,0.88,0.82,0.52,0.17,projected
Ashfield,2021-07-08,0.99,0.97,0.94,0.88,0.82,0.52,0.17,projected
Ashfield,2021-07-09,0.99,0.97,0.94,0.88,0.82,0.52,0.17,projected
Ashfield,2021-07-10,0.99,0.97,0.94,0.88,0.82,0.52,0.17,projected
Ashfield,2021-07-11,0.99,0.97,0.94,0.88,0.82,0.52,0.17,projected
Ashfield,2021-07-12,0.99,0.97,0.94,0.88,0.82,0.52,0.17,projected
Ashfield,2021-07-13,0.98,0.95,0.90,0.84,0.76,0.51,0.20,projected
Ashfield,2021-07-14,0.98,0.95,0.90,0.84,0.76,0.51,0.20,projected
Ashfield,2021-07-15,0.98,0.95,0.90,0.84,0.76,0.51,0.20,projected
Ashfield,2021-07-16,0.98,0.95,0.90,0.84,0.76,0.51,0.20,projected
Ashfield,2021-07-17,0.98,0.95,0.90,0.84,0.76,0.51,0.20,projected
Ashfield,2021-07-18,0.98,0.95,0.90,0.84,0.76,0.51,0.20,projected
Ashfield,2021-07-19,0.98,0.95,0.90,0.84,0.76,0.51,0.20,projected
Ashfield,2021-07-20,0.97,0.94,0.89,0.81,0.75,0.51,0.22,projected
Ashfield,2021-07-21,0.97,0.94,0.89,0.81,0.75,0.51,0.22,projected
Ashfield,2021-07-22,0.97,0.94,0.89,0.81,0.75,0.51,0.22,projected
Ashfield,2021-07-23,0.97,0.94,0.89,0.81,0.75,0.51,0.22,projected
Ashfield,2021-07-24,0.97,0.94,0.89,0.81,0.75,0.51,0.22,projected
Ashfield,2021-07-25,0.97,0.94,0.89,0.81,0.75,0.51,0.22,projected
Ashfield,2021-07-26,0.97,0.94,0.89,0.81,0.75,0.51,0.22,projected
Ashford,2021-03-23,0.03,0.00,0.00,0.00,0.00,0.00,0.00,inferred
Ashford,2021-03-24,0.03,0.00,0.00,0.00,0.00,0.00,0.00,inferred
Ashford,2021-03-25,0.03,0.00,0.00,0.00,0.00,0.00,0.00,inferred
Ashford,2021-03-26,0.03,0.00,0.00,0.00,0.00,0.00,0.00,inferred
Ashford,2021-03-27,0.03,0.00,0.00,0.00,0.00,0.00,0.00,inferred
Ashford,2021-03-28,0.03,0.00,0.00,0.00,0.00,0.00,0.00,inferred
Ashford,2021-03-29,0.03,0.00,0.00,0.00,0.00,0.00,0.00,inferred
Ashford,2021-03-30,0.10,0.04,0.01,0.00,0.00,0.00,0.00,inferred
Ashford,2021-03-31,0.10,0.04,0.01,0.00,0.00,0.00,0.00,inferred
Ashford,2021-04-01,0.10,0.04,0.01,0.00,0.00,0.00,0.00,inferred
Ashford,2021-04-02,0.10,0.04,0.01,0.00,0.00,0.00,0.00,inferred
Ashford,2021-04-03,0.10,0.04,0.01,0.00,0.00,0.00,0.00,inferred
Ashford,2021-04-04,0.10,0.04,0.01,0.00,0.00,0.00,0.00,inferred
Ashford,2021-04-05,0.10,0.04,0.01,0.00,0.00,0.00,0.00,inferred
Ashford,2021-04-06,0.78,0.62,0.46,0.30,0.17,0.02,0.00,inferred
Ashford,2021-04-07,0.78,0.62,0.46,0.30,0.17,0.02,0.00,inferred
Ashford,2021-04-08,0.78,0.62,0.46,0.30,0.17,0.02,0.00,inferred
Ashford,2021-04-09,0.78,0.62,0.46,0.30,0.17,0.02,0.00,inferred
Ashford,2021-04-10,0.78,0.62,0.46,0.30,0.17,0.02,0.00,inferred
Ashford,2021-04-11,0.78,0.62,0.46,0.30,0.17,0.02,0.00,inferred
Ashford,2021-04-12,0.78,0.62,0.46,0.30,0.17,0.02,0.00,inferred
Ashford,2021-04-13,0.95,0.86,0.73,0.58,0.39,0.08,0.00,inferred
Ashford,2021-04-14,0.95,0.86,0.73,0.58,0.39,0.08,0.00,inferred
Ashford,2021-04-15,0.95,0.86,0.73,0.58,0.39,0.08,0.00,inferred
Ashford,2021-04-16,0.95,0.86,0.73,0.58,0.39,0.08,0.00,inferred
Ashford,2021-04-17,0.95,0.86,0.73,0.58,0.39,0.08,0.00,inferred
Ashford,2021-04-18,0.95,0.86,0.73,0.58,0.39,0.08,0.00,inferred
Ashford,2021-04-19,0.95,0.86,0.73,0.58,0.39,0.08,0.00,inferred
Ashford,2021-04-20,0.43,0.24,0.12,0.06,0.03,0.00,0.00,inferred
Ashford,2021-04-21,0.43,0.24,0.12,0.06,0.03,0.00,0.00,inferred
Ashford,2021-04-22,0.43,0.24,0.12,0.06,0.03,0.00,0.00,inferred
Ashford,2021-04-23,0.43,0.24,0.12,0.06,0.03,0.00,0.00,inferred
Ashford,2021-04-24,0.43,0.24,0.12,0.06,0.03,0.00,0.00,inferred
Ashford,2021-04-25,0.43,0.24,0.12,0.06,0.03,0.00,0.00,inferred
Ashford,2021-04-26,0.43,0.24,0.12,0.06,0.03,0.00,0.00,inferred
Ashford,2021-04-27,0.72,0.54,0.36,0.20,0.10,0.01,0.00,inferred
Ashford,2021-04-28,0.72,0.54,0.36,0.20,0.10,0.01,0.00,inferred
Ashford,2021-04-29,0.72,0.54,0.36,0.20,0.10,0.01,0.00,inferred
Ashford,2021-04-30,0.72,0.54,0.36,0.20,0.10,0.01,0.00,inferred
Ashford,2021-05-01,0.72,0.54,0.36,0.20,0.10,0.01,0.00,inferred
Ashford,2021-05-02,0.72,0.54,0.36,0.20,0.10,0.01,0.00,inferred
Ashford,2021-05-03,0.72,0.54,0.36,0.20,0.10,0.01,0.00,inferred
Ashford,2021-05-04,0.52,0.34,0.21,0.11,0.05,0.00,0.00,inferred
Ashford,2021-05-05,0.52,0.34,0.21,0.11,0.05,0.00,0.00,inferred
Ashford,2021-05-06,0.52,0.34,0.21,0.11,0.05,0.00,0.00,inferred
Ashford,2021-05-07,0.52,0.34,0.21,0.11,0.05,0.00,0.00,inferred
Ashford,2021-05-08,0.52,0.34,0.21,0.11,0.05,0.00,0.00,inferred
Ashford,2021-05-09,0.52,0.34,0.21,0.11,0.05,0.00,0.00,inferred
Ashford,2021-05-10,0.52,0.34,0.21,0.11,0.05,0.00,0.00,inferred
Ashford,2021-05-11,0.84,0.69,0.52,0.37,0.23,0.04,0.00,inferred
Ashford,2021-05-12,0.84,0.69,0.52,0.37,0.23,0.04,0.00,inferred
Ashford,2021-05-13,0.84,0.69,0.52,0.37,0.23,0.04,0.00,inferred
Ashford,2021-05-14,0.84,0.69,0.52,0.37,0.23,0.04,0.00,inferred
Ashford,2021-05-15,0.84,0.69,0.52,0.37,0.23,0.04,0.00,inferred
Ashford,2021-05-16,0.84,0.69,0.52,0.37,0.23,0.04,0.00,inferred
Ashford,2021-05-17,0.84,0.69,0.52,0.37,0.23,0.04,0.00,inferred
Ashford,2021-05-18,0.88,0.80,0.67,0.52,0.38,0.09,0.00,inferred
Ashford,2021-05-19,0.88,0.80,0.67,0.52,0.38,0.09,0.00,inferred
Ashford,2021-05-20,0.88,0.80,0.67,0.52,0.38,0.09,0.00,inferred
Ashford,2021-05-21,0.88,0.80,0.67,0.52,0.38,0.09,0.00,inferred
Ashford,2021-05-22,0.88,0.80,0.67,0.52,0.38,0.09,0.00,inferred
Ashford,2021-05-23,0.88,0.80,0.67,0.52,0.38,0.09,0.00,inferred
Ashford,2021-05-24,0.88,0.80,0.67,0.52,0.38,0.09,0.00,inferred
Ashford,2021-05-25,0.99,0.97,0.93,0.87,0.76,0.38,0.05,inferred
Ashford,2021-05-26,0.99,0.97,0.93,0.87,0.76,0.38,0.05,inferred
Ashford,2021-05-27,0.99,0.97,0.93,0.87,0.76,0.38,0.05,inferred
Ashford,2021-05-28,0.99,0.97,0.93,0.87,0.76,0.38,0.05,inferred
Ashford,2021-05-29,0.99,0.97,0.93,0.87,0.76,0.38,0.05,inferred
Ashford,2021-05-30,0.99,0.97,0.93,0.87,0.76,0.38,0.05,inferred
Ashford,2021-05-31,0.99,0.97,0.93,0.87,0.76,0.38,0.05,inferred
Ashford,2021-06-01,1.00,1.00,1.00,0.99,0.96,0.73,0.19,inferred
Ashford,2021-06-02,1.00,1.00,1.00,0.99,0.96,0.73,0.19,inferred
Ashford,2021-06-03,1.00,1.00,1.00,0.99,0.96,0.73,0.19,inferred
Ashford,2021-06-04,1.00,1.00,1.00,0.99,0.96,0.73,0.19,inferred
Ashford,2021-06-05,1.00,1.00,1.00,0.99,0.96,0.73,0.19,inferred
Ashford,2021-06-06,1.00,1.00,1.00,0.99,0.96,0.73,0.19,inferred
Ashford,2021-06-07,1.00,1.00,1.00,0.99,0.96,0.73,0.19,inferred
Ashford,2021-06-08,1.00,1.00,0.99,0.98,0.92,0.57,0.07,inferred
Ashford,2021-06-09,1.00,1.00,0.99,0.98,0.92,0.57,0.07,inferred
Ashford,2021-06-10,1.00,1.00,0.99,0.98,0.92,0.57,0.07,inferred
Ashford,2021-06-11,1.00,1.00,0.99,0.98,0.92,0.57,0.07,inferred
Ashford,2021-06-12,1.00,1.00,0.99,0.98,0.92,0.57,0.07,inferred
Ashford,2021-06-13,1.00,1.00,0.99,0.98,0.92,0.57,0.07,inferred
Ashford,2021-06-14,1.00,1.00,0.99,0.98,0.92,0.57,0.07,inferred
Ashford,2021-06-15,1.00,1.00,1.00,1.00,0.99,0.74,0.09,inferred
Ashford,2021-06-16,1.00,1.00,1.00,1.00,0.99,0.74,0.09,inferred
Ashford,2021-06-17,1.00,1.00,1.00,1.00,0.99,0.74,0.09,inferred
Ashford,2021-06-18,1.00,1.00,1.00,1.00,0.99,0.74,0.09,inferred
Ashford,2021-06-19,1.00,1.00,1.00,1.00,0.99,0.74,0.09,inferred
Ashford,2021-06-20,1.00,1.00,1.00,1.00,0.99,0.74,0.09,inferred
Ashford,2021-06-21,1.00,1.00,1.00,1.00,0.99,0.74,0.09,inferred
Ashford,2021-06-22,1.00,1.00,1.00,1.00,1.00,0.93,0.37,inferred
Ashford,2021-06-23,1.00,1.00,1.00,1.00,1.00,0.93,0.37,inferred
Ashford,2021-06-24,1.00,1.00,1.00,1.00,1.00,0.93,0.37,inferred
Ashford,2021-06-25,1.00,1.00,1.00,1.00,1.00,0.93,0.37,inferred
Ashford,2021-06-26,1.00,1.00,1.00,1.00,1.00,0.93,0.37,inferred
Ashford,2021-06-27,1.00,1.00,1.00,1.00,1.00,0.93,0.37,inferred
Ashford,2021-06-28,1.00,1.00,1.00,1.00,1.00,0.93,0.37,inferred
Ashford,2021-06-29,1.00,1.00,0.99,0.98,0.93,0.64,0.14,inferred
Ashford,2021-06-30,1.00,1.00,0.99,0.98,0.93,0.64,0.14,inferred
Ashford,2021-07-01,1.00,1.00,0.99,0.98,0.93,0.64,0.14,inferred
Ashford,2021-07-02,1.00,1.00,0.99,0.98,0.93,0.64,0.14,inferred
Ashford,2021-07-03,1.00,1.00,0.99,0.98,0.93,0.64,0.14,inferred
Ashford,2021-07-04,1.00,1.00,0.99,0.98,0.93,0.64,0.14,inferred
Ashford,2021-07-05,1.00,1.00,0.99,0.98,0.93,0.64,0.14,inferred
Ashford,2021-07-06,0.99,0.97,0.95,0.90,0.83,0.58,0.19,projected
Ashford,2021-07-07,0.99,0.97,0.95,0.90,0.83,0.58,0.19,projected
Ashford,2021-07-08,0.99,0.97,0.95,0.90,0.83,0.58,0.19,projected
Ashford,2021-07-09,0.99,0.97,0.95,0.90,0.83,0.58,0.19,projected
Ashford,2021-07-10,0.99,0.97,0.95,0.90,0.83,0.58,0.19,projected
Ashford,2021-07-11,0.99,0.97,0.95,0.90,0.83,0.58,0.19,projected
Ashford,2021-07-12,0.99,0.97,0.95,0.90,0.83,0.58,0.19,projected
Ashford,2021-07-13,0.98,0.96,0.93,0.87,0.80,0.51,0.19,projected
Ashford,2021-07-14,0.98,0.96,0.93,0.87,0.80,0.51,0.19,projected
Ashford,2021-07-15,0.98,0.96,0.93,0.87,0.80,0.51,0.19,projected
Ashford,2021-07-16,0.98,0.96,0.93,0.87,0.80,0.51,0.19,projected
Ashford,2021-07-17,0.98,0.96,0.93,0.87,0.80,0.51,0.19,projected
Ashford,2021-07-18,0.98,0.96,0.93,0.87,0.80,0.51,0.19,projected
Ashford,2021-07-19,0.98,0.96,0.93,0.87,0.80,0.51,0.19,projected
Ashford,2021-07-20,0.98,0.96,0.92,0.86,0.77,0.53,0.22,projected
Ashford,2021-07-21,0.98,0.96,0.92,0.86,0.77,0.53,0.22,projected
Ashford,2021-07-22,0.98,0.96,0.92,0.86,0.77,0.53,0.22,projected
Ashford,2021-07-23,0.98,0.96,0.92,0.86,0.77,0.53,0.22,projected
Ashford,2021-07-24,0.98,0.96,0.92,0.86,0.77,0.53,0.22,projected
Ashford,2021-07-25,0.98,0.96,0.92,0.86,0.77,0.53,0.22,projected
Ashford,2021-07-26,0.98,0.96,0.92,0.86,0.77,0.53,0.22,projected
Ayrshire and Arran,2021-03-23,0.20,0.04,0.00,0.00,0.00,0.00,0.00,inferred
Ayrshire and Arran,2021-03-24,0.20,0.04,0.00,0.00,0.00,0.00,0.00,inferred
Ayrshire and Arran,2021-03-25,0.20,0.04,0.00,0.00,0.00,0.00,0.00,inferred
Ayrshire and Arran,2021-03-26,0.20,0.04,0.00,0.00,0.00,0.00,0.00,inferred
Ayrshire and Arran,2021-03-27,0.20,0.04,0.00,0.00,0.00,0.00,0.00,inferred
Ayrshire and Arran,2021-03-28,0.20,0.04,0.00,0.00,0.00,0.00,0.00,inferred
Ayrshire and Arran,2021-03-29,0.20,0.04,0.00,0.00,0.00,0.00,0.00,inferred
Ayrshire and Arran,2021-03-30,0.05,0.01,0.00,0.00,0.00,0.00,0.00,inferred
Ayrshire and Arran,2021-03-31,0.05,0.01,0.00,0.00,0.00,0.00,0.00,inferred
Ayrshire and Arran,2021-04-01,0.05,0.01,0.00,0.00,0.00,0.00,0.00,inferred
Ayrshire and Arran,2021-04-02,0.05,0.01,0.00,0.00,0.00,0.00,0.00,inferred
Ayrshire and Arran,2021-04-03,0.05,0.01,0.00,0.00,0.00,0.00,0.00,inferred
Ayrshire and Arran,2021-04-04,0.05,0.01,0.00,0.00,0.00,0.00,0.00,inferred
Ayrshire and Arran,2021-04-05,0.05,0.01,0.00,0.00,0.00,0.00,0.00,inferred
Ayrshire and Arran,2021-04-06,0.62,0.41,0.24,0.12,0.06,0.00,0.00,inferred
Ayrshire and Arran,2021-04-07,0.62,0.41,0.24,0.12,0.06,0.00,0.00,inferred
Ayrshire and Arran,2021-04-08,0.62,0.41,0.24,0.12,0.06,0.00,0.00,inferred
Ayrshire and Arran,2021-04-09,0.62,0.41,0.24,0.12,0.06,0.00,0.00,inferred
Ayrshire and Arran,2021-04-10,0.62,0.41,0.24,0.12,0.06,0.00,0.00,inferred
Ayrshire and Arran,2021-04-11,0.62,0.41,0.24,0.12,0.06,0.00,0.00,inferred
Ayrshire and Arran,2021-04-12,0.62,0.41,0.24,0.12,0.06,0.00,0.00,inferred
Ayrshire and Arran,2021-04-13,0.99,0.95,0.88,0.76,0.59,0.15,0.00,inferred
Ayrshire and Arran,2021-04-14,0.99,0.95,0.88,0.76,0.59,0.15,0.00,inferred
Ayrshire and Arran,2021-04-15,0.99,0.95,0.88,0.76,0.59,0.15,0.00,inferred
Ayrshire and Arran,2021-04-16,0.99,0.95,0.88,0.76,0.59,0.15,0.00,inferred
Ayrshire and Arran,2021-04-17,0.99,0.95,0.88,0.76,0.59,0.15,0.00,inferred
Ayrshire and Arran,2021-04-18,0.99,0.95,0.88,0.76,0.59,0.15,0.00,inferred
Ayrshire and Arran,2021-04-19,0.99,0.95,0.88,0.76,0.59,0.15,0.00,inferred
Ayrshire and Arran,2021-04-20,0.41,0.21,0.09,0.03,0.01,0.00,0.00,inferred
Ayrshire and Arran,2021-04-21,0.41,0.21,0.09,0.03,0.01,0.00,0.00,inferred
Ayrshire and Arran,2021-04-22,0.41,0.21,0.09,0.03,0.01,0.00,0.00,inferred
Ayrshire and Arran,2021-04-23,0.41,0.21,0.09,0.03,0.01,0.00,0.00,inferred
Ayrshire and Arran,2021-04-24,0.41,0.21,0.09,0.03,0.01,0.00,0.00,inferred
Ayrshire and Arran,2021-04-25,0.41,0.21,0.09,0.03,0.01,0.00,0.00,inferred
Ayrshire and Arran,2021-04-26,0.41,0.21,0.09,0.03,0.01,0.00,0.00,inferred
Ayrshire and Arran,2021-04-27,0.57,0.34,0.16,0.06,0.02,0.00,0.00,inferred
Ayrshire and Arran,2021-04-28,0.57,0.34,0.16,0.06,0.02,0.00,0.00,inferred
Ayrshire and Arran,2021-04-29,0.57,0.34,0.16,0.06,0.02,0.00,0.00,inferred
Ayrshire and Arran,2021-04-30,0.57,0.34,0.16,0.06,0.02,0.00,0.00,inferred
Ayrshire and Arran,2021-05-01,0.57,0.34,0.16,0.06,0.02,0.00,0.00,inferred
Ayrshire and Arran,2021-05-02,0.57,0.34,0.16,0.06,0.02,0.00,0.00,inferred
Ayrshire and Arran,2021-05-03,0.57,0.34,0.16,0.06,0.02,0.00,0.00,inferred
Ayrshire and Arran,2021-05-04,0.81,0.64,0.43,0.26,0.13,0.01,0.00,inferred
Ayrshire and Arran,2021-05-05,0.81,0.64,0.43,0.26,0.13,0.01,0.00,inferred
Ayrshire and Arran,2021-05-06,0.81,0.64,0.43,0.26,0.13,0.01,0.00,inferred
Ayrshire and Arran,2021-05-07,0.81,0.64,0.43,0.26,0.13,0.01,0.00,inferred
Ayrshire and Arran,2021-05-08,0.81,0.64,0.43,0.26,0.13,0.01,0.00,inferred
Ayrshire and Arran,2021-05-09,0.81,0.64,0.43,0.26,0.13,0.01,0.00,inferred
Ayrshire and Arran,2021-05-10,0.81,0.64,0.43,0.26,0.13,0.01,0.00,inferred
Ayrshire and Arran,2021-05-11,0.99,0.98,0.95,0.87,0.75,0.32,0.01,inferred
Ayrshire and Arran,2021-05-12,0.99,0.98,0.95,0.87,0.75,0.32,0.01,inferred
Ayrshire and Arran,2021-05-13,0.99,0.98,0.95,0.87,0.75,0.32,0.01,inferred
Ayrshire and Arran,2021-05-14,0.99,0.98,0.95,0.87,0.75,0.32,0.01,inferred
Ayrshire and Arran,2021-05-15,0.99,0.98,0.95,0.87,0.75,0.32,0.01,inferred
Ayrshire and Arran,2021-05-16,0.99,0.98,0.95,0.87,0.75,0.32,0.01,inferred
Ayrshire and Arran,2021-05-17,0.99,0.98,0.95,0.87,0.75,0.32,0.01,inferred
Ayrshire and Arran,2021-05-18,1.00,1.00,1.00,1.00,1.00,0.97,0.60,inferred
Ayrshire and Arran,2021-05-19,1.00,1.00,1.00,1.00,1.00,0.97,0.60,inferred
Ayrshire and Arran,2021-05-20,1.00,1.00,1.00,1.00,1.00,0.97,0.60,inferred
Ayrshire and Arran,2021-05-21,1.00,1.00,1.00,1.00,1.00,0.97,0.60,inferred
Ayrshire and Arran,2021-05-22,1.00,1.00,1.00,1.00,1.00,0.97,0.60,inferred
Ayrshire and Arran,2021-05-23,1.00,1.00,1.00,1.00,1.00,0.97,0.60,inferred
Ayrshire and Arran,2021-05-24,1.00,1.00,1.00,1.00,1.00,0.97,0.60,inferred
Ayrshire and Arran,2021-05-25,1.00,1.00,1.00,1.00,1.00,0.91,0.45,inferred
Ayrshire and Arran,2021-05-26,1.00,1.00,1.00,1.00,1.00,0.91,0.45,inferred
Ayrshire and Arran,2021-05-27,1.00,1.00,1.00,1.00,1.00,0.91,0.45,inferred
Ayrshire and Arran,2021-05-28,1.00,1.00,1.00,1.00,1.00,0.91,0.45,inferred
Ayrshire and Arran,2021-05-29,1.00,1.00,1.00,1.00,1.00,0.91,0.45,inferred
Ayrshire and Arran,2021-05-30,1.00,1.00,1.00,1.00,1.00,0.91,0.45,inferred
Ayrshire and Arran,2021-05-31,1.00,1.00,1.00,1.00,1.00,0.91,0.45,inferred
Ayrshire and Arran,2021-06-01,1.00,1.00,0.97,0.87,0.69,0.14,0.00,inferred
Ayrshire and Arran,2021-06-02,1.00,1.00,0.97,0.87,0.69,0.14,0.00,inferred
Ayrshire and Arran,2021-06-03,1.00,1.00,0.97,0.87,0.69,0.14,0.00,inferred
Ayrshire and Arran,2021-06-04,1.00,1.00,0.97,0.87,0.69,0.14,0.00,inferred
Ayrshire and Arran,2021-06-05,1.00,1.00,0.97,0.87,0.69,0.14,0.00,inferred
Ayrshire and Arran,2021-06-06,1.00,1.00,0.97,0.87,0.69,0.14,0.00,inferred
Ayrshire and Arran,2021-06-07,1.00,1.00,0.97,0.87,0.69,0.14,0.00,inferred
Ayrshire and Arran,2021-06-08,1.00,1.00,0.99,0.92,0.75,0.11,0.00,inferred
Ayrshire and Arran,2021-06-09,1.00,1.00,0.99,0.92,0.75,0.11,0.00,inferred
Ayrshire and Arran,2021-06-10,1.00,1.00,0.99,0.92,0.75,0.11,0.00,inferred
Ayrshire and Arran,2021-06-11,1.00,1.00,0.99,0.92,0.75,0.11,0.00,inferred
Ayrshire and Arran,2021-06-12,1.00,1.00,0.99,0.92,0.75,0.11,0.00,inferred
Ayrshire and Arran,2021-06-13,1.00,1.00,0.99,0.92,0.75,0.11,0.00,inferred
Ayrshire and Arran,2021-06-14,1.00,1.00,0.99,0.92,0.75,0.11,0.00,inferred
Ayrshire and Arran,2021-06-15,1.00,1.00,1.00,1.00,0.97,0.43,0.00,inferred
Ayrshire and Arran,2021-06-16,1.00,1.00,1.00,1.00,0.97,0.43,0.00,inferred
Ayrshire and Arran,2021-06-17,1.00,1.00,1.00,1.00,0.97,0.43,0.00,inferred
Ayrshire and Arran,2021-06-18,1.00,1.00,1.00,1.00,0.97,0.43,0.00,inferred
Ayrshire and Arran,2021-06-19,1.00,1.00,1.00,1.00,0.97,0.43,0.00,inferred
Ayrshire and Arran,2021-06-20,1.00,1.00,1.00,1.00,0.97,0.43,0.00,inferred
Ayrshire and Arran,2021-06-21,1.00,1.00,1.00,1.00,0.97,0.43,0.00,inferred
Ayrshire and Arran,2021-06-22,1.00,1.00,0.95,0.81,0.54,0.02,0.00,inferred
Ayrshire and Arran,2021-06-23,1.00,1.00,0.95,0.81,0.54,0.02,0.00,inferred
Ayrshire and Arran,2021-06-24,1.00,1.00,0.95,0.81,0.54,0.02,0.00,inferred
Ayrshire and Arran,2021-06-25,1.00,1.00,0.95,0.81,0.54,0.02,0.00,inferred
Ayrshire and Arran,2021-06-26,1.00,1.00,0.95,0.81,0.54,0.02,0.00,inferred
Ayrshire and Arran,2021-06-27,1.00,1.00,0.95,0.81,0.54,0.02,0.00,inferred
Ayrshire and Arran,2021-06-28,1.00,1.00,0.95,0.81,0.54,0.02,0.00,inferred
Ayrshire and Arran,2021-06-29,0.42,0.24,0.12,0.04,0.02,0.00,0.00,inferred
Ayrshire and Arran,2021-06-30,0.42,0.24,0.12,0.04,0.02,0.00,0.00,inferred
Ayrshire and Arran,2021-07-01,0.42,0.24,0.12,0.04,0.02,0.00,0.00,inferred
Ayrshire and Arran,2021-07-02,0.42,0.24,0.12,0.04,0.02,0.00,0.00,inferred
Ayrshire and Arran,2021-07-03,0.42,0.24,0.12,0.04,0.02,0.00,0.00,inferred
Ayrshire and Arran,2021-07-04,0.42,0.24,0.12,0.04,0.02,0.00,0.00,inferred
Ayrshire and Arran,2021-07-05,0.42,0.24,0.12,0.04,0.02,0.00,0.00,inferred
Ayrshire and Arran,2021-07-06,0.48,0.38,0.29,0.22,0.17,0.07,0.02,projected
Ayrshire and Arran,2021-07-07,0.48,0.38,0.29,0.22,0.17,0.07,0.02,projected
Ayrshire and Arran,2021-07-08,0.48,0.38,0.29,0.22,0.17,0.07,0.02,projected
Ayrshire and Arran,2021-07-09,0.48,0.38,0.29,0.22,0.17,0.07,0.02,projected
Ayrshire and Arran,2021-07-10,0.48,0.38,0.29,0.22,0.17,0.07,0.02,projected
Ayrshire and Arran,2021-07-11,0.48,0.38,0.29,0.22,0.17,0.07,0.02,projected
Ayrshire and Arran,2021-07-12,0.48,0.38,0.29,0.22,0.17,0.07,0.02,projected
Ayrshire and Arran,2021-07-13,0.50,0.42,0.35,0.28,0.23,0.13,0.06,projected
Ayrshire and Arran,2021-07-14,0.50,0.42,0.35,0.28,0.23,0.13,0.06,projected
Ayrshire and Arran,2021-07-15,0.50,0.42,0.35,0.28,0.23,0.13,0.06,projected
Ayrshire and Arran,2021-07-16,0.50,0.42,0.35,0.28,0.23,0.13,0.06,projected
Ayrshire and Arran,2021-07-17,0.50,0.42,0.35,0.28,0.23,0.13,0.06,projected
Ayrshire and Arran,2021-07-18,0.50,0.42,0.35,0.28,0.23,0.13,0.06,projected
Ayrshire and Arran,2021-07-19,0.50,0.42,0.35,0.28,0.23,0.13,0.06,projected
Ayrshire and Arran,2021-07-20,0.52,0.45,0.38,0.32,0.27,0.18,0.10,projected
Ayrshire and Arran,2021-07-21,0.52,0.45,0.38,0.32,0.27,0.18,0.10,projected
Ayrshire and Arran,2021-07-22,0.52,0.45,0.38,0.32,0.27,0.18,0.10,projected
Ayrshire and Arran,2021-07-23,0.52,0.45,0.38,0.32,0.27,0.18,0.10,projected
Ayrshire and Arran,2021-07-24,0.52,0.45,0.38,0.32,0.27,0.18,0.10,projected
Ayrshire and Arran,2021-07-25,0.52,0.45,0.38,0.32,0.27,0.18,0.10,projected
Ayrshire and Arran,2021-07-26,0.52,0.45,0.38,0.32,0.27,0.18,0.10,projected
Babergh,2021-03-23,0.65,0.45,0.26,0.13,0.04,0.00,0.00,inferred
Babergh,2021-03-24,0.65,0.45,0.26,0.13,0.04,0.00,0.00,inferred
Babergh,2021-03-25,0.65,0.45,0.26,0.13,0.04,0.00,0.00,inferred
Babergh,2021-03-26,0.65,0.45,0.26,0.13,0.04,0.00,0.00,inferred
Babergh,2021-03-27,0.65,0.45,0.26,0.13,0.04,0.00,0.00,inferred
Babergh,2021-03-28,0.65,0.45,0.26,0.13,0.04,0.00,0.00,inferred
Babergh,2021-03-29,0.65,0.45,0.26,0.13,0.04,0.00,0.00,inferred
Babergh,2021-03-30,0.58,0.38,0.23,0.13,0.06,0.00,0.00,inferred
Babergh,2021-03-31,0.58,0.38,0.23,0.13,0.06,0.00,0.00,inferred
Babergh,2021-04-01,0.58,0.38,0.23,0.13,0.06,0.00,0.00,inferred
Babergh,2021-04-02,0.58,0.38,0.23,0.13,0.06,0.00,0.00,inferred
Babergh,2021-04-03,0.58,0.38,0.23,0.13,0.06,0.00,0.00,inferred
Babergh,2021-04-04,0.58,0.38,0.23,0.13,0.06,0.00,0.00,inferred
Babergh,2021-04-05,0.58,0.38,0.23,0.13,0.06,0.00,0.00,inferred
Babergh,2021-04-06,0.80,0.66,0.52,0.36,0.23,0.04,0.00,inferred
Babergh,2021-04-07,0.80,0.66,0.52,0.36,0.23,0.04,0.00,inferred
Babergh,2021-04-08,0.80,0.66,0.52,0.36,0.23,0.04,0.00,inferred
Babergh,2021-04-09,0.80,0.66,0.52,0.36,0.23,0.04,0.00,inferred
Babergh,2021-04-10,0.80,0.66,0.52,0.36,0.23,0.04,0.00,inferred
Babergh,2021-04-11,0.80,0.66,0.52,0.36,0.23,0.04,0.00,inferred
Babergh,2021-04-12,0.80,0.66,0.52,0.36,0.23,0.04,0.00,inferred
Babergh,2021-04-13,0.69,0.51,0.35,0.22,0.14,0.02,0.00,inferred
Babergh,2021-04-14,0.69,0.51,0.35,0.22,0.14,0.02,0.00,inferred
Babergh,2021-04-15,0.69,0.51,0.35,0.22,0.14,0.02,0.00,inferred
Babergh,2021-04-16,0.69,0.51,0.35,0.22,0.14,0.02,0.00,inferred
Babergh,2021-04-17,0.69,0.51,0.35,0.22,0.14,0.02,0.00,inferred
Babergh,2021-04-18,0.69,0.51,0.35,0.22,0.14,0.02,0.00,inferred
Babergh,2021-04-19,0.69,0.51,0.35,0.22,0.14,0.02,0.00,inferred
Babergh,2021-04-20,0.74,0.60,0.44,0.30,0.18,0.03,0.00,inferred
Babergh,2021-04-21,0.74,0.60,0.44,0.30,0.18,0.03,0.00,inferred
Babergh,2021-04-22,0.74,0.60,0.44,0.30,0.18,0.03,0.00,inferred
Babergh,2021-04-23,0.74,0.60,0.44,0.30,0.18,0.03,0.00,inferred
Babergh,2021-04-24,0.74,0.60,0.44,0.30,0.18,0.03,0.00,inferred
Babergh,2021-04-25,0.74,0.60,0.44,0.30,0.18,0.03,0.00,inferred
Babergh,2021-04-26,0.74,0.60,0.44,0.30,0.18,0.03,0.00,inferred
Babergh,2021-04-27,0.69,0.54,0.36,0.23,0.14,0.02,0.00,inferred
Babergh,2021-04-28,0.69,0.54,0.36,0.23,0.14,0.02,0.00,inferred
Babergh,2021-04-29,0.69,0.54,0.36,0.23,0.14,0.02,0.00,inferred
Babergh,2021-04-30,0.69,0.54,0.36,0.23,0.14,0.02,0.00,inferred
Babergh,2021-05-01,0.69,0.54,0.36,0.23,0.14,0.02,0.00,inferred
Babergh,2021-05-02,0.69,0.54,0.36,0.23,0.14,0.02,0.00,inferred
Babergh,2021-05-03,0.69,0.54,0.36,0.23,0.14,0.02,0.00,inferred
Babergh,2021-05-04,0.50,0.34,0.22,0.13,0.07,0.01,0.00,inferred
Babergh,2021-05-05,0.50,0.34,0.22,0.13,0.07,0.01,0.00,inferred
Babergh,2021-05-06,0.50,0.34,0.22,0.13,0.07,0.01,0.00,inferred
Babergh,2021-05-07,0.50,0.34,0.22,0.13,0.07,0.01,0.00,inferred
Babergh,2021-05-08,0.50,0.34,0.22,0.13,0.07,0.01,0.00,inferred
Babergh,2021-05-09,0.50,0.34,0.22,0.13,0.07,0.01,0.00,inferred
Babergh,2021-05-10,0.50,0.34,0.22,0.13,0.07,0.01,0.00,inferred
Babergh,2021-05-11,0.61,0.44,0.28,0.18,0.10,0.01,0.00,inferred
Babergh,2021-05-12,0.61,0.44,0.28,0.18,0.10,0.01,0.00,inferred
Babergh,2021-05-13,0.61,0.44,0.28,0.18,0.10,0.01,0.00,inferred
Babergh,2021-05-14,0.61,0.44,0.28,0.18,0.10,0.01,0.00,inferred
Babergh,2021-05-15,0.61,0.44,0.28,0.18,0.10,0.01,0.00,inferred
Babergh,2021-05-16,0.61,0.44,0.28,0.18,0.10,0.01,0.00,inferred
Babergh,2021-05-17,0.61,0.44,0.28,0.18,0.10,0.01,0.00,inferred
Babergh,2021-05-18,0.78,0.63,0.49,0.35,0.25,0.05,0.00,inferred
Babergh,2021-05-19,0.78,0.63,0.49,0.35,0.25,0.05,0.00,inferred
Babergh,2021-05-20,0.78,0.63,0.49,0.35,0.25,0.05,0.00,inferred
Babergh,2021-05-21,0.78,0.63,0.49,0.35,0.25,0.05,0.00,inferred
Babergh,2021-05-22,0.78,0.63,0.49,0.35,0.25,0.05,0.00,inferred
Babergh,2021-05-23,0.78,0.63,0.49,0.35,0.25,0.05,0.00,inferred
Babergh,2021-05-24,0.78,0.63,0.49,0.35,0.25,0.05,0.00,inferred
Babergh,2021-05-25,0.98,0.95,0.91,0.85,0.75,0.44,0.08,inferred
Babergh,2021-05-26,0.98,0.95,0.91,0.85,0.75,0.44,0.08,inferred
Babergh,2021-05-27,0.98,0.95,0.91,0.85,0.75,0.44,0.08,inferred
Babergh,2021-05-28,0.98,0.95,0.91,0.85,0.75,0.44,0.08,inferred
Babergh,2021-05-29,0.98,0.95,0.91,0.85,0.75,0.44,0.08,inferred
Babergh,2021-05-30,0.98,0.95,0.91,0.85,0.75,0.44,0.08,inferred
Babergh,2021-05-31,0.98,0.95,0.91,0.85,0.75,0.44,0.08,inferred
Babergh,2021-06-01,1.00,1.00,1.00,0.99,0.98,0.87,0.44,inferred
Babergh,2021-06-02,1.00,1.00,1.00,0.99,0.98,0.87,0.44,inferred
Babergh,2021-06-03,1.00,1.00,1.00,0.99,0.98,0.87,0.44,inferred
Babergh,2021-06-04,1.00,1.00,1.00,0.99,0.98,0.87,0.44,inferred
Babergh,2021-06-05,1.00,1.00,1.00,0.99,0.98,0.87,0.44,inferred
Babergh,2021-06-06,1.00,1.00,1.00,0.99,0.98,0.87,0.44,inferred
Babergh,2021-06-07,1.00,1.00,1.00,0.99,0.98,0.87,0.44,inferred
Babergh,2021-06-08,1.00,0.99,0.99,0.96,0.89,0.59,0.11,inferred
Babergh,2021-06-09,1.00,0.99,0.99,0.96,0.89,0.59,0.11,inferred
Babergh,2021-06-10,1.00,0.99,0.99,0.96,0.89,0.59,0.11,inferred
Babergh,2021-06-11,1.00,0.99,0.99,0.96,0.89,0.59,0.11,inferred
Babergh,2021-06-12,1.00,0.99,0.99,0.96,0.89,0.59,0.11,inferred
Babergh,2021-06-13,1.00,0.99,0.99,0.96,0.89,0.59,0.11,inferred
Babergh,2021-06-14,1.00,0.99,0.99,0.96,0.89,0.59,0.11,inferred
Babergh,2021-06-15,1.00,1.00,1.00,1.00,1.00,0.92,0.36,inferred
Babergh,2021-06-16,1.00,1.00,1.00,1.00,1.00,0.92,0.36,inferred
Babergh,2021-06-17,1.00,1.00,1.00,1.00,1.00,0.92,0.36,inferred
Babergh,2021-06-18,1.00,1.00,1.00,1.00,1.00,0.92,0.36,inferred
Babergh,2021-06-19,1.00,1.00,1.00,1.00,1.00,0.92,0.36,inferred
Babergh,2021-06-20,1.00,1.00,1.00,1.00,1.00,0.92,0.36,inferred
Babergh,2021-06-21,1.00,1.00,1.00,1.00,1.00,0.92,0.36,inferred
Babergh,2021-06-22,1.00,1.00,1.00,1.00,1.00,0.94,0.48,inferred
Babergh,2021-06-23,1.00,1.00,1.00,1.00,1.00,0.94,0.48,inferred
Babergh,2021-06-24,1.00,1.00,1.00,1.00,1.00,0.94,0.48,inferred
Babergh,2021-06-25,1.00,1.00,1.00,1.00,1.00,0.94,0.48,inferred
Babergh,2021-06-26,1.00,1.00,1.00,1.00,1.00,0.94,0.48,inferred
Babergh,2021-06-27,1.00,1.00,1.00,1.00,1.00,0.94,0.48,inferred
Babergh,2021-06-28,1.00,1.00,1.00,1.00,1.00,0.94,0.48,inferred
Babergh,2021-06-29,1.00,1.00,1.00,1.00,0.98,0.86,0.36,inferred
Babergh,2021-06-30,1.00,1.00,1.00,1.00,0.98,0.86,0.36,inferred
Babergh,2021-07-01,1.00,1.00,1.00,1.00,0.98,0.86,0.36,inferred
Babergh,2021-07-02,1.00,1.00,1.00,1.00,0.98,0.86,0.36,inferred
Babergh,2021-07-03,1.00,1.00,1.00,1.00,0.98,0.86,0.36,inferred
Babergh,2021-07-04,1.00,1.00,1.00,1.00,0.98,0.86,0.36,inferred
Babergh,2021-07-05,1.00,1.00,1.00,1.00,0.98,0.86,0.36,inferred
Babergh,2021-07-06,1.00,1.00,0.99,0.98,0.95,0.76,0.33,projected
Babergh,2021-07-07,1.00,1.00,0.99,0.98,0.95,0.76,0.33,projected
Babergh,2021-07-08,1.00,1.00,0.99,0.98,0.95,0.76,0.33,projected
Babergh,2021-07-09,1.00,1.00,0.99,0.98,0.95,0.76,0.33,projected
Babergh,2021-07-10,1.00,1.00,0.99,0.98,0.95,0.76,0.33,projected
Babergh,2021-07-11,1.00,1.00,0.99,0.98,0.95,0.76,0.33,projected
Babergh,2021-07-12,1.00,1.00,0.99,0.98,0.95,0.76,0.33,projected
Babergh,2021-07-13,1.00,0.99,0.98,0.95,0.91,0.71,0.34,projected
Babergh,2021-07-14,1.00,0.99,0.98,0.95,0.91,0.71,0.34,projected
Babergh,2021-07-15,1.00,0.99,0.98,0.95,0.91,0.71,0.34,projected
Babergh,2021-07-16,1.00,0.99,0.98,0.95,0.91,0.71,0.34,projected
Babergh,2021-07-17,1.00,0.99,0.98,0.95,0.91,0.71,0.34,projected
Babergh,2021-07-18,1.00,0.99,0.98,0.95,0.91,0.71,0.34,projected
Babergh,2021-07-19,1.00,0.99,0.98,0.95,0.91,0.71,0.34,projected
Babergh,2021-07-20,1.00,0.99,0.98,0.95,0.90,0.70,0.32,projected
Babergh,2021-07-21,1.00,0.99,0.98,0.95,0.90,0.70,0.32,projected
Babergh,2021-07-22,1.00,0.99,0.98,0.95,0.90,0.70,0.32,projected
Babergh,2021-07-23,1.00,0.99,0.98,0.95,0.90,0.70,0.32,projected
Babergh,2021-07-24,1.00,0.99,0.98,0.95,0.90,0.70,0.32,projected
Babergh,2021-07-25,1.00,0.99,0.98,0.95,0.90,0.70,0.32,projected
Babergh,2021-07-26,1.00,0.99,0.98,0.95,0.90,0.70,0.32,projected
Barking and Dagenham,2021-03-23,0.04,0.00,0.00,0.00,0.00,0.00,0.00,inferred
Barking and Dagenham,2021-03-24,0.04,0.00,0.00,0.00,0.00,0.00,0.00,inferred
Barking and Dagenham,2021-03-25,0.04,0.00,0.00,0.00,0.00,0.00,0.00,inferred
Barking and Dagenham,2021-03-26,0.04,0.00,0.00,0.00,0.00,0.00,0.00,inferred
Barking and Dagenham,2021-03-27,0.04,0.00,0.00,0.00,0.00,0.00,0.00,inferred
Barking and Dagenham,2021-03-28,0.04,0.00,0.00,0.00,0.00,0.00,0.00,inferred
Barking and Dagenham,2021-03-29,0.04,0.00,0.00,0.00,0.00,0.00,0.00,inferred
Barking and Dagenham,2021-03-30,0.74,0.39,0.15,0.03,0.01,0.00,0.00,inferred
Barking and Dagenham,2021-03-31,0.74,0.39,0.15,0.03,0.01,0.00,0.00,inferred
Barking and Dagenham,2021-04-01,0.74,0.39,0.15,0.03,0.01,0.00,0.00,inferred
Barking and Dagenham,2021-04-02,0.74,0.39,0.15,0.03,0.01,0.00,0.00,inferred
Barking and Dagenham,2021-04-03,0.74,0.39,0.15,0.03,0.01,0.00,0.00,inferred
Barking and Dagenham,2021-04-04,0.74,0.39,0.15,0.03,0.01,0.00,0.00,inferred
Barking and Dagenham,2021-04-05,0.74,0.39,0.15,0.03,0.01,0.00,0.00,inferred
Barking and Dagenham,2021-04-06,0.76,0.42,0.18,0.03,0.00,0.00,0.00,inferred
Barking and Dagenham,2021-04-07,0.76,0.42,0.18,0.03,0.00,0.00,0.00,inferred
Barking and Dagenham,2021-04-08,0.76,0.42,0.18,0.03,0.00,0.00,0.00,inferred
Barking and Dagenham,2021-04-09,0.76,0.42,0.18,0.03,0.00,0.00,0.00,inferred
Barking and Dagenham,2021-04-10,0.76,0.42,0.18,0.03,0.00,0.00,0.00,inferred
Barking and Dagenham,2021-04-11,0.76,0.42,0.18,0.03,0.00,0.00,0.00,inferred
Barking and Dagenham,2021-04-12,0.76,0.42,0.18,0.03,0.00,0.00,0.00,inferred
Barking and Dagenham,2021-04-13,0.67,0.36,0.12,0.02,0.00,0.00,0.00,inferred
Barking and Dagenham,2021-04-14,0.67,0.36,0.12,0.02,0.00,0.00,0.00,inferred
Barking and Dagenham,2021-04-15,0.67,0.36,0.12,0.02,0.00,0.00,0.00,inferred
Barking and Dagenham,2021-04-16,0.67,0.36,0.12,0.02,0.00,0.00,0.00,inferred
Barking and Dagenham,2021-04-17,0.67,0.36,0.12,0.02,0.00,0.00,0.00,inferred
Barking and Dagenham,2021-04-18,0.67,0.36,0.12,0.02,0.00,0.00,0.00,inferred
Barking and Dagenham,2021-04-19,0.67,0.36,0.12,0.02,0.00,0.00,0.00,inferred
Barking and Dagenham,2021-04-20,0.18,0.05,0.01,0.00,0.00,0.00,0.00,inferred
Barking and Dagenham,2021-04-21,0.18,0.05,0.01,0.00,0.00,0.00,0.00,inferred
Barking and Dagenham,2021-04-22,0.18,0.05,0.01,0.00,0.00,0.00,0.00,inferred
Barking and Dagenham,2021-04-23,0.18,0.05,0.01,0.00,0.00,0.00,0.00,inferred
Barking and Dagenham,2021-04-24,0.18,0.05,0.01,0.00,0.00,0.00,0.00,inferred
Barking and Dagenham,2021-04-25,0.18,0.05,0.01,0.00,0.00,0.00,0.00,inferred
Barking and Dagenham,2021-04-26,0.18,0.05,0.01,0.00,0.00,0.00,0.00,inferred
Barking and Dagenham,2021-04-27,0.56,0.31,0.13,0.04,0.01,0.00,0.00,inferred
Barking and Dagenham,2021-04-28,0.56,0.31,0.13,0.04,0.01,0.00,0.00,inferred
Barking and Dagenham,2021-04-29,0.56,0.31,0.13,0.04,0.01,0.00,0.00,inferred
Barking and Dagenham,2021-04-30,0.56,0.31,0.13,0.04,0.01,0.00,0.00,inferred
Barking and Dagenham,2021-05-01,0.56,0.31,0.13,0.04,0.01,0.00,0.00,inferred
Barking and Dagenham,2021-05-02,0.56,0.31,0.13,0.04,0.01,0.00,0.00,inferred
Barking and Dagenham,2021-05-03,0.56,0.31,0.13,0.04,0.01,0.00,0.00,inferred
Barking and Dagenham,2021-05-04,0.48,0.24,0.10,0.03,0.01,0.00,0.00,inferred
Barking and Dagenham,2021-05-05,0.48,0.24,0.10,0.03,0.01,0.00,0.00,inferred
Barking and Dagenham,2021-05-06,0.48,0.24,0.10,0.03,0.01,0.00,0.00,inferred
Barking and Dagenham,2021-05-07,0.48,0.24,0.10,0.03,0.01,0.00,0.00,inferred
Barking and Dagenham,2021-05-08,0.48,0.24,0.10,0.03,0.01,0.00,0.00,inferred
Barking and Dagenham,2021-05-09,0.48,0.24,0.10,0.03,0.01,0.00,0.00,inferred
Barking and Dagenham,2021-05-10,0.48,0.24,0.10,0.03,0.01,0.00,0.00,inferred
Barking and Dagenham,2021-05-11,0.86,0.68,0.46,0.25,0.12,0.00,0.00,inferred
Barking and Dagenham,2021-05-12,0.86,0.68,0.46,0.25,0.12,0.00,0.00,inferred
Barking and Dagenham,2021-05-13,0.86,0.68,0.46,0.25,0.12,0.00,0.00,inferred
Barking and Dagenham,2021-05-14,0.86,0.68,0.46,0.25,0.12,0.00,0.00,inferred
Barking and Dagenham,2021-05-15,0.86,0.68,0.46,0.25,0.12,0.00,0.00,inferred
Barking and Dagenham,2021-05-16,0.86,0.68,0.46,0.25,0.12,0.00,0.00,inferred
Barking and Dagenham,2021-05-17,0.86,0.68,0.46,0.25,0.12,0.00,0.00,inferred
Barking and Dagenham,2021-05-18,1.00,1.00,0.99,0.95,0.87,0.34,0.01,inferred
Barking and Dagenham,2021-05-19,1.00,1.00,0.99,0.95,0.87,0.34,0.01,inferred
Barking and Dagenham,2021-05-20,1.00,1.00,0.99,0.95,0.87,0.34,0.01,inferred
Barking and Dagenham,2021-05-21,1.00,1.00,0.99,0.95,0.87,0.34,0.01,inferred
Barking and Dagenham,2021-05-22,1.00,1.00,0.99,0.95,0.87,0.34,0.01,inferred
Barking and Dagenham,2021-05-23,1.00,1.00,0.99,0.95,0.87,0.34,0.01,inferred
Barking and Dagenham,2021-05-24,1.00,1.00,0.99,0.95,0.87,0.34,0.01,inferred
Barking and Dagenham,2021-05-25,1.00,1.00,0.99,0.97,0.91,0.45,0.02,inferred
Barking and Dagenham,2021-05-26,1.00,1.00,0.99,0.97,0.91,0.45,0.02,inferred
Barking and Dagenham,2021-05-27,1.00,1.00,0.99,0.97,0.91,0.45,0.02,inferred
Barking and Dagenham,2021-05-28,1.00,1.00,0.99,0.97,0.91,0.45,0.02,inferred
Barking and Dagenham,2021-05-29,1.00,1.00,0.99,0.97,0.91,0.45,0.02,inferred
Barking and Dagenham,2021-05-30,1.00,1.00,0.99,0.97,0.91,0.45,0.02,inferred
Barking and Dagenham,2021-05-31,1.00,1.00,0.99,0.97,0.91,0.45,0.02,inferred
Barking and Dagenham,2021-06-01,1.00,1.00,0.98,0.93,0.78,0.21,0.00,inferred
Barking and Dagenham,2021-06-02,1.00,1.00,0.98,0.93,0.78,0.21,0.00,inferred
Barking and Dagenham,2021-06-03,1.00,1.00,0.98,0.93,0.78,0.21,0.00,inferred
Barking and Dagenham,2021-06-04,1.00,1.00,0.98,0.93,0.78,0.21,0.00,inferred
Barking and Dagenham,2021-06-05,1.00,1.00,0.98,0.93,0.78,0.21,0.00,inferred
Barking and Dagenham,2021-06-06,1.00,1.00,0.98,0.93,0.78,0.21,0.00,inferred
Barking and Dagenham,2021-06-07,1.00,1.00,0.98,0.93,0.78,0.21,0.00,inferred
Barking and Dagenham,2021-06-08,1.00,1.00,0.99,0.96,0.87,0.22,0.00,inferred
Barking and Dagenham,2021-06-09,1.00,1.00,0.99,0.96,0.87,0.22,0.00,inferred
Barking and Dagenham,2021-06-10,1.00,1.00,0.99,0.96,0.87,0.22,0.00,inferred
Barking and Dagenham,2021-06-11,1.00,1.00,0.99,0.96,0.87,0.22,0.00,inferred
Barking and Dagenham,2021-06-12,1.00,1.00,0.99,0.96,0.87,0.22,0.00,inferred
Barking and Dagenham,2021-06-13,1.00,1.00,0.99,0.96,0.87,0.22,0.00,inferred
Barking and Dagenham,2021-06-14,1.00,1.00,0.99,0.96,0.87,0.22,0.00,inferred
Barking and Dagenham,2021-06-15,1.00,1.00,1.00,1.00,1.00,0.98,0.36,inferred
Barking and Dagenham,2021-06-16,1.00,1.00,1.00,1.00,1.00,0.98,0.36,inferred
Barking and Dagenham,2021-06-17,1.00,1.00,1.00,1.00,1.00,0.98,0.36,inferred
Barking and Dagenham,2021-06-18,1.00,1.00,1.00,1.00,1.00,0.98,0.36,inferred
Barking and Dagenham,2021-06-19,1.00,1.00,1.00,1.00,1.00,0.98,0.36,inferred
Barking and Dagenham,2021-06-20,1.00,1.00,1.00,1.00,1.00,0.98,0.36,inferred
Barking and Dagenham,2021-06-21,1.00,1.00,1.00,1.00,1.00,0.98,0.36,inferred
Barking and Dagenham,2021-06-22,1.00,1.00,1.00,1.00,1.00,0.88,0.16,inferred
Barking and Dagenham,2021-06-23,1.00,1.00,1.00,1.00,1.00,0.88,0.16,inferred
Barking and Dagenham,2021-06-24,1.00,1.00,1.00,1.00,1.00,0.88,0.16,inferred
Barking and Dagenham,2021-06-25,1.00,1.00,1.00,1.00,1.00,0.88,0.16,inferred
Barking and Dagenham,2021-06-26,1.00,1.00,1.00,1.00,1.00,0.88,0.16,inferred
Barking and Dagenham,2021-06-27,1.00,1.00,1.00,1.00,1.00,0.88,0.16,inferred
Barking and Dagenham,2021-06-28,1.00,1.00,1.00,1.00,1.00,0.88,0.16,inferred
Barking and Dagenham,2021-06-29,1.00,1.00,1.00,0.99,0.95,0.57,0.04,inferred
Barking and Dagenham,2021-06-30,1.00,1.00,1.00,0.99,0.95,0.57,0.04,inferred
Barking and Dagenham,2021-07-01,1.00,1.00,1.00,0.99,0.95,0.57,0.04,inferred
Barking and Dagenham,2021-07-02,1.00,1.00,1.00,0.99,0.95,0.57,0.04,inferred
Barking and Dagenham,2021-07-03,1.00,1.00,1.00,0.99,0.95,0.57,0.04,inferred
Barking and Dagenham,2021-07-04,1.00,1.00,1.00,0.99,0.95,0.57,0.04,inferred
Barking and Dagenham,2021-07-05,1.00,1.00,1.00,0.99,0.95,0.57,0.04,inferred
Barking and Dagenham,2021-07-06,1.00,1.00,0.98,0.93,0.85,0.47,0.08,projected
Barking and Dagenham,2021-07-07,1.00,1.00,0.98,0.93,0.85,0.47,0.08,projected
Barking and Dagenham,2021-07-08,1.00,1.00,0.98,0.93,0.85,0.47,0.08,projected
Barking and Dagenham,2021-07-09,1.00,1.00,0.98,0.93,0.85,0.47,0.08,projected
Barking and Dagenham,2021-07-10,1.00,1.00,0.98,0.93,0.85,0.47,0.08,projected
Barking and Dagenham,2021-07-11,1.00,1.00,0.98,0.93,0.85,0.47,0.08,projected
Barking and Dagenham,2021-07-12,1.00,1.00,0.98,0.93,0.85,0.47,0.08,projected
Barking and Dagenham,2021-07-13,0.99,0.98,0.94,0.89,0.80,0.43,0.09,projected
Barking and Dagenham,2021-07-14,0.99,0.98,0.94,0.89,0.80,0.43,0.09,projected
Barking and Dagenham,2021-07-15,0.99,0.98,0.94,0.89,0.80,0.43,0.09,projected
Barking and Dagenham,2021-07-16,0.99,0.98,0.94,0.89,0.80,0.43,0.09,projected
Barking and Dagenham,2021-07-17,0.99,0.98,0.94,0.89,0.80,0.43,0.09,projected
Barking and Dagenham,2021-07-18,0.99,0.98,0.94,0.89,0.80,0.43,0.09,projected
Barking and Dagenham,2021-07-19,0.99,0.98,0.94,0.89,0.80,0.43,0.09,projected
Barking and Dagenham,2021-07-20,0.99,0.97,0.93,0.87,0.77,0.42,0.10,projected
Barking and Dagenham,2021-07-21,0.99,0.97,0.93,0.87,0.77,0.42,0.10,projected
Barking and Dagenham,2021-07-22,0.99,0.97,0.93,0.87,0.77,0.42,0.10,projected
Barking and Dagenham,2021-07-23,0.99,0.97,0.93,0.87,0.77,0.42,0.10,projected
Barking and Dagenham,2021-07-24,0.99,0.97,0.93,0.87,0.77,0.42,0.10,projected
Barking and Dagenham,2021-07-25,0.99,0.97,0.93,0.87,0.77,0.42,0.10,projected
Barking and Dagenham,2021-07-26,0.99,0.97,0.93,0.87,0.77,0.42,0.10,projected
Barnet,2021-03-23,0.61,0.20,0.02,0.00,0.00,0.00,0.00,inferred
Barnet,2021-03-24,0.61,0.20,0.02,0.00,0.00,0.00,0.00,inferred
Barnet,2021-03-25,0.61,0.20,0.02,0.00,0.00,0.00,0.00,inferred
Barnet,2021-03-26,0.61,0.20,0.02,0.00,0.00,0.00,0.00,inferred
Barnet,2021-03-27,0.61,0.20,0.02,0.00,0.00,0.00,0.00,inferred
Barnet,2021-03-28,0.61,0.20,0.02,0.00,0.00,0.00,0.00,inferred
Barnet,2021-03-29,0.61,0.20,0.02,0.00,0.00,0.00,0.00,inferred
Barnet,2021-03-30,1.00,0.96,0.79,0.44,0.15,0.00,0.00,inferred
Barnet,2021-03-31,1.00,0.96,0.79,0.44,0.15,0.00,0.00,inferred
Barnet,2021-04-01,1.00,0.96,0.79,0.44,0.15,0.00,0.00,inferred
Barnet,2021-04-02,1.00,0.96,0.79,0.44,0.15,0.00,0.00,inferred
Barnet,2021-04-03,1.00,0.96,0.79,0.44,0.15,0.00,0.00,inferred
Barnet,2021-04-04,1.00,0.96,0.79,0.44,0.15,0.00,0.00,inferred
Barnet,2021-04-05,1.00,0.96,0.79,0.44,0.15,0.00,0.00,inferred
Barnet,2021-04-06,0.91,0.60,0.24,0.05,0.00,0.00,0.00,inferred
Barnet,2021-04-07,0.91,0.60,0.24,0.05,0.00,0.00,0.00,inferred
Barnet,2021-04-08,0.91,0.60,0.24,0.05,0.00,0.00,0.00,inferred
Barnet,2021-04-09,0.91,0.60,0.24,0.05,0.00,0.00,0.00,inferred
Barnet,2021-04-10,0.91,0.60,0.24,0.05,0.00,0.00,0.00,inferred
Barnet,2021-04-11,0.91,0.60,0.24,0.05,0.00,0.00,0.00,inferred
Barnet,2021-04-12,0.91,0.60,0.24,0.05,0.00,0.00,0.00,inferred
Barnet,2021-04-13,0.45,0.11,0.02,0.00,0.00,0.00,0.00,inferred
Barnet,2021-04-14,0.45,0.11,0.02,0.00,0.00,0.00,0.00,inferred
Barnet,2021-04-15,0.45,0.11,0.02,0.00,0.00,0.00,0.00,inferred
Barnet,2021-04-16,0.45,0.11,0.02,0.00,0.00,0.00,0.00,inferred
Barnet,2021-04-17,0.45,0.11,0.02,0.00,0.00,0.00,0.00,inferred
Barnet,2021-04-18,0.45,0.11,0.02,0.00,0.00,0.00,0.00,inferred
Barnet,2021-04-19,0.45,0.11,0.02,0.00,0.00,0.00,0.00,inferred
Barnet,2021-04-20,0.17,0.04,0.01,0.00,0.00,0.00,0.00,inferred
Barnet,2021-04-21,0.17,0.04,0.01,0.00,0.00,0.00,0.00,inferred
Barnet,2021-04-22,0.17,0.04,0.01,0.00,0.00,0.00,0.00,inferred
Barnet,2021-04-23,0.17,0.04,0.01,0.00,0.00,0.00,0.00,inferred
Barnet,2021-04-24,0.17,0.04,0.01,0.00,0.00,0.00,0.00,inferred
Barnet,2021-04-25,0.17,0.04,0.01,0.00,0.00,0.00,0.00,inferred
Barnet,2021-04-26,0.17,0.04,0.01,0.00,0.00,0.00,0.00,inferred
Barnet,2021-04-27,0.85,0.57,0.28,0.09,0.02,0.00,0.00,inferred
Barnet,2021-04-28,0.85,0.57,0.28,0.09,0.02,0.00,0.00,inferred
Barnet,2021-04-29,0.85,0.57,0.28,0.09,0.02,0.00,0.00,inferred
Barnet,2021-04-30,0.85,0.57,0.28,0.09,0.02,0.00,0.00,inferred
Barnet,2021-05-01,0.85,0.57,0.28,0.09,0.02,0.00,0.00,inferred
Barnet,2021-05-02,0.85,0.57,0.28,0.09,0.02,0.00,0.00,inferred
Barnet,2021-05-03,0.85,0.57,0.28,0.09,0.02,0.00,0.00,inferred
Barnet,2021-05-04,0.56,0.24,0.06,0.01,0.00,0.00,0.00,inferred
Barnet,2021-05-05,0.56,0.24,0.06,0.01,0.00,0.00,0.00,inferred
Barnet,2021-05-06,0.56,0.24,0.06,0.01,0.00,0.00,0.00,inferred
Barnet,2021-05-07,0.56,0.24,0.06,0.01,0.00,0.00,0.00,inferred
Barnet,2021-05-08,0.56,0.24,0.06,0.01,0.00,0.00,0.00,inferred
Barnet,2021-05-09,0.56,0.24,0.06,0.01,0.00,0.00,0.00,inferred
Barnet,2021-05-10,0.56,0.24,0.06,0.01,0.00,0.00,0.00,inferred
Barnet,2021-05-11,0.77,0.48,0.21,0.06,0.01,0.00,0.00,inferred
Barnet,2021-05-12,0.77,0.48,0.21,0.06,0.01,0.00,0.00,inferred
Barnet,2021-05-13,0.77,0.48,0.21,0.06,0.01,0.00,0.00,inferred
Barnet,2021-05-14,0.77,0.48,0.21,0.06,0.01,0.00,0.00,inferred
Barnet,2021-05-15,0.77,0.48,0.21,0.06,0.01,0.00,0.00,inferred
Barnet,2021-05-16,0.77,0.48,0.21,0.06,0.01,0.00,0.00,inferred
Barnet,2021-05-17,0.77,0.48,0.21,0.06,0.01,0.00,0.00,inferred
Barnet,2021-05-18,1.00,1.00,0.99,0.96,0.86,0.23,0.00,inferred
Barnet,2021-05-19,1.00,1.00,0.99,0.96,0.86,0.23,0.00,inferred
Barnet,2021-05-20,1.00,1.00,0.99,0.96,0.86,0.23,0.00,inferred
Barnet,2021-05-21,1.00,1.00,0.99,0.96,0.86,0.23,0.00,inferred
Barnet,2021-05-22,1.00,1.00,0.99,0.96,0.86,0.23,0.00,inferred
Barnet,2021-05-23,1.00,1.00,0.99,0.96,0.86,0.23,0.00,inferred
Barnet,2021-05-24,1.00,1.00,0.99,0.96,0.86,0.23,0.00,inferred
Barnet,2021-05-25,1.00,1.00,1.00,1.00,1.00,0.96,0.33,inferred
Barnet,2021-05-26,1.00,1.00,1.00,1.00,1.00,0.96,0.33,inferred
Barnet,2021-05-27,1.00,1.00,1.00,1.00,1.00,0.96,0.33,inferred
Barnet,2021-05-28,1.00,1.00,1.00,1.00,1.00,0.96,0.33,inferred
Barnet,2021-05-29,1.00,1.00,1.00,1.00,1.00,0.96,0.33,inferred
Barnet,2021-05-30,1.00,1.00,1.00,1.00,1.00,0.96,0.33,inferred
Barnet,2021-05-31,1.00,1.00,1.00,1.00,1.00,0.96,0.33,inferred
Barnet,2021-06-01,1.00,1.00,1.00,1.00,0.99,0.77,0.08,inferred
Barnet,2021-06-02,1.00,1.00,1.00,1.00,0.99,0.77,0.08,inferred
Barnet,2021-06-03,1.00,1.00,1.00,1.00,0.99,0.77,0.08,inferred
Barnet,2021-06-04,1.00,1.00,1.00,1.00,0.99,0.77,0.08,inferred
Barnet,2021-06-05,1.00,1.00,1.00,1.00,0.99,0.77,0.08,inferred
Barnet,2021-06-06,1.00,1.00,1.00,1.00,0.99,0.77,0.08,inferred
Barnet,2021-06-07,1.00,1.00,1.00,1.00,0.99,0.77,0.08,inferred
Barnet,2021-06-08,1.00,1.00,1.00,1.00,0.96,0.35,0.00,inferred
Barnet,2021-06-09,1.00,1.00,1.00,1.00,0.96,0.35,0.00,inferred
Barnet,2021-06-10,1.00,1.00,1.00,1.00,0.96,0.35,0.00,inferred
Barnet,2021-06-11,1.00,1.00,1.00,1.00,0.96,0.35,0.00,inferred
Barnet,2021-06-12,1.00,1.00,1.00,1.00,0.96,0.35,0.00,inferred
Barnet,2021-06-13,1.00,1.00,1.00,1.00,0.96,0.35,0.00,inferred
Barnet,2021-06-14,1.00,1.00,1.00,1.00,0.96,0.35,0.00,inferred
Barnet,2021-06-15,1.00,1.00,1.00,1.00,1.00,0.98,0.30,inferred
Barnet,2021-06-16,1.00,1.00,1.00,1.00,1.00,0.98,0.30,inferred
Barnet,2021-06-17,1.00,1.00,1.00,1.00,1.00,0.98,0.30,inferred
Barnet,2021-06-18,1.00,1.00,1.00,1.00,1.00,0.98,0.30,inferred
Barnet,2021-06-19,1.00,1.00,1.00,1.00,1.00,0.98,0.30,inferred
Barnet,2021-06-20,1.00,1.00,1.00,1.00,1.00,0.98,0.30,inferred
Barnet,2021-06-21,1.00,1.00,1.00,1.00,1.00,0.98,0.30,inferred
Barnet,2021-06-22,1.00,1.00,1.00,1.00,1.00,0.75,0.02,inferred
Barnet,2021-06-23,1.00,1.00,1.00,1.00,1.00,0.75,0.02,inferred
Barnet,2021-06-24,1.00,1.00,1.00,1.00,1.00,0.75,0.02,inferred
Barnet,2021-06-25,1.00,1.00,1.00,1.00,1.00,0.75,0.02,inferred
Barnet,2021-06-26,1.00,1.00,1.00,1.00,1.00,0.75,0.02,inferred
Barnet,2021-06-27,1.00,1.00,1.00,1.00,1.00,0.75,0.02,inferred
Barnet,2021-06-28,1.00,1.00,1.00,1.00,1.00,0.75,0.02,inferred
Barnet,2021-06-29,1.00,1.00,1.00,0.98,0.90,0.34,0.00,inferred
Barnet,2021-06-30,1.00,1.00,1.00,0.98,0.90,0.34,0.00,inferred
Barnet,2021-07-01,1.00,1.00,1.00,0.98,0.90,0.34,0.00,inferred
Barnet,2021-07-02,1.00,1.00,1.00,0.98,0.90,0.34,0.00,inferred
Barnet,2021-07-03,1.00,1.00,1.00,0.98,0.90,0.34,0.00,inferred
Barnet,2021-07-04,1.00,1.00,1.00,0.98,0.90,0.34,0.00,inferred
Barnet,2021-07-05,1.00,1.00,1.00,0.98,0.90,0.34,0.00,inferred
Barnet,2021-07-06,1.00,0.98,0.94,0.87,0.76,0.35,0.03,projected
Barnet,2021-07-07,1.00,0.98,0.94,0.87,0.76,0.35,0.03,projected
Barnet,2021-07-08,1.00,0.98,0.94,0.87,0.76,0.35,0.03,projected
Barnet,2021-07-09,1.00,0.98,0.94,0.87,0.76,0.35,0.03,projected
Barnet,2021-07-10,1.00,0.98,0.94,0.87,0.76,0.35,0.03,projected
Barnet,2021-07-11,1.00,0.98,0.94,0.87,0.76,0.35,0.03,projected
Barnet,2021-07-12,1.00,0.98,0.94,0.87,0.76,0.35,0.03,projected
Barnet,2021-07-13,0.99,0.96,0.91,0.80,0.70,0.34,0.06,projected
Barnet,2021-07-14,0.99,0.96,0.91,0.80,0.70,0.34,0.06,projected
Barnet,2021-07-15,0.99,0.96,0.91,0.80,0.70,0.34,0.06,projected
Barnet,2021-07-16,0.99,0.96,0.91,0.80,0.70,0.34,0.06,projected
Barnet,2021-07-17,0.99,0.96,0.91,0.80,0.70,0.34,0.06,projected
Barnet,2021-07-18,0.99,0.96,0.91,0.80,0.70,0.34,0.06,projected
Barnet,2021-07-19,0.99,0.96,0.91,0.80,0.70,0.34,0.06,projected
Barnet,2021-07-20,0.98,0.94,0.89,0.79,0.66,0.31,0.06,projected
Barnet,2021-07-21,0.98,0.94,0.89,0.79,0.66,0.31,0.06,projected
Barnet,2021-07-22,0.98,0.94,0.89,0.79,0.66,0.31,0.06,projected
Barnet,2021-07-23,0.98,0.94,0.89,0.79,0.66,0.31,0.06,projected
Barnet,2021-07-24,0.98,0.94,0.89,0.79,0.66,0.31,0.06,projected
Barnet,2021-07-25,0.98,0.94,0.89,0.79,0.66,0.31,0.06,projected
Barnet,2021-07-26,0.98,0.94,0.89,0.79,0.66,0.31,0.06,projected
Barnsley,2021-03-23,0.24,0.02,0.00,0.00,0.00,0.00,0.00,inferred
Barnsley,2021-03-24,0.24,0.02,0.00,0.00,0.00,0.00,0.00,inferred
Barnsley,2021-03-25,0.24,0.02,0.00,0.00,0.00,0.00,0.00,inferred
Barnsley,2021-03-26,0.24,0.02,0.00,0.00,0.00,0.00,0.00,inferred
Barnsley,2021-03-27,0.24,0.02,0.00,0.00,0.00,0.00,0.00,inferred
Barnsley,2021-03-28,0.24,0.02,0.00,0.00,0.00,0.00,0.00,inferred
Barnsley,2021-03-29,0.24,0.02,0.00,0.00,0.00,0.00,0.00,inferred
Barnsley,2021-03-30,0.33,0.06,0.00,0.00,0.00,0.00,0.00,inferred
Barnsley,2021-03-31,0.33,0.06,0.00,0.00,0.00,0.00,0.00,inferred
Barnsley,2021-04-01,0.33,0.06,0.00,0.00,0.00,0.00,0.00,inferred
Barnsley,2021-04-02,0.33,0.06,0.00,0.00,0.00,0.00,0.00,inferred
Barnsley,2021-04-03,0.33,0.06,0.00,0.00,0.00,0.00,0.00,inferred
Barnsley,2021-04-04,0.33,0.06,0.00,0.00,0.00,0.00,0.00,inferred
Barnsley,2021-04-05,0.33,0.06,0.00,0.00,0.00,0.00,0.00,inferred
Barnsley,2021-04-06,0.07,0.01,0.00,0.00,0.00,0.00,0.00,inferred
Barnsley,2021-04-07,0.07,0.01,0.00,0.00,0.00,0.00,0.00,inferred
Barnsley,2021-04-08,0.07,0.01,0.00,0.00,0.00,0.00,0.00,inferred
Barnsley,2021-04-09,0.07,0.01,0.00,0.00,0.00,0.00,0.00,inferred
Barnsley,2021-04-10,0.07,0.01,0.00,0.00,0.00,0.00,0.00,inferred
Barnsley,2021-04-11,0.07,0.01,0.00,0.00,0.00,0.00,0.00,inferred
Barnsley,2021-04-12,0.07,0.01,0.00,0.00,0.00,0.00,0.00,inferred
Barnsley,2021-04-13,0.90,0.65,0.31,0.09,0.01,0.00,0.00,inferred
Barnsley,2021-04-14,0.90,0.65,0.31,0.09,0.01,0.00,0.00,inferred
Barnsley,2021-04-15,0.90,0.65,0.31,0.09,0.01,0.00,0.00,inferred
Barnsley,2021-04-16,0.90,0.65,0.31,0.09,0.01,0.00,0.00,inferred
Barnsley,2021-04-17,0.90,0.65,0.31,0.09,0.01,0.00,0.00,inferred
Barnsley,2021-04-18,0.90,0.65,0.31,0.09,0.01,0.00,0.00,inferred
Barnsley,2021-04-19,0.90,0.65,0.31,0.09,0.01,0.00,0.00,inferred
Barnsley,2021-04-20,0.95,0.76,0.41,0.13,0.03,0.00,0.00,inferred
Barnsley,2021-04-21,0.95,0.76,0.41,0.13,0.03,0.00,0.00,inferred
Barnsley,2021-04-22,0.95,0.76,0.41,0.13,0.03,0.00,0.00,inferred
Barnsley,2021-04-23,0.95,0.76,0.41,0.13,0.03,0.00,0.00,inferred
Barnsley,2021-04-24,0.95,0.76,0.41,0.13,0.03,0.00,0.00,inferred
Barnsley,2021-04-25,0.95,0.76,0.41,0.13,0.03,0.00,0.00,inferred
Barnsley,2021-04-26,0.95,0.76,0.41,0.13,0.03,0.00,0.00,inferred
Barnsley,2021-04-27,0.51,0.16,0.03,0.00,0.00,0.00,0.00,inferred
Barnsley,2021-04-28,0.51,0.16,0.03,0.00,0.00,0.00,0.00,inferred
Barnsley,2021-04-29,0.51,0.16,0.03,0.00,0.00,0.00,0.00,inferred
Barnsley,2021-04-30,0.51,0.16,0.03,0.00,0.00,0.00,0.00,inferred
Barnsley,2021-05-01,0.51,0.16,0.03,0.00,0.00,0.00,0.00,inferred
Barnsley,2021-05-02,0.51,0.16,0.03,0.00,0.00,0.00,0.00,inferred
Barnsley,2021-05-03,0.51,0.16,0.03,0.00,0.00,0.00,0.00,inferred
Barnsley,2021-05-04,0.11,0.01,0.00,0.00,0.00,0.00,0.00,inferred
Barnsley,2021-05-05,0.11,0.01,0.00,0.00,0.00,0.00,0.00,inferred
Barnsley,2021-05-06,0.11,0.01,0.00,0.00,0.00,0.00,0.00,inferred
Barnsley,2021-05-07,0.11,0.01,0.00,0.00,0.00,0.00,0.00,inferred
Barnsley,2021-05-08,0.11,0.01,0.00,0.00,0.00,0.00,0.00,inferred
Barnsley,2021-05-09,0.11,0.01,0.00,0.00,0.00,0.00,0.00,inferred
Barnsley,2021-05-10,0.11,0.01,0.00,0.00,0.00,0.00,0.00,inferred
Barnsley,2021-05-11,0.64,0.33,0.11,0.02,0.00,0.00,0.00,inferred
Barnsley,2021-05-12,0.64,0.33,0.11,0.02,0.00,0.00,0.00,inferred
Barnsley,2021-05-13,0.64,0.33,0.11,0.02,0.00,0.00,0.00,inferred
Barnsley,2021-05-14,0.64,0.33,0.11,0.02,0.00,0.00,0.00,inferred
Barnsley,2021-05-15,0.64,0.33,0.11,0.02,0.00,0.00,0.00,inferred
Barnsley,2021-05-16,0.64,0.33,0.11,0.02,0.00,0.00,0.00,inferred
Barnsley,2021-05-17,0.64,0.33,0.11,0.02,0.00,0.00,0.00,inferred
Barnsley,2021-05-18,0.96,0.82,0.60,0.33,0.12,0.00,0.00,inferred
Barnsley,2021-05-19,0.96,0.82,0.60,0.33,0.12,0.00,0.00,inferred
Barnsley,2021-05-20,0.96,0.82,0.60,0.33,0.12,0.00,0.00,inferred
Barnsley,2021-05-21,0.96,0.82,0.60,0.33,0.12,0.00,0.00,inferred
Barnsley,2021-05-22,0.96,0.82,0.60,0.33,0.12,0.00,0.00,inferred
Barnsley,2021-05-23,0.96,0.82,0.60,0.33,0.12,0.00,0.00,inferred
Barnsley,2021-05-24,0.96,0.82,0.60,0.33,0.12,0.00,0.00,inferred
Barnsley,2021-05-25,1.00,1.00,1.00,0.99,0.97,0.52,0.01,inferred
Barnsley,2021-05-26,1.00,1.00,1.00,0.99,0.97,0.52,0.01,inferred
Barnsley,2021-05-27,1.00,1.00,1.00,0.99,0.97,0.52,0.01,inferred
Barnsley,2021-05-28,1.00,1.00,1.00,0.99,0.97,0.52,0.01,inferred
Barnsley,2021-05-29,1.00,1.00,1.00,0.99,0.97,0.52,0.01,inferred
Barnsley,2021-05-30,1.00,1.00,1.00,0.99,0.97,0.52,0.01,inferred
Barnsley,2021-05-31,1.00,1.00,1.00,0.99,0.97,0.52,0.01,inferred
Barnsley,2021-06-01,1.00,1.00,0.99,0.96,0.87,0.32,0.00,inferred
Barnsley,2021-06-02,1.00,1.00,0.99,0.96,0.87,0.32,0.00,inferred
Barnsley,2021-06-03,1.00,1.00,0.99,0.96,0.87,0.32,0.00,inferred
Barnsley,2021-06-04,1.00,1.00,0.99,0.96,0.87,0.32,0.00,inferred
Barnsley,2021-06-05,1.00,1.00,0.99,0.96,0.87,0.32,0.00,inferred
Barnsley,2021-06-06,1.00,1.00,0.99,0.96,0.87,0.32,0.00,inferred
Barnsley,2021-06-07,1.00,1.00,0.99,0.96,0.87,0.32,0.00,inferred
Barnsley,2021-06-08,1.00,1.00,1.00,0.99,0.97,0.41,0.00,inferred
Barnsley,2021-06-09,1.00,1.00,1.00,0.99,0.97,0.41,0.00,inferred
Barnsley,2021-06-10,1.00,1.00,1.00,0.99,0.97,0.41,0.00,inferred
Barnsley,2021-06-11,1.00,1.00,1.00,0.99,0.97,0.41,0.00,inferred
Barnsley,2021-06-12,1.00,1.00,1.00,0.99,0.97,0.41,0.00,inferred
Barnsley,2021-06-13,1.00,1.00,1.00,0.99,0.97,0.41,0.00,inferred
Barnsley,2021-06-14,1.00,1.00,1.00,0.99,0.97,0.41,0.00,inferred
Barnsley,2021-06-15,1.00,1.00,1.00,1.00,1.00,1.00,0.96,inferred
Barnsley,2021-06-16,1.00,1.00,1.00,1.00,1.00,1.00,0.96,inferred
Barnsley,2021-06-17,1.00,1.00,1.00,1.00,1.00,1.00,0.96,inferred
Barnsley,2021-06-18,1.00,1.00,1.00,1.00,1.00,1.00,0.96,inferred
Barnsley,2021-06-19,1.00,1.00,1.00,1.00,1.00,1.00,0.96,inferred
Barnsley,2021-06-20,1.00,1.00,1.00,1.00,1.00,1.00,0.96,inferred
Barnsley,2021-06-21,1.00,1.00,1.00,1.00,1.00,1.00,0.96,inferred
Barnsley,2021-06-22,1.00,1.00,1.00,1.00,1.00,0.96,0.60,inferred
Barnsley,2021-06-23,1.00,1.00,1.00,1.00,1.00,0.96,0.60,inferred
Barnsley,2021-06-24,1.00,1.00,1.00,1.00,1.00,0.96,0.60,inferred
Barnsley,2021-06-25,1.00,1.00,1.00,1.00,1.00,0.96,0.60,inferred
Barnsley,2021-06-26,1.00,1.00,1.00,1.00,1.00,0.96,0.60,inferred
Barnsley,2021-06-27,1.00,1.00,1.00,1.00,1.00,0.96,0.60,inferred
Barnsley,2021-06-28,1.00,1.00,1.00,1.00,1.00,0.96,0.60,inferred
Barnsley,2021-06-29,1.00,1.00,1.00,1.00,0.98,0.75,0.13,inferred
Barnsley,2021-06-30,1.00,1.00,1.00,1.00,0.98,0.75,0.13,inferred
Barnsley,2021-07-01,1.00,1.00,1.00,1.00,0.98,0.75,0.13,inferred
Barnsley,2021-07-02,1.00,1.00,1.00,1.00,0.98,0.75,0.13,inferred
Barnsley,2021-07-03,1.00,1.00,1.00,1.00,0.98,0.75,0.13,inferred
Barnsley,2021-07-04,1.00,1.00,1.00,1.00,0.98,0.75,0.13,inferred
Barnsley,2021-07-05,1.00,1.00,1.00,1.00,0.98,0.75,0.13,inferred
Barnsley,2021-07-06,1.00,0.99,0.96,0.92,0.86,0.58,0.22,projected
Barnsley,2021-07-07,1.00,0.99,0.96,0.92,0.86,0.58,0.22,projected
Barnsley,2021-07-08,1.00,0.99,0.96,0.92,0.86,0.58,0.22,projected
Barnsley,2021-07-09,1.00,0.99,0.96,0.92,0.86,0.58,0.22,projected
Barnsley,2021-07-10,1.00,0.99,0.96,0.92,0.86,0.58,0.22,projected
Barnsley,2021-07-11,1.00,0.99,0.96,0.92,0.86,0.58,0.22,projected
Barnsley,2021-07-12,1.00,0.99,0.96,0.92,0.86,0.58,0.22,projected
Barnsley,2021-07-13,0.97,0.94,0.90,0.84,0.77,0.53,0.23,projected
Barnsley,2021-07-14,0.97,0.94,0.90,0.84,0.77,0.53,0.23,projected
Barnsley,2021-07-15,0.97,0.94,0.90,0.84,0.77,0.53,0.23,projected
Barnsley,2021-07-16,0.97,0.94,0.90,0.84,0.77,0.53,0.23,projected
Barnsley,2021-07-17,0.97,0.94,0.90,0.84,0.77,0.53,0.23,projected
Barnsley,2021-07-18,0.97,0.94,0.90,0.84,0.77,0.53,0.23,projected
Barnsley,2021-07-19,0.97,0.94,0.90,0.84,0.77,0.53,0.23,projected
Barnsley,2021-07-20,0.95,0.91,0.86,0.79,0.72,0.49,0.24,projected
Barnsley,2021-07-21,0.95,0.91,0.86,0.79,0.72,0.49,0.24,projected
Barnsley,2021-07-22,0.95,0.91,0.86,0.79,0.72,0.49,0.24,projected
Barnsley,2021-07-23,0.95,0.91,0.86,0.79,0.72,0.49,0.24,projected
Barnsley,2021-07-24,0.95,0.91,0.86,0.79,0.72,0.49,0.24,projected
Barnsley,2021-07-25,0.95,0.91,0.86,0.79,0.72,0.49,0.24,projected
Barnsley,2021-07-26,0.95,0.91,0.86,0.79,0.72,0.49,0.24,projected
Barrow-in-Furness,2021-03-23,0.75,0.56,0.36,0.20,0.10,0.01,0.00,inferred
Barrow-in-Furness,2021-03-24,0.75,0.56,0.36,0.20,0.10,0.01,0.00,inferred
Barrow-in-Furness,2021-03-25,0.75,0.56,0.36,0.20,0.10,0.01,0.00,inferred
Barrow-in-Furness,2021-03-26,0.75,0.56,0.36,0.20,0.10,0.01,0.00,inferred
Barrow-in-Furness,2021-03-27,0.75,0.56,0.36,0.20,0.10,0.01,0.00,inferred
Barrow-in-Furness,2021-03-28,0.75,0.56,0.36,0.20,0.10,0.01,0.00,inferred
Barrow-in-Furness,2021-03-29,0.75,0.56,0.36,0.20,0.10,0.01,0.00,inferred
Barrow-in-Furness,2021-03-30,0.54,0.35,0.18,0.09,0.05,0.00,0.00,inferred
Barrow-in-Furness,2021-03-31,0.54,0.35,0.18,0.09,0.05,0.00,0.00,inferred
Barrow-in-Furness,2021-04-01,0.54,0.35,0.18,0.09,0.05,0.00,0.00,inferred
Barrow-in-Furness,2021-04-02,0.54,0.35,0.18,0.09,0.05,0.00,0.00,inferred
Barrow-in-Furness,2021-04-03,0.54,0.35,0.18,0.09,0.05,0.00,0.00,inferred
Barrow-in-Furness,2021-04-04,0.54,0.35,0.18,0.09,0.05,0.00,0.00,inferred
Barrow-in-Furness,2021-04-05,0.54,0.35,0.18,0.09,0.05,0.00,0.00,inferred
Barrow-in-Furness,2021-04-06,0.33,0.17,0.08,0.03,0.01,0.00,0.00,inferred
Barrow-in-Furness,2021-04-07,0.33,0.17,0.08,0.03,0.01,0.00,0.00,inferred
Barrow-in-Furness,2021-04-08,0.33,0.17,0.08,0.03,0.01,0.00,0.00,inferred
Barrow-in-Furness,2021-04-09,0.33,0.17,0.08,0.03,0.01,0.00,0.00,inferred
Barrow-in-Furness,2021-04-10,0.33,0.17,0.08,0.03,0.01,0.00,0.00,inferred
Barrow-in-Furness,2021-04-11,0.33,0.17,0.08,0.03,0.01,0.00,0.00,inferred
Barrow-in-Furness,2021-04-12,0.33,0.17,0.08,0.03,0.01,0.00,0.00,inferred
Barrow-in-Furness,2021-04-13,0.29,0.15,0.08,0.04,0.02,0.00,0.00,inferred
Barrow-in-Furness,2021-04-14,0.29,0.15,0.08,0.04,0.02,0.00,0.00,inferred
Barrow-in-Furness,2021-04-15,0.29,0.15,0.08,0.04,0.02,0.00,0.00,inferred
Barrow-in-Furness,2021-04-16,0.29,0.15,0.08,0.04,0.02,0.00,0.00,inferred
Barrow-in-Furness,2021-04-17,0.29,0.15,0.08,0.04,0.02,0.00,0.00,inferred
Barrow-in-Furness,2021-04-18,0.29,0.15,0.08,0.04,0.02,0.00,0.00,inferred
Barrow-in-Furness,2021-04-19,0.29,0.15,0.08,0.04,0.02,0.00,0.00,inferred
Barrow-in-Furness,2021-04-20,0.47,0.30,0.18,0.11,0.05,0.00,0.00,inferred
Barrow-in-Furness,2021-04-21,0.47,0.30,0.18,0.11,0.05,0.00,0.00,inferred
Barrow-in-Furness,2021-04-22,0.47,0.30,0.18,0.11,0.05,0.00,0.00,inferred
Barrow-in-Furness,2021-04-23,0.47,0.30,0.18,0.11,0.05,0.00,0.00,inferred
Barrow-in-Furness,2021-04-24,0.47,0.30,0.18,0.11,0.05,0.00,0.00,inferred
Barrow-in-Furness,2021-04-25,0.47,0.30,0.18,0.11,0.05,0.00,0.00,inferred
Barrow-in-Furness,2021-04-26,0.47,0.30,0.18,0.11,0.05,0.00,0.00,inferred
Barrow-in-Furness,2021-04-27,0.73,0.57,0.42,0.28,0.18,0.04,0.00,inferred
Barrow-in-Furness,2021-04-28,0.73,0.57,0.42,0.28,0.18,0.04,0.00,inferred
Barrow-in-Furness,2021-04-29,0.73,0.57,0.42,0.28,0.18,0.04,0.00,inferred
Barrow-in-Furness,2021-04-30,0.73,0.57,0.42,0.28,0.18,0.04,0.00,inferred
Barrow-in-Furness,2021-05-01,0.73,0.57,0.42,0.28,0.18,0.04,0.00,inferred
Barrow-in-Furness,2021-05-02,0.73,0.57,0.42,0.28,0.18,0.04,0.00,inferred
Barrow-in-Furness,2021-05-03,0.73,0.57,0.42,0.28,0.18,0.04,0.00,inferred
Barrow-in-Furness,2021-05-04,0.82,0.70,0.56,0.40,0.27,0.08,0.00,inferred
Barrow-in-Furness,2021-05-05,0.82,0.70,0.56,0.40,0.27,0.08,0.00,inferred
Barrow-in-Furness,2021-05-06,0.82,0.70,0.56,0.40,0.27,0.08,0.00,inferred
Barrow-in-Furness,2021-05-07,0.82,0.70,0.56,0.40,0.27,0.08,0.00,inferred
Barrow-in-Furness,2021-05-08,0.82,0.70,0.56,0.40,0.27,0.08,0.00,inferred
Barrow-in-Furness,2021-05-09,0.82,0.70,0.56,0.40,0.27,0.08,0.00,inferred
Barrow-in-Furness,2021-05-10,0.82,0.70,0.56,0.40,0.27,0.08,0.00,inferred
Barrow-in-Furness,2021-05-11,0.83,0.70,0.57,0.42,0.30,0.09,0.00,inferred
Barrow-in-Furness,2021-05-12,0.83,0.70,0.57,0.42,0.30,0.09,0.00,inferred
Barrow-in-Furness,2021-05-13,0.83,0.70,0.57,0.42,0.30,0.09,0.00,inferred
Barrow-in-Furness,2021-05-14,0.83,0.70,0.57,0.42,0.30,0.09,0.00,inferred
Barrow-in-Furness,2021-05-15,0.83,0.70,0.57,0.42,0.30,0.09,0.00,inferred
Barrow-in-Furness,2021-05-16,0.83,0.70,0.57,0.42,0.30,0.09,0.00,inferred
Barrow-in-Furness,2021-05-17,0.83,0.70,0.57,0.42,0.30,0.09,0.00,inferred
Barrow-in-Furness,2021-05-18,0.95,0.90,0.83,0.73,0.61,0.28,0.03,inferred
Barrow-in-Furness,2021-05-19,0.95,0.90,0.83,0.73,0.61,0.28,0.03,inferred
Barrow-in-Furness,2021-05-20,0.95,0.90,0.83,0.73,0.61,0.28,0.03,inferred
Barrow-in-Furness,2021-05-21,0.95,0.90,0.83,0.73,0.61,0.28,0.03,inferred
Barrow-in-Furness,2021-05-22,0.95,0.90,0.83,0.73,0.61,0.28,0.03,inferred
Barrow-in-Furness,2021-05-23,0.95,0.90,0.83,0.73,0.61,0.28,0.03,inferred
Barrow-in-Furness,2021-05-24,0.95,0.90,0.83,0.73,0.61,0.28,0.03,inferred
Barrow-in-Furness,2021-05-25,1.00,1.00,1.00,0.99,0.97,0.84,0.37,inferred
Barrow-in-Furness,2021-05-26,1.00,1.00,1.00,0.99,0.97,0.84,0.37,inferred
Barrow-in-Furness,2021-05-27,1.00,1.00,1.00,0.99,0.97,0.84,0.37,inferred
Barrow-in-Furness,2021-05-28,1.00,1.00,1.00,0.99,0.97,0.84,0.37,inferred
Barrow-in-Furness,2021-05-29,1.00,1.00,1.00,0.99,0.97,0.84,0.37,inferred
Barrow-in-Furness,2021-05-30,1.00,1.00,1.00,0.99,0.97,0.84,0.37,inferred
Barrow-in-Furness,2021-05-31,1.00,1.00,1.00,0.99,0.97,0.84,0.37,inferred
Barrow-in-Furness,2021-06-01,1.00,1.00,1.00,1.00,1.00,1.00,0.86,inferred
Barrow-in-Furness,2021-06-02,1.00,1.00,1.00,1.00,1.00,1.00,0.86,inferred
Barrow-in-Furness,2021-06-03,1.00,1.00,1.00,1.00,1.00,1.00,0.86,inferred
Barrow-in-Furness,2021-06-04,1.00,1.00,1.00,1.00,1.00,1.00,0.86,inferred
Barrow-in-Furness,2021-06-05,1.00,1.00,1.00,1.00,1.00,1.00,0.86,inferred
Barrow-in-Furness,2021-06-06,1.00,1.00,1.00,1.00,1.00,1.00,0.86,inferred
Barrow-in-Furness,2021-06-07,1.00,1.00,1.00,1.00,1.00,1.00,0.86,inferred
Barrow-in-Furness,2021-06-08,1.00,1.00,1.00,1.00,1.00,0.94,0.57,inferred
Barrow-in-Furness,2021-06-09,1.00,1.00,1.00,1.00,1.00,0.94,0.57,inferred
Barrow-in-Furness,2021-06-10,1.00,1.00,1.00,1.00,1.00,0.94,0.57,inferred
Barrow-in-Furness,2021-06-11,1.00,1.00,1.00,1.00,1.00,0.94,0.57,inferred
Barrow-in-Furness,2021-06-12,1.00,1.00,1.00,1.00,1.00,0.94,0.57,inferred
Barrow-in-Furness,2021-06-13,1.00,1.00,1.00,1.00,1.00,0.94,0.57,inferred
Barrow-in-Furness,2021-06-14,1.00,1.00,1.00,1.00,1.00,0.94,0.57,inferred
Barrow-in-Furness,2021-06-15,1.00,1.00,1.00,0.99,0.96,0.66,0.08,inferred
Barrow-in-Furness,2021-06-16,1.00,1.00,1.00,0.99,0.96,0.66,0.08,inferred
Barrow-in-Furness,2021-06-17,1.00,1.00,1.00,0.99,0.96,0.66,0.08,inferred
Barrow-in-Furness,2021-06-18,1.00,1.00,1.00,0.99,0.96,0.66,0.08,inferred
Barrow-in-Furness,2021-06-19,1.00,1.00,1.00,0.99,0.96,0.66,0.08,inferred
Barrow-in-Furness,2021-06-20,1.00,1.00,1.00,0.99,0.96,0.66,0.08,inferred
Barrow-in-Furness,2021-06-21,1.00,1.00,1.00,0.99,0.96,0.66,0.08,inferred
Barrow-in-Furness,2021-06-22,1.00,1.00,0.98,0.89,0.72,0.17,0.00,inferred
Barrow-in-Furness,2021-06-23,1.00,1.00,0.98,0.89,0.72,0.17,0.00,inferred
Barrow-in-Furness,2021-06-24,1.00,1.00,0.98,0.89,0.72,0.17,0.00,inferred
Barrow-in-Furness,2021-06-25,1.00,1.00,0.98,0.89,0.72,0.17,0.00,inferred
Barrow-in-Furness,2021-06-26,1.00,1.00,0.98,0.89,0.72,0.17,0.00,inferred
Barrow-in-Furness,2021-06-27,1.00,1.00,0.98,0.89,0.72,0.17,0.00,inferred
Barrow-in-Furness,2021-06-28,1.00,1.00,0.98,0.89,0.72,0.17,0.00,inferred
Barrow-in-Furness,2021-06-29,0.94,0.87,0.73,0.54,0.37,0.08,0.00,inferred
Barrow-in-Furness,2021-06-30,0.94,0.87,0.73,0.54,0.37,0.08,0.00,inferred
Barrow-in-Furness,2021-07-01,0.94,0.87,0.73,0.54,0.37,0.08,0.00,inferred
Barrow-in-Furness,2021-07-02,0.94,0.87,0.73,0.54,0.37,0.08,0.00,inferred
Barrow-in-Furness,2021-07-03,0.94,0.87,0.73,0.54,0.37,0.08,0.00,inferred
Barrow-in-Furness,2021-07-04,0.94,0.87,0.73,0.54,0.37,0.08,0.00,inferred
Barrow-in-Furness,2021-07-05,0.94,0.87,0.73,0.54,0.37,0.08,0.00,inferred
Barrow-in-Furness,2021-07-06,0.88,0.79,0.67,0.56,0.43,0.19,0.03,projected
Barrow-in-Furness,2021-07-07,0.88,0.79,0.67,0.56,0.43,0.19,0.03,projected
Barrow-in-Furness,2021-07-08,0.88,0.79,0.67,0.56,0.43,0.19,0.03,projected
Barrow-in-Furness,2021-07-09,0.88,0.79,0.67,0.56,0.43,0.19,0.03,projected
Barrow-in-Furness,2021-07-10,0.88,0.79,0.67,0.56,0.43,0.19,0.03,projected
Barrow-in-Furness,2021-07-11,0.88,0.79,0.67,0.56,0.43,0.19,0.03,projected
Barrow-in-Furness,2021-07-12,0.88,0.79,0.67,0.56,0.43,0.19,0.03,projected
Barrow-in-Furness,2021-07-13,0.86,0.78,0.68,0.59,0.49,0.24,0.07,projected
Barrow-in-Furness,2021-07-14,0.86,0.78,0.68,0.59,0.49,0.24,0.07,projected
Barrow-in-Furness,2021-07-15,0.86,0.78,0.68,0.59,0.49,0.24,0.07,projected
Barrow-in-Furness,2021-07-16,0.86,0.78,0.68,0.59,0.49,0.24,0.07,projected
Barrow-in-Furness,2021-07-17,0.86,0.78,0.68,0.59,0.49,0.24,0.07,projected
Barrow-in-Furness,2021-07-18,0.86,0.78,0.68,0.59,0.49,0.24,0.07,projected
Barrow-in-Furness,2021-07-19,0.86,0.78,0.68,0.59,0.49,0.24,0.07,projected
Barrow-in-Furness,2021-07-20,0.90,0.83,0.75,0.67,0.57,0.35,0.13,projected
Barrow-in-Furness,2021-07-21,0.90,0.83,0.75,0.67,0.57,0.35,0.13,projected
Barrow-in-Furness,2021-07-22,0.90,0.83,0.75,0.67,0.57,0.35,0.13,projected
Barrow-in-Furness,2021-07-23,0.90,0.83,0.75,0.67,0.57,0.35,0.13,projected
Barrow-in-Furness,2021-07-24,0.90,0.83,0.75,0.67,0.57,0.35,0.13,projected
Barrow-in-Furness,2021-07-25,0.90,0.83,0.75,0.67,0.57,0.35,0.13,projected
Barrow-in-Furness,2021-07-26,0.90,0.83,0.75,0.67,0.57,0.35,0.13,projected
Basildon,2021-03-23,0.31,0.12,0.03,0.01,0.00,0.00,0.00,inferred
Basildon,2021-03-24,0.31,0.12,0.03,0.01,0.00,0.00,0.00,inferred
Basildon,2021-03-25,0.31,0.12,0.03,0.01,0.00,0.00,0.00,inferred
Basildon,2021-03-26,0.31,0.12,0.03,0.01,0.00,0.00,0.00,inferred
Basildon,2021-03-27,0.31,0.12,0.03,0.01,0.00,0.00,0.00,inferred
Basildon,2021-03-28,0.31,0.12,0.03,0.01,0.00,0.00,0.00,inferred
Basildon,2021-03-29,0.31,0.12,0.03,0.01,0.00,0.00,0.00,inferred
Basildon,2021-03-30,0.88,0.71,0.49,0.28,0.14,0.01,0.00,inferred
Basildon,2021-03-31,0.88,0.71,0.49,0.28,0.14,0.01,0.00,inferred
Basildon,2021-04-01,0.88,0.71,0.49,0.28,0.14,0.01,0.00,inferred
Basildon,2021-04-02,0.88,0.71,0.49,0.28,0.14,0.01,0.00,inferred
Basildon,2021-04-03,0.88,0.71,0.49,0.28,0.14,0.01,0.00,inferred
Basildon,2021-04-04,0.88,0.71,0.49,0.28,0.14,0.01,0.00,inferred
Basildon,2021-04-05,0.88,0.71,0.49,0.28,0.14,0.01,0.00,inferred
Basildon,2021-04-06,0.49,0.29,0.12,0.05,0.01,0.00,0.00,inferred
Basildon,2021-04-07,0.49,0.29,0.12,0.05,0.01,0.00,0.00,inferred
Basildon,2021-04-08,0.49,0.29,0.12,0.05,0.01,0.00,0.00,inferred
Basildon,2021-04-09,0.49,0.29,0.12,0.05,0.01,0.00,0.00,inferred
Basildon,2021-04-10,0.49,0.29,0.12,0.05,0.01,0.00,0.00,inferred
Basildon,2021-04-11,0.49,0.29,0.12,0.05,0.01,0.00,0.00,inferred
Basildon,2021-04-12,0.49,0.29,0.12,0.05,0.01,0.00,0.00,inferred
Basildon,2021-04-13,0.78,0.60,0.39,0.21,0.10,0.01,0.00,inferred
Basildon,2021-04-14,0.78,0.60,0.39,0.21,0.10,0.01,0.00,inferred
Basildon,2021-04-15,0.78,0.60,0.39,0.21,0.10,0.01,0.00,inferred
Basildon,2021-04-16,0.78,0.60,0.39,0.21,0.10,0.01,0.00,inferred
Basildon,2021-04-17,0.78,0.60,0.39,0.21,0.10,0.01,0.00,inferred
Basildon,2021-04-18,0.78,0.60,0.39,0.21,0.10,0.01,0.00,inferred
Basildon,2021-04-19,0.78,0.60,0.39,0.21,0.10,0.01,0.00,inferred
Basildon,2021-04-20,0.60,0.40,0.22,0.11,0.04,0.00,0.00,inferred
Basildon,2021-04-21,0.60,0.40,0.22,0.11,0.04,0.00,0.00,inferred
Basildon,2021-04-22,0.60,0.40,0.22,0.11,0.04,0.00,0.00,inferred
Basildon,2021-04-23,0.60,0.40,0.22,0.11,0.04,0.00,0.00,inferred
Basildon,2021-04-24,0.60,0.40,0.22,0.11,0.04,0.00,0.00,inferred
Basildon,2021-04-25,0.60,0.40,0.22,0.11,0.04,0.00,0.00,inferred
Basildon,2021-04-26,0.60,0.40,0.22,0.11,0.04,0.00,0.00,inferred
Basildon,2021-04-27,0.71,0.51,0.32,0.17,0.08,0.00,0.00,inferred
Basildon,2021-04-28,0.71,0.51,0.32,0.17,0.08,0.00,0.00,inferred
Basildon,2021-04-29,0.71,0.51,0.32,0.17,0.08,0.00,0.00,inferred
Basildon,2021-04-30,0.71,0.51,0.32,0.17,0.08,0.00,0.00,inferred
Basildon,2021-05-01,0.71,0.51,0.32,0.17,0.08,0.00,0.00,inferred
Basildon,2021-05-02,0.71,0.51,0.32,0.17,0.08,0.00,0.00,inferred
Basildon,2021-05-03,0.71,0.51,0.32,0.17,0.08,0.00,0.00,inferred
Basildon,2021-05-04,0.83,0.67,0.46,0.28,0.16,0.01,0.00,inferred
Basildon,2021-05-05,0.83,0.67,0.46,0.28,0.16,0.01,0.00,inferred
Basildon,2021-05-06,0.83,0.67,0.46,0.28,0.16,0.01,0.00,inferred
Basildon,2021-05-07,0.83,0.67,0.46,0.28,0.16,0.01,0.00,inferred
Basildon,2021-05-08,0.83,0.67,0.46,0.28,0.16,0.01,0.00,inferred
Basildon,2021-05-09,0.83,0.67,0.46,0.28,0.16,0.01,0.00,inferred
Basildon,2021-05-10,0.83,0.67,0.46,0.28,0.16,0.01,0.00,inferred
Basildon,2021-05-11,0.62,0.41,0.25,0.13,0.06,0.00,0.00,inferred
Basildon,2021-05-12,0.62,0.41,0.25,0.13,0.06,0.00,0.00,inferred
Basildon,2021-05-13,0.62,0.41,0.25,0.13,0.06,0.00,0.00,inferred
Basildon,2021-05-14,0.62,0.41,0.25,0.13,0.06,0.00,0.00,inferred
Basildon,2021-05-15,0.62,0.41,0.25,0.13,0.06,0.00,0.00,inferred
Basildon,2021-05-16,0.62,0.41,0.25,0.13,0.06,0.00,0.00,inferred
Basildon,2021-05-17,0.62,0.41,0.25,0.13,0.06,0.00,0.00,inferred
Basildon,2021-05-18,0.95,0.89,0.78,0.62,0.46,0.10,0.00,inferred
Basildon,2021-05-19,0.95,0.89,0.78,0.62,0.46,0.10,0.00,inferred
Basildon,2021-05-20,0.95,0.89,0.78,0.62,0.46,0.10,0.00,inferred
Basildon,2021-05-21,0.95,0.89,0.78,0.62,0.46,0.10,0.00,inferred
Basildon,2021-05-22,0.95,0.89,0.78,0.62,0.46,0.10,0.00,inferred
Basildon,2021-05-23,0.95,0.89,0.78,0.62,0.46,0.10,0.00,inferred
Basildon,2021-05-24,0.95,0.89,0.78,0.62,0.46,0.10,0.00,inferred
Basildon,2021-05-25,0.99,0.97,0.92,0.84,0.74,0.33,0.03,inferred
Basildon,2021-05-26,0.99,0.97,0.92,0.84,0.74,0.33,0.03,inferred
Basildon,2021-05-27,0.99,0.97,0.92,0.84,0.74,0.33,0.03,inferred
Basildon,2021-05-28,0.99,0.97,0.92,0.84,0.74,0.33,0.03,inferred
Basildon,2021-05-29,0.99,0.97,0.92,0.84,0.74,0.33,0.03,inferred
Basildon,2021-05-30,0.99,0.97,0.92,0.84,0.74,0.33,0.03,inferred
Basildon,2021-05-31,0.99,0.97,0.92,0.84,0.74,0.33,0.03,inferred
Basildon,2021-06-01,1.00,0.99,0.97,0.92,0.82,0.40,0.04,inferred
Basildon,2021-06-02,1.00,0.99,0.97,0.92,0.82,0.40,0.04,inferred
Basildon,2021-06-03,1.00,0.99,0.97,0.92,0.82,0.40,0.04,inferred
Basildon,2021-06-04,1.00,0.99,0.97,0.92,0.82,0.40,0.04,inferred
Basildon,2021-06-05,1.00,0.99,0.97,0.92,0.82,0.40,0.04,inferred
Basildon,2021-06-06,1.00,0.99,0.97,0.92,0.82,0.40,0.04,inferred
Basildon,2021-06-07,1.00,0.99,0.97,0.92,0.82,0.40,0.04,inferred
Basildon,2021-06-08,1.00,1.00,0.99,0.97,0.90,0.46,0.03,inferred
Basildon,2021-06-09,1.00,1.00,0.99,0.97,0.90,0.46,0.03,inferred
Basildon,2021-06-10,1.00,1.00,0.99,0.97,0.90,0.46,0.03,inferred
Basildon,2021-06-11,1.00,1.00,0.99,0.97,0.90,0.46,0.03,inferred
Basildon,2021-06-12,1.00,1.00,0.99,0.97,0.90,0.46,0.03,inferred
Basildon,2021-06-13,1.00,1.00,0.99,0.97,0.90,0.46,0.03,inferred
Basildon,2021-06-14,1.00,1.00,0.99,0.97,0.90,0.46,0.03,inferred
Basildon,2021-06-15,1.00,1.00,1.00,1.00,1.00,1.00,0.95,inferred
Basildon,2021-06-16,1.00,1.00,1.00,1.00,1.00,1.00,0.95,inferred
Basildon,2021-06-17,1.00,1.00,1.00,1.00,1.00,1.00,0.95,inferred
Basildon,2021-06-18,1.00,1.00,1.00,1.00,1.00,1.00,0.95,inferred
Basildon,2021-06-19,1.00,1.00,1.00,1.00,1.00,1.00,0.95,inferred
Basildon,2021-06-20,1.00,1.00,1.00,1.00,1.00,1.00,0.95,inferred
Basildon,2021-06-21,1.00,1.00,1.00,1.00,1.00,1.00,0.95,inferred
Basildon,2021-06-22,1.00,1.00,1.00,1.00,1.00,1.00,0.84,inferred
Basildon,2021-06-23,1.00,1.00,1.00,1.00,1.00,1.00,0.84,inferred
Basildon,2021-06-24,1.00,1.00,1.00,1.00,1.00,1.00,0.84,inferred
Basildon,2021-06-25,1.00,1.00,1.00,1.00,1.00,1.00,0.84,inferred
Basildon,2021-06-26,1.00,1.00,1.00,1.00,1.00,1.00,0.84,inferred
Basildon,2021-06-27,1.00,1.00,1.00,1.00,1.00,1.00,0.84,inferred
Basildon,2021-06-28,1.00,1.00,1.00,1.00,1.00,1.00,0.84,inferred
Basildon,2021-06-29,1.00,1.00,1.00,1.00,1.00,0.93,0.55,inferred
Basildon,2021-06-30,1.00,1.00,1.00,1.00,1.00,0.93,0.55,inferred
Basildon,2021-07-01,1.00,1.00,1.00,1.00,1.00,0.93,0.55,inferred
Basildon,2021-07-02,1.00,1.00,1.00,1.00,1.00,0.93,0.55,inferred
Basildon,2021-07-03,1.00,1.00,1.00,1.00,1.00,0.93,0.55,inferred
Basildon,2021-07-04,1.00,1.00,1.00,1.00,1.00,0.93,0.55,inferred
Basildon,2021-07-05,1.00,1.00,1.00,1.00,1.00,0.93,0.55,inferred
Basildon,2021-07-06,1.00,1.00,1.00,0.99,0.97,0.81,0.42,projected
Basildon,2021-07-07,1.00,1.00,1.00,0.99,0.97,0.81,0.42,projected
Basildon,2021-07-08,1.00,1.00,1.00,0.99,0.97,0.81,0.42,projected
Basildon,2021-07-09,1.00,1.00,1.00,0.99,0.97,0.81,0.42,projected
Basildon,2021-07-10,1.00,1.00,1.00,0.99,0.97,0.81,0.42,projected
Basildon,2021-07-11,1.00,1.00,1.00,0.99,0.97,0.81,0.42,projected
Basildon,2021-07-12,1.00,1.00,1.00,0.99,0.97,0.81,0.42,projected
Basildon,2021-07-13,1.00,0.99,0.98,0.96,0.94,0.74,0.37,projected
Basildon,2021-07-14,1.00,0.99,0.98,0.96,0.94,0.74,0.37,projected
Basildon,2021-07-15,1.00,0.99,0.98,0.96,0.94,0.74,0.37,projected
Basildon,2021-07-16,1.00,0.99,0.98,0.96,0.94,0.74,0.37,projected
Basildon,2021-07-17,1.00,0.99,0.98,0.96,0.94,0.74,0.37,projected
Basildon,2021-07-18,1.00,0.99,0.98,0.96,0.94,0.74,0.37,projected
Basildon,2021-07-19,1.00,0.99,0.98,0.96,0.94,0.74,0.37,projected
Basildon,2021-07-20,1.00,0.99,0.97,0.93,0.89,0.69,0.33,projected
Basildon,2021-07-21,1.00,0.99,0.97,0.93,0.89,0.69,0.33,projected
Basildon,2021-07-22,1.00,0.99,0.97,0.93,0.89,0.69,0.33,projected
Basildon,2021-07-23,1.00,0.99,0.97,0.93,0.89,0.69,0.33,projected
Basildon,2021-07-24,1.00,0.99,0.97,0.93,0.89,0.69,0.33,projected
Basildon,2021-07-25,1.00,0.99,0.97,0.93,0.89,0.69,0.33,projected
Basildon,2021-07-26,1.00,0.99,0.97,0.93,0.89,0.69,0.33,projected
Basingstoke and Deane,2021-03-23,0.14,0.02,0.00,0.00,0.00,0.00,0.00,inferred
Basingstoke and Deane,2021-03-24,0.14,0.02,0.00,0.00,0.00,0.00,0.00,inferred
Basingstoke and Deane,2021-03-25,0.14,0.02,0.00,0.00,0.00,0.00,0.00,inferred
Basingstoke and Deane,2021-03-26,0.14,0.02,0.00,0.00,0.00,0.00,0.00,inferred
Basingstoke and Deane,2021-03-27,0.14,0.02,0.00,0.00,0.00,0.00,0.00,inferred
Basingstoke and Deane,2021-03-28,0.14,0.02,0.00,0.00,0.00,0.00,0.00,inferred
Basingstoke and Deane,2021-03-29,0.14,0.02,0.00,0.00,0.00,0.00,0.00,inferred
Basingstoke and Deane,2021-03-30,0.19,0.06,0.02,0.00,0.00,0.00,0.00,inferred
Basingstoke and Deane,2021-03-31,0.19,0.06,0.02,0.00,0.00,0.00,0.00,inferred
Basingstoke and Deane,2021-04-01,0.19,0.06,0.02,0.00,0.00,0.00,0.00,inferred
Basingstoke and Deane,2021-04-02,0.19,0.06,0.02,0.00,0.00,0.00,0.00,inferred
Basingstoke and Deane,2021-04-03,0.19,0.06,0.02,0.00,0.00,0.00,0.00,inferred
Basingstoke and Deane,2021-04-04,0.19,0.06,0.02,0.00,0.00,0.00,0.00,inferred
Basingstoke and Deane,2021-04-05,0.19,0.06,0.02,0.00,0.00,0.00,0.00,inferred
Basingstoke and Deane,2021-04-06,0.44,0.24,0.10,0.04,0.01,0.00,0.00,inferred
Basingstoke and Deane,2021-04-07,0.44,0.24,0.10,0.04,0.01,0.00,0.00,inferred
Basingstoke and Deane,2021-04-08,0.44,0.24,0.10,0.04,0.01,0.00,0.00,inferred
Basingstoke and Deane,2021-04-09,0.44,0.24,0.10,0.04,0.01,0.00,0.00,inferred
Basingstoke and Deane,2021-04-10,0.44,0.24,0.10,0.04,0.01,0.00,0.00,inferred
Basingstoke and Deane,2021-04-11,0.44,0.24,0.10,0.04,0.01,0.00,0.00,inferred
Basingstoke and Deane,2021-04-12,0.44,0.24,0.10,0.04,0.01,0.00,0.00,inferred
Basingstoke and Deane,2021-04-13,0.74,0.53,0.33,0.18,0.08,0.00,0.00,inferred
Basingstoke and Deane,2021-04-14,0.74,0.53,0.33,0.18,0.08,0.00,0.00,inferred
Basingstoke and Deane,2021-04-15,0.74,0.53,0.33,0.18,0.08,0.00,0.00,inferred
Basingstoke and Deane,2021-04-16,0.74,0.53,0.33,0.18,0.08,0.00,0.00,inferred
Basingstoke and Deane,2021-04-17,0.74,0.53,0.33,0.18,0.08,0.00,0.00,inferred
Basingstoke and Deane,2021-04-18,0.74,0.53,0.33,0.18,0.08,0.00,0.00,inferred
Basingstoke and Deane,2021-04-19,0.74,0.53,0.33,0.18,0.08,0.00,0.00,inferred
Basingstoke and Deane,2021-04-20,0.39,0.22,0.09,0.03,0.01,0.00,0.00,inferred
Basingstoke and Deane,2021-04-21,0.39,0.22,0.09,0.03,0.01,0.00,0.00,inferred
Basingstoke and Deane,2021-04-22,0.39,0.22,0.09,0.03,0.01,0.00,0.00,inferred
Basingstoke and Deane,2021-04-23,0.39,0.22,0.09,0.03,0.01,0.00,0.00,inferred
Basingstoke and Deane,2021-04-24,0.39,0.22,0.09,0.03,0.01,0.00,0.00,inferred
Basingstoke and Deane,2021-04-25,0.39,0.22,0.09,0.03,0.01,0.00,0.00,inferred
Basingstoke and Deane,2021-04-26,0.39,0.22,0.09,0.03,0.01,0.00,0.00,inferred
Basingstoke and Deane,2021-04-27,0.21,0.09,0.03,0.01,0.00,0.00,0.00,inferred
Basingstoke and Deane,2021-04-28,0.21,0.09,0.03,0.01,0.00,0.00,0.00,inferred
Basingstoke and Deane,2021-04-29,0.21,0.09,0.03,0.01,0.00,0.00,0.00,inferred
Basingstoke and Deane,2021-04-30,0.21,0.09,0.03,0.01,0.00,0.00,0.00,inferred
Basingstoke and Deane,2021-05-01,0.21,0.09,0.03,0.01,0.00,0.00,0.00,inferred
Basingstoke and Deane,2021-05-02,0.21,0.09,0.03,0.01,0.00,0.00,0.00,inferred
Basingstoke and Deane,2021-05-03,0.21,0.09,0.03,0.01,0.00,0.00,0.00,inferred
Basingstoke and Deane,2021-05-04,0.60,0.42,0.27,0.17,0.10,0.01,0.00,inferred
Basingstoke and Deane,2021-05-05,0.60,0.42,0.27,0.17,0.10,0.01,0.00,inferred
Basingstoke and Deane,2021-05-06,0.60,0.42,0.27,0.17,0.10,0.01,0.00,inferred
Basingstoke and Deane,2021-05-07,0.60,0.42,0.27,0.17,0.10,0.01,0.00,inferred
Basingstoke and Deane,2021-05-08,0.60,0.42,0.27,0.17,0.10,0.01,0.00,inferred
Basingstoke and Deane,2021-05-09,0.60,0.42,0.27,0.17,0.10,0.01,0.00,inferred
Basingstoke and Deane,2021-05-10,0.60,0.42,0.27,0.17,0.10,0.01,0.00,inferred
Basingstoke and Deane,2021-05-11,0.95,0.89,0.80,0.67,0.55,0.20,0.02,inferred
Basingstoke and Deane,2021-05-12,0.95,0.89,0.80,0.67,0.55,0.20,0.02,inferred
Basingstoke and Deane,2021-05-13,0.95,0.89,0.80,0.67,0.55,0.20,0.02,inferred
Basingstoke and Deane,2021-05-14,0.95,0.89,0.80,0.67,0.55,0.20,0.02,inferred
Basingstoke and Deane,2021-05-15,0.95,0.89,0.80,0.67,0.55,0.20,0.02,inferred
Basingstoke and Deane,2021-05-16,0.95,0.89,0.80,0.67,0.55,0.20,0.02,inferred
Basingstoke and Deane,2021-05-17,0.95,0.89,0.80,0.67,0.55,0.20,0.02,inferred
Basingstoke and Deane,2021-05-18,1.00,1.00,1.00,0.99,0.97,0.79,0.28,inferred
Basingstoke and Deane,2021-05-19,1.00,1.00,1.00,0.99,0.97,0.79,0.28,inferred
Basingstoke and Deane,2021-05-20,1.00,1.00,1.00,0.99,0.97,0.79,0.28,inferred
Basingstoke and Deane,2021-05-21,1.00,1.00,1.00,0.99,0.97,0.79,0.28,inferred
Basingstoke and Deane,2021-05-22,1.00,1.00,1.00,0.99,0.97,0.79,0.28,inferred
Basingstoke and Deane,2021-05-23,1.00,1.00,1.00,0.99,0.97,0.79,0.28,inferred
Basingstoke and Deane,2021-05-24,1.00,1.00,1.00,0.99,0.97,0.79,0.28,inferred
Basingstoke and Deane,2021-05-25,1.00,1.00,1.00,1.00,1.00,0.90,0.44,inferred
Basingstoke and Deane,2021-05-26,1.00,1.00,1.00,1.00,1.00,0.90,0.44,inferred
Basingstoke and Deane,2021-05-27,1.00,1.00,1.00,1.00,1.00,0.90,0.44,inferred
Basingstoke and Deane,2021-05-28,1.00,1.00,1.00,1.00,1.00,0.90,0.44,inferred
Basingstoke and Deane,2021-05-29,1.00,1.00,1.00,1.00,1.00,0.90,0.44,inferred
Basingstoke and Deane,2021-05-30,1.00,1.00,1.00,1.00,1.00,0.90,0.44,inferred
Basingstoke and Deane,2021-05-31,1.00,1.00,1.00,1.00,1.00,0.90,0.44,inferred
Basingstoke and Deane,2021-06-01,1.00,1.00,1.00,1.00,0.98,0.78,0.20,inferred
Basingstoke and Deane,2021-06-02,1.00,1.00,1.00,1.00,0.98,0.78,0.20,inferred
Basingstoke and Deane,2021-06-03,1.00,1.00,1.00,1.00,0.98,0.78,0.20,inferred
Basingstoke and Deane,2021-06-04,1.00,1.00,1.00,1.00,0.98,0.78,0.20,inferred
Basingstoke and Deane,2021-06-05,1.00,1.00,1.00,1.00,0.98,0.78,0.20,inferred
Basingstoke and Deane,2021-06-06,1.00,1.00,1.00,1.00,0.98,0.78,0.20,inferred
Basingstoke and Deane,2021-06-07,1.00,1.00,1.00,1.00,0.98,0.78,0.20,inferred
Basingstoke and Deane,2021-06-08,1.00,0.99,0.95,0.85,0.68,0.17,0.00,inferred
Basingstoke and Deane,2021-06-09,1.00,0.99,0.95,0.85,0.68,0.17,0.00,inferred
Basingstoke and Deane,2021-06-10,1.00,0.99,0.95,0.85,0.68,0.17,0.00,inferred
Basingstoke and Deane,2021-06-11,1.00,0.99,0.95,0.85,0.68,0.17,0.00,inferred
Basingstoke and Deane,2021-06-12,1.00,0.99,0.95,0.85,0.68,0.17,0.00,inferred
Basingstoke and Deane,2021-06-13,1.00,0.99,0.95,0.85,0.68,0.17,0.00,inferred
Basingstoke and Deane,2021-06-14,1.00,0.99,0.95,0.85,0.68,0.17,0.00,inferred
Basingstoke and Deane,2021-06-15,1.00,1.00,1.00,1.00,1.00,0.90,0.16,inferred
Basingstoke and Deane,2021-06-16,1.00,1.00,1.00,1.00,1.00,0.90,0.16,inferred
Basingstoke and Deane,2021-06-17,1.00,1.00,1.00,1.00,1.00,0.90,0.16,inferred
Basingstoke and Deane,2021-06-18,1.00,1.00,1.00,1.00,1.00,0.90,0.16,inferred
Basingstoke and Deane,2021-06-19,1.00,1.00,1.00,1.00,1.00,0.90,0.16,inferred
Basingstoke and Deane,2021-06-20,1.00,1.00,1.00,1.00,1.00,0.90,0.16,inferred
Basingstoke and Deane,2021-06-21,1.00,1.00,1.00,1.00,1.00,0.90,0.16,inferred
Basingstoke and Deane,2021-06-22,1.00,1.00,1.00,1.00,1.00,0.96,0.54,inferred
Basingstoke and Deane,2021-06-23,1.00,1.00,1.00,1.00,1.00,0.96,0.54,inferred
Basingstoke and Deane,2021-06-24,1.00,1.00,1.00,1.00,1.00,0.96,0.54,inferred
Basingstoke and Deane,2021-06-25,1.00,1.00,1.00,1.00,1.00,0.96,0.54,inferred
Basingstoke and Deane,2021-06-26,1.00,1.00,1.00,1.00,1.00,0.96,0.54,inferred
Basingstoke and Deane,2021-06-27,1.00,1.00,1.00,1.00,1.00,0.96,0.54,inferred
Basingstoke and Deane,2021-06-28,1.00,1.00,1.00,1.00,1.00,0.96,0.54,inferred
Basingstoke and Deane,2021-06-29,1.00,0.99,0.97,0.92,0.83,0.40,0.03,inferred
Basingstoke and Deane,2021-06-30,1.00,0.99,0.97,0.92,0.83,0.40,0.03,inferred
Basingstoke and Deane,2021-07-01,1.00,0.99,0.97,0.92,0.83,0.40,0.03,inferred
Basingstoke and Deane,2021-07-02,1.00,0.99,0.97,0.92,0.83,0.40,0.03,inferred
Basingstoke and Deane,2021-07-03,1.00,0.99,0.97,0.92,0.83,0.40,0.03,inferred
Basingstoke and Deane,2021-07-04,1.00,0.99,0.97,0.92,0.83,0.40,0.03,inferred
Basingstoke and Deane,2021-07-05,1.00,0.99,0.97,0.92,0.83,0.40,0.03,inferred
Basingstoke and Deane,2021-07-06,0.98,0.95,0.89,0.82,0.72,0.39,0.08,projected
Basingstoke and Deane,2021-07-07,0.98,0.95,0.89,0.82,0.72,0.39,0.08,projected
Basingstoke and Deane,2021-07-08,0.98,0.95,0.89,0.82,0.72,0.39,0.08,projected
Basingstoke and Deane,2021-07-09,0.98,0.95,0.89,0.82,0.72,0.39,0.08,projected
Basingstoke and Deane,2021-07-10,0.98,0.95,0.89,0.82,0.72,0.39,0.08,projected
Basingstoke and Deane,2021-07-11,0.98,0.95,0.89,0.82,0.72,0.39,0.08,projected
Basingstoke and Deane,2021-07-12,0.98,0.95,0.89,0.82,0.72,0.39,0.08,projected
Basingstoke and Deane,2021-07-13,0.97,0.92,0.86,0.76,0.67,0.38,0.11,projected
Basingstoke and Deane,2021-07-14,0.97,0.92,0.86,0.76,0.67,0.38,0.11,projected
Basingstoke and Deane,2021-07-15,0.97,0.92,0.86,0.76,0.67,0.38,0.11,projected
Basingstoke and Deane,2021-07-16,0.97,0.92,0.86,0.76,0.67,0.38,0.11,projected
Basingstoke and Deane,2021-07-17,0.97,0.92,0.86,0.76,0.67,0.38,0.11,projected
Basingstoke and Deane,2021-07-18,0.97,0.92,0.86,0.76,0.67,0.38,0.11,projected
Basingstoke and Deane,2021-07-19,0.97,0.92,0.86,0.76,0.67,0.38,0.11,projected
Basingstoke and Deane,2021-07-20,0.95,0.91,0.83,0.75,0.65,0.39,0.13,projected
Basingstoke and Deane,2021-07-21,0.95,0.91,0.83,0.75,0.65,0.39,0.13,projected
Basingstoke and Deane,2021-07-22,0.95,0.91,0.83,0.75,0.65,0.39,0.13,projected
Basingstoke and Deane,2021-07-23,0.95,0.91,0.83,0.75,0.65,0.39,0.13,projected
Basingstoke and Deane,2021-07-24,0.95,0.91,0.83,0.75,0.65,0.39,0.13,projected
Basingstoke and Deane,2021-07-25,0.95,0.91,0.83,0.75,0.65,0.39,0.13,projected
Basingstoke and Deane,2021-07-26,0.95,0.91,0.83,0.75,0.65,0.39,0.13,projected
Bassetlaw,2021-03-23,0.01,0.00,0.00,0.00,0.00,0.00,0.00,inferred
Bassetlaw,2021-03-24,0.01,0.00,0.00,0.00,0.00,0.00,0.00,inferred
Bassetlaw,2021-03-25,0.01,0.00,0.00,0.00,0.00,0.00,0.00,inferred
Bassetlaw,2021-03-26,0.01,0.00,0.00,0.00,0.00,0.00,0.00,inferred
Bassetlaw,2021-03-27,0.01,0.00,0.00,0.00,0.00,0.00,0.00,inferred
Bassetlaw,2021-03-28,0.01,0.00,0.00,0.00,0.00,0.00,0.00,inferred
Bassetlaw,2021-03-29,0.01,0.00,0.00,0.00,0.00,0.00,0.00,inferred
Bassetlaw,2021-03-30,0.56,0.29,0.12,0.04,0.01,0.00,0.00,inferred
Bassetlaw,2021-03-31,0.56,0.29,0.12,0.04,0.01,0.00,0.00,inferred
Bassetlaw,2021-04-01,0.56,0.29,0.12,0.04,0.01,0.00,0.00,inferred
Bassetlaw,2021-04-02,0.56,0.29,0.12,0.04,0.01,0.00,0.00,inferred
Bassetlaw,2021-04-03,0.56,0.29,0.12,0.04,0.01,0.00,0.00,inferred
Bassetlaw,2021-04-04,0.56,0.29,0.12,0.04,0.01,0.00,0.00,inferred
Bassetlaw,2021-04-05,0.56,0.29,0.12,0.04,0.01,0.00,0.00,inferred
Bassetlaw,2021-04-06,0.87,0.69,0.42,0.24,0.09,0.00,0.00,inferred
Bassetlaw,2021-04-07,0.87,0.69,0.42,0.24,0.09,0.00,0.00,inferred
Bassetlaw,2021-04-08,0.87,0.69,0.42,0.24,0.09,0.00,0.00,inferred
Bassetlaw,2021-04-09,0.87,0.69,0.42,0.24,0.09,0.00,0.00,inferred
Bassetlaw,2021-04-10,0.87,0.69,0.42,0.24,0.09,0.00,0.00,inferred
Bassetlaw,2021-04-11,0.87,0.69,0.42,0.24,0.09,0.00,0.00,inferred
Bassetlaw,2021-04-12,0.87,0.69,0.42,0.24,0.09,0.00,0.00,inferred
Bassetlaw,2021-04-13,0.76,0.51,0.27,0.12,0.03,0.00,0.00,inferred
Bassetlaw,2021-04-14,0.76,0.51,0.27,0.12,0.03,0.00,0.00,inferred
Bassetlaw,2021-04-15,0.76,0.51,0.27,0.12,0.03,0.00,0.00,inferred
Bassetlaw,2021-04-16,0.76,0.51,0.27,0.12,0.03,0.00,0.00,inferred
Bassetlaw,2021-04-17,0.76,0.51,0.27,0.12,0.03,0.00,0.00,inferred
Bassetlaw,2021-04-18,0.76,0.51,0.27,0.12,0.03,0.00,0.00,inferred
Bassetlaw,2021-04-19,0.76,0.51,0.27,0.12,0.03,0.00,0.00,inferred
Bassetlaw,2021-04-20,0.17,0.05,0.02,0.00,0.00,0.00,0.00,inferred
Bassetlaw,2021-04-21,0.17,0.05,0.02,0.00,0.00,0.00,0.00,inferred
Bassetlaw,2021-04-22,0.17,0.05,0.02,0.00,0.00,0.00,0.00,inferred
Bassetlaw,2021-04-23,0.17,0.05,0.02,0.00,0.00,0.00,0.00,inferred
Bassetlaw,2021-04-24,0.17,0.05,0.02,0.00,0.00,0.00,0.00,inferred
Bassetlaw,2021-04-25,0.17,0.05,0.02,0.00,0.00,0.00,0.00,inferred
Bassetlaw,2021-04-26,0.17,0.05,0.02,0.00,0.00,0.00,0.00,inferred
Bassetlaw,2021-04-27,0.46,0.25,0.11,0.05,0.01,0.00,0.00,inferred
Bassetlaw,2021-04-28,0.46,0.25,0.11,0.05,0.01,0.00,0.00,inferred
Bassetlaw,2021-04-29,0.46,0.25,0.11,0.05,0.01,0.00,0.00,inferred
Bassetlaw,2021-04-30,0.46,0.25,0.11,0.05,0.01,0.00,0.00,inferred
Bassetlaw,2021-05-01,0.46,0.25,0.11,0.05,0.01,0.00,0.00,inferred
Bassetlaw,2021-05-02,0.46,0.25,0.11,0.05,0.01,0.00,0.00,inferred
Bassetlaw,2021-05-03,0.46,0.25,0.11,0.05,0.01,0.00,0.00,inferred
Bassetlaw,2021-05-04,0.82,0.63,0.45,0.28,0.13,0.01,0.00,inferred
Bassetlaw,2021-05-05,0.82,0.63,0.45,0.28,0.13,0.01,0.00,inferred
Bassetlaw,2021-05-06,0.82,0.63,0.45,0.28,0.13,0.01,0.00,inferred
Bassetlaw,2021-05-07,0.82,0.63,0.45,0.28,0.13,0.01,0.00,inferred
Bassetlaw,2021-05-08,0.82,0.63,0.45,0.28,0.13,0.01,0.00,inferred
Bassetlaw,2021-05-09,0.82,0.63,0.45,0.28,0.13,0.01,0.00,inferred
Bassetlaw,2021-05-10,0.82,0.63,0.45,0.28,0.13,0.01,0.00,inferred
Bassetlaw,2021-05-11,0.43,0.25,0.12,0.05,0.02,0.00,0.00,inferred
Bassetlaw,2021-05-12,0.43,0.25,0.12,0.05,0.02,0.00,0.00,inferred
Bassetlaw,2021-05-13,0.43,0.25,0.12,0.05,0.02,0.00,0.00,inferred
Bassetlaw,2021-05-14,0.43,0.25,0.12,0.05,0.02,0.00,0.00,inferred
Bassetlaw,2021-05-15,0.43,0.25,0.12,0.05,0.02,0.00,0.00,inferred
Bassetlaw,2021-05-16,0.43,0.25,0.12,0.05,0.02,0.00,0.00,inferred
Bassetlaw,2021-05-17,0.43,0.25,0.12,0.05,0.02,0.00,0.00,inferred
Bassetlaw,2021-05-18,0.51,0.32,0.17,0.07,0.04,0.00,0.00,inferred
Bassetlaw,2021-05-19,0.51,0.32,0.17,0.07,0.04,0.00,0.00,inferred
Bassetlaw,2021-05-20,0.51,0.32,0.17,0.07,0.04,0.00,0.00,inferred
Bassetlaw,2021-05-21,0.51,0.32,0.17,0.07,0.04,0.00,0.00,inferred
Bassetlaw,2021-05-22,0.51,0.32,0.17,0.07,0.04,0.00,0.00,inferred
Bassetlaw,2021-05-23,0.51,0.32,0.17,0.07,0.04,0.00,0.00,inferred
Bassetlaw,2021-05-24,0.51,0.32,0.17,0.07,0.04,0.00,0.00,inferred
Bassetlaw,2021-05-25,0.97,0.92,0.84,0.71,0.56,0.15,0.00,inferred
Bassetlaw,2021-05-26,0.97,0.92,0.84,0.71,0.56,0.15,0.00,inferred
Bassetlaw,2021-05-27,0.97,0.92,0.84,0.71,0.56,0.15,0.00,inferred
Bassetlaw,2021-05-28,0.97,0.92,0.84,0.71,0.56,0.15,0.00,inferred
Bassetlaw,2021-05-29,0.97,0.92,0.84,0.71,0.56,0.15,0.00,inferred
Bassetlaw,2021-05-30,0.97,0.92,0.84,0.71,0.56,0.15,0.00,inferred
Bassetlaw,2021-05-31,0.97,0.92,0.84,0.71,0.56,0.15,0.00,inferred
Bassetlaw,2021-06-01,0.99,0.98,0.94,0.88,0.77,0.35,0.03,inferred
Bassetlaw,2021-06-02,0.99,0.98,0.94,0.88,0.77,0.35,0.03,inferred
Bassetlaw,2021-06-03,0.99,0.98,0.94,0.88,0.77,0.35,0.03,inferred
Bassetlaw,2021-06-04,0.99,0.98,0.94,0.88,0.77,0.35,0.03,inferred
Bassetlaw,2021-06-05,0.99,0.98,0.94,0.88,0.77,0.35,0.03,inferred
Bassetlaw,2021-06-06,0.99,0.98,0.94,0.88,0.77,0.35,0.03,inferred
Bassetlaw,2021-06-07,0.99,0.98,0.94,0.88,0.77,0.35,0.03,inferred
Bassetlaw,2021-06-08,1.00,1.00,1.00,1.00,1.00,0.97,0.61,inferred
Bassetlaw,2021-06-09,1.00,1.00,1.00,1.00,1.00,0.97,0.61,inferred
Bassetlaw,2021-06-10,1.00,1.00,1.00,1.00,1.00,0.97,0.61,inferred
Bassetlaw,2021-06-11,1.00,1.00,1.00,1.00,1.00,0.97,0.61,inferred
Bassetlaw,2021-06-12,1.00,1.00,1.00,1.00,1.00,0.97,0.61,inferred
Bassetlaw,2021-06-13,1.00,1.00,1.00,1.00,1.00,0.97,0.61,inferred
Bassetlaw,2021-06-14,1.00,1.00,1.00,1.00,1.00,0.97,0.61,inferred
Bassetlaw,2021-06-15,1.00,1.00,1.00,1.00,1.00,0.97,0.57,inferred
Bassetlaw,2021-06-16,1.00,1.00,1.00,1.00,1.00,0.97,0.57,inferred
Bassetlaw,2021-06-17,1.00,1.00,1.00,1.00,1.00,0.97,0.57,inferred
Bassetlaw,2021-06-18,1.00,1.00,1.00,1.00,1.00,0.97,0.57,inferred
Bassetlaw,2021-06-19,1.00,1.00,1.00,1.00,1.00,0.97,0.57,inferred
Bassetlaw,2021-06-20,1.00,1.00,1.00,1.00,1.00,0.97,0.57,inferred
Bassetlaw,2021-06-21,1.00,1.00,1.00,1.00,1.00,0.97,0.57,inferred
Bassetlaw,2021-06-22,1.00,1.00,1.00,1.00,1.00,0.99,0.71,inferred
Bassetlaw,2021-06-23,1.00,1.00,1.00,1.00,1.00,0.99,0.71,inferred
Bassetlaw,2021-06-24,1.00,1.00,1.00,1.00,1.00,0.99,0.71,inferred
Bassetlaw,2021-06-25,1.00,1.00,1.00,1.00,1.00,0.99,0.71,inferred
Bassetlaw,2021-06-26,1.00,1.00,1.00,1.00,1.00,0.99,0.71,inferred
Bassetlaw,2021-06-27,1.00,1.00,1.00,1.00,1.00,0.99,0.71,inferred
Bassetlaw,2021-06-28,1.00,1.00,1.00,1.00,1.00,0.99,0.71,inferred
Bassetlaw,2021-06-29,1.00,1.00,1.00,1.00,1.00,0.95,0.63,inferred
Bassetlaw,2021-06-30,1.00,1.00,1.00,1.00,1.00,0.95,0.63,inferred
Bassetlaw,2021-07-01,1.00,1.00,1.00,1.00,1.00,0.95,0.63,inferred
Bassetlaw,2021-07-02,1.00,1.00,1.00,1.00,1.00,0.95,0.63,inferred
Bassetlaw,2021-07-03,1.00,1.00,1.00,1.00,1.00,0.95,0.63,inferred
Bassetlaw,2021-07-04,1.00,1.00,1.00,1.00,1.00,0.95,0.63,inferred
Bassetlaw,2021-07-05,1.00,1.00,1.00,1.00,1.00,0.95,0.63,inferred
Bassetlaw,2021-07-06,1.00,1.00,0.99,0.97,0.95,0.82,0.48,projected
Bassetlaw,2021-07-07,1.00,1.00,0.99,0.97,0.95,0.82,0.48,projected
Bassetlaw,2021-07-08,1.00,1.00,0.99,0.97,0.95,0.82,0.48,projected
Bassetlaw,2021-07-09,1.00,1.00,0.99,0.97,0.95,0.82,0.48,projected
Bassetlaw,2021-07-10,1.00,1.00,0.99,0.97,0.95,0.82,0.48,projected
Bassetlaw,2021-07-11,1.00,1.00,0.99,0.97,0.95,0.82,0.48,projected
Bassetlaw,2021-07-12,1.00,1.00,0.99,0.97,0.95,0.82,0.48,projected
Bassetlaw,2021-07-13,1.00,0.99,0.97,0.95,0.91,0.75,0.41,projected
Bassetlaw,2021-07-14,1.00,0.99,0.97,0.95,0.91,0.75,0.41,projected
Bassetlaw,2021-07-15,1.00,0.99,0.97,0.95,0.91,0.75,0.41,projected
Bassetlaw,2021-07-16,1.00,0.99,0.97,0.95,0.91,0.75,0.41,projected
Bassetlaw,2021-07-17,1.00,0.99,0.97,0.95,0.91,0.75,0.41,projected
Bassetlaw,2021-07-18,1.00,0.99,0.97,0.95,0.91,0.75,0.41,projected
Bassetlaw,2021-07-19,1.00,0.99,0.97,0.95,0.91,0.75,0.41,projected
Bassetlaw,2021-07-20,0.99,0.98,0.96,0.92,0.87,0.69,0.40,projected
Bassetlaw,2021-07-21,0.99,0.98,0.96,0.92,0.87,0.69,0.40,projected
Bassetlaw,2021-07-22,0.99,0.98,0.96,0.92,0.87,0.69,0.40,projected
Bassetlaw,2021-07-23,0.99,0.98,0.96,0.92,0.87,0.69,0.40,projected
Bassetlaw,2021-07-24,0.99,0.98,0.96,0.92,0.87,0.69,0.40,projected
Bassetlaw,2021-07-25,0.99,0.98,0.96,0.92,0.87,0.69,0.40,projected
Bassetlaw,2021-07-26,0.99,0.98,0.96,0.92,0.87,0.69,0.40,projected
Bath and North East Somerset,2021-03-23,0.50,0.27,0.12,0.04,0.01,0.00,0.00,inferred
Bath and North East Somerset,2021-03-24,0.50,0.27,0.12,0.04,0.01,0.00,0.00,inferred
Bath and North East Somerset,2021-03-25,0.50,0.27,0.12,0.04,0.01,0.00,0.00,inferred
Bath and North East Somerset,2021-03-26,0.50,0.27,0.12,0.04,0.01,0.00,0.00,inferred
Bath and North East Somerset,2021-03-27,0.50,0.27,0.12,0.04,0.01,0.00,0.00,inferred
Bath and North East Somerset,2021-03-28,0.50,0.27,0.12,0.04,0.01,0.00,0.00,inferred
Bath and North East Somerset,2021-03-29,0.50,0.27,0.12,0.04,0.01,0.00,0.00,inferred
Bath and North East Somerset,2021-03-30,0.81,0.63,0.44,0.27,0.15,0.01,0.00,inferred
Bath and North East Somerset,2021-03-31,0.81,0.63,0.44,0.27,0.15,0.01,0.00,inferred
Bath and North East Somerset,2021-04-01,0.81,0.63,0.44,0.27,0.15,0.01,0.00,inferred
Bath and North East Somerset,2021-04-02,0.81,0.63,0.44,0.27,0.15,0.01,0.00,inferred
Bath and North East Somerset,2021-04-03,0.81,0.63,0.44,0.27,0.15,0.01,0.00,inferred
Bath and North East Somerset,2021-04-04,0.81,0.63,0.44,0.27,0.15,0.01,0.00,inferred
Bath and North East Somerset,2021-04-05,0.81,0.63,0.44,0.27,0.15,0.01,0.00,inferred
Bath and North East Somerset,2021-04-06,0.75,0.60,0.42,0.25,0.13,0.01,0.00,inferred
Bath and North East Somerset,2021-04-07,0.75,0.60,0.42,0.25,0.13,0.01,0.00,inferred
Bath and North East Somerset,2021-04-08,0.75,0.60,0.42,0.25,0.13,0.01,0.00,inferred
Bath and North East Somerset,2021-04-09,0.75,0.60,0.42,0.25,0.13,0.01,0.00,inferred
Bath and North East Somerset,2021-04-10,0.75,0.60,0.42,0.25,0.13,0.01,0.00,inferred
Bath and North East Somerset,2021-04-11,0.75,0.60,0.42,0.25,0.13,0.01,0.00,inferred
Bath and North East Somerset,2021-04-12,0.75,0.60,0.42,0.25,0.13,0.01,0.00,inferred
Bath and North East Somerset,2021-04-13,0.89,0.78,0.61,0.43,0.27,0.05,0.00,inferred
Bath and North East Somerset,2021-04-14,0.89,0.78,0.61,0.43,0.27,0.05,0.00,inferred
Bath and North East Somerset,2021-04-15,0.89,0.78,0.61,0.43,0.27,0.05,0.00,inferred
Bath and North East Somerset,2021-04-16,0.89,0.78,0.61,0.43,0.27,0.05,0.00,inferred
Bath and North East Somerset,2021-04-17,0.89,0.78,0.61,0.43,0.27,0.05,0.00,inferred
Bath and North East Somerset,2021-04-18,0.89,0.78,0.61,0.43,0.27,0.05,0.00,inferred
Bath and North East Somerset,2021-04-19,0.89,0.78,0.61,0.43,0.27,0.05,0.00,inferred
Bath and North East Somerset,2021-04-20,0.76,0.60,0.42,0.26,0.14,0.01,0.00,inferred
Bath and North East Somerset,2021-04-21,0.76,0.60,0.42,0.26,0.14,0.01,0.00,inferred
Bath and North East Somerset,2021-04-22,0.76,0.60,0.42,0.26,0.14,0.01,0.00,inferred
Bath and North East Somerset,2021-04-23,0.76,0.60,0.42,0.26,0.14,0.01,0.00,inferred
Bath and North East Somerset,2021-04-24,0.76,0.60,0.42,0.26,0.14,0.01,0.00,inferred
Bath and North East Somerset,2021-04-25,0.76,0.60,0.42,0.26,0.14,0.01,0.00,inferred
Bath and North East Somerset,2021-04-26,0.76,0.60,0.42,0.26,0.14,0.01,0.00,inferred
Bath and North East Somerset,2021-04-27,0.93,0.84,0.71,0.54,0.36,0.07,0.00,inferred
Bath and North East Somerset,2021-04-28,0.93,0.84,0.71,0.54,0.36,0.07,0.00,inferred
Bath and North East Somerset,2021-04-29,0.93,0.84,0.71,0.54,0.36,0.07,0.00,inferred
Bath and North East Somerset,2021-04-30,0.93,0.84,0.71,0.54,0.36,0.07,0.00,inferred
Bath and North East Somerset,2021-05-01,0.93,0.84,0.71,0.54,0.36,0.07,0.00,inferred
Bath and North East Somerset,2021-05-02,0.93,0.84,0.71,0.54,0.36,0.07,0.00,inferred
Bath and North East Somerset,2021-05-03,0.93,0.84,0.71,0.54,0.36,0.07,0.00,inferred
Bath and North East Somerset,2021-05-04,0.90,0.80,0.62,0.43,0.28,0.04,0.00,inferred
Bath and North East Somerset,2021-05-05,0.90,0.80,0.62,0.43,0.28,0.04,0.00,inferred
Bath and North East Somerset,2021-05-06,0.90,0.80,0.62,0.43,0.28,0.04,0.00,inferred
Bath and North East Somerset,2021-05-07,0.90,0.80,0.62,0.43,0.28,0.04,0.00,inferred
Bath and North East Somerset,2021-05-08,0.90,0.80,0.62,0.43,0.28,0.04,0.00,inferred
Bath and North East Somerset,2021-05-09,0.90,0.80,0.62,0.43,0.28,0.04,0.00,inferred
Bath and North East Somerset,2021-05-10,0.90,0.80,0.62,0.43,0.28,0.04,0.00,inferred
Bath and North East Somerset,2021-05-11,0.54,0.34,0.19,0.09,0.04,0.00,0.00,inferred
Bath and North East Somerset,2021-05-12,0.54,0.34,0.19,0.09,0.04,0.00,0.00,inferred
Bath and North East Somerset,2021-05-13,0.54,0.34,0.19,0.09,0.04,0.00,0.00,inferred
Bath and North East Somerset,2021-05-14,0.54,0.34,0.19,0.09,0.04,0.00,0.00,inferred
Bath and North East Somerset,2021-05-15,0.54,0.34,0.19,0.09,0.04,0.00,0.00,inferred
Bath and North East Somerset,2021-05-16,0.54,0.34,0.19,0.09,0.04,0.00,0.00,inferred
Bath and North East Somerset,2021-05-17,0.54,0.34,0.19,0.09,0.04,0.00,0.00,inferred
Bath and North East Somerset,2021-05-18,0.87,0.71,0.55,0.38,0.24,0.04,0.00,inferred
Bath and North East Somerset,2021-05-19,0.87,0.71,0.55,0.38,0.24,0.04,0.00,inferred
Bath and North East Somerset,2021-05-20,0.87,0.71,0.55,0.38,0.24,0.04,0.00,inferred
Bath and North East Somerset,2021-05-21,0.87,0.71,0.55,0.38,0.24,0.04,0.00,inferred
Bath and North East Somerset,2021-05-22,0.87,0.71,0.55,0.38,0.24,0.04,0.00,inferred
Bath and North East Somerset,2021-05-23,0.87,0.71,0.55,0.38,0.24,0.04,0.00,inferred
Bath and North East Somerset,2021-05-24,0.87,0.71,0.55,0.38,0.24,0.04,0.00,inferred
Bath and North East Somerset,2021-05-25,1.00,1.00,1.00,1.00,1.00,0.94,0.49,inferred
Bath and North East Somerset,2021-05-26,1.00,1.00,1.00,1.00,1.00,0.94,0.49,inferred
Bath and North East Somerset,2021-05-27,1.00,1.00,1.00,1.00,1.00,0.94,0.49,inferred
Bath and North East Somerset,2021-05-28,1.00,1.00,1.00,1.00,1.00,0.94,0.49,inferred
Bath and North East Somerset,2021-05-29,1.00,1.00,1.00,1.00,1.00,0.94,0.49,inferred
Bath and North East Somerset,2021-05-30,1.00,1.00,1.00,1.00,1.00,0.94,0.49,inferred
Bath and North East Somerset,2021-05-31,1.00,1.00,1.00,1.00,1.00,0.94,0.49,inferred
Bath and North East Somerset,2021-06-01,1.00,1.00,1.00,1.00,1.00,1.00,0.96,inferred
Bath and North East Somerset,2021-06-02,1.00,1.00,1.00,1.00,1.00,1.00,0.96,inferred
Bath and North East Somerset,2021-06-03,1.00,1.00,1.00,1.00,1.00,1.00,0.96,inferred
Bath and North East Somerset,2021-06-04,1.00,1.00,1.00,1.00,1.00,1.00,0.96,inferred
Bath and North East Somerset,2021-06-05,1.00,1.00,1.00,1.00,1.00,1.00,0.96,inferred
Bath and North East Somerset,2021-06-06,1.00,1.00,1.00,1.00,1.00,1.00,0.96,inferred
Bath and North East Somerset,2021-06-07,1.00,1.00,1.00,1.00,1.00,1.00,0.96,inferred
Bath and North East Somerset,2021-06-08,1.00,1.00,1.00,1.00,0.99,0.80,0.24,inferred
Bath and North East Somerset,2021-06-09,1.00,1.00,1.00,1.00,0.99,0.80,0.24,inferred
Bath and North East Somerset,2021-06-10,1.00,1.00,1.00,1.00,0.99,0.80,0.24,inferred
Bath and North East Somerset,2021-06-11,1.00,1.00,1.00,1.00,0.99,0.80,0.24,inferred
Bath and North East Somerset,2021-06-12,1.00,1.00,1.00,1.00,0.99,0.80,0.24,inferred
Bath and North East Somerset,2021-06-13,1.00,1.00,1.00,1.00,0.99,0.80,0.24,inferred
Bath and North East Somerset,2021-06-14,1.00,1.00,1.00,1.00,0.99,0.80,0.24,inferred
Bath and North East Somerset,2021-06-15,1.00,1.00,0.99,0.93,0.78,0.11,0.00,inferred
Bath and North East Somerset,2021-06-16,1.00,1.00,0.99,0.93,0.78,0.11,0.00,inferred
Bath and North East Somerset,2021-06-17,1.00,1.00,0.99,0.93,0.78,0.11,0.00,inferred
Bath and North East Somerset,2021-06-18,1.00,1.00,0.99,0.93,0.78,0.11,0.00,inferred
Bath and North East Somerset,2021-06-19,1.00,1.00,0.99,0.93,0.78,0.11,0.00,inferred
Bath and North East Somerset,2021-06-20,1.00,1.00,0.99,0.93,0.78,0.11,0.00,inferred
Bath and North East Somerset,2021-06-21,1.00,1.00,0.99,0.93,0.78,0.11,0.00,inferred
Bath and North East Somerset,2021-06-22,1.00,1.00,1.00,1.00,1.00,0.96,0.26,inferred
Bath and North East Somerset,2021-06-23,1.00,1.00,1.00,1.00,1.00,0.96,0.26,inferred
Bath and North East Somerset,2021-06-24,1.00,1.00,1.00,1.00,1.00,0.96,0.26,inferred
Bath and North East Somerset,2021-06-25,1.00,1.00,1.00,1.00,1.00,0.96,0.26,inferred
Bath and North East Somerset,2021-06-26,1.00,1.00,1.00,1.00,1.00,0.96,0.26,inferred
Bath and North East Somerset,2021-06-27,1.00,1.00,1.00,1.00,1.00,0.96,0.26,inferred
Bath and North East Somerset,2021-06-28,1.00,1.00,1.00,1.00,1.00,0.96,0.26,inferred
Bath and North East Somerset,2021-06-29,1.00,0.99,0.96,0.91,0.81,0.42,0.03,inferred
Bath and North East Somerset,2021-06-30,1.00,0.99,0.96,0.91,0.81,0.42,0.03,inferred
Bath and North East Somerset,2021-07-01,1.00,0.99,0.96,0.91,0.81,0.42,0.03,inferred
Bath and North East Somerset,2021-07-02,1.00,0.99,0.96,0.91,0.81,0.42,0.03,inferred
Bath and North East Somerset,2021-07-03,1.00,0.99,0.96,0.91,0.81,0.42,0.03,inferred
Bath and North East Somerset,2021-07-04,1.00,0.99,0.96,0.91,0.81,0.42,0.03,inferred
Bath and North East Somerset,2021-07-05,1.00,0.99,0.96,0.91,0.81,0.42,0.03,inferred
Bath and North East Somerset,2021-07-06,0.95,0.90,0.82,0.74,0.65,0.40,0.15,projected
Bath and North East Somerset,2021-07-07,0.95,0.90,0.82,0.74,0.65,0.40,0.15,projected
Bath and North East Somerset,2021-07-08,0.95,0.90,0.82,0.74,0.65,0.40,0.15,projected
Bath and North East Somerset,2021-07-09,0.95,0.90,0.82,0.74,0.65,0.40,0.15,projected
Bath and North East Somerset,2021-07-10,0.95,0.90,0.82,0.74,0.65,0.40,0.15,projected
Bath and North East Somerset,2021-07-11,0.95,0.90,0.82,0.74,0.65,0.40,0.15,projected
Bath and North East Somerset,2021-07-12,0.95,0.90,0.82,0.74,0.65,0.40,0.15,projected
Bath and North East Somerset,2021-07-13,0.90,0.83,0.77,0.68,0.60,0.39,0.16,projected
Bath and North East Somerset,2021-07-14,0.90,0.83,0.77,0.68,0.60,0.39,0.16,projected
Bath and North East Somerset,2021-07-15,0.90,0.83,0.77,0.68,0.60,0.39,0.16,projected
Bath and North East Somerset,2021-07-16,0.90,0.83,0.77,0.68,0.60,0.39,0.16,projected
Bath and North East Somerset,2021-07-17,0.90,0.83,0.77,0.68,0.60,0.39,0.16,projected
Bath and North East Somerset,2021-07-18,0.90,0.83,0.77,0.68,0.60,0.39,0.16,projected
Bath and North East Somerset,2021-07-19,0.90,0.83,0.77,0.68,0.60,0.39,0.16,projected
Bath and North East Somerset,2021-07-20,0.87,0.81,0.74,0.66,0.58,0.39,0.17,projected
Bath and North East Somerset,2021-07-21,0.87,0.81,0.74,0.66,0.58,0.39,0.17,projected
Bath and North East Somerset,2021-07-22,0.87,0.81,0.74,0.66,0.58,0.39,0.17,projected
Bath and North East Somerset,2021-07-23,0.87,0.81,0.74,0.66,0.58,0.39,0.17,projected
Bath and North East Somerset,2021-07-24,0.87,0.81,0.74,0.66,0.58,0.39,0.17,projected
Bath and North East Somerset,2021-07-25,0.87,0.81,0.74,0.66,0.58,0.39,0.17,projected
Bath and North East Somerset,2021-07-26,0.87,0.81,0.74,0.66,0.58,0.39,0.17,projected
Bedford,2021-03-23,0.24,0.05,0.01,0.00,0.00,0.00,0.00,inferred
Bedford,2021-03-24,0.24,0.05,0.01,0.00,0.00,0.00,0.00,inferred
Bedford,2021-03-25,0.24,0.05,0.01,0.00,0.00,0.00,0.00,inferred
Bedford,2021-03-26,0.24,0.05,0.01,0.00,0.00,0.00,0.00,inferred
Bedford,2021-03-27,0.24,0.05,0.01,0.00,0.00,0.00,0.00,inferred
Bedford,2021-03-28,0.24,0.05,0.01,0.00,0.00,0.00,0.00,inferred
Bedford,2021-03-29,0.24,0.05,0.01,0.00,0.00,0.00,0.00,inferred
Bedford,2021-03-30,0.75,0.50,0.25,0.10,0.03,0.00,0.00,inferred
Bedford,2021-03-31,0.75,0.50,0.25,0.10,0.03,0.00,0.00,inferred
Bedford,2021-04-01,0.75,0.50,0.25,0.10,0.03,0.00,0.00,inferred
Bedford,2021-04-02,0.75,0.50,0.25,0.10,0.03,0.00,0.00,inferred
Bedford,2021-04-03,0.75,0.50,0.25,0.10,0.03,0.00,0.00,inferred
Bedford,2021-04-04,0.75,0.50,0.25,0.10,0.03,0.00,0.00,inferred
Bedford,2021-04-05,0.75,0.50,0.25,0.10,0.03,0.00,0.00,inferred
Bedford,2021-04-06,0.82,0.59,0.35,0.18,0.07,0.00,0.00,inferred
Bedford,2021-04-07,0.82,0.59,0.35,0.18,0.07,0.00,0.00,inferred
Bedford,2021-04-08,0.82,0.59,0.35,0.18,0.07,0.00,0.00,inferred
Bedford,2021-04-09,0.82,0.59,0.35,0.18,0.07,0.00,0.00,inferred
Bedford,2021-04-10,0.82,0.59,0.35,0.18,0.07,0.00,0.00,inferred
Bedford,2021-04-11,0.82,0.59,0.35,0.18,0.07,0.00,0.00,inferred
Bedford,2021-04-12,0.82,0.59,0.35,0.18,0.07,0.00,0.00,inferred
Bedford,2021-04-13,1.00,0.98,0.93,0.82,0.66,0.14,0.00,inferred
Bedford,2021-04-14,1.00,0.98,0.93,0.82,0.66,0.14,0.00,inferred
Bedford,2021-04-15,1.00,0.98,0.93,0.82,0.66,0.14,0.00,inferred
Bedford,2021-04-16,1.00,0.98,0.93,0.82,0.66,0.14,0.00,inferred
Bedford,2021-04-17,1.00,0.98,0.93,0.82,0.66,0.14,0.00,inferred
Bedford,2021-04-18,1.00,0.98,0.93,0.82,0.66,0.14,0.00,inferred
Bedford,2021-04-19,1.00,0.98,0.93,0.82,0.66,0.14,0.00,inferred
Bedford,2021-04-20,1.00,1.00,1.00,1.00,0.96,0.61,0.04,inferred
Bedford,2021-04-21,1.00,1.00,1.00,1.00,0.96,0.61,0.04,inferred
Bedford,2021-04-22,1.00,1.00,1.00,1.00,0.96,0.61,0.04,inferred
Bedford,2021-04-23,1.00,1.00,1.00,1.00,0.96,0.61,0.04,inferred
Bedford,2021-04-24,1.00,1.00,1.00,1.00,0.96,0.61,0.04,inferred
Bedford,2021-04-25,1.00,1.00,1.00,1.00,0.96,0.61,0.04,inferred
Bedford,2021-04-26,1.00,1.00,1.00,1.00,0.96,0.61,0.04,inferred
Bedford,2021-04-27,1.00,1.00,1.00,1.00,1.00,0.96,0.39,inferred
Bedford,2021-04-28,1.00,1.00,1.00,1.00,1.00,0.96,0.39,inferred
Bedford,2021-04-29,1.00,1.00,1.00,1.00,1.00,0.96,0.39,inferred
Bedford,2021-04-30,1.00,1.00,1.00,1.00,1.00,0.96,0.39,inferred
Bedford,2021-05-01,1.00,1.00,1.00,1.00,1.00,0.96,0.39,inferred
Bedford,2021-05-02,1.00,1.00,1.00,1.00,1.00,0.96,0.39,inferred
Bedford,2021-05-03,1.00,1.00,1.00,1.00,1.00,0.96,0.39,inferred
Bedford,2021-05-04,1.00,1.00,1.00,1.00,0.99,0.82,0.14,inferred
Bedford,2021-05-05,1.00,1.00,1.00,1.00,0.99,0.82,0.14,inferred
Bedford,2021-05-06,1.00,1.00,1.00,1.00,0.99,0.82,0.14,inferred
Bedford,2021-05-07,1.00,1.00,1.00,1.00,0.99,0.82,0.14,inferred
Bedford,2021-05-08,1.00,1.00,1.00,1.00,0.99,0.82,0.14,inferred
Bedford,2021-05-09,1.00,1.00,1.00,1.00,0.99,0.82,0.14,inferred
Bedford,2021-05-10,1.00,1.00,1.00,1.00,0.99,0.82,0.14,inferred
Bedford,2021-05-11,1.00,1.00,1.00,0.96,0.85,0.25,0.00,inferred
Bedford,2021-05-12,1.00,1.00,1.00,0.96,0.85,0.25,0.00,inferred
Bedford,2021-05-13,1.00,1.00,1.00,0.96,0.85,0.25,0.00,inferred
Bedford,2021-05-14,1.00,1.00,1.00,0.96,0.85,0.25,0.00,inferred
Bedford,2021-05-15,1.00,1.00,1.00,0.96,0.85,0.25,0.00,inferred
Bedford,2021-05-16,1.00,1.00,1.00,0.96,0.85,0.25,0.00,inferred
Bedford,2021-05-17,1.00,1.00,1.00,0.96,0.85,0.25,0.00,inferred
Bedford,2021-05-18,0.90,0.56,0.18,0.03,0.00,0.00,0.00,inferred
Bedford,2021-05-19,0.90,0.56,0.18,0.03,0.00,0.00,0.00,inferred
Bedford,2021-05-20,0.90,0.56,0.18,0.03,0.00,0.00,0.00,inferred
Bedford,2021-05-21,0.90,0.56,0.18,0.03,0.00,0.00,0.00,inferred
Bedford,2021-05-22,0.90,0.56,0.18,0.03,0.00,0.00,0.00,inferred
Bedford,2021-05-23,0.90,0.56,0.18,0.03,0.00,0.00,0.00,inferred
Bedford,2021-05-24,0.90,0.56,0.18,0.03,0.00,0.00,0.00,inferred
Bedford,2021-05-25,0.96,0.74,0.30,0.07,0.00,0.00,0.00,inferred
Bedford,2021-05-26,0.96,0.74,0.30,0.07,0.00,0.00,0.00,inferred
Bedford,2021-05-27,0.96,0.74,0.30,0.07,0.00,0.00,0.00,inferred
Bedford,2021-05-28,0.96,0.74,0.30,0.07,0.00,0.00,0.00,inferred
Bedford,2021-05-29,0.96,0.74,0.30,0.07,0.00,0.00,0.00,inferred
Bedford,2021-05-30,0.96,0.74,0.30,0.07,0.00,0.00,0.00,inferred
Bedford,2021-05-31,0.96,0.74,0.30,0.07,0.00,0.00,0.00,inferred
Bedford,2021-06-01,0.55,0.16,0.02,0.00,0.00,0.00,0.00,inferred
Bedford,2021-06-02,0.55,0.16,0.02,0.00,0.00,0.00,0.00,inferred
Bedford,2021-06-03,0.55,0.16,0.02,0.00,0.00,0.00,0.00,inferred
Bedford,2021-06-04,0.55,0.16,0.02,0.00,0.00,0.00,0.00,inferred
Bedford,2021-06-05,0.55,0.16,0.02,0.00,0.00,0.00,0.00,inferred
Bedford,2021-06-06,0.55,0.16,0.02,0.00,0.00,0.00,0.00,inferred
Bedford,2021-06-07,0.55,0.16,0.02,0.00,0.00,0.00,0.00,inferred
Bedford,2021-06-08,0.29,0.05,0.00,0.00,0.00,0.00,0.00,inferred
Bedford,2021-06-09,0.29,0.05,0.00,0.00,0.00,0.00,0.00,inferred
Bedford,2021-06-10,0.29,0.05,0.00,0.00,0.00,0.00,0.00,inferred
Bedford,2021-06-11,0.29,0.05,0.00,0.00,0.00,0.00,0.00,inferred
Bedford,2021-06-12,0.29,0.05,0.00,0.00,0.00,0.00,0.00,inferred
Bedford,2021-06-13,0.29,0.05,0.00,0.00,0.00,0.00,0.00,inferred
Bedford,2021-06-14,0.29,0.05,0.00,0.00,0.00,0.00,0.00,inferred
Bedford,2021-06-15,1.00,0.99,0.92,0.71,0.40,0.01,0.00,inferred
Bedford,2021-06-16,1.00,0.99,0.92,0.71,0.40,0.01,0.00,inferred
Bedford,2021-06-17,1.00,0.99,0.92,0.71,0.40,0.01,0.00,inferred
Bedford,2021-06-18,1.00,0.99,0.92,0.71,0.40,0.01,0.00,inferred
Bedford,2021-06-19,1.00,0.99,0.92,0.71,0.40,0.01,0.00,inferred
Bedford,2021-06-20,1.00,0.99,0.92,0.71,0.40,0.01,0.00,inferred
Bedford,2021-06-21,1.00,0.99,0.92,0.71,0.40,0.01,0.00,inferred
Bedford,2021-06-22,1.00,1.00,1.00,1.00,1.00,0.87,0.06,inferred
Bedford,2021-06-23,1.00,1.00,1.00,1.00,1.00,0.87,0.06,inferred
Bedford,2021-06-24,1.00,1.00,1.00,1.00,1.00,0.87,0.06,inferred
Bedford,2021-06-25,1.00,1.00,1.00,1.00,1.00,0.87,0.06,inferred
Bedford,2021-06-26,1.00,1.00,1.00,1.00,1.00,0.87,0.06,inferred
Bedford,2021-06-27,1.00,1.00,1.00,1.00,1.00,0.87,0.06,inferred
Bedford,2021-06-28,1.00,1.00,1.00,1.00,1.00,0.87,0.06,inferred
Bedford,2021-06-29,1.00,1.00,0.99,0.97,0.92,0.54,0.06,inferred
Bedford,2021-06-30,1.00,1.00,0.99,0.97,0.92,0.54,0.06,inferred
Bedford,2021-07-01,1.00,1.00,0.99,0.97,0.92,0.54,0.06,inferred
Bedford,2021-07-02,1.00,1.00,0.99,0.97,0.92,0.54,0.06,inferred
Bedford,2021-07-03,1.00,1.00,0.99,0.97,0.92,0.54,0.06,inferred
Bedford,2021-07-04,1.00,1.00,0.99,0.97,0.92,0.54,0.06,inferred
Bedford,2021-07-05,1.00,1.00,0.99,0.97,0.92,0.54,0.06,inferred
Bedford,2021-07-06,0.99,0.98,0.95,0.89,0.81,0.47,0.11,projected
Bedford,2021-07-07,0.99,0.98,0.95,0.89,0.81,0.47,0.11,projected
Bedford,2021-07-08,0.99,0.98,0.95,0.89,0.81,0.47,0.11,projected
Bedford,2021-07-09,0.99,0.98,0.95,0.89,0.81,0.47,0.11,projected
Bedford,2021-07-10,0.99,0.98,0.95,0.89,0.81,0.47,0.11,projected
Bedford,2021-07-11,0.99,0.98,0.95,0.89,0.81,0.47,0.11,projected
Bedford,2021-07-12,0.99,0.98,0.95,0.89,0.81,0.47,0.11,projected
Bedford,2021-07-13,0.99,0.96,0.91,0.83,0.74,0.44,0.12,projected
Bedford,2021-07-14,0.99,0.96,0.91,0.83,0.74,0.44,0.12,projected
Bedford,2021-07-15,0.99,0.96,0.91,0.83,0.74,0.44,0.12,projected
Bedford,2021-07-16,0.99,0.96,0.91,0.83,0.74,0.44,0.12,projected
Bedford,2021-07-17,0.99,0.96,0.91,0.83,0.74,0.44,0.12,projected
Bedford,2021-07-18,0.99,0.96,0.91,0.83,0.74,0.44,0.12,projected
Bedford,2021-07-19,0.99,0.96,0.91,0.83,0.74,0.44,0.12,projected
Bedford,2021-07-20,0.98,0.95,0.90,0.83,0.73,0.45,0.15,projected
Bedford,2021-07-21,0.98,0.95,0.90,0.83,0.73,0.45,0.15,projected
Bedford,2021-07-22,0.98,0.95,0.90,0.83,0.73,0.45,0.15,projected
Bedford,2021-07-23,0.98,0.95,0.90,0.83,0.73,0.45,0.15,projected
Bedford,2021-07-24,0.98,0.95,0.90,0.83,0.73,0.45,0.15,projected
Bedford,2021-07-25,0.98,0.95,0.90,0.83,0.73,0.45,0.15,projected
Bedford,2021-07-26,0.98,0.95,0.90,0.83,0.73,0.45,0.15,projected
Bexley,2021-03-23,0.00,0.00,0.00,0.00,0.00,0.00,0.00,inferred
Bexley,2021-03-24,0.00,0.00,0.00,0.00,0.00,0.00,0.00,inferred
Bexley,2021-03-25,0.00,0.00,0.00,0.00,0.00,0.00,0.00,inferred
Bexley,2021-03-26,0.00,0.00,0.00,0.00,0.00,0.00,0.00,inferred
Bexley,2021-03-27,0.00,0.00,0.00,0.00,0.00,0.00,0.00,inferred
Bexley,2021-03-28,0.00,0.00,0.00,0.00,0.00,0.00,0.00,inferred
Bexley,2021-03-29,0.00,0.00,0.00,0.00,0.00,0.00,0.00,inferred
Bexley,2021-03-30,0.04,0.01,0.00,0.00,0.00,0.00,0.00,inferred
Bexley,2021-03-31,0.04,0.01,0.00,0.00,0.00,0.00,0.00,inferred
Bexley,2021-04-01,0.04,0.01,0.00,0.00,0.00,0.00,0.00,inferred
Bexley,2021-04-02,0.04,0.01,0.00,0.00,0.00,0.00,0.00,inferred
Bexley,2021-04-03,0.04,0.01,0.00,0.00,0.00,0.00,0.00,inferred
Bexley,2021-04-04,0.04,0.01,0.00,0.00,0.00,0.00,0.00,inferred
Bexley,2021-04-05,0.04,0.01,0.00,0.00,0.00,0.00,0.00,inferred
Bexley,2021-04-06,0.44,0.20,0.07,0.01,0.00,0.00,0.00,inferred
Bexley,2021-04-07,0.44,0.20,0.07,0.01,0.00,0.00,0.00,inferred
Bexley,2021-04-08,0.44,0.20,0.07,0.01,0.00,0.00,0.00,inferred
Bexley,2021-04-09,0.44,0.20,0.07,0.01,0.00,0.00,0.00,inferred
Bexley,2021-04-10,0.44,0.20,0.07,0.01,0.00,0.00,0.00,inferred
Bexley,2021-04-11,0.44,0.20,0.07,0.01,0.00,0.00,0.00,inferred
Bexley,2021-04-12,0.44,0.20,0.07,0.01,0.00,0.00,0.00,inferred
Bexley,2021-04-13,0.69,0.40,0.17,0.06,0.01,0.00,0.00,inferred
Bexley,2021-04-14,0.69,0.40,0.17,0.06,0.01,0.00,0.00,inferred
Bexley,2021-04-15,0.69,0.40,0.17,0.06,0.01,0.00,0.00,inferred
Bexley,2021-04-16,0.69,0.40,0.17,0.06,0.01,0.00,0.00,inferred
Bexley,2021-04-17,0.69,0.40,0.17,0.06,0.01,0.00,0.00,inferred
Bexley,2021-04-18,0.69,0.40,0.17,0.06,0.01,0.00,0.00,inferred
Bexley,2021-04-19,0.69,0.40,0.17,0.06,0.01,0.00,0.00,inferred
Bexley,2021-04-20,0.63,0.36,0.16,0.05,0.01,0.00,0.00,inferred
Bexley,2021-04-21,0.63,0.36,0.16,0.05,0.01,0.00,0.00,inferred
Bexley,2021-04-22,0.63,0.36,0.16,0.05,0.01,0.00,0.00,inferred
Bexley,2021-04-23,0.63,0.36,0.16,0.05,0.01,0.00,0.00,inferred
Bexley,2021-04-24,0.63,0.36,0.16,0.05,0.01,0.00,0.00,inferred
Bexley,2021-04-25,0.63,0.36,0.16,0.05,0.01,0.00,0.00,inferred
Bexley,2021-04-26,0.63,0.36,0.16,0.05,0.01,0.00,0.00,inferred
Bexley,2021-04-27,0.82,0.58,0.33,0.16,0.06,0.00,0.00,inferred
Bexley,2021-04-28,0.82,0.58,0.33,0.16,0.06,0.00,0.00,inferred
Bexley,2021-04-29,0.82,0.58,0.33,0.16,0.06,0.00,0.00,inferred
Bexley,2021-04-30,0.82,0.58,0.33,0.16,0.06,0.00,0.00,inferred
Bexley,2021-05-01,0.82,0.58,0.33,0.16,0.06,0.00,0.00,inferred
Bexley,2021-05-02,0.82,0.58,0.33,0.16,0.06,0.00,0.00,inferred
Bexley,2021-05-03,0.82,0.58,0.33,0.16,0.06,0.00,0.00,inferred
Bexley,2021-05-04,0.91,0.77,0.54,0.30,0.15,0.00,0.00,inferred
Bexley,2021-05-05,0.91,0.77,0.54,0.30,0.15,0.00,0.00,inferred
Bexley,2021-05-06,0.91,0.77,0.54,0.30,0.15,0.00,0.00,inferred
Bexley,2021-05-07,0.91,0.77,0.54,0.30,0.15,0.00,0.00,inferred
Bexley,2021-05-08,0.91,0.77,0.54,0.30,0.15,0.00,0.00,inferred
Bexley,2021-05-09,0.91,0.77,0.54,0.30,0.15,0.00,0.00,inferred
Bexley,2021-05-10,0.91,0.77,0.54,0.30,0.15,0.00,0.00,inferred
Bexley,2021-05-11,0.98,0.94,0.80,0.61,0.41,0.04,0.00,inferred
Bexley,2021-05-12,0.98,0.94,0.80,0.61,0.41,0.04,0.00,inferred
Bexley,2021-05-13,0.98,0.94,0.80,0.61,0.41,0.04,0.00,inferred
Bexley,2021-05-14,0.98,0.94,0.80,0.61,0.41,0.04,0.00,inferred
Bexley,2021-05-15,0.98,0.94,0.80,0.61,0.41,0.04,0.00,inferred
Bexley,2021-05-16,0.98,0.94,0.80,0.61,0.41,0.04,0.00,inferred
Bexley,2021-05-17,0.98,0.94,0.80,0.61,0.41,0.04,0.00,inferred
Bexley,2021-05-18,1.00,0.99,0.97,0.89,0.75,0.21,0.00,inferred
Bexley,2021-05-19,1.00,0.99,0.97,0.89,0.75,0.21,0.00,inferred
Bexley,2021-05-20,1.00,0.99,0.97,0.89,0.75,0.21,0.00,inferred
Bexley,2021-05-21,1.00,0.99,0.97,0.89,0.75,0.21,0.00,inferred
Bexley,2021-05-22,1.00,0.99,0.97,0.89,0.75,0.21,0.00,inferred
Bexley,2021-05-23,1.00,0.99,0.97,0.89,0.75,0.21,0.00,inferred
Bexley,2021-05-24,1.00,0.99,0.97,0.89,0.75,0.21,0.00,inferred
Bexley,2021-05-25,1.00,1.00,1.00,0.99,0.94,0.52,0.01,inferred
Bexley,2021-05-26,1.00,1.00,1.00,0.99,0.94,0.52,0.01,inferred
Bexley,2021-05-27,1.00,1.00,1.00,0.99,0.94,0.52,0.01,inferred
Bexley,2021-05-28,1.00,1.00,1.00,0.99,0.94,0.52,0.01,inferred
Bexley,2021-05-29,1.00,1.00,1.00,0.99,0.94,0.52,0.01,inferred
Bexley,2021-05-30,1.00,1.00,1.00,0.99,0.94,0.52,0.01,inferred
Bexley,2021-05-31,1.00,1.00,1.00,0.99,0.94,0.52,0.01,inferred
Bexley,2021-06-01,1.00,1.00,0.99,0.96,0.86,0.24,0.00,inferred
Bexley,2021-06-02,1.00,1.00,0.99,0.96,0.86,0.24,0.00,inferred
Bexley,2021-06-03,1.00,1.00,0.99,0.96,0.86,0.24,0.00,inferred
Bexley,2021-06-04,1.00,1.00,0.99,0.96,0.86,0.24,0.00,inferred
Bexley,2021-06-05,1.00,1.00,0.99,0.96,0.86,0.24,0.00,inferred
Bexley,2021-06-06,1.00,1.00,0.99,0.96,0.86,0.24,0.00,inferred
Bexley,2021-06-07,1.00,1.00,0.99,0.96,0.86,0.24,0.00,inferred
Bexley,2021-06-08,1.00,1.00,1.00,0.97,0.85,0.19,0.00,inferred
Bexley,2021-06-09,1.00,1.00,1.00,0.97,0.85,0.19,0.00,inferred
Bexley,2021-06-10,1.00,1.00,1.00,0.97,0.85,0.19,0.00,inferred
Bexley,2021-06-11,1.00,1.00,1.00,0.97,0.85,0.19,0.00,inferred
Bexley,2021-06-12,1.00,1.00,1.00,0.97,0.85,0.19,0.00,inferred
Bexley,2021-06-13,1.00,1.00,1.00,0.97,0.85,0.19,0.00,inferred
Bexley,2021-06-14,1.00,1.00,1.00,0.97,0.85,0.19,0.00,inferred
Bexley,2021-06-15,1.00,1.00,1.00,1.00,1.00,0.97,0.24,inferred
Bexley,2021-06-16,1.00,1.00,1.00,1.00,1.00,0.97,0.24,inferred
Bexley,2021-06-17,1.00,1.00,1.00,1.00,1.00,0.97,0.24,inferred
Bexley,2021-06-18,1.00,1.00,1.00,1.00,1.00,0.97,0.24,inferred
Bexley,2021-06-19,1.00,1.00,1.00,1.00,1.00,0.97,0.24,inferred
Bexley,2021-06-20,1.00,1.00,1.00,1.00,1.00,0.97,0.24,inferred
Bexley,2021-06-21,1.00,1.00,1.00,1.00,1.00,0.97,0.24,inferred
Bexley,2021-06-22,1.00,1.00,1.00,1.00,1.00,0.97,0.51,inferred
Bexley,2021-06-23,1.00,1.00,1.00,1.00,1.00,0.97,0.51,inferred
Bexley,2021-06-24,1.00,1.00,1.00,1.00,1.00,0.97,0.51,inferred
Bexley,2021-06-25,1.00,1.00,1.00,1.00,1.00,0.97,0.51,inferred
Bexley,2021-06-26,1.00,1.00,1.00,1.00,1.00,0.97,0.51,inferred
Bexley,2021-06-27,1.00,1.00,1.00,1.00,1.00,0.97,0.51,inferred
Bexley,2021-06-28,1.00,1.00,1.00,1.00,1.00,0.97,0.51,inferred
Bexley,2021-06-29,1.00,1.00,1.00,1.00,0.99,0.80,0.16,inferred
Bexley,2021-06-30,1.00,1.00,1.00,1.00,0.99,0.80,0.16,inferred
Bexley,2021-07-01,1.00,1.00,1.00,1.00,0.99,0.80,0.16,inferred
Bexley,2021-07-02,1.00,1.00,1.00,1.00,0.99,0.80,0.16,inferred
Bexley,2021-07-03,1.00,1.00,1.00,1.00,0.99,0.80,0.16,inferred
Bexley,2021-07-04,1.00,1.00,1.00,1.00,0.99,0.80,0.16,inferred
Bexley,2021-07-05,1.00,1.00,1.00,1.00,0.99,0.80,0.16,inferred
Bexley,2021-07-06,1.00,1.00,0.99,0.96,0.92,0.60,0.16,projected
Bexley,2021-07-07,1.00,1.00,0.99,0.96,0.92,0.60,0.16,projected
Bexley,2021-07-08,1.00,1.00,0.99,0.96,0.92,0.60,0.16,projected
Bexley,2021-07-09,1.00,1.00,0.99,0.96,0.92,0.60,0.16,projected
Bexley,2021-07-10,1.00,1.00,0.99,0.96,0.92,0.60,0.16,projected
Bexley,2021-07-11,1.00,1.00,0.99,0.96,0.92,0.60,0.16,projected
Bexley,2021-07-12,1.00,1.00,0.99,0.96,0.92,0.60,0.16,projected
Bexley,2021-07-13,1.00,0.99,0.97,0.93,0.85,0.52,0.15,projected
Bexley,2021-07-14,1.00,0.99,0.97,0.93,0.85,0.52,0.15,projected
Bexley,2021-07-15,1.00,0.99,0.97,0.93,0.85,0.52,0.15,projected
Bexley,2021-07-16,1.00,0.99,0.97,0.93,0.85,0.52,0.15,projected
Bexley,2021-07-17,1.00,0.99,0.97,0.93,0.85,0.52,0.15,projected
Bexley,2021-07-18,1.00,0.99,0.97,0.93,0.85,0.52,0.15,projected
Bexley,2021-07-19,1.00,0.99,0.97,0.93,0.85,0.52,0.15,projected
Bexley,2021-07-20,0.99,0.97,0.95,0.88,0.78,0.46,0.14,projected
Bexley,2021-07-21,0.99,0.97,0.95,0.88,0.78,0.46,0.14,projected
Bexley,2021-07-22,0.99,0.97,0.95,0.88,0.78,0.46,0.14,projected
Bexley,2021-07-23,0.99,0.97,0.95,0.88,0.78,0.46,0.14,projected
Bexley,2021-07-24,0.99,0.97,0.95,0.88,0.78,0.46,0.14,projected
Bexley,2021-07-25,0.99,0.97,0.95,0.88,0.78,0.46,0.14,projected
Bexley,2021-07-26,0.99,0.97,0.95,0.88,0.78,0.46,0.14,projected
Birmingham,2021-03-23,0.00,0.00,0.00,0.00,0.00,0.00,0.00,inferred
Birmingham,2021-03-24,0.00,0.00,0.00,0.00,0.00,0.00,0.00,inferred
Birmingham,2021-03-25,0.00,0.00,0.00,0.00,0.00,0.00,0.00,inferred
Birmingham,2021-03-26,0.00,0.00,0.00,0.00,0.00,0.00,0.00,inferred
Birmingham,2021-03-27,0.00,0.00,0.00,0.00,0.00,0.00,0.00,inferred
Birmingham,2021-03-28,0.00,0.00,0.00,0.00,0.00,0.00,0.00,inferred
Birmingham,2021-03-29,0.00,0.00,0.00,0.00,0.00,0.00,0.00,inferred
Birmingham,2021-03-30,0.19,0.04,0.00,0.00,0.00,0.00,0.00,inferred
Birmingham,2021-03-31,0.19,0.04,0.00,0.00,0.00,0.00,0.00,inferred
Birmingham,2021-04-01,0.19,0.04,0.00,0.00,0.00,0.00,0.00,inferred
Birmingham,2021-04-02,0.19,0.04,0.00,0.00,0.00,0.00,0.00,inferred
Birmingham,2021-04-03,0.19,0.04,0.00,0.00,0.00,0.00,0.00,inferred
Birmingham,2021-04-04,0.19,0.04,0.00,0.00,0.00,0.00,0.00,inferred
Birmingham,2021-04-05,0.19,0.04,0.00,0.00,0.00,0.00,0.00,inferred
Birmingham,2021-04-06,0.40,0.13,0.02,0.00,0.00,0.00,0.00,inferred
Birmingham,2021-04-07,0.40,0.13,0.02,0.00,0.00,0.00,0.00,inferred
Birmingham,2021-04-08,0.40,0.13,0.02,0.00,0.00,0.00,0.00,inferred
Birmingham,2021-04-09,0.40,0.13,0.02,0.00,0.00,0.00,0.00,inferred
Birmingham,2021-04-10,0.40,0.13,0.02,0.00,0.00,0.00,0.00,inferred
Birmingham,2021-04-11,0.40,0.13,0.02,0.00,0.00,0.00,0.00,inferred
Birmingham,2021-04-12,0.40,0.13,0.02,0.00,0.00,0.00,0.00,inferred
Birmingham,2021-04-13,0.62,0.23,0.03,0.00,0.00,0.00,0.00,inferred
Birmingham,2021-04-14,0.62,0.23,0.03,0.00,0.00,0.00,0.00,inferred
Birmingham,2021-04-15,0.62,0.23,0.03,0.00,0.00,0.00,0.00,inferred
Birmingham,2021-04-16,0.62,0.23,0.03,0.00,0.00,0.00,0.00,inferred
Birmingham,2021-04-17,0.62,0.23,0.03,0.00,0.00,0.00,0.00,inferred
Birmingham,2021-04-18,0.62,0.23,0.03,0.00,0.00,0.00,0.00,inferred
Birmingham,2021-04-19,0.62,0.23,0.03,0.00,0.00,0.00,0.00,inferred
Birmingham,2021-04-20,0.35,0.07,0.00,0.00,0.00,0.00,0.00,inferred
Birmingham,2021-04-21,0.35,0.07,0.00,0.00,0.00,0.00,0.00,inferred
Birmingham,2021-04-22,0.35,0.07,0.00,0.00,0.00,0.00,0.00,inferred
Birmingham,2021-04-23,0.35,0.07,0.00,0.00,0.00,0.00,0.00,inferred
Birmingham,2021-04-24,0.35,0.07,0.00,0.00,0.00,0.00,0.00,inferred
Birmingham,2021-04-25,0.35,0.07,0.00,0.00,0.00,0.00,0.00,inferred
Birmingham,2021-04-26,0.35,0.07,0.00,0.00,0.00,0.00,0.00,inferred
Birmingham,2021-04-27,0.92,0.68,0.34,0.11,0.02,0.00,0.00,inferred
Birmingham,2021-04-28,0.92,0.68,0.34,0.11,0.02,0.00,0.00,inferred
Birmingham,2021-04-29,0.92,0.68,0.34,0.11,0.02,0.00,0.00,inferred
Birmingham,2021-04-30,0.92,0.68,0.34,0.11,0.02,0.00,0.00,inferred
Birmingham,2021-05-01,0.92,0.68,0.34,0.11,0.02,0.00,0.00,inferred
Birmingham,2021-05-02,0.92,0.68,0.34,0.11,0.02,0.00,0.00,inferred
Birmingham,2021-05-03,0.92,0.68,0.34,0.11,0.02,0.00,0.00,inferred
Birmingham,2021-05-04,0.99,0.90,0.68,0.33,0.11,0.00,0.00,inferred
Birmingham,2021-05-05,0.99,0.90,0.68,0.33,0.11,0.00,0.00,inferred
Birmingham,2021-05-06,0.99,0.90,0.68,0.33,0.11,0.00,0.00,inferred
Birmingham,2021-05-07,0.99,0.90,0.68,0.33,0.11,0.00,0.00,inferred
Birmingham,2021-05-08,0.99,0.90,0.68,0.33,0.11,0.00,0.00,inferred
Birmingham,2021-05-09,0.99,0.90,0.68,0.33,0.11,0.00,0.00,inferred
Birmingham,2021-05-10,0.99,0.90,0.68,0.33,0.11,0.00,0.00,inferred
Birmingham,2021-05-11,1.00,1.00,1.00,1.00,0.96,0.34,0.00,inferred
Birmingham,2021-05-12,1.00,1.00,1.00,1.00,0.96,0.34,0.00,inferred
Birmingham,2021-05-13,1.00,1.00,1.00,1.00,0.96,0.34,0.00,inferred
Birmingham,2021-05-14,1.00,1.00,1.00,1.00,0.96,0.34,0.00,inferred
Birmingham,2021-05-15,1.00,1.00,1.00,1.00,0.96,0.34,0.00,inferred
Birmingham,2021-05-16,1.00,1.00,1.00,1.00,0.96,0.34,0.00,inferred
Birmingham,2021-05-17,1.00,1.00,1.00,1.00,0.96,0.34,0.00,inferred
Birmingham,2021-05-18,1.00,1.00,1.00,1.00,1.00,0.86,0.09,inferred
Birmingham,2021-05-19,1.00,1.00,1.00,1.00,1.00,0.86,0.09,inferred
Birmingham,2021-05-20,1.00,1.00,1.00,1.00,1.00,0.86,0.09,inferred
Birmingham,2021-05-21,1.00,1.00,1.00,1.00,1.00,0.86,0.09,inferred
Birmingham,2021-05-22,1.00,1.00,1.00,1.00,1.00,0.86,0.09,inferred
Birmingham,2021-05-23,1.00,1.00,1.00,1.00,1.00,0.86,0.09,inferred
Birmingham,2021-05-24,1.00,1.00,1.00,1.00,1.00,0.86,0.09,inferred
Birmingham,2021-05-25,1.00,1.00,1.00,1.00,1.00,0.89,0.13,inferred
Birmingham,2021-05-26,1.00,1.00,1.00,1.00,1.00,0.89,0.13,inferred
Birmingham,2021-05-27,1.00,1.00,1.00,1.00,1.00,0.89,0.13,inferred
Birmingham,2021-05-28,1.00,1.00,1.00,1.00,1.00,0.89,0.13,inferred
Birmingham,2021-05-29,1.00,1.00,1.00,1.00,1.00,0.89,0.13,inferred
Birmingham,2021-05-30,1.00,1.00,1.00,1.00,1.00,0.89,0.13,inferred
Birmingham,2021-05-31,1.00,1.00,1.00,1.00,1.00,0.89,0.13,inferred
Birmingham,2021-06-01,1.00,1.00,1.00,1.00,0.95,0.33,0.00,inferred
Birmingham,2021-06-02,1.00,1.00,1.00,1.00,0.95,0.33,0.00,inferred
Birmingham,2021-06-03,1.00,1.00,1.00,1.00,0.95,0.33,0.00,inferred
Birmingham,2021-06-04,1.00,1.00,1.00,1.00,0.95,0.33,0.00,inferred
Birmingham,2021-06-05,1.00,1.00,1.00,1.00,0.95,0.33,0.00,inferred
Birmingham,2021-06-06,1.00,1.00,1.00,1.00,0.95,0.33,0.00,inferred
Birmingham,2021-06-07,1.00,1.00,1.00,1.00,0.95,0.33,0.00,inferred
Birmingham,2021-06-08,1.00,1.00,1.00,1.00,0.95,0.13,0.00,inferred
Birmingham,2021-06-09,1.00,1.00,1.00,1.00,0.95,0.13,0.00,inferred
Birmingham,2021-06-10,1.00,1.00,1.00,1.00,0.95,0.13,0.00,inferred
Birmingham,2021-06-11,1.00,1.00,1.00,1.00,0.95,0.13,0.00,inferred
Birmingham,2021-06-12,1.00,1.00,1.00,1.00,0.95,0.13,0.00,inferred
Birmingham,2021-06-13,1.00,1.00,1.00,1.00,0.95,0.13,0.00,inferred
Birmingham,2021-06-14,1.00,1.00,1.00,1.00,0.95,0.13,0.00,inferred
Birmingham,2021-06-15,1.00,1.00,1.00,1.00,1.00,0.91,0.02,inferred
Birmingham,2021-06-16,1.00,1.00,1.00,1.00,1.00,0.91,0.02,inferred
Birmingham,2021-06-17,1.00,1.00,1.00,1.00,1.00,0.91,0.02,inferred
Birmingham,2021-06-18,1.00,1.00,1.00,1.00,1.00,0.91,0.02,inferred
Birmingham,2021-06-19,1.00,1.00,1.00,1.00,1.00,0.91,0.02,inferred
Birmingham,2021-06-20,1.00,1.00,1.00,1.00,1.00,0.91,0.02,inferred
Birmingham,2021-06-21,1.00,1.00,1.00,1.00,1.00,0.91,0.02,inferred
Birmingham,2021-06-22,1.00,1.00,1.00,1.00,1.00,0.61,0.00,inferred
Birmingham,2021-06-23,1.00,1.00,1.00,1.00,1.00,0.61,0.00,inferred
Birmingham,2021-06-24,1.00,1.00,1.00,1.00,1.00,0.61,0.00,inferred
Birmingham,2021-06-25,1.00,1.00,1.00,1.00,1.00,0.61,0.00,inferred
Birmingham,2021-06-26,1.00,1.00,1.00,1.00,1.00,0.61,0.00,inferred
Birmingham,2021-06-27,1.00,1.00,1.00,1.00,1.00,0.61,0.00,inferred
Birmingham,2021-06-28,1.00,1.00,1.00,1.00,1.00,0.61,0.00,inferred
Birmingham,2021-06-29,1.00,1.00,0.96,0.86,0.65,0.06,0.00,inferred
Birmingham,2021-06-30,1.00,1.00,0.96,0.86,0.65,0.06,0.00,inferred
Birmingham,2021-07-01,1.00,1.00,0.96,0.86,0.65,0.06,0.00,inferred
Birmingham,2021-07-02,1.00,1.00,0.96,0.86,0.65,0.06,0.00,inferred
Birmingham,2021-07-03,1.00,1.00,0.96,0.86,0.65,0.06,0.00,inferred
Birmingham,2021-07-04,1.00,1.00,0.96,0.86,0.65,0.06,0.00,inferred
Birmingham,2021-07-05,1.00,1.00,0.96,0.86,0.65,0.06,0.00,inferred
Birmingham,2021-07-06,0.96,0.90,0.81,0.68,0.55,0.23,0.04,projected
Birmingham,2021-07-07,0.96,0.90,0.81,0.68,0.55,0.23,0.04,projected
Birmingham,2021-07-08,0.96,0.90,0.81,0.68,0.55,0.23,0.04,projected
Birmingham,2021-07-09,0.96,0.90,0.81,0.68,0.55,0.23,0.04,projected
Birmingham,2021-07-10,0.96,0.90,0.81,0.68,0.55,0.23,0.04,projected
Birmingham,2021-07-11,0.96,0.90,0.81,0.68,0.55,0.23,0.04,projected
Birmingham,2021-07-12,0.96,0.90,0.81,0.68,0.55,0.23,0.04,projected
Birmingham,2021-07-13,0.92,0.85,0.75,0.64,0.53,0.27,0.08,projected
Birmingham,2021-07-14,0.92,0.85,0.75,0.64,0.53,0.27,0.08,projected
Birmingham,2021-07-15,0.92,0.85,0.75,0.64,0.53,0.27,0.08,projected
Birmingham,2021-07-16,0.92,0.85,0.75,0.64,0.53,0.27,0.08,projected
Birmingham,2021-07-17,0.92,0.85,0.75,0.64,0.53,0.27,0.08,projected
Birmingham,2021-07-18,0.92,0.85,0.75,0.64,0.53,0.27,0.08,projected
Birmingham,2021-07-19,0.92,0.85,0.75,0.64,0.53,0.27,0.08,projected
Birmingham,2021-07-20,0.88,0.81,0.72,0.62,0.54,0.31,0.10,projected
Birmingham,2021-07-21,0.88,0.81,0.72,0.62,0.54,0.31,0.10,projected
Birmingham,2021-07-22,0.88,0.81,0.72,0.62,0.54,0.31,0.10,projected
Birmingham,2021-07-23,0.88,0.81,0.72,0.62,0.54,0.31,0.10,projected
Birmingham,2021-07-24,0.88,0.81,0.72,0.62,0.54,0.31,0.10,projected
Birmingham,2021-07-25,0.88,0.81,0.72,0.62,0.54,0.31,0.10,projected
Birmingham,2021-07-26,0.88,0.81,0.72,0.62,0.54,0.31,0.10,projected
Blaby,2021-03-23,0.18,0.04,0.01,0.00,0.00,0.00,0.00,inferred
Blaby,2021-03-24,0.18,0.04,0.01,0.00,0.00,0.00,0.00,inferred
Blaby,2021-03-25,0.18,0.04,0.01,0.00,0.00,0.00,0.00,inferred
Blaby,2021-03-26,0.18,0.04,0.01,0.00,0.00,0.00,0.00,inferred
Blaby,2021-03-27,0.18,0.04,0.01,0.00,0.00,0.00,0.00,inferred
Blaby,2021-03-28,0.18,0.04,0.01,0.00,0.00,0.00,0.00,inferred
Blaby,2021-03-29,0.18,0.04,0.01,0.00,0.00,0.00,0.00,inferred
Blaby,2021-03-30,0.58,0.27,0.09,0.03,0.01,0.00,0.00,inferred
Blaby,2021-03-31,0.58,0.27,0.09,0.03,0.01,0.00,0.00,inferred
Blaby,2021-04-01,0.58,0.27,0.09,0.03,0.01,0.00,0.00,inferred
Blaby,2021-04-02,0.58,0.27,0.09,0.03,0.01,0.00,0.00,inferred
Blaby,2021-04-03,0.58,0.27,0.09,0.03,0.01,0.00,0.00,inferred
Blaby,2021-04-04,0.58,0.27,0.09,0.03,0.01,0.00,0.00,inferred
Blaby,2021-04-05,0.58,0.27,0.09,0.03,0.01,0.00,0.00,inferred
Blaby,2021-04-06,0.20,0.06,0.02,0.00,0.00,0.00,0.00,inferred
Blaby,2021-04-07,0.20,0.06,0.02,0.00,0.00,0.00,0.00,inferred
Blaby,2021-04-08,0.20,0.06,0.02,0.00,0.00,0.00,0.00,inferred
Blaby,2021-04-09,0.20,0.06,0.02,0.00,0.00,0.00,0.00,inferred
Blaby,2021-04-10,0.20,0.06,0.02,0.00,0.00,0.00,0.00,inferred
Blaby,2021-04-11,0.20,0.06,0.02,0.00,0.00,0.00,0.00,inferred
Blaby,2021-04-12,0.20,0.06,0.02,0.00,0.00,0.00,0.00,inferred
Blaby,2021-04-13,0.71,0.49,0.27,0.12,0.05,0.00,0.00,inferred
Blaby,2021-04-14,0.71,0.49,0.27,0.12,0.05,0.00,0.00,inferred
Blaby,2021-04-15,0.71,0.49,0.27,0.12,0.05,0.00,0.00,inferred
Blaby,2021-04-16,0.71,0.49,0.27,0.12,0.05,0.00,0.00,inferred
Blaby,2021-04-17,0.71,0.49,0.27,0.12,0.05,0.00,0.00,inferred
Blaby,2021-04-18,0.71,0.49,0.27,0.12,0.05,0.00,0.00,inferred
Blaby,2021-04-19,0.71,0.49,0.27,0.12,0.05,0.00,0.00,inferred
Blaby,2021-04-20,0.37,0.17,0.07,0.02,0.01,0.00,0.00,inferred
Blaby,2021-04-21,0.37,0.17,0.07,0.02,0.01,0.00,0.00,inferred
Blaby,2021-04-22,0.37,0.17,0.07,0.02,0.01,0.00,0.00,inferred
Blaby,2021-04-23,0.37,0.17,0.07,0.02,0.01,0.00,0.00,inferred
Blaby,2021-04-24,0.37,0.17,0.07,0.02,0.01,0.00,0.00,inferred
Blaby,2021-04-25,0.37,0.17,0.07,0.02,0.01,0.00,0.00,inferred
Blaby,2021-04-26,0.37,0.17,0.07,0.02,0.01,0.00,0.00,inferred
Blaby,2021-04-27,0.60,0.40,0.23,0.09,0.04,0.00,0.00,inferred
Blaby,2021-04-28,0.60,0.40,0.23,0.09,0.04,0.00,0.00,inferred
Blaby,2021-04-29,0.60,0.40,0.23,0.09,0.04,0.00,0.00,inferred
Blaby,2021-04-30,0.60,0.40,0.23,0.09,0.04,0.00,0.00,inferred
Blaby,2021-05-01,0.60,0.40,0.23,0.09,0.04,0.00,0.00,inferred
Blaby,2021-05-02,0.60,0.40,0.23,0.09,0.04,0.00,0.00,inferred
Blaby,2021-05-03,0.60,0.40,0.23,0.09,0.04,0.00,0.00,inferred
Blaby,2021-05-04,0.64,0.43,0.25,0.13,0.05,0.00,0.00,inferred
Blaby,2021-05-05,0.64,0.43,0.25,0.13,0.05,0.00,0.00,inferred
Blaby,2021-05-06,0.64,0.43,0.25,0.13,0.05,0.00,0.00,inferred
Blaby,2021-05-07,0.64,0.43,0.25,0.13,0.05,0.00,0.00,inferred
Blaby,2021-05-08,0.64,0.43,0.25,0.13,0.05,0.00,0.00,inferred
Blaby,2021-05-09,0.64,0.43,0.25,0.13,0.05,0.00,0.00,inferred
Blaby,2021-05-10,0.64,0.43,0.25,0.13,0.05,0.00,0.00,inferred
Blaby,2021-05-11,0.99,0.97,0.91,0.82,0.70,0.24,0.01,inferred
Blaby,2021-05-12,0.99,0.97,0.91,0.82,0.70,0.24,0.01,inferred
Blaby,2021-05-13,0.99,0.97,0.91,0.82,0.70,0.24,0.01,inferred
Blaby,2021-05-14,0.99,0.97,0.91,0.82,0.70,0.24,0.01,inferred
Blaby,2021-05-15,0.99,0.97,0.91,0.82,0.70,0.24,0.01,inferred
Blaby,2021-05-16,0.99,0.97,0.91,0.82,0.70,0.24,0.01,inferred
Blaby,2021-05-17,0.99,0.97,0.91,0.82,0.70,0.24,0.01,inferred
Blaby,2021-05-18,1.00,1.00,1.00,1.00,1.00,0.93,0.45,inferred
Blaby,2021-05-19,1.00,1.00,1.00,1.00,1.00,0.93,0.45,inferred
Blaby,2021-05-20,1.00,1.00,1.00,1.00,1.00,0.93,0.45,inferred
Blaby,2021-05-21,1.00,1.00,1.00,1.00,1.00,0.93,0.45,inferred
Blaby,2021-05-22,1.00,1.00,1.00,1.00,1.00,0.93,0.45,inferred
Blaby,2021-05-23,1.00,1.00,1.00,1.00,1.00,0.93,0.45,inferred
Blaby,2021-05-24,1.00,1.00,1.00,1.00,1.00,0.93,0.45,inferred
Blaby,2021-05-25,1.00,1.00,0.99,0.96,0.88,0.46,0.03,inferred
Blaby,2021-05-26,1.00,1.00,0.99,0.96,0.88,0.46,0.03,inferred
Blaby,2021-05-27,1.00,1.00,0.99,0.96,0.88,0.46,0.03,inferred
Blaby,2021-05-28,1.00,1.00,0.99,0.96,0.88,0.46,0.03,inferred
Blaby,2021-05-29,1.00,1.00,0.99,0.96,0.88,0.46,0.03,inferred
Blaby,2021-05-30,1.00,1.00,0.99,0.96,0.88,0.46,0.03,inferred
Blaby,2021-05-31,1.00,1.00,0.99,0.96,0.88,0.46,0.03,inferred
Blaby,2021-06-01,1.00,1.00,0.97,0.90,0.75,0.20,0.00,inferred
Blaby,2021-06-02,1.00,1.00,0.97,0.90,0.75,0.20,0.00,inferred
Blaby,2021-06-03,1.00,1.00,0.97,0.90,0.75,0.20,0.00,inferred
Blaby,2021-06-04,1.00,1.00,0.97,0.90,0.75,0.20,0.00,inferred
Blaby,2021-06-05,1.00,1.00,0.97,0.90,0.75,0.20,0.00,inferred
Blaby,2021-06-06,1.00,1.00,0.97,0.90,0.75,0.20,0.00,inferred
Blaby,2021-06-07,1.00,1.00,0.97,0.90,0.75,0.20,0.00,inferred
Blaby,2021-06-08,1.00,1.00,1.00,0.99,0.94,0.37,0.01,inferred
Blaby,2021-06-09,1.00,1.00,1.00,0.99,0.94,0.37,0.01,inferred
Blaby,2021-06-10,1.00,1.00,1.00,0.99,0.94,0.37,0.01,inferred
Blaby,2021-06-11,1.00,1.00,1.00,0.99,0.94,0.37,0.01,inferred
Blaby,2021-06-12,1.00,1.00,1.00,0.99,0.94,0.37,0.01,inferred
Blaby,2021-06-13,1.00,1.00,1.00,0.99,0.94,0.37,0.01,inferred
Blaby,2021-06-14,1.00,1.00,1.00,0.99,0.94,0.37,0.01,inferred
Blaby,2021-06-15,1.00,1.00,1.00,0.97,0.85,0.19,0.00,inferred
Blaby,2021-06-16,1.00,1.00,1.00,0.97,0.85,0.19,0.00,inferred
Blaby,2021-06-17,1.00,1.00,1.00,0.97,0.85,0.19,0.00,inferred
Blaby,2021-06-18,1.00,1.00,1.00,0.97,0.85,0.19,0.00,inferred
Blaby,2021-06-19,1.00,1.00,1.00,0.97,0.85,0.19,0.00,inferred
Blaby,2021-06-20,1.00,1.00,1.00,0.97,0.85,0.19,0.00,inferred
Blaby,2021-06-21,1.00,1.00,1.00,0.97,0.85,0.19,0.00,inferred
Blaby,2021-06-22,1.00,1.00,1.00,0.99,0.95,0.39,0.00,inferred
Blaby,2021-06-23,1.00,1.00,1.00,0.99,0.95,0.39,0.00,inferred
Blaby,2021-06-24,1.00,1.00,1.00,0.99,0.95,0.39,0.00,inferred
Blaby,2021-06-25,1.00,1.00,1.00,0.99,0.95,0.39,0.00,inferred
Blaby,2021-06-26,1.00,1.00,1.00,0.99,0.95,0.39,0.00,inferred
Blaby,2021-06-27,1.00,1.00,1.00,0.99,0.95,0.39,0.00,inferred
Blaby,2021-06-28,1.00,1.00,1.00,0.99,0.95,0.39,0.00,inferred
Blaby,2021-06-29,0.97,0.88,0.74,0.52,0.31,0.04,0.00,inferred
Blaby,2021-06-30,0.97,0.88,0.74,0.52,0.31,0.04,0.00,inferred
Blaby,2021-07-01,0.97,0.88,0.74,0.52,0.31,0.04,0.00,inferred
Blaby,2021-07-02,0.97,0.88,0.74,0.52,0.31,0.04,0.00,inferred
Blaby,2021-07-03,0.97,0.88,0.74,0.52,0.31,0.04,0.00,inferred
Blaby,2021-07-04,0.97,0.88,0.74,0.52,0.31,0.04,0.00,inferred
Blaby,2021-07-05,0.97,0.88,0.74,0.52,0.31,0.04,0.00,inferred
Blaby,2021-07-06,0.92,0.84,0.73,0.60,0.47,0.16,0.02,projected
Blaby,2021-07-07,0.92,0.84,0.73,0.60,0.47,0.16,0.02,projected
Blaby,2021-07-08,0.92,0.84,0.73,0.60,0.47,0.16,0.02,projected
Blaby,2021-07-09,0.92,0.84,0.73,0.60,0.47,0.16,0.02,projected
Blaby,2021-07-10,0.92,0.84,0.73,0.60,0.47,0.16,0.02,projected
Blaby,2021-07-11,0.92,0.84,0.73,0.60,0.47,0.16,0.02,projected
Blaby,2021-07-12,0.92,0.84,0.73,0.60,0.47,0.16,0.02,projected
Blaby,2021-07-13,0.90,0.83,0.73,0.62,0.52,0.25,0.06,projected
Blaby,2021-07-14,0.90,0.83,0.73,0.62,0.52,0.25,0.06,projected
Blaby,2021-07-15,0.90,0.83,0.73,0.62,0.52,0.25,0.06,projected
Blaby,2021-07-16,0.90,0.83,0.73,0.62,0.52,0.25,0.06,projected
Blaby,2021-07-17,0.90,0.83,0.73,0.62,0.52,0.25,0.06,projected
Blaby,2021-07-18,0.90,0.83,0.73,0.62,0.52,0.25,0.06,projected
Blaby,2021-07-19,0.90,0.83,0.73,0.62,0.52,0.25,0.06,projected
Blaby,2021-07-20,0.92,0.86,0.78,0.69,0.59,0.35,0.11,projected
Blaby,2021-07-21,0.92,0.86,0.78,0.69,0.59,0.35,0.11,projected
Blaby,2021-07-22,0.92,0.86,0.78,0.69,0.59,0.35,0.11,projected
Blaby,2021-07-23,0.92,0.86,0.78,0.69,0.59,0.35,0.11,projected
Blaby,2021-07-24,0.92,0.86,0.78,0.69,0.59,0.35,0.11,projected
Blaby,2021-07-25,0.92,0.86,0.78,0.69,0.59,0.35,0.11,projected
Blaby,2021-07-26,0.92,0.86,0.78,0.69,0.59,0.35,0.11,projected
Blackburn with Darwen,2021-03-23,0.11,0.02,0.00,0.00,0.00,0.00,0.00,inferred
Blackburn with Darwen,2021-03-24,0.11,0.02,0.00,0.00,0.00,0.00,0.00,inferred
Blackburn with Darwen,2021-03-25,0.11,0.02,0.00,0.00,0.00,0.00,0.00,inferred
Blackburn with Darwen,2021-03-26,0.11,0.02,0.00,0.00,0.00,0.00,0.00,inferred
Blackburn with Darwen,2021-03-27,0.11,0.02,0.00,0.00,0.00,0.00,0.00,inferred
Blackburn with Darwen,2021-03-28,0.11,0.02,0.00,0.00,0.00,0.00,0.00,inferred
Blackburn with Darwen,2021-03-29,0.11,0.02,0.00,0.00,0.00,0.00,0.00,inferred
Blackburn with Darwen,2021-03-30,0.35,0.09,0.01,0.00,0.00,0.00,0.00,inferred
Blackburn with Darwen,2021-03-31,0.35,0.09,0.01,0.00,0.00,0.00,0.00,inferred
Blackburn with Darwen,2021-04-01,0.35,0.09,0.01,0.00,0.00,0.00,0.00,inferred
Blackburn with Darwen,2021-04-02,0.35,0.09,0.01,0.00,0.00,0.00,0.00,inferred
Blackburn with Darwen,2021-04-03,0.35,0.09,0.01,0.00,0.00,0.00,0.00,inferred
Blackburn with Darwen,2021-04-04,0.35,0.09,0.01,0.00,0.00,0.00,0.00,inferred
Blackburn with Darwen,2021-04-05,0.35,0.09,0.01,0.00,0.00,0.00,0.00,inferred
Blackburn with Darwen,2021-04-06,0.03,0.00,0.00,0.00,0.00,0.00,0.00,inferred
Blackburn with Darwen,2021-04-07,0.03,0.00,0.00,0.00,0.00,0.00,0.00,inferred
Blackburn with Darwen,2021-04-08,0.03,0.00,0.00,0.00,0.00,0.00,0.00,inferred
Blackburn with Darwen,2021-04-09,0.03,0.00,0.00,0.00,0.00,0.00,0.00,inferred
Blackburn with Darwen,2021-04-10,0.03,0.00,0.00,0.00,0.00,0.00,0.00,inferred
Blackburn with Darwen,2021-04-11,0.03,0.00,0.00,0.00,0.00,0.00,0.00,inferred
Blackburn with Darwen,2021-04-12,0.03,0.00,0.00,0.00,0.00,0.00,0.00,inferred
Blackburn with Darwen,2021-04-13,0.96,0.86,0.66,0.44,0.26,0.01,0.00,inferred
Blackburn with Darwen,2021-04-14,0.96,0.86,0.66,0.44,0.26,0.01,0.00,inferred
Blackburn with Darwen,2021-04-15,0.96,0.86,0.66,0.44,0.26,0.01,0.00,inferred
Blackburn with Darwen,2021-04-16,0.96,0.86,0.66,0.44,0.26,0.01,0.00,inferred
Blackburn with Darwen,2021-04-17,0.96,0.86,0.66,0.44,0.26,0.01,0.00,inferred
Blackburn with Darwen,2021-04-18,0.96,0.86,0.66,0.44,0.26,0.01,0.00,inferred
Blackburn with Darwen,2021-04-19,0.96,0.86,0.66,0.44,0.26,0.01,0.00,inferred
Blackburn with Darwen,2021-04-20,1.00,1.00,0.99,0.95,0.85,0.26,0.00,inferred
Blackburn with Darwen,2021-04-21,1.00,1.00,0.99,0.95,0.85,0.26,0.00,inferred
Blackburn with Darwen,2021-04-22,1.00,1.00,0.99,0.95,0.85,0.26,0.00,inferred
Blackburn with Darwen,2021-04-23,1.00,1.00,0.99,0.95,0.85,0.26,0.00,inferred
Blackburn with Darwen,2021-04-24,1.00,1.00,0.99,0.95,0.85,0.26,0.00,inferred
Blackburn with Darwen,2021-04-25,1.00,1.00,0.99,0.95,0.85,0.26,0.00,inferred
Blackburn with Darwen,2021-04-26,1.00,1.00,0.99,0.95,0.85,0.26,0.00,inferred
Blackburn with Darwen,2021-04-27,1.00,1.00,1.00,1.00,1.00,0.81,0.12,inferred
Blackburn with Darwen,2021-04-28,1.00,1.00,1.00,1.00,1.00,0.81,0.12,inferred
Blackburn with Darwen,2021-04-29,1.00,1.00,1.00,1.00,1.00,0.81,0.12,inferred
Blackburn with Darwen,2021-04-30,1.00,1.00,1.00,1.00,1.00,0.81,0.12,inferred
Blackburn with Darwen,2021-05-01,1.00,1.00,1.00,1.00,1.00,0.81,0.12,inferred
Blackburn with Darwen,2021-05-02,1.00,1.00,1.00,1.00,1.00,0.81,0.12,inferred
Blackburn with Darwen,2021-05-03,1.00,1.00,1.00,1.00,1.00,0.81,0.12,inferred
Blackburn with Darwen,2021-05-04,1.00,1.00,1.00,1.00,1.00,0.91,0.22,inferred
Blackburn with Darwen,2021-05-05,1.00,1.00,1.00,1.00,1.00,0.91,0.22,inferred
Blackburn with Darwen,2021-05-06,1.00,1.00,1.00,1.00,1.00,0.91,0.22,inferred
Blackburn with Darwen,2021-05-07,1.00,1.00,1.00,1.00,1.00,0.91,0.22,inferred
Blackburn with Darwen,2021-05-08,1.00,1.00,1.00,1.00,1.00,0.91,0.22,inferred
Blackburn with Darwen,2021-05-09,1.00,1.00,1.00,1.00,1.00,0.91,0.22,inferred
Blackburn with Darwen,2021-05-10,1.00,1.00,1.00,1.00,1.00,0.91,0.22,inferred
Blackburn with Darwen,2021-05-11,1.00,1.00,1.00,1.00,1.00,0.97,0.51,inferred
Blackburn with Darwen,2021-05-12,1.00,1.00,1.00,1.00,1.00,0.97,0.51,inferred
Blackburn with Darwen,2021-05-13,1.00,1.00,1.00,1.00,1.00,0.97,0.51,inferred
Blackburn with Darwen,2021-05-14,1.00,1.00,1.00,1.00,1.00,0.97,0.51,inferred
Blackburn with Darwen,2021-05-15,1.00,1.00,1.00,1.00,1.00,0.97,0.51,inferred
Blackburn with Darwen,2021-05-16,1.00,1.00,1.00,1.00,1.00,0.97,0.51,inferred
Blackburn with Darwen,2021-05-17,1.00,1.00,1.00,1.00,1.00,0.97,0.51,inferred
Blackburn with Darwen,2021-05-18,1.00,1.00,1.00,1.00,0.94,0.41,0.00,inferred
Blackburn with Darwen,2021-05-19,1.00,1.00,1.00,1.00,0.94,0.41,0.00,inferred
Blackburn with Darwen,2021-05-20,1.00,1.00,1.00,1.00,0.94,0.41,0.00,inferred
Blackburn with Darwen,2021-05-21,1.00,1.00,1.00,1.00,0.94,0.41,0.00,inferred
Blackburn with Darwen,2021-05-22,1.00,1.00,1.00,1.00,0.94,0.41,0.00,inferred
Blackburn with Darwen,2021-05-23,1.00,1.00,1.00,1.00,0.94,0.41,0.00,inferred
Blackburn with Darwen,2021-05-24,1.00,1.00,1.00,1.00,0.94,0.41,0.00,inferred
Blackburn with Darwen,2021-05-25,1.00,1.00,1.00,1.00,0.97,0.32,0.00,inferred
Blackburn with Darwen,2021-05-26,1.00,1.00,1.00,1.00,0.97,0.32,0.00,inferred
Blackburn with Darwen,2021-05-27,1.00,1.00,1.00,1.00,0.97,0.32,0.00,inferred
Blackburn with Darwen,2021-05-28,1.00,1.00,1.00,1.00,0.97,0.32,0.00,inferred
Blackburn with Darwen,2021-05-29,1.00,1.00,1.00,1.00,0.97,0.32,0.00,inferred
Blackburn with Darwen,2021-05-30,1.00,1.00,1.00,1.00,0.97,0.32,0.00,inferred
Blackburn with Darwen,2021-05-31,1.00,1.00,1.00,1.00,0.97,0.32,0.00,inferred
Blackburn with Darwen,2021-06-01,0.93,0.48,0.08,0.00,0.00,0.00,0.00,inferred
Blackburn with Darwen,2021-06-02,0.93,0.48,0.08,0.00,0.00,0.00,0.00,inferred
Blackburn with Darwen,2021-06-03,0.93,0.48,0.08,0.00,0.00,0.00,0.00,inferred
Blackburn with Darwen,2021-06-04,0.93,0.48,0.08,0.00,0.00,0.00,0.00,inferred
Blackburn with Darwen,2021-06-05,0.93,0.48,0.08,0.00,0.00,0.00,0.00,inferred
Blackburn with Darwen,2021-06-06,0.93,0.48,0.08,0.00,0.00,0.00,0.00,inferred
Blackburn with Darwen,2021-06-07,0.93,0.48,0.08,0.00,0.00,0.00,0.00,inferred
Blackburn with Darwen,2021-06-08,0.81,0.26,0.01,0.00,0.00,0.00,0.00,inferred
Blackburn with Darwen,2021-06-09,0.81,0.26,0.01,0.00,0.00,0.00,0.00,inferred
Blackburn with Darwen,2021-06-10,0.81,0.26,0.01,0.00,0.00,0.00,0.00,inferred
Blackburn with Darwen,2021-06-11,0.81,0.26,0.01,0.00,0.00,0.00,0.00,inferred
Blackburn with Darwen,2021-06-12,0.81,0.26,0.01,0.00,0.00,0.00,0.00,inferred
Blackburn with Darwen,2021-06-13,0.81,0.26,0.01,0.00,0.00,0.00,0.00,inferred
Blackburn with Darwen,2021-06-14,0.81,0.26,0.01,0.00,0.00,0.00,0.00,inferred
Blackburn with Darwen,2021-06-15,1.00,0.93,0.47,0.07,0.00,0.00,0.00,inferred
Blackburn with Darwen,2021-06-16,1.00,0.93,0.47,0.07,0.00,0.00,0.00,inferred
Blackburn with Darwen,2021-06-17,1.00,0.93,0.47,0.07,0.00,0.00,0.00,inferred
Blackburn with Darwen,2021-06-18,1.00,0.93,0.47,0.07,0.00,0.00,0.00,inferred
Blackburn with Darwen,2021-06-19,1.00,0.93,0.47,0.07,0.00,0.00,0.00,inferred
Blackburn with Darwen,2021-06-20,1.00,0.93,0.47,0.07,0.00,0.00,0.00,inferred
Blackburn with Darwen,2021-06-21,1.00,0.93,0.47,0.07,0.00,0.00,0.00,inferred
Blackburn with Darwen,2021-06-22,0.63,0.10,0.00,0.00,0.00,0.00,0.00,inferred
Blackburn with Darwen,2021-06-23,0.63,0.10,0.00,0.00,0.00,0.00,0.00,inferred
Blackburn with Darwen,2021-06-24,0.63,0.10,0.00,0.00,0.00,0.00,0.00,inferred
Blackburn with Darwen,2021-06-25,0.63,0.10,0.00,0.00,0.00,0.00,0.00,inferred
Blackburn with Darwen,2021-06-26,0.63,0.10,0.00,0.00,0.00,0.00,0.00,inferred
Blackburn with Darwen,2021-06-27,0.63,0.10,0.00,0.00,0.00,0.00,0.00,inferred
Blackburn with Darwen,2021-06-28,0.63,0.10,0.00,0.00,0.00,0.00,0.00,inferred
Blackburn with Darwen,2021-06-29,0.12,0.03,0.00,0.00,0.00,0.00,0.00,inferred
Blackburn with Darwen,2021-06-30,0.12,0.03,0.00,0.00,0.00,0.00,0.00,inferred
Blackburn with Darwen,2021-07-01,0.12,0.03,0.00,0.00,0.00,0.00,0.00,inferred
Blackburn with Darwen,2021-07-02,0.12,0.03,0.00,0.00,0.00,0.00,0.00,inferred
Blackburn with Darwen,2021-07-03,0.12,0.03,0.00,0.00,0.00,0.00,0.00,inferred
Blackburn with Darwen,2021-07-04,0.12,0.03,0.00,0.00,0.00,0.00,0.00,inferred
Blackburn with Darwen,2021-07-05,0.12,0.03,0.00,0.00,0.00,0.00,0.00,inferred
Blackburn with Darwen,2021-07-06,0.33,0.20,0.11,0.06,0.03,0.00,0.00,projected
Blackburn with Darwen,2021-07-07,0.33,0.20,0.11,0.06,0.03,0.00,0.00,projected
Blackburn with Darwen,2021-07-08,0.33,0.20,0.11,0.06,0.03,0.00,0.00,projected
Blackburn with Darwen,2021-07-09,0.33,0.20,0.11,0.06,0.03,0.00,0.00,projected
Blackburn with Darwen,2021-07-10,0.33,0.20,0.11,0.06,0.03,0.00,0.00,projected
Blackburn with Darwen,2021-07-11,0.33,0.20,0.11,0.06,0.03,0.00,0.00,projected
Blackburn with Darwen,2021-07-12,0.33,0.20,0.11,0.06,0.03,0.00,0.00,projected
Blackburn with Darwen,2021-07-13,0.42,0.29,0.19,0.13,0.08,0.02,0.00,projected
Blackburn with Darwen,2021-07-14,0.42,0.29,0.19,0.13,0.08,0.02,0.00,projected
Blackburn with Darwen,2021-07-15,0.42,0.29,0.19,0.13,0.08,0.02,0.00,projected
Blackburn with Darwen,2021-07-16,0.42,0.29,0.19,0.13,0.08,0.02,0.00,projected
Blackburn with Darwen,2021-07-17,0.42,0.29,0.19,0.13,0.08,0.02,0.00,projected
Blackburn with Darwen,2021-07-18,0.42,0.29,0.19,0.13,0.08,0.02,0.00,projected
Blackburn with Darwen,2021-07-19,0.42,0.29,0.19,0.13,0.08,0.02,0.00,projected
Blackburn with Darwen,2021-07-20,0.54,0.40,0.29,0.20,0.13,0.05,0.01,projected
Blackburn with Darwen,2021-07-21,0.54,0.40,0.29,0.20,0.13,0.05,0.01,projected
Blackburn with Darwen,2021-07-22,0.54,0.40,0.29,0.20,0.13,0.05,0.01,projected
Blackburn with Darwen,2021-07-23,0.54,0.40,0.29,0.20,0.13,0.05,0.01,projected
Blackburn with Darwen,2021-07-24,0.54,0.40,0.29,0.20,0.13,0.05,0.01,projected
Blackburn with Darwen,2021-07-25,0.54,0.40,0.29,0.20,0.13,0.05,0.01,projected
Blackburn with Darwen,2021-07-26,0.54,0.40,0.29,0.20,0.13,0.05,0.01,projected
Blackpool,2021-03-23,0.16,0.05,0.01,0.00,0.00,0.00,0.00,inferred
Blackpool,2021-03-24,0.16,0.05,0.01,0.00,0.00,0.00,0.00,inferred
Blackpool,2021-03-25,0.16,0.05,0.01,0.00,0.00,0.00,0.00,inferred
Blackpool,2021-03-26,0.16,0.05,0.01,0.00,0.00,0.00,0.00,inferred
Blackpool,2021-03-27,0.16,0.05,0.01,0.00,0.00,0.00,0.00,inferred
Blackpool,2021-03-28,0.16,0.05,0.01,0.00,0.00,0.00,0.00,inferred
Blackpool,2021-03-29,0.16,0.05,0.01,0.00,0.00,0.00,0.00,inferred
Blackpool,2021-03-30,0.39,0.20,0.09,0.03,0.01,0.00,0.00,inferred
Blackpool,2021-03-31,0.39,0.20,0.09,0.03,0.01,0.00,0.00,inferred
Blackpool,2021-04-01,0.39,0.20,0.09,0.03,0.01,0.00,0.00,inferred
Blackpool,2021-04-02,0.39,0.20,0.09,0.03,0.01,0.00,0.00,inferred
Blackpool,2021-04-03,0.39,0.20,0.09,0.03,0.01,0.00,0.00,inferred
Blackpool,2021-04-04,0.39,0.20,0.09,0.03,0.01,0.00,0.00,inferred
Blackpool,2021-04-05,0.39,0.20,0.09,0.03,0.01,0.00,0.00,inferred
Blackpool,2021-04-06,0.54,0.35,0.19,0.09,0.04,0.00,0.00,inferred
Blackpool,2021-04-07,0.54,0.35,0.19,0.09,0.04,0.00,0.00,inferred
Blackpool,2021-04-08,0.54,0.35,0.19,0.09,0.04,0.00,0.00,inferred
Blackpool,2021-04-09,0.54,0.35,0.19,0.09,0.04,0.00,0.00,inferred
Blackpool,2021-04-10,0.54,0.35,0.19,0.09,0.04,0.00,0.00,inferred
Blackpool,2021-04-11,0.54,0.35,0.19,0.09,0.04,0.00,0.00,inferred
Blackpool,2021-04-12,0.54,0.35,0.19,0.09,0.04,0.00,0.00,inferred
Blackpool,2021-04-13,0.76,0.58,0.40,0.24,0.13,0.01,0.00,inferred
Blackpool,2021-04-14,0.76,0.58,0.40,0.24,0.13,0.01,0.00,inferred
Blackpool,2021-04-15,0.76,0.58,0.40,0.24,0.13,0.01,0.00,inferred
Blackpool,2021-04-16,0.76,0.58,0.40,0.24,0.13,0.01,0.00,inferred
Blackpool,2021-04-17,0.76,0.58,0.40,0.24,0.13,0.01,0.00,inferred
Blackpool,2021-04-18,0.76,0.58,0.40,0.24,0.13,0.01,0.00,inferred
Blackpool,2021-04-19,0.76,0.58,0.40,0.24,0.13,0.01,0.00,inferred
Blackpool,2021-04-20,0.95,0.88,0.78,0.65,0.51,0.15,0.01,inferred
Blackpool,2021-04-21,0.95,0.88,0.78,0.65,0.51,0.15,0.01,inferred
Blackpool,2021-04-22,0.95,0.88,0.78,0.65,0.51,0.15,0.01,inferred
Blackpool,2021-04-23,0.95,0.88,0.78,0.65,0.51,0.15,0.01,inferred
Blackpool,2021-04-24,0.95,0.88,0.78,0.65,0.51,0.15,0.01,inferred
Blackpool,2021-04-25,0.95,0.88,0.78,0.65,0.51,0.15,0.01,inferred
Blackpool,2021-04-26,0.95,0.88,0.78,0.65,0.51,0.15,0.01,inferred
Blackpool,2021-04-27,1.00,0.99,0.98,0.94,0.87,0.51,0.07,inferred
Blackpool,2021-04-28,1.00,0.99,0.98,0.94,0.87,0.51,0.07,inferred
Blackpool,2021-04-29,1.00,0.99,0.98,0.94,0.87,0.51,0.07,inferred
Blackpool,2021-04-30,1.00,0.99,0.98,0.94,0.87,0.51,0.07,inferred
Blackpool,2021-05-01,1.00,0.99,0.98,0.94,0.87,0.51,0.07,inferred
Blackpool,2021-05-02,1.00,0.99,0.98,0.94,0.87,0.51,0.07,inferred
Blackpool,2021-05-03,1.00,0.99,0.98,0.94,0.87,0.51,0.07,inferred
Blackpool,2021-05-04,0.87,0.70,0.52,0.35,0.21,0.02,0.00,inferred
Blackpool,2021-05-05,0.87,0.70,0.52,0.35,0.21,0.02,0.00,inferred
Blackpool,2021-05-06,0.87,0.70,0.52,0.35,0.21,0.02,0.00,inferred
Blackpool,2021-05-07,0.87,0.70,0.52,0.35,0.21,0.02,0.00,inferred
Blackpool,2021-05-08,0.87,0.70,0.52,0.35,0.21,0.02,0.00,inferred
Blackpool,2021-05-09,0.87,0.70,0.52,0.35,0.21,0.02,0.00,inferred
Blackpool,2021-05-10,0.87,0.70,0.52,0.35,0.21,0.02,0.00,inferred
Blackpool,2021-05-11,0.91,0.75,0.59,0.41,0.25,0.03,0.00,inferred
Blackpool,2021-05-12,0.91,0.75,0.59,0.41,0.25,0.03,0.00,inferred
Blackpool,2021-05-13,0.91,0.75,0.59,0.41,0.25,0.03,0.00,inferred
Blackpool,2021-05-14,0.91,0.75,0.59,0.41,0.25,0.03,0.00,inferred
Blackpool,2021-05-15,0.91,0.75,0.59,0.41,0.25,0.03,0.00,inferred
Blackpool,2021-05-16,0.91,0.75,0.59,0.41,0.25,0.03,0.00,inferred
Blackpool,2021-05-17,0.91,0.75,0.59,0.41,0.25,0.03,0.00,inferred
Blackpool,2021-05-18,1.00,1.00,1.00,1.00,1.00,0.96,0.50,inferred
Blackpool,2021-05-19,1.00,1.00,1.00,1.00,1.00,0.96,0.50,inferred
Blackpool,2021-05-20,1.00,1.00,1.00,1.00,1.00,0.96,0.50,inferred
Blackpool,2021-05-21,1.00,1.00,1.00,1.00,1.00,0.96,0.50,inferred
Blackpool,2021-05-22,1.00,1.00,1.00,1.00,1.00,0.96,0.50,inferred
Blackpool,2021-05-23,1.00,1.00,1.00,1.00,1.00,0.96,0.50,inferred
Blackpool,2021-05-24,1.00,1.00,1.00,1.00,1.00,0.96,0.50,inferred
Blackpool,2021-05-25,1.00,1.00,1.00,1.00,1.00,1.00,0.90,inferred
Blackpool,2021-05-26,1.00,1.00,1.00,1.00,1.00,1.00,0.90,inferred
Blackpool,2021-05-27,1.00,1.00,1.00,1.00,1.00,1.00,0.90,inferred
Blackpool,2021-05-28,1.00,1.00,1.00,1.00,1.00,1.00,0.90,inferred
Blackpool,2021-05-29,1.00,1.00,1.00,1.00,1.00,1.00,0.90,inferred
Blackpool,2021-05-30,1.00,1.00,1.00,1.00,1.00,1.00,0.90,inferred
Blackpool,2021-05-31,1.00,1.00,1.00,1.00,1.00,1.00,0.90,inferred
Blackpool,2021-06-01,1.00,1.00,1.00,1.00,1.00,0.90,0.36,inferred
Blackpool,2021-06-02,1.00,1.00,1.00,1.00,1.00,0.90,0.36,inferred
Blackpool,2021-06-03,1.00,1.00,1.00,1.00,1.00,0.90,0.36,inferred
Blackpool,2021-06-04,1.00,1.00,1.00,1.00,1.00,0.90,0.36,inferred
Blackpool,2021-06-05,1.00,1.00,1.00,1.00,1.00,0.90,0.36,inferred
Blackpool,2021-06-06,1.00,1.00,1.00,1.00,1.00,0.90,0.36,inferred
Blackpool,2021-06-07,1.00,1.00,1.00,1.00,1.00,0.90,0.36,inferred
Blackpool,2021-06-08,1.00,1.00,0.99,0.91,0.74,0.15,0.00,inferred
Blackpool,2021-06-09,1.00,1.00,0.99,0.91,0.74,0.15,0.00,inferred
Blackpool,2021-06-10,1.00,1.00,0.99,0.91,0.74,0.15,0.00,inferred
Blackpool,2021-06-11,1.00,1.00,0.99,0.91,0.74,0.15,0.00,inferred
Blackpool,2021-06-12,1.00,1.00,0.99,0.91,0.74,0.15,0.00,inferred
Blackpool,2021-06-13,1.00,1.00,0.99,0.91,0.74,0.15,0.00,inferred
Blackpool,2021-06-14,1.00,1.00,0.99,0.91,0.74,0.15,0.00,inferred
Blackpool,2021-06-15,1.00,0.99,0.91,0.62,0.27,0.00,0.00,inferred
Blackpool,2021-06-16,1.00,0.99,0.91,0.62,0.27,0.00,0.00,inferred
Blackpool,2021-06-17,1.00,0.99,0.91,0.62,0.27,0.00,0.00,inferred
Blackpool,2021-06-18,1.00,0.99,0.91,0.62,0.27,0.00,0.00,inferred
Blackpool,2021-06-19,1.00,0.99,0.91,0.62,0.27,0.00,0.00,inferred
Blackpool,2021-06-20,1.00,0.99,0.91,0.62,0.27,0.00,0.00,inferred
Blackpool,2021-06-21,1.00,0.99,0.91,0.62,0.27,0.00,0.00,inferred
Blackpool,2021-06-22,1.00,1.00,1.00,0.99,0.89,0.08,0.00,inferred
Blackpool,2021-06-23,1.00,1.00,1.00,0.99,0.89,0.08,0.00,inferred
Blackpool,2021-06-24,1.00,1.00,1.00,0.99,0.89,0.08,0.00,inferred
Blackpool,2021-06-25,1.00,1.00,1.00,0.99,0.89,0.08,0.00,inferred
Blackpool,2021-06-26,1.00,1.00,1.00,0.99,0.89,0.08,0.00,inferred
Blackpool,2021-06-27,1.00,1.00,1.00,0.99,0.89,0.08,0.00,inferred
Blackpool,2021-06-28,1.00,1.00,1.00,0.99,0.89,0.08,0.00,inferred
Blackpool,2021-06-29,0.99,0.97,0.92,0.80,0.64,0.17,0.00,inferred
Blackpool,2021-06-30,0.99,0.97,0.92,0.80,0.64,0.17,0.00,inferred
Blackpool,2021-07-01,0.99,0.97,0.92,0.80,0.64,0.17,0.00,inferred
Blackpool,2021-07-02,0.99,0.97,0.92,0.80,0.64,0.17,0.00,inferred
Blackpool,2021-07-03,0.99,0.97,0.92,0.80,0.64,0.17,0.00,inferred
Blackpool,2021-07-04,0.99,0.97,0.92,0.80,0.64,0.17,0.00,inferred
Blackpool,2021-07-05,0.99,0.97,0.92,0.80,0.64,0.17,0.00,inferred
Blackpool,2021-07-06,0.94,0.87,0.78,0.67,0.57,0.27,0.06,projected
Blackpool,2021-07-07,0.94,0.87,0.78,0.67,0.57,0.27,0.06,projected
Blackpool,2021-07-08,0.94,0.87,0.78,0.67,0.57,0.27,0.06,projected
Blackpool,2021-07-09,0.94,0.87,0.78,0.67,0.57,0.27,0.06,projected
Blackpool,2021-07-10,0.94,0.87,0.78,0.67,0.57,0.27,0.06,projected
Blackpool,2021-07-11,0.94,0.87,0.78,0.67,0.57,0.27,0.06,projected
Blackpool,2021-07-12,0.94,0.87,0.78,0.67,0.57,0.27,0.06,projected
Blackpool,2021-07-13,0.90,0.82,0.74,0.64,0.55,0.30,0.09,projected
Blackpool,2021-07-14,0.90,0.82,0.74,0.64,0.55,0.30,0.09,projected
Blackpool,2021-07-15,0.90,0.82,0.74,0.64,0.55,0.30,0.09,projected
Blackpool,2021-07-16,0.90,0.82,0.74,0.64,0.55,0.30,0.09,projected
Blackpool,2021-07-17,0.90,0.82,0.74,0.64,0.55,0.30,0.09,projected
Blackpool,2021-07-18,0.90,0.82,0.74,0.64,0.55,0.30,0.09,projected
Blackpool,2021-07-19,0.90,0.82,0.74,0.64,0.55,0.30,0.09,projected
Blackpool,2021-07-20,0.88,0.80,0.71,0.61,0.52,0.31,0.12,projected
Blackpool,2021-07-21,0.88,0.80,0.71,0.61,0.52,0.31,0.12,projected
Blackpool,2021-07-22,0.88,0.80,0.71,0.61,0.52,0.31,0.12,projected
Blackpool,2021-07-23,0.88,0.80,0.71,0.61,0.52,0.31,0.12,projected
Blackpool,2021-07-24,0.88,0.80,0.71,0.61,0.52,0.31,0.12,projected
Blackpool,2021-07-25,0.88,0.80,0.71,0.61,0.52,0.31,0.12,projected
Blackpool,2021-07-26,0.88,0.80,0.71,0.61,0.52,0.31,0.12,projected
Blaenau Gwent,2021-03-23,0.00,0.00,0.00,0.00,0.00,0.00,0.00,inferred
Blaenau Gwent,2021-03-24,0.00,0.00,0.00,0.00,0.00,0.00,0.00,inferred
Blaenau Gwent,2021-03-25,0.00,0.00,0.00,0.00,0.00,0.00,0.00,inferred
Blaenau Gwent,2021-03-26,0.00,0.00,0.00,0.00,0.00,0.00,0.00,inferred
Blaenau Gwent,2021-03-27,0.00,0.00,0.00,0.00,0.00,0.00,0.00,inferred
Blaenau Gwent,2021-03-28,0.00,0.00,0.00,0.00,0.00,0.00,0.00,inferred
Blaenau Gwent,2021-03-29,0.00,0.00,0.00,0.00,0.00,0.00,0.00,inferred
Blaenau Gwent,2021-03-30,0.08,0.03,0.01,0.00,0.00,0.00,0.00,inferred
Blaenau Gwent,2021-03-31,0.08,0.03,0.01,0.00,0.00,0.00,0.00,inferred
Blaenau Gwent,2021-04-01,0.08,0.03,0.01,0.00,0.00,0.00,0.00,inferred
Blaenau Gwent,2021-04-02,0.08,0.03,0.01,0.00,0.00,0.00,0.00,inferred
Blaenau Gwent,2021-04-03,0.08,0.03,0.01,0.00,0.00,0.00,0.00,inferred
Blaenau Gwent,2021-04-04,0.08,0.03,0.01,0.00,0.00,0.00,0.00,inferred
Blaenau Gwent,2021-04-05,0.08,0.03,0.01,0.00,0.00,0.00,0.00,inferred
Blaenau Gwent,2021-04-06,0.15,0.08,0.03,0.02,0.01,0.00,0.00,inferred
Blaenau Gwent,2021-04-07,0.15,0.08,0.03,0.02,0.01,0.00,0.00,inferred
Blaenau Gwent,2021-04-08,0.15,0.08,0.03,0.02,0.01,0.00,0.00,inferred
Blaenau Gwent,2021-04-09,0.15,0.08,0.03,0.02,0.01,0.00,0.00,inferred
Blaenau Gwent,2021-04-10,0.15,0.08,0.03,0.02,0.01,0.00,0.00,inferred
Blaenau Gwent,2021-04-11,0.15,0.08,0.03,0.02,0.01,0.00,0.00,inferred
Blaenau Gwent,2021-04-12,0.15,0.08,0.03,0.02,0.01,0.00,0.00,inferred
Blaenau Gwent,2021-04-13,0.54,0.40,0.26,0.17,0.09,0.01,0.00,inferred
Blaenau Gwent,2021-04-14,0.54,0.40,0.26,0.17,0.09,0.01,0.00,inferred
Blaenau Gwent,2021-04-15,0.54,0.40,0.26,0.17,0.09,0.01,0.00,inferred
Blaenau Gwent,2021-04-16,0.54,0.40,0.26,0.17,0.09,0.01,0.00,inferred
Blaenau Gwent,2021-04-17,0.54,0.40,0.26,0.17,0.09,0.01,0.00,inferred
Blaenau Gwent,2021-04-18,0.54,0.40,0.26,0.17,0.09,0.01,0.00,inferred
Blaenau Gwent,2021-04-19,0.54,0.40,0.26,0.17,0.09,0.01,0.00,inferred
Blaenau Gwent,2021-04-20,0.56,0.42,0.29,0.20,0.11,0.02,0.00,inferred
Blaenau Gwent,2021-04-21,0.56,0.42,0.29,0.20,0.11,0.02,0.00,inferred
Blaenau Gwent,2021-04-22,0.56,0.42,0.29,0.20,0.11,0.02,0.00,inferred
Blaenau Gwent,2021-04-23,0.56,0.42,0.29,0.20,0.11,0.02,0.00,inferred
Blaenau Gwent,2021-04-24,0.56,0.42,0.29,0.20,0.11,0.02,0.00,inferred
Blaenau Gwent,2021-04-25,0.56,0.42,0.29,0.20,0.11,0.02,0.00,inferred
Blaenau Gwent,2021-04-26,0.56,0.42,0.29,0.20,0.11,0.02,0.00,inferred
Blaenau Gwent,2021-04-27,0.74,0.60,0.49,0.36,0.26,0.08,0.01,inferred
Blaenau Gwent,2021-04-28,0.74,0.60,0.49,0.36,0.26,0.08,0.01,inferred
Blaenau Gwent,2021-04-29,0.74,0.60,0.49,0.36,0.26,0.08,0.01,inferred
Blaenau Gwent,2021-04-30,0.74,0.60,0.49,0.36,0.26,0.08,0.01,inferred
Blaenau Gwent,2021-05-01,0.74,0.60,0.49,0.36,0.26,0.08,0.01,inferred
Blaenau Gwent,2021-05-02,0.74,0.60,0.49,0.36,0.26,0.08,0.01,inferred
Blaenau Gwent,2021-05-03,0.74,0.60,0.49,0.36,0.26,0.08,0.01,inferred
Blaenau Gwent,2021-05-04,0.92,0.85,0.76,0.64,0.52,0.22,0.02,inferred
Blaenau Gwent,2021-05-05,0.92,0.85,0.76,0.64,0.52,0.22,0.02,inferred
Blaenau Gwent,2021-05-06,0.92,0.85,0.76,0.64,0.52,0.22,0.02,inferred
Blaenau Gwent,2021-05-07,0.92,0.85,0.76,0.64,0.52,0.22,0.02,inferred
Blaenau Gwent,2021-05-08,0.92,0.85,0.76,0.64,0.52,0.22,0.02,inferred
Blaenau Gwent,2021-05-09,0.92,0.85,0.76,0.64,0.52,0.22,0.02,inferred
Blaenau Gwent,2021-05-10,0.92,0.85,0.76,0.64,0.52,0.22,0.02,inferred
Blaenau Gwent,2021-05-11,0.67,0.50,0.38,0.25,0.17,0.03,0.00,inferred
Blaenau Gwent,2021-05-12,0.67,0.50,0.38,0.25,0.17,0.03,0.00,inferred
Blaenau Gwent,2021-05-13,0.67,0.50,0.38,0.25,0.17,0.03,0.00,inferred
Blaenau Gwent,2021-05-14,0.67,0.50,0.38,0.25,0.17,0.03,0.00,inferred
Blaenau Gwent,2021-05-15,0.67,0.50,0.38,0.25,0.17,0.03,0.00,inferred
Blaenau Gwent,2021-05-16,0.67,0.50,0.38,0.25,0.17,0.03,0.00,inferred
Blaenau Gwent,2021-05-17,0.67,0.50,0.38,0.25,0.17,0.03,0.00,inferred
Blaenau Gwent,2021-05-18,0.61,0.46,0.32,0.21,0.12,0.02,0.00,inferred
Blaenau Gwent,2021-05-19,0.61,0.46,0.32,0.21,0.12,0.02,0.00,inferred
Blaenau Gwent,2021-05-20,0.61,0.46,0.32,0.21,0.12,0.02,0.00,inferred
Blaenau Gwent,2021-05-21,0.61,0.46,0.32,0.21,0.12,0.02,0.00,inferred
Blaenau Gwent,2021-05-22,0.61,0.46,0.32,0.21,0.12,0.02,0.00,inferred
Blaenau Gwent,2021-05-23,0.61,0.46,0.32,0.21,0.12,0.02,0.00,inferred
Blaenau Gwent,2021-05-24,0.61,0.46,0.32,0.21,0.12,0.02,0.00,inferred
Blaenau Gwent,2021-05-25,0.96,0.92,0.85,0.75,0.65,0.33,0.06,inferred
Blaenau Gwent,2021-05-26,0.96,0.92,0.85,0.75,0.65,0.33,0.06,inferred
Blaenau Gwent,2021-05-27,0.96,0.92,0.85,0.75,0.65,0.33,0.06,inferred
Blaenau Gwent,2021-05-28,0.96,0.92,0.85,0.75,0.65,0.33,0.06,inferred
Blaenau Gwent,2021-05-29,0.96,0.92,0.85,0.75,0.65,0.33,0.06,inferred
Blaenau Gwent,2021-05-30,0.96,0.92,0.85,0.75,0.65,0.33,0.06,inferred
Blaenau Gwent,2021-05-31,0.96,0.92,0.85,0.75,0.65,0.33,0.06,inferred
Blaenau Gwent,2021-06-01,0.95,0.91,0.85,0.76,0.66,0.33,0.06,inferred
Blaenau Gwent,2021-06-02,0.95,0.91,0.85,0.76,0.66,0.33,0.06,inferred
Blaenau Gwent,2021-06-03,0.95,0.91,0.85,0.76,0.66,0.33,0.06,inferred
Blaenau Gwent,2021-06-04,0.95,0.91,0.85,0.76,0.66,0.33,0.06,inferred
Blaenau Gwent,2021-06-05,0.95,0.91,0.85,0.76,0.66,0.33,0.06,inferred
Blaenau Gwent,2021-06-06,0.95,0.91,0.85,0.76,0.66,0.33,0.06,inferred
Blaenau Gwent,2021-06-07,0.95,0.91,0.85,0.76,0.66,0.33,0.06,inferred
Blaenau Gwent,2021-06-08,0.99,0.99,0.97,0.95,0.90,0.67,0.24,inferred
Blaenau Gwent,2021-06-09,0.99,0.99,0.97,0.95,0.90,0.67,0.24,inferred
Blaenau Gwent,2021-06-10,0.99,0.99,0.97,0.95,0.90,0.67,0.24,inferred
Blaenau Gwent,2021-06-11,0.99,0.99,0.97,0.95,0.90,0.67,0.24,inferred
Blaenau Gwent,2021-06-12,0.99,0.99,0.97,0.95,0.90,0.67,0.24,inferred
Blaenau Gwent,2021-06-13,0.99,0.99,0.97,0.95,0.90,0.67,0.24,inferred
Blaenau Gwent,2021-06-14,0.99,0.99,0.97,0.95,0.90,0.67,0.24,inferred
Blaenau Gwent,2021-06-15,1.00,1.00,1.00,1.00,1.00,0.97,0.71,inferred
Blaenau Gwent,2021-06-16,1.00,1.00,1.00,1.00,1.00,0.97,0.71,inferred
Blaenau Gwent,2021-06-17,1.00,1.00,1.00,1.00,1.00,0.97,0.71,inferred
Blaenau Gwent,2021-06-18,1.00,1.00,1.00,1.00,1.00,0.97,0.71,inferred
Blaenau Gwent,2021-06-19,1.00,1.00,1.00,1.00,1.00,0.97,0.71,inferred
Blaenau Gwent,2021-06-20,1.00,1.00,1.00,1.00,1.00,0.97,0.71,inferred
Blaenau Gwent,2021-06-21,1.00,1.00,1.00,1.00,1.00,0.97,0.71,inferred
Blaenau Gwent,2021-06-22,1.00,1.00,1.00,1.00,1.00,0.94,0.64,inferred
Blaenau Gwent,2021-06-23,1.00,1.00,1.00,1.00,1.00,0.94,0.64,inferred
Blaenau Gwent,2021-06-24,1.00,1.00,1.00,1.00,1.00,0.94,0.64,inferred
Blaenau Gwent,2021-06-25,1.00,1.00,1.00,1.00,1.00,0.94,0.64,inferred
Blaenau Gwent,2021-06-26,1.00,1.00,1.00,1.00,1.00,0.94,0.64,inferred
Blaenau Gwent,2021-06-27,1.00,1.00,1.00,1.00,1.00,0.94,0.64,inferred
Blaenau Gwent,2021-06-28,1.00,1.00,1.00,1.00,1.00,0.94,0.64,inferred
Blaenau Gwent,2021-06-29,0.98,0.95,0.91,0.84,0.76,0.44,0.09,inferred
Blaenau Gwent,2021-06-30,0.98,0.95,0.91,0.84,0.76,0.44,0.09,inferred
Blaenau Gwent,2021-07-01,0.98,0.95,0.91,0.84,0.76,0.44,0.09,inferred
Blaenau Gwent,2021-07-02,0.98,0.95,0.91,0.84,0.76,0.44,0.09,inferred
Blaenau Gwent,2021-07-03,0.98,0.95,0.91,0.84,0.76,0.44,0.09,inferred
Blaenau Gwent,2021-07-04,0.98,0.95,0.91,0.84,0.76,0.44,0.09,inferred
Blaenau Gwent,2021-07-05,0.98,0.95,0.91,0.84,0.76,0.44,0.09,inferred
Blaenau Gwent,2021-07-06,0.96,0.92,0.88,0.81,0.74,0.51,0.20,projected
Blaenau Gwent,2021-07-07,0.96,0.92,0.88,0.81,0.74,0.51,0.20,projected
Blaenau Gwent,2021-07-08,0.96,0.92,0.88,0.81,0.74,0.51,0.20,projected
Blaenau Gwent,2021-07-09,0.96,0.92,0.88,0.81,0.74,0.51,0.20,projected
Blaenau Gwent,2021-07-10,0.96,0.92,0.88,0.81,0.74,0.51,0.20,projected
Blaenau Gwent,2021-07-11,0.96,0.92,0.88,0.81,0.74,0.51,0.20,projected
Blaenau Gwent,2021-07-12,0.96,0.92,0.88,0.81,0.74,0.51,0.20,projected
Blaenau Gwent,2021-07-13,0.94,0.90,0.85,0.78,0.72,0.52,0.24,projected
Blaenau Gwent,2021-07-14,0.94,0.90,0.85,0.78,0.72,0.52,0.24,projected
Blaenau Gwent,2021-07-15,0.94,0.90,0.85,0.78,0.72,0.52,0.24,projected
Blaenau Gwent,2021-07-16,0.94,0.90,0.85,0.78,0.72,0.52,0.24,projected
Blaenau Gwent,2021-07-17,0.94,0.90,0.85,0.78,0.72,0.52,0.24,projected
Blaenau Gwent,2021-07-18,0.94,0.90,0.85,0.78,0.72,0.52,0.24,projected
Blaenau Gwent,2021-07-19,0.94,0.90,0.85,0.78,0.72,0.52,0.24,projected
Blaenau Gwent,2021-07-20,0.95,0.92,0.87,0.82,0.75,0.56,0.29,projected
Blaenau Gwent,2021-07-21,0.95,0.92,0.87,0.82,0.75,0.56,0.29,projected
Blaenau Gwent,2021-07-22,0.95,0.92,0.87,0.82,0.75,0.56,0.29,projected
Blaenau Gwent,2021-07-23,0.95,0.92,0.87,0.82,0.75,0.56,0.29,projected
Blaenau Gwent,2021-07-24,0.95,0.92,0.87,0.82,0.75,0.56,0.29,projected
Blaenau Gwent,2021-07-25,0.95,0.92,0.87,0.82,0.75,0.56,0.29,projected
Blaenau Gwent,2021-07-26,0.95,0.92,0.87,0.82,0.75,0.56,0.29,projected
Bolsover,2021-03-23,0.60,0.37,0.19,0.07,0.03,0.00,0.00,inferred
Bolsover,2021-03-24,0.60,0.37,0.19,0.07,0.03,0.00,0.00,inferred
Bolsover,2021-03-25,0.60,0.37,0.19,0.07,0.03,0.00,0.00,inferred
Bolsover,2021-03-26,0.60,0.37,0.19,0.07,0.03,0.00,0.00,inferred
Bolsover,2021-03-27,0.60,0.37,0.19,0.07,0.03,0.00,0.00,inferred
Bolsover,2021-03-28,0.60,0.37,0.19,0.07,0.03,0.00,0.00,inferred
Bolsover,2021-03-29,0.60,0.37,0.19,0.07,0.03,0.00,0.00,inferred
Bolsover,2021-03-30,0.18,0.07,0.02,0.01,0.00,0.00,0.00,inferred
Bolsover,2021-03-31,0.18,0.07,0.02,0.01,0.00,0.00,0.00,inferred
Bolsover,2021-04-01,0.18,0.07,0.02,0.01,0.00,0.00,0.00,inferred
Bolsover,2021-04-02,0.18,0.07,0.02,0.01,0.00,0.00,0.00,inferred
Bolsover,2021-04-03,0.18,0.07,0.02,0.01,0.00,0.00,0.00,inferred
Bolsover,2021-04-04,0.18,0.07,0.02,0.01,0.00,0.00,0.00,inferred
Bolsover,2021-04-05,0.18,0.07,0.02,0.01,0.00,0.00,0.00,inferred
Bolsover,2021-04-06,0.38,0.23,0.12,0.06,0.02,0.00,0.00,inferred
Bolsover,2021-04-07,0.38,0.23,0.12,0.06,0.02,0.00,0.00,inferred
Bolsover,2021-04-08,0.38,0.23,0.12,0.06,0.02,0.00,0.00,inferred
Bolsover,2021-04-09,0.38,0.23,0.12,0.06,0.02,0.00,0.00,inferred
Bolsover,2021-04-10,0.38,0.23,0.12,0.06,0.02,0.00,0.00,inferred
Bolsover,2021-04-11,0.38,0.23,0.12,0.06,0.02,0.00,0.00,inferred
Bolsover,2021-04-12,0.38,0.23,0.12,0.06,0.02,0.00,0.00,inferred
Bolsover,2021-04-13,0.54,0.35,0.20,0.11,0.06,0.00,0.00,inferred
Bolsover,2021-04-14,0.54,0.35,0.20,0.11,0.06,0.00,0.00,inferred
Bolsover,2021-04-15,0.54,0.35,0.20,0.11,0.06,0.00,0.00,inferred
Bolsover,2021-04-16,0.54,0.35,0.20,0.11,0.06,0.00,0.00,inferred
Bolsover,2021-04-17,0.54,0.35,0.20,0.11,0.06,0.00,0.00,inferred
Bolsover,2021-04-18,0.54,0.35,0.20,0.11,0.06,0.00,0.00,inferred
Bolsover,2021-04-19,0.54,0.35,0.20,0.11,0.06,0.00,0.00,inferred
Bolsover,2021-04-20,0.30,0.16,0.07,0.03,0.01,0.00,0.00,inferred
Bolsover,2021-04-21,0.30,0.16,0.07,0.03,0.01,0.00,0.00,inferred
Bolsover,2021-04-22,0.30,0.16,0.07,0.03,0.01,0.00,0.00,inferred
Bolsover,2021-04-23,0.30,0.16,0.07,0.03,0.01,0.00,0.00,inferred
Bolsover,2021-04-24,0.30,0.16,0.07,0.03,0.01,0.00,0.00,inferred
Bolsover,2021-04-25,0.30,0.16,0.07,0.03,0.01,0.00,0.00,inferred
Bolsover,2021-04-26,0.30,0.16,0.07,0.03,0.01,0.00,0.00,inferred
Bolsover,2021-04-27,0.29,0.16,0.09,0.04,0.02,0.00,0.00,inferred
Bolsover,2021-04-28,0.29,0.16,0.09,0.04,0.02,0.00,0.00,inferred
Bolsover,2021-04-29,0.29,0.16,0.09,0.04,0.02,0.00,0.00,inferred
Bolsover,2021-04-30,0.29,0.16,0.09,0.04,0.02,0.00,0.00,inferred
Bolsover,2021-05-01,0.29,0.16,0.09,0.04,0.02,0.00,0.00,inferred
Bolsover,2021-05-02,0.29,0.16,0.09,0.04,0.02,0.00,0.00,inferred
Bolsover,2021-05-03,0.29,0.16,0.09,0.04,0.02,0.00,0.00,inferred
Bolsover,2021-05-04,0.59,0.43,0.30,0.20,0.13,0.02,0.00,inferred
Bolsover,2021-05-05,0.59,0.43,0.30,0.20,0.13,0.02,0.00,inferred
Bolsover,2021-05-06,0.59,0.43,0.30,0.20,0.13,0.02,0.00,inferred
Bolsover,2021-05-07,0.59,0.43,0.30,0.20,0.13,0.02,0.00,inferred
Bolsover,2021-05-08,0.59,0.43,0.30,0.20,0.13,0.02,0.00,inferred
Bolsover,2021-05-09,0.59,0.43,0.30,0.20,0.13,0.02,0.00,inferred
Bolsover,2021-05-10,0.59,0.43,0.30,0.20,0.13,0.02,0.00,inferred
Bolsover,2021-05-11,0.72,0.59,0.45,0.32,0.21,0.04,0.00,inferred
Bolsover,2021-05-12,0.72,0.59,0.45,0.32,0.21,0.04,0.00,inferred
Bolsover,2021-05-13,0.72,0.59,0.45,0.32,0.21,0.04,0.00,inferred
Bolsover,2021-05-14,0.72,0.59,0.45,0.32,0.21,0.04,0.00,inferred
Bolsover,2021-05-15,0.72,0.59,0.45,0.32,0.21,0.04,0.00,inferred
Bolsover,2021-05-16,0.72,0.59,0.45,0.32,0.21,0.04,0.00,inferred
Bolsover,2021-05-17,0.72,0.59,0.45,0.32,0.21,0.04,0.00,inferred
Bolsover,2021-05-18,0.72,0.59,0.44,0.31,0.20,0.05,0.00,inferred
Bolsover,2021-05-19,0.72,0.59,0.44,0.31,0.20,0.05,0.00,inferred
Bolsover,2021-05-20,0.72,0.59,0.44,0.31,0.20,0.05,0.00,inferred
Bolsover,2021-05-21,0.72,0.59,0.44,0.31,0.20,0.05,0.00,inferred
Bolsover,2021-05-22,0.72,0.59,0.44,0.31,0.20,0.05,0.00,inferred
Bolsover,2021-05-23,0.72,0.59,0.44,0.31,0.20,0.05,0.00,inferred
Bolsover,2021-05-24,0.72,0.59,0.44,0.31,0.20,0.05,0.00,inferred
Bolsover,2021-05-25,0.97,0.94,0.88,0.80,0.68,0.36,0.05,inferred
Bolsover,2021-05-26,0.97,0.94,0.88,0.80,0.68,0.36,0.05,inferred
Bolsover,2021-05-27,0.97,0.94,0.88,0.80,0.68,0.36,0.05,inferred
Bolsover,2021-05-28,0.97,0.94,0.88,0.80,0.68,0.36,0.05,inferred
Bolsover,2021-05-29,0.97,0.94,0.88,0.80,0.68,0.36,0.05,inferred
Bolsover,2021-05-30,0.97,0.94,0.88,0.80,0.68,0.36,0.05,inferred
Bolsover,2021-05-31,0.97,0.94,0.88,0.80,0.68,0.36,0.05,inferred
Bolsover,2021-06-01,1.00,1.00,1.00,1.00,0.99,0.93,0.57,inferred
Bolsover,2021-06-02,1.00,1.00,1.00,1.00,0.99,0.93,0.57,inferred
Bolsover,2021-06-03,1.00,1.00,1.00,1.00,0.99,0.93,0.57,inferred
Bolsover,2021-06-04,1.00,1.00,1.00,1.00,0.99,0.93,0.57,inferred
Bolsover,2021-06-05,1.00,1.00,1.00,1.00,0.99,0.93,0.57,inferred
Bolsover,2021-06-06,1.00,1.00,1.00,1.00,0.99,0.93,0.57,inferred
Bolsover,2021-06-07,1.00,1.00,1.00,1.00,0.99,0.93,0.57,inferred
Bolsover,2021-06-08,1.00,1.00,1.00,1.00,1.00,0.98,0.77,inferred
Bolsover,2021-06-09,1.00,1.00,1.00,1.00,1.00,0.98,0.77,inferred
Bolsover,2021-06-10,1.00,1.00,1.00,1.00,1.00,0.98,0.77,inferred
Bolsover,2021-06-11,1.00,1.00,1.00,1.00,1.00,0.98,0.77,inferred
Bolsover,2021-06-12,1.00,1.00,1.00,1.00,1.00,0.98,0.77,inferred
Bolsover,2021-06-13,1.00,1.00,1.00,1.00,1.00,0.98,0.77,inferred
Bolsover,2021-06-14,1.00,1.00,1.00,1.00,1.00,0.98,0.77,inferred
Bolsover,2021-06-15,1.00,1.00,1.00,1.00,1.00,0.94,0.57,inferred
Bolsover,2021-06-16,1.00,1.00,1.00,1.00,1.00,0.94,0.57,inferred
Bolsover,2021-06-17,1.00,1.00,1.00,1.00,1.00,0.94,0.57,inferred
Bolsover,2021-06-18,1.00,1.00,1.00,1.00,1.00,0.94,0.57,inferred
Bolsover,2021-06-19,1.00,1.00,1.00,1.00,1.00,0.94,0.57,inferred
Bolsover,2021-06-20,1.00,1.00,1.00,1.00,1.00,0.94,0.57,inferred
Bolsover,2021-06-21,1.00,1.00,1.00,1.00,1.00,0.94,0.57,inferred
Bolsover,2021-06-22,1.00,1.00,1.00,1.00,0.98,0.70,0.10,inferred
Bolsover,2021-06-23,1.00,1.00,1.00,1.00,0.98,0.70,0.10,inferred
Bolsover,2021-06-24,1.00,1.00,1.00,1.00,0.98,0.70,0.10,inferred
Bolsover,2021-06-25,1.00,1.00,1.00,1.00,0.98,0.70,0.10,inferred
Bolsover,2021-06-26,1.00,1.00,1.00,1.00,0.98,0.70,0.10,inferred
Bolsover,2021-06-27,1.00,1.00,1.00,1.00,0.98,0.70,0.10,inferred
Bolsover,2021-06-28,1.00,1.00,1.00,1.00,0.98,0.70,0.10,inferred
Bolsover,2021-06-29,1.00,1.00,0.99,0.98,0.95,0.71,0.22,inferred
Bolsover,2021-06-30,1.00,1.00,0.99,0.98,0.95,0.71,0.22,inferred
Bolsover,2021-07-01,1.00,1.00,0.99,0.98,0.95,0.71,0.22,inferred
Bolsover,2021-07-02,1.00,1.00,0.99,0.98,0.95,0.71,0.22,inferred
Bolsover,2021-07-03,1.00,1.00,0.99,0.98,0.95,0.71,0.22,inferred
Bolsover,2021-07-04,1.00,1.00,0.99,0.98,0.95,0.71,0.22,inferred
Bolsover,2021-07-05,1.00,1.00,0.99,0.98,0.95,0.71,0.22,inferred
Bolsover,2021-07-06,1.00,0.98,0.95,0.91,0.85,0.60,0.23,projected
Bolsover,2021-07-07,1.00,0.98,0.95,0.91,0.85,0.60,0.23,projected
Bolsover,2021-07-08,1.00,0.98,0.95,0.91,0.85,0.60,0.23,projected
Bolsover,2021-07-09,1.00,0.98,0.95,0.91,0.85,0.60,0.23,projected
Bolsover,2021-07-10,1.00,0.98,0.95,0.91,0.85,0.60,0.23,projected
Bolsover,2021-07-11,1.00,0.98,0.95,0.91,0.85,0.60,0.23,projected
Bolsover,2021-07-12,1.00,0.98,0.95,0.91,0.85,0.60,0.23,projected
Bolsover,2021-07-13,0.99,0.97,0.93,0.88,0.81,0.57,0.24,projected
Bolsover,2021-07-14,0.99,0.97,0.93,0.88,0.81,0.57,0.24,projected
Bolsover,2021-07-15,0.99,0.97,0.93,0.88,0.81,0.57,0.24,projected
Bolsover,2021-07-16,0.99,0.97,0.93,0.88,0.81,0.57,0.24,projected
Bolsover,2021-07-17,0.99,0.97,0.93,0.88,0.81,0.57,0.24,projected
Bolsover,2021-07-18,0.99,0.97,0.93,0.88,0.81,0.57,0.24,projected
Bolsover,2021-07-19,0.99,0.97,0.93,0.88,0.81,0.57,0.24,projected
Bolsover,2021-07-20,0.98,0.96,0.93,0.88,0.82,0.60,0.27,projected
Bolsover,2021-07-21,0.98,0.96,0.93,0.88,0.82,0.60,0.27,projected
Bolsover,2021-07-22,0.98,0.96,0.93,0.88,0.82,0.60,0.27,projected
Bolsover,2021-07-23,0.98,0.96,0.93,0.88,0.82,0.60,0.27,projected
Bolsover,2021-07-24,0.98,0.96,0.93,0.88,0.82,0.60,0.27,projected
Bolsover,2021-07-25,0.98,0.96,0.93,0.88,0.82,0.60,0.27,projected
Bolsover,2021-07-26,0.98,0.96,0.93,0.88,0.82,0.60,0.27,projected
Bolton,2021-03-23,0.01,0.00,0.00,0.00,0.00,0.00,0.00,inferred
Bolton,2021-03-24,0.01,0.00,0.00,0.00,0.00,0.00,0.00,inferred
Bolton,2021-03-25,0.01,0.00,0.00,0.00,0.00,0.00,0.00,inferred
Bolton,2021-03-26,0.01,0.00,0.00,0.00,0.00,0.00,0.00,inferred
Bolton,2021-03-27,0.01,0.00,0.00,0.00,0.00,0.00,0.00,inferred
Bolton,2021-03-28,0.01,0.00,0.00,0.00,0.00,0.00,0.00,inferred
Bolton,2021-03-29,0.01,0.00,0.00,0.00,0.00,0.00,0.00,inferred
Bolton,2021-03-30,0.36,0.11,0.02,0.00,0.00,0.00,0.00,inferred
Bolton,2021-03-31,0.36,0.11,0.02,0.00,0.00,0.00,0.00,inferred
Bolton,2021-04-01,0.36,0.11,0.02,0.00,0.00,0.00,0.00,inferred
Bolton,2021-04-02,0.36,0.11,0.02,0.00,0.00,0.00,0.00,inferred
Bolton,2021-04-03,0.36,0.11,0.02,0.00,0.00,0.00,0.00,inferred
Bolton,2021-04-04,0.36,0.11,0.02,0.00,0.00,0.00,0.00,inferred
Bolton,2021-04-05,0.36,0.11,0.02,0.00,0.00,0.00,0.00,inferred
Bolton,2021-04-06,0.55,0.25,0.06,0.01,0.00,0.00,0.00,inferred
Bolton,2021-04-07,0.55,0.25,0.06,0.01,0.00,0.00,0.00,inferred
Bolton,2021-04-08,0.55,0.25,0.06,0.01,0.00,0.00,0.00,inferred
Bolton,2021-04-09,0.55,0.25,0.06,0.01,0.00,0.00,0.00,inferred
Bolton,2021-04-10,0.55,0.25,0.06,0.01,0.00,0.00,0.00,inferred
Bolton,2021-04-11,0.55,0.25,0.06,0.01,0.00,0.00,0.00,inferred
Bolton,2021-04-12,0.55,0.25,0.06,0.01,0.00,0.00,0.00,inferred
Bolton,2021-04-13,0.99,0.96,0.83,0.59,0.34,0.02,0.00,inferred
Bolton,2021-04-14,0.99,0.96,0.83,0.59,0.34,0.02,0.00,inferred
Bolton,2021-04-15,0.99,0.96,0.83,0.59,0.34,0.02,0.00,inferred
Bolton,2021-04-16,0.99,0.96,0.83,0.59,0.34,0.02,0.00,inferred
Bolton,2021-04-17,0.99,0.96,0.83,0.59,0.34,0.02,0.00,inferred
Bolton,2021-04-18,0.99,0.96,0.83,0.59,0.34,0.02,0.00,inferred
Bolton,2021-04-19,0.99,0.96,0.83,0.59,0.34,0.02,0.00,inferred
Bolton,2021-04-20,1.00,1.00,1.00,1.00,1.00,0.76,0.06,inferred
Bolton,2021-04-21,1.00,1.00,1.00,1.00,1.00,0.76,0.06,inferred
Bolton,2021-04-22,1.00,1.00,1.00,1.00,1.00,0.76,0.06,inferred
Bolton,2021-04-23,1.00,1.00,1.00,1.00,1.00,0.76,0.06,inferred
Bolton,2021-04-24,1.00,1.00,1.00,1.00,1.00,0.76,0.06,inferred
Bolton,2021-04-25,1.00,1.00,1.00,1.00,1.00,0.76,0.06,inferred
Bolton,2021-04-26,1.00,1.00,1.00,1.00,1.00,0.76,0.06,inferred
Bolton,2021-04-27,1.00,1.00,1.00,1.00,1.00,1.00,0.78,inferred
Bolton,2021-04-28,1.00,1.00,1.00,1.00,1.00,1.00,0.78,inferred
Bolton,2021-04-29,1.00,1.00,1.00,1.00,1.00,1.00,0.78,inferred
Bolton,2021-04-30,1.00,1.00,1.00,1.00,1.00,1.00,0.78,inferred
Bolton,2021-05-01,1.00,1.00,1.00,1.00,1.00,1.00,0.78,inferred
Bolton,2021-05-02,1.00,1.00,1.00,1.00,1.00,1.00,0.78,inferred
Bolton,2021-05-03,1.00,1.00,1.00,1.00,1.00,1.00,0.78,inferred
Bolton,2021-05-04,1.00,1.00,1.00,1.00,1.00,0.93,0.37,inferred
Bolton,2021-05-05,1.00,1.00,1.00,1.00,1.00,0.93,0.37,inferred
Bolton,2021-05-06,1.00,1.00,1.00,1.00,1.00,0.93,0.37,inferred
Bolton,2021-05-07,1.00,1.00,1.00,1.00,1.00,0.93,0.37,inferred
Bolton,2021-05-08,1.00,1.00,1.00,1.00,1.00,0.93,0.37,inferred
Bolton,2021-05-09,1.00,1.00,1.00,1.00,1.00,0.93,0.37,inferred
Bolton,2021-05-10,1.00,1.00,1.00,1.00,1.00,0.93,0.37,inferred
Bolton,2021-05-11,1.00,1.00,0.97,0.80,0.57,0.04,0.00,inferred
Bolton,2021-05-12,1.00,1.00,0.97,0.80,0.57,0.04,0.00,inferred
Bolton,2021-05-13,1.00,1.00,0.97,0.80,0.57,0.04,0.00,inferred
Bolton,2021-05-14,1.00,1.00,0.97,0.80,0.57,0.04,0.00,inferred
Bolton,2021-05-15,1.00,1.00,0.97,0.80,0.57,0.04,0.00,inferred
Bolton,2021-05-16,1.00,1.00,0.97,0.80,0.57,0.04,0.00,inferred
Bolton,2021-05-17,1.00,1.00,0.97,0.80,0.57,0.04,0.00,inferred
Bolton,2021-05-18,0.89,0.40,0.05,0.00,0.00,0.00,0.00,inferred
Bolton,2021-05-19,0.89,0.40,0.05,0.00,0.00,0.00,0.00,inferred
Bolton,2021-05-20,0.89,0.40,0.05,0.00,0.00,0.00,0.00,inferred
Bolton,2021-05-21,0.89,0.40,0.05,0.00,0.00,0.00,0.00,inferred
Bolton,2021-05-22,0.89,0.40,0.05,0.00,0.00,0.00,0.00,inferred
Bolton,2021-05-23,0.89,0.40,0.05,0.00,0.00,0.00,0.00,inferred
Bolton,2021-05-24,0.89,0.40,0.05,0.00,0.00,0.00,0.00,inferred
Bolton,2021-05-25,0.93,0.48,0.07,0.00,0.00,0.00,0.00,inferred
Bolton,2021-05-26,0.93,0.48,0.07,0.00,0.00,0.00,0.00,inferred
Bolton,2021-05-27,0.93,0.48,0.07,0.00,0.00,0.00,0.00,inferred
Bolton,2021-05-28,0.93,0.48,0.07,0.00,0.00,0.00,0.00,inferred
Bolton,2021-05-29,0.93,0.48,0.07,0.00,0.00,0.00,0.00,inferred
Bolton,2021-05-30,0.93,0.48,0.07,0.00,0.00,0.00,0.00,inferred
Bolton,2021-05-31,0.93,0.48,0.07,0.00,0.00,0.00,0.00,inferred
Bolton,2021-06-01,0.54,0.08,0.00,0.00,0.00,0.00,0.00,inferred
Bolton,2021-06-02,0.54,0.08,0.00,0.00,0.00,0.00,0.00,inferred
Bolton,2021-06-03,0.54,0.08,0.00,0.00,0.00,0.00,0.00,inferred
Bolton,2021-06-04,0.54,0.08,0.00,0.00,0.00,0.00,0.00,inferred
Bolton,2021-06-05,0.54,0.08,0.00,0.00,0.00,0.00,0.00,inferred
Bolton,2021-06-06,0.54,0.08,0.00,0.00,0.00,0.00,0.00,inferred
Bolton,2021-06-07,0.54,0.08,0.00,0.00,0.00,0.00,0.00,inferred
Bolton,2021-06-08,0.73,0.24,0.02,0.00,0.00,0.00,0.00,inferred
Bolton,2021-06-09,0.73,0.24,0.02,0.00,0.00,0.00,0.00,inferred
Bolton,2021-06-10,0.73,0.24,0.02,0.00,0.00,0.00,0.00,inferred
Bolton,2021-06-11,0.73,0.24,0.02,0.00,0.00,0.00,0.00,inferred
Bolton,2021-06-12,0.73,0.24,0.02,0.00,0.00,0.00,0.00,inferred
Bolton,2021-06-13,0.73,0.24,0.02,0.00,0.00,0.00,0.00,inferred
Bolton,2021-06-14,0.73,0.24,0.02,0.00,0.00,0.00,0.00,inferred
Bolton,2021-06-15,1.00,1.00,0.95,0.65,0.22,0.00,0.00,inferred
Bolton,2021-06-16,1.00,1.00,0.95,0.65,0.22,0.00,0.00,inferred
Bolton,2021-06-17,1.00,1.00,0.95,0.65,0.22,0.00,0.00,inferred
Bolton,2021-06-18,1.00,1.00,0.95,0.65,0.22,0.00,0.00,inferred
Bolton,2021-06-19,1.00,1.00,0.95,0.65,0.22,0.00,0.00,inferred
Bolton,2021-06-20,1.00,1.00,0.95,0.65,0.22,0.00,0.00,inferred
Bolton,2021-06-21,1.00,1.00,0.95,0.65,0.22,0.00,0.00,inferred
Bolton,2021-06-22,1.00,1.00,0.96,0.76,0.35,0.00,0.00,inferred
Bolton,2021-06-23,1.00,1.00,0.96,0.76,0.35,0.00,0.00,inferred
Bolton,2021-06-24,1.00,1.00,0.96,0.76,0.35,0.00,0.00,inferred
Bolton,2021-06-25,1.00,1.00,0.96,0.76,0.35,0.00,0.00,inferred
Bolton,2021-06-26,1.00,1.00,0.96,0.76,0.35,0.00,0.00,inferred
Bolton,2021-06-27,1.00,1.00,0.96,0.76,0.35,0.00,0.00,inferred
Bolton,2021-06-28,1.00,1.00,0.96,0.76,0.35,0.00,0.00,inferred
Bolton,2021-06-29,0.46,0.20,0.07,0.02,0.00,0.00,0.00,inferred
Bolton,2021-06-30,0.46,0.20,0.07,0.02,0.00,0.00,0.00,inferred
Bolton,2021-07-01,0.46,0.20,0.07,0.02,0.00,0.00,0.00,inferred
Bolton,2021-07-02,0.46,0.20,0.07,0.02,0.00,0.00,0.00,inferred
Bolton,2021-07-03,0.46,0.20,0.07,0.02,0.00,0.00,0.00,inferred
Bolton,2021-07-04,0.46,0.20,0.07,0.02,0.00,0.00,0.00,inferred
Bolton,2021-07-05,0.46,0.20,0.07,0.02,0.00,0.00,0.00,inferred
Bolton,2021-07-06,0.50,0.34,0.22,0.14,0.08,0.02,0.00,projected
Bolton,2021-07-07,0.50,0.34,0.22,0.14,0.08,0.02,0.00,projected
Bolton,2021-07-08,0.50,0.34,0.22,0.14,0.08,0.02,0.00,projected
Bolton,2021-07-09,0.50,0.34,0.22,0.14,0.08,0.02,0.00,projected
Bolton,2021-07-10,0.50,0.34,0.22,0.14,0.08,0.02,0.00,projected
Bolton,2021-07-11,0.50,0.34,0.22,0.14,0.08,0.02,0.00,projected
Bolton,2021-07-12,0.50,0.34,0.22,0.14,0.08,0.02,0.00,projected
Bolton,2021-07-13,0.54,0.40,0.30,0.22,0.15,0.04,0.01,projected
Bolton,2021-07-14,0.54,0.40,0.30,0.22,0.15,0.04,0.01,projected
Bolton,2021-07-15,0.54,0.40,0.30,0.22,0.15,0.04,0.01,projected
Bolton,2021-07-16,0.54,0.40,0.30,0.22,0.15,0.04,0.01,projected
Bolton,2021-07-17,0.54,0.40,0.30,0.22,0.15,0.04,0.01,projected
Bolton,2021-07-18,0.54,0.40,0.30,0.22,0.15,0.04,0.01,projected
Bolton,2021-07-19,0.54,0.40,0.30,0.22,0.15,0.04,0.01,projected
Bolton,2021-07-20,0.60,0.47,0.38,0.28,0.21,0.09,0.02,projected
Bolton,2021-07-21,0.60,0.47,0.38,0.28,0.21,0.09,0.02,projected
Bolton,2021-07-22,0.60,0.47,0.38,0.28,0.21,0.09,0.02,projected
Bolton,2021-07-23,0.60,0.47,0.38,0.28,0.21,0.09,0.02,projected
Bolton,2021-07-24,0.60,0.47,0.38,0.28,0.21,0.09,0.02,projected
Bolton,2021-07-25,0.60,0.47,0.38,0.28,0.21,0.09,0.02,projected
Bolton,2021-07-26,0.60,0.47,0.38,0.28,0.21,0.09,0.02,projected
Borders,2021-03-23,0.28,0.16,0.09,0.05,0.03,0.00,0.00,inferred
Borders,2021-03-24,0.28,0.16,0.09,0.05,0.03,0.00,0.00,inferred
Borders,2021-03-25,0.28,0.16,0.09,0.05,0.03,0.00,0.00,inferred
Borders,2021-03-26,0.28,0.16,0.09,0.05,0.03,0.00,0.00,inferred
Borders,2021-03-27,0.28,0.16,0.09,0.05,0.03,0.00,0.00,inferred
Borders,2021-03-28,0.28,0.16,0.09,0.05,0.03,0.00,0.00,inferred
Borders,2021-03-29,0.28,0.16,0.09,0.05,0.03,0.00,0.00,inferred
Borders,2021-03-30,0.34,0.21,0.13,0.08,0.04,0.00,0.00,inferred
Borders,2021-03-31,0.34,0.21,0.13,0.08,0.04,0.00,0.00,inferred
Borders,2021-04-01,0.34,0.21,0.13,0.08,0.04,0.00,0.00,inferred
Borders,2021-04-02,0.34,0.21,0.13,0.08,0.04,0.00,0.00,inferred
Borders,2021-04-03,0.34,0.21,0.13,0.08,0.04,0.00,0.00,inferred
Borders,2021-04-04,0.34,0.21,0.13,0.08,0.04,0.00,0.00,inferred
Borders,2021-04-05,0.34,0.21,0.13,0.08,0.04,0.00,0.00,inferred
Borders,2021-04-06,0.53,0.40,0.30,0.19,0.12,0.02,0.00,inferred
Borders,2021-04-07,0.53,0.40,0.30,0.19,0.12,0.02,0.00,inferred
Borders,2021-04-08,0.53,0.40,0.30,0.19,0.12,0.02,0.00,inferred
Borders,2021-04-09,0.53,0.40,0.30,0.19,0.12,0.02,0.00,inferred
Borders,2021-04-10,0.53,0.40,0.30,0.19,0.12,0.02,0.00,inferred
Borders,2021-04-11,0.53,0.40,0.30,0.19,0.12,0.02,0.00,inferred
Borders,2021-04-12,0.53,0.40,0.30,0.19,0.12,0.02,0.00,inferred
Borders,2021-04-13,0.58,0.43,0.30,0.20,0.13,0.03,0.00,inferred
Borders,2021-04-14,0.58,0.43,0.30,0.20,0.13,0.03,0.00,inferred
Borders,2021-04-15,0.58,0.43,0.30,0.20,0.13,0.03,0.00,inferred
Borders,2021-04-16,0.58,0.43,0.30,0.20,0.13,0.03,0.00,inferred
Borders,2021-04-17,0.58,0.43,0.30,0.20,0.13,0.03,0.00,inferred
Borders,2021-04-18,0.58,0.43,0.30,0.20,0.13,0.03,0.00,inferred
Borders,2021-04-19,0.58,0.43,0.30,0.20,0.13,0.03,0.00,inferred
Borders,2021-04-20,0.88,0.80,0.70,0.61,0.50,0.23,0.04,inferred
Borders,2021-04-21,0.88,0.80,0.70,0.61,0.50,0.23,0.04,inferred
Borders,2021-04-22,0.88,0.80,0.70,0.61,0.50,0.23,0.04,inferred
Borders,2021-04-23,0.88,0.80,0.70,0.61,0.50,0.23,0.04,inferred
Borders,2021-04-24,0.88,0.80,0.70,0.61,0.50,0.23,0.04,inferred
Borders,2021-04-25,0.88,0.80,0.70,0.61,0.50,0.23,0.04,inferred
Borders,2021-04-26,0.88,0.80,0.70,0.61,0.50,0.23,0.04,inferred
Borders,2021-04-27,0.81,0.71,0.59,0.47,0.36,0.12,0.02,inferred
Borders,2021-04-28,0.81,0.71,0.59,0.47,0.36,0.12,0.02,inferred
Borders,2021-04-29,0.81,0.71,0.59,0.47,0.36,0.12,0.02,inferred
Borders,2021-04-30,0.81,0.71,0.59,0.47,0.36,0.12,0.02,inferred
Borders,2021-05-01,0.81,0.71,0.59,0.47,0.36,0.12,0.02,inferred
Borders,2021-05-02,0.81,0.71,0.59,0.47,0.36,0.12,0.02,inferred
Borders,2021-05-03,0.81,0.71,0.59,0.47,0.36,0.12,0.02,inferred
Borders,2021-05-04,0.80,0.70,0.58,0.46,0.35,0.14,0.02,inferred
Borders,2021-05-05,0.80,0.70,0.58,0.46,0.35,0.14,0.02,inferred
Borders,2021-05-06,0.80,0.70,0.58,0.46,0.35,0.14,0.02,inferred
Borders,2021-05-07,0.80,0.70,0.58,0.46,0.35,0.14,0.02,inferred
Borders,2021-05-08,0.80,0.70,0.58,0.46,0.35,0.14,0.02,inferred
Borders,2021-05-09,0.80,0.70,0.58,0.46,0.35,0.14,0.02,inferred
Borders,2021-05-10,0.80,0.70,0.58,0.46,0.35,0.14,0.02,inferred
Borders,2021-05-11,0.88,0.81,0.71,0.60,0.48,0.21,0.04,inferred
Borders,2021-05-12,0.88,0.81,0.71,0.60,0.48,0.21,0.04,inferred
Borders,2021-05-13,0.88,0.81,0.71,0.60,0.48,0.21,0.04,inferred
Borders,2021-05-14,0.88,0.81,0.71,0.60,0.48,0.21,0.04,inferred
Borders,2021-05-15,0.88,0.81,0.71,0.60,0.48,0.21,0.04,inferred
Borders,2021-05-16,0.88,0.81,0.71,0.60,0.48,0.21,0.04,inferred
Borders,2021-05-17,0.88,0.81,0.71,0.60,0.48,0.21,0.04,inferred
Borders,2021-05-18,0.96,0.90,0.84,0.75,0.66,0.35,0.09,inferred
Borders,2021-05-19,0.96,0.90,0.84,0.75,0.66,0.35,0.09,inferred
Borders,2021-05-20,0.96,0.90,0.84,0.75,0.66,0.35,0.09,inferred
Borders,2021-05-21,0.96,0.90,0.84,0.75,0.66,0.35,0.09,inferred
Borders,2021-05-22,0.96,0.90,0.84,0.75,0.66,0.35,0.09,inferred
Borders,2021-05-23,0.96,0.90,0.84,0.75,0.66,0.35,0.09,inferred
Borders,2021-05-24,0.96,0.90,0.84,0.75,0.66,0.35,0.09,inferred
Borders,2021-05-25,1.00,1.00,1.00,1.00,0.99,0.94,0.67,inferred
Borders,2021-05-26,1.00,1.00,1.00,1.00,0.99,0.94,0.67,inferred
Borders,2021-05-27,1.00,1.00,1.00,1.00,0.99,0.94,0.67,inferred
Borders,2021-05-28,1.00,1.00,1.00,1.00,0.99,0.94,0.67,inferred
Borders,2021-05-29,1.00,1.00,1.00,1.00,0.99,0.94,0.67,inferred
Borders,2021-05-30,1.00,1.00,1.00,1.00,0.99,0.94,0.67,inferred
Borders,2021-05-31,1.00,1.00,1.00,1.00,0.99,0.94,0.67,inferred
Borders,2021-06-01,1.00,1.00,1.00,1.00,1.00,0.97,0.78,inferred
Borders,2021-06-02,1.00,1.00,1.00,1.00,1.00,0.97,0.78,inferred
Borders,2021-06-03,1.00,1.00,1.00,1.00,1.00,0.97,0.78,inferred
Borders,2021-06-04,1.00,1.00,1.00,1.00,1.00,0.97,0.78,inferred
Borders,2021-06-05,1.00,1.00,1.00,1.00,1.00,0.97,0.78,inferred
Borders,2021-06-06,1.00,1.00,1.00,1.00,1.00,0.97,0.78,inferred
Borders,2021-06-07,1.00,1.00,1.00,1.00,1.00,0.97,0.78,inferred
Borders,2021-06-08,1.00,1.00,1.00,1.00,1.00,0.94,0.56,inferred
Borders,2021-06-09,1.00,1.00,1.00,1.00,1.00,0.94,0.56,inferred
Borders,2021-06-10,1.00,1.00,1.00,1.00,1.00,0.94,0.56,inferred
Borders,2021-06-11,1.00,1.00,1.00,1.00,1.00,0.94,0.56,inferred
Borders,2021-06-12,1.00,1.00,1.00,1.00,1.00,0.94,0.56,inferred
Borders,2021-06-13,1.00,1.00,1.00,1.00,1.00,0.94,0.56,inferred
Borders,2021-06-14,1.00,1.00,1.00,1.00,1.00,0.94,0.56,inferred
Borders,2021-06-15,1.00,1.00,1.00,1.00,1.00,0.97,0.71,inferred
Borders,2021-06-16,1.00,1.00,1.00,1.00,1.00,0.97,0.71,inferred
Borders,2021-06-17,1.00,1.00,1.00,1.00,1.00,0.97,0.71,inferred
Borders,2021-06-18,1.00,1.00,1.00,1.00,1.00,0.97,0.71,inferred
Borders,2021-06-19,1.00,1.00,1.00,1.00,1.00,0.97,0.71,inferred
Borders,2021-06-20,1.00,1.00,1.00,1.00,1.00,0.97,0.71,inferred
Borders,2021-06-21,1.00,1.00,1.00,1.00,1.00,0.97,0.71,inferred
Borders,2021-06-22,1.00,0.99,0.92,0.79,0.59,0.13,0.00,inferred
Borders,2021-06-23,1.00,0.99,0.92,0.79,0.59,0.13,0.00,inferred
Borders,2021-06-24,1.00,0.99,0.92,0.79,0.59,0.13,0.00,inferred
Borders,2021-06-25,1.00,0.99,0.92,0.79,0.59,0.13,0.00,inferred
Borders,2021-06-26,1.00,0.99,0.92,0.79,0.59,0.13,0.00,inferred
Borders,2021-06-27,1.00,0.99,0.92,0.79,0.59,0.13,0.00,inferred
Borders,2021-06-28,1.00,0.99,0.92,0.79,0.59,0.13,0.00,inferred
Borders,2021-06-29,0.79,0.67,0.52,0.40,0.28,0.07,0.00,inferred
Borders,2021-06-30,0.79,0.67,0.52,0.40,0.28,0.07,0.00,inferred
Borders,2021-07-01,0.79,0.67,0.52,0.40,0.28,0.07,0.00,inferred
Borders,2021-07-02,0.79,0.67,0.52,0.40,0.28,0.07,0.00,inferred
Borders,2021-07-03,0.79,0.67,0.52,0.40,0.28,0.07,0.00,inferred
Borders,2021-07-04,0.79,0.67,0.52,0.40,0.28,0.07,0.00,inferred
Borders,2021-07-05,0.79,0.67,0.52,0.40,0.28,0.07,0.00,inferred
Borders,2021-07-06,0.71,0.61,0.51,0.43,0.35,0.20,0.08,projected
Borders,2021-07-07,0.71,0.61,0.51,0.43,0.35,0.20,0.08,projected
Borders,2021-07-08,0.71,0.61,0.51,0.43,0.35,0.20,0.08,projected
Borders,2021-07-09,0.71,0.61,0.51,0.43,0.35,0.20,0.08,projected
Borders,2021-07-10,0.71,0.61,0.51,0.43,0.35,0.20,0.08,projected
Borders,2021-07-11,0.71,0.61,0.51,0.43,0.35,0.20,0.08,projected
Borders,2021-07-12,0.71,0.61,0.51,0.43,0.35,0.20,0.08,projected
Borders,2021-07-13,0.65,0.57,0.50,0.44,0.39,0.28,0.13,projected
Borders,2021-07-14,0.65,0.57,0.50,0.44,0.39,0.28,0.13,projected
Borders,2021-07-15,0.65,0.57,0.50,0.44,0.39,0.28,0.13,projected
Borders,2021-07-16,0.65,0.57,0.50,0.44,0.39,0.28,0.13,projected
Borders,2021-07-17,0.65,0.57,0.50,0.44,0.39,0.28,0.13,projected
Borders,2021-07-18,0.65,0.57,0.50,0.44,0.39,0.28,0.13,projected
Borders,2021-07-19,0.65,0.57,0.50,0.44,0.39,0.28,0.13,projected
Borders,2021-07-20,0.65,0.58,0.53,0.47,0.43,0.31,0.18,projected
Borders,2021-07-21,0.65,0.58,0.53,0.47,0.43,0.31,0.18,projected
Borders,2021-07-22,0.65,0.58,0.53,0.47,0.43,0.31,0.18,projected
Borders,2021-07-23,0.65,0.58,0.53,0.47,0.43,0.31,0.18,projected
Borders,2021-07-24,0.65,0.58,0.53,0.47,0.43,0.31,0.18,projected
Borders,2021-07-25,0.65,0.58,0.53,0.47,0.43,0.31,0.18,projected
Borders,2021-07-26,0.65,0.58,0.53,0.47,0.43,0.31,0.18,projected
Boston,2021-03-23,0.10,0.02,0.00,0.00,0.00,0.00,0.00,inferred
Boston,2021-03-24,0.10,0.02,0.00,0.00,0.00,0.00,0.00,inferred
Boston,2021-03-25,0.10,0.02,0.00,0.00,0.00,0.00,0.00,inferred
Boston,2021-03-26,0.10,0.02,0.00,0.00,0.00,0.00,0.00,inferred
Boston,2021-03-27,0.10,0.02,0.00,0.00,0.00,0.00,0.00,inferred
Boston,2021-03-28,0.10,0.02,0.00,0.00,0.00,0.00,0.00,inferred
Boston,2021-03-29,0.10,0.02,0.00,0.00,0.00,0.00,0.00,inferred
Boston,2021-03-30,0.75,0.45,0.19,0.05,0.01,0.00,0.00,inferred
Boston,2021-03-31,0.75,0.45,0.19,0.05,0.01,0.00,0.00,inferred
Boston,2021-04-01,0.75,0.45,0.19,0.05,0.01,0.00,0.00,inferred
Boston,2021-04-02,0.75,0.45,0.19,0.05,0.01,0.00,0.00,inferred
Boston,2021-04-03,0.75,0.45,0.19,0.05,0.01,0.00,0.00,inferred
Boston,2021-04-04,0.75,0.45,0.19,0.05,0.01,0.00,0.00,inferred
Boston,2021-04-05,0.75,0.45,0.19,0.05,0.01,0.00,0.00,inferred
Boston,2021-04-06,0.30,0.11,0.03,0.01,0.00,0.00,0.00,inferred
Boston,2021-04-07,0.30,0.11,0.03,0.01,0.00,0.00,0.00,inferred
Boston,2021-04-08,0.30,0.11,0.03,0.01,0.00,0.00,0.00,inferred
Boston,2021-04-09,0.30,0.11,0.03,0.01,0.00,0.00,0.00,inferred
Boston,2021-04-10,0.30,0.11,0.03,0.01,0.00,0.00,0.00,inferred
Boston,2021-04-11,0.30,0.11,0.03,0.01,0.00,0.00,0.00,inferred
Boston,2021-04-12,0.30,0.11,0.03,0.01,0.00,0.00,0.00,inferred
Boston,2021-04-13,0.30,0.12,0.03,0.01,0.00,0.00,0.00,inferred
Boston,2021-04-14,0.30,0.12,0.03,0.01,0.00,0.00,0.00,inferred
Boston,2021-04-15,0.30,0.12,0.03,0.01,0.00,0.00,0.00,inferred
Boston,2021-04-16,0.30,0.12,0.03,0.01,0.00,0.00,0.00,inferred
Boston,2021-04-17,0.30,0.12,0.03,0.01,0.00,0.00,0.00,inferred
Boston,2021-04-18,0.30,0.12,0.03,0.01,0.00,0.00,0.00,inferred
Boston,2021-04-19,0.30,0.12,0.03,0.01,0.00,0.00,0.00,inferred
Boston,2021-04-20,0.64,0.41,0.22,0.10,0.04,0.00,0.00,inferred
Boston,2021-04-21,0.64,0.41,0.22,0.10,0.04,0.00,0.00,inferred
Boston,2021-04-22,0.64,0.41,0.22,0.10,0.04,0.00,0.00,inferred
Boston,2021-04-23,0.64,0.41,0.22,0.10,0.04,0.00,0.00,inferred
Boston,2021-04-24,0.64,0.41,0.22,0.10,0.04,0.00,0.00,inferred
Boston,2021-04-25,0.64,0.41,0.22,0.10,0.04,0.00,0.00,inferred
Boston,2021-04-26,0.64,0.41,0.22,0.10,0.04,0.00,0.00,inferred
Boston,2021-04-27,0.83,0.64,0.42,0.25,0.13,0.01,0.00,inferred
Boston,2021-04-28,0.83,0.64,0.42,0.25,0.13,0.01,0.00,inferred
Boston,2021-04-29,0.83,0.64,0.42,0.25,0.13,0.01,0.00,inferred
Boston,2021-04-30,0.83,0.64,0.42,0.25,0.13,0.01,0.00,inferred
Boston,2021-05-01,0.83,0.64,0.42,0.25,0.13,0.01,0.00,inferred
Boston,2021-05-02,0.83,0.64,0.42,0.25,0.13,0.01,0.00,inferred
Boston,2021-05-03,0.83,0.64,0.42,0.25,0.13,0.01,0.00,inferred
Boston,2021-05-04,0.91,0.79,0.57,0.38,0.21,0.02,0.00,inferred
Boston,2021-05-05,0.91,0.79,0.57,0.38,0.21,0.02,0.00,inferred
Boston,2021-05-06,0.91,0.79,0.57,0.38,0.21,0.02,0.00,inferred
Boston,2021-05-07,0.91,0.79,0.57,0.38,0.21,0.02,0.00,inferred
Boston,2021-05-08,0.91,0.79,0.57,0.38,0.21,0.02,0.00,inferred
Boston,2021-05-09,0.91,0.79,0.57,0.38,0.21,0.02,0.00,inferred
Boston,2021-05-10,0.91,0.79,0.57,0.38,0.21,0.02,0.00,inferred
Boston,2021-05-11,0.70,0.50,0.28,0.16,0.06,0.00,0.00,inferred
Boston,2021-05-12,0.70,0.50,0.28,0.16,0.06,0.00,0.00,inferred
Boston,2021-05-13,0.70,0.50,0.28,0.16,0.06,0.00,0.00,inferred
Boston,2021-05-14,0.70,0.50,0.28,0.16,0.06,0.00,0.00,inferred
Boston,2021-05-15,0.70,0.50,0.28,0.16,0.06,0.00,0.00,inferred
Boston,2021-05-16,0.70,0.50,0.28,0.16,0.06,0.00,0.00,inferred
Boston,2021-05-17,0.70,0.50,0.28,0.16,0.06,0.00,0.00,inferred
Boston,2021-05-18,0.35,0.19,0.07,0.02,0.01,0.00,0.00,inferred
Boston,2021-05-19,0.35,0.19,0.07,0.02,0.01,0.00,0.00,inferred
Boston,2021-05-20,0.35,0.19,0.07,0.02,0.01,0.00,0.00,inferred
Boston,2021-05-21,0.35,0.19,0.07,0.02,0.01,0.00,0.00,inferred
Boston,2021-05-22,0.35,0.19,0.07,0.02,0.01,0.00,0.00,inferred
Boston,2021-05-23,0.35,0.19,0.07,0.02,0.01,0.00,0.00,inferred
Boston,2021-05-24,0.35,0.19,0.07,0.02,0.01,0.00,0.00,inferred
Boston,2021-05-25,0.73,0.55,0.36,0.21,0.11,0.01,0.00,inferred
Boston,2021-05-26,0.73,0.55,0.36,0.21,0.11,0.01,0.00,inferred
Boston,2021-05-27,0.73,0.55,0.36,0.21,0.11,0.01,0.00,inferred
Boston,2021-05-28,0.73,0.55,0.36,0.21,0.11,0.01,0.00,inferred
Boston,2021-05-29,0.73,0.55,0.36,0.21,0.11,0.01,0.00,inferred
Boston,2021-05-30,0.73,0.55,0.36,0.21,0.11,0.01,0.00,inferred
Boston,2021-05-31,0.73,0.55,0.36,0.21,0.11,0.01,0.00,inferred
Boston,2021-06-01,1.00,1.00,0.98,0.95,0.90,0.52,0.06,inferred
Boston,2021-06-02,1.00,1.00,0.98,0.95,0.90,0.52,0.06,inferred
Boston,2021-06-03,1.00,1.00,0.98,0.95,0.90,0.52,0.06,inferred
Boston,2021-06-04,1.00,1.00,0.98,0.95,0.90,0.52,0.06,inferred
Boston,2021-06-05,1.00,1.00,0.98,0.95,0.90,0.52,0.06,inferred
Boston,2021-06-06,1.00,1.00,0.98,0.95,0.90,0.52,0.06,inferred
Boston,2021-06-07,1.00,1.00,0.98,0.95,0.90,0.52,0.06,inferred
Boston,2021-06-08,1.00,1.00,1.00,1.00,0.99,0.90,0.34,inferred
Boston,2021-06-09,1.00,1.00,1.00,1.00,0.99,0.90,0.34,inferred
Boston,2021-06-10,1.00,1.00,1.00,1.00,0.99,0.90,0.34,inferred
Boston,2021-06-11,1.00,1.00,1.00,1.00,0.99,0.90,0.34,inferred
Boston,2021-06-12,1.00,1.00,1.00,1.00,0.99,0.90,0.34,inferred
Boston,2021-06-13,1.00,1.00,1.00,1.00,0.99,0.90,0.34,inferred
Boston,2021-06-14,1.00,1.00,1.00,1.00,0.99,0.90,0.34,inferred
Boston,2021-06-15,1.00,1.00,1.00,1.00,1.00,0.95,0.42,inferred
Boston,2021-06-16,1.00,1.00,1.00,1.00,1.00,0.95,0.42,inferred
Boston,2021-06-17,1.00,1.00,1.00,1.00,1.00,0.95,0.42,inferred
Boston,2021-06-18,1.00,1.00,1.00,1.00,1.00,0.95,0.42,inferred
Boston,2021-06-19,1.00,1.00,1.00,1.00,1.00,0.95,0.42,inferred
Boston,2021-06-20,1.00,1.00,1.00,1.00,1.00,0.95,0.42,inferred
Boston,2021-06-21,1.00,1.00,1.00,1.00,1.00,0.95,0.42,inferred
Boston,2021-06-22,1.00,1.00,1.00,0.97,0.90,0.43,0.02,inferred
Boston,2021-06-23,1.00,1.00,1.00,0.97,0.90,0.43,0.02,inferred
Boston,2021-06-24,1.00,1.00,1.00,0.97,0.90,0.43,0.02,inferred
Boston,2021-06-25,1.00,1.00,1.00,0.97,0.90,0.43,0.02,inferred
Boston,2021-06-26,1.00,1.00,1.00,0.97,0.90,0.43,0.02,inferred
Boston,2021-06-27,1.00,1.00,1.00,0.97,0.90,0.43,0.02,inferred
Boston,2021-06-28,1.00,1.00,1.00,0.97,0.90,0.43,0.02,inferred
Boston,2021-06-29,0.99,0.96,0.90,0.80,0.67,0.30,0.03,inferred
Boston,2021-06-30,0.99,0.96,0.90,0.80,0.67,0.30,0.03,inferred
Boston,2021-07-01,0.99,0.96,0.90,0.80,0.67,0.30,0.03,inferred
Boston,2021-07-02,0.99,0.96,0.90,0.80,0.67,0.30,0.03,inferred
Boston,2021-07-03,0.99,0.96,0.90,0.80,0.67,0.30,0.03,inferred
Boston,2021-07-04,0.99,0.96,0.90,0.80,0.67,0.30,0.03,inferred
Boston,2021-07-05,0.99,0.96,0.90,0.80,0.67,0.30,0.03,inferred
Boston,2021-07-06,0.95,0.90,0.82,0.72,0.61,0.35,0.10,projected
Boston,2021-07-07,0.95,0.90,0.82,0.72,0.61,0.35,0.10,projected
Boston,2021-07-08,0.95,0.90,0.82,0.72,0.61,0.35,0.10,projected
Boston,2021-07-09,0.95,0.90,0.82,0.72,0.61,0.35,0.10,projected
Boston,2021-07-10,0.95,0.90,0.82,0.72,0.61,0.35,0.10,projected
Boston,2021-07-11,0.95,0.90,0.82,0.72,0.61,0.35,0.10,projected
Boston,2021-07-12,0.95,0.90,0.82,0.72,0.61,0.35,0.10,projected
Boston,2021-07-13,0.94,0.88,0.81,0.73,0.64,0.39,0.13,projected
Boston,2021-07-14,0.94,0.88,0.81,0.73,0.64,0.39,0.13,projected
Boston,2021-07-15,0.94,0.88,0.81,0.73,0.64,0.39,0.13,projected
Boston,2021-07-16,0.94,0.88,0.81,0.73,0.64,0.39,0.13,projected
Boston,2021-07-17,0.94,0.88,0.81,0.73,0.64,0.39,0.13,projected
Boston,2021-07-18,0.94,0.88,0.81,0.73,0.64,0.39,0.13,projected
Boston,2021-07-19,0.94,0.88,0.81,0.73,0.64,0.39,0.13,projected
Boston,2021-07-20,0.94,0.89,0.83,0.75,0.67,0.42,0.16,projected
Boston,2021-07-21,0.94,0.89,0.83,0.75,0.67,0.42,0.16,projected
Boston,2021-07-22,0.94,0.89,0.83,0.75,0.67,0.42,0.16,projected
Boston,2021-07-23,0.94,0.89,0.83,0.75,0.67,0.42,0.16,projected
Boston,2021-07-24,0.94,0.89,0.83,0.75,0.67,0.42,0.16,projected
Boston,2021-07-25,0.94,0.89,0.83,0.75,0.67,0.42,0.16,projected
Boston,2021-07-26,0.94,0.89,0.83,0.75,0.67,0.42,0.16,projected
"Bournemouth, Christchurch and Poole",2021-03-23,0.22,0.06,0.01,0.00,0.00,0.00,0.00,inferred
"Bournemouth, Christchurch and Poole",2021-03-24,0.22,0.06,0.01,0.00,0.00,0.00,0.00,inferred
"Bournemouth, Christchurch and Poole",2021-03-25,0.22,0.06,0.01,0.00,0.00,0.00,0.00,inferred
"Bournemouth, Christchurch and Poole",2021-03-26,0.22,0.06,0.01,0.00,0.00,0.00,0.00,inferred
"Bournemouth, Christchurch and Poole",2021-03-27,0.22,0.06,0.01,0.00,0.00,0.00,0.00,inferred
"Bournemouth, Christchurch and Poole",2021-03-28,0.22,0.06,0.01,0.00,0.00,0.00,0.00,inferred
"Bournemouth, Christchurch and Poole",2021-03-29,0.22,0.06,0.01,0.00,0.00,0.00,0.00,inferred
"Bournemouth, Christchurch and Poole",2021-03-30,0.50,0.25,0.08,0.03,0.00,0.00,0.00,inferred
"Bournemouth, Christchurch and Poole",2021-03-31,0.50,0.25,0.08,0.03,0.00,0.00,0.00,inferred
"Bournemouth, Christchurch and Poole",2021-04-01,0.50,0.25,0.08,0.03,0.00,0.00,0.00,inferred
"Bournemouth, Christchurch and Poole",2021-04-02,0.50,0.25,0.08,0.03,0.00,0.00,0.00,inferred
"Bournemouth, Christchurch and Poole",2021-04-03,0.50,0.25,0.08,0.03,0.00,0.00,0.00,inferred
"Bournemouth, Christchurch and Poole",2021-04-04,0.50,0.25,0.08,0.03,0.00,0.00,0.00,inferred
"Bournemouth, Christchurch and Poole",2021-04-05,0.50,0.25,0.08,0.03,0.00,0.00,0.00,inferred
"Bournemouth, Christchurch and Poole",2021-04-06,0.87,0.68,0.45,0.23,0.10,0.01,0.00,inferred
"Bournemouth, Christchurch and Poole",2021-04-07,0.87,0.68,0.45,0.23,0.10,0.01,0.00,inferred
"Bournemouth, Christchurch and Poole",2021-04-08,0.87,0.68,0.45,0.23,0.10,0.01,0.00,inferred
"Bournemouth, Christchurch and Poole",2021-04-09,0.87,0.68,0.45,0.23,0.10,0.01,0.00,inferred
"Bournemouth, Christchurch and Poole",2021-04-10,0.87,0.68,0.45,0.23,0.10,0.01,0.00,inferred
"Bournemouth, Christchurch and Poole",2021-04-11,0.87,0.68,0.45,0.23,0.10,0.01,0.00,inferred
"Bournemouth, Christchurch and Poole",2021-04-12,0.87,0.68,0.45,0.23,0.10,0.01,0.00,inferred
"Bournemouth, Christchurch and Poole",2021-04-13,0.94,0.83,0.61,0.39,0.21,0.01,0.00,inferred
"Bournemouth, Christchurch and Poole",2021-04-14,0.94,0.83,0.61,0.39,0.21,0.01,0.00,inferred
"Bournemouth, Christchurch and Poole",2021-04-15,0.94,0.83,0.61,0.39,0.21,0.01,0.00,inferred
"Bournemouth, Christchurch and Poole",2021-04-16,0.94,0.83,0.61,0.39,0.21,0.01,0.00,inferred
"Bournemouth, Christchurch and Poole",2021-04-17,0.94,0.83,0.61,0.39,0.21,0.01,0.00,inferred
"Bournemouth, Christchurch and Poole",2021-04-18,0.94,0.83,0.61,0.39,0.21,0.01,0.00,inferred
"Bournemouth, Christchurch and Poole",2021-04-19,0.94,0.83,0.61,0.39,0.21,0.01,0.00,inferred
"Bournemouth, Christchurch and Poole",2021-04-20,0.82,0.60,0.35,0.18,0.08,0.00,0.00,inferred
"Bournemouth, Christchurch and Poole",2021-04-21,0.82,0.60,0.35,0.18,0.08,0.00,0.00,inferred
"Bournemouth, Christchurch and Poole",2021-04-22,0.82,0.60,0.35,0.18,0.08,0.00,0.00,inferred
"Bournemouth, Christchurch and Poole",2021-04-23,0.82,0.60,0.35,0.18,0.08,0.00,0.00,inferred
"Bournemouth, Christchurch and Poole",2021-04-24,0.82,0.60,0.35,0.18,0.08,0.00,0.00,inferred
"Bournemouth, Christchurch and Poole",2021-04-25,0.82,0.60,0.35,0.18,0.08,0.00,0.00,inferred
"Bournemouth, Christchurch and Poole",2021-04-26,0.82,0.60,0.35,0.18,0.08,0.00,0.00,inferred
"Bournemouth, Christchurch and Poole",2021-04-27,0.45,0.22,0.10,0.03,0.01,0.00,0.00,inferred
"Bournemouth, Christchurch and Poole",2021-04-28,0.45,0.22,0.10,0.03,0.01,0.00,0.00,inferred
"Bournemouth, Christchurch and Poole",2021-04-29,0.45,0.22,0.10,0.03,0.01,0.00,0.00,inferred
"Bournemouth, Christchurch and Poole",2021-04-30,0.45,0.22,0.10,0.03,0.01,0.00,0.00,inferred
"Bournemouth, Christchurch and Poole",2021-05-01,0.45,0.22,0.10,0.03,0.01,0.00,0.00,inferred
"Bournemouth, Christchurch and Poole",2021-05-02,0.45,0.22,0.10,0.03,0.01,0.00,0.00,inferred
"Bournemouth, Christchurch and Poole",2021-05-03,0.45,0.22,0.10,0.03,0.01,0.00,0.00,inferred
"Bournemouth, Christchurch and Poole",2021-05-04,0.44,0.23,0.09,0.03,0.01,0.00,0.00,inferred
"Bournemouth, Christchurch and Poole",2021-05-05,0.44,0.23,0.09,0.03,0.01,0.00,0.00,inferred
"Bournemouth, Christchurch and Poole",2021-05-06,0.44,0.23,0.09,0.03,0.01,0.00,0.00,inferred
"Bournemouth, Christchurch and Poole",2021-05-07,0.44,0.23,0.09,0.03,0.01,0.00,0.00,inferred
"Bournemouth, Christchurch and Poole",2021-05-08,0.44,0.23,0.09,0.03,0.01,0.00,0.00,inferred
"Bournemouth, Christchurch and Poole",2021-05-09,0.44,0.23,0.09,0.03,0.01,0.00,0.00,inferred
"Bournemouth, Christchurch and Poole",2021-05-10,0.44,0.23,0.09,0.03,0.01,0.00,0.00,inferred
"Bournemouth, Christchurch and Poole",2021-05-11,0.49,0.28,0.14,0.05,0.02,0.00,0.00,inferred
"Bournemouth, Christchurch and Poole",2021-05-12,0.49,0.28,0.14,0.05,0.02,0.00,0.00,inferred
"Bournemouth, Christchurch and Poole",2021-05-13,0.49,0.28,0.14,0.05,0.02,0.00,0.00,inferred
"Bournemouth, Christchurch and Poole",2021-05-14,0.49,0.28,0.14,0.05,0.02,0.00,0.00,inferred
"Bournemouth, Christchurch and Poole",2021-05-15,0.49,0.28,0.14,0.05,0.02,0.00,0.00,inferred
"Bournemouth, Christchurch and Poole",2021-05-16,0.49,0.28,0.14,0.05,0.02,0.00,0.00,inferred
"Bournemouth, Christchurch and Poole",2021-05-17,0.49,0.28,0.14,0.05,0.02,0.00,0.00,inferred
"Bournemouth, Christchurch and Poole",2021-05-18,0.98,0.94,0.86,0.73,0.57,0.16,0.01,inferred
"Bournemouth, Christchurch and Poole",2021-05-19,0.98,0.94,0.86,0.73,0.57,0.16,0.01,inferred
"Bournemouth, Christchurch and Poole",2021-05-20,0.98,0.94,0.86,0.73,0.57,0.16,0.01,inferred
"Bournemouth, Christchurch and Poole",2021-05-21,0.98,0.94,0.86,0.73,0.57,0.16,0.01,inferred
"Bournemouth, Christchurch and Poole",2021-05-22,0.98,0.94,0.86,0.73,0.57,0.16,0.01,inferred
"Bournemouth, Christchurch and Poole",2021-05-23,0.98,0.94,0.86,0.73,0.57,0.16,0.01,inferred
"Bournemouth, Christchurch and Poole",2021-05-24,0.98,0.94,0.86,0.73,0.57,0.16,0.01,inferred
"Bournemouth, Christchurch and Poole",2021-05-25,1.00,1.00,1.00,1.00,1.00,1.00,0.83,inferred
"Bournemouth, Christchurch and Poole",2021-05-26,1.00,1.00,1.00,1.00,1.00,1.00,0.83,inferred
"Bournemouth, Christchurch and Poole",2021-05-27,1.00,1.00,1.00,1.00,1.00,1.00,0.83,inferred
"Bournemouth, Christchurch and Poole",2021-05-28,1.00,1.00,1.00,1.00,1.00,1.00,0.83,inferred
"Bournemouth, Christchurch and Poole",2021-05-29,1.00,1.00,1.00,1.00,1.00,1.00,0.83,inferred
"Bournemouth, Christchurch and Poole",2021-05-30,1.00,1.00,1.00,1.00,1.00,1.00,0.83,inferred
"Bournemouth, Christchurch and Poole",2021-05-31,1.00,1.00,1.00,1.00,1.00,1.00,0.83,inferred
"Bournemouth, Christchurch and Poole",2021-06-01,1.00,1.00,1.00,1.00,1.00,1.00,0.93,inferred
"Bournemouth, Christchurch and Poole",2021-06-02,1.00,1.00,1.00,1.00,1.00,1.00,0.93,inferred
"Bournemouth, Christchurch and Poole",2021-06-03,1.00,1.00,1.00,1.00,1.00,1.00,0.93,inferred
"Bournemouth, Christchurch and Poole",2021-06-04,1.00,1.00,1.00,1.00,1.00,1.00,0.93,inferred
"Bournemouth, Christchurch and Poole",2021-06-05,1.00,1.00,1.00,1.00,1.00,1.00,0.93,inferred
"Bournemouth, Christchurch and Poole",2021-06-06,1.00,1.00,1.00,1.00,1.00,1.00,0.93,inferred
"Bournemouth, Christchurch and Poole",2021-06-07,1.00,1.00,1.00,1.00,1.00,1.00,0.93,inferred
"Bournemouth, Christchurch and Poole",2021-06-08,1.00,1.00,1.00,1.00,1.00,0.84,0.33,inferred
"Bournemouth, Christchurch and Poole",2021-06-09,1.00,1.00,1.00,1.00,1.00,0.84,0.33,inferred
"Bournemouth, Christchurch and Poole",2021-06-10,1.00,1.00,1.00,1.00,1.00,0.84,0.33,inferred
"Bournemouth, Christchurch and Poole",2021-06-11,1.00,1.00,1.00,1.00,1.00,0.84,0.33,inferred
"Bournemouth, Christchurch and Poole",2021-06-12,1.00,1.00,1.00,1.00,1.00,0.84,0.33,inferred
"Bournemouth, Christchurch and Poole",2021-06-13,1.00,1.00,1.00,1.00,1.00,0.84,0.33,inferred
"Bournemouth, Christchurch and Poole",2021-06-14,1.00,1.00,1.00,1.00,1.00,0.84,0.33,inferred
"Bournemouth, Christchurch and Poole",2021-06-15,1.00,1.00,1.00,1.00,0.97,0.37,0.00,inferred
"Bournemouth, Christchurch and Poole",2021-06-16,1.00,1.00,1.00,1.00,0.97,0.37,0.00,inferred
"Bournemouth, Christchurch and Poole",2021-06-17,1.00,1.00,1.00,1.00,0.97,0.37,0.00,inferred
"Bournemouth, Christchurch and Poole",2021-06-18,1.00,1.00,1.00,1.00,0.97,0.37,0.00,inferred
"Bournemouth, Christchurch and Poole",2021-06-19,1.00,1.00,1.00,1.00,0.97,0.37,0.00,inferred
"Bournemouth, Christchurch and Poole",2021-06-20,1.00,1.00,1.00,1.00,0.97,0.37,0.00,inferred
"Bournemouth, Christchurch and Poole",2021-06-21,1.00,1.00,1.00,1.00,0.97,0.37,0.00,inferred
"Bournemouth, Christchurch and Poole",2021-06-22,1.00,1.00,1.00,1.00,0.94,0.42,0.00,inferred
"Bournemouth, Christchurch and Poole",2021-06-23,1.00,1.00,1.00,1.00,0.94,0.42,0.00,inferred
"Bournemouth, Christchurch and Poole",2021-06-24,1.00,1.00,1.00,1.00,0.94,0.42,0.00,inferred
"Bournemouth, Christchurch and Poole",2021-06-25,1.00,1.00,1.00,1.00,0.94,0.42,0.00,inferred
"Bournemouth, Christchurch and Poole",2021-06-26,1.00,1.00,1.00,1.00,0.94,0.42,0.00,inferred
"Bournemouth, Christchurch and Poole",2021-06-27,1.00,1.00,1.00,1.00,0.94,0.42,0.00,inferred
"Bournemouth, Christchurch and Poole",2021-06-28,1.00,1.00,1.00,1.00,0.94,0.42,0.00,inferred
"Bournemouth, Christchurch and Poole",2021-06-29,0.72,0.50,0.26,0.11,0.04,0.00,0.00,inferred
"Bournemouth, Christchurch and Poole",2021-06-30,0.72,0.50,0.26,0.11,0.04,0.00,0.00,inferred
"Bournemouth, Christchurch and Poole",2021-07-01,0.72,0.50,0.26,0.11,0.04,0.00,0.00,inferred
"Bournemouth, Christchurch and Poole",2021-07-02,0.72,0.50,0.26,0.11,0.04,0.00,0.00,inferred
"Bournemouth, Christchurch and Poole",2021-07-03,0.72,0.50,0.26,0.11,0.04,0.00,0.00,inferred
"Bournemouth, Christchurch and Poole",2021-07-04,0.72,0.50,0.26,0.11,0.04,0.00,0.00,inferred
"Bournemouth, Christchurch and Poole",2021-07-05,0.72,0.50,0.26,0.11,0.04,0.00,0.00,inferred
"Bournemouth, Christchurch and Poole",2021-07-06,0.67,0.54,0.40,0.31,0.23,0.07,0.01,projected
"Bournemouth, Christchurch and Poole",2021-07-07,0.67,0.54,0.40,0.31,0.23,0.07,0.01,projected
"Bournemouth, Christchurch and Poole",2021-07-08,0.67,0.54,0.40,0.31,0.23,0.07,0.01,projected
"Bournemouth, Christchurch and Poole",2021-07-09,0.67,0.54,0.40,0.31,0.23,0.07,0.01,projected
"Bournemouth, Christchurch and Poole",2021-07-10,0.67,0.54,0.40,0.31,0.23,0.07,0.01,projected
"Bournemouth, Christchurch and Poole",2021-07-11,0.67,0.54,0.40,0.31,0.23,0.07,0.01,projected
"Bournemouth, Christchurch and Poole",2021-07-12,0.67,0.54,0.40,0.31,0.23,0.07,0.01,projected
"Bournemouth, Christchurch and Poole",2021-07-13,0.67,0.57,0.47,0.36,0.29,0.13,0.04,projected
"Bournemouth, Christchurch and Poole",2021-07-14,0.67,0.57,0.47,0.36,0.29,0.13,0.04,projected
"Bournemouth, Christchurch and Poole",2021-07-15,0.67,0.57,0.47,0.36,0.29,0.13,0.04,projected
"Bournemouth, Christchurch and Poole",2021-07-16,0.67,0.57,0.47,0.36,0.29,0.13,0.04,projected
"Bournemouth, Christchurch and Poole",2021-07-17,0.67,0.57,0.47,0.36,0.29,0.13,0.04,projected
"Bournemouth, Christchurch and Poole",2021-07-18,0.67,0.57,0.47,0.36,0.29,0.13,0.04,projected
"Bournemouth, Christchurch and Poole",2021-07-19,0.67,0.57,0.47,0.36,0.29,0.13,0.04,projected
"Bournemouth, Christchurch and Poole",2021-07-20,0.73,0.63,0.55,0.44,0.37,0.20,0.07,projected
"Bournemouth, Christchurch and Poole",2021-07-21,0.73,0.63,0.55,0.44,0.37,0.20,0.07,projected
"Bournemouth, Christchurch and Poole",2021-07-22,0.73,0.63,0.55,0.44,0.37,0.20,0.07,projected
"Bournemouth, Christchurch and Poole",2021-07-23,0.73,0.63,0.55,0.44,0.37,0.20,0.07,projected
"Bournemouth, Christchurch and Poole",2021-07-24,0.73,0.63,0.55,0.44,0.37,0.20,0.07,projected
"Bournemouth, Christchurch and Poole",2021-07-25,0.73,0.63,0.55,0.44,0.37,0.20,0.07,projected
"Bournemouth, Christchurch and Poole",2021-07-26,0.73,0.63,0.55,0.44,0.37,0.20,0.07,projected
Bracknell Forest,2021-03-23,0.22,0.07,0.02,0.00,0.00,0.00,0.00,inferred
Bracknell Forest,2021-03-24,0.22,0.07,0.02,0.00,0.00,0.00,0.00,inferred
Bracknell Forest,2021-03-25,0.22,0.07,0.02,0.00,0.00,0.00,0.00,inferred
Bracknell Forest,2021-03-26,0.22,0.07,0.02,0.00,0.00,0.00,0.00,inferred
Bracknell Forest,2021-03-27,0.22,0.07,0.02,0.00,0.00,0.00,0.00,inferred
Bracknell Forest,2021-03-28,0.22,0.07,0.02,0.00,0.00,0.00,0.00,inferred
Bracknell Forest,2021-03-29,0.22,0.07,0.02,0.00,0.00,0.00,0.00,inferred
Bracknell Forest,2021-03-30,0.83,0.62,0.39,0.20,0.09,0.00,0.00,inferred
Bracknell Forest,2021-03-31,0.83,0.62,0.39,0.20,0.09,0.00,0.00,inferred
Bracknell Forest,2021-04-01,0.83,0.62,0.39,0.20,0.09,0.00,0.00,inferred
Bracknell Forest,2021-04-02,0.83,0.62,0.39,0.20,0.09,0.00,0.00,inferred
Bracknell Forest,2021-04-03,0.83,0.62,0.39,0.20,0.09,0.00,0.00,inferred
Bracknell Forest,2021-04-04,0.83,0.62,0.39,0.20,0.09,0.00,0.00,inferred
Bracknell Forest,2021-04-05,0.83,0.62,0.39,0.20,0.09,0.00,0.00,inferred
Bracknell Forest,2021-04-06,0.47,0.25,0.10,0.03,0.01,0.00,0.00,inferred
Bracknell Forest,2021-04-07,0.47,0.25,0.10,0.03,0.01,0.00,0.00,inferred
Bracknell Forest,2021-04-08,0.47,0.25,0.10,0.03,0.01,0.00,0.00,inferred
Bracknell Forest,2021-04-09,0.47,0.25,0.10,0.03,0.01,0.00,0.00,inferred
Bracknell Forest,2021-04-10,0.47,0.25,0.10,0.03,0.01,0.00,0.00,inferred
Bracknell Forest,2021-04-11,0.47,0.25,0.10,0.03,0.01,0.00,0.00,inferred
Bracknell Forest,2021-04-12,0.47,0.25,0.10,0.03,0.01,0.00,0.00,inferred
Bracknell Forest,2021-04-13,0.40,0.20,0.09,0.03,0.01,0.00,0.00,inferred
Bracknell Forest,2021-04-14,0.40,0.20,0.09,0.03,0.01,0.00,0.00,inferred
Bracknell Forest,2021-04-15,0.40,0.20,0.09,0.03,0.01,0.00,0.00,inferred
Bracknell Forest,2021-04-16,0.40,0.20,0.09,0.03,0.01,0.00,0.00,inferred
Bracknell Forest,2021-04-17,0.40,0.20,0.09,0.03,0.01,0.00,0.00,inferred
Bracknell Forest,2021-04-18,0.40,0.20,0.09,0.03,0.01,0.00,0.00,inferred
Bracknell Forest,2021-04-19,0.40,0.20,0.09,0.03,0.01,0.00,0.00,inferred
Bracknell Forest,2021-04-20,0.42,0.22,0.10,0.03,0.01,0.00,0.00,inferred
Bracknell Forest,2021-04-21,0.42,0.22,0.10,0.03,0.01,0.00,0.00,inferred
Bracknell Forest,2021-04-22,0.42,0.22,0.10,0.03,0.01,0.00,0.00,inferred
Bracknell Forest,2021-04-23,0.42,0.22,0.10,0.03,0.01,0.00,0.00,inferred
Bracknell Forest,2021-04-24,0.42,0.22,0.10,0.03,0.01,0.00,0.00,inferred
Bracknell Forest,2021-04-25,0.42,0.22,0.10,0.03,0.01,0.00,0.00,inferred
Bracknell Forest,2021-04-26,0.42,0.22,0.10,0.03,0.01,0.00,0.00,inferred
Bracknell Forest,2021-04-27,0.64,0.46,0.30,0.17,0.08,0.01,0.00,inferred
Bracknell Forest,2021-04-28,0.64,0.46,0.30,0.17,0.08,0.01,0.00,inferred
Bracknell Forest,2021-04-29,0.64,0.46,0.30,0.17,0.08,0.01,0.00,inferred
Bracknell Forest,2021-04-30,0.64,0.46,0.30,0.17,0.08,0.01,0.00,inferred
Bracknell Forest,2021-05-01,0.64,0.46,0.30,0.17,0.08,0.01,0.00,inferred
Bracknell Forest,2021-05-02,0.64,0.46,0.30,0.17,0.08,0.01,0.00,inferred
Bracknell Forest,2021-05-03,0.64,0.46,0.30,0.17,0.08,0.01,0.00,inferred
Bracknell Forest,2021-05-04,0.65,0.47,0.31,0.19,0.10,0.01,0.00,inferred
Bracknell Forest,2021-05-05,0.65,0.47,0.31,0.19,0.10,0.01,0.00,inferred
Bracknell Forest,2021-05-06,0.65,0.47,0.31,0.19,0.10,0.01,0.00,inferred
Bracknell Forest,2021-05-07,0.65,0.47,0.31,0.19,0.10,0.01,0.00,inferred
Bracknell Forest,2021-05-08,0.65,0.47,0.31,0.19,0.10,0.01,0.00,inferred
Bracknell Forest,2021-05-09,0.65,0.47,0.31,0.19,0.10,0.01,0.00,inferred
Bracknell Forest,2021-05-10,0.65,0.47,0.31,0.19,0.10,0.01,0.00,inferred
Bracknell Forest,2021-05-11,0.99,0.98,0.96,0.92,0.86,0.52,0.09,inferred
Bracknell Forest,2021-05-12,0.99,0.98,0.96,0.92,0.86,0.52,0.09,inferred
Bracknell Forest,2021-05-13,0.99,0.98,0.96,0.92,0.86,0.52,0.09,inferred
Bracknell Forest,2021-05-14,0.99,0.98,0.96,0.92,0.86,0.52,0.09,inferred
Bracknell Forest,2021-05-15,0.99,0.98,0.96,0.92,0.86,0.52,0.09,inferred
Bracknell Forest,2021-05-16,0.99,0.98,0.96,0.92,0.86,0.52,0.09,inferred
Bracknell Forest,2021-05-17,0.99,0.98,0.96,0.92,0.86,0.52,0.09,inferred
Bracknell Forest,2021-05-18,1.00,1.00,1.00,1.00,1.00,1.00,0.98,inferred
Bracknell Forest,2021-05-19,1.00,1.00,1.00,1.00,1.00,1.00,0.98,inferred
Bracknell Forest,2021-05-20,1.00,1.00,1.00,1.00,1.00,1.00,0.98,inferred
Bracknell Forest,2021-05-21,1.00,1.00,1.00,1.00,1.00,1.00,0.98,inferred
Bracknell Forest,2021-05-22,1.00,1.00,1.00,1.00,1.00,1.00,0.98,inferred
Bracknell Forest,2021-05-23,1.00,1.00,1.00,1.00,1.00,1.00,0.98,inferred
Bracknell Forest,2021-05-24,1.00,1.00,1.00,1.00,1.00,1.00,0.98,inferred
Bracknell Forest,2021-05-25,1.00,1.00,1.00,1.00,0.98,0.77,0.22,inferred
Bracknell Forest,2021-05-26,1.00,1.00,1.00,1.00,0.98,0.77,0.22,inferred
Bracknell Forest,2021-05-27,1.00,1.00,1.00,1.00,0.98,0.77,0.22,inferred
Bracknell Forest,2021-05-28,1.00,1.00,1.00,1.00,0.98,0.77,0.22,inferred
Bracknell Forest,2021-05-29,1.00,1.00,1.00,1.00,0.98,0.77,0.22,inferred
Bracknell Forest,2021-05-30,1.00,1.00,1.00,1.00,0.98,0.77,0.22,inferred
Bracknell Forest,2021-05-31,1.00,1.00,1.00,1.00,0.98,0.77,0.22,inferred
Bracknell Forest,2021-06-01,0.86,0.60,0.30,0.11,0.04,0.00,0.00,inferred
Bracknell Forest,2021-06-02,0.86,0.60,0.30,0.11,0.04,0.00,0.00,inferred
Bracknell Forest,2021-06-03,0.86,0.60,0.30,0.11,0.04,0.00,0.00,inferred
Bracknell Forest,2021-06-04,0.86,0.60,0.30,0.11,0.04,0.00,0.00,inferred
Bracknell Forest,2021-06-05,0.86,0.60,0.30,0.11,0.04,0.00,0.00,inferred
Bracknell Forest,2021-06-06,0.86,0.60,0.30,0.11,0.04,0.00,0.00,inferred
Bracknell Forest,2021-06-07,0.86,0.60,0.30,0.11,0.04,0.00,0.00,inferred
Bracknell Forest,2021-06-08,0.89,0.63,0.30,0.11,0.02,0.00,0.00,inferred
Bracknell Forest,2021-06-09,0.89,0.63,0.30,0.11,0.02,0.00,0.00,inferred
Bracknell Forest,2021-06-10,0.89,0.63,0.30,0.11,0.02,0.00,0.00,inferred
Bracknell Forest,2021-06-11,0.89,0.63,0.30,0.11,0.02,0.00,0.00,inferred
Bracknell Forest,2021-06-12,0.89,0.63,0.30,0.11,0.02,0.00,0.00,inferred
Bracknell Forest,2021-06-13,0.89,0.63,0.30,0.11,0.02,0.00,0.00,inferred
Bracknell Forest,2021-06-14,0.89,0.63,0.30,0.11,0.02,0.00,0.00,inferred
Bracknell Forest,2021-06-15,1.00,1.00,1.00,1.00,0.98,0.48,0.00,inferred
Bracknell Forest,2021-06-16,1.00,1.00,1.00,1.00,0.98,0.48,0.00,inferred
Bracknell Forest,2021-06-17,1.00,1.00,1.00,1.00,0.98,0.48,0.00,inferred
Bracknell Forest,2021-06-18,1.00,1.00,1.00,1.00,0.98,0.48,0.00,inferred
Bracknell Forest,2021-06-19,1.00,1.00,1.00,1.00,0.98,0.48,0.00,inferred
Bracknell Forest,2021-06-20,1.00,1.00,1.00,1.00,0.98,0.48,0.00,inferred
Bracknell Forest,2021-06-21,1.00,1.00,1.00,1.00,0.98,0.48,0.00,inferred
Bracknell Forest,2021-06-22,1.00,1.00,1.00,1.00,0.99,0.61,0.01,inferred
Bracknell Forest,2021-06-23,1.00,1.00,1.00,1.00,0.99,0.61,0.01,inferred
Bracknell Forest,2021-06-24,1.00,1.00,1.00,1.00,0.99,0.61,0.01,inferred
Bracknell Forest,2021-06-25,1.00,1.00,1.00,1.00,0.99,0.61,0.01,inferred
Bracknell Forest,2021-06-26,1.00,1.00,1.00,1.00,0.99,0.61,0.01,inferred
Bracknell Forest,2021-06-27,1.00,1.00,1.00,1.00,0.99,0.61,0.01,inferred
Bracknell Forest,2021-06-28,1.00,1.00,1.00,1.00,0.99,0.61,0.01,inferred
Bracknell Forest,2021-06-29,1.00,1.00,0.99,0.96,0.91,0.56,0.07,inferred
Bracknell Forest,2021-06-30,1.00,1.00,0.99,0.96,0.91,0.56,0.07,inferred
Bracknell Forest,2021-07-01,1.00,1.00,0.99,0.96,0.91,0.56,0.07,inferred
Bracknell Forest,2021-07-02,1.00,1.00,0.99,0.96,0.91,0.56,0.07,inferred
Bracknell Forest,2021-07-03,1.00,1.00,0.99,0.96,0.91,0.56,0.07,inferred
Bracknell Forest,2021-07-04,1.00,1.00,0.99,0.96,0.91,0.56,0.07,inferred
Bracknell Forest,2021-07-05,1.00,1.00,0.99,0.96,0.91,0.56,0.07,inferred
Bracknell Forest,2021-07-06,0.99,0.97,0.91,0.84,0.75,0.44,0.12,projected
Bracknell Forest,2021-07-07,0.99,0.97,0.91,0.84,0.75,0.44,0.12,projected
Bracknell Forest,2021-07-08,0.99,0.97,0.91,0.84,0.75,0.44,0.12,projected
Bracknell Forest,2021-07-09,0.99,0.97,0.91,0.84,0.75,0.44,0.12,projected
Bracknell Forest,2021-07-10,0.99,0.97,0.91,0.84,0.75,0.44,0.12,projected
Bracknell Forest,2021-07-11,0.99,0.97,0.91,0.84,0.75,0.44,0.12,projected
Bracknell Forest,2021-07-12,0.99,0.97,0.91,0.84,0.75,0.44,0.12,projected
Bracknell Forest,2021-07-13,0.97,0.93,0.87,0.79,0.68,0.42,0.14,projected
Bracknell Forest,2021-07-14,0.97,0.93,0.87,0.79,0.68,0.42,0.14,projected
Bracknell Forest,2021-07-15,0.97,0.93,0.87,0.79,0.68,0.42,0.14,projected
Bracknell Forest,2021-07-16,0.97,0.93,0.87,0.79,0.68,0.42,0.14,projected
Bracknell Forest,2021-07-17,0.97,0.93,0.87,0.79,0.68,0.42,0.14,projected
Bracknell Forest,2021-07-18,0.97,0.93,0.87,0.79,0.68,0.42,0.14,projected
Bracknell Forest,2021-07-19,0.97,0.93,0.87,0.79,0.68,0.42,0.14,projected
Bracknell Forest,2021-07-20,0.96,0.92,0.85,0.78,0.68,0.41,0.15,projected
Bracknell Forest,2021-07-21,0.96,0.92,0.85,0.78,0.68,0.41,0.15,projected
Bracknell Forest,2021-07-22,0.96,0.92,0.85,0.78,0.68,0.41,0.15,projected
Bracknell Forest,2021-07-23,0.96,0.92,0.85,0.78,0.68,0.41,0.15,projected
Bracknell Forest,2021-07-24,0.96,0.92,0.85,0.78,0.68,0.41,0.15,projected
Bracknell Forest,2021-07-25,0.96,0.92,0.85,0.78,0.68,0.41,0.15,projected
Bracknell Forest,2021-07-26,0.96,0.92,0.85,0.78,0.68,0.41,0.15,projected
Bradford,2021-03-23,0.01,0.00,0.00,0.00,0.00,0.00,0.00,inferred
Bradford,2021-03-24,0.01,0.00,0.00,0.00,0.00,0.00,0.00,inferred
Bradford,2021-03-25,0.01,0.00,0.00,0.00,0.00,0.00,0.00,inferred
Bradford,2021-03-26,0.01,0.00,0.00,0.00,0.00,0.00,0.00,inferred
Bradford,2021-03-27,0.01,0.00,0.00,0.00,0.00,0.00,0.00,inferred
Bradford,2021-03-28,0.01,0.00,0.00,0.00,0.00,0.00,0.00,inferred
Bradford,2021-03-29,0.01,0.00,0.00,0.00,0.00,0.00,0.00,inferred
Bradford,2021-03-30,0.99,0.87,0.47,0.12,0.01,0.00,0.00,inferred
Bradford,2021-03-31,0.99,0.87,0.47,0.12,0.01,0.00,0.00,inferred
Bradford,2021-04-01,0.99,0.87,0.47,0.12,0.01,0.00,0.00,inferred
Bradford,2021-04-02,0.99,0.87,0.47,0.12,0.01,0.00,0.00,inferred
Bradford,2021-04-03,0.99,0.87,0.47,0.12,0.01,0.00,0.00,inferred
Bradford,2021-04-04,0.99,0.87,0.47,0.12,0.01,0.00,0.00,inferred
Bradford,2021-04-05,0.99,0.87,0.47,0.12,0.01,0.00,0.00,inferred
Bradford,2021-04-06,0.05,0.00,0.00,0.00,0.00,0.00,0.00,inferred
Bradford,2021-04-07,0.05,0.00,0.00,0.00,0.00,0.00,0.00,inferred
Bradford,2021-04-08,0.05,0.00,0.00,0.00,0.00,0.00,0.00,inferred
Bradford,2021-04-09,0.05,0.00,0.00,0.00,0.00,0.00,0.00,inferred
Bradford,2021-04-10,0.05,0.00,0.00,0.00,0.00,0.00,0.00,inferred
Bradford,2021-04-11,0.05,0.00,0.00,0.00,0.00,0.00,0.00,inferred
Bradford,2021-04-12,0.05,0.00,0.00,0.00,0.00,0.00,0.00,inferred
Bradford,2021-04-13,0.56,0.19,0.02,0.00,0.00,0.00,0.00,inferred
Bradford,2021-04-14,0.56,0.19,0.02,0.00,0.00,0.00,0.00,inferred
Bradford,2021-04-15,0.56,0.19,0.02,0.00,0.00,0.00,0.00,inferred
Bradford,2021-04-16,0.56,0.19,0.02,0.00,0.00,0.00,0.00,inferred
Bradford,2021-04-17,0.56,0.19,0.02,0.00,0.00,0.00,0.00,inferred
Bradford,2021-04-18,0.56,0.19,0.02,0.00,0.00,0.00,0.00,inferred
Bradford,2021-04-19,0.56,0.19,0.02,0.00,0.00,0.00,0.00,inferred
Bradford,2021-04-20,0.85,0.50,0.14,0.02,0.00,0.00,0.00,inferred
Bradford,2021-04-21,0.85,0.50,0.14,0.02,0.00,0.00,0.00,inferred
Bradford,2021-04-22,0.85,0.50,0.14,0.02,0.00,0.00,0.00,inferred
Bradford,2021-04-23,0.85,0.50,0.14,0.02,0.00,0.00,0.00,inferred
Bradford,2021-04-24,0.85,0.50,0.14,0.02,0.00,0.00,0.00,inferred
Bradford,2021-04-25,0.85,0.50,0.14,0.02,0.00,0.00,0.00,inferred
Bradford,2021-04-26,0.85,0.50,0.14,0.02,0.00,0.00,0.00,inferred
Bradford,2021-04-27,0.76,0.37,0.09,0.01,0.00,0.00,0.00,inferred
Bradford,2021-04-28,0.76,0.37,0.09,0.01,0.00,0.00,0.00,inferred
Bradford,2021-04-29,0.76,0.37,0.09,0.01,0.00,0.00,0.00,inferred
Bradford,2021-04-30,0.76,0.37,0.09,0.01,0.00,0.00,0.00,inferred
Bradford,2021-05-01,0.76,0.37,0.09,0.01,0.00,0.00,0.00,inferred
Bradford,2021-05-02,0.76,0.37,0.09,0.01,0.00,0.00,0.00,inferred
Bradford,2021-05-03,0.76,0.37,0.09,0.01,0.00,0.00,0.00,inferred
Bradford,2021-05-04,0.93,0.73,0.37,0.10,0.01,0.00,0.00,inferred
Bradford,2021-05-05,0.93,0.73,0.37,0.10,0.01,0.00,0.00,inferred
Bradford,2021-05-06,0.93,0.73,0.37,0.10,0.01,0.00,0.00,inferred
Bradford,2021-05-07,0.93,0.73,0.37,0.10,0.01,0.00,0.00,inferred
Bradford,2021-05-08,0.93,0.73,0.37,0.10,0.01,0.00,0.00,inferred
Bradford,2021-05-09,0.93,0.73,0.37,0.10,0.01,0.00,0.00,inferred
Bradford,2021-05-10,0.93,0.73,0.37,0.10,0.01,0.00,0.00,inferred
Bradford,2021-05-11,1.00,1.00,0.99,0.93,0.71,0.07,0.00,inferred
Bradford,2021-05-12,1.00,1.00,0.99,0.93,0.71,0.07,0.00,inferred
Bradford,2021-05-13,1.00,1.00,0.99,0.93,0.71,0.07,0.00,inferred
Bradford,2021-05-14,1.00,1.00,0.99,0.93,0.71,0.07,0.00,inferred
Bradford,2021-05-15,1.00,1.00,0.99,0.93,0.71,0.07,0.00,inferred
Bradford,2021-05-16,1.00,1.00,0.99,0.93,0.71,0.07,0.00,inferred
Bradford,2021-05-17,1.00,1.00,0.99,0.93,0.71,0.07,0.00,inferred
Bradford,2021-05-18,1.00,0.97,0.80,0.47,0.15,0.00,0.00,inferred
Bradford,2021-05-19,1.00,0.97,0.80,0.47,0.15,0.00,0.00,inferred
Bradford,2021-05-20,1.00,0.97,0.80,0.47,0.15,0.00,0.00,inferred
Bradford,2021-05-21,1.00,0.97,0.80,0.47,0.15,0.00,0.00,inferred
Bradford,2021-05-22,1.00,0.97,0.80,0.47,0.15,0.00,0.00,inferred
Bradford,2021-05-23,1.00,0.97,0.80,0.47,0.15,0.00,0.00,inferred
Bradford,2021-05-24,1.00,0.97,0.80,0.47,0.15,0.00,0.00,inferred
Bradford,2021-05-25,1.00,1.00,1.00,1.00,1.00,0.96,0.19,inferred
Bradford,2021-05-26,1.00,1.00,1.00,1.00,1.00,0.96,0.19,inferred
Bradford,2021-05-27,1.00,1.00,1.00,1.00,1.00,0.96,0.19,inferred
Bradford,2021-05-28,1.00,1.00,1.00,1.00,1.00,0.96,0.19,inferred
Bradford,2021-05-29,1.00,1.00,1.00,1.00,1.00,0.96,0.19,inferred
Bradford,2021-05-30,1.00,1.00,1.00,1.00,1.00,0.96,0.19,inferred
Bradford,2021-05-31,1.00,1.00,1.00,1.00,1.00,0.96,0.19,inferred
Bradford,2021-06-01,1.00,1.00,0.99,0.90,0.73,0.10,0.00,inferred
Bradford,2021-06-02,1.00,1.00,0.99,0.90,0.73,0.10,0.00,inferred
Bradford,2021-06-03,1.00,1.00,0.99,0.90,0.73,0.10,0.00,inferred
Bradford,2021-06-04,1.00,1.00,0.99,0.90,0.73,0.10,0.00,inferred
Bradford,2021-06-05,1.00,1.00,0.99,0.90,0.73,0.10,0.00,inferred
Bradford,2021-06-06,1.00,1.00,0.99,0.90,0.73,0.10,0.00,inferred
Bradford,2021-06-07,1.00,1.00,0.99,0.90,0.73,0.10,0.00,inferred
Bradford,2021-06-08,1.00,1.00,0.95,0.71,0.30,0.00,0.00,inferred
Bradford,2021-06-09,1.00,1.00,0.95,0.71,0.30,0.00,0.00,inferred
Bradford,2021-06-10,1.00,1.00,0.95,0.71,0.30,0.00,0.00,inferred
Bradford,2021-06-11,1.00,1.00,0.95,0.71,0.30,0.00,0.00,inferred
Bradford,2021-06-12,1.00,1.00,0.95,0.71,0.30,0.00,0.00,inferred
Bradford,2021-06-13,1.00,1.00,0.95,0.71,0.30,0.00,0.00,inferred
Bradford,2021-06-14,1.00,1.00,0.95,0.71,0.30,0.00,0.00,inferred
Bradford,2021-06-15,1.00,1.00,1.00,1.00,1.00,0.41,0.00,inferred
Bradford,2021-06-16,1.00,1.00,1.00,1.00,1.00,0.41,0.00,inferred
Bradford,2021-06-17,1.00,1.00,1.00,1.00,1.00,0.41,0.00,inferred
Bradford,2021-06-18,1.00,1.00,1.00,1.00,1.00,0.41,0.00,inferred
Bradford,2021-06-19,1.00,1.00,1.00,1.00,1.00,0.41,0.00,inferred
Bradford,2021-06-20,1.00,1.00,1.00,1.00,1.00,0.41,0.00,inferred
Bradford,2021-06-21,1.00,1.00,1.00,1.00,1.00,0.41,0.00,inferred
Bradford,2021-06-22,1.00,1.00,1.00,1.00,0.96,0.35,0.00,inferred
Bradford,2021-06-23,1.00,1.00,1.00,1.00,0.96,0.35,0.00,inferred
Bradford,2021-06-24,1.00,1.00,1.00,1.00,0.96,0.35,0.00,inferred
Bradford,2021-06-25,1.00,1.00,1.00,1.00,0.96,0.35,0.00,inferred
Bradford,2021-06-26,1.00,1.00,1.00,1.00,0.96,0.35,0.00,inferred
Bradford,2021-06-27,1.00,1.00,1.00,1.00,0.96,0.35,0.00,inferred
Bradford,2021-06-28,1.00,1.00,1.00,1.00,0.96,0.35,0.00,inferred
Bradford,2021-06-29,1.00,0.98,0.89,0.71,0.43,0.04,0.00,inferred
Bradford,2021-06-30,1.00,0.98,0.89,0.71,0.43,0.04,0.00,inferred
Bradford,2021-07-01,1.00,0.98,0.89,0.71,0.43,0.04,0.00,inferred
Bradford,2021-07-02,1.00,0.98,0.89,0.71,0.43,0.04,0.00,inferred
Bradford,2021-07-03,1.00,0.98,0.89,0.71,0.43,0.04,0.00,inferred
Bradford,2021-07-04,1.00,0.98,0.89,0.71,0.43,0.04,0.00,inferred
Bradford,2021-07-05,1.00,0.98,0.89,0.71,0.43,0.04,0.00,inferred
Bradford,2021-07-06,0.91,0.84,0.72,0.57,0.43,0.17,0.03,projected
Bradford,2021-07-07,0.91,0.84,0.72,0.57,0.43,0.17,0.03,projected
Bradford,2021-07-08,0.91,0.84,0.72,0.57,0.43,0.17,0.03,projected
Bradford,2021-07-09,0.91,0.84,0.72,0.57,0.43,0.17,0.03,projected
Bradford,2021-07-10,0.91,0.84,0.72,0.57,0.43,0.17,0.03,projected
Bradford,2021-07-11,0.91,0.84,0.72,0.57,0.43,0.17,0.03,projected
Bradford,2021-07-12,0.91,0.84,0.72,0.57,0.43,0.17,0.03,projected
Bradford,2021-07-13,0.86,0.78,0.68,0.57,0.46,0.24,0.05,projected
Bradford,2021-07-14,0.86,0.78,0.68,0.57,0.46,0.24,0.05,projected
Bradford,2021-07-15,0.86,0.78,0.68,0.57,0.46,0.24,0.05,projected
Bradford,2021-07-16,0.86,0.78,0.68,0.57,0.46,0.24,0.05,projected
Bradford,2021-07-17,0.86,0.78,0.68,0.57,0.46,0.24,0.05,projected
Bradford,2021-07-18,0.86,0.78,0.68,0.57,0.46,0.24,0.05,projected
Bradford,2021-07-19,0.86,0.78,0.68,0.57,0.46,0.24,0.05,projected
Bradford,2021-07-20,0.86,0.77,0.68,0.58,0.48,0.26,0.08,projected
Bradford,2021-07-21,0.86,0.77,0.68,0.58,0.48,0.26,0.08,projected
Bradford,2021-07-22,0.86,0.77,0.68,0.58,0.48,0.26,0.08,projected
Bradford,2021-07-23,0.86,0.77,0.68,0.58,0.48,0.26,0.08,projected
Bradford,2021-07-24,0.86,0.77,0.68,0.58,0.48,0.26,0.08,projected
Bradford,2021-07-25,0.86,0.77,0.68,0.58,0.48,0.26,0.08,projected
Bradford,2021-07-26,0.86,0.77,0.68,0.58,0.48,0.26,0.08,projected
Braintree,2021-03-23,0.00,0.00,0.00,0.00,0.00,0.00,0.00,inferred
Braintree,2021-03-24,0.00,0.00,0.00,0.00,0.00,0.00,0.00,inferred
Braintree,2021-03-25,0.00,0.00,0.00,0.00,0.00,0.00,0.00,inferred
Braintree,2021-03-26,0.00,0.00,0.00,0.00,0.00,0.00,0.00,inferred
Braintree,2021-03-27,0.00,0.00,0.00,0.00,0.00,0.00,0.00,inferred
Braintree,2021-03-28,0.00,0.00,0.00,0.00,0.00,0.00,0.00,inferred
Braintree,2021-03-29,0.00,0.00,0.00,0.00,0.00,0.00,0.00,inferred
Braintree,2021-03-30,0.20,0.07,0.02,0.01,0.00,0.00,0.00,inferred
Braintree,2021-03-31,0.20,0.07,0.02,0.01,0.00,0.00,0.00,inferred
Braintree,2021-04-01,0.20,0.07,0.02,0.01,0.00,0.00,0.00,inferred
Braintree,2021-04-02,0.20,0.07,0.02,0.01,0.00,0.00,0.00,inferred
Braintree,2021-04-03,0.20,0.07,0.02,0.01,0.00,0.00,0.00,inferred
Braintree,2021-04-04,0.20,0.07,0.02,0.01,0.00,0.00,0.00,inferred
Braintree,2021-04-05,0.20,0.07,0.02,0.01,0.00,0.00,0.00,inferred
Braintree,2021-04-06,0.64,0.44,0.26,0.14,0.07,0.00,0.00,inferred
Braintree,2021-04-07,0.64,0.44,0.26,0.14,0.07,0.00,0.00,inferred
Braintree,2021-04-08,0.64,0.44,0.26,0.14,0.07,0.00,0.00,inferred
Braintree,2021-04-09,0.64,0.44,0.26,0.14,0.07,0.00,0.00,inferred
Braintree,2021-04-10,0.64,0.44,0.26,0.14,0.07,0.00,0.00,inferred
Braintree,2021-04-11,0.64,0.44,0.26,0.14,0.07,0.00,0.00,inferred
Braintree,2021-04-12,0.64,0.44,0.26,0.14,0.07,0.00,0.00,inferred
Braintree,2021-04-13,0.81,0.63,0.45,0.28,0.16,0.02,0.00,inferred
Braintree,2021-04-14,0.81,0.63,0.45,0.28,0.16,0.02,0.00,inferred
Braintree,2021-04-15,0.81,0.63,0.45,0.28,0.16,0.02,0.00,inferred
Braintree,2021-04-16,0.81,0.63,0.45,0.28,0.16,0.02,0.00,inferred
Braintree,2021-04-17,0.81,0.63,0.45,0.28,0.16,0.02,0.00,inferred
Braintree,2021-04-18,0.81,0.63,0.45,0.28,0.16,0.02,0.00,inferred
Braintree,2021-04-19,0.81,0.63,0.45,0.28,0.16,0.02,0.00,inferred
Braintree,2021-04-20,0.70,0.51,0.33,0.19,0.10,0.01,0.00,inferred
Braintree,2021-04-21,0.70,0.51,0.33,0.19,0.10,0.01,0.00,inferred
Braintree,2021-04-22,0.70,0.51,0.33,0.19,0.10,0.01,0.00,inferred
Braintree,2021-04-23,0.70,0.51,0.33,0.19,0.10,0.01,0.00,inferred
Braintree,2021-04-24,0.70,0.51,0.33,0.19,0.10,0.01,0.00,inferred
Braintree,2021-04-25,0.70,0.51,0.33,0.19,0.10,0.01,0.00,inferred
Braintree,2021-04-26,0.70,0.51,0.33,0.19,0.10,0.01,0.00,inferred
Braintree,2021-04-27,0.70,0.53,0.38,0.22,0.11,0.01,0.00,inferred
Braintree,2021-04-28,0.70,0.53,0.38,0.22,0.11,0.01,0.00,inferred
Braintree,2021-04-29,0.70,0.53,0.38,0.22,0.11,0.01,0.00,inferred
Braintree,2021-04-30,0.70,0.53,0.38,0.22,0.11,0.01,0.00,inferred
Braintree,2021-05-01,0.70,0.53,0.38,0.22,0.11,0.01,0.00,inferred
Braintree,2021-05-02,0.70,0.53,0.38,0.22,0.11,0.01,0.00,inferred
Braintree,2021-05-03,0.70,0.53,0.38,0.22,0.11,0.01,0.00,inferred
Braintree,2021-05-04,0.59,0.42,0.26,0.15,0.07,0.01,0.00,inferred
Braintree,2021-05-05,0.59,0.42,0.26,0.15,0.07,0.01,0.00,inferred
Braintree,2021-05-06,0.59,0.42,0.26,0.15,0.07,0.01,0.00,inferred
Braintree,2021-05-07,0.59,0.42,0.26,0.15,0.07,0.01,0.00,inferred
Braintree,2021-05-08,0.59,0.42,0.26,0.15,0.07,0.01,0.00,inferred
Braintree,2021-05-09,0.59,0.42,0.26,0.15,0.07,0.01,0.00,inferred
Braintree,2021-05-10,0.59,0.42,0.26,0.15,0.07,0.01,0.00,inferred
Braintree,2021-05-11,0.55,0.38,0.23,0.13,0.06,0.01,0.00,inferred
Braintree,2021-05-12,0.55,0.38,0.23,0.13,0.06,0.01,0.00,inferred
Braintree,2021-05-13,0.55,0.38,0.23,0.13,0.06,0.01,0.00,inferred
Braintree,2021-05-14,0.55,0.38,0.23,0.13,0.06,0.01,0.00,inferred
Braintree,2021-05-15,0.55,0.38,0.23,0.13,0.06,0.01,0.00,inferred
Braintree,2021-05-16,0.55,0.38,0.23,0.13,0.06,0.01,0.00,inferred
Braintree,2021-05-17,0.55,0.38,0.23,0.13,0.06,0.01,0.00,inferred
Braintree,2021-05-18,0.95,0.88,0.79,0.67,0.53,0.20,0.01,inferred
Braintree,2021-05-19,0.95,0.88,0.79,0.67,0.53,0.20,0.01,inferred
Braintree,2021-05-20,0.95,0.88,0.79,0.67,0.53,0.20,0.01,inferred
Braintree,2021-05-21,0.95,0.88,0.79,0.67,0.53,0.20,0.01,inferred
Braintree,2021-05-22,0.95,0.88,0.79,0.67,0.53,0.20,0.01,inferred
Braintree,2021-05-23,0.95,0.88,0.79,0.67,0.53,0.20,0.01,inferred
Braintree,2021-05-24,0.95,0.88,0.79,0.67,0.53,0.20,0.01,inferred
Braintree,2021-05-25,1.00,1.00,0.99,0.97,0.93,0.68,0.18,inferred
Braintree,2021-05-26,1.00,1.00,0.99,0.97,0.93,0.68,0.18,inferred
Braintree,2021-05-27,1.00,1.00,0.99,0.97,0.93,0.68,0.18,inferred
Braintree,2021-05-28,1.00,1.00,0.99,0.97,0.93,0.68,0.18,inferred
Braintree,2021-05-29,1.00,1.00,0.99,0.97,0.93,0.68,0.18,inferred
Braintree,2021-05-30,1.00,1.00,0.99,0.97,0.93,0.68,0.18,inferred
Braintree,2021-05-31,1.00,1.00,0.99,0.97,0.93,0.68,0.18,inferred
Braintree,2021-06-01,1.00,1.00,1.00,0.99,0.98,0.85,0.34,inferred
Braintree,2021-06-02,1.00,1.00,1.00,0.99,0.98,0.85,0.34,inferred
Braintree,2021-06-03,1.00,1.00,1.00,0.99,0.98,0.85,0.34,inferred
Braintree,2021-06-04,1.00,1.00,1.00,0.99,0.98,0.85,0.34,inferred
Braintree,2021-06-05,1.00,1.00,1.00,0.99,0.98,0.85,0.34,inferred
Braintree,2021-06-06,1.00,1.00,1.00,0.99,0.98,0.85,0.34,inferred
Braintree,2021-06-07,1.00,1.00,1.00,0.99,0.98,0.85,0.34,inferred
Braintree,2021-06-08,1.00,1.00,1.00,1.00,0.99,0.81,0.22,inferred
Braintree,2021-06-09,1.00,1.00,1.00,1.00,0.99,0.81,0.22,inferred
Braintree,2021-06-10,1.00,1.00,1.00,1.00,0.99,0.81,0.22,inferred
Braintree,2021-06-11,1.00,1.00,1.00,1.00,0.99,0.81,0.22,inferred
Braintree,2021-06-12,1.00,1.00,1.00,1.00,0.99,0.81,0.22,inferred
Braintree,2021-06-13,1.00,1.00,1.00,1.00,0.99,0.81,0.22,inferred
Braintree,2021-06-14,1.00,1.00,1.00,1.00,0.99,0.81,0.22,inferred
Braintree,2021-06-15,1.00,1.00,1.00,1.00,1.00,0.99,0.73,inferred
Braintree,2021-06-16,1.00,1.00,1.00,1.00,1.00,0.99,0.73,inferred
Braintree,2021-06-17,1.00,1.00,1.00,1.00,1.00,0.99,0.73,inferred
Braintree,2021-06-18,1.00,1.00,1.00,1.00,1.00,0.99,0.73,inferred
Braintree,2021-06-19,1.00,1.00,1.00,1.00,1.00,0.99,0.73,inferred
Braintree,2021-06-20,1.00,1.00,1.00,1.00,1.00,0.99,0.73,inferred
Braintree,2021-06-21,1.00,1.00,1.00,1.00,1.00,0.99,0.73,inferred
Braintree,2021-06-22,1.00,1.00,1.00,1.00,1.00,1.00,0.85,inferred
Braintree,2021-06-23,1.00,1.00,1.00,1.00,1.00,1.00,0.85,inferred
Braintree,2021-06-24,1.00,1.00,1.00,1.00,1.00,1.00,0.85,inferred
Braintree,2021-06-25,1.00,1.00,1.00,1.00,1.00,1.00,0.85,inferred
Braintree,2021-06-26,1.00,1.00,1.00,1.00,1.00,1.00,0.85,inferred
Braintree,2021-06-27,1.00,1.00,1.00,1.00,1.00,1.00,0.85,inferred
Braintree,2021-06-28,1.00,1.00,1.00,1.00,1.00,1.00,0.85,inferred
Braintree,2021-06-29,1.00,1.00,1.00,1.00,1.00,0.88,0.40,inferred
Braintree,2021-06-30,1.00,1.00,1.00,1.00,1.00,0.88,0.40,inferred
Braintree,2021-07-01,1.00,1.00,1.00,1.00,1.00,0.88,0.40,inferred
Braintree,2021-07-02,1.00,1.00,1.00,1.00,1.00,0.88,0.40,inferred
Braintree,2021-07-03,1.00,1.00,1.00,1.00,1.00,0.88,0.40,inferred
Braintree,2021-07-04,1.00,1.00,1.00,1.00,1.00,0.88,0.40,inferred
Braintree,2021-07-05,1.00,1.00,1.00,1.00,1.00,0.88,0.40,inferred
Braintree,2021-07-06,1.00,1.00,1.00,0.98,0.95,0.76,0.34,projected
Braintree,2021-07-07,1.00,1.00,1.00,0.98,0.95,0.76,0.34,projected
Braintree,2021-07-08,1.00,1.00,1.00,0.98,0.95,0.76,0.34,projected
Braintree,2021-07-09,1.00,1.00,1.00,0.98,0.95,0.76,0.34,projected
Braintree,2021-07-10,1.00,1.00,1.00,0.98,0.95,0.76,0.34,projected
Braintree,2021-07-11,1.00,1.00,1.00,0.98,0.95,0.76,0.34,projected
Braintree,2021-07-12,1.00,1.00,1.00,0.98,0.95,0.76,0.34,projected
Braintree,2021-07-13,1.00,0.99,0.98,0.95,0.92,0.71,0.32,projected
Braintree,2021-07-14,1.00,0.99,0.98,0.95,0.92,0.71,0.32,projected
Braintree,2021-07-15,1.00,0.99,0.98,0.95,0.92,0.71,0.32,projected
Braintree,2021-07-16,1.00,0.99,0.98,0.95,0.92,0.71,0.32,projected
Braintree,2021-07-17,1.00,0.99,0.98,0.95,0.92,0.71,0.32,projected
Braintree,2021-07-18,1.00,0.99,0.98,0.95,0.92,0.71,0.32,projected
Braintree,2021-07-19,1.00,0.99,0.98,0.95,0.92,0.71,0.32,projected
Braintree,2021-07-20,1.00,0.99,0.97,0.95,0.90,0.67,0.31,projected
Braintree,2021-07-21,1.00,0.99,0.97,0.95,0.90,0.67,0.31,projected
Braintree,2021-07-22,1.00,0.99,0.97,0.95,0.90,0.67,0.31,projected
Braintree,2021-07-23,1.00,0.99,0.97,0.95,0.90,0.67,0.31,projected
Braintree,2021-07-24,1.00,0.99,0.97,0.95,0.90,0.67,0.31,projected
Braintree,2021-07-25,1.00,0.99,0.97,0.95,0.90,0.67,0.31,projected
Braintree,2021-07-26,1.00,0.99,0.97,0.95,0.90,0.67,0.31,projected
Breckland,2021-03-23,0.00,0.00,0.00,0.00,0.00,0.00,0.00,inferred
Breckland,2021-03-24,0.00,0.00,0.00,0.00,0.00,0.00,0.00,inferred
Breckland,2021-03-25,0.00,0.00,0.00,0.00,0.00,0.00,0.00,inferred
Breckland,2021-03-26,0.00,0.00,0.00,0.00,0.00,0.00,0.00,inferred
Breckland,2021-03-27,0.00,0.00,0.00,0.00,0.00,0.00,0.00,inferred
Breckland,2021-03-28,0.00,0.00,0.00,0.00,0.00,0.00,0.00,inferred
Breckland,2021-03-29,0.00,0.00,0.00,0.00,0.00,0.00,0.00,inferred
Breckland,2021-03-30,0.04,0.01,0.00,0.00,0.00,0.00,0.00,inferred
Breckland,2021-03-31,0.04,0.01,0.00,0.00,0.00,0.00,0.00,inferred
Breckland,2021-04-01,0.04,0.01,0.00,0.00,0.00,0.00,0.00,inferred
Breckland,2021-04-02,0.04,0.01,0.00,0.00,0.00,0.00,0.00,inferred
Breckland,2021-04-03,0.04,0.01,0.00,0.00,0.00,0.00,0.00,inferred
Breckland,2021-04-04,0.04,0.01,0.00,0.00,0.00,0.00,0.00,inferred
Breckland,2021-04-05,0.04,0.01,0.00,0.00,0.00,0.00,0.00,inferred
Breckland,2021-04-06,0.38,0.19,0.08,0.03,0.00,0.00,0.00,inferred
Breckland,2021-04-07,0.38,0.19,0.08,0.03,0.00,0.00,0.00,inferred
Breckland,2021-04-08,0.38,0.19,0.08,0.03,0.00,0.00,0.00,inferred
Breckland,2021-04-09,0.38,0.19,0.08,0.03,0.00,0.00,0.00,inferred
Breckland,2021-04-10,0.38,0.19,0.08,0.03,0.00,0.00,0.00,inferred
Breckland,2021-04-11,0.38,0.19,0.08,0.03,0.00,0.00,0.00,inferred
Breckland,2021-04-12,0.38,0.19,0.08,0.03,0.00,0.00,0.00,inferred
Breckland,2021-04-13,0.69,0.50,0.31,0.17,0.08,0.00,0.00,inferred
Breckland,2021-04-14,0.69,0.50,0.31,0.17,0.08,0.00,0.00,inferred
Breckland,2021-04-15,0.69,0.50,0.31,0.17,0.08,0.00,0.00,inferred
Breckland,2021-04-16,0.69,0.50,0.31,0.17,0.08,0.00,0.00,inferred
Breckland,2021-04-17,0.69,0.50,0.31,0.17,0.08,0.00,0.00,inferred
Breckland,2021-04-18,0.69,0.50,0.31,0.17,0.08,0.00,0.00,inferred
Breckland,2021-04-19,0.69,0.50,0.31,0.17,0.08,0.00,0.00,inferred
Breckland,2021-04-20,0.93,0.85,0.73,0.59,0.43,0.09,0.00,inferred
Breckland,2021-04-21,0.93,0.85,0.73,0.59,0.43,0.09,0.00,inferred
Breckland,2021-04-22,0.93,0.85,0.73,0.59,0.43,0.09,0.00,inferred
Breckland,2021-04-23,0.93,0.85,0.73,0.59,0.43,0.09,0.00,inferred
Breckland,2021-04-24,0.93,0.85,0.73,0.59,0.43,0.09,0.00,inferred
Breckland,2021-04-25,0.93,0.85,0.73,0.59,0.43,0.09,0.00,inferred
Breckland,2021-04-26,0.93,0.85,0.73,0.59,0.43,0.09,0.00,inferred
Breckland,2021-04-27,0.95,0.88,0.74,0.57,0.42,0.08,0.00,inferred
Breckland,2021-04-28,0.95,0.88,0.74,0.57,0.42,0.08,0.00,inferred
Breckland,2021-04-29,0.95,0.88,0.74,0.57,0.42,0.08,0.00,inferred
Breckland,2021-04-30,0.95,0.88,0.74,0.57,0.42,0.08,0.00,inferred
Breckland,2021-05-01,0.95,0.88,0.74,0.57,0.42,0.08,0.00,inferred
Breckland,2021-05-02,0.95,0.88,0.74,0.57,0.42,0.08,0.00,inferred
Breckland,2021-05-03,0.95,0.88,0.74,0.57,0.42,0.08,0.00,inferred
Breckland,2021-05-04,0.76,0.58,0.39,0.21,0.11,0.01,0.00,inferred
Breckland,2021-05-05,0.76,0.58,0.39,0.21,0.11,0.01,0.00,inferred
Breckland,2021-05-06,0.76,0.58,0.39,0.21,0.11,0.01,0.00,inferred
Breckland,2021-05-07,0.76,0.58,0.39,0.21,0.11,0.01,0.00,inferred
Breckland,2021-05-08,0.76,0.58,0.39,0.21,0.11,0.01,0.00,inferred
Breckland,2021-05-09,0.76,0.58,0.39,0.21,0.11,0.01,0.00,inferred
Breckland,2021-05-10,0.76,0.58,0.39,0.21,0.11,0.01,0.00,inferred
Breckland,2021-05-11,0.99,0.96,0.90,0.80,0.67,0.18,0.01,inferred
Breckland,2021-05-12,0.99,0.96,0.90,0.80,0.67,0.18,0.01,inferred
Breckland,2021-05-13,0.99,0.96,0.90,0.80,0.67,0.18,0.01,inferred
Breckland,2021-05-14,0.99,0.96,0.90,0.80,0.67,0.18,0.01,inferred
Breckland,2021-05-15,0.99,0.96,0.90,0.80,0.67,0.18,0.01,inferred
Breckland,2021-05-16,0.99,0.96,0.90,0.80,0.67,0.18,0.01,inferred
Breckland,2021-05-17,0.99,0.96,0.90,0.80,0.67,0.18,0.01,inferred
Breckland,2021-05-18,0.92,0.79,0.58,0.38,0.20,0.01,0.00,inferred
Breckland,2021-05-19,0.92,0.79,0.58,0.38,0.20,0.01,0.00,inferred
Breckland,2021-05-20,0.92,0.79,0.58,0.38,0.20,0.01,0.00,inferred
Breckland,2021-05-21,0.92,0.79,0.58,0.38,0.20,0.01,0.00,inferred
Breckland,2021-05-22,0.92,0.79,0.58,0.38,0.20,0.01,0.00,inferred
Breckland,2021-05-23,0.92,0.79,0.58,0.38,0.20,0.01,0.00,inferred
Breckland,2021-05-24,0.92,0.79,0.58,0.38,0.20,0.01,0.00,inferred
Breckland,2021-05-25,0.81,0.63,0.40,0.24,0.11,0.01,0.00,inferred
Breckland,2021-05-26,0.81,0.63,0.40,0.24,0.11,0.01,0.00,inferred
Breckland,2021-05-27,0.81,0.63,0.40,0.24,0.11,0.01,0.00,inferred
Breckland,2021-05-28,0.81,0.63,0.40,0.24,0.11,0.01,0.00,inferred
Breckland,2021-05-29,0.81,0.63,0.40,0.24,0.11,0.01,0.00,inferred
Breckland,2021-05-30,0.81,0.63,0.40,0.24,0.11,0.01,0.00,inferred
Breckland,2021-05-31,0.81,0.63,0.40,0.24,0.11,0.01,0.00,inferred
Breckland,2021-06-01,0.85,0.67,0.44,0.26,0.13,0.01,0.00,inferred
Breckland,2021-06-02,0.85,0.67,0.44,0.26,0.13,0.01,0.00,inferred
Breckland,2021-06-03,0.85,0.67,0.44,0.26,0.13,0.01,0.00,inferred
Breckland,2021-06-04,0.85,0.67,0.44,0.26,0.13,0.01,0.00,inferred
Breckland,2021-06-05,0.85,0.67,0.44,0.26,0.13,0.01,0.00,inferred
Breckland,2021-06-06,0.85,0.67,0.44,0.26,0.13,0.01,0.00,inferred
Breckland,2021-06-07,0.85,0.67,0.44,0.26,0.13,0.01,0.00,inferred
Breckland,2021-06-08,0.91,0.78,0.59,0.38,0.22,0.02,0.00,inferred
Breckland,2021-06-09,0.91,0.78,0.59,0.38,0.22,0.02,0.00,inferred
Breckland,2021-06-10,0.91,0.78,0.59,0.38,0.22,0.02,0.00,inferred
Breckland,2021-06-11,0.91,0.78,0.59,0.38,0.22,0.02,0.00,inferred
Breckland,2021-06-12,0.91,0.78,0.59,0.38,0.22,0.02,0.00,inferred
Breckland,2021-06-13,0.91,0.78,0.59,0.38,0.22,0.02,0.00,inferred
Breckland,2021-06-14,0.91,0.78,0.59,0.38,0.22,0.02,0.00,inferred
Breckland,2021-06-15,1.00,0.99,0.97,0.93,0.84,0.38,0.02,inferred
Breckland,2021-06-16,1.00,0.99,0.97,0.93,0.84,0.38,0.02,inferred
Breckland,2021-06-17,1.00,0.99,0.97,0.93,0.84,0.38,0.02,inferred
Breckland,2021-06-18,1.00,0.99,0.97,0.93,0.84,0.38,0.02,inferred
Breckland,2021-06-19,1.00,0.99,0.97,0.93,0.84,0.38,0.02,inferred
Breckland,2021-06-20,1.00,0.99,0.97,0.93,0.84,0.38,0.02,inferred
Breckland,2021-06-21,1.00,0.99,0.97,0.93,0.84,0.38,0.02,inferred
Breckland,2021-06-22,1.00,1.00,1.00,1.00,1.00,0.92,0.38,inferred
Breckland,2021-06-23,1.00,1.00,1.00,1.00,1.00,0.92,0.38,inferred
Breckland,2021-06-24,1.00,1.00,1.00,1.00,1.00,0.92,0.38,inferred
Breckland,2021-06-25,1.00,1.00,1.00,1.00,1.00,0.92,0.38,inferred
Breckland,2021-06-26,1.00,1.00,1.00,1.00,1.00,0.92,0.38,inferred
Breckland,2021-06-27,1.00,1.00,1.00,1.00,1.00,0.92,0.38,inferred
Breckland,2021-06-28,1.00,1.00,1.00,1.00,1.00,0.92,0.38,inferred
Breckland,2021-06-29,1.00,1.00,1.00,0.99,0.98,0.85,0.40,inferred
Breckland,2021-06-30,1.00,1.00,1.00,0.99,0.98,0.85,0.40,inferred
Breckland,2021-07-01,1.00,1.00,1.00,0.99,0.98,0.85,0.40,inferred
Breckland,2021-07-02,1.00,1.00,1.00,0.99,0.98,0.85,0.40,inferred
Breckland,2021-07-03,1.00,1.00,1.00,0.99,0.98,0.85,0.40,inferred
Breckland,2021-07-04,1.00,1.00,1.00,0.99,0.98,0.85,0.40,inferred
Breckland,2021-07-05,1.00,1.00,1.00,0.99,0.98,0.85,0.40,inferred
Breckland,2021-07-06,1.00,1.00,0.99,0.97,0.94,0.76,0.36,projected
Breckland,2021-07-07,1.00,1.00,0.99,0.97,0.94,0.76,0.36,projected
Breckland,2021-07-08,1.00,1.00,0.99,0.97,0.94,0.76,0.36,projected
Breckland,2021-07-09,1.00,1.00,0.99,0.97,0.94,0.76,0.36,projected
Breckland,2021-07-10,1.00,1.00,0.99,0.97,0.94,0.76,0.36,projected
Breckland,2021-07-11,1.00,1.00,0.99,0.97,0.94,0.76,0.36,projected
Breckland,2021-07-12,1.00,1.00,0.99,0.97,0.94,0.76,0.36,projected
Breckland,2021-07-13,1.00,1.00,0.99,0.97,0.93,0.74,0.34,projected
Breckland,2021-07-14,1.00,1.00,0.99,0.97,0.93,0.74,0.34,projected
Breckland,2021-07-15,1.00,1.00,0.99,0.97,0.93,0.74,0.34,projected
Breckland,2021-07-16,1.00,1.00,0.99,0.97,0.93,0.74,0.34,projected
Breckland,2021-07-17,1.00,1.00,0.99,0.97,0.93,0.74,0.34,projected
Breckland,2021-07-18,1.00,1.00,0.99,0.97,0.93,0.74,0.34,projected
Breckland,2021-07-19,1.00,1.00,0.99,0.97,0.93,0.74,0.34,projected
Breckland,2021-07-20,1.00,0.99,0.99,0.96,0.92,0.73,0.36,projected
Breckland,2021-07-21,1.00,0.99,0.99,0.96,0.92,0.73,0.36,projected
Breckland,2021-07-22,1.00,0.99,0.99,0.96,0.92,0.73,0.36,projected
Breckland,2021-07-23,1.00,0.99,0.99,0.96,0.92,0.73,0.36,projected
Breckland,2021-07-24,1.00,0.99,0.99,0.96,0.92,0.73,0.36,projected
Breckland,2021-07-25,1.00,0.99,0.99,0.96,0.92,0.73,0.36,projected
Breckland,2021-07-26,1.00,0.99,0.99,0.96,0.92,0.73,0.36,projected
Brent,2021-03-23,0.02,0.00,0.00,0.00,0.00,0.00,0.00,inferred
Brent,2021-03-24,0.02,0.00,0.00,0.00,0.00,0.00,0.00,inferred
Brent,2021-03-25,0.02,0.00,0.00,0.00,0.00,0.00,0.00,inferred
Brent,2021-03-26,0.02,0.00,0.00,0.00,0.00,0.00,0.00,inferred
Brent,2021-03-27,0.02,0.00,0.00,0.00,0.00,0.00,0.00,inferred
Brent,2021-03-28,0.02,0.00,0.00,0.00,0.00,0.00,0.00,inferred
Brent,2021-03-29,0.02,0.00,0.00,0.00,0.00,0.00,0.00,inferred
Brent,2021-03-30,0.99,0.90,0.63,0.31,0.08,0.00,0.00,inferred
Brent,2021-03-31,0.99,0.90,0.63,0.31,0.08,0.00,0.00,inferred
Brent,2021-04-01,0.99,0.90,0.63,0.31,0.08,0.00,0.00,inferred
Brent,2021-04-02,0.99,0.90,0.63,0.31,0.08,0.00,0.00,inferred
Brent,2021-04-03,0.99,0.90,0.63,0.31,0.08,0.00,0.00,inferred
Brent,2021-04-04,0.99,0.90,0.63,0.31,0.08,0.00,0.00,inferred
Brent,2021-04-05,0.99,0.90,0.63,0.31,0.08,0.00,0.00,inferred
Brent,2021-04-06,1.00,0.97,0.85,0.55,0.23,0.00,0.00,inferred
Brent,2021-04-07,1.00,0.97,0.85,0.55,0.23,0.00,0.00,inferred
Brent,2021-04-08,1.00,0.97,0.85,0.55,0.23,0.00,0.00,inferred
Brent,2021-04-09,1.00,0.97,0.85,0.55,0.23,0.00,0.00,inferred
Brent,2021-04-10,1.00,0.97,0.85,0.55,0.23,0.00,0.00,inferred
Brent,2021-04-11,1.00,0.97,0.85,0.55,0.23,0.00,0.00,inferred
Brent,2021-04-12,1.00,0.97,0.85,0.55,0.23,0.00,0.00,inferred
Brent,2021-04-13,0.99,0.91,0.64,0.30,0.09,0.00,0.00,inferred
Brent,2021-04-14,0.99,0.91,0.64,0.30,0.09,0.00,0.00,inferred
Brent,2021-04-15,0.99,0.91,0.64,0.30,0.09,0.00,0.00,inferred
Brent,2021-04-16,0.99,0.91,0.64,0.30,0.09,0.00,0.00,inferred
Brent,2021-04-17,0.99,0.91,0.64,0.30,0.09,0.00,0.00,inferred
Brent,2021-04-18,0.99,0.91,0.64,0.30,0.09,0.00,0.00,inferred
Brent,2021-04-19,0.99,0.91,0.64,0.30,0.09,0.00,0.00,inferred
Brent,2021-04-20,0.35,0.07,0.01,0.00,0.00,0.00,0.00,inferred
Brent,2021-04-21,0.35,0.07,0.01,0.00,0.00,0.00,0.00,inferred
Brent,2021-04-22,0.35,0.07,0.01,0.00,0.00,0.00,0.00,inferred
Brent,2021-04-23,0.35,0.07,0.01,0.00,0.00,0.00,0.00,inferred
Brent,2021-04-24,0.35,0.07,0.01,0.00,0.00,0.00,0.00,inferred
Brent,2021-04-25,0.35,0.07,0.01,0.00,0.00,0.00,0.00,inferred
Brent,2021-04-26,0.35,0.07,0.01,0.00,0.00,0.00,0.00,inferred
Brent,2021-04-27,0.97,0.82,0.49,0.20,0.05,0.00,0.00,inferred
Brent,2021-04-28,0.97,0.82,0.49,0.20,0.05,0.00,0.00,inferred
Brent,2021-04-29,0.97,0.82,0.49,0.20,0.05,0.00,0.00,inferred
Brent,2021-04-30,0.97,0.82,0.49,0.20,0.05,0.00,0.00,inferred
Brent,2021-05-01,0.97,0.82,0.49,0.20,0.05,0.00,0.00,inferred
Brent,2021-05-02,0.97,0.82,0.49,0.20,0.05,0.00,0.00,inferred
Brent,2021-05-03,0.97,0.82,0.49,0.20,0.05,0.00,0.00,inferred
Brent,2021-05-04,0.86,0.50,0.19,0.04,0.00,0.00,0.00,inferred
Brent,2021-05-05,0.86,0.50,0.19,0.04,0.00,0.00,0.00,inferred
Brent,2021-05-06,0.86,0.50,0.19,0.04,0.00,0.00,0.00,inferred
Brent,2021-05-07,0.86,0.50,0.19,0.04,0.00,0.00,0.00,inferred
Brent,2021-05-08,0.86,0.50,0.19,0.04,0.00,0.00,0.00,inferred
Brent,2021-05-09,0.86,0.50,0.19,0.04,0.00,0.00,0.00,inferred
Brent,2021-05-10,0.86,0.50,0.19,0.04,0.00,0.00,0.00,inferred
Brent,2021-05-11,0.99,0.93,0.72,0.39,0.13,0.00,0.00,inferred
Brent,2021-05-12,0.99,0.93,0.72,0.39,0.13,0.00,0.00,inferred
Brent,2021-05-13,0.99,0.93,0.72,0.39,0.13,0.00,0.00,inferred
Brent,2021-05-14,0.99,0.93,0.72,0.39,0.13,0.00,0.00,inferred
Brent,2021-05-15,0.99,0.93,0.72,0.39,0.13,0.00,0.00,inferred
Brent,2021-05-16,0.99,0.93,0.72,0.39,0.13,0.00,0.00,inferred
Brent,2021-05-17,0.99,0.93,0.72,0.39,0.13,0.00,0.00,inferred
Brent,2021-05-18,1.00,1.00,1.00,0.99,0.92,0.19,0.00,inferred
Brent,2021-05-19,1.00,1.00,1.00,0.99,0.92,0.19,0.00,inferred
Brent,2021-05-20,1.00,1.00,1.00,0.99,0.92,0.19,0.00,inferred
Brent,2021-05-21,1.00,1.00,1.00,0.99,0.92,0.19,0.00,inferred
Brent,2021-05-22,1.00,1.00,1.00,0.99,0.92,0.19,0.00,inferred
Brent,2021-05-23,1.00,1.00,1.00,0.99,0.92,0.19,0.00,inferred
Brent,2021-05-24,1.00,1.00,1.00,0.99,0.92,0.19,0.00,inferred
Brent,2021-05-25,1.00,1.00,1.00,1.00,0.99,0.71,0.01,inferred
Brent,2021-05-26,1.00,1.00,1.00,1.00,0.99,0.71,0.01,inferred
Brent,2021-05-27,1.00,1.00,1.00,1.00,0.99,0.71,0.01,inferred
Brent,2021-05-28,1.00,1.00,1.00,1.00,0.99,0.71,0.01,inferred
Brent,2021-05-29,1.00,1.00,1.00,1.00,0.99,0.71,0.01,inferred
Brent,2021-05-30,1.00,1.00,1.00,1.00,0.99,0.71,0.01,inferred
Brent,2021-05-31,1.00,1.00,1.00,1.00,0.99,0.71,0.01,inferred
Brent,2021-06-01,1.00,1.00,1.00,0.97,0.86,0.17,0.00,inferred
Brent,2021-06-02,1.00,1.00,1.00,0.97,0.86,0.17,0.00,inferred
Brent,2021-06-03,1.00,1.00,1.00,0.97,0.86,0.17,0.00,inferred
Brent,2021-06-04,1.00,1.00,1.00,0.97,0.86,0.17,0.00,inferred
Brent,2021-06-05,1.00,1.00,1.00,0.97,0.86,0.17,0.00,inferred
Brent,2021-06-06,1.00,1.00,1.00,0.97,0.86,0.17,0.00,inferred
Brent,2021-06-07,1.00,1.00,1.00,0.97,0.86,0.17,0.00,inferred
Brent,2021-06-08,1.00,0.95,0.66,0.24,0.05,0.00,0.00,inferred
Brent,2021-06-09,1.00,0.95,0.66,0.24,0.05,0.00,0.00,inferred
Brent,2021-06-10,1.00,0.95,0.66,0.24,0.05,0.00,0.00,inferred
Brent,2021-06-11,1.00,0.95,0.66,0.24,0.05,0.00,0.00,inferred
Brent,2021-06-12,1.00,0.95,0.66,0.24,0.05,0.00,0.00,inferred
Brent,2021-06-13,1.00,0.95,0.66,0.24,0.05,0.00,0.00,inferred
Brent,2021-06-14,1.00,0.95,0.66,0.24,0.05,0.00,0.00,inferred
Brent,2021-06-15,1.00,1.00,1.00,1.00,1.00,0.53,0.00,inferred
Brent,2021-06-16,1.00,1.00,1.00,1.00,1.00,0.53,0.00,inferred
Brent,2021-06-17,1.00,1.00,1.00,1.00,1.00,0.53,0.00,inferred
Brent,2021-06-18,1.00,1.00,1.00,1.00,1.00,0.53,0.00,inferred
Brent,2021-06-19,1.00,1.00,1.00,1.00,1.00,0.53,0.00,inferred
Brent,2021-06-20,1.00,1.00,1.00,1.00,1.00,0.53,0.00,inferred
Brent,2021-06-21,1.00,1.00,1.00,1.00,1.00,0.53,0.00,inferred
Brent,2021-06-22,1.00,1.00,1.00,1.00,1.00,0.76,0.01,inferred
Brent,2021-06-23,1.00,1.00,1.00,1.00,1.00,0.76,0.01,inferred
Brent,2021-06-24,1.00,1.00,1.00,1.00,1.00,0.76,0.01,inferred
Brent,2021-06-25,1.00,1.00,1.00,1.00,1.00,0.76,0.01,inferred
Brent,2021-06-26,1.00,1.00,1.00,1.00,1.00,0.76,0.01,inferred
Brent,2021-06-27,1.00,1.00,1.00,1.00,1.00,0.76,0.01,inferred
Brent,2021-06-28,1.00,1.00,1.00,1.00,1.00,0.76,0.01,inferred
Brent,2021-06-29,1.00,1.00,1.00,0.96,0.86,0.24,0.00,inferred
Brent,2021-06-30,1.00,1.00,1.00,0.96,0.86,0.24,0.00,inferred
Brent,2021-07-01,1.00,1.00,1.00,0.96,0.86,0.24,0.00,inferred
Brent,2021-07-02,1.00,1.00,1.00,0.96,0.86,0.24,0.00,inferred
Brent,2021-07-03,1.00,1.00,1.00,0.96,0.86,0.24,0.00,inferred
Brent,2021-07-04,1.00,1.00,1.00,0.96,0.86,0.24,0.00,inferred
Brent,2021-07-05,1.00,1.00,1.00,0.96,0.86,0.24,0.00,inferred
Brent,2021-07-06,1.00,0.98,0.94,0.84,0.70,0.30,0.03,projected
Brent,2021-07-07,1.00,0.98,0.94,0.84,0.70,0.30,0.03,projected
Brent,2021-07-08,1.00,0.98,0.94,0.84,0.70,0.30,0.03,projected
Brent,2021-07-09,1.00,0.98,0.94,0.84,0.70,0.30,0.03,projected
Brent,2021-07-10,1.00,0.98,0.94,0.84,0.70,0.30,0.03,projected
Brent,2021-07-11,1.00,0.98,0.94,0.84,0.70,0.30,0.03,projected
Brent,2021-07-12,1.00,0.98,0.94,0.84,0.70,0.30,0.03,projected
Brent,2021-07-13,0.99,0.96,0.89,0.78,0.65,0.29,0.04,projected
Brent,2021-07-14,0.99,0.96,0.89,0.78,0.65,0.29,0.04,projected
Brent,2021-07-15,0.99,0.96,0.89,0.78,0.65,0.29,0.04,projected
Brent,2021-07-16,0.99,0.96,0.89,0.78,0.65,0.29,0.04,projected
Brent,2021-07-17,0.99,0.96,0.89,0.78,0.65,0.29,0.04,projected
Brent,2021-07-18,0.99,0.96,0.89,0.78,0.65,0.29,0.04,projected
Brent,2021-07-19,0.99,0.96,0.89,0.78,0.65,0.29,0.04,projected
Brent,2021-07-20,0.97,0.93,0.86,0.77,0.64,0.30,0.05,projected
Brent,2021-07-21,0.97,0.93,0.86,0.77,0.64,0.30,0.05,projected
Brent,2021-07-22,0.97,0.93,0.86,0.77,0.64,0.30,0.05,projected
Brent,2021-07-23,0.97,0.93,0.86,0.77,0.64,0.30,0.05,projected
Brent,2021-07-24,0.97,0.93,0.86,0.77,0.64,0.30,0.05,projected
Brent,2021-07-25,0.97,0.93,0.86,0.77,0.64,0.30,0.05,projected
Brent,2021-07-26,0.97,0.93,0.86,0.77,0.64,0.30,0.05,projected
Brentwood,2021-03-23,0.82,0.69,0.53,0.33,0.17,0.01,0.00,inferred
Brentwood,2021-03-24,0.82,0.69,0.53,0.33,0.17,0.01,0.00,inferred
Brentwood,2021-03-25,0.82,0.69,0.53,0.33,0.17,0.01,0.00,inferred
Brentwood,2021-03-26,0.82,0.69,0.53,0.33,0.17,0.01,0.00,inferred
Brentwood,2021-03-27,0.82,0.69,0.53,0.33,0.17,0.01,0.00,inferred
Brentwood,2021-03-28,0.82,0.69,0.53,0.33,0.17,0.01,0.00,inferred
Brentwood,2021-03-29,0.82,0.69,0.53,0.33,0.17,0.01,0.00,inferred
Brentwood,2021-03-30,0.95,0.89,0.78,0.60,0.45,0.10,0.00,inferred
Brentwood,2021-03-31,0.95,0.89,0.78,0.60,0.45,0.10,0.00,inferred
Brentwood,2021-04-01,0.95,0.89,0.78,0.60,0.45,0.10,0.00,inferred
Brentwood,2021-04-02,0.95,0.89,0.78,0.60,0.45,0.10,0.00,inferred
Brentwood,2021-04-03,0.95,0.89,0.78,0.60,0.45,0.10,0.00,inferred
Brentwood,2021-04-04,0.95,0.89,0.78,0.60,0.45,0.10,0.00,inferred
Brentwood,2021-04-05,0.95,0.89,0.78,0.60,0.45,0.10,0.00,inferred
Brentwood,2021-04-06,0.68,0.46,0.27,0.14,0.06,0.01,0.00,inferred
Brentwood,2021-04-07,0.68,0.46,0.27,0.14,0.06,0.01,0.00,inferred
Brentwood,2021-04-08,0.68,0.46,0.27,0.14,0.06,0.01,0.00,inferred
Brentwood,2021-04-09,0.68,0.46,0.27,0.14,0.06,0.01,0.00,inferred
Brentwood,2021-04-10,0.68,0.46,0.27,0.14,0.06,0.01,0.00,inferred
Brentwood,2021-04-11,0.68,0.46,0.27,0.14,0.06,0.01,0.00,inferred
Brentwood,2021-04-12,0.68,0.46,0.27,0.14,0.06,0.01,0.00,inferred
Brentwood,2021-04-13,0.38,0.20,0.10,0.04,0.01,0.00,0.00,inferred
Brentwood,2021-04-14,0.38,0.20,0.10,0.04,0.01,0.00,0.00,inferred
Brentwood,2021-04-15,0.38,0.20,0.10,0.04,0.01,0.00,0.00,inferred
Brentwood,2021-04-16,0.38,0.20,0.10,0.04,0.01,0.00,0.00,inferred
Brentwood,2021-04-17,0.38,0.20,0.10,0.04,0.01,0.00,0.00,inferred
Brentwood,2021-04-18,0.38,0.20,0.10,0.04,0.01,0.00,0.00,inferred
Brentwood,2021-04-19,0.38,0.20,0.10,0.04,0.01,0.00,0.00,inferred
Brentwood,2021-04-20,0.17,0.08,0.04,0.02,0.00,0.00,0.00,inferred
Brentwood,2021-04-21,0.17,0.08,0.04,0.02,0.00,0.00,0.00,inferred
Brentwood,2021-04-22,0.17,0.08,0.04,0.02,0.00,0.00,0.00,inferred
Brentwood,2021-04-23,0.17,0.08,0.04,0.02,0.00,0.00,0.00,inferred
Brentwood,2021-04-24,0.17,0.08,0.04,0.02,0.00,0.00,0.00,inferred
Brentwood,2021-04-25,0.17,0.08,0.04,0.02,0.00,0.00,0.00,inferred
Brentwood,2021-04-26,0.17,0.08,0.04,0.02,0.00,0.00,0.00,inferred
Brentwood,2021-04-27,0.61,0.44,0.29,0.18,0.10,0.02,0.00,inferred
Brentwood,2021-04-28,0.61,0.44,0.29,0.18,0.10,0.02,0.00,inferred
Brentwood,2021-04-29,0.61,0.44,0.29,0.18,0.10,0.02,0.00,inferred
Brentwood,2021-04-30,0.61,0.44,0.29,0.18,0.10,0.02,0.00,inferred
Brentwood,2021-05-01,0.61,0.44,0.29,0.18,0.10,0.02,0.00,inferred
Brentwood,2021-05-02,0.61,0.44,0.29,0.18,0.10,0.02,0.00,inferred
Brentwood,2021-05-03,0.61,0.44,0.29,0.18,0.10,0.02,0.00,inferred
Brentwood,2021-05-04,0.58,0.43,0.30,0.19,0.13,0.02,0.00,inferred
Brentwood,2021-05-05,0.58,0.43,0.30,0.19,0.13,0.02,0.00,inferred
Brentwood,2021-05-06,0.58,0.43,0.30,0.19,0.13,0.02,0.00,inferred
Brentwood,2021-05-07,0.58,0.43,0.30,0.19,0.13,0.02,0.00,inferred
Brentwood,2021-05-08,0.58,0.43,0.30,0.19,0.13,0.02,0.00,inferred
Brentwood,2021-05-09,0.58,0.43,0.30,0.19,0.13,0.02,0.00,inferred
Brentwood,2021-05-10,0.58,0.43,0.30,0.19,0.13,0.02,0.00,inferred
Brentwood,2021-05-11,0.92,0.84,0.74,0.62,0.49,0.18,0.02,inferred
Brentwood,2021-05-12,0.92,0.84,0.74,0.62,0.49,0.18,0.02,inferred
Brentwood,2021-05-13,0.92,0.84,0.74,0.62,0.49,0.18,0.02,inferred
Brentwood,2021-05-14,0.92,0.84,0.74,0.62,0.49,0.18,0.02,inferred
Brentwood,2021-05-15,0.92,0.84,0.74,0.62,0.49,0.18,0.02,inferred
Brentwood,2021-05-16,0.92,0.84,0.74,0.62,0.49,0.18,0.02,inferred
Brentwood,2021-05-17,0.92,0.84,0.74,0.62,0.49,0.18,0.02,inferred
Brentwood,2021-05-18,0.99,0.98,0.96,0.93,0.87,0.61,0.15,inferred
Brentwood,2021-05-19,0.99,0.98,0.96,0.93,0.87,0.61,0.15,inferred
Brentwood,2021-05-20,0.99,0.98,0.96,0.93,0.87,0.61,0.15,inferred
Brentwood,2021-05-21,0.99,0.98,0.96,0.93,0.87,0.61,0.15,inferred
Brentwood,2021-05-22,0.99,0.98,0.96,0.93,0.87,0.61,0.15,inferred
Brentwood,2021-05-23,0.99,0.98,0.96,0.93,0.87,0.61,0.15,inferred
Brentwood,2021-05-24,0.99,0.98,0.96,0.93,0.87,0.61,0.15,inferred
Brentwood,2021-05-25,1.00,0.99,0.99,0.97,0.92,0.69,0.21,inferred
Brentwood,2021-05-26,1.00,0.99,0.99,0.97,0.92,0.69,0.21,inferred
Brentwood,2021-05-27,1.00,0.99,0.99,0.97,0.92,0.69,0.21,inferred
Brentwood,2021-05-28,1.00,0.99,0.99,0.97,0.92,0.69,0.21,inferred
Brentwood,2021-05-29,1.00,0.99,0.99,0.97,0.92,0.69,0.21,inferred
Brentwood,2021-05-30,1.00,0.99,0.99,0.97,0.92,0.69,0.21,inferred
Brentwood,2021-05-31,1.00,0.99,0.99,0.97,0.92,0.69,0.21,inferred
Brentwood,2021-06-01,1.00,0.99,0.98,0.95,0.89,0.61,0.12,inferred
Brentwood,2021-06-02,1.00,0.99,0.98,0.95,0.89,0.61,0.12,inferred
Brentwood,2021-06-03,1.00,0.99,0.98,0.95,0.89,0.61,0.12,inferred
Brentwood,2021-06-04,1.00,0.99,0.98,0.95,0.89,0.61,0.12,inferred
Brentwood,2021-06-05,1.00,0.99,0.98,0.95,0.89,0.61,0.12,inferred
Brentwood,2021-06-06,1.00,0.99,0.98,0.95,0.89,0.61,0.12,inferred
Brentwood,2021-06-07,1.00,0.99,0.98,0.95,0.89,0.61,0.12,inferred
Brentwood,2021-06-08,1.00,1.00,1.00,0.99,0.97,0.70,0.12,inferred
Brentwood,2021-06-09,1.00,1.00,1.00,0.99,0.97,0.70,0.12,inferred
Brentwood,2021-06-10,1.00,1.00,1.00,0.99,0.97,0.70,0.12,inferred
Brentwood,2021-06-11,1.00,1.00,1.00,0.99,0.97,0.70,0.12,inferred
Brentwood,2021-06-12,1.00,1.00,1.00,0.99,0.97,0.70,0.12,inferred
Brentwood,2021-06-13,1.00,1.00,1.00,0.99,0.97,0.70,0.12,inferred
Brentwood,2021-06-14,1.00,1.00,1.00,0.99,0.97,0.70,0.12,inferred
Brentwood,2021-06-15,1.00,1.00,1.00,1.00,1.00,1.00,0.91,inferred
Brentwood,2021-06-16,1.00,1.00,1.00,1.00,1.00,1.00,0.91,inferred
Brentwood,2021-06-17,1.00,1.00,1.00,1.00,1.00,1.00,0.91,inferred
Brentwood,2021-06-18,1.00,1.00,1.00,1.00,1.00,1.00,0.91,inferred
Brentwood,2021-06-19,1.00,1.00,1.00,1.00,1.00,1.00,0.91,inferred
Brentwood,2021-06-20,1.00,1.00,1.00,1.00,1.00,1.00,0.91,inferred
Brentwood,2021-06-21,1.00,1.00,1.00,1.00,1.00,1.00,0.91,inferred
Brentwood,2021-06-22,1.00,1.00,1.00,1.00,1.00,0.99,0.79,inferred
Brentwood,2021-06-23,1.00,1.00,1.00,1.00,1.00,0.99,0.79,inferred
Brentwood,2021-06-24,1.00,1.00,1.00,1.00,1.00,0.99,0.79,inferred
Brentwood,2021-06-25,1.00,1.00,1.00,1.00,1.00,0.99,0.79,inferred
Brentwood,2021-06-26,1.00,1.00,1.00,1.00,1.00,0.99,0.79,inferred
Brentwood,2021-06-27,1.00,1.00,1.00,1.00,1.00,0.99,0.79,inferred
Brentwood,2021-06-28,1.00,1.00,1.00,1.00,1.00,0.99,0.79,inferred
Brentwood,2021-06-29,1.00,1.00,1.00,1.00,1.00,0.93,0.58,inferred
Brentwood,2021-06-30,1.00,1.00,1.00,1.00,1.00,0.93,0.58,inferred
Brentwood,2021-07-01,1.00,1.00,1.00,1.00,1.00,0.93,0.58,inferred
Brentwood,2021-07-02,1.00,1.00,1.00,1.00,1.00,0.93,0.58,inferred
Brentwood,2021-07-03,1.00,1.00,1.00,1.00,1.00,0.93,0.58,inferred
Brentwood,2021-07-04,1.00,1.00,1.00,1.00,1.00,0.93,0.58,inferred
Brentwood,2021-07-05,1.00,1.00,1.00,1.00,1.00,0.93,0.58,inferred
Brentwood,2021-07-06,1.00,1.00,1.00,0.99,0.96,0.81,0.40,projected
Brentwood,2021-07-07,1.00,1.00,1.00,0.99,0.96,0.81,0.40,projected
Brentwood,2021-07-08,1.00,1.00,1.00,0.99,0.96,0.81,0.40,projected
Brentwood,2021-07-09,1.00,1.00,1.00,0.99,0.96,0.81,0.40,projected
Brentwood,2021-07-10,1.00,1.00,1.00,0.99,0.96,0.81,0.40,projected
Brentwood,2021-07-11,1.00,1.00,1.00,0.99,0.96,0.81,0.40,projected
Brentwood,2021-07-12,1.00,1.00,1.00,0.99,0.96,0.81,0.40,projected
Brentwood,2021-07-13,1.00,0.99,0.98,0.96,0.91,0.71,0.35,projected
Brentwood,2021-07-14,1.00,0.99,0.98,0.96,0.91,0.71,0.35,projected
Brentwood,2021-07-15,1.00,0.99,0.98,0.96,0.91,0.71,0.35,projected
Brentwood,2021-07-16,1.00,0.99,0.98,0.96,0.91,0.71,0.35,projected
Brentwood,2021-07-17,1.00,0.99,0.98,0.96,0.91,0.71,0.35,projected
Brentwood,2021-07-18,1.00,0.99,0.98,0.96,0.91,0.71,0.35,projected
Brentwood,2021-07-19,1.00,0.99,0.98,0.96,0.91,0.71,0.35,projected
Brentwood,2021-07-20,0.99,0.98,0.96,0.91,0.86,0.64,0.31,projected
Brentwood,2021-07-21,0.99,0.98,0.96,0.91,0.86,0.64,0.31,projected
Brentwood,2021-07-22,0.99,0.98,0.96,0.91,0.86,0.64,0.31,projected
Brentwood,2021-07-23,0.99,0.98,0.96,0.91,0.86,0.64,0.31,projected
Brentwood,2021-07-24,0.99,0.98,0.96,0.91,0.86,0.64,0.31,projected
Brentwood,2021-07-25,0.99,0.98,0.96,0.91,0.86,0.64,0.31,projected
Brentwood,2021-07-26,0.99,0.98,0.96,0.91,0.86,0.64,0.31,projected
Bridgend,2021-03-23,0.32,0.16,0.07,0.02,0.01,0.00,0.00,inferred
Bridgend,2021-03-24,0.32,0.16,0.07,0.02,0.01,0.00,0.00,inferred
Bridgend,2021-03-25,0.32,0.16,0.07,0.02,0.01,0.00,0.00,inferred
Bridgend,2021-03-26,0.32,0.16,0.07,0.02,0.01,0.00,0.00,inferred
Bridgend,2021-03-27,0.32,0.16,0.07,0.02,0.01,0.00,0.00,inferred
Bridgend,2021-03-28,0.32,0.16,0.07,0.02,0.01,0.00,0.00,inferred
Bridgend,2021-03-29,0.32,0.16,0.07,0.02,0.01,0.00,0.00,inferred
Bridgend,2021-03-30,0.80,0.64,0.46,0.29,0.18,0.02,0.00,inferred
Bridgend,2021-03-31,0.80,0.64,0.46,0.29,0.18,0.02,0.00,inferred
Bridgend,2021-04-01,0.80,0.64,0.46,0.29,0.18,0.02,0.00,inferred
Bridgend,2021-04-02,0.80,0.64,0.46,0.29,0.18,0.02,0.00,inferred
Bridgend,2021-04-03,0.80,0.64,0.46,0.29,0.18,0.02,0.00,inferred
Bridgend,2021-04-04,0.80,0.64,0.46,0.29,0.18,0.02,0.00,inferred
Bridgend,2021-04-05,0.80,0.64,0.46,0.29,0.18,0.02,0.00,inferred
Bridgend,2021-04-06,0.76,0.59,0.42,0.27,0.16,0.02,0.00,inferred
Bridgend,2021-04-07,0.76,0.59,0.42,0.27,0.16,0.02,0.00,inferred
Bridgend,2021-04-08,0.76,0.59,0.42,0.27,0.16,0.02,0.00,inferred
Bridgend,2021-04-09,0.76,0.59,0.42,0.27,0.16,0.02,0.00,inferred
Bridgend,2021-04-10,0.76,0.59,0.42,0.27,0.16,0.02,0.00,inferred
Bridgend,2021-04-11,0.76,0.59,0.42,0.27,0.16,0.02,0.00,inferred
Bridgend,2021-04-12,0.76,0.59,0.42,0.27,0.16,0.02,0.00,inferred
Bridgend,2021-04-13,0.61,0.42,0.26,0.15,0.07,0.01,0.00,inferred
Bridgend,2021-04-14,0.61,0.42,0.26,0.15,0.07,0.01,0.00,inferred
Bridgend,2021-04-15,0.61,0.42,0.26,0.15,0.07,0.01,0.00,inferred
Bridgend,2021-04-16,0.61,0.42,0.26,0.15,0.07,0.01,0.00,inferred
Bridgend,2021-04-17,0.61,0.42,0.26,0.15,0.07,0.01,0.00,inferred
Bridgend,2021-04-18,0.61,0.42,0.26,0.15,0.07,0.01,0.00,inferred
Bridgend,2021-04-19,0.61,0.42,0.26,0.15,0.07,0.01,0.00,inferred
Bridgend,2021-04-20,0.49,0.33,0.19,0.10,0.05,0.00,0.00,inferred
Bridgend,2021-04-21,0.49,0.33,0.19,0.10,0.05,0.00,0.00,inferred
Bridgend,2021-04-22,0.49,0.33,0.19,0.10,0.05,0.00,0.00,inferred
Bridgend,2021-04-23,0.49,0.33,0.19,0.10,0.05,0.00,0.00,inferred
Bridgend,2021-04-24,0.49,0.33,0.19,0.10,0.05,0.00,0.00,inferred
Bridgend,2021-04-25,0.49,0.33,0.19,0.10,0.05,0.00,0.00,inferred
Bridgend,2021-04-26,0.49,0.33,0.19,0.10,0.05,0.00,0.00,inferred
Bridgend,2021-04-27,0.75,0.60,0.44,0.30,0.20,0.03,0.00,inferred
Bridgend,2021-04-28,0.75,0.60,0.44,0.30,0.20,0.03,0.00,inferred
Bridgend,2021-04-29,0.75,0.60,0.44,0.30,0.20,0.03,0.00,inferred
Bridgend,2021-04-30,0.75,0.60,0.44,0.30,0.20,0.03,0.00,inferred
Bridgend,2021-05-01,0.75,0.60,0.44,0.30,0.20,0.03,0.00,inferred
Bridgend,2021-05-02,0.75,0.60,0.44,0.30,0.20,0.03,0.00,inferred
Bridgend,2021-05-03,0.75,0.60,0.44,0.30,0.20,0.03,0.00,inferred
Bridgend,2021-05-04,0.96,0.93,0.86,0.74,0.61,0.28,0.02,inferred
Bridgend,2021-05-05,0.96,0.93,0.86,0.74,0.61,0.28,0.02,inferred
Bridgend,2021-05-06,0.96,0.93,0.86,0.74,0.61,0.28,0.02,inferred
Bridgend,2021-05-07,0.96,0.93,0.86,0.74,0.61,0.28,0.02,inferred
Bridgend,2021-05-08,0.96,0.93,0.86,0.74,0.61,0.28,0.02,inferred
Bridgend,2021-05-09,0.96,0.93,0.86,0.74,0.61,0.28,0.02,inferred
Bridgend,2021-05-10,0.96,0.93,0.86,0.74,0.61,0.28,0.02,inferred
Bridgend,2021-05-11,0.99,0.98,0.95,0.90,0.83,0.50,0.09,inferred
Bridgend,2021-05-12,0.99,0.98,0.95,0.90,0.83,0.50,0.09,inferred
Bridgend,2021-05-13,0.99,0.98,0.95,0.90,0.83,0.50,0.09,inferred
Bridgend,2021-05-14,0.99,0.98,0.95,0.90,0.83,0.50,0.09,inferred
Bridgend,2021-05-15,0.99,0.98,0.95,0.90,0.83,0.50,0.09,inferred
Bridgend,2021-05-16,0.99,0.98,0.95,0.90,0.83,0.50,0.09,inferred
Bridgend,2021-05-17,0.99,0.98,0.95,0.90,0.83,0.50,0.09,inferred
Bridgend,2021-05-18,0.47,0.28,0.16,0.08,0.03,0.00,0.00,inferred
Bridgend,2021-05-19,0.47,0.28,0.16,0.08,0.03,0.00,0.00,inferred
Bridgend,2021-05-20,0.47,0.28,0.16,0.08,0.03,0.00,0.00,inferred
Bridgend,2021-05-21,0.47,0.28,0.16,0.08,0.03,0.00,0.00,inferred
Bridgend,2021-05-22,0.47,0.28,0.16,0.08,0.03,0.00,0.00,inferred
Bridgend,2021-05-23,0.47,0.28,0.16,0.08,0.03,0.00,0.00,inferred
Bridgend,2021-05-24,0.47,0.28,0.16,0.08,0.03,0.00,0.00,inferred
Bridgend,2021-05-25,0.82,0.66,0.52,0.37,0.24,0.04,0.00,inferred
Bridgend,2021-05-26,0.82,0.66,0.52,0.37,0.24,0.04,0.00,inferred
Bridgend,2021-05-27,0.82,0.66,0.52,0.37,0.24,0.04,0.00,inferred
Bridgend,2021-05-28,0.82,0.66,0.52,0.37,0.24,0.04,0.00,inferred
Bridgend,2021-05-29,0.82,0.66,0.52,0.37,0.24,0.04,0.00,inferred
Bridgend,2021-05-30,0.82,0.66,0.52,0.37,0.24,0.04,0.00,inferred
Bridgend,2021-05-31,0.82,0.66,0.52,0.37,0.24,0.04,0.00,inferred
Bridgend,2021-06-01,1.00,0.98,0.96,0.91,0.83,0.46,0.07,inferred
Bridgend,2021-06-02,1.00,0.98,0.96,0.91,0.83,0.46,0.07,inferred
Bridgend,2021-06-03,1.00,0.98,0.96,0.91,0.83,0.46,0.07,inferred
Bridgend,2021-06-04,1.00,0.98,0.96,0.91,0.83,0.46,0.07,inferred
Bridgend,2021-06-05,1.00,0.98,0.96,0.91,0.83,0.46,0.07,inferred
Bridgend,2021-06-06,1.00,0.98,0.96,0.91,0.83,0.46,0.07,inferred
Bridgend,2021-06-07,1.00,0.98,0.96,0.91,0.83,0.46,0.07,inferred
Bridgend,2021-06-08,0.99,0.97,0.93,0.87,0.77,0.36,0.03,inferred
Bridgend,2021-06-09,0.99,0.97,0.93,0.87,0.77,0.36,0.03,inferred
Bridgend,2021-06-10,0.99,0.97,0.93,0.87,0.77,0.36,0.03,inferred
Bridgend,2021-06-11,0.99,0.97,0.93,0.87,0.77,0.36,0.03,inferred
Bridgend,2021-06-12,0.99,0.97,0.93,0.87,0.77,0.36,0.03,inferred
Bridgend,2021-06-13,0.99,0.97,0.93,0.87,0.77,0.36,0.03,inferred
Bridgend,2021-06-14,0.99,0.97,0.93,0.87,0.77,0.36,0.03,inferred
Bridgend,2021-06-15,1.00,1.00,1.00,1.00,0.99,0.90,0.33,inferred
Bridgend,2021-06-16,1.00,1.00,1.00,1.00,0.99,0.90,0.33,inferred
Bridgend,2021-06-17,1.00,1.00,1.00,1.00,0.99,0.90,0.33,inferred
Bridgend,2021-06-18,1.00,1.00,1.00,1.00,0.99,0.90,0.33,inferred
Bridgend,2021-06-19,1.00,1.00,1.00,1.00,0.99,0.90,0.33,inferred
Bridgend,2021-06-20,1.00,1.00,1.00,1.00,0.99,0.90,0.33,inferred
Bridgend,2021-06-21,1.00,1.00,1.00,1.00,0.99,0.90,0.33,inferred
Bridgend,2021-06-22,1.00,1.00,1.00,1.00,1.00,1.00,0.84,inferred
Bridgend,2021-06-23,1.00,1.00,1.00,1.00,1.00,1.00,0.84,inferred
Bridgend,2021-06-24,1.00,1.00,1.00,1.00,1.00,1.00,0.84,inferred
Bridgend,2021-06-25,1.00,1.00,1.00,1.00,1.00,1.00,0.84,inferred
Bridgend,2021-06-26,1.00,1.00,1.00,1.00,1.00,1.00,0.84,inferred
Bridgend,2021-06-27,1.00,1.00,1.00,1.00,1.00,1.00,0.84,inferred
Bridgend,2021-06-28,1.00,1.00,1.00,1.00,1.00,1.00,0.84,inferred
Bridgend,2021-06-29,1.00,1.00,1.00,1.00,0.99,0.91,0.58,inferred
Bridgend,2021-06-30,1.00,1.00,1.00,1.00,0.99,0.91,0.58,inferred
Bridgend,2021-07-01,1.00,1.00,1.00,1.00,0.99,0.91,0.58,inferred
Bridgend,2021-07-02,1.00,1.00,1.00,1.00,0.99,0.91,0.58,inferred
Bridgend,2021-07-03,1.00,1.00,1.00,1.00,0.99,0.91,0.58,inferred
Bridgend,2021-07-04,1.00,1.00,1.00,1.00,0.99,0.91,0.58,inferred
Bridgend,2021-07-05,1.00,1.00,1.00,1.00,0.99,0.91,0.58,inferred
Bridgend,2021-07-06,0.99,0.99,0.98,0.96,0.92,0.74,0.43,projected
Bridgend,2021-07-07,0.99,0.99,0.98,0.96,0.92,0.74,0.43,projected
Bridgend,2021-07-08,0.99,0.99,0.98,0.96,0.92,0.74,0.43,projected
Bridgend,2021-07-09,0.99,0.99,0.98,0.96,0.92,0.74,0.43,projected
Bridgend,2021-07-10,0.99,0.99,0.98,0.96,0.92,0.74,0.43,projected
Bridgend,2021-07-11,0.99,0.99,0.98,0.96,0.92,0.74,0.43,projected
Bridgend,2021-07-12,0.99,0.99,0.98,0.96,0.92,0.74,0.43,projected
Bridgend,2021-07-13,0.98,0.96,0.93,0.88,0.84,0.66,0.38,projected
Bridgend,2021-07-14,0.98,0.96,0.93,0.88,0.84,0.66,0.38,projected
Bridgend,2021-07-15,0.98,0.96,0.93,0.88,0.84,0.66,0.38,projected
Bridgend,2021-07-16,0.98,0.96,0.93,0.88,0.84,0.66,0.38,projected
Bridgend,2021-07-17,0.98,0.96,0.93,0.88,0.84,0.66,0.38,projected
Bridgend,2021-07-18,0.98,0.96,0.93,0.88,0.84,0.66,0.38,projected
Bridgend,2021-07-19,0.98,0.96,0.93,0.88,0.84,0.66,0.38,projected
Bridgend,2021-07-20,0.96,0.94,0.90,0.86,0.81,0.63,0.37,projected
Bridgend,2021-07-21,0.96,0.94,0.90,0.86,0.81,0.63,0.37,projected
Bridgend,2021-07-22,0.96,0.94,0.90,0.86,0.81,0.63,0.37,projected
Bridgend,2021-07-23,0.96,0.94,0.90,0.86,0.81,0.63,0.37,projected
Bridgend,2021-07-24,0.96,0.94,0.90,0.86,0.81,0.63,0.37,projected
Bridgend,2021-07-25,0.96,0.94,0.90,0.86,0.81,0.63,0.37,projected
Bridgend,2021-07-26,0.96,0.94,0.90,0.86,0.81,0.63,0.37,projected
Brighton and Hove,2021-03-23,0.05,0.01,0.00,0.00,0.00,0.00,0.00,inferred
Brighton and Hove,2021-03-24,0.05,0.01,0.00,0.00,0.00,0.00,0.00,inferred
Brighton and Hove,2021-03-25,0.05,0.01,0.00,0.00,0.00,0.00,0.00,inferred
Brighton and Hove,2021-03-26,0.05,0.01,0.00,0.00,0.00,0.00,0.00,inferred
Brighton and Hove,2021-03-27,0.05,0.01,0.00,0.00,0.00,0.00,0.00,inferred
Brighton and Hove,2021-03-28,0.05,0.01,0.00,0.00,0.00,0.00,0.00,inferred
Brighton and Hove,2021-03-29,0.05,0.01,0.00,0.00,0.00,0.00,0.00,inferred
Brighton and Hove,2021-03-30,0.53,0.26,0.09,0.02,0.01,0.00,0.00,inferred
Brighton and Hove,2021-03-31,0.53,0.26,0.09,0.02,0.01,0.00,0.00,inferred
Brighton and Hove,2021-04-01,0.53,0.26,0.09,0.02,0.01,0.00,0.00,inferred
Brighton and Hove,2021-04-02,0.53,0.26,0.09,0.02,0.01,0.00,0.00,inferred
Brighton and Hove,2021-04-03,0.53,0.26,0.09,0.02,0.01,0.00,0.00,inferred
Brighton and Hove,2021-04-04,0.53,0.26,0.09,0.02,0.01,0.00,0.00,inferred
Brighton and Hove,2021-04-05,0.53,0.26,0.09,0.02,0.01,0.00,0.00,inferred
Brighton and Hove,2021-04-06,0.85,0.67,0.46,0.23,0.10,0.00,0.00,inferred
Brighton and Hove,2021-04-07,0.85,0.67,0.46,0.23,0.10,0.00,0.00,inferred
Brighton and Hove,2021-04-08,0.85,0.67,0.46,0.23,0.10,0.00,0.00,inferred
Brighton and Hove,2021-04-09,0.85,0.67,0.46,0.23,0.10,0.00,0.00,inferred
Brighton and Hove,2021-04-10,0.85,0.67,0.46,0.23,0.10,0.00,0.00,inferred
Brighton and Hove,2021-04-11,0.85,0.67,0.46,0.23,0.10,0.00,0.00,inferred
Brighton and Hove,2021-04-12,0.85,0.67,0.46,0.23,0.10,0.00,0.00,inferred
Brighton and Hove,2021-04-13,0.95,0.86,0.68,0.47,0.27,0.02,0.00,inferred
Brighton and Hove,2021-04-14,0.95,0.86,0.68,0.47,0.27,0.02,0.00,inferred
Brighton and Hove,2021-04-15,0.95,0.86,0.68,0.47,0.27,0.02,0.00,inferred
Brighton and Hove,2021-04-16,0.95,0.86,0.68,0.47,0.27,0.02,0.00,inferred
Brighton and Hove,2021-04-17,0.95,0.86,0.68,0.47,0.27,0.02,0.00,inferred
Brighton and Hove,2021-04-18,0.95,0.86,0.68,0.47,0.27,0.02,0.00,inferred
Brighton and Hove,2021-04-19,0.95,0.86,0.68,0.47,0.27,0.02,0.00,inferred
Brighton and Hove,2021-04-20,0.79,0.55,0.32,0.16,0.07,0.00,0.00,inferred
Brighton and Hove,2021-04-21,0.79,0.55,0.32,0.16,0.07,0.00,0.00,inferred
Brighton and Hove,2021-04-22,0.79,0.55,0.32,0.16,0.07,0.00,0.00,inferred
Brighton and Hove,2021-04-23,0.79,0.55,0.32,0.16,0.07,0.00,0.00,inferred
Brighton and Hove,2021-04-24,0.79,0.55,0.32,0.16,0.07,0.00,0.00,inferred
Brighton and Hove,2021-04-25,0.79,0.55,0.32,0.16,0.07,0.00,0.00,inferred
Brighton and Hove,2021-04-26,0.79,0.55,0.32,0.16,0.07,0.00,0.00,inferred
Brighton and Hove,2021-04-27,0.95,0.84,0.67,0.45,0.25,0.02,0.00,inferred
Brighton and Hove,2021-04-28,0.95,0.84,0.67,0.45,0.25,0.02,0.00,inferred
Brighton and Hove,2021-04-29,0.95,0.84,0.67,0.45,0.25,0.02,0.00,inferred
Brighton and Hove,2021-04-30,0.95,0.84,0.67,0.45,0.25,0.02,0.00,inferred
Brighton and Hove,2021-05-01,0.95,0.84,0.67,0.45,0.25,0.02,0.00,inferred
Brighton and Hove,2021-05-02,0.95,0.84,0.67,0.45,0.25,0.02,0.00,inferred
Brighton and Hove,2021-05-03,0.95,0.84,0.67,0.45,0.25,0.02,0.00,inferred
Brighton and Hove,2021-05-04,0.87,0.68,0.45,0.24,0.12,0.01,0.00,inferred
Brighton and Hove,2021-05-05,0.87,0.68,0.45,0.24,0.12,0.01,0.00,inferred
Brighton and Hove,2021-05-06,0.87,0.68,0.45,0.24,0.12,0.01,0.00,inferred
Brighton and Hove,2021-05-07,0.87,0.68,0.45,0.24,0.12,0.01,0.00,inferred
Brighton and Hove,2021-05-08,0.87,0.68,0.45,0.24,0.12,0.01,0.00,inferred
Brighton and Hove,2021-05-09,0.87,0.68,0.45,0.24,0.12,0.01,0.00,inferred
Brighton and Hove,2021-05-10,0.87,0.68,0.45,0.24,0.12,0.01,0.00,inferred
Brighton and Hove,2021-05-11,0.82,0.60,0.36,0.19,0.08,0.01,0.00,inferred
Brighton and Hove,2021-05-12,0.82,0.60,0.36,0.19,0.08,0.01,0.00,inferred
Brighton and Hove,2021-05-13,0.82,0.60,0.36,0.19,0.08,0.01,0.00,inferred
Brighton and Hove,2021-05-14,0.82,0.60,0.36,0.19,0.08,0.01,0.00,inferred
Brighton and Hove,2021-05-15,0.82,0.60,0.36,0.19,0.08,0.01,0.00,inferred
Brighton and Hove,2021-05-16,0.82,0.60,0.36,0.19,0.08,0.01,0.00,inferred
Brighton and Hove,2021-05-17,0.82,0.60,0.36,0.19,0.08,0.01,0.00,inferred
Brighton and Hove,2021-05-18,1.00,1.00,0.99,0.96,0.88,0.38,0.01,inferred
Brighton and Hove,2021-05-19,1.00,1.00,0.99,0.96,0.88,0.38,0.01,inferred
Brighton and Hove,2021-05-20,1.00,1.00,0.99,0.96,0.88,0.38,0.01,inferred
Brighton and Hove,2021-05-21,1.00,1.00,0.99,0.96,0.88,0.38,0.01,inferred
Brighton and Hove,2021-05-22,1.00,1.00,0.99,0.96,0.88,0.38,0.01,inferred
Brighton and Hove,2021-05-23,1.00,1.00,0.99,0.96,0.88,0.38,0.01,inferred
Brighton and Hove,2021-05-24,1.00,1.00,0.99,0.96,0.88,0.38,0.01,inferred
Brighton and Hove,2021-05-25,1.00,1.00,1.00,1.00,1.00,0.91,0.28,inferred
Brighton and Hove,2021-05-26,1.00,1.00,1.00,1.00,1.00,0.91,0.28,inferred
Brighton and Hove,2021-05-27,1.00,1.00,1.00,1.00,1.00,0.91,0.28,inferred
Brighton and Hove,2021-05-28,1.00,1.00,1.00,1.00,1.00,0.91,0.28,inferred
Brighton and Hove,2021-05-29,1.00,1.00,1.00,1.00,1.00,0.91,0.28,inferred
Brighton and Hove,2021-05-30,1.00,1.00,1.00,1.00,1.00,0.91,0.28,inferred
Brighton and Hove,2021-05-31,1.00,1.00,1.00,1.00,1.00,0.91,0.28,inferred
Brighton and Hove,2021-06-01,1.00,1.00,1.00,1.00,1.00,0.98,0.71,inferred
Brighton and Hove,2021-06-02,1.00,1.00,1.00,1.00,1.00,0.98,0.71,inferred
Brighton and Hove,2021-06-03,1.00,1.00,1.00,1.00,1.00,0.98,0.71,inferred
Brighton and Hove,2021-06-04,1.00,1.00,1.00,1.00,1.00,0.98,0.71,inferred
Brighton and Hove,2021-06-05,1.00,1.00,1.00,1.00,1.00,0.98,0.71,inferred
Brighton and Hove,2021-06-06,1.00,1.00,1.00,1.00,1.00,0.98,0.71,inferred
Brighton and Hove,2021-06-07,1.00,1.00,1.00,1.00,1.00,0.98,0.71,inferred
Brighton and Hove,2021-06-08,1.00,1.00,1.00,1.00,0.99,0.75,0.08,inferred
Brighton and Hove,2021-06-09,1.00,1.00,1.00,1.00,0.99,0.75,0.08,inferred
Brighton and Hove,2021-06-10,1.00,1.00,1.00,1.00,0.99,0.75,0.08,inferred
Brighton and Hove,2021-06-11,1.00,1.00,1.00,1.00,0.99,0.75,0.08,inferred
Brighton and Hove,2021-06-12,1.00,1.00,1.00,1.00,0.99,0.75,0.08,inferred
Brighton and Hove,2021-06-13,1.00,1.00,1.00,1.00,0.99,0.75,0.08,inferred
Brighton and Hove,2021-06-14,1.00,1.00,1.00,1.00,0.99,0.75,0.08,inferred
Brighton and Hove,2021-06-15,1.00,1.00,1.00,1.00,1.00,0.99,0.44,inferred
Brighton and Hove,2021-06-16,1.00,1.00,1.00,1.00,1.00,0.99,0.44,inferred
Brighton and Hove,2021-06-17,1.00,1.00,1.00,1.00,1.00,0.99,0.44,inferred
Brighton and Hove,2021-06-18,1.00,1.00,1.00,1.00,1.00,0.99,0.44,inferred
Brighton and Hove,2021-06-19,1.00,1.00,1.00,1.00,1.00,0.99,0.44,inferred
Brighton and Hove,2021-06-20,1.00,1.00,1.00,1.00,1.00,0.99,0.44,inferred
Brighton and Hove,2021-06-21,1.00,1.00,1.00,1.00,1.00,0.99,0.44,inferred
Brighton and Hove,2021-06-22,1.00,1.00,1.00,1.00,1.00,0.92,0.31,inferred
Brighton and Hove,2021-06-23,1.00,1.00,1.00,1.00,1.00,0.92,0.31,inferred
Brighton and Hove,2021-06-24,1.00,1.00,1.00,1.00,1.00,0.92,0.31,inferred
Brighton and Hove,2021-06-25,1.00,1.00,1.00,1.00,1.00,0.92,0.31,inferred
Brighton and Hove,2021-06-26,1.00,1.00,1.00,1.00,1.00,0.92,0.31,inferred
Brighton and Hove,2021-06-27,1.00,1.00,1.00,1.00,1.00,0.92,0.31,inferred
Brighton and Hove,2021-06-28,1.00,1.00,1.00,1.00,1.00,0.92,0.31,inferred
Brighton and Hove,2021-06-29,1.00,0.99,0.97,0.88,0.74,0.21,0.00,inferred
Brighton and Hove,2021-06-30,1.00,0.99,0.97,0.88,0.74,0.21,0.00,inferred
Brighton and Hove,2021-07-01,1.00,0.99,0.97,0.88,0.74,0.21,0.00,inferred
Brighton and Hove,2021-07-02,1.00,0.99,0.97,0.88,0.74,0.21,0.00,inferred
Brighton and Hove,2021-07-03,1.00,0.99,0.97,0.88,0.74,0.21,0.00,inferred
Brighton and Hove,2021-07-04,1.00,0.99,0.97,0.88,0.74,0.21,0.00,inferred
Brighton and Hove,2021-07-05,1.00,0.99,0.97,0.88,0.74,0.21,0.00,inferred
Brighton and Hove,2021-07-06,0.98,0.94,0.87,0.76,0.64,0.33,0.08,projected
Brighton and Hove,2021-07-07,0.98,0.94,0.87,0.76,0.64,0.33,0.08,projected
Brighton and Hove,2021-07-08,0.98,0.94,0.87,0.76,0.64,0.33,0.08,projected
Brighton and Hove,2021-07-09,0.98,0.94,0.87,0.76,0.64,0.33,0.08,projected
Brighton and Hove,2021-07-10,0.98,0.94,0.87,0.76,0.64,0.33,0.08,projected
Brighton and Hove,2021-07-11,0.98,0.94,0.87,0.76,0.64,0.33,0.08,projected
Brighton and Hove,2021-07-12,0.98,0.94,0.87,0.76,0.64,0.33,0.08,projected
Brighton and Hove,2021-07-13,0.96,0.90,0.82,0.72,0.62,0.35,0.11,projected
Brighton and Hove,2021-07-14,0.96,0.90,0.82,0.72,0.62,0.35,0.11,projected
Brighton and Hove,2021-07-15,0.96,0.90,0.82,0.72,0.62,0.35,0.11,projected
Brighton and Hove,2021-07-16,0.96,0.90,0.82,0.72,0.62,0.35,0.11,projected
Brighton and Hove,2021-07-17,0.96,0.90,0.82,0.72,0.62,0.35,0.11,projected
Brighton and Hove,2021-07-18,0.96,0.90,0.82,0.72,0.62,0.35,0.11,projected
Brighton and Hove,2021-07-19,0.96,0.90,0.82,0.72,0.62,0.35,0.11,projected
Brighton and Hove,2021-07-20,0.95,0.89,0.81,0.72,0.61,0.38,0.14,projected
Brighton and Hove,2021-07-21,0.95,0.89,0.81,0.72,0.61,0.38,0.14,projected
Brighton and Hove,2021-07-22,0.95,0.89,0.81,0.72,0.61,0.38,0.14,projected
Brighton and Hove,2021-07-23,0.95,0.89,0.81,0.72,0.61,0.38,0.14,projected
Brighton and Hove,2021-07-24,0.95,0.89,0.81,0.72,0.61,0.38,0.14,projected
Brighton and Hove,2021-07-25,0.95,0.89,0.81,0.72,0.61,0.38,0.14,projected
Brighton and Hove,2021-07-26,0.95,0.89,0.81,0.72,0.61,0.38,0.14,projected
"Bristol, City of",2021-03-23,0.00,0.00,0.00,0.00,0.00,0.00,0.00,inferred
"Bristol, City of",2021-03-24,0.00,0.00,0.00,0.00,0.00,0.00,0.00,inferred
"Bristol, City of",2021-03-25,0.00,0.00,0.00,0.00,0.00,0.00,0.00,inferred
"Bristol, City of",2021-03-26,0.00,0.00,0.00,0.00,0.00,0.00,0.00,inferred
"Bristol, City of",2021-03-27,0.00,0.00,0.00,0.00,0.00,0.00,0.00,inferred
"Bristol, City of",2021-03-28,0.00,0.00,0.00,0.00,0.00,0.00,0.00,inferred
"Bristol, City of",2021-03-29,0.00,0.00,0.00,0.00,0.00,0.00,0.00,inferred
"Bristol, City of",2021-03-30,0.67,0.39,0.15,0.05,0.01,0.00,0.00,inferred
"Bristol, City of",2021-03-31,0.67,0.39,0.15,0.05,0.01,0.00,0.00,inferred
"Bristol, City of",2021-04-01,0.67,0.39,0.15,0.05,0.01,0.00,0.00,inferred
"Bristol, City of",2021-04-02,0.67,0.39,0.15,0.05,0.01,0.00,0.00,inferred
"Bristol, City of",2021-04-03,0.67,0.39,0.15,0.05,0.01,0.00,0.00,inferred
"Bristol, City of",2021-04-04,0.67,0.39,0.15,0.05,0.01,0.00,0.00,inferred
"Bristol, City of",2021-04-05,0.67,0.39,0.15,0.05,0.01,0.00,0.00,inferred
"Bristol, City of",2021-04-06,0.93,0.76,0.51,0.24,0.09,0.00,0.00,inferred
"Bristol, City of",2021-04-07,0.93,0.76,0.51,0.24,0.09,0.00,0.00,inferred
"Bristol, City of",2021-04-08,0.93,0.76,0.51,0.24,0.09,0.00,0.00,inferred
"Bristol, City of",2021-04-09,0.93,0.76,0.51,0.24,0.09,0.00,0.00,inferred
"Bristol, City of",2021-04-10,0.93,0.76,0.51,0.24,0.09,0.00,0.00,inferred
"Bristol, City of",2021-04-11,0.93,0.76,0.51,0.24,0.09,0.00,0.00,inferred
"Bristol, City of",2021-04-12,0.93,0.76,0.51,0.24,0.09,0.00,0.00,inferred
"Bristol, City of",2021-04-13,0.54,0.24,0.07,0.02,0.00,0.00,0.00,inferred
"Bristol, City of",2021-04-14,0.54,0.24,0.07,0.02,0.00,0.00,0.00,inferred
"Bristol, City of",2021-04-15,0.54,0.24,0.07,0.02,0.00,0.00,0.00,inferred
"Bristol, City of",2021-04-16,0.54,0.24,0.07,0.02,0.00,0.00,0.00,inferred
"Bristol, City of",2021-04-17,0.54,0.24,0.07,0.02,0.00,0.00,0.00,inferred
"Bristol, City of",2021-04-18,0.54,0.24,0.07,0.02,0.00,0.00,0.00,inferred
"Bristol, City of",2021-04-19,0.54,0.24,0.07,0.02,0.00,0.00,0.00,inferred
"Bristol, City of",2021-04-20,0.03,0.00,0.00,0.00,0.00,0.00,0.00,inferred
"Bristol, City of",2021-04-21,0.03,0.00,0.00,0.00,0.00,0.00,0.00,inferred
"Bristol, City of",2021-04-22,0.03,0.00,0.00,0.00,0.00,0.00,0.00,inferred
"Bristol, City of",2021-04-23,0.03,0.00,0.00,0.00,0.00,0.00,0.00,inferred
"Bristol, City of",2021-04-24,0.03,0.00,0.00,0.00,0.00,0.00,0.00,inferred
"Bristol, City of",2021-04-25,0.03,0.00,0.00,0.00,0.00,0.00,0.00,inferred
"Bristol, City of",2021-04-26,0.03,0.00,0.00,0.00,0.00,0.00,0.00,inferred
"Bristol, City of",2021-04-27,0.83,0.62,0.39,0.21,0.09,0.00,0.00,inferred
"Bristol, City of",2021-04-28,0.83,0.62,0.39,0.21,0.09,0.00,0.00,inferred
"Bristol, City of",2021-04-29,0.83,0.62,0.39,0.21,0.09,0.00,0.00,inferred
"Bristol, City of",2021-04-30,0.83,0.62,0.39,0.21,0.09,0.00,0.00,inferred
"Bristol, City of",2021-05-01,0.83,0.62,0.39,0.21,0.09,0.00,0.00,inferred
"Bristol, City of",2021-05-02,0.83,0.62,0.39,0.21,0.09,0.00,0.00,inferred
"Bristol, City of",2021-05-03,0.83,0.62,0.39,0.21,0.09,0.00,0.00,inferred
"Bristol, City of",2021-05-04,0.99,0.96,0.85,0.69,0.49,0.07,0.00,inferred
"Bristol, City of",2021-05-05,0.99,0.96,0.85,0.69,0.49,0.07,0.00,inferred
"Bristol, City of",2021-05-06,0.99,0.96,0.85,0.69,0.49,0.07,0.00,inferred
"Bristol, City of",2021-05-07,0.99,0.96,0.85,0.69,0.49,0.07,0.00,inferred
"Bristol, City of",2021-05-08,0.99,0.96,0.85,0.69,0.49,0.07,0.00,inferred
"Bristol, City of",2021-05-09,0.99,0.96,0.85,0.69,0.49,0.07,0.00,inferred
"Bristol, City of",2021-05-10,0.99,0.96,0.85,0.69,0.49,0.07,0.00,inferred
"Bristol, City of",2021-05-11,1.00,0.99,0.96,0.86,0.70,0.15,0.00,inferred
"Bristol, City of",2021-05-12,1.00,0.99,0.96,0.86,0.70,0.15,0.00,inferred
"Bristol, City of",2021-05-13,1.00,0.99,0.96,0.86,0.70,0.15,0.00,inferred
"Bristol, City of",2021-05-14,1.00,0.99,0.96,0.86,0.70,0.15,0.00,inferred
"Bristol, City of",2021-05-15,1.00,0.99,0.96,0.86,0.70,0.15,0.00,inferred
"Bristol, City of",2021-05-16,1.00,0.99,0.96,0.86,0.70,0.15,0.00,inferred
"Bristol, City of",2021-05-17,1.00,0.99,0.96,0.86,0.70,0.15,0.00,inferred
"Bristol, City of",2021-05-18,1.00,1.00,0.98,0.93,0.81,0.26,0.00,inferred
"Bristol, City of",2021-05-19,1.00,1.00,0.98,0.93,0.81,0.26,0.00,inferred
"Bristol, City of",2021-05-20,1.00,1.00,0.98,0.93,0.81,0.26,0.00,inferred
"Bristol, City of",2021-05-21,1.00,1.00,0.98,0.93,0.81,0.26,0.00,inferred
"Bristol, City of",2021-05-22,1.00,1.00,0.98,0.93,0.81,0.26,0.00,inferred
"Bristol, City of",2021-05-23,1.00,1.00,0.98,0.93,0.81,0.26,0.00,inferred
"Bristol, City of",2021-05-24,1.00,1.00,0.98,0.93,0.81,0.26,0.00,inferred
"Bristol, City of",2021-05-25,1.00,1.00,1.00,1.00,1.00,0.99,0.51,inferred
"Bristol, City of",2021-05-26,1.00,1.00,1.00,1.00,1.00,0.99,0.51,inferred
"Bristol, City of",2021-05-27,1.00,1.00,1.00,1.00,1.00,0.99,0.51,inferred
"Bristol, City of",2021-05-28,1.00,1.00,1.00,1.00,1.00,0.99,0.51,inferred
"Bristol, City of",2021-05-29,1.00,1.00,1.00,1.00,1.00,0.99,0.51,inferred
"Bristol, City of",2021-05-30,1.00,1.00,1.00,1.00,1.00,0.99,0.51,inferred
"Bristol, City of",2021-05-31,1.00,1.00,1.00,1.00,1.00,0.99,0.51,inferred
"Bristol, City of",2021-06-01,1.00,1.00,1.00,1.00,1.00,1.00,0.84,inferred
"Bristol, City of",2021-06-02,1.00,1.00,1.00,1.00,1.00,1.00,0.84,inferred
"Bristol, City of",2021-06-03,1.00,1.00,1.00,1.00,1.00,1.00,0.84,inferred
"Bristol, City of",2021-06-04,1.00,1.00,1.00,1.00,1.00,1.00,0.84,inferred
"Bristol, City of",2021-06-05,1.00,1.00,1.00,1.00,1.00,1.00,0.84,inferred
"Bristol, City of",2021-06-06,1.00,1.00,1.00,1.00,1.00,1.00,0.84,inferred
"Bristol, City of",2021-06-07,1.00,1.00,1.00,1.00,1.00,1.00,0.84,inferred
"Bristol, City of",2021-06-08,1.00,1.00,1.00,1.00,0.99,0.75,0.10,inferred
"Bristol, City of",2021-06-09,1.00,1.00,1.00,1.00,0.99,0.75,0.10,inferred
"Bristol, City of",2021-06-10,1.00,1.00,1.00,1.00,0.99,0.75,0.10,inferred
"Bristol, City of",2021-06-11,1.00,1.00,1.00,1.00,0.99,0.75,0.10,inferred
"Bristol, City of",2021-06-12,1.00,1.00,1.00,1.00,0.99,0.75,0.10,inferred
"Bristol, City of",2021-06-13,1.00,1.00,1.00,1.00,0.99,0.75,0.10,inferred
"Bristol, City of",2021-06-14,1.00,1.00,1.00,1.00,0.99,0.75,0.10,inferred
"Bristol, City of",2021-06-15,1.00,1.00,1.00,1.00,1.00,0.69,0.01,inferred
"Bristol, City of",2021-06-16,1.00,1.00,1.00,1.00,1.00,0.69,0.01,inferred
"Bristol, City of",2021-06-17,1.00,1.00,1.00,1.00,1.00,0.69,0.01,inferred
"Bristol, City of",2021-06-18,1.00,1.00,1.00,1.00,1.00,0.69,0.01,inferred
"Bristol, City of",2021-06-19,1.00,1.00,1.00,1.00,1.00,0.69,0.01,inferred
"Bristol, City of",2021-06-20,1.00,1.00,1.00,1.00,1.00,0.69,0.01,inferred
"Bristol, City of",2021-06-21,1.00,1.00,1.00,1.00,1.00,0.69,0.01,inferred
"Bristol, City of",2021-06-22,1.00,1.00,1.00,1.00,1.00,0.94,0.24,inferred
"Bristol, City of",2021-06-23,1.00,1.00,1.00,1.00,1.00,0.94,0.24,inferred
"Bristol, City of",2021-06-24,1.00,1.00,1.00,1.00,1.00,0.94,0.24,inferred
"Bristol, City of",2021-06-25,1.00,1.00,1.00,1.00,1.00,0.94,0.24,inferred
"Bristol, City of",2021-06-26,1.00,1.00,1.00,1.00,1.00,0.94,0.24,inferred
"Bristol, City of",2021-06-27,1.00,1.00,1.00,1.00,1.00,0.94,0.24,inferred
"Bristol, City of",2021-06-28,1.00,1.00,1.00,1.00,1.00,0.94,0.24,inferred
"Bristol, City of",2021-06-29,0.98,0.89,0.72,0.51,0.31,0.02,0.00,inferred
"Bristol, City of",2021-06-30,0.98,0.89,0.72,0.51,0.31,0.02,0.00,inferred
"Bristol, City of",2021-07-01,0.98,0.89,0.72,0.51,0.31,0.02,0.00,inferred
"Bristol, City of",2021-07-02,0.98,0.89,0.72,0.51,0.31,0.02,0.00,inferred
"Bristol, City of",2021-07-03,0.98,0.89,0.72,0.51,0.31,0.02,0.00,inferred
"Bristol, City of",2021-07-04,0.98,0.89,0.72,0.51,0.31,0.02,0.00,inferred
"Bristol, City of",2021-07-05,0.98,0.89,0.72,0.51,0.31,0.02,0.00,inferred
"Bristol, City of",2021-07-06,0.85,0.74,0.62,0.49,0.40,0.16,0.03,projected
"Bristol, City of",2021-07-07,0.85,0.74,0.62,0.49,0.40,0.16,0.03,projected
"Bristol, City of",2021-07-08,0.85,0.74,0.62,0.49,0.40,0.16,0.03,projected
"Bristol, City of",2021-07-09,0.85,0.74,0.62,0.49,0.40,0.16,0.03,projected
"Bristol, City of",2021-07-10,0.85,0.74,0.62,0.49,0.40,0.16,0.03,projected
"Bristol, City of",2021-07-11,0.85,0.74,0.62,0.49,0.40,0.16,0.03,projected
"Bristol, City of",2021-07-12,0.85,0.74,0.62,0.49,0.40,0.16,0.03,projected
"Bristol, City of",2021-07-13,0.80,0.71,0.61,0.52,0.42,0.22,0.08,projected
"Bristol, City of",2021-07-14,0.80,0.71,0.61,0.52,0.42,0.22,0.08,projected
"Bristol, City of",2021-07-15,0.80,0.71,0.61,0.52,0.42,0.22,0.08,projected
"Bristol, City of",2021-07-16,0.80,0.71,0.61,0.52,0.42,0.22,0.08,projected
"Bristol, City of",2021-07-17,0.80,0.71,0.61,0.52,0.42,0.22,0.08,projected
"Bristol, City of",2021-07-18,0.80,0.71,0.61,0.52,0.42,0.22,0.08,projected
"Bristol, City of",2021-07-19,0.80,0.71,0.61,0.52,0.42,0.22,0.08,projected
"Bristol, City of",2021-07-20,0.78,0.72,0.64,0.56,0.46,0.28,0.11,projected
"Bristol, City of",2021-07-21,0.78,0.72,0.64,0.56,0.46,0.28,0.11,projected
"Bristol, City of",2021-07-22,0.78,0.72,0.64,0.56,0.46,0.28,0.11,projected
"Bristol, City of",2021-07-23,0.78,0.72,0.64,0.56,0.46,0.28,0.11,projected
"Bristol, City of",2021-07-24,0.78,0.72,0.64,0.56,0.46,0.28,0.11,projected
"Bristol, City of",2021-07-25,0.78,0.72,0.64,0.56,0.46,0.28,0.11,projected
"Bristol, City of",2021-07-26,0.78,0.72,0.64,0.56,0.46,0.28,0.11,projected
Broadland,2021-03-23,0.00,0.00,0.00,0.00,0.00,0.00,0.00,inferred
Broadland,2021-03-24,0.00,0.00,0.00,0.00,0.00,0.00,0.00,inferred
Broadland,2021-03-25,0.00,0.00,0.00,0.00,0.00,0.00,0.00,inferred
Broadland,2021-03-26,0.00,0.00,0.00,0.00,0.00,0.00,0.00,inferred
Broadland,2021-03-27,0.00,0.00,0.00,0.00,0.00,0.00,0.00,inferred
Broadland,2021-03-28,0.00,0.00,0.00,0.00,0.00,0.00,0.00,inferred
Broadland,2021-03-29,0.00,0.00,0.00,0.00,0.00,0.00,0.00,inferred
Broadland,2021-03-30,0.00,0.00,0.00,0.00,0.00,0.00,0.00,inferred
Broadland,2021-03-31,0.00,0.00,0.00,0.00,0.00,0.00,0.00,inferred
Broadland,2021-04-01,0.00,0.00,0.00,0.00,0.00,0.00,0.00,inferred
Broadland,2021-04-02,0.00,0.00,0.00,0.00,0.00,0.00,0.00,inferred
Broadland,2021-04-03,0.00,0.00,0.00,0.00,0.00,0.00,0.00,inferred
Broadland,2021-04-04,0.00,0.00,0.00,0.00,0.00,0.00,0.00,inferred
Broadland,2021-04-05,0.00,0.00,0.00,0.00,0.00,0.00,0.00,inferred
Broadland,2021-04-06,0.50,0.34,0.21,0.12,0.06,0.01,0.00,inferred
Broadland,2021-04-07,0.50,0.34,0.21,0.12,0.06,0.01,0.00,inferred
Broadland,2021-04-08,0.50,0.34,0.21,0.12,0.06,0.01,0.00,inferred
Broadland,2021-04-09,0.50,0.34,0.21,0.12,0.06,0.01,0.00,inferred
Broadland,2021-04-10,0.50,0.34,0.21,0.12,0.06,0.01,0.00,inferred
Broadland,2021-04-11,0.50,0.34,0.21,0.12,0.06,0.01,0.00,inferred
Broadland,2021-04-12,0.50,0.34,0.21,0.12,0.06,0.01,0.00,inferred
Broadland,2021-04-13,0.81,0.65,0.47,0.32,0.20,0.03,0.00,inferred
Broadland,2021-04-14,0.81,0.65,0.47,0.32,0.20,0.03,0.00,inferred
Broadland,2021-04-15,0.81,0.65,0.47,0.32,0.20,0.03,0.00,inferred
Broadland,2021-04-16,0.81,0.65,0.47,0.32,0.20,0.03,0.00,inferred
Broadland,2021-04-17,0.81,0.65,0.47,0.32,0.20,0.03,0.00,inferred
Broadland,2021-04-18,0.81,0.65,0.47,0.32,0.20,0.03,0.00,inferred
Broadland,2021-04-19,0.81,0.65,0.47,0.32,0.20,0.03,0.00,inferred
Broadland,2021-04-20,0.63,0.46,0.30,0.19,0.10,0.01,0.00,inferred
Broadland,2021-04-21,0.63,0.46,0.30,0.19,0.10,0.01,0.00,inferred
Broadland,2021-04-22,0.63,0.46,0.30,0.19,0.10,0.01,0.00,inferred
Broadland,2021-04-23,0.63,0.46,0.30,0.19,0.10,0.01,0.00,inferred
Broadland,2021-04-24,0.63,0.46,0.30,0.19,0.10,0.01,0.00,inferred
Broadland,2021-04-25,0.63,0.46,0.30,0.19,0.10,0.01,0.00,inferred
Broadland,2021-04-26,0.63,0.46,0.30,0.19,0.10,0.01,0.00,inferred
Broadland,2021-04-27,0.89,0.80,0.67,0.52,0.39,0.09,0.01,inferred
Broadland,2021-04-28,0.89,0.80,0.67,0.52,0.39,0.09,0.01,inferred
Broadland,2021-04-29,0.89,0.80,0.67,0.52,0.39,0.09,0.01,inferred
Broadland,2021-04-30,0.89,0.80,0.67,0.52,0.39,0.09,0.01,inferred
Broadland,2021-05-01,0.89,0.80,0.67,0.52,0.39,0.09,0.01,inferred
Broadland,2021-05-02,0.89,0.80,0.67,0.52,0.39,0.09,0.01,inferred
Broadland,2021-05-03,0.89,0.80,0.67,0.52,0.39,0.09,0.01,inferred
Broadland,2021-05-04,0.92,0.82,0.68,0.52,0.37,0.08,0.00,inferred
Broadland,2021-05-05,0.92,0.82,0.68,0.52,0.37,0.08,0.00,inferred
Broadland,2021-05-06,0.92,0.82,0.68,0.52,0.37,0.08,0.00,inferred
Broadland,2021-05-07,0.92,0.82,0.68,0.52,0.37,0.08,0.00,inferred
Broadland,2021-05-08,0.92,0.82,0.68,0.52,0.37,0.08,0.00,inferred
Broadland,2021-05-09,0.92,0.82,0.68,0.52,0.37,0.08,0.00,inferred
Broadland,2021-05-10,0.92,0.82,0.68,0.52,0.37,0.08,0.00,inferred
Broadland,2021-05-11,0.95,0.86,0.74,0.59,0.43,0.11,0.00,inferred
Broadland,2021-05-12,0.95,0.86,0.74,0.59,0.43,0.11,0.00,inferred
Broadland,2021-05-13,0.95,0.86,0.74,0.59,0.43,0.11,0.00,inferred
Broadland,2021-05-14,0.95,0.86,0.74,0.59,0.43,0.11,0.00,inferred
Broadland,2021-05-15,0.95,0.86,0.74,0.59,0.43,0.11,0.00,inferred
Broadland,2021-05-16,0.95,0.86,0.74,0.59,0.43,0.11,0.00,inferred
Broadland,2021-05-17,0.95,0.86,0.74,0.59,0.43,0.11,0.00,inferred
Broadland,2021-05-18,0.94,0.86,0.73,0.56,0.39,0.10,0.00,inferred
Broadland,2021-05-19,0.94,0.86,0.73,0.56,0.39,0.10,0.00,inferred
Broadland,2021-05-20,0.94,0.86,0.73,0.56,0.39,0.10,0.00,inferred
Broadland,2021-05-21,0.94,0.86,0.73,0.56,0.39,0.10,0.00,inferred
Broadland,2021-05-22,0.94,0.86,0.73,0.56,0.39,0.10,0.00,inferred
Broadland,2021-05-23,0.94,0.86,0.73,0.56,0.39,0.10,0.00,inferred
Broadland,2021-05-24,0.94,0.86,0.73,0.56,0.39,0.10,0.00,inferred
Broadland,2021-05-25,0.96,0.90,0.79,0.63,0.47,0.11,0.00,inferred
Broadland,2021-05-26,0.96,0.90,0.79,0.63,0.47,0.11,0.00,inferred
Broadland,2021-05-27,0.96,0.90,0.79,0.63,0.47,0.11,0.00,inferred
Broadland,2021-05-28,0.96,0.90,0.79,0.63,0.47,0.11,0.00,inferred
Broadland,2021-05-29,0.96,0.90,0.79,0.63,0.47,0.11,0.00,inferred
Broadland,2021-05-30,0.96,0.90,0.79,0.63,0.47,0.11,0.00,inferred
Broadland,2021-05-31,0.96,0.90,0.79,0.63,0.47,0.11,0.00,inferred
Broadland,2021-06-01,0.95,0.87,0.74,0.58,0.41,0.08,0.00,inferred
Broadland,2021-06-02,0.95,0.87,0.74,0.58,0.41,0.08,0.00,inferred
Broadland,2021-06-03,0.95,0.87,0.74,0.58,0.41,0.08,0.00,inferred
Broadland,2021-06-04,0.95,0.87,0.74,0.58,0.41,0.08,0.00,inferred
Broadland,2021-06-05,0.95,0.87,0.74,0.58,0.41,0.08,0.00,inferred
Broadland,2021-06-06,0.95,0.87,0.74,0.58,0.41,0.08,0.00,inferred
Broadland,2021-06-07,0.95,0.87,0.74,0.58,0.41,0.08,0.00,inferred
Broadland,2021-06-08,0.89,0.77,0.61,0.43,0.28,0.05,0.00,inferred
Broadland,2021-06-09,0.89,0.77,0.61,0.43,0.28,0.05,0.00,inferred
Broadland,2021-06-10,0.89,0.77,0.61,0.43,0.28,0.05,0.00,inferred
Broadland,2021-06-11,0.89,0.77,0.61,0.43,0.28,0.05,0.00,inferred
Broadland,2021-06-12,0.89,0.77,0.61,0.43,0.28,0.05,0.00,inferred
Broadland,2021-06-13,0.89,0.77,0.61,0.43,0.28,0.05,0.00,inferred
Broadland,2021-06-14,0.89,0.77,0.61,0.43,0.28,0.05,0.00,inferred
Broadland,2021-06-15,1.00,1.00,1.00,0.99,0.97,0.77,0.15,inferred
Broadland,2021-06-16,1.00,1.00,1.00,0.99,0.97,0.77,0.15,inferred
Broadland,2021-06-17,1.00,1.00,1.00,0.99,0.97,0.77,0.15,inferred
Broadland,2021-06-18,1.00,1.00,1.00,0.99,0.97,0.77,0.15,inferred
Broadland,2021-06-19,1.00,1.00,1.00,0.99,0.97,0.77,0.15,inferred
Broadland,2021-06-20,1.00,1.00,1.00,0.99,0.97,0.77,0.15,inferred
Broadland,2021-06-21,1.00,1.00,1.00,0.99,0.97,0.77,0.15,inferred
Broadland,2021-06-22,1.00,1.00,1.00,1.00,1.00,1.00,0.84,inferred
Broadland,2021-06-23,1.00,1.00,1.00,1.00,1.00,1.00,0.84,inferred
Broadland,2021-06-24,1.00,1.00,1.00,1.00,1.00,1.00,0.84,inferred
Broadland,2021-06-25,1.00,1.00,1.00,1.00,1.00,1.00,0.84,inferred
Broadland,2021-06-26,1.00,1.00,1.00,1.00,1.00,1.00,0.84,inferred
Broadland,2021-06-27,1.00,1.00,1.00,1.00,1.00,1.00,0.84,inferred
Broadland,2021-06-28,1.00,1.00,1.00,1.00,1.00,1.00,0.84,inferred
Broadland,2021-06-29,1.00,1.00,1.00,1.00,1.00,0.98,0.77,inferred
Broadland,2021-06-30,1.00,1.00,1.00,1.00,1.00,0.98,0.77,inferred
Broadland,2021-07-01,1.00,1.00,1.00,1.00,1.00,0.98,0.77,inferred
Broadland,2021-07-02,1.00,1.00,1.00,1.00,1.00,0.98,0.77,inferred
Broadland,2021-07-03,1.00,1.00,1.00,1.00,1.00,0.98,0.77,inferred
Broadland,2021-07-04,1.00,1.00,1.00,1.00,1.00,0.98,0.77,inferred
Broadland,2021-07-05,1.00,1.00,1.00,1.00,1.00,0.98,0.77,inferred
Broadland,2021-07-06,1.00,1.00,1.00,0.99,0.99,0.91,0.58,projected
Broadland,2021-07-07,1.00,1.00,1.00,0.99,0.99,0.91,0.58,projected
Broadland,2021-07-08,1.00,1.00,1.00,0.99,0.99,0.91,0.58,projected
Broadland,2021-07-09,1.00,1.00,1.00,0.99,0.99,0.91,0.58,projected
Broadland,2021-07-10,1.00,1.00,1.00,0.99,0.99,0.91,0.58,projected
Broadland,2021-07-11,1.00,1.00,1.00,0.99,0.99,0.91,0.58,projected
Broadland,2021-07-12,1.00,1.00,1.00,0.99,0.99,0.91,0.58,projected
Broadland,2021-07-13,1.00,1.00,0.99,0.98,0.96,0.83,0.50,projected
Broadland,2021-07-14,1.00,1.00,0.99,0.98,0.96,0.83,0.50,projected
Broadland,2021-07-15,1.00,1.00,0.99,0.98,0.96,0.83,0.50,projected
Broadland,2021-07-16,1.00,1.00,0.99,0.98,0.96,0.83,0.50,projected
Broadland,2021-07-17,1.00,1.00,0.99,0.98,0.96,0.83,0.50,projected
Broadland,2021-07-18,1.00,1.00,0.99,0.98,0.96,0.83,0.50,projected
Broadland,2021-07-19,1.00,1.00,0.99,0.98,0.96,0.83,0.50,projected
Broadland,2021-07-20,1.00,1.00,0.98,0.97,0.92,0.78,0.45,projected
Broadland,2021-07-21,1.00,1.00,0.98,0.97,0.92,0.78,0.45,projected
Broadland,2021-07-22,1.00,1.00,0.98,0.97,0.92,0.78,0.45,projected
Broadland,2021-07-23,1.00,1.00,0.98,0.97,0.92,0.78,0.45,projected
Broadland,2021-07-24,1.00,1.00,0.98,0.97,0.92,0.78,0.45,projected
Broadland,2021-07-25,1.00,1.00,0.98,0.97,0.92,0.78,0.45,projected
Broadland,2021-07-26,1.00,1.00,0.98,0.97,0.92,0.78,0.45,projected
Bromley,2021-03-23,0.01,0.00,0.00,0.00,0.00,0.00,0.00,inferred
Bromley,2021-03-24,0.01,0.00,0.00,0.00,0.00,0.00,0.00,inferred
Bromley,2021-03-25,0.01,0.00,0.00,0.00,0.00,0.00,0.00,inferred
Bromley,2021-03-26,0.01,0.00,0.00,0.00,0.00,0.00,0.00,inferred
Bromley,2021-03-27,0.01,0.00,0.00,0.00,0.00,0.00,0.00,inferred
Bromley,2021-03-28,0.01,0.00,0.00,0.00,0.00,0.00,0.00,inferred
Bromley,2021-03-29,0.01,0.00,0.00,0.00,0.00,0.00,0.00,inferred
Bromley,2021-03-30,0.25,0.08,0.02,0.00,0.00,0.00,0.00,inferred
Bromley,2021-03-31,0.25,0.08,0.02,0.00,0.00,0.00,0.00,inferred
Bromley,2021-04-01,0.25,0.08,0.02,0.00,0.00,0.00,0.00,inferred
Bromley,2021-04-02,0.25,0.08,0.02,0.00,0.00,0.00,0.00,inferred
Bromley,2021-04-03,0.25,0.08,0.02,0.00,0.00,0.00,0.00,inferred
Bromley,2021-04-04,0.25,0.08,0.02,0.00,0.00,0.00,0.00,inferred
Bromley,2021-04-05,0.25,0.08,0.02,0.00,0.00,0.00,0.00,inferred
Bromley,2021-04-06,0.84,0.65,0.39,0.20,0.09,0.00,0.00,inferred
Bromley,2021-04-07,0.84,0.65,0.39,0.20,0.09,0.00,0.00,inferred
Bromley,2021-04-08,0.84,0.65,0.39,0.20,0.09,0.00,0.00,inferred
Bromley,2021-04-09,0.84,0.65,0.39,0.20,0.09,0.00,0.00,inferred
Bromley,2021-04-10,0.84,0.65,0.39,0.20,0.09,0.00,0.00,inferred
Bromley,2021-04-11,0.84,0.65,0.39,0.20,0.09,0.00,0.00,inferred
Bromley,2021-04-12,0.84,0.65,0.39,0.20,0.09,0.00,0.00,inferred
Bromley,2021-04-13,1.00,0.98,0.89,0.74,0.51,0.06,0.00,inferred
Bromley,2021-04-14,1.00,0.98,0.89,0.74,0.51,0.06,0.00,inferred
Bromley,2021-04-15,1.00,0.98,0.89,0.74,0.51,0.06,0.00,inferred
Bromley,2021-04-16,1.00,0.98,0.89,0.74,0.51,0.06,0.00,inferred
Bromley,2021-04-17,1.00,0.98,0.89,0.74,0.51,0.06,0.00,inferred
Bromley,2021-04-18,1.00,0.98,0.89,0.74,0.51,0.06,0.00,inferred
Bromley,2021-04-19,1.00,0.98,0.89,0.74,0.51,0.06,0.00,inferred
Bromley,2021-04-20,0.98,0.92,0.78,0.53,0.32,0.02,0.00,inferred
Bromley,2021-04-21,0.98,0.92,0.78,0.53,0.32,0.02,0.00,inferred
Bromley,2021-04-22,0.98,0.92,0.78,0.53,0.32,0.02,0.00,inferred
Bromley,2021-04-23,0.98,0.92,0.78,0.53,0.32,0.02,0.00,inferred
Bromley,2021-04-24,0.98,0.92,0.78,0.53,0.32,0.02,0.00,inferred
Bromley,2021-04-25,0.98,0.92,0.78,0.53,0.32,0.02,0.00,inferred
Bromley,2021-04-26,0.98,0.92,0.78,0.53,0.32,0.02,0.00,inferred
Bromley,2021-04-27,0.97,0.89,0.69,0.42,0.20,0.01,0.00,inferred
Bromley,2021-04-28,0.97,0.89,0.69,0.42,0.20,0.01,0.00,inferred
Bromley,2021-04-29,0.97,0.89,0.69,0.42,0.20,0.01,0.00,inferred
Bromley,2021-04-30,0.97,0.89,0.69,0.42,0.20,0.01,0.00,inferred
Bromley,2021-05-01,0.97,0.89,0.69,0.42,0.20,0.01,0.00,inferred
Bromley,2021-05-02,0.97,0.89,0.69,0.42,0.20,0.01,0.00,inferred
Bromley,2021-05-03,0.97,0.89,0.69,0.42,0.20,0.01,0.00,inferred
Bromley,2021-05-04,1.00,0.98,0.91,0.75,0.51,0.03,0.00,inferred
Bromley,2021-05-05,1.00,0.98,0.91,0.75,0.51,0.03,0.00,inferred
Bromley,2021-05-06,1.00,0.98,0.91,0.75,0.51,0.03,0.00,inferred
Bromley,2021-05-07,1.00,0.98,0.91,0.75,0.51,0.03,0.00,inferred
Bromley,2021-05-08,1.00,0.98,0.91,0.75,0.51,0.03,0.00,inferred
Bromley,2021-05-09,1.00,0.98,0.91,0.75,0.51,0.03,0.00,inferred
Bromley,2021-05-10,1.00,0.98,0.91,0.75,0.51,0.03,0.00,inferred
Bromley,2021-05-11,1.00,1.00,1.00,0.96,0.86,0.25,0.00,inferred
Bromley,2021-05-12,1.00,1.00,1.00,0.96,0.86,0.25,0.00,inferred
Bromley,2021-05-13,1.00,1.00,1.00,0.96,0.86,0.25,0.00,inferred
Bromley,2021-05-14,1.00,1.00,1.00,0.96,0.86,0.25,0.00,inferred
Bromley,2021-05-15,1.00,1.00,1.00,0.96,0.86,0.25,0.00,inferred
Bromley,2021-05-16,1.00,1.00,1.00,0.96,0.86,0.25,0.00,inferred
Bromley,2021-05-17,1.00,1.00,1.00,0.96,0.86,0.25,0.00,inferred
Bromley,2021-05-18,1.00,1.00,1.00,1.00,0.99,0.68,0.02,inferred
Bromley,2021-05-19,1.00,1.00,1.00,1.00,0.99,0.68,0.02,inferred
Bromley,2021-05-20,1.00,1.00,1.00,1.00,0.99,0.68,0.02,inferred
Bromley,2021-05-21,1.00,1.00,1.00,1.00,0.99,0.68,0.02,inferred
Bromley,2021-05-22,1.00,1.00,1.00,1.00,0.99,0.68,0.02,inferred
Bromley,2021-05-23,1.00,1.00,1.00,1.00,0.99,0.68,0.02,inferred
Bromley,2021-05-24,1.00,1.00,1.00,1.00,0.99,0.68,0.02,inferred
Bromley,2021-05-25,1.00,1.00,1.00,0.99,0.94,0.32,0.00,inferred
Bromley,2021-05-26,1.00,1.00,1.00,0.99,0.94,0.32,0.00,inferred
Bromley,2021-05-27,1.00,1.00,1.00,0.99,0.94,0.32,0.00,inferred
Bromley,2021-05-28,1.00,1.00,1.00,0.99,0.94,0.32,0.00,inferred
Bromley,2021-05-29,1.00,1.00,1.00,0.99,0.94,0.32,0.00,inferred
Bromley,2021-05-30,1.00,1.00,1.00,0.99,0.94,0.32,0.00,inferred
Bromley,2021-05-31,1.00,1.00,1.00,0.99,0.94,0.32,0.00,inferred
Bromley,2021-06-01,1.00,0.99,0.85,0.53,0.22,0.00,0.00,inferred
Bromley,2021-06-02,1.00,0.99,0.85,0.53,0.22,0.00,0.00,inferred
Bromley,2021-06-03,1.00,0.99,0.85,0.53,0.22,0.00,0.00,inferred
Bromley,2021-06-04,1.00,0.99,0.85,0.53,0.22,0.00,0.00,inferred
Bromley,2021-06-05,1.00,0.99,0.85,0.53,0.22,0.00,0.00,inferred
Bromley,2021-06-06,1.00,0.99,0.85,0.53,0.22,0.00,0.00,inferred
Bromley,2021-06-07,1.00,0.99,0.85,0.53,0.22,0.00,0.00,inferred
Bromley,2021-06-08,1.00,0.97,0.77,0.35,0.10,0.00,0.00,inferred
Bromley,2021-06-09,1.00,0.97,0.77,0.35,0.10,0.00,0.00,inferred
Bromley,2021-06-10,1.00,0.97,0.77,0.35,0.10,0.00,0.00,inferred
Bromley,2021-06-11,1.00,0.97,0.77,0.35,0.10,0.00,0.00,inferred
Bromley,2021-06-12,1.00,0.97,0.77,0.35,0.10,0.00,0.00,inferred
Bromley,2021-06-13,1.00,0.97,0.77,0.35,0.10,0.00,0.00,inferred
Bromley,2021-06-14,1.00,0.97,0.77,0.35,0.10,0.00,0.00,inferred
Bromley,2021-06-15,1.00,1.00,1.00,1.00,0.98,0.33,0.00,inferred
Bromley,2021-06-16,1.00,1.00,1.00,1.00,0.98,0.33,0.00,inferred
Bromley,2021-06-17,1.00,1.00,1.00,1.00,0.98,0.33,0.00,inferred
Bromley,2021-06-18,1.00,1.00,1.00,1.00,0.98,0.33,0.00,inferred
Bromley,2021-06-19,1.00,1.00,1.00,1.00,0.98,0.33,0.00,inferred
Bromley,2021-06-20,1.00,1.00,1.00,1.00,0.98,0.33,0.00,inferred
Bromley,2021-06-21,1.00,1.00,1.00,1.00,0.98,0.33,0.00,inferred
Bromley,2021-06-22,1.00,1.00,1.00,1.00,1.00,0.99,0.52,inferred
Bromley,2021-06-23,1.00,1.00,1.00,1.00,1.00,0.99,0.52,inferred
Bromley,2021-06-24,1.00,1.00,1.00,1.00,1.00,0.99,0.52,inferred
Bromley,2021-06-25,1.00,1.00,1.00,1.00,1.00,0.99,0.52,inferred
Bromley,2021-06-26,1.00,1.00,1.00,1.00,1.00,0.99,0.52,inferred
Bromley,2021-06-27,1.00,1.00,1.00,1.00,1.00,0.99,0.52,inferred
Bromley,2021-06-28,1.00,1.00,1.00,1.00,1.00,0.99,0.52,inferred
Bromley,2021-06-29,1.00,1.00,1.00,1.00,0.99,0.74,0.11,inferred
Bromley,2021-06-30,1.00,1.00,1.00,1.00,0.99,0.74,0.11,inferred
Bromley,2021-07-01,1.00,1.00,1.00,1.00,0.99,0.74,0.11,inferred
Bromley,2021-07-02,1.00,1.00,1.00,1.00,0.99,0.74,0.11,inferred
Bromley,2021-07-03,1.00,1.00,1.00,1.00,0.99,0.74,0.11,inferred
Bromley,2021-07-04,1.00,1.00,1.00,1.00,0.99,0.74,0.11,inferred
Bromley,2021-07-05,1.00,1.00,1.00,1.00,0.99,0.74,0.11,inferred
Bromley,2021-07-06,1.00,1.00,0.99,0.95,0.89,0.53,0.12,projected
Bromley,2021-07-07,1.00,1.00,0.99,0.95,0.89,0.53,0.12,projected
Bromley,2021-07-08,1.00,1.00,0.99,0.95,0.89,0.53,0.12,projected
Bromley,2021-07-09,1.00,1.00,0.99,0.95,0.89,0.53,0.12,projected
Bromley,2021-07-10,1.00,1.00,0.99,0.95,0.89,0.53,0.12,projected
Bromley,2021-07-11,1.00,1.00,0.99,0.95,0.89,0.53,0.12,projected
Bromley,2021-07-12,1.00,1.00,0.99,0.95,0.89,0.53,0.12,projected
Bromley,2021-07-13,1.00,0.99,0.95,0.90,0.79,0.46,0.10,projected
Bromley,2021-07-14,1.00,0.99,0.95,0.90,0.79,0.46,0.10,projected
Bromley,2021-07-15,1.00,0.99,0.95,0.90,0.79,0.46,0.10,projected
Bromley,2021-07-16,1.00,0.99,0.95,0.90,0.79,0.46,0.10,projected
Bromley,2021-07-17,1.00,0.99,0.95,0.90,0.79,0.46,0.10,projected
Bromley,2021-07-18,1.00,0.99,0.95,0.90,0.79,0.46,0.10,projected
Bromley,2021-07-19,1.00,0.99,0.95,0.90,0.79,0.46,0.10,projected
Bromley,2021-07-20,0.99,0.97,0.92,0.86,0.75,0.43,0.10,projected
Bromley,2021-07-21,0.99,0.97,0.92,0.86,0.75,0.43,0.10,projected
Bromley,2021-07-22,0.99,0.97,0.92,0.86,0.75,0.43,0.10,projected
Bromley,2021-07-23,0.99,0.97,0.92,0.86,0.75,0.43,0.10,projected
Bromley,2021-07-24,0.99,0.97,0.92,0.86,0.75,0.43,0.10,projected
Bromley,2021-07-25,0.99,0.97,0.92,0.86,0.75,0.43,0.10,projected
Bromley,2021-07-26,0.99,0.97,0.92,0.86,0.75,0.43,0.10,projected
Bromsgrove,2021-03-23,0.00,0.00,0.00,0.00,0.00,0.00,0.00,inferred
Bromsgrove,2021-03-24,0.00,0.00,0.00,0.00,0.00,0.00,0.00,inferred
Bromsgrove,2021-03-25,0.00,0.00,0.00,0.00,0.00,0.00,0.00,inferred
Bromsgrove,2021-03-26,0.00,0.00,0.00,0.00,0.00,0.00,0.00,inferred
Bromsgrove,2021-03-27,0.00,0.00,0.00,0.00,0.00,0.00,0.00,inferred
Bromsgrove,2021-03-28,0.00,0.00,0.00,0.00,0.00,0.00,0.00,inferred
Bromsgrove,2021-03-29,0.00,0.00,0.00,0.00,0.00,0.00,0.00,inferred
Bromsgrove,2021-03-30,0.05,0.02,0.01,0.00,0.00,0.00,0.00,inferred
Bromsgrove,2021-03-31,0.05,0.02,0.01,0.00,0.00,0.00,0.00,inferred
Bromsgrove,2021-04-01,0.05,0.02,0.01,0.00,0.00,0.00,0.00,inferred
Bromsgrove,2021-04-02,0.05,0.02,0.01,0.00,0.00,0.00,0.00,inferred
Bromsgrove,2021-04-03,0.05,0.02,0.01,0.00,0.00,0.00,0.00,inferred
Bromsgrove,2021-04-04,0.05,0.02,0.01,0.00,0.00,0.00,0.00,inferred
Bromsgrove,2021-04-05,0.05,0.02,0.01,0.00,0.00,0.00,0.00,inferred
Bromsgrove,2021-04-06,0.45,0.29,0.17,0.09,0.04,0.00,0.00,inferred
Bromsgrove,2021-04-07,0.45,0.29,0.17,0.09,0.04,0.00,0.00,inferred
Bromsgrove,2021-04-08,0.45,0.29,0.17,0.09,0.04,0.00,0.00,inferred
Bromsgrove,2021-04-09,0.45,0.29,0.17,0.09,0.04,0.00,0.00,inferred
Bromsgrove,2021-04-10,0.45,0.29,0.17,0.09,0.04,0.00,0.00,inferred
Bromsgrove,2021-04-11,0.45,0.29,0.17,0.09,0.04,0.00,0.00,inferred
Bromsgrove,2021-04-12,0.45,0.29,0.17,0.09,0.04,0.00,0.00,inferred
Bromsgrove,2021-04-13,0.64,0.48,0.33,0.20,0.11,0.02,0.00,inferred
Bromsgrove,2021-04-14,0.64,0.48,0.33,0.20,0.11,0.02,0.00,inferred
Bromsgrove,2021-04-15,0.64,0.48,0.33,0.20,0.11,0.02,0.00,inferred
Bromsgrove,2021-04-16,0.64,0.48,0.33,0.20,0.11,0.02,0.00,inferred
Bromsgrove,2021-04-17,0.64,0.48,0.33,0.20,0.11,0.02,0.00,inferred
Bromsgrove,2021-04-18,0.64,0.48,0.33,0.20,0.11,0.02,0.00,inferred
Bromsgrove,2021-04-19,0.64,0.48,0.33,0.20,0.11,0.02,0.00,inferred
Bromsgrove,2021-04-20,0.71,0.55,0.37,0.24,0.13,0.02,0.00,inferred
Bromsgrove,2021-04-21,0.71,0.55,0.37,0.24,0.13,0.02,0.00,inferred
Bromsgrove,2021-04-22,0.71,0.55,0.37,0.24,0.13,0.02,0.00,inferred
Bromsgrove,2021-04-23,0.71,0.55,0.37,0.24,0.13,0.02,0.00,inferred
Bromsgrove,2021-04-24,0.71,0.55,0.37,0.24,0.13,0.02,0.00,inferred
Bromsgrove,2021-04-25,0.71,0.55,0.37,0.24,0.13,0.02,0.00,inferred
Bromsgrove,2021-04-26,0.71,0.55,0.37,0.24,0.13,0.02,0.00,inferred
Bromsgrove,2021-04-27,0.54,0.37,0.23,0.13,0.07,0.01,0.00,inferred
Bromsgrove,2021-04-28,0.54,0.37,0.23,0.13,0.07,0.01,0.00,inferred
Bromsgrove,2021-04-29,0.54,0.37,0.23,0.13,0.07,0.01,0.00,inferred
Bromsgrove,2021-04-30,0.54,0.37,0.23,0.13,0.07,0.01,0.00,inferred
Bromsgrove,2021-05-01,0.54,0.37,0.23,0.13,0.07,0.01,0.00,inferred
Bromsgrove,2021-05-02,0.54,0.37,0.23,0.13,0.07,0.01,0.00,inferred
Bromsgrove,2021-05-03,0.54,0.37,0.23,0.13,0.07,0.01,0.00,inferred
Bromsgrove,2021-05-04,0.79,0.66,0.51,0.37,0.26,0.06,0.00,inferred
Bromsgrove,2021-05-05,0.79,0.66,0.51,0.37,0.26,0.06,0.00,inferred
Bromsgrove,2021-05-06,0.79,0.66,0.51,0.37,0.26,0.06,0.00,inferred
Bromsgrove,2021-05-07,0.79,0.66,0.51,0.37,0.26,0.06,0.00,inferred
Bromsgrove,2021-05-08,0.79,0.66,0.51,0.37,0.26,0.06,0.00,inferred
Bromsgrove,2021-05-09,0.79,0.66,0.51,0.37,0.26,0.06,0.00,inferred
Bromsgrove,2021-05-10,0.79,0.66,0.51,0.37,0.26,0.06,0.00,inferred
Bromsgrove,2021-05-11,0.90,0.83,0.73,0.60,0.49,0.19,0.02,inferred
Bromsgrove,2021-05-12,0.90,0.83,0.73,0.60,0.49,0.19,0.02,inferred
Bromsgrove,2021-05-13,0.90,0.83,0.73,0.60,0.49,0.19,0.02,inferred
Bromsgrove,2021-05-14,0.90,0.83,0.73,0.60,0.49,0.19,0.02,inferred
Bromsgrove,2021-05-15,0.90,0.83,0.73,0.60,0.49,0.19,0.02,inferred
Bromsgrove,2021-05-16,0.90,0.83,0.73,0.60,0.49,0.19,0.02,inferred
Bromsgrove,2021-05-17,0.90,0.83,0.73,0.60,0.49,0.19,0.02,inferred
Bromsgrove,2021-05-18,1.00,0.98,0.97,0.93,0.86,0.60,0.17,inferred
Bromsgrove,2021-05-19,1.00,0.98,0.97,0.93,0.86,0.60,0.17,inferred
Bromsgrove,2021-05-20,1.00,0.98,0.97,0.93,0.86,0.60,0.17,inferred
Bromsgrove,2021-05-21,1.00,0.98,0.97,0.93,0.86,0.60,0.17,inferred
Bromsgrove,2021-05-22,1.00,0.98,0.97,0.93,0.86,0.60,0.17,inferred
Bromsgrove,2021-05-23,1.00,0.98,0.97,0.93,0.86,0.60,0.17,inferred
Bromsgrove,2021-05-24,1.00,0.98,0.97,0.93,0.86,0.60,0.17,inferred
Bromsgrove,2021-05-25,1.00,1.00,1.00,1.00,0.99,0.95,0.60,inferred
Bromsgrove,2021-05-26,1.00,1.00,1.00,1.00,0.99,0.95,0.60,inferred
Bromsgrove,2021-05-27,1.00,1.00,1.00,1.00,0.99,0.95,0.60,inferred
Bromsgrove,2021-05-28,1.00,1.00,1.00,1.00,0.99,0.95,0.60,inferred
Bromsgrove,2021-05-29,1.00,1.00,1.00,1.00,0.99,0.95,0.60,inferred
Bromsgrove,2021-05-30,1.00,1.00,1.00,1.00,0.99,0.95,0.60,inferred
Bromsgrove,2021-05-31,1.00,1.00,1.00,1.00,0.99,0.95,0.60,inferred
Bromsgrove,2021-06-01,1.00,1.00,1.00,1.00,0.99,0.84,0.28,inferred
Bromsgrove,2021-06-02,1.00,1.00,1.00,1.00,0.99,0.84,0.28,inferred
Bromsgrove,2021-06-03,1.00,1.00,1.00,1.00,0.99,0.84,0.28,inferred
Bromsgrove,2021-06-04,1.00,1.00,1.00,1.00,0.99,0.84,0.28,inferred
Bromsgrove,2021-06-05,1.00,1.00,1.00,1.00,0.99,0.84,0.28,inferred
Bromsgrove,2021-06-06,1.00,1.00,1.00,1.00,0.99,0.84,0.28,inferred
Bromsgrove,2021-06-07,1.00,1.00,1.00,1.00,0.99,0.84,0.28,inferred
Bromsgrove,2021-06-08,1.00,1.00,1.00,0.98,0.92,0.52,0.04,inferred
Bromsgrove,2021-06-09,1.00,1.00,1.00,0.98,0.92,0.52,0.04,inferred
Bromsgrove,2021-06-10,1.00,1.00,1.00,0.98,0.92,0.52,0.04,inferred
Bromsgrove,2021-06-11,1.00,1.00,1.00,0.98,0.92,0.52,0.04,inferred
Bromsgrove,2021-06-12,1.00,1.00,1.00,0.98,0.92,0.52,0.04,inferred
Bromsgrove,2021-06-13,1.00,1.00,1.00,0.98,0.92,0.52,0.04,inferred
Bromsgrove,2021-06-14,1.00,1.00,1.00,0.98,0.92,0.52,0.04,inferred
Bromsgrove,2021-06-15,1.00,1.00,1.00,1.00,1.00,0.93,0.33,inferred
Bromsgrove,2021-06-16,1.00,1.00,1.00,1.00,1.00,0.93,0.33,inferred
Bromsgrove,2021-06-17,1.00,1.00,1.00,1.00,1.00,0.93,0.33,inferred
Bromsgrove,2021-06-18,1.00,1.00,1.00,1.00,1.00,0.93,0.33,inferred
Bromsgrove,2021-06-19,1.00,1.00,1.00,1.00,1.00,0.93,0.33,inferred
Bromsgrove,2021-06-20,1.00,1.00,1.00,1.00,1.00,0.93,0.33,inferred
Bromsgrove,2021-06-21,1.00,1.00,1.00,1.00,1.00,0.93,0.33,inferred
Bromsgrove,2021-06-22,1.00,1.00,1.00,1.00,1.00,0.95,0.39,inferred
Bromsgrove,2021-06-23,1.00,1.00,1.00,1.00,1.00,0.95,0.39,inferred
Bromsgrove,2021-06-24,1.00,1.00,1.00,1.00,1.00,0.95,0.39,inferred
Bromsgrove,2021-06-25,1.00,1.00,1.00,1.00,1.00,0.95,0.39,inferred
Bromsgrove,2021-06-26,1.00,1.00,1.00,1.00,1.00,0.95,0.39,inferred
Bromsgrove,2021-06-27,1.00,1.00,1.00,1.00,1.00,0.95,0.39,inferred
Bromsgrove,2021-06-28,1.00,1.00,1.00,1.00,1.00,0.95,0.39,inferred
Bromsgrove,2021-06-29,1.00,0.99,0.96,0.89,0.77,0.35,0.02,inferred
Bromsgrove,2021-06-30,1.00,0.99,0.96,0.89,0.77,0.35,0.02,inferred
Bromsgrove,2021-07-01,1.00,0.99,0.96,0.89,0.77,0.35,0.02,inferred
Bromsgrove,2021-07-02,1.00,0.99,0.96,0.89,0.77,0.35,0.02,inferred
Bromsgrove,2021-07-03,1.00,0.99,0.96,0.89,0.77,0.35,0.02,inferred
Bromsgrove,2021-07-04,1.00,0.99,0.96,0.89,0.77,0.35,0.02,inferred
Bromsgrove,2021-07-05,1.00,0.99,0.96,0.89,0.77,0.35,0.02,inferred
Bromsgrove,2021-07-06,0.98,0.94,0.87,0.78,0.66,0.35,0.09,projected
Bromsgrove,2021-07-07,0.98,0.94,0.87,0.78,0.66,0.35,0.09,projected
Bromsgrove,2021-07-08,0.98,0.94,0.87,0.78,0.66,0.35,0.09,projected
Bromsgrove,2021-07-09,0.98,0.94,0.87,0.78,0.66,0.35,0.09,projected
Bromsgrove,2021-07-10,0.98,0.94,0.87,0.78,0.66,0.35,0.09,projected
Bromsgrove,2021-07-11,0.98,0.94,0.87,0.78,0.66,0.35,0.09,projected
Bromsgrove,2021-07-12,0.98,0.94,0.87,0.78,0.66,0.35,0.09,projected
Bromsgrove,2021-07-13,0.95,0.90,0.83,0.74,0.64,0.38,0.12,projected
Bromsgrove,2021-07-14,0.95,0.90,0.83,0.74,0.64,0.38,0.12,projected
Bromsgrove,2021-07-15,0.95,0.90,0.83,0.74,0.64,0.38,0.12,projected
Bromsgrove,2021-07-16,0.95,0.90,0.83,0.74,0.64,0.38,0.12,projected
Bromsgrove,2021-07-17,0.95,0.90,0.83,0.74,0.64,0.38,0.12,projected
Bromsgrove,2021-07-18,0.95,0.90,0.83,0.74,0.64,0.38,0.12,projected
Bromsgrove,2021-07-19,0.95,0.90,0.83,0.74,0.64,0.38,0.12,projected
Bromsgrove,2021-07-20,0.93,0.87,0.81,0.72,0.63,0.39,0.15,projected
Bromsgrove,2021-07-21,0.93,0.87,0.81,0.72,0.63,0.39,0.15,projected
Bromsgrove,2021-07-22,0.93,0.87,0.81,0.72,0.63,0.39,0.15,projected
Bromsgrove,2021-07-23,0.93,0.87,0.81,0.72,0.63,0.39,0.15,projected
Bromsgrove,2021-07-24,0.93,0.87,0.81,0.72,0.63,0.39,0.15,projected
Bromsgrove,2021-07-25,0.93,0.87,0.81,0.72,0.63,0.39,0.15,projected
Bromsgrove,2021-07-26,0.93,0.87,0.81,0.72,0.63,0.39,0.15,projected
Broxbourne,2021-03-23,0.15,0.05,0.01,0.00,0.00,0.00,0.00,inferred
Broxbourne,2021-03-24,0.15,0.05,0.01,0.00,0.00,0.00,0.00,inferred
Broxbourne,2021-03-25,0.15,0.05,0.01,0.00,0.00,0.00,0.00,inferred
Broxbourne,2021-03-26,0.15,0.05,0.01,0.00,0.00,0.00,0.00,inferred
Broxbourne,2021-03-27,0.15,0.05,0.01,0.00,0.00,0.00,0.00,inferred
Broxbourne,2021-03-28,0.15,0.05,0.01,0.00,0.00,0.00,0.00,inferred
Broxbourne,2021-03-29,0.15,0.05,0.01,0.00,0.00,0.00,0.00,inferred
Broxbourne,2021-03-30,0.72,0.50,0.28,0.13,0.06,0.01,0.00,inferred
Broxbourne,2021-03-31,0.72,0.50,0.28,0.13,0.06,0.01,0.00,inferred
Broxbourne,2021-04-01,0.72,0.50,0.28,0.13,0.06,0.01,0.00,inferred
Broxbourne,2021-04-02,0.72,0.50,0.28,0.13,0.06,0.01,0.00,inferred
Broxbourne,2021-04-03,0.72,0.50,0.28,0.13,0.06,0.01,0.00,inferred
Broxbourne,2021-04-04,0.72,0.50,0.28,0.13,0.06,0.01,0.00,inferred
Broxbourne,2021-04-05,0.72,0.50,0.28,0.13,0.06,0.01,0.00,inferred
Broxbourne,2021-04-06,0.36,0.20,0.08,0.04,0.01,0.00,0.00,inferred
Broxbourne,2021-04-07,0.36,0.20,0.08,0.04,0.01,0.00,0.00,inferred
Broxbourne,2021-04-08,0.36,0.20,0.08,0.04,0.01,0.00,0.00,inferred
Broxbourne,2021-04-09,0.36,0.20,0.08,0.04,0.01,0.00,0.00,inferred
Broxbourne,2021-04-10,0.36,0.20,0.08,0.04,0.01,0.00,0.00,inferred
Broxbourne,2021-04-11,0.36,0.20,0.08,0.04,0.01,0.00,0.00,inferred
Broxbourne,2021-04-12,0.36,0.20,0.08,0.04,0.01,0.00,0.00,inferred
Broxbourne,2021-04-13,0.58,0.43,0.26,0.15,0.07,0.01,0.00,inferred
Broxbourne,2021-04-14,0.58,0.43,0.26,0.15,0.07,0.01,0.00,inferred
Broxbourne,2021-04-15,0.58,0.43,0.26,0.15,0.07,0.01,0.00,inferred
Broxbourne,2021-04-16,0.58,0.43,0.26,0.15,0.07,0.01,0.00,inferred
Broxbourne,2021-04-17,0.58,0.43,0.26,0.15,0.07,0.01,0.00,inferred
Broxbourne,2021-04-18,0.58,0.43,0.26,0.15,0.07,0.01,0.00,inferred
Broxbourne,2021-04-19,0.58,0.43,0.26,0.15,0.07,0.01,0.00,inferred
Broxbourne,2021-04-20,0.74,0.58,0.41,0.25,0.15,0.02,0.00,inferred
Broxbourne,2021-04-21,0.74,0.58,0.41,0.25,0.15,0.02,0.00,inferred
Broxbourne,2021-04-22,0.74,0.58,0.41,0.25,0.15,0.02,0.00,inferred
Broxbourne,2021-04-23,0.74,0.58,0.41,0.25,0.15,0.02,0.00,inferred
Broxbourne,2021-04-24,0.74,0.58,0.41,0.25,0.15,0.02,0.00,inferred
Broxbourne,2021-04-25,0.74,0.58,0.41,0.25,0.15,0.02,0.00,inferred
Broxbourne,2021-04-26,0.74,0.58,0.41,0.25,0.15,0.02,0.00,inferred
Broxbourne,2021-04-27,0.68,0.50,0.34,0.21,0.12,0.01,0.00,inferred
Broxbourne,2021-04-28,0.68,0.50,0.34,0.21,0.12,0.01,0.00,inferred
Broxbourne,2021-04-29,0.68,0.50,0.34,0.21,0.12,0.01,0.00,inferred
Broxbourne,2021-04-30,0.68,0.50,0.34,0.21,0.12,0.01,0.00,inferred
Broxbourne,2021-05-01,0.68,0.50,0.34,0.21,0.12,0.01,0.00,inferred
Broxbourne,2021-05-02,0.68,0.50,0.34,0.21,0.12,0.01,0.00,inferred
Broxbourne,2021-05-03,0.68,0.50,0.34,0.21,0.12,0.01,0.00,inferred
Broxbourne,2021-05-04,0.96,0.89,0.78,0.65,0.50,0.16,0.01,inferred
Broxbourne,2021-05-05,0.96,0.89,0.78,0.65,0.50,0.16,0.01,inferred
Broxbourne,2021-05-06,0.96,0.89,0.78,0.65,0.50,0.16,0.01,inferred
Broxbourne,2021-05-07,0.96,0.89,0.78,0.65,0.50,0.16,0.01,inferred
Broxbourne,2021-05-08,0.96,0.89,0.78,0.65,0.50,0.16,0.01,inferred
Broxbourne,2021-05-09,0.96,0.89,0.78,0.65,0.50,0.16,0.01,inferred
Broxbourne,2021-05-10,0.96,0.89,0.78,0.65,0.50,0.16,0.01,inferred
Broxbourne,2021-05-11,0.97,0.89,0.81,0.67,0.52,0.15,0.01,inferred
Broxbourne,2021-05-12,0.97,0.89,0.81,0.67,0.52,0.15,0.01,inferred
Broxbourne,2021-05-13,0.97,0.89,0.81,0.67,0.52,0.15,0.01,inferred
Broxbourne,2021-05-14,0.97,0.89,0.81,0.67,0.52,0.15,0.01,inferred
Broxbourne,2021-05-15,0.97,0.89,0.81,0.67,0.52,0.15,0.01,inferred
Broxbourne,2021-05-16,0.97,0.89,0.81,0.67,0.52,0.15,0.01,inferred
Broxbourne,2021-05-17,0.97,0.89,0.81,0.67,0.52,0.15,0.01,inferred
Broxbourne,2021-05-18,0.88,0.75,0.60,0.45,0.30,0.06,0.00,inferred
Broxbourne,2021-05-19,0.88,0.75,0.60,0.45,0.30,0.06,0.00,inferred
Broxbourne,2021-05-20,0.88,0.75,0.60,0.45,0.30,0.06,0.00,inferred
Broxbourne,2021-05-21,0.88,0.75,0.60,0.45,0.30,0.06,0.00,inferred
Broxbourne,2021-05-22,0.88,0.75,0.60,0.45,0.30,0.06,0.00,inferred
Broxbourne,2021-05-23,0.88,0.75,0.60,0.45,0.30,0.06,0.00,inferred
Broxbourne,2021-05-24,0.88,0.75,0.60,0.45,0.30,0.06,0.00,inferred
Broxbourne,2021-05-25,1.00,0.99,0.98,0.93,0.87,0.55,0.09,inferred
Broxbourne,2021-05-26,1.00,0.99,0.98,0.93,0.87,0.55,0.09,inferred
Broxbourne,2021-05-27,1.00,0.99,0.98,0.93,0.87,0.55,0.09,inferred
Broxbourne,2021-05-28,1.00,0.99,0.98,0.93,0.87,0.55,0.09,inferred
Broxbourne,2021-05-29,1.00,0.99,0.98,0.93,0.87,0.55,0.09,inferred
Broxbourne,2021-05-30,1.00,0.99,0.98,0.93,0.87,0.55,0.09,inferred
Broxbourne,2021-05-31,1.00,0.99,0.98,0.93,0.87,0.55,0.09,inferred
Broxbourne,2021-06-01,1.00,1.00,0.99,0.97,0.93,0.65,0.14,inferred
Broxbourne,2021-06-02,1.00,1.00,0.99,0.97,0.93,0.65,0.14,inferred
Broxbourne,2021-06-03,1.00,1.00,0.99,0.97,0.93,0.65,0.14,inferred
Broxbourne,2021-06-04,1.00,1.00,0.99,0.97,0.93,0.65,0.14,inferred
Broxbourne,2021-06-05,1.00,1.00,0.99,0.97,0.93,0.65,0.14,inferred
Broxbourne,2021-06-06,1.00,1.00,0.99,0.97,0.93,0.65,0.14,inferred
Broxbourne,2021-06-07,1.00,1.00,0.99,0.97,0.93,0.65,0.14,inferred
Broxbourne,2021-06-08,1.00,1.00,1.00,1.00,1.00,0.93,0.36,inferred
Broxbourne,2021-06-09,1.00,1.00,1.00,1.00,1.00,0.93,0.36,inferred
Broxbourne,2021-06-10,1.00,1.00,1.00,1.00,1.00,0.93,0.36,inferred
Broxbourne,2021-06-11,1.00,1.00,1.00,1.00,1.00,0.93,0.36,inferred
Broxbourne,2021-06-12,1.00,1.00,1.00,1.00,1.00,0.93,0.36,inferred
Broxbourne,2021-06-13,1.00,1.00,1.00,1.00,1.00,0.93,0.36,inferred
Broxbourne,2021-06-14,1.00,1.00,1.00,1.00,1.00,0.93,0.36,inferred
Broxbourne,2021-06-15,1.00,1.00,1.00,1.00,1.00,0.92,0.34,inferred
Broxbourne,2021-06-16,1.00,1.00,1.00,1.00,1.00,0.92,0.34,inferred
Broxbourne,2021-06-17,1.00,1.00,1.00,1.00,1.00,0.92,0.34,inferred
Broxbourne,2021-06-18,1.00,1.00,1.00,1.00,1.00,0.92,0.34,inferred
Broxbourne,2021-06-19,1.00,1.00,1.00,1.00,1.00,0.92,0.34,inferred
Broxbourne,2021-06-20,1.00,1.00,1.00,1.00,1.00,0.92,0.34,inferred
Broxbourne,2021-06-21,1.00,1.00,1.00,1.00,1.00,0.92,0.34,inferred
Broxbourne,2021-06-22,1.00,1.00,1.00,1.00,1.00,0.88,0.20,inferred
Broxbourne,2021-06-23,1.00,1.00,1.00,1.00,1.00,0.88,0.20,inferred
Broxbourne,2021-06-24,1.00,1.00,1.00,1.00,1.00,0.88,0.20,inferred
Broxbourne,2021-06-25,1.00,1.00,1.00,1.00,1.00,0.88,0.20,inferred
Broxbourne,2021-06-26,1.00,1.00,1.00,1.00,1.00,0.88,0.20,inferred
Broxbourne,2021-06-27,1.00,1.00,1.00,1.00,1.00,0.88,0.20,inferred
Broxbourne,2021-06-28,1.00,1.00,1.00,1.00,1.00,0.88,0.20,inferred
Broxbourne,2021-06-29,1.00,1.00,1.00,1.00,0.98,0.77,0.19,inferred
Broxbourne,2021-06-30,1.00,1.00,1.00,1.00,0.98,0.77,0.19,inferred
Broxbourne,2021-07-01,1.00,1.00,1.00,1.00,0.98,0.77,0.19,inferred
Broxbourne,2021-07-02,1.00,1.00,1.00,1.00,0.98,0.77,0.19,inferred
Broxbourne,2021-07-03,1.00,1.00,1.00,1.00,0.98,0.77,0.19,inferred
Broxbourne,2021-07-04,1.00,1.00,1.00,1.00,0.98,0.77,0.19,inferred
Broxbourne,2021-07-05,1.00,1.00,1.00,1.00,0.98,0.77,0.19,inferred
Broxbourne,2021-07-06,1.00,0.99,0.98,0.94,0.89,0.61,0.20,projected
Broxbourne,2021-07-07,1.00,0.99,0.98,0.94,0.89,0.61,0.20,projected
Broxbourne,2021-07-08,1.00,0.99,0.98,0.94,0.89,0.61,0.20,projected
Broxbourne,2021-07-09,1.00,0.99,0.98,0.94,0.89,0.61,0.20,projected
Broxbourne,2021-07-10,1.00,0.99,0.98,0.94,0.89,0.61,0.20,projected
Broxbourne,2021-07-11,1.00,0.99,0.98,0.94,0.89,0.61,0.20,projected
Broxbourne,2021-07-12,1.00,0.99,0.98,0.94,0.89,0.61,0.20,projected
Broxbourne,2021-07-13,0.99,0.98,0.95,0.90,0.83,0.55,0.20,projected
Broxbourne,2021-07-14,0.99,0.98,0.95,0.90,0.83,0.55,0.20,projected
Broxbourne,2021-07-15,0.99,0.98,0.95,0.90,0.83,0.55,0.20,projected
Broxbourne,2021-07-16,0.99,0.98,0.95,0.90,0.83,0.55,0.20,projected
Broxbourne,2021-07-17,0.99,0.98,0.95,0.90,0.83,0.55,0.20,projected
Broxbourne,2021-07-18,0.99,0.98,0.95,0.90,0.83,0.55,0.20,projected
Broxbourne,2021-07-19,0.99,0.98,0.95,0.90,0.83,0.55,0.20,projected
Broxbourne,2021-07-20,0.99,0.96,0.92,0.87,0.79,0.50,0.19,projected
Broxbourne,2021-07-21,0.99,0.96,0.92,0.87,0.79,0.50,0.19,projected
Broxbourne,2021-07-22,0.99,0.96,0.92,0.87,0.79,0.50,0.19,projected
Broxbourne,2021-07-23,0.99,0.96,0.92,0.87,0.79,0.50,0.19,projected
Broxbourne,2021-07-24,0.99,0.96,0.92,0.87,0.79,0.50,0.19,projected
Broxbourne,2021-07-25,0.99,0.96,0.92,0.87,0.79,0.50,0.19,projected
Broxbourne,2021-07-26,0.99,0.96,0.92,0.87,0.79,0.50,0.19,projected
Broxtowe,2021-03-23,0.00,0.00,0.00,0.00,0.00,0.00,0.00,inferred
Broxtowe,2021-03-24,0.00,0.00,0.00,0.00,0.00,0.00,0.00,inferred
Broxtowe,2021-03-25,0.00,0.00,0.00,0.00,0.00,0.00,0.00,inferred
Broxtowe,2021-03-26,0.00,0.00,0.00,0.00,0.00,0.00,0.00,inferred
Broxtowe,2021-03-27,0.00,0.00,0.00,0.00,0.00,0.00,0.00,inferred
Broxtowe,2021-03-28,0.00,0.00,0.00,0.00,0.00,0.00,0.00,inferred
Broxtowe,2021-03-29,0.00,0.00,0.00,0.00,0.00,0.00,0.00,inferred
Broxtowe,2021-03-30,0.01,0.00,0.00,0.00,0.00,0.00,0.00,inferred
Broxtowe,2021-03-31,0.01,0.00,0.00,0.00,0.00,0.00,0.00,inferred
Broxtowe,2021-04-01,0.01,0.00,0.00,0.00,0.00,0.00,0.00,inferred
Broxtowe,2021-04-02,0.01,0.00,0.00,0.00,0.00,0.00,0.00,inferred
Broxtowe,2021-04-03,0.01,0.00,0.00,0.00,0.00,0.00,0.00,inferred
Broxtowe,2021-04-04,0.01,0.00,0.00,0.00,0.00,0.00,0.00,inferred
Broxtowe,2021-04-05,0.01,0.00,0.00,0.00,0.00,0.00,0.00,inferred
Broxtowe,2021-04-06,0.13,0.06,0.03,0.01,0.00,0.00,0.00,inferred
Broxtowe,2021-04-07,0.13,0.06,0.03,0.01,0.00,0.00,0.00,inferred
Broxtowe,2021-04-08,0.13,0.06,0.03,0.01,0.00,0.00,0.00,inferred
Broxtowe,2021-04-09,0.13,0.06,0.03,0.01,0.00,0.00,0.00,inferred
Broxtowe,2021-04-10,0.13,0.06,0.03,0.01,0.00,0.00,0.00,inferred
Broxtowe,2021-04-11,0.13,0.06,0.03,0.01,0.00,0.00,0.00,inferred
Broxtowe,2021-04-12,0.13,0.06,0.03,0.01,0.00,0.00,0.00,inferred
Broxtowe,2021-04-13,0.62,0.43,0.29,0.16,0.07,0.01,0.00,inferred
Broxtowe,2021-04-14,0.62,0.43,0.29,0.16,0.07,0.01,0.00,inferred
Broxtowe,2021-04-15,0.62,0.43,0.29,0.16,0.07,0.01,0.00,inferred
Broxtowe,2021-04-16,0.62,0.43,0.29,0.16,0.07,0.01,0.00,inferred
Broxtowe,2021-04-17,0.62,0.43,0.29,0.16,0.07,0.01,0.00,inferred
Broxtowe,2021-04-18,0.62,0.43,0.29,0.16,0.07,0.01,0.00,inferred
Broxtowe,2021-04-19,0.62,0.43,0.29,0.16,0.07,0.01,0.00,inferred
Broxtowe,2021-04-20,0.99,0.97,0.92,0.83,0.71,0.29,0.02,inferred
Broxtowe,2021-04-21,0.99,0.97,0.92,0.83,0.71,0.29,0.02,inferred
Broxtowe,2021-04-22,0.99,0.97,0.92,0.83,0.71,0.29,0.02,inferred
Broxtowe,2021-04-23,0.99,0.97,0.92,0.83,0.71,0.29,0.02,inferred
Broxtowe,2021-04-24,0.99,0.97,0.92,0.83,0.71,0.29,0.02,inferred
Broxtowe,2021-04-25,0.99,0.97,0.92,0.83,0.71,0.29,0.02,inferred
Broxtowe,2021-04-26,0.99,0.97,0.92,0.83,0.71,0.29,0.02,inferred
Broxtowe,2021-04-27,1.00,1.00,0.99,0.97,0.92,0.58,0.11,inferred
Broxtowe,2021-04-28,1.00,1.00,0.99,0.97,0.92,0.58,0.11,inferred
Broxtowe,2021-04-29,1.00,1.00,0.99,0.97,0.92,0.58,0.11,inferred
Broxtowe,2021-04-30,1.00,1.00,0.99,0.97,0.92,0.58,0.11,inferred
Broxtowe,2021-05-01,1.00,1.00,0.99,0.97,0.92,0.58,0.11,inferred
Broxtowe,2021-05-02,1.00,1.00,0.99,0.97,0.92,0.58,0.11,inferred
Broxtowe,2021-05-03,1.00,1.00,0.99,0.97,0.92,0.58,0.11,inferred
Broxtowe,2021-05-04,0.89,0.74,0.55,0.36,0.19,0.02,0.00,inferred
Broxtowe,2021-05-05,0.89,0.74,0.55,0.36,0.19,0.02,0.00,inferred
Broxtowe,2021-05-06,0.89,0.74,0.55,0.36,0.19,0.02,0.00,inferred
Broxtowe,2021-05-07,0.89,0.74,0.55,0.36,0.19,0.02,0.00,inferred
Broxtowe,2021-05-08,0.89,0.74,0.55,0.36,0.19,0.02,0.00,inferred
Broxtowe,2021-05-09,0.89,0.74,0.55,0.36,0.19,0.02,0.00,inferred
Broxtowe,2021-05-10,0.89,0.74,0.55,0.36,0.19,0.02,0.00,inferred
Broxtowe,2021-05-11,0.42,0.20,0.08,0.03,0.01,0.00,0.00,inferred
Broxtowe,2021-05-12,0.42,0.20,0.08,0.03,0.01,0.00,0.00,inferred
Broxtowe,2021-05-13,0.42,0.20,0.08,0.03,0.01,0.00,0.00,inferred
Broxtowe,2021-05-14,0.42,0.20,0.08,0.03,0.01,0.00,0.00,inferred
Broxtowe,2021-05-15,0.42,0.20,0.08,0.03,0.01,0.00,0.00,inferred
Broxtowe,2021-05-16,0.42,0.20,0.08,0.03,0.01,0.00,0.00,inferred
Broxtowe,2021-05-17,0.42,0.20,0.08,0.03,0.01,0.00,0.00,inferred
Broxtowe,2021-05-18,0.51,0.31,0.16,0.06,0.03,0.00,0.00,inferred
Broxtowe,2021-05-19,0.51,0.31,0.16,0.06,0.03,0.00,0.00,inferred
Broxtowe,2021-05-20,0.51,0.31,0.16,0.06,0.03,0.00,0.00,inferred
Broxtowe,2021-05-21,0.51,0.31,0.16,0.06,0.03,0.00,0.00,inferred
Broxtowe,2021-05-22,0.51,0.31,0.16,0.06,0.03,0.00,0.00,inferred
Broxtowe,2021-05-23,0.51,0.31,0.16,0.06,0.03,0.00,0.00,inferred
Broxtowe,2021-05-24,0.51,0.31,0.16,0.06,0.03,0.00,0.00,inferred
Broxtowe,2021-05-25,1.00,1.00,0.99,0.97,0.93,0.62,0.10,inferred
Broxtowe,2021-05-26,1.00,1.00,0.99,0.97,0.93,0.62,0.10,inferred
Broxtowe,2021-05-27,1.00,1.00,0.99,0.97,0.93,0.62,0.10,inferred
Broxtowe,2021-05-28,1.00,1.00,0.99,0.97,0.93,0.62,0.10,inferred
Broxtowe,2021-05-29,1.00,1.00,0.99,0.97,0.93,0.62,0.10,inferred
Broxtowe,2021-05-30,1.00,1.00,0.99,0.97,0.93,0.62,0.10,inferred
Broxtowe,2021-05-31,1.00,1.00,0.99,0.97,0.93,0.62,0.10,inferred
Broxtowe,2021-06-01,1.00,1.00,1.00,1.00,1.00,0.94,0.51,inferred
Broxtowe,2021-06-02,1.00,1.00,1.00,1.00,1.00,0.94,0.51,inferred
Broxtowe,2021-06-03,1.00,1.00,1.00,1.00,1.00,0.94,0.51,inferred
Broxtowe,2021-06-04,1.00,1.00,1.00,1.00,1.00,0.94,0.51,inferred
Broxtowe,2021-06-05,1.00,1.00,1.00,1.00,1.00,0.94,0.51,inferred
Broxtowe,2021-06-06,1.00,1.00,1.00,1.00,1.00,0.94,0.51,inferred
Broxtowe,2021-06-07,1.00,1.00,1.00,1.00,1.00,0.94,0.51,inferred
Broxtowe,2021-06-08,1.00,1.00,1.00,0.99,0.98,0.78,0.16,inferred
Broxtowe,2021-06-09,1.00,1.00,1.00,0.99,0.98,0.78,0.16,inferred
Broxtowe,2021-06-10,1.00,1.00,1.00,0.99,0.98,0.78,0.16,inferred
Broxtowe,2021-06-11,1.00,1.00,1.00,0.99,0.98,0.78,0.16,inferred
Broxtowe,2021-06-12,1.00,1.00,1.00,0.99,0.98,0.78,0.16,inferred
Broxtowe,2021-06-13,1.00,1.00,1.00,0.99,0.98,0.78,0.16,inferred
Broxtowe,2021-06-14,1.00,1.00,1.00,0.99,0.98,0.78,0.16,inferred
Broxtowe,2021-06-15,1.00,1.00,1.00,1.00,1.00,0.97,0.37,inferred
Broxtowe,2021-06-16,1.00,1.00,1.00,1.00,1.00,0.97,0.37,inferred
Broxtowe,2021-06-17,1.00,1.00,1.00,1.00,1.00,0.97,0.37,inferred
Broxtowe,2021-06-18,1.00,1.00,1.00,1.00,1.00,0.97,0.37,inferred
Broxtowe,2021-06-19,1.00,1.00,1.00,1.00,1.00,0.97,0.37,inferred
Broxtowe,2021-06-20,1.00,1.00,1.00,1.00,1.00,0.97,0.37,inferred
Broxtowe,2021-06-21,1.00,1.00,1.00,1.00,1.00,0.97,0.37,inferred
Broxtowe,2021-06-22,1.00,1.00,1.00,1.00,1.00,0.96,0.48,inferred
Broxtowe,2021-06-23,1.00,1.00,1.00,1.00,1.00,0.96,0.48,inferred
Broxtowe,2021-06-24,1.00,1.00,1.00,1.00,1.00,0.96,0.48,inferred
Broxtowe,2021-06-25,1.00,1.00,1.00,1.00,1.00,0.96,0.48,inferred
Broxtowe,2021-06-26,1.00,1.00,1.00,1.00,1.00,0.96,0.48,inferred
Broxtowe,2021-06-27,1.00,1.00,1.00,1.00,1.00,0.96,0.48,inferred
Broxtowe,2021-06-28,1.00,1.00,1.00,1.00,1.00,0.96,0.48,inferred
Broxtowe,2021-06-29,1.00,1.00,1.00,0.99,0.98,0.79,0.21,inferred
Broxtowe,2021-06-30,1.00,1.00,1.00,0.99,0.98,0.79,0.21,inferred
Broxtowe,2021-07-01,1.00,1.00,1.00,0.99,0.98,0.79,0.21,inferred
Broxtowe,2021-07-02,1.00,1.00,1.00,0.99,0.98,0.79,0.21,inferred
Broxtowe,2021-07-03,1.00,1.00,1.00,0.99,0.98,0.79,0.21,inferred
Broxtowe,2021-07-04,1.00,1.00,1.00,0.99,0.98,0.79,0.21,inferred
Broxtowe,2021-07-05,1.00,1.00,1.00,0.99,0.98,0.79,0.21,inferred
Broxtowe,2021-07-06,0.99,0.98,0.95,0.90,0.84,0.58,0.19,projected
Broxtowe,2021-07-07,0.99,0.98,0.95,0.90,0.84,0.58,0.19,projected
Broxtowe,2021-07-08,0.99,0.98,0.95,0.90,0.84,0.58,0.19,projected
Broxtowe,2021-07-09,0.99,0.98,0.95,0.90,0.84,0.58,0.19,projected
Broxtowe,2021-07-10,0.99,0.98,0.95,0.90,0.84,0.58,0.19,projected
Broxtowe,2021-07-11,0.99,0.98,0.95,0.90,0.84,0.58,0.19,projected
Broxtowe,2021-07-12,0.99,0.98,0.95,0.90,0.84,0.58,0.19,projected
Broxtowe,2021-07-13,0.97,0.94,0.89,0.83,0.75,0.50,0.20,projected
Broxtowe,2021-07-14,0.97,0.94,0.89,0.83,0.75,0.50,0.20,projected
Broxtowe,2021-07-15,0.97,0.94,0.89,0.83,0.75,0.50,0.20,projected
Broxtowe,2021-07-16,0.97,0.94,0.89,0.83,0.75,0.50,0.20,projected
Broxtowe,2021-07-17,0.97,0.94,0.89,0.83,0.75,0.50,0.20,projected
Broxtowe,2021-07-18,0.97,0.94,0.89,0.83,0.75,0.50,0.20,projected
Broxtowe,2021-07-19,0.97,0.94,0.89,0.83,0.75,0.50,0.20,projected
Broxtowe,2021-07-20,0.96,0.91,0.86,0.79,0.71,0.47,0.21,projected
Broxtowe,2021-07-21,0.96,0.91,0.86,0.79,0.71,0.47,0.21,projected
Broxtowe,2021-07-22,0.96,0.91,0.86,0.79,0.71,0.47,0.21,projected
Broxtowe,2021-07-23,0.96,0.91,0.86,0.79,0.71,0.47,0.21,projected
Broxtowe,2021-07-24,0.96,0.91,0.86,0.79,0.71,0.47,0.21,projected
Broxtowe,2021-07-25,0.96,0.91,0.86,0.79,0.71,0.47,0.21,projected
Broxtowe,2021-07-26,0.96,0.91,0.86,0.79,0.71,0.47,0.21,projected
Buckinghamshire,2021-03-23,0.32,0.05,0.00,0.00,0.00,0.00,0.00,inferred
Buckinghamshire,2021-03-24,0.32,0.05,0.00,0.00,0.00,0.00,0.00,inferred
Buckinghamshire,2021-03-25,0.32,0.05,0.00,0.00,0.00,0.00,0.00,inferred
Buckinghamshire,2021-03-26,0.32,0.05,0.00,0.00,0.00,0.00,0.00,inferred
Buckinghamshire,2021-03-27,0.32,0.05,0.00,0.00,0.00,0.00,0.00,inferred
Buckinghamshire,2021-03-28,0.32,0.05,0.00,0.00,0.00,0.00,0.00,inferred
Buckinghamshire,2021-03-29,0.32,0.05,0.00,0.00,0.00,0.00,0.00,inferred
Buckinghamshire,2021-03-30,0.99,0.91,0.67,0.36,0.12,0.00,0.00,inferred
Buckinghamshire,2021-03-31,0.99,0.91,0.67,0.36,0.12,0.00,0.00,inferred
Buckinghamshire,2021-04-01,0.99,0.91,0.67,0.36,0.12,0.00,0.00,inferred
Buckinghamshire,2021-04-02,0.99,0.91,0.67,0.36,0.12,0.00,0.00,inferred
Buckinghamshire,2021-04-03,0.99,0.91,0.67,0.36,0.12,0.00,0.00,inferred
Buckinghamshire,2021-04-04,0.99,0.91,0.67,0.36,0.12,0.00,0.00,inferred
Buckinghamshire,2021-04-05,0.99,0.91,0.67,0.36,0.12,0.00,0.00,inferred
Buckinghamshire,2021-04-06,0.78,0.47,0.18,0.05,0.01,0.00,0.00,inferred
Buckinghamshire,2021-04-07,0.78,0.47,0.18,0.05,0.01,0.00,0.00,inferred
Buckinghamshire,2021-04-08,0.78,0.47,0.18,0.05,0.01,0.00,0.00,inferred
Buckinghamshire,2021-04-09,0.78,0.47,0.18,0.05,0.01,0.00,0.00,inferred
Buckinghamshire,2021-04-10,0.78,0.47,0.18,0.05,0.01,0.00,0.00,inferred
Buckinghamshire,2021-04-11,0.78,0.47,0.18,0.05,0.01,0.00,0.00,inferred
Buckinghamshire,2021-04-12,0.78,0.47,0.18,0.05,0.01,0.00,0.00,inferred
Buckinghamshire,2021-04-13,0.83,0.53,0.20,0.06,0.01,0.00,0.00,inferred
Buckinghamshire,2021-04-14,0.83,0.53,0.20,0.06,0.01,0.00,0.00,inferred
Buckinghamshire,2021-04-15,0.83,0.53,0.20,0.06,0.01,0.00,0.00,inferred
Buckinghamshire,2021-04-16,0.83,0.53,0.20,0.06,0.01,0.00,0.00,inferred
Buckinghamshire,2021-04-17,0.83,0.53,0.20,0.06,0.01,0.00,0.00,inferred
Buckinghamshire,2021-04-18,0.83,0.53,0.20,0.06,0.01,0.00,0.00,inferred
Buckinghamshire,2021-04-19,0.83,0.53,0.20,0.06,0.01,0.00,0.00,inferred
Buckinghamshire,2021-04-20,0.17,0.03,0.00,0.00,0.00,0.00,0.00,inferred
Buckinghamshire,2021-04-21,0.17,0.03,0.00,0.00,0.00,0.00,0.00,inferred
Buckinghamshire,2021-04-22,0.17,0.03,0.00,0.00,0.00,0.00,0.00,inferred
Buckinghamshire,2021-04-23,0.17,0.03,0.00,0.00,0.00,0.00,0.00,inferred
Buckinghamshire,2021-04-24,0.17,0.03,0.00,0.00,0.00,0.00,0.00,inferred
Buckinghamshire,2021-04-25,0.17,0.03,0.00,0.00,0.00,0.00,0.00,inferred
Buckinghamshire,2021-04-26,0.17,0.03,0.00,0.00,0.00,0.00,0.00,inferred
Buckinghamshire,2021-04-27,0.36,0.14,0.04,0.01,0.00,0.00,0.00,inferred
Buckinghamshire,2021-04-28,0.36,0.14,0.04,0.01,0.00,0.00,0.00,inferred
Buckinghamshire,2021-04-29,0.36,0.14,0.04,0.01,0.00,0.00,0.00,inferred
Buckinghamshire,2021-04-30,0.36,0.14,0.04,0.01,0.00,0.00,0.00,inferred
Buckinghamshire,2021-05-01,0.36,0.14,0.04,0.01,0.00,0.00,0.00,inferred
Buckinghamshire,2021-05-02,0.36,0.14,0.04,0.01,0.00,0.00,0.00,inferred
Buckinghamshire,2021-05-03,0.36,0.14,0.04,0.01,0.00,0.00,0.00,inferred
Buckinghamshire,2021-05-04,0.80,0.55,0.28,0.11,0.03,0.00,0.00,inferred
Buckinghamshire,2021-05-05,0.80,0.55,0.28,0.11,0.03,0.00,0.00,inferred
Buckinghamshire,2021-05-06,0.80,0.55,0.28,0.11,0.03,0.00,0.00,inferred
Buckinghamshire,2021-05-07,0.80,0.55,0.28,0.11,0.03,0.00,0.00,inferred
Buckinghamshire,2021-05-08,0.80,0.55,0.28,0.11,0.03,0.00,0.00,inferred
Buckinghamshire,2021-05-09,0.80,0.55,0.28,0.11,0.03,0.00,0.00,inferred
Buckinghamshire,2021-05-10,0.80,0.55,0.28,0.11,0.03,0.00,0.00,inferred
Buckinghamshire,2021-05-11,1.00,1.00,0.95,0.84,0.63,0.09,0.00,inferred
Buckinghamshire,2021-05-12,1.00,1.00,0.95,0.84,0.63,0.09,0.00,inferred
Buckinghamshire,2021-05-13,1.00,1.00,0.95,0.84,0.63,0.09,0.00,inferred
Buckinghamshire,2021-05-14,1.00,1.00,0.95,0.84,0.63,0.09,0.00,inferred
Buckinghamshire,2021-05-15,1.00,1.00,0.95,0.84,0.63,0.09,0.00,inferred
Buckinghamshire,2021-05-16,1.00,1.00,0.95,0.84,0.63,0.09,0.00,inferred
Buckinghamshire,2021-05-17,1.00,1.00,0.95,0.84,0.63,0.09,0.00,inferred
Buckinghamshire,2021-05-18,1.00,1.00,1.00,1.00,1.00,0.83,0.11,inferred
Buckinghamshire,2021-05-19,1.00,1.00,1.00,1.00,1.00,0.83,0.11,inferred
Buckinghamshire,2021-05-20,1.00,1.00,1.00,1.00,1.00,0.83,0.11,inferred
Buckinghamshire,2021-05-21,1.00,1.00,1.00,1.00,1.00,0.83,0.11,inferred
Buckinghamshire,2021-05-22,1.00,1.00,1.00,1.00,1.00,0.83,0.11,inferred
Buckinghamshire,2021-05-23,1.00,1.00,1.00,1.00,1.00,0.83,0.11,inferred
Buckinghamshire,2021-05-24,1.00,1.00,1.00,1.00,1.00,0.83,0.11,inferred
Buckinghamshire,2021-05-25,1.00,1.00,1.00,1.00,0.99,0.83,0.16,inferred
Buckinghamshire,2021-05-26,1.00,1.00,1.00,1.00,0.99,0.83,0.16,inferred
Buckinghamshire,2021-05-27,1.00,1.00,1.00,1.00,0.99,0.83,0.16,inferred
Buckinghamshire,2021-05-28,1.00,1.00,1.00,1.00,0.99,0.83,0.16,inferred
Buckinghamshire,2021-05-29,1.00,1.00,1.00,1.00,0.99,0.83,0.16,inferred
Buckinghamshire,2021-05-30,1.00,1.00,1.00,1.00,0.99,0.83,0.16,inferred
Buckinghamshire,2021-05-31,1.00,1.00,1.00,1.00,0.99,0.83,0.16,inferred
Buckinghamshire,2021-06-01,1.00,0.99,0.90,0.66,0.39,0.02,0.00,inferred
Buckinghamshire,2021-06-02,1.00,0.99,0.90,0.66,0.39,0.02,0.00,inferred
Buckinghamshire,2021-06-03,1.00,0.99,0.90,0.66,0.39,0.02,0.00,inferred
Buckinghamshire,2021-06-04,1.00,0.99,0.90,0.66,0.39,0.02,0.00,inferred
Buckinghamshire,2021-06-05,1.00,0.99,0.90,0.66,0.39,0.02,0.00,inferred
Buckinghamshire,2021-06-06,1.00,0.99,0.90,0.66,0.39,0.02,0.00,inferred
Buckinghamshire,2021-06-07,1.00,0.99,0.90,0.66,0.39,0.02,0.00,inferred
Buckinghamshire,2021-06-08,1.00,1.00,0.99,0.87,0.61,0.03,0.00,inferred
Buckinghamshire,2021-06-09,1.00,1.00,0.99,0.87,0.61,0.03,0.00,inferred
Buckinghamshire,2021-06-10,1.00,1.00,0.99,0.87,0.61,0.03,0.00,inferred
Buckinghamshire,2021-06-11,1.00,1.00,0.99,0.87,0.61,0.03,0.00,inferred
Buckinghamshire,2021-06-12,1.00,1.00,0.99,0.87,0.61,0.03,0.00,inferred
Buckinghamshire,2021-06-13,1.00,1.00,0.99,0.87,0.61,0.03,0.00,inferred
Buckinghamshire,2021-06-14,1.00,1.00,0.99,0.87,0.61,0.03,0.00,inferred
Buckinghamshire,2021-06-15,1.00,1.00,1.00,1.00,1.00,1.00,0.49,inferred
Buckinghamshire,2021-06-16,1.00,1.00,1.00,1.00,1.00,1.00,0.49,inferred
Buckinghamshire,2021-06-17,1.00,1.00,1.00,1.00,1.00,1.00,0.49,inferred
Buckinghamshire,2021-06-18,1.00,1.00,1.00,1.00,1.00,1.00,0.49,inferred
Buckinghamshire,2021-06-19,1.00,1.00,1.00,1.00,1.00,1.00,0.49,inferred
Buckinghamshire,2021-06-20,1.00,1.00,1.00,1.00,1.00,1.00,0.49,inferred
Buckinghamshire,2021-06-21,1.00,1.00,1.00,1.00,1.00,1.00,0.49,inferred
Buckinghamshire,2021-06-22,1.00,1.00,1.00,1.00,1.00,0.94,0.55,inferred
Buckinghamshire,2021-06-23,1.00,1.00,1.00,1.00,1.00,0.94,0.55,inferred
Buckinghamshire,2021-06-24,1.00,1.00,1.00,1.00,1.00,0.94,0.55,inferred
Buckinghamshire,2021-06-25,1.00,1.00,1.00,1.00,1.00,0.94,0.55,inferred
Buckinghamshire,2021-06-26,1.00,1.00,1.00,1.00,1.00,0.94,0.55,inferred
Buckinghamshire,2021-06-27,1.00,1.00,1.00,1.00,1.00,0.94,0.55,inferred
Buckinghamshire,2021-06-28,1.00,1.00,1.00,1.00,1.00,0.94,0.55,inferred
Buckinghamshire,2021-06-29,0.99,0.95,0.84,0.67,0.45,0.07,0.00,inferred
Buckinghamshire,2021-06-30,0.99,0.95,0.84,0.67,0.45,0.07,0.00,inferred
Buckinghamshire,2021-07-01,0.99,0.95,0.84,0.67,0.45,0.07,0.00,inferred
Buckinghamshire,2021-07-02,0.99,0.95,0.84,0.67,0.45,0.07,0.00,inferred
Buckinghamshire,2021-07-03,0.99,0.95,0.84,0.67,0.45,0.07,0.00,inferred
Buckinghamshire,2021-07-04,0.99,0.95,0.84,0.67,0.45,0.07,0.00,inferred
Buckinghamshire,2021-07-05,0.99,0.95,0.84,0.67,0.45,0.07,0.00,inferred
Buckinghamshire,2021-07-06,0.94,0.86,0.75,0.61,0.49,0.18,0.02,projected
Buckinghamshire,2021-07-07,0.94,0.86,0.75,0.61,0.49,0.18,0.02,projected
Buckinghamshire,2021-07-08,0.94,0.86,0.75,0.61,0.49,0.18,0.02,projected
Buckinghamshire,2021-07-09,0.94,0.86,0.75,0.61,0.49,0.18,0.02,projected
Buckinghamshire,2021-07-10,0.94,0.86,0.75,0.61,0.49,0.18,0.02,projected
Buckinghamshire,2021-07-11,0.94,0.86,0.75,0.61,0.49,0.18,0.02,projected
Buckinghamshire,2021-07-12,0.94,0.86,0.75,0.61,0.49,0.18,0.02,projected
Buckinghamshire,2021-07-13,0.92,0.85,0.74,0.62,0.50,0.24,0.06,projected
Buckinghamshire,2021-07-14,0.92,0.85,0.74,0.62,0.50,0.24,0.06,projected
Buckinghamshire,2021-07-15,0.92,0.85,0.74,0.62,0.50,0.24,0.06,projected
Buckinghamshire,2021-07-16,0.92,0.85,0.74,0.62,0.50,0.24,0.06,projected
Buckinghamshire,2021-07-17,0.92,0.85,0.74,0.62,0.50,0.24,0.06,projected
Buckinghamshire,2021-07-18,0.92,0.85,0.74,0.62,0.50,0.24,0.06,projected
Buckinghamshire,2021-07-19,0.92,0.85,0.74,0.62,0.50,0.24,0.06,projected
Buckinghamshire,2021-07-20,0.93,0.88,0.78,0.67,0.56,0.28,0.08,projected
Buckinghamshire,2021-07-21,0.93,0.88,0.78,0.67,0.56,0.28,0.08,projected
Buckinghamshire,2021-07-22,0.93,0.88,0.78,0.67,0.56,0.28,0.08,projected
Buckinghamshire,2021-07-23,0.93,0.88,0.78,0.67,0.56,0.28,0.08,projected
Buckinghamshire,2021-07-24,0.93,0.88,0.78,0.67,0.56,0.28,0.08,projected
Buckinghamshire,2021-07-25,0.93,0.88,0.78,0.67,0.56,0.28,0.08,projected
Buckinghamshire,2021-07-26,0.93,0.88,0.78,0.67,0.56,0.28,0.08,projected
Burnley,2021-03-23,0.10,0.03,0.01,0.00,0.00,0.00,0.00,inferred
Burnley,2021-03-24,0.10,0.03,0.01,0.00,0.00,0.00,0.00,inferred
Burnley,2021-03-25,0.10,0.03,0.01,0.00,0.00,0.00,0.00,inferred
Burnley,2021-03-26,0.10,0.03,0.01,0.00,0.00,0.00,0.00,inferred
Burnley,2021-03-27,0.10,0.03,0.01,0.00,0.00,0.00,0.00,inferred
Burnley,2021-03-28,0.10,0.03,0.01,0.00,0.00,0.00,0.00,inferred
Burnley,2021-03-29,0.10,0.03,0.01,0.00,0.00,0.00,0.00,inferred
Burnley,2021-03-30,0.17,0.06,0.02,0.00,0.00,0.00,0.00,inferred
Burnley,2021-03-31,0.17,0.06,0.02,0.00,0.00,0.00,0.00,inferred
Burnley,2021-04-01,0.17,0.06,0.02,0.00,0.00,0.00,0.00,inferred
Burnley,2021-04-02,0.17,0.06,0.02,0.00,0.00,0.00,0.00,inferred
Burnley,2021-04-03,0.17,0.06,0.02,0.00,0.00,0.00,0.00,inferred
Burnley,2021-04-04,0.17,0.06,0.02,0.00,0.00,0.00,0.00,inferred
Burnley,2021-04-05,0.17,0.06,0.02,0.00,0.00,0.00,0.00,inferred
Burnley,2021-04-06,0.46,0.24,0.12,0.05,0.02,0.00,0.00,inferred
Burnley,2021-04-07,0.46,0.24,0.12,0.05,0.02,0.00,0.00,inferred
Burnley,2021-04-08,0.46,0.24,0.12,0.05,0.02,0.00,0.00,inferred
Burnley,2021-04-09,0.46,0.24,0.12,0.05,0.02,0.00,0.00,inferred
Burnley,2021-04-10,0.46,0.24,0.12,0.05,0.02,0.00,0.00,inferred
Burnley,2021-04-11,0.46,0.24,0.12,0.05,0.02,0.00,0.00,inferred
Burnley,2021-04-12,0.46,0.24,0.12,0.05,0.02,0.00,0.00,inferred
Burnley,2021-04-13,0.75,0.54,0.36,0.21,0.11,0.01,0.00,inferred
Burnley,2021-04-14,0.75,0.54,0.36,0.21,0.11,0.01,0.00,inferred
Burnley,2021-04-15,0.75,0.54,0.36,0.21,0.11,0.01,0.00,inferred
Burnley,2021-04-16,0.75,0.54,0.36,0.21,0.11,0.01,0.00,inferred
Burnley,2021-04-17,0.75,0.54,0.36,0.21,0.11,0.01,0.00,inferred
Burnley,2021-04-18,0.75,0.54,0.36,0.21,0.11,0.01,0.00,inferred
Burnley,2021-04-19,0.75,0.54,0.36,0.21,0.11,0.01,0.00,inferred
Burnley,2021-04-20,0.88,0.74,0.56,0.39,0.24,0.03,0.00,inferred
Burnley,2021-04-21,0.88,0.74,0.56,0.39,0.24,0.03,0.00,inferred
Burnley,2021-04-22,0.88,0.74,0.56,0.39,0.24,0.03,0.00,inferred
Burnley,2021-04-23,0.88,0.74,0.56,0.39,0.24,0.03,0.00,inferred
Burnley,2021-04-24,0.88,0.74,0.56,0.39,0.24,0.03,0.00,inferred
Burnley,2021-04-25,0.88,0.74,0.56,0.39,0.24,0.03,0.00,inferred
Burnley,2021-04-26,0.88,0.74,0.56,0.39,0.24,0.03,0.00,inferred
Burnley,2021-04-27,0.99,0.96,0.90,0.80,0.64,0.21,0.01,inferred
Burnley,2021-04-28,0.99,0.96,0.90,0.80,0.64,0.21,0.01,inferred
Burnley,2021-04-29,0.99,0.96,0.90,0.80,0.64,0.21,0.01,inferred
Burnley,2021-04-30,0.99,0.96,0.90,0.80,0.64,0.21,0.01,inferred
Burnley,2021-05-01,0.99,0.96,0.90,0.80,0.64,0.21,0.01,inferred
Burnley,2021-05-02,0.99,0.96,0.90,0.80,0.64,0.21,0.01,inferred
Burnley,2021-05-03,0.99,0.96,0.90,0.80,0.64,0.21,0.01,inferred
Burnley,2021-05-04,1.00,1.00,0.99,0.97,0.92,0.55,0.07,inferred
Burnley,2021-05-05,1.00,1.00,0.99,0.97,0.92,0.55,0.07,inferred
Burnley,2021-05-06,1.00,1.00,0.99,0.97,0.92,0.55,0.07,inferred
Burnley,2021-05-07,1.00,1.00,0.99,0.97,0.92,0.55,0.07,inferred
Burnley,2021-05-08,1.00,1.00,0.99,0.97,0.92,0.55,0.07,inferred
Burnley,2021-05-09,1.00,1.00,0.99,0.97,0.92,0.55,0.07,inferred
Burnley,2021-05-10,1.00,1.00,0.99,0.97,0.92,0.55,0.07,inferred
Burnley,2021-05-11,1.00,1.00,1.00,1.00,0.98,0.79,0.16,inferred
Burnley,2021-05-12,1.00,1.00,1.00,1.00,0.98,0.79,0.16,inferred
Burnley,2021-05-13,1.00,1.00,1.00,1.00,0.98,0.79,0.16,inferred
Burnley,2021-05-14,1.00,1.00,1.00,1.00,0.98,0.79,0.16,inferred
Burnley,2021-05-15,1.00,1.00,1.00,1.00,0.98,0.79,0.16,inferred
Burnley,2021-05-16,1.00,1.00,1.00,1.00,0.98,0.79,0.16,inferred
Burnley,2021-05-17,1.00,1.00,1.00,1.00,0.98,0.79,0.16,inferred
Burnley,2021-05-18,1.00,1.00,1.00,1.00,1.00,0.89,0.23,inferred
Burnley,2021-05-19,1.00,1.00,1.00,1.00,1.00,0.89,0.23,inferred
Burnley,2021-05-20,1.00,1.00,1.00,1.00,1.00,0.89,0.23,inferred
Burnley,2021-05-21,1.00,1.00,1.00,1.00,1.00,0.89,0.23,inferred
Burnley,2021-05-22,1.00,1.00,1.00,1.00,1.00,0.89,0.23,inferred
Burnley,2021-05-23,1.00,1.00,1.00,1.00,1.00,0.89,0.23,inferred
Burnley,2021-05-24,1.00,1.00,1.00,1.00,1.00,0.89,0.23,inferred
Burnley,2021-05-25,1.00,1.00,1.00,1.00,1.00,0.98,0.64,inferred
Burnley,2021-05-26,1.00,1.00,1.00,1.00,1.00,0.98,0.64,inferred
Burnley,2021-05-27,1.00,1.00,1.00,1.00,1.00,0.98,0.64,inferred
Burnley,2021-05-28,1.00,1.00,1.00,1.00,1.00,0.98,0.64,inferred
Burnley,2021-05-29,1.00,1.00,1.00,1.00,1.00,0.98,0.64,inferred
Burnley,2021-05-30,1.00,1.00,1.00,1.00,1.00,0.98,0.64,inferred
Burnley,2021-05-31,1.00,1.00,1.00,1.00,1.00,0.98,0.64,inferred
Burnley,2021-06-01,1.00,1.00,0.98,0.91,0.75,0.17,0.00,inferred
Burnley,2021-06-02,1.00,1.00,0.98,0.91,0.75,0.17,0.00,inferred
Burnley,2021-06-03,1.00,1.00,0.98,0.91,0.75,0.17,0.00,inferred
Burnley,2021-06-04,1.00,1.00,0.98,0.91,0.75,0.17,0.00,inferred
Burnley,2021-06-05,1.00,1.00,0.98,0.91,0.75,0.17,0.00,inferred
Burnley,2021-06-06,1.00,1.00,0.98,0.91,0.75,0.17,0.00,inferred
Burnley,2021-06-07,1.00,1.00,0.98,0.91,0.75,0.17,0.00,inferred
Burnley,2021-06-08,0.99,0.87,0.47,0.15,0.03,0.00,0.00,inferred
Burnley,2021-06-09,0.99,0.87,0.47,0.15,0.03,0.00,0.00,inferred
Burnley,2021-06-10,0.99,0.87,0.47,0.15,0.03,0.00,0.00,inferred
Burnley,2021-06-11,0.99,0.87,0.47,0.15,0.03,0.00,0.00,inferred
Burnley,2021-06-12,0.99,0.87,0.47,0.15,0.03,0.00,0.00,inferred
Burnley,2021-06-13,0.99,0.87,0.47,0.15,0.03,0.00,0.00,inferred
Burnley,2021-06-14,0.99,0.87,0.47,0.15,0.03,0.00,0.00,inferred
Burnley,2021-06-15,1.00,1.00,0.99,0.91,0.57,0.01,0.00,inferred
Burnley,2021-06-16,1.00,1.00,0.99,0.91,0.57,0.01,0.00,inferred
Burnley,2021-06-17,1.00,1.00,0.99,0.91,0.57,0.01,0.00,inferred
Burnley,2021-06-18,1.00,1.00,0.99,0.91,0.57,0.01,0.00,inferred
Burnley,2021-06-19,1.00,1.00,0.99,0.91,0.57,0.01,0.00,inferred
Burnley,2021-06-20,1.00,1.00,0.99,0.91,0.57,0.01,0.00,inferred
Burnley,2021-06-21,1.00,1.00,0.99,0.91,0.57,0.01,0.00,inferred
Burnley,2021-06-22,1.00,1.00,0.95,0.72,0.34,0.00,0.00,inferred
Burnley,2021-06-23,1.00,1.00,0.95,0.72,0.34,0.00,0.00,inferred
Burnley,2021-06-24,1.00,1.00,0.95,0.72,0.34,0.00,0.00,inferred
Burnley,2021-06-25,1.00,1.00,0.95,0.72,0.34,0.00,0.00,inferred
Burnley,2021-06-26,1.00,1.00,0.95,0.72,0.34,0.00,0.00,inferred
Burnley,2021-06-27,1.00,1.00,0.95,0.72,0.34,0.00,0.00,inferred
Burnley,2021-06-28,1.00,1.00,0.95,0.72,0.34,0.00,0.00,inferred
Burnley,2021-06-29,0.71,0.46,0.23,0.09,0.03,0.00,0.00,inferred
Burnley,2021-06-30,0.71,0.46,0.23,0.09,0.03,0.00,0.00,inferred
Burnley,2021-07-01,0.71,0.46,0.23,0.09,0.03,0.00,0.00,inferred
Burnley,2021-07-02,0.71,0.46,0.23,0.09,0.03,0.00,0.00,inferred
Burnley,2021-07-03,0.71,0.46,0.23,0.09,0.03,0.00,0.00,inferred
Burnley,2021-07-04,0.71,0.46,0.23,0.09,0.03,0.00,0.00,inferred
Burnley,2021-07-05,0.71,0.46,0.23,0.09,0.03,0.00,0.00,inferred
Burnley,2021-07-06,0.63,0.48,0.33,0.22,0.15,0.03,0.00,projected
Burnley,2021-07-07,0.63,0.48,0.33,0.22,0.15,0.03,0.00,projected
Burnley,2021-07-08,0.63,0.48,0.33,0.22,0.15,0.03,0.00,projected
Burnley,2021-07-09,0.63,0.48,0.33,0.22,0.15,0.03,0.00,projected
Burnley,2021-07-10,0.63,0.48,0.33,0.22,0.15,0.03,0.00,projected
Burnley,2021-07-11,0.63,0.48,0.33,0.22,0.15,0.03,0.00,projected
Burnley,2021-07-12,0.63,0.48,0.33,0.22,0.15,0.03,0.00,projected
Burnley,2021-07-13,0.62,0.48,0.37,0.27,0.19,0.06,0.01,projected
Burnley,2021-07-14,0.62,0.48,0.37,0.27,0.19,0.06,0.01,projected
Burnley,2021-07-15,0.62,0.48,0.37,0.27,0.19,0.06,0.01,projected
Burnley,2021-07-16,0.62,0.48,0.37,0.27,0.19,0.06,0.01,projected
Burnley,2021-07-17,0.62,0.48,0.37,0.27,0.19,0.06,0.01,projected
Burnley,2021-07-18,0.62,0.48,0.37,0.27,0.19,0.06,0.01,projected
Burnley,2021-07-19,0.62,0.48,0.37,0.27,0.19,0.06,0.01,projected
Burnley,2021-07-20,0.64,0.52,0.43,0.32,0.24,0.10,0.03,projected
Burnley,2021-07-21,0.64,0.52,0.43,0.32,0.24,0.10,0.03,projected
Burnley,2021-07-22,0.64,0.52,0.43,0.32,0.24,0.10,0.03,projected
Burnley,2021-07-23,0.64,0.52,0.43,0.32,0.24,0.10,0.03,projected
Burnley,2021-07-24,0.64,0.52,0.43,0.32,0.24,0.10,0.03,projected
Burnley,2021-07-25,0.64,0.52,0.43,0.32,0.24,0.10,0.03,projected
Burnley,2021-07-26,0.64,0.52,0.43,0.32,0.24,0.10,0.03,projected
Bury,2021-03-23,0.04,0.00,0.00,0.00,0.00,0.00,0.00,inferred
Bury,2021-03-24,0.04,0.00,0.00,0.00,0.00,0.00,0.00,inferred
Bury,2021-03-25,0.04,0.00,0.00,0.00,0.00,0.00,0.00,inferred
Bury,2021-03-26,0.04,0.00,0.00,0.00,0.00,0.00,0.00,inferred
Bury,2021-03-27,0.04,0.00,0.00,0.00,0.00,0.00,0.00,inferred
Bury,2021-03-28,0.04,0.00,0.00,0.00,0.00,0.00,0.00,inferred
Bury,2021-03-29,0.04,0.00,0.00,0.00,0.00,0.00,0.00,inferred
Bury,2021-03-30,0.16,0.04,0.00,0.00,0.00,0.00,0.00,inferred
Bury,2021-03-31,0.16,0.04,0.00,0.00,0.00,0.00,0.00,inferred
Bury,2021-04-01,0.16,0.04,0.00,0.00,0.00,0.00,0.00,inferred
Bury,2021-04-02,0.16,0.04,0.00,0.00,0.00,0.00,0.00,inferred
Bury,2021-04-03,0.16,0.04,0.00,0.00,0.00,0.00,0.00,inferred
Bury,2021-04-04,0.16,0.04,0.00,0.00,0.00,0.00,0.00,inferred
Bury,2021-04-05,0.16,0.04,0.00,0.00,0.00,0.00,0.00,inferred
Bury,2021-04-06,0.23,0.07,0.02,0.00,0.00,0.00,0.00,inferred
Bury,2021-04-07,0.23,0.07,0.02,0.00,0.00,0.00,0.00,inferred
Bury,2021-04-08,0.23,0.07,0.02,0.00,0.00,0.00,0.00,inferred
Bury,2021-04-09,0.23,0.07,0.02,0.00,0.00,0.00,0.00,inferred
Bury,2021-04-10,0.23,0.07,0.02,0.00,0.00,0.00,0.00,inferred
Bury,2021-04-11,0.23,0.07,0.02,0.00,0.00,0.00,0.00,inferred
Bury,2021-04-12,0.23,0.07,0.02,0.00,0.00,0.00,0.00,inferred
Bury,2021-04-13,0.58,0.31,0.12,0.03,0.01,0.00,0.00,inferred
Bury,2021-04-14,0.58,0.31,0.12,0.03,0.01,0.00,0.00,inferred
Bury,2021-04-15,0.58,0.31,0.12,0.03,0.01,0.00,0.00,inferred
Bury,2021-04-16,0.58,0.31,0.12,0.03,0.01,0.00,0.00,inferred
Bury,2021-04-17,0.58,0.31,0.12,0.03,0.01,0.00,0.00,inferred
Bury,2021-04-18,0.58,0.31,0.12,0.03,0.01,0.00,0.00,inferred
Bury,2021-04-19,0.58,0.31,0.12,0.03,0.01,0.00,0.00,inferred
Bury,2021-04-20,0.77,0.51,0.26,0.10,0.03,0.00,0.00,inferred
Bury,2021-04-21,0.77,0.51,0.26,0.10,0.03,0.00,0.00,inferred
Bury,2021-04-22,0.77,0.51,0.26,0.10,0.03,0.00,0.00,inferred
Bury,2021-04-23,0.77,0.51,0.26,0.10,0.03,0.00,0.00,inferred
Bury,2021-04-24,0.77,0.51,0.26,0.10,0.03,0.00,0.00,inferred
Bury,2021-04-25,0.77,0.51,0.26,0.10,0.03,0.00,0.00,inferred
Bury,2021-04-26,0.77,0.51,0.26,0.10,0.03,0.00,0.00,inferred
Bury,2021-04-27,0.97,0.87,0.72,0.49,0.30,0.02,0.00,inferred
Bury,2021-04-28,0.97,0.87,0.72,0.49,0.30,0.02,0.00,inferred
Bury,2021-04-29,0.97,0.87,0.72,0.49,0.30,0.02,0.00,inferred
Bury,2021-04-30,0.97,0.87,0.72,0.49,0.30,0.02,0.00,inferred
Bury,2021-05-01,0.97,0.87,0.72,0.49,0.30,0.02,0.00,inferred
Bury,2021-05-02,0.97,0.87,0.72,0.49,0.30,0.02,0.00,inferred
Bury,2021-05-03,0.97,0.87,0.72,0.49,0.30,0.02,0.00,inferred
Bury,2021-05-04,1.00,1.00,1.00,1.00,0.99,0.79,0.09,inferred
Bury,2021-05-05,1.00,1.00,1.00,1.00,0.99,0.79,0.09,inferred
Bury,2021-05-06,1.00,1.00,1.00,1.00,0.99,0.79,0.09,inferred
Bury,2021-05-07,1.00,1.00,1.00,1.00,0.99,0.79,0.09,inferred
Bury,2021-05-08,1.00,1.00,1.00,1.00,0.99,0.79,0.09,inferred
Bury,2021-05-09,1.00,1.00,1.00,1.00,0.99,0.79,0.09,inferred
Bury,2021-05-10,1.00,1.00,1.00,1.00,0.99,0.79,0.09,inferred
Bury,2021-05-11,1.00,1.00,1.00,1.00,1.00,0.90,0.27,inferred
Bury,2021-05-12,1.00,1.00,1.00,1.00,1.00,0.90,0.27,inferred
Bury,2021-05-13,1.00,1.00,1.00,1.00,1.00,0.90,0.27,inferred
Bury,2021-05-14,1.00,1.00,1.00,1.00,1.00,0.90,0.27,inferred
Bury,2021-05-15,1.00,1.00,1.00,1.00,1.00,0.90,0.27,inferred
Bury,2021-05-16,1.00,1.00,1.00,1.00,1.00,0.90,0.27,inferred
Bury,2021-05-17,1.00,1.00,1.00,1.00,1.00,0.90,0.27,inferred
Bury,2021-05-18,1.00,1.00,1.00,1.00,1.00,0.95,0.44,inferred
Bury,2021-05-19,1.00,1.00,1.00,1.00,1.00,0.95,0.44,inferred
Bury,2021-05-20,1.00,1.00,1.00,1.00,1.00,0.95,0.44,inferred
Bury,2021-05-21,1.00,1.00,1.00,1.00,1.00,0.95,0.44,inferred
Bury,2021-05-22,1.00,1.00,1.00,1.00,1.00,0.95,0.44,inferred
Bury,2021-05-23,1.00,1.00,1.00,1.00,1.00,0.95,0.44,inferred
Bury,2021-05-24,1.00,1.00,1.00,1.00,1.00,0.95,0.44,inferred
Bury,2021-05-25,1.00,1.00,1.00,1.00,1.00,0.90,0.16,inferred
Bury,2021-05-26,1.00,1.00,1.00,1.00,1.00,0.90,0.16,inferred
Bury,2021-05-27,1.00,1.00,1.00,1.00,1.00,0.90,0.16,inferred
Bury,2021-05-28,1.00,1.00,1.00,1.00,1.00,0.90,0.16,inferred
Bury,2021-05-29,1.00,1.00,1.00,1.00,1.00,0.90,0.16,inferred
Bury,2021-05-30,1.00,1.00,1.00,1.00,1.00,0.90,0.16,inferred
Bury,2021-05-31,1.00,1.00,1.00,1.00,1.00,0.90,0.16,inferred
Bury,2021-06-01,1.00,1.00,1.00,0.99,0.89,0.20,0.00,inferred
Bury,2021-06-02,1.00,1.00,1.00,0.99,0.89,0.20,0.00,inferred
Bury,2021-06-03,1.00,1.00,1.00,0.99,0.89,0.20,0.00,inferred
Bury,2021-06-04,1.00,1.00,1.00,0.99,0.89,0.20,0.00,inferred
Bury,2021-06-05,1.00,1.00,1.00,0.99,0.89,0.20,0.00,inferred
Bury,2021-06-06,1.00,1.00,1.00,0.99,0.89,0.20,0.00,inferred
Bury,2021-06-07,1.00,1.00,1.00,0.99,0.89,0.20,0.00,inferred
Bury,2021-06-08,1.00,1.00,0.93,0.62,0.24,0.00,0.00,inferred
Bury,2021-06-09,1.00,1.00,0.93,0.62,0.24,0.00,0.00,inferred
Bury,2021-06-10,1.00,1.00,0.93,0.62,0.24,0.00,0.00,inferred
Bury,2021-06-11,1.00,1.00,0.93,0.62,0.24,0.00,0.00,inferred
Bury,2021-06-12,1.00,1.00,0.93,0.62,0.24,0.00,0.00,inferred
Bury,2021-06-13,1.00,1.00,0.93,0.62,0.24,0.00,0.00,inferred
Bury,2021-06-14,1.00,1.00,0.93,0.62,0.24,0.00,0.00,inferred
Bury,2021-06-15,1.00,1.00,1.00,0.82,0.33,0.00,0.00,inferred
Bury,2021-06-16,1.00,1.00,1.00,0.82,0.33,0.00,0.00,inferred
Bury,2021-06-17,1.00,1.00,1.00,0.82,0.33,0.00,0.00,inferred
Bury,2021-06-18,1.00,1.00,1.00,0.82,0.33,0.00,0.00,inferred
Bury,2021-06-19,1.00,1.00,1.00,0.82,0.33,0.00,0.00,inferred
Bury,2021-06-20,1.00,1.00,1.00,0.82,0.33,0.00,0.00,inferred
Bury,2021-06-21,1.00,1.00,1.00,0.82,0.33,0.00,0.00,inferred
Bury,2021-06-22,1.00,1.00,0.88,0.43,0.09,0.00,0.00,inferred
Bury,2021-06-23,1.00,1.00,0.88,0.43,0.09,0.00,0.00,inferred
Bury,2021-06-24,1.00,1.00,0.88,0.43,0.09,0.00,0.00,inferred
Bury,2021-06-25,1.00,1.00,0.88,0.43,0.09,0.00,0.00,inferred
Bury,2021-06-26,1.00,1.00,0.88,0.43,0.09,0.00,0.00,inferred
Bury,2021-06-27,1.00,1.00,0.88,0.43,0.09,0.00,0.00,inferred
Bury,2021-06-28,1.00,1.00,0.88,0.43,0.09,0.00,0.00,inferred
Bury,2021-06-29,0.19,0.05,0.01,0.00,0.00,0.00,0.00,inferred
Bury,2021-06-30,0.19,0.05,0.01,0.00,0.00,0.00,0.00,inferred
Bury,2021-07-01,0.19,0.05,0.01,0.00,0.00,0.00,0.00,inferred
Bury,2021-07-02,0.19,0.05,0.01,0.00,0.00,0.00,0.00,inferred
Bury,2021-07-03,0.19,0.05,0.01,0.00,0.00,0.00,0.00,inferred
Bury,2021-07-04,0.19,0.05,0.01,0.00,0.00,0.00,0.00,inferred
Bury,2021-07-05,0.19,0.05,0.01,0.00,0.00,0.00,0.00,inferred
Bury,2021-07-06,0.39,0.24,0.14,0.08,0.04,0.00,0.00,projected
Bury,2021-07-07,0.39,0.24,0.14,0.08,0.04,0.00,0.00,projected
Bury,2021-07-08,0.39,0.24,0.14,0.08,0.04,0.00,0.00,projected
Bury,2021-07-09,0.39,0.24,0.14,0.08,0.04,0.00,0.00,projected
Bury,2021-07-10,0.39,0.24,0.14,0.08,0.04,0.00,0.00,projected
Bury,2021-07-11,0.39,0.24,0.14,0.08,0.04,0.00,0.00,projected
Bury,2021-07-12,0.39,0.24,0.14,0.08,0.04,0.00,0.00,projected
Bury,2021-07-13,0.48,0.35,0.23,0.17,0.11,0.02,0.00,projected
Bury,2021-07-14,0.48,0.35,0.23,0.17,0.11,0.02,0.00,projected
Bury,2021-07-15,0.48,0.35,0.23,0.17,0.11,0.02,0.00,projected
Bury,2021-07-16,0.48,0.35,0.23,0.17,0.11,0.02,0.00,projected
Bury,2021-07-17,0.48,0.35,0.23,0.17,0.11,0.02,0.00,projected
Bury,2021-07-18,0.48,0.35,0.23,0.17,0.11,0.02,0.00,projected
Bury,2021-07-19,0.48,0.35,0.23,0.17,0.11,0.02,0.00,projected
Bury,2021-07-20,0.59,0.47,0.35,0.26,0.19,0.07,0.01,projected
Bury,2021-07-21,0.59,0.47,0.35,0.26,0.19,0.07,0.01,projected
Bury,2021-07-22,0.59,0.47,0.35,0.26,0.19,0.07,0.01,projected
Bury,2021-07-23,0.59,0.47,0.35,0.26,0.19,0.07,0.01,projected
Bury,2021-07-24,0.59,0.47,0.35,0.26,0.19,0.07,0.01,projected
Bury,2021-07-25,0.59,0.47,0.35,0.26,0.19,0.07,0.01,projected
Bury,2021-07-26,0.59,0.47,0.35,0.26,0.19,0.07,0.01,projected
Caerphilly,2021-03-23,0.01,0.00,0.00,0.00,0.00,0.00,0.00,inferred
Caerphilly,2021-03-24,0.01,0.00,0.00,0.00,0.00,0.00,0.00,inferred
Caerphilly,2021-03-25,0.01,0.00,0.00,0.00,0.00,0.00,0.00,inferred
Caerphilly,2021-03-26,0.01,0.00,0.00,0.00,0.00,0.00,0.00,inferred
Caerphilly,2021-03-27,0.01,0.00,0.00,0.00,0.00,0.00,0.00,inferred
Caerphilly,2021-03-28,0.01,0.00,0.00,0.00,0.00,0.00,0.00,inferred
Caerphilly,2021-03-29,0.01,0.00,0.00,0.00,0.00,0.00,0.00,inferred
Caerphilly,2021-03-30,0.16,0.06,0.01,0.00,0.00,0.00,0.00,inferred
Caerphilly,2021-03-31,0.16,0.06,0.01,0.00,0.00,0.00,0.00,inferred
Caerphilly,2021-04-01,0.16,0.06,0.01,0.00,0.00,0.00,0.00,inferred
Caerphilly,2021-04-02,0.16,0.06,0.01,0.00,0.00,0.00,0.00,inferred
Caerphilly,2021-04-03,0.16,0.06,0.01,0.00,0.00,0.00,0.00,inferred
Caerphilly,2021-04-04,0.16,0.06,0.01,0.00,0.00,0.00,0.00,inferred
Caerphilly,2021-04-05,0.16,0.06,0.01,0.00,0.00,0.00,0.00,inferred
Caerphilly,2021-04-06,0.62,0.44,0.27,0.15,0.08,0.00,0.00,inferred
Caerphilly,2021-04-07,0.62,0.44,0.27,0.15,0.08,0.00,0.00,inferred
Caerphilly,2021-04-08,0.62,0.44,0.27,0.15,0.08,0.00,0.00,inferred
Caerphilly,2021-04-09,0.62,0.44,0.27,0.15,0.08,0.00,0.00,inferred
Caerphilly,2021-04-10,0.62,0.44,0.27,0.15,0.08,0.00,0.00,inferred
Caerphilly,2021-04-11,0.62,0.44,0.27,0.15,0.08,0.00,0.00,inferred
Caerphilly,2021-04-12,0.62,0.44,0.27,0.15,0.08,0.00,0.00,inferred
Caerphilly,2021-04-13,0.75,0.57,0.40,0.26,0.14,0.01,0.00,inferred
Caerphilly,2021-04-14,0.75,0.57,0.40,0.26,0.14,0.01,0.00,inferred
Caerphilly,2021-04-15,0.75,0.57,0.40,0.26,0.14,0.01,0.00,inferred
Caerphilly,2021-04-16,0.75,0.57,0.40,0.26,0.14,0.01,0.00,inferred
Caerphilly,2021-04-17,0.75,0.57,0.40,0.26,0.14,0.01,0.00,inferred
Caerphilly,2021-04-18,0.75,0.57,0.40,0.26,0.14,0.01,0.00,inferred
Caerphilly,2021-04-19,0.75,0.57,0.40,0.26,0.14,0.01,0.00,inferred
Caerphilly,2021-04-20,0.84,0.69,0.51,0.34,0.22,0.04,0.00,inferred
Caerphilly,2021-04-21,0.84,0.69,0.51,0.34,0.22,0.04,0.00,inferred
Caerphilly,2021-04-22,0.84,0.69,0.51,0.34,0.22,0.04,0.00,inferred
Caerphilly,2021-04-23,0.84,0.69,0.51,0.34,0.22,0.04,0.00,inferred
Caerphilly,2021-04-24,0.84,0.69,0.51,0.34,0.22,0.04,0.00,inferred
Caerphilly,2021-04-25,0.84,0.69,0.51,0.34,0.22,0.04,0.00,inferred
Caerphilly,2021-04-26,0.84,0.69,0.51,0.34,0.22,0.04,0.00,inferred
Caerphilly,2021-04-27,0.67,0.49,0.32,0.17,0.10,0.01,0.00,inferred
Caerphilly,2021-04-28,0.67,0.49,0.32,0.17,0.10,0.01,0.00,inferred
Caerphilly,2021-04-29,0.67,0.49,0.32,0.17,0.10,0.01,0.00,inferred
Caerphilly,2021-04-30,0.67,0.49,0.32,0.17,0.10,0.01,0.00,inferred
Caerphilly,2021-05-01,0.67,0.49,0.32,0.17,0.10,0.01,0.00,inferred
Caerphilly,2021-05-02,0.67,0.49,0.32,0.17,0.10,0.01,0.00,inferred
Caerphilly,2021-05-03,0.67,0.49,0.32,0.17,0.10,0.01,0.00,inferred
Caerphilly,2021-05-04,0.62,0.44,0.28,0.16,0.09,0.01,0.00,inferred
Caerphilly,2021-05-05,0.62,0.44,0.28,0.16,0.09,0.01,0.00,inferred
Caerphilly,2021-05-06,0.62,0.44,0.28,0.16,0.09,0.01,0.00,inferred
Caerphilly,2021-05-07,0.62,0.44,0.28,0.16,0.09,0.01,0.00,inferred
Caerphilly,2021-05-08,0.62,0.44,0.28,0.16,0.09,0.01,0.00,inferred
Caerphilly,2021-05-09,0.62,0.44,0.28,0.16,0.09,0.01,0.00,inferred
Caerphilly,2021-05-10,0.62,0.44,0.28,0.16,0.09,0.01,0.00,inferred
Caerphilly,2021-05-11,0.53,0.34,0.19,0.10,0.05,0.00,0.00,inferred
Caerphilly,2021-05-12,0.53,0.34,0.19,0.10,0.05,0.00,0.00,inferred
Caerphilly,2021-05-13,0.53,0.34,0.19,0.10,0.05,0.00,0.00,inferred
Caerphilly,2021-05-14,0.53,0.34,0.19,0.10,0.05,0.00,0.00,inferred
Caerphilly,2021-05-15,0.53,0.34,0.19,0.10,0.05,0.00,0.00,inferred
Caerphilly,2021-05-16,0.53,0.34,0.19,0.10,0.05,0.00,0.00,inferred
Caerphilly,2021-05-17,0.53,0.34,0.19,0.10,0.05,0.00,0.00,inferred
Caerphilly,2021-05-18,0.26,0.13,0.06,0.03,0.01,0.00,0.00,inferred
Caerphilly,2021-05-19,0.26,0.13,0.06,0.03,0.01,0.00,0.00,inferred
Caerphilly,2021-05-20,0.26,0.13,0.06,0.03,0.01,0.00,0.00,inferred
Caerphilly,2021-05-21,0.26,0.13,0.06,0.03,0.01,0.00,0.00,inferred
Caerphilly,2021-05-22,0.26,0.13,0.06,0.03,0.01,0.00,0.00,inferred
Caerphilly,2021-05-23,0.26,0.13,0.06,0.03,0.01,0.00,0.00,inferred
Caerphilly,2021-05-24,0.26,0.13,0.06,0.03,0.01,0.00,0.00,inferred
Caerphilly,2021-05-25,0.94,0.87,0.78,0.65,0.52,0.19,0.02,inferred
Caerphilly,2021-05-26,0.94,0.87,0.78,0.65,0.52,0.19,0.02,inferred
Caerphilly,2021-05-27,0.94,0.87,0.78,0.65,0.52,0.19,0.02,inferred
Caerphilly,2021-05-28,0.94,0.87,0.78,0.65,0.52,0.19,0.02,inferred
Caerphilly,2021-05-29,0.94,0.87,0.78,0.65,0.52,0.19,0.02,inferred
Caerphilly,2021-05-30,0.94,0.87,0.78,0.65,0.52,0.19,0.02,inferred
Caerphilly,2021-05-31,0.94,0.87,0.78,0.65,0.52,0.19,0.02,inferred
Caerphilly,2021-06-01,1.00,1.00,1.00,0.99,0.99,0.89,0.45,inferred
Caerphilly,2021-06-02,1.00,1.00,1.00,0.99,0.99,0.89,0.45,inferred
Caerphilly,2021-06-03,1.00,1.00,1.00,0.99,0.99,0.89,0.45,inferred
Caerphilly,2021-06-04,1.00,1.00,1.00,0.99,0.99,0.89,0.45,inferred
Caerphilly,2021-06-05,1.00,1.00,1.00,0.99,0.99,0.89,0.45,inferred
Caerphilly,2021-06-06,1.00,1.00,1.00,0.99,0.99,0.89,0.45,inferred
Caerphilly,2021-06-07,1.00,1.00,1.00,0.99,0.99,0.89,0.45,inferred
Caerphilly,2021-06-08,1.00,1.00,1.00,0.99,0.98,0.84,0.36,inferred
Caerphilly,2021-06-09,1.00,1.00,1.00,0.99,0.98,0.84,0.36,inferred
Caerphilly,2021-06-10,1.00,1.00,1.00,0.99,0.98,0.84,0.36,inferred
Caerphilly,2021-06-11,1.00,1.00,1.00,0.99,0.98,0.84,0.36,inferred
Caerphilly,2021-06-12,1.00,1.00,1.00,0.99,0.98,0.84,0.36,inferred
Caerphilly,2021-06-13,1.00,1.00,1.00,0.99,0.98,0.84,0.36,inferred
Caerphilly,2021-06-14,1.00,1.00,1.00,0.99,0.98,0.84,0.36,inferred
Caerphilly,2021-06-15,1.00,1.00,1.00,1.00,1.00,1.00,0.89,inferred
Caerphilly,2021-06-16,1.00,1.00,1.00,1.00,1.00,1.00,0.89,inferred
Caerphilly,2021-06-17,1.00,1.00,1.00,1.00,1.00,1.00,0.89,inferred
Caerphilly,2021-06-18,1.00,1.00,1.00,1.00,1.00,1.00,0.89,inferred
Caerphilly,2021-06-19,1.00,1.00,1.00,1.00,1.00,1.00,0.89,inferred
Caerphilly,2021-06-20,1.00,1.00,1.00,1.00,1.00,1.00,0.89,inferred
Caerphilly,2021-06-21,1.00,1.00,1.00,1.00,1.00,1.00,0.89,inferred
Caerphilly,2021-06-22,1.00,1.00,1.00,1.00,1.00,0.98,0.76,inferred
Caerphilly,2021-06-23,1.00,1.00,1.00,1.00,1.00,0.98,0.76,inferred
Caerphilly,2021-06-24,1.00,1.00,1.00,1.00,1.00,0.98,0.76,inferred
Caerphilly,2021-06-25,1.00,1.00,1.00,1.00,1.00,0.98,0.76,inferred
Caerphilly,2021-06-26,1.00,1.00,1.00,1.00,1.00,0.98,0.76,inferred
Caerphilly,2021-06-27,1.00,1.00,1.00,1.00,1.00,0.98,0.76,inferred
Caerphilly,2021-06-28,1.00,1.00,1.00,1.00,1.00,0.98,0.76,inferred
Caerphilly,2021-06-29,1.00,0.99,0.97,0.94,0.87,0.51,0.10,inferred
Caerphilly,2021-06-30,1.00,0.99,0.97,0.94,0.87,0.51,0.10,inferred
Caerphilly,2021-07-01,1.00,0.99,0.97,0.94,0.87,0.51,0.10,inferred
Caerphilly,2021-07-02,1.00,0.99,0.97,0.94,0.87,0.51,0.10,inferred
Caerphilly,2021-07-03,1.00,0.99,0.97,0.94,0.87,0.51,0.10,inferred
Caerphilly,2021-07-04,1.00,0.99,0.97,0.94,0.87,0.51,0.10,inferred
Caerphilly,2021-07-05,1.00,0.99,0.97,0.94,0.87,0.51,0.10,inferred
Caerphilly,2021-07-06,0.98,0.94,0.89,0.84,0.75,0.48,0.17,projected
Caerphilly,2021-07-07,0.98,0.94,0.89,0.84,0.75,0.48,0.17,projected
Caerphilly,2021-07-08,0.98,0.94,0.89,0.84,0.75,0.48,0.17,projected
Caerphilly,2021-07-09,0.98,0.94,0.89,0.84,0.75,0.48,0.17,projected
Caerphilly,2021-07-10,0.98,0.94,0.89,0.84,0.75,0.48,0.17,projected
Caerphilly,2021-07-11,0.98,0.94,0.89,0.84,0.75,0.48,0.17,projected
Caerphilly,2021-07-12,0.98,0.94,0.89,0.84,0.75,0.48,0.17,projected
Caerphilly,2021-07-13,0.95,0.90,0.86,0.79,0.72,0.47,0.21,projected
Caerphilly,2021-07-14,0.95,0.90,0.86,0.79,0.72,0.47,0.21,projected
Caerphilly,2021-07-15,0.95,0.90,0.86,0.79,0.72,0.47,0.21,projected
Caerphilly,2021-07-16,0.95,0.90,0.86,0.79,0.72,0.47,0.21,projected
Caerphilly,2021-07-17,0.95,0.90,0.86,0.79,0.72,0.47,0.21,projected
Caerphilly,2021-07-18,0.95,0.90,0.86,0.79,0.72,0.47,0.21,projected
Caerphilly,2021-07-19,0.95,0.90,0.86,0.79,0.72,0.47,0.21,projected
Caerphilly,2021-07-20,0.94,0.90,0.85,0.77,0.71,0.51,0.23,projected
Caerphilly,2021-07-21,0.94,0.90,0.85,0.77,0.71,0.51,0.23,projected
Caerphilly,2021-07-22,0.94,0.90,0.85,0.77,0.71,0.51,0.23,projected
Caerphilly,2021-07-23,0.94,0.90,0.85,0.77,0.71,0.51,0.23,projected
Caerphilly,2021-07-24,0.94,0.90,0.85,0.77,0.71,0.51,0.23,projected
Caerphilly,2021-07-25,0.94,0.90,0.85,0.77,0.71,0.51,0.23,projected
Caerphilly,2021-07-26,0.94,0.90,0.85,0.77,0.71,0.51,0.23,projected
Calderdale,2021-03-23,0.00,0.00,0.00,0.00,0.00,0.00,0.00,inferred
Calderdale,2021-03-24,0.00,0.00,0.00,0.00,0.00,0.00,0.00,inferred
Calderdale,2021-03-25,0.00,0.00,0.00,0.00,0.00,0.00,0.00,inferred
Calderdale,2021-03-26,0.00,0.00,0.00,0.00,0.00,0.00,0.00,inferred
Calderdale,2021-03-27,0.00,0.00,0.00,0.00,0.00,0.00,0.00,inferred
Calderdale,2021-03-28,0.00,0.00,0.00,0.00,0.00,0.00,0.00,inferred
Calderdale,2021-03-29,0.00,0.00,0.00,0.00,0.00,0.00,0.00,inferred
Calderdale,2021-03-30,0.18,0.04,0.00,0.00,0.00,0.00,0.00,inferred
Calderdale,2021-03-31,0.18,0.04,0.00,0.00,0.00,0.00,0.00,inferred
Calderdale,2021-04-01,0.18,0.04,0.00,0.00,0.00,0.00,0.00,inferred
Calderdale,2021-04-02,0.18,0.04,0.00,0.00,0.00,0.00,0.00,inferred
Calderdale,2021-04-03,0.18,0.04,0.00,0.00,0.00,0.00,0.00,inferred
Calderdale,2021-04-04,0.18,0.04,0.00,0.00,0.00,0.00,0.00,inferred
Calderdale,2021-04-05,0.18,0.04,0.00,0.00,0.00,0.00,0.00,inferred
Calderdale,2021-04-06,0.40,0.18,0.06,0.01,0.00,0.00,0.00,inferred
Calderdale,2021-04-07,0.40,0.18,0.06,0.01,0.00,0.00,0.00,inferred
Calderdale,2021-04-08,0.40,0.18,0.06,0.01,0.00,0.00,0.00,inferred
Calderdale,2021-04-09,0.40,0.18,0.06,0.01,0.00,0.00,0.00,inferred
Calderdale,2021-04-10,0.40,0.18,0.06,0.01,0.00,0.00,0.00,inferred
Calderdale,2021-04-11,0.40,0.18,0.06,0.01,0.00,0.00,0.00,inferred
Calderdale,2021-04-12,0.40,0.18,0.06,0.01,0.00,0.00,0.00,inferred
Calderdale,2021-04-13,0.91,0.74,0.49,0.26,0.10,0.00,0.00,inferred
Calderdale,2021-04-14,0.91,0.74,0.49,0.26,0.10,0.00,0.00,inferred
Calderdale,2021-04-15,0.91,0.74,0.49,0.26,0.10,0.00,0.00,inferred
Calderdale,2021-04-16,0.91,0.74,0.49,0.26,0.10,0.00,0.00,inferred
Calderdale,2021-04-17,0.91,0.74,0.49,0.26,0.10,0.00,0.00,inferred
Calderdale,2021-04-18,0.91,0.74,0.49,0.26,0.10,0.00,0.00,inferred
Calderdale,2021-04-19,0.91,0.74,0.49,0.26,0.10,0.00,0.00,inferred
Calderdale,2021-04-20,0.99,0.96,0.86,0.66,0.42,0.04,0.00,inferred
Calderdale,2021-04-21,0.99,0.96,0.86,0.66,0.42,0.04,0.00,inferred
Calderdale,2021-04-22,0.99,0.96,0.86,0.66,0.42,0.04,0.00,inferred
Calderdale,2021-04-23,0.99,0.96,0.86,0.66,0.42,0.04,0.00,inferred
Calderdale,2021-04-24,0.99,0.96,0.86,0.66,0.42,0.04,0.00,inferred
Calderdale,2021-04-25,0.99,0.96,0.86,0.66,0.42,0.04,0.00,inferred
Calderdale,2021-04-26,0.99,0.96,0.86,0.66,0.42,0.04,0.00,inferred
Calderdale,2021-04-27,0.98,0.89,0.70,0.46,0.24,0.01,0.00,inferred
Calderdale,2021-04-28,0.98,0.89,0.70,0.46,0.24,0.01,0.00,inferred
Calderdale,2021-04-29,0.98,0.89,0.70,0.46,0.24,0.01,0.00,inferred
Calderdale,2021-04-30,0.98,0.89,0.70,0.46,0.24,0.01,0.00,inferred
Calderdale,2021-05-01,0.98,0.89,0.70,0.46,0.24,0.01,0.00,inferred
Calderdale,2021-05-02,0.98,0.89,0.70,0.46,0.24,0.01,0.00,inferred
Calderdale,2021-05-03,0.98,0.89,0.70,0.46,0.24,0.01,0.00,inferred
Calderdale,2021-05-04,0.99,0.94,0.77,0.52,0.28,0.02,0.00,inferred
Calderdale,2021-05-05,0.99,0.94,0.77,0.52,0.28,0.02,0.00,inferred
Calderdale,2021-05-06,0.99,0.94,0.77,0.52,0.28,0.02,0.00,inferred
Calderdale,2021-05-07,0.99,0.94,0.77,0.52,0.28,0.02,0.00,inferred
Calderdale,2021-05-08,0.99,0.94,0.77,0.52,0.28,0.02,0.00,inferred
Calderdale,2021-05-09,0.99,0.94,0.77,0.52,0.28,0.02,0.00,inferred
Calderdale,2021-05-10,0.99,0.94,0.77,0.52,0.28,0.02,0.00,inferred
Calderdale,2021-05-11,1.00,0.98,0.91,0.76,0.54,0.07,0.00,inferred
Calderdale,2021-05-12,1.00,0.98,0.91,0.76,0.54,0.07,0.00,inferred
Calderdale,2021-05-13,1.00,0.98,0.91,0.76,0.54,0.07,0.00,inferred
Calderdale,2021-05-14,1.00,0.98,0.91,0.76,0.54,0.07,0.00,inferred
Calderdale,2021-05-15,1.00,0.98,0.91,0.76,0.54,0.07,0.00,inferred
Calderdale,2021-05-16,1.00,0.98,0.91,0.76,0.54,0.07,0.00,inferred
Calderdale,2021-05-17,1.00,0.98,0.91,0.76,0.54,0.07,0.00,inferred
Calderdale,2021-05-18,0.99,0.95,0.81,0.53,0.28,0.01,0.00,inferred
Calderdale,2021-05-19,0.99,0.95,0.81,0.53,0.28,0.01,0.00,inferred
Calderdale,2021-05-20,0.99,0.95,0.81,0.53,0.28,0.01,0.00,inferred
Calderdale,2021-05-21,0.99,0.95,0.81,0.53,0.28,0.01,0.00,inferred
Calderdale,2021-05-22,0.99,0.95,0.81,0.53,0.28,0.01,0.00,inferred
Calderdale,2021-05-23,0.99,0.95,0.81,0.53,0.28,0.01,0.00,inferred
Calderdale,2021-05-24,0.99,0.95,0.81,0.53,0.28,0.01,0.00,inferred
Calderdale,2021-05-25,1.00,1.00,1.00,1.00,0.98,0.61,0.02,inferred
Calderdale,2021-05-26,1.00,1.00,1.00,1.00,0.98,0.61,0.02,inferred
Calderdale,2021-05-27,1.00,1.00,1.00,1.00,0.98,0.61,0.02,inferred
Calderdale,2021-05-28,1.00,1.00,1.00,1.00,0.98,0.61,0.02,inferred
Calderdale,2021-05-29,1.00,1.00,1.00,1.00,0.98,0.61,0.02,inferred
Calderdale,2021-05-30,1.00,1.00,1.00,1.00,0.98,0.61,0.02,inferred
Calderdale,2021-05-31,1.00,1.00,1.00,1.00,0.98,0.61,0.02,inferred
Calderdale,2021-06-01,1.00,1.00,1.00,1.00,0.98,0.65,0.04,inferred
Calderdale,2021-06-02,1.00,1.00,1.00,1.00,0.98,0.65,0.04,inferred
Calderdale,2021-06-03,1.00,1.00,1.00,1.00,0.98,0.65,0.04,inferred
Calderdale,2021-06-04,1.00,1.00,1.00,1.00,0.98,0.65,0.04,inferred
Calderdale,2021-06-05,1.00,1.00,1.00,1.00,0.98,0.65,0.04,inferred
Calderdale,2021-06-06,1.00,1.00,1.00,1.00,0.98,0.65,0.04,inferred
Calderdale,2021-06-07,1.00,1.00,1.00,1.00,0.98,0.65,0.04,inferred
Calderdale,2021-06-08,1.00,1.00,1.00,1.00,0.95,0.40,0.00,inferred
Calderdale,2021-06-09,1.00,1.00,1.00,1.00,0.95,0.40,0.00,inferred
Calderdale,2021-06-10,1.00,1.00,1.00,1.00,0.95,0.40,0.00,inferred
Calderdale,2021-06-11,1.00,1.00,1.00,1.00,0.95,0.40,0.00,inferred
Calderdale,2021-06-12,1.00,1.00,1.00,1.00,0.95,0.40,0.00,inferred
Calderdale,2021-06-13,1.00,1.00,1.00,1.00,0.95,0.40,0.00,inferred
Calderdale,2021-06-14,1.00,1.00,1.00,1.00,0.95,0.40,0.00,inferred
Calderdale,2021-06-15,1.00,1.00,1.00,1.00,1.00,0.82,0.02,inferred
Calderdale,2021-06-16,1.00,1.00,1.00,1.00,1.00,0.82,0.02,inferred
Calderdale,2021-06-17,1.00,1.00,1.00,1.00,1.00,0.82,0.02,inferred
Calderdale,2021-06-18,1.00,1.00,1.00,1.00,1.00,0.82,0.02,inferred
Calderdale,2021-06-19,1.00,1.00,1.00,1.00,1.00,0.82,0.02,inferred
Calderdale,2021-06-20,1.00,1.00,1.00,1.00,1.00,0.82,0.02,inferred
Calderdale,2021-06-21,1.00,1.00,1.00,1.00,1.00,0.82,0.02,inferred
Calderdale,2021-06-22,1.00,1.00,0.97,0.81,0.51,0.02,0.00,inferred
Calderdale,2021-06-23,1.00,1.00,0.97,0.81,0.51,0.02,0.00,inferred
Calderdale,2021-06-24,1.00,1.00,0.97,0.81,0.51,0.02,0.00,inferred
Calderdale,2021-06-25,1.00,1.00,0.97,0.81,0.51,0.02,0.00,inferred
Calderdale,2021-06-26,1.00,1.00,0.97,0.81,0.51,0.02,0.00,inferred
Calderdale,2021-06-27,1.00,1.00,0.97,0.81,0.51,0.02,0.00,inferred
Calderdale,2021-06-28,1.00,1.00,0.97,0.81,0.51,0.02,0.00,inferred
Calderdale,2021-06-29,0.98,0.91,0.78,0.57,0.35,0.04,0.00,inferred
Calderdale,2021-06-30,0.98,0.91,0.78,0.57,0.35,0.04,0.00,inferred
Calderdale,2021-07-01,0.98,0.91,0.78,0.57,0.35,0.04,0.00,inferred
Calderdale,2021-07-02,0.98,0.91,0.78,0.57,0.35,0.04,0.00,inferred
Calderdale,2021-07-03,0.98,0.91,0.78,0.57,0.35,0.04,0.00,inferred
Calderdale,2021-07-04,0.98,0.91,0.78,0.57,0.35,0.04,0.00,inferred
Calderdale,2021-07-05,0.98,0.91,0.78,0.57,0.35,0.04,0.00,inferred
Calderdale,2021-07-06,0.88,0.77,0.66,0.53,0.40,0.15,0.02,projected
Calderdale,2021-07-07,0.88,0.77,0.66,0.53,0.40,0.15,0.02,projected
Calderdale,2021-07-08,0.88,0.77,0.66,0.53,0.40,0.15,0.02,projected
Calderdale,2021-07-09,0.88,0.77,0.66,0.53,0.40,0.15,0.02,projected
Calderdale,2021-07-10,0.88,0.77,0.66,0.53,0.40,0.15,0.02,projected
Calderdale,2021-07-11,0.88,0.77,0.66,0.53,0.40,0.15,0.02,projected
Calderdale,2021-07-12,0.88,0.77,0.66,0.53,0.40,0.15,0.02,projected
Calderdale,2021-07-13,0.84,0.76,0.65,0.54,0.44,0.21,0.05,projected
Calderdale,2021-07-14,0.84,0.76,0.65,0.54,0.44,0.21,0.05,projected
Calderdale,2021-07-15,0.84,0.76,0.65,0.54,0.44,0.21,0.05,projected
Calderdale,2021-07-16,0.84,0.76,0.65,0.54,0.44,0.21,0.05,projected
Calderdale,2021-07-17,0.84,0.76,0.65,0.54,0.44,0.21,0.05,projected
Calderdale,2021-07-18,0.84,0.76,0.65,0.54,0.44,0.21,0.05,projected
Calderdale,2021-07-19,0.84,0.76,0.65,0.54,0.44,0.21,0.05,projected
Calderdale,2021-07-20,0.86,0.78,0.69,0.58,0.48,0.24,0.08,projected
Calderdale,2021-07-21,0.86,0.78,0.69,0.58,0.48,0.24,0.08,projected
Calderdale,2021-07-22,0.86,0.78,0.69,0.58,0.48,0.24,0.08,projected
Calderdale,2021-07-23,0.86,0.78,0.69,0.58,0.48,0.24,0.08,projected
Calderdale,2021-07-24,0.86,0.78,0.69,0.58,0.48,0.24,0.08,projected
Calderdale,2021-07-25,0.86,0.78,0.69,0.58,0.48,0.24,0.08,projected
Calderdale,2021-07-26,0.86,0.78,0.69,0.58,0.48,0.24,0.08,projected
Cambridge,2021-03-23,0.52,0.26,0.09,0.03,0.01,0.00,0.00,inferred
Cambridge,2021-03-24,0.52,0.26,0.09,0.03,0.01,0.00,0.00,inferred
Cambridge,2021-03-25,0.52,0.26,0.09,0.03,0.01,0.00,0.00,inferred
Cambridge,2021-03-26,0.52,0.26,0.09,0.03,0.01,0.00,0.00,inferred
Cambridge,2021-03-27,0.52,0.26,0.09,0.03,0.01,0.00,0.00,inferred
Cambridge,2021-03-28,0.52,0.26,0.09,0.03,0.01,0.00,0.00,inferred
Cambridge,2021-03-29,0.52,0.26,0.09,0.03,0.01,0.00,0.00,inferred
Cambridge,2021-03-30,1.00,0.98,0.94,0.85,0.69,0.16,0.00,inferred
Cambridge,2021-03-31,1.00,0.98,0.94,0.85,0.69,0.16,0.00,inferred
Cambridge,2021-04-01,1.00,0.98,0.94,0.85,0.69,0.16,0.00,inferred
Cambridge,2021-04-02,1.00,0.98,0.94,0.85,0.69,0.16,0.00,inferred
Cambridge,2021-04-03,1.00,0.98,0.94,0.85,0.69,0.16,0.00,inferred
Cambridge,2021-04-04,1.00,0.98,0.94,0.85,0.69,0.16,0.00,inferred
Cambridge,2021-04-05,1.00,0.98,0.94,0.85,0.69,0.16,0.00,inferred
Cambridge,2021-04-06,1.00,0.99,0.97,0.90,0.74,0.21,0.00,inferred
Cambridge,2021-04-07,1.00,0.99,0.97,0.90,0.74,0.21,0.00,inferred
Cambridge,2021-04-08,1.00,0.99,0.97,0.90,0.74,0.21,0.00,inferred
Cambridge,2021-04-09,1.00,0.99,0.97,0.90,0.74,0.21,0.00,inferred
Cambridge,2021-04-10,1.00,0.99,0.97,0.90,0.74,0.21,0.00,inferred
Cambridge,2021-04-11,1.00,0.99,0.97,0.90,0.74,0.21,0.00,inferred
Cambridge,2021-04-12,1.00,0.99,0.97,0.90,0.74,0.21,0.00,inferred
Cambridge,2021-04-13,0.93,0.77,0.54,0.31,0.14,0.00,0.00,inferred
Cambridge,2021-04-14,0.93,0.77,0.54,0.31,0.14,0.00,0.00,inferred
Cambridge,2021-04-15,0.93,0.77,0.54,0.31,0.14,0.00,0.00,inferred
Cambridge,2021-04-16,0.93,0.77,0.54,0.31,0.14,0.00,0.00,inferred
Cambridge,2021-04-17,0.93,0.77,0.54,0.31,0.14,0.00,0.00,inferred
Cambridge,2021-04-18,0.93,0.77,0.54,0.31,0.14,0.00,0.00,inferred
Cambridge,2021-04-19,0.93,0.77,0.54,0.31,0.14,0.00,0.00,inferred
Cambridge,2021-04-20,0.07,0.01,0.00,0.00,0.00,0.00,0.00,inferred
Cambridge,2021-04-21,0.07,0.01,0.00,0.00,0.00,0.00,0.00,inferred
Cambridge,2021-04-22,0.07,0.01,0.00,0.00,0.00,0.00,0.00,inferred
Cambridge,2021-04-23,0.07,0.01,0.00,0.00,0.00,0.00,0.00,inferred
Cambridge,2021-04-24,0.07,0.01,0.00,0.00,0.00,0.00,0.00,inferred
Cambridge,2021-04-25,0.07,0.01,0.00,0.00,0.00,0.00,0.00,inferred
Cambridge,2021-04-26,0.07,0.01,0.00,0.00,0.00,0.00,0.00,inferred
Cambridge,2021-04-27,0.10,0.03,0.01,0.00,0.00,0.00,0.00,inferred
Cambridge,2021-04-28,0.10,0.03,0.01,0.00,0.00,0.00,0.00,inferred
Cambridge,2021-04-29,0.10,0.03,0.01,0.00,0.00,0.00,0.00,inferred
Cambridge,2021-04-30,0.10,0.03,0.01,0.00,0.00,0.00,0.00,inferred
Cambridge,2021-05-01,0.10,0.03,0.01,0.00,0.00,0.00,0.00,inferred
Cambridge,2021-05-02,0.10,0.03,0.01,0.00,0.00,0.00,0.00,inferred
Cambridge,2021-05-03,0.10,0.03,0.01,0.00,0.00,0.00,0.00,inferred
Cambridge,2021-05-04,0.23,0.09,0.03,0.01,0.00,0.00,0.00,inferred
Cambridge,2021-05-05,0.23,0.09,0.03,0.01,0.00,0.00,0.00,inferred
Cambridge,2021-05-06,0.23,0.09,0.03,0.01,0.00,0.00,0.00,inferred
Cambridge,2021-05-07,0.23,0.09,0.03,0.01,0.00,0.00,0.00,inferred
Cambridge,2021-05-08,0.23,0.09,0.03,0.01,0.00,0.00,0.00,inferred
Cambridge,2021-05-09,0.23,0.09,0.03,0.01,0.00,0.00,0.00,inferred
Cambridge,2021-05-10,0.23,0.09,0.03,0.01,0.00,0.00,0.00,inferred
Cambridge,2021-05-11,0.33,0.18,0.09,0.03,0.01,0.00,0.00,inferred
Cambridge,2021-05-12,0.33,0.18,0.09,0.03,0.01,0.00,0.00,inferred
Cambridge,2021-05-13,0.33,0.18,0.09,0.03,0.01,0.00,0.00,inferred
Cambridge,2021-05-14,0.33,0.18,0.09,0.03,0.01,0.00,0.00,inferred
Cambridge,2021-05-15,0.33,0.18,0.09,0.03,0.01,0.00,0.00,inferred
Cambridge,2021-05-16,0.33,0.18,0.09,0.03,0.01,0.00,0.00,inferred
Cambridge,2021-05-17,0.33,0.18,0.09,0.03,0.01,0.00,0.00,inferred
Cambridge,2021-05-18,0.96,0.90,0.79,0.64,0.49,0.13,0.00,inferred
Cambridge,2021-05-19,0.96,0.90,0.79,0.64,0.49,0.13,0.00,inferred
Cambridge,2021-05-20,0.96,0.90,0.79,0.64,0.49,0.13,0.00,inferred
Cambridge,2021-05-21,0.96,0.90,0.79,0.64,0.49,0.13,0.00,inferred
Cambridge,2021-05-22,0.96,0.90,0.79,0.64,0.49,0.13,0.00,inferred
Cambridge,2021-05-23,0.96,0.90,0.79,0.64,0.49,0.13,0.00,inferred
Cambridge,2021-05-24,0.96,0.90,0.79,0.64,0.49,0.13,0.00,inferred
Cambridge,2021-05-25,1.00,1.00,0.99,0.95,0.90,0.56,0.10,inferred
Cambridge,2021-05-26,1.00,1.00,0.99,0.95,0.90,0.56,0.10,inferred
Cambridge,2021-05-27,1.00,1.00,0.99,0.95,0.90,0.56,0.10,inferred
Cambridge,2021-05-28,1.00,1.00,0.99,0.95,0.90,0.56,0.10,inferred
Cambridge,2021-05-29,1.00,1.00,0.99,0.95,0.90,0.56,0.10,inferred
Cambridge,2021-05-30,1.00,1.00,0.99,0.95,0.90,0.56,0.10,inferred
Cambridge,2021-05-31,1.00,1.00,0.99,0.95,0.90,0.56,0.10,inferred
Cambridge,2021-06-01,1.00,1.00,1.00,1.00,0.99,0.89,0.36,inferred
Cambridge,2021-06-02,1.00,1.00,1.00,1.00,0.99,0.89,0.36,inferred
Cambridge,2021-06-03,1.00,1.00,1.00,1.00,0.99,0.89,0.36,inferred
Cambridge,2021-06-04,1.00,1.00,1.00,1.00,0.99,0.89,0.36,inferred
Cambridge,2021-06-05,1.00,1.00,1.00,1.00,0.99,0.89,0.36,inferred
Cambridge,2021-06-06,1.00,1.00,1.00,1.00,0.99,0.89,0.36,inferred
Cambridge,2021-06-07,1.00,1.00,1.00,1.00,0.99,0.89,0.36,inferred
Cambridge,2021-06-08,1.00,1.00,1.00,1.00,1.00,1.00,0.89,inferred
Cambridge,2021-06-09,1.00,1.00,1.00,1.00,1.00,1.00,0.89,inferred
Cambridge,2021-06-10,1.00,1.00,1.00,1.00,1.00,1.00,0.89,inferred
Cambridge,2021-06-11,1.00,1.00,1.00,1.00,1.00,1.00,0.89,inferred
Cambridge,2021-06-12,1.00,1.00,1.00,1.00,1.00,1.00,0.89,inferred
Cambridge,2021-06-13,1.00,1.00,1.00,1.00,1.00,1.00,0.89,inferred
Cambridge,2021-06-14,1.00,1.00,1.00,1.00,1.00,1.00,0.89,inferred
Cambridge,2021-06-15,1.00,1.00,1.00,1.00,1.00,1.00,0.86,inferred
Cambridge,2021-06-16,1.00,1.00,1.00,1.00,1.00,1.00,0.86,inferred
Cambridge,2021-06-17,1.00,1.00,1.00,1.00,1.00,1.00,0.86,inferred
Cambridge,2021-06-18,1.00,1.00,1.00,1.00,1.00,1.00,0.86,inferred
Cambridge,2021-06-19,1.00,1.00,1.00,1.00,1.00,1.00,0.86,inferred
Cambridge,2021-06-20,1.00,1.00,1.00,1.00,1.00,1.00,0.86,inferred
Cambridge,2021-06-21,1.00,1.00,1.00,1.00,1.00,1.00,0.86,inferred
Cambridge,2021-06-22,1.00,1.00,1.00,0.99,0.95,0.62,0.07,inferred
Cambridge,2021-06-23,1.00,1.00,1.00,0.99,0.95,0.62,0.07,inferred
Cambridge,2021-06-24,1.00,1.00,1.00,0.99,0.95,0.62,0.07,inferred
Cambridge,2021-06-25,1.00,1.00,1.00,0.99,0.95,0.62,0.07,inferred
Cambridge,2021-06-26,1.00,1.00,1.00,0.99,0.95,0.62,0.07,inferred
Cambridge,2021-06-27,1.00,1.00,1.00,0.99,0.95,0.62,0.07,inferred
Cambridge,2021-06-28,1.00,1.00,1.00,0.99,0.95,0.62,0.07,inferred
Cambridge,2021-06-29,0.99,0.92,0.78,0.57,0.38,0.06,0.00,inferred
Cambridge,2021-06-30,0.99,0.92,0.78,0.57,0.38,0.06,0.00,inferred
Cambridge,2021-07-01,0.99,0.92,0.78,0.57,0.38,0.06,0.00,inferred
Cambridge,2021-07-02,0.99,0.92,0.78,0.57,0.38,0.06,0.00,inferred
Cambridge,2021-07-03,0.99,0.92,0.78,0.57,0.38,0.06,0.00,inferred
Cambridge,2021-07-04,0.99,0.92,0.78,0.57,0.38,0.06,0.00,inferred
Cambridge,2021-07-05,0.99,0.92,0.78,0.57,0.38,0.06,0.00,inferred
Cambridge,2021-07-06,0.93,0.84,0.73,0.58,0.44,0.15,0.02,projected
Cambridge,2021-07-07,0.93,0.84,0.73,0.58,0.44,0.15,0.02,projected
Cambridge,2021-07-08,0.93,0.84,0.73,0.58,0.44,0.15,0.02,projected
Cambridge,2021-07-09,0.93,0.84,0.73,0.58,0.44,0.15,0.02,projected
Cambridge,2021-07-10,0.93,0.84,0.73,0.58,0.44,0.15,0.02,projected
Cambridge,2021-07-11,0.93,0.84,0.73,0.58,0.44,0.15,0.02,projected
Cambridge,2021-07-12,0.93,0.84,0.73,0.58,0.44,0.15,0.02,projected
Cambridge,2021-07-13,0.92,0.84,0.71,0.59,0.47,0.19,0.04,projected
Cambridge,2021-07-14,0.92,0.84,0.71,0.59,0.47,0.19,0.04,projected
Cambridge,2021-07-15,0.92,0.84,0.71,0.59,0.47,0.19,0.04,projected
Cambridge,2021-07-16,0.92,0.84,0.71,0.59,0.47,0.19,0.04,projected
Cambridge,2021-07-17,0.92,0.84,0.71,0.59,0.47,0.19,0.04,projected
Cambridge,2021-07-18,0.92,0.84,0.71,0.59,0.47,0.19,0.04,projected
Cambridge,2021-07-19,0.92,0.84,0.71,0.59,0.47,0.19,0.04,projected
Cambridge,2021-07-20,0.92,0.84,0.73,0.62,0.50,0.23,0.05,projected
Cambridge,2021-07-21,0.92,0.84,0.73,0.62,0.50,0.23,0.05,projected
Cambridge,2021-07-22,0.92,0.84,0.73,0.62,0.50,0.23,0.05,projected
Cambridge,2021-07-23,0.92,0.84,0.73,0.62,0.50,0.23,0.05,projected
Cambridge,2021-07-24,0.92,0.84,0.73,0.62,0.50,0.23,0.05,projected
Cambridge,2021-07-25,0.92,0.84,0.73,0.62,0.50,0.23,0.05,projected
Cambridge,2021-07-26,0.92,0.84,0.73,0.62,0.50,0.23,0.05,projected
Camden,2021-03-23,0.26,0.05,0.01,0.00,0.00,0.00,0.00,inferred
Camden,2021-03-24,0.26,0.05,0.01,0.00,0.00,0.00,0.00,inferred
Camden,2021-03-25,0.26,0.05,0.01,0.00,0.00,0.00,0.00,inferred
Camden,2021-03-26,0.26,0.05,0.01,0.00,0.00,0.00,0.00,inferred
Camden,2021-03-27,0.26,0.05,0.01,0.00,0.00,0.00,0.00,inferred
Camden,2021-03-28,0.26,0.05,0.01,0.00,0.00,0.00,0.00,inferred
Camden,2021-03-29,0.26,0.05,0.01,0.00,0.00,0.00,0.00,inferred
Camden,2021-03-30,0.98,0.92,0.72,0.47,0.23,0.01,0.00,inferred
Camden,2021-03-31,0.98,0.92,0.72,0.47,0.23,0.01,0.00,inferred
Camden,2021-04-01,0.98,0.92,0.72,0.47,0.23,0.01,0.00,inferred
Camden,2021-04-02,0.98,0.92,0.72,0.47,0.23,0.01,0.00,inferred
Camden,2021-04-03,0.98,0.92,0.72,0.47,0.23,0.01,0.00,inferred
Camden,2021-04-04,0.98,0.92,0.72,0.47,0.23,0.01,0.00,inferred
Camden,2021-04-05,0.98,0.92,0.72,0.47,0.23,0.01,0.00,inferred
Camden,2021-04-06,0.97,0.87,0.65,0.40,0.18,0.00,0.00,inferred
Camden,2021-04-07,0.97,0.87,0.65,0.40,0.18,0.00,0.00,inferred
Camden,2021-04-08,0.97,0.87,0.65,0.40,0.18,0.00,0.00,inferred
Camden,2021-04-09,0.97,0.87,0.65,0.40,0.18,0.00,0.00,inferred
Camden,2021-04-10,0.97,0.87,0.65,0.40,0.18,0.00,0.00,inferred
Camden,2021-04-11,0.97,0.87,0.65,0.40,0.18,0.00,0.00,inferred
Camden,2021-04-12,0.97,0.87,0.65,0.40,0.18,0.00,0.00,inferred
Camden,2021-04-13,0.98,0.88,0.69,0.43,0.23,0.01,0.00,inferred
Camden,2021-04-14,0.98,0.88,0.69,0.43,0.23,0.01,0.00,inferred
Camden,2021-04-15,0.98,0.88,0.69,0.43,0.23,0.01,0.00,inferred
Camden,2021-04-16,0.98,0.88,0.69,0.43,0.23,0.01,0.00,inferred
Camden,2021-04-17,0.98,0.88,0.69,0.43,0.23,0.01,0.00,inferred
Camden,2021-04-18,0.98,0.88,0.69,0.43,0.23,0.01,0.00,inferred
Camden,2021-04-19,0.98,0.88,0.69,0.43,0.23,0.01,0.00,inferred
Camden,2021-04-20,0.23,0.08,0.02,0.00,0.00,0.00,0.00,inferred
Camden,2021-04-21,0.23,0.08,0.02,0.00,0.00,0.00,0.00,inferred
Camden,2021-04-22,0.23,0.08,0.02,0.00,0.00,0.00,0.00,inferred
Camden,2021-04-23,0.23,0.08,0.02,0.00,0.00,0.00,0.00,inferred
Camden,2021-04-24,0.23,0.08,0.02,0.00,0.00,0.00,0.00,inferred
Camden,2021-04-25,0.23,0.08,0.02,0.00,0.00,0.00,0.00,inferred
Camden,2021-04-26,0.23,0.08,0.02,0.00,0.00,0.00,0.00,inferred
Camden,2021-04-27,0.82,0.57,0.30,0.12,0.04,0.00,0.00,inferred
Camden,2021-04-28,0.82,0.57,0.30,0.12,0.04,0.00,0.00,inferred
Camden,2021-04-29,0.82,0.57,0.30,0.12,0.04,0.00,0.00,inferred
Camden,2021-04-30,0.82,0.57,0.30,0.12,0.04,0.00,0.00,inferred
Camden,2021-05-01,0.82,0.57,0.30,0.12,0.04,0.00,0.00,inferred
Camden,2021-05-02,0.82,0.57,0.30,0.12,0.04,0.00,0.00,inferred
Camden,2021-05-03,0.82,0.57,0.30,0.12,0.04,0.00,0.00,inferred
Camden,2021-05-04,0.26,0.10,0.02,0.00,0.00,0.00,0.00,inferred
Camden,2021-05-05,0.26,0.10,0.02,0.00,0.00,0.00,0.00,inferred
Camden,2021-05-06,0.26,0.10,0.02,0.00,0.00,0.00,0.00,inferred
Camden,2021-05-07,0.26,0.10,0.02,0.00,0.00,0.00,0.00,inferred
Camden,2021-05-08,0.26,0.10,0.02,0.00,0.00,0.00,0.00,inferred
Camden,2021-05-09,0.26,0.10,0.02,0.00,0.00,0.00,0.00,inferred
Camden,2021-05-10,0.26,0.10,0.02,0.00,0.00,0.00,0.00,inferred
Camden,2021-05-11,0.84,0.67,0.43,0.26,0.12,0.00,0.00,inferred
Camden,2021-05-12,0.84,0.67,0.43,0.26,0.12,0.00,0.00,inferred
Camden,2021-05-13,0.84,0.67,0.43,0.26,0.12,0.00,0.00,inferred
Camden,2021-05-14,0.84,0.67,0.43,0.26,0.12,0.00,0.00,inferred
Camden,2021-05-15,0.84,0.67,0.43,0.26,0.12,0.00,0.00,inferred
Camden,2021-05-16,0.84,0.67,0.43,0.26,0.12,0.00,0.00,inferred
Camden,2021-05-17,0.84,0.67,0.43,0.26,0.12,0.00,0.00,inferred
Camden,2021-05-18,1.00,1.00,1.00,1.00,1.00,0.93,0.31,inferred
Camden,2021-05-19,1.00,1.00,1.00,1.00,1.00,0.93,0.31,inferred
Camden,2021-05-20,1.00,1.00,1.00,1.00,1.00,0.93,0.31,inferred
Camden,2021-05-21,1.00,1.00,1.00,1.00,1.00,0.93,0.31,inferred
Camden,2021-05-22,1.00,1.00,1.00,1.00,1.00,0.93,0.31,inferred
Camden,2021-05-23,1.00,1.00,1.00,1.00,1.00,0.93,0.31,inferred
Camden,2021-05-24,1.00,1.00,1.00,1.00,1.00,0.93,0.31,inferred
Camden,2021-05-25,1.00,1.00,1.00,1.00,1.00,1.00,0.92,inferred
Camden,2021-05-26,1.00,1.00,1.00,1.00,1.00,1.00,0.92,inferred
Camden,2021-05-27,1.00,1.00,1.00,1.00,1.00,1.00,0.92,inferred
Camden,2021-05-28,1.00,1.00,1.00,1.00,1.00,1.00,0.92,inferred
Camden,2021-05-29,1.00,1.00,1.00,1.00,1.00,1.00,0.92,inferred
Camden,2021-05-30,1.00,1.00,1.00,1.00,1.00,1.00,0.92,inferred
Camden,2021-05-31,1.00,1.00,1.00,1.00,1.00,1.00,0.92,inferred
Camden,2021-06-01,1.00,1.00,1.00,1.00,1.00,0.81,0.22,inferred
Camden,2021-06-02,1.00,1.00,1.00,1.00,1.00,0.81,0.22,inferred
Camden,2021-06-03,1.00,1.00,1.00,1.00,1.00,0.81,0.22,inferred
Camden,2021-06-04,1.00,1.00,1.00,1.00,1.00,0.81,0.22,inferred
Camden,2021-06-05,1.00,1.00,1.00,1.00,1.00,0.81,0.22,inferred
Camden,2021-06-06,1.00,1.00,1.00,1.00,1.00,0.81,0.22,inferred
Camden,2021-06-07,1.00,1.00,1.00,1.00,1.00,0.81,0.22,inferred
Camden,2021-06-08,1.00,1.00,0.96,0.75,0.44,0.00,0.00,inferred
Camden,2021-06-09,1.00,1.00,0.96,0.75,0.44,0.00,0.00,inferred
Camden,2021-06-10,1.00,1.00,0.96,0.75,0.44,0.00,0.00,inferred
Camden,2021-06-11,1.00,1.00,0.96,0.75,0.44,0.00,0.00,inferred
Camden,2021-06-12,1.00,1.00,0.96,0.75,0.44,0.00,0.00,inferred
Camden,2021-06-13,1.00,1.00,0.96,0.75,0.44,0.00,0.00,inferred
Camden,2021-06-14,1.00,1.00,0.96,0.75,0.44,0.00,0.00,inferred
Camden,2021-06-15,1.00,1.00,1.00,1.00,1.00,0.94,0.03,inferred
Camden,2021-06-16,1.00,1.00,1.00,1.00,1.00,0.94,0.03,inferred
Camden,2021-06-17,1.00,1.00,1.00,1.00,1.00,0.94,0.03,inferred
Camden,2021-06-18,1.00,1.00,1.00,1.00,1.00,0.94,0.03,inferred
Camden,2021-06-19,1.00,1.00,1.00,1.00,1.00,0.94,0.03,inferred
Camden,2021-06-20,1.00,1.00,1.00,1.00,1.00,0.94,0.03,inferred
Camden,2021-06-21,1.00,1.00,1.00,1.00,1.00,0.94,0.03,inferred
Camden,2021-06-22,1.00,1.00,1.00,1.00,0.96,0.37,0.00,inferred
Camden,2021-06-23,1.00,1.00,1.00,1.00,0.96,0.37,0.00,inferred
Camden,2021-06-24,1.00,1.00,1.00,1.00,0.96,0.37,0.00,inferred
Camden,2021-06-25,1.00,1.00,1.00,1.00,0.96,0.37,0.00,inferred
Camden,2021-06-26,1.00,1.00,1.00,1.00,0.96,0.37,0.00,inferred
Camden,2021-06-27,1.00,1.00,1.00,1.00,0.96,0.37,0.00,inferred
Camden,2021-06-28,1.00,1.00,1.00,1.00,0.96,0.37,0.00,inferred
Camden,2021-06-29,1.00,1.00,0.95,0.76,0.49,0.02,0.00,inferred
Camden,2021-06-30,1.00,1.00,0.95,0.76,0.49,0.02,0.00,inferred
Camden,2021-07-01,1.00,1.00,0.95,0.76,0.49,0.02,0.00,inferred
Camden,2021-07-02,1.00,1.00,0.95,0.76,0.49,0.02,0.00,inferred
Camden,2021-07-03,1.00,1.00,0.95,0.76,0.49,0.02,0.00,inferred
Camden,2021-07-04,1.00,1.00,0.95,0.76,0.49,0.02,0.00,inferred
Camden,2021-07-05,1.00,1.00,0.95,0.76,0.49,0.02,0.00,inferred
Camden,2021-07-06,0.99,0.95,0.84,0.67,0.49,0.12,0.01,projected
Camden,2021-07-07,0.99,0.95,0.84,0.67,0.49,0.12,0.01,projected
Camden,2021-07-08,0.99,0.95,0.84,0.67,0.49,0.12,0.01,projected
Camden,2021-07-09,0.99,0.95,0.84,0.67,0.49,0.12,0.01,projected
Camden,2021-07-10,0.99,0.95,0.84,0.67,0.49,0.12,0.01,projected
Camden,2021-07-11,0.99,0.95,0.84,0.67,0.49,0.12,0.01,projected
Camden,2021-07-12,0.99,0.95,0.84,0.67,0.49,0.12,0.01,projected
Camden,2021-07-13,0.97,0.91,0.82,0.69,0.52,0.17,0.02,projected
Camden,2021-07-14,0.97,0.91,0.82,0.69,0.52,0.17,0.02,projected
Camden,2021-07-15,0.97,0.91,0.82,0.69,0.52,0.17,0.02,projected
Camden,2021-07-16,0.97,0.91,0.82,0.69,0.52,0.17,0.02,projected
Camden,2021-07-17,0.97,0.91,0.82,0.69,0.52,0.17,0.02,projected
Camden,2021-07-18,0.97,0.91,0.82,0.69,0.52,0.17,0.02,projected
Camden,2021-07-19,0.97,0.91,0.82,0.69,0.52,0.17,0.02,projected
Camden,2021-07-20,0.97,0.92,0.83,0.70,0.57,0.22,0.02,projected
Camden,2021-07-21,0.97,0.92,0.83,0.70,0.57,0.22,0.02,projected
Camden,2021-07-22,0.97,0.92,0.83,0.70,0.57,0.22,0.02,projected
Camden,2021-07-23,0.97,0.92,0.83,0.70,0.57,0.22,0.02,projected
Camden,2021-07-24,0.97,0.92,0.83,0.70,0.57,0.22,0.02,projected
Camden,2021-07-25,0.97,0.92,0.83,0.70,0.57,0.22,0.02,projected
Camden,2021-07-26,0.97,0.92,0.83,0.70,0.57,0.22,0.02,projected
Cannock Chase,2021-03-23,0.00,0.00,0.00,0.00,0.00,0.00,0.00,inferred
Cannock Chase,2021-03-24,0.00,0.00,0.00,0.00,0.00,0.00,0.00,inferred
Cannock Chase,2021-03-25,0.00,0.00,0.00,0.00,0.00,0.00,0.00,inferred
Cannock Chase,2021-03-26,0.00,0.00,0.00,0.00,0.00,0.00,0.00,inferred
Cannock Chase,2021-03-27,0.00,0.00,0.00,0.00,0.00,0.00,0.00,inferred
Cannock Chase,2021-03-28,0.00,0.00,0.00,0.00,0.00,0.00,0.00,inferred
Cannock Chase,2021-03-29,0.00,0.00,0.00,0.00,0.00,0.00,0.00,inferred
Cannock Chase,2021-03-30,0.03,0.01,0.00,0.00,0.00,0.00,0.00,inferred
Cannock Chase,2021-03-31,0.03,0.01,0.00,0.00,0.00,0.00,0.00,inferred
Cannock Chase,2021-04-01,0.03,0.01,0.00,0.00,0.00,0.00,0.00,inferred
Cannock Chase,2021-04-02,0.03,0.01,0.00,0.00,0.00,0.00,0.00,inferred
Cannock Chase,2021-04-03,0.03,0.01,0.00,0.00,0.00,0.00,0.00,inferred
Cannock Chase,2021-04-04,0.03,0.01,0.00,0.00,0.00,0.00,0.00,inferred
Cannock Chase,2021-04-05,0.03,0.01,0.00,0.00,0.00,0.00,0.00,inferred
Cannock Chase,2021-04-06,0.51,0.35,0.21,0.11,0.05,0.00,0.00,inferred
Cannock Chase,2021-04-07,0.51,0.35,0.21,0.11,0.05,0.00,0.00,inferred
Cannock Chase,2021-04-08,0.51,0.35,0.21,0.11,0.05,0.00,0.00,inferred
Cannock Chase,2021-04-09,0.51,0.35,0.21,0.11,0.05,0.00,0.00,inferred
Cannock Chase,2021-04-10,0.51,0.35,0.21,0.11,0.05,0.00,0.00,inferred
Cannock Chase,2021-04-11,0.51,0.35,0.21,0.11,0.05,0.00,0.00,inferred
Cannock Chase,2021-04-12,0.51,0.35,0.21,0.11,0.05,0.00,0.00,inferred
Cannock Chase,2021-04-13,0.78,0.62,0.44,0.31,0.19,0.03,0.00,inferred
Cannock Chase,2021-04-14,0.78,0.62,0.44,0.31,0.19,0.03,0.00,inferred
Cannock Chase,2021-04-15,0.78,0.62,0.44,0.31,0.19,0.03,0.00,inferred
Cannock Chase,2021-04-16,0.78,0.62,0.44,0.31,0.19,0.03,0.00,inferred
Cannock Chase,2021-04-17,0.78,0.62,0.44,0.31,0.19,0.03,0.00,inferred
Cannock Chase,2021-04-18,0.78,0.62,0.44,0.31,0.19,0.03,0.00,inferred
Cannock Chase,2021-04-19,0.78,0.62,0.44,0.31,0.19,0.03,0.00,inferred
Cannock Chase,2021-04-20,0.49,0.31,0.17,0.08,0.04,0.00,0.00,inferred
Cannock Chase,2021-04-21,0.49,0.31,0.17,0.08,0.04,0.00,0.00,inferred
Cannock Chase,2021-04-22,0.49,0.31,0.17,0.08,0.04,0.00,0.00,inferred
Cannock Chase,2021-04-23,0.49,0.31,0.17,0.08,0.04,0.00,0.00,inferred
Cannock Chase,2021-04-24,0.49,0.31,0.17,0.08,0.04,0.00,0.00,inferred
Cannock Chase,2021-04-25,0.49,0.31,0.17,0.08,0.04,0.00,0.00,inferred
Cannock Chase,2021-04-26,0.49,0.31,0.17,0.08,0.04,0.00,0.00,inferred
Cannock Chase,2021-04-27,0.72,0.60,0.43,0.30,0.20,0.03,0.00,inferred
Cannock Chase,2021-04-28,0.72,0.60,0.43,0.30,0.20,0.03,0.00,inferred
Cannock Chase,2021-04-29,0.72,0.60,0.43,0.30,0.20,0.03,0.00,inferred
Cannock Chase,2021-04-30,0.72,0.60,0.43,0.30,0.20,0.03,0.00,inferred
Cannock Chase,2021-05-01,0.72,0.60,0.43,0.30,0.20,0.03,0.00,inferred
Cannock Chase,2021-05-02,0.72,0.60,0.43,0.30,0.20,0.03,0.00,inferred
Cannock Chase,2021-05-03,0.72,0.60,0.43,0.30,0.20,0.03,0.00,inferred
Cannock Chase,2021-05-04,0.82,0.69,0.55,0.40,0.28,0.06,0.00,inferred
Cannock Chase,2021-05-05,0.82,0.69,0.55,0.40,0.28,0.06,0.00,inferred
Cannock Chase,2021-05-06,0.82,0.69,0.55,0.40,0.28,0.06,0.00,inferred
Cannock Chase,2021-05-07,0.82,0.69,0.55,0.40,0.28,0.06,0.00,inferred
Cannock Chase,2021-05-08,0.82,0.69,0.55,0.40,0.28,0.06,0.00,inferred
Cannock Chase,2021-05-09,0.82,0.69,0.55,0.40,0.28,0.06,0.00,inferred
Cannock Chase,2021-05-10,0.82,0.69,0.55,0.40,0.28,0.06,0.00,inferred
Cannock Chase,2021-05-11,0.80,0.67,0.52,0.37,0.24,0.05,0.00,inferred
Cannock Chase,2021-05-12,0.80,0.67,0.52,0.37,0.24,0.05,0.00,inferred
Cannock Chase,2021-05-13,0.80,0.67,0.52,0.37,0.24,0.05,0.00,inferred
Cannock Chase,2021-05-14,0.80,0.67,0.52,0.37,0.24,0.05,0.00,inferred
Cannock Chase,2021-05-15,0.80,0.67,0.52,0.37,0.24,0.05,0.00,inferred
Cannock Chase,2021-05-16,0.80,0.67,0.52,0.37,0.24,0.05,0.00,inferred
Cannock Chase,2021-05-17,0.80,0.67,0.52,0.37,0.24,0.05,0.00,inferred
Cannock Chase,2021-05-18,0.99,0.97,0.93,0.86,0.77,0.42,0.07,inferred
Cannock Chase,2021-05-19,0.99,0.97,0.93,0.86,0.77,0.42,0.07,inferred
Cannock Chase,2021-05-20,0.99,0.97,0.93,0.86,0.77,0.42,0.07,inferred
Cannock Chase,2021-05-21,0.99,0.97,0.93,0.86,0.77,0.42,0.07,inferred
Cannock Chase,2021-05-22,0.99,0.97,0.93,0.86,0.77,0.42,0.07,inferred
Cannock Chase,2021-05-23,0.99,0.97,0.93,0.86,0.77,0.42,0.07,inferred
Cannock Chase,2021-05-24,0.99,0.97,0.93,0.86,0.77,0.42,0.07,inferred
Cannock Chase,2021-05-25,1.00,1.00,1.00,0.99,0.98,0.83,0.37,inferred
Cannock Chase,2021-05-26,1.00,1.00,1.00,0.99,0.98,0.83,0.37,inferred
Cannock Chase,2021-05-27,1.00,1.00,1.00,0.99,0.98,0.83,0.37,inferred
Cannock Chase,2021-05-28,1.00,1.00,1.00,0.99,0.98,0.83,0.37,inferred
Cannock Chase,2021-05-29,1.00,1.00,1.00,0.99,0.98,0.83,0.37,inferred
Cannock Chase,2021-05-30,1.00,1.00,1.00,0.99,0.98,0.83,0.37,inferred
Cannock Chase,2021-05-31,1.00,1.00,1.00,0.99,0.98,0.83,0.37,inferred
Cannock Chase,2021-06-01,1.00,1.00,1.00,0.99,0.98,0.83,0.27,inferred
Cannock Chase,2021-06-02,1.00,1.00,1.00,0.99,0.98,0.83,0.27,inferred
Cannock Chase,2021-06-03,1.00,1.00,1.00,0.99,0.98,0.83,0.27,inferred
Cannock Chase,2021-06-04,1.00,1.00,1.00,0.99,0.98,0.83,0.27,inferred
Cannock Chase,2021-06-05,1.00,1.00,1.00,0.99,0.98,0.83,0.27,inferred
Cannock Chase,2021-06-06,1.00,1.00,1.00,0.99,0.98,0.83,0.27,inferred
Cannock Chase,2021-06-07,1.00,1.00,1.00,0.99,0.98,0.83,0.27,inferred
Cannock Chase,2021-06-08,1.00,0.99,0.94,0.83,0.67,0.22,0.01,inferred
Cannock Chase,2021-06-09,1.00,0.99,0.94,0.83,0.67,0.22,0.01,inferred
Cannock Chase,2021-06-10,1.00,0.99,0.94,0.83,0.67,0.22,0.01,inferred
Cannock Chase,2021-06-11,1.00,0.99,0.94,0.83,0.67,0.22,0.01,inferred
Cannock Chase,2021-06-12,1.00,0.99,0.94,0.83,0.67,0.22,0.01,inferred
Cannock Chase,2021-06-13,1.00,0.99,0.94,0.83,0.67,0.22,0.01,inferred
Cannock Chase,2021-06-14,1.00,0.99,0.94,0.83,0.67,0.22,0.01,inferred
Cannock Chase,2021-06-15,1.00,1.00,1.00,1.00,1.00,0.92,0.23,inferred
Cannock Chase,2021-06-16,1.00,1.00,1.00,1.00,1.00,0.92,0.23,inferred
Cannock Chase,2021-06-17,1.00,1.00,1.00,1.00,1.00,0.92,0.23,inferred
Cannock Chase,2021-06-18,1.00,1.00,1.00,1.00,1.00,0.92,0.23,inferred
Cannock Chase,2021-06-19,1.00,1.00,1.00,1.00,1.00,0.92,0.23,inferred
Cannock Chase,2021-06-20,1.00,1.00,1.00,1.00,1.00,0.92,0.23,inferred
Cannock Chase,2021-06-21,1.00,1.00,1.00,1.00,1.00,0.92,0.23,inferred
Cannock Chase,2021-06-22,1.00,1.00,1.00,1.00,1.00,0.96,0.56,inferred
Cannock Chase,2021-06-23,1.00,1.00,1.00,1.00,1.00,0.96,0.56,inferred
Cannock Chase,2021-06-24,1.00,1.00,1.00,1.00,1.00,0.96,0.56,inferred
Cannock Chase,2021-06-25,1.00,1.00,1.00,1.00,1.00,0.96,0.56,inferred
Cannock Chase,2021-06-26,1.00,1.00,1.00,1.00,1.00,0.96,0.56,inferred
Cannock Chase,2021-06-27,1.00,1.00,1.00,1.00,1.00,0.96,0.56,inferred
Cannock Chase,2021-06-28,1.00,1.00,1.00,1.00,1.00,0.96,0.56,inferred
Cannock Chase,2021-06-29,1.00,0.97,0.92,0.85,0.71,0.29,0.03,inferred
Cannock Chase,2021-06-30,1.00,0.97,0.92,0.85,0.71,0.29,0.03,inferred
Cannock Chase,2021-07-01,1.00,0.97,0.92,0.85,0.71,0.29,0.03,inferred
Cannock Chase,2021-07-02,1.00,0.97,0.92,0.85,0.71,0.29,0.03,inferred
Cannock Chase,2021-07-03,1.00,0.97,0.92,0.85,0.71,0.29,0.03,inferred
Cannock Chase,2021-07-04,1.00,0.97,0.92,0.85,0.71,0.29,0.03,inferred
Cannock Chase,2021-07-05,1.00,0.97,0.92,0.85,0.71,0.29,0.03,inferred
Cannock Chase,2021-07-06,0.96,0.92,0.85,0.74,0.63,0.33,0.08,projected
Cannock Chase,2021-07-07,0.96,0.92,0.85,0.74,0.63,0.33,0.08,projected
Cannock Chase,2021-07-08,0.96,0.92,0.85,0.74,0.63,0.33,0.08,projected
Cannock Chase,2021-07-09,0.96,0.92,0.85,0.74,0.63,0.33,0.08,projected
Cannock Chase,2021-07-10,0.96,0.92,0.85,0.74,0.63,0.33,0.08,projected
Cannock Chase,2021-07-11,0.96,0.92,0.85,0.74,0.63,0.33,0.08,projected
Cannock Chase,2021-07-12,0.96,0.92,0.85,0.74,0.63,0.33,0.08,projected
Cannock Chase,2021-07-13,0.94,0.89,0.82,0.72,0.61,0.35,0.11,projected
Cannock Chase,2021-07-14,0.94,0.89,0.82,0.72,0.61,0.35,0.11,projected
Cannock Chase,2021-07-15,0.94,0.89,0.82,0.72,0.61,0.35,0.11,projected
Cannock Chase,2021-07-16,0.94,0.89,0.82,0.72,0.61,0.35,0.11,projected
Cannock Chase,2021-07-17,0.94,0.89,0.82,0.72,0.61,0.35,0.11,projected
Cannock Chase,2021-07-18,0.94,0.89,0.82,0.72,0.61,0.35,0.11,projected
Cannock Chase,2021-07-19,0.94,0.89,0.82,0.72,0.61,0.35,0.11,projected
Cannock Chase,2021-07-20,0.94,0.88,0.81,0.71,0.62,0.38,0.15,projected
Cannock Chase,2021-07-21,0.94,0.88,0.81,0.71,0.62,0.38,0.15,projected
Cannock Chase,2021-07-22,0.94,0.88,0.81,0.71,0.62,0.38,0.15,projected
Cannock Chase,2021-07-23,0.94,0.88,0.81,0.71,0.62,0.38,0.15,projected
Cannock Chase,2021-07-24,0.94,0.88,0.81,0.71,0.62,0.38,0.15,projected
Cannock Chase,2021-07-25,0.94,0.88,0.81,0.71,0.62,0.38,0.15,projected
Cannock Chase,2021-07-26,0.94,0.88,0.81,0.71,0.62,0.38,0.15,projected
Canterbury,2021-03-23,0.00,0.00,0.00,0.00,0.00,0.00,0.00,inferred
Canterbury,2021-03-24,0.00,0.00,0.00,0.00,0.00,0.00,0.00,inferred
Canterbury,2021-03-25,0.00,0.00,0.00,0.00,0.00,0.00,0.00,inferred
Canterbury,2021-03-26,0.00,0.00,0.00,0.00,0.00,0.00,0.00,inferred
Canterbury,2021-03-27,0.00,0.00,0.00,0.00,0.00,0.00,0.00,inferred
Canterbury,2021-03-28,0.00,0.00,0.00,0.00,0.00,0.00,0.00,inferred
Canterbury,2021-03-29,0.00,0.00,0.00,0.00,0.00,0.00,0.00,inferred
Canterbury,2021-03-30,0.20,0.08,0.02,0.01,0.00,0.00,0.00,inferred
Canterbury,2021-03-31,0.20,0.08,0.02,0.01,0.00,0.00,0.00,inferred
Canterbury,2021-04-01,0.20,0.08,0.02,0.01,0.00,0.00,0.00,inferred
Canterbury,2021-04-02,0.20,0.08,0.02,0.01,0.00,0.00,0.00,inferred
Canterbury,2021-04-03,0.20,0.08,0.02,0.01,0.00,0.00,0.00,inferred
Canterbury,2021-04-04,0.20,0.08,0.02,0.01,0.00,0.00,0.00,inferred
Canterbury,2021-04-05,0.20,0.08,0.02,0.01,0.00,0.00,0.00,inferred
Canterbury,2021-04-06,0.86,0.71,0.52,0.35,0.22,0.02,0.00,inferred
Canterbury,2021-04-07,0.86,0.71,0.52,0.35,0.22,0.02,0.00,inferred
Canterbury,2021-04-08,0.86,0.71,0.52,0.35,0.22,0.02,0.00,inferred
Canterbury,2021-04-09,0.86,0.71,0.52,0.35,0.22,0.02,0.00,inferred
Canterbury,2021-04-10,0.86,0.71,0.52,0.35,0.22,0.02,0.00,inferred
Canterbury,2021-04-11,0.86,0.71,0.52,0.35,0.22,0.02,0.00,inferred
Canterbury,2021-04-12,0.86,0.71,0.52,0.35,0.22,0.02,0.00,inferred
Canterbury,2021-04-13,0.97,0.91,0.81,0.65,0.49,0.11,0.00,inferred
Canterbury,2021-04-14,0.97,0.91,0.81,0.65,0.49,0.11,0.00,inferred
Canterbury,2021-04-15,0.97,0.91,0.81,0.65,0.49,0.11,0.00,inferred
Canterbury,2021-04-16,0.97,0.91,0.81,0.65,0.49,0.11,0.00,inferred
Canterbury,2021-04-17,0.97,0.91,0.81,0.65,0.49,0.11,0.00,inferred
Canterbury,2021-04-18,0.97,0.91,0.81,0.65,0.49,0.11,0.00,inferred
Canterbury,2021-04-19,0.97,0.91,0.81,0.65,0.49,0.11,0.00,inferred
Canterbury,2021-04-20,0.89,0.73,0.58,0.40,0.23,0.03,0.00,inferred
Canterbury,2021-04-21,0.89,0.73,0.58,0.40,0.23,0.03,0.00,inferred
Canterbury,2021-04-22,0.89,0.73,0.58,0.40,0.23,0.03,0.00,inferred
Canterbury,2021-04-23,0.89,0.73,0.58,0.40,0.23,0.03,0.00,inferred
Canterbury,2021-04-24,0.89,0.73,0.58,0.40,0.23,0.03,0.00,inferred
Canterbury,2021-04-25,0.89,0.73,0.58,0.40,0.23,0.03,0.00,inferred
Canterbury,2021-04-26,0.89,0.73,0.58,0.40,0.23,0.03,0.00,inferred
Canterbury,2021-04-27,0.87,0.72,0.56,0.38,0.23,0.02,0.00,inferred
Canterbury,2021-04-28,0.87,0.72,0.56,0.38,0.23,0.02,0.00,inferred
Canterbury,2021-04-29,0.87,0.72,0.56,0.38,0.23,0.02,0.00,inferred
Canterbury,2021-04-30,0.87,0.72,0.56,0.38,0.23,0.02,0.00,inferred
Canterbury,2021-05-01,0.87,0.72,0.56,0.38,0.23,0.02,0.00,inferred
Canterbury,2021-05-02,0.87,0.72,0.56,0.38,0.23,0.02,0.00,inferred
Canterbury,2021-05-03,0.87,0.72,0.56,0.38,0.23,0.02,0.00,inferred
Canterbury,2021-05-04,0.99,0.97,0.93,0.85,0.72,0.25,0.01,inferred
Canterbury,2021-05-05,0.99,0.97,0.93,0.85,0.72,0.25,0.01,inferred
Canterbury,2021-05-06,0.99,0.97,0.93,0.85,0.72,0.25,0.01,inferred
Canterbury,2021-05-07,0.99,0.97,0.93,0.85,0.72,0.25,0.01,inferred
Canterbury,2021-05-08,0.99,0.97,0.93,0.85,0.72,0.25,0.01,inferred
Canterbury,2021-05-09,0.99,0.97,0.93,0.85,0.72,0.25,0.01,inferred
Canterbury,2021-05-10,0.99,0.97,0.93,0.85,0.72,0.25,0.01,inferred
Canterbury,2021-05-11,0.99,0.97,0.93,0.82,0.65,0.19,0.00,inferred
Canterbury,2021-05-12,0.99,0.97,0.93,0.82,0.65,0.19,0.00,inferred
Canterbury,2021-05-13,0.99,0.97,0.93,0.82,0.65,0.19,0.00,inferred
Canterbury,2021-05-14,0.99,0.97,0.93,0.82,0.65,0.19,0.00,inferred
Canterbury,2021-05-15,0.99,0.97,0.93,0.82,0.65,0.19,0.00,inferred
Canterbury,2021-05-16,0.99,0.97,0.93,0.82,0.65,0.19,0.00,inferred
Canterbury,2021-05-17,0.99,0.97,0.93,0.82,0.65,0.19,0.00,inferred
Canterbury,2021-05-18,0.95,0.85,0.67,0.46,0.27,0.03,0.00,inferred
Canterbury,2021-05-19,0.95,0.85,0.67,0.46,0.27,0.03,0.00,inferred
Canterbury,2021-05-20,0.95,0.85,0.67,0.46,0.27,0.03,0.00,inferred
Canterbury,2021-05-21,0.95,0.85,0.67,0.46,0.27,0.03,0.00,inferred
Canterbury,2021-05-22,0.95,0.85,0.67,0.46,0.27,0.03,0.00,inferred
Canterbury,2021-05-23,0.95,0.85,0.67,0.46,0.27,0.03,0.00,inferred
Canterbury,2021-05-24,0.95,0.85,0.67,0.46,0.27,0.03,0.00,inferred
Canterbury,2021-05-25,0.99,0.97,0.89,0.73,0.53,0.10,0.00,inferred
Canterbury,2021-05-26,0.99,0.97,0.89,0.73,0.53,0.10,0.00,inferred
Canterbury,2021-05-27,0.99,0.97,0.89,0.73,0.53,0.10,0.00,inferred
Canterbury,2021-05-28,0.99,0.97,0.89,0.73,0.53,0.10,0.00,inferred
Canterbury,2021-05-29,0.99,0.97,0.89,0.73,0.53,0.10,0.00,inferred
Canterbury,2021-05-30,0.99,0.97,0.89,0.73,0.53,0.10,0.00,inferred
Canterbury,2021-05-31,0.99,0.97,0.89,0.73,0.53,0.10,0.00,inferred
Canterbury,2021-06-01,0.99,0.95,0.86,0.68,0.48,0.07,0.00,inferred
Canterbury,2021-06-02,0.99,0.95,0.86,0.68,0.48,0.07,0.00,inferred
Canterbury,2021-06-03,0.99,0.95,0.86,0.68,0.48,0.07,0.00,inferred
Canterbury,2021-06-04,0.99,0.95,0.86,0.68,0.48,0.07,0.00,inferred
Canterbury,2021-06-05,0.99,0.95,0.86,0.68,0.48,0.07,0.00,inferred
Canterbury,2021-06-06,0.99,0.95,0.86,0.68,0.48,0.07,0.00,inferred
Canterbury,2021-06-07,0.99,0.95,0.86,0.68,0.48,0.07,0.00,inferred
Canterbury,2021-06-08,1.00,1.00,1.00,1.00,1.00,0.83,0.14,inferred
Canterbury,2021-06-09,1.00,1.00,1.00,1.00,1.00,0.83,0.14,inferred
Canterbury,2021-06-10,1.00,1.00,1.00,1.00,1.00,0.83,0.14,inferred
Canterbury,2021-06-11,1.00,1.00,1.00,1.00,1.00,0.83,0.14,inferred
Canterbury,2021-06-12,1.00,1.00,1.00,1.00,1.00,0.83,0.14,inferred
Canterbury,2021-06-13,1.00,1.00,1.00,1.00,1.00,0.83,0.14,inferred
Canterbury,2021-06-14,1.00,1.00,1.00,1.00,1.00,0.83,0.14,inferred
Canterbury,2021-06-15,1.00,1.00,1.00,1.00,1.00,1.00,0.88,inferred
Canterbury,2021-06-16,1.00,1.00,1.00,1.00,1.00,1.00,0.88,inferred
Canterbury,2021-06-17,1.00,1.00,1.00,1.00,1.00,1.00,0.88,inferred
Canterbury,2021-06-18,1.00,1.00,1.00,1.00,1.00,1.00,0.88,inferred
Canterbury,2021-06-19,1.00,1.00,1.00,1.00,1.00,1.00,0.88,inferred
Canterbury,2021-06-20,1.00,1.00,1.00,1.00,1.00,1.00,0.88,inferred
Canterbury,2021-06-21,1.00,1.00,1.00,1.00,1.00,1.00,0.88,inferred
Canterbury,2021-06-22,1.00,1.00,1.00,0.96,0.88,0.49,0.03,inferred
Canterbury,2021-06-23,1.00,1.00,1.00,0.96,0.88,0.49,0.03,inferred
Canterbury,2021-06-24,1.00,1.00,1.00,0.96,0.88,0.49,0.03,inferred
Canterbury,2021-06-25,1.00,1.00,1.00,0.96,0.88,0.49,0.03,inferred
Canterbury,2021-06-26,1.00,1.00,1.00,0.96,0.88,0.49,0.03,inferred
Canterbury,2021-06-27,1.00,1.00,1.00,0.96,0.88,0.49,0.03,inferred
Canterbury,2021-06-28,1.00,1.00,1.00,0.96,0.88,0.49,0.03,inferred
Canterbury,2021-06-29,0.92,0.79,0.59,0.39,0.22,0.02,0.00,inferred
Canterbury,2021-06-30,0.92,0.79,0.59,0.39,0.22,0.02,0.00,inferred
Canterbury,2021-07-01,0.92,0.79,0.59,0.39,0.22,0.02,0.00,inferred
Canterbury,2021-07-02,0.92,0.79,0.59,0.39,0.22,0.02,0.00,inferred
Canterbury,2021-07-03,0.92,0.79,0.59,0.39,0.22,0.02,0.00,inferred
Canterbury,2021-07-04,0.92,0.79,0.59,0.39,0.22,0.02,0.00,inferred
Canterbury,2021-07-05,0.92,0.79,0.59,0.39,0.22,0.02,0.00,inferred
Canterbury,2021-07-06,0.88,0.77,0.65,0.51,0.37,0.12,0.02,projected
Canterbury,2021-07-07,0.88,0.77,0.65,0.51,0.37,0.12,0.02,projected
Canterbury,2021-07-08,0.88,0.77,0.65,0.51,0.37,0.12,0.02,projected
Canterbury,2021-07-09,0.88,0.77,0.65,0.51,0.37,0.12,0.02,projected
Canterbury,2021-07-10,0.88,0.77,0.65,0.51,0.37,0.12,0.02,projected
Canterbury,2021-07-11,0.88,0.77,0.65,0.51,0.37,0.12,0.02,projected
Canterbury,2021-07-12,0.88,0.77,0.65,0.51,0.37,0.12,0.02,projected
Canterbury,2021-07-13,0.88,0.80,0.69,0.57,0.45,0.20,0.04,projected
Canterbury,2021-07-14,0.88,0.80,0.69,0.57,0.45,0.20,0.04,projected
Canterbury,2021-07-15,0.88,0.80,0.69,0.57,0.45,0.20,0.04,projected
Canterbury,2021-07-16,0.88,0.80,0.69,0.57,0.45,0.20,0.04,projected
Canterbury,2021-07-17,0.88,0.80,0.69,0.57,0.45,0.20,0.04,projected
Canterbury,2021-07-18,0.88,0.80,0.69,0.57,0.45,0.20,0.04,projected
Canterbury,2021-07-19,0.88,0.80,0.69,0.57,0.45,0.20,0.04,projected
Canterbury,2021-07-20,0.91,0.84,0.75,0.64,0.53,0.27,0.08,projected
Canterbury,2021-07-21,0.91,0.84,0.75,0.64,0.53,0.27,0.08,projected
Canterbury,2021-07-22,0.91,0.84,0.75,0.64,0.53,0.27,0.08,projected
Canterbury,2021-07-23,0.91,0.84,0.75,0.64,0.53,0.27,0.08,projected
Canterbury,2021-07-24,0.91,0.84,0.75,0.64,0.53,0.27,0.08,projected
Canterbury,2021-07-25,0.91,0.84,0.75,0.64,0.53,0.27,0.08,projected
Canterbury,2021-07-26,0.91,0.84,0.75,0.64,0.53,0.27,0.08,projected
Cardiff,2021-03-23,0.88,0.65,0.33,0.10,0.02,0.00,0.00,inferred
Cardiff,2021-03-24,0.88,0.65,0.33,0.10,0.02,0.00,0.00,inferred
Cardiff,2021-03-25,0.88,0.65,0.33,0.10,0.02,0.00,0.00,inferred
Cardiff,2021-03-26,0.88,0.65,0.33,0.10,0.02,0.00,0.00,inferred
Cardiff,2021-03-27,0.88,0.65,0.33,0.10,0.02,0.00,0.00,inferred
Cardiff,2021-03-28,0.88,0.65,0.33,0.10,0.02,0.00,0.00,inferred
Cardiff,2021-03-29,0.88,0.65,0.33,0.10,0.02,0.00,0.00,inferred
Cardiff,2021-03-30,0.55,0.24,0.07,0.01,0.00,0.00,0.00,inferred
Cardiff,2021-03-31,0.55,0.24,0.07,0.01,0.00,0.00,0.00,inferred
Cardiff,2021-04-01,0.55,0.24,0.07,0.01,0.00,0.00,0.00,inferred
Cardiff,2021-04-02,0.55,0.24,0.07,0.01,0.00,0.00,0.00,inferred
Cardiff,2021-04-03,0.55,0.24,0.07,0.01,0.00,0.00,0.00,inferred
Cardiff,2021-04-04,0.55,0.24,0.07,0.01,0.00,0.00,0.00,inferred
Cardiff,2021-04-05,0.55,0.24,0.07,0.01,0.00,0.00,0.00,inferred
Cardiff,2021-04-06,0.18,0.04,0.01,0.00,0.00,0.00,0.00,inferred
Cardiff,2021-04-07,0.18,0.04,0.01,0.00,0.00,0.00,0.00,inferred
Cardiff,2021-04-08,0.18,0.04,0.01,0.00,0.00,0.00,0.00,inferred
Cardiff,2021-04-09,0.18,0.04,0.01,0.00,0.00,0.00,0.00,inferred
Cardiff,2021-04-10,0.18,0.04,0.01,0.00,0.00,0.00,0.00,inferred
Cardiff,2021-04-11,0.18,0.04,0.01,0.00,0.00,0.00,0.00,inferred
Cardiff,2021-04-12,0.18,0.04,0.01,0.00,0.00,0.00,0.00,inferred
Cardiff,2021-04-13,0.10,0.02,0.00,0.00,0.00,0.00,0.00,inferred
Cardiff,2021-04-14,0.10,0.02,0.00,0.00,0.00,0.00,0.00,inferred
Cardiff,2021-04-15,0.10,0.02,0.00,0.00,0.00,0.00,0.00,inferred
Cardiff,2021-04-16,0.10,0.02,0.00,0.00,0.00,0.00,0.00,inferred
Cardiff,2021-04-17,0.10,0.02,0.00,0.00,0.00,0.00,0.00,inferred
Cardiff,2021-04-18,0.10,0.02,0.00,0.00,0.00,0.00,0.00,inferred
Cardiff,2021-04-19,0.10,0.02,0.00,0.00,0.00,0.00,0.00,inferred
Cardiff,2021-04-20,0.69,0.46,0.25,0.09,0.03,0.00,0.00,inferred
Cardiff,2021-04-21,0.69,0.46,0.25,0.09,0.03,0.00,0.00,inferred
Cardiff,2021-04-22,0.69,0.46,0.25,0.09,0.03,0.00,0.00,inferred
Cardiff,2021-04-23,0.69,0.46,0.25,0.09,0.03,0.00,0.00,inferred
Cardiff,2021-04-24,0.69,0.46,0.25,0.09,0.03,0.00,0.00,inferred
Cardiff,2021-04-25,0.69,0.46,0.25,0.09,0.03,0.00,0.00,inferred
Cardiff,2021-04-26,0.69,0.46,0.25,0.09,0.03,0.00,0.00,inferred
Cardiff,2021-04-27,0.96,0.86,0.68,0.47,0.29,0.02,0.00,inferred
Cardiff,2021-04-28,0.96,0.86,0.68,0.47,0.29,0.02,0.00,inferred
Cardiff,2021-04-29,0.96,0.86,0.68,0.47,0.29,0.02,0.00,inferred
Cardiff,2021-04-30,0.96,0.86,0.68,0.47,0.29,0.02,0.00,inferred
Cardiff,2021-05-01,0.96,0.86,0.68,0.47,0.29,0.02,0.00,inferred
Cardiff,2021-05-02,0.96,0.86,0.68,0.47,0.29,0.02,0.00,inferred
Cardiff,2021-05-03,0.96,0.86,0.68,0.47,0.29,0.02,0.00,inferred
Cardiff,2021-05-04,0.78,0.55,0.30,0.14,0.06,0.00,0.00,inferred
Cardiff,2021-05-05,0.78,0.55,0.30,0.14,0.06,0.00,0.00,inferred
Cardiff,2021-05-06,0.78,0.55,0.30,0.14,0.06,0.00,0.00,inferred
Cardiff,2021-05-07,0.78,0.55,0.30,0.14,0.06,0.00,0.00,inferred
Cardiff,2021-05-08,0.78,0.55,0.30,0.14,0.06,0.00,0.00,inferred
Cardiff,2021-05-09,0.78,0.55,0.30,0.14,0.06,0.00,0.00,inferred
Cardiff,2021-05-10,0.78,0.55,0.30,0.14,0.06,0.00,0.00,inferred
Cardiff,2021-05-11,0.40,0.19,0.07,0.02,0.00,0.00,0.00,inferred
Cardiff,2021-05-12,0.40,0.19,0.07,0.02,0.00,0.00,0.00,inferred
Cardiff,2021-05-13,0.40,0.19,0.07,0.02,0.00,0.00,0.00,inferred
Cardiff,2021-05-14,0.40,0.19,0.07,0.02,0.00,0.00,0.00,inferred
Cardiff,2021-05-15,0.40,0.19,0.07,0.02,0.00,0.00,0.00,inferred
Cardiff,2021-05-16,0.40,0.19,0.07,0.02,0.00,0.00,0.00,inferred
Cardiff,2021-05-17,0.40,0.19,0.07,0.02,0.00,0.00,0.00,inferred
Cardiff,2021-05-18,0.68,0.45,0.25,0.12,0.05,0.00,0.00,inferred
Cardiff,2021-05-19,0.68,0.45,0.25,0.12,0.05,0.00,0.00,inferred
Cardiff,2021-05-20,0.68,0.45,0.25,0.12,0.05,0.00,0.00,inferred
Cardiff,2021-05-21,0.68,0.45,0.25,0.12,0.05,0.00,0.00,inferred
Cardiff,2021-05-22,0.68,0.45,0.25,0.12,0.05,0.00,0.00,inferred
Cardiff,2021-05-23,0.68,0.45,0.25,0.12,0.05,0.00,0.00,inferred
Cardiff,2021-05-24,0.68,0.45,0.25,0.12,0.05,0.00,0.00,inferred
Cardiff,2021-05-25,1.00,0.98,0.93,0.84,0.69,0.21,0.00,inferred
Cardiff,2021-05-26,1.00,0.98,0.93,0.84,0.69,0.21,0.00,inferred
Cardiff,2021-05-27,1.00,0.98,0.93,0.84,0.69,0.21,0.00,inferred
Cardiff,2021-05-28,1.00,0.98,0.93,0.84,0.69,0.21,0.00,inferred
Cardiff,2021-05-29,1.00,0.98,0.93,0.84,0.69,0.21,0.00,inferred
Cardiff,2021-05-30,1.00,0.98,0.93,0.84,0.69,0.21,0.00,inferred
Cardiff,2021-05-31,1.00,0.98,0.93,0.84,0.69,0.21,0.00,inferred
Cardiff,2021-06-01,1.00,1.00,1.00,1.00,0.98,0.76,0.14,inferred
Cardiff,2021-06-02,1.00,1.00,1.00,1.00,0.98,0.76,0.14,inferred
Cardiff,2021-06-03,1.00,1.00,1.00,1.00,0.98,0.76,0.14,inferred
Cardiff,2021-06-04,1.00,1.00,1.00,1.00,0.98,0.76,0.14,inferred
Cardiff,2021-06-05,1.00,1.00,1.00,1.00,0.98,0.76,0.14,inferred
Cardiff,2021-06-06,1.00,1.00,1.00,1.00,0.98,0.76,0.14,inferred
Cardiff,2021-06-07,1.00,1.00,1.00,1.00,0.98,0.76,0.14,inferred
Cardiff,2021-06-08,1.00,1.00,1.00,1.00,1.00,0.95,0.50,inferred
Cardiff,2021-06-09,1.00,1.00,1.00,1.00,1.00,0.95,0.50,inferred
Cardiff,2021-06-10,1.00,1.00,1.00,1.00,1.00,0.95,0.50,inferred
Cardiff,2021-06-11,1.00,1.00,1.00,1.00,1.00,0.95,0.50,inferred
Cardiff,2021-06-12,1.00,1.00,1.00,1.00,1.00,0.95,0.50,inferred
Cardiff,2021-06-13,1.00,1.00,1.00,1.00,1.00,0.95,0.50,inferred
Cardiff,2021-06-14,1.00,1.00,1.00,1.00,1.00,0.95,0.50,inferred
Cardiff,2021-06-15,1.00,1.00,1.00,1.00,1.00,1.00,0.81,inferred
Cardiff,2021-06-16,1.00,1.00,1.00,1.00,1.00,1.00,0.81,inferred
Cardiff,2021-06-17,1.00,1.00,1.00,1.00,1.00,1.00,0.81,inferred
Cardiff,2021-06-18,1.00,1.00,1.00,1.00,1.00,1.00,0.81,inferred
Cardiff,2021-06-19,1.00,1.00,1.00,1.00,1.00,1.00,0.81,inferred
Cardiff,2021-06-20,1.00,1.00,1.00,1.00,1.00,1.00,0.81,inferred
Cardiff,2021-06-21,1.00,1.00,1.00,1.00,1.00,1.00,0.81,inferred
Cardiff,2021-06-22,1.00,1.00,1.00,1.00,0.98,0.70,0.07,inferred
Cardiff,2021-06-23,1.00,1.00,1.00,1.00,0.98,0.70,0.07,inferred
Cardiff,2021-06-24,1.00,1.00,1.00,1.00,0.98,0.70,0.07,inferred
Cardiff,2021-06-25,1.00,1.00,1.00,1.00,0.98,0.70,0.07,inferred
Cardiff,2021-06-26,1.00,1.00,1.00,1.00,0.98,0.70,0.07,inferred
Cardiff,2021-06-27,1.00,1.00,1.00,1.00,0.98,0.70,0.07,inferred
Cardiff,2021-06-28,1.00,1.00,1.00,1.00,0.98,0.70,0.07,inferred
Cardiff,2021-06-29,0.99,0.95,0.85,0.71,0.54,0.14,0.00,inferred
Cardiff,2021-06-30,0.99,0.95,0.85,0.71,0.54,0.14,0.00,inferred
Cardiff,2021-07-01,0.99,0.95,0.85,0.71,0.54,0.14,0.00,inferred
Cardiff,2021-07-02,0.99,0.95,0.85,0.71,0.54,0.14,0.00,inferred
Cardiff,2021-07-03,0.99,0.95,0.85,0.71,0.54,0.14,0.00,inferred
Cardiff,2021-07-04,0.99,0.95,0.85,0.71,0.54,0.14,0.00,inferred
Cardiff,2021-07-05,0.99,0.95,0.85,0.71,0.54,0.14,0.00,inferred
Cardiff,2021-07-06,0.92,0.85,0.75,0.64,0.53,0.25,0.06,projected
Cardiff,2021-07-07,0.92,0.85,0.75,0.64,0.53,0.25,0.06,projected
Cardiff,2021-07-08,0.92,0.85,0.75,0.64,0.53,0.25,0.06,projected
Cardiff,2021-07-09,0.92,0.85,0.75,0.64,0.53,0.25,0.06,projected
Cardiff,2021-07-10,0.92,0.85,0.75,0.64,0.53,0.25,0.06,projected
Cardiff,2021-07-11,0.92,0.85,0.75,0.64,0.53,0.25,0.06,projected
Cardiff,2021-07-12,0.92,0.85,0.75,0.64,0.53,0.25,0.06,projected
Cardiff,2021-07-13,0.88,0.81,0.71,0.63,0.54,0.29,0.11,projected
Cardiff,2021-07-14,0.88,0.81,0.71,0.63,0.54,0.29,0.11,projected
Cardiff,2021-07-15,0.88,0.81,0.71,0.63,0.54,0.29,0.11,projected
Cardiff,2021-07-16,0.88,0.81,0.71,0.63,0.54,0.29,0.11,projected
Cardiff,2021-07-17,0.88,0.81,0.71,0.63,0.54,0.29,0.11,projected
Cardiff,2021-07-18,0.88,0.81,0.71,0.63,0.54,0.29,0.11,projected
Cardiff,2021-07-19,0.88,0.81,0.71,0.63,0.54,0.29,0.11,projected
Cardiff,2021-07-20,0.89,0.83,0.75,0.67,0.59,0.36,0.16,projected
Cardiff,2021-07-21,0.89,0.83,0.75,0.67,0.59,0.36,0.16,projected
Cardiff,2021-07-22,0.89,0.83,0.75,0.67,0.59,0.36,0.16,projected
Cardiff,2021-07-23,0.89,0.83,0.75,0.67,0.59,0.36,0.16,projected
Cardiff,2021-07-24,0.89,0.83,0.75,0.67,0.59,0.36,0.16,projected
Cardiff,2021-07-25,0.89,0.83,0.75,0.67,0.59,0.36,0.16,projected
Cardiff,2021-07-26,0.89,0.83,0.75,0.67,0.59,0.36,0.16,projected
Carlisle,2021-03-23,0.12,0.05,0.01,0.00,0.00,0.00,0.00,inferred
Carlisle,2021-03-24,0.12,0.05,0.01,0.00,0.00,0.00,0.00,inferred
Carlisle,2021-03-25,0.12,0.05,0.01,0.00,0.00,0.00,0.00,inferred
Carlisle,2021-03-26,0.12,0.05,0.01,0.00,0.00,0.00,0.00,inferred
Carlisle,2021-03-27,0.12,0.05,0.01,0.00,0.00,0.00,0.00,inferred
Carlisle,2021-03-28,0.12,0.05,0.01,0.00,0.00,0.00,0.00,inferred
Carlisle,2021-03-29,0.12,0.05,0.01,0.00,0.00,0.00,0.00,inferred
Carlisle,2021-03-30,0.31,0.17,0.07,0.02,0.01,0.00,0.00,inferred
Carlisle,2021-03-31,0.31,0.17,0.07,0.02,0.01,0.00,0.00,inferred
Carlisle,2021-04-01,0.31,0.17,0.07,0.02,0.01,0.00,0.00,inferred
Carlisle,2021-04-02,0.31,0.17,0.07,0.02,0.01,0.00,0.00,inferred
Carlisle,2021-04-03,0.31,0.17,0.07,0.02,0.01,0.00,0.00,inferred
Carlisle,2021-04-04,0.31,0.17,0.07,0.02,0.01,0.00,0.00,inferred
Carlisle,2021-04-05,0.31,0.17,0.07,0.02,0.01,0.00,0.00,inferred
Carlisle,2021-04-06,0.43,0.27,0.14,0.07,0.04,0.00,0.00,inferred
Carlisle,2021-04-07,0.43,0.27,0.14,0.07,0.04,0.00,0.00,inferred
Carlisle,2021-04-08,0.43,0.27,0.14,0.07,0.04,0.00,0.00,inferred
Carlisle,2021-04-09,0.43,0.27,0.14,0.07,0.04,0.00,0.00,inferred
Carlisle,2021-04-10,0.43,0.27,0.14,0.07,0.04,0.00,0.00,inferred
Carlisle,2021-04-11,0.43,0.27,0.14,0.07,0.04,0.00,0.00,inferred
Carlisle,2021-04-12,0.43,0.27,0.14,0.07,0.04,0.00,0.00,inferred
Carlisle,2021-04-13,0.67,0.49,0.33,0.21,0.12,0.02,0.00,inferred
Carlisle,2021-04-14,0.67,0.49,0.33,0.21,0.12,0.02,0.00,inferred
Carlisle,2021-04-15,0.67,0.49,0.33,0.21,0.12,0.02,0.00,inferred
Carlisle,2021-04-16,0.67,0.49,0.33,0.21,0.12,0.02,0.00,inferred
Carlisle,2021-04-17,0.67,0.49,0.33,0.21,0.12,0.02,0.00,inferred
Carlisle,2021-04-18,0.67,0.49,0.33,0.21,0.12,0.02,0.00,inferred
Carlisle,2021-04-19,0.67,0.49,0.33,0.21,0.12,0.02,0.00,inferred
Carlisle,2021-04-20,0.62,0.45,0.31,0.19,0.10,0.01,0.00,inferred
Carlisle,2021-04-21,0.62,0.45,0.31,0.19,0.10,0.01,0.00,inferred
Carlisle,2021-04-22,0.62,0.45,0.31,0.19,0.10,0.01,0.00,inferred
Carlisle,2021-04-23,0.62,0.45,0.31,0.19,0.10,0.01,0.00,inferred
Carlisle,2021-04-24,0.62,0.45,0.31,0.19,0.10,0.01,0.00,inferred
Carlisle,2021-04-25,0.62,0.45,0.31,0.19,0.10,0.01,0.00,inferred
Carlisle,2021-04-26,0.62,0.45,0.31,0.19,0.10,0.01,0.00,inferred
Carlisle,2021-04-27,0.67,0.52,0.37,0.26,0.15,0.03,0.00,inferred
Carlisle,2021-04-28,0.67,0.52,0.37,0.26,0.15,0.03,0.00,inferred
Carlisle,2021-04-29,0.67,0.52,0.37,0.26,0.15,0.03,0.00,inferred
Carlisle,2021-04-30,0.67,0.52,0.37,0.26,0.15,0.03,0.00,inferred
Carlisle,2021-05-01,0.67,0.52,0.37,0.26,0.15,0.03,0.00,inferred
Carlisle,2021-05-02,0.67,0.52,0.37,0.26,0.15,0.03,0.00,inferred
Carlisle,2021-05-03,0.67,0.52,0.37,0.26,0.15,0.03,0.00,inferred
Carlisle,2021-05-04,0.76,0.60,0.46,0.33,0.23,0.06,0.00,inferred
Carlisle,2021-05-05,0.76,0.60,0.46,0.33,0.23,0.06,0.00,inferred
Carlisle,2021-05-06,0.76,0.60,0.46,0.33,0.23,0.06,0.00,inferred
Carlisle,2021-05-07,0.76,0.60,0.46,0.33,0.23,0.06,0.00,inferred
Carlisle,2021-05-08,0.76,0.60,0.46,0.33,0.23,0.06,0.00,inferred
Carlisle,2021-05-09,0.76,0.60,0.46,0.33,0.23,0.06,0.00,inferred
Carlisle,2021-05-10,0.76,0.60,0.46,0.33,0.23,0.06,0.00,inferred
Carlisle,2021-05-11,0.89,0.82,0.70,0.58,0.46,0.17,0.02,inferred
Carlisle,2021-05-12,0.89,0.82,0.70,0.58,0.46,0.17,0.02,inferred
Carlisle,2021-05-13,0.89,0.82,0.70,0.58,0.46,0.17,0.02,inferred
Carlisle,2021-05-14,0.89,0.82,0.70,0.58,0.46,0.17,0.02,inferred
Carlisle,2021-05-15,0.89,0.82,0.70,0.58,0.46,0.17,0.02,inferred
Carlisle,2021-05-16,0.89,0.82,0.70,0.58,0.46,0.17,0.02,inferred
Carlisle,2021-05-17,0.89,0.82,0.70,0.58,0.46,0.17,0.02,inferred
Carlisle,2021-05-18,0.94,0.88,0.77,0.65,0.54,0.22,0.03,inferred
Carlisle,2021-05-19,0.94,0.88,0.77,0.65,0.54,0.22,0.03,inferred
Carlisle,2021-05-20,0.94,0.88,0.77,0.65,0.54,0.22,0.03,inferred
Carlisle,2021-05-21,0.94,0.88,0.77,0.65,0.54,0.22,0.03,inferred
Carlisle,2021-05-22,0.94,0.88,0.77,0.65,0.54,0.22,0.03,inferred
Carlisle,2021-05-23,0.94,0.88,0.77,0.65,0.54,0.22,0.03,inferred
Carlisle,2021-05-24,0.94,0.88,0.77,0.65,0.54,0.22,0.03,inferred
Carlisle,2021-05-25,1.00,1.00,0.99,0.97,0.94,0.76,0.30,inferred
Carlisle,2021-05-26,1.00,1.00,0.99,0.97,0.94,0.76,0.30,inferred
Carlisle,2021-05-27,1.00,1.00,0.99,0.97,0.94,0.76,0.30,inferred
Carlisle,2021-05-28,1.00,1.00,0.99,0.97,0.94,0.76,0.30,inferred
Carlisle,2021-05-29,1.00,1.00,0.99,0.97,0.94,0.76,0.30,inferred
Carlisle,2021-05-30,1.00,1.00,0.99,0.97,0.94,0.76,0.30,inferred
Carlisle,2021-05-31,1.00,1.00,0.99,0.97,0.94,0.76,0.30,inferred
Carlisle,2021-06-01,1.00,1.00,1.00,1.00,1.00,0.99,0.82,inferred
Carlisle,2021-06-02,1.00,1.00,1.00,1.00,1.00,0.99,0.82,inferred
Carlisle,2021-06-03,1.00,1.00,1.00,1.00,1.00,0.99,0.82,inferred
Carlisle,2021-06-04,1.00,1.00,1.00,1.00,1.00,0.99,0.82,inferred
Carlisle,2021-06-05,1.00,1.00,1.00,1.00,1.00,0.99,0.82,inferred
Carlisle,2021-06-06,1.00,1.00,1.00,1.00,1.00,0.99,0.82,inferred
Carlisle,2021-06-07,1.00,1.00,1.00,1.00,1.00,0.99,0.82,inferred
Carlisle,2021-06-08,1.00,1.00,1.00,1.00,1.00,1.00,0.96,inferred
Carlisle,2021-06-09,1.00,1.00,1.00,1.00,1.00,1.00,0.96,inferred
Carlisle,2021-06-10,1.00,1.00,1.00,1.00,1.00,1.00,0.96,inferred
Carlisle,2021-06-11,1.00,1.00,1.00,1.00,1.00,1.00,0.96,inferred
Carlisle,2021-06-12,1.00,1.00,1.00,1.00,1.00,1.00,0.96,inferred
Carlisle,2021-06-13,1.00,1.00,1.00,1.00,1.00,1.00,0.96,inferred
Carlisle,2021-06-14,1.00,1.00,1.00,1.00,1.00,1.00,0.96,inferred
Carlisle,2021-06-15,1.00,1.00,1.00,1.00,1.00,1.00,0.90,inferred
Carlisle,2021-06-16,1.00,1.00,1.00,1.00,1.00,1.00,0.90,inferred
Carlisle,2021-06-17,1.00,1.00,1.00,1.00,1.00,1.00,0.90,inferred
Carlisle,2021-06-18,1.00,1.00,1.00,1.00,1.00,1.00,0.90,inferred
Carlisle,2021-06-19,1.00,1.00,1.00,1.00,1.00,1.00,0.90,inferred
Carlisle,2021-06-20,1.00,1.00,1.00,1.00,1.00,1.00,0.90,inferred
Carlisle,2021-06-21,1.00,1.00,1.00,1.00,1.00,1.00,0.90,inferred
Carlisle,2021-06-22,1.00,1.00,1.00,1.00,1.00,0.75,0.08,inferred
Carlisle,2021-06-23,1.00,1.00,1.00,1.00,1.00,0.75,0.08,inferred
Carlisle,2021-06-24,1.00,1.00,1.00,1.00,1.00,0.75,0.08,inferred
Carlisle,2021-06-25,1.00,1.00,1.00,1.00,1.00,0.75,0.08,inferred
Carlisle,2021-06-26,1.00,1.00,1.00,1.00,1.00,0.75,0.08,inferred
Carlisle,2021-06-27,1.00,1.00,1.00,1.00,1.00,0.75,0.08,inferred
Carlisle,2021-06-28,1.00,1.00,1.00,1.00,1.00,0.75,0.08,inferred
Carlisle,2021-06-29,1.00,1.00,1.00,0.98,0.92,0.58,0.07,inferred
Carlisle,2021-06-30,1.00,1.00,1.00,0.98,0.92,0.58,0.07,inferred
Carlisle,2021-07-01,1.00,1.00,1.00,0.98,0.92,0.58,0.07,inferred
Carlisle,2021-07-02,1.00,1.00,1.00,0.98,0.92,0.58,0.07,inferred
Carlisle,2021-07-03,1.00,1.00,1.00,0.98,0.92,0.58,0.07,inferred
Carlisle,2021-07-04,1.00,1.00,1.00,0.98,0.92,0.58,0.07,inferred
Carlisle,2021-07-05,1.00,1.00,1.00,0.98,0.92,0.58,0.07,inferred
Carlisle,2021-07-06,0.99,0.98,0.93,0.87,0.79,0.51,0.17,projected
Carlisle,2021-07-07,0.99,0.98,0.93,0.87,0.79,0.51,0.17,projected
Carlisle,2021-07-08,0.99,0.98,0.93,0.87,0.79,0.51,0.17,projected
Carlisle,2021-07-09,0.99,0.98,0.93,0.87,0.79,0.51,0.17,projected
Carlisle,2021-07-10,0.99,0.98,0.93,0.87,0.79,0.51,0.17,projected
Carlisle,2021-07-11,0.99,0.98,0.93,0.87,0.79,0.51,0.17,projected
Carlisle,2021-07-12,0.99,0.98,0.93,0.87,0.79,0.51,0.17,projected
Carlisle,2021-07-13,0.97,0.94,0.88,0.81,0.74,0.50,0.20,projected
Carlisle,2021-07-14,0.97,0.94,0.88,0.81,0.74,0.50,0.20,projected
Carlisle,2021-07-15,0.97,0.94,0.88,0.81,0.74,0.50,0.20,projected
Carlisle,2021-07-16,0.97,0.94,0.88,0.81,0.74,0.50,0.20,projected
Carlisle,2021-07-17,0.97,0.94,0.88,0.81,0.74,0.50,0.20,projected
Carlisle,2021-07-18,0.97,0.94,0.88,0.81,0.74,0.50,0.20,projected
Carlisle,2021-07-19,0.97,0.94,0.88,0.81,0.74,0.50,0.20,projected
Carlisle,2021-07-20,0.95,0.92,0.86,0.80,0.72,0.49,0.22,projected
Carlisle,2021-07-21,0.95,0.92,0.86,0.80,0.72,0.49,0.22,projected
Carlisle,2021-07-22,0.95,0.92,0.86,0.80,0.72,0.49,0.22,projected
Carlisle,2021-07-23,0.95,0.92,0.86,0.80,0.72,0.49,0.22,projected
Carlisle,2021-07-24,0.95,0.92,0.86,0.80,0.72,0.49,0.22,projected
Carlisle,2021-07-25,0.95,0.92,0.86,0.80,0.72,0.49,0.22,projected
Carlisle,2021-07-26,0.95,0.92,0.86,0.80,0.72,0.49,0.22,projected
Carmarthenshire,2021-03-23,0.10,0.02,0.00,0.00,0.00,0.00,0.00,inferred
Carmarthenshire,2021-03-24,0.10,0.02,0.00,0.00,0.00,0.00,0.00,inferred
Carmarthenshire,2021-03-25,0.10,0.02,0.00,0.00,0.00,0.00,0.00,inferred
Carmarthenshire,2021-03-26,0.10,0.02,0.00,0.00,0.00,0.00,0.00,inferred
Carmarthenshire,2021-03-27,0.10,0.02,0.00,0.00,0.00,0.00,0.00,inferred
Carmarthenshire,2021-03-28,0.10,0.02,0.00,0.00,0.00,0.00,0.00,inferred
Carmarthenshire,2021-03-29,0.10,0.02,0.00,0.00,0.00,0.00,0.00,inferred
Carmarthenshire,2021-03-30,0.27,0.09,0.04,0.01,0.00,0.00,0.00,inferred
Carmarthenshire,2021-03-31,0.27,0.09,0.04,0.01,0.00,0.00,0.00,inferred
Carmarthenshire,2021-04-01,0.27,0.09,0.04,0.01,0.00,0.00,0.00,inferred
Carmarthenshire,2021-04-02,0.27,0.09,0.04,0.01,0.00,0.00,0.00,inferred
Carmarthenshire,2021-04-03,0.27,0.09,0.04,0.01,0.00,0.00,0.00,inferred
Carmarthenshire,2021-04-04,0.27,0.09,0.04,0.01,0.00,0.00,0.00,inferred
Carmarthenshire,2021-04-05,0.27,0.09,0.04,0.01,0.00,0.00,0.00,inferred
Carmarthenshire,2021-04-06,0.48,0.29,0.16,0.08,0.04,0.00,0.00,inferred
Carmarthenshire,2021-04-07,0.48,0.29,0.16,0.08,0.04,0.00,0.00,inferred
Carmarthenshire,2021-04-08,0.48,0.29,0.16,0.08,0.04,0.00,0.00,inferred
Carmarthenshire,2021-04-09,0.48,0.29,0.16,0.08,0.04,0.00,0.00,inferred
Carmarthenshire,2021-04-10,0.48,0.29,0.16,0.08,0.04,0.00,0.00,inferred
Carmarthenshire,2021-04-11,0.48,0.29,0.16,0.08,0.04,0.00,0.00,inferred
Carmarthenshire,2021-04-12,0.48,0.29,0.16,0.08,0.04,0.00,0.00,inferred
Carmarthenshire,2021-04-13,0.80,0.63,0.45,0.27,0.15,0.01,0.00,inferred
Carmarthenshire,2021-04-14,0.80,0.63,0.45,0.27,0.15,0.01,0.00,inferred
Carmarthenshire,2021-04-15,0.80,0.63,0.45,0.27,0.15,0.01,0.00,inferred
Carmarthenshire,2021-04-16,0.80,0.63,0.45,0.27,0.15,0.01,0.00,inferred
Carmarthenshire,2021-04-17,0.80,0.63,0.45,0.27,0.15,0.01,0.00,inferred
Carmarthenshire,2021-04-18,0.80,0.63,0.45,0.27,0.15,0.01,0.00,inferred
Carmarthenshire,2021-04-19,0.80,0.63,0.45,0.27,0.15,0.01,0.00,inferred
Carmarthenshire,2021-04-20,0.66,0.46,0.31,0.18,0.10,0.01,0.00,inferred
Carmarthenshire,2021-04-21,0.66,0.46,0.31,0.18,0.10,0.01,0.00,inferred
Carmarthenshire,2021-04-22,0.66,0.46,0.31,0.18,0.10,0.01,0.00,inferred
Carmarthenshire,2021-04-23,0.66,0.46,0.31,0.18,0.10,0.01,0.00,inferred
Carmarthenshire,2021-04-24,0.66,0.46,0.31,0.18,0.10,0.01,0.00,inferred
Carmarthenshire,2021-04-25,0.66,0.46,0.31,0.18,0.10,0.01,0.00,inferred
Carmarthenshire,2021-04-26,0.66,0.46,0.31,0.18,0.10,0.01,0.00,inferred
Carmarthenshire,2021-04-27,0.90,0.79,0.63,0.47,0.31,0.07,0.00,inferred
Carmarthenshire,2021-04-28,0.90,0.79,0.63,0.47,0.31,0.07,0.00,inferred
Carmarthenshire,2021-04-29,0.90,0.79,0.63,0.47,0.31,0.07,0.00,inferred
Carmarthenshire,2021-04-30,0.90,0.79,0.63,0.47,0.31,0.07,0.00,inferred
Carmarthenshire,2021-05-01,0.90,0.79,0.63,0.47,0.31,0.07,0.00,inferred
Carmarthenshire,2021-05-02,0.90,0.79,0.63,0.47,0.31,0.07,0.00,inferred
Carmarthenshire,2021-05-03,0.90,0.79,0.63,0.47,0.31,0.07,0.00,inferred
Carmarthenshire,2021-05-04,0.68,0.51,0.32,0.19,0.10,0.01,0.00,inferred
Carmarthenshire,2021-05-05,0.68,0.51,0.32,0.19,0.10,0.01,0.00,inferred
Carmarthenshire,2021-05-06,0.68,0.51,0.32,0.19,0.10,0.01,0.00,inferred
Carmarthenshire,2021-05-07,0.68,0.51,0.32,0.19,0.10,0.01,0.00,inferred
Carmarthenshire,2021-05-08,0.68,0.51,0.32,0.19,0.10,0.01,0.00,inferred
Carmarthenshire,2021-05-09,0.68,0.51,0.32,0.19,0.10,0.01,0.00,inferred
Carmarthenshire,2021-05-10,0.68,0.51,0.32,0.19,0.10,0.01,0.00,inferred
Carmarthenshire,2021-05-11,0.71,0.55,0.37,0.22,0.13,0.01,0.00,inferred
Carmarthenshire,2021-05-12,0.71,0.55,0.37,0.22,0.13,0.01,0.00,inferred
Carmarthenshire,2021-05-13,0.71,0.55,0.37,0.22,0.13,0.01,0.00,inferred
Carmarthenshire,2021-05-14,0.71,0.55,0.37,0.22,0.13,0.01,0.00,inferred
Carmarthenshire,2021-05-15,0.71,0.55,0.37,0.22,0.13,0.01,0.00,inferred
Carmarthenshire,2021-05-16,0.71,0.55,0.37,0.22,0.13,0.01,0.00,inferred
Carmarthenshire,2021-05-17,0.71,0.55,0.37,0.22,0.13,0.01,0.00,inferred
Carmarthenshire,2021-05-18,0.90,0.80,0.66,0.51,0.35,0.08,0.00,inferred
Carmarthenshire,2021-05-19,0.90,0.80,0.66,0.51,0.35,0.08,0.00,inferred
Carmarthenshire,2021-05-20,0.90,0.80,0.66,0.51,0.35,0.08,0.00,inferred
Carmarthenshire,2021-05-21,0.90,0.80,0.66,0.51,0.35,0.08,0.00,inferred
Carmarthenshire,2021-05-22,0.90,0.80,0.66,0.51,0.35,0.08,0.00,inferred
Carmarthenshire,2021-05-23,0.90,0.80,0.66,0.51,0.35,0.08,0.00,inferred
Carmarthenshire,2021-05-24,0.90,0.80,0.66,0.51,0.35,0.08,0.00,inferred
Carmarthenshire,2021-05-25,1.00,0.99,0.96,0.89,0.80,0.41,0.05,inferred
Carmarthenshire,2021-05-26,1.00,0.99,0.96,0.89,0.80,0.41,0.05,inferred
Carmarthenshire,2021-05-27,1.00,0.99,0.96,0.89,0.80,0.41,0.05,inferred
Carmarthenshire,2021-05-28,1.00,0.99,0.96,0.89,0.80,0.41,0.05,inferred
Carmarthenshire,2021-05-29,1.00,0.99,0.96,0.89,0.80,0.41,0.05,inferred
Carmarthenshire,2021-05-30,1.00,0.99,0.96,0.89,0.80,0.41,0.05,inferred
Carmarthenshire,2021-05-31,1.00,0.99,0.96,0.89,0.80,0.41,0.05,inferred
Carmarthenshire,2021-06-01,0.95,0.87,0.76,0.60,0.45,0.12,0.01,inferred
Carmarthenshire,2021-06-02,0.95,0.87,0.76,0.60,0.45,0.12,0.01,inferred
Carmarthenshire,2021-06-03,0.95,0.87,0.76,0.60,0.45,0.12,0.01,inferred
Carmarthenshire,2021-06-04,0.95,0.87,0.76,0.60,0.45,0.12,0.01,inferred
Carmarthenshire,2021-06-05,0.95,0.87,0.76,0.60,0.45,0.12,0.01,inferred
Carmarthenshire,2021-06-06,0.95,0.87,0.76,0.60,0.45,0.12,0.01,inferred
Carmarthenshire,2021-06-07,0.95,0.87,0.76,0.60,0.45,0.12,0.01,inferred
Carmarthenshire,2021-06-08,1.00,1.00,0.99,0.96,0.91,0.54,0.08,inferred
Carmarthenshire,2021-06-09,1.00,1.00,0.99,0.96,0.91,0.54,0.08,inferred
Carmarthenshire,2021-06-10,1.00,1.00,0.99,0.96,0.91,0.54,0.08,inferred
Carmarthenshire,2021-06-11,1.00,1.00,0.99,0.96,0.91,0.54,0.08,inferred
Carmarthenshire,2021-06-12,1.00,1.00,0.99,0.96,0.91,0.54,0.08,inferred
Carmarthenshire,2021-06-13,1.00,1.00,0.99,0.96,0.91,0.54,0.08,inferred
Carmarthenshire,2021-06-14,1.00,1.00,0.99,0.96,0.91,0.54,0.08,inferred
Carmarthenshire,2021-06-15,1.00,1.00,1.00,1.00,1.00,0.95,0.48,inferred
Carmarthenshire,2021-06-16,1.00,1.00,1.00,1.00,1.00,0.95,0.48,inferred
Carmarthenshire,2021-06-17,1.00,1.00,1.00,1.00,1.00,0.95,0.48,inferred
Carmarthenshire,2021-06-18,1.00,1.00,1.00,1.00,1.00,0.95,0.48,inferred
Carmarthenshire,2021-06-19,1.00,1.00,1.00,1.00,1.00,0.95,0.48,inferred
Carmarthenshire,2021-06-20,1.00,1.00,1.00,1.00,1.00,0.95,0.48,inferred
Carmarthenshire,2021-06-21,1.00,1.00,1.00,1.00,1.00,0.95,0.48,inferred
Carmarthenshire,2021-06-22,1.00,1.00,1.00,1.00,1.00,0.89,0.36,inferred
Carmarthenshire,2021-06-23,1.00,1.00,1.00,1.00,1.00,0.89,0.36,inferred
Carmarthenshire,2021-06-24,1.00,1.00,1.00,1.00,1.00,0.89,0.36,inferred
Carmarthenshire,2021-06-25,1.00,1.00,1.00,1.00,1.00,0.89,0.36,inferred
Carmarthenshire,2021-06-26,1.00,1.00,1.00,1.00,1.00,0.89,0.36,inferred
Carmarthenshire,2021-06-27,1.00,1.00,1.00,1.00,1.00,0.89,0.36,inferred
Carmarthenshire,2021-06-28,1.00,1.00,1.00,1.00,1.00,0.89,0.36,inferred
Carmarthenshire,2021-06-29,0.98,0.95,0.90,0.80,0.68,0.35,0.06,inferred
Carmarthenshire,2021-06-30,0.98,0.95,0.90,0.80,0.68,0.35,0.06,inferred
Carmarthenshire,2021-07-01,0.98,0.95,0.90,0.80,0.68,0.35,0.06,inferred
Carmarthenshire,2021-07-02,0.98,0.95,0.90,0.80,0.68,0.35,0.06,inferred
Carmarthenshire,2021-07-03,0.98,0.95,0.90,0.80,0.68,0.35,0.06,inferred
Carmarthenshire,2021-07-04,0.98,0.95,0.90,0.80,0.68,0.35,0.06,inferred
Carmarthenshire,2021-07-05,0.98,0.95,0.90,0.80,0.68,0.35,0.06,inferred
Carmarthenshire,2021-07-06,0.92,0.87,0.80,0.72,0.63,0.38,0.13,projected
Carmarthenshire,2021-07-07,0.92,0.87,0.80,0.72,0.63,0.38,0.13,projected
Carmarthenshire,2021-07-08,0.92,0.87,0.80,0.72,0.63,0.38,0.13,projected
Carmarthenshire,2021-07-09,0.92,0.87,0.80,0.72,0.63,0.38,0.13,projected
Carmarthenshire,2021-07-10,0.92,0.87,0.80,0.72,0.63,0.38,0.13,projected
Carmarthenshire,2021-07-11,0.92,0.87,0.80,0.72,0.63,0.38,0.13,projected
Carmarthenshire,2021-07-12,0.92,0.87,0.80,0.72,0.63,0.38,0.13,projected
Carmarthenshire,2021-07-13,0.89,0.83,0.77,0.68,0.59,0.38,0.15,projected
Carmarthenshire,2021-07-14,0.89,0.83,0.77,0.68,0.59,0.38,0.15,projected
Carmarthenshire,2021-07-15,0.89,0.83,0.77,0.68,0.59,0.38,0.15,projected
Carmarthenshire,2021-07-16,0.89,0.83,0.77,0.68,0.59,0.38,0.15,projected
Carmarthenshire,2021-07-17,0.89,0.83,0.77,0.68,0.59,0.38,0.15,projected
Carmarthenshire,2021-07-18,0.89,0.83,0.77,0.68,0.59,0.38,0.15,projected
Carmarthenshire,2021-07-19,0.89,0.83,0.77,0.68,0.59,0.38,0.15,projected
Carmarthenshire,2021-07-20,0.89,0.83,0.76,0.70,0.61,0.40,0.17,projected
Carmarthenshire,2021-07-21,0.89,0.83,0.76,0.70,0.61,0.40,0.17,projected
Carmarthenshire,2021-07-22,0.89,0.83,0.76,0.70,0.61,0.40,0.17,projected
Carmarthenshire,2021-07-23,0.89,0.83,0.76,0.70,0.61,0.40,0.17,projected
Carmarthenshire,2021-07-24,0.89,0.83,0.76,0.70,0.61,0.40,0.17,projected
Carmarthenshire,2021-07-25,0.89,0.83,0.76,0.70,0.61,0.40,0.17,projected
Carmarthenshire,2021-07-26,0.89,0.83,0.76,0.70,0.61,0.40,0.17,projected
Castle Point,2021-03-23,0.20,0.07,0.02,0.00,0.00,0.00,0.00,inferred
Castle Point,2021-03-24,0.20,0.07,0.02,0.00,0.00,0.00,0.00,inferred
Castle Point,2021-03-25,0.20,0.07,0.02,0.00,0.00,0.00,0.00,inferred
Castle Point,2021-03-26,0.20,0.07,0.02,0.00,0.00,0.00,0.00,inferred
Castle Point,2021-03-27,0.20,0.07,0.02,0.00,0.00,0.00,0.00,inferred
Castle Point,2021-03-28,0.20,0.07,0.02,0.00,0.00,0.00,0.00,inferred
Castle Point,2021-03-29,0.20,0.07,0.02,0.00,0.00,0.00,0.00,inferred
Castle Point,2021-03-30,0.68,0.46,0.27,0.13,0.06,0.00,0.00,inferred
Castle Point,2021-03-31,0.68,0.46,0.27,0.13,0.06,0.00,0.00,inferred
Castle Point,2021-04-01,0.68,0.46,0.27,0.13,0.06,0.00,0.00,inferred
Castle Point,2021-04-02,0.68,0.46,0.27,0.13,0.06,0.00,0.00,inferred
Castle Point,2021-04-03,0.68,0.46,0.27,0.13,0.06,0.00,0.00,inferred
Castle Point,2021-04-04,0.68,0.46,0.27,0.13,0.06,0.00,0.00,inferred
Castle Point,2021-04-05,0.68,0.46,0.27,0.13,0.06,0.00,0.00,inferred
Castle Point,2021-04-06,0.22,0.10,0.04,0.01,0.01,0.00,0.00,inferred
Castle Point,2021-04-07,0.22,0.10,0.04,0.01,0.01,0.00,0.00,inferred
Castle Point,2021-04-08,0.22,0.10,0.04,0.01,0.01,0.00,0.00,inferred
Castle Point,2021-04-09,0.22,0.10,0.04,0.01,0.01,0.00,0.00,inferred
Castle Point,2021-04-10,0.22,0.10,0.04,0.01,0.01,0.00,0.00,inferred
Castle Point,2021-04-11,0.22,0.10,0.04,0.01,0.01,0.00,0.00,inferred
Castle Point,2021-04-12,0.22,0.10,0.04,0.01,0.01,0.00,0.00,inferred
Castle Point,2021-04-13,0.25,0.13,0.06,0.02,0.01,0.00,0.00,inferred
Castle Point,2021-04-14,0.25,0.13,0.06,0.02,0.01,0.00,0.00,inferred
Castle Point,2021-04-15,0.25,0.13,0.06,0.02,0.01,0.00,0.00,inferred
Castle Point,2021-04-16,0.25,0.13,0.06,0.02,0.01,0.00,0.00,inferred
Castle Point,2021-04-17,0.25,0.13,0.06,0.02,0.01,0.00,0.00,inferred
Castle Point,2021-04-18,0.25,0.13,0.06,0.02,0.01,0.00,0.00,inferred
Castle Point,2021-04-19,0.25,0.13,0.06,0.02,0.01,0.00,0.00,inferred
Castle Point,2021-04-20,0.17,0.08,0.04,0.02,0.01,0.00,0.00,inferred
Castle Point,2021-04-21,0.17,0.08,0.04,0.02,0.01,0.00,0.00,inferred
Castle Point,2021-04-22,0.17,0.08,0.04,0.02,0.01,0.00,0.00,inferred
Castle Point,2021-04-23,0.17,0.08,0.04,0.02,0.01,0.00,0.00,inferred
Castle Point,2021-04-24,0.17,0.08,0.04,0.02,0.01,0.00,0.00,inferred
Castle Point,2021-04-25,0.17,0.08,0.04,0.02,0.01,0.00,0.00,inferred
Castle Point,2021-04-26,0.17,0.08,0.04,0.02,0.01,0.00,0.00,inferred
Castle Point,2021-04-27,0.63,0.50,0.36,0.25,0.16,0.03,0.00,inferred
Castle Point,2021-04-28,0.63,0.50,0.36,0.25,0.16,0.03,0.00,inferred
Castle Point,2021-04-29,0.63,0.50,0.36,0.25,0.16,0.03,0.00,inferred
Castle Point,2021-04-30,0.63,0.50,0.36,0.25,0.16,0.03,0.00,inferred
Castle Point,2021-05-01,0.63,0.50,0.36,0.25,0.16,0.03,0.00,inferred
Castle Point,2021-05-02,0.63,0.50,0.36,0.25,0.16,0.03,0.00,inferred
Castle Point,2021-05-03,0.63,0.50,0.36,0.25,0.16,0.03,0.00,inferred
Castle Point,2021-05-04,0.84,0.72,0.59,0.45,0.33,0.09,0.00,inferred
Castle Point,2021-05-05,0.84,0.72,0.59,0.45,0.33,0.09,0.00,inferred
Castle Point,2021-05-06,0.84,0.72,0.59,0.45,0.33,0.09,0.00,inferred
Castle Point,2021-05-07,0.84,0.72,0.59,0.45,0.33,0.09,0.00,inferred
Castle Point,2021-05-08,0.84,0.72,0.59,0.45,0.33,0.09,0.00,inferred
Castle Point,2021-05-09,0.84,0.72,0.59,0.45,0.33,0.09,0.00,inferred
Castle Point,2021-05-10,0.84,0.72,0.59,0.45,0.33,0.09,0.00,inferred
Castle Point,2021-05-11,0.86,0.75,0.63,0.50,0.37,0.10,0.00,inferred
Castle Point,2021-05-12,0.86,0.75,0.63,0.50,0.37,0.10,0.00,inferred
Castle Point,2021-05-13,0.86,0.75,0.63,0.50,0.37,0.10,0.00,inferred
Castle Point,2021-05-14,0.86,0.75,0.63,0.50,0.37,0.10,0.00,inferred
Castle Point,2021-05-15,0.86,0.75,0.63,0.50,0.37,0.10,0.00,inferred
Castle Point,2021-05-16,0.86,0.75,0.63,0.50,0.37,0.10,0.00,inferred
Castle Point,2021-05-17,0.86,0.75,0.63,0.50,0.37,0.10,0.00,inferred
Castle Point,2021-05-18,0.95,0.89,0.80,0.70,0.59,0.26,0.03,inferred
Castle Point,2021-05-19,0.95,0.89,0.80,0.70,0.59,0.26,0.03,inferred
Castle Point,2021-05-20,0.95,0.89,0.80,0.70,0.59,0.26,0.03,inferred
Castle Point,2021-05-21,0.95,0.89,0.80,0.70,0.59,0.26,0.03,inferred
Castle Point,2021-05-22,0.95,0.89,0.80,0.70,0.59,0.26,0.03,inferred
Castle Point,2021-05-23,0.95,0.89,0.80,0.70,0.59,0.26,0.03,inferred
Castle Point,2021-05-24,0.95,0.89,0.80,0.70,0.59,0.26,0.03,inferred
Castle Point,2021-05-25,1.00,0.99,0.98,0.97,0.93,0.72,0.24,inferred
Castle Point,2021-05-26,1.00,0.99,0.98,0.97,0.93,0.72,0.24,inferred
Castle Point,2021-05-27,1.00,0.99,0.98,0.97,0.93,0.72,0.24,inferred
Castle Point,2021-05-28,1.00,0.99,0.98,0.97,0.93,0.72,0.24,inferred
Castle Point,2021-05-29,1.00,0.99,0.98,0.97,0.93,0.72,0.24,inferred
Castle Point,2021-05-30,1.00,0.99,0.98,0.97,0.93,0.72,0.24,inferred
Castle Point,2021-05-31,1.00,0.99,0.98,0.97,0.93,0.72,0.24,inferred
Castle Point,2021-06-01,0.99,0.97,0.93,0.86,0.77,0.39,0.06,inferred
Castle Point,2021-06-02,0.99,0.97,0.93,0.86,0.77,0.39,0.06,inferred
Castle Point,2021-06-03,0.99,0.97,0.93,0.86,0.77,0.39,0.06,inferred
Castle Point,2021-06-04,0.99,0.97,0.93,0.86,0.77,0.39,0.06,inferred
Castle Point,2021-06-05,0.99,0.97,0.93,0.86,0.77,0.39,0.06,inferred
Castle Point,2021-06-06,0.99,0.97,0.93,0.86,0.77,0.39,0.06,inferred
Castle Point,2021-06-07,0.99,0.97,0.93,0.86,0.77,0.39,0.06,inferred
Castle Point,2021-06-08,0.99,0.99,0.96,0.90,0.79,0.38,0.03,inferred
Castle Point,2021-06-09,0.99,0.99,0.96,0.90,0.79,0.38,0.03,inferred
Castle Point,2021-06-10,0.99,0.99,0.96,0.90,0.79,0.38,0.03,inferred
Castle Point,2021-06-11,0.99,0.99,0.96,0.90,0.79,0.38,0.03,inferred
Castle Point,2021-06-12,0.99,0.99,0.96,0.90,0.79,0.38,0.03,inferred
Castle Point,2021-06-13,0.99,0.99,0.96,0.90,0.79,0.38,0.03,inferred
Castle Point,2021-06-14,0.99,0.99,0.96,0.90,0.79,0.38,0.03,inferred
Castle Point,2021-06-15,1.00,1.00,1.00,1.00,1.00,0.94,0.43,inferred
Castle Point,2021-06-16,1.00,1.00,1.00,1.00,1.00,0.94,0.43,inferred
Castle Point,2021-06-17,1.00,1.00,1.00,1.00,1.00,0.94,0.43,inferred
Castle Point,2021-06-18,1.00,1.00,1.00,1.00,1.00,0.94,0.43,inferred
Castle Point,2021-06-19,1.00,1.00,1.00,1.00,1.00,0.94,0.43,inferred
Castle Point,2021-06-20,1.00,1.00,1.00,1.00,1.00,0.94,0.43,inferred
Castle Point,2021-06-21,1.00,1.00,1.00,1.00,1.00,0.94,0.43,inferred
Castle Point,2021-06-22,1.00,1.00,1.00,1.00,1.00,1.00,0.88,inferred
Castle Point,2021-06-23,1.00,1.00,1.00,1.00,1.00,1.00,0.88,inferred
Castle Point,2021-06-24,1.00,1.00,1.00,1.00,1.00,1.00,0.88,inferred
Castle Point,2021-06-25,1.00,1.00,1.00,1.00,1.00,1.00,0.88,inferred
Castle Point,2021-06-26,1.00,1.00,1.00,1.00,1.00,1.00,0.88,inferred
Castle Point,2021-06-27,1.00,1.00,1.00,1.00,1.00,1.00,0.88,inferred
Castle Point,2021-06-28,1.00,1.00,1.00,1.00,1.00,1.00,0.88,inferred
Castle Point,2021-06-29,1.00,1.00,1.00,1.00,1.00,0.98,0.74,inferred
Castle Point,2021-06-30,1.00,1.00,1.00,1.00,1.00,0.98,0.74,inferred
Castle Point,2021-07-01,1.00,1.00,1.00,1.00,1.00,0.98,0.74,inferred
Castle Point,2021-07-02,1.00,1.00,1.00,1.00,1.00,0.98,0.74,inferred
Castle Point,2021-07-03,1.00,1.00,1.00,1.00,1.00,0.98,0.74,inferred
Castle Point,2021-07-04,1.00,1.00,1.00,1.00,1.00,0.98,0.74,inferred
Castle Point,2021-07-05,1.00,1.00,1.00,1.00,1.00,0.98,0.74,inferred
Castle Point,2021-07-06,1.00,1.00,1.00,1.00,0.99,0.89,0.52,projected
Castle Point,2021-07-07,1.00,1.00,1.00,1.00,0.99,0.89,0.52,projected
Castle Point,2021-07-08,1.00,1.00,1.00,1.00,0.99,0.89,0.52,projected
Castle Point,2021-07-09,1.00,1.00,1.00,1.00,0.99,0.89,0.52,projected
Castle Point,2021-07-10,1.00,1.00,1.00,1.00,0.99,0.89,0.52,projected
Castle Point,2021-07-11,1.00,1.00,1.00,1.00,0.99,0.89,0.52,projected
Castle Point,2021-07-12,1.00,1.00,1.00,1.00,0.99,0.89,0.52,projected
Castle Point,2021-07-13,1.00,1.00,0.99,0.98,0.96,0.82,0.47,projected
Castle Point,2021-07-14,1.00,1.00,0.99,0.98,0.96,0.82,0.47,projected
Castle Point,2021-07-15,1.00,1.00,0.99,0.98,0.96,0.82,0.47,projected
Castle Point,2021-07-16,1.00,1.00,0.99,0.98,0.96,0.82,0.47,projected
Castle Point,2021-07-17,1.00,1.00,0.99,0.98,0.96,0.82,0.47,projected
Castle Point,2021-07-18,1.00,1.00,0.99,0.98,0.96,0.82,0.47,projected
Castle Point,2021-07-19,1.00,1.00,0.99,0.98,0.96,0.82,0.47,projected
Castle Point,2021-07-20,1.00,0.99,0.98,0.96,0.94,0.75,0.42,projected
Castle Point,2021-07-21,1.00,0.99,0.98,0.96,0.94,0.75,0.42,projected
Castle Point,2021-07-22,1.00,0.99,0.98,0.96,0.94,0.75,0.42,projected
Castle Point,2021-07-23,1.00,0.99,0.98,0.96,0.94,0.75,0.42,projected
Castle Point,2021-07-24,1.00,0.99,0.98,0.96,0.94,0.75,0.42,projected
Castle Point,2021-07-25,1.00,0.99,0.98,0.96,0.94,0.75,0.42,projected
Castle Point,2021-07-26,1.00,0.99,0.98,0.96,0.94,0.75,0.42,projected
Central Bedfordshire,2021-03-23,0.00,0.00,0.00,0.00,0.00,0.00,0.00,inferred
Central Bedfordshire,2021-03-24,0.00,0.00,0.00,0.00,0.00,0.00,0.00,inferred
Central Bedfordshire,2021-03-25,0.00,0.00,0.00,0.00,0.00,0.00,0.00,inferred
Central Bedfordshire,2021-03-26,0.00,0.00,0.00,0.00,0.00,0.00,0.00,inferred
Central Bedfordshire,2021-03-27,0.00,0.00,0.00,0.00,0.00,0.00,0.00,inferred
Central Bedfordshire,2021-03-28,0.00,0.00,0.00,0.00,0.00,0.00,0.00,inferred
Central Bedfordshire,2021-03-29,0.00,0.00,0.00,0.00,0.00,0.00,0.00,inferred
Central Bedfordshire,2021-03-30,0.31,0.10,0.01,0.00,0.00,0.00,0.00,inferred
Central Bedfordshire,2021-03-31,0.31,0.10,0.01,0.00,0.00,0.00,0.00,inferred
Central Bedfordshire,2021-04-01,0.31,0.10,0.01,0.00,0.00,0.00,0.00,inferred
Central Bedfordshire,2021-04-02,0.31,0.10,0.01,0.00,0.00,0.00,0.00,inferred
Central Bedfordshire,2021-04-03,0.31,0.10,0.01,0.00,0.00,0.00,0.00,inferred
Central Bedfordshire,2021-04-04,0.31,0.10,0.01,0.00,0.00,0.00,0.00,inferred
Central Bedfordshire,2021-04-05,0.31,0.10,0.01,0.00,0.00,0.00,0.00,inferred
Central Bedfordshire,2021-04-06,0.29,0.09,0.02,0.00,0.00,0.00,0.00,inferred
Central Bedfordshire,2021-04-07,0.29,0.09,0.02,0.00,0.00,0.00,0.00,inferred
Central Bedfordshire,2021-04-08,0.29,0.09,0.02,0.00,0.00,0.00,0.00,inferred
Central Bedfordshire,2021-04-09,0.29,0.09,0.02,0.00,0.00,0.00,0.00,inferred
Central Bedfordshire,2021-04-10,0.29,0.09,0.02,0.00,0.00,0.00,0.00,inferred
Central Bedfordshire,2021-04-11,0.29,0.09,0.02,0.00,0.00,0.00,0.00,inferred
Central Bedfordshire,2021-04-12,0.29,0.09,0.02,0.00,0.00,0.00,0.00,inferred
Central Bedfordshire,2021-04-13,0.77,0.51,0.26,0.11,0.03,0.00,0.00,inferred
Central Bedfordshire,2021-04-14,0.77,0.51,0.26,0.11,0.03,0.00,0.00,inferred
Central Bedfordshire,2021-04-15,0.77,0.51,0.26,0.11,0.03,0.00,0.00,inferred
Central Bedfordshire,2021-04-16,0.77,0.51,0.26,0.11,0.03,0.00,0.00,inferred
Central Bedfordshire,2021-04-17,0.77,0.51,0.26,0.11,0.03,0.00,0.00,inferred
Central Bedfordshire,2021-04-18,0.77,0.51,0.26,0.11,0.03,0.00,0.00,inferred
Central Bedfordshire,2021-04-19,0.77,0.51,0.26,0.11,0.03,0.00,0.00,inferred
Central Bedfordshire,2021-04-20,0.93,0.79,0.56,0.29,0.12,0.00,0.00,inferred
Central Bedfordshire,2021-04-21,0.93,0.79,0.56,0.29,0.12,0.00,0.00,inferred
Central Bedfordshire,2021-04-22,0.93,0.79,0.56,0.29,0.12,0.00,0.00,inferred
Central Bedfordshire,2021-04-23,0.93,0.79,0.56,0.29,0.12,0.00,0.00,inferred
Central Bedfordshire,2021-04-24,0.93,0.79,0.56,0.29,0.12,0.00,0.00,inferred
Central Bedfordshire,2021-04-25,0.93,0.79,0.56,0.29,0.12,0.00,0.00,inferred
Central Bedfordshire,2021-04-26,0.93,0.79,0.56,0.29,0.12,0.00,0.00,inferred
Central Bedfordshire,2021-04-27,0.99,0.92,0.78,0.54,0.30,0.01,0.00,inferred
Central Bedfordshire,2021-04-28,0.99,0.92,0.78,0.54,0.30,0.01,0.00,inferred
Central Bedfordshire,2021-04-29,0.99,0.92,0.78,0.54,0.30,0.01,0.00,inferred
Central Bedfordshire,2021-04-30,0.99,0.92,0.78,0.54,0.30,0.01,0.00,inferred
Central Bedfordshire,2021-05-01,0.99,0.92,0.78,0.54,0.30,0.01,0.00,inferred
Central Bedfordshire,2021-05-02,0.99,0.92,0.78,0.54,0.30,0.01,0.00,inferred
Central Bedfordshire,2021-05-03,0.99,0.92,0.78,0.54,0.30,0.01,0.00,inferred
Central Bedfordshire,2021-05-04,1.00,1.00,1.00,0.99,0.96,0.51,0.01,inferred
Central Bedfordshire,2021-05-05,1.00,1.00,1.00,0.99,0.96,0.51,0.01,inferred
Central Bedfordshire,2021-05-06,1.00,1.00,1.00,0.99,0.96,0.51,0.01,inferred
Central Bedfordshire,2021-05-07,1.00,1.00,1.00,0.99,0.96,0.51,0.01,inferred
Central Bedfordshire,2021-05-08,1.00,1.00,1.00,0.99,0.96,0.51,0.01,inferred
Central Bedfordshire,2021-05-09,1.00,1.00,1.00,0.99,0.96,0.51,0.01,inferred
Central Bedfordshire,2021-05-10,1.00,1.00,1.00,0.99,0.96,0.51,0.01,inferred
Central Bedfordshire,2021-05-11,1.00,1.00,0.99,0.92,0.74,0.16,0.00,inferred
Central Bedfordshire,2021-05-12,1.00,1.00,0.99,0.92,0.74,0.16,0.00,inferred
Central Bedfordshire,2021-05-13,1.00,1.00,0.99,0.92,0.74,0.16,0.00,inferred
Central Bedfordshire,2021-05-14,1.00,1.00,0.99,0.92,0.74,0.16,0.00,inferred
Central Bedfordshire,2021-05-15,1.00,1.00,0.99,0.92,0.74,0.16,0.00,inferred
Central Bedfordshire,2021-05-16,1.00,1.00,0.99,0.92,0.74,0.16,0.00,inferred
Central Bedfordshire,2021-05-17,1.00,1.00,0.99,0.92,0.74,0.16,0.00,inferred
Central Bedfordshire,2021-05-18,1.00,1.00,0.98,0.85,0.61,0.05,0.00,inferred
Central Bedfordshire,2021-05-19,1.00,1.00,0.98,0.85,0.61,0.05,0.00,inferred
Central Bedfordshire,2021-05-20,1.00,1.00,0.98,0.85,0.61,0.05,0.00,inferred
Central Bedfordshire,2021-05-21,1.00,1.00,0.98,0.85,0.61,0.05,0.00,inferred
Central Bedfordshire,2021-05-22,1.00,1.00,0.98,0.85,0.61,0.05,0.00,inferred
Central Bedfordshire,2021-05-23,1.00,1.00,0.98,0.85,0.61,0.05,0.00,inferred
Central Bedfordshire,2021-05-24,1.00,1.00,0.98,0.85,0.61,0.05,0.00,inferred
Central Bedfordshire,2021-05-25,1.00,1.00,1.00,0.98,0.87,0.18,0.00,inferred
Central Bedfordshire,2021-05-26,1.00,1.00,1.00,0.98,0.87,0.18,0.00,inferred
Central Bedfordshire,2021-05-27,1.00,1.00,1.00,0.98,0.87,0.18,0.00,inferred
Central Bedfordshire,2021-05-28,1.00,1.00,1.00,0.98,0.87,0.18,0.00,inferred
Central Bedfordshire,2021-05-29,1.00,1.00,1.00,0.98,0.87,0.18,0.00,inferred
Central Bedfordshire,2021-05-30,1.00,1.00,1.00,0.98,0.87,0.18,0.00,inferred
Central Bedfordshire,2021-05-31,1.00,1.00,1.00,0.98,0.87,0.18,0.00,inferred
Central Bedfordshire,2021-06-01,0.99,0.90,0.62,0.30,0.09,0.00,0.00,inferred
Central Bedfordshire,2021-06-02,0.99,0.90,0.62,0.30,0.09,0.00,0.00,inferred
Central Bedfordshire,2021-06-03,0.99,0.90,0.62,0.30,0.09,0.00,0.00,inferred
Central Bedfordshire,2021-06-04,0.99,0.90,0.62,0.30,0.09,0.00,0.00,inferred
Central Bedfordshire,2021-06-05,0.99,0.90,0.62,0.30,0.09,0.00,0.00,inferred
Central Bedfordshire,2021-06-06,0.99,0.90,0.62,0.30,0.09,0.00,0.00,inferred
Central Bedfordshire,2021-06-07,0.99,0.90,0.62,0.30,0.09,0.00,0.00,inferred
Central Bedfordshire,2021-06-08,0.91,0.60,0.21,0.03,0.00,0.00,0.00,inferred
Central Bedfordshire,2021-06-09,0.91,0.60,0.21,0.03,0.00,0.00,0.00,inferred
Central Bedfordshire,2021-06-10,0.91,0.60,0.21,0.03,0.00,0.00,0.00,inferred
Central Bedfordshire,2021-06-11,0.91,0.60,0.21,0.03,0.00,0.00,0.00,inferred
Central Bedfordshire,2021-06-12,0.91,0.60,0.21,0.03,0.00,0.00,0.00,inferred
Central Bedfordshire,2021-06-13,0.91,0.60,0.21,0.03,0.00,0.00,0.00,inferred
Central Bedfordshire,2021-06-14,0.91,0.60,0.21,0.03,0.00,0.00,0.00,inferred
Central Bedfordshire,2021-06-15,1.00,1.00,1.00,1.00,1.00,1.00,0.34,inferred
Central Bedfordshire,2021-06-16,1.00,1.00,1.00,1.00,1.00,1.00,0.34,inferred
Central Bedfordshire,2021-06-17,1.00,1.00,1.00,1.00,1.00,1.00,0.34,inferred
Central Bedfordshire,2021-06-18,1.00,1.00,1.00,1.00,1.00,1.00,0.34,inferred
Central Bedfordshire,2021-06-19,1.00,1.00,1.00,1.00,1.00,1.00,0.34,inferred
Central Bedfordshire,2021-06-20,1.00,1.00,1.00,1.00,1.00,1.00,0.34,inferred
Central Bedfordshire,2021-06-21,1.00,1.00,1.00,1.00,1.00,1.00,0.34,inferred
Central Bedfordshire,2021-06-22,1.00,1.00,1.00,1.00,1.00,1.00,0.81,inferred
Central Bedfordshire,2021-06-23,1.00,1.00,1.00,1.00,1.00,1.00,0.81,inferred
Central Bedfordshire,2021-06-24,1.00,1.00,1.00,1.00,1.00,1.00,0.81,inferred
Central Bedfordshire,2021-06-25,1.00,1.00,1.00,1.00,1.00,1.00,0.81,inferred
Central Bedfordshire,2021-06-26,1.00,1.00,1.00,1.00,1.00,1.00,0.81,inferred
Central Bedfordshire,2021-06-27,1.00,1.00,1.00,1.00,1.00,1.00,0.81,inferred
Central Bedfordshire,2021-06-28,1.00,1.00,1.00,1.00,1.00,1.00,0.81,inferred
Central Bedfordshire,2021-06-29,1.00,1.00,1.00,1.00,0.98,0.79,0.20,inferred
Central Bedfordshire,2021-06-30,1.00,1.00,1.00,1.00,0.98,0.79,0.20,inferred
Central Bedfordshire,2021-07-01,1.00,1.00,1.00,1.00,0.98,0.79,0.20,inferred
Central Bedfordshire,2021-07-02,1.00,1.00,1.00,1.00,0.98,0.79,0.20,inferred
Central Bedfordshire,2021-07-03,1.00,1.00,1.00,1.00,0.98,0.79,0.20,inferred
Central Bedfordshire,2021-07-04,1.00,1.00,1.00,1.00,0.98,0.79,0.20,inferred
Central Bedfordshire,2021-07-05,1.00,1.00,1.00,1.00,0.98,0.79,0.20,inferred
Central Bedfordshire,2021-07-06,1.00,1.00,0.98,0.95,0.90,0.61,0.19,projected
Central Bedfordshire,2021-07-07,1.00,1.00,0.98,0.95,0.90,0.61,0.19,projected
Central Bedfordshire,2021-07-08,1.00,1.00,0.98,0.95,0.90,0.61,0.19,projected
Central Bedfordshire,2021-07-09,1.00,1.00,0.98,0.95,0.90,0.61,0.19,projected
Central Bedfordshire,2021-07-10,1.00,1.00,0.98,0.95,0.90,0.61,0.19,projected
Central Bedfordshire,2021-07-11,1.00,1.00,0.98,0.95,0.90,0.61,0.19,projected
Central Bedfordshire,2021-07-12,1.00,1.00,0.98,0.95,0.90,0.61,0.19,projected
Central Bedfordshire,2021-07-13,0.99,0.98,0.95,0.90,0.81,0.53,0.19,projected
Central Bedfordshire,2021-07-14,0.99,0.98,0.95,0.90,0.81,0.53,0.19,projected
Central Bedfordshire,2021-07-15,0.99,0.98,0.95,0.90,0.81,0.53,0.19,projected
Central Bedfordshire,2021-07-16,0.99,0.98,0.95,0.90,0.81,0.53,0.19,projected
Central Bedfordshire,2021-07-17,0.99,0.98,0.95,0.90,0.81,0.53,0.19,projected
Central Bedfordshire,2021-07-18,0.99,0.98,0.95,0.90,0.81,0.53,0.19,projected
Central Bedfordshire,2021-07-19,0.99,0.98,0.95,0.90,0.81,0.53,0.19,projected
Central Bedfordshire,2021-07-20,0.98,0.96,0.91,0.84,0.77,0.50,0.18,projected
Central Bedfordshire,2021-07-21,0.98,0.96,0.91,0.84,0.77,0.50,0.18,projected
Central Bedfordshire,2021-07-22,0.98,0.96,0.91,0.84,0.77,0.50,0.18,projected
Central Bedfordshire,2021-07-23,0.98,0.96,0.91,0.84,0.77,0.50,0.18,projected
Central Bedfordshire,2021-07-24,0.98,0.96,0.91,0.84,0.77,0.50,0.18,projected
Central Bedfordshire,2021-07-25,0.98,0.96,0.91,0.84,0.77,0.50,0.18,projected
Central Bedfordshire,2021-07-26,0.98,0.96,0.91,0.84,0.77,0.50,0.18,projected
Ceredigion,2021-03-23,0.40,0.29,0.20,0.14,0.08,0.01,0.00,inferred
Ceredigion,2021-03-24,0.40,0.29,0.20,0.14,0.08,0.01,0.00,inferred
Ceredigion,2021-03-25,0.40,0.29,0.20,0.14,0.08,0.01,0.00,inferred
Ceredigion,2021-03-26,0.40,0.29,0.20,0.14,0.08,0.01,0.00,inferred
Ceredigion,2021-03-27,0.40,0.29,0.20,0.14,0.08,0.01,0.00,inferred
Ceredigion,2021-03-28,0.40,0.29,0.20,0.14,0.08,0.01,0.00,inferred
Ceredigion,2021-03-29,0.40,0.29,0.20,0.14,0.08,0.01,0.00,inferred
Ceredigion,2021-03-30,0.41,0.28,0.15,0.09,0.05,0.01,0.00,inferred
Ceredigion,2021-03-31,0.41,0.28,0.15,0.09,0.05,0.01,0.00,inferred
Ceredigion,2021-04-01,0.41,0.28,0.15,0.09,0.05,0.01,0.00,inferred
Ceredigion,2021-04-02,0.41,0.28,0.15,0.09,0.05,0.01,0.00,inferred
Ceredigion,2021-04-03,0.41,0.28,0.15,0.09,0.05,0.01,0.00,inferred
Ceredigion,2021-04-04,0.41,0.28,0.15,0.09,0.05,0.01,0.00,inferred
Ceredigion,2021-04-05,0.41,0.28,0.15,0.09,0.05,0.01,0.00,inferred
Ceredigion,2021-04-06,0.62,0.48,0.34,0.22,0.14,0.02,0.00,inferred
Ceredigion,2021-04-07,0.62,0.48,0.34,0.22,0.14,0.02,0.00,inferred
Ceredigion,2021-04-08,0.62,0.48,0.34,0.22,0.14,0.02,0.00,inferred
Ceredigion,2021-04-09,0.62,0.48,0.34,0.22,0.14,0.02,0.00,inferred
Ceredigion,2021-04-10,0.62,0.48,0.34,0.22,0.14,0.02,0.00,inferred
Ceredigion,2021-04-11,0.62,0.48,0.34,0.22,0.14,0.02,0.00,inferred
Ceredigion,2021-04-12,0.62,0.48,0.34,0.22,0.14,0.02,0.00,inferred
Ceredigion,2021-04-13,0.69,0.54,0.40,0.27,0.17,0.04,0.00,inferred
Ceredigion,2021-04-14,0.69,0.54,0.40,0.27,0.17,0.04,0.00,inferred
Ceredigion,2021-04-15,0.69,0.54,0.40,0.27,0.17,0.04,0.00,inferred
Ceredigion,2021-04-16,0.69,0.54,0.40,0.27,0.17,0.04,0.00,inferred
Ceredigion,2021-04-17,0.69,0.54,0.40,0.27,0.17,0.04,0.00,inferred
Ceredigion,2021-04-18,0.69,0.54,0.40,0.27,0.17,0.04,0.00,inferred
Ceredigion,2021-04-19,0.69,0.54,0.40,0.27,0.17,0.04,0.00,inferred
Ceredigion,2021-04-20,0.72,0.59,0.45,0.33,0.22,0.05,0.00,inferred
Ceredigion,2021-04-21,0.72,0.59,0.45,0.33,0.22,0.05,0.00,inferred
Ceredigion,2021-04-22,0.72,0.59,0.45,0.33,0.22,0.05,0.00,inferred
Ceredigion,2021-04-23,0.72,0.59,0.45,0.33,0.22,0.05,0.00,inferred
Ceredigion,2021-04-24,0.72,0.59,0.45,0.33,0.22,0.05,0.00,inferred
Ceredigion,2021-04-25,0.72,0.59,0.45,0.33,0.22,0.05,0.00,inferred
Ceredigion,2021-04-26,0.72,0.59,0.45,0.33,0.22,0.05,0.00,inferred
Ceredigion,2021-04-27,0.85,0.75,0.60,0.47,0.35,0.10,0.00,inferred
Ceredigion,2021-04-28,0.85,0.75,0.60,0.47,0.35,0.10,0.00,inferred
Ceredigion,2021-04-29,0.85,0.75,0.60,0.47,0.35,0.10,0.00,inferred
Ceredigion,2021-04-30,0.85,0.75,0.60,0.47,0.35,0.10,0.00,inferred
Ceredigion,2021-05-01,0.85,0.75,0.60,0.47,0.35,0.10,0.00,inferred
Ceredigion,2021-05-02,0.85,0.75,0.60,0.47,0.35,0.10,0.00,inferred
Ceredigion,2021-05-03,0.85,0.75,0.60,0.47,0.35,0.10,0.00,inferred
Ceredigion,2021-05-04,0.65,0.50,0.38,0.26,0.18,0.04,0.00,inferred
Ceredigion,2021-05-05,0.65,0.50,0.38,0.26,0.18,0.04,0.00,inferred
Ceredigion,2021-05-06,0.65,0.50,0.38,0.26,0.18,0.04,0.00,inferred
Ceredigion,2021-05-07,0.65,0.50,0.38,0.26,0.18,0.04,0.00,inferred
Ceredigion,2021-05-08,0.65,0.50,0.38,0.26,0.18,0.04,0.00,inferred
Ceredigion,2021-05-09,0.65,0.50,0.38,0.26,0.18,0.04,0.00,inferred
Ceredigion,2021-05-10,0.65,0.50,0.38,0.26,0.18,0.04,0.00,inferred
Ceredigion,2021-05-11,0.72,0.57,0.42,0.30,0.20,0.04,0.00,inferred
Ceredigion,2021-05-12,0.72,0.57,0.42,0.30,0.20,0.04,0.00,inferred
Ceredigion,2021-05-13,0.72,0.57,0.42,0.30,0.20,0.04,0.00,inferred
Ceredigion,2021-05-14,0.72,0.57,0.42,0.30,0.20,0.04,0.00,inferred
Ceredigion,2021-05-15,0.72,0.57,0.42,0.30,0.20,0.04,0.00,inferred
Ceredigion,2021-05-16,0.72,0.57,0.42,0.30,0.20,0.04,0.00,inferred
Ceredigion,2021-05-17,0.72,0.57,0.42,0.30,0.20,0.04,0.00,inferred
Ceredigion,2021-05-18,0.88,0.80,0.69,0.56,0.44,0.16,0.02,inferred
Ceredigion,2021-05-19,0.88,0.80,0.69,0.56,0.44,0.16,0.02,inferred
Ceredigion,2021-05-20,0.88,0.80,0.69,0.56,0.44,0.16,0.02,inferred
Ceredigion,2021-05-21,0.88,0.80,0.69,0.56,0.44,0.16,0.02,inferred
Ceredigion,2021-05-22,0.88,0.80,0.69,0.56,0.44,0.16,0.02,inferred
Ceredigion,2021-05-23,0.88,0.80,0.69,0.56,0.44,0.16,0.02,inferred
Ceredigion,2021-05-24,0.88,0.80,0.69,0.56,0.44,0.16,0.02,inferred
Ceredigion,2021-05-25,0.94,0.89,0.83,0.74,0.64,0.34,0.05,inferred
Ceredigion,2021-05-26,0.94,0.89,0.83,0.74,0.64,0.34,0.05,inferred
Ceredigion,2021-05-27,0.94,0.89,0.83,0.74,0.64,0.34,0.05,inferred
Ceredigion,2021-05-28,0.94,0.89,0.83,0.74,0.64,0.34,0.05,inferred
Ceredigion,2021-05-29,0.94,0.89,0.83,0.74,0.64,0.34,0.05,inferred
Ceredigion,2021-05-30,0.94,0.89,0.83,0.74,0.64,0.34,0.05,inferred
Ceredigion,2021-05-31,0.94,0.89,0.83,0.74,0.64,0.34,0.05,inferred
Ceredigion,2021-06-01,1.00,0.99,0.98,0.95,0.92,0.71,0.28,inferred
Ceredigion,2021-06-02,1.00,0.99,0.98,0.95,0.92,0.71,0.28,inferred
Ceredigion,2021-06-03,1.00,0.99,0.98,0.95,0.92,0.71,0.28,inferred
Ceredigion,2021-06-04,1.00,0.99,0.98,0.95,0.92,0.71,0.28,inferred
Ceredigion,2021-06-05,1.00,0.99,0.98,0.95,0.92,0.71,0.28,inferred
Ceredigion,2021-06-06,1.00,0.99,0.98,0.95,0.92,0.71,0.28,inferred
Ceredigion,2021-06-07,1.00,0.99,0.98,0.95,0.92,0.71,0.28,inferred
Ceredigion,2021-06-08,1.00,1.00,1.00,0.98,0.96,0.80,0.34,inferred
Ceredigion,2021-06-09,1.00,1.00,1.00,0.98,0.96,0.80,0.34,inferred
Ceredigion,2021-06-10,1.00,1.00,1.00,0.98,0.96,0.80,0.34,inferred
Ceredigion,2021-06-11,1.00,1.00,1.00,0.98,0.96,0.80,0.34,inferred
Ceredigion,2021-06-12,1.00,1.00,1.00,0.98,0.96,0.80,0.34,inferred
Ceredigion,2021-06-13,1.00,1.00,1.00,0.98,0.96,0.80,0.34,inferred
Ceredigion,2021-06-14,1.00,1.00,1.00,0.98,0.96,0.80,0.34,inferred
Ceredigion,2021-06-15,0.99,0.97,0.93,0.84,0.73,0.35,0.04,inferred
Ceredigion,2021-06-16,0.99,0.97,0.93,0.84,0.73,0.35,0.04,inferred
Ceredigion,2021-06-17,0.99,0.97,0.93,0.84,0.73,0.35,0.04,inferred
Ceredigion,2021-06-18,0.99,0.97,0.93,0.84,0.73,0.35,0.04,inferred
Ceredigion,2021-06-19,0.99,0.97,0.93,0.84,0.73,0.35,0.04,inferred
Ceredigion,2021-06-20,0.99,0.97,0.93,0.84,0.73,0.35,0.04,inferred
Ceredigion,2021-06-21,0.99,0.97,0.93,0.84,0.73,0.35,0.04,inferred
Ceredigion,2021-06-22,0.98,0.96,0.90,0.80,0.68,0.25,0.02,inferred
Ceredigion,2021-06-23,0.98,0.96,0.90,0.80,0.68,0.25,0.02,inferred
Ceredigion,2021-06-24,0.98,0.96,0.90,0.80,0.68,0.25,0.02,inferred
Ceredigion,2021-06-25,0.98,0.96,0.90,0.80,0.68,0.25,0.02,inferred
Ceredigion,2021-06-26,0.98,0.96,0.90,0.80,0.68,0.25,0.02,inferred
Ceredigion,2021-06-27,0.98,0.96,0.90,0.80,0.68,0.25,0.02,inferred
Ceredigion,2021-06-28,0.98,0.96,0.90,0.80,0.68,0.25,0.02,inferred
Ceredigion,2021-06-29,0.83,0.74,0.62,0.49,0.38,0.17,0.02,inferred
Ceredigion,2021-06-30,0.83,0.74,0.62,0.49,0.38,0.17,0.02,inferred
Ceredigion,2021-07-01,0.83,0.74,0.62,0.49,0.38,0.17,0.02,inferred
Ceredigion,2021-07-02,0.83,0.74,0.62,0.49,0.38,0.17,0.02,inferred
Ceredigion,2021-07-03,0.83,0.74,0.62,0.49,0.38,0.17,0.02,inferred
Ceredigion,2021-07-04,0.83,0.74,0.62,0.49,0.38,0.17,0.02,inferred
Ceredigion,2021-07-05,0.83,0.74,0.62,0.49,0.38,0.17,0.02,inferred
Ceredigion,2021-07-06,0.82,0.73,0.64,0.54,0.46,0.25,0.07,projected
Ceredigion,2021-07-07,0.82,0.73,0.64,0.54,0.46,0.25,0.07,projected
Ceredigion,2021-07-08,0.82,0.73,0.64,0.54,0.46,0.25,0.07,projected
Ceredigion,2021-07-09,0.82,0.73,0.64,0.54,0.46,0.25,0.07,projected
Ceredigion,2021-07-10,0.82,0.73,0.64,0.54,0.46,0.25,0.07,projected
Ceredigion,2021-07-11,0.82,0.73,0.64,0.54,0.46,0.25,0.07,projected
Ceredigion,2021-07-12,0.82,0.73,0.64,0.54,0.46,0.25,0.07,projected
Ceredigion,2021-07-13,0.84,0.77,0.68,0.59,0.50,0.30,0.10,projected
Ceredigion,2021-07-14,0.84,0.77,0.68,0.59,0.50,0.30,0.10,projected
Ceredigion,2021-07-15,0.84,0.77,0.68,0.59,0.50,0.30,0.10,projected
Ceredigion,2021-07-16,0.84,0.77,0.68,0.59,0.50,0.30,0.10,projected
Ceredigion,2021-07-17,0.84,0.77,0.68,0.59,0.50,0.30,0.10,projected
Ceredigion,2021-07-18,0.84,0.77,0.68,0.59,0.50,0.30,0.10,projected
Ceredigion,2021-07-19,0.84,0.77,0.68,0.59,0.50,0.30,0.10,projected
Ceredigion,2021-07-20,0.87,0.80,0.72,0.64,0.55,0.34,0.12,projected
Ceredigion,2021-07-21,0.87,0.80,0.72,0.64,0.55,0.34,0.12,projected
Ceredigion,2021-07-22,0.87,0.80,0.72,0.64,0.55,0.34,0.12,projected
Ceredigion,2021-07-23,0.87,0.80,0.72,0.64,0.55,0.34,0.12,projected
Ceredigion,2021-07-24,0.87,0.80,0.72,0.64,0.55,0.34,0.12,projected
Ceredigion,2021-07-25,0.87,0.80,0.72,0.64,0.55,0.34,0.12,projected
Ceredigion,2021-07-26,0.87,0.80,0.72,0.64,0.55,0.34,0.12,projected
Charnwood,2021-03-23,0.11,0.02,0.00,0.00,0.00,0.00,0.00,inferred
Charnwood,2021-03-24,0.11,0.02,0.00,0.00,0.00,0.00,0.00,inferred
Charnwood,2021-03-25,0.11,0.02,0.00,0.00,0.00,0.00,0.00,inferred
Charnwood,2021-03-26,0.11,0.02,0.00,0.00,0.00,0.00,0.00,inferred
Charnwood,2021-03-27,0.11,0.02,0.00,0.00,0.00,0.00,0.00,inferred
Charnwood,2021-03-28,0.11,0.02,0.00,0.00,0.00,0.00,0.00,inferred
Charnwood,2021-03-29,0.11,0.02,0.00,0.00,0.00,0.00,0.00,inferred
Charnwood,2021-03-30,0.40,0.14,0.03,0.00,0.00,0.00,0.00,inferred
Charnwood,2021-03-31,0.40,0.14,0.03,0.00,0.00,0.00,0.00,inferred
Charnwood,2021-04-01,0.40,0.14,0.03,0.00,0.00,0.00,0.00,inferred
Charnwood,2021-04-02,0.40,0.14,0.03,0.00,0.00,0.00,0.00,inferred
Charnwood,2021-04-03,0.40,0.14,0.03,0.00,0.00,0.00,0.00,inferred
Charnwood,2021-04-04,0.40,0.14,0.03,0.00,0.00,0.00,0.00,inferred
Charnwood,2021-04-05,0.40,0.14,0.03,0.00,0.00,0.00,0.00,inferred
Charnwood,2021-04-06,0.10,0.02,0.00,0.00,0.00,0.00,0.00,inferred
Charnwood,2021-04-07,0.10,0.02,0.00,0.00,0.00,0.00,0.00,inferred
Charnwood,2021-04-08,0.10,0.02,0.00,0.00,0.00,0.00,0.00,inferred
Charnwood,2021-04-09,0.10,0.02,0.00,0.00,0.00,0.00,0.00,inferred
Charnwood,2021-04-10,0.10,0.02,0.00,0.00,0.00,0.00,0.00,inferred
Charnwood,2021-04-11,0.10,0.02,0.00,0.00,0.00,0.00,0.00,inferred
Charnwood,2021-04-12,0.10,0.02,0.00,0.00,0.00,0.00,0.00,inferred
Charnwood,2021-04-13,0.12,0.04,0.01,0.00,0.00,0.00,0.00,inferred
Charnwood,2021-04-14,0.12,0.04,0.01,0.00,0.00,0.00,0.00,inferred
Charnwood,2021-04-15,0.12,0.04,0.01,0.00,0.00,0.00,0.00,inferred
Charnwood,2021-04-16,0.12,0.04,0.01,0.00,0.00,0.00,0.00,inferred
Charnwood,2021-04-17,0.12,0.04,0.01,0.00,0.00,0.00,0.00,inferred
Charnwood,2021-04-18,0.12,0.04,0.01,0.00,0.00,0.00,0.00,inferred
Charnwood,2021-04-19,0.12,0.04,0.01,0.00,0.00,0.00,0.00,inferred
Charnwood,2021-04-20,0.48,0.28,0.12,0.04,0.01,0.00,0.00,inferred
Charnwood,2021-04-21,0.48,0.28,0.12,0.04,0.01,0.00,0.00,inferred
Charnwood,2021-04-22,0.48,0.28,0.12,0.04,0.01,0.00,0.00,inferred
Charnwood,2021-04-23,0.48,0.28,0.12,0.04,0.01,0.00,0.00,inferred
Charnwood,2021-04-24,0.48,0.28,0.12,0.04,0.01,0.00,0.00,inferred
Charnwood,2021-04-25,0.48,0.28,0.12,0.04,0.01,0.00,0.00,inferred
Charnwood,2021-04-26,0.48,0.28,0.12,0.04,0.01,0.00,0.00,inferred
Charnwood,2021-04-27,0.59,0.37,0.19,0.08,0.03,0.00,0.00,inferred
Charnwood,2021-04-28,0.59,0.37,0.19,0.08,0.03,0.00,0.00,inferred
Charnwood,2021-04-29,0.59,0.37,0.19,0.08,0.03,0.00,0.00,inferred
Charnwood,2021-04-30,0.59,0.37,0.19,0.08,0.03,0.00,0.00,inferred
Charnwood,2021-05-01,0.59,0.37,0.19,0.08,0.03,0.00,0.00,inferred
Charnwood,2021-05-02,0.59,0.37,0.19,0.08,0.03,0.00,0.00,inferred
Charnwood,2021-05-03,0.59,0.37,0.19,0.08,0.03,0.00,0.00,inferred
Charnwood,2021-05-04,0.87,0.73,0.55,0.37,0.23,0.02,0.00,inferred
Charnwood,2021-05-05,0.87,0.73,0.55,0.37,0.23,0.02,0.00,inferred
Charnwood,2021-05-06,0.87,0.73,0.55,0.37,0.23,0.02,0.00,inferred
Charnwood,2021-05-07,0.87,0.73,0.55,0.37,0.23,0.02,0.00,inferred
Charnwood,2021-05-08,0.87,0.73,0.55,0.37,0.23,0.02,0.00,inferred
Charnwood,2021-05-09,0.87,0.73,0.55,0.37,0.23,0.02,0.00,inferred
Charnwood,2021-05-10,0.87,0.73,0.55,0.37,0.23,0.02,0.00,inferred
Charnwood,2021-05-11,1.00,1.00,1.00,0.99,0.96,0.67,0.09,inferred
Charnwood,2021-05-12,1.00,1.00,1.00,0.99,0.96,0.67,0.09,inferred
Charnwood,2021-05-13,1.00,1.00,1.00,0.99,0.96,0.67,0.09,inferred
Charnwood,2021-05-14,1.00,1.00,1.00,0.99,0.96,0.67,0.09,inferred
Charnwood,2021-05-15,1.00,1.00,1.00,0.99,0.96,0.67,0.09,inferred
Charnwood,2021-05-16,1.00,1.00,1.00,0.99,0.96,0.67,0.09,inferred
Charnwood,2021-05-17,1.00,1.00,1.00,0.99,0.96,0.67,0.09,inferred
Charnwood,2021-05-18,1.00,1.00,1.00,1.00,1.00,0.96,0.53,inferred
Charnwood,2021-05-19,1.00,1.00,1.00,1.00,1.00,0.96,0.53,inferred
Charnwood,2021-05-20,1.00,1.00,1.00,1.00,1.00,0.96,0.53,inferred
Charnwood,2021-05-21,1.00,1.00,1.00,1.00,1.00,0.96,0.53,inferred
Charnwood,2021-05-22,1.00,1.00,1.00,1.00,1.00,0.96,0.53,inferred
Charnwood,2021-05-23,1.00,1.00,1.00,1.00,1.00,0.96,0.53,inferred
Charnwood,2021-05-24,1.00,1.00,1.00,1.00,1.00,0.96,0.53,inferred
Charnwood,2021-05-25,1.00,1.00,1.00,0.99,0.95,0.54,0.03,inferred
Charnwood,2021-05-26,1.00,1.00,1.00,0.99,0.95,0.54,0.03,inferred
Charnwood,2021-05-27,1.00,1.00,1.00,0.99,0.95,0.54,0.03,inferred
Charnwood,2021-05-28,1.00,1.00,1.00,0.99,0.95,0.54,0.03,inferred
Charnwood,2021-05-29,1.00,1.00,1.00,0.99,0.95,0.54,0.03,inferred
Charnwood,2021-05-30,1.00,1.00,1.00,0.99,0.95,0.54,0.03,inferred
Charnwood,2021-05-31,1.00,1.00,1.00,0.99,0.95,0.54,0.03,inferred
Charnwood,2021-06-01,0.99,0.95,0.79,0.55,0.32,0.01,0.00,inferred
Charnwood,2021-06-02,0.99,0.95,0.79,0.55,0.32,0.01,0.00,inferred
Charnwood,2021-06-03,0.99,0.95,0.79,0.55,0.32,0.01,0.00,inferred
Charnwood,2021-06-04,0.99,0.95,0.79,0.55,0.32,0.01,0.00,inferred
Charnwood,2021-06-05,0.99,0.95,0.79,0.55,0.32,0.01,0.00,inferred
Charnwood,2021-06-06,0.99,0.95,0.79,0.55,0.32,0.01,0.00,inferred
Charnwood,2021-06-07,0.99,0.95,0.79,0.55,0.32,0.01,0.00,inferred
Charnwood,2021-06-08,0.99,0.95,0.77,0.47,0.20,0.00,0.00,inferred
Charnwood,2021-06-09,0.99,0.95,0.77,0.47,0.20,0.00,0.00,inferred
Charnwood,2021-06-10,0.99,0.95,0.77,0.47,0.20,0.00,0.00,inferred
Charnwood,2021-06-11,0.99,0.95,0.77,0.47,0.20,0.00,0.00,inferred
Charnwood,2021-06-12,0.99,0.95,0.77,0.47,0.20,0.00,0.00,inferred
Charnwood,2021-06-13,0.99,0.95,0.77,0.47,0.20,0.00,0.00,inferred
Charnwood,2021-06-14,0.99,0.95,0.77,0.47,0.20,0.00,0.00,inferred
Charnwood,2021-06-15,1.00,1.00,1.00,1.00,1.00,0.82,0.03,inferred
Charnwood,2021-06-16,1.00,1.00,1.00,1.00,1.00,0.82,0.03,inferred
Charnwood,2021-06-17,1.00,1.00,1.00,1.00,1.00,0.82,0.03,inferred
Charnwood,2021-06-18,1.00,1.00,1.00,1.00,1.00,0.82,0.03,inferred
Charnwood,2021-06-19,1.00,1.00,1.00,1.00,1.00,0.82,0.03,inferred
Charnwood,2021-06-20,1.00,1.00,1.00,1.00,1.00,0.82,0.03,inferred
Charnwood,2021-06-21,1.00,1.00,1.00,1.00,1.00,0.82,0.03,inferred
Charnwood,2021-06-22,1.00,1.00,1.00,1.00,1.00,1.00,0.82,inferred
Charnwood,2021-06-23,1.00,1.00,1.00,1.00,1.00,1.00,0.82,inferred
Charnwood,2021-06-24,1.00,1.00,1.00,1.00,1.00,1.00,0.82,inferred
Charnwood,2021-06-25,1.00,1.00,1.00,1.00,1.00,1.00,0.82,inferred
Charnwood,2021-06-26,1.00,1.00,1.00,1.00,1.00,1.00,0.82,inferred
Charnwood,2021-06-27,1.00,1.00,1.00,1.00,1.00,1.00,0.82,inferred
Charnwood,2021-06-28,1.00,1.00,1.00,1.00,1.00,1.00,0.82,inferred
Charnwood,2021-06-29,1.00,1.00,1.00,0.98,0.94,0.60,0.09,inferred
Charnwood,2021-06-30,1.00,1.00,1.00,0.98,0.94,0.60,0.09,inferred
Charnwood,2021-07-01,1.00,1.00,1.00,0.98,0.94,0.60,0.09,inferred
Charnwood,2021-07-02,1.00,1.00,1.00,0.98,0.94,0.60,0.09,inferred
Charnwood,2021-07-03,1.00,1.00,1.00,0.98,0.94,0.60,0.09,inferred
Charnwood,2021-07-04,1.00,1.00,1.00,0.98,0.94,0.60,0.09,inferred
Charnwood,2021-07-05,1.00,1.00,1.00,0.98,0.94,0.60,0.09,inferred
Charnwood,2021-07-06,0.99,0.97,0.93,0.88,0.79,0.49,0.17,projected
Charnwood,2021-07-07,0.99,0.97,0.93,0.88,0.79,0.49,0.17,projected
Charnwood,2021-07-08,0.99,0.97,0.93,0.88,0.79,0.49,0.17,projected
Charnwood,2021-07-09,0.99,0.97,0.93,0.88,0.79,0.49,0.17,projected
Charnwood,2021-07-10,0.99,0.97,0.93,0.88,0.79,0.49,0.17,projected
Charnwood,2021-07-11,0.99,0.97,0.93,0.88,0.79,0.49,0.17,projected
Charnwood,2021-07-12,0.99,0.97,0.93,0.88,0.79,0.49,0.17,projected
Charnwood,2021-07-13,0.97,0.93,0.88,0.81,0.74,0.47,0.18,projected
Charnwood,2021-07-14,0.97,0.93,0.88,0.81,0.74,0.47,0.18,projected
Charnwood,2021-07-15,0.97,0.93,0.88,0.81,0.74,0.47,0.18,projected
Charnwood,2021-07-16,0.97,0.93,0.88,0.81,0.74,0.47,0.18,projected
Charnwood,2021-07-17,0.97,0.93,0.88,0.81,0.74,0.47,0.18,projected
Charnwood,2021-07-18,0.97,0.93,0.88,0.81,0.74,0.47,0.18,projected
Charnwood,2021-07-19,0.97,0.93,0.88,0.81,0.74,0.47,0.18,projected
Charnwood,2021-07-20,0.95,0.92,0.86,0.78,0.69,0.46,0.20,projected
Charnwood,2021-07-21,0.95,0.92,0.86,0.78,0.69,0.46,0.20,projected
Charnwood,2021-07-22,0.95,0.92,0.86,0.78,0.69,0.46,0.20,projected
Charnwood,2021-07-23,0.95,0.92,0.86,0.78,0.69,0.46,0.20,projected
Charnwood,2021-07-24,0.95,0.92,0.86,0.78,0.69,0.46,0.20,projected
Charnwood,2021-07-25,0.95,0.92,0.86,0.78,0.69,0.46,0.20,projected
Charnwood,2021-07-26,0.95,0.92,0.86,0.78,0.69,0.46,0.20,projected
Chelmsford,2021-03-23,0.16,0.05,0.01,0.00,0.00,0.00,0.00,inferred
Chelmsford,2021-03-24,0.16,0.05,0.01,0.00,0.00,0.00,0.00,inferred
Chelmsford,2021-03-25,0.16,0.05,0.01,0.00,0.00,0.00,0.00,inferred
Chelmsford,2021-03-26,0.16,0.05,0.01,0.00,0.00,0.00,0.00,inferred
Chelmsford,2021-03-27,0.16,0.05,0.01,0.00,0.00,0.00,0.00,inferred
Chelmsford,2021-03-28,0.16,0.05,0.01,0.00,0.00,0.00,0.00,inferred
Chelmsford,2021-03-29,0.16,0.05,0.01,0.00,0.00,0.00,0.00,inferred
Chelmsford,2021-03-30,0.54,0.31,0.14,0.05,0.02,0.00,0.00,inferred
Chelmsford,2021-03-31,0.54,0.31,0.14,0.05,0.02,0.00,0.00,inferred
Chelmsford,2021-04-01,0.54,0.31,0.14,0.05,0.02,0.00,0.00,inferred
Chelmsford,2021-04-02,0.54,0.31,0.14,0.05,0.02,0.00,0.00,inferred
Chelmsford,2021-04-03,0.54,0.31,0.14,0.05,0.02,0.00,0.00,inferred
Chelmsford,2021-04-04,0.54,0.31,0.14,0.05,0.02,0.00,0.00,inferred
Chelmsford,2021-04-05,0.54,0.31,0.14,0.05,0.02,0.00,0.00,inferred
Chelmsford,2021-04-06,0.86,0.71,0.50,0.30,0.15,0.01,0.00,inferred
Chelmsford,2021-04-07,0.86,0.71,0.50,0.30,0.15,0.01,0.00,inferred
Chelmsford,2021-04-08,0.86,0.71,0.50,0.30,0.15,0.01,0.00,inferred
Chelmsford,2021-04-09,0.86,0.71,0.50,0.30,0.15,0.01,0.00,inferred
Chelmsford,2021-04-10,0.86,0.71,0.50,0.30,0.15,0.01,0.00,inferred
Chelmsford,2021-04-11,0.86,0.71,0.50,0.30,0.15,0.01,0.00,inferred
Chelmsford,2021-04-12,0.86,0.71,0.50,0.30,0.15,0.01,0.00,inferred
Chelmsford,2021-04-13,0.90,0.76,0.56,0.37,0.21,0.02,0.00,inferred
Chelmsford,2021-04-14,0.90,0.76,0.56,0.37,0.21,0.02,0.00,inferred
Chelmsford,2021-04-15,0.90,0.76,0.56,0.37,0.21,0.02,0.00,inferred
Chelmsford,2021-04-16,0.90,0.76,0.56,0.37,0.21,0.02,0.00,inferred
Chelmsford,2021-04-17,0.90,0.76,0.56,0.37,0.21,0.02,0.00,inferred
Chelmsford,2021-04-18,0.90,0.76,0.56,0.37,0.21,0.02,0.00,inferred
Chelmsford,2021-04-19,0.90,0.76,0.56,0.37,0.21,0.02,0.00,inferred
Chelmsford,2021-04-20,0.91,0.78,0.59,0.38,0.23,0.02,0.00,inferred
Chelmsford,2021-04-21,0.91,0.78,0.59,0.38,0.23,0.02,0.00,inferred
Chelmsford,2021-04-22,0.91,0.78,0.59,0.38,0.23,0.02,0.00,inferred
Chelmsford,2021-04-23,0.91,0.78,0.59,0.38,0.23,0.02,0.00,inferred
Chelmsford,2021-04-24,0.91,0.78,0.59,0.38,0.23,0.02,0.00,inferred
Chelmsford,2021-04-25,0.91,0.78,0.59,0.38,0.23,0.02,0.00,inferred
Chelmsford,2021-04-26,0.91,0.78,0.59,0.38,0.23,0.02,0.00,inferred
Chelmsford,2021-04-27,0.59,0.37,0.18,0.08,0.03,0.00,0.00,inferred
Chelmsford,2021-04-28,0.59,0.37,0.18,0.08,0.03,0.00,0.00,inferred
Chelmsford,2021-04-29,0.59,0.37,0.18,0.08,0.03,0.00,0.00,inferred
Chelmsford,2021-04-30,0.59,0.37,0.18,0.08,0.03,0.00,0.00,inferred
Chelmsford,2021-05-01,0.59,0.37,0.18,0.08,0.03,0.00,0.00,inferred
Chelmsford,2021-05-02,0.59,0.37,0.18,0.08,0.03,0.00,0.00,inferred
Chelmsford,2021-05-03,0.59,0.37,0.18,0.08,0.03,0.00,0.00,inferred
Chelmsford,2021-05-04,0.32,0.15,0.06,0.02,0.01,0.00,0.00,inferred
Chelmsford,2021-05-05,0.32,0.15,0.06,0.02,0.01,0.00,0.00,inferred
Chelmsford,2021-05-06,0.32,0.15,0.06,0.02,0.01,0.00,0.00,inferred
Chelmsford,2021-05-07,0.32,0.15,0.06,0.02,0.01,0.00,0.00,inferred
Chelmsford,2021-05-08,0.32,0.15,0.06,0.02,0.01,0.00,0.00,inferred
Chelmsford,2021-05-09,0.32,0.15,0.06,0.02,0.01,0.00,0.00,inferred
Chelmsford,2021-05-10,0.32,0.15,0.06,0.02,0.01,0.00,0.00,inferred
Chelmsford,2021-05-11,0.67,0.48,0.30,0.16,0.08,0.00,0.00,inferred
Chelmsford,2021-05-12,0.67,0.48,0.30,0.16,0.08,0.00,0.00,inferred
Chelmsford,2021-05-13,0.67,0.48,0.30,0.16,0.08,0.00,0.00,inferred
Chelmsford,2021-05-14,0.67,0.48,0.30,0.16,0.08,0.00,0.00,inferred
Chelmsford,2021-05-15,0.67,0.48,0.30,0.16,0.08,0.00,0.00,inferred
Chelmsford,2021-05-16,0.67,0.48,0.30,0.16,0.08,0.00,0.00,inferred
Chelmsford,2021-05-17,0.67,0.48,0.30,0.16,0.08,0.00,0.00,inferred
Chelmsford,2021-05-18,0.80,0.65,0.48,0.30,0.19,0.03,0.00,inferred
Chelmsford,2021-05-19,0.80,0.65,0.48,0.30,0.19,0.03,0.00,inferred
Chelmsford,2021-05-20,0.80,0.65,0.48,0.30,0.19,0.03,0.00,inferred
Chelmsford,2021-05-21,0.80,0.65,0.48,0.30,0.19,0.03,0.00,inferred
Chelmsford,2021-05-22,0.80,0.65,0.48,0.30,0.19,0.03,0.00,inferred
Chelmsford,2021-05-23,0.80,0.65,0.48,0.30,0.19,0.03,0.00,inferred
Chelmsford,2021-05-24,0.80,0.65,0.48,0.30,0.19,0.03,0.00,inferred
Chelmsford,2021-05-25,1.00,1.00,0.99,0.98,0.96,0.74,0.17,inferred
Chelmsford,2021-05-26,1.00,1.00,0.99,0.98,0.96,0.74,0.17,inferred
Chelmsford,2021-05-27,1.00,1.00,0.99,0.98,0.96,0.74,0.17,inferred
Chelmsford,2021-05-28,1.00,1.00,0.99,0.98,0.96,0.74,0.17,inferred
Chelmsford,2021-05-29,1.00,1.00,0.99,0.98,0.96,0.74,0.17,inferred
Chelmsford,2021-05-30,1.00,1.00,0.99,0.98,0.96,0.74,0.17,inferred
Chelmsford,2021-05-31,1.00,1.00,0.99,0.98,0.96,0.74,0.17,inferred
Chelmsford,2021-06-01,1.00,1.00,1.00,0.99,0.97,0.77,0.20,inferred
Chelmsford,2021-06-02,1.00,1.00,1.00,0.99,0.97,0.77,0.20,inferred
Chelmsford,2021-06-03,1.00,1.00,1.00,0.99,0.97,0.77,0.20,inferred
Chelmsford,2021-06-04,1.00,1.00,1.00,0.99,0.97,0.77,0.20,inferred
Chelmsford,2021-06-05,1.00,1.00,1.00,0.99,0.97,0.77,0.20,inferred
Chelmsford,2021-06-06,1.00,1.00,1.00,0.99,0.97,0.77,0.20,inferred
Chelmsford,2021-06-07,1.00,1.00,1.00,0.99,0.97,0.77,0.20,inferred
Chelmsford,2021-06-08,1.00,1.00,1.00,1.00,0.98,0.76,0.14,inferred
Chelmsford,2021-06-09,1.00,1.00,1.00,1.00,0.98,0.76,0.14,inferred
Chelmsford,2021-06-10,1.00,1.00,1.00,1.00,0.98,0.76,0.14,inferred
Chelmsford,2021-06-11,1.00,1.00,1.00,1.00,0.98,0.76,0.14,inferred
Chelmsford,2021-06-12,1.00,1.00,1.00,1.00,0.98,0.76,0.14,inferred
Chelmsford,2021-06-13,1.00,1.00,1.00,1.00,0.98,0.76,0.14,inferred
Chelmsford,2021-06-14,1.00,1.00,1.00,1.00,0.98,0.76,0.14,inferred
Chelmsford,2021-06-15,1.00,1.00,1.00,1.00,1.00,1.00,0.86,inferred
Chelmsford,2021-06-16,1.00,1.00,1.00,1.00,1.00,1.00,0.86,inferred
Chelmsford,2021-06-17,1.00,1.00,1.00,1.00,1.00,1.00,0.86,inferred
Chelmsford,2021-06-18,1.00,1.00,1.00,1.00,1.00,1.00,0.86,inferred
Chelmsford,2021-06-19,1.00,1.00,1.00,1.00,1.00,1.00,0.86,inferred
Chelmsford,2021-06-20,1.00,1.00,1.00,1.00,1.00,1.00,0.86,inferred
Chelmsford,2021-06-21,1.00,1.00,1.00,1.00,1.00,1.00,0.86,inferred
Chelmsford,2021-06-22,1.00,1.00,1.00,1.00,1.00,1.00,0.87,inferred
Chelmsford,2021-06-23,1.00,1.00,1.00,1.00,1.00,1.00,0.87,inferred
Chelmsford,2021-06-24,1.00,1.00,1.00,1.00,1.00,1.00,0.87,inferred
Chelmsford,2021-06-25,1.00,1.00,1.00,1.00,1.00,1.00,0.87,inferred
Chelmsford,2021-06-26,1.00,1.00,1.00,1.00,1.00,1.00,0.87,inferred
Chelmsford,2021-06-27,1.00,1.00,1.00,1.00,1.00,1.00,0.87,inferred
Chelmsford,2021-06-28,1.00,1.00,1.00,1.00,1.00,1.00,0.87,inferred
Chelmsford,2021-06-29,1.00,1.00,1.00,1.00,1.00,0.96,0.64,inferred
Chelmsford,2021-06-30,1.00,1.00,1.00,1.00,1.00,0.96,0.64,inferred
Chelmsford,2021-07-01,1.00,1.00,1.00,1.00,1.00,0.96,0.64,inferred
Chelmsford,2021-07-02,1.00,1.00,1.00,1.00,1.00,0.96,0.64,inferred
Chelmsford,2021-07-03,1.00,1.00,1.00,1.00,1.00,0.96,0.64,inferred
Chelmsford,2021-07-04,1.00,1.00,1.00,1.00,1.00,0.96,0.64,inferred
Chelmsford,2021-07-05,1.00,1.00,1.00,1.00,1.00,0.96,0.64,inferred
Chelmsford,2021-07-06,1.00,1.00,1.00,0.99,0.98,0.86,0.48,projected
Chelmsford,2021-07-07,1.00,1.00,1.00,0.99,0.98,0.86,0.48,projected
Chelmsford,2021-07-08,1.00,1.00,1.00,0.99,0.98,0.86,0.48,projected
Chelmsford,2021-07-09,1.00,1.00,1.00,0.99,0.98,0.86,0.48,projected
Chelmsford,2021-07-10,1.00,1.00,1.00,0.99,0.98,0.86,0.48,projected
Chelmsford,2021-07-11,1.00,1.00,1.00,0.99,0.98,0.86,0.48,projected
Chelmsford,2021-07-12,1.00,1.00,1.00,0.99,0.98,0.86,0.48,projected
Chelmsford,2021-07-13,1.00,0.99,0.98,0.97,0.94,0.76,0.40,projected
Chelmsford,2021-07-14,1.00,0.99,0.98,0.97,0.94,0.76,0.40,projected
Chelmsford,2021-07-15,1.00,0.99,0.98,0.97,0.94,0.76,0.40,projected
Chelmsford,2021-07-16,1.00,0.99,0.98,0.97,0.94,0.76,0.40,projected
Chelmsford,2021-07-17,1.00,0.99,0.98,0.97,0.94,0.76,0.40,projected
Chelmsford,2021-07-18,1.00,0.99,0.98,0.97,0.94,0.76,0.40,projected
Chelmsford,2021-07-19,1.00,0.99,0.98,0.97,0.94,0.76,0.40,projected
Chelmsford,2021-07-20,1.00,0.99,0.97,0.94,0.90,0.70,0.36,projected
Chelmsford,2021-07-21,1.00,0.99,0.97,0.94,0.90,0.70,0.36,projected
Chelmsford,2021-07-22,1.00,0.99,0.97,0.94,0.90,0.70,0.36,projected
Chelmsford,2021-07-23,1.00,0.99,0.97,0.94,0.90,0.70,0.36,projected
Chelmsford,2021-07-24,1.00,0.99,0.97,0.94,0.90,0.70,0.36,projected
Chelmsford,2021-07-25,1.00,0.99,0.97,0.94,0.90,0.70,0.36,projected
Chelmsford,2021-07-26,1.00,0.99,0.97,0.94,0.90,0.70,0.36,projected
Cheltenham,2021-03-23,0.21,0.09,0.04,0.02,0.01,0.00,0.00,inferred
Cheltenham,2021-03-24,0.21,0.09,0.04,0.02,0.01,0.00,0.00,inferred
Cheltenham,2021-03-25,0.21,0.09,0.04,0.02,0.01,0.00,0.00,inferred
Cheltenham,2021-03-26,0.21,0.09,0.04,0.02,0.01,0.00,0.00,inferred
Cheltenham,2021-03-27,0.21,0.09,0.04,0.02,0.01,0.00,0.00,inferred
Cheltenham,2021-03-28,0.21,0.09,0.04,0.02,0.01,0.00,0.00,inferred
Cheltenham,2021-03-29,0.21,0.09,0.04,0.02,0.01,0.00,0.00,inferred
Cheltenham,2021-03-30,0.68,0.50,0.34,0.20,0.10,0.01,0.00,inferred
Cheltenham,2021-03-31,0.68,0.50,0.34,0.20,0.10,0.01,0.00,inferred
Cheltenham,2021-04-01,0.68,0.50,0.34,0.20,0.10,0.01,0.00,inferred
Cheltenham,2021-04-02,0.68,0.50,0.34,0.20,0.10,0.01,0.00,inferred
Cheltenham,2021-04-03,0.68,0.50,0.34,0.20,0.10,0.01,0.00,inferred
Cheltenham,2021-04-04,0.68,0.50,0.34,0.20,0.10,0.01,0.00,inferred
Cheltenham,2021-04-05,0.68,0.50,0.34,0.20,0.10,0.01,0.00,inferred
Cheltenham,2021-04-06,0.62,0.46,0.29,0.17,0.10,0.01,0.00,inferred
Cheltenham,2021-04-07,0.62,0.46,0.29,0.17,0.10,0.01,0.00,inferred
Cheltenham,2021-04-08,0.62,0.46,0.29,0.17,0.10,0.01,0.00,inferred
Cheltenham,2021-04-09,0.62,0.46,0.29,0.17,0.10,0.01,0.00,inferred
Cheltenham,2021-04-10,0.62,0.46,0.29,0.17,0.10,0.01,0.00,inferred
Cheltenham,2021-04-11,0.62,0.46,0.29,0.17,0.10,0.01,0.00,inferred
Cheltenham,2021-04-12,0.62,0.46,0.29,0.17,0.10,0.01,0.00,inferred
Cheltenham,2021-04-13,0.54,0.37,0.24,0.14,0.07,0.01,0.00,inferred
Cheltenham,2021-04-14,0.54,0.37,0.24,0.14,0.07,0.01,0.00,inferred
Cheltenham,2021-04-15,0.54,0.37,0.24,0.14,0.07,0.01,0.00,inferred
Cheltenham,2021-04-16,0.54,0.37,0.24,0.14,0.07,0.01,0.00,inferred
Cheltenham,2021-04-17,0.54,0.37,0.24,0.14,0.07,0.01,0.00,inferred
Cheltenham,2021-04-18,0.54,0.37,0.24,0.14,0.07,0.01,0.00,inferred
Cheltenham,2021-04-19,0.54,0.37,0.24,0.14,0.07,0.01,0.00,inferred
Cheltenham,2021-04-20,0.52,0.36,0.22,0.13,0.08,0.01,0.00,inferred
Cheltenham,2021-04-21,0.52,0.36,0.22,0.13,0.08,0.01,0.00,inferred
Cheltenham,2021-04-22,0.52,0.36,0.22,0.13,0.08,0.01,0.00,inferred
Cheltenham,2021-04-23,0.52,0.36,0.22,0.13,0.08,0.01,0.00,inferred
Cheltenham,2021-04-24,0.52,0.36,0.22,0.13,0.08,0.01,0.00,inferred
Cheltenham,2021-04-25,0.52,0.36,0.22,0.13,0.08,0.01,0.00,inferred
Cheltenham,2021-04-26,0.52,0.36,0.22,0.13,0.08,0.01,0.00,inferred
Cheltenham,2021-04-27,0.71,0.57,0.41,0.27,0.17,0.04,0.00,inferred
Cheltenham,2021-04-28,0.71,0.57,0.41,0.27,0.17,0.04,0.00,inferred
Cheltenham,2021-04-29,0.71,0.57,0.41,0.27,0.17,0.04,0.00,inferred
Cheltenham,2021-04-30,0.71,0.57,0.41,0.27,0.17,0.04,0.00,inferred
Cheltenham,2021-05-01,0.71,0.57,0.41,0.27,0.17,0.04,0.00,inferred
Cheltenham,2021-05-02,0.71,0.57,0.41,0.27,0.17,0.04,0.00,inferred
Cheltenham,2021-05-03,0.71,0.57,0.41,0.27,0.17,0.04,0.00,inferred
Cheltenham,2021-05-04,0.53,0.37,0.24,0.15,0.08,0.01,0.00,inferred
Cheltenham,2021-05-05,0.53,0.37,0.24,0.15,0.08,0.01,0.00,inferred
Cheltenham,2021-05-06,0.53,0.37,0.24,0.15,0.08,0.01,0.00,inferred
Cheltenham,2021-05-07,0.53,0.37,0.24,0.15,0.08,0.01,0.00,inferred
Cheltenham,2021-05-08,0.53,0.37,0.24,0.15,0.08,0.01,0.00,inferred
Cheltenham,2021-05-09,0.53,0.37,0.24,0.15,0.08,0.01,0.00,inferred
Cheltenham,2021-05-10,0.53,0.37,0.24,0.15,0.08,0.01,0.00,inferred
Cheltenham,2021-05-11,0.83,0.73,0.61,0.48,0.37,0.13,0.01,inferred
Cheltenham,2021-05-12,0.83,0.73,0.61,0.48,0.37,0.13,0.01,inferred
Cheltenham,2021-05-13,0.83,0.73,0.61,0.48,0.37,0.13,0.01,inferred
Cheltenham,2021-05-14,0.83,0.73,0.61,0.48,0.37,0.13,0.01,inferred
Cheltenham,2021-05-15,0.83,0.73,0.61,0.48,0.37,0.13,0.01,inferred
Cheltenham,2021-05-16,0.83,0.73,0.61,0.48,0.37,0.13,0.01,inferred
Cheltenham,2021-05-17,0.83,0.73,0.61,0.48,0.37,0.13,0.01,inferred
Cheltenham,2021-05-18,1.00,1.00,1.00,0.99,0.98,0.88,0.53,inferred
Cheltenham,2021-05-19,1.00,1.00,1.00,0.99,0.98,0.88,0.53,inferred
Cheltenham,2021-05-20,1.00,1.00,1.00,0.99,0.98,0.88,0.53,inferred
Cheltenham,2021-05-21,1.00,1.00,1.00,0.99,0.98,0.88,0.53,inferred
Cheltenham,2021-05-22,1.00,1.00,1.00,0.99,0.98,0.88,0.53,inferred
Cheltenham,2021-05-23,1.00,1.00,1.00,0.99,0.98,0.88,0.53,inferred
Cheltenham,2021-05-24,1.00,1.00,1.00,0.99,0.98,0.88,0.53,inferred
Cheltenham,2021-05-25,1.00,1.00,1.00,1.00,1.00,1.00,0.96,inferred
Cheltenham,2021-05-26,1.00,1.00,1.00,1.00,1.00,1.00,0.96,inferred
Cheltenham,2021-05-27,1.00,1.00,1.00,1.00,1.00,1.00,0.96,inferred
Cheltenham,2021-05-28,1.00,1.00,1.00,1.00,1.00,1.00,0.96,inferred
Cheltenham,2021-05-29,1.00,1.00,1.00,1.00,1.00,1.00,0.96,inferred
Cheltenham,2021-05-30,1.00,1.00,1.00,1.00,1.00,1.00,0.96,inferred
Cheltenham,2021-05-31,1.00,1.00,1.00,1.00,1.00,1.00,0.96,inferred
Cheltenham,2021-06-01,1.00,1.00,1.00,1.00,0.99,0.90,0.42,inferred
Cheltenham,2021-06-02,1.00,1.00,1.00,1.00,0.99,0.90,0.42,inferred
Cheltenham,2021-06-03,1.00,1.00,1.00,1.00,0.99,0.90,0.42,inferred
Cheltenham,2021-06-04,1.00,1.00,1.00,1.00,0.99,0.90,0.42,inferred
Cheltenham,2021-06-05,1.00,1.00,1.00,1.00,0.99,0.90,0.42,inferred
Cheltenham,2021-06-06,1.00,1.00,1.00,1.00,0.99,0.90,0.42,inferred
Cheltenham,2021-06-07,1.00,1.00,1.00,1.00,0.99,0.90,0.42,inferred
Cheltenham,2021-06-08,1.00,1.00,1.00,1.00,1.00,0.96,0.52,inferred
Cheltenham,2021-06-09,1.00,1.00,1.00,1.00,1.00,0.96,0.52,inferred
Cheltenham,2021-06-10,1.00,1.00,1.00,1.00,1.00,0.96,0.52,inferred
Cheltenham,2021-06-11,1.00,1.00,1.00,1.00,1.00,0.96,0.52,inferred
Cheltenham,2021-06-12,1.00,1.00,1.00,1.00,1.00,0.96,0.52,inferred
Cheltenham,2021-06-13,1.00,1.00,1.00,1.00,1.00,0.96,0.52,inferred
Cheltenham,2021-06-14,1.00,1.00,1.00,1.00,1.00,0.96,0.52,inferred
Cheltenham,2021-06-15,1.00,1.00,1.00,0.99,0.95,0.56,0.02,inferred
Cheltenham,2021-06-16,1.00,1.00,1.00,0.99,0.95,0.56,0.02,inferred
Cheltenham,2021-06-17,1.00,1.00,1.00,0.99,0.95,0.56,0.02,inferred
Cheltenham,2021-06-18,1.00,1.00,1.00,0.99,0.95,0.56,0.02,inferred
Cheltenham,2021-06-19,1.00,1.00,1.00,0.99,0.95,0.56,0.02,inferred
Cheltenham,2021-06-20,1.00,1.00,1.00,0.99,0.95,0.56,0.02,inferred
Cheltenham,2021-06-21,1.00,1.00,1.00,0.99,0.95,0.56,0.02,inferred
Cheltenham,2021-06-22,0.91,0.63,0.27,0.08,0.02,0.00,0.00,inferred
Cheltenham,2021-06-23,0.91,0.63,0.27,0.08,0.02,0.00,0.00,inferred
Cheltenham,2021-06-24,0.91,0.63,0.27,0.08,0.02,0.00,0.00,inferred
Cheltenham,2021-06-25,0.91,0.63,0.27,0.08,0.02,0.00,0.00,inferred
Cheltenham,2021-06-26,0.91,0.63,0.27,0.08,0.02,0.00,0.00,inferred
Cheltenham,2021-06-27,0.91,0.63,0.27,0.08,0.02,0.00,0.00,inferred
Cheltenham,2021-06-28,0.91,0.63,0.27,0.08,0.02,0.00,0.00,inferred
Cheltenham,2021-06-29,0.61,0.39,0.21,0.11,0.04,0.00,0.00,inferred
Cheltenham,2021-06-30,0.61,0.39,0.21,0.11,0.04,0.00,0.00,inferred
Cheltenham,2021-07-01,0.61,0.39,0.21,0.11,0.04,0.00,0.00,inferred
Cheltenham,2021-07-02,0.61,0.39,0.21,0.11,0.04,0.00,0.00,inferred
Cheltenham,2021-07-03,0.61,0.39,0.21,0.11,0.04,0.00,0.00,inferred
Cheltenham,2021-07-04,0.61,0.39,0.21,0.11,0.04,0.00,0.00,inferred
Cheltenham,2021-07-05,0.61,0.39,0.21,0.11,0.04,0.00,0.00,inferred
Cheltenham,2021-07-06,0.66,0.52,0.40,0.29,0.21,0.07,0.01,projected
Cheltenham,2021-07-07,0.66,0.52,0.40,0.29,0.21,0.07,0.01,projected
Cheltenham,2021-07-08,0.66,0.52,0.40,0.29,0.21,0.07,0.01,projected
Cheltenham,2021-07-09,0.66,0.52,0.40,0.29,0.21,0.07,0.01,projected
Cheltenham,2021-07-10,0.66,0.52,0.40,0.29,0.21,0.07,0.01,projected
Cheltenham,2021-07-11,0.66,0.52,0.40,0.29,0.21,0.07,0.01,projected
Cheltenham,2021-07-12,0.66,0.52,0.40,0.29,0.21,0.07,0.01,projected
Cheltenham,2021-07-13,0.71,0.61,0.52,0.43,0.34,0.17,0.05,projected
Cheltenham,2021-07-14,0.71,0.61,0.52,0.43,0.34,0.17,0.05,projected
Cheltenham,2021-07-15,0.71,0.61,0.52,0.43,0.34,0.17,0.05,projected
Cheltenham,2021-07-16,0.71,0.61,0.52,0.43,0.34,0.17,0.05,projected
Cheltenham,2021-07-17,0.71,0.61,0.52,0.43,0.34,0.17,0.05,projected
Cheltenham,2021-07-18,0.71,0.61,0.52,0.43,0.34,0.17,0.05,projected
Cheltenham,2021-07-19,0.71,0.61,0.52,0.43,0.34,0.17,0.05,projected
Cheltenham,2021-07-20,0.79,0.72,0.64,0.55,0.47,0.26,0.09,projected
Cheltenham,2021-07-21,0.79,0.72,0.64,0.55,0.47,0.26,0.09,projected
Cheltenham,2021-07-22,0.79,0.72,0.64,0.55,0.47,0.26,0.09,projected
Cheltenham,2021-07-23,0.79,0.72,0.64,0.55,0.47,0.26,0.09,projected
Cheltenham,2021-07-24,0.79,0.72,0.64,0.55,0.47,0.26,0.09,projected
Cheltenham,2021-07-25,0.79,0.72,0.64,0.55,0.47,0.26,0.09,projected
Cheltenham,2021-07-26,0.79,0.72,0.64,0.55,0.47,0.26,0.09,projected
Cherwell,2021-03-23,0.55,0.28,0.09,0.03,0.01,0.00,0.00,inferred
Cherwell,2021-03-24,0.55,0.28,0.09,0.03,0.01,0.00,0.00,inferred
Cherwell,2021-03-25,0.55,0.28,0.09,0.03,0.01,0.00,0.00,inferred
Cherwell,2021-03-26,0.55,0.28,0.09,0.03,0.01,0.00,0.00,inferred
Cherwell,2021-03-27,0.55,0.28,0.09,0.03,0.01,0.00,0.00,inferred
Cherwell,2021-03-28,0.55,0.28,0.09,0.03,0.01,0.00,0.00,inferred
Cherwell,2021-03-29,0.55,0.28,0.09,0.03,0.01,0.00,0.00,inferred
Cherwell,2021-03-30,0.90,0.73,0.54,0.32,0.16,0.01,0.00,inferred
Cherwell,2021-03-31,0.90,0.73,0.54,0.32,0.16,0.01,0.00,inferred
Cherwell,2021-04-01,0.90,0.73,0.54,0.32,0.16,0.01,0.00,inferred
Cherwell,2021-04-02,0.90,0.73,0.54,0.32,0.16,0.01,0.00,inferred
Cherwell,2021-04-03,0.90,0.73,0.54,0.32,0.16,0.01,0.00,inferred
Cherwell,2021-04-04,0.90,0.73,0.54,0.32,0.16,0.01,0.00,inferred
Cherwell,2021-04-05,0.90,0.73,0.54,0.32,0.16,0.01,0.00,inferred
Cherwell,2021-04-06,0.98,0.92,0.82,0.62,0.42,0.06,0.00,inferred
Cherwell,2021-04-07,0.98,0.92,0.82,0.62,0.42,0.06,0.00,inferred
Cherwell,2021-04-08,0.98,0.92,0.82,0.62,0.42,0.06,0.00,inferred
Cherwell,2021-04-09,0.98,0.92,0.82,0.62,0.42,0.06,0.00,inferred
Cherwell,2021-04-10,0.98,0.92,0.82,0.62,0.42,0.06,0.00,inferred
Cherwell,2021-04-11,0.98,0.92,0.82,0.62,0.42,0.06,0.00,inferred
Cherwell,2021-04-12,0.98,0.92,0.82,0.62,0.42,0.06,0.00,inferred
Cherwell,2021-04-13,0.42,0.21,0.09,0.03,0.01,0.00,0.00,inferred
Cherwell,2021-04-14,0.42,0.21,0.09,0.03,0.01,0.00,0.00,inferred
Cherwell,2021-04-15,0.42,0.21,0.09,0.03,0.01,0.00,0.00,inferred
Cherwell,2021-04-16,0.42,0.21,0.09,0.03,0.01,0.00,0.00,inferred
Cherwell,2021-04-17,0.42,0.21,0.09,0.03,0.01,0.00,0.00,inferred
Cherwell,2021-04-18,0.42,0.21,0.09,0.03,0.01,0.00,0.00,inferred
Cherwell,2021-04-19,0.42,0.21,0.09,0.03,0.01,0.00,0.00,inferred
Cherwell,2021-04-20,0.74,0.53,0.31,0.15,0.06,0.00,0.00,inferred
Cherwell,2021-04-21,0.74,0.53,0.31,0.15,0.06,0.00,0.00,inferred
Cherwell,2021-04-22,0.74,0.53,0.31,0.15,0.06,0.00,0.00,inferred
Cherwell,2021-04-23,0.74,0.53,0.31,0.15,0.06,0.00,0.00,inferred
Cherwell,2021-04-24,0.74,0.53,0.31,0.15,0.06,0.00,0.00,inferred
Cherwell,2021-04-25,0.74,0.53,0.31,0.15,0.06,0.00,0.00,inferred
Cherwell,2021-04-26,0.74,0.53,0.31,0.15,0.06,0.00,0.00,inferred
Cherwell,2021-04-27,0.60,0.36,0.19,0.09,0.04,0.00,0.00,inferred
Cherwell,2021-04-28,0.60,0.36,0.19,0.09,0.04,0.00,0.00,inferred
Cherwell,2021-04-29,0.60,0.36,0.19,0.09,0.04,0.00,0.00,inferred
Cherwell,2021-04-30,0.60,0.36,0.19,0.09,0.04,0.00,0.00,inferred
Cherwell,2021-05-01,0.60,0.36,0.19,0.09,0.04,0.00,0.00,inferred
Cherwell,2021-05-02,0.60,0.36,0.19,0.09,0.04,0.00,0.00,inferred
Cherwell,2021-05-03,0.60,0.36,0.19,0.09,0.04,0.00,0.00,inferred
Cherwell,2021-05-04,0.59,0.38,0.20,0.09,0.03,0.00,0.00,inferred
Cherwell,2021-05-05,0.59,0.38,0.20,0.09,0.03,0.00,0.00,inferred
Cherwell,2021-05-06,0.59,0.38,0.20,0.09,0.03,0.00,0.00,inferred
Cherwell,2021-05-07,0.59,0.38,0.20,0.09,0.03,0.00,0.00,inferred
Cherwell,2021-05-08,0.59,0.38,0.20,0.09,0.03,0.00,0.00,inferred
Cherwell,2021-05-09,0.59,0.38,0.20,0.09,0.03,0.00,0.00,inferred
Cherwell,2021-05-10,0.59,0.38,0.20,0.09,0.03,0.00,0.00,inferred
Cherwell,2021-05-11,0.65,0.44,0.26,0.14,0.07,0.00,0.00,inferred
Cherwell,2021-05-12,0.65,0.44,0.26,0.14,0.07,0.00,0.00,inferred
Cherwell,2021-05-13,0.65,0.44,0.26,0.14,0.07,0.00,0.00,inferred
Cherwell,2021-05-14,0.65,0.44,0.26,0.14,0.07,0.00,0.00,inferred
Cherwell,2021-05-15,0.65,0.44,0.26,0.14,0.07,0.00,0.00,inferred
Cherwell,2021-05-16,0.65,0.44,0.26,0.14,0.07,0.00,0.00,inferred
Cherwell,2021-05-17,0.65,0.44,0.26,0.14,0.07,0.00,0.00,inferred
Cherwell,2021-05-18,0.99,0.96,0.90,0.81,0.68,0.24,0.01,inferred
Cherwell,2021-05-19,0.99,0.96,0.90,0.81,0.68,0.24,0.01,inferred
Cherwell,2021-05-20,0.99,0.96,0.90,0.81,0.68,0.24,0.01,inferred
Cherwell,2021-05-21,0.99,0.96,0.90,0.81,0.68,0.24,0.01,inferred
Cherwell,2021-05-22,0.99,0.96,0.90,0.81,0.68,0.24,0.01,inferred
Cherwell,2021-05-23,0.99,0.96,0.90,0.81,0.68,0.24,0.01,inferred
Cherwell,2021-05-24,0.99,0.96,0.90,0.81,0.68,0.24,0.01,inferred
Cherwell,2021-05-25,1.00,1.00,1.00,1.00,1.00,0.95,0.54,inferred
Cherwell,2021-05-26,1.00,1.00,1.00,1.00,1.00,0.95,0.54,inferred
Cherwell,2021-05-27,1.00,1.00,1.00,1.00,1.00,0.95,0.54,inferred
Cherwell,2021-05-28,1.00,1.00,1.00,1.00,1.00,0.95,0.54,inferred
Cherwell,2021-05-29,1.00,1.00,1.00,1.00,1.00,0.95,0.54,inferred
Cherwell,2021-05-30,1.00,1.00,1.00,1.00,1.00,0.95,0.54,inferred
Cherwell,2021-05-31,1.00,1.00,1.00,1.00,1.00,0.95,0.54,inferred
Cherwell,2021-06-01,1.00,0.99,0.96,0.88,0.75,0.25,0.01,inferred
Cherwell,2021-06-02,1.00,0.99,0.96,0.88,0.75,0.25,0.01,inferred
Cherwell,2021-06-03,1.00,0.99,0.96,0.88,0.75,0.25,0.01,inferred
Cherwell,2021-06-04,1.00,0.99,0.96,0.88,0.75,0.25,0.01,inferred
Cherwell,2021-06-05,1.00,0.99,0.96,0.88,0.75,0.25,0.01,inferred
Cherwell,2021-06-06,1.00,0.99,0.96,0.88,0.75,0.25,0.01,inferred
Cherwell,2021-06-07,1.00,0.99,0.96,0.88,0.75,0.25,0.01,inferred
Cherwell,2021-06-08,1.00,1.00,0.99,0.95,0.87,0.32,0.01,inferred
Cherwell,2021-06-09,1.00,1.00,0.99,0.95,0.87,0.32,0.01,inferred
Cherwell,2021-06-10,1.00,1.00,0.99,0.95,0.87,0.32,0.01,inferred
Cherwell,2021-06-11,1.00,1.00,0.99,0.95,0.87,0.32,0.01,inferred
Cherwell,2021-06-12,1.00,1.00,0.99,0.95,0.87,0.32,0.01,inferred
Cherwell,2021-06-13,1.00,1.00,0.99,0.95,0.87,0.32,0.01,inferred
Cherwell,2021-06-14,1.00,1.00,0.99,0.95,0.87,0.32,0.01,inferred
Cherwell,2021-06-15,1.00,1.00,1.00,1.00,1.00,0.98,0.54,inferred
Cherwell,2021-06-16,1.00,1.00,1.00,1.00,1.00,0.98,0.54,inferred
Cherwell,2021-06-17,1.00,1.00,1.00,1.00,1.00,0.98,0.54,inferred
Cherwell,2021-06-18,1.00,1.00,1.00,1.00,1.00,0.98,0.54,inferred
Cherwell,2021-06-19,1.00,1.00,1.00,1.00,1.00,0.98,0.54,inferred
Cherwell,2021-06-20,1.00,1.00,1.00,1.00,1.00,0.98,0.54,inferred
Cherwell,2021-06-21,1.00,1.00,1.00,1.00,1.00,0.98,0.54,inferred
Cherwell,2021-06-22,1.00,1.00,1.00,1.00,1.00,0.94,0.44,inferred
Cherwell,2021-06-23,1.00,1.00,1.00,1.00,1.00,0.94,0.44,inferred
Cherwell,2021-06-24,1.00,1.00,1.00,1.00,1.00,0.94,0.44,inferred
Cherwell,2021-06-25,1.00,1.00,1.00,1.00,1.00,0.94,0.44,inferred
Cherwell,2021-06-26,1.00,1.00,1.00,1.00,1.00,0.94,0.44,inferred
Cherwell,2021-06-27,1.00,1.00,1.00,1.00,1.00,0.94,0.44,inferred
Cherwell,2021-06-28,1.00,1.00,1.00,1.00,1.00,0.94,0.44,inferred
Cherwell,2021-06-29,1.00,0.99,0.96,0.89,0.76,0.33,0.02,inferred
Cherwell,2021-06-30,1.00,0.99,0.96,0.89,0.76,0.33,0.02,inferred
Cherwell,2021-07-01,1.00,0.99,0.96,0.89,0.76,0.33,0.02,inferred
Cherwell,2021-07-02,1.00,0.99,0.96,0.89,0.76,0.33,0.02,inferred
Cherwell,2021-07-03,1.00,0.99,0.96,0.89,0.76,0.33,0.02,inferred
Cherwell,2021-07-04,1.00,0.99,0.96,0.89,0.76,0.33,0.02,inferred
Cherwell,2021-07-05,1.00,0.99,0.96,0.89,0.76,0.33,0.02,inferred
Cherwell,2021-07-06,0.98,0.95,0.87,0.76,0.67,0.35,0.08,projected
Cherwell,2021-07-07,0.98,0.95,0.87,0.76,0.67,0.35,0.08,projected
Cherwell,2021-07-08,0.98,0.95,0.87,0.76,0.67,0.35,0.08,projected
Cherwell,2021-07-09,0.98,0.95,0.87,0.76,0.67,0.35,0.08,projected
Cherwell,2021-07-10,0.98,0.95,0.87,0.76,0.67,0.35,0.08,projected
Cherwell,2021-07-11,0.98,0.95,0.87,0.76,0.67,0.35,0.08,projected
Cherwell,2021-07-12,0.98,0.95,0.87,0.76,0.67,0.35,0.08,projected
Cherwell,2021-07-13,0.95,0.91,0.84,0.74,0.65,0.37,0.11,projected
Cherwell,2021-07-14,0.95,0.91,0.84,0.74,0.65,0.37,0.11,projected
Cherwell,2021-07-15,0.95,0.91,0.84,0.74,0.65,0.37,0.11,projected
Cherwell,2021-07-16,0.95,0.91,0.84,0.74,0.65,0.37,0.11,projected
Cherwell,2021-07-17,0.95,0.91,0.84,0.74,0.65,0.37,0.11,projected
Cherwell,2021-07-18,0.95,0.91,0.84,0.74,0.65,0.37,0.11,projected
Cherwell,2021-07-19,0.95,0.91,0.84,0.74,0.65,0.37,0.11,projected
Cherwell,2021-07-20,0.95,0.90,0.84,0.76,0.68,0.40,0.13,projected
Cherwell,2021-07-21,0.95,0.90,0.84,0.76,0.68,0.40,0.13,projected
Cherwell,2021-07-22,0.95,0.90,0.84,0.76,0.68,0.40,0.13,projected
Cherwell,2021-07-23,0.95,0.90,0.84,0.76,0.68,0.40,0.13,projected
Cherwell,2021-07-24,0.95,0.90,0.84,0.76,0.68,0.40,0.13,projected
Cherwell,2021-07-25,0.95,0.90,0.84,0.76,0.68,0.40,0.13,projected
Cherwell,2021-07-26,0.95,0.90,0.84,0.76,0.68,0.40,0.13,projected
Cheshire East,2021-03-23,0.00,0.00,0.00,0.00,0.00,0.00,0.00,inferred
Cheshire East,2021-03-24,0.00,0.00,0.00,0.00,0.00,0.00,0.00,inferred
Cheshire East,2021-03-25,0.00,0.00,0.00,0.00,0.00,0.00,0.00,inferred
Cheshire East,2021-03-26,0.00,0.00,0.00,0.00,0.00,0.00,0.00,inferred
Cheshire East,2021-03-27,0.00,0.00,0.00,0.00,0.00,0.00,0.00,inferred
Cheshire East,2021-03-28,0.00,0.00,0.00,0.00,0.00,0.00,0.00,inferred
Cheshire East,2021-03-29,0.00,0.00,0.00,0.00,0.00,0.00,0.00,inferred
Cheshire East,2021-03-30,0.15,0.04,0.01,0.00,0.00,0.00,0.00,inferred
Cheshire East,2021-03-31,0.15,0.04,0.01,0.00,0.00,0.00,0.00,inferred
Cheshire East,2021-04-01,0.15,0.04,0.01,0.00,0.00,0.00,0.00,inferred
Cheshire East,2021-04-02,0.15,0.04,0.01,0.00,0.00,0.00,0.00,inferred
Cheshire East,2021-04-03,0.15,0.04,0.01,0.00,0.00,0.00,0.00,inferred
Cheshire East,2021-04-04,0.15,0.04,0.01,0.00,0.00,0.00,0.00,inferred
Cheshire East,2021-04-05,0.15,0.04,0.01,0.00,0.00,0.00,0.00,inferred
Cheshire East,2021-04-06,0.73,0.47,0.23,0.07,0.02,0.00,0.00,inferred
Cheshire East,2021-04-07,0.73,0.47,0.23,0.07,0.02,0.00,0.00,inferred
Cheshire East,2021-04-08,0.73,0.47,0.23,0.07,0.02,0.00,0.00,inferred
Cheshire East,2021-04-09,0.73,0.47,0.23,0.07,0.02,0.00,0.00,inferred
Cheshire East,2021-04-10,0.73,0.47,0.23,0.07,0.02,0.00,0.00,inferred
Cheshire East,2021-04-11,0.73,0.47,0.23,0.07,0.02,0.00,0.00,inferred
Cheshire East,2021-04-12,0.73,0.47,0.23,0.07,0.02,0.00,0.00,inferred
Cheshire East,2021-04-13,0.83,0.61,0.37,0.17,0.05,0.00,0.00,inferred
Cheshire East,2021-04-14,0.83,0.61,0.37,0.17,0.05,0.00,0.00,inferred
Cheshire East,2021-04-15,0.83,0.61,0.37,0.17,0.05,0.00,0.00,inferred
Cheshire East,2021-04-16,0.83,0.61,0.37,0.17,0.05,0.00,0.00,inferred
Cheshire East,2021-04-17,0.83,0.61,0.37,0.17,0.05,0.00,0.00,inferred
Cheshire East,2021-04-18,0.83,0.61,0.37,0.17,0.05,0.00,0.00,inferred
Cheshire East,2021-04-19,0.83,0.61,0.37,0.17,0.05,0.00,0.00,inferred
Cheshire East,2021-04-20,0.95,0.83,0.61,0.37,0.17,0.01,0.00,inferred
Cheshire East,2021-04-21,0.95,0.83,0.61,0.37,0.17,0.01,0.00,inferred
Cheshire East,2021-04-22,0.95,0.83,0.61,0.37,0.17,0.01,0.00,inferred
Cheshire East,2021-04-23,0.95,0.83,0.61,0.37,0.17,0.01,0.00,inferred
Cheshire East,2021-04-24,0.95,0.83,0.61,0.37,0.17,0.01,0.00,inferred
Cheshire East,2021-04-25,0.95,0.83,0.61,0.37,0.17,0.01,0.00,inferred
Cheshire East,2021-04-26,0.95,0.83,0.61,0.37,0.17,0.01,0.00,inferred
Cheshire East,2021-04-27,0.88,0.69,0.43,0.22,0.10,0.00,0.00,inferred
Cheshire East,2021-04-28,0.88,0.69,0.43,0.22,0.10,0.00,0.00,inferred
Cheshire East,2021-04-29,0.88,0.69,0.43,0.22,0.10,0.00,0.00,inferred
Cheshire East,2021-04-30,0.88,0.69,0.43,0.22,0.10,0.00,0.00,inferred
Cheshire East,2021-05-01,0.88,0.69,0.43,0.22,0.10,0.00,0.00,inferred
Cheshire East,2021-05-02,0.88,0.69,0.43,0.22,0.10,0.00,0.00,inferred
Cheshire East,2021-05-03,0.88,0.69,0.43,0.22,0.10,0.00,0.00,inferred
Cheshire East,2021-05-04,0.98,0.92,0.76,0.56,0.33,0.02,0.00,inferred
Cheshire East,2021-05-05,0.98,0.92,0.76,0.56,0.33,0.02,0.00,inferred
Cheshire East,2021-05-06,0.98,0.92,0.76,0.56,0.33,0.02,0.00,inferred
Cheshire East,2021-05-07,0.98,0.92,0.76,0.56,0.33,0.02,0.00,inferred
Cheshire East,2021-05-08,0.98,0.92,0.76,0.56,0.33,0.02,0.00,inferred
Cheshire East,2021-05-09,0.98,0.92,0.76,0.56,0.33,0.02,0.00,inferred
Cheshire East,2021-05-10,0.98,0.92,0.76,0.56,0.33,0.02,0.00,inferred
Cheshire East,2021-05-11,0.98,0.91,0.78,0.57,0.35,0.02,0.00,inferred
Cheshire East,2021-05-12,0.98,0.91,0.78,0.57,0.35,0.02,0.00,inferred
Cheshire East,2021-05-13,0.98,0.91,0.78,0.57,0.35,0.02,0.00,inferred
Cheshire East,2021-05-14,0.98,0.91,0.78,0.57,0.35,0.02,0.00,inferred
Cheshire East,2021-05-15,0.98,0.91,0.78,0.57,0.35,0.02,0.00,inferred
Cheshire East,2021-05-16,0.98,0.91,0.78,0.57,0.35,0.02,0.00,inferred
Cheshire East,2021-05-17,0.98,0.91,0.78,0.57,0.35,0.02,0.00,inferred
Cheshire East,2021-05-18,1.00,1.00,1.00,1.00,1.00,1.00,0.93,inferred
Cheshire East,2021-05-19,1.00,1.00,1.00,1.00,1.00,1.00,0.93,inferred
Cheshire East,2021-05-20,1.00,1.00,1.00,1.00,1.00,1.00,0.93,inferred
Cheshire East,2021-05-21,1.00,1.00,1.00,1.00,1.00,1.00,0.93,inferred
Cheshire East,2021-05-22,1.00,1.00,1.00,1.00,1.00,1.00,0.93,inferred
Cheshire East,2021-05-23,1.00,1.00,1.00,1.00,1.00,1.00,0.93,inferred
Cheshire East,2021-05-24,1.00,1.00,1.00,1.00,1.00,1.00,0.93,inferred
Cheshire East,2021-05-25,1.00,1.00,1.00,1.00,1.00,0.99,0.77,inferred
Cheshire East,2021-05-26,1.00,1.00,1.00,1.00,1.00,0.99,0.77,inferred
Cheshire East,2021-05-27,1.00,1.00,1.00,1.00,1.00,0.99,0.77,inferred
Cheshire East,2021-05-28,1.00,1.00,1.00,1.00,1.00,0.99,0.77,inferred
Cheshire East,2021-05-29,1.00,1.00,1.00,1.00,1.00,0.99,0.77,inferred
Cheshire East,2021-05-30,1.00,1.00,1.00,1.00,1.00,0.99,0.77,inferred
Cheshire East,2021-05-31,1.00,1.00,1.00,1.00,1.00,0.99,0.77,inferred
Cheshire East,2021-06-01,0.98,0.89,0.62,0.33,0.13,0.00,0.00,inferred
Cheshire East,2021-06-02,0.98,0.89,0.62,0.33,0.13,0.00,0.00,inferred
Cheshire East,2021-06-03,0.98,0.89,0.62,0.33,0.13,0.00,0.00,inferred
Cheshire East,2021-06-04,0.98,0.89,0.62,0.33,0.13,0.00,0.00,inferred
Cheshire East,2021-06-05,0.98,0.89,0.62,0.33,0.13,0.00,0.00,inferred
Cheshire East,2021-06-06,0.98,0.89,0.62,0.33,0.13,0.00,0.00,inferred
Cheshire East,2021-06-07,0.98,0.89,0.62,0.33,0.13,0.00,0.00,inferred
Cheshire East,2021-06-08,1.00,1.00,0.95,0.73,0.36,0.00,0.00,inferred
Cheshire East,2021-06-09,1.00,1.00,0.95,0.73,0.36,0.00,0.00,inferred
Cheshire East,2021-06-10,1.00,1.00,0.95,0.73,0.36,0.00,0.00,inferred
Cheshire East,2021-06-11,1.00,1.00,0.95,0.73,0.36,0.00,0.00,inferred
Cheshire East,2021-06-12,1.00,1.00,0.95,0.73,0.36,0.00,0.00,inferred
Cheshire East,2021-06-13,1.00,1.00,0.95,0.73,0.36,0.00,0.00,inferred
Cheshire East,2021-06-14,1.00,1.00,0.95,0.73,0.36,0.00,0.00,inferred
Cheshire East,2021-06-15,1.00,1.00,1.00,0.93,0.63,0.01,0.00,inferred
Cheshire East,2021-06-16,1.00,1.00,1.00,0.93,0.63,0.01,0.00,inferred
Cheshire East,2021-06-17,1.00,1.00,1.00,0.93,0.63,0.01,0.00,inferred
Cheshire East,2021-06-18,1.00,1.00,1.00,0.93,0.63,0.01,0.00,inferred
Cheshire East,2021-06-19,1.00,1.00,1.00,0.93,0.63,0.01,0.00,inferred
Cheshire East,2021-06-20,1.00,1.00,1.00,0.93,0.63,0.01,0.00,inferred
Cheshire East,2021-06-21,1.00,1.00,1.00,0.93,0.63,0.01,0.00,inferred
Cheshire East,2021-06-22,1.00,1.00,1.00,1.00,0.98,0.53,0.00,inferred
Cheshire East,2021-06-23,1.00,1.00,1.00,1.00,0.98,0.53,0.00,inferred
Cheshire East,2021-06-24,1.00,1.00,1.00,1.00,0.98,0.53,0.00,inferred
Cheshire East,2021-06-25,1.00,1.00,1.00,1.00,0.98,0.53,0.00,inferred
Cheshire East,2021-06-26,1.00,1.00,1.00,1.00,0.98,0.53,0.00,inferred
Cheshire East,2021-06-27,1.00,1.00,1.00,1.00,0.98,0.53,0.00,inferred
Cheshire East,2021-06-28,1.00,1.00,1.00,1.00,0.98,0.53,0.00,inferred
Cheshire East,2021-06-29,0.89,0.72,0.47,0.24,0.10,0.01,0.00,inferred
Cheshire East,2021-06-30,0.89,0.72,0.47,0.24,0.10,0.01,0.00,inferred
Cheshire East,2021-07-01,0.89,0.72,0.47,0.24,0.10,0.01,0.00,inferred
Cheshire East,2021-07-02,0.89,0.72,0.47,0.24,0.10,0.01,0.00,inferred
Cheshire East,2021-07-03,0.89,0.72,0.47,0.24,0.10,0.01,0.00,inferred
Cheshire East,2021-07-04,0.89,0.72,0.47,0.24,0.10,0.01,0.00,inferred
Cheshire East,2021-07-05,0.89,0.72,0.47,0.24,0.10,0.01,0.00,inferred
Cheshire East,2021-07-06,0.79,0.66,0.51,0.38,0.26,0.08,0.01,projected
Cheshire East,2021-07-07,0.79,0.66,0.51,0.38,0.26,0.08,0.01,projected
Cheshire East,2021-07-08,0.79,0.66,0.51,0.38,0.26,0.08,0.01,projected
Cheshire East,2021-07-09,0.79,0.66,0.51,0.38,0.26,0.08,0.01,projected
Cheshire East,2021-07-10,0.79,0.66,0.51,0.38,0.26,0.08,0.01,projected
Cheshire East,2021-07-11,0.79,0.66,0.51,0.38,0.26,0.08,0.01,projected
Cheshire East,2021-07-12,0.79,0.66,0.51,0.38,0.26,0.08,0.01,projected
Cheshire East,2021-07-13,0.80,0.67,0.53,0.42,0.33,0.13,0.03,projected
Cheshire East,2021-07-14,0.80,0.67,0.53,0.42,0.33,0.13,0.03,projected
Cheshire East,2021-07-15,0.80,0.67,0.53,0.42,0.33,0.13,0.03,projected
Cheshire East,2021-07-16,0.80,0.67,0.53,0.42,0.33,0.13,0.03,projected
Cheshire East,2021-07-17,0.80,0.67,0.53,0.42,0.33,0.13,0.03,projected
Cheshire East,2021-07-18,0.80,0.67,0.53,0.42,0.33,0.13,0.03,projected
Cheshire East,2021-07-19,0.80,0.67,0.53,0.42,0.33,0.13,0.03,projected
Cheshire East,2021-07-20,0.84,0.74,0.62,0.51,0.41,0.19,0.05,projected
Cheshire East,2021-07-21,0.84,0.74,0.62,0.51,0.41,0.19,0.05,projected
Cheshire East,2021-07-22,0.84,0.74,0.62,0.51,0.41,0.19,0.05,projected
Cheshire East,2021-07-23,0.84,0.74,0.62,0.51,0.41,0.19,0.05,projected
Cheshire East,2021-07-24,0.84,0.74,0.62,0.51,0.41,0.19,0.05,projected
Cheshire East,2021-07-25,0.84,0.74,0.62,0.51,0.41,0.19,0.05,projected
Cheshire East,2021-07-26,0.84,0.74,0.62,0.51,0.41,0.19,0.05,projected
Cheshire West and Chester,2021-03-23,0.00,0.00,0.00,0.00,0.00,0.00,0.00,inferred
Cheshire West and Chester,2021-03-24,0.00,0.00,0.00,0.00,0.00,0.00,0.00,inferred
Cheshire West and Chester,2021-03-25,0.00,0.00,0.00,0.00,0.00,0.00,0.00,inferred
Cheshire West and Chester,2021-03-26,0.00,0.00,0.00,0.00,0.00,0.00,0.00,inferred
Cheshire West and Chester,2021-03-27,0.00,0.00,0.00,0.00,0.00,0.00,0.00,inferred
Cheshire West and Chester,2021-03-28,0.00,0.00,0.00,0.00,0.00,0.00,0.00,inferred
Cheshire West and Chester,2021-03-29,0.00,0.00,0.00,0.00,0.00,0.00,0.00,inferred
Cheshire West and Chester,2021-03-30,0.09,0.02,0.00,0.00,0.00,0.00,0.00,inferred
Cheshire West and Chester,2021-03-31,0.09,0.02,0.00,0.00,0.00,0.00,0.00,inferred
Cheshire West and Chester,2021-04-01,0.09,0.02,0.00,0.00,0.00,0.00,0.00,inferred
Cheshire West and Chester,2021-04-02,0.09,0.02,0.00,0.00,0.00,0.00,0.00,inferred
Cheshire West and Chester,2021-04-03,0.09,0.02,0.00,0.00,0.00,0.00,0.00,inferred
Cheshire West and Chester,2021-04-04,0.09,0.02,0.00,0.00,0.00,0.00,0.00,inferred
Cheshire West and Chester,2021-04-05,0.09,0.02,0.00,0.00,0.00,0.00,0.00,inferred
Cheshire West and Chester,2021-04-06,0.26,0.09,0.03,0.01,0.00,0.00,0.00,inferred
Cheshire West and Chester,2021-04-07,0.26,0.09,0.03,0.01,0.00,0.00,0.00,inferred
Cheshire West and Chester,2021-04-08,0.26,0.09,0.03,0.01,0.00,0.00,0.00,inferred
Cheshire West and Chester,2021-04-09,0.26,0.09,0.03,0.01,0.00,0.00,0.00,inferred
Cheshire West and Chester,2021-04-10,0.26,0.09,0.03,0.01,0.00,0.00,0.00,inferred
Cheshire West and Chester,2021-04-11,0.26,0.09,0.03,0.01,0.00,0.00,0.00,inferred
Cheshire West and Chester,2021-04-12,0.26,0.09,0.03,0.01,0.00,0.00,0.00,inferred
Cheshire West and Chester,2021-04-13,0.55,0.32,0.15,0.05,0.02,0.00,0.00,inferred
Cheshire West and Chester,2021-04-14,0.55,0.32,0.15,0.05,0.02,0.00,0.00,inferred
Cheshire West and Chester,2021-04-15,0.55,0.32,0.15,0.05,0.02,0.00,0.00,inferred
Cheshire West and Chester,2021-04-16,0.55,0.32,0.15,0.05,0.02,0.00,0.00,inferred
Cheshire West and Chester,2021-04-17,0.55,0.32,0.15,0.05,0.02,0.00,0.00,inferred
Cheshire West and Chester,2021-04-18,0.55,0.32,0.15,0.05,0.02,0.00,0.00,inferred
Cheshire West and Chester,2021-04-19,0.55,0.32,0.15,0.05,0.02,0.00,0.00,inferred
Cheshire West and Chester,2021-04-20,0.70,0.47,0.28,0.14,0.06,0.00,0.00,inferred
Cheshire West and Chester,2021-04-21,0.70,0.47,0.28,0.14,0.06,0.00,0.00,inferred
Cheshire West and Chester,2021-04-22,0.70,0.47,0.28,0.14,0.06,0.00,0.00,inferred
Cheshire West and Chester,2021-04-23,0.70,0.47,0.28,0.14,0.06,0.00,0.00,inferred
Cheshire West and Chester,2021-04-24,0.70,0.47,0.28,0.14,0.06,0.00,0.00,inferred
Cheshire West and Chester,2021-04-25,0.70,0.47,0.28,0.14,0.06,0.00,0.00,inferred
Cheshire West and Chester,2021-04-26,0.70,0.47,0.28,0.14,0.06,0.00,0.00,inferred
Cheshire West and Chester,2021-04-27,0.79,0.58,0.38,0.20,0.08,0.00,0.00,inferred
Cheshire West and Chester,2021-04-28,0.79,0.58,0.38,0.20,0.08,0.00,0.00,inferred
Cheshire West and Chester,2021-04-29,0.79,0.58,0.38,0.20,0.08,0.00,0.00,inferred
Cheshire West and Chester,2021-04-30,0.79,0.58,0.38,0.20,0.08,0.00,0.00,inferred
Cheshire West and Chester,2021-05-01,0.79,0.58,0.38,0.20,0.08,0.00,0.00,inferred
Cheshire West and Chester,2021-05-02,0.79,0.58,0.38,0.20,0.08,0.00,0.00,inferred
Cheshire West and Chester,2021-05-03,0.79,0.58,0.38,0.20,0.08,0.00,0.00,inferred
Cheshire West and Chester,2021-05-04,0.59,0.38,0.21,0.11,0.05,0.00,0.00,inferred
Cheshire West and Chester,2021-05-05,0.59,0.38,0.21,0.11,0.05,0.00,0.00,inferred
Cheshire West and Chester,2021-05-06,0.59,0.38,0.21,0.11,0.05,0.00,0.00,inferred
Cheshire West and Chester,2021-05-07,0.59,0.38,0.21,0.11,0.05,0.00,0.00,inferred
Cheshire West and Chester,2021-05-08,0.59,0.38,0.21,0.11,0.05,0.00,0.00,inferred
Cheshire West and Chester,2021-05-09,0.59,0.38,0.21,0.11,0.05,0.00,0.00,inferred
Cheshire West and Chester,2021-05-10,0.59,0.38,0.21,0.11,0.05,0.00,0.00,inferred
Cheshire West and Chester,2021-05-11,0.94,0.86,0.73,0.57,0.40,0.08,0.00,inferred
Cheshire West and Chester,2021-05-12,0.94,0.86,0.73,0.57,0.40,0.08,0.00,inferred
Cheshire West and Chester,2021-05-13,0.94,0.86,0.73,0.57,0.40,0.08,0.00,inferred
Cheshire West and Chester,2021-05-14,0.94,0.86,0.73,0.57,0.40,0.08,0.00,inferred
Cheshire West and Chester,2021-05-15,0.94,0.86,0.73,0.57,0.40,0.08,0.00,inferred
Cheshire West and Chester,2021-05-16,0.94,0.86,0.73,0.57,0.40,0.08,0.00,inferred
Cheshire West and Chester,2021-05-17,0.94,0.86,0.73,0.57,0.40,0.08,0.00,inferred
Cheshire West and Chester,2021-05-18,1.00,1.00,1.00,1.00,1.00,1.00,0.99,inferred
Cheshire West and Chester,2021-05-19,1.00,1.00,1.00,1.00,1.00,1.00,0.99,inferred
Cheshire West and Chester,2021-05-20,1.00,1.00,1.00,1.00,1.00,1.00,0.99,inferred
Cheshire West and Chester,2021-05-21,1.00,1.00,1.00,1.00,1.00,1.00,0.99,inferred
Cheshire West and Chester,2021-05-22,1.00,1.00,1.00,1.00,1.00,1.00,0.99,inferred
Cheshire West and Chester,2021-05-23,1.00,1.00,1.00,1.00,1.00,1.00,0.99,inferred
Cheshire West and Chester,2021-05-24,1.00,1.00,1.00,1.00,1.00,1.00,0.99,inferred
Cheshire West and Chester,2021-05-25,1.00,1.00,1.00,1.00,1.00,1.00,0.91,inferred
Cheshire West and Chester,2021-05-26,1.00,1.00,1.00,1.00,1.00,1.00,0.91,inferred
Cheshire West and Chester,2021-05-27,1.00,1.00,1.00,1.00,1.00,1.00,0.91,inferred
Cheshire West and Chester,2021-05-28,1.00,1.00,1.00,1.00,1.00,1.00,0.91,inferred
Cheshire West and Chester,2021-05-29,1.00,1.00,1.00,1.00,1.00,1.00,0.91,inferred
Cheshire West and Chester,2021-05-30,1.00,1.00,1.00,1.00,1.00,1.00,0.91,inferred
Cheshire West and Chester,2021-05-31,1.00,1.00,1.00,1.00,1.00,1.00,0.91,inferred
Cheshire West and Chester,2021-06-01,1.00,1.00,0.98,0.90,0.72,0.18,0.00,inferred
Cheshire West and Chester,2021-06-02,1.00,1.00,0.98,0.90,0.72,0.18,0.00,inferred
Cheshire West and Chester,2021-06-03,1.00,1.00,0.98,0.90,0.72,0.18,0.00,inferred
Cheshire West and Chester,2021-06-04,1.00,1.00,0.98,0.90,0.72,0.18,0.00,inferred
Cheshire West and Chester,2021-06-05,1.00,1.00,0.98,0.90,0.72,0.18,0.00,inferred
Cheshire West and Chester,2021-06-06,1.00,1.00,0.98,0.90,0.72,0.18,0.00,inferred
Cheshire West and Chester,2021-06-07,1.00,1.00,0.98,0.90,0.72,0.18,0.00,inferred
Cheshire West and Chester,2021-06-08,1.00,1.00,1.00,0.99,0.94,0.31,0.00,inferred
Cheshire West and Chester,2021-06-09,1.00,1.00,1.00,0.99,0.94,0.31,0.00,inferred
Cheshire West and Chester,2021-06-10,1.00,1.00,1.00,0.99,0.94,0.31,0.00,inferred
Cheshire West and Chester,2021-06-11,1.00,1.00,1.00,0.99,0.94,0.31,0.00,inferred
Cheshire West and Chester,2021-06-12,1.00,1.00,1.00,0.99,0.94,0.31,0.00,inferred
Cheshire West and Chester,2021-06-13,1.00,1.00,1.00,0.99,0.94,0.31,0.00,inferred
Cheshire West and Chester,2021-06-14,1.00,1.00,1.00,0.99,0.94,0.31,0.00,inferred
Cheshire West and Chester,2021-06-15,1.00,1.00,1.00,0.99,0.93,0.23,0.00,inferred
Cheshire West and Chester,2021-06-16,1.00,1.00,1.00,0.99,0.93,0.23,0.00,inferred
Cheshire West and Chester,2021-06-17,1.00,1.00,1.00,0.99,0.93,0.23,0.00,inferred
Cheshire West and Chester,2021-06-18,1.00,1.00,1.00,0.99,0.93,0.23,0.00,inferred
Cheshire West and Chester,2021-06-19,1.00,1.00,1.00,0.99,0.93,0.23,0.00,inferred
Cheshire West and Chester,2021-06-20,1.00,1.00,1.00,0.99,0.93,0.23,0.00,inferred
Cheshire West and Chester,2021-06-21,1.00,1.00,1.00,0.99,0.93,0.23,0.00,inferred
Cheshire West and Chester,2021-06-22,1.00,1.00,1.00,0.98,0.83,0.09,0.00,inferred
Cheshire West and Chester,2021-06-23,1.00,1.00,1.00,0.98,0.83,0.09,0.00,inferred
Cheshire West and Chester,2021-06-24,1.00,1.00,1.00,0.98,0.83,0.09,0.00,inferred
Cheshire West and Chester,2021-06-25,1.00,1.00,1.00,0.98,0.83,0.09,0.00,inferred
Cheshire West and Chester,2021-06-26,1.00,1.00,1.00,0.98,0.83,0.09,0.00,inferred
Cheshire West and Chester,2021-06-27,1.00,1.00,1.00,0.98,0.83,0.09,0.00,inferred
Cheshire West and Chester,2021-06-28,1.00,1.00,1.00,0.98,0.83,0.09,0.00,inferred
Cheshire West and Chester,2021-06-29,0.95,0.86,0.67,0.43,0.24,0.02,0.00,inferred
Cheshire West and Chester,2021-06-30,0.95,0.86,0.67,0.43,0.24,0.02,0.00,inferred
Cheshire West and Chester,2021-07-01,0.95,0.86,0.67,0.43,0.24,0.02,0.00,inferred
Cheshire West and Chester,2021-07-02,0.95,0.86,0.67,0.43,0.24,0.02,0.00,inferred
Cheshire West and Chester,2021-07-03,0.95,0.86,0.67,0.43,0.24,0.02,0.00,inferred
Cheshire West and Chester,2021-07-04,0.95,0.86,0.67,0.43,0.24,0.02,0.00,inferred
Cheshire West and Chester,2021-07-05,0.95,0.86,0.67,0.43,0.24,0.02,0.00,inferred
Cheshire West and Chester,2021-07-06,0.85,0.73,0.59,0.46,0.34,0.11,0.02,projected
Cheshire West and Chester,2021-07-07,0.85,0.73,0.59,0.46,0.34,0.11,0.02,projected
Cheshire West and Chester,2021-07-08,0.85,0.73,0.59,0.46,0.34,0.11,0.02,projected
Cheshire West and Chester,2021-07-09,0.85,0.73,0.59,0.46,0.34,0.11,0.02,projected
Cheshire West and Chester,2021-07-10,0.85,0.73,0.59,0.46,0.34,0.11,0.02,projected
Cheshire West and Chester,2021-07-11,0.85,0.73,0.59,0.46,0.34,0.11,0.02,projected
Cheshire West and Chester,2021-07-12,0.85,0.73,0.59,0.46,0.34,0.11,0.02,projected
Cheshire West and Chester,2021-07-13,0.83,0.71,0.60,0.48,0.38,0.17,0.04,projected
Cheshire West and Chester,2021-07-14,0.83,0.71,0.60,0.48,0.38,0.17,0.04,projected
Cheshire West and Chester,2021-07-15,0.83,0.71,0.60,0.48,0.38,0.17,0.04,projected
Cheshire West and Chester,2021-07-16,0.83,0.71,0.60,0.48,0.38,0.17,0.04,projected
Cheshire West and Chester,2021-07-17,0.83,0.71,0.60,0.48,0.38,0.17,0.04,projected
Cheshire West and Chester,2021-07-18,0.83,0.71,0.60,0.48,0.38,0.17,0.04,projected
Cheshire West and Chester,2021-07-19,0.83,0.71,0.60,0.48,0.38,0.17,0.04,projected
Cheshire West and Chester,2021-07-20,0.82,0.72,0.62,0.51,0.42,0.20,0.06,projected
Cheshire West and Chester,2021-07-21,0.82,0.72,0.62,0.51,0.42,0.20,0.06,projected
Cheshire West and Chester,2021-07-22,0.82,0.72,0.62,0.51,0.42,0.20,0.06,projected
Cheshire West and Chester,2021-07-23,0.82,0.72,0.62,0.51,0.42,0.20,0.06,projected
Cheshire West and Chester,2021-07-24,0.82,0.72,0.62,0.51,0.42,0.20,0.06,projected
Cheshire West and Chester,2021-07-25,0.82,0.72,0.62,0.51,0.42,0.20,0.06,projected
Cheshire West and Chester,2021-07-26,0.82,0.72,0.62,0.51,0.42,0.20,0.06,projected
Chesterfield,2021-03-23,0.22,0.07,0.01,0.00,0.00,0.00,0.00,inferred
Chesterfield,2021-03-24,0.22,0.07,0.01,0.00,0.00,0.00,0.00,inferred
Chesterfield,2021-03-25,0.22,0.07,0.01,0.00,0.00,0.00,0.00,inferred
Chesterfield,2021-03-26,0.22,0.07,0.01,0.00,0.00,0.00,0.00,inferred
Chesterfield,2021-03-27,0.22,0.07,0.01,0.00,0.00,0.00,0.00,inferred
Chesterfield,2021-03-28,0.22,0.07,0.01,0.00,0.00,0.00,0.00,inferred
Chesterfield,2021-03-29,0.22,0.07,0.01,0.00,0.00,0.00,0.00,inferred
Chesterfield,2021-03-30,0.55,0.29,0.13,0.04,0.01,0.00,0.00,inferred
Chesterfield,2021-03-31,0.55,0.29,0.13,0.04,0.01,0.00,0.00,inferred
Chesterfield,2021-04-01,0.55,0.29,0.13,0.04,0.01,0.00,0.00,inferred
Chesterfield,2021-04-02,0.55,0.29,0.13,0.04,0.01,0.00,0.00,inferred
Chesterfield,2021-04-03,0.55,0.29,0.13,0.04,0.01,0.00,0.00,inferred
Chesterfield,2021-04-04,0.55,0.29,0.13,0.04,0.01,0.00,0.00,inferred
Chesterfield,2021-04-05,0.55,0.29,0.13,0.04,0.01,0.00,0.00,inferred
Chesterfield,2021-04-06,0.38,0.17,0.06,0.02,0.00,0.00,0.00,inferred
Chesterfield,2021-04-07,0.38,0.17,0.06,0.02,0.00,0.00,0.00,inferred
Chesterfield,2021-04-08,0.38,0.17,0.06,0.02,0.00,0.00,0.00,inferred
Chesterfield,2021-04-09,0.38,0.17,0.06,0.02,0.00,0.00,0.00,inferred
Chesterfield,2021-04-10,0.38,0.17,0.06,0.02,0.00,0.00,0.00,inferred
Chesterfield,2021-04-11,0.38,0.17,0.06,0.02,0.00,0.00,0.00,inferred
Chesterfield,2021-04-12,0.38,0.17,0.06,0.02,0.00,0.00,0.00,inferred
Chesterfield,2021-04-13,0.16,0.07,0.02,0.01,0.00,0.00,0.00,inferred
Chesterfield,2021-04-14,0.16,0.07,0.02,0.01,0.00,0.00,0.00,inferred
Chesterfield,2021-04-15,0.16,0.07,0.02,0.01,0.00,0.00,0.00,inferred
Chesterfield,2021-04-16,0.16,0.07,0.02,0.01,0.00,0.00,0.00,inferred
Chesterfield,2021-04-17,0.16,0.07,0.02,0.01,0.00,0.00,0.00,inferred
Chesterfield,2021-04-18,0.16,0.07,0.02,0.01,0.00,0.00,0.00,inferred
Chesterfield,2021-04-19,0.16,0.07,0.02,0.01,0.00,0.00,0.00,inferred
Chesterfield,2021-04-20,0.44,0.26,0.14,0.06,0.02,0.00,0.00,inferred
Chesterfield,2021-04-21,0.44,0.26,0.14,0.06,0.02,0.00,0.00,inferred
Chesterfield,2021-04-22,0.44,0.26,0.14,0.06,0.02,0.00,0.00,inferred
Chesterfield,2021-04-23,0.44,0.26,0.14,0.06,0.02,0.00,0.00,inferred
Chesterfield,2021-04-24,0.44,0.26,0.14,0.06,0.02,0.00,0.00,inferred
Chesterfield,2021-04-25,0.44,0.26,0.14,0.06,0.02,0.00,0.00,inferred
Chesterfield,2021-04-26,0.44,0.26,0.14,0.06,0.02,0.00,0.00,inferred
Chesterfield,2021-04-27,0.82,0.67,0.51,0.33,0.20,0.03,0.00,inferred
Chesterfield,2021-04-28,0.82,0.67,0.51,0.33,0.20,0.03,0.00,inferred
Chesterfield,2021-04-29,0.82,0.67,0.51,0.33,0.20,0.03,0.00,inferred
Chesterfield,2021-04-30,0.82,0.67,0.51,0.33,0.20,0.03,0.00,inferred
Chesterfield,2021-05-01,0.82,0.67,0.51,0.33,0.20,0.03,0.00,inferred
Chesterfield,2021-05-02,0.82,0.67,0.51,0.33,0.20,0.03,0.00,inferred
Chesterfield,2021-05-03,0.82,0.67,0.51,0.33,0.20,0.03,0.00,inferred
Chesterfield,2021-05-04,0.49,0.31,0.18,0.09,0.04,0.00,0.00,inferred
Chesterfield,2021-05-05,0.49,0.31,0.18,0.09,0.04,0.00,0.00,inferred
Chesterfield,2021-05-06,0.49,0.31,0.18,0.09,0.04,0.00,0.00,inferred
Chesterfield,2021-05-07,0.49,0.31,0.18,0.09,0.04,0.00,0.00,inferred
Chesterfield,2021-05-08,0.49,0.31,0.18,0.09,0.04,0.00,0.00,inferred
Chesterfield,2021-05-09,0.49,0.31,0.18,0.09,0.04,0.00,0.00,inferred
Chesterfield,2021-05-10,0.49,0.31,0.18,0.09,0.04,0.00,0.00,inferred
Chesterfield,2021-05-11,0.68,0.51,0.34,0.21,0.13,0.01,0.00,inferred
Chesterfield,2021-05-12,0.68,0.51,0.34,0.21,0.13,0.01,0.00,inferred
Chesterfield,2021-05-13,0.68,0.51,0.34,0.21,0.13,0.01,0.00,inferred
Chesterfield,2021-05-14,0.68,0.51,0.34,0.21,0.13,0.01,0.00,inferred
Chesterfield,2021-05-15,0.68,0.51,0.34,0.21,0.13,0.01,0.00,inferred
Chesterfield,2021-05-16,0.68,0.51,0.34,0.21,0.13,0.01,0.00,inferred
Chesterfield,2021-05-17,0.68,0.51,0.34,0.21,0.13,0.01,0.00,inferred
Chesterfield,2021-05-18,0.83,0.71,0.55,0.41,0.28,0.05,0.00,inferred
Chesterfield,2021-05-19,0.83,0.71,0.55,0.41,0.28,0.05,0.00,inferred
Chesterfield,2021-05-20,0.83,0.71,0.55,0.41,0.28,0.05,0.00,inferred
Chesterfield,2021-05-21,0.83,0.71,0.55,0.41,0.28,0.05,0.00,inferred
Chesterfield,2021-05-22,0.83,0.71,0.55,0.41,0.28,0.05,0.00,inferred
Chesterfield,2021-05-23,0.83,0.71,0.55,0.41,0.28,0.05,0.00,inferred
Chesterfield,2021-05-24,0.83,0.71,0.55,0.41,0.28,0.05,0.00,inferred
Chesterfield,2021-05-25,0.95,0.89,0.81,0.69,0.54,0.21,0.02,inferred
Chesterfield,2021-05-26,0.95,0.89,0.81,0.69,0.54,0.21,0.02,inferred
Chesterfield,2021-05-27,0.95,0.89,0.81,0.69,0.54,0.21,0.02,inferred
Chesterfield,2021-05-28,0.95,0.89,0.81,0.69,0.54,0.21,0.02,inferred
Chesterfield,2021-05-29,0.95,0.89,0.81,0.69,0.54,0.21,0.02,inferred
Chesterfield,2021-05-30,0.95,0.89,0.81,0.69,0.54,0.21,0.02,inferred
Chesterfield,2021-05-31,0.95,0.89,0.81,0.69,0.54,0.21,0.02,inferred
Chesterfield,2021-06-01,1.00,1.00,1.00,0.99,0.98,0.84,0.33,inferred
Chesterfield,2021-06-02,1.00,1.00,1.00,0.99,0.98,0.84,0.33,inferred
Chesterfield,2021-06-03,1.00,1.00,1.00,0.99,0.98,0.84,0.33,inferred
Chesterfield,2021-06-04,1.00,1.00,1.00,0.99,0.98,0.84,0.33,inferred
Chesterfield,2021-06-05,1.00,1.00,1.00,0.99,0.98,0.84,0.33,inferred
Chesterfield,2021-06-06,1.00,1.00,1.00,0.99,0.98,0.84,0.33,inferred
Chesterfield,2021-06-07,1.00,1.00,1.00,0.99,0.98,0.84,0.33,inferred
Chesterfield,2021-06-08,1.00,1.00,1.00,1.00,1.00,1.00,0.85,inferred
Chesterfield,2021-06-09,1.00,1.00,1.00,1.00,1.00,1.00,0.85,inferred
Chesterfield,2021-06-10,1.00,1.00,1.00,1.00,1.00,1.00,0.85,inferred
Chesterfield,2021-06-11,1.00,1.00,1.00,1.00,1.00,1.00,0.85,inferred
Chesterfield,2021-06-12,1.00,1.00,1.00,1.00,1.00,1.00,0.85,inferred
Chesterfield,2021-06-13,1.00,1.00,1.00,1.00,1.00,1.00,0.85,inferred
Chesterfield,2021-06-14,1.00,1.00,1.00,1.00,1.00,1.00,0.85,inferred
Chesterfield,2021-06-15,1.00,1.00,1.00,1.00,1.00,0.99,0.82,inferred
Chesterfield,2021-06-16,1.00,1.00,1.00,1.00,1.00,0.99,0.82,inferred
Chesterfield,2021-06-17,1.00,1.00,1.00,1.00,1.00,0.99,0.82,inferred
Chesterfield,2021-06-18,1.00,1.00,1.00,1.00,1.00,0.99,0.82,inferred
Chesterfield,2021-06-19,1.00,1.00,1.00,1.00,1.00,0.99,0.82,inferred
Chesterfield,2021-06-20,1.00,1.00,1.00,1.00,1.00,0.99,0.82,inferred
Chesterfield,2021-06-21,1.00,1.00,1.00,1.00,1.00,0.99,0.82,inferred
Chesterfield,2021-06-22,1.00,1.00,1.00,1.00,1.00,0.86,0.23,inferred
Chesterfield,2021-06-23,1.00,1.00,1.00,1.00,1.00,0.86,0.23,inferred
Chesterfield,2021-06-24,1.00,1.00,1.00,1.00,1.00,0.86,0.23,inferred
Chesterfield,2021-06-25,1.00,1.00,1.00,1.00,1.00,0.86,0.23,inferred
Chesterfield,2021-06-26,1.00,1.00,1.00,1.00,1.00,0.86,0.23,inferred
Chesterfield,2021-06-27,1.00,1.00,1.00,1.00,1.00,0.86,0.23,inferred
Chesterfield,2021-06-28,1.00,1.00,1.00,1.00,1.00,0.86,0.23,inferred
Chesterfield,2021-06-29,1.00,1.00,1.00,0.99,0.96,0.71,0.16,inferred
Chesterfield,2021-06-30,1.00,1.00,1.00,0.99,0.96,0.71,0.16,inferred
Chesterfield,2021-07-01,1.00,1.00,1.00,0.99,0.96,0.71,0.16,inferred
Chesterfield,2021-07-02,1.00,1.00,1.00,0.99,0.96,0.71,0.16,inferred
Chesterfield,2021-07-03,1.00,1.00,1.00,0.99,0.96,0.71,0.16,inferred
Chesterfield,2021-07-04,1.00,1.00,1.00,0.99,0.96,0.71,0.16,inferred
Chesterfield,2021-07-05,1.00,1.00,1.00,0.99,0.96,0.71,0.16,inferred
Chesterfield,2021-07-06,0.99,0.97,0.95,0.88,0.81,0.57,0.21,projected
Chesterfield,2021-07-07,0.99,0.97,0.95,0.88,0.81,0.57,0.21,projected
Chesterfield,2021-07-08,0.99,0.97,0.95,0.88,0.81,0.57,0.21,projected
Chesterfield,2021-07-09,0.99,0.97,0.95,0.88,0.81,0.57,0.21,projected
Chesterfield,2021-07-10,0.99,0.97,0.95,0.88,0.81,0.57,0.21,projected
Chesterfield,2021-07-11,0.99,0.97,0.95,0.88,0.81,0.57,0.21,projected
Chesterfield,2021-07-12,0.99,0.97,0.95,0.88,0.81,0.57,0.21,projected
Chesterfield,2021-07-13,0.97,0.94,0.89,0.83,0.76,0.52,0.22,projected
Chesterfield,2021-07-14,0.97,0.94,0.89,0.83,0.76,0.52,0.22,projected
Chesterfield,2021-07-15,0.97,0.94,0.89,0.83,0.76,0.52,0.22,projected
Chesterfield,2021-07-16,0.97,0.94,0.89,0.83,0.76,0.52,0.22,projected
Chesterfield,2021-07-17,0.97,0.94,0.89,0.83,0.76,0.52,0.22,projected
Chesterfield,2021-07-18,0.97,0.94,0.89,0.83,0.76,0.52,0.22,projected
Chesterfield,2021-07-19,0.97,0.94,0.89,0.83,0.76,0.52,0.22,projected
Chesterfield,2021-07-20,0.97,0.93,0.89,0.83,0.74,0.49,0.22,projected
Chesterfield,2021-07-21,0.97,0.93,0.89,0.83,0.74,0.49,0.22,projected
Chesterfield,2021-07-22,0.97,0.93,0.89,0.83,0.74,0.49,0.22,projected
Chesterfield,2021-07-23,0.97,0.93,0.89,0.83,0.74,0.49,0.22,projected
Chesterfield,2021-07-24,0.97,0.93,0.89,0.83,0.74,0.49,0.22,projected
Chesterfield,2021-07-25,0.97,0.93,0.89,0.83,0.74,0.49,0.22,projected
Chesterfield,2021-07-26,0.97,0.93,0.89,0.83,0.74,0.49,0.22,projected
Chichester,2021-03-23,0.10,0.02,0.00,0.00,0.00,0.00,0.00,inferred
Chichester,2021-03-24,0.10,0.02,0.00,0.00,0.00,0.00,0.00,inferred
Chichester,2021-03-25,0.10,0.02,0.00,0.00,0.00,0.00,0.00,inferred
Chichester,2021-03-26,0.10,0.02,0.00,0.00,0.00,0.00,0.00,inferred
Chichester,2021-03-27,0.10,0.02,0.00,0.00,0.00,0.00,0.00,inferred
Chichester,2021-03-28,0.10,0.02,0.00,0.00,0.00,0.00,0.00,inferred
Chichester,2021-03-29,0.10,0.02,0.00,0.00,0.00,0.00,0.00,inferred
Chichester,2021-03-30,0.35,0.17,0.07,0.03,0.01,0.00,0.00,inferred
Chichester,2021-03-31,0.35,0.17,0.07,0.03,0.01,0.00,0.00,inferred
Chichester,2021-04-01,0.35,0.17,0.07,0.03,0.01,0.00,0.00,inferred
Chichester,2021-04-02,0.35,0.17,0.07,0.03,0.01,0.00,0.00,inferred
Chichester,2021-04-03,0.35,0.17,0.07,0.03,0.01,0.00,0.00,inferred
Chichester,2021-04-04,0.35,0.17,0.07,0.03,0.01,0.00,0.00,inferred
Chichester,2021-04-05,0.35,0.17,0.07,0.03,0.01,0.00,0.00,inferred
Chichester,2021-04-06,0.74,0.55,0.36,0.21,0.10,0.00,0.00,inferred
Chichester,2021-04-07,0.74,0.55,0.36,0.21,0.10,0.00,0.00,inferred
Chichester,2021-04-08,0.74,0.55,0.36,0.21,0.10,0.00,0.00,inferred
Chichester,2021-04-09,0.74,0.55,0.36,0.21,0.10,0.00,0.00,inferred
Chichester,2021-04-10,0.74,0.55,0.36,0.21,0.10,0.00,0.00,inferred
Chichester,2021-04-11,0.74,0.55,0.36,0.21,0.10,0.00,0.00,inferred
Chichester,2021-04-12,0.74,0.55,0.36,0.21,0.10,0.00,0.00,inferred
Chichester,2021-04-13,0.88,0.76,0.60,0.43,0.26,0.04,0.00,inferred
Chichester,2021-04-14,0.88,0.76,0.60,0.43,0.26,0.04,0.00,inferred
Chichester,2021-04-15,0.88,0.76,0.60,0.43,0.26,0.04,0.00,inferred
Chichester,2021-04-16,0.88,0.76,0.60,0.43,0.26,0.04,0.00,inferred
Chichester,2021-04-17,0.88,0.76,0.60,0.43,0.26,0.04,0.00,inferred
Chichester,2021-04-18,0.88,0.76,0.60,0.43,0.26,0.04,0.00,inferred
Chichester,2021-04-19,0.88,0.76,0.60,0.43,0.26,0.04,0.00,inferred
Chichester,2021-04-20,0.80,0.62,0.42,0.24,0.13,0.01,0.00,inferred
Chichester,2021-04-21,0.80,0.62,0.42,0.24,0.13,0.01,0.00,inferred
Chichester,2021-04-22,0.80,0.62,0.42,0.24,0.13,0.01,0.00,inferred
Chichester,2021-04-23,0.80,0.62,0.42,0.24,0.13,0.01,0.00,inferred
Chichester,2021-04-24,0.80,0.62,0.42,0.24,0.13,0.01,0.00,inferred
Chichester,2021-04-25,0.80,0.62,0.42,0.24,0.13,0.01,0.00,inferred
Chichester,2021-04-26,0.80,0.62,0.42,0.24,0.13,0.01,0.00,inferred
Chichester,2021-04-27,0.56,0.36,0.18,0.09,0.03,0.00,0.00,inferred
Chichester,2021-04-28,0.56,0.36,0.18,0.09,0.03,0.00,0.00,inferred
Chichester,2021-04-29,0.56,0.36,0.18,0.09,0.03,0.00,0.00,inferred
Chichester,2021-04-30,0.56,0.36,0.18,0.09,0.03,0.00,0.00,inferred
Chichester,2021-05-01,0.56,0.36,0.18,0.09,0.03,0.00,0.00,inferred
Chichester,2021-05-02,0.56,0.36,0.18,0.09,0.03,0.00,0.00,inferred
Chichester,2021-05-03,0.56,0.36,0.18,0.09,0.03,0.00,0.00,inferred
Chichester,2021-05-04,0.30,0.17,0.07,0.02,0.01,0.00,0.00,inferred
Chichester,2021-05-05,0.30,0.17,0.07,0.02,0.01,0.00,0.00,inferred
Chichester,2021-05-06,0.30,0.17,0.07,0.02,0.01,0.00,0.00,inferred
Chichester,2021-05-07,0.30,0.17,0.07,0.02,0.01,0.00,0.00,inferred
Chichester,2021-05-08,0.30,0.17,0.07,0.02,0.01,0.00,0.00,inferred
Chichester,2021-05-09,0.30,0.17,0.07,0.02,0.01,0.00,0.00,inferred
Chichester,2021-05-10,0.30,0.17,0.07,0.02,0.01,0.00,0.00,inferred
Chichester,2021-05-11,0.52,0.34,0.19,0.10,0.05,0.01,0.00,inferred
Chichester,2021-05-12,0.52,0.34,0.19,0.10,0.05,0.01,0.00,inferred
Chichester,2021-05-13,0.52,0.34,0.19,0.10,0.05,0.01,0.00,inferred
Chichester,2021-05-14,0.52,0.34,0.19,0.10,0.05,0.01,0.00,inferred
Chichester,2021-05-15,0.52,0.34,0.19,0.10,0.05,0.01,0.00,inferred
Chichester,2021-05-16,0.52,0.34,0.19,0.10,0.05,0.01,0.00,inferred
Chichester,2021-05-17,0.52,0.34,0.19,0.10,0.05,0.01,0.00,inferred
Chichester,2021-05-18,0.95,0.88,0.79,0.67,0.54,0.19,0.01,inferred
Chichester,2021-05-19,0.95,0.88,0.79,0.67,0.54,0.19,0.01,inferred
Chichester,2021-05-20,0.95,0.88,0.79,0.67,0.54,0.19,0.01,inferred
Chichester,2021-05-21,0.95,0.88,0.79,0.67,0.54,0.19,0.01,inferred
Chichester,2021-05-22,0.95,0.88,0.79,0.67,0.54,0.19,0.01,inferred
Chichester,2021-05-23,0.95,0.88,0.79,0.67,0.54,0.19,0.01,inferred
Chichester,2021-05-24,0.95,0.88,0.79,0.67,0.54,0.19,0.01,inferred
Chichester,2021-05-25,1.00,1.00,0.99,0.99,0.98,0.85,0.37,inferred
Chichester,2021-05-26,1.00,1.00,0.99,0.99,0.98,0.85,0.37,inferred
Chichester,2021-05-27,1.00,1.00,0.99,0.99,0.98,0.85,0.37,inferred
Chichester,2021-05-28,1.00,1.00,0.99,0.99,0.98,0.85,0.37,inferred
Chichester,2021-05-29,1.00,1.00,0.99,0.99,0.98,0.85,0.37,inferred
Chichester,2021-05-30,1.00,1.00,0.99,0.99,0.98,0.85,0.37,inferred
Chichester,2021-05-31,1.00,1.00,0.99,0.99,0.98,0.85,0.37,inferred
Chichester,2021-06-01,1.00,1.00,1.00,1.00,1.00,0.99,0.81,inferred
Chichester,2021-06-02,1.00,1.00,1.00,1.00,1.00,0.99,0.81,inferred
Chichester,2021-06-03,1.00,1.00,1.00,1.00,1.00,0.99,0.81,inferred
Chichester,2021-06-04,1.00,1.00,1.00,1.00,1.00,0.99,0.81,inferred
Chichester,2021-06-05,1.00,1.00,1.00,1.00,1.00,0.99,0.81,inferred
Chichester,2021-06-06,1.00,1.00,1.00,1.00,1.00,0.99,0.81,inferred
Chichester,2021-06-07,1.00,1.00,1.00,1.00,1.00,0.99,0.81,inferred
Chichester,2021-06-08,1.00,1.00,1.00,0.98,0.94,0.63,0.09,inferred
Chichester,2021-06-09,1.00,1.00,1.00,0.98,0.94,0.63,0.09,inferred
Chichester,2021-06-10,1.00,1.00,1.00,0.98,0.94,0.63,0.09,inferred
Chichester,2021-06-11,1.00,1.00,1.00,0.98,0.94,0.63,0.09,inferred
Chichester,2021-06-12,1.00,1.00,1.00,0.98,0.94,0.63,0.09,inferred
Chichester,2021-06-13,1.00,1.00,1.00,0.98,0.94,0.63,0.09,inferred
Chichester,2021-06-14,1.00,1.00,1.00,0.98,0.94,0.63,0.09,inferred
Chichester,2021-06-15,1.00,1.00,1.00,1.00,0.97,0.53,0.02,inferred
Chichester,2021-06-16,1.00,1.00,1.00,1.00,0.97,0.53,0.02,inferred
Chichester,2021-06-17,1.00,1.00,1.00,1.00,0.97,0.53,0.02,inferred
Chichester,2021-06-18,1.00,1.00,1.00,1.00,0.97,0.53,0.02,inferred
Chichester,2021-06-19,1.00,1.00,1.00,1.00,0.97,0.53,0.02,inferred
Chichester,2021-06-20,1.00,1.00,1.00,1.00,0.97,0.53,0.02,inferred
Chichester,2021-06-21,1.00,1.00,1.00,1.00,0.97,0.53,0.02,inferred
Chichester,2021-06-22,1.00,1.00,1.00,1.00,1.00,0.91,0.18,inferred
Chichester,2021-06-23,1.00,1.00,1.00,1.00,1.00,0.91,0.18,inferred
Chichester,2021-06-24,1.00,1.00,1.00,1.00,1.00,0.91,0.18,inferred
Chichester,2021-06-25,1.00,1.00,1.00,1.00,1.00,0.91,0.18,inferred
Chichester,2021-06-26,1.00,1.00,1.00,1.00,1.00,0.91,0.18,inferred
Chichester,2021-06-27,1.00,1.00,1.00,1.00,1.00,0.91,0.18,inferred
Chichester,2021-06-28,1.00,1.00,1.00,1.00,1.00,0.91,0.18,inferred
Chichester,2021-06-29,1.00,1.00,1.00,0.99,0.97,0.72,0.17,inferred
Chichester,2021-06-30,1.00,1.00,1.00,0.99,0.97,0.72,0.17,inferred
Chichester,2021-07-01,1.00,1.00,1.00,0.99,0.97,0.72,0.17,inferred
Chichester,2021-07-02,1.00,1.00,1.00,0.99,0.97,0.72,0.17,inferred
Chichester,2021-07-03,1.00,1.00,1.00,0.99,0.97,0.72,0.17,inferred
Chichester,2021-07-04,1.00,1.00,1.00,0.99,0.97,0.72,0.17,inferred
Chichester,2021-07-05,1.00,1.00,1.00,0.99,0.97,0.72,0.17,inferred
Chichester,2021-07-06,1.00,0.99,0.96,0.92,0.85,0.59,0.20,projected
Chichester,2021-07-07,1.00,0.99,0.96,0.92,0.85,0.59,0.20,projected
Chichester,2021-07-08,1.00,0.99,0.96,0.92,0.85,0.59,0.20,projected
Chichester,2021-07-09,1.00,0.99,0.96,0.92,0.85,0.59,0.20,projected
Chichester,2021-07-10,1.00,0.99,0.96,0.92,0.85,0.59,0.20,projected
Chichester,2021-07-11,1.00,0.99,0.96,0.92,0.85,0.59,0.20,projected
Chichester,2021-07-12,1.00,0.99,0.96,0.92,0.85,0.59,0.20,projected
Chichester,2021-07-13,0.99,0.97,0.93,0.88,0.81,0.58,0.22,projected
Chichester,2021-07-14,0.99,0.97,0.93,0.88,0.81,0.58,0.22,projected
Chichester,2021-07-15,0.99,0.97,0.93,0.88,0.81,0.58,0.22,projected
Chichester,2021-07-16,0.99,0.97,0.93,0.88,0.81,0.58,0.22,projected
Chichester,2021-07-17,0.99,0.97,0.93,0.88,0.81,0.58,0.22,projected
Chichester,2021-07-18,0.99,0.97,0.93,0.88,0.81,0.58,0.22,projected
Chichester,2021-07-19,0.99,0.97,0.93,0.88,0.81,0.58,0.22,projected
Chichester,2021-07-20,0.98,0.95,0.91,0.85,0.79,0.54,0.25,projected
Chichester,2021-07-21,0.98,0.95,0.91,0.85,0.79,0.54,0.25,projected
Chichester,2021-07-22,0.98,0.95,0.91,0.85,0.79,0.54,0.25,projected
Chichester,2021-07-23,0.98,0.95,0.91,0.85,0.79,0.54,0.25,projected
Chichester,2021-07-24,0.98,0.95,0.91,0.85,0.79,0.54,0.25,projected
Chichester,2021-07-25,0.98,0.95,0.91,0.85,0.79,0.54,0.25,projected
Chichester,2021-07-26,0.98,0.95,0.91,0.85,0.79,0.54,0.25,projected
Chorley,2021-03-23,0.32,0.10,0.02,0.00,0.00,0.00,0.00,inferred
Chorley,2021-03-24,0.32,0.10,0.02,0.00,0.00,0.00,0.00,inferred
Chorley,2021-03-25,0.32,0.10,0.02,0.00,0.00,0.00,0.00,inferred
Chorley,2021-03-26,0.32,0.10,0.02,0.00,0.00,0.00,0.00,inferred
Chorley,2021-03-27,0.32,0.10,0.02,0.00,0.00,0.00,0.00,inferred
Chorley,2021-03-28,0.32,0.10,0.02,0.00,0.00,0.00,0.00,inferred
Chorley,2021-03-29,0.32,0.10,0.02,0.00,0.00,0.00,0.00,inferred
Chorley,2021-03-30,0.41,0.17,0.05,0.01,0.00,0.00,0.00,inferred
Chorley,2021-03-31,0.41,0.17,0.05,0.01,0.00,0.00,0.00,inferred
Chorley,2021-04-01,0.41,0.17,0.05,0.01,0.00,0.00,0.00,inferred
Chorley,2021-04-02,0.41,0.17,0.05,0.01,0.00,0.00,0.00,inferred
Chorley,2021-04-03,0.41,0.17,0.05,0.01,0.00,0.00,0.00,inferred
Chorley,2021-04-04,0.41,0.17,0.05,0.01,0.00,0.00,0.00,inferred
Chorley,2021-04-05,0.41,0.17,0.05,0.01,0.00,0.00,0.00,inferred
Chorley,2021-04-06,0.15,0.06,0.02,0.00,0.00,0.00,0.00,inferred
Chorley,2021-04-07,0.15,0.06,0.02,0.00,0.00,0.00,0.00,inferred
Chorley,2021-04-08,0.15,0.06,0.02,0.00,0.00,0.00,0.00,inferred
Chorley,2021-04-09,0.15,0.06,0.02,0.00,0.00,0.00,0.00,inferred
Chorley,2021-04-10,0.15,0.06,0.02,0.00,0.00,0.00,0.00,inferred
Chorley,2021-04-11,0.15,0.06,0.02,0.00,0.00,0.00,0.00,inferred
Chorley,2021-04-12,0.15,0.06,0.02,0.00,0.00,0.00,0.00,inferred
Chorley,2021-04-13,0.75,0.53,0.31,0.15,0.06,0.00,0.00,inferred
Chorley,2021-04-14,0.75,0.53,0.31,0.15,0.06,0.00,0.00,inferred
Chorley,2021-04-15,0.75,0.53,0.31,0.15,0.06,0.00,0.00,inferred
Chorley,2021-04-16,0.75,0.53,0.31,0.15,0.06,0.00,0.00,inferred
Chorley,2021-04-17,0.75,0.53,0.31,0.15,0.06,0.00,0.00,inferred
Chorley,2021-04-18,0.75,0.53,0.31,0.15,0.06,0.00,0.00,inferred
Chorley,2021-04-19,0.75,0.53,0.31,0.15,0.06,0.00,0.00,inferred
Chorley,2021-04-20,0.87,0.71,0.48,0.29,0.16,0.01,0.00,inferred
Chorley,2021-04-21,0.87,0.71,0.48,0.29,0.16,0.01,0.00,inferred
Chorley,2021-04-22,0.87,0.71,0.48,0.29,0.16,0.01,0.00,inferred
Chorley,2021-04-23,0.87,0.71,0.48,0.29,0.16,0.01,0.00,inferred
Chorley,2021-04-24,0.87,0.71,0.48,0.29,0.16,0.01,0.00,inferred
Chorley,2021-04-25,0.87,0.71,0.48,0.29,0.16,0.01,0.00,inferred
Chorley,2021-04-26,0.87,0.71,0.48,0.29,0.16,0.01,0.00,inferred
Chorley,2021-04-27,0.97,0.90,0.78,0.60,0.39,0.06,0.00,inferred
Chorley,2021-04-28,0.97,0.90,0.78,0.60,0.39,0.06,0.00,inferred
Chorley,2021-04-29,0.97,0.90,0.78,0.60,0.39,0.06,0.00,inferred
Chorley,2021-04-30,0.97,0.90,0.78,0.60,0.39,0.06,0.00,inferred
Chorley,2021-05-01,0.97,0.90,0.78,0.60,0.39,0.06,0.00,inferred
Chorley,2021-05-02,0.97,0.90,0.78,0.60,0.39,0.06,0.00,inferred
Chorley,2021-05-03,0.97,0.90,0.78,0.60,0.39,0.06,0.00,inferred
Chorley,2021-05-04,1.00,1.00,0.98,0.92,0.81,0.31,0.01,inferred
Chorley,2021-05-05,1.00,1.00,0.98,0.92,0.81,0.31,0.01,inferred
Chorley,2021-05-06,1.00,1.00,0.98,0.92,0.81,0.31,0.01,inferred
Chorley,2021-05-07,1.00,1.00,0.98,0.92,0.81,0.31,0.01,inferred
Chorley,2021-05-08,1.00,1.00,0.98,0.92,0.81,0.31,0.01,inferred
Chorley,2021-05-09,1.00,1.00,0.98,0.92,0.81,0.31,0.01,inferred
Chorley,2021-05-10,1.00,1.00,0.98,0.92,0.81,0.31,0.01,inferred
Chorley,2021-05-11,1.00,1.00,0.99,0.97,0.88,0.38,0.01,inferred
Chorley,2021-05-12,1.00,1.00,0.99,0.97,0.88,0.38,0.01,inferred
Chorley,2021-05-13,1.00,1.00,0.99,0.97,0.88,0.38,0.01,inferred
Chorley,2021-05-14,1.00,1.00,0.99,0.97,0.88,0.38,0.01,inferred
Chorley,2021-05-15,1.00,1.00,0.99,0.97,0.88,0.38,0.01,inferred
Chorley,2021-05-16,1.00,1.00,0.99,0.97,0.88,0.38,0.01,inferred
Chorley,2021-05-17,1.00,1.00,0.99,0.97,0.88,0.38,0.01,inferred
Chorley,2021-05-18,1.00,1.00,1.00,1.00,0.98,0.72,0.08,inferred
Chorley,2021-05-19,1.00,1.00,1.00,1.00,0.98,0.72,0.08,inferred
Chorley,2021-05-20,1.00,1.00,1.00,1.00,0.98,0.72,0.08,inferred
Chorley,2021-05-21,1.00,1.00,1.00,1.00,0.98,0.72,0.08,inferred
Chorley,2021-05-22,1.00,1.00,1.00,1.00,0.98,0.72,0.08,inferred
Chorley,2021-05-23,1.00,1.00,1.00,1.00,0.98,0.72,0.08,inferred
Chorley,2021-05-24,1.00,1.00,1.00,1.00,0.98,0.72,0.08,inferred
Chorley,2021-05-25,1.00,1.00,1.00,1.00,1.00,0.97,0.44,inferred
Chorley,2021-05-26,1.00,1.00,1.00,1.00,1.00,0.97,0.44,inferred
Chorley,2021-05-27,1.00,1.00,1.00,1.00,1.00,0.97,0.44,inferred
Chorley,2021-05-28,1.00,1.00,1.00,1.00,1.00,0.97,0.44,inferred
Chorley,2021-05-29,1.00,1.00,1.00,1.00,1.00,0.97,0.44,inferred
Chorley,2021-05-30,1.00,1.00,1.00,1.00,1.00,0.97,0.44,inferred
Chorley,2021-05-31,1.00,1.00,1.00,1.00,1.00,0.97,0.44,inferred
Chorley,2021-06-01,1.00,1.00,1.00,0.95,0.81,0.20,0.00,inferred
Chorley,2021-06-02,1.00,1.00,1.00,0.95,0.81,0.20,0.00,inferred
Chorley,2021-06-03,1.00,1.00,1.00,0.95,0.81,0.20,0.00,inferred
Chorley,2021-06-04,1.00,1.00,1.00,0.95,0.81,0.20,0.00,inferred
Chorley,2021-06-05,1.00,1.00,1.00,0.95,0.81,0.20,0.00,inferred
Chorley,2021-06-06,1.00,1.00,1.00,0.95,0.81,0.20,0.00,inferred
Chorley,2021-06-07,1.00,1.00,1.00,0.95,0.81,0.20,0.00,inferred
Chorley,2021-06-08,1.00,1.00,0.99,0.93,0.72,0.08,0.00,inferred
Chorley,2021-06-09,1.00,1.00,0.99,0.93,0.72,0.08,0.00,inferred
Chorley,2021-06-10,1.00,1.00,0.99,0.93,0.72,0.08,0.00,inferred
Chorley,2021-06-11,1.00,1.00,0.99,0.93,0.72,0.08,0.00,inferred
Chorley,2021-06-12,1.00,1.00,0.99,0.93,0.72,0.08,0.00,inferred
Chorley,2021-06-13,1.00,1.00,0.99,0.93,0.72,0.08,0.00,inferred
Chorley,2021-06-14,1.00,1.00,0.99,0.93,0.72,0.08,0.00,inferred
Chorley,2021-06-15,1.00,1.00,0.95,0.73,0.35,0.00,0.00,inferred
Chorley,2021-06-16,1.00,1.00,0.95,0.73,0.35,0.00,0.00,inferred
Chorley,2021-06-17,1.00,1.00,0.95,0.73,0.35,0.00,0.00,inferred
Chorley,2021-06-18,1.00,1.00,0.95,0.73,0.35,0.00,0.00,inferred
Chorley,2021-06-19,1.00,1.00,0.95,0.73,0.35,0.00,0.00,inferred
Chorley,2021-06-20,1.00,1.00,0.95,0.73,0.35,0.00,0.00,inferred
Chorley,2021-06-21,1.00,1.00,0.95,0.73,0.35,0.00,0.00,inferred
Chorley,2021-06-22,1.00,0.98,0.81,0.45,0.14,0.00,0.00,inferred
Chorley,2021-06-23,1.00,0.98,0.81,0.45,0.14,0.00,0.00,inferred
Chorley,2021-06-24,1.00,0.98,0.81,0.45,0.14,0.00,0.00,inferred
Chorley,2021-06-25,1.00,0.98,0.81,0.45,0.14,0.00,0.00,inferred
Chorley,2021-06-26,1.00,0.98,0.81,0.45,0.14,0.00,0.00,inferred
Chorley,2021-06-27,1.00,0.98,0.81,0.45,0.14,0.00,0.00,inferred
Chorley,2021-06-28,1.00,0.98,0.81,0.45,0.14,0.00,0.00,inferred
Chorley,2021-06-29,0.21,0.06,0.01,0.00,0.00,0.00,0.00,inferred
Chorley,2021-06-30,0.21,0.06,0.01,0.00,0.00,0.00,0.00,inferred
Chorley,2021-07-01,0.21,0.06,0.01,0.00,0.00,0.00,0.00,inferred
Chorley,2021-07-02,0.21,0.06,0.01,0.00,0.00,0.00,0.00,inferred
Chorley,2021-07-03,0.21,0.06,0.01,0.00,0.00,0.00,0.00,inferred
Chorley,2021-07-04,0.21,0.06,0.01,0.00,0.00,0.00,0.00,inferred
Chorley,2021-07-05,0.21,0.06,0.01,0.00,0.00,0.00,0.00,inferred
Chorley,2021-07-06,0.40,0.25,0.14,0.09,0.05,0.01,0.00,projected
Chorley,2021-07-07,0.40,0.25,0.14,0.09,0.05,0.01,0.00,projected
Chorley,2021-07-08,0.40,0.25,0.14,0.09,0.05,0.01,0.00,projected
Chorley,2021-07-09,0.40,0.25,0.14,0.09,0.05,0.01,0.00,projected
Chorley,2021-07-10,0.40,0.25,0.14,0.09,0.05,0.01,0.00,projected
Chorley,2021-07-11,0.40,0.25,0.14,0.09,0.05,0.01,0.00,projected
Chorley,2021-07-12,0.40,0.25,0.14,0.09,0.05,0.01,0.00,projected
Chorley,2021-07-13,0.50,0.36,0.26,0.17,0.11,0.03,0.01,projected
Chorley,2021-07-14,0.50,0.36,0.26,0.17,0.11,0.03,0.01,projected
Chorley,2021-07-15,0.50,0.36,0.26,0.17,0.11,0.03,0.01,projected
Chorley,2021-07-16,0.50,0.36,0.26,0.17,0.11,0.03,0.01,projected
Chorley,2021-07-17,0.50,0.36,0.26,0.17,0.11,0.03,0.01,projected
Chorley,2021-07-18,0.50,0.36,0.26,0.17,0.11,0.03,0.01,projected
Chorley,2021-07-19,0.50,0.36,0.26,0.17,0.11,0.03,0.01,projected
Chorley,2021-07-20,0.59,0.46,0.33,0.25,0.18,0.07,0.02,projected
Chorley,2021-07-21,0.59,0.46,0.33,0.25,0.18,0.07,0.02,projected
Chorley,2021-07-22,0.59,0.46,0.33,0.25,0.18,0.07,0.02,projected
Chorley,2021-07-23,0.59,0.46,0.33,0.25,0.18,0.07,0.02,projected
Chorley,2021-07-24,0.59,0.46,0.33,0.25,0.18,0.07,0.02,projected
Chorley,2021-07-25,0.59,0.46,0.33,0.25,0.18,0.07,0.02,projected
Chorley,2021-07-26,0.59,0.46,0.33,0.25,0.18,0.07,0.02,projected
City of Edinburgh,2021-03-23,0.34,0.12,0.03,0.00,0.00,0.00,0.00,inferred
City of Edinburgh,2021-03-24,0.34,0.12,0.03,0.00,0.00,0.00,0.00,inferred
City of Edinburgh,2021-03-25,0.34,0.12,0.03,0.00,0.00,0.00,0.00,inferred
City of Edinburgh,2021-03-26,0.34,0.12,0.03,0.00,0.00,0.00,0.00,inferred
City of Edinburgh,2021-03-27,0.34,0.12,0.03,0.00,0.00,0.00,0.00,inferred
City of Edinburgh,2021-03-28,0.34,0.12,0.03,0.00,0.00,0.00,0.00,inferred
City of Edinburgh,2021-03-29,0.34,0.12,0.03,0.00,0.00,0.00,0.00,inferred
City of Edinburgh,2021-03-30,0.09,0.02,0.00,0.00,0.00,0.00,0.00,inferred
City of Edinburgh,2021-03-31,0.09,0.02,0.00,0.00,0.00,0.00,0.00,inferred
City of Edinburgh,2021-04-01,0.09,0.02,0.00,0.00,0.00,0.00,0.00,inferred
City of Edinburgh,2021-04-02,0.09,0.02,0.00,0.00,0.00,0.00,0.00,inferred
City of Edinburgh,2021-04-03,0.09,0.02,0.00,0.00,0.00,0.00,0.00,inferred
City of Edinburgh,2021-04-04,0.09,0.02,0.00,0.00,0.00,0.00,0.00,inferred
City of Edinburgh,2021-04-05,0.09,0.02,0.00,0.00,0.00,0.00,0.00,inferred
City of Edinburgh,2021-04-06,0.25,0.11,0.04,0.01,0.00,0.00,0.00,inferred
City of Edinburgh,2021-04-07,0.25,0.11,0.04,0.01,0.00,0.00,0.00,inferred
City of Edinburgh,2021-04-08,0.25,0.11,0.04,0.01,0.00,0.00,0.00,inferred
City of Edinburgh,2021-04-09,0.25,0.11,0.04,0.01,0.00,0.00,0.00,inferred
City of Edinburgh,2021-04-10,0.25,0.11,0.04,0.01,0.00,0.00,0.00,inferred
City of Edinburgh,2021-04-11,0.25,0.11,0.04,0.01,0.00,0.00,0.00,inferred
City of Edinburgh,2021-04-12,0.25,0.11,0.04,0.01,0.00,0.00,0.00,inferred
City of Edinburgh,2021-04-13,0.67,0.45,0.29,0.15,0.06,0.00,0.00,inferred
City of Edinburgh,2021-04-14,0.67,0.45,0.29,0.15,0.06,0.00,0.00,inferred
City of Edinburgh,2021-04-15,0.67,0.45,0.29,0.15,0.06,0.00,0.00,inferred
City of Edinburgh,2021-04-16,0.67,0.45,0.29,0.15,0.06,0.00,0.00,inferred
City of Edinburgh,2021-04-17,0.67,0.45,0.29,0.15,0.06,0.00,0.00,inferred
City of Edinburgh,2021-04-18,0.67,0.45,0.29,0.15,0.06,0.00,0.00,inferred
City of Edinburgh,2021-04-19,0.67,0.45,0.29,0.15,0.06,0.00,0.00,inferred
City of Edinburgh,2021-04-20,0.75,0.53,0.32,0.16,0.08,0.00,0.00,inferred
City of Edinburgh,2021-04-21,0.75,0.53,0.32,0.16,0.08,0.00,0.00,inferred
City of Edinburgh,2021-04-22,0.75,0.53,0.32,0.16,0.08,0.00,0.00,inferred
City of Edinburgh,2021-04-23,0.75,0.53,0.32,0.16,0.08,0.00,0.00,inferred
City of Edinburgh,2021-04-24,0.75,0.53,0.32,0.16,0.08,0.00,0.00,inferred
City of Edinburgh,2021-04-25,0.75,0.53,0.32,0.16,0.08,0.00,0.00,inferred
City of Edinburgh,2021-04-26,0.75,0.53,0.32,0.16,0.08,0.00,0.00,inferred
City of Edinburgh,2021-04-27,0.84,0.67,0.47,0.31,0.17,0.02,0.00,inferred
City of Edinburgh,2021-04-28,0.84,0.67,0.47,0.31,0.17,0.02,0.00,inferred
City of Edinburgh,2021-04-29,0.84,0.67,0.47,0.31,0.17,0.02,0.00,inferred
City of Edinburgh,2021-04-30,0.84,0.67,0.47,0.31,0.17,0.02,0.00,inferred
City of Edinburgh,2021-05-01,0.84,0.67,0.47,0.31,0.17,0.02,0.00,inferred
City of Edinburgh,2021-05-02,0.84,0.67,0.47,0.31,0.17,0.02,0.00,inferred
City of Edinburgh,2021-05-03,0.84,0.67,0.47,0.31,0.17,0.02,0.00,inferred
City of Edinburgh,2021-05-04,0.98,0.94,0.85,0.72,0.57,0.15,0.00,inferred
City of Edinburgh,2021-05-05,0.98,0.94,0.85,0.72,0.57,0.15,0.00,inferred
City of Edinburgh,2021-05-06,0.98,0.94,0.85,0.72,0.57,0.15,0.00,inferred
City of Edinburgh,2021-05-07,0.98,0.94,0.85,0.72,0.57,0.15,0.00,inferred
City of Edinburgh,2021-05-08,0.98,0.94,0.85,0.72,0.57,0.15,0.00,inferred
City of Edinburgh,2021-05-09,0.98,0.94,0.85,0.72,0.57,0.15,0.00,inferred
City of Edinburgh,2021-05-10,0.98,0.94,0.85,0.72,0.57,0.15,0.00,inferred
City of Edinburgh,2021-05-11,1.00,0.99,0.96,0.90,0.78,0.36,0.03,inferred
City of Edinburgh,2021-05-12,1.00,0.99,0.96,0.90,0.78,0.36,0.03,inferred
City of Edinburgh,2021-05-13,1.00,0.99,0.96,0.90,0.78,0.36,0.03,inferred
City of Edinburgh,2021-05-14,1.00,0.99,0.96,0.90,0.78,0.36,0.03,inferred
City of Edinburgh,2021-05-15,1.00,0.99,0.96,0.90,0.78,0.36,0.03,inferred
City of Edinburgh,2021-05-16,1.00,0.99,0.96,0.90,0.78,0.36,0.03,inferred
City of Edinburgh,2021-05-17,1.00,0.99,0.96,0.90,0.78,0.36,0.03,inferred
City of Edinburgh,2021-05-18,1.00,1.00,1.00,0.99,0.97,0.73,0.14,inferred
City of Edinburgh,2021-05-19,1.00,1.00,1.00,0.99,0.97,0.73,0.14,inferred
City of Edinburgh,2021-05-20,1.00,1.00,1.00,0.99,0.97,0.73,0.14,inferred
City of Edinburgh,2021-05-21,1.00,1.00,1.00,0.99,0.97,0.73,0.14,inferred
City of Edinburgh,2021-05-22,1.00,1.00,1.00,0.99,0.97,0.73,0.14,inferred
City of Edinburgh,2021-05-23,1.00,1.00,1.00,0.99,0.97,0.73,0.14,inferred
City of Edinburgh,2021-05-24,1.00,1.00,1.00,0.99,0.97,0.73,0.14,inferred
City of Edinburgh,2021-05-25,1.00,1.00,1.00,1.00,1.00,0.93,0.48,inferred
City of Edinburgh,2021-05-26,1.00,1.00,1.00,1.00,1.00,0.93,0.48,inferred
City of Edinburgh,2021-05-27,1.00,1.00,1.00,1.00,1.00,0.93,0.48,inferred
City of Edinburgh,2021-05-28,1.00,1.00,1.00,1.00,1.00,0.93,0.48,inferred
City of Edinburgh,2021-05-29,1.00,1.00,1.00,1.00,1.00,0.93,0.48,inferred
City of Edinburgh,2021-05-30,1.00,1.00,1.00,1.00,1.00,0.93,0.48,inferred
City of Edinburgh,2021-05-31,1.00,1.00,1.00,1.00,1.00,0.93,0.48,inferred
City of Edinburgh,2021-06-01,1.00,1.00,0.97,0.92,0.80,0.31,0.01,inferred
City of Edinburgh,2021-06-02,1.00,1.00,0.97,0.92,0.80,0.31,0.01,inferred
City of Edinburgh,2021-06-03,1.00,1.00,0.97,0.92,0.80,0.31,0.01,inferred
City of Edinburgh,2021-06-04,1.00,1.00,0.97,0.92,0.80,0.31,0.01,inferred
City of Edinburgh,2021-06-05,1.00,1.00,0.97,0.92,0.80,0.31,0.01,inferred
City of Edinburgh,2021-06-06,1.00,1.00,0.97,0.92,0.80,0.31,0.01,inferred
City of Edinburgh,2021-06-07,1.00,1.00,0.97,0.92,0.80,0.31,0.01,inferred
City of Edinburgh,2021-06-08,1.00,0.99,0.93,0.80,0.57,0.05,0.00,inferred
City of Edinburgh,2021-06-09,1.00,0.99,0.93,0.80,0.57,0.05,0.00,inferred
City of Edinburgh,2021-06-10,1.00,0.99,0.93,0.80,0.57,0.05,0.00,inferred
City of Edinburgh,2021-06-11,1.00,0.99,0.93,0.80,0.57,0.05,0.00,inferred
City of Edinburgh,2021-06-12,1.00,0.99,0.93,0.80,0.57,0.05,0.00,inferred
City of Edinburgh,2021-06-13,1.00,0.99,0.93,0.80,0.57,0.05,0.00,inferred
City of Edinburgh,2021-06-14,1.00,0.99,0.93,0.80,0.57,0.05,0.00,inferred
City of Edinburgh,2021-06-15,1.00,1.00,1.00,1.00,1.00,1.00,0.78,inferred
City of Edinburgh,2021-06-16,1.00,1.00,1.00,1.00,1.00,1.00,0.78,inferred
City of Edinburgh,2021-06-17,1.00,1.00,1.00,1.00,1.00,1.00,0.78,inferred
City of Edinburgh,2021-06-18,1.00,1.00,1.00,1.00,1.00,1.00,0.78,inferred
City of Edinburgh,2021-06-19,1.00,1.00,1.00,1.00,1.00,1.00,0.78,inferred
City of Edinburgh,2021-06-20,1.00,1.00,1.00,1.00,1.00,1.00,0.78,inferred
City of Edinburgh,2021-06-21,1.00,1.00,1.00,1.00,1.00,1.00,0.78,inferred
City of Edinburgh,2021-06-22,1.00,1.00,0.99,0.94,0.82,0.27,0.00,inferred
City of Edinburgh,2021-06-23,1.00,1.00,0.99,0.94,0.82,0.27,0.00,inferred
City of Edinburgh,2021-06-24,1.00,1.00,0.99,0.94,0.82,0.27,0.00,inferred
City of Edinburgh,2021-06-25,1.00,1.00,0.99,0.94,0.82,0.27,0.00,inferred
City of Edinburgh,2021-06-26,1.00,1.00,0.99,0.94,0.82,0.27,0.00,inferred
City of Edinburgh,2021-06-27,1.00,1.00,0.99,0.94,0.82,0.27,0.00,inferred
City of Edinburgh,2021-06-28,1.00,1.00,0.99,0.94,0.82,0.27,0.00,inferred
City of Edinburgh,2021-06-29,0.36,0.19,0.09,0.04,0.02,0.00,0.00,inferred
City of Edinburgh,2021-06-30,0.36,0.19,0.09,0.04,0.02,0.00,0.00,inferred
City of Edinburgh,2021-07-01,0.36,0.19,0.09,0.04,0.02,0.00,0.00,inferred
City of Edinburgh,2021-07-02,0.36,0.19,0.09,0.04,0.02,0.00,0.00,inferred
City of Edinburgh,2021-07-03,0.36,0.19,0.09,0.04,0.02,0.00,0.00,inferred
City of Edinburgh,2021-07-04,0.36,0.19,0.09,0.04,0.02,0.00,0.00,inferred
City of Edinburgh,2021-07-05,0.36,0.19,0.09,0.04,0.02,0.00,0.00,inferred
City of Edinburgh,2021-07-06,0.43,0.34,0.25,0.20,0.15,0.07,0.01,projected
City of Edinburgh,2021-07-07,0.43,0.34,0.25,0.20,0.15,0.07,0.01,projected
City of Edinburgh,2021-07-08,0.43,0.34,0.25,0.20,0.15,0.07,0.01,projected
City of Edinburgh,2021-07-09,0.43,0.34,0.25,0.20,0.15,0.07,0.01,projected
City of Edinburgh,2021-07-10,0.43,0.34,0.25,0.20,0.15,0.07,0.01,projected
City of Edinburgh,2021-07-11,0.43,0.34,0.25,0.20,0.15,0.07,0.01,projected
City of Edinburgh,2021-07-12,0.43,0.34,0.25,0.20,0.15,0.07,0.01,projected
City of Edinburgh,2021-07-13,0.47,0.40,0.32,0.27,0.22,0.12,0.04,projected
City of Edinburgh,2021-07-14,0.47,0.40,0.32,0.27,0.22,0.12,0.04,projected
City of Edinburgh,2021-07-15,0.47,0.40,0.32,0.27,0.22,0.12,0.04,projected
City of Edinburgh,2021-07-16,0.47,0.40,0.32,0.27,0.22,0.12,0.04,projected
City of Edinburgh,2021-07-17,0.47,0.40,0.32,0.27,0.22,0.12,0.04,projected
City of Edinburgh,2021-07-18,0.47,0.40,0.32,0.27,0.22,0.12,0.04,projected
City of Edinburgh,2021-07-19,0.47,0.40,0.32,0.27,0.22,0.12,0.04,projected
City of Edinburgh,2021-07-20,0.50,0.42,0.36,0.31,0.27,0.17,0.08,projected
City of Edinburgh,2021-07-21,0.50,0.42,0.36,0.31,0.27,0.17,0.08,projected
City of Edinburgh,2021-07-22,0.50,0.42,0.36,0.31,0.27,0.17,0.08,projected
City of Edinburgh,2021-07-23,0.50,0.42,0.36,0.31,0.27,0.17,0.08,projected
City of Edinburgh,2021-07-24,0.50,0.42,0.36,0.31,0.27,0.17,0.08,projected
City of Edinburgh,2021-07-25,0.50,0.42,0.36,0.31,0.27,0.17,0.08,projected
City of Edinburgh,2021-07-26,0.50,0.42,0.36,0.31,0.27,0.17,0.08,projected
City of London,2021-03-23,0.66,0.30,0.08,0.01,0.00,0.00,0.00,inferred
City of London,2021-03-24,0.66,0.30,0.08,0.01,0.00,0.00,0.00,inferred
City of London,2021-03-25,0.66,0.30,0.08,0.01,0.00,0.00,0.00,inferred
City of London,2021-03-26,0.66,0.30,0.08,0.01,0.00,0.00,0.00,inferred
City of London,2021-03-27,0.66,0.30,0.08,0.01,0.00,0.00,0.00,inferred
City of London,2021-03-28,0.66,0.30,0.08,0.01,0.00,0.00,0.00,inferred
City of London,2021-03-29,0.66,0.30,0.08,0.01,0.00,0.00,0.00,inferred
City of London,2021-03-30,1.00,1.00,0.96,0.85,0.61,0.03,0.00,inferred
City of London,2021-03-31,1.00,1.00,0.96,0.85,0.61,0.03,0.00,inferred
City of London,2021-04-01,1.00,1.00,0.96,0.85,0.61,0.03,0.00,inferred
City of London,2021-04-02,1.00,1.00,0.96,0.85,0.61,0.03,0.00,inferred
City of London,2021-04-03,1.00,1.00,0.96,0.85,0.61,0.03,0.00,inferred
City of London,2021-04-04,1.00,1.00,0.96,0.85,0.61,0.03,0.00,inferred
City of London,2021-04-05,1.00,1.00,0.96,0.85,0.61,0.03,0.00,inferred
City of London,2021-04-06,0.91,0.71,0.38,0.15,0.04,0.00,0.00,inferred
City of London,2021-04-07,0.91,0.71,0.38,0.15,0.04,0.00,0.00,inferred
City of London,2021-04-08,0.91,0.71,0.38,0.15,0.04,0.00,0.00,inferred
City of London,2021-04-09,0.91,0.71,0.38,0.15,0.04,0.00,0.00,inferred
City of London,2021-04-10,0.91,0.71,0.38,0.15,0.04,0.00,0.00,inferred
City of London,2021-04-11,0.91,0.71,0.38,0.15,0.04,0.00,0.00,inferred
City of London,2021-04-12,0.91,0.71,0.38,0.15,0.04,0.00,0.00,inferred
City of London,2021-04-13,0.91,0.69,0.39,0.14,0.04,0.00,0.00,inferred
City of London,2021-04-14,0.91,0.69,0.39,0.14,0.04,0.00,0.00,inferred
City of London,2021-04-15,0.91,0.69,0.39,0.14,0.04,0.00,0.00,inferred
City of London,2021-04-16,0.91,0.69,0.39,0.14,0.04,0.00,0.00,inferred
City of London,2021-04-17,0.91,0.69,0.39,0.14,0.04,0.00,0.00,inferred
City of London,2021-04-18,0.91,0.69,0.39,0.14,0.04,0.00,0.00,inferred
City of London,2021-04-19,0.91,0.69,0.39,0.14,0.04,0.00,0.00,inferred
City of London,2021-04-20,0.29,0.08,0.02,0.00,0.00,0.00,0.00,inferred
City of London,2021-04-21,0.29,0.08,0.02,0.00,0.00,0.00,0.00,inferred
City of London,2021-04-22,0.29,0.08,0.02,0.00,0.00,0.00,0.00,inferred
City of London,2021-04-23,0.29,0.08,0.02,0.00,0.00,0.00,0.00,inferred
City of London,2021-04-24,0.29,0.08,0.02,0.00,0.00,0.00,0.00,inferred
City of London,2021-04-25,0.29,0.08,0.02,0.00,0.00,0.00,0.00,inferred
City of London,2021-04-26,0.29,0.08,0.02,0.00,0.00,0.00,0.00,inferred
City of London,2021-04-27,0.61,0.31,0.12,0.03,0.01,0.00,0.00,inferred
City of London,2021-04-28,0.61,0.31,0.12,0.03,0.01,0.00,0.00,inferred
City of London,2021-04-29,0.61,0.31,0.12,0.03,0.01,0.00,0.00,inferred
City of London,2021-04-30,0.61,0.31,0.12,0.03,0.01,0.00,0.00,inferred
City of London,2021-05-01,0.61,0.31,0.12,0.03,0.01,0.00,0.00,inferred
City of London,2021-05-02,0.61,0.31,0.12,0.03,0.01,0.00,0.00,inferred
City of London,2021-05-03,0.61,0.31,0.12,0.03,0.01,0.00,0.00,inferred
City of London,2021-05-04,0.60,0.34,0.14,0.04,0.01,0.00,0.00,inferred
City of London,2021-05-05,0.60,0.34,0.14,0.04,0.01,0.00,0.00,inferred
City of London,2021-05-06,0.60,0.34,0.14,0.04,0.01,0.00,0.00,inferred
City of London,2021-05-07,0.60,0.34,0.14,0.04,0.01,0.00,0.00,inferred
City of London,2021-05-08,0.60,0.34,0.14,0.04,0.01,0.00,0.00,inferred
City of London,2021-05-09,0.60,0.34,0.14,0.04,0.01,0.00,0.00,inferred
City of London,2021-05-10,0.60,0.34,0.14,0.04,0.01,0.00,0.00,inferred
City of London,2021-05-11,0.99,0.97,0.90,0.74,0.52,0.05,0.00,inferred
City of London,2021-05-12,0.99,0.97,0.90,0.74,0.52,0.05,0.00,inferred
City of London,2021-05-13,0.99,0.97,0.90,0.74,0.52,0.05,0.00,inferred
City of London,2021-05-14,0.99,0.97,0.90,0.74,0.52,0.05,0.00,inferred
City of London,2021-05-15,0.99,0.97,0.90,0.74,0.52,0.05,0.00,inferred
City of London,2021-05-16,0.99,0.97,0.90,0.74,0.52,0.05,0.00,inferred
City of London,2021-05-17,0.99,0.97,0.90,0.74,0.52,0.05,0.00,inferred
City of London,2021-05-18,1.00,1.00,1.00,1.00,1.00,0.84,0.09,inferred
City of London,2021-05-19,1.00,1.00,1.00,1.00,1.00,0.84,0.09,inferred
City of London,2021-05-20,1.00,1.00,1.00,1.00,1.00,0.84,0.09,inferred
City of London,2021-05-21,1.00,1.00,1.00,1.00,1.00,0.84,0.09,inferred
City of London,2021-05-22,1.00,1.00,1.00,1.00,1.00,0.84,0.09,inferred
City of London,2021-05-23,1.00,1.00,1.00,1.00,1.00,0.84,0.09,inferred
City of London,2021-05-24,1.00,1.00,1.00,1.00,1.00,0.84,0.09,inferred
City of London,2021-05-25,1.00,1.00,1.00,1.00,1.00,1.00,0.87,inferred
City of London,2021-05-26,1.00,1.00,1.00,1.00,1.00,1.00,0.87,inferred
City of London,2021-05-27,1.00,1.00,1.00,1.00,1.00,1.00,0.87,inferred
City of London,2021-05-28,1.00,1.00,1.00,1.00,1.00,1.00,0.87,inferred
City of London,2021-05-29,1.00,1.00,1.00,1.00,1.00,1.00,0.87,inferred
City of London,2021-05-30,1.00,1.00,1.00,1.00,1.00,1.00,0.87,inferred
City of London,2021-05-31,1.00,1.00,1.00,1.00,1.00,1.00,0.87,inferred
City of London,2021-06-01,1.00,1.00,1.00,0.99,0.95,0.59,0.04,inferred
City of London,2021-06-02,1.00,1.00,1.00,0.99,0.95,0.59,0.04,inferred
City of London,2021-06-03,1.00,1.00,1.00,0.99,0.95,0.59,0.04,inferred
City of London,2021-06-04,1.00,1.00,1.00,0.99,0.95,0.59,0.04,inferred
City of London,2021-06-05,1.00,1.00,1.00,0.99,0.95,0.59,0.04,inferred
City of London,2021-06-06,1.00,1.00,1.00,0.99,0.95,0.59,0.04,inferred
City of London,2021-06-07,1.00,1.00,1.00,0.99,0.95,0.59,0.04,inferred
City of London,2021-06-08,1.00,1.00,0.99,0.84,0.49,0.01,0.00,inferred
City of London,2021-06-09,1.00,1.00,0.99,0.84,0.49,0.01,0.00,inferred
City of London,2021-06-10,1.00,1.00,0.99,0.84,0.49,0.01,0.00,inferred
City of London,2021-06-11,1.00,1.00,0.99,0.84,0.49,0.01,0.00,inferred
City of London,2021-06-12,1.00,1.00,0.99,0.84,0.49,0.01,0.00,inferred
City of London,2021-06-13,1.00,1.00,0.99,0.84,0.49,0.01,0.00,inferred
City of London,2021-06-14,1.00,1.00,0.99,0.84,0.49,0.01,0.00,inferred
City of London,2021-06-15,1.00,1.00,1.00,1.00,1.00,0.99,0.19,inferred
City of London,2021-06-16,1.00,1.00,1.00,1.00,1.00,0.99,0.19,inferred
City of London,2021-06-17,1.00,1.00,1.00,1.00,1.00,0.99,0.19,inferred
City of London,2021-06-18,1.00,1.00,1.00,1.00,1.00,0.99,0.19,inferred
City of London,2021-06-19,1.00,1.00,1.00,1.00,1.00,0.99,0.19,inferred
City of London,2021-06-20,1.00,1.00,1.00,1.00,1.00,0.99,0.19,inferred
City of London,2021-06-21,1.00,1.00,1.00,1.00,1.00,0.99,0.19,inferred
City of London,2021-06-22,1.00,1.00,1.00,1.00,1.00,0.71,0.00,inferred
City of London,2021-06-23,1.00,1.00,1.00,1.00,1.00,0.71,0.00,inferred
City of London,2021-06-24,1.00,1.00,1.00,1.00,1.00,0.71,0.00,inferred
City of London,2021-06-25,1.00,1.00,1.00,1.00,1.00,0.71,0.00,inferred
City of London,2021-06-26,1.00,1.00,1.00,1.00,1.00,0.71,0.00,inferred
City of London,2021-06-27,1.00,1.00,1.00,1.00,1.00,0.71,0.00,inferred
City of London,2021-06-28,1.00,1.00,1.00,1.00,1.00,0.71,0.00,inferred
City of London,2021-06-29,1.00,1.00,0.99,0.89,0.70,0.08,0.00,inferred
City of London,2021-06-30,1.00,1.00,0.99,0.89,0.70,0.08,0.00,inferred
City of London,2021-07-01,1.00,1.00,0.99,0.89,0.70,0.08,0.00,inferred
City of London,2021-07-02,1.00,1.00,0.99,0.89,0.70,0.08,0.00,inferred
City of London,2021-07-03,1.00,1.00,0.99,0.89,0.70,0.08,0.00,inferred
City of London,2021-07-04,1.00,1.00,0.99,0.89,0.70,0.08,0.00,inferred
City of London,2021-07-05,1.00,1.00,0.99,0.89,0.70,0.08,0.00,inferred
City of London,2021-07-06,1.00,0.96,0.89,0.76,0.59,0.18,0.01,projected
City of London,2021-07-07,1.00,0.96,0.89,0.76,0.59,0.18,0.01,projected
City of London,2021-07-08,1.00,0.96,0.89,0.76,0.59,0.18,0.01,projected
City of London,2021-07-09,1.00,0.96,0.89,0.76,0.59,0.18,0.01,projected
City of London,2021-07-10,1.00,0.96,0.89,0.76,0.59,0.18,0.01,projected
City of London,2021-07-11,1.00,0.96,0.89,0.76,0.59,0.18,0.01,projected
City of London,2021-07-12,1.00,0.96,0.89,0.76,0.59,0.18,0.01,projected
City of London,2021-07-13,0.97,0.92,0.83,0.69,0.54,0.20,0.02,projected
City of London,2021-07-14,0.97,0.92,0.83,0.69,0.54,0.20,0.02,projected
City of London,2021-07-15,0.97,0.92,0.83,0.69,0.54,0.20,0.02,projected
City of London,2021-07-16,0.97,0.92,0.83,0.69,0.54,0.20,0.02,projected
City of London,2021-07-17,0.97,0.92,0.83,0.69,0.54,0.20,0.02,projected
City of London,2021-07-18,0.97,0.92,0.83,0.69,0.54,0.20,0.02,projected
City of London,2021-07-19,0.97,0.92,0.83,0.69,0.54,0.20,0.02,projected
City of London,2021-07-20,0.96,0.90,0.81,0.68,0.55,0.22,0.04,projected
City of London,2021-07-21,0.96,0.90,0.81,0.68,0.55,0.22,0.04,projected
City of London,2021-07-22,0.96,0.90,0.81,0.68,0.55,0.22,0.04,projected
City of London,2021-07-23,0.96,0.90,0.81,0.68,0.55,0.22,0.04,projected
City of London,2021-07-24,0.96,0.90,0.81,0.68,0.55,0.22,0.04,projected
City of London,2021-07-25,0.96,0.90,0.81,0.68,0.55,0.22,0.04,projected
City of London,2021-07-26,0.96,0.90,0.81,0.68,0.55,0.22,0.04,projected
Clackmannanshire,2021-03-23,0.94,0.78,0.48,0.19,0.05,0.00,0.00,inferred
Clackmannanshire,2021-03-24,0.94,0.78,0.48,0.19,0.05,0.00,0.00,inferred
Clackmannanshire,2021-03-25,0.94,0.78,0.48,0.19,0.05,0.00,0.00,inferred
Clackmannanshire,2021-03-26,0.94,0.78,0.48,0.19,0.05,0.00,0.00,inferred
Clackmannanshire,2021-03-27,0.94,0.78,0.48,0.19,0.05,0.00,0.00,inferred
Clackmannanshire,2021-03-28,0.94,0.78,0.48,0.19,0.05,0.00,0.00,inferred
Clackmannanshire,2021-03-29,0.94,0.78,0.48,0.19,0.05,0.00,0.00,inferred
Clackmannanshire,2021-03-30,0.04,0.01,0.00,0.00,0.00,0.00,0.00,inferred
Clackmannanshire,2021-03-31,0.04,0.01,0.00,0.00,0.00,0.00,0.00,inferred
Clackmannanshire,2021-04-01,0.04,0.01,0.00,0.00,0.00,0.00,0.00,inferred
Clackmannanshire,2021-04-02,0.04,0.01,0.00,0.00,0.00,0.00,0.00,inferred
Clackmannanshire,2021-04-03,0.04,0.01,0.00,0.00,0.00,0.00,0.00,inferred
Clackmannanshire,2021-04-04,0.04,0.01,0.00,0.00,0.00,0.00,0.00,inferred
Clackmannanshire,2021-04-05,0.04,0.01,0.00,0.00,0.00,0.00,0.00,inferred
Clackmannanshire,2021-04-06,0.04,0.01,0.00,0.00,0.00,0.00,0.00,inferred
Clackmannanshire,2021-04-07,0.04,0.01,0.00,0.00,0.00,0.00,0.00,inferred
Clackmannanshire,2021-04-08,0.04,0.01,0.00,0.00,0.00,0.00,0.00,inferred
Clackmannanshire,2021-04-09,0.04,0.01,0.00,0.00,0.00,0.00,0.00,inferred
Clackmannanshire,2021-04-10,0.04,0.01,0.00,0.00,0.00,0.00,0.00,inferred
Clackmannanshire,2021-04-11,0.04,0.01,0.00,0.00,0.00,0.00,0.00,inferred
Clackmannanshire,2021-04-12,0.04,0.01,0.00,0.00,0.00,0.00,0.00,inferred
Clackmannanshire,2021-04-13,0.15,0.05,0.02,0.00,0.00,0.00,0.00,inferred
Clackmannanshire,2021-04-14,0.15,0.05,0.02,0.00,0.00,0.00,0.00,inferred
Clackmannanshire,2021-04-15,0.15,0.05,0.02,0.00,0.00,0.00,0.00,inferred
Clackmannanshire,2021-04-16,0.15,0.05,0.02,0.00,0.00,0.00,0.00,inferred
Clackmannanshire,2021-04-17,0.15,0.05,0.02,0.00,0.00,0.00,0.00,inferred
Clackmannanshire,2021-04-18,0.15,0.05,0.02,0.00,0.00,0.00,0.00,inferred
Clackmannanshire,2021-04-19,0.15,0.05,0.02,0.00,0.00,0.00,0.00,inferred
Clackmannanshire,2021-04-20,0.39,0.21,0.10,0.03,0.01,0.00,0.00,inferred
Clackmannanshire,2021-04-21,0.39,0.21,0.10,0.03,0.01,0.00,0.00,inferred
Clackmannanshire,2021-04-22,0.39,0.21,0.10,0.03,0.01,0.00,0.00,inferred
Clackmannanshire,2021-04-23,0.39,0.21,0.10,0.03,0.01,0.00,0.00,inferred
Clackmannanshire,2021-04-24,0.39,0.21,0.10,0.03,0.01,0.00,0.00,inferred
Clackmannanshire,2021-04-25,0.39,0.21,0.10,0.03,0.01,0.00,0.00,inferred
Clackmannanshire,2021-04-26,0.39,0.21,0.10,0.03,0.01,0.00,0.00,inferred
Clackmannanshire,2021-04-27,0.91,0.79,0.63,0.45,0.29,0.03,0.00,inferred
Clackmannanshire,2021-04-28,0.91,0.79,0.63,0.45,0.29,0.03,0.00,inferred
Clackmannanshire,2021-04-29,0.91,0.79,0.63,0.45,0.29,0.03,0.00,inferred
Clackmannanshire,2021-04-30,0.91,0.79,0.63,0.45,0.29,0.03,0.00,inferred
Clackmannanshire,2021-05-01,0.91,0.79,0.63,0.45,0.29,0.03,0.00,inferred
Clackmannanshire,2021-05-02,0.91,0.79,0.63,0.45,0.29,0.03,0.00,inferred
Clackmannanshire,2021-05-03,0.91,0.79,0.63,0.45,0.29,0.03,0.00,inferred
Clackmannanshire,2021-05-04,0.97,0.89,0.77,0.62,0.45,0.09,0.00,inferred
Clackmannanshire,2021-05-05,0.97,0.89,0.77,0.62,0.45,0.09,0.00,inferred
Clackmannanshire,2021-05-06,0.97,0.89,0.77,0.62,0.45,0.09,0.00,inferred
Clackmannanshire,2021-05-07,0.97,0.89,0.77,0.62,0.45,0.09,0.00,inferred
Clackmannanshire,2021-05-08,0.97,0.89,0.77,0.62,0.45,0.09,0.00,inferred
Clackmannanshire,2021-05-09,0.97,0.89,0.77,0.62,0.45,0.09,0.00,inferred
Clackmannanshire,2021-05-10,0.97,0.89,0.77,0.62,0.45,0.09,0.00,inferred
Clackmannanshire,2021-05-11,1.00,1.00,1.00,0.99,0.95,0.69,0.15,inferred
Clackmannanshire,2021-05-12,1.00,1.00,1.00,0.99,0.95,0.69,0.15,inferred
Clackmannanshire,2021-05-13,1.00,1.00,1.00,0.99,0.95,0.69,0.15,inferred
Clackmannanshire,2021-05-14,1.00,1.00,1.00,0.99,0.95,0.69,0.15,inferred
Clackmannanshire,2021-05-15,1.00,1.00,1.00,0.99,0.95,0.69,0.15,inferred
Clackmannanshire,2021-05-16,1.00,1.00,1.00,0.99,0.95,0.69,0.15,inferred
Clackmannanshire,2021-05-17,1.00,1.00,1.00,0.99,0.95,0.69,0.15,inferred
Clackmannanshire,2021-05-18,0.99,0.96,0.88,0.74,0.57,0.14,0.00,inferred
Clackmannanshire,2021-05-19,0.99,0.96,0.88,0.74,0.57,0.14,0.00,inferred
Clackmannanshire,2021-05-20,0.99,0.96,0.88,0.74,0.57,0.14,0.00,inferred
Clackmannanshire,2021-05-21,0.99,0.96,0.88,0.74,0.57,0.14,0.00,inferred
Clackmannanshire,2021-05-22,0.99,0.96,0.88,0.74,0.57,0.14,0.00,inferred
Clackmannanshire,2021-05-23,0.99,0.96,0.88,0.74,0.57,0.14,0.00,inferred
Clackmannanshire,2021-05-24,0.99,0.96,0.88,0.74,0.57,0.14,0.00,inferred
Clackmannanshire,2021-05-25,1.00,0.99,0.98,0.93,0.84,0.35,0.02,inferred
Clackmannanshire,2021-05-26,1.00,0.99,0.98,0.93,0.84,0.35,0.02,inferred
Clackmannanshire,2021-05-27,1.00,0.99,0.98,0.93,0.84,0.35,0.02,inferred
Clackmannanshire,2021-05-28,1.00,0.99,0.98,0.93,0.84,0.35,0.02,inferred
Clackmannanshire,2021-05-29,1.00,0.99,0.98,0.93,0.84,0.35,0.02,inferred
Clackmannanshire,2021-05-30,1.00,0.99,0.98,0.93,0.84,0.35,0.02,inferred
Clackmannanshire,2021-05-31,1.00,0.99,0.98,0.93,0.84,0.35,0.02,inferred
Clackmannanshire,2021-06-01,0.85,0.65,0.40,0.20,0.08,0.00,0.00,inferred
Clackmannanshire,2021-06-02,0.85,0.65,0.40,0.20,0.08,0.00,0.00,inferred
Clackmannanshire,2021-06-03,0.85,0.65,0.40,0.20,0.08,0.00,0.00,inferred
Clackmannanshire,2021-06-04,0.85,0.65,0.40,0.20,0.08,0.00,0.00,inferred
Clackmannanshire,2021-06-05,0.85,0.65,0.40,0.20,0.08,0.00,0.00,inferred
Clackmannanshire,2021-06-06,0.85,0.65,0.40,0.20,0.08,0.00,0.00,inferred
Clackmannanshire,2021-06-07,0.85,0.65,0.40,0.20,0.08,0.00,0.00,inferred
Clackmannanshire,2021-06-08,1.00,0.99,0.94,0.83,0.63,0.11,0.00,inferred
Clackmannanshire,2021-06-09,1.00,0.99,0.94,0.83,0.63,0.11,0.00,inferred
Clackmannanshire,2021-06-10,1.00,0.99,0.94,0.83,0.63,0.11,0.00,inferred
Clackmannanshire,2021-06-11,1.00,0.99,0.94,0.83,0.63,0.11,0.00,inferred
Clackmannanshire,2021-06-12,1.00,0.99,0.94,0.83,0.63,0.11,0.00,inferred
Clackmannanshire,2021-06-13,1.00,0.99,0.94,0.83,0.63,0.11,0.00,inferred
Clackmannanshire,2021-06-14,1.00,0.99,0.94,0.83,0.63,0.11,0.00,inferred
Clackmannanshire,2021-06-15,1.00,1.00,1.00,1.00,1.00,1.00,0.83,inferred
Clackmannanshire,2021-06-16,1.00,1.00,1.00,1.00,1.00,1.00,0.83,inferred
Clackmannanshire,2021-06-17,1.00,1.00,1.00,1.00,1.00,1.00,0.83,inferred
Clackmannanshire,2021-06-18,1.00,1.00,1.00,1.00,1.00,1.00,0.83,inferred
Clackmannanshire,2021-06-19,1.00,1.00,1.00,1.00,1.00,1.00,0.83,inferred
Clackmannanshire,2021-06-20,1.00,1.00,1.00,1.00,1.00,1.00,0.83,inferred
Clackmannanshire,2021-06-21,1.00,1.00,1.00,1.00,1.00,1.00,0.83,inferred
Clackmannanshire,2021-06-22,1.00,1.00,1.00,0.97,0.90,0.57,0.04,inferred
Clackmannanshire,2021-06-23,1.00,1.00,1.00,0.97,0.90,0.57,0.04,inferred
Clackmannanshire,2021-06-24,1.00,1.00,1.00,0.97,0.90,0.57,0.04,inferred
Clackmannanshire,2021-06-25,1.00,1.00,1.00,0.97,0.90,0.57,0.04,inferred
Clackmannanshire,2021-06-26,1.00,1.00,1.00,0.97,0.90,0.57,0.04,inferred
Clackmannanshire,2021-06-27,1.00,1.00,1.00,0.97,0.90,0.57,0.04,inferred
Clackmannanshire,2021-06-28,1.00,1.00,1.00,0.97,0.90,0.57,0.04,inferred
Clackmannanshire,2021-06-29,0.07,0.02,0.01,0.00,0.00,0.00,0.00,inferred
Clackmannanshire,2021-06-30,0.07,0.02,0.01,0.00,0.00,0.00,0.00,inferred
Clackmannanshire,2021-07-01,0.07,0.02,0.01,0.00,0.00,0.00,0.00,inferred
Clackmannanshire,2021-07-02,0.07,0.02,0.01,0.00,0.00,0.00,0.00,inferred
Clackmannanshire,2021-07-03,0.07,0.02,0.01,0.00,0.00,0.00,0.00,inferred
Clackmannanshire,2021-07-04,0.07,0.02,0.01,0.00,0.00,0.00,0.00,inferred
Clackmannanshire,2021-07-05,0.07,0.02,0.01,0.00,0.00,0.00,0.00,inferred
Clackmannanshire,2021-07-06,0.24,0.17,0.12,0.09,0.06,0.02,0.00,projected
Clackmannanshire,2021-07-07,0.24,0.17,0.12,0.09,0.06,0.02,0.00,projected
Clackmannanshire,2021-07-08,0.24,0.17,0.12,0.09,0.06,0.02,0.00,projected
Clackmannanshire,2021-07-09,0.24,0.17,0.12,0.09,0.06,0.02,0.00,projected
Clackmannanshire,2021-07-10,0.24,0.17,0.12,0.09,0.06,0.02,0.00,projected
Clackmannanshire,2021-07-11,0.24,0.17,0.12,0.09,0.06,0.02,0.00,projected
Clackmannanshire,2021-07-12,0.24,0.17,0.12,0.09,0.06,0.02,0.00,projected
Clackmannanshire,2021-07-13,0.34,0.28,0.21,0.15,0.12,0.06,0.02,projected
Clackmannanshire,2021-07-14,0.34,0.28,0.21,0.15,0.12,0.06,0.02,projected
Clackmannanshire,2021-07-15,0.34,0.28,0.21,0.15,0.12,0.06,0.02,projected
Clackmannanshire,2021-07-16,0.34,0.28,0.21,0.15,0.12,0.06,0.02,projected
Clackmannanshire,2021-07-17,0.34,0.28,0.21,0.15,0.12,0.06,0.02,projected
Clackmannanshire,2021-07-18,0.34,0.28,0.21,0.15,0.12,0.06,0.02,projected
Clackmannanshire,2021-07-19,0.34,0.28,0.21,0.15,0.12,0.06,0.02,projected
Clackmannanshire,2021-07-20,0.46,0.39,0.33,0.26,0.22,0.12,0.05,projected
Clackmannanshire,2021-07-21,0.46,0.39,0.33,0.26,0.22,0.12,0.05,projected
Clackmannanshire,2021-07-22,0.46,0.39,0.33,0.26,0.22,0.12,0.05,projected
Clackmannanshire,2021-07-23,0.46,0.39,0.33,0.26,0.22,0.12,0.05,projected
Clackmannanshire,2021-07-24,0.46,0.39,0.33,0.26,0.22,0.12,0.05,projected
Clackmannanshire,2021-07-25,0.46,0.39,0.33,0.26,0.22,0.12,0.05,projected
Clackmannanshire,2021-07-26,0.46,0.39,0.33,0.26,0.22,0.12,0.05,projected
Colchester,2021-03-23,0.00,0.00,0.00,0.00,0.00,0.00,0.00,inferred
Colchester,2021-03-24,0.00,0.00,0.00,0.00,0.00,0.00,0.00,inferred
Colchester,2021-03-25,0.00,0.00,0.00,0.00,0.00,0.00,0.00,inferred
Colchester,2021-03-26,0.00,0.00,0.00,0.00,0.00,0.00,0.00,inferred
Colchester,2021-03-27,0.00,0.00,0.00,0.00,0.00,0.00,0.00,inferred
Colchester,2021-03-28,0.00,0.00,0.00,0.00,0.00,0.00,0.00,inferred
Colchester,2021-03-29,0.00,0.00,0.00,0.00,0.00,0.00,0.00,inferred
Colchester,2021-03-30,0.15,0.04,0.01,0.00,0.00,0.00,0.00,inferred
Colchester,2021-03-31,0.15,0.04,0.01,0.00,0.00,0.00,0.00,inferred
Colchester,2021-04-01,0.15,0.04,0.01,0.00,0.00,0.00,0.00,inferred
Colchester,2021-04-02,0.15,0.04,0.01,0.00,0.00,0.00,0.00,inferred
Colchester,2021-04-03,0.15,0.04,0.01,0.00,0.00,0.00,0.00,inferred
Colchester,2021-04-04,0.15,0.04,0.01,0.00,0.00,0.00,0.00,inferred
Colchester,2021-04-05,0.15,0.04,0.01,0.00,0.00,0.00,0.00,inferred
Colchester,2021-04-06,0.69,0.46,0.26,0.11,0.04,0.00,0.00,inferred
Colchester,2021-04-07,0.69,0.46,0.26,0.11,0.04,0.00,0.00,inferred
Colchester,2021-04-08,0.69,0.46,0.26,0.11,0.04,0.00,0.00,inferred
Colchester,2021-04-09,0.69,0.46,0.26,0.11,0.04,0.00,0.00,inferred
Colchester,2021-04-10,0.69,0.46,0.26,0.11,0.04,0.00,0.00,inferred
Colchester,2021-04-11,0.69,0.46,0.26,0.11,0.04,0.00,0.00,inferred
Colchester,2021-04-12,0.69,0.46,0.26,0.11,0.04,0.00,0.00,inferred
Colchester,2021-04-13,0.74,0.53,0.34,0.19,0.09,0.00,0.00,inferred
Colchester,2021-04-14,0.74,0.53,0.34,0.19,0.09,0.00,0.00,inferred
Colchester,2021-04-15,0.74,0.53,0.34,0.19,0.09,0.00,0.00,inferred
Colchester,2021-04-16,0.74,0.53,0.34,0.19,0.09,0.00,0.00,inferred
Colchester,2021-04-17,0.74,0.53,0.34,0.19,0.09,0.00,0.00,inferred
Colchester,2021-04-18,0.74,0.53,0.34,0.19,0.09,0.00,0.00,inferred
Colchester,2021-04-19,0.74,0.53,0.34,0.19,0.09,0.00,0.00,inferred
Colchester,2021-04-20,0.77,0.58,0.37,0.21,0.11,0.01,0.00,inferred
Colchester,2021-04-21,0.77,0.58,0.37,0.21,0.11,0.01,0.00,inferred
Colchester,2021-04-22,0.77,0.58,0.37,0.21,0.11,0.01,0.00,inferred
Colchester,2021-04-23,0.77,0.58,0.37,0.21,0.11,0.01,0.00,inferred
Colchester,2021-04-24,0.77,0.58,0.37,0.21,0.11,0.01,0.00,inferred
Colchester,2021-04-25,0.77,0.58,0.37,0.21,0.11,0.01,0.00,inferred
Colchester,2021-04-26,0.77,0.58,0.37,0.21,0.11,0.01,0.00,inferred
Colchester,2021-04-27,0.87,0.72,0.52,0.32,0.19,0.02,0.00,inferred
Colchester,2021-04-28,0.87,0.72,0.52,0.32,0.19,0.02,0.00,inferred
Colchester,2021-04-29,0.87,0.72,0.52,0.32,0.19,0.02,0.00,inferred
Colchester,2021-04-30,0.87,0.72,0.52,0.32,0.19,0.02,0.00,inferred
Colchester,2021-05-01,0.87,0.72,0.52,0.32,0.19,0.02,0.00,inferred
Colchester,2021-05-02,0.87,0.72,0.52,0.32,0.19,0.02,0.00,inferred
Colchester,2021-05-03,0.87,0.72,0.52,0.32,0.19,0.02,0.00,inferred
Colchester,2021-05-04,0.43,0.25,0.11,0.05,0.02,0.00,0.00,inferred
Colchester,2021-05-05,0.43,0.25,0.11,0.05,0.02,0.00,0.00,inferred
Colchester,2021-05-06,0.43,0.25,0.11,0.05,0.02,0.00,0.00,inferred
Colchester,2021-05-07,0.43,0.25,0.11,0.05,0.02,0.00,0.00,inferred
Colchester,2021-05-08,0.43,0.25,0.11,0.05,0.02,0.00,0.00,inferred
Colchester,2021-05-09,0.43,0.25,0.11,0.05,0.02,0.00,0.00,inferred
Colchester,2021-05-10,0.43,0.25,0.11,0.05,0.02,0.00,0.00,inferred
Colchester,2021-05-11,0.40,0.24,0.12,0.05,0.02,0.00,0.00,inferred
Colchester,2021-05-12,0.40,0.24,0.12,0.05,0.02,0.00,0.00,inferred
Colchester,2021-05-13,0.40,0.24,0.12,0.05,0.02,0.00,0.00,inferred
Colchester,2021-05-14,0.40,0.24,0.12,0.05,0.02,0.00,0.00,inferred
Colchester,2021-05-15,0.40,0.24,0.12,0.05,0.02,0.00,0.00,inferred
Colchester,2021-05-16,0.40,0.24,0.12,0.05,0.02,0.00,0.00,inferred
Colchester,2021-05-17,0.40,0.24,0.12,0.05,0.02,0.00,0.00,inferred
Colchester,2021-05-18,0.97,0.93,0.86,0.76,0.62,0.24,0.01,inferred
Colchester,2021-05-19,0.97,0.93,0.86,0.76,0.62,0.24,0.01,inferred
Colchester,2021-05-20,0.97,0.93,0.86,0.76,0.62,0.24,0.01,inferred
Colchester,2021-05-21,0.97,0.93,0.86,0.76,0.62,0.24,0.01,inferred
Colchester,2021-05-22,0.97,0.93,0.86,0.76,0.62,0.24,0.01,inferred
Colchester,2021-05-23,0.97,0.93,0.86,0.76,0.62,0.24,0.01,inferred
Colchester,2021-05-24,0.97,0.93,0.86,0.76,0.62,0.24,0.01,inferred
Colchester,2021-05-25,1.00,1.00,1.00,1.00,1.00,0.97,0.60,inferred
Colchester,2021-05-26,1.00,1.00,1.00,1.00,1.00,0.97,0.60,inferred
Colchester,2021-05-27,1.00,1.00,1.00,1.00,1.00,0.97,0.60,inferred
Colchester,2021-05-28,1.00,1.00,1.00,1.00,1.00,0.97,0.60,inferred
Colchester,2021-05-29,1.00,1.00,1.00,1.00,1.00,0.97,0.60,inferred
Colchester,2021-05-30,1.00,1.00,1.00,1.00,1.00,0.97,0.60,inferred
Colchester,2021-05-31,1.00,1.00,1.00,1.00,1.00,0.97,0.60,inferred
Colchester,2021-06-01,1.00,1.00,1.00,1.00,1.00,0.98,0.79,inferred
Colchester,2021-06-02,1.00,1.00,1.00,1.00,1.00,0.98,0.79,inferred
Colchester,2021-06-03,1.00,1.00,1.00,1.00,1.00,0.98,0.79,inferred
Colchester,2021-06-04,1.00,1.00,1.00,1.00,1.00,0.98,0.79,inferred
Colchester,2021-06-05,1.00,1.00,1.00,1.00,1.00,0.98,0.79,inferred
Colchester,2021-06-06,1.00,1.00,1.00,1.00,1.00,0.98,0.79,inferred
Colchester,2021-06-07,1.00,1.00,1.00,1.00,1.00,0.98,0.79,inferred
Colchester,2021-06-08,1.00,1.00,1.00,1.00,1.00,0.90,0.34,inferred
Colchester,2021-06-09,1.00,1.00,1.00,1.00,1.00,0.90,0.34,inferred
Colchester,2021-06-10,1.00,1.00,1.00,1.00,1.00,0.90,0.34,inferred
Colchester,2021-06-11,1.00,1.00,1.00,1.00,1.00,0.90,0.34,inferred
Colchester,2021-06-12,1.00,1.00,1.00,1.00,1.00,0.90,0.34,inferred
Colchester,2021-06-13,1.00,1.00,1.00,1.00,1.00,0.90,0.34,inferred
Colchester,2021-06-14,1.00,1.00,1.00,1.00,1.00,0.90,0.34,inferred
Colchester,2021-06-15,1.00,1.00,1.00,1.00,1.00,0.89,0.22,inferred
Colchester,2021-06-16,1.00,1.00,1.00,1.00,1.00,0.89,0.22,inferred
Colchester,2021-06-17,1.00,1.00,1.00,1.00,1.00,0.89,0.22,inferred
Colchester,2021-06-18,1.00,1.00,1.00,1.00,1.00,0.89,0.22,inferred
Colchester,2021-06-19,1.00,1.00,1.00,1.00,1.00,0.89,0.22,inferred
Colchester,2021-06-20,1.00,1.00,1.00,1.00,1.00,0.89,0.22,inferred
Colchester,2021-06-21,1.00,1.00,1.00,1.00,1.00,0.89,0.22,inferred
Colchester,2021-06-22,1.00,1.00,1.00,1.00,1.00,0.86,0.12,inferred
Colchester,2021-06-23,1.00,1.00,1.00,1.00,1.00,0.86,0.12,inferred
Colchester,2021-06-24,1.00,1.00,1.00,1.00,1.00,0.86,0.12,inferred
Colchester,2021-06-25,1.00,1.00,1.00,1.00,1.00,0.86,0.12,inferred
Colchester,2021-06-26,1.00,1.00,1.00,1.00,1.00,0.86,0.12,inferred
Colchester,2021-06-27,1.00,1.00,1.00,1.00,1.00,0.86,0.12,inferred
Colchester,2021-06-28,1.00,1.00,1.00,1.00,1.00,0.86,0.12,inferred
Colchester,2021-06-29,1.00,1.00,1.00,0.99,0.99,0.82,0.22,inferred
Colchester,2021-06-30,1.00,1.00,1.00,0.99,0.99,0.82,0.22,inferred
Colchester,2021-07-01,1.00,1.00,1.00,0.99,0.99,0.82,0.22,inferred
Colchester,2021-07-02,1.00,1.00,1.00,0.99,0.99,0.82,0.22,inferred
Colchester,2021-07-03,1.00,1.00,1.00,0.99,0.99,0.82,0.22,inferred
Colchester,2021-07-04,1.00,1.00,1.00,0.99,0.99,0.82,0.22,inferred
Colchester,2021-07-05,1.00,1.00,1.00,0.99,0.99,0.82,0.22,inferred
Colchester,2021-07-06,1.00,1.00,0.99,0.97,0.92,0.68,0.24,projected
Colchester,2021-07-07,1.00,1.00,0.99,0.97,0.92,0.68,0.24,projected
Colchester,2021-07-08,1.00,1.00,0.99,0.97,0.92,0.68,0.24,projected
Colchester,2021-07-09,1.00,1.00,0.99,0.97,0.92,0.68,0.24,projected
Colchester,2021-07-10,1.00,1.00,0.99,0.97,0.92,0.68,0.24,projected
Colchester,2021-07-11,1.00,1.00,0.99,0.97,0.92,0.68,0.24,projected
Colchester,2021-07-12,1.00,1.00,0.99,0.97,0.92,0.68,0.24,projected
Colchester,2021-07-13,0.99,0.98,0.96,0.92,0.87,0.61,0.26,projected
Colchester,2021-07-14,0.99,0.98,0.96,0.92,0.87,0.61,0.26,projected
Colchester,2021-07-15,0.99,0.98,0.96,0.92,0.87,0.61,0.26,projected
Colchester,2021-07-16,0.99,0.98,0.96,0.92,0.87,0.61,0.26,projected
Colchester,2021-07-17,0.99,0.98,0.96,0.92,0.87,0.61,0.26,projected
Colchester,2021-07-18,0.99,0.98,0.96,0.92,0.87,0.61,0.26,projected
Colchester,2021-07-19,0.99,0.98,0.96,0.92,0.87,0.61,0.26,projected
Colchester,2021-07-20,0.99,0.97,0.95,0.91,0.85,0.60,0.27,projected
Colchester,2021-07-21,0.99,0.97,0.95,0.91,0.85,0.60,0.27,projected
Colchester,2021-07-22,0.99,0.97,0.95,0.91,0.85,0.60,0.27,projected
Colchester,2021-07-23,0.99,0.97,0.95,0.91,0.85,0.60,0.27,projected
Colchester,2021-07-24,0.99,0.97,0.95,0.91,0.85,0.60,0.27,projected
Colchester,2021-07-25,0.99,0.97,0.95,0.91,0.85,0.60,0.27,projected
Colchester,2021-07-26,0.99,0.97,0.95,0.91,0.85,0.60,0.27,projected
Conwy,2021-03-23,0.00,0.00,0.00,0.00,0.00,0.00,0.00,inferred
Conwy,2021-03-24,0.00,0.00,0.00,0.00,0.00,0.00,0.00,inferred
Conwy,2021-03-25,0.00,0.00,0.00,0.00,0.00,0.00,0.00,inferred
Conwy,2021-03-26,0.00,0.00,0.00,0.00,0.00,0.00,0.00,inferred
Conwy,2021-03-27,0.00,0.00,0.00,0.00,0.00,0.00,0.00,inferred
Conwy,2021-03-28,0.00,0.00,0.00,0.00,0.00,0.00,0.00,inferred
Conwy,2021-03-29,0.00,0.00,0.00,0.00,0.00,0.00,0.00,inferred
Conwy,2021-03-30,0.08,0.03,0.01,0.00,0.00,0.00,0.00,inferred
Conwy,2021-03-31,0.08,0.03,0.01,0.00,0.00,0.00,0.00,inferred
Conwy,2021-04-01,0.08,0.03,0.01,0.00,0.00,0.00,0.00,inferred
Conwy,2021-04-02,0.08,0.03,0.01,0.00,0.00,0.00,0.00,inferred
Conwy,2021-04-03,0.08,0.03,0.01,0.00,0.00,0.00,0.00,inferred
Conwy,2021-04-04,0.08,0.03,0.01,0.00,0.00,0.00,0.00,inferred
Conwy,2021-04-05,0.08,0.03,0.01,0.00,0.00,0.00,0.00,inferred
Conwy,2021-04-06,0.16,0.08,0.03,0.02,0.00,0.00,0.00,inferred
Conwy,2021-04-07,0.16,0.08,0.03,0.02,0.00,0.00,0.00,inferred
Conwy,2021-04-08,0.16,0.08,0.03,0.02,0.00,0.00,0.00,inferred
Conwy,2021-04-09,0.16,0.08,0.03,0.02,0.00,0.00,0.00,inferred
Conwy,2021-04-10,0.16,0.08,0.03,0.02,0.00,0.00,0.00,inferred
Conwy,2021-04-11,0.16,0.08,0.03,0.02,0.00,0.00,0.00,inferred
Conwy,2021-04-12,0.16,0.08,0.03,0.02,0.00,0.00,0.00,inferred
Conwy,2021-04-13,0.49,0.35,0.23,0.14,0.08,0.01,0.00,inferred
Conwy,2021-04-14,0.49,0.35,0.23,0.14,0.08,0.01,0.00,inferred
Conwy,2021-04-15,0.49,0.35,0.23,0.14,0.08,0.01,0.00,inferred
Conwy,2021-04-16,0.49,0.35,0.23,0.14,0.08,0.01,0.00,inferred
Conwy,2021-04-17,0.49,0.35,0.23,0.14,0.08,0.01,0.00,inferred
Conwy,2021-04-18,0.49,0.35,0.23,0.14,0.08,0.01,0.00,inferred
Conwy,2021-04-19,0.49,0.35,0.23,0.14,0.08,0.01,0.00,inferred
Conwy,2021-04-20,0.64,0.49,0.34,0.21,0.13,0.02,0.00,inferred
Conwy,2021-04-21,0.64,0.49,0.34,0.21,0.13,0.02,0.00,inferred
Conwy,2021-04-22,0.64,0.49,0.34,0.21,0.13,0.02,0.00,inferred
Conwy,2021-04-23,0.64,0.49,0.34,0.21,0.13,0.02,0.00,inferred
Conwy,2021-04-24,0.64,0.49,0.34,0.21,0.13,0.02,0.00,inferred
Conwy,2021-04-25,0.64,0.49,0.34,0.21,0.13,0.02,0.00,inferred
Conwy,2021-04-26,0.64,0.49,0.34,0.21,0.13,0.02,0.00,inferred
Conwy,2021-04-27,0.79,0.66,0.54,0.40,0.28,0.07,0.00,inferred
Conwy,2021-04-28,0.79,0.66,0.54,0.40,0.28,0.07,0.00,inferred
Conwy,2021-04-29,0.79,0.66,0.54,0.40,0.28,0.07,0.00,inferred
Conwy,2021-04-30,0.79,0.66,0.54,0.40,0.28,0.07,0.00,inferred
Conwy,2021-05-01,0.79,0.66,0.54,0.40,0.28,0.07,0.00,inferred
Conwy,2021-05-02,0.79,0.66,0.54,0.40,0.28,0.07,0.00,inferred
Conwy,2021-05-03,0.79,0.66,0.54,0.40,0.28,0.07,0.00,inferred
Conwy,2021-05-04,0.95,0.89,0.81,0.71,0.60,0.27,0.03,inferred
Conwy,2021-05-05,0.95,0.89,0.81,0.71,0.60,0.27,0.03,inferred
Conwy,2021-05-06,0.95,0.89,0.81,0.71,0.60,0.27,0.03,inferred
Conwy,2021-05-07,0.95,0.89,0.81,0.71,0.60,0.27,0.03,inferred
Conwy,2021-05-08,0.95,0.89,0.81,0.71,0.60,0.27,0.03,inferred
Conwy,2021-05-09,0.95,0.89,0.81,0.71,0.60,0.27,0.03,inferred
Conwy,2021-05-10,0.95,0.89,0.81,0.71,0.60,0.27,0.03,inferred
Conwy,2021-05-11,0.98,0.96,0.92,0.86,0.79,0.47,0.10,inferred
Conwy,2021-05-12,0.98,0.96,0.92,0.86,0.79,0.47,0.10,inferred
Conwy,2021-05-13,0.98,0.96,0.92,0.86,0.79,0.47,0.10,inferred
Conwy,2021-05-14,0.98,0.96,0.92,0.86,0.79,0.47,0.10,inferred
Conwy,2021-05-15,0.98,0.96,0.92,0.86,0.79,0.47,0.10,inferred
Conwy,2021-05-16,0.98,0.96,0.92,0.86,0.79,0.47,0.10,inferred
Conwy,2021-05-17,0.98,0.96,0.92,0.86,0.79,0.47,0.10,inferred
Conwy,2021-05-18,1.00,1.00,1.00,0.99,0.99,0.91,0.50,inferred
Conwy,2021-05-19,1.00,1.00,1.00,0.99,0.99,0.91,0.50,inferred
Conwy,2021-05-20,1.00,1.00,1.00,0.99,0.99,0.91,0.50,inferred
Conwy,2021-05-21,1.00,1.00,1.00,0.99,0.99,0.91,0.50,inferred
Conwy,2021-05-22,1.00,1.00,1.00,0.99,0.99,0.91,0.50,inferred
Conwy,2021-05-23,1.00,1.00,1.00,0.99,0.99,0.91,0.50,inferred
Conwy,2021-05-24,1.00,1.00,1.00,0.99,0.99,0.91,0.50,inferred
Conwy,2021-05-25,1.00,1.00,1.00,0.99,0.98,0.86,0.37,inferred
Conwy,2021-05-26,1.00,1.00,1.00,0.99,0.98,0.86,0.37,inferred
Conwy,2021-05-27,1.00,1.00,1.00,0.99,0.98,0.86,0.37,inferred
Conwy,2021-05-28,1.00,1.00,1.00,0.99,0.98,0.86,0.37,inferred
Conwy,2021-05-29,1.00,1.00,1.00,0.99,0.98,0.86,0.37,inferred
Conwy,2021-05-30,1.00,1.00,1.00,0.99,0.98,0.86,0.37,inferred
Conwy,2021-05-31,1.00,1.00,1.00,0.99,0.98,0.86,0.37,inferred
Conwy,2021-06-01,1.00,1.00,1.00,1.00,1.00,0.91,0.44,inferred
Conwy,2021-06-02,1.00,1.00,1.00,1.00,1.00,0.91,0.44,inferred
Conwy,2021-06-03,1.00,1.00,1.00,1.00,1.00,0.91,0.44,inferred
Conwy,2021-06-04,1.00,1.00,1.00,1.00,1.00,0.91,0.44,inferred
Conwy,2021-06-05,1.00,1.00,1.00,1.00,1.00,0.91,0.44,inferred
Conwy,2021-06-06,1.00,1.00,1.00,1.00,1.00,0.91,0.44,inferred
Conwy,2021-06-07,1.00,1.00,1.00,1.00,1.00,0.91,0.44,inferred
Conwy,2021-06-08,1.00,0.99,0.93,0.82,0.64,0.17,0.00,inferred
Conwy,2021-06-09,1.00,0.99,0.93,0.82,0.64,0.17,0.00,inferred
Conwy,2021-06-10,1.00,0.99,0.93,0.82,0.64,0.17,0.00,inferred
Conwy,2021-06-11,1.00,0.99,0.93,0.82,0.64,0.17,0.00,inferred
Conwy,2021-06-12,1.00,0.99,0.93,0.82,0.64,0.17,0.00,inferred
Conwy,2021-06-13,1.00,0.99,0.93,0.82,0.64,0.17,0.00,inferred
Conwy,2021-06-14,1.00,0.99,0.93,0.82,0.64,0.17,0.00,inferred
Conwy,2021-06-15,1.00,1.00,0.98,0.90,0.73,0.15,0.00,inferred
Conwy,2021-06-16,1.00,1.00,0.98,0.90,0.73,0.15,0.00,inferred
Conwy,2021-06-17,1.00,1.00,0.98,0.90,0.73,0.15,0.00,inferred
Conwy,2021-06-18,1.00,1.00,0.98,0.90,0.73,0.15,0.00,inferred
Conwy,2021-06-19,1.00,1.00,0.98,0.90,0.73,0.15,0.00,inferred
Conwy,2021-06-20,1.00,1.00,0.98,0.90,0.73,0.15,0.00,inferred
Conwy,2021-06-21,1.00,1.00,0.98,0.90,0.73,0.15,0.00,inferred
Conwy,2021-06-22,1.00,1.00,1.00,0.99,0.92,0.40,0.01,inferred
Conwy,2021-06-23,1.00,1.00,1.00,0.99,0.92,0.40,0.01,inferred
Conwy,2021-06-24,1.00,1.00,1.00,0.99,0.92,0.40,0.01,inferred
Conwy,2021-06-25,1.00,1.00,1.00,0.99,0.92,0.40,0.01,inferred
Conwy,2021-06-26,1.00,1.00,1.00,0.99,0.92,0.40,0.01,inferred
Conwy,2021-06-27,1.00,1.00,1.00,0.99,0.92,0.40,0.01,inferred
Conwy,2021-06-28,1.00,1.00,1.00,0.99,0.92,0.40,0.01,inferred
Conwy,2021-06-29,0.95,0.87,0.76,0.59,0.45,0.12,0.01,inferred
Conwy,2021-06-30,0.95,0.87,0.76,0.59,0.45,0.12,0.01,inferred
Conwy,2021-07-01,0.95,0.87,0.76,0.59,0.45,0.12,0.01,inferred
Conwy,2021-07-02,0.95,0.87,0.76,0.59,0.45,0.12,0.01,inferred
Conwy,2021-07-03,0.95,0.87,0.76,0.59,0.45,0.12,0.01,inferred
Conwy,2021-07-04,0.95,0.87,0.76,0.59,0.45,0.12,0.01,inferred
Conwy,2021-07-05,0.95,0.87,0.76,0.59,0.45,0.12,0.01,inferred
Conwy,2021-07-06,0.88,0.78,0.69,0.57,0.46,0.21,0.05,projected
Conwy,2021-07-07,0.88,0.78,0.69,0.57,0.46,0.21,0.05,projected
Conwy,2021-07-08,0.88,0.78,0.69,0.57,0.46,0.21,0.05,projected
Conwy,2021-07-09,0.88,0.78,0.69,0.57,0.46,0.21,0.05,projected
Conwy,2021-07-10,0.88,0.78,0.69,0.57,0.46,0.21,0.05,projected
Conwy,2021-07-11,0.88,0.78,0.69,0.57,0.46,0.21,0.05,projected
Conwy,2021-07-12,0.88,0.78,0.69,0.57,0.46,0.21,0.05,projected
Conwy,2021-07-13,0.85,0.78,0.67,0.57,0.48,0.26,0.08,projected
Conwy,2021-07-14,0.85,0.78,0.67,0.57,0.48,0.26,0.08,projected
Conwy,2021-07-15,0.85,0.78,0.67,0.57,0.48,0.26,0.08,projected
Conwy,2021-07-16,0.85,0.78,0.67,0.57,0.48,0.26,0.08,projected
Conwy,2021-07-17,0.85,0.78,0.67,0.57,0.48,0.26,0.08,projected
Conwy,2021-07-18,0.85,0.78,0.67,0.57,0.48,0.26,0.08,projected
Conwy,2021-07-19,0.85,0.78,0.67,0.57,0.48,0.26,0.08,projected
Conwy,2021-07-20,0.86,0.78,0.69,0.59,0.50,0.28,0.11,projected
Conwy,2021-07-21,0.86,0.78,0.69,0.59,0.50,0.28,0.11,projected
Conwy,2021-07-22,0.86,0.78,0.69,0.59,0.50,0.28,0.11,projected
Conwy,2021-07-23,0.86,0.78,0.69,0.59,0.50,0.28,0.11,projected
Conwy,2021-07-24,0.86,0.78,0.69,0.59,0.50,0.28,0.11,projected
Conwy,2021-07-25,0.86,0.78,0.69,0.59,0.50,0.28,0.11,projected
Conwy,2021-07-26,0.86,0.78,0.69,0.59,0.50,0.28,0.11,projected
Copeland,2021-03-23,0.36,0.19,0.08,0.03,0.01,0.00,0.00,inferred
Copeland,2021-03-24,0.36,0.19,0.08,0.03,0.01,0.00,0.00,inferred
Copeland,2021-03-25,0.36,0.19,0.08,0.03,0.01,0.00,0.00,inferred
Copeland,2021-03-26,0.36,0.19,0.08,0.03,0.01,0.00,0.00,inferred
Copeland,2021-03-27,0.36,0.19,0.08,0.03,0.01,0.00,0.00,inferred
Copeland,2021-03-28,0.36,0.19,0.08,0.03,0.01,0.00,0.00,inferred
Copeland,2021-03-29,0.36,0.19,0.08,0.03,0.01,0.00,0.00,inferred
Copeland,2021-03-30,0.56,0.36,0.19,0.09,0.03,0.00,0.00,inferred
Copeland,2021-03-31,0.56,0.36,0.19,0.09,0.03,0.00,0.00,inferred
Copeland,2021-04-01,0.56,0.36,0.19,0.09,0.03,0.00,0.00,inferred
Copeland,2021-04-02,0.56,0.36,0.19,0.09,0.03,0.00,0.00,inferred
Copeland,2021-04-03,0.56,0.36,0.19,0.09,0.03,0.00,0.00,inferred
Copeland,2021-04-04,0.56,0.36,0.19,0.09,0.03,0.00,0.00,inferred
Copeland,2021-04-05,0.56,0.36,0.19,0.09,0.03,0.00,0.00,inferred
Copeland,2021-04-06,0.42,0.25,0.14,0.07,0.03,0.00,0.00,inferred
Copeland,2021-04-07,0.42,0.25,0.14,0.07,0.03,0.00,0.00,inferred
Copeland,2021-04-08,0.42,0.25,0.14,0.07,0.03,0.00,0.00,inferred
Copeland,2021-04-09,0.42,0.25,0.14,0.07,0.03,0.00,0.00,inferred
Copeland,2021-04-10,0.42,0.25,0.14,0.07,0.03,0.00,0.00,inferred
Copeland,2021-04-11,0.42,0.25,0.14,0.07,0.03,0.00,0.00,inferred
Copeland,2021-04-12,0.42,0.25,0.14,0.07,0.03,0.00,0.00,inferred
Copeland,2021-04-13,0.35,0.22,0.10,0.05,0.02,0.00,0.00,inferred
Copeland,2021-04-14,0.35,0.22,0.10,0.05,0.02,0.00,0.00,inferred
Copeland,2021-04-15,0.35,0.22,0.10,0.05,0.02,0.00,0.00,inferred
Copeland,2021-04-16,0.35,0.22,0.10,0.05,0.02,0.00,0.00,inferred
Copeland,2021-04-17,0.35,0.22,0.10,0.05,0.02,0.00,0.00,inferred
Copeland,2021-04-18,0.35,0.22,0.10,0.05,0.02,0.00,0.00,inferred
Copeland,2021-04-19,0.35,0.22,0.10,0.05,0.02,0.00,0.00,inferred
Copeland,2021-04-20,0.32,0.18,0.10,0.05,0.03,0.00,0.00,inferred
Copeland,2021-04-21,0.32,0.18,0.10,0.05,0.03,0.00,0.00,inferred
Copeland,2021-04-22,0.32,0.18,0.10,0.05,0.03,0.00,0.00,inferred
Copeland,2021-04-23,0.32,0.18,0.10,0.05,0.03,0.00,0.00,inferred
Copeland,2021-04-24,0.32,0.18,0.10,0.05,0.03,0.00,0.00,inferred
Copeland,2021-04-25,0.32,0.18,0.10,0.05,0.03,0.00,0.00,inferred
Copeland,2021-04-26,0.32,0.18,0.10,0.05,0.03,0.00,0.00,inferred
Copeland,2021-04-27,0.71,0.58,0.44,0.32,0.22,0.05,0.00,inferred
Copeland,2021-04-28,0.71,0.58,0.44,0.32,0.22,0.05,0.00,inferred
Copeland,2021-04-29,0.71,0.58,0.44,0.32,0.22,0.05,0.00,inferred
Copeland,2021-04-30,0.71,0.58,0.44,0.32,0.22,0.05,0.00,inferred
Copeland,2021-05-01,0.71,0.58,0.44,0.32,0.22,0.05,0.00,inferred
Copeland,2021-05-02,0.71,0.58,0.44,0.32,0.22,0.05,0.00,inferred
Copeland,2021-05-03,0.71,0.58,0.44,0.32,0.22,0.05,0.00,inferred
Copeland,2021-05-04,0.84,0.75,0.61,0.44,0.32,0.09,0.01,inferred
Copeland,2021-05-05,0.84,0.75,0.61,0.44,0.32,0.09,0.01,inferred
Copeland,2021-05-06,0.84,0.75,0.61,0.44,0.32,0.09,0.01,inferred
Copeland,2021-05-07,0.84,0.75,0.61,0.44,0.32,0.09,0.01,inferred
Copeland,2021-05-08,0.84,0.75,0.61,0.44,0.32,0.09,0.01,inferred
Copeland,2021-05-09,0.84,0.75,0.61,0.44,0.32,0.09,0.01,inferred
Copeland,2021-05-10,0.84,0.75,0.61,0.44,0.32,0.09,0.01,inferred
Copeland,2021-05-11,0.89,0.79,0.67,0.53,0.40,0.13,0.01,inferred
Copeland,2021-05-12,0.89,0.79,0.67,0.53,0.40,0.13,0.01,inferred
Copeland,2021-05-13,0.89,0.79,0.67,0.53,0.40,0.13,0.01,inferred
Copeland,2021-05-14,0.89,0.79,0.67,0.53,0.40,0.13,0.01,inferred
Copeland,2021-05-15,0.89,0.79,0.67,0.53,0.40,0.13,0.01,inferred
Copeland,2021-05-16,0.89,0.79,0.67,0.53,0.40,0.13,0.01,inferred
Copeland,2021-05-17,0.89,0.79,0.67,0.53,0.40,0.13,0.01,inferred
Copeland,2021-05-18,0.97,0.93,0.87,0.79,0.68,0.34,0.05,inferred
Copeland,2021-05-19,0.97,0.93,0.87,0.79,0.68,0.34,0.05,inferred
Copeland,2021-05-20,0.97,0.93,0.87,0.79,0.68,0.34,0.05,inferred
Copeland,2021-05-21,0.97,0.93,0.87,0.79,0.68,0.34,0.05,inferred
Copeland,2021-05-22,0.97,0.93,0.87,0.79,0.68,0.34,0.05,inferred
Copeland,2021-05-23,0.97,0.93,0.87,0.79,0.68,0.34,0.05,inferred
Copeland,2021-05-24,0.97,0.93,0.87,0.79,0.68,0.34,0.05,inferred
Copeland,2021-05-25,1.00,0.99,0.96,0.94,0.89,0.61,0.16,inferred
Copeland,2021-05-26,1.00,0.99,0.96,0.94,0.89,0.61,0.16,inferred
Copeland,2021-05-27,1.00,0.99,0.96,0.94,0.89,0.61,0.16,inferred
Copeland,2021-05-28,1.00,0.99,0.96,0.94,0.89,0.61,0.16,inferred
Copeland,2021-05-29,1.00,0.99,0.96,0.94,0.89,0.61,0.16,inferred
Copeland,2021-05-30,1.00,0.99,0.96,0.94,0.89,0.61,0.16,inferred
Copeland,2021-05-31,1.00,0.99,0.96,0.94,0.89,0.61,0.16,inferred
Copeland,2021-06-01,1.00,1.00,0.99,0.98,0.95,0.74,0.24,inferred
Copeland,2021-06-02,1.00,1.00,0.99,0.98,0.95,0.74,0.24,inferred
Copeland,2021-06-03,1.00,1.00,0.99,0.98,0.95,0.74,0.24,inferred
Copeland,2021-06-04,1.00,1.00,0.99,0.98,0.95,0.74,0.24,inferred
Copeland,2021-06-05,1.00,1.00,0.99,0.98,0.95,0.74,0.24,inferred
Copeland,2021-06-06,1.00,1.00,0.99,0.98,0.95,0.74,0.24,inferred
Copeland,2021-06-07,1.00,1.00,0.99,0.98,0.95,0.74,0.24,inferred
Copeland,2021-06-08,1.00,1.00,1.00,0.99,0.98,0.80,0.29,inferred
Copeland,2021-06-09,1.00,1.00,1.00,0.99,0.98,0.80,0.29,inferred
Copeland,2021-06-10,1.00,1.00,1.00,0.99,0.98,0.80,0.29,inferred
Copeland,2021-06-11,1.00,1.00,1.00,0.99,0.98,0.80,0.29,inferred
Copeland,2021-06-12,1.00,1.00,1.00,0.99,0.98,0.80,0.29,inferred
Copeland,2021-06-13,1.00,1.00,1.00,0.99,0.98,0.80,0.29,inferred
Copeland,2021-06-14,1.00,1.00,1.00,0.99,0.98,0.80,0.29,inferred
Copeland,2021-06-15,1.00,1.00,1.00,1.00,0.98,0.81,0.24,inferred
Copeland,2021-06-16,1.00,1.00,1.00,1.00,0.98,0.81,0.24,inferred
Copeland,2021-06-17,1.00,1.00,1.00,1.00,0.98,0.81,0.24,inferred
Copeland,2021-06-18,1.00,1.00,1.00,1.00,0.98,0.81,0.24,inferred
Copeland,2021-06-19,1.00,1.00,1.00,1.00,0.98,0.81,0.24,inferred
Copeland,2021-06-20,1.00,1.00,1.00,1.00,0.98,0.81,0.24,inferred
Copeland,2021-06-21,1.00,1.00,1.00,1.00,0.98,0.81,0.24,inferred
Copeland,2021-06-22,1.00,1.00,1.00,1.00,1.00,0.95,0.42,inferred
Copeland,2021-06-23,1.00,1.00,1.00,1.00,1.00,0.95,0.42,inferred
Copeland,2021-06-24,1.00,1.00,1.00,1.00,1.00,0.95,0.42,inferred
Copeland,2021-06-25,1.00,1.00,1.00,1.00,1.00,0.95,0.42,inferred
Copeland,2021-06-26,1.00,1.00,1.00,1.00,1.00,0.95,0.42,inferred
Copeland,2021-06-27,1.00,1.00,1.00,1.00,1.00,0.95,0.42,inferred
Copeland,2021-06-28,1.00,1.00,1.00,1.00,1.00,0.95,0.42,inferred
Copeland,2021-06-29,1.00,1.00,1.00,1.00,1.00,0.99,0.87,inferred
Copeland,2021-06-30,1.00,1.00,1.00,1.00,1.00,0.99,0.87,inferred
Copeland,2021-07-01,1.00,1.00,1.00,1.00,1.00,0.99,0.87,inferred
Copeland,2021-07-02,1.00,1.00,1.00,1.00,1.00,0.99,0.87,inferred
Copeland,2021-07-03,1.00,1.00,1.00,1.00,1.00,0.99,0.87,inferred
Copeland,2021-07-04,1.00,1.00,1.00,1.00,1.00,0.99,0.87,inferred
Copeland,2021-07-05,1.00,1.00,1.00,1.00,1.00,0.99,0.87,inferred
Copeland,2021-07-06,1.00,1.00,1.00,0.99,0.99,0.93,0.70,projected
Copeland,2021-07-07,1.00,1.00,1.00,0.99,0.99,0.93,0.70,projected
Copeland,2021-07-08,1.00,1.00,1.00,0.99,0.99,0.93,0.70,projected
Copeland,2021-07-09,1.00,1.00,1.00,0.99,0.99,0.93,0.70,projected
Copeland,2021-07-10,1.00,1.00,1.00,0.99,0.99,0.93,0.70,projected
Copeland,2021-07-11,1.00,1.00,1.00,0.99,0.99,0.93,0.70,projected
Copeland,2021-07-12,1.00,1.00,1.00,0.99,0.99,0.93,0.70,projected
Copeland,2021-07-13,1.00,0.99,0.99,0.97,0.95,0.85,0.59,projected
Copeland,2021-07-14,1.00,0.99,0.99,0.97,0.95,0.85,0.59,projected
Copeland,2021-07-15,1.00,0.99,0.99,0.97,0.95,0.85,0.59,projected
Copeland,2021-07-16,1.00,0.99,0.99,0.97,0.95,0.85,0.59,projected
Copeland,2021-07-17,1.00,0.99,0.99,0.97,0.95,0.85,0.59,projected
Copeland,2021-07-18,1.00,0.99,0.99,0.97,0.95,0.85,0.59,projected
Copeland,2021-07-19,1.00,0.99,0.99,0.97,0.95,0.85,0.59,projected
Copeland,2021-07-20,0.99,0.98,0.97,0.95,0.92,0.80,0.54,projected
Copeland,2021-07-21,0.99,0.98,0.97,0.95,0.92,0.80,0.54,projected
Copeland,2021-07-22,0.99,0.98,0.97,0.95,0.92,0.80,0.54,projected
Copeland,2021-07-23,0.99,0.98,0.97,0.95,0.92,0.80,0.54,projected
Copeland,2021-07-24,0.99,0.98,0.97,0.95,0.92,0.80,0.54,projected
Copeland,2021-07-25,0.99,0.98,0.97,0.95,0.92,0.80,0.54,projected
Copeland,2021-07-26,0.99,0.98,0.97,0.95,0.92,0.80,0.54,projected
Corby,2021-03-23,0.01,0.00,0.00,0.00,0.00,0.00,0.00,inferred
Corby,2021-03-24,0.01,0.00,0.00,0.00,0.00,0.00,0.00,inferred
Corby,2021-03-25,0.01,0.00,0.00,0.00,0.00,0.00,0.00,inferred
Corby,2021-03-26,0.01,0.00,0.00,0.00,0.00,0.00,0.00,inferred
Corby,2021-03-27,0.01,0.00,0.00,0.00,0.00,0.00,0.00,inferred
Corby,2021-03-28,0.01,0.00,0.00,0.00,0.00,0.00,0.00,inferred
Corby,2021-03-29,0.01,0.00,0.00,0.00,0.00,0.00,0.00,inferred
Corby,2021-03-30,0.03,0.01,0.00,0.00,0.00,0.00,0.00,inferred
Corby,2021-03-31,0.03,0.01,0.00,0.00,0.00,0.00,0.00,inferred
Corby,2021-04-01,0.03,0.01,0.00,0.00,0.00,0.00,0.00,inferred
Corby,2021-04-02,0.03,0.01,0.00,0.00,0.00,0.00,0.00,inferred
Corby,2021-04-03,0.03,0.01,0.00,0.00,0.00,0.00,0.00,inferred
Corby,2021-04-04,0.03,0.01,0.00,0.00,0.00,0.00,0.00,inferred
Corby,2021-04-05,0.03,0.01,0.00,0.00,0.00,0.00,0.00,inferred
Corby,2021-04-06,0.02,0.00,0.00,0.00,0.00,0.00,0.00,inferred
Corby,2021-04-07,0.02,0.00,0.00,0.00,0.00,0.00,0.00,inferred
Corby,2021-04-08,0.02,0.00,0.00,0.00,0.00,0.00,0.00,inferred
Corby,2021-04-09,0.02,0.00,0.00,0.00,0.00,0.00,0.00,inferred
Corby,2021-04-10,0.02,0.00,0.00,0.00,0.00,0.00,0.00,inferred
Corby,2021-04-11,0.02,0.00,0.00,0.00,0.00,0.00,0.00,inferred
Corby,2021-04-12,0.02,0.00,0.00,0.00,0.00,0.00,0.00,inferred
Corby,2021-04-13,0.49,0.26,0.10,0.03,0.01,0.00,0.00,inferred
Corby,2021-04-14,0.49,0.26,0.10,0.03,0.01,0.00,0.00,inferred
Corby,2021-04-15,0.49,0.26,0.10,0.03,0.01,0.00,0.00,inferred
Corby,2021-04-16,0.49,0.26,0.10,0.03,0.01,0.00,0.00,inferred
Corby,2021-04-17,0.49,0.26,0.10,0.03,0.01,0.00,0.00,inferred
Corby,2021-04-18,0.49,0.26,0.10,0.03,0.01,0.00,0.00,inferred
Corby,2021-04-19,0.49,0.26,0.10,0.03,0.01,0.00,0.00,inferred
Corby,2021-04-20,0.69,0.46,0.25,0.12,0.04,0.00,0.00,inferred
Corby,2021-04-21,0.69,0.46,0.25,0.12,0.04,0.00,0.00,inferred
Corby,2021-04-22,0.69,0.46,0.25,0.12,0.04,0.00,0.00,inferred
Corby,2021-04-23,0.69,0.46,0.25,0.12,0.04,0.00,0.00,inferred
Corby,2021-04-24,0.69,0.46,0.25,0.12,0.04,0.00,0.00,inferred
Corby,2021-04-25,0.69,0.46,0.25,0.12,0.04,0.00,0.00,inferred
Corby,2021-04-26,0.69,0.46,0.25,0.12,0.04,0.00,0.00,inferred
Corby,2021-04-27,0.93,0.82,0.63,0.40,0.22,0.02,0.00,inferred
Corby,2021-04-28,0.93,0.82,0.63,0.40,0.22,0.02,0.00,inferred
Corby,2021-04-29,0.93,0.82,0.63,0.40,0.22,0.02,0.00,inferred
Corby,2021-04-30,0.93,0.82,0.63,0.40,0.22,0.02,0.00,inferred
Corby,2021-05-01,0.93,0.82,0.63,0.40,0.22,0.02,0.00,inferred
Corby,2021-05-02,0.93,0.82,0.63,0.40,0.22,0.02,0.00,inferred
Corby,2021-05-03,0.93,0.82,0.63,0.40,0.22,0.02,0.00,inferred
Corby,2021-05-04,0.36,0.17,0.07,0.02,0.01,0.00,0.00,inferred
Corby,2021-05-05,0.36,0.17,0.07,0.02,0.01,0.00,0.00,inferred
Corby,2021-05-06,0.36,0.17,0.07,0.02,0.01,0.00,0.00,inferred
Corby,2021-05-07,0.36,0.17,0.07,0.02,0.01,0.00,0.00,inferred
Corby,2021-05-08,0.36,0.17,0.07,0.02,0.01,0.00,0.00,inferred
Corby,2021-05-09,0.36,0.17,0.07,0.02,0.01,0.00,0.00,inferred
Corby,2021-05-10,0.36,0.17,0.07,0.02,0.01,0.00,0.00,inferred
Corby,2021-05-11,0.38,0.21,0.10,0.03,0.01,0.00,0.00,inferred
Corby,2021-05-12,0.38,0.21,0.10,0.03,0.01,0.00,0.00,inferred
Corby,2021-05-13,0.38,0.21,0.10,0.03,0.01,0.00,0.00,inferred
Corby,2021-05-14,0.38,0.21,0.10,0.03,0.01,0.00,0.00,inferred
Corby,2021-05-15,0.38,0.21,0.10,0.03,0.01,0.00,0.00,inferred
Corby,2021-05-16,0.38,0.21,0.10,0.03,0.01,0.00,0.00,inferred
Corby,2021-05-17,0.38,0.21,0.10,0.03,0.01,0.00,0.00,inferred
Corby,2021-05-18,0.82,0.67,0.47,0.29,0.16,0.01,0.00,inferred
Corby,2021-05-19,0.82,0.67,0.47,0.29,0.16,0.01,0.00,inferred
Corby,2021-05-20,0.82,0.67,0.47,0.29,0.16,0.01,0.00,inferred
Corby,2021-05-21,0.82,0.67,0.47,0.29,0.16,0.01,0.00,inferred
Corby,2021-05-22,0.82,0.67,0.47,0.29,0.16,0.01,0.00,inferred
Corby,2021-05-23,0.82,0.67,0.47,0.29,0.16,0.01,0.00,inferred
Corby,2021-05-24,0.82,0.67,0.47,0.29,0.16,0.01,0.00,inferred
Corby,2021-05-25,0.74,0.55,0.36,0.20,0.10,0.01,0.00,inferred
Corby,2021-05-26,0.74,0.55,0.36,0.20,0.10,0.01,0.00,inferred
Corby,2021-05-27,0.74,0.55,0.36,0.20,0.10,0.01,0.00,inferred
Corby,2021-05-28,0.74,0.55,0.36,0.20,0.10,0.01,0.00,inferred
Corby,2021-05-29,0.74,0.55,0.36,0.20,0.10,0.01,0.00,inferred
Corby,2021-05-30,0.74,0.55,0.36,0.20,0.10,0.01,0.00,inferred
Corby,2021-05-31,0.74,0.55,0.36,0.20,0.10,0.01,0.00,inferred
Corby,2021-06-01,0.91,0.78,0.61,0.42,0.27,0.04,0.00,inferred
Corby,2021-06-02,0.91,0.78,0.61,0.42,0.27,0.04,0.00,inferred
Corby,2021-06-03,0.91,0.78,0.61,0.42,0.27,0.04,0.00,inferred
Corby,2021-06-04,0.91,0.78,0.61,0.42,0.27,0.04,0.00,inferred
Corby,2021-06-05,0.91,0.78,0.61,0.42,0.27,0.04,0.00,inferred
Corby,2021-06-06,0.91,0.78,0.61,0.42,0.27,0.04,0.00,inferred
Corby,2021-06-07,0.91,0.78,0.61,0.42,0.27,0.04,0.00,inferred
Corby,2021-06-08,0.98,0.93,0.83,0.71,0.54,0.15,0.01,inferred
Corby,2021-06-09,0.98,0.93,0.83,0.71,0.54,0.15,0.01,inferred
Corby,2021-06-10,0.98,0.93,0.83,0.71,0.54,0.15,0.01,inferred
Corby,2021-06-11,0.98,0.93,0.83,0.71,0.54,0.15,0.01,inferred
Corby,2021-06-12,0.98,0.93,0.83,0.71,0.54,0.15,0.01,inferred
Corby,2021-06-13,0.98,0.93,0.83,0.71,0.54,0.15,0.01,inferred
Corby,2021-06-14,0.98,0.93,0.83,0.71,0.54,0.15,0.01,inferred
Corby,2021-06-15,1.00,0.99,0.99,0.96,0.91,0.56,0.07,inferred
Corby,2021-06-16,1.00,0.99,0.99,0.96,0.91,0.56,0.07,inferred
Corby,2021-06-17,1.00,0.99,0.99,0.96,0.91,0.56,0.07,inferred
Corby,2021-06-18,1.00,0.99,0.99,0.96,0.91,0.56,0.07,inferred
Corby,2021-06-19,1.00,0.99,0.99,0.96,0.91,0.56,0.07,inferred
Corby,2021-06-20,1.00,0.99,0.99,0.96,0.91,0.56,0.07,inferred
Corby,2021-06-21,1.00,0.99,0.99,0.96,0.91,0.56,0.07,inferred
Corby,2021-06-22,1.00,1.00,1.00,1.00,1.00,0.97,0.69,inferred
Corby,2021-06-23,1.00,1.00,1.00,1.00,1.00,0.97,0.69,inferred
Corby,2021-06-24,1.00,1.00,1.00,1.00,1.00,0.97,0.69,inferred
Corby,2021-06-25,1.00,1.00,1.00,1.00,1.00,0.97,0.69,inferred
Corby,2021-06-26,1.00,1.00,1.00,1.00,1.00,0.97,0.69,inferred
Corby,2021-06-27,1.00,1.00,1.00,1.00,1.00,0.97,0.69,inferred
Corby,2021-06-28,1.00,1.00,1.00,1.00,1.00,0.97,0.69,inferred
Corby,2021-06-29,0.99,0.98,0.95,0.90,0.83,0.50,0.10,inferred
Corby,2021-06-30,0.99,0.98,0.95,0.90,0.83,0.50,0.10,inferred
Corby,2021-07-01,0.99,0.98,0.95,0.90,0.83,0.50,0.10,inferred
Corby,2021-07-02,0.99,0.98,0.95,0.90,0.83,0.50,0.10,inferred
Corby,2021-07-03,0.99,0.98,0.95,0.90,0.83,0.50,0.10,inferred
Corby,2021-07-04,0.99,0.98,0.95,0.90,0.83,0.50,0.10,inferred
Corby,2021-07-05,0.99,0.98,0.95,0.90,0.83,0.50,0.10,inferred
Corby,2021-07-06,0.97,0.94,0.88,0.82,0.75,0.47,0.15,projected
Corby,2021-07-07,0.97,0.94,0.88,0.82,0.75,0.47,0.15,projected
Corby,2021-07-08,0.97,0.94,0.88,0.82,0.75,0.47,0.15,projected
Corby,2021-07-09,0.97,0.94,0.88,0.82,0.75,0.47,0.15,projected
Corby,2021-07-10,0.97,0.94,0.88,0.82,0.75,0.47,0.15,projected
Corby,2021-07-11,0.97,0.94,0.88,0.82,0.75,0.47,0.15,projected
Corby,2021-07-12,0.97,0.94,0.88,0.82,0.75,0.47,0.15,projected
Corby,2021-07-13,0.95,0.90,0.85,0.77,0.69,0.44,0.17,projected
Corby,2021-07-14,0.95,0.90,0.85,0.77,0.69,0.44,0.17,projected
Corby,2021-07-15,0.95,0.90,0.85,0.77,0.69,0.44,0.17,projected
Corby,2021-07-16,0.95,0.90,0.85,0.77,0.69,0.44,0.17,projected
Corby,2021-07-17,0.95,0.90,0.85,0.77,0.69,0.44,0.17,projected
Corby,2021-07-18,0.95,0.90,0.85,0.77,0.69,0.44,0.17,projected
Corby,2021-07-19,0.95,0.90,0.85,0.77,0.69,0.44,0.17,projected
Corby,2021-07-20,0.95,0.91,0.84,0.76,0.68,0.45,0.19,projected
Corby,2021-07-21,0.95,0.91,0.84,0.76,0.68,0.45,0.19,projected
Corby,2021-07-22,0.95,0.91,0.84,0.76,0.68,0.45,0.19,projected
Corby,2021-07-23,0.95,0.91,0.84,0.76,0.68,0.45,0.19,projected
Corby,2021-07-24,0.95,0.91,0.84,0.76,0.68,0.45,0.19,projected
Corby,2021-07-25,0.95,0.91,0.84,0.76,0.68,0.45,0.19,projected
Corby,2021-07-26,0.95,0.91,0.84,0.76,0.68,0.45,0.19,projected
Cornwall,2021-03-23,0.27,0.08,0.02,0.00,0.00,0.00,0.00,inferred
Cornwall,2021-03-24,0.27,0.08,0.02,0.00,0.00,0.00,0.00,inferred
Cornwall,2021-03-25,0.27,0.08,0.02,0.00,0.00,0.00,0.00,inferred
Cornwall,2021-03-26,0.27,0.08,0.02,0.00,0.00,0.00,0.00,inferred
Cornwall,2021-03-27,0.27,0.08,0.02,0.00,0.00,0.00,0.00,inferred
Cornwall,2021-03-28,0.27,0.08,0.02,0.00,0.00,0.00,0.00,inferred
Cornwall,2021-03-29,0.27,0.08,0.02,0.00,0.00,0.00,0.00,inferred
Cornwall,2021-03-30,0.38,0.17,0.06,0.01,0.00,0.00,0.00,inferred
Cornwall,2021-03-31,0.38,0.17,0.06,0.01,0.00,0.00,0.00,inferred
Cornwall,2021-04-01,0.38,0.17,0.06,0.01,0.00,0.00,0.00,inferred
Cornwall,2021-04-02,0.38,0.17,0.06,0.01,0.00,0.00,0.00,inferred
Cornwall,2021-04-03,0.38,0.17,0.06,0.01,0.00,0.00,0.00,inferred
Cornwall,2021-04-04,0.38,0.17,0.06,0.01,0.00,0.00,0.00,inferred
Cornwall,2021-04-05,0.38,0.17,0.06,0.01,0.00,0.00,0.00,inferred
Cornwall,2021-04-06,0.91,0.78,0.56,0.35,0.19,0.01,0.00,inferred
Cornwall,2021-04-07,0.91,0.78,0.56,0.35,0.19,0.01,0.00,inferred
Cornwall,2021-04-08,0.91,0.78,0.56,0.35,0.19,0.01,0.00,inferred
Cornwall,2021-04-09,0.91,0.78,0.56,0.35,0.19,0.01,0.00,inferred
Cornwall,2021-04-10,0.91,0.78,0.56,0.35,0.19,0.01,0.00,inferred
Cornwall,2021-04-11,0.91,0.78,0.56,0.35,0.19,0.01,0.00,inferred
Cornwall,2021-04-12,0.91,0.78,0.56,0.35,0.19,0.01,0.00,inferred
Cornwall,2021-04-13,0.62,0.38,0.19,0.08,0.03,0.00,0.00,inferred
Cornwall,2021-04-14,0.62,0.38,0.19,0.08,0.03,0.00,0.00,inferred
Cornwall,2021-04-15,0.62,0.38,0.19,0.08,0.03,0.00,0.00,inferred
Cornwall,2021-04-16,0.62,0.38,0.19,0.08,0.03,0.00,0.00,inferred
Cornwall,2021-04-17,0.62,0.38,0.19,0.08,0.03,0.00,0.00,inferred
Cornwall,2021-04-18,0.62,0.38,0.19,0.08,0.03,0.00,0.00,inferred
Cornwall,2021-04-19,0.62,0.38,0.19,0.08,0.03,0.00,0.00,inferred
Cornwall,2021-04-20,0.45,0.23,0.09,0.02,0.01,0.00,0.00,inferred
Cornwall,2021-04-21,0.45,0.23,0.09,0.02,0.01,0.00,0.00,inferred
Cornwall,2021-04-22,0.45,0.23,0.09,0.02,0.01,0.00,0.00,inferred
Cornwall,2021-04-23,0.45,0.23,0.09,0.02,0.01,0.00,0.00,inferred
Cornwall,2021-04-24,0.45,0.23,0.09,0.02,0.01,0.00,0.00,inferred
Cornwall,2021-04-25,0.45,0.23,0.09,0.02,0.01,0.00,0.00,inferred
Cornwall,2021-04-26,0.45,0.23,0.09,0.02,0.01,0.00,0.00,inferred
Cornwall,2021-04-27,0.61,0.42,0.23,0.10,0.04,0.00,0.00,inferred
Cornwall,2021-04-28,0.61,0.42,0.23,0.10,0.04,0.00,0.00,inferred
Cornwall,2021-04-29,0.61,0.42,0.23,0.10,0.04,0.00,0.00,inferred
Cornwall,2021-04-30,0.61,0.42,0.23,0.10,0.04,0.00,0.00,inferred
Cornwall,2021-05-01,0.61,0.42,0.23,0.10,0.04,0.00,0.00,inferred
Cornwall,2021-05-02,0.61,0.42,0.23,0.10,0.04,0.00,0.00,inferred
Cornwall,2021-05-03,0.61,0.42,0.23,0.10,0.04,0.00,0.00,inferred
Cornwall,2021-05-04,0.55,0.34,0.18,0.08,0.03,0.00,0.00,inferred
Cornwall,2021-05-05,0.55,0.34,0.18,0.08,0.03,0.00,0.00,inferred
Cornwall,2021-05-06,0.55,0.34,0.18,0.08,0.03,0.00,0.00,inferred
Cornwall,2021-05-07,0.55,0.34,0.18,0.08,0.03,0.00,0.00,inferred
Cornwall,2021-05-08,0.55,0.34,0.18,0.08,0.03,0.00,0.00,inferred
Cornwall,2021-05-09,0.55,0.34,0.18,0.08,0.03,0.00,0.00,inferred
Cornwall,2021-05-10,0.55,0.34,0.18,0.08,0.03,0.00,0.00,inferred
Cornwall,2021-05-11,0.67,0.48,0.30,0.18,0.08,0.00,0.00,inferred
Cornwall,2021-05-12,0.67,0.48,0.30,0.18,0.08,0.00,0.00,inferred
Cornwall,2021-05-13,0.67,0.48,0.30,0.18,0.08,0.00,0.00,inferred
Cornwall,2021-05-14,0.67,0.48,0.30,0.18,0.08,0.00,0.00,inferred
Cornwall,2021-05-15,0.67,0.48,0.30,0.18,0.08,0.00,0.00,inferred
Cornwall,2021-05-16,0.67,0.48,0.30,0.18,0.08,0.00,0.00,inferred
Cornwall,2021-05-17,0.67,0.48,0.30,0.18,0.08,0.00,0.00,inferred
Cornwall,2021-05-18,0.83,0.68,0.50,0.35,0.22,0.03,0.00,inferred
Cornwall,2021-05-19,0.83,0.68,0.50,0.35,0.22,0.03,0.00,inferred
Cornwall,2021-05-20,0.83,0.68,0.50,0.35,0.22,0.03,0.00,inferred
Cornwall,2021-05-21,0.83,0.68,0.50,0.35,0.22,0.03,0.00,inferred
Cornwall,2021-05-22,0.83,0.68,0.50,0.35,0.22,0.03,0.00,inferred
Cornwall,2021-05-23,0.83,0.68,0.50,0.35,0.22,0.03,0.00,inferred
Cornwall,2021-05-24,0.83,0.68,0.50,0.35,0.22,0.03,0.00,inferred
Cornwall,2021-05-25,1.00,1.00,1.00,1.00,1.00,0.99,0.77,inferred
Cornwall,2021-05-26,1.00,1.00,1.00,1.00,1.00,0.99,0.77,inferred
Cornwall,2021-05-27,1.00,1.00,1.00,1.00,1.00,0.99,0.77,inferred
Cornwall,2021-05-28,1.00,1.00,1.00,1.00,1.00,0.99,0.77,inferred
Cornwall,2021-05-29,1.00,1.00,1.00,1.00,1.00,0.99,0.77,inferred
Cornwall,2021-05-30,1.00,1.00,1.00,1.00,1.00,0.99,0.77,inferred
Cornwall,2021-05-31,1.00,1.00,1.00,1.00,1.00,0.99,0.77,inferred
Cornwall,2021-06-01,1.00,1.00,1.00,1.00,1.00,1.00,1.00,inferred
Cornwall,2021-06-02,1.00,1.00,1.00,1.00,1.00,1.00,1.00,inferred
Cornwall,2021-06-03,1.00,1.00,1.00,1.00,1.00,1.00,1.00,inferred
Cornwall,2021-06-04,1.00,1.00,1.00,1.00,1.00,1.00,1.00,inferred
Cornwall,2021-06-05,1.00,1.00,1.00,1.00,1.00,1.00,1.00,inferred
Cornwall,2021-06-06,1.00,1.00,1.00,1.00,1.00,1.00,1.00,inferred
Cornwall,2021-06-07,1.00,1.00,1.00,1.00,1.00,1.00,1.00,inferred
Cornwall,2021-06-08,1.00,1.00,1.00,1.00,1.00,0.85,0.44,inferred
Cornwall,2021-06-09,1.00,1.00,1.00,1.00,1.00,0.85,0.44,inferred
Cornwall,2021-06-10,1.00,1.00,1.00,1.00,1.00,0.85,0.44,inferred
Cornwall,2021-06-11,1.00,1.00,1.00,1.00,1.00,0.85,0.44,inferred
Cornwall,2021-06-12,1.00,1.00,1.00,1.00,1.00,0.85,0.44,inferred
Cornwall,2021-06-13,1.00,1.00,1.00,1.00,1.00,0.85,0.44,inferred
Cornwall,2021-06-14,1.00,1.00,1.00,1.00,1.00,0.85,0.44,inferred
Cornwall,2021-06-15,1.00,1.00,0.91,0.64,0.33,0.01,0.00,inferred
Cornwall,2021-06-16,1.00,1.00,0.91,0.64,0.33,0.01,0.00,inferred
Cornwall,2021-06-17,1.00,1.00,0.91,0.64,0.33,0.01,0.00,inferred
Cornwall,2021-06-18,1.00,1.00,0.91,0.64,0.33,0.01,0.00,inferred
Cornwall,2021-06-19,1.00,1.00,0.91,0.64,0.33,0.01,0.00,inferred
Cornwall,2021-06-20,1.00,1.00,0.91,0.64,0.33,0.01,0.00,inferred
Cornwall,2021-06-21,1.00,1.00,0.91,0.64,0.33,0.01,0.00,inferred
Cornwall,2021-06-22,1.00,0.95,0.68,0.25,0.05,0.00,0.00,inferred
Cornwall,2021-06-23,1.00,0.95,0.68,0.25,0.05,0.00,0.00,inferred
Cornwall,2021-06-24,1.00,0.95,0.68,0.25,0.05,0.00,0.00,inferred
Cornwall,2021-06-25,1.00,0.95,0.68,0.25,0.05,0.00,0.00,inferred
Cornwall,2021-06-26,1.00,0.95,0.68,0.25,0.05,0.00,0.00,inferred
Cornwall,2021-06-27,1.00,0.95,0.68,0.25,0.05,0.00,0.00,inferred
Cornwall,2021-06-28,1.00,0.95,0.68,0.25,0.05,0.00,0.00,inferred
Cornwall,2021-06-29,0.70,0.47,0.24,0.09,0.03,0.00,0.00,inferred
Cornwall,2021-06-30,0.70,0.47,0.24,0.09,0.03,0.00,0.00,inferred
Cornwall,2021-07-01,0.70,0.47,0.24,0.09,0.03,0.00,0.00,inferred
Cornwall,2021-07-02,0.70,0.47,0.24,0.09,0.03,0.00,0.00,inferred
Cornwall,2021-07-03,0.70,0.47,0.24,0.09,0.03,0.00,0.00,inferred
Cornwall,2021-07-04,0.70,0.47,0.24,0.09,0.03,0.00,0.00,inferred
Cornwall,2021-07-05,0.70,0.47,0.24,0.09,0.03,0.00,0.00,inferred
Cornwall,2021-07-06,0.64,0.51,0.40,0.30,0.21,0.07,0.01,projected
Cornwall,2021-07-07,0.64,0.51,0.40,0.30,0.21,0.07,0.01,projected
Cornwall,2021-07-08,0.64,0.51,0.40,0.30,0.21,0.07,0.01,projected
Cornwall,2021-07-09,0.64,0.51,0.40,0.30,0.21,0.07,0.01,projected
Cornwall,2021-07-10,0.64,0.51,0.40,0.30,0.21,0.07,0.01,projected
Cornwall,2021-07-11,0.64,0.51,0.40,0.30,0.21,0.07,0.01,projected
Cornwall,2021-07-12,0.64,0.51,0.40,0.30,0.21,0.07,0.01,projected
Cornwall,2021-07-13,0.69,0.59,0.48,0.39,0.31,0.15,0.04,projected
Cornwall,2021-07-14,0.69,0.59,0.48,0.39,0.31,0.15,0.04,projected
Cornwall,2021-07-15,0.69,0.59,0.48,0.39,0.31,0.15,0.04,projected
Cornwall,2021-07-16,0.69,0.59,0.48,0.39,0.31,0.15,0.04,projected
Cornwall,2021-07-17,0.69,0.59,0.48,0.39,0.31,0.15,0.04,projected
Cornwall,2021-07-18,0.69,0.59,0.48,0.39,0.31,0.15,0.04,projected
Cornwall,2021-07-19,0.69,0.59,0.48,0.39,0.31,0.15,0.04,projected
Cornwall,2021-07-20,0.78,0.70,0.61,0.52,0.43,0.26,0.09,projected
Cornwall,2021-07-21,0.78,0.70,0.61,0.52,0.43,0.26,0.09,projected
Cornwall,2021-07-22,0.78,0.70,0.61,0.52,0.43,0.26,0.09,projected
Cornwall,2021-07-23,0.78,0.70,0.61,0.52,0.43,0.26,0.09,projected
Cornwall,2021-07-24,0.78,0.70,0.61,0.52,0.43,0.26,0.09,projected
Cornwall,2021-07-25,0.78,0.70,0.61,0.52,0.43,0.26,0.09,projected
Cornwall,2021-07-26,0.78,0.70,0.61,0.52,0.43,0.26,0.09,projected
Cornwall and Isles of Scilly,2021-03-23,0.27,0.08,0.02,0.00,0.00,0.00,0.00,inferred
Cornwall and Isles of Scilly,2021-03-24,0.27,0.08,0.02,0.00,0.00,0.00,0.00,inferred
Cornwall and Isles of Scilly,2021-03-25,0.27,0.08,0.02,0.00,0.00,0.00,0.00,inferred
Cornwall and Isles of Scilly,2021-03-26,0.27,0.08,0.02,0.00,0.00,0.00,0.00,inferred
Cornwall and Isles of Scilly,2021-03-27,0.27,0.08,0.02,0.00,0.00,0.00,0.00,inferred
Cornwall and Isles of Scilly,2021-03-28,0.27,0.08,0.02,0.00,0.00,0.00,0.00,inferred
Cornwall and Isles of Scilly,2021-03-29,0.27,0.08,0.02,0.00,0.00,0.00,0.00,inferred
Cornwall and Isles of Scilly,2021-03-30,0.38,0.17,0.06,0.01,0.00,0.00,0.00,inferred
Cornwall and Isles of Scilly,2021-03-31,0.38,0.17,0.06,0.01,0.00,0.00,0.00,inferred
Cornwall and Isles of Scilly,2021-04-01,0.38,0.17,0.06,0.01,0.00,0.00,0.00,inferred
Cornwall and Isles of Scilly,2021-04-02,0.38,0.17,0.06,0.01,0.00,0.00,0.00,inferred
Cornwall and Isles of Scilly,2021-04-03,0.38,0.17,0.06,0.01,0.00,0.00,0.00,inferred
Cornwall and Isles of Scilly,2021-04-04,0.38,0.17,0.06,0.01,0.00,0.00,0.00,inferred
Cornwall and Isles of Scilly,2021-04-05,0.38,0.17,0.06,0.01,0.00,0.00,0.00,inferred
Cornwall and Isles of Scilly,2021-04-06,0.91,0.78,0.56,0.35,0.19,0.01,0.00,inferred
Cornwall and Isles of Scilly,2021-04-07,0.91,0.78,0.56,0.35,0.19,0.01,0.00,inferred
Cornwall and Isles of Scilly,2021-04-08,0.91,0.78,0.56,0.35,0.19,0.01,0.00,inferred
Cornwall and Isles of Scilly,2021-04-09,0.91,0.78,0.56,0.35,0.19,0.01,0.00,inferred
Cornwall and Isles of Scilly,2021-04-10,0.91,0.78,0.56,0.35,0.19,0.01,0.00,inferred
Cornwall and Isles of Scilly,2021-04-11,0.91,0.78,0.56,0.35,0.19,0.01,0.00,inferred
Cornwall and Isles of Scilly,2021-04-12,0.91,0.78,0.56,0.35,0.19,0.01,0.00,inferred
Cornwall and Isles of Scilly,2021-04-13,0.62,0.38,0.19,0.08,0.03,0.00,0.00,inferred
Cornwall and Isles of Scilly,2021-04-14,0.62,0.38,0.19,0.08,0.03,0.00,0.00,inferred
Cornwall and Isles of Scilly,2021-04-15,0.62,0.38,0.19,0.08,0.03,0.00,0.00,inferred
Cornwall and Isles of Scilly,2021-04-16,0.62,0.38,0.19,0.08,0.03,0.00,0.00,inferred
Cornwall and Isles of Scilly,2021-04-17,0.62,0.38,0.19,0.08,0.03,0.00,0.00,inferred
Cornwall and Isles of Scilly,2021-04-18,0.62,0.38,0.19,0.08,0.03,0.00,0.00,inferred
Cornwall and Isles of Scilly,2021-04-19,0.62,0.38,0.19,0.08,0.03,0.00,0.00,inferred
Cornwall and Isles of Scilly,2021-04-20,0.45,0.23,0.09,0.02,0.01,0.00,0.00,inferred
Cornwall and Isles of Scilly,2021-04-21,0.45,0.23,0.09,0.02,0.01,0.00,0.00,inferred
Cornwall and Isles of Scilly,2021-04-22,0.45,0.23,0.09,0.02,0.01,0.00,0.00,inferred
Cornwall and Isles of Scilly,2021-04-23,0.45,0.23,0.09,0.02,0.01,0.00,0.00,inferred
Cornwall and Isles of Scilly,2021-04-24,0.45,0.23,0.09,0.02,0.01,0.00,0.00,inferred
Cornwall and Isles of Scilly,2021-04-25,0.45,0.23,0.09,0.02,0.01,0.00,0.00,inferred
Cornwall and Isles of Scilly,2021-04-26,0.45,0.23,0.09,0.02,0.01,0.00,0.00,inferred
Cornwall and Isles of Scilly,2021-04-27,0.61,0.42,0.23,0.10,0.04,0.00,0.00,inferred
Cornwall and Isles of Scilly,2021-04-28,0.61,0.42,0.23,0.10,0.04,0.00,0.00,inferred
Cornwall and Isles of Scilly,2021-04-29,0.61,0.42,0.23,0.10,0.04,0.00,0.00,inferred
Cornwall and Isles of Scilly,2021-04-30,0.61,0.42,0.23,0.10,0.04,0.00,0.00,inferred
Cornwall and Isles of Scilly,2021-05-01,0.61,0.42,0.23,0.10,0.04,0.00,0.00,inferred
Cornwall and Isles of Scilly,2021-05-02,0.61,0.42,0.23,0.10,0.04,0.00,0.00,inferred
Cornwall and Isles of Scilly,2021-05-03,0.61,0.42,0.23,0.10,0.04,0.00,0.00,inferred
Cornwall and Isles of Scilly,2021-05-04,0.55,0.34,0.18,0.08,0.03,0.00,0.00,inferred
Cornwall and Isles of Scilly,2021-05-05,0.55,0.34,0.18,0.08,0.03,0.00,0.00,inferred
Cornwall and Isles of Scilly,2021-05-06,0.55,0.34,0.18,0.08,0.03,0.00,0.00,inferred
Cornwall and Isles of Scilly,2021-05-07,0.55,0.34,0.18,0.08,0.03,0.00,0.00,inferred
Cornwall and Isles of Scilly,2021-05-08,0.55,0.34,0.18,0.08,0.03,0.00,0.00,inferred
Cornwall and Isles of Scilly,2021-05-09,0.55,0.34,0.18,0.08,0.03,0.00,0.00,inferred
Cornwall and Isles of Scilly,2021-05-10,0.55,0.34,0.18,0.08,0.03,0.00,0.00,inferred
Cornwall and Isles of Scilly,2021-05-11,0.67,0.48,0.30,0.18,0.08,0.00,0.00,inferred
Cornwall and Isles of Scilly,2021-05-12,0.67,0.48,0.30,0.18,0.08,0.00,0.00,inferred
Cornwall and Isles of Scilly,2021-05-13,0.67,0.48,0.30,0.18,0.08,0.00,0.00,inferred
Cornwall and Isles of Scilly,2021-05-14,0.67,0.48,0.30,0.18,0.08,0.00,0.00,inferred
Cornwall and Isles of Scilly,2021-05-15,0.67,0.48,0.30,0.18,0.08,0.00,0.00,inferred
Cornwall and Isles of Scilly,2021-05-16,0.67,0.48,0.30,0.18,0.08,0.00,0.00,inferred
Cornwall and Isles of Scilly,2021-05-17,0.67,0.48,0.30,0.18,0.08,0.00,0.00,inferred
Cornwall and Isles of Scilly,2021-05-18,0.83,0.68,0.50,0.35,0.22,0.03,0.00,inferred
Cornwall and Isles of Scilly,2021-05-19,0.83,0.68,0.50,0.35,0.22,0.03,0.00,inferred
Cornwall and Isles of Scilly,2021-05-20,0.83,0.68,0.50,0.35,0.22,0.03,0.00,inferred
Cornwall and Isles of Scilly,2021-05-21,0.83,0.68,0.50,0.35,0.22,0.03,0.00,inferred
Cornwall and Isles of Scilly,2021-05-22,0.83,0.68,0.50,0.35,0.22,0.03,0.00,inferred
Cornwall and Isles of Scilly,2021-05-23,0.83,0.68,0.50,0.35,0.22,0.03,0.00,inferred
Cornwall and Isles of Scilly,2021-05-24,0.83,0.68,0.50,0.35,0.22,0.03,0.00,inferred
Cornwall and Isles of Scilly,2021-05-25,1.00,1.00,1.00,1.00,1.00,0.99,0.77,inferred
Cornwall and Isles of Scilly,2021-05-26,1.00,1.00,1.00,1.00,1.00,0.99,0.77,inferred
Cornwall and Isles of Scilly,2021-05-27,1.00,1.00,1.00,1.00,1.00,0.99,0.77,inferred
Cornwall and Isles of Scilly,2021-05-28,1.00,1.00,1.00,1.00,1.00,0.99,0.77,inferred
Cornwall and Isles of Scilly,2021-05-29,1.00,1.00,1.00,1.00,1.00,0.99,0.77,inferred
Cornwall and Isles of Scilly,2021-05-30,1.00,1.00,1.00,1.00,1.00,0.99,0.77,inferred
Cornwall and Isles of Scilly,2021-05-31,1.00,1.00,1.00,1.00,1.00,0.99,0.77,inferred
Cornwall and Isles of Scilly,2021-06-01,1.00,1.00,1.00,1.00,1.00,1.00,1.00,inferred
Cornwall and Isles of Scilly,2021-06-02,1.00,1.00,1.00,1.00,1.00,1.00,1.00,inferred
Cornwall and Isles of Scilly,2021-06-03,1.00,1.00,1.00,1.00,1.00,1.00,1.00,inferred
Cornwall and Isles of Scilly,2021-06-04,1.00,1.00,1.00,1.00,1.00,1.00,1.00,inferred
Cornwall and Isles of Scilly,2021-06-05,1.00,1.00,1.00,1.00,1.00,1.00,1.00,inferred
Cornwall and Isles of Scilly,2021-06-06,1.00,1.00,1.00,1.00,1.00,1.00,1.00,inferred
Cornwall and Isles of Scilly,2021-06-07,1.00,1.00,1.00,1.00,1.00,1.00,1.00,inferred
Cornwall and Isles of Scilly,2021-06-08,1.00,1.00,1.00,1.00,1.00,0.85,0.44,inferred
Cornwall and Isles of Scilly,2021-06-09,1.00,1.00,1.00,1.00,1.00,0.85,0.44,inferred
Cornwall and Isles of Scilly,2021-06-10,1.00,1.00,1.00,1.00,1.00,0.85,0.44,inferred
Cornwall and Isles of Scilly,2021-06-11,1.00,1.00,1.00,1.00,1.00,0.85,0.44,inferred
Cornwall and Isles of Scilly,2021-06-12,1.00,1.00,1.00,1.00,1.00,0.85,0.44,inferred
Cornwall and Isles of Scilly,2021-06-13,1.00,1.00,1.00,1.00,1.00,0.85,0.44,inferred
Cornwall and Isles of Scilly,2021-06-14,1.00,1.00,1.00,1.00,1.00,0.85,0.44,inferred
Cornwall and Isles of Scilly,2021-06-15,1.00,1.00,0.91,0.64,0.33,0.01,0.00,inferred
Cornwall and Isles of Scilly,2021-06-16,1.00,1.00,0.91,0.64,0.33,0.01,0.00,inferred
Cornwall and Isles of Scilly,2021-06-17,1.00,1.00,0.91,0.64,0.33,0.01,0.00,inferred
Cornwall and Isles of Scilly,2021-06-18,1.00,1.00,0.91,0.64,0.33,0.01,0.00,inferred
Cornwall and Isles of Scilly,2021-06-19,1.00,1.00,0.91,0.64,0.33,0.01,0.00,inferred
Cornwall and Isles of Scilly,2021-06-20,1.00,1.00,0.91,0.64,0.33,0.01,0.00,inferred
Cornwall and Isles of Scilly,2021-06-21,1.00,1.00,0.91,0.64,0.33,0.01,0.00,inferred
Cornwall and Isles of Scilly,2021-06-22,1.00,0.95,0.68,0.25,0.05,0.00,0.00,inferred
Cornwall and Isles of Scilly,2021-06-23,1.00,0.95,0.68,0.25,0.05,0.00,0.00,inferred
Cornwall and Isles of Scilly,2021-06-24,1.00,0.95,0.68,0.25,0.05,0.00,0.00,inferred
Cornwall and Isles of Scilly,2021-06-25,1.00,0.95,0.68,0.25,0.05,0.00,0.00,inferred
Cornwall and Isles of Scilly,2021-06-26,1.00,0.95,0.68,0.25,0.05,0.00,0.00,inferred
Cornwall and Isles of Scilly,2021-06-27,1.00,0.95,0.68,0.25,0.05,0.00,0.00,inferred
Cornwall and Isles of Scilly,2021-06-28,1.00,0.95,0.68,0.25,0.05,0.00,0.00,inferred
Cornwall and Isles of Scilly,2021-06-29,0.70,0.47,0.24,0.09,0.03,0.00,0.00,inferred
Cornwall and Isles of Scilly,2021-06-30,0.70,0.47,0.24,0.09,0.03,0.00,0.00,inferred
Cornwall and Isles of Scilly,2021-07-01,0.70,0.47,0.24,0.09,0.03,0.00,0.00,inferred
Cornwall and Isles of Scilly,2021-07-02,0.70,0.47,0.24,0.09,0.03,0.00,0.00,inferred
Cornwall and Isles of Scilly,2021-07-03,0.70,0.47,0.24,0.09,0.03,0.00,0.00,inferred
Cornwall and Isles of Scilly,2021-07-04,0.70,0.47,0.24,0.09,0.03,0.00,0.00,inferred
Cornwall and Isles of Scilly,2021-07-05,0.70,0.47,0.24,0.09,0.03,0.00,0.00,inferred
Cornwall and Isles of Scilly,2021-07-06,0.64,0.51,0.40,0.30,0.21,0.07,0.01,projected
Cornwall and Isles of Scilly,2021-07-07,0.64,0.51,0.40,0.30,0.21,0.07,0.01,projected
Cornwall and Isles of Scilly,2021-07-08,0.64,0.51,0.40,0.30,0.21,0.07,0.01,projected
Cornwall and Isles of Scilly,2021-07-09,0.64,0.51,0.40,0.30,0.21,0.07,0.01,projected
Cornwall and Isles of Scilly,2021-07-10,0.64,0.51,0.40,0.30,0.21,0.07,0.01,projected
Cornwall and Isles of Scilly,2021-07-11,0.64,0.51,0.40,0.30,0.21,0.07,0.01,projected
Cornwall and Isles of Scilly,2021-07-12,0.64,0.51,0.40,0.30,0.21,0.07,0.01,projected
Cornwall and Isles of Scilly,2021-07-13,0.69,0.59,0.48,0.39,0.31,0.15,0.04,projected
Cornwall and Isles of Scilly,2021-07-14,0.69,0.59,0.48,0.39,0.31,0.15,0.04,projected
Cornwall and Isles of Scilly,2021-07-15,0.69,0.59,0.48,0.39,0.31,0.15,0.04,projected
Cornwall and Isles of Scilly,2021-07-16,0.69,0.59,0.48,0.39,0.31,0.15,0.04,projected
Cornwall and Isles of Scilly,2021-07-17,0.69,0.59,0.48,0.39,0.31,0.15,0.04,projected
Cornwall and Isles of Scilly,2021-07-18,0.69,0.59,0.48,0.39,0.31,0.15,0.04,projected
Cornwall and Isles of Scilly,2021-07-19,0.69,0.59,0.48,0.39,0.31,0.15,0.04,projected
Cornwall and Isles of Scilly,2021-07-20,0.78,0.70,0.61,0.52,0.43,0.26,0.09,projected
Cornwall and Isles of Scilly,2021-07-21,0.78,0.70,0.61,0.52,0.43,0.26,0.09,projected
Cornwall and Isles of Scilly,2021-07-22,0.78,0.70,0.61,0.52,0.43,0.26,0.09,projected
Cornwall and Isles of Scilly,2021-07-23,0.78,0.70,0.61,0.52,0.43,0.26,0.09,projected
Cornwall and Isles of Scilly,2021-07-24,0.78,0.70,0.61,0.52,0.43,0.26,0.09,projected
Cornwall and Isles of Scilly,2021-07-25,0.78,0.70,0.61,0.52,0.43,0.26,0.09,projected
Cornwall and Isles of Scilly,2021-07-26,0.78,0.70,0.61,0.52,0.43,0.26,0.09,projected
Cotswold,2021-03-23,0.71,0.56,0.41,0.26,0.16,0.02,0.00,inferred
Cotswold,2021-03-24,0.71,0.56,0.41,0.26,0.16,0.02,0.00,inferred
Cotswold,2021-03-25,0.71,0.56,0.41,0.26,0.16,0.02,0.00,inferred
Cotswold,2021-03-26,0.71,0.56,0.41,0.26,0.16,0.02,0.00,inferred
Cotswold,2021-03-27,0.71,0.56,0.41,0.26,0.16,0.02,0.00,inferred
Cotswold,2021-03-28,0.71,0.56,0.41,0.26,0.16,0.02,0.00,inferred
Cotswold,2021-03-29,0.71,0.56,0.41,0.26,0.16,0.02,0.00,inferred
Cotswold,2021-03-30,0.61,0.45,0.31,0.20,0.12,0.02,0.00,inferred
Cotswold,2021-03-31,0.61,0.45,0.31,0.20,0.12,0.02,0.00,inferred
Cotswold,2021-04-01,0.61,0.45,0.31,0.20,0.12,0.02,0.00,inferred
Cotswold,2021-04-02,0.61,0.45,0.31,0.20,0.12,0.02,0.00,inferred
Cotswold,2021-04-03,0.61,0.45,0.31,0.20,0.12,0.02,0.00,inferred
Cotswold,2021-04-04,0.61,0.45,0.31,0.20,0.12,0.02,0.00,inferred
Cotswold,2021-04-05,0.61,0.45,0.31,0.20,0.12,0.02,0.00,inferred
Cotswold,2021-04-06,0.90,0.80,0.69,0.57,0.43,0.17,0.02,inferred
Cotswold,2021-04-07,0.90,0.80,0.69,0.57,0.43,0.17,0.02,inferred
Cotswold,2021-04-08,0.90,0.80,0.69,0.57,0.43,0.17,0.02,inferred
Cotswold,2021-04-09,0.90,0.80,0.69,0.57,0.43,0.17,0.02,inferred
Cotswold,2021-04-10,0.90,0.80,0.69,0.57,0.43,0.17,0.02,inferred
Cotswold,2021-04-11,0.90,0.80,0.69,0.57,0.43,0.17,0.02,inferred
Cotswold,2021-04-12,0.90,0.80,0.69,0.57,0.43,0.17,0.02,inferred
Cotswold,2021-04-13,0.92,0.83,0.72,0.61,0.49,0.20,0.02,inferred
Cotswold,2021-04-14,0.92,0.83,0.72,0.61,0.49,0.20,0.02,inferred
Cotswold,2021-04-15,0.92,0.83,0.72,0.61,0.49,0.20,0.02,inferred
Cotswold,2021-04-16,0.92,0.83,0.72,0.61,0.49,0.20,0.02,inferred
Cotswold,2021-04-17,0.92,0.83,0.72,0.61,0.49,0.20,0.02,inferred
Cotswold,2021-04-18,0.92,0.83,0.72,0.61,0.49,0.20,0.02,inferred
Cotswold,2021-04-19,0.92,0.83,0.72,0.61,0.49,0.20,0.02,inferred
Cotswold,2021-04-20,0.66,0.51,0.36,0.24,0.14,0.03,0.00,inferred
Cotswold,2021-04-21,0.66,0.51,0.36,0.24,0.14,0.03,0.00,inferred
Cotswold,2021-04-22,0.66,0.51,0.36,0.24,0.14,0.03,0.00,inferred
Cotswold,2021-04-23,0.66,0.51,0.36,0.24,0.14,0.03,0.00,inferred
Cotswold,2021-04-24,0.66,0.51,0.36,0.24,0.14,0.03,0.00,inferred
Cotswold,2021-04-25,0.66,0.51,0.36,0.24,0.14,0.03,0.00,inferred
Cotswold,2021-04-26,0.66,0.51,0.36,0.24,0.14,0.03,0.00,inferred
Cotswold,2021-04-27,0.58,0.41,0.27,0.17,0.09,0.01,0.00,inferred
Cotswold,2021-04-28,0.58,0.41,0.27,0.17,0.09,0.01,0.00,inferred
Cotswold,2021-04-29,0.58,0.41,0.27,0.17,0.09,0.01,0.00,inferred
Cotswold,2021-04-30,0.58,0.41,0.27,0.17,0.09,0.01,0.00,inferred
Cotswold,2021-05-01,0.58,0.41,0.27,0.17,0.09,0.01,0.00,inferred
Cotswold,2021-05-02,0.58,0.41,0.27,0.17,0.09,0.01,0.00,inferred
Cotswold,2021-05-03,0.58,0.41,0.27,0.17,0.09,0.01,0.00,inferred
Cotswold,2021-05-04,0.75,0.61,0.44,0.30,0.20,0.03,0.00,inferred
Cotswold,2021-05-05,0.75,0.61,0.44,0.30,0.20,0.03,0.00,inferred
Cotswold,2021-05-06,0.75,0.61,0.44,0.30,0.20,0.03,0.00,inferred
Cotswold,2021-05-07,0.75,0.61,0.44,0.30,0.20,0.03,0.00,inferred
Cotswold,2021-05-08,0.75,0.61,0.44,0.30,0.20,0.03,0.00,inferred
Cotswold,2021-05-09,0.75,0.61,0.44,0.30,0.20,0.03,0.00,inferred
Cotswold,2021-05-10,0.75,0.61,0.44,0.30,0.20,0.03,0.00,inferred
Cotswold,2021-05-11,0.86,0.75,0.63,0.46,0.34,0.08,0.01,inferred
Cotswold,2021-05-12,0.86,0.75,0.63,0.46,0.34,0.08,0.01,inferred
Cotswold,2021-05-13,0.86,0.75,0.63,0.46,0.34,0.08,0.01,inferred
Cotswold,2021-05-14,0.86,0.75,0.63,0.46,0.34,0.08,0.01,inferred
Cotswold,2021-05-15,0.86,0.75,0.63,0.46,0.34,0.08,0.01,inferred
Cotswold,2021-05-16,0.86,0.75,0.63,0.46,0.34,0.08,0.01,inferred
Cotswold,2021-05-17,0.86,0.75,0.63,0.46,0.34,0.08,0.01,inferred
Cotswold,2021-05-18,0.90,0.81,0.72,0.57,0.45,0.16,0.02,inferred
Cotswold,2021-05-19,0.90,0.81,0.72,0.57,0.45,0.16,0.02,inferred
Cotswold,2021-05-20,0.90,0.81,0.72,0.57,0.45,0.16,0.02,inferred
Cotswold,2021-05-21,0.90,0.81,0.72,0.57,0.45,0.16,0.02,inferred
Cotswold,2021-05-22,0.90,0.81,0.72,0.57,0.45,0.16,0.02,inferred
Cotswold,2021-05-23,0.90,0.81,0.72,0.57,0.45,0.16,0.02,inferred
Cotswold,2021-05-24,0.90,0.81,0.72,0.57,0.45,0.16,0.02,inferred
Cotswold,2021-05-25,1.00,1.00,1.00,0.99,0.98,0.89,0.45,inferred
Cotswold,2021-05-26,1.00,1.00,1.00,0.99,0.98,0.89,0.45,inferred
Cotswold,2021-05-27,1.00,1.00,1.00,0.99,0.98,0.89,0.45,inferred
Cotswold,2021-05-28,1.00,1.00,1.00,0.99,0.98,0.89,0.45,inferred
Cotswold,2021-05-29,1.00,1.00,1.00,0.99,0.98,0.89,0.45,inferred
Cotswold,2021-05-30,1.00,1.00,1.00,0.99,0.98,0.89,0.45,inferred
Cotswold,2021-05-31,1.00,1.00,1.00,0.99,0.98,0.89,0.45,inferred
Cotswold,2021-06-01,1.00,1.00,0.99,0.97,0.93,0.67,0.19,inferred
Cotswold,2021-06-02,1.00,1.00,0.99,0.97,0.93,0.67,0.19,inferred
Cotswold,2021-06-03,1.00,1.00,0.99,0.97,0.93,0.67,0.19,inferred
Cotswold,2021-06-04,1.00,1.00,0.99,0.97,0.93,0.67,0.19,inferred
Cotswold,2021-06-05,1.00,1.00,0.99,0.97,0.93,0.67,0.19,inferred
Cotswold,2021-06-06,1.00,1.00,0.99,0.97,0.93,0.67,0.19,inferred
Cotswold,2021-06-07,1.00,1.00,0.99,0.97,0.93,0.67,0.19,inferred
Cotswold,2021-06-08,1.00,1.00,1.00,1.00,1.00,0.94,0.55,inferred
Cotswold,2021-06-09,1.00,1.00,1.00,1.00,1.00,0.94,0.55,inferred
Cotswold,2021-06-10,1.00,1.00,1.00,1.00,1.00,0.94,0.55,inferred
Cotswold,2021-06-11,1.00,1.00,1.00,1.00,1.00,0.94,0.55,inferred
Cotswold,2021-06-12,1.00,1.00,1.00,1.00,1.00,0.94,0.55,inferred
Cotswold,2021-06-13,1.00,1.00,1.00,1.00,1.00,0.94,0.55,inferred
Cotswold,2021-06-14,1.00,1.00,1.00,1.00,1.00,0.94,0.55,inferred
Cotswold,2021-06-15,1.00,1.00,1.00,1.00,0.98,0.73,0.14,inferred
Cotswold,2021-06-16,1.00,1.00,1.00,1.00,0.98,0.73,0.14,inferred
Cotswold,2021-06-17,1.00,1.00,1.00,1.00,0.98,0.73,0.14,inferred
Cotswold,2021-06-18,1.00,1.00,1.00,1.00,0.98,0.73,0.14,inferred
Cotswold,2021-06-19,1.00,1.00,1.00,1.00,0.98,0.73,0.14,inferred
Cotswold,2021-06-20,1.00,1.00,1.00,1.00,0.98,0.73,0.14,inferred
Cotswold,2021-06-21,1.00,1.00,1.00,1.00,0.98,0.73,0.14,inferred
Cotswold,2021-06-22,1.00,1.00,1.00,0.99,0.97,0.62,0.05,inferred
Cotswold,2021-06-23,1.00,1.00,1.00,0.99,0.97,0.62,0.05,inferred
Cotswold,2021-06-24,1.00,1.00,1.00,0.99,0.97,0.62,0.05,inferred
Cotswold,2021-06-25,1.00,1.00,1.00,0.99,0.97,0.62,0.05,inferred
Cotswold,2021-06-26,1.00,1.00,1.00,0.99,0.97,0.62,0.05,inferred
Cotswold,2021-06-27,1.00,1.00,1.00,0.99,0.97,0.62,0.05,inferred
Cotswold,2021-06-28,1.00,1.00,1.00,0.99,0.97,0.62,0.05,inferred
Cotswold,2021-06-29,1.00,0.99,0.97,0.92,0.86,0.54,0.13,inferred
Cotswold,2021-06-30,1.00,0.99,0.97,0.92,0.86,0.54,0.13,inferred
Cotswold,2021-07-01,1.00,0.99,0.97,0.92,0.86,0.54,0.13,inferred
Cotswold,2021-07-02,1.00,0.99,0.97,0.92,0.86,0.54,0.13,inferred
Cotswold,2021-07-03,1.00,0.99,0.97,0.92,0.86,0.54,0.13,inferred
Cotswold,2021-07-04,1.00,0.99,0.97,0.92,0.86,0.54,0.13,inferred
Cotswold,2021-07-05,1.00,0.99,0.97,0.92,0.86,0.54,0.13,inferred
Cotswold,2021-07-06,0.96,0.91,0.86,0.78,0.70,0.47,0.19,projected
Cotswold,2021-07-07,0.96,0.91,0.86,0.78,0.70,0.47,0.19,projected
Cotswold,2021-07-08,0.96,0.91,0.86,0.78,0.70,0.47,0.19,projected
Cotswold,2021-07-09,0.96,0.91,0.86,0.78,0.70,0.47,0.19,projected
Cotswold,2021-07-10,0.96,0.91,0.86,0.78,0.70,0.47,0.19,projected
Cotswold,2021-07-11,0.96,0.91,0.86,0.78,0.70,0.47,0.19,projected
Cotswold,2021-07-12,0.96,0.91,0.86,0.78,0.70,0.47,0.19,projected
Cotswold,2021-07-13,0.94,0.89,0.83,0.77,0.69,0.46,0.21,projected
Cotswold,2021-07-14,0.94,0.89,0.83,0.77,0.69,0.46,0.21,projected
Cotswold,2021-07-15,0.94,0.89,0.83,0.77,0.69,0.46,0.21,projected
Cotswold,2021-07-16,0.94,0.89,0.83,0.77,0.69,0.46,0.21,projected
Cotswold,2021-07-17,0.94,0.89,0.83,0.77,0.69,0.46,0.21,projected
Cotswold,2021-07-18,0.94,0.89,0.83,0.77,0.69,0.46,0.21,projected
Cotswold,2021-07-19,0.94,0.89,0.83,0.77,0.69,0.46,0.21,projected
Cotswold,2021-07-20,0.93,0.89,0.83,0.75,0.69,0.49,0.25,projected
Cotswold,2021-07-21,0.93,0.89,0.83,0.75,0.69,0.49,0.25,projected
Cotswold,2021-07-22,0.93,0.89,0.83,0.75,0.69,0.49,0.25,projected
Cotswold,2021-07-23,0.93,0.89,0.83,0.75,0.69,0.49,0.25,projected
Cotswold,2021-07-24,0.93,0.89,0.83,0.75,0.69,0.49,0.25,projected
Cotswold,2021-07-25,0.93,0.89,0.83,0.75,0.69,0.49,0.25,projected
Cotswold,2021-07-26,0.93,0.89,0.83,0.75,0.69,0.49,0.25,projected
County Durham,2021-03-23,0.00,0.00,0.00,0.00,0.00,0.00,0.00,inferred
County Durham,2021-03-24,0.00,0.00,0.00,0.00,0.00,0.00,0.00,inferred
County Durham,2021-03-25,0.00,0.00,0.00,0.00,0.00,0.00,0.00,inferred
County Durham,2021-03-26,0.00,0.00,0.00,0.00,0.00,0.00,0.00,inferred
County Durham,2021-03-27,0.00,0.00,0.00,0.00,0.00,0.00,0.00,inferred
County Durham,2021-03-28,0.00,0.00,0.00,0.00,0.00,0.00,0.00,inferred
County Durham,2021-03-29,0.00,0.00,0.00,0.00,0.00,0.00,0.00,inferred
County Durham,2021-03-30,0.01,0.00,0.00,0.00,0.00,0.00,0.00,inferred
County Durham,2021-03-31,0.01,0.00,0.00,0.00,0.00,0.00,0.00,inferred
County Durham,2021-04-01,0.01,0.00,0.00,0.00,0.00,0.00,0.00,inferred
County Durham,2021-04-02,0.01,0.00,0.00,0.00,0.00,0.00,0.00,inferred
County Durham,2021-04-03,0.01,0.00,0.00,0.00,0.00,0.00,0.00,inferred
County Durham,2021-04-04,0.01,0.00,0.00,0.00,0.00,0.00,0.00,inferred
County Durham,2021-04-05,0.01,0.00,0.00,0.00,0.00,0.00,0.00,inferred
County Durham,2021-04-06,0.64,0.37,0.16,0.04,0.01,0.00,0.00,inferred
County Durham,2021-04-07,0.64,0.37,0.16,0.04,0.01,0.00,0.00,inferred
County Durham,2021-04-08,0.64,0.37,0.16,0.04,0.01,0.00,0.00,inferred
County Durham,2021-04-09,0.64,0.37,0.16,0.04,0.01,0.00,0.00,inferred
County Durham,2021-04-10,0.64,0.37,0.16,0.04,0.01,0.00,0.00,inferred
County Durham,2021-04-11,0.64,0.37,0.16,0.04,0.01,0.00,0.00,inferred
County Durham,2021-04-12,0.64,0.37,0.16,0.04,0.01,0.00,0.00,inferred
County Durham,2021-04-13,1.00,0.98,0.89,0.72,0.48,0.03,0.00,inferred
County Durham,2021-04-14,1.00,0.98,0.89,0.72,0.48,0.03,0.00,inferred
County Durham,2021-04-15,1.00,0.98,0.89,0.72,0.48,0.03,0.00,inferred
County Durham,2021-04-16,1.00,0.98,0.89,0.72,0.48,0.03,0.00,inferred
County Durham,2021-04-17,1.00,0.98,0.89,0.72,0.48,0.03,0.00,inferred
County Durham,2021-04-18,1.00,0.98,0.89,0.72,0.48,0.03,0.00,inferred
County Durham,2021-04-19,1.00,0.98,0.89,0.72,0.48,0.03,0.00,inferred
County Durham,2021-04-20,0.86,0.59,0.30,0.12,0.03,0.00,0.00,inferred
County Durham,2021-04-21,0.86,0.59,0.30,0.12,0.03,0.00,0.00,inferred
County Durham,2021-04-22,0.86,0.59,0.30,0.12,0.03,0.00,0.00,inferred
County Durham,2021-04-23,0.86,0.59,0.30,0.12,0.03,0.00,0.00,inferred
County Durham,2021-04-24,0.86,0.59,0.30,0.12,0.03,0.00,0.00,inferred
County Durham,2021-04-25,0.86,0.59,0.30,0.12,0.03,0.00,0.00,inferred
County Durham,2021-04-26,0.86,0.59,0.30,0.12,0.03,0.00,0.00,inferred
County Durham,2021-04-27,0.16,0.03,0.00,0.00,0.00,0.00,0.00,inferred
County Durham,2021-04-28,0.16,0.03,0.00,0.00,0.00,0.00,0.00,inferred
County Durham,2021-04-29,0.16,0.03,0.00,0.00,0.00,0.00,0.00,inferred
County Durham,2021-04-30,0.16,0.03,0.00,0.00,0.00,0.00,0.00,inferred
County Durham,2021-05-01,0.16,0.03,0.00,0.00,0.00,0.00,0.00,inferred
County Durham,2021-05-02,0.16,0.03,0.00,0.00,0.00,0.00,0.00,inferred
County Durham,2021-05-03,0.16,0.03,0.00,0.00,0.00,0.00,0.00,inferred
County Durham,2021-05-04,0.16,0.04,0.01,0.00,0.00,0.00,0.00,inferred
County Durham,2021-05-05,0.16,0.04,0.01,0.00,0.00,0.00,0.00,inferred
County Durham,2021-05-06,0.16,0.04,0.01,0.00,0.00,0.00,0.00,inferred
County Durham,2021-05-07,0.16,0.04,0.01,0.00,0.00,0.00,0.00,inferred
County Durham,2021-05-08,0.16,0.04,0.01,0.00,0.00,0.00,0.00,inferred
County Durham,2021-05-09,0.16,0.04,0.01,0.00,0.00,0.00,0.00,inferred
County Durham,2021-05-10,0.16,0.04,0.01,0.00,0.00,0.00,0.00,inferred
County Durham,2021-05-11,0.70,0.44,0.20,0.07,0.02,0.00,0.00,inferred
County Durham,2021-05-12,0.70,0.44,0.20,0.07,0.02,0.00,0.00,inferred
County Durham,2021-05-13,0.70,0.44,0.20,0.07,0.02,0.00,0.00,inferred
County Durham,2021-05-14,0.70,0.44,0.20,0.07,0.02,0.00,0.00,inferred
County Durham,2021-05-15,0.70,0.44,0.20,0.07,0.02,0.00,0.00,inferred
County Durham,2021-05-16,0.70,0.44,0.20,0.07,0.02,0.00,0.00,inferred
County Durham,2021-05-17,0.70,0.44,0.20,0.07,0.02,0.00,0.00,inferred
County Durham,2021-05-18,1.00,0.98,0.92,0.81,0.61,0.09,0.00,inferred
County Durham,2021-05-19,1.00,0.98,0.92,0.81,0.61,0.09,0.00,inferred
County Durham,2021-05-20,1.00,0.98,0.92,0.81,0.61,0.09,0.00,inferred
County Durham,2021-05-21,1.00,0.98,0.92,0.81,0.61,0.09,0.00,inferred
County Durham,2021-05-22,1.00,0.98,0.92,0.81,0.61,0.09,0.00,inferred
County Durham,2021-05-23,1.00,0.98,0.92,0.81,0.61,0.09,0.00,inferred
County Durham,2021-05-24,1.00,0.98,0.92,0.81,0.61,0.09,0.00,inferred
County Durham,2021-05-25,1.00,1.00,1.00,1.00,1.00,1.00,0.74,inferred
County Durham,2021-05-26,1.00,1.00,1.00,1.00,1.00,1.00,0.74,inferred
County Durham,2021-05-27,1.00,1.00,1.00,1.00,1.00,1.00,0.74,inferred
County Durham,2021-05-28,1.00,1.00,1.00,1.00,1.00,1.00,0.74,inferred
County Durham,2021-05-29,1.00,1.00,1.00,1.00,1.00,1.00,0.74,inferred
County Durham,2021-05-30,1.00,1.00,1.00,1.00,1.00,1.00,0.74,inferred
County Durham,2021-05-31,1.00,1.00,1.00,1.00,1.00,1.00,0.74,inferred
County Durham,2021-06-01,1.00,1.00,1.00,1.00,1.00,1.00,0.99,inferred
County Durham,2021-06-02,1.00,1.00,1.00,1.00,1.00,1.00,0.99,inferred
County Durham,2021-06-03,1.00,1.00,1.00,1.00,1.00,1.00,0.99,inferred
County Durham,2021-06-04,1.00,1.00,1.00,1.00,1.00,1.00,0.99,inferred
County Durham,2021-06-05,1.00,1.00,1.00,1.00,1.00,1.00,0.99,inferred
County Durham,2021-06-06,1.00,1.00,1.00,1.00,1.00,1.00,0.99,inferred
County Durham,2021-06-07,1.00,1.00,1.00,1.00,1.00,1.00,0.99,inferred
County Durham,2021-06-08,1.00,1.00,1.00,1.00,1.00,0.97,0.67,inferred
County Durham,2021-06-09,1.00,1.00,1.00,1.00,1.00,0.97,0.67,inferred
County Durham,2021-06-10,1.00,1.00,1.00,1.00,1.00,0.97,0.67,inferred
County Durham,2021-06-11,1.00,1.00,1.00,1.00,1.00,0.97,0.67,inferred
County Durham,2021-06-12,1.00,1.00,1.00,1.00,1.00,0.97,0.67,inferred
County Durham,2021-06-13,1.00,1.00,1.00,1.00,1.00,0.97,0.67,inferred
County Durham,2021-06-14,1.00,1.00,1.00,1.00,1.00,0.97,0.67,inferred
County Durham,2021-06-15,1.00,1.00,1.00,1.00,1.00,0.99,0.59,inferred
County Durham,2021-06-16,1.00,1.00,1.00,1.00,1.00,0.99,0.59,inferred
County Durham,2021-06-17,1.00,1.00,1.00,1.00,1.00,0.99,0.59,inferred
County Durham,2021-06-18,1.00,1.00,1.00,1.00,1.00,0.99,0.59,inferred
County Durham,2021-06-19,1.00,1.00,1.00,1.00,1.00,0.99,0.59,inferred
County Durham,2021-06-20,1.00,1.00,1.00,1.00,1.00,0.99,0.59,inferred
County Durham,2021-06-21,1.00,1.00,1.00,1.00,1.00,0.99,0.59,inferred
County Durham,2021-06-22,1.00,1.00,1.00,1.00,1.00,0.66,0.00,inferred
County Durham,2021-06-23,1.00,1.00,1.00,1.00,1.00,0.66,0.00,inferred
County Durham,2021-06-24,1.00,1.00,1.00,1.00,1.00,0.66,0.00,inferred
County Durham,2021-06-25,1.00,1.00,1.00,1.00,1.00,0.66,0.00,inferred
County Durham,2021-06-26,1.00,1.00,1.00,1.00,1.00,0.66,0.00,inferred
County Durham,2021-06-27,1.00,1.00,1.00,1.00,1.00,0.66,0.00,inferred
County Durham,2021-06-28,1.00,1.00,1.00,1.00,1.00,0.66,0.00,inferred
County Durham,2021-06-29,1.00,1.00,0.98,0.90,0.71,0.10,0.00,inferred
County Durham,2021-06-30,1.00,1.00,0.98,0.90,0.71,0.10,0.00,inferred
County Durham,2021-07-01,1.00,1.00,0.98,0.90,0.71,0.10,0.00,inferred
County Durham,2021-07-02,1.00,1.00,0.98,0.90,0.71,0.10,0.00,inferred
County Durham,2021-07-03,1.00,1.00,0.98,0.90,0.71,0.10,0.00,inferred
County Durham,2021-07-04,1.00,1.00,0.98,0.90,0.71,0.10,0.00,inferred
County Durham,2021-07-05,1.00,1.00,0.98,0.90,0.71,0.10,0.00,inferred
County Durham,2021-07-06,0.97,0.93,0.84,0.73,0.58,0.27,0.06,projected
County Durham,2021-07-07,0.97,0.93,0.84,0.73,0.58,0.27,0.06,projected
County Durham,2021-07-08,0.97,0.93,0.84,0.73,0.58,0.27,0.06,projected
County Durham,2021-07-09,0.97,0.93,0.84,0.73,0.58,0.27,0.06,projected
County Durham,2021-07-10,0.97,0.93,0.84,0.73,0.58,0.27,0.06,projected
County Durham,2021-07-11,0.97,0.93,0.84,0.73,0.58,0.27,0.06,projected
County Durham,2021-07-12,0.97,0.93,0.84,0.73,0.58,0.27,0.06,projected
County Durham,2021-07-13,0.93,0.86,0.79,0.69,0.58,0.33,0.10,projected
County Durham,2021-07-14,0.93,0.86,0.79,0.69,0.58,0.33,0.10,projected
County Durham,2021-07-15,0.93,0.86,0.79,0.69,0.58,0.33,0.10,projected
County Durham,2021-07-16,0.93,0.86,0.79,0.69,0.58,0.33,0.10,projected
County Durham,2021-07-17,0.93,0.86,0.79,0.69,0.58,0.33,0.10,projected
County Durham,2021-07-18,0.93,0.86,0.79,0.69,0.58,0.33,0.10,projected
County Durham,2021-07-19,0.93,0.86,0.79,0.69,0.58,0.33,0.10,projected
County Durham,2021-07-20,0.92,0.85,0.77,0.67,0.59,0.36,0.13,projected
County Durham,2021-07-21,0.92,0.85,0.77,0.67,0.59,0.36,0.13,projected
County Durham,2021-07-22,0.92,0.85,0.77,0.67,0.59,0.36,0.13,projected
County Durham,2021-07-23,0.92,0.85,0.77,0.67,0.59,0.36,0.13,projected
County Durham,2021-07-24,0.92,0.85,0.77,0.67,0.59,0.36,0.13,projected
County Durham,2021-07-25,0.92,0.85,0.77,0.67,0.59,0.36,0.13,projected
County Durham,2021-07-26,0.92,0.85,0.77,0.67,0.59,0.36,0.13,projected
Coventry,2021-03-23,0.04,0.00,0.00,0.00,0.00,0.00,0.00,inferred
Coventry,2021-03-24,0.04,0.00,0.00,0.00,0.00,0.00,0.00,inferred
Coventry,2021-03-25,0.04,0.00,0.00,0.00,0.00,0.00,0.00,inferred
Coventry,2021-03-26,0.04,0.00,0.00,0.00,0.00,0.00,0.00,inferred
Coventry,2021-03-27,0.04,0.00,0.00,0.00,0.00,0.00,0.00,inferred
Coventry,2021-03-28,0.04,0.00,0.00,0.00,0.00,0.00,0.00,inferred
Coventry,2021-03-29,0.04,0.00,0.00,0.00,0.00,0.00,0.00,inferred
Coventry,2021-03-30,0.28,0.10,0.02,0.00,0.00,0.00,0.00,inferred
Coventry,2021-03-31,0.28,0.10,0.02,0.00,0.00,0.00,0.00,inferred
Coventry,2021-04-01,0.28,0.10,0.02,0.00,0.00,0.00,0.00,inferred
Coventry,2021-04-02,0.28,0.10,0.02,0.00,0.00,0.00,0.00,inferred
Coventry,2021-04-03,0.28,0.10,0.02,0.00,0.00,0.00,0.00,inferred
Coventry,2021-04-04,0.28,0.10,0.02,0.00,0.00,0.00,0.00,inferred
Coventry,2021-04-05,0.28,0.10,0.02,0.00,0.00,0.00,0.00,inferred
Coventry,2021-04-06,0.54,0.23,0.06,0.01,0.00,0.00,0.00,inferred
Coventry,2021-04-07,0.54,0.23,0.06,0.01,0.00,0.00,0.00,inferred
Coventry,2021-04-08,0.54,0.23,0.06,0.01,0.00,0.00,0.00,inferred
Coventry,2021-04-09,0.54,0.23,0.06,0.01,0.00,0.00,0.00,inferred
Coventry,2021-04-10,0.54,0.23,0.06,0.01,0.00,0.00,0.00,inferred
Coventry,2021-04-11,0.54,0.23,0.06,0.01,0.00,0.00,0.00,inferred
Coventry,2021-04-12,0.54,0.23,0.06,0.01,0.00,0.00,0.00,inferred
Coventry,2021-04-13,0.84,0.53,0.25,0.07,0.02,0.00,0.00,inferred
Coventry,2021-04-14,0.84,0.53,0.25,0.07,0.02,0.00,0.00,inferred
Coventry,2021-04-15,0.84,0.53,0.25,0.07,0.02,0.00,0.00,inferred
Coventry,2021-04-16,0.84,0.53,0.25,0.07,0.02,0.00,0.00,inferred
Coventry,2021-04-17,0.84,0.53,0.25,0.07,0.02,0.00,0.00,inferred
Coventry,2021-04-18,0.84,0.53,0.25,0.07,0.02,0.00,0.00,inferred
Coventry,2021-04-19,0.84,0.53,0.25,0.07,0.02,0.00,0.00,inferred
Coventry,2021-04-20,0.89,0.64,0.36,0.16,0.04,0.00,0.00,inferred
Coventry,2021-04-21,0.89,0.64,0.36,0.16,0.04,0.00,0.00,inferred
Coventry,2021-04-22,0.89,0.64,0.36,0.16,0.04,0.00,0.00,inferred
Coventry,2021-04-23,0.89,0.64,0.36,0.16,0.04,0.00,0.00,inferred
Coventry,2021-04-24,0.89,0.64,0.36,0.16,0.04,0.00,0.00,inferred
Coventry,2021-04-25,0.89,0.64,0.36,0.16,0.04,0.00,0.00,inferred
Coventry,2021-04-26,0.89,0.64,0.36,0.16,0.04,0.00,0.00,inferred
Coventry,2021-04-27,0.96,0.81,0.56,0.28,0.11,0.00,0.00,inferred
Coventry,2021-04-28,0.96,0.81,0.56,0.28,0.11,0.00,0.00,inferred
Coventry,2021-04-29,0.96,0.81,0.56,0.28,0.11,0.00,0.00,inferred
Coventry,2021-04-30,0.96,0.81,0.56,0.28,0.11,0.00,0.00,inferred
Coventry,2021-05-01,0.96,0.81,0.56,0.28,0.11,0.00,0.00,inferred
Coventry,2021-05-02,0.96,0.81,0.56,0.28,0.11,0.00,0.00,inferred
Coventry,2021-05-03,0.96,0.81,0.56,0.28,0.11,0.00,0.00,inferred
Coventry,2021-05-04,0.35,0.11,0.02,0.00,0.00,0.00,0.00,inferred
Coventry,2021-05-05,0.35,0.11,0.02,0.00,0.00,0.00,0.00,inferred
Coventry,2021-05-06,0.35,0.11,0.02,0.00,0.00,0.00,0.00,inferred
Coventry,2021-05-07,0.35,0.11,0.02,0.00,0.00,0.00,0.00,inferred
Coventry,2021-05-08,0.35,0.11,0.02,0.00,0.00,0.00,0.00,inferred
Coventry,2021-05-09,0.35,0.11,0.02,0.00,0.00,0.00,0.00,inferred
Coventry,2021-05-10,0.35,0.11,0.02,0.00,0.00,0.00,0.00,inferred
Coventry,2021-05-11,0.24,0.07,0.01,0.00,0.00,0.00,0.00,inferred
Coventry,2021-05-12,0.24,0.07,0.01,0.00,0.00,0.00,0.00,inferred
Coventry,2021-05-13,0.24,0.07,0.01,0.00,0.00,0.00,0.00,inferred
Coventry,2021-05-14,0.24,0.07,0.01,0.00,0.00,0.00,0.00,inferred
Coventry,2021-05-15,0.24,0.07,0.01,0.00,0.00,0.00,0.00,inferred
Coventry,2021-05-16,0.24,0.07,0.01,0.00,0.00,0.00,0.00,inferred
Coventry,2021-05-17,0.24,0.07,0.01,0.00,0.00,0.00,0.00,inferred
Coventry,2021-05-18,0.98,0.92,0.76,0.55,0.32,0.02,0.00,inferred
Coventry,2021-05-19,0.98,0.92,0.76,0.55,0.32,0.02,0.00,inferred
Coventry,2021-05-20,0.98,0.92,0.76,0.55,0.32,0.02,0.00,inferred
Coventry,2021-05-21,0.98,0.92,0.76,0.55,0.32,0.02,0.00,inferred
Coventry,2021-05-22,0.98,0.92,0.76,0.55,0.32,0.02,0.00,inferred
Coventry,2021-05-23,0.98,0.92,0.76,0.55,0.32,0.02,0.00,inferred
Coventry,2021-05-24,0.98,0.92,0.76,0.55,0.32,0.02,0.00,inferred
Coventry,2021-05-25,1.00,1.00,1.00,1.00,1.00,0.97,0.37,inferred
Coventry,2021-05-26,1.00,1.00,1.00,1.00,1.00,0.97,0.37,inferred
Coventry,2021-05-27,1.00,1.00,1.00,1.00,1.00,0.97,0.37,inferred
Coventry,2021-05-28,1.00,1.00,1.00,1.00,1.00,0.97,0.37,inferred
Coventry,2021-05-29,1.00,1.00,1.00,1.00,1.00,0.97,0.37,inferred
Coventry,2021-05-30,1.00,1.00,1.00,1.00,1.00,0.97,0.37,inferred
Coventry,2021-05-31,1.00,1.00,1.00,1.00,1.00,0.97,0.37,inferred
Coventry,2021-06-01,1.00,1.00,1.00,1.00,0.99,0.84,0.22,inferred
Coventry,2021-06-02,1.00,1.00,1.00,1.00,0.99,0.84,0.22,inferred
Coventry,2021-06-03,1.00,1.00,1.00,1.00,0.99,0.84,0.22,inferred
Coventry,2021-06-04,1.00,1.00,1.00,1.00,0.99,0.84,0.22,inferred
Coventry,2021-06-05,1.00,1.00,1.00,1.00,0.99,0.84,0.22,inferred
Coventry,2021-06-06,1.00,1.00,1.00,1.00,0.99,0.84,0.22,inferred
Coventry,2021-06-07,1.00,1.00,1.00,1.00,0.99,0.84,0.22,inferred
Coventry,2021-06-08,1.00,1.00,1.00,1.00,1.00,0.81,0.08,inferred
Coventry,2021-06-09,1.00,1.00,1.00,1.00,1.00,0.81,0.08,inferred
Coventry,2021-06-10,1.00,1.00,1.00,1.00,1.00,0.81,0.08,inferred
Coventry,2021-06-11,1.00,1.00,1.00,1.00,1.00,0.81,0.08,inferred
Coventry,2021-06-12,1.00,1.00,1.00,1.00,1.00,0.81,0.08,inferred
Coventry,2021-06-13,1.00,1.00,1.00,1.00,1.00,0.81,0.08,inferred
Coventry,2021-06-14,1.00,1.00,1.00,1.00,1.00,0.81,0.08,inferred
Coventry,2021-06-15,1.00,1.00,1.00,1.00,1.00,0.99,0.58,inferred
Coventry,2021-06-16,1.00,1.00,1.00,1.00,1.00,0.99,0.58,inferred
Coventry,2021-06-17,1.00,1.00,1.00,1.00,1.00,0.99,0.58,inferred
Coventry,2021-06-18,1.00,1.00,1.00,1.00,1.00,0.99,0.58,inferred
Coventry,2021-06-19,1.00,1.00,1.00,1.00,1.00,0.99,0.58,inferred
Coventry,2021-06-20,1.00,1.00,1.00,1.00,1.00,0.99,0.58,inferred
Coventry,2021-06-21,1.00,1.00,1.00,1.00,1.00,0.99,0.58,inferred
Coventry,2021-06-22,1.00,1.00,1.00,1.00,1.00,0.87,0.16,inferred
Coventry,2021-06-23,1.00,1.00,1.00,1.00,1.00,0.87,0.16,inferred
Coventry,2021-06-24,1.00,1.00,1.00,1.00,1.00,0.87,0.16,inferred
Coventry,2021-06-25,1.00,1.00,1.00,1.00,1.00,0.87,0.16,inferred
Coventry,2021-06-26,1.00,1.00,1.00,1.00,1.00,0.87,0.16,inferred
Coventry,2021-06-27,1.00,1.00,1.00,1.00,1.00,0.87,0.16,inferred
Coventry,2021-06-28,1.00,1.00,1.00,1.00,1.00,0.87,0.16,inferred
Coventry,2021-06-29,0.99,0.98,0.91,0.75,0.54,0.11,0.00,inferred
Coventry,2021-06-30,0.99,0.98,0.91,0.75,0.54,0.11,0.00,inferred
Coventry,2021-07-01,0.99,0.98,0.91,0.75,0.54,0.11,0.00,inferred
Coventry,2021-07-02,0.99,0.98,0.91,0.75,0.54,0.11,0.00,inferred
Coventry,2021-07-03,0.99,0.98,0.91,0.75,0.54,0.11,0.00,inferred
Coventry,2021-07-04,0.99,0.98,0.91,0.75,0.54,0.11,0.00,inferred
Coventry,2021-07-05,0.99,0.98,0.91,0.75,0.54,0.11,0.00,inferred
Coventry,2021-07-06,0.93,0.86,0.75,0.62,0.50,0.22,0.04,projected
Coventry,2021-07-07,0.93,0.86,0.75,0.62,0.50,0.22,0.04,projected
Coventry,2021-07-08,0.93,0.86,0.75,0.62,0.50,0.22,0.04,projected
Coventry,2021-07-09,0.93,0.86,0.75,0.62,0.50,0.22,0.04,projected
Coventry,2021-07-10,0.93,0.86,0.75,0.62,0.50,0.22,0.04,projected
Coventry,2021-07-11,0.93,0.86,0.75,0.62,0.50,0.22,0.04,projected
Coventry,2021-07-12,0.93,0.86,0.75,0.62,0.50,0.22,0.04,projected
Coventry,2021-07-13,0.90,0.82,0.71,0.60,0.50,0.26,0.08,projected
Coventry,2021-07-14,0.90,0.82,0.71,0.60,0.50,0.26,0.08,projected
Coventry,2021-07-15,0.90,0.82,0.71,0.60,0.50,0.26,0.08,projected
Coventry,2021-07-16,0.90,0.82,0.71,0.60,0.50,0.26,0.08,projected
Coventry,2021-07-17,0.90,0.82,0.71,0.60,0.50,0.26,0.08,projected
Coventry,2021-07-18,0.90,0.82,0.71,0.60,0.50,0.26,0.08,projected
Coventry,2021-07-19,0.90,0.82,0.71,0.60,0.50,0.26,0.08,projected
Coventry,2021-07-20,0.88,0.79,0.70,0.61,0.51,0.29,0.11,projected
Coventry,2021-07-21,0.88,0.79,0.70,0.61,0.51,0.29,0.11,projected
Coventry,2021-07-22,0.88,0.79,0.70,0.61,0.51,0.29,0.11,projected
Coventry,2021-07-23,0.88,0.79,0.70,0.61,0.51,0.29,0.11,projected
Coventry,2021-07-24,0.88,0.79,0.70,0.61,0.51,0.29,0.11,projected
Coventry,2021-07-25,0.88,0.79,0.70,0.61,0.51,0.29,0.11,projected
Coventry,2021-07-26,0.88,0.79,0.70,0.61,0.51,0.29,0.11,projected
Craven,2021-03-23,0.36,0.18,0.06,0.02,0.01,0.00,0.00,inferred
Craven,2021-03-24,0.36,0.18,0.06,0.02,0.01,0.00,0.00,inferred
Craven,2021-03-25,0.36,0.18,0.06,0.02,0.01,0.00,0.00,inferred
Craven,2021-03-26,0.36,0.18,0.06,0.02,0.01,0.00,0.00,inferred
Craven,2021-03-27,0.36,0.18,0.06,0.02,0.01,0.00,0.00,inferred
Craven,2021-03-28,0.36,0.18,0.06,0.02,0.01,0.00,0.00,inferred
Craven,2021-03-29,0.36,0.18,0.06,0.02,0.01,0.00,0.00,inferred
Craven,2021-03-30,0.54,0.32,0.16,0.07,0.03,0.00,0.00,inferred
Craven,2021-03-31,0.54,0.32,0.16,0.07,0.03,0.00,0.00,inferred
Craven,2021-04-01,0.54,0.32,0.16,0.07,0.03,0.00,0.00,inferred
Craven,2021-04-02,0.54,0.32,0.16,0.07,0.03,0.00,0.00,inferred
Craven,2021-04-03,0.54,0.32,0.16,0.07,0.03,0.00,0.00,inferred
Craven,2021-04-04,0.54,0.32,0.16,0.07,0.03,0.00,0.00,inferred
Craven,2021-04-05,0.54,0.32,0.16,0.07,0.03,0.00,0.00,inferred
Craven,2021-04-06,0.62,0.41,0.25,0.12,0.06,0.00,0.00,inferred
Craven,2021-04-07,0.62,0.41,0.25,0.12,0.06,0.00,0.00,inferred
Craven,2021-04-08,0.62,0.41,0.25,0.12,0.06,0.00,0.00,inferred
Craven,2021-04-09,0.62,0.41,0.25,0.12,0.06,0.00,0.00,inferred
Craven,2021-04-10,0.62,0.41,0.25,0.12,0.06,0.00,0.00,inferred
Craven,2021-04-11,0.62,0.41,0.25,0.12,0.06,0.00,0.00,inferred
Craven,2021-04-12,0.62,0.41,0.25,0.12,0.06,0.00,0.00,inferred
Craven,2021-04-13,0.60,0.38,0.22,0.11,0.05,0.00,0.00,inferred
Craven,2021-04-14,0.60,0.38,0.22,0.11,0.05,0.00,0.00,inferred
Craven,2021-04-15,0.60,0.38,0.22,0.11,0.05,0.00,0.00,inferred
Craven,2021-04-16,0.60,0.38,0.22,0.11,0.05,0.00,0.00,inferred
Craven,2021-04-17,0.60,0.38,0.22,0.11,0.05,0.00,0.00,inferred
Craven,2021-04-18,0.60,0.38,0.22,0.11,0.05,0.00,0.00,inferred
Craven,2021-04-19,0.60,0.38,0.22,0.11,0.05,0.00,0.00,inferred
Craven,2021-04-20,0.26,0.13,0.05,0.02,0.00,0.00,0.00,inferred
Craven,2021-04-21,0.26,0.13,0.05,0.02,0.00,0.00,0.00,inferred
Craven,2021-04-22,0.26,0.13,0.05,0.02,0.00,0.00,0.00,inferred
Craven,2021-04-23,0.26,0.13,0.05,0.02,0.00,0.00,0.00,inferred
Craven,2021-04-24,0.26,0.13,0.05,0.02,0.00,0.00,0.00,inferred
Craven,2021-04-25,0.26,0.13,0.05,0.02,0.00,0.00,0.00,inferred
Craven,2021-04-26,0.26,0.13,0.05,0.02,0.00,0.00,0.00,inferred
Craven,2021-04-27,0.33,0.19,0.10,0.05,0.02,0.00,0.00,inferred
Craven,2021-04-28,0.33,0.19,0.10,0.05,0.02,0.00,0.00,inferred
Craven,2021-04-29,0.33,0.19,0.10,0.05,0.02,0.00,0.00,inferred
Craven,2021-04-30,0.33,0.19,0.10,0.05,0.02,0.00,0.00,inferred
Craven,2021-05-01,0.33,0.19,0.10,0.05,0.02,0.00,0.00,inferred
Craven,2021-05-02,0.33,0.19,0.10,0.05,0.02,0.00,0.00,inferred
Craven,2021-05-03,0.33,0.19,0.10,0.05,0.02,0.00,0.00,inferred
Craven,2021-05-04,0.48,0.33,0.20,0.11,0.06,0.00,0.00,inferred
Craven,2021-05-05,0.48,0.33,0.20,0.11,0.06,0.00,0.00,inferred
Craven,2021-05-06,0.48,0.33,0.20,0.11,0.06,0.00,0.00,inferred
Craven,2021-05-07,0.48,0.33,0.20,0.11,0.06,0.00,0.00,inferred
Craven,2021-05-08,0.48,0.33,0.20,0.11,0.06,0.00,0.00,inferred
Craven,2021-05-09,0.48,0.33,0.20,0.11,0.06,0.00,0.00,inferred
Craven,2021-05-10,0.48,0.33,0.20,0.11,0.06,0.00,0.00,inferred
Craven,2021-05-11,0.88,0.80,0.69,0.55,0.43,0.12,0.01,inferred
Craven,2021-05-12,0.88,0.80,0.69,0.55,0.43,0.12,0.01,inferred
Craven,2021-05-13,0.88,0.80,0.69,0.55,0.43,0.12,0.01,inferred
Craven,2021-05-14,0.88,0.80,0.69,0.55,0.43,0.12,0.01,inferred
Craven,2021-05-15,0.88,0.80,0.69,0.55,0.43,0.12,0.01,inferred
Craven,2021-05-16,0.88,0.80,0.69,0.55,0.43,0.12,0.01,inferred
Craven,2021-05-17,0.88,0.80,0.69,0.55,0.43,0.12,0.01,inferred
Craven,2021-05-18,0.96,0.93,0.86,0.76,0.65,0.32,0.04,inferred
Craven,2021-05-19,0.96,0.93,0.86,0.76,0.65,0.32,0.04,inferred
Craven,2021-05-20,0.96,0.93,0.86,0.76,0.65,0.32,0.04,inferred
Craven,2021-05-21,0.96,0.93,0.86,0.76,0.65,0.32,0.04,inferred
Craven,2021-05-22,0.96,0.93,0.86,0.76,0.65,0.32,0.04,inferred
Craven,2021-05-23,0.96,0.93,0.86,0.76,0.65,0.32,0.04,inferred
Craven,2021-05-24,0.96,0.93,0.86,0.76,0.65,0.32,0.04,inferred
Craven,2021-05-25,1.00,1.00,1.00,0.99,0.98,0.86,0.40,inferred
Craven,2021-05-26,1.00,1.00,1.00,0.99,0.98,0.86,0.40,inferred
Craven,2021-05-27,1.00,1.00,1.00,0.99,0.98,0.86,0.40,inferred
Craven,2021-05-28,1.00,1.00,1.00,0.99,0.98,0.86,0.40,inferred
Craven,2021-05-29,1.00,1.00,1.00,0.99,0.98,0.86,0.40,inferred
Craven,2021-05-30,1.00,1.00,1.00,0.99,0.98,0.86,0.40,inferred
Craven,2021-05-31,1.00,1.00,1.00,0.99,0.98,0.86,0.40,inferred
Craven,2021-06-01,1.00,1.00,1.00,1.00,1.00,0.97,0.73,inferred
Craven,2021-06-02,1.00,1.00,1.00,1.00,1.00,0.97,0.73,inferred
Craven,2021-06-03,1.00,1.00,1.00,1.00,1.00,0.97,0.73,inferred
Craven,2021-06-04,1.00,1.00,1.00,1.00,1.00,0.97,0.73,inferred
Craven,2021-06-05,1.00,1.00,1.00,1.00,1.00,0.97,0.73,inferred
Craven,2021-06-06,1.00,1.00,1.00,1.00,1.00,0.97,0.73,inferred
Craven,2021-06-07,1.00,1.00,1.00,1.00,1.00,0.97,0.73,inferred
Craven,2021-06-08,1.00,1.00,1.00,1.00,0.98,0.74,0.17,inferred
Craven,2021-06-09,1.00,1.00,1.00,1.00,0.98,0.74,0.17,inferred
Craven,2021-06-10,1.00,1.00,1.00,1.00,0.98,0.74,0.17,inferred
Craven,2021-06-11,1.00,1.00,1.00,1.00,0.98,0.74,0.17,inferred
Craven,2021-06-12,1.00,1.00,1.00,1.00,0.98,0.74,0.17,inferred
Craven,2021-06-13,1.00,1.00,1.00,1.00,0.98,0.74,0.17,inferred
Craven,2021-06-14,1.00,1.00,1.00,1.00,0.98,0.74,0.17,inferred
Craven,2021-06-15,1.00,1.00,1.00,0.99,0.96,0.52,0.03,inferred
Craven,2021-06-16,1.00,1.00,1.00,0.99,0.96,0.52,0.03,inferred
Craven,2021-06-17,1.00,1.00,1.00,0.99,0.96,0.52,0.03,inferred
Craven,2021-06-18,1.00,1.00,1.00,0.99,0.96,0.52,0.03,inferred
Craven,2021-06-19,1.00,1.00,1.00,0.99,0.96,0.52,0.03,inferred
Craven,2021-06-20,1.00,1.00,1.00,0.99,0.96,0.52,0.03,inferred
Craven,2021-06-21,1.00,1.00,1.00,0.99,0.96,0.52,0.03,inferred
Craven,2021-06-22,1.00,1.00,0.98,0.91,0.78,0.21,0.00,inferred
Craven,2021-06-23,1.00,1.00,0.98,0.91,0.78,0.21,0.00,inferred
Craven,2021-06-24,1.00,1.00,0.98,0.91,0.78,0.21,0.00,inferred
Craven,2021-06-25,1.00,1.00,0.98,0.91,0.78,0.21,0.00,inferred
Craven,2021-06-26,1.00,1.00,0.98,0.91,0.78,0.21,0.00,inferred
Craven,2021-06-27,1.00,1.00,0.98,0.91,0.78,0.21,0.00,inferred
Craven,2021-06-28,1.00,1.00,0.98,0.91,0.78,0.21,0.00,inferred
Craven,2021-06-29,0.84,0.68,0.51,0.34,0.20,0.03,0.00,inferred
Craven,2021-06-30,0.84,0.68,0.51,0.34,0.20,0.03,0.00,inferred
Craven,2021-07-01,0.84,0.68,0.51,0.34,0.20,0.03,0.00,inferred
Craven,2021-07-02,0.84,0.68,0.51,0.34,0.20,0.03,0.00,inferred
Craven,2021-07-03,0.84,0.68,0.51,0.34,0.20,0.03,0.00,inferred
Craven,2021-07-04,0.84,0.68,0.51,0.34,0.20,0.03,0.00,inferred
Craven,2021-07-05,0.84,0.68,0.51,0.34,0.20,0.03,0.00,inferred
Craven,2021-07-06,0.81,0.70,0.57,0.43,0.31,0.10,0.02,projected
Craven,2021-07-07,0.81,0.70,0.57,0.43,0.31,0.10,0.02,projected
Craven,2021-07-08,0.81,0.70,0.57,0.43,0.31,0.10,0.02,projected
Craven,2021-07-09,0.81,0.70,0.57,0.43,0.31,0.10,0.02,projected
Craven,2021-07-10,0.81,0.70,0.57,0.43,0.31,0.10,0.02,projected
Craven,2021-07-11,0.81,0.70,0.57,0.43,0.31,0.10,0.02,projected
Craven,2021-07-12,0.81,0.70,0.57,0.43,0.31,0.10,0.02,projected
Craven,2021-07-13,0.82,0.71,0.59,0.48,0.38,0.15,0.03,projected
Craven,2021-07-14,0.82,0.71,0.59,0.48,0.38,0.15,0.03,projected
Craven,2021-07-15,0.82,0.71,0.59,0.48,0.38,0.15,0.03,projected
Craven,2021-07-16,0.82,0.71,0.59,0.48,0.38,0.15,0.03,projected
Craven,2021-07-17,0.82,0.71,0.59,0.48,0.38,0.15,0.03,projected
Craven,2021-07-18,0.82,0.71,0.59,0.48,0.38,0.15,0.03,projected
Craven,2021-07-19,0.82,0.71,0.59,0.48,0.38,0.15,0.03,projected
Craven,2021-07-20,0.86,0.76,0.65,0.54,0.44,0.21,0.06,projected
Craven,2021-07-21,0.86,0.76,0.65,0.54,0.44,0.21,0.06,projected
Craven,2021-07-22,0.86,0.76,0.65,0.54,0.44,0.21,0.06,projected
Craven,2021-07-23,0.86,0.76,0.65,0.54,0.44,0.21,0.06,projected
Craven,2021-07-24,0.86,0.76,0.65,0.54,0.44,0.21,0.06,projected
Craven,2021-07-25,0.86,0.76,0.65,0.54,0.44,0.21,0.06,projected
Craven,2021-07-26,0.86,0.76,0.65,0.54,0.44,0.21,0.06,projected
Crawley,2021-03-23,0.01,0.00,0.00,0.00,0.00,0.00,0.00,inferred
Crawley,2021-03-24,0.01,0.00,0.00,0.00,0.00,0.00,0.00,inferred
Crawley,2021-03-25,0.01,0.00,0.00,0.00,0.00,0.00,0.00,inferred
Crawley,2021-03-26,0.01,0.00,0.00,0.00,0.00,0.00,0.00,inferred
Crawley,2021-03-27,0.01,0.00,0.00,0.00,0.00,0.00,0.00,inferred
Crawley,2021-03-28,0.01,0.00,0.00,0.00,0.00,0.00,0.00,inferred
Crawley,2021-03-29,0.01,0.00,0.00,0.00,0.00,0.00,0.00,inferred
Crawley,2021-03-30,0.49,0.27,0.12,0.04,0.01,0.00,0.00,inferred
Crawley,2021-03-31,0.49,0.27,0.12,0.04,0.01,0.00,0.00,inferred
Crawley,2021-04-01,0.49,0.27,0.12,0.04,0.01,0.00,0.00,inferred
Crawley,2021-04-02,0.49,0.27,0.12,0.04,0.01,0.00,0.00,inferred
Crawley,2021-04-03,0.49,0.27,0.12,0.04,0.01,0.00,0.00,inferred
Crawley,2021-04-04,0.49,0.27,0.12,0.04,0.01,0.00,0.00,inferred
Crawley,2021-04-05,0.49,0.27,0.12,0.04,0.01,0.00,0.00,inferred
Crawley,2021-04-06,0.76,0.56,0.34,0.17,0.09,0.00,0.00,inferred
Crawley,2021-04-07,0.76,0.56,0.34,0.17,0.09,0.00,0.00,inferred
Crawley,2021-04-08,0.76,0.56,0.34,0.17,0.09,0.00,0.00,inferred
Crawley,2021-04-09,0.76,0.56,0.34,0.17,0.09,0.00,0.00,inferred
Crawley,2021-04-10,0.76,0.56,0.34,0.17,0.09,0.00,0.00,inferred
Crawley,2021-04-11,0.76,0.56,0.34,0.17,0.09,0.00,0.00,inferred
Crawley,2021-04-12,0.76,0.56,0.34,0.17,0.09,0.00,0.00,inferred
Crawley,2021-04-13,0.53,0.32,0.16,0.07,0.03,0.00,0.00,inferred
Crawley,2021-04-14,0.53,0.32,0.16,0.07,0.03,0.00,0.00,inferred
Crawley,2021-04-15,0.53,0.32,0.16,0.07,0.03,0.00,0.00,inferred
Crawley,2021-04-16,0.53,0.32,0.16,0.07,0.03,0.00,0.00,inferred
Crawley,2021-04-17,0.53,0.32,0.16,0.07,0.03,0.00,0.00,inferred
Crawley,2021-04-18,0.53,0.32,0.16,0.07,0.03,0.00,0.00,inferred
Crawley,2021-04-19,0.53,0.32,0.16,0.07,0.03,0.00,0.00,inferred
Crawley,2021-04-20,0.52,0.33,0.19,0.09,0.05,0.00,0.00,inferred
Crawley,2021-04-21,0.52,0.33,0.19,0.09,0.05,0.00,0.00,inferred
Crawley,2021-04-22,0.52,0.33,0.19,0.09,0.05,0.00,0.00,inferred
Crawley,2021-04-23,0.52,0.33,0.19,0.09,0.05,0.00,0.00,inferred
Crawley,2021-04-24,0.52,0.33,0.19,0.09,0.05,0.00,0.00,inferred
Crawley,2021-04-25,0.52,0.33,0.19,0.09,0.05,0.00,0.00,inferred
Crawley,2021-04-26,0.52,0.33,0.19,0.09,0.05,0.00,0.00,inferred
Crawley,2021-04-27,0.89,0.76,0.60,0.41,0.26,0.04,0.00,inferred
Crawley,2021-04-28,0.89,0.76,0.60,0.41,0.26,0.04,0.00,inferred
Crawley,2021-04-29,0.89,0.76,0.60,0.41,0.26,0.04,0.00,inferred
Crawley,2021-04-30,0.89,0.76,0.60,0.41,0.26,0.04,0.00,inferred
Crawley,2021-05-01,0.89,0.76,0.60,0.41,0.26,0.04,0.00,inferred
Crawley,2021-05-02,0.89,0.76,0.60,0.41,0.26,0.04,0.00,inferred
Crawley,2021-05-03,0.89,0.76,0.60,0.41,0.26,0.04,0.00,inferred
Crawley,2021-05-04,0.42,0.25,0.13,0.06,0.03,0.00,0.00,inferred
Crawley,2021-05-05,0.42,0.25,0.13,0.06,0.03,0.00,0.00,inferred
Crawley,2021-05-06,0.42,0.25,0.13,0.06,0.03,0.00,0.00,inferred
Crawley,2021-05-07,0.42,0.25,0.13,0.06,0.03,0.00,0.00,inferred
Crawley,2021-05-08,0.42,0.25,0.13,0.06,0.03,0.00,0.00,inferred
Crawley,2021-05-09,0.42,0.25,0.13,0.06,0.03,0.00,0.00,inferred
Crawley,2021-05-10,0.42,0.25,0.13,0.06,0.03,0.00,0.00,inferred
Crawley,2021-05-11,0.80,0.65,0.49,0.35,0.21,0.03,0.00,inferred
Crawley,2021-05-12,0.80,0.65,0.49,0.35,0.21,0.03,0.00,inferred
Crawley,2021-05-13,0.80,0.65,0.49,0.35,0.21,0.03,0.00,inferred
Crawley,2021-05-14,0.80,0.65,0.49,0.35,0.21,0.03,0.00,inferred
Crawley,2021-05-15,0.80,0.65,0.49,0.35,0.21,0.03,0.00,inferred
Crawley,2021-05-16,0.80,0.65,0.49,0.35,0.21,0.03,0.00,inferred
Crawley,2021-05-17,0.80,0.65,0.49,0.35,0.21,0.03,0.00,inferred
Crawley,2021-05-18,1.00,0.99,0.96,0.93,0.87,0.55,0.10,inferred
Crawley,2021-05-19,1.00,0.99,0.96,0.93,0.87,0.55,0.10,inferred
Crawley,2021-05-20,1.00,0.99,0.96,0.93,0.87,0.55,0.10,inferred
Crawley,2021-05-21,1.00,0.99,0.96,0.93,0.87,0.55,0.10,inferred
Crawley,2021-05-22,1.00,0.99,0.96,0.93,0.87,0.55,0.10,inferred
Crawley,2021-05-23,1.00,0.99,0.96,0.93,0.87,0.55,0.10,inferred
Crawley,2021-05-24,1.00,0.99,0.96,0.93,0.87,0.55,0.10,inferred
Crawley,2021-05-25,1.00,1.00,1.00,1.00,0.99,0.90,0.43,inferred
Crawley,2021-05-26,1.00,1.00,1.00,1.00,0.99,0.90,0.43,inferred
Crawley,2021-05-27,1.00,1.00,1.00,1.00,0.99,0.90,0.43,inferred
Crawley,2021-05-28,1.00,1.00,1.00,1.00,0.99,0.90,0.43,inferred
Crawley,2021-05-29,1.00,1.00,1.00,1.00,0.99,0.90,0.43,inferred
Crawley,2021-05-30,1.00,1.00,1.00,1.00,0.99,0.90,0.43,inferred
Crawley,2021-05-31,1.00,1.00,1.00,1.00,0.99,0.90,0.43,inferred
Crawley,2021-06-01,1.00,1.00,0.98,0.94,0.85,0.42,0.03,inferred
Crawley,2021-06-02,1.00,1.00,0.98,0.94,0.85,0.42,0.03,inferred
Crawley,2021-06-03,1.00,1.00,0.98,0.94,0.85,0.42,0.03,inferred
Crawley,2021-06-04,1.00,1.00,0.98,0.94,0.85,0.42,0.03,inferred
Crawley,2021-06-05,1.00,1.00,0.98,0.94,0.85,0.42,0.03,inferred
Crawley,2021-06-06,1.00,1.00,0.98,0.94,0.85,0.42,0.03,inferred
Crawley,2021-06-07,1.00,1.00,0.98,0.94,0.85,0.42,0.03,inferred
Crawley,2021-06-08,1.00,1.00,1.00,0.99,0.96,0.58,0.04,inferred
Crawley,2021-06-09,1.00,1.00,1.00,0.99,0.96,0.58,0.04,inferred
Crawley,2021-06-10,1.00,1.00,1.00,0.99,0.96,0.58,0.04,inferred
Crawley,2021-06-11,1.00,1.00,1.00,0.99,0.96,0.58,0.04,inferred
Crawley,2021-06-12,1.00,1.00,1.00,0.99,0.96,0.58,0.04,inferred
Crawley,2021-06-13,1.00,1.00,1.00,0.99,0.96,0.58,0.04,inferred
Crawley,2021-06-14,1.00,1.00,1.00,0.99,0.96,0.58,0.04,inferred
Crawley,2021-06-15,1.00,1.00,1.00,1.00,1.00,0.96,0.44,inferred
Crawley,2021-06-16,1.00,1.00,1.00,1.00,1.00,0.96,0.44,inferred
Crawley,2021-06-17,1.00,1.00,1.00,1.00,1.00,0.96,0.44,inferred
Crawley,2021-06-18,1.00,1.00,1.00,1.00,1.00,0.96,0.44,inferred
Crawley,2021-06-19,1.00,1.00,1.00,1.00,1.00,0.96,0.44,inferred
Crawley,2021-06-20,1.00,1.00,1.00,1.00,1.00,0.96,0.44,inferred
Crawley,2021-06-21,1.00,1.00,1.00,1.00,1.00,0.96,0.44,inferred
Crawley,2021-06-22,1.00,1.00,1.00,1.00,0.99,0.76,0.09,inferred
Crawley,2021-06-23,1.00,1.00,1.00,1.00,0.99,0.76,0.09,inferred
Crawley,2021-06-24,1.00,1.00,1.00,1.00,0.99,0.76,0.09,inferred
Crawley,2021-06-25,1.00,1.00,1.00,1.00,0.99,0.76,0.09,inferred
Crawley,2021-06-26,1.00,1.00,1.00,1.00,0.99,0.76,0.09,inferred
Crawley,2021-06-27,1.00,1.00,1.00,1.00,0.99,0.76,0.09,inferred
Crawley,2021-06-28,1.00,1.00,1.00,1.00,0.99,0.76,0.09,inferred
Crawley,2021-06-29,1.00,0.97,0.90,0.77,0.59,0.16,0.00,inferred
Crawley,2021-06-30,1.00,0.97,0.90,0.77,0.59,0.16,0.00,inferred
Crawley,2021-07-01,1.00,0.97,0.90,0.77,0.59,0.16,0.00,inferred
Crawley,2021-07-02,1.00,0.97,0.90,0.77,0.59,0.16,0.00,inferred
Crawley,2021-07-03,1.00,0.97,0.90,0.77,0.59,0.16,0.00,inferred
Crawley,2021-07-04,1.00,0.97,0.90,0.77,0.59,0.16,0.00,inferred
Crawley,2021-07-05,1.00,0.97,0.90,0.77,0.59,0.16,0.00,inferred
Crawley,2021-07-06,0.97,0.91,0.84,0.73,0.60,0.27,0.05,projected
Crawley,2021-07-07,0.97,0.91,0.84,0.73,0.60,0.27,0.05,projected
Crawley,2021-07-08,0.97,0.91,0.84,0.73,0.60,0.27,0.05,projected
Crawley,2021-07-09,0.97,0.91,0.84,0.73,0.60,0.27,0.05,projected
Crawley,2021-07-10,0.97,0.91,0.84,0.73,0.60,0.27,0.05,projected
Crawley,2021-07-11,0.97,0.91,0.84,0.73,0.60,0.27,0.05,projected
Crawley,2021-07-12,0.97,0.91,0.84,0.73,0.60,0.27,0.05,projected
Crawley,2021-07-13,0.96,0.91,0.84,0.74,0.64,0.34,0.08,projected
Crawley,2021-07-14,0.96,0.91,0.84,0.74,0.64,0.34,0.08,projected
Crawley,2021-07-15,0.96,0.91,0.84,0.74,0.64,0.34,0.08,projected
Crawley,2021-07-16,0.96,0.91,0.84,0.74,0.64,0.34,0.08,projected
Crawley,2021-07-17,0.96,0.91,0.84,0.74,0.64,0.34,0.08,projected
Crawley,2021-07-18,0.96,0.91,0.84,0.74,0.64,0.34,0.08,projected
Crawley,2021-07-19,0.96,0.91,0.84,0.74,0.64,0.34,0.08,projected
Crawley,2021-07-20,0.97,0.92,0.86,0.78,0.68,0.38,0.14,projected
Crawley,2021-07-21,0.97,0.92,0.86,0.78,0.68,0.38,0.14,projected
Crawley,2021-07-22,0.97,0.92,0.86,0.78,0.68,0.38,0.14,projected
Crawley,2021-07-23,0.97,0.92,0.86,0.78,0.68,0.38,0.14,projected
Crawley,2021-07-24,0.97,0.92,0.86,0.78,0.68,0.38,0.14,projected
Crawley,2021-07-25,0.97,0.92,0.86,0.78,0.68,0.38,0.14,projected
Crawley,2021-07-26,0.97,0.92,0.86,0.78,0.68,0.38,0.14,projected
Croydon,2021-03-23,0.09,0.01,0.00,0.00,0.00,0.00,0.00,inferred
Croydon,2021-03-24,0.09,0.01,0.00,0.00,0.00,0.00,0.00,inferred
Croydon,2021-03-25,0.09,0.01,0.00,0.00,0.00,0.00,0.00,inferred
Croydon,2021-03-26,0.09,0.01,0.00,0.00,0.00,0.00,0.00,inferred
Croydon,2021-03-27,0.09,0.01,0.00,0.00,0.00,0.00,0.00,inferred
Croydon,2021-03-28,0.09,0.01,0.00,0.00,0.00,0.00,0.00,inferred
Croydon,2021-03-29,0.09,0.01,0.00,0.00,0.00,0.00,0.00,inferred
Croydon,2021-03-30,0.92,0.69,0.37,0.12,0.03,0.00,0.00,inferred
Croydon,2021-03-31,0.92,0.69,0.37,0.12,0.03,0.00,0.00,inferred
Croydon,2021-04-01,0.92,0.69,0.37,0.12,0.03,0.00,0.00,inferred
Croydon,2021-04-02,0.92,0.69,0.37,0.12,0.03,0.00,0.00,inferred
Croydon,2021-04-03,0.92,0.69,0.37,0.12,0.03,0.00,0.00,inferred
Croydon,2021-04-04,0.92,0.69,0.37,0.12,0.03,0.00,0.00,inferred
Croydon,2021-04-05,0.92,0.69,0.37,0.12,0.03,0.00,0.00,inferred
Croydon,2021-04-06,0.93,0.78,0.52,0.26,0.10,0.00,0.00,inferred
Croydon,2021-04-07,0.93,0.78,0.52,0.26,0.10,0.00,0.00,inferred
Croydon,2021-04-08,0.93,0.78,0.52,0.26,0.10,0.00,0.00,inferred
Croydon,2021-04-09,0.93,0.78,0.52,0.26,0.10,0.00,0.00,inferred
Croydon,2021-04-10,0.93,0.78,0.52,0.26,0.10,0.00,0.00,inferred
Croydon,2021-04-11,0.93,0.78,0.52,0.26,0.10,0.00,0.00,inferred
Croydon,2021-04-12,0.93,0.78,0.52,0.26,0.10,0.00,0.00,inferred
Croydon,2021-04-13,1.00,0.99,0.95,0.82,0.59,0.06,0.00,inferred
Croydon,2021-04-14,1.00,0.99,0.95,0.82,0.59,0.06,0.00,inferred
Croydon,2021-04-15,1.00,0.99,0.95,0.82,0.59,0.06,0.00,inferred
Croydon,2021-04-16,1.00,0.99,0.95,0.82,0.59,0.06,0.00,inferred
Croydon,2021-04-17,1.00,0.99,0.95,0.82,0.59,0.06,0.00,inferred
Croydon,2021-04-18,1.00,0.99,0.95,0.82,0.59,0.06,0.00,inferred
Croydon,2021-04-19,1.00,0.99,0.95,0.82,0.59,0.06,0.00,inferred
Croydon,2021-04-20,0.97,0.87,0.63,0.31,0.10,0.00,0.00,inferred
Croydon,2021-04-21,0.97,0.87,0.63,0.31,0.10,0.00,0.00,inferred
Croydon,2021-04-22,0.97,0.87,0.63,0.31,0.10,0.00,0.00,inferred
Croydon,2021-04-23,0.97,0.87,0.63,0.31,0.10,0.00,0.00,inferred
Croydon,2021-04-24,0.97,0.87,0.63,0.31,0.10,0.00,0.00,inferred
Croydon,2021-04-25,0.97,0.87,0.63,0.31,0.10,0.00,0.00,inferred
Croydon,2021-04-26,0.97,0.87,0.63,0.31,0.10,0.00,0.00,inferred
Croydon,2021-04-27,1.00,0.99,0.94,0.79,0.51,0.02,0.00,inferred
Croydon,2021-04-28,1.00,0.99,0.94,0.79,0.51,0.02,0.00,inferred
Croydon,2021-04-29,1.00,0.99,0.94,0.79,0.51,0.02,0.00,inferred
Croydon,2021-04-30,1.00,0.99,0.94,0.79,0.51,0.02,0.00,inferred
Croydon,2021-05-01,1.00,0.99,0.94,0.79,0.51,0.02,0.00,inferred
Croydon,2021-05-02,1.00,0.99,0.94,0.79,0.51,0.02,0.00,inferred
Croydon,2021-05-03,1.00,0.99,0.94,0.79,0.51,0.02,0.00,inferred
Croydon,2021-05-04,1.00,1.00,0.97,0.87,0.63,0.05,0.00,inferred
Croydon,2021-05-05,1.00,1.00,0.97,0.87,0.63,0.05,0.00,inferred
Croydon,2021-05-06,1.00,1.00,0.97,0.87,0.63,0.05,0.00,inferred
Croydon,2021-05-07,1.00,1.00,0.97,0.87,0.63,0.05,0.00,inferred
Croydon,2021-05-08,1.00,1.00,0.97,0.87,0.63,0.05,0.00,inferred
Croydon,2021-05-09,1.00,1.00,0.97,0.87,0.63,0.05,0.00,inferred
Croydon,2021-05-10,1.00,1.00,0.97,0.87,0.63,0.05,0.00,inferred
Croydon,2021-05-11,1.00,1.00,1.00,0.98,0.87,0.15,0.00,inferred
Croydon,2021-05-12,1.00,1.00,1.00,0.98,0.87,0.15,0.00,inferred
Croydon,2021-05-13,1.00,1.00,1.00,0.98,0.87,0.15,0.00,inferred
Croydon,2021-05-14,1.00,1.00,1.00,0.98,0.87,0.15,0.00,inferred
Croydon,2021-05-15,1.00,1.00,1.00,0.98,0.87,0.15,0.00,inferred
Croydon,2021-05-16,1.00,1.00,1.00,0.98,0.87,0.15,0.00,inferred
Croydon,2021-05-17,1.00,1.00,1.00,0.98,0.87,0.15,0.00,inferred
Croydon,2021-05-18,1.00,1.00,1.00,0.99,0.94,0.35,0.00,inferred
Croydon,2021-05-19,1.00,1.00,1.00,0.99,0.94,0.35,0.00,inferred
Croydon,2021-05-20,1.00,1.00,1.00,0.99,0.94,0.35,0.00,inferred
Croydon,2021-05-21,1.00,1.00,1.00,0.99,0.94,0.35,0.00,inferred
Croydon,2021-05-22,1.00,1.00,1.00,0.99,0.94,0.35,0.00,inferred
Croydon,2021-05-23,1.00,1.00,1.00,0.99,0.94,0.35,0.00,inferred
Croydon,2021-05-24,1.00,1.00,1.00,0.99,0.94,0.35,0.00,inferred
Croydon,2021-05-25,1.00,1.00,1.00,0.99,0.93,0.20,0.00,inferred
Croydon,2021-05-26,1.00,1.00,1.00,0.99,0.93,0.20,0.00,inferred
Croydon,2021-05-27,1.00,1.00,1.00,0.99,0.93,0.20,0.00,inferred
Croydon,2021-05-28,1.00,1.00,1.00,0.99,0.93,0.20,0.00,inferred
Croydon,2021-05-29,1.00,1.00,1.00,0.99,0.93,0.20,0.00,inferred
Croydon,2021-05-30,1.00,1.00,1.00,0.99,0.93,0.20,0.00,inferred
Croydon,2021-05-31,1.00,1.00,1.00,0.99,0.93,0.20,0.00,inferred
Croydon,2021-06-01,1.00,0.96,0.72,0.32,0.08,0.00,0.00,inferred
Croydon,2021-06-02,1.00,0.96,0.72,0.32,0.08,0.00,0.00,inferred
Croydon,2021-06-03,1.00,0.96,0.72,0.32,0.08,0.00,0.00,inferred
Croydon,2021-06-04,1.00,0.96,0.72,0.32,0.08,0.00,0.00,inferred
Croydon,2021-06-05,1.00,0.96,0.72,0.32,0.08,0.00,0.00,inferred
Croydon,2021-06-06,1.00,0.96,0.72,0.32,0.08,0.00,0.00,inferred
Croydon,2021-06-07,1.00,0.96,0.72,0.32,0.08,0.00,0.00,inferred
Croydon,2021-06-08,1.00,0.96,0.68,0.21,0.02,0.00,0.00,inferred
Croydon,2021-06-09,1.00,0.96,0.68,0.21,0.02,0.00,0.00,inferred
Croydon,2021-06-10,1.00,0.96,0.68,0.21,0.02,0.00,0.00,inferred
Croydon,2021-06-11,1.00,0.96,0.68,0.21,0.02,0.00,0.00,inferred
Croydon,2021-06-12,1.00,0.96,0.68,0.21,0.02,0.00,0.00,inferred
Croydon,2021-06-13,1.00,0.96,0.68,0.21,0.02,0.00,0.00,inferred
Croydon,2021-06-14,1.00,0.96,0.68,0.21,0.02,0.00,0.00,inferred
Croydon,2021-06-15,1.00,1.00,1.00,1.00,1.00,0.65,0.00,inferred
Croydon,2021-06-16,1.00,1.00,1.00,1.00,1.00,0.65,0.00,inferred
Croydon,2021-06-17,1.00,1.00,1.00,1.00,1.00,0.65,0.00,inferred
Croydon,2021-06-18,1.00,1.00,1.00,1.00,1.00,0.65,0.00,inferred
Croydon,2021-06-19,1.00,1.00,1.00,1.00,1.00,0.65,0.00,inferred
Croydon,2021-06-20,1.00,1.00,1.00,1.00,1.00,0.65,0.00,inferred
Croydon,2021-06-21,1.00,1.00,1.00,1.00,1.00,0.65,0.00,inferred
Croydon,2021-06-22,1.00,1.00,1.00,1.00,1.00,0.92,0.18,inferred
Croydon,2021-06-23,1.00,1.00,1.00,1.00,1.00,0.92,0.18,inferred
Croydon,2021-06-24,1.00,1.00,1.00,1.00,1.00,0.92,0.18,inferred
Croydon,2021-06-25,1.00,1.00,1.00,1.00,1.00,0.92,0.18,inferred
Croydon,2021-06-26,1.00,1.00,1.00,1.00,1.00,0.92,0.18,inferred
Croydon,2021-06-27,1.00,1.00,1.00,1.00,1.00,0.92,0.18,inferred
Croydon,2021-06-28,1.00,1.00,1.00,1.00,1.00,0.92,0.18,inferred
Croydon,2021-06-29,1.00,1.00,0.98,0.92,0.75,0.18,0.00,inferred
Croydon,2021-06-30,1.00,1.00,0.98,0.92,0.75,0.18,0.00,inferred
Croydon,2021-07-01,1.00,1.00,0.98,0.92,0.75,0.18,0.00,inferred
Croydon,2021-07-02,1.00,1.00,0.98,0.92,0.75,0.18,0.00,inferred
Croydon,2021-07-03,1.00,1.00,0.98,0.92,0.75,0.18,0.00,inferred
Croydon,2021-07-04,1.00,1.00,0.98,0.92,0.75,0.18,0.00,inferred
Croydon,2021-07-05,1.00,1.00,0.98,0.92,0.75,0.18,0.00,inferred
Croydon,2021-07-06,1.00,0.98,0.92,0.81,0.66,0.25,0.02,projected
Croydon,2021-07-07,1.00,0.98,0.92,0.81,0.66,0.25,0.02,projected
Croydon,2021-07-08,1.00,0.98,0.92,0.81,0.66,0.25,0.02,projected
Croydon,2021-07-09,1.00,0.98,0.92,0.81,0.66,0.25,0.02,projected
Croydon,2021-07-10,1.00,0.98,0.92,0.81,0.66,0.25,0.02,projected
Croydon,2021-07-11,1.00,0.98,0.92,0.81,0.66,0.25,0.02,projected
Croydon,2021-07-12,1.00,0.98,0.92,0.81,0.66,0.25,0.02,projected
Croydon,2021-07-13,0.99,0.96,0.88,0.77,0.64,0.26,0.04,projected
Croydon,2021-07-14,0.99,0.96,0.88,0.77,0.64,0.26,0.04,projected
Croydon,2021-07-15,0.99,0.96,0.88,0.77,0.64,0.26,0.04,projected
Croydon,2021-07-16,0.99,0.96,0.88,0.77,0.64,0.26,0.04,projected
Croydon,2021-07-17,0.99,0.96,0.88,0.77,0.64,0.26,0.04,projected
Croydon,2021-07-18,0.99,0.96,0.88,0.77,0.64,0.26,0.04,projected
Croydon,2021-07-19,0.99,0.96,0.88,0.77,0.64,0.26,0.04,projected
Croydon,2021-07-20,0.98,0.94,0.85,0.76,0.63,0.27,0.04,projected
Croydon,2021-07-21,0.98,0.94,0.85,0.76,0.63,0.27,0.04,projected
Croydon,2021-07-22,0.98,0.94,0.85,0.76,0.63,0.27,0.04,projected
Croydon,2021-07-23,0.98,0.94,0.85,0.76,0.63,0.27,0.04,projected
Croydon,2021-07-24,0.98,0.94,0.85,0.76,0.63,0.27,0.04,projected
Croydon,2021-07-25,0.98,0.94,0.85,0.76,0.63,0.27,0.04,projected
Croydon,2021-07-26,0.98,0.94,0.85,0.76,0.63,0.27,0.04,projected
Dacorum,2021-03-23,0.33,0.10,0.01,0.00,0.00,0.00,0.00,inferred
Dacorum,2021-03-24,0.33,0.10,0.01,0.00,0.00,0.00,0.00,inferred
Dacorum,2021-03-25,0.33,0.10,0.01,0.00,0.00,0.00,0.00,inferred
Dacorum,2021-03-26,0.33,0.10,0.01,0.00,0.00,0.00,0.00,inferred
Dacorum,2021-03-27,0.33,0.10,0.01,0.00,0.00,0.00,0.00,inferred
Dacorum,2021-03-28,0.33,0.10,0.01,0.00,0.00,0.00,0.00,inferred
Dacorum,2021-03-29,0.33,0.10,0.01,0.00,0.00,0.00,0.00,inferred
Dacorum,2021-03-30,0.41,0.18,0.06,0.01,0.00,0.00,0.00,inferred
Dacorum,2021-03-31,0.41,0.18,0.06,0.01,0.00,0.00,0.00,inferred
Dacorum,2021-04-01,0.41,0.18,0.06,0.01,0.00,0.00,0.00,inferred
Dacorum,2021-04-02,0.41,0.18,0.06,0.01,0.00,0.00,0.00,inferred
Dacorum,2021-04-03,0.41,0.18,0.06,0.01,0.00,0.00,0.00,inferred
Dacorum,2021-04-04,0.41,0.18,0.06,0.01,0.00,0.00,0.00,inferred
Dacorum,2021-04-05,0.41,0.18,0.06,0.01,0.00,0.00,0.00,inferred
Dacorum,2021-04-06,0.75,0.54,0.30,0.15,0.05,0.00,0.00,inferred
Dacorum,2021-04-07,0.75,0.54,0.30,0.15,0.05,0.00,0.00,inferred
Dacorum,2021-04-08,0.75,0.54,0.30,0.15,0.05,0.00,0.00,inferred
Dacorum,2021-04-09,0.75,0.54,0.30,0.15,0.05,0.00,0.00,inferred
Dacorum,2021-04-10,0.75,0.54,0.30,0.15,0.05,0.00,0.00,inferred
Dacorum,2021-04-11,0.75,0.54,0.30,0.15,0.05,0.00,0.00,inferred
Dacorum,2021-04-12,0.75,0.54,0.30,0.15,0.05,0.00,0.00,inferred
Dacorum,2021-04-13,0.98,0.91,0.79,0.60,0.37,0.04,0.00,inferred
Dacorum,2021-04-14,0.98,0.91,0.79,0.60,0.37,0.04,0.00,inferred
Dacorum,2021-04-15,0.98,0.91,0.79,0.60,0.37,0.04,0.00,inferred
Dacorum,2021-04-16,0.98,0.91,0.79,0.60,0.37,0.04,0.00,inferred
Dacorum,2021-04-17,0.98,0.91,0.79,0.60,0.37,0.04,0.00,inferred
Dacorum,2021-04-18,0.98,0.91,0.79,0.60,0.37,0.04,0.00,inferred
Dacorum,2021-04-19,0.98,0.91,0.79,0.60,0.37,0.04,0.00,inferred
Dacorum,2021-04-20,0.27,0.11,0.04,0.01,0.00,0.00,0.00,inferred
Dacorum,2021-04-21,0.27,0.11,0.04,0.01,0.00,0.00,0.00,inferred
Dacorum,2021-04-22,0.27,0.11,0.04,0.01,0.00,0.00,0.00,inferred
Dacorum,2021-04-23,0.27,0.11,0.04,0.01,0.00,0.00,0.00,inferred
Dacorum,2021-04-24,0.27,0.11,0.04,0.01,0.00,0.00,0.00,inferred
Dacorum,2021-04-25,0.27,0.11,0.04,0.01,0.00,0.00,0.00,inferred
Dacorum,2021-04-26,0.27,0.11,0.04,0.01,0.00,0.00,0.00,inferred
Dacorum,2021-04-27,0.52,0.31,0.13,0.05,0.02,0.00,0.00,inferred
Dacorum,2021-04-28,0.52,0.31,0.13,0.05,0.02,0.00,0.00,inferred
Dacorum,2021-04-29,0.52,0.31,0.13,0.05,0.02,0.00,0.00,inferred
Dacorum,2021-04-30,0.52,0.31,0.13,0.05,0.02,0.00,0.00,inferred
Dacorum,2021-05-01,0.52,0.31,0.13,0.05,0.02,0.00,0.00,inferred
Dacorum,2021-05-02,0.52,0.31,0.13,0.05,0.02,0.00,0.00,inferred
Dacorum,2021-05-03,0.52,0.31,0.13,0.05,0.02,0.00,0.00,inferred
Dacorum,2021-05-04,0.63,0.41,0.25,0.11,0.05,0.00,0.00,inferred
Dacorum,2021-05-05,0.63,0.41,0.25,0.11,0.05,0.00,0.00,inferred
Dacorum,2021-05-06,0.63,0.41,0.25,0.11,0.05,0.00,0.00,inferred
Dacorum,2021-05-07,0.63,0.41,0.25,0.11,0.05,0.00,0.00,inferred
Dacorum,2021-05-08,0.63,0.41,0.25,0.11,0.05,0.00,0.00,inferred
Dacorum,2021-05-09,0.63,0.41,0.25,0.11,0.05,0.00,0.00,inferred
Dacorum,2021-05-10,0.63,0.41,0.25,0.11,0.05,0.00,0.00,inferred
Dacorum,2021-05-11,0.94,0.83,0.68,0.50,0.32,0.06,0.00,inferred
Dacorum,2021-05-12,0.94,0.83,0.68,0.50,0.32,0.06,0.00,inferred
Dacorum,2021-05-13,0.94,0.83,0.68,0.50,0.32,0.06,0.00,inferred
Dacorum,2021-05-14,0.94,0.83,0.68,0.50,0.32,0.06,0.00,inferred
Dacorum,2021-05-15,0.94,0.83,0.68,0.50,0.32,0.06,0.00,inferred
Dacorum,2021-05-16,0.94,0.83,0.68,0.50,0.32,0.06,0.00,inferred
Dacorum,2021-05-17,0.94,0.83,0.68,0.50,0.32,0.06,0.00,inferred
Dacorum,2021-05-18,1.00,0.97,0.93,0.84,0.69,0.23,0.01,inferred
Dacorum,2021-05-19,1.00,0.97,0.93,0.84,0.69,0.23,0.01,inferred
Dacorum,2021-05-20,1.00,0.97,0.93,0.84,0.69,0.23,0.01,inferred
Dacorum,2021-05-21,1.00,0.97,0.93,0.84,0.69,0.23,0.01,inferred
Dacorum,2021-05-22,1.00,0.97,0.93,0.84,0.69,0.23,0.01,inferred
Dacorum,2021-05-23,1.00,0.97,0.93,0.84,0.69,0.23,0.01,inferred
Dacorum,2021-05-24,1.00,0.97,0.93,0.84,0.69,0.23,0.01,inferred
Dacorum,2021-05-25,1.00,1.00,1.00,0.99,0.98,0.73,0.13,inferred
Dacorum,2021-05-26,1.00,1.00,1.00,0.99,0.98,0.73,0.13,inferred
Dacorum,2021-05-27,1.00,1.00,1.00,0.99,0.98,0.73,0.13,inferred
Dacorum,2021-05-28,1.00,1.00,1.00,0.99,0.98,0.73,0.13,inferred
Dacorum,2021-05-29,1.00,1.00,1.00,0.99,0.98,0.73,0.13,inferred
Dacorum,2021-05-30,1.00,1.00,1.00,0.99,0.98,0.73,0.13,inferred
Dacorum,2021-05-31,1.00,1.00,1.00,0.99,0.98,0.73,0.13,inferred
Dacorum,2021-06-01,1.00,0.98,0.92,0.83,0.65,0.18,0.00,inferred
Dacorum,2021-06-02,1.00,0.98,0.92,0.83,0.65,0.18,0.00,inferred
Dacorum,2021-06-03,1.00,0.98,0.92,0.83,0.65,0.18,0.00,inferred
Dacorum,2021-06-04,1.00,0.98,0.92,0.83,0.65,0.18,0.00,inferred
Dacorum,2021-06-05,1.00,0.98,0.92,0.83,0.65,0.18,0.00,inferred
Dacorum,2021-06-06,1.00,0.98,0.92,0.83,0.65,0.18,0.00,inferred
Dacorum,2021-06-07,1.00,0.98,0.92,0.83,0.65,0.18,0.00,inferred
Dacorum,2021-06-08,1.00,1.00,1.00,0.98,0.94,0.48,0.01,inferred
Dacorum,2021-06-09,1.00,1.00,1.00,0.98,0.94,0.48,0.01,inferred
Dacorum,2021-06-10,1.00,1.00,1.00,0.98,0.94,0.48,0.01,inferred
Dacorum,2021-06-11,1.00,1.00,1.00,0.98,0.94,0.48,0.01,inferred
Dacorum,2021-06-12,1.00,1.00,1.00,0.98,0.94,0.48,0.01,inferred
Dacorum,2021-06-13,1.00,1.00,1.00,0.98,0.94,0.48,0.01,inferred
Dacorum,2021-06-14,1.00,1.00,1.00,0.98,0.94,0.48,0.01,inferred
Dacorum,2021-06-15,1.00,1.00,1.00,1.00,1.00,1.00,0.88,inferred
Dacorum,2021-06-16,1.00,1.00,1.00,1.00,1.00,1.00,0.88,inferred
Dacorum,2021-06-17,1.00,1.00,1.00,1.00,1.00,1.00,0.88,inferred
Dacorum,2021-06-18,1.00,1.00,1.00,1.00,1.00,1.00,0.88,inferred
Dacorum,2021-06-19,1.00,1.00,1.00,1.00,1.00,1.00,0.88,inferred
Dacorum,2021-06-20,1.00,1.00,1.00,1.00,1.00,1.00,0.88,inferred
Dacorum,2021-06-21,1.00,1.00,1.00,1.00,1.00,1.00,0.88,inferred
Dacorum,2021-06-22,1.00,1.00,1.00,1.00,1.00,0.98,0.68,inferred
Dacorum,2021-06-23,1.00,1.00,1.00,1.00,1.00,0.98,0.68,inferred
Dacorum,2021-06-24,1.00,1.00,1.00,1.00,1.00,0.98,0.68,inferred
Dacorum,2021-06-25,1.00,1.00,1.00,1.00,1.00,0.98,0.68,inferred
Dacorum,2021-06-26,1.00,1.00,1.00,1.00,1.00,0.98,0.68,inferred
Dacorum,2021-06-27,1.00,1.00,1.00,1.00,1.00,0.98,0.68,inferred
Dacorum,2021-06-28,1.00,1.00,1.00,1.00,1.00,0.98,0.68,inferred
Dacorum,2021-06-29,1.00,1.00,0.98,0.95,0.87,0.44,0.04,inferred
Dacorum,2021-06-30,1.00,1.00,0.98,0.95,0.87,0.44,0.04,inferred
Dacorum,2021-07-01,1.00,1.00,0.98,0.95,0.87,0.44,0.04,inferred
Dacorum,2021-07-02,1.00,1.00,0.98,0.95,0.87,0.44,0.04,inferred
Dacorum,2021-07-03,1.00,1.00,0.98,0.95,0.87,0.44,0.04,inferred
Dacorum,2021-07-04,1.00,1.00,0.98,0.95,0.87,0.44,0.04,inferred
Dacorum,2021-07-05,1.00,1.00,0.98,0.95,0.87,0.44,0.04,inferred
Dacorum,2021-07-06,0.99,0.98,0.93,0.86,0.75,0.45,0.10,projected
Dacorum,2021-07-07,0.99,0.98,0.93,0.86,0.75,0.45,0.10,projected
Dacorum,2021-07-08,0.99,0.98,0.93,0.86,0.75,0.45,0.10,projected
Dacorum,2021-07-09,0.99,0.98,0.93,0.86,0.75,0.45,0.10,projected
Dacorum,2021-07-10,0.99,0.98,0.93,0.86,0.75,0.45,0.10,projected
Dacorum,2021-07-11,0.99,0.98,0.93,0.86,0.75,0.45,0.10,projected
Dacorum,2021-07-12,0.99,0.98,0.93,0.86,0.75,0.45,0.10,projected
Dacorum,2021-07-13,0.98,0.96,0.90,0.82,0.72,0.41,0.13,projected
Dacorum,2021-07-14,0.98,0.96,0.90,0.82,0.72,0.41,0.13,projected
Dacorum,2021-07-15,0.98,0.96,0.90,0.82,0.72,0.41,0.13,projected
Dacorum,2021-07-16,0.98,0.96,0.90,0.82,0.72,0.41,0.13,projected
Dacorum,2021-07-17,0.98,0.96,0.90,0.82,0.72,0.41,0.13,projected
Dacorum,2021-07-18,0.98,0.96,0.90,0.82,0.72,0.41,0.13,projected
Dacorum,2021-07-19,0.98,0.96,0.90,0.82,0.72,0.41,0.13,projected
Dacorum,2021-07-20,0.98,0.94,0.88,0.80,0.71,0.44,0.13,projected
Dacorum,2021-07-21,0.98,0.94,0.88,0.80,0.71,0.44,0.13,projected
Dacorum,2021-07-22,0.98,0.94,0.88,0.80,0.71,0.44,0.13,projected
Dacorum,2021-07-23,0.98,0.94,0.88,0.80,0.71,0.44,0.13,projected
Dacorum,2021-07-24,0.98,0.94,0.88,0.80,0.71,0.44,0.13,projected
Dacorum,2021-07-25,0.98,0.94,0.88,0.80,0.71,0.44,0.13,projected
Dacorum,2021-07-26,0.98,0.94,0.88,0.80,0.71,0.44,0.13,projected
Darlington,2021-03-23,0.43,0.14,0.03,0.00,0.00,0.00,0.00,inferred
Darlington,2021-03-24,0.43,0.14,0.03,0.00,0.00,0.00,0.00,inferred
Darlington,2021-03-25,0.43,0.14,0.03,0.00,0.00,0.00,0.00,inferred
Darlington,2021-03-26,0.43,0.14,0.03,0.00,0.00,0.00,0.00,inferred
Darlington,2021-03-27,0.43,0.14,0.03,0.00,0.00,0.00,0.00,inferred
Darlington,2021-03-28,0.43,0.14,0.03,0.00,0.00,0.00,0.00,inferred
Darlington,2021-03-29,0.43,0.14,0.03,0.00,0.00,0.00,0.00,inferred
Darlington,2021-03-30,0.04,0.00,0.00,0.00,0.00,0.00,0.00,inferred
Darlington,2021-03-31,0.04,0.00,0.00,0.00,0.00,0.00,0.00,inferred
Darlington,2021-04-01,0.04,0.00,0.00,0.00,0.00,0.00,0.00,inferred
Darlington,2021-04-02,0.04,0.00,0.00,0.00,0.00,0.00,0.00,inferred
Darlington,2021-04-03,0.04,0.00,0.00,0.00,0.00,0.00,0.00,inferred
Darlington,2021-04-04,0.04,0.00,0.00,0.00,0.00,0.00,0.00,inferred
Darlington,2021-04-05,0.04,0.00,0.00,0.00,0.00,0.00,0.00,inferred
Darlington,2021-04-06,0.21,0.08,0.02,0.00,0.00,0.00,0.00,inferred
Darlington,2021-04-07,0.21,0.08,0.02,0.00,0.00,0.00,0.00,inferred
Darlington,2021-04-08,0.21,0.08,0.02,0.00,0.00,0.00,0.00,inferred
Darlington,2021-04-09,0.21,0.08,0.02,0.00,0.00,0.00,0.00,inferred
Darlington,2021-04-10,0.21,0.08,0.02,0.00,0.00,0.00,0.00,inferred
Darlington,2021-04-11,0.21,0.08,0.02,0.00,0.00,0.00,0.00,inferred
Darlington,2021-04-12,0.21,0.08,0.02,0.00,0.00,0.00,0.00,inferred
Darlington,2021-04-13,0.69,0.45,0.24,0.11,0.03,0.00,0.00,inferred
Darlington,2021-04-14,0.69,0.45,0.24,0.11,0.03,0.00,0.00,inferred
Darlington,2021-04-15,0.69,0.45,0.24,0.11,0.03,0.00,0.00,inferred
Darlington,2021-04-16,0.69,0.45,0.24,0.11,0.03,0.00,0.00,inferred
Darlington,2021-04-17,0.69,0.45,0.24,0.11,0.03,0.00,0.00,inferred
Darlington,2021-04-18,0.69,0.45,0.24,0.11,0.03,0.00,0.00,inferred
Darlington,2021-04-19,0.69,0.45,0.24,0.11,0.03,0.00,0.00,inferred
Darlington,2021-04-20,0.61,0.38,0.20,0.09,0.03,0.00,0.00,inferred
Darlington,2021-04-21,0.61,0.38,0.20,0.09,0.03,0.00,0.00,inferred
Darlington,2021-04-22,0.61,0.38,0.20,0.09,0.03,0.00,0.00,inferred
Darlington,2021-04-23,0.61,0.38,0.20,0.09,0.03,0.00,0.00,inferred
Darlington,2021-04-24,0.61,0.38,0.20,0.09,0.03,0.00,0.00,inferred
Darlington,2021-04-25,0.61,0.38,0.20,0.09,0.03,0.00,0.00,inferred
Darlington,2021-04-26,0.61,0.38,0.20,0.09,0.03,0.00,0.00,inferred
Darlington,2021-04-27,0.16,0.06,0.02,0.00,0.00,0.00,0.00,inferred
Darlington,2021-04-28,0.16,0.06,0.02,0.00,0.00,0.00,0.00,inferred
Darlington,2021-04-29,0.16,0.06,0.02,0.00,0.00,0.00,0.00,inferred
Darlington,2021-04-30,0.16,0.06,0.02,0.00,0.00,0.00,0.00,inferred
Darlington,2021-05-01,0.16,0.06,0.02,0.00,0.00,0.00,0.00,inferred
Darlington,2021-05-02,0.16,0.06,0.02,0.00,0.00,0.00,0.00,inferred
Darlington,2021-05-03,0.16,0.06,0.02,0.00,0.00,0.00,0.00,inferred
Darlington,2021-05-04,0.06,0.03,0.01,0.00,0.00,0.00,0.00,inferred
Darlington,2021-05-05,0.06,0.03,0.01,0.00,0.00,0.00,0.00,inferred
Darlington,2021-05-06,0.06,0.03,0.01,0.00,0.00,0.00,0.00,inferred
Darlington,2021-05-07,0.06,0.03,0.01,0.00,0.00,0.00,0.00,inferred
Darlington,2021-05-08,0.06,0.03,0.01,0.00,0.00,0.00,0.00,inferred
Darlington,2021-05-09,0.06,0.03,0.01,0.00,0.00,0.00,0.00,inferred
Darlington,2021-05-10,0.06,0.03,0.01,0.00,0.00,0.00,0.00,inferred
Darlington,2021-05-11,0.49,0.32,0.18,0.10,0.05,0.00,0.00,inferred
Darlington,2021-05-12,0.49,0.32,0.18,0.10,0.05,0.00,0.00,inferred
Darlington,2021-05-13,0.49,0.32,0.18,0.10,0.05,0.00,0.00,inferred
Darlington,2021-05-14,0.49,0.32,0.18,0.10,0.05,0.00,0.00,inferred
Darlington,2021-05-15,0.49,0.32,0.18,0.10,0.05,0.00,0.00,inferred
Darlington,2021-05-16,0.49,0.32,0.18,0.10,0.05,0.00,0.00,inferred
Darlington,2021-05-17,0.49,0.32,0.18,0.10,0.05,0.00,0.00,inferred
Darlington,2021-05-18,0.69,0.53,0.36,0.23,0.13,0.02,0.00,inferred
Darlington,2021-05-19,0.69,0.53,0.36,0.23,0.13,0.02,0.00,inferred
Darlington,2021-05-20,0.69,0.53,0.36,0.23,0.13,0.02,0.00,inferred
Darlington,2021-05-21,0.69,0.53,0.36,0.23,0.13,0.02,0.00,inferred
Darlington,2021-05-22,0.69,0.53,0.36,0.23,0.13,0.02,0.00,inferred
Darlington,2021-05-23,0.69,0.53,0.36,0.23,0.13,0.02,0.00,inferred
Darlington,2021-05-24,0.69,0.53,0.36,0.23,0.13,0.02,0.00,inferred
Darlington,2021-05-25,0.99,0.99,0.97,0.95,0.91,0.67,0.22,inferred
Darlington,2021-05-26,0.99,0.99,0.97,0.95,0.91,0.67,0.22,inferred
Darlington,2021-05-27,0.99,0.99,0.97,0.95,0.91,0.67,0.22,inferred
Darlington,2021-05-28,0.99,0.99,0.97,0.95,0.91,0.67,0.22,inferred
Darlington,2021-05-29,0.99,0.99,0.97,0.95,0.91,0.67,0.22,inferred
Darlington,2021-05-30,0.99,0.99,0.97,0.95,0.91,0.67,0.22,inferred
Darlington,2021-05-31,0.99,0.99,0.97,0.95,0.91,0.67,0.22,inferred
Darlington,2021-06-01,1.00,1.00,1.00,1.00,1.00,1.00,0.99,inferred
Darlington,2021-06-02,1.00,1.00,1.00,1.00,1.00,1.00,0.99,inferred
Darlington,2021-06-03,1.00,1.00,1.00,1.00,1.00,1.00,0.99,inferred
Darlington,2021-06-04,1.00,1.00,1.00,1.00,1.00,1.00,0.99,inferred
Darlington,2021-06-05,1.00,1.00,1.00,1.00,1.00,1.00,0.99,inferred
Darlington,2021-06-06,1.00,1.00,1.00,1.00,1.00,1.00,0.99,inferred
Darlington,2021-06-07,1.00,1.00,1.00,1.00,1.00,1.00,0.99,inferred
Darlington,2021-06-08,1.00,1.00,1.00,1.00,1.00,1.00,0.95,inferred
Darlington,2021-06-09,1.00,1.00,1.00,1.00,1.00,1.00,0.95,inferred
Darlington,2021-06-10,1.00,1.00,1.00,1.00,1.00,1.00,0.95,inferred
Darlington,2021-06-11,1.00,1.00,1.00,1.00,1.00,1.00,0.95,inferred
Darlington,2021-06-12,1.00,1.00,1.00,1.00,1.00,1.00,0.95,inferred
Darlington,2021-06-13,1.00,1.00,1.00,1.00,1.00,1.00,0.95,inferred
Darlington,2021-06-14,1.00,1.00,1.00,1.00,1.00,1.00,0.95,inferred
Darlington,2021-06-15,1.00,1.00,1.00,1.00,1.00,0.94,0.40,inferred
Darlington,2021-06-16,1.00,1.00,1.00,1.00,1.00,0.94,0.40,inferred
Darlington,2021-06-17,1.00,1.00,1.00,1.00,1.00,0.94,0.40,inferred
Darlington,2021-06-18,1.00,1.00,1.00,1.00,1.00,0.94,0.40,inferred
Darlington,2021-06-19,1.00,1.00,1.00,1.00,1.00,0.94,0.40,inferred
Darlington,2021-06-20,1.00,1.00,1.00,1.00,1.00,0.94,0.40,inferred
Darlington,2021-06-21,1.00,1.00,1.00,1.00,1.00,0.94,0.40,inferred
Darlington,2021-06-22,1.00,1.00,1.00,1.00,1.00,0.85,0.20,inferred
Darlington,2021-06-23,1.00,1.00,1.00,1.00,1.00,0.85,0.20,inferred
Darlington,2021-06-24,1.00,1.00,1.00,1.00,1.00,0.85,0.20,inferred
Darlington,2021-06-25,1.00,1.00,1.00,1.00,1.00,0.85,0.20,inferred
Darlington,2021-06-26,1.00,1.00,1.00,1.00,1.00,0.85,0.20,inferred
Darlington,2021-06-27,1.00,1.00,1.00,1.00,1.00,0.85,0.20,inferred
Darlington,2021-06-28,1.00,1.00,1.00,1.00,1.00,0.85,0.20,inferred
Darlington,2021-06-29,0.98,0.93,0.80,0.60,0.41,0.05,0.00,inferred
Darlington,2021-06-30,0.98,0.93,0.80,0.60,0.41,0.05,0.00,inferred
Darlington,2021-07-01,0.98,0.93,0.80,0.60,0.41,0.05,0.00,inferred
Darlington,2021-07-02,0.98,0.93,0.80,0.60,0.41,0.05,0.00,inferred
Darlington,2021-07-03,0.98,0.93,0.80,0.60,0.41,0.05,0.00,inferred
Darlington,2021-07-04,0.98,0.93,0.80,0.60,0.41,0.05,0.00,inferred
Darlington,2021-07-05,0.98,0.93,0.80,0.60,0.41,0.05,0.00,inferred
Darlington,2021-07-06,0.93,0.85,0.74,0.61,0.51,0.21,0.03,projected
Darlington,2021-07-07,0.93,0.85,0.74,0.61,0.51,0.21,0.03,projected
Darlington,2021-07-08,0.93,0.85,0.74,0.61,0.51,0.21,0.03,projected
Darlington,2021-07-09,0.93,0.85,0.74,0.61,0.51,0.21,0.03,projected
Darlington,2021-07-10,0.93,0.85,0.74,0.61,0.51,0.21,0.03,projected
Darlington,2021-07-11,0.93,0.85,0.74,0.61,0.51,0.21,0.03,projected
Darlington,2021-07-12,0.93,0.85,0.74,0.61,0.51,0.21,0.03,projected
Darlington,2021-07-13,0.91,0.84,0.76,0.64,0.54,0.29,0.09,projected
Darlington,2021-07-14,0.91,0.84,0.76,0.64,0.54,0.29,0.09,projected
Darlington,2021-07-15,0.91,0.84,0.76,0.64,0.54,0.29,0.09,projected
Darlington,2021-07-16,0.91,0.84,0.76,0.64,0.54,0.29,0.09,projected
Darlington,2021-07-17,0.91,0.84,0.76,0.64,0.54,0.29,0.09,projected
Darlington,2021-07-18,0.91,0.84,0.76,0.64,0.54,0.29,0.09,projected
Darlington,2021-07-19,0.91,0.84,0.76,0.64,0.54,0.29,0.09,projected
Darlington,2021-07-20,0.93,0.88,0.81,0.71,0.62,0.38,0.14,projected
Darlington,2021-07-21,0.93,0.88,0.81,0.71,0.62,0.38,0.14,projected
Darlington,2021-07-22,0.93,0.88,0.81,0.71,0.62,0.38,0.14,projected
Darlington,2021-07-23,0.93,0.88,0.81,0.71,0.62,0.38,0.14,projected
Darlington,2021-07-24,0.93,0.88,0.81,0.71,0.62,0.38,0.14,projected
Darlington,2021-07-25,0.93,0.88,0.81,0.71,0.62,0.38,0.14,projected
Darlington,2021-07-26,0.93,0.88,0.81,0.71,0.62,0.38,0.14,projected
Dartford,2021-03-23,0.03,0.01,0.00,0.00,0.00,0.00,0.00,inferred
Dartford,2021-03-24,0.03,0.01,0.00,0.00,0.00,0.00,0.00,inferred
Dartford,2021-03-25,0.03,0.01,0.00,0.00,0.00,0.00,0.00,inferred
Dartford,2021-03-26,0.03,0.01,0.00,0.00,0.00,0.00,0.00,inferred
Dartford,2021-03-27,0.03,0.01,0.00,0.00,0.00,0.00,0.00,inferred
Dartford,2021-03-28,0.03,0.01,0.00,0.00,0.00,0.00,0.00,inferred
Dartford,2021-03-29,0.03,0.01,0.00,0.00,0.00,0.00,0.00,inferred
Dartford,2021-03-30,0.21,0.06,0.01,0.00,0.00,0.00,0.00,inferred
Dartford,2021-03-31,0.21,0.06,0.01,0.00,0.00,0.00,0.00,inferred
Dartford,2021-04-01,0.21,0.06,0.01,0.00,0.00,0.00,0.00,inferred
Dartford,2021-04-02,0.21,0.06,0.01,0.00,0.00,0.00,0.00,inferred
Dartford,2021-04-03,0.21,0.06,0.01,0.00,0.00,0.00,0.00,inferred
Dartford,2021-04-04,0.21,0.06,0.01,0.00,0.00,0.00,0.00,inferred
Dartford,2021-04-05,0.21,0.06,0.01,0.00,0.00,0.00,0.00,inferred
Dartford,2021-04-06,0.30,0.14,0.06,0.02,0.00,0.00,0.00,inferred
Dartford,2021-04-07,0.30,0.14,0.06,0.02,0.00,0.00,0.00,inferred
Dartford,2021-04-08,0.30,0.14,0.06,0.02,0.00,0.00,0.00,inferred
Dartford,2021-04-09,0.30,0.14,0.06,0.02,0.00,0.00,0.00,inferred
Dartford,2021-04-10,0.30,0.14,0.06,0.02,0.00,0.00,0.00,inferred
Dartford,2021-04-11,0.30,0.14,0.06,0.02,0.00,0.00,0.00,inferred
Dartford,2021-04-12,0.30,0.14,0.06,0.02,0.00,0.00,0.00,inferred
Dartford,2021-04-13,0.69,0.47,0.29,0.15,0.07,0.00,0.00,inferred
Dartford,2021-04-14,0.69,0.47,0.29,0.15,0.07,0.00,0.00,inferred
Dartford,2021-04-15,0.69,0.47,0.29,0.15,0.07,0.00,0.00,inferred
Dartford,2021-04-16,0.69,0.47,0.29,0.15,0.07,0.00,0.00,inferred
Dartford,2021-04-17,0.69,0.47,0.29,0.15,0.07,0.00,0.00,inferred
Dartford,2021-04-18,0.69,0.47,0.29,0.15,0.07,0.00,0.00,inferred
Dartford,2021-04-19,0.69,0.47,0.29,0.15,0.07,0.00,0.00,inferred
Dartford,2021-04-20,0.59,0.39,0.22,0.11,0.05,0.00,0.00,inferred
Dartford,2021-04-21,0.59,0.39,0.22,0.11,0.05,0.00,0.00,inferred
Dartford,2021-04-22,0.59,0.39,0.22,0.11,0.05,0.00,0.00,inferred
Dartford,2021-04-23,0.59,0.39,0.22,0.11,0.05,0.00,0.00,inferred
Dartford,2021-04-24,0.59,0.39,0.22,0.11,0.05,0.00,0.00,inferred
Dartford,2021-04-25,0.59,0.39,0.22,0.11,0.05,0.00,0.00,inferred
Dartford,2021-04-26,0.59,0.39,0.22,0.11,0.05,0.00,0.00,inferred
Dartford,2021-04-27,0.72,0.50,0.31,0.17,0.09,0.01,0.00,inferred
Dartford,2021-04-28,0.72,0.50,0.31,0.17,0.09,0.01,0.00,inferred
Dartford,2021-04-29,0.72,0.50,0.31,0.17,0.09,0.01,0.00,inferred
Dartford,2021-04-30,0.72,0.50,0.31,0.17,0.09,0.01,0.00,inferred
Dartford,2021-05-01,0.72,0.50,0.31,0.17,0.09,0.01,0.00,inferred
Dartford,2021-05-02,0.72,0.50,0.31,0.17,0.09,0.01,0.00,inferred
Dartford,2021-05-03,0.72,0.50,0.31,0.17,0.09,0.01,0.00,inferred
Dartford,2021-05-04,0.60,0.40,0.25,0.14,0.07,0.01,0.00,inferred
Dartford,2021-05-05,0.60,0.40,0.25,0.14,0.07,0.01,0.00,inferred
Dartford,2021-05-06,0.60,0.40,0.25,0.14,0.07,0.01,0.00,inferred
Dartford,2021-05-07,0.60,0.40,0.25,0.14,0.07,0.01,0.00,inferred
Dartford,2021-05-08,0.60,0.40,0.25,0.14,0.07,0.01,0.00,inferred
Dartford,2021-05-09,0.60,0.40,0.25,0.14,0.07,0.01,0.00,inferred
Dartford,2021-05-10,0.60,0.40,0.25,0.14,0.07,0.01,0.00,inferred
Dartford,2021-05-11,0.99,0.96,0.91,0.83,0.71,0.31,0.03,inferred
Dartford,2021-05-12,0.99,0.96,0.91,0.83,0.71,0.31,0.03,inferred
Dartford,2021-05-13,0.99,0.96,0.91,0.83,0.71,0.31,0.03,inferred
Dartford,2021-05-14,0.99,0.96,0.91,0.83,0.71,0.31,0.03,inferred
Dartford,2021-05-15,0.99,0.96,0.91,0.83,0.71,0.31,0.03,inferred
Dartford,2021-05-16,0.99,0.96,0.91,0.83,0.71,0.31,0.03,inferred
Dartford,2021-05-17,0.99,0.96,0.91,0.83,0.71,0.31,0.03,inferred
Dartford,2021-05-18,1.00,1.00,1.00,1.00,0.99,0.86,0.30,inferred
Dartford,2021-05-19,1.00,1.00,1.00,1.00,0.99,0.86,0.30,inferred
Dartford,2021-05-20,1.00,1.00,1.00,1.00,0.99,0.86,0.30,inferred
Dartford,2021-05-21,1.00,1.00,1.00,1.00,0.99,0.86,0.30,inferred
Dartford,2021-05-22,1.00,1.00,1.00,1.00,0.99,0.86,0.30,inferred
Dartford,2021-05-23,1.00,1.00,1.00,1.00,0.99,0.86,0.30,inferred
Dartford,2021-05-24,1.00,1.00,1.00,1.00,0.99,0.86,0.30,inferred
Dartford,2021-05-25,1.00,1.00,0.99,0.96,0.89,0.50,0.05,inferred
Dartford,2021-05-26,1.00,1.00,0.99,0.96,0.89,0.50,0.05,inferred
Dartford,2021-05-27,1.00,1.00,0.99,0.96,0.89,0.50,0.05,inferred
Dartford,2021-05-28,1.00,1.00,0.99,0.96,0.89,0.50,0.05,inferred
Dartford,2021-05-29,1.00,1.00,0.99,0.96,0.89,0.50,0.05,inferred
Dartford,2021-05-30,1.00,1.00,0.99,0.96,0.89,0.50,0.05,inferred
Dartford,2021-05-31,1.00,1.00,0.99,0.96,0.89,0.50,0.05,inferred
Dartford,2021-06-01,0.95,0.87,0.66,0.43,0.26,0.02,0.00,inferred
Dartford,2021-06-02,0.95,0.87,0.66,0.43,0.26,0.02,0.00,inferred
Dartford,2021-06-03,0.95,0.87,0.66,0.43,0.26,0.02,0.00,inferred
Dartford,2021-06-04,0.95,0.87,0.66,0.43,0.26,0.02,0.00,inferred
Dartford,2021-06-05,0.95,0.87,0.66,0.43,0.26,0.02,0.00,inferred
Dartford,2021-06-06,0.95,0.87,0.66,0.43,0.26,0.02,0.00,inferred
Dartford,2021-06-07,0.95,0.87,0.66,0.43,0.26,0.02,0.00,inferred
Dartford,2021-06-08,0.99,0.97,0.89,0.72,0.49,0.06,0.00,inferred
Dartford,2021-06-09,0.99,0.97,0.89,0.72,0.49,0.06,0.00,inferred
Dartford,2021-06-10,0.99,0.97,0.89,0.72,0.49,0.06,0.00,inferred
Dartford,2021-06-11,0.99,0.97,0.89,0.72,0.49,0.06,0.00,inferred
Dartford,2021-06-12,0.99,0.97,0.89,0.72,0.49,0.06,0.00,inferred
Dartford,2021-06-13,0.99,0.97,0.89,0.72,0.49,0.06,0.00,inferred
Dartford,2021-06-14,0.99,0.97,0.89,0.72,0.49,0.06,0.00,inferred
Dartford,2021-06-15,1.00,1.00,1.00,1.00,0.99,0.76,0.07,inferred
Dartford,2021-06-16,1.00,1.00,1.00,1.00,0.99,0.76,0.07,inferred
Dartford,2021-06-17,1.00,1.00,1.00,1.00,0.99,0.76,0.07,inferred
Dartford,2021-06-18,1.00,1.00,1.00,1.00,0.99,0.76,0.07,inferred
Dartford,2021-06-19,1.00,1.00,1.00,1.00,0.99,0.76,0.07,inferred
Dartford,2021-06-20,1.00,1.00,1.00,1.00,0.99,0.76,0.07,inferred
Dartford,2021-06-21,1.00,1.00,1.00,1.00,0.99,0.76,0.07,inferred
Dartford,2021-06-22,1.00,1.00,1.00,1.00,1.00,0.86,0.16,inferred
Dartford,2021-06-23,1.00,1.00,1.00,1.00,1.00,0.86,0.16,inferred
Dartford,2021-06-24,1.00,1.00,1.00,1.00,1.00,0.86,0.16,inferred
Dartford,2021-06-25,1.00,1.00,1.00,1.00,1.00,0.86,0.16,inferred
Dartford,2021-06-26,1.00,1.00,1.00,1.00,1.00,0.86,0.16,inferred
Dartford,2021-06-27,1.00,1.00,1.00,1.00,1.00,0.86,0.16,inferred
Dartford,2021-06-28,1.00,1.00,1.00,1.00,1.00,0.86,0.16,inferred
Dartford,2021-06-29,1.00,1.00,1.00,1.00,0.99,0.81,0.26,inferred
Dartford,2021-06-30,1.00,1.00,1.00,1.00,0.99,0.81,0.26,inferred
Dartford,2021-07-01,1.00,1.00,1.00,1.00,0.99,0.81,0.26,inferred
Dartford,2021-07-02,1.00,1.00,1.00,1.00,0.99,0.81,0.26,inferred
Dartford,2021-07-03,1.00,1.00,1.00,1.00,0.99,0.81,0.26,inferred
Dartford,2021-07-04,1.00,1.00,1.00,1.00,0.99,0.81,0.26,inferred
Dartford,2021-07-05,1.00,1.00,1.00,1.00,0.99,0.81,0.26,inferred
Dartford,2021-07-06,1.00,0.99,0.98,0.96,0.90,0.63,0.23,projected
Dartford,2021-07-07,1.00,0.99,0.98,0.96,0.90,0.63,0.23,projected
Dartford,2021-07-08,1.00,0.99,0.98,0.96,0.90,0.63,0.23,projected
Dartford,2021-07-09,1.00,0.99,0.98,0.96,0.90,0.63,0.23,projected
Dartford,2021-07-10,1.00,0.99,0.98,0.96,0.90,0.63,0.23,projected
Dartford,2021-07-11,1.00,0.99,0.98,0.96,0.90,0.63,0.23,projected
Dartford,2021-07-12,1.00,0.99,0.98,0.96,0.90,0.63,0.23,projected
Dartford,2021-07-13,0.99,0.98,0.95,0.90,0.84,0.58,0.23,projected
Dartford,2021-07-14,0.99,0.98,0.95,0.90,0.84,0.58,0.23,projected
Dartford,2021-07-15,0.99,0.98,0.95,0.90,0.84,0.58,0.23,projected
Dartford,2021-07-16,0.99,0.98,0.95,0.90,0.84,0.58,0.23,projected
Dartford,2021-07-17,0.99,0.98,0.95,0.90,0.84,0.58,0.23,projected
Dartford,2021-07-18,0.99,0.98,0.95,0.90,0.84,0.58,0.23,projected
Dartford,2021-07-19,0.99,0.98,0.95,0.90,0.84,0.58,0.23,projected
Dartford,2021-07-20,0.98,0.96,0.93,0.87,0.80,0.54,0.22,projected
Dartford,2021-07-21,0.98,0.96,0.93,0.87,0.80,0.54,0.22,projected
Dartford,2021-07-22,0.98,0.96,0.93,0.87,0.80,0.54,0.22,projected
Dartford,2021-07-23,0.98,0.96,0.93,0.87,0.80,0.54,0.22,projected
Dartford,2021-07-24,0.98,0.96,0.93,0.87,0.80,0.54,0.22,projected
Dartford,2021-07-25,0.98,0.96,0.93,0.87,0.80,0.54,0.22,projected
Dartford,2021-07-26,0.98,0.96,0.93,0.87,0.80,0.54,0.22,projected
Daventry,2021-03-23,0.90,0.80,0.62,0.43,0.26,0.01,0.00,inferred
Daventry,2021-03-24,0.90,0.80,0.62,0.43,0.26,0.01,0.00,inferred
Daventry,2021-03-25,0.90,0.80,0.62,0.43,0.26,0.01,0.00,inferred
Daventry,2021-03-26,0.90,0.80,0.62,0.43,0.26,0.01,0.00,inferred
Daventry,2021-03-27,0.90,0.80,0.62,0.43,0.26,0.01,0.00,inferred
Daventry,2021-03-28,0.90,0.80,0.62,0.43,0.26,0.01,0.00,inferred
Daventry,2021-03-29,0.90,0.80,0.62,0.43,0.26,0.01,0.00,inferred
Daventry,2021-03-30,0.73,0.51,0.30,0.14,0.06,0.00,0.00,inferred
Daventry,2021-03-31,0.73,0.51,0.30,0.14,0.06,0.00,0.00,inferred
Daventry,2021-04-01,0.73,0.51,0.30,0.14,0.06,0.00,0.00,inferred
Daventry,2021-04-02,0.73,0.51,0.30,0.14,0.06,0.00,0.00,inferred
Daventry,2021-04-03,0.73,0.51,0.30,0.14,0.06,0.00,0.00,inferred
Daventry,2021-04-04,0.73,0.51,0.30,0.14,0.06,0.00,0.00,inferred
Daventry,2021-04-05,0.73,0.51,0.30,0.14,0.06,0.00,0.00,inferred
Daventry,2021-04-06,0.61,0.39,0.20,0.10,0.04,0.00,0.00,inferred
Daventry,2021-04-07,0.61,0.39,0.20,0.10,0.04,0.00,0.00,inferred
Daventry,2021-04-08,0.61,0.39,0.20,0.10,0.04,0.00,0.00,inferred
Daventry,2021-04-09,0.61,0.39,0.20,0.10,0.04,0.00,0.00,inferred
Daventry,2021-04-10,0.61,0.39,0.20,0.10,0.04,0.00,0.00,inferred
Daventry,2021-04-11,0.61,0.39,0.20,0.10,0.04,0.00,0.00,inferred
Daventry,2021-04-12,0.61,0.39,0.20,0.10,0.04,0.00,0.00,inferred
Daventry,2021-04-13,0.29,0.14,0.05,0.02,0.00,0.00,0.00,inferred
Daventry,2021-04-14,0.29,0.14,0.05,0.02,0.00,0.00,0.00,inferred
Daventry,2021-04-15,0.29,0.14,0.05,0.02,0.00,0.00,0.00,inferred
Daventry,2021-04-16,0.29,0.14,0.05,0.02,0.00,0.00,0.00,inferred
Daventry,2021-04-17,0.29,0.14,0.05,0.02,0.00,0.00,0.00,inferred
Daventry,2021-04-18,0.29,0.14,0.05,0.02,0.00,0.00,0.00,inferred
Daventry,2021-04-19,0.29,0.14,0.05,0.02,0.00,0.00,0.00,inferred
Daventry,2021-04-20,0.69,0.49,0.32,0.18,0.10,0.01,0.00,inferred
Daventry,2021-04-21,0.69,0.49,0.32,0.18,0.10,0.01,0.00,inferred
Daventry,2021-04-22,0.69,0.49,0.32,0.18,0.10,0.01,0.00,inferred
Daventry,2021-04-23,0.69,0.49,0.32,0.18,0.10,0.01,0.00,inferred
Daventry,2021-04-24,0.69,0.49,0.32,0.18,0.10,0.01,0.00,inferred
Daventry,2021-04-25,0.69,0.49,0.32,0.18,0.10,0.01,0.00,inferred
Daventry,2021-04-26,0.69,0.49,0.32,0.18,0.10,0.01,0.00,inferred
Daventry,2021-04-27,0.62,0.42,0.26,0.15,0.07,0.00,0.00,inferred
Daventry,2021-04-28,0.62,0.42,0.26,0.15,0.07,0.00,0.00,inferred
Daventry,2021-04-29,0.62,0.42,0.26,0.15,0.07,0.00,0.00,inferred
Daventry,2021-04-30,0.62,0.42,0.26,0.15,0.07,0.00,0.00,inferred
Daventry,2021-05-01,0.62,0.42,0.26,0.15,0.07,0.00,0.00,inferred
Daventry,2021-05-02,0.62,0.42,0.26,0.15,0.07,0.00,0.00,inferred
Daventry,2021-05-03,0.62,0.42,0.26,0.15,0.07,0.00,0.00,inferred
Daventry,2021-05-04,0.37,0.21,0.11,0.05,0.02,0.00,0.00,inferred
Daventry,2021-05-05,0.37,0.21,0.11,0.05,0.02,0.00,0.00,inferred
Daventry,2021-05-06,0.37,0.21,0.11,0.05,0.02,0.00,0.00,inferred
Daventry,2021-05-07,0.37,0.21,0.11,0.05,0.02,0.00,0.00,inferred
Daventry,2021-05-08,0.37,0.21,0.11,0.05,0.02,0.00,0.00,inferred
Daventry,2021-05-09,0.37,0.21,0.11,0.05,0.02,0.00,0.00,inferred
Daventry,2021-05-10,0.37,0.21,0.11,0.05,0.02,0.00,0.00,inferred
Daventry,2021-05-11,0.64,0.47,0.29,0.17,0.10,0.01,0.00,inferred
Daventry,2021-05-12,0.64,0.47,0.29,0.17,0.10,0.01,0.00,inferred
Daventry,2021-05-13,0.64,0.47,0.29,0.17,0.10,0.01,0.00,inferred
Daventry,2021-05-14,0.64,0.47,0.29,0.17,0.10,0.01,0.00,inferred
Daventry,2021-05-15,0.64,0.47,0.29,0.17,0.10,0.01,0.00,inferred
Daventry,2021-05-16,0.64,0.47,0.29,0.17,0.10,0.01,0.00,inferred
Daventry,2021-05-17,0.64,0.47,0.29,0.17,0.10,0.01,0.00,inferred
Daventry,2021-05-18,0.96,0.92,0.83,0.71,0.58,0.22,0.02,inferred
Daventry,2021-05-19,0.96,0.92,0.83,0.71,0.58,0.22,0.02,inferred
Daventry,2021-05-20,0.96,0.92,0.83,0.71,0.58,0.22,0.02,inferred
Daventry,2021-05-21,0.96,0.92,0.83,0.71,0.58,0.22,0.02,inferred
Daventry,2021-05-22,0.96,0.92,0.83,0.71,0.58,0.22,0.02,inferred
Daventry,2021-05-23,0.96,0.92,0.83,0.71,0.58,0.22,0.02,inferred
Daventry,2021-05-24,0.96,0.92,0.83,0.71,0.58,0.22,0.02,inferred
Daventry,2021-05-25,1.00,1.00,1.00,1.00,0.99,0.93,0.56,inferred
Daventry,2021-05-26,1.00,1.00,1.00,1.00,0.99,0.93,0.56,inferred
Daventry,2021-05-27,1.00,1.00,1.00,1.00,0.99,0.93,0.56,inferred
Daventry,2021-05-28,1.00,1.00,1.00,1.00,0.99,0.93,0.56,inferred
Daventry,2021-05-29,1.00,1.00,1.00,1.00,0.99,0.93,0.56,inferred
Daventry,2021-05-30,1.00,1.00,1.00,1.00,0.99,0.93,0.56,inferred
Daventry,2021-05-31,1.00,1.00,1.00,1.00,0.99,0.93,0.56,inferred
Daventry,2021-06-01,0.98,0.94,0.86,0.73,0.60,0.23,0.02,inferred
Daventry,2021-06-02,0.98,0.94,0.86,0.73,0.60,0.23,0.02,inferred
Daventry,2021-06-03,0.98,0.94,0.86,0.73,0.60,0.23,0.02,inferred
Daventry,2021-06-04,0.98,0.94,0.86,0.73,0.60,0.23,0.02,inferred
Daventry,2021-06-05,0.98,0.94,0.86,0.73,0.60,0.23,0.02,inferred
Daventry,2021-06-06,0.98,0.94,0.86,0.73,0.60,0.23,0.02,inferred
Daventry,2021-06-07,0.98,0.94,0.86,0.73,0.60,0.23,0.02,inferred
Daventry,2021-06-08,0.95,0.85,0.70,0.50,0.32,0.04,0.00,inferred
Daventry,2021-06-09,0.95,0.85,0.70,0.50,0.32,0.04,0.00,inferred
Daventry,2021-06-10,0.95,0.85,0.70,0.50,0.32,0.04,0.00,inferred
Daventry,2021-06-11,0.95,0.85,0.70,0.50,0.32,0.04,0.00,inferred
Daventry,2021-06-12,0.95,0.85,0.70,0.50,0.32,0.04,0.00,inferred
Daventry,2021-06-13,0.95,0.85,0.70,0.50,0.32,0.04,0.00,inferred
Daventry,2021-06-14,0.95,0.85,0.70,0.50,0.32,0.04,0.00,inferred
Daventry,2021-06-15,1.00,1.00,1.00,1.00,0.99,0.89,0.31,inferred
Daventry,2021-06-16,1.00,1.00,1.00,1.00,0.99,0.89,0.31,inferred
Daventry,2021-06-17,1.00,1.00,1.00,1.00,0.99,0.89,0.31,inferred
Daventry,2021-06-18,1.00,1.00,1.00,1.00,0.99,0.89,0.31,inferred
Daventry,2021-06-19,1.00,1.00,1.00,1.00,0.99,0.89,0.31,inferred
Daventry,2021-06-20,1.00,1.00,1.00,1.00,0.99,0.89,0.31,inferred
Daventry,2021-06-21,1.00,1.00,1.00,1.00,0.99,0.89,0.31,inferred
Daventry,2021-06-22,1.00,1.00,1.00,1.00,1.00,1.00,0.91,inferred
Daventry,2021-06-23,1.00,1.00,1.00,1.00,1.00,1.00,0.91,inferred
Daventry,2021-06-24,1.00,1.00,1.00,1.00,1.00,1.00,0.91,inferred
Daventry,2021-06-25,1.00,1.00,1.00,1.00,1.00,1.00,0.91,inferred
Daventry,2021-06-26,1.00,1.00,1.00,1.00,1.00,1.00,0.91,inferred
Daventry,2021-06-27,1.00,1.00,1.00,1.00,1.00,1.00,0.91,inferred
Daventry,2021-06-28,1.00,1.00,1.00,1.00,1.00,1.00,0.91,inferred
Daventry,2021-06-29,1.00,1.00,0.99,0.97,0.93,0.71,0.22,inferred
Daventry,2021-06-30,1.00,1.00,0.99,0.97,0.93,0.71,0.22,inferred
Daventry,2021-07-01,1.00,1.00,0.99,0.97,0.93,0.71,0.22,inferred
Daventry,2021-07-02,1.00,1.00,0.99,0.97,0.93,0.71,0.22,inferred
Daventry,2021-07-03,1.00,1.00,0.99,0.97,0.93,0.71,0.22,inferred
Daventry,2021-07-04,1.00,1.00,0.99,0.97,0.93,0.71,0.22,inferred
Daventry,2021-07-05,1.00,1.00,0.99,0.97,0.93,0.71,0.22,inferred
Daventry,2021-07-06,0.99,0.96,0.93,0.87,0.81,0.56,0.21,projected
Daventry,2021-07-07,0.99,0.96,0.93,0.87,0.81,0.56,0.21,projected
Daventry,2021-07-08,0.99,0.96,0.93,0.87,0.81,0.56,0.21,projected
Daventry,2021-07-09,0.99,0.96,0.93,0.87,0.81,0.56,0.21,projected
Daventry,2021-07-10,0.99,0.96,0.93,0.87,0.81,0.56,0.21,projected
Daventry,2021-07-11,0.99,0.96,0.93,0.87,0.81,0.56,0.21,projected
Daventry,2021-07-12,0.99,0.96,0.93,0.87,0.81,0.56,0.21,projected
Daventry,2021-07-13,0.97,0.93,0.88,0.81,0.74,0.49,0.21,projected
Daventry,2021-07-14,0.97,0.93,0.88,0.81,0.74,0.49,0.21,projected
Daventry,2021-07-15,0.97,0.93,0.88,0.81,0.74,0.49,0.21,projected
Daventry,2021-07-16,0.97,0.93,0.88,0.81,0.74,0.49,0.21,projected
Daventry,2021-07-17,0.97,0.93,0.88,0.81,0.74,0.49,0.21,projected
Daventry,2021-07-18,0.97,0.93,0.88,0.81,0.74,0.49,0.21,projected
Daventry,2021-07-19,0.97,0.93,0.88,0.81,0.74,0.49,0.21,projected
Daventry,2021-07-20,0.96,0.91,0.86,0.79,0.72,0.49,0.22,projected
Daventry,2021-07-21,0.96,0.91,0.86,0.79,0.72,0.49,0.22,projected
Daventry,2021-07-22,0.96,0.91,0.86,0.79,0.72,0.49,0.22,projected
Daventry,2021-07-23,0.96,0.91,0.86,0.79,0.72,0.49,0.22,projected
Daventry,2021-07-24,0.96,0.91,0.86,0.79,0.72,0.49,0.22,projected
Daventry,2021-07-25,0.96,0.91,0.86,0.79,0.72,0.49,0.22,projected
Daventry,2021-07-26,0.96,0.91,0.86,0.79,0.72,0.49,0.22,projected
Denbighshire,2021-03-23,0.00,0.00,0.00,0.00,0.00,0.00,0.00,inferred
Denbighshire,2021-03-24,0.00,0.00,0.00,0.00,0.00,0.00,0.00,inferred
Denbighshire,2021-03-25,0.00,0.00,0.00,0.00,0.00,0.00,0.00,inferred
Denbighshire,2021-03-26,0.00,0.00,0.00,0.00,0.00,0.00,0.00,inferred
Denbighshire,2021-03-27,0.00,0.00,0.00,0.00,0.00,0.00,0.00,inferred
Denbighshire,2021-03-28,0.00,0.00,0.00,0.00,0.00,0.00,0.00,inferred
Denbighshire,2021-03-29,0.00,0.00,0.00,0.00,0.00,0.00,0.00,inferred
Denbighshire,2021-03-30,0.01,0.00,0.00,0.00,0.00,0.00,0.00,inferred
Denbighshire,2021-03-31,0.01,0.00,0.00,0.00,0.00,0.00,0.00,inferred
Denbighshire,2021-04-01,0.01,0.00,0.00,0.00,0.00,0.00,0.00,inferred
Denbighshire,2021-04-02,0.01,0.00,0.00,0.00,0.00,0.00,0.00,inferred
Denbighshire,2021-04-03,0.01,0.00,0.00,0.00,0.00,0.00,0.00,inferred
Denbighshire,2021-04-04,0.01,0.00,0.00,0.00,0.00,0.00,0.00,inferred
Denbighshire,2021-04-05,0.01,0.00,0.00,0.00,0.00,0.00,0.00,inferred
Denbighshire,2021-04-06,0.12,0.06,0.02,0.01,0.01,0.00,0.00,inferred
Denbighshire,2021-04-07,0.12,0.06,0.02,0.01,0.01,0.00,0.00,inferred
Denbighshire,2021-04-08,0.12,0.06,0.02,0.01,0.01,0.00,0.00,inferred
Denbighshire,2021-04-09,0.12,0.06,0.02,0.01,0.01,0.00,0.00,inferred
Denbighshire,2021-04-10,0.12,0.06,0.02,0.01,0.01,0.00,0.00,inferred
Denbighshire,2021-04-11,0.12,0.06,0.02,0.01,0.01,0.00,0.00,inferred
Denbighshire,2021-04-12,0.12,0.06,0.02,0.01,0.01,0.00,0.00,inferred
Denbighshire,2021-04-13,0.29,0.18,0.11,0.06,0.03,0.00,0.00,inferred
Denbighshire,2021-04-14,0.29,0.18,0.11,0.06,0.03,0.00,0.00,inferred
Denbighshire,2021-04-15,0.29,0.18,0.11,0.06,0.03,0.00,0.00,inferred
Denbighshire,2021-04-16,0.29,0.18,0.11,0.06,0.03,0.00,0.00,inferred
Denbighshire,2021-04-17,0.29,0.18,0.11,0.06,0.03,0.00,0.00,inferred
Denbighshire,2021-04-18,0.29,0.18,0.11,0.06,0.03,0.00,0.00,inferred
Denbighshire,2021-04-19,0.29,0.18,0.11,0.06,0.03,0.00,0.00,inferred
Denbighshire,2021-04-20,0.49,0.35,0.24,0.14,0.09,0.02,0.00,inferred
Denbighshire,2021-04-21,0.49,0.35,0.24,0.14,0.09,0.02,0.00,inferred
Denbighshire,2021-04-22,0.49,0.35,0.24,0.14,0.09,0.02,0.00,inferred
Denbighshire,2021-04-23,0.49,0.35,0.24,0.14,0.09,0.02,0.00,inferred
Denbighshire,2021-04-24,0.49,0.35,0.24,0.14,0.09,0.02,0.00,inferred
Denbighshire,2021-04-25,0.49,0.35,0.24,0.14,0.09,0.02,0.00,inferred
Denbighshire,2021-04-26,0.49,0.35,0.24,0.14,0.09,0.02,0.00,inferred
Denbighshire,2021-04-27,0.83,0.73,0.60,0.48,0.36,0.14,0.02,inferred
Denbighshire,2021-04-28,0.83,0.73,0.60,0.48,0.36,0.14,0.02,inferred
Denbighshire,2021-04-29,0.83,0.73,0.60,0.48,0.36,0.14,0.02,inferred
Denbighshire,2021-04-30,0.83,0.73,0.60,0.48,0.36,0.14,0.02,inferred
Denbighshire,2021-05-01,0.83,0.73,0.60,0.48,0.36,0.14,0.02,inferred
Denbighshire,2021-05-02,0.83,0.73,0.60,0.48,0.36,0.14,0.02,inferred
Denbighshire,2021-05-03,0.83,0.73,0.60,0.48,0.36,0.14,0.02,inferred
Denbighshire,2021-05-04,0.88,0.80,0.70,0.59,0.48,0.19,0.03,inferred
Denbighshire,2021-05-05,0.88,0.80,0.70,0.59,0.48,0.19,0.03,inferred
Denbighshire,2021-05-06,0.88,0.80,0.70,0.59,0.48,0.19,0.03,inferred
Denbighshire,2021-05-07,0.88,0.80,0.70,0.59,0.48,0.19,0.03,inferred
Denbighshire,2021-05-08,0.88,0.80,0.70,0.59,0.48,0.19,0.03,inferred
Denbighshire,2021-05-09,0.88,0.80,0.70,0.59,0.48,0.19,0.03,inferred
Denbighshire,2021-05-10,0.88,0.80,0.70,0.59,0.48,0.19,0.03,inferred
Denbighshire,2021-05-11,0.95,0.91,0.85,0.77,0.68,0.36,0.08,inferred
Denbighshire,2021-05-12,0.95,0.91,0.85,0.77,0.68,0.36,0.08,inferred
Denbighshire,2021-05-13,0.95,0.91,0.85,0.77,0.68,0.36,0.08,inferred
Denbighshire,2021-05-14,0.95,0.91,0.85,0.77,0.68,0.36,0.08,inferred
Denbighshire,2021-05-15,0.95,0.91,0.85,0.77,0.68,0.36,0.08,inferred
Denbighshire,2021-05-16,0.95,0.91,0.85,0.77,0.68,0.36,0.08,inferred
Denbighshire,2021-05-17,0.95,0.91,0.85,0.77,0.68,0.36,0.08,inferred
Denbighshire,2021-05-18,1.00,0.99,0.98,0.96,0.93,0.76,0.34,inferred
Denbighshire,2021-05-19,1.00,0.99,0.98,0.96,0.93,0.76,0.34,inferred
Denbighshire,2021-05-20,1.00,0.99,0.98,0.96,0.93,0.76,0.34,inferred
Denbighshire,2021-05-21,1.00,0.99,0.98,0.96,0.93,0.76,0.34,inferred
Denbighshire,2021-05-22,1.00,0.99,0.98,0.96,0.93,0.76,0.34,inferred
Denbighshire,2021-05-23,1.00,0.99,0.98,0.96,0.93,0.76,0.34,inferred
Denbighshire,2021-05-24,1.00,0.99,0.98,0.96,0.93,0.76,0.34,inferred
Denbighshire,2021-05-25,1.00,1.00,1.00,0.99,0.98,0.86,0.50,inferred
Denbighshire,2021-05-26,1.00,1.00,1.00,0.99,0.98,0.86,0.50,inferred
Denbighshire,2021-05-27,1.00,1.00,1.00,0.99,0.98,0.86,0.50,inferred
Denbighshire,2021-05-28,1.00,1.00,1.00,0.99,0.98,0.86,0.50,inferred
Denbighshire,2021-05-29,1.00,1.00,1.00,0.99,0.98,0.86,0.50,inferred
Denbighshire,2021-05-30,1.00,1.00,1.00,0.99,0.98,0.86,0.50,inferred
Denbighshire,2021-05-31,1.00,1.00,1.00,0.99,0.98,0.86,0.50,inferred
Denbighshire,2021-06-01,1.00,1.00,1.00,1.00,1.00,0.99,0.83,inferred
Denbighshire,2021-06-02,1.00,1.00,1.00,1.00,1.00,0.99,0.83,inferred
Denbighshire,2021-06-03,1.00,1.00,1.00,1.00,1.00,0.99,0.83,inferred
Denbighshire,2021-06-04,1.00,1.00,1.00,1.00,1.00,0.99,0.83,inferred
Denbighshire,2021-06-05,1.00,1.00,1.00,1.00,1.00,0.99,0.83,inferred
Denbighshire,2021-06-06,1.00,1.00,1.00,1.00,1.00,0.99,0.83,inferred
Denbighshire,2021-06-07,1.00,1.00,1.00,1.00,1.00,0.99,0.83,inferred
Denbighshire,2021-06-08,1.00,1.00,1.00,0.98,0.94,0.65,0.15,inferred
Denbighshire,2021-06-09,1.00,1.00,1.00,0.98,0.94,0.65,0.15,inferred
Denbighshire,2021-06-10,1.00,1.00,1.00,0.98,0.94,0.65,0.15,inferred
Denbighshire,2021-06-11,1.00,1.00,1.00,0.98,0.94,0.65,0.15,inferred
Denbighshire,2021-06-12,1.00,1.00,1.00,0.98,0.94,0.65,0.15,inferred
Denbighshire,2021-06-13,1.00,1.00,1.00,0.98,0.94,0.65,0.15,inferred
Denbighshire,2021-06-14,1.00,1.00,1.00,0.98,0.94,0.65,0.15,inferred
Denbighshire,2021-06-15,1.00,1.00,1.00,0.99,0.97,0.70,0.11,inferred
Denbighshire,2021-06-16,1.00,1.00,1.00,0.99,0.97,0.70,0.11,inferred
Denbighshire,2021-06-17,1.00,1.00,1.00,0.99,0.97,0.70,0.11,inferred
Denbighshire,2021-06-18,1.00,1.00,1.00,0.99,0.97,0.70,0.11,inferred
Denbighshire,2021-06-19,1.00,1.00,1.00,0.99,0.97,0.70,0.11,inferred
Denbighshire,2021-06-20,1.00,1.00,1.00,0.99,0.97,0.70,0.11,inferred
Denbighshire,2021-06-21,1.00,1.00,1.00,0.99,0.97,0.70,0.11,inferred
Denbighshire,2021-06-22,1.00,0.99,0.94,0.82,0.63,0.11,0.00,inferred
Denbighshire,2021-06-23,1.00,0.99,0.94,0.82,0.63,0.11,0.00,inferred
Denbighshire,2021-06-24,1.00,0.99,0.94,0.82,0.63,0.11,0.00,inferred
Denbighshire,2021-06-25,1.00,0.99,0.94,0.82,0.63,0.11,0.00,inferred
Denbighshire,2021-06-26,1.00,0.99,0.94,0.82,0.63,0.11,0.00,inferred
Denbighshire,2021-06-27,1.00,0.99,0.94,0.82,0.63,0.11,0.00,inferred
Denbighshire,2021-06-28,1.00,0.99,0.94,0.82,0.63,0.11,0.00,inferred
Denbighshire,2021-06-29,0.92,0.85,0.72,0.58,0.43,0.13,0.01,inferred
Denbighshire,2021-06-30,0.92,0.85,0.72,0.58,0.43,0.13,0.01,inferred
Denbighshire,2021-07-01,0.92,0.85,0.72,0.58,0.43,0.13,0.01,inferred
Denbighshire,2021-07-02,0.92,0.85,0.72,0.58,0.43,0.13,0.01,inferred
Denbighshire,2021-07-03,0.92,0.85,0.72,0.58,0.43,0.13,0.01,inferred
Denbighshire,2021-07-04,0.92,0.85,0.72,0.58,0.43,0.13,0.01,inferred
Denbighshire,2021-07-05,0.92,0.85,0.72,0.58,0.43,0.13,0.01,inferred
Denbighshire,2021-07-06,0.86,0.77,0.68,0.56,0.46,0.21,0.05,projected
Denbighshire,2021-07-07,0.86,0.77,0.68,0.56,0.46,0.21,0.05,projected
Denbighshire,2021-07-08,0.86,0.77,0.68,0.56,0.46,0.21,0.05,projected
Denbighshire,2021-07-09,0.86,0.77,0.68,0.56,0.46,0.21,0.05,projected
Denbighshire,2021-07-10,0.86,0.77,0.68,0.56,0.46,0.21,0.05,projected
Denbighshire,2021-07-11,0.86,0.77,0.68,0.56,0.46,0.21,0.05,projected
Denbighshire,2021-07-12,0.86,0.77,0.68,0.56,0.46,0.21,0.05,projected
Denbighshire,2021-07-13,0.84,0.75,0.65,0.56,0.47,0.26,0.09,projected
Denbighshire,2021-07-14,0.84,0.75,0.65,0.56,0.47,0.26,0.09,projected
Denbighshire,2021-07-15,0.84,0.75,0.65,0.56,0.47,0.26,0.09,projected
Denbighshire,2021-07-16,0.84,0.75,0.65,0.56,0.47,0.26,0.09,projected
Denbighshire,2021-07-17,0.84,0.75,0.65,0.56,0.47,0.26,0.09,projected
Denbighshire,2021-07-18,0.84,0.75,0.65,0.56,0.47,0.26,0.09,projected
Denbighshire,2021-07-19,0.84,0.75,0.65,0.56,0.47,0.26,0.09,projected
Denbighshire,2021-07-20,0.85,0.77,0.69,0.60,0.52,0.31,0.12,projected
Denbighshire,2021-07-21,0.85,0.77,0.69,0.60,0.52,0.31,0.12,projected
Denbighshire,2021-07-22,0.85,0.77,0.69,0.60,0.52,0.31,0.12,projected
Denbighshire,2021-07-23,0.85,0.77,0.69,0.60,0.52,0.31,0.12,projected
Denbighshire,2021-07-24,0.85,0.77,0.69,0.60,0.52,0.31,0.12,projected
Denbighshire,2021-07-25,0.85,0.77,0.69,0.60,0.52,0.31,0.12,projected
Denbighshire,2021-07-26,0.85,0.77,0.69,0.60,0.52,0.31,0.12,projected
Derby,2021-03-23,0.01,0.00,0.00,0.00,0.00,0.00,0.00,inferred
Derby,2021-03-24,0.01,0.00,0.00,0.00,0.00,0.00,0.00,inferred
Derby,2021-03-25,0.01,0.00,0.00,0.00,0.00,0.00,0.00,inferred
Derby,2021-03-26,0.01,0.00,0.00,0.00,0.00,0.00,0.00,inferred
Derby,2021-03-27,0.01,0.00,0.00,0.00,0.00,0.00,0.00,inferred
Derby,2021-03-28,0.01,0.00,0.00,0.00,0.00,0.00,0.00,inferred
Derby,2021-03-29,0.01,0.00,0.00,0.00,0.00,0.00,0.00,inferred
Derby,2021-03-30,0.24,0.08,0.02,0.00,0.00,0.00,0.00,inferred
Derby,2021-03-31,0.24,0.08,0.02,0.00,0.00,0.00,0.00,inferred
Derby,2021-04-01,0.24,0.08,0.02,0.00,0.00,0.00,0.00,inferred
Derby,2021-04-02,0.24,0.08,0.02,0.00,0.00,0.00,0.00,inferred
Derby,2021-04-03,0.24,0.08,0.02,0.00,0.00,0.00,0.00,inferred
Derby,2021-04-04,0.24,0.08,0.02,0.00,0.00,0.00,0.00,inferred
Derby,2021-04-05,0.24,0.08,0.02,0.00,0.00,0.00,0.00,inferred
Derby,2021-04-06,0.54,0.28,0.11,0.03,0.00,0.00,0.00,inferred
Derby,2021-04-07,0.54,0.28,0.11,0.03,0.00,0.00,0.00,inferred
Derby,2021-04-08,0.54,0.28,0.11,0.03,0.00,0.00,0.00,inferred
Derby,2021-04-09,0.54,0.28,0.11,0.03,0.00,0.00,0.00,inferred
Derby,2021-04-10,0.54,0.28,0.11,0.03,0.00,0.00,0.00,inferred
Derby,2021-04-11,0.54,0.28,0.11,0.03,0.00,0.00,0.00,inferred
Derby,2021-04-12,0.54,0.28,0.11,0.03,0.00,0.00,0.00,inferred
Derby,2021-04-13,0.75,0.51,0.25,0.09,0.03,0.00,0.00,inferred
Derby,2021-04-14,0.75,0.51,0.25,0.09,0.03,0.00,0.00,inferred
Derby,2021-04-15,0.75,0.51,0.25,0.09,0.03,0.00,0.00,inferred
Derby,2021-04-16,0.75,0.51,0.25,0.09,0.03,0.00,0.00,inferred
Derby,2021-04-17,0.75,0.51,0.25,0.09,0.03,0.00,0.00,inferred
Derby,2021-04-18,0.75,0.51,0.25,0.09,0.03,0.00,0.00,inferred
Derby,2021-04-19,0.75,0.51,0.25,0.09,0.03,0.00,0.00,inferred
Derby,2021-04-20,0.84,0.63,0.38,0.19,0.07,0.00,0.00,inferred
Derby,2021-04-21,0.84,0.63,0.38,0.19,0.07,0.00,0.00,inferred
Derby,2021-04-22,0.84,0.63,0.38,0.19,0.07,0.00,0.00,inferred
Derby,2021-04-23,0.84,0.63,0.38,0.19,0.07,0.00,0.00,inferred
Derby,2021-04-24,0.84,0.63,0.38,0.19,0.07,0.00,0.00,inferred
Derby,2021-04-25,0.84,0.63,0.38,0.19,0.07,0.00,0.00,inferred
Derby,2021-04-26,0.84,0.63,0.38,0.19,0.07,0.00,0.00,inferred
Derby,2021-04-27,0.93,0.79,0.55,0.33,0.17,0.01,0.00,inferred
Derby,2021-04-28,0.93,0.79,0.55,0.33,0.17,0.01,0.00,inferred
Derby,2021-04-29,0.93,0.79,0.55,0.33,0.17,0.01,0.00,inferred
Derby,2021-04-30,0.93,0.79,0.55,0.33,0.17,0.01,0.00,inferred
Derby,2021-05-01,0.93,0.79,0.55,0.33,0.17,0.01,0.00,inferred
Derby,2021-05-02,0.93,0.79,0.55,0.33,0.17,0.01,0.00,inferred
Derby,2021-05-03,0.93,0.79,0.55,0.33,0.17,0.01,0.00,inferred
Derby,2021-05-04,0.14,0.03,0.01,0.00,0.00,0.00,0.00,inferred
Derby,2021-05-05,0.14,0.03,0.01,0.00,0.00,0.00,0.00,inferred
Derby,2021-05-06,0.14,0.03,0.01,0.00,0.00,0.00,0.00,inferred
Derby,2021-05-07,0.14,0.03,0.01,0.00,0.00,0.00,0.00,inferred
Derby,2021-05-08,0.14,0.03,0.01,0.00,0.00,0.00,0.00,inferred
Derby,2021-05-09,0.14,0.03,0.01,0.00,0.00,0.00,0.00,inferred
Derby,2021-05-10,0.14,0.03,0.01,0.00,0.00,0.00,0.00,inferred
Derby,2021-05-11,0.43,0.22,0.11,0.04,0.01,0.00,0.00,inferred
Derby,2021-05-12,0.43,0.22,0.11,0.04,0.01,0.00,0.00,inferred
Derby,2021-05-13,0.43,0.22,0.11,0.04,0.01,0.00,0.00,inferred
Derby,2021-05-14,0.43,0.22,0.11,0.04,0.01,0.00,0.00,inferred
Derby,2021-05-15,0.43,0.22,0.11,0.04,0.01,0.00,0.00,inferred
Derby,2021-05-16,0.43,0.22,0.11,0.04,0.01,0.00,0.00,inferred
Derby,2021-05-17,0.43,0.22,0.11,0.04,0.01,0.00,0.00,inferred
Derby,2021-05-18,0.82,0.64,0.45,0.28,0.15,0.01,0.00,inferred
Derby,2021-05-19,0.82,0.64,0.45,0.28,0.15,0.01,0.00,inferred
Derby,2021-05-20,0.82,0.64,0.45,0.28,0.15,0.01,0.00,inferred
Derby,2021-05-21,0.82,0.64,0.45,0.28,0.15,0.01,0.00,inferred
Derby,2021-05-22,0.82,0.64,0.45,0.28,0.15,0.01,0.00,inferred
Derby,2021-05-23,0.82,0.64,0.45,0.28,0.15,0.01,0.00,inferred
Derby,2021-05-24,0.82,0.64,0.45,0.28,0.15,0.01,0.00,inferred
Derby,2021-05-25,1.00,0.99,0.97,0.91,0.81,0.36,0.02,inferred
Derby,2021-05-26,1.00,0.99,0.97,0.91,0.81,0.36,0.02,inferred
Derby,2021-05-27,1.00,0.99,0.97,0.91,0.81,0.36,0.02,inferred
Derby,2021-05-28,1.00,0.99,0.97,0.91,0.81,0.36,0.02,inferred
Derby,2021-05-29,1.00,0.99,0.97,0.91,0.81,0.36,0.02,inferred
Derby,2021-05-30,1.00,0.99,0.97,0.91,0.81,0.36,0.02,inferred
Derby,2021-05-31,1.00,0.99,0.97,0.91,0.81,0.36,0.02,inferred
Derby,2021-06-01,1.00,1.00,1.00,0.99,0.96,0.66,0.09,inferred
Derby,2021-06-02,1.00,1.00,1.00,0.99,0.96,0.66,0.09,inferred
Derby,2021-06-03,1.00,1.00,1.00,0.99,0.96,0.66,0.09,inferred
Derby,2021-06-04,1.00,1.00,1.00,0.99,0.96,0.66,0.09,inferred
Derby,2021-06-05,1.00,1.00,1.00,0.99,0.96,0.66,0.09,inferred
Derby,2021-06-06,1.00,1.00,1.00,0.99,0.96,0.66,0.09,inferred
Derby,2021-06-07,1.00,1.00,1.00,0.99,0.96,0.66,0.09,inferred
Derby,2021-06-08,1.00,1.00,1.00,1.00,1.00,1.00,0.87,inferred
Derby,2021-06-09,1.00,1.00,1.00,1.00,1.00,1.00,0.87,inferred
Derby,2021-06-10,1.00,1.00,1.00,1.00,1.00,1.00,0.87,inferred
Derby,2021-06-11,1.00,1.00,1.00,1.00,1.00,1.00,0.87,inferred
Derby,2021-06-12,1.00,1.00,1.00,1.00,1.00,1.00,0.87,inferred
Derby,2021-06-13,1.00,1.00,1.00,1.00,1.00,1.00,0.87,inferred
Derby,2021-06-14,1.00,1.00,1.00,1.00,1.00,1.00,0.87,inferred
Derby,2021-06-15,1.00,1.00,1.00,1.00,1.00,1.00,0.87,inferred
Derby,2021-06-16,1.00,1.00,1.00,1.00,1.00,1.00,0.87,inferred
Derby,2021-06-17,1.00,1.00,1.00,1.00,1.00,1.00,0.87,inferred
Derby,2021-06-18,1.00,1.00,1.00,1.00,1.00,1.00,0.87,inferred
Derby,2021-06-19,1.00,1.00,1.00,1.00,1.00,1.00,0.87,inferred
Derby,2021-06-20,1.00,1.00,1.00,1.00,1.00,1.00,0.87,inferred
Derby,2021-06-21,1.00,1.00,1.00,1.00,1.00,1.00,0.87,inferred
Derby,2021-06-22,1.00,1.00,1.00,0.99,0.95,0.58,0.04,inferred
Derby,2021-06-23,1.00,1.00,1.00,0.99,0.95,0.58,0.04,inferred
Derby,2021-06-24,1.00,1.00,1.00,0.99,0.95,0.58,0.04,inferred
Derby,2021-06-25,1.00,1.00,1.00,0.99,0.95,0.58,0.04,inferred
Derby,2021-06-26,1.00,1.00,1.00,0.99,0.95,0.58,0.04,inferred
Derby,2021-06-27,1.00,1.00,1.00,0.99,0.95,0.58,0.04,inferred
Derby,2021-06-28,1.00,1.00,1.00,0.99,0.95,0.58,0.04,inferred
Derby,2021-06-29,0.99,0.93,0.80,0.59,0.38,0.05,0.00,inferred
Derby,2021-06-30,0.99,0.93,0.80,0.59,0.38,0.05,0.00,inferred
Derby,2021-07-01,0.99,0.93,0.80,0.59,0.38,0.05,0.00,inferred
Derby,2021-07-02,0.99,0.93,0.80,0.59,0.38,0.05,0.00,inferred
Derby,2021-07-03,0.99,0.93,0.80,0.59,0.38,0.05,0.00,inferred
Derby,2021-07-04,0.99,0.93,0.80,0.59,0.38,0.05,0.00,inferred
Derby,2021-07-05,0.99,0.93,0.80,0.59,0.38,0.05,0.00,inferred
Derby,2021-07-06,0.94,0.87,0.74,0.62,0.49,0.21,0.03,projected
Derby,2021-07-07,0.94,0.87,0.74,0.62,0.49,0.21,0.03,projected
Derby,2021-07-08,0.94,0.87,0.74,0.62,0.49,0.21,0.03,projected
Derby,2021-07-09,0.94,0.87,0.74,0.62,0.49,0.21,0.03,projected
Derby,2021-07-10,0.94,0.87,0.74,0.62,0.49,0.21,0.03,projected
Derby,2021-07-11,0.94,0.87,0.74,0.62,0.49,0.21,0.03,projected
Derby,2021-07-12,0.94,0.87,0.74,0.62,0.49,0.21,0.03,projected
Derby,2021-07-13,0.93,0.87,0.78,0.68,0.58,0.31,0.09,projected
Derby,2021-07-14,0.93,0.87,0.78,0.68,0.58,0.31,0.09,projected
Derby,2021-07-15,0.93,0.87,0.78,0.68,0.58,0.31,0.09,projected
Derby,2021-07-16,0.93,0.87,0.78,0.68,0.58,0.31,0.09,projected
Derby,2021-07-17,0.93,0.87,0.78,0.68,0.58,0.31,0.09,projected
Derby,2021-07-18,0.93,0.87,0.78,0.68,0.58,0.31,0.09,projected
Derby,2021-07-19,0.93,0.87,0.78,0.68,0.58,0.31,0.09,projected
Derby,2021-07-20,0.94,0.88,0.81,0.72,0.63,0.39,0.15,projected
Derby,2021-07-21,0.94,0.88,0.81,0.72,0.63,0.39,0.15,projected
Derby,2021-07-22,0.94,0.88,0.81,0.72,0.63,0.39,0.15,projected
Derby,2021-07-23,0.94,0.88,0.81,0.72,0.63,0.39,0.15,projected
Derby,2021-07-24,0.94,0.88,0.81,0.72,0.63,0.39,0.15,projected
Derby,2021-07-25,0.94,0.88,0.81,0.72,0.63,0.39,0.15,projected
Derby,2021-07-26,0.94,0.88,0.81,0.72,0.63,0.39,0.15,projected
Derbyshire Dales,2021-03-23,0.00,0.00,0.00,0.00,0.00,0.00,0.00,inferred
Derbyshire Dales,2021-03-24,0.00,0.00,0.00,0.00,0.00,0.00,0.00,inferred
Derbyshire Dales,2021-03-25,0.00,0.00,0.00,0.00,0.00,0.00,0.00,inferred
Derbyshire Dales,2021-03-26,0.00,0.00,0.00,0.00,0.00,0.00,0.00,inferred
Derbyshire Dales,2021-03-27,0.00,0.00,0.00,0.00,0.00,0.00,0.00,inferred
Derbyshire Dales,2021-03-28,0.00,0.00,0.00,0.00,0.00,0.00,0.00,inferred
Derbyshire Dales,2021-03-29,0.00,0.00,0.00,0.00,0.00,0.00,0.00,inferred
Derbyshire Dales,2021-03-30,0.03,0.01,0.00,0.00,0.00,0.00,0.00,inferred
Derbyshire Dales,2021-03-31,0.03,0.01,0.00,0.00,0.00,0.00,0.00,inferred
Derbyshire Dales,2021-04-01,0.03,0.01,0.00,0.00,0.00,0.00,0.00,inferred
Derbyshire Dales,2021-04-02,0.03,0.01,0.00,0.00,0.00,0.00,0.00,inferred
Derbyshire Dales,2021-04-03,0.03,0.01,0.00,0.00,0.00,0.00,0.00,inferred
Derbyshire Dales,2021-04-04,0.03,0.01,0.00,0.00,0.00,0.00,0.00,inferred
Derbyshire Dales,2021-04-05,0.03,0.01,0.00,0.00,0.00,0.00,0.00,inferred
Derbyshire Dales,2021-04-06,0.50,0.35,0.23,0.14,0.10,0.02,0.00,inferred
Derbyshire Dales,2021-04-07,0.50,0.35,0.23,0.14,0.10,0.02,0.00,inferred
Derbyshire Dales,2021-04-08,0.50,0.35,0.23,0.14,0.10,0.02,0.00,inferred
Derbyshire Dales,2021-04-09,0.50,0.35,0.23,0.14,0.10,0.02,0.00,inferred
Derbyshire Dales,2021-04-10,0.50,0.35,0.23,0.14,0.10,0.02,0.00,inferred
Derbyshire Dales,2021-04-11,0.50,0.35,0.23,0.14,0.10,0.02,0.00,inferred
Derbyshire Dales,2021-04-12,0.50,0.35,0.23,0.14,0.10,0.02,0.00,inferred
Derbyshire Dales,2021-04-13,0.87,0.79,0.67,0.50,0.37,0.11,0.01,inferred
Derbyshire Dales,2021-04-14,0.87,0.79,0.67,0.50,0.37,0.11,0.01,inferred
Derbyshire Dales,2021-04-15,0.87,0.79,0.67,0.50,0.37,0.11,0.01,inferred
Derbyshire Dales,2021-04-16,0.87,0.79,0.67,0.50,0.37,0.11,0.01,inferred
Derbyshire Dales,2021-04-17,0.87,0.79,0.67,0.50,0.37,0.11,0.01,inferred
Derbyshire Dales,2021-04-18,0.87,0.79,0.67,0.50,0.37,0.11,0.01,inferred
Derbyshire Dales,2021-04-19,0.87,0.79,0.67,0.50,0.37,0.11,0.01,inferred
Derbyshire Dales,2021-04-20,0.55,0.39,0.24,0.14,0.07,0.02,0.00,inferred
Derbyshire Dales,2021-04-21,0.55,0.39,0.24,0.14,0.07,0.02,0.00,inferred
Derbyshire Dales,2021-04-22,0.55,0.39,0.24,0.14,0.07,0.02,0.00,inferred
Derbyshire Dales,2021-04-23,0.55,0.39,0.24,0.14,0.07,0.02,0.00,inferred
Derbyshire Dales,2021-04-24,0.55,0.39,0.24,0.14,0.07,0.02,0.00,inferred
Derbyshire Dales,2021-04-25,0.55,0.39,0.24,0.14,0.07,0.02,0.00,inferred
Derbyshire Dales,2021-04-26,0.55,0.39,0.24,0.14,0.07,0.02,0.00,inferred
Derbyshire Dales,2021-04-27,0.66,0.50,0.36,0.24,0.14,0.03,0.00,inferred
Derbyshire Dales,2021-04-28,0.66,0.50,0.36,0.24,0.14,0.03,0.00,inferred
Derbyshire Dales,2021-04-29,0.66,0.50,0.36,0.24,0.14,0.03,0.00,inferred
Derbyshire Dales,2021-04-30,0.66,0.50,0.36,0.24,0.14,0.03,0.00,inferred
Derbyshire Dales,2021-05-01,0.66,0.50,0.36,0.24,0.14,0.03,0.00,inferred
Derbyshire Dales,2021-05-02,0.66,0.50,0.36,0.24,0.14,0.03,0.00,inferred
Derbyshire Dales,2021-05-03,0.66,0.50,0.36,0.24,0.14,0.03,0.00,inferred
Derbyshire Dales,2021-05-04,0.84,0.73,0.61,0.49,0.36,0.10,0.01,inferred
Derbyshire Dales,2021-05-05,0.84,0.73,0.61,0.49,0.36,0.10,0.01,inferred
Derbyshire Dales,2021-05-06,0.84,0.73,0.61,0.49,0.36,0.10,0.01,inferred
Derbyshire Dales,2021-05-07,0.84,0.73,0.61,0.49,0.36,0.10,0.01,inferred
Derbyshire Dales,2021-05-08,0.84,0.73,0.61,0.49,0.36,0.10,0.01,inferred
Derbyshire Dales,2021-05-09,0.84,0.73,0.61,0.49,0.36,0.10,0.01,inferred
Derbyshire Dales,2021-05-10,0.84,0.73,0.61,0.49,0.36,0.10,0.01,inferred
Derbyshire Dales,2021-05-11,0.85,0.74,0.60,0.46,0.36,0.13,0.01,inferred
Derbyshire Dales,2021-05-12,0.85,0.74,0.60,0.46,0.36,0.13,0.01,inferred
Derbyshire Dales,2021-05-13,0.85,0.74,0.60,0.46,0.36,0.13,0.01,inferred
Derbyshire Dales,2021-05-14,0.85,0.74,0.60,0.46,0.36,0.13,0.01,inferred
Derbyshire Dales,2021-05-15,0.85,0.74,0.60,0.46,0.36,0.13,0.01,inferred
Derbyshire Dales,2021-05-16,0.85,0.74,0.60,0.46,0.36,0.13,0.01,inferred
Derbyshire Dales,2021-05-17,0.85,0.74,0.60,0.46,0.36,0.13,0.01,inferred
Derbyshire Dales,2021-05-18,0.98,0.95,0.87,0.78,0.70,0.37,0.05,inferred
Derbyshire Dales,2021-05-19,0.98,0.95,0.87,0.78,0.70,0.37,0.05,inferred
Derbyshire Dales,2021-05-20,0.98,0.95,0.87,0.78,0.70,0.37,0.05,inferred
Derbyshire Dales,2021-05-21,0.98,0.95,0.87,0.78,0.70,0.37,0.05,inferred
Derbyshire Dales,2021-05-22,0.98,0.95,0.87,0.78,0.70,0.37,0.05,inferred
Derbyshire Dales,2021-05-23,0.98,0.95,0.87,0.78,0.70,0.37,0.05,inferred
Derbyshire Dales,2021-05-24,0.98,0.95,0.87,0.78,0.70,0.37,0.05,inferred
Derbyshire Dales,2021-05-25,1.00,1.00,1.00,0.98,0.96,0.78,0.32,inferred
Derbyshire Dales,2021-05-26,1.00,1.00,1.00,0.98,0.96,0.78,0.32,inferred
Derbyshire Dales,2021-05-27,1.00,1.00,1.00,0.98,0.96,0.78,0.32,inferred
Derbyshire Dales,2021-05-28,1.00,1.00,1.00,0.98,0.96,0.78,0.32,inferred
Derbyshire Dales,2021-05-29,1.00,1.00,1.00,0.98,0.96,0.78,0.32,inferred
Derbyshire Dales,2021-05-30,1.00,1.00,1.00,0.98,0.96,0.78,0.32,inferred
Derbyshire Dales,2021-05-31,1.00,1.00,1.00,0.98,0.96,0.78,0.32,inferred
Derbyshire Dales,2021-06-01,1.00,0.99,0.97,0.93,0.88,0.55,0.12,inferred
Derbyshire Dales,2021-06-02,1.00,0.99,0.97,0.93,0.88,0.55,0.12,inferred
Derbyshire Dales,2021-06-03,1.00,0.99,0.97,0.93,0.88,0.55,0.12,inferred
Derbyshire Dales,2021-06-04,1.00,0.99,0.97,0.93,0.88,0.55,0.12,inferred
Derbyshire Dales,2021-06-05,1.00,0.99,0.97,0.93,0.88,0.55,0.12,inferred
Derbyshire Dales,2021-06-06,1.00,0.99,0.97,0.93,0.88,0.55,0.12,inferred
Derbyshire Dales,2021-06-07,1.00,0.99,0.97,0.93,0.88,0.55,0.12,inferred
Derbyshire Dales,2021-06-08,1.00,0.99,0.98,0.94,0.86,0.51,0.08,inferred
Derbyshire Dales,2021-06-09,1.00,0.99,0.98,0.94,0.86,0.51,0.08,inferred
Derbyshire Dales,2021-06-10,1.00,0.99,0.98,0.94,0.86,0.51,0.08,inferred
Derbyshire Dales,2021-06-11,1.00,0.99,0.98,0.94,0.86,0.51,0.08,inferred
Derbyshire Dales,2021-06-12,1.00,0.99,0.98,0.94,0.86,0.51,0.08,inferred
Derbyshire Dales,2021-06-13,1.00,0.99,0.98,0.94,0.86,0.51,0.08,inferred
Derbyshire Dales,2021-06-14,1.00,0.99,0.98,0.94,0.86,0.51,0.08,inferred
Derbyshire Dales,2021-06-15,1.00,1.00,1.00,1.00,1.00,0.94,0.45,inferred
Derbyshire Dales,2021-06-16,1.00,1.00,1.00,1.00,1.00,0.94,0.45,inferred
Derbyshire Dales,2021-06-17,1.00,1.00,1.00,1.00,1.00,0.94,0.45,inferred
Derbyshire Dales,2021-06-18,1.00,1.00,1.00,1.00,1.00,0.94,0.45,inferred
Derbyshire Dales,2021-06-19,1.00,1.00,1.00,1.00,1.00,0.94,0.45,inferred
Derbyshire Dales,2021-06-20,1.00,1.00,1.00,1.00,1.00,0.94,0.45,inferred
Derbyshire Dales,2021-06-21,1.00,1.00,1.00,1.00,1.00,0.94,0.45,inferred
Derbyshire Dales,2021-06-22,1.00,1.00,1.00,1.00,1.00,0.96,0.59,inferred
Derbyshire Dales,2021-06-23,1.00,1.00,1.00,1.00,1.00,0.96,0.59,inferred
Derbyshire Dales,2021-06-24,1.00,1.00,1.00,1.00,1.00,0.96,0.59,inferred
Derbyshire Dales,2021-06-25,1.00,1.00,1.00,1.00,1.00,0.96,0.59,inferred
Derbyshire Dales,2021-06-26,1.00,1.00,1.00,1.00,1.00,0.96,0.59,inferred
Derbyshire Dales,2021-06-27,1.00,1.00,1.00,1.00,1.00,0.96,0.59,inferred
Derbyshire Dales,2021-06-28,1.00,1.00,1.00,1.00,1.00,0.96,0.59,inferred
Derbyshire Dales,2021-06-29,1.00,0.99,0.98,0.94,0.87,0.54,0.11,inferred
Derbyshire Dales,2021-06-30,1.00,0.99,0.98,0.94,0.87,0.54,0.11,inferred
Derbyshire Dales,2021-07-01,1.00,0.99,0.98,0.94,0.87,0.54,0.11,inferred
Derbyshire Dales,2021-07-02,1.00,0.99,0.98,0.94,0.87,0.54,0.11,inferred
Derbyshire Dales,2021-07-03,1.00,0.99,0.98,0.94,0.87,0.54,0.11,inferred
Derbyshire Dales,2021-07-04,1.00,0.99,0.98,0.94,0.87,0.54,0.11,inferred
Derbyshire Dales,2021-07-05,1.00,0.99,0.98,0.94,0.87,0.54,0.11,inferred
Derbyshire Dales,2021-07-06,0.99,0.97,0.92,0.86,0.78,0.50,0.17,projected
Derbyshire Dales,2021-07-07,0.99,0.97,0.92,0.86,0.78,0.50,0.17,projected
Derbyshire Dales,2021-07-08,0.99,0.97,0.92,0.86,0.78,0.50,0.17,projected
Derbyshire Dales,2021-07-09,0.99,0.97,0.92,0.86,0.78,0.50,0.17,projected
Derbyshire Dales,2021-07-10,0.99,0.97,0.92,0.86,0.78,0.50,0.17,projected
Derbyshire Dales,2021-07-11,0.99,0.97,0.92,0.86,0.78,0.50,0.17,projected
Derbyshire Dales,2021-07-12,0.99,0.97,0.92,0.86,0.78,0.50,0.17,projected
Derbyshire Dales,2021-07-13,0.97,0.93,0.89,0.81,0.72,0.47,0.19,projected
Derbyshire Dales,2021-07-14,0.97,0.93,0.89,0.81,0.72,0.47,0.19,projected
Derbyshire Dales,2021-07-15,0.97,0.93,0.89,0.81,0.72,0.47,0.19,projected
Derbyshire Dales,2021-07-16,0.97,0.93,0.89,0.81,0.72,0.47,0.19,projected
Derbyshire Dales,2021-07-17,0.97,0.93,0.89,0.81,0.72,0.47,0.19,projected
Derbyshire Dales,2021-07-18,0.97,0.93,0.89,0.81,0.72,0.47,0.19,projected
Derbyshire Dales,2021-07-19,0.97,0.93,0.89,0.81,0.72,0.47,0.19,projected
Derbyshire Dales,2021-07-20,0.97,0.94,0.89,0.82,0.75,0.50,0.21,projected
Derbyshire Dales,2021-07-21,0.97,0.94,0.89,0.82,0.75,0.50,0.21,projected
Derbyshire Dales,2021-07-22,0.97,0.94,0.89,0.82,0.75,0.50,0.21,projected
Derbyshire Dales,2021-07-23,0.97,0.94,0.89,0.82,0.75,0.50,0.21,projected
Derbyshire Dales,2021-07-24,0.97,0.94,0.89,0.82,0.75,0.50,0.21,projected
Derbyshire Dales,2021-07-25,0.97,0.94,0.89,0.82,0.75,0.50,0.21,projected
Derbyshire Dales,2021-07-26,0.97,0.94,0.89,0.82,0.75,0.50,0.21,projected
Doncaster,2021-03-23,0.03,0.00,0.00,0.00,0.00,0.00,0.00,inferred
Doncaster,2021-03-24,0.03,0.00,0.00,0.00,0.00,0.00,0.00,inferred
Doncaster,2021-03-25,0.03,0.00,0.00,0.00,0.00,0.00,0.00,inferred
Doncaster,2021-03-26,0.03,0.00,0.00,0.00,0.00,0.00,0.00,inferred
Doncaster,2021-03-27,0.03,0.00,0.00,0.00,0.00,0.00,0.00,inferred
Doncaster,2021-03-28,0.03,0.00,0.00,0.00,0.00,0.00,0.00,inferred
Doncaster,2021-03-29,0.03,0.00,0.00,0.00,0.00,0.00,0.00,inferred
Doncaster,2021-03-30,0.76,0.36,0.09,0.01,0.00,0.00,0.00,inferred
Doncaster,2021-03-31,0.76,0.36,0.09,0.01,0.00,0.00,0.00,inferred
Doncaster,2021-04-01,0.76,0.36,0.09,0.01,0.00,0.00,0.00,inferred
Doncaster,2021-04-02,0.76,0.36,0.09,0.01,0.00,0.00,0.00,inferred
Doncaster,2021-04-03,0.76,0.36,0.09,0.01,0.00,0.00,0.00,inferred
Doncaster,2021-04-04,0.76,0.36,0.09,0.01,0.00,0.00,0.00,inferred
Doncaster,2021-04-05,0.76,0.36,0.09,0.01,0.00,0.00,0.00,inferred
Doncaster,2021-04-06,0.53,0.17,0.02,0.00,0.00,0.00,0.00,inferred
Doncaster,2021-04-07,0.53,0.17,0.02,0.00,0.00,0.00,0.00,inferred
Doncaster,2021-04-08,0.53,0.17,0.02,0.00,0.00,0.00,0.00,inferred
Doncaster,2021-04-09,0.53,0.17,0.02,0.00,0.00,0.00,0.00,inferred
Doncaster,2021-04-10,0.53,0.17,0.02,0.00,0.00,0.00,0.00,inferred
Doncaster,2021-04-11,0.53,0.17,0.02,0.00,0.00,0.00,0.00,inferred
Doncaster,2021-04-12,0.53,0.17,0.02,0.00,0.00,0.00,0.00,inferred
Doncaster,2021-04-13,0.84,0.47,0.16,0.02,0.00,0.00,0.00,inferred
Doncaster,2021-04-14,0.84,0.47,0.16,0.02,0.00,0.00,0.00,inferred
Doncaster,2021-04-15,0.84,0.47,0.16,0.02,0.00,0.00,0.00,inferred
Doncaster,2021-04-16,0.84,0.47,0.16,0.02,0.00,0.00,0.00,inferred
Doncaster,2021-04-17,0.84,0.47,0.16,0.02,0.00,0.00,0.00,inferred
Doncaster,2021-04-18,0.84,0.47,0.16,0.02,0.00,0.00,0.00,inferred
Doncaster,2021-04-19,0.84,0.47,0.16,0.02,0.00,0.00,0.00,inferred
Doncaster,2021-04-20,0.58,0.19,0.03,0.00,0.00,0.00,0.00,inferred
Doncaster,2021-04-21,0.58,0.19,0.03,0.00,0.00,0.00,0.00,inferred
Doncaster,2021-04-22,0.58,0.19,0.03,0.00,0.00,0.00,0.00,inferred
Doncaster,2021-04-23,0.58,0.19,0.03,0.00,0.00,0.00,0.00,inferred
Doncaster,2021-04-24,0.58,0.19,0.03,0.00,0.00,0.00,0.00,inferred
Doncaster,2021-04-25,0.58,0.19,0.03,0.00,0.00,0.00,0.00,inferred
Doncaster,2021-04-26,0.58,0.19,0.03,0.00,0.00,0.00,0.00,inferred
Doncaster,2021-04-27,0.38,0.11,0.01,0.00,0.00,0.00,0.00,inferred
Doncaster,2021-04-28,0.38,0.11,0.01,0.00,0.00,0.00,0.00,inferred
Doncaster,2021-04-29,0.38,0.11,0.01,0.00,0.00,0.00,0.00,inferred
Doncaster,2021-04-30,0.38,0.11,0.01,0.00,0.00,0.00,0.00,inferred
Doncaster,2021-05-01,0.38,0.11,0.01,0.00,0.00,0.00,0.00,inferred
Doncaster,2021-05-02,0.38,0.11,0.01,0.00,0.00,0.00,0.00,inferred
Doncaster,2021-05-03,0.38,0.11,0.01,0.00,0.00,0.00,0.00,inferred
Doncaster,2021-05-04,0.33,0.10,0.02,0.00,0.00,0.00,0.00,inferred
Doncaster,2021-05-05,0.33,0.10,0.02,0.00,0.00,0.00,0.00,inferred
Doncaster,2021-05-06,0.33,0.10,0.02,0.00,0.00,0.00,0.00,inferred
Doncaster,2021-05-07,0.33,0.10,0.02,0.00,0.00,0.00,0.00,inferred
Doncaster,2021-05-08,0.33,0.10,0.02,0.00,0.00,0.00,0.00,inferred
Doncaster,2021-05-09,0.33,0.10,0.02,0.00,0.00,0.00,0.00,inferred
Doncaster,2021-05-10,0.33,0.10,0.02,0.00,0.00,0.00,0.00,inferred
Doncaster,2021-05-11,0.53,0.23,0.05,0.01,0.00,0.00,0.00,inferred
Doncaster,2021-05-12,0.53,0.23,0.05,0.01,0.00,0.00,0.00,inferred
Doncaster,2021-05-13,0.53,0.23,0.05,0.01,0.00,0.00,0.00,inferred
Doncaster,2021-05-14,0.53,0.23,0.05,0.01,0.00,0.00,0.00,inferred
Doncaster,2021-05-15,0.53,0.23,0.05,0.01,0.00,0.00,0.00,inferred
Doncaster,2021-05-16,0.53,0.23,0.05,0.01,0.00,0.00,0.00,inferred
Doncaster,2021-05-17,0.53,0.23,0.05,0.01,0.00,0.00,0.00,inferred
Doncaster,2021-05-18,0.51,0.22,0.07,0.01,0.00,0.00,0.00,inferred
Doncaster,2021-05-19,0.51,0.22,0.07,0.01,0.00,0.00,0.00,inferred
Doncaster,2021-05-20,0.51,0.22,0.07,0.01,0.00,0.00,0.00,inferred
Doncaster,2021-05-21,0.51,0.22,0.07,0.01,0.00,0.00,0.00,inferred
Doncaster,2021-05-22,0.51,0.22,0.07,0.01,0.00,0.00,0.00,inferred
Doncaster,2021-05-23,0.51,0.22,0.07,0.01,0.00,0.00,0.00,inferred
Doncaster,2021-05-24,0.51,0.22,0.07,0.01,0.00,0.00,0.00,inferred
Doncaster,2021-05-25,1.00,1.00,0.98,0.91,0.76,0.14,0.00,inferred
Doncaster,2021-05-26,1.00,1.00,0.98,0.91,0.76,0.14,0.00,inferred
Doncaster,2021-05-27,1.00,1.00,0.98,0.91,0.76,0.14,0.00,inferred
Doncaster,2021-05-28,1.00,1.00,0.98,0.91,0.76,0.14,0.00,inferred
Doncaster,2021-05-29,1.00,1.00,0.98,0.91,0.76,0.14,0.00,inferred
Doncaster,2021-05-30,1.00,1.00,0.98,0.91,0.76,0.14,0.00,inferred
Doncaster,2021-05-31,1.00,1.00,0.98,0.91,0.76,0.14,0.00,inferred
Doncaster,2021-06-01,1.00,1.00,1.00,0.99,0.94,0.40,0.00,inferred
Doncaster,2021-06-02,1.00,1.00,1.00,0.99,0.94,0.40,0.00,inferred
Doncaster,2021-06-03,1.00,1.00,1.00,0.99,0.94,0.40,0.00,inferred
Doncaster,2021-06-04,1.00,1.00,1.00,0.99,0.94,0.40,0.00,inferred
Doncaster,2021-06-05,1.00,1.00,1.00,0.99,0.94,0.40,0.00,inferred
Doncaster,2021-06-06,1.00,1.00,1.00,0.99,0.94,0.40,0.00,inferred
Doncaster,2021-06-07,1.00,1.00,1.00,0.99,0.94,0.40,0.00,inferred
Doncaster,2021-06-08,1.00,1.00,1.00,1.00,1.00,0.85,0.13,inferred
Doncaster,2021-06-09,1.00,1.00,1.00,1.00,1.00,0.85,0.13,inferred
Doncaster,2021-06-10,1.00,1.00,1.00,1.00,1.00,0.85,0.13,inferred
Doncaster,2021-06-11,1.00,1.00,1.00,1.00,1.00,0.85,0.13,inferred
Doncaster,2021-06-12,1.00,1.00,1.00,1.00,1.00,0.85,0.13,inferred
Doncaster,2021-06-13,1.00,1.00,1.00,1.00,1.00,0.85,0.13,inferred
Doncaster,2021-06-14,1.00,1.00,1.00,1.00,1.00,0.85,0.13,inferred
Doncaster,2021-06-15,1.00,1.00,1.00,1.00,1.00,0.99,0.54,inferred
Doncaster,2021-06-16,1.00,1.00,1.00,1.00,1.00,0.99,0.54,inferred
Doncaster,2021-06-17,1.00,1.00,1.00,1.00,1.00,0.99,0.54,inferred
Doncaster,2021-06-18,1.00,1.00,1.00,1.00,1.00,0.99,0.54,inferred
Doncaster,2021-06-19,1.00,1.00,1.00,1.00,1.00,0.99,0.54,inferred
Doncaster,2021-06-20,1.00,1.00,1.00,1.00,1.00,0.99,0.54,inferred
Doncaster,2021-06-21,1.00,1.00,1.00,1.00,1.00,0.99,0.54,inferred
Doncaster,2021-06-22,1.00,1.00,1.00,1.00,1.00,1.00,0.77,inferred
Doncaster,2021-06-23,1.00,1.00,1.00,1.00,1.00,1.00,0.77,inferred
Doncaster,2021-06-24,1.00,1.00,1.00,1.00,1.00,1.00,0.77,inferred
Doncaster,2021-06-25,1.00,1.00,1.00,1.00,1.00,1.00,0.77,inferred
Doncaster,2021-06-26,1.00,1.00,1.00,1.00,1.00,1.00,0.77,inferred
Doncaster,2021-06-27,1.00,1.00,1.00,1.00,1.00,1.00,0.77,inferred
Doncaster,2021-06-28,1.00,1.00,1.00,1.00,1.00,1.00,0.77,inferred
Doncaster,2021-06-29,1.00,1.00,1.00,1.00,1.00,0.98,0.69,inferred
Doncaster,2021-06-30,1.00,1.00,1.00,1.00,1.00,0.98,0.69,inferred
Doncaster,2021-07-01,1.00,1.00,1.00,1.00,1.00,0.98,0.69,inferred
Doncaster,2021-07-02,1.00,1.00,1.00,1.00,1.00,0.98,0.69,inferred
Doncaster,2021-07-03,1.00,1.00,1.00,1.00,1.00,0.98,0.69,inferred
Doncaster,2021-07-04,1.00,1.00,1.00,1.00,1.00,0.98,0.69,inferred
Doncaster,2021-07-05,1.00,1.00,1.00,1.00,1.00,0.98,0.69,inferred
Doncaster,2021-07-06,1.00,1.00,1.00,0.99,0.98,0.84,0.50,projected
Doncaster,2021-07-07,1.00,1.00,1.00,0.99,0.98,0.84,0.50,projected
Doncaster,2021-07-08,1.00,1.00,1.00,0.99,0.98,0.84,0.50,projected
Doncaster,2021-07-09,1.00,1.00,1.00,0.99,0.98,0.84,0.50,projected
Doncaster,2021-07-10,1.00,1.00,1.00,0.99,0.98,0.84,0.50,projected
Doncaster,2021-07-11,1.00,1.00,1.00,0.99,0.98,0.84,0.50,projected
Doncaster,2021-07-12,1.00,1.00,1.00,0.99,0.98,0.84,0.50,projected
Doncaster,2021-07-13,1.00,0.99,0.97,0.95,0.91,0.75,0.43,projected
Doncaster,2021-07-14,1.00,0.99,0.97,0.95,0.91,0.75,0.43,projected
Doncaster,2021-07-15,1.00,0.99,0.97,0.95,0.91,0.75,0.43,projected
Doncaster,2021-07-16,1.00,0.99,0.97,0.95,0.91,0.75,0.43,projected
Doncaster,2021-07-17,1.00,0.99,0.97,0.95,0.91,0.75,0.43,projected
Doncaster,2021-07-18,1.00,0.99,0.97,0.95,0.91,0.75,0.43,projected
Doncaster,2021-07-19,1.00,0.99,0.97,0.95,0.91,0.75,0.43,projected
Doncaster,2021-07-20,0.98,0.97,0.95,0.91,0.86,0.67,0.37,projected
Doncaster,2021-07-21,0.98,0.97,0.95,0.91,0.86,0.67,0.37,projected
Doncaster,2021-07-22,0.98,0.97,0.95,0.91,0.86,0.67,0.37,projected
Doncaster,2021-07-23,0.98,0.97,0.95,0.91,0.86,0.67,0.37,projected
Doncaster,2021-07-24,0.98,0.97,0.95,0.91,0.86,0.67,0.37,projected
Doncaster,2021-07-25,0.98,0.97,0.95,0.91,0.86,0.67,0.37,projected
Doncaster,2021-07-26,0.98,0.97,0.95,0.91,0.86,0.67,0.37,projected
Dorset,2021-03-23,0.12,0.03,0.01,0.00,0.00,0.00,0.00,inferred
Dorset,2021-03-24,0.12,0.03,0.01,0.00,0.00,0.00,0.00,inferred
Dorset,2021-03-25,0.12,0.03,0.01,0.00,0.00,0.00,0.00,inferred
Dorset,2021-03-26,0.12,0.03,0.01,0.00,0.00,0.00,0.00,inferred
Dorset,2021-03-27,0.12,0.03,0.01,0.00,0.00,0.00,0.00,inferred
Dorset,2021-03-28,0.12,0.03,0.01,0.00,0.00,0.00,0.00,inferred
Dorset,2021-03-29,0.12,0.03,0.01,0.00,0.00,0.00,0.00,inferred
Dorset,2021-03-30,0.73,0.45,0.23,0.08,0.02,0.00,0.00,inferred
Dorset,2021-03-31,0.73,0.45,0.23,0.08,0.02,0.00,0.00,inferred
Dorset,2021-04-01,0.73,0.45,0.23,0.08,0.02,0.00,0.00,inferred
Dorset,2021-04-02,0.73,0.45,0.23,0.08,0.02,0.00,0.00,inferred
Dorset,2021-04-03,0.73,0.45,0.23,0.08,0.02,0.00,0.00,inferred
Dorset,2021-04-04,0.73,0.45,0.23,0.08,0.02,0.00,0.00,inferred
Dorset,2021-04-05,0.73,0.45,0.23,0.08,0.02,0.00,0.00,inferred
Dorset,2021-04-06,0.56,0.35,0.17,0.06,0.02,0.00,0.00,inferred
Dorset,2021-04-07,0.56,0.35,0.17,0.06,0.02,0.00,0.00,inferred
Dorset,2021-04-08,0.56,0.35,0.17,0.06,0.02,0.00,0.00,inferred
Dorset,2021-04-09,0.56,0.35,0.17,0.06,0.02,0.00,0.00,inferred
Dorset,2021-04-10,0.56,0.35,0.17,0.06,0.02,0.00,0.00,inferred
Dorset,2021-04-11,0.56,0.35,0.17,0.06,0.02,0.00,0.00,inferred
Dorset,2021-04-12,0.56,0.35,0.17,0.06,0.02,0.00,0.00,inferred
Dorset,2021-04-13,0.59,0.36,0.20,0.08,0.03,0.00,0.00,inferred
Dorset,2021-04-14,0.59,0.36,0.20,0.08,0.03,0.00,0.00,inferred
Dorset,2021-04-15,0.59,0.36,0.20,0.08,0.03,0.00,0.00,inferred
Dorset,2021-04-16,0.59,0.36,0.20,0.08,0.03,0.00,0.00,inferred
Dorset,2021-04-17,0.59,0.36,0.20,0.08,0.03,0.00,0.00,inferred
Dorset,2021-04-18,0.59,0.36,0.20,0.08,0.03,0.00,0.00,inferred
Dorset,2021-04-19,0.59,0.36,0.20,0.08,0.03,0.00,0.00,inferred
Dorset,2021-04-20,0.50,0.28,0.12,0.04,0.02,0.00,0.00,inferred
Dorset,2021-04-21,0.50,0.28,0.12,0.04,0.02,0.00,0.00,inferred
Dorset,2021-04-22,0.50,0.28,0.12,0.04,0.02,0.00,0.00,inferred
Dorset,2021-04-23,0.50,0.28,0.12,0.04,0.02,0.00,0.00,inferred
Dorset,2021-04-24,0.50,0.28,0.12,0.04,0.02,0.00,0.00,inferred
Dorset,2021-04-25,0.50,0.28,0.12,0.04,0.02,0.00,0.00,inferred
Dorset,2021-04-26,0.50,0.28,0.12,0.04,0.02,0.00,0.00,inferred
Dorset,2021-04-27,0.45,0.26,0.13,0.06,0.02,0.00,0.00,inferred
Dorset,2021-04-28,0.45,0.26,0.13,0.06,0.02,0.00,0.00,inferred
Dorset,2021-04-29,0.45,0.26,0.13,0.06,0.02,0.00,0.00,inferred
Dorset,2021-04-30,0.45,0.26,0.13,0.06,0.02,0.00,0.00,inferred
Dorset,2021-05-01,0.45,0.26,0.13,0.06,0.02,0.00,0.00,inferred
Dorset,2021-05-02,0.45,0.26,0.13,0.06,0.02,0.00,0.00,inferred
Dorset,2021-05-03,0.45,0.26,0.13,0.06,0.02,0.00,0.00,inferred
Dorset,2021-05-04,0.33,0.17,0.09,0.04,0.01,0.00,0.00,inferred
Dorset,2021-05-05,0.33,0.17,0.09,0.04,0.01,0.00,0.00,inferred
Dorset,2021-05-06,0.33,0.17,0.09,0.04,0.01,0.00,0.00,inferred
Dorset,2021-05-07,0.33,0.17,0.09,0.04,0.01,0.00,0.00,inferred
Dorset,2021-05-08,0.33,0.17,0.09,0.04,0.01,0.00,0.00,inferred
Dorset,2021-05-09,0.33,0.17,0.09,0.04,0.01,0.00,0.00,inferred
Dorset,2021-05-10,0.33,0.17,0.09,0.04,0.01,0.00,0.00,inferred
Dorset,2021-05-11,0.64,0.44,0.27,0.15,0.08,0.01,0.00,inferred
Dorset,2021-05-12,0.64,0.44,0.27,0.15,0.08,0.01,0.00,inferred
Dorset,2021-05-13,0.64,0.44,0.27,0.15,0.08,0.01,0.00,inferred
Dorset,2021-05-14,0.64,0.44,0.27,0.15,0.08,0.01,0.00,inferred
Dorset,2021-05-15,0.64,0.44,0.27,0.15,0.08,0.01,0.00,inferred
Dorset,2021-05-16,0.64,0.44,0.27,0.15,0.08,0.01,0.00,inferred
Dorset,2021-05-17,0.64,0.44,0.27,0.15,0.08,0.01,0.00,inferred
Dorset,2021-05-18,0.94,0.87,0.78,0.64,0.50,0.15,0.01,inferred
Dorset,2021-05-19,0.94,0.87,0.78,0.64,0.50,0.15,0.01,inferred
Dorset,2021-05-20,0.94,0.87,0.78,0.64,0.50,0.15,0.01,inferred
Dorset,2021-05-21,0.94,0.87,0.78,0.64,0.50,0.15,0.01,inferred
Dorset,2021-05-22,0.94,0.87,0.78,0.64,0.50,0.15,0.01,inferred
Dorset,2021-05-23,0.94,0.87,0.78,0.64,0.50,0.15,0.01,inferred
Dorset,2021-05-24,0.94,0.87,0.78,0.64,0.50,0.15,0.01,inferred
Dorset,2021-05-25,1.00,1.00,1.00,1.00,1.00,0.95,0.62,inferred
Dorset,2021-05-26,1.00,1.00,1.00,1.00,1.00,0.95,0.62,inferred
Dorset,2021-05-27,1.00,1.00,1.00,1.00,1.00,0.95,0.62,inferred
Dorset,2021-05-28,1.00,1.00,1.00,1.00,1.00,0.95,0.62,inferred
Dorset,2021-05-29,1.00,1.00,1.00,1.00,1.00,0.95,0.62,inferred
Dorset,2021-05-30,1.00,1.00,1.00,1.00,1.00,0.95,0.62,inferred
Dorset,2021-05-31,1.00,1.00,1.00,1.00,1.00,0.95,0.62,inferred
Dorset,2021-06-01,1.00,1.00,1.00,1.00,1.00,0.98,0.81,inferred
Dorset,2021-06-02,1.00,1.00,1.00,1.00,1.00,0.98,0.81,inferred
Dorset,2021-06-03,1.00,1.00,1.00,1.00,1.00,0.98,0.81,inferred
Dorset,2021-06-04,1.00,1.00,1.00,1.00,1.00,0.98,0.81,inferred
Dorset,2021-06-05,1.00,1.00,1.00,1.00,1.00,0.98,0.81,inferred
Dorset,2021-06-06,1.00,1.00,1.00,1.00,1.00,0.98,0.81,inferred
Dorset,2021-06-07,1.00,1.00,1.00,1.00,1.00,0.98,0.81,inferred
Dorset,2021-06-08,1.00,1.00,1.00,1.00,0.99,0.88,0.37,inferred
Dorset,2021-06-09,1.00,1.00,1.00,1.00,0.99,0.88,0.37,inferred
Dorset,2021-06-10,1.00,1.00,1.00,1.00,0.99,0.88,0.37,inferred
Dorset,2021-06-11,1.00,1.00,1.00,1.00,0.99,0.88,0.37,inferred
Dorset,2021-06-12,1.00,1.00,1.00,1.00,0.99,0.88,0.37,inferred
Dorset,2021-06-13,1.00,1.00,1.00,1.00,0.99,0.88,0.37,inferred
Dorset,2021-06-14,1.00,1.00,1.00,1.00,0.99,0.88,0.37,inferred
Dorset,2021-06-15,1.00,1.00,1.00,0.97,0.90,0.36,0.01,inferred
Dorset,2021-06-16,1.00,1.00,1.00,0.97,0.90,0.36,0.01,inferred
Dorset,2021-06-17,1.00,1.00,1.00,0.97,0.90,0.36,0.01,inferred
Dorset,2021-06-18,1.00,1.00,1.00,0.97,0.90,0.36,0.01,inferred
Dorset,2021-06-19,1.00,1.00,1.00,0.97,0.90,0.36,0.01,inferred
Dorset,2021-06-20,1.00,1.00,1.00,0.97,0.90,0.36,0.01,inferred
Dorset,2021-06-21,1.00,1.00,1.00,0.97,0.90,0.36,0.01,inferred
Dorset,2021-06-22,1.00,1.00,1.00,0.99,0.95,0.42,0.00,inferred
Dorset,2021-06-23,1.00,1.00,1.00,0.99,0.95,0.42,0.00,inferred
Dorset,2021-06-24,1.00,1.00,1.00,0.99,0.95,0.42,0.00,inferred
Dorset,2021-06-25,1.00,1.00,1.00,0.99,0.95,0.42,0.00,inferred
Dorset,2021-06-26,1.00,1.00,1.00,0.99,0.95,0.42,0.00,inferred
Dorset,2021-06-27,1.00,1.00,1.00,0.99,0.95,0.42,0.00,inferred
Dorset,2021-06-28,1.00,1.00,1.00,0.99,0.95,0.42,0.00,inferred
Dorset,2021-06-29,0.99,0.98,0.93,0.87,0.76,0.36,0.03,inferred
Dorset,2021-06-30,0.99,0.98,0.93,0.87,0.76,0.36,0.03,inferred
Dorset,2021-07-01,0.99,0.98,0.93,0.87,0.76,0.36,0.03,inferred
Dorset,2021-07-02,0.99,0.98,0.93,0.87,0.76,0.36,0.03,inferred
Dorset,2021-07-03,0.99,0.98,0.93,0.87,0.76,0.36,0.03,inferred
Dorset,2021-07-04,0.99,0.98,0.93,0.87,0.76,0.36,0.03,inferred
Dorset,2021-07-05,0.99,0.98,0.93,0.87,0.76,0.36,0.03,inferred
Dorset,2021-07-06,0.94,0.88,0.80,0.71,0.63,0.37,0.13,projected
Dorset,2021-07-07,0.94,0.88,0.80,0.71,0.63,0.37,0.13,projected
Dorset,2021-07-08,0.94,0.88,0.80,0.71,0.63,0.37,0.13,projected
Dorset,2021-07-09,0.94,0.88,0.80,0.71,0.63,0.37,0.13,projected
Dorset,2021-07-10,0.94,0.88,0.80,0.71,0.63,0.37,0.13,projected
Dorset,2021-07-11,0.94,0.88,0.80,0.71,0.63,0.37,0.13,projected
Dorset,2021-07-12,0.94,0.88,0.80,0.71,0.63,0.37,0.13,projected
Dorset,2021-07-13,0.89,0.83,0.76,0.67,0.59,0.38,0.14,projected
Dorset,2021-07-14,0.89,0.83,0.76,0.67,0.59,0.38,0.14,projected
Dorset,2021-07-15,0.89,0.83,0.76,0.67,0.59,0.38,0.14,projected
Dorset,2021-07-16,0.89,0.83,0.76,0.67,0.59,0.38,0.14,projected
Dorset,2021-07-17,0.89,0.83,0.76,0.67,0.59,0.38,0.14,projected
Dorset,2021-07-18,0.89,0.83,0.76,0.67,0.59,0.38,0.14,projected
Dorset,2021-07-19,0.89,0.83,0.76,0.67,0.59,0.38,0.14,projected
Dorset,2021-07-20,0.89,0.83,0.76,0.68,0.60,0.39,0.17,projected
Dorset,2021-07-21,0.89,0.83,0.76,0.68,0.60,0.39,0.17,projected
Dorset,2021-07-22,0.89,0.83,0.76,0.68,0.60,0.39,0.17,projected
Dorset,2021-07-23,0.89,0.83,0.76,0.68,0.60,0.39,0.17,projected
Dorset,2021-07-24,0.89,0.83,0.76,0.68,0.60,0.39,0.17,projected
Dorset,2021-07-25,0.89,0.83,0.76,0.68,0.60,0.39,0.17,projected
Dorset,2021-07-26,0.89,0.83,0.76,0.68,0.60,0.39,0.17,projected
Dover,2021-03-23,0.00,0.00,0.00,0.00,0.00,0.00,0.00,inferred
Dover,2021-03-24,0.00,0.00,0.00,0.00,0.00,0.00,0.00,inferred
Dover,2021-03-25,0.00,0.00,0.00,0.00,0.00,0.00,0.00,inferred
Dover,2021-03-26,0.00,0.00,0.00,0.00,0.00,0.00,0.00,inferred
Dover,2021-03-27,0.00,0.00,0.00,0.00,0.00,0.00,0.00,inferred
Dover,2021-03-28,0.00,0.00,0.00,0.00,0.00,0.00,0.00,inferred
Dover,2021-03-29,0.00,0.00,0.00,0.00,0.00,0.00,0.00,inferred
Dover,2021-03-30,0.07,0.02,0.00,0.00,0.00,0.00,0.00,inferred
Dover,2021-03-31,0.07,0.02,0.00,0.00,0.00,0.00,0.00,inferred
Dover,2021-04-01,0.07,0.02,0.00,0.00,0.00,0.00,0.00,inferred
Dover,2021-04-02,0.07,0.02,0.00,0.00,0.00,0.00,0.00,inferred
Dover,2021-04-03,0.07,0.02,0.00,0.00,0.00,0.00,0.00,inferred
Dover,2021-04-04,0.07,0.02,0.00,0.00,0.00,0.00,0.00,inferred
Dover,2021-04-05,0.07,0.02,0.00,0.00,0.00,0.00,0.00,inferred
Dover,2021-04-06,0.69,0.52,0.36,0.24,0.14,0.02,0.00,inferred
Dover,2021-04-07,0.69,0.52,0.36,0.24,0.14,0.02,0.00,inferred
Dover,2021-04-08,0.69,0.52,0.36,0.24,0.14,0.02,0.00,inferred
Dover,2021-04-09,0.69,0.52,0.36,0.24,0.14,0.02,0.00,inferred
Dover,2021-04-10,0.69,0.52,0.36,0.24,0.14,0.02,0.00,inferred
Dover,2021-04-11,0.69,0.52,0.36,0.24,0.14,0.02,0.00,inferred
Dover,2021-04-12,0.69,0.52,0.36,0.24,0.14,0.02,0.00,inferred
Dover,2021-04-13,0.99,0.98,0.96,0.92,0.86,0.54,0.10,inferred
Dover,2021-04-14,0.99,0.98,0.96,0.92,0.86,0.54,0.10,inferred
Dover,2021-04-15,0.99,0.98,0.96,0.92,0.86,0.54,0.10,inferred
Dover,2021-04-16,0.99,0.98,0.96,0.92,0.86,0.54,0.10,inferred
Dover,2021-04-17,0.99,0.98,0.96,0.92,0.86,0.54,0.10,inferred
Dover,2021-04-18,0.99,0.98,0.96,0.92,0.86,0.54,0.10,inferred
Dover,2021-04-19,0.99,0.98,0.96,0.92,0.86,0.54,0.10,inferred
Dover,2021-04-20,0.96,0.91,0.82,0.70,0.57,0.18,0.01,inferred
Dover,2021-04-21,0.96,0.91,0.82,0.70,0.57,0.18,0.01,inferred
Dover,2021-04-22,0.96,0.91,0.82,0.70,0.57,0.18,0.01,inferred
Dover,2021-04-23,0.96,0.91,0.82,0.70,0.57,0.18,0.01,inferred
Dover,2021-04-24,0.96,0.91,0.82,0.70,0.57,0.18,0.01,inferred
Dover,2021-04-25,0.96,0.91,0.82,0.70,0.57,0.18,0.01,inferred
Dover,2021-04-26,0.96,0.91,0.82,0.70,0.57,0.18,0.01,inferred
Dover,2021-04-27,0.51,0.34,0.20,0.09,0.05,0.00,0.00,inferred
Dover,2021-04-28,0.51,0.34,0.20,0.09,0.05,0.00,0.00,inferred
Dover,2021-04-29,0.51,0.34,0.20,0.09,0.05,0.00,0.00,inferred
Dover,2021-04-30,0.51,0.34,0.20,0.09,0.05,0.00,0.00,inferred
Dover,2021-05-01,0.51,0.34,0.20,0.09,0.05,0.00,0.00,inferred
Dover,2021-05-02,0.51,0.34,0.20,0.09,0.05,0.00,0.00,inferred
Dover,2021-05-03,0.51,0.34,0.20,0.09,0.05,0.00,0.00,inferred
Dover,2021-05-04,0.29,0.16,0.07,0.03,0.01,0.00,0.00,inferred
Dover,2021-05-05,0.29,0.16,0.07,0.03,0.01,0.00,0.00,inferred
Dover,2021-05-06,0.29,0.16,0.07,0.03,0.01,0.00,0.00,inferred
Dover,2021-05-07,0.29,0.16,0.07,0.03,0.01,0.00,0.00,inferred
Dover,2021-05-08,0.29,0.16,0.07,0.03,0.01,0.00,0.00,inferred
Dover,2021-05-09,0.29,0.16,0.07,0.03,0.01,0.00,0.00,inferred
Dover,2021-05-10,0.29,0.16,0.07,0.03,0.01,0.00,0.00,inferred
Dover,2021-05-11,0.89,0.79,0.66,0.54,0.42,0.13,0.01,inferred
Dover,2021-05-12,0.89,0.79,0.66,0.54,0.42,0.13,0.01,inferred
Dover,2021-05-13,0.89,0.79,0.66,0.54,0.42,0.13,0.01,inferred
Dover,2021-05-14,0.89,0.79,0.66,0.54,0.42,0.13,0.01,inferred
Dover,2021-05-15,0.89,0.79,0.66,0.54,0.42,0.13,0.01,inferred
Dover,2021-05-16,0.89,0.79,0.66,0.54,0.42,0.13,0.01,inferred
Dover,2021-05-17,0.89,0.79,0.66,0.54,0.42,0.13,0.01,inferred
Dover,2021-05-18,0.97,0.93,0.85,0.73,0.60,0.22,0.02,inferred
Dover,2021-05-19,0.97,0.93,0.85,0.73,0.60,0.22,0.02,inferred
Dover,2021-05-20,0.97,0.93,0.85,0.73,0.60,0.22,0.02,inferred
Dover,2021-05-21,0.97,0.93,0.85,0.73,0.60,0.22,0.02,inferred
Dover,2021-05-22,0.97,0.93,0.85,0.73,0.60,0.22,0.02,inferred
Dover,2021-05-23,0.97,0.93,0.85,0.73,0.60,0.22,0.02,inferred
Dover,2021-05-24,0.97,0.93,0.85,0.73,0.60,0.22,0.02,inferred
Dover,2021-05-25,0.99,0.97,0.93,0.86,0.76,0.37,0.03,inferred
Dover,2021-05-26,0.99,0.97,0.93,0.86,0.76,0.37,0.03,inferred
Dover,2021-05-27,0.99,0.97,0.93,0.86,0.76,0.37,0.03,inferred
Dover,2021-05-28,0.99,0.97,0.93,0.86,0.76,0.37,0.03,inferred
Dover,2021-05-29,0.99,0.97,0.93,0.86,0.76,0.37,0.03,inferred
Dover,2021-05-30,0.99,0.97,0.93,0.86,0.76,0.37,0.03,inferred
Dover,2021-05-31,0.99,0.97,0.93,0.86,0.76,0.37,0.03,inferred
Dover,2021-06-01,0.99,0.96,0.92,0.83,0.71,0.30,0.02,inferred
Dover,2021-06-02,0.99,0.96,0.92,0.83,0.71,0.30,0.02,inferred
Dover,2021-06-03,0.99,0.96,0.92,0.83,0.71,0.30,0.02,inferred
Dover,2021-06-04,0.99,0.96,0.92,0.83,0.71,0.30,0.02,inferred
Dover,2021-06-05,0.99,0.96,0.92,0.83,0.71,0.30,0.02,inferred
Dover,2021-06-06,0.99,0.96,0.92,0.83,0.71,0.30,0.02,inferred
Dover,2021-06-07,0.99,0.96,0.92,0.83,0.71,0.30,0.02,inferred
Dover,2021-06-08,1.00,0.99,0.97,0.91,0.83,0.41,0.03,inferred
Dover,2021-06-09,1.00,0.99,0.97,0.91,0.83,0.41,0.03,inferred
Dover,2021-06-10,1.00,0.99,0.97,0.91,0.83,0.41,0.03,inferred
Dover,2021-06-11,1.00,0.99,0.97,0.91,0.83,0.41,0.03,inferred
Dover,2021-06-12,1.00,0.99,0.97,0.91,0.83,0.41,0.03,inferred
Dover,2021-06-13,1.00,0.99,0.97,0.91,0.83,0.41,0.03,inferred
Dover,2021-06-14,1.00,0.99,0.97,0.91,0.83,0.41,0.03,inferred
Dover,2021-06-15,1.00,1.00,1.00,1.00,1.00,0.98,0.63,inferred
Dover,2021-06-16,1.00,1.00,1.00,1.00,1.00,0.98,0.63,inferred
Dover,2021-06-17,1.00,1.00,1.00,1.00,1.00,0.98,0.63,inferred
Dover,2021-06-18,1.00,1.00,1.00,1.00,1.00,0.98,0.63,inferred
Dover,2021-06-19,1.00,1.00,1.00,1.00,1.00,0.98,0.63,inferred
Dover,2021-06-20,1.00,1.00,1.00,1.00,1.00,0.98,0.63,inferred
Dover,2021-06-21,1.00,1.00,1.00,1.00,1.00,0.98,0.63,inferred
Dover,2021-06-22,1.00,1.00,1.00,0.99,0.97,0.73,0.15,inferred
Dover,2021-06-23,1.00,1.00,1.00,0.99,0.97,0.73,0.15,inferred
Dover,2021-06-24,1.00,1.00,1.00,0.99,0.97,0.73,0.15,inferred
Dover,2021-06-25,1.00,1.00,1.00,0.99,0.97,0.73,0.15,inferred
Dover,2021-06-26,1.00,1.00,1.00,0.99,0.97,0.73,0.15,inferred
Dover,2021-06-27,1.00,1.00,1.00,0.99,0.97,0.73,0.15,inferred
Dover,2021-06-28,1.00,1.00,1.00,0.99,0.97,0.73,0.15,inferred
Dover,2021-06-29,1.00,0.99,0.96,0.91,0.82,0.46,0.07,inferred
Dover,2021-06-30,1.00,0.99,0.96,0.91,0.82,0.46,0.07,inferred
Dover,2021-07-01,1.00,0.99,0.96,0.91,0.82,0.46,0.07,inferred
Dover,2021-07-02,1.00,0.99,0.96,0.91,0.82,0.46,0.07,inferred
Dover,2021-07-03,1.00,0.99,0.96,0.91,0.82,0.46,0.07,inferred
Dover,2021-07-04,1.00,0.99,0.96,0.91,0.82,0.46,0.07,inferred
Dover,2021-07-05,1.00,0.99,0.96,0.91,0.82,0.46,0.07,inferred
Dover,2021-07-06,0.97,0.94,0.89,0.81,0.73,0.45,0.11,projected
Dover,2021-07-07,0.97,0.94,0.89,0.81,0.73,0.45,0.11,projected
Dover,2021-07-08,0.97,0.94,0.89,0.81,0.73,0.45,0.11,projected
Dover,2021-07-09,0.97,0.94,0.89,0.81,0.73,0.45,0.11,projected
Dover,2021-07-10,0.97,0.94,0.89,0.81,0.73,0.45,0.11,projected
Dover,2021-07-11,0.97,0.94,0.89,0.81,0.73,0.45,0.11,projected
Dover,2021-07-12,0.97,0.94,0.89,0.81,0.73,0.45,0.11,projected
Dover,2021-07-13,0.97,0.94,0.88,0.82,0.73,0.46,0.15,projected
Dover,2021-07-14,0.97,0.94,0.88,0.82,0.73,0.46,0.15,projected
Dover,2021-07-15,0.97,0.94,0.88,0.82,0.73,0.46,0.15,projected
Dover,2021-07-16,0.97,0.94,0.88,0.82,0.73,0.46,0.15,projected
Dover,2021-07-17,0.97,0.94,0.88,0.82,0.73,0.46,0.15,projected
Dover,2021-07-18,0.97,0.94,0.88,0.82,0.73,0.46,0.15,projected
Dover,2021-07-19,0.97,0.94,0.88,0.82,0.73,0.46,0.15,projected
Dover,2021-07-20,0.97,0.94,0.89,0.82,0.74,0.48,0.19,projected
Dover,2021-07-21,0.97,0.94,0.89,0.82,0.74,0.48,0.19,projected
Dover,2021-07-22,0.97,0.94,0.89,0.82,0.74,0.48,0.19,projected
Dover,2021-07-23,0.97,0.94,0.89,0.82,0.74,0.48,0.19,projected
Dover,2021-07-24,0.97,0.94,0.89,0.82,0.74,0.48,0.19,projected
Dover,2021-07-25,0.97,0.94,0.89,0.82,0.74,0.48,0.19,projected
Dover,2021-07-26,0.97,0.94,0.89,0.82,0.74,0.48,0.19,projected
Dudley,2021-03-23,0.00,0.00,0.00,0.00,0.00,0.00,0.00,inferred
Dudley,2021-03-24,0.00,0.00,0.00,0.00,0.00,0.00,0.00,inferred
Dudley,2021-03-25,0.00,0.00,0.00,0.00,0.00,0.00,0.00,inferred
Dudley,2021-03-26,0.00,0.00,0.00,0.00,0.00,0.00,0.00,inferred
Dudley,2021-03-27,0.00,0.00,0.00,0.00,0.00,0.00,0.00,inferred
Dudley,2021-03-28,0.00,0.00,0.00,0.00,0.00,0.00,0.00,inferred
Dudley,2021-03-29,0.00,0.00,0.00,0.00,0.00,0.00,0.00,inferred
Dudley,2021-03-30,0.04,0.00,0.00,0.00,0.00,0.00,0.00,inferred
Dudley,2021-03-31,0.04,0.00,0.00,0.00,0.00,0.00,0.00,inferred
Dudley,2021-04-01,0.04,0.00,0.00,0.00,0.00,0.00,0.00,inferred
Dudley,2021-04-02,0.04,0.00,0.00,0.00,0.00,0.00,0.00,inferred
Dudley,2021-04-03,0.04,0.00,0.00,0.00,0.00,0.00,0.00,inferred
Dudley,2021-04-04,0.04,0.00,0.00,0.00,0.00,0.00,0.00,inferred
Dudley,2021-04-05,0.04,0.00,0.00,0.00,0.00,0.00,0.00,inferred
Dudley,2021-04-06,0.43,0.18,0.05,0.00,0.00,0.00,0.00,inferred
Dudley,2021-04-07,0.43,0.18,0.05,0.00,0.00,0.00,0.00,inferred
Dudley,2021-04-08,0.43,0.18,0.05,0.00,0.00,0.00,0.00,inferred
Dudley,2021-04-09,0.43,0.18,0.05,0.00,0.00,0.00,0.00,inferred
Dudley,2021-04-10,0.43,0.18,0.05,0.00,0.00,0.00,0.00,inferred
Dudley,2021-04-11,0.43,0.18,0.05,0.00,0.00,0.00,0.00,inferred
Dudley,2021-04-12,0.43,0.18,0.05,0.00,0.00,0.00,0.00,inferred
Dudley,2021-04-13,0.49,0.20,0.05,0.01,0.00,0.00,0.00,inferred
Dudley,2021-04-14,0.49,0.20,0.05,0.01,0.00,0.00,0.00,inferred
Dudley,2021-04-15,0.49,0.20,0.05,0.01,0.00,0.00,0.00,inferred
Dudley,2021-04-16,0.49,0.20,0.05,0.01,0.00,0.00,0.00,inferred
Dudley,2021-04-17,0.49,0.20,0.05,0.01,0.00,0.00,0.00,inferred
Dudley,2021-04-18,0.49,0.20,0.05,0.01,0.00,0.00,0.00,inferred
Dudley,2021-04-19,0.49,0.20,0.05,0.01,0.00,0.00,0.00,inferred
Dudley,2021-04-20,0.65,0.36,0.15,0.04,0.01,0.00,0.00,inferred
Dudley,2021-04-21,0.65,0.36,0.15,0.04,0.01,0.00,0.00,inferred
Dudley,2021-04-22,0.65,0.36,0.15,0.04,0.01,0.00,0.00,inferred
Dudley,2021-04-23,0.65,0.36,0.15,0.04,0.01,0.00,0.00,inferred
Dudley,2021-04-24,0.65,0.36,0.15,0.04,0.01,0.00,0.00,inferred
Dudley,2021-04-25,0.65,0.36,0.15,0.04,0.01,0.00,0.00,inferred
Dudley,2021-04-26,0.65,0.36,0.15,0.04,0.01,0.00,0.00,inferred
Dudley,2021-04-27,0.98,0.94,0.80,0.57,0.32,0.03,0.00,inferred
Dudley,2021-04-28,0.98,0.94,0.80,0.57,0.32,0.03,0.00,inferred
Dudley,2021-04-29,0.98,0.94,0.80,0.57,0.32,0.03,0.00,inferred
Dudley,2021-04-30,0.98,0.94,0.80,0.57,0.32,0.03,0.00,inferred
Dudley,2021-05-01,0.98,0.94,0.80,0.57,0.32,0.03,0.00,inferred
Dudley,2021-05-02,0.98,0.94,0.80,0.57,0.32,0.03,0.00,inferred
Dudley,2021-05-03,0.98,0.94,0.80,0.57,0.32,0.03,0.00,inferred
Dudley,2021-05-04,0.96,0.83,0.60,0.35,0.16,0.00,0.00,inferred
Dudley,2021-05-05,0.96,0.83,0.60,0.35,0.16,0.00,0.00,inferred
Dudley,2021-05-06,0.96,0.83,0.60,0.35,0.16,0.00,0.00,inferred
Dudley,2021-05-07,0.96,0.83,0.60,0.35,0.16,0.00,0.00,inferred
Dudley,2021-05-08,0.96,0.83,0.60,0.35,0.16,0.00,0.00,inferred
Dudley,2021-05-09,0.96,0.83,0.60,0.35,0.16,0.00,0.00,inferred
Dudley,2021-05-10,0.96,0.83,0.60,0.35,0.16,0.00,0.00,inferred
Dudley,2021-05-11,0.94,0.78,0.51,0.25,0.09,0.00,0.00,inferred
Dudley,2021-05-12,0.94,0.78,0.51,0.25,0.09,0.00,0.00,inferred
Dudley,2021-05-13,0.94,0.78,0.51,0.25,0.09,0.00,0.00,inferred
Dudley,2021-05-14,0.94,0.78,0.51,0.25,0.09,0.00,0.00,inferred
Dudley,2021-05-15,0.94,0.78,0.51,0.25,0.09,0.00,0.00,inferred
Dudley,2021-05-16,0.94,0.78,0.51,0.25,0.09,0.00,0.00,inferred
Dudley,2021-05-17,0.94,0.78,0.51,0.25,0.09,0.00,0.00,inferred
Dudley,2021-05-18,1.00,0.98,0.90,0.73,0.46,0.03,0.00,inferred
Dudley,2021-05-19,1.00,0.98,0.90,0.73,0.46,0.03,0.00,inferred
Dudley,2021-05-20,1.00,0.98,0.90,0.73,0.46,0.03,0.00,inferred
Dudley,2021-05-21,1.00,0.98,0.90,0.73,0.46,0.03,0.00,inferred
Dudley,2021-05-22,1.00,0.98,0.90,0.73,0.46,0.03,0.00,inferred
Dudley,2021-05-23,1.00,0.98,0.90,0.73,0.46,0.03,0.00,inferred
Dudley,2021-05-24,1.00,0.98,0.90,0.73,0.46,0.03,0.00,inferred
Dudley,2021-05-25,1.00,1.00,0.99,0.97,0.88,0.28,0.00,inferred
Dudley,2021-05-26,1.00,1.00,0.99,0.97,0.88,0.28,0.00,inferred
Dudley,2021-05-27,1.00,1.00,0.99,0.97,0.88,0.28,0.00,inferred
Dudley,2021-05-28,1.00,1.00,0.99,0.97,0.88,0.28,0.00,inferred
Dudley,2021-05-29,1.00,1.00,0.99,0.97,0.88,0.28,0.00,inferred
Dudley,2021-05-30,1.00,1.00,0.99,0.97,0.88,0.28,0.00,inferred
Dudley,2021-05-31,1.00,1.00,0.99,0.97,0.88,0.28,0.00,inferred
Dudley,2021-06-01,1.00,1.00,0.99,0.93,0.79,0.17,0.00,inferred
Dudley,2021-06-02,1.00,1.00,0.99,0.93,0.79,0.17,0.00,inferred
Dudley,2021-06-03,1.00,1.00,0.99,0.93,0.79,0.17,0.00,inferred
Dudley,2021-06-04,1.00,1.00,0.99,0.93,0.79,0.17,0.00,inferred
Dudley,2021-06-05,1.00,1.00,0.99,0.93,0.79,0.17,0.00,inferred
Dudley,2021-06-06,1.00,1.00,0.99,0.93,0.79,0.17,0.00,inferred
Dudley,2021-06-07,1.00,1.00,0.99,0.93,0.79,0.17,0.00,inferred
Dudley,2021-06-08,1.00,1.00,1.00,0.95,0.79,0.12,0.00,inferred
Dudley,2021-06-09,1.00,1.00,1.00,0.95,0.79,0.12,0.00,inferred
Dudley,2021-06-10,1.00,1.00,1.00,0.95,0.79,0.12,0.00,inferred
Dudley,2021-06-11,1.00,1.00,1.00,0.95,0.79,0.12,0.00,inferred
Dudley,2021-06-12,1.00,1.00,1.00,0.95,0.79,0.12,0.00,inferred
Dudley,2021-06-13,1.00,1.00,1.00,0.95,0.79,0.12,0.00,inferred
Dudley,2021-06-14,1.00,1.00,1.00,0.95,0.79,0.12,0.00,inferred
Dudley,2021-06-15,1.00,1.00,1.00,1.00,1.00,1.00,0.76,inferred
Dudley,2021-06-16,1.00,1.00,1.00,1.00,1.00,1.00,0.76,inferred
Dudley,2021-06-17,1.00,1.00,1.00,1.00,1.00,1.00,0.76,inferred
Dudley,2021-06-18,1.00,1.00,1.00,1.00,1.00,1.00,0.76,inferred
Dudley,2021-06-19,1.00,1.00,1.00,1.00,1.00,1.00,0.76,inferred
Dudley,2021-06-20,1.00,1.00,1.00,1.00,1.00,1.00,0.76,inferred
Dudley,2021-06-21,1.00,1.00,1.00,1.00,1.00,1.00,0.76,inferred
Dudley,2021-06-22,1.00,1.00,1.00,1.00,1.00,0.88,0.23,inferred
Dudley,2021-06-23,1.00,1.00,1.00,1.00,1.00,0.88,0.23,inferred
Dudley,2021-06-24,1.00,1.00,1.00,1.00,1.00,0.88,0.23,inferred
Dudley,2021-06-25,1.00,1.00,1.00,1.00,1.00,0.88,0.23,inferred
Dudley,2021-06-26,1.00,1.00,1.00,1.00,1.00,0.88,0.23,inferred
Dudley,2021-06-27,1.00,1.00,1.00,1.00,1.00,0.88,0.23,inferred
Dudley,2021-06-28,1.00,1.00,1.00,1.00,1.00,0.88,0.23,inferred
Dudley,2021-06-29,1.00,1.00,0.98,0.93,0.82,0.33,0.01,inferred
Dudley,2021-06-30,1.00,1.00,0.98,0.93,0.82,0.33,0.01,inferred
Dudley,2021-07-01,1.00,1.00,0.98,0.93,0.82,0.33,0.01,inferred
Dudley,2021-07-02,1.00,1.00,0.98,0.93,0.82,0.33,0.01,inferred
Dudley,2021-07-03,1.00,1.00,0.98,0.93,0.82,0.33,0.01,inferred
Dudley,2021-07-04,1.00,1.00,0.98,0.93,0.82,0.33,0.01,inferred
Dudley,2021-07-05,1.00,1.00,0.98,0.93,0.82,0.33,0.01,inferred
Dudley,2021-07-06,0.98,0.95,0.88,0.80,0.67,0.36,0.10,projected
Dudley,2021-07-07,0.98,0.95,0.88,0.80,0.67,0.36,0.10,projected
Dudley,2021-07-08,0.98,0.95,0.88,0.80,0.67,0.36,0.10,projected
Dudley,2021-07-09,0.98,0.95,0.88,0.80,0.67,0.36,0.10,projected
Dudley,2021-07-10,0.98,0.95,0.88,0.80,0.67,0.36,0.10,projected
Dudley,2021-07-11,0.98,0.95,0.88,0.80,0.67,0.36,0.10,projected
Dudley,2021-07-12,0.98,0.95,0.88,0.80,0.67,0.36,0.10,projected
Dudley,2021-07-13,0.96,0.90,0.82,0.75,0.65,0.39,0.13,projected
Dudley,2021-07-14,0.96,0.90,0.82,0.75,0.65,0.39,0.13,projected
Dudley,2021-07-15,0.96,0.90,0.82,0.75,0.65,0.39,0.13,projected
Dudley,2021-07-16,0.96,0.90,0.82,0.75,0.65,0.39,0.13,projected
Dudley,2021-07-17,0.96,0.90,0.82,0.75,0.65,0.39,0.13,projected
Dudley,2021-07-18,0.96,0.90,0.82,0.75,0.65,0.39,0.13,projected
Dudley,2021-07-19,0.96,0.90,0.82,0.75,0.65,0.39,0.13,projected
Dudley,2021-07-20,0.93,0.88,0.81,0.73,0.64,0.39,0.16,projected
Dudley,2021-07-21,0.93,0.88,0.81,0.73,0.64,0.39,0.16,projected
Dudley,2021-07-22,0.93,0.88,0.81,0.73,0.64,0.39,0.16,projected
Dudley,2021-07-23,0.93,0.88,0.81,0.73,0.64,0.39,0.16,projected
Dudley,2021-07-24,0.93,0.88,0.81,0.73,0.64,0.39,0.16,projected
Dudley,2021-07-25,0.93,0.88,0.81,0.73,0.64,0.39,0.16,projected
Dudley,2021-07-26,0.93,0.88,0.81,0.73,0.64,0.39,0.16,projected
Dumfries and Galloway,2021-03-23,0.01,0.01,0.00,0.00,0.00,0.00,0.00,inferred
Dumfries and Galloway,2021-03-24,0.01,0.01,0.00,0.00,0.00,0.00,0.00,inferred
Dumfries and Galloway,2021-03-25,0.01,0.01,0.00,0.00,0.00,0.00,0.00,inferred
Dumfries and Galloway,2021-03-26,0.01,0.01,0.00,0.00,0.00,0.00,0.00,inferred
Dumfries and Galloway,2021-03-27,0.01,0.01,0.00,0.00,0.00,0.00,0.00,inferred
Dumfries and Galloway,2021-03-28,0.01,0.01,0.00,0.00,0.00,0.00,0.00,inferred
Dumfries and Galloway,2021-03-29,0.01,0.01,0.00,0.00,0.00,0.00,0.00,inferred
Dumfries and Galloway,2021-03-30,0.40,0.26,0.15,0.08,0.04,0.00,0.00,inferred
Dumfries and Galloway,2021-03-31,0.40,0.26,0.15,0.08,0.04,0.00,0.00,inferred
Dumfries and Galloway,2021-04-01,0.40,0.26,0.15,0.08,0.04,0.00,0.00,inferred
Dumfries and Galloway,2021-04-02,0.40,0.26,0.15,0.08,0.04,0.00,0.00,inferred
Dumfries and Galloway,2021-04-03,0.40,0.26,0.15,0.08,0.04,0.00,0.00,inferred
Dumfries and Galloway,2021-04-04,0.40,0.26,0.15,0.08,0.04,0.00,0.00,inferred
Dumfries and Galloway,2021-04-05,0.40,0.26,0.15,0.08,0.04,0.00,0.00,inferred
Dumfries and Galloway,2021-04-06,0.93,0.87,0.78,0.66,0.56,0.28,0.05,inferred
Dumfries and Galloway,2021-04-07,0.93,0.87,0.78,0.66,0.56,0.28,0.05,inferred
Dumfries and Galloway,2021-04-08,0.93,0.87,0.78,0.66,0.56,0.28,0.05,inferred
Dumfries and Galloway,2021-04-09,0.93,0.87,0.78,0.66,0.56,0.28,0.05,inferred
Dumfries and Galloway,2021-04-10,0.93,0.87,0.78,0.66,0.56,0.28,0.05,inferred
Dumfries and Galloway,2021-04-11,0.93,0.87,0.78,0.66,0.56,0.28,0.05,inferred
Dumfries and Galloway,2021-04-12,0.93,0.87,0.78,0.66,0.56,0.28,0.05,inferred
Dumfries and Galloway,2021-04-13,0.99,0.98,0.97,0.93,0.88,0.65,0.27,inferred
Dumfries and Galloway,2021-04-14,0.99,0.98,0.97,0.93,0.88,0.65,0.27,inferred
Dumfries and Galloway,2021-04-15,0.99,0.98,0.97,0.93,0.88,0.65,0.27,inferred
Dumfries and Galloway,2021-04-16,0.99,0.98,0.97,0.93,0.88,0.65,0.27,inferred
Dumfries and Galloway,2021-04-17,0.99,0.98,0.97,0.93,0.88,0.65,0.27,inferred
Dumfries and Galloway,2021-04-18,0.99,0.98,0.97,0.93,0.88,0.65,0.27,inferred
Dumfries and Galloway,2021-04-19,0.99,0.98,0.97,0.93,0.88,0.65,0.27,inferred
Dumfries and Galloway,2021-04-20,0.90,0.79,0.68,0.55,0.43,0.17,0.03,inferred
Dumfries and Galloway,2021-04-21,0.90,0.79,0.68,0.55,0.43,0.17,0.03,inferred
Dumfries and Galloway,2021-04-22,0.90,0.79,0.68,0.55,0.43,0.17,0.03,inferred
Dumfries and Galloway,2021-04-23,0.90,0.79,0.68,0.55,0.43,0.17,0.03,inferred
Dumfries and Galloway,2021-04-24,0.90,0.79,0.68,0.55,0.43,0.17,0.03,inferred
Dumfries and Galloway,2021-04-25,0.90,0.79,0.68,0.55,0.43,0.17,0.03,inferred
Dumfries and Galloway,2021-04-26,0.90,0.79,0.68,0.55,0.43,0.17,0.03,inferred
Dumfries and Galloway,2021-04-27,0.26,0.13,0.07,0.04,0.02,0.00,0.00,inferred
Dumfries and Galloway,2021-04-28,0.26,0.13,0.07,0.04,0.02,0.00,0.00,inferred
Dumfries and Galloway,2021-04-29,0.26,0.13,0.07,0.04,0.02,0.00,0.00,inferred
Dumfries and Galloway,2021-04-30,0.26,0.13,0.07,0.04,0.02,0.00,0.00,inferred
Dumfries and Galloway,2021-05-01,0.26,0.13,0.07,0.04,0.02,0.00,0.00,inferred
Dumfries and Galloway,2021-05-02,0.26,0.13,0.07,0.04,0.02,0.00,0.00,inferred
Dumfries and Galloway,2021-05-03,0.26,0.13,0.07,0.04,0.02,0.00,0.00,inferred
Dumfries and Galloway,2021-05-04,0.19,0.10,0.05,0.03,0.01,0.00,0.00,inferred
Dumfries and Galloway,2021-05-05,0.19,0.10,0.05,0.03,0.01,0.00,0.00,inferred
Dumfries and Galloway,2021-05-06,0.19,0.10,0.05,0.03,0.01,0.00,0.00,inferred
Dumfries and Galloway,2021-05-07,0.19,0.10,0.05,0.03,0.01,0.00,0.00,inferred
Dumfries and Galloway,2021-05-08,0.19,0.10,0.05,0.03,0.01,0.00,0.00,inferred
Dumfries and Galloway,2021-05-09,0.19,0.10,0.05,0.03,0.01,0.00,0.00,inferred
Dumfries and Galloway,2021-05-10,0.19,0.10,0.05,0.03,0.01,0.00,0.00,inferred
Dumfries and Galloway,2021-05-11,0.55,0.42,0.29,0.19,0.12,0.02,0.00,inferred
Dumfries and Galloway,2021-05-12,0.55,0.42,0.29,0.19,0.12,0.02,0.00,inferred
Dumfries and Galloway,2021-05-13,0.55,0.42,0.29,0.19,0.12,0.02,0.00,inferred
Dumfries and Galloway,2021-05-14,0.55,0.42,0.29,0.19,0.12,0.02,0.00,inferred
Dumfries and Galloway,2021-05-15,0.55,0.42,0.29,0.19,0.12,0.02,0.00,inferred
Dumfries and Galloway,2021-05-16,0.55,0.42,0.29,0.19,0.12,0.02,0.00,inferred
Dumfries and Galloway,2021-05-17,0.55,0.42,0.29,0.19,0.12,0.02,0.00,inferred
Dumfries and Galloway,2021-05-18,0.96,0.93,0.87,0.80,0.71,0.41,0.09,inferred
Dumfries and Galloway,2021-05-19,0.96,0.93,0.87,0.80,0.71,0.41,0.09,inferred
Dumfries and Galloway,2021-05-20,0.96,0.93,0.87,0.80,0.71,0.41,0.09,inferred
Dumfries and Galloway,2021-05-21,0.96,0.93,0.87,0.80,0.71,0.41,0.09,inferred
Dumfries and Galloway,2021-05-22,0.96,0.93,0.87,0.80,0.71,0.41,0.09,inferred
Dumfries and Galloway,2021-05-23,0.96,0.93,0.87,0.80,0.71,0.41,0.09,inferred
Dumfries and Galloway,2021-05-24,0.96,0.93,0.87,0.80,0.71,0.41,0.09,inferred
Dumfries and Galloway,2021-05-25,1.00,1.00,0.99,0.98,0.96,0.84,0.49,inferred
Dumfries and Galloway,2021-05-26,1.00,1.00,0.99,0.98,0.96,0.84,0.49,inferred
Dumfries and Galloway,2021-05-27,1.00,1.00,0.99,0.98,0.96,0.84,0.49,inferred
Dumfries and Galloway,2021-05-28,1.00,1.00,0.99,0.98,0.96,0.84,0.49,inferred
Dumfries and Galloway,2021-05-29,1.00,1.00,0.99,0.98,0.96,0.84,0.49,inferred
Dumfries and Galloway,2021-05-30,1.00,1.00,0.99,0.98,0.96,0.84,0.49,inferred
Dumfries and Galloway,2021-05-31,1.00,1.00,0.99,0.98,0.96,0.84,0.49,inferred
Dumfries and Galloway,2021-06-01,1.00,1.00,1.00,1.00,0.99,0.90,0.59,inferred
Dumfries and Galloway,2021-06-02,1.00,1.00,1.00,1.00,0.99,0.90,0.59,inferred
Dumfries and Galloway,2021-06-03,1.00,1.00,1.00,1.00,0.99,0.90,0.59,inferred
Dumfries and Galloway,2021-06-04,1.00,1.00,1.00,1.00,0.99,0.90,0.59,inferred
Dumfries and Galloway,2021-06-05,1.00,1.00,1.00,1.00,0.99,0.90,0.59,inferred
Dumfries and Galloway,2021-06-06,1.00,1.00,1.00,1.00,0.99,0.90,0.59,inferred
Dumfries and Galloway,2021-06-07,1.00,1.00,1.00,1.00,0.99,0.90,0.59,inferred
Dumfries and Galloway,2021-06-08,1.00,1.00,0.99,0.96,0.92,0.64,0.18,inferred
Dumfries and Galloway,2021-06-09,1.00,1.00,0.99,0.96,0.92,0.64,0.18,inferred
Dumfries and Galloway,2021-06-10,1.00,1.00,0.99,0.96,0.92,0.64,0.18,inferred
Dumfries and Galloway,2021-06-11,1.00,1.00,0.99,0.96,0.92,0.64,0.18,inferred
Dumfries and Galloway,2021-06-12,1.00,1.00,0.99,0.96,0.92,0.64,0.18,inferred
Dumfries and Galloway,2021-06-13,1.00,1.00,0.99,0.96,0.92,0.64,0.18,inferred
Dumfries and Galloway,2021-06-14,1.00,1.00,0.99,0.96,0.92,0.64,0.18,inferred
Dumfries and Galloway,2021-06-15,1.00,1.00,1.00,1.00,1.00,0.98,0.76,inferred
Dumfries and Galloway,2021-06-16,1.00,1.00,1.00,1.00,1.00,0.98,0.76,inferred
Dumfries and Galloway,2021-06-17,1.00,1.00,1.00,1.00,1.00,0.98,0.76,inferred
Dumfries and Galloway,2021-06-18,1.00,1.00,1.00,1.00,1.00,0.98,0.76,inferred
Dumfries and Galloway,2021-06-19,1.00,1.00,1.00,1.00,1.00,0.98,0.76,inferred
Dumfries and Galloway,2021-06-20,1.00,1.00,1.00,1.00,1.00,0.98,0.76,inferred
Dumfries and Galloway,2021-06-21,1.00,1.00,1.00,1.00,1.00,0.98,0.76,inferred
Dumfries and Galloway,2021-06-22,0.96,0.88,0.74,0.57,0.39,0.09,0.00,inferred
Dumfries and Galloway,2021-06-23,0.96,0.88,0.74,0.57,0.39,0.09,0.00,inferred
Dumfries and Galloway,2021-06-24,0.96,0.88,0.74,0.57,0.39,0.09,0.00,inferred
Dumfries and Galloway,2021-06-25,0.96,0.88,0.74,0.57,0.39,0.09,0.00,inferred
Dumfries and Galloway,2021-06-26,0.96,0.88,0.74,0.57,0.39,0.09,0.00,inferred
Dumfries and Galloway,2021-06-27,0.96,0.88,0.74,0.57,0.39,0.09,0.00,inferred
Dumfries and Galloway,2021-06-28,0.96,0.88,0.74,0.57,0.39,0.09,0.00,inferred
Dumfries and Galloway,2021-06-29,0.45,0.32,0.22,0.15,0.09,0.02,0.00,inferred
Dumfries and Galloway,2021-06-30,0.45,0.32,0.22,0.15,0.09,0.02,0.00,inferred
Dumfries and Galloway,2021-07-01,0.45,0.32,0.22,0.15,0.09,0.02,0.00,inferred
Dumfries and Galloway,2021-07-02,0.45,0.32,0.22,0.15,0.09,0.02,0.00,inferred
Dumfries and Galloway,2021-07-03,0.45,0.32,0.22,0.15,0.09,0.02,0.00,inferred
Dumfries and Galloway,2021-07-04,0.45,0.32,0.22,0.15,0.09,0.02,0.00,inferred
Dumfries and Galloway,2021-07-05,0.45,0.32,0.22,0.15,0.09,0.02,0.00,inferred
Dumfries and Galloway,2021-07-06,0.51,0.41,0.32,0.26,0.21,0.10,0.03,projected
Dumfries and Galloway,2021-07-07,0.51,0.41,0.32,0.26,0.21,0.10,0.03,projected
Dumfries and Galloway,2021-07-08,0.51,0.41,0.32,0.26,0.21,0.10,0.03,projected
Dumfries and Galloway,2021-07-09,0.51,0.41,0.32,0.26,0.21,0.10,0.03,projected
Dumfries and Galloway,2021-07-10,0.51,0.41,0.32,0.26,0.21,0.10,0.03,projected
Dumfries and Galloway,2021-07-11,0.51,0.41,0.32,0.26,0.21,0.10,0.03,projected
Dumfries and Galloway,2021-07-12,0.51,0.41,0.32,0.26,0.21,0.10,0.03,projected
Dumfries and Galloway,2021-07-13,0.54,0.45,0.38,0.32,0.27,0.16,0.07,projected
Dumfries and Galloway,2021-07-14,0.54,0.45,0.38,0.32,0.27,0.16,0.07,projected
Dumfries and Galloway,2021-07-15,0.54,0.45,0.38,0.32,0.27,0.16,0.07,projected
Dumfries and Galloway,2021-07-16,0.54,0.45,0.38,0.32,0.27,0.16,0.07,projected
Dumfries and Galloway,2021-07-17,0.54,0.45,0.38,0.32,0.27,0.16,0.07,projected
Dumfries and Galloway,2021-07-18,0.54,0.45,0.38,0.32,0.27,0.16,0.07,projected
Dumfries and Galloway,2021-07-19,0.54,0.45,0.38,0.32,0.27,0.16,0.07,projected
Dumfries and Galloway,2021-07-20,0.58,0.50,0.43,0.38,0.33,0.22,0.11,projected
Dumfries and Galloway,2021-07-21,0.58,0.50,0.43,0.38,0.33,0.22,0.11,projected
Dumfries and Galloway,2021-07-22,0.58,0.50,0.43,0.38,0.33,0.22,0.11,projected
Dumfries and Galloway,2021-07-23,0.58,0.50,0.43,0.38,0.33,0.22,0.11,projected
Dumfries and Galloway,2021-07-24,0.58,0.50,0.43,0.38,0.33,0.22,0.11,projected
Dumfries and Galloway,2021-07-25,0.58,0.50,0.43,0.38,0.33,0.22,0.11,projected
Dumfries and Galloway,2021-07-26,0.58,0.50,0.43,0.38,0.33,0.22,0.11,projected
Dundee City,2021-03-23,0.44,0.17,0.05,0.01,0.00,0.00,0.00,inferred
Dundee City,2021-03-24,0.44,0.17,0.05,0.01,0.00,0.00,0.00,inferred
Dundee City,2021-03-25,0.44,0.17,0.05,0.01,0.00,0.00,0.00,inferred
Dundee City,2021-03-26,0.44,0.17,0.05,0.01,0.00,0.00,0.00,inferred
Dundee City,2021-03-27,0.44,0.17,0.05,0.01,0.00,0.00,0.00,inferred
Dundee City,2021-03-28,0.44,0.17,0.05,0.01,0.00,0.00,0.00,inferred
Dundee City,2021-03-29,0.44,0.17,0.05,0.01,0.00,0.00,0.00,inferred
Dundee City,2021-03-30,0.14,0.05,0.01,0.00,0.00,0.00,0.00,inferred
Dundee City,2021-03-31,0.14,0.05,0.01,0.00,0.00,0.00,0.00,inferred
Dundee City,2021-04-01,0.14,0.05,0.01,0.00,0.00,0.00,0.00,inferred
Dundee City,2021-04-02,0.14,0.05,0.01,0.00,0.00,0.00,0.00,inferred
Dundee City,2021-04-03,0.14,0.05,0.01,0.00,0.00,0.00,0.00,inferred
Dundee City,2021-04-04,0.14,0.05,0.01,0.00,0.00,0.00,0.00,inferred
Dundee City,2021-04-05,0.14,0.05,0.01,0.00,0.00,0.00,0.00,inferred
Dundee City,2021-04-06,0.42,0.22,0.08,0.03,0.01,0.00,0.00,inferred
Dundee City,2021-04-07,0.42,0.22,0.08,0.03,0.01,0.00,0.00,inferred
Dundee City,2021-04-08,0.42,0.22,0.08,0.03,0.01,0.00,0.00,inferred
Dundee City,2021-04-09,0.42,0.22,0.08,0.03,0.01,0.00,0.00,inferred
Dundee City,2021-04-10,0.42,0.22,0.08,0.03,0.01,0.00,0.00,inferred
Dundee City,2021-04-11,0.42,0.22,0.08,0.03,0.01,0.00,0.00,inferred
Dundee City,2021-04-12,0.42,0.22,0.08,0.03,0.01,0.00,0.00,inferred
Dundee City,2021-04-13,0.48,0.24,0.10,0.03,0.01,0.00,0.00,inferred
Dundee City,2021-04-14,0.48,0.24,0.10,0.03,0.01,0.00,0.00,inferred
Dundee City,2021-04-15,0.48,0.24,0.10,0.03,0.01,0.00,0.00,inferred
Dundee City,2021-04-16,0.48,0.24,0.10,0.03,0.01,0.00,0.00,inferred
Dundee City,2021-04-17,0.48,0.24,0.10,0.03,0.01,0.00,0.00,inferred
Dundee City,2021-04-18,0.48,0.24,0.10,0.03,0.01,0.00,0.00,inferred
Dundee City,2021-04-19,0.48,0.24,0.10,0.03,0.01,0.00,0.00,inferred
Dundee City,2021-04-20,0.19,0.07,0.03,0.01,0.00,0.00,0.00,inferred
Dundee City,2021-04-21,0.19,0.07,0.03,0.01,0.00,0.00,0.00,inferred
Dundee City,2021-04-22,0.19,0.07,0.03,0.01,0.00,0.00,0.00,inferred
Dundee City,2021-04-23,0.19,0.07,0.03,0.01,0.00,0.00,0.00,inferred
Dundee City,2021-04-24,0.19,0.07,0.03,0.01,0.00,0.00,0.00,inferred
Dundee City,2021-04-25,0.19,0.07,0.03,0.01,0.00,0.00,0.00,inferred
Dundee City,2021-04-26,0.19,0.07,0.03,0.01,0.00,0.00,0.00,inferred
Dundee City,2021-04-27,0.59,0.42,0.25,0.13,0.06,0.00,0.00,inferred
Dundee City,2021-04-28,0.59,0.42,0.25,0.13,0.06,0.00,0.00,inferred
Dundee City,2021-04-29,0.59,0.42,0.25,0.13,0.06,0.00,0.00,inferred
Dundee City,2021-04-30,0.59,0.42,0.25,0.13,0.06,0.00,0.00,inferred
Dundee City,2021-05-01,0.59,0.42,0.25,0.13,0.06,0.00,0.00,inferred
Dundee City,2021-05-02,0.59,0.42,0.25,0.13,0.06,0.00,0.00,inferred
Dundee City,2021-05-03,0.59,0.42,0.25,0.13,0.06,0.00,0.00,inferred
Dundee City,2021-05-04,0.98,0.95,0.89,0.78,0.64,0.22,0.01,inferred
Dundee City,2021-05-05,0.98,0.95,0.89,0.78,0.64,0.22,0.01,inferred
Dundee City,2021-05-06,0.98,0.95,0.89,0.78,0.64,0.22,0.01,inferred
Dundee City,2021-05-07,0.98,0.95,0.89,0.78,0.64,0.22,0.01,inferred
Dundee City,2021-05-08,0.98,0.95,0.89,0.78,0.64,0.22,0.01,inferred
Dundee City,2021-05-09,0.98,0.95,0.89,0.78,0.64,0.22,0.01,inferred
Dundee City,2021-05-10,0.98,0.95,0.89,0.78,0.64,0.22,0.01,inferred
Dundee City,2021-05-11,1.00,0.99,0.98,0.94,0.88,0.55,0.08,inferred
Dundee City,2021-05-12,1.00,0.99,0.98,0.94,0.88,0.55,0.08,inferred
Dundee City,2021-05-13,1.00,0.99,0.98,0.94,0.88,0.55,0.08,inferred
Dundee City,2021-05-14,1.00,0.99,0.98,0.94,0.88,0.55,0.08,inferred
Dundee City,2021-05-15,1.00,0.99,0.98,0.94,0.88,0.55,0.08,inferred
Dundee City,2021-05-16,1.00,0.99,0.98,0.94,0.88,0.55,0.08,inferred
Dundee City,2021-05-17,1.00,0.99,0.98,0.94,0.88,0.55,0.08,inferred
Dundee City,2021-05-18,1.00,1.00,1.00,1.00,0.99,0.90,0.44,inferred
Dundee City,2021-05-19,1.00,1.00,1.00,1.00,0.99,0.90,0.44,inferred
Dundee City,2021-05-20,1.00,1.00,1.00,1.00,0.99,0.90,0.44,inferred
Dundee City,2021-05-21,1.00,1.00,1.00,1.00,0.99,0.90,0.44,inferred
Dundee City,2021-05-22,1.00,1.00,1.00,1.00,0.99,0.90,0.44,inferred
Dundee City,2021-05-23,1.00,1.00,1.00,1.00,0.99,0.90,0.44,inferred
Dundee City,2021-05-24,1.00,1.00,1.00,1.00,0.99,0.90,0.44,inferred
Dundee City,2021-05-25,1.00,1.00,1.00,1.00,1.00,1.00,0.86,inferred
Dundee City,2021-05-26,1.00,1.00,1.00,1.00,1.00,1.00,0.86,inferred
Dundee City,2021-05-27,1.00,1.00,1.00,1.00,1.00,1.00,0.86,inferred
Dundee City,2021-05-28,1.00,1.00,1.00,1.00,1.00,1.00,0.86,inferred
Dundee City,2021-05-29,1.00,1.00,1.00,1.00,1.00,1.00,0.86,inferred
Dundee City,2021-05-30,1.00,1.00,1.00,1.00,1.00,1.00,0.86,inferred
Dundee City,2021-05-31,1.00,1.00,1.00,1.00,1.00,1.00,0.86,inferred
Dundee City,2021-06-01,1.00,1.00,1.00,0.98,0.92,0.60,0.08,inferred
Dundee City,2021-06-02,1.00,1.00,1.00,0.98,0.92,0.60,0.08,inferred
Dundee City,2021-06-03,1.00,1.00,1.00,0.98,0.92,0.60,0.08,inferred
Dundee City,2021-06-04,1.00,1.00,1.00,0.98,0.92,0.60,0.08,inferred
Dundee City,2021-06-05,1.00,1.00,1.00,0.98,0.92,0.60,0.08,inferred
Dundee City,2021-06-06,1.00,1.00,1.00,0.98,0.92,0.60,0.08,inferred
Dundee City,2021-06-07,1.00,1.00,1.00,0.98,0.92,0.60,0.08,inferred
Dundee City,2021-06-08,0.91,0.67,0.36,0.13,0.04,0.00,0.00,inferred
Dundee City,2021-06-09,0.91,0.67,0.36,0.13,0.04,0.00,0.00,inferred
Dundee City,2021-06-10,0.91,0.67,0.36,0.13,0.04,0.00,0.00,inferred
Dundee City,2021-06-11,0.91,0.67,0.36,0.13,0.04,0.00,0.00,inferred
Dundee City,2021-06-12,0.91,0.67,0.36,0.13,0.04,0.00,0.00,inferred
Dundee City,2021-06-13,0.91,0.67,0.36,0.13,0.04,0.00,0.00,inferred
Dundee City,2021-06-14,0.91,0.67,0.36,0.13,0.04,0.00,0.00,inferred
Dundee City,2021-06-15,1.00,1.00,1.00,1.00,1.00,1.00,0.62,inferred
Dundee City,2021-06-16,1.00,1.00,1.00,1.00,1.00,1.00,0.62,inferred
Dundee City,2021-06-17,1.00,1.00,1.00,1.00,1.00,1.00,0.62,inferred
Dundee City,2021-06-18,1.00,1.00,1.00,1.00,1.00,1.00,0.62,inferred
Dundee City,2021-06-19,1.00,1.00,1.00,1.00,1.00,1.00,0.62,inferred
Dundee City,2021-06-20,1.00,1.00,1.00,1.00,1.00,1.00,0.62,inferred
Dundee City,2021-06-21,1.00,1.00,1.00,1.00,1.00,1.00,0.62,inferred
Dundee City,2021-06-22,1.00,1.00,1.00,1.00,1.00,0.86,0.22,inferred
Dundee City,2021-06-23,1.00,1.00,1.00,1.00,1.00,0.86,0.22,inferred
Dundee City,2021-06-24,1.00,1.00,1.00,1.00,1.00,0.86,0.22,inferred
Dundee City,2021-06-25,1.00,1.00,1.00,1.00,1.00,0.86,0.22,inferred
Dundee City,2021-06-26,1.00,1.00,1.00,1.00,1.00,0.86,0.22,inferred
Dundee City,2021-06-27,1.00,1.00,1.00,1.00,1.00,0.86,0.22,inferred
Dundee City,2021-06-28,1.00,1.00,1.00,1.00,1.00,0.86,0.22,inferred
Dundee City,2021-06-29,0.19,0.08,0.03,0.01,0.00,0.00,0.00,inferred
Dundee City,2021-06-30,0.19,0.08,0.03,0.01,0.00,0.00,0.00,inferred
Dundee City,2021-07-01,0.19,0.08,0.03,0.01,0.00,0.00,0.00,inferred
Dundee City,2021-07-02,0.19,0.08,0.03,0.01,0.00,0.00,0.00,inferred
Dundee City,2021-07-03,0.19,0.08,0.03,0.01,0.00,0.00,0.00,inferred
Dundee City,2021-07-04,0.19,0.08,0.03,0.01,0.00,0.00,0.00,inferred
Dundee City,2021-07-05,0.19,0.08,0.03,0.01,0.00,0.00,0.00,inferred
Dundee City,2021-07-06,0.36,0.27,0.20,0.14,0.10,0.04,0.01,projected
Dundee City,2021-07-07,0.36,0.27,0.20,0.14,0.10,0.04,0.01,projected
Dundee City,2021-07-08,0.36,0.27,0.20,0.14,0.10,0.04,0.01,projected
Dundee City,2021-07-09,0.36,0.27,0.20,0.14,0.10,0.04,0.01,projected
Dundee City,2021-07-10,0.36,0.27,0.20,0.14,0.10,0.04,0.01,projected
Dundee City,2021-07-11,0.36,0.27,0.20,0.14,0.10,0.04,0.01,projected
Dundee City,2021-07-12,0.36,0.27,0.20,0.14,0.10,0.04,0.01,projected
Dundee City,2021-07-13,0.40,0.33,0.27,0.22,0.18,0.09,0.04,projected
Dundee City,2021-07-14,0.40,0.33,0.27,0.22,0.18,0.09,0.04,projected
Dundee City,2021-07-15,0.40,0.33,0.27,0.22,0.18,0.09,0.04,projected
Dundee City,2021-07-16,0.40,0.33,0.27,0.22,0.18,0.09,0.04,projected
Dundee City,2021-07-17,0.40,0.33,0.27,0.22,0.18,0.09,0.04,projected
Dundee City,2021-07-18,0.40,0.33,0.27,0.22,0.18,0.09,0.04,projected
Dundee City,2021-07-19,0.40,0.33,0.27,0.22,0.18,0.09,0.04,projected
Dundee City,2021-07-20,0.45,0.39,0.32,0.27,0.23,0.13,0.06,projected
Dundee City,2021-07-21,0.45,0.39,0.32,0.27,0.23,0.13,0.06,projected
Dundee City,2021-07-22,0.45,0.39,0.32,0.27,0.23,0.13,0.06,projected
Dundee City,2021-07-23,0.45,0.39,0.32,0.27,0.23,0.13,0.06,projected
Dundee City,2021-07-24,0.45,0.39,0.32,0.27,0.23,0.13,0.06,projected
Dundee City,2021-07-25,0.45,0.39,0.32,0.27,0.23,0.13,0.06,projected
Dundee City,2021-07-26,0.45,0.39,0.32,0.27,0.23,0.13,0.06,projected
Ealing,2021-03-23,0.01,0.00,0.00,0.00,0.00,0.00,0.00,inferred
Ealing,2021-03-24,0.01,0.00,0.00,0.00,0.00,0.00,0.00,inferred
Ealing,2021-03-25,0.01,0.00,0.00,0.00,0.00,0.00,0.00,inferred
Ealing,2021-03-26,0.01,0.00,0.00,0.00,0.00,0.00,0.00,inferred
Ealing,2021-03-27,0.01,0.00,0.00,0.00,0.00,0.00,0.00,inferred
Ealing,2021-03-28,0.01,0.00,0.00,0.00,0.00,0.00,0.00,inferred
Ealing,2021-03-29,0.01,0.00,0.00,0.00,0.00,0.00,0.00,inferred
Ealing,2021-03-30,0.91,0.60,0.23,0.05,0.00,0.00,0.00,inferred
Ealing,2021-03-31,0.91,0.60,0.23,0.05,0.00,0.00,0.00,inferred
Ealing,2021-04-01,0.91,0.60,0.23,0.05,0.00,0.00,0.00,inferred
Ealing,2021-04-02,0.91,0.60,0.23,0.05,0.00,0.00,0.00,inferred
Ealing,2021-04-03,0.91,0.60,0.23,0.05,0.00,0.00,0.00,inferred
Ealing,2021-04-04,0.91,0.60,0.23,0.05,0.00,0.00,0.00,inferred
Ealing,2021-04-05,0.91,0.60,0.23,0.05,0.00,0.00,0.00,inferred
Ealing,2021-04-06,0.97,0.79,0.41,0.13,0.02,0.00,0.00,inferred
Ealing,2021-04-07,0.97,0.79,0.41,0.13,0.02,0.00,0.00,inferred
Ealing,2021-04-08,0.97,0.79,0.41,0.13,0.02,0.00,0.00,inferred
Ealing,2021-04-09,0.97,0.79,0.41,0.13,0.02,0.00,0.00,inferred
Ealing,2021-04-10,0.97,0.79,0.41,0.13,0.02,0.00,0.00,inferred
Ealing,2021-04-11,0.97,0.79,0.41,0.13,0.02,0.00,0.00,inferred
Ealing,2021-04-12,0.97,0.79,0.41,0.13,0.02,0.00,0.00,inferred
Ealing,2021-04-13,1.00,0.97,0.81,0.45,0.15,0.00,0.00,inferred
Ealing,2021-04-14,1.00,0.97,0.81,0.45,0.15,0.00,0.00,inferred
Ealing,2021-04-15,1.00,0.97,0.81,0.45,0.15,0.00,0.00,inferred
Ealing,2021-04-16,1.00,0.97,0.81,0.45,0.15,0.00,0.00,inferred
Ealing,2021-04-17,1.00,0.97,0.81,0.45,0.15,0.00,0.00,inferred
Ealing,2021-04-18,1.00,0.97,0.81,0.45,0.15,0.00,0.00,inferred
Ealing,2021-04-19,1.00,0.97,0.81,0.45,0.15,0.00,0.00,inferred
Ealing,2021-04-20,0.93,0.67,0.28,0.05,0.01,0.00,0.00,inferred
Ealing,2021-04-21,0.93,0.67,0.28,0.05,0.01,0.00,0.00,inferred
Ealing,2021-04-22,0.93,0.67,0.28,0.05,0.01,0.00,0.00,inferred
Ealing,2021-04-23,0.93,0.67,0.28,0.05,0.01,0.00,0.00,inferred
Ealing,2021-04-24,0.93,0.67,0.28,0.05,0.01,0.00,0.00,inferred
Ealing,2021-04-25,0.93,0.67,0.28,0.05,0.01,0.00,0.00,inferred
Ealing,2021-04-26,0.93,0.67,0.28,0.05,0.01,0.00,0.00,inferred
Ealing,2021-04-27,1.00,0.98,0.83,0.45,0.15,0.00,0.00,inferred
Ealing,2021-04-28,1.00,0.98,0.83,0.45,0.15,0.00,0.00,inferred
Ealing,2021-04-29,1.00,0.98,0.83,0.45,0.15,0.00,0.00,inferred
Ealing,2021-04-30,1.00,0.98,0.83,0.45,0.15,0.00,0.00,inferred
Ealing,2021-05-01,1.00,0.98,0.83,0.45,0.15,0.00,0.00,inferred
Ealing,2021-05-02,1.00,0.98,0.83,0.45,0.15,0.00,0.00,inferred
Ealing,2021-05-03,1.00,0.98,0.83,0.45,0.15,0.00,0.00,inferred
Ealing,2021-05-04,0.95,0.72,0.32,0.07,0.01,0.00,0.00,inferred
Ealing,2021-05-05,0.95,0.72,0.32,0.07,0.01,0.00,0.00,inferred
Ealing,2021-05-06,0.95,0.72,0.32,0.07,0.01,0.00,0.00,inferred
Ealing,2021-05-07,0.95,0.72,0.32,0.07,0.01,0.00,0.00,inferred
Ealing,2021-05-08,0.95,0.72,0.32,0.07,0.01,0.00,0.00,inferred
Ealing,2021-05-09,0.95,0.72,0.32,0.07,0.01,0.00,0.00,inferred
Ealing,2021-05-10,0.95,0.72,0.32,0.07,0.01,0.00,0.00,inferred
Ealing,2021-05-11,1.00,1.00,0.90,0.62,0.26,0.00,0.00,inferred
Ealing,2021-05-12,1.00,1.00,0.90,0.62,0.26,0.00,0.00,inferred
Ealing,2021-05-13,1.00,1.00,0.90,0.62,0.26,0.00,0.00,inferred
Ealing,2021-05-14,1.00,1.00,0.90,0.62,0.26,0.00,0.00,inferred
Ealing,2021-05-15,1.00,1.00,0.90,0.62,0.26,0.00,0.00,inferred
Ealing,2021-05-16,1.00,1.00,0.90,0.62,0.26,0.00,0.00,inferred
Ealing,2021-05-17,1.00,1.00,0.90,0.62,0.26,0.00,0.00,inferred
Ealing,2021-05-18,1.00,1.00,0.98,0.81,0.47,0.01,0.00,inferred
Ealing,2021-05-19,1.00,1.00,0.98,0.81,0.47,0.01,0.00,inferred
Ealing,2021-05-20,1.00,1.00,0.98,0.81,0.47,0.01,0.00,inferred
Ealing,2021-05-21,1.00,1.00,0.98,0.81,0.47,0.01,0.00,inferred
Ealing,2021-05-22,1.00,1.00,0.98,0.81,0.47,0.01,0.00,inferred
Ealing,2021-05-23,1.00,1.00,0.98,0.81,0.47,0.01,0.00,inferred
Ealing,2021-05-24,1.00,1.00,0.98,0.81,0.47,0.01,0.00,inferred
Ealing,2021-05-25,1.00,1.00,1.00,0.99,0.94,0.18,0.00,inferred
Ealing,2021-05-26,1.00,1.00,1.00,0.99,0.94,0.18,0.00,inferred
Ealing,2021-05-27,1.00,1.00,1.00,0.99,0.94,0.18,0.00,inferred
Ealing,2021-05-28,1.00,1.00,1.00,0.99,0.94,0.18,0.00,inferred
Ealing,2021-05-29,1.00,1.00,1.00,0.99,0.94,0.18,0.00,inferred
Ealing,2021-05-30,1.00,1.00,1.00,0.99,0.94,0.18,0.00,inferred
Ealing,2021-05-31,1.00,1.00,1.00,0.99,0.94,0.18,0.00,inferred
Ealing,2021-06-01,1.00,1.00,1.00,0.97,0.84,0.09,0.00,inferred
Ealing,2021-06-02,1.00,1.00,1.00,0.97,0.84,0.09,0.00,inferred
Ealing,2021-06-03,1.00,1.00,1.00,0.97,0.84,0.09,0.00,inferred
Ealing,2021-06-04,1.00,1.00,1.00,0.97,0.84,0.09,0.00,inferred
Ealing,2021-06-05,1.00,1.00,1.00,0.97,0.84,0.09,0.00,inferred
Ealing,2021-06-06,1.00,1.00,1.00,0.97,0.84,0.09,0.00,inferred
Ealing,2021-06-07,1.00,1.00,1.00,0.97,0.84,0.09,0.00,inferred
Ealing,2021-06-08,1.00,0.98,0.77,0.31,0.05,0.00,0.00,inferred
Ealing,2021-06-09,1.00,0.98,0.77,0.31,0.05,0.00,0.00,inferred
Ealing,2021-06-10,1.00,0.98,0.77,0.31,0.05,0.00,0.00,inferred
Ealing,2021-06-11,1.00,0.98,0.77,0.31,0.05,0.00,0.00,inferred
Ealing,2021-06-12,1.00,0.98,0.77,0.31,0.05,0.00,0.00,inferred
Ealing,2021-06-13,1.00,0.98,0.77,0.31,0.05,0.00,0.00,inferred
Ealing,2021-06-14,1.00,0.98,0.77,0.31,0.05,0.00,0.00,inferred
Ealing,2021-06-15,1.00,1.00,1.00,1.00,1.00,0.91,0.01,inferred
Ealing,2021-06-16,1.00,1.00,1.00,1.00,1.00,0.91,0.01,inferred
Ealing,2021-06-17,1.00,1.00,1.00,1.00,1.00,0.91,0.01,inferred
Ealing,2021-06-18,1.00,1.00,1.00,1.00,1.00,0.91,0.01,inferred
Ealing,2021-06-19,1.00,1.00,1.00,1.00,1.00,0.91,0.01,inferred
Ealing,2021-06-20,1.00,1.00,1.00,1.00,1.00,0.91,0.01,inferred
Ealing,2021-06-21,1.00,1.00,1.00,1.00,1.00,0.91,0.01,inferred
Ealing,2021-06-22,1.00,1.00,1.00,1.00,1.00,0.67,0.00,inferred
Ealing,2021-06-23,1.00,1.00,1.00,1.00,1.00,0.67,0.00,inferred
Ealing,2021-06-24,1.00,1.00,1.00,1.00,1.00,0.67,0.00,inferred
Ealing,2021-06-25,1.00,1.00,1.00,1.00,1.00,0.67,0.00,inferred
Ealing,2021-06-26,1.00,1.00,1.00,1.00,1.00,0.67,0.00,inferred
Ealing,2021-06-27,1.00,1.00,1.00,1.00,1.00,0.67,0.00,inferred
Ealing,2021-06-28,1.00,1.00,1.00,1.00,1.00,0.67,0.00,inferred
Ealing,2021-06-29,1.00,1.00,0.99,0.93,0.77,0.15,0.00,inferred
Ealing,2021-06-30,1.00,1.00,0.99,0.93,0.77,0.15,0.00,inferred
Ealing,2021-07-01,1.00,1.00,0.99,0.93,0.77,0.15,0.00,inferred
Ealing,2021-07-02,1.00,1.00,0.99,0.93,0.77,0.15,0.00,inferred
Ealing,2021-07-03,1.00,1.00,0.99,0.93,0.77,0.15,0.00,inferred
Ealing,2021-07-04,1.00,1.00,0.99,0.93,0.77,0.15,0.00,inferred
Ealing,2021-07-05,1.00,1.00,0.99,0.93,0.77,0.15,0.00,inferred
Ealing,2021-07-06,1.00,0.98,0.93,0.82,0.66,0.23,0.01,projected
Ealing,2021-07-07,1.00,0.98,0.93,0.82,0.66,0.23,0.01,projected
Ealing,2021-07-08,1.00,0.98,0.93,0.82,0.66,0.23,0.01,projected
Ealing,2021-07-09,1.00,0.98,0.93,0.82,0.66,0.23,0.01,projected
Ealing,2021-07-10,1.00,0.98,0.93,0.82,0.66,0.23,0.01,projected
Ealing,2021-07-11,1.00,0.98,0.93,0.82,0.66,0.23,0.01,projected
Ealing,2021-07-12,1.00,0.98,0.93,0.82,0.66,0.23,0.01,projected
Ealing,2021-07-13,0.99,0.95,0.87,0.75,0.61,0.25,0.03,projected
Ealing,2021-07-14,0.99,0.95,0.87,0.75,0.61,0.25,0.03,projected
Ealing,2021-07-15,0.99,0.95,0.87,0.75,0.61,0.25,0.03,projected
Ealing,2021-07-16,0.99,0.95,0.87,0.75,0.61,0.25,0.03,projected
Ealing,2021-07-17,0.99,0.95,0.87,0.75,0.61,0.25,0.03,projected
Ealing,2021-07-18,0.99,0.95,0.87,0.75,0.61,0.25,0.03,projected
Ealing,2021-07-19,0.99,0.95,0.87,0.75,0.61,0.25,0.03,projected
Ealing,2021-07-20,0.98,0.93,0.85,0.74,0.61,0.29,0.04,projected
Ealing,2021-07-21,0.98,0.93,0.85,0.74,0.61,0.29,0.04,projected
Ealing,2021-07-22,0.98,0.93,0.85,0.74,0.61,0.29,0.04,projected
Ealing,2021-07-23,0.98,0.93,0.85,0.74,0.61,0.29,0.04,projected
Ealing,2021-07-24,0.98,0.93,0.85,0.74,0.61,0.29,0.04,projected
Ealing,2021-07-25,0.98,0.93,0.85,0.74,0.61,0.29,0.04,projected
Ealing,2021-07-26,0.98,0.93,0.85,0.74,0.61,0.29,0.04,projected
East Ayrshire,2021-03-23,0.20,0.04,0.00,0.00,0.00,0.00,0.00,inferred
East Ayrshire,2021-03-24,0.20,0.04,0.00,0.00,0.00,0.00,0.00,inferred
East Ayrshire,2021-03-25,0.20,0.04,0.00,0.00,0.00,0.00,0.00,inferred
East Ayrshire,2021-03-26,0.20,0.04,0.00,0.00,0.00,0.00,0.00,inferred
East Ayrshire,2021-03-27,0.20,0.04,0.00,0.00,0.00,0.00,0.00,inferred
East Ayrshire,2021-03-28,0.20,0.04,0.00,0.00,0.00,0.00,0.00,inferred
East Ayrshire,2021-03-29,0.20,0.04,0.00,0.00,0.00,0.00,0.00,inferred
East Ayrshire,2021-03-30,0.05,0.01,0.00,0.00,0.00,0.00,0.00,inferred
East Ayrshire,2021-03-31,0.05,0.01,0.00,0.00,0.00,0.00,0.00,inferred
East Ayrshire,2021-04-01,0.05,0.01,0.00,0.00,0.00,0.00,0.00,inferred
East Ayrshire,2021-04-02,0.05,0.01,0.00,0.00,0.00,0.00,0.00,inferred
East Ayrshire,2021-04-03,0.05,0.01,0.00,0.00,0.00,0.00,0.00,inferred
East Ayrshire,2021-04-04,0.05,0.01,0.00,0.00,0.00,0.00,0.00,inferred
East Ayrshire,2021-04-05,0.05,0.01,0.00,0.00,0.00,0.00,0.00,inferred
East Ayrshire,2021-04-06,0.62,0.41,0.24,0.12,0.06,0.00,0.00,inferred
East Ayrshire,2021-04-07,0.62,0.41,0.24,0.12,0.06,0.00,0.00,inferred
East Ayrshire,2021-04-08,0.62,0.41,0.24,0.12,0.06,0.00,0.00,inferred
East Ayrshire,2021-04-09,0.62,0.41,0.24,0.12,0.06,0.00,0.00,inferred
East Ayrshire,2021-04-10,0.62,0.41,0.24,0.12,0.06,0.00,0.00,inferred
East Ayrshire,2021-04-11,0.62,0.41,0.24,0.12,0.06,0.00,0.00,inferred
East Ayrshire,2021-04-12,0.62,0.41,0.24,0.12,0.06,0.00,0.00,inferred
East Ayrshire,2021-04-13,0.99,0.95,0.88,0.76,0.59,0.15,0.00,inferred
East Ayrshire,2021-04-14,0.99,0.95,0.88,0.76,0.59,0.15,0.00,inferred
East Ayrshire,2021-04-15,0.99,0.95,0.88,0.76,0.59,0.15,0.00,inferred
East Ayrshire,2021-04-16,0.99,0.95,0.88,0.76,0.59,0.15,0.00,inferred
East Ayrshire,2021-04-17,0.99,0.95,0.88,0.76,0.59,0.15,0.00,inferred
East Ayrshire,2021-04-18,0.99,0.95,0.88,0.76,0.59,0.15,0.00,inferred
East Ayrshire,2021-04-19,0.99,0.95,0.88,0.76,0.59,0.15,0.00,inferred
East Ayrshire,2021-04-20,0.41,0.21,0.09,0.03,0.01,0.00,0.00,inferred
East Ayrshire,2021-04-21,0.41,0.21,0.09,0.03,0.01,0.00,0.00,inferred
East Ayrshire,2021-04-22,0.41,0.21,0.09,0.03,0.01,0.00,0.00,inferred
East Ayrshire,2021-04-23,0.41,0.21,0.09,0.03,0.01,0.00,0.00,inferred
East Ayrshire,2021-04-24,0.41,0.21,0.09,0.03,0.01,0.00,0.00,inferred
East Ayrshire,2021-04-25,0.41,0.21,0.09,0.03,0.01,0.00,0.00,inferred
East Ayrshire,2021-04-26,0.41,0.21,0.09,0.03,0.01,0.00,0.00,inferred
East Ayrshire,2021-04-27,0.57,0.34,0.16,0.06,0.02,0.00,0.00,inferred
East Ayrshire,2021-04-28,0.57,0.34,0.16,0.06,0.02,0.00,0.00,inferred
East Ayrshire,2021-04-29,0.57,0.34,0.16,0.06,0.02,0.00,0.00,inferred
East Ayrshire,2021-04-30,0.57,0.34,0.16,0.06,0.02,0.00,0.00,inferred
East Ayrshire,2021-05-01,0.57,0.34,0.16,0.06,0.02,0.00,0.00,inferred
East Ayrshire,2021-05-02,0.57,0.34,0.16,0.06,0.02,0.00,0.00,inferred
East Ayrshire,2021-05-03,0.57,0.34,0.16,0.06,0.02,0.00,0.00,inferred
East Ayrshire,2021-05-04,0.81,0.64,0.43,0.26,0.13,0.01,0.00,inferred
East Ayrshire,2021-05-05,0.81,0.64,0.43,0.26,0.13,0.01,0.00,inferred
East Ayrshire,2021-05-06,0.81,0.64,0.43,0.26,0.13,0.01,0.00,inferred
East Ayrshire,2021-05-07,0.81,0.64,0.43,0.26,0.13,0.01,0.00,inferred
East Ayrshire,2021-05-08,0.81,0.64,0.43,0.26,0.13,0.01,0.00,inferred
East Ayrshire,2021-05-09,0.81,0.64,0.43,0.26,0.13,0.01,0.00,inferred
East Ayrshire,2021-05-10,0.81,0.64,0.43,0.26,0.13,0.01,0.00,inferred
East Ayrshire,2021-05-11,0.99,0.98,0.95,0.87,0.75,0.32,0.01,inferred
East Ayrshire,2021-05-12,0.99,0.98,0.95,0.87,0.75,0.32,0.01,inferred
East Ayrshire,2021-05-13,0.99,0.98,0.95,0.87,0.75,0.32,0.01,inferred
East Ayrshire,2021-05-14,0.99,0.98,0.95,0.87,0.75,0.32,0.01,inferred
East Ayrshire,2021-05-15,0.99,0.98,0.95,0.87,0.75,0.32,0.01,inferred
East Ayrshire,2021-05-16,0.99,0.98,0.95,0.87,0.75,0.32,0.01,inferred
East Ayrshire,2021-05-17,0.99,0.98,0.95,0.87,0.75,0.32,0.01,inferred
East Ayrshire,2021-05-18,1.00,1.00,1.00,1.00,1.00,0.97,0.60,inferred
East Ayrshire,2021-05-19,1.00,1.00,1.00,1.00,1.00,0.97,0.60,inferred
East Ayrshire,2021-05-20,1.00,1.00,1.00,1.00,1.00,0.97,0.60,inferred
East Ayrshire,2021-05-21,1.00,1.00,1.00,1.00,1.00,0.97,0.60,inferred
East Ayrshire,2021-05-22,1.00,1.00,1.00,1.00,1.00,0.97,0.60,inferred
East Ayrshire,2021-05-23,1.00,1.00,1.00,1.00,1.00,0.97,0.60,inferred
East Ayrshire,2021-05-24,1.00,1.00,1.00,1.00,1.00,0.97,0.60,inferred
East Ayrshire,2021-05-25,1.00,1.00,1.00,1.00,1.00,0.91,0.45,inferred
East Ayrshire,2021-05-26,1.00,1.00,1.00,1.00,1.00,0.91,0.45,inferred
East Ayrshire,2021-05-27,1.00,1.00,1.00,1.00,1.00,0.91,0.45,inferred
East Ayrshire,2021-05-28,1.00,1.00,1.00,1.00,1.00,0.91,0.45,inferred
East Ayrshire,2021-05-29,1.00,1.00,1.00,1.00,1.00,0.91,0.45,inferred
East Ayrshire,2021-05-30,1.00,1.00,1.00,1.00,1.00,0.91,0.45,inferred
East Ayrshire,2021-05-31,1.00,1.00,1.00,1.00,1.00,0.91,0.45,inferred
East Ayrshire,2021-06-01,1.00,1.00,0.97,0.87,0.69,0.14,0.00,inferred
East Ayrshire,2021-06-02,1.00,1.00,0.97,0.87,0.69,0.14,0.00,inferred
East Ayrshire,2021-06-03,1.00,1.00,0.97,0.87,0.69,0.14,0.00,inferred
East Ayrshire,2021-06-04,1.00,1.00,0.97,0.87,0.69,0.14,0.00,inferred
East Ayrshire,2021-06-05,1.00,1.00,0.97,0.87,0.69,0.14,0.00,inferred
East Ayrshire,2021-06-06,1.00,1.00,0.97,0.87,0.69,0.14,0.00,inferred
East Ayrshire,2021-06-07,1.00,1.00,0.97,0.87,0.69,0.14,0.00,inferred
East Ayrshire,2021-06-08,1.00,1.00,0.99,0.92,0.75,0.11,0.00,inferred
East Ayrshire,2021-06-09,1.00,1.00,0.99,0.92,0.75,0.11,0.00,inferred
East Ayrshire,2021-06-10,1.00,1.00,0.99,0.92,0.75,0.11,0.00,inferred
East Ayrshire,2021-06-11,1.00,1.00,0.99,0.92,0.75,0.11,0.00,inferred
East Ayrshire,2021-06-12,1.00,1.00,0.99,0.92,0.75,0.11,0.00,inferred
East Ayrshire,2021-06-13,1.00,1.00,0.99,0.92,0.75,0.11,0.00,inferred
East Ayrshire,2021-06-14,1.00,1.00,0.99,0.92,0.75,0.11,0.00,inferred
East Ayrshire,2021-06-15,1.00,1.00,1.00,1.00,0.97,0.43,0.00,inferred
East Ayrshire,2021-06-16,1.00,1.00,1.00,1.00,0.97,0.43,0.00,inferred
East Ayrshire,2021-06-17,1.00,1.00,1.00,1.00,0.97,0.43,0.00,inferred
East Ayrshire,2021-06-18,1.00,1.00,1.00,1.00,0.97,0.43,0.00,inferred
East Ayrshire,2021-06-19,1.00,1.00,1.00,1.00,0.97,0.43,0.00,inferred
East Ayrshire,2021-06-20,1.00,1.00,1.00,1.00,0.97,0.43,0.00,inferred
East Ayrshire,2021-06-21,1.00,1.00,1.00,1.00,0.97,0.43,0.00,inferred
East Ayrshire,2021-06-22,1.00,1.00,0.95,0.81,0.54,0.02,0.00,inferred
East Ayrshire,2021-06-23,1.00,1.00,0.95,0.81,0.54,0.02,0.00,inferred
East Ayrshire,2021-06-24,1.00,1.00,0.95,0.81,0.54,0.02,0.00,inferred
East Ayrshire,2021-06-25,1.00,1.00,0.95,0.81,0.54,0.02,0.00,inferred
East Ayrshire,2021-06-26,1.00,1.00,0.95,0.81,0.54,0.02,0.00,inferred
East Ayrshire,2021-06-27,1.00,1.00,0.95,0.81,0.54,0.02,0.00,inferred
East Ayrshire,2021-06-28,1.00,1.00,0.95,0.81,0.54,0.02,0.00,inferred
East Ayrshire,2021-06-29,0.42,0.24,0.12,0.04,0.02,0.00,0.00,inferred
East Ayrshire,2021-06-30,0.42,0.24,0.12,0.04,0.02,0.00,0.00,inferred
East Ayrshire,2021-07-01,0.42,0.24,0.12,0.04,0.02,0.00,0.00,inferred
East Ayrshire,2021-07-02,0.42,0.24,0.12,0.04,0.02,0.00,0.00,inferred
East Ayrshire,2021-07-03,0.42,0.24,0.12,0.04,0.02,0.00,0.00,inferred
East Ayrshire,2021-07-04,0.42,0.24,0.12,0.04,0.02,0.00,0.00,inferred
East Ayrshire,2021-07-05,0.42,0.24,0.12,0.04,0.02,0.00,0.00,inferred
East Ayrshire,2021-07-06,0.48,0.38,0.29,0.22,0.17,0.07,0.02,projected
East Ayrshire,2021-07-07,0.48,0.38,0.29,0.22,0.17,0.07,0.02,projected
East Ayrshire,2021-07-08,0.48,0.38,0.29,0.22,0.17,0.07,0.02,projected
East Ayrshire,2021-07-09,0.48,0.38,0.29,0.22,0.17,0.07,0.02,projected
East Ayrshire,2021-07-10,0.48,0.38,0.29,0.22,0.17,0.07,0.02,projected
East Ayrshire,2021-07-11,0.48,0.38,0.29,0.22,0.17,0.07,0.02,projected
East Ayrshire,2021-07-12,0.48,0.38,0.29,0.22,0.17,0.07,0.02,projected
East Ayrshire,2021-07-13,0.50,0.42,0.35,0.28,0.23,0.13,0.06,projected
East Ayrshire,2021-07-14,0.50,0.42,0.35,0.28,0.23,0.13,0.06,projected
East Ayrshire,2021-07-15,0.50,0.42,0.35,0.28,0.23,0.13,0.06,projected
East Ayrshire,2021-07-16,0.50,0.42,0.35,0.28,0.23,0.13,0.06,projected
East Ayrshire,2021-07-17,0.50,0.42,0.35,0.28,0.23,0.13,0.06,projected
East Ayrshire,2021-07-18,0.50,0.42,0.35,0.28,0.23,0.13,0.06,projected
East Ayrshire,2021-07-19,0.50,0.42,0.35,0.28,0.23,0.13,0.06,projected
East Ayrshire,2021-07-20,0.52,0.45,0.38,0.32,0.27,0.18,0.10,projected
East Ayrshire,2021-07-21,0.52,0.45,0.38,0.32,0.27,0.18,0.10,projected
East Ayrshire,2021-07-22,0.52,0.45,0.38,0.32,0.27,0.18,0.10,projected
East Ayrshire,2021-07-23,0.52,0.45,0.38,0.32,0.27,0.18,0.10,projected
East Ayrshire,2021-07-24,0.52,0.45,0.38,0.32,0.27,0.18,0.10,projected
East Ayrshire,2021-07-25,0.52,0.45,0.38,0.32,0.27,0.18,0.10,projected
East Ayrshire,2021-07-26,0.52,0.45,0.38,0.32,0.27,0.18,0.10,projected
East Cambridgeshire,2021-03-23,0.48,0.23,0.08,0.02,0.00,0.00,0.00,inferred
East Cambridgeshire,2021-03-24,0.48,0.23,0.08,0.02,0.00,0.00,0.00,inferred
East Cambridgeshire,2021-03-25,0.48,0.23,0.08,0.02,0.00,0.00,0.00,inferred
East Cambridgeshire,2021-03-26,0.48,0.23,0.08,0.02,0.00,0.00,0.00,inferred
East Cambridgeshire,2021-03-27,0.48,0.23,0.08,0.02,0.00,0.00,0.00,inferred
East Cambridgeshire,2021-03-28,0.48,0.23,0.08,0.02,0.00,0.00,0.00,inferred
East Cambridgeshire,2021-03-29,0.48,0.23,0.08,0.02,0.00,0.00,0.00,inferred
East Cambridgeshire,2021-03-30,0.25,0.10,0.04,0.01,0.00,0.00,0.00,inferred
East Cambridgeshire,2021-03-31,0.25,0.10,0.04,0.01,0.00,0.00,0.00,inferred
East Cambridgeshire,2021-04-01,0.25,0.10,0.04,0.01,0.00,0.00,0.00,inferred
East Cambridgeshire,2021-04-02,0.25,0.10,0.04,0.01,0.00,0.00,0.00,inferred
East Cambridgeshire,2021-04-03,0.25,0.10,0.04,0.01,0.00,0.00,0.00,inferred
East Cambridgeshire,2021-04-04,0.25,0.10,0.04,0.01,0.00,0.00,0.00,inferred
East Cambridgeshire,2021-04-05,0.25,0.10,0.04,0.01,0.00,0.00,0.00,inferred
East Cambridgeshire,2021-04-06,0.38,0.21,0.10,0.05,0.02,0.00,0.00,inferred
East Cambridgeshire,2021-04-07,0.38,0.21,0.10,0.05,0.02,0.00,0.00,inferred
East Cambridgeshire,2021-04-08,0.38,0.21,0.10,0.05,0.02,0.00,0.00,inferred
East Cambridgeshire,2021-04-09,0.38,0.21,0.10,0.05,0.02,0.00,0.00,inferred
East Cambridgeshire,2021-04-10,0.38,0.21,0.10,0.05,0.02,0.00,0.00,inferred
East Cambridgeshire,2021-04-11,0.38,0.21,0.10,0.05,0.02,0.00,0.00,inferred
East Cambridgeshire,2021-04-12,0.38,0.21,0.10,0.05,0.02,0.00,0.00,inferred
East Cambridgeshire,2021-04-13,0.79,0.61,0.43,0.27,0.16,0.02,0.00,inferred
East Cambridgeshire,2021-04-14,0.79,0.61,0.43,0.27,0.16,0.02,0.00,inferred
East Cambridgeshire,2021-04-15,0.79,0.61,0.43,0.27,0.16,0.02,0.00,inferred
East Cambridgeshire,2021-04-16,0.79,0.61,0.43,0.27,0.16,0.02,0.00,inferred
East Cambridgeshire,2021-04-17,0.79,0.61,0.43,0.27,0.16,0.02,0.00,inferred
East Cambridgeshire,2021-04-18,0.79,0.61,0.43,0.27,0.16,0.02,0.00,inferred
East Cambridgeshire,2021-04-19,0.79,0.61,0.43,0.27,0.16,0.02,0.00,inferred
East Cambridgeshire,2021-04-20,0.48,0.29,0.17,0.08,0.03,0.00,0.00,inferred
East Cambridgeshire,2021-04-21,0.48,0.29,0.17,0.08,0.03,0.00,0.00,inferred
East Cambridgeshire,2021-04-22,0.48,0.29,0.17,0.08,0.03,0.00,0.00,inferred
East Cambridgeshire,2021-04-23,0.48,0.29,0.17,0.08,0.03,0.00,0.00,inferred
East Cambridgeshire,2021-04-24,0.48,0.29,0.17,0.08,0.03,0.00,0.00,inferred
East Cambridgeshire,2021-04-25,0.48,0.29,0.17,0.08,0.03,0.00,0.00,inferred
East Cambridgeshire,2021-04-26,0.48,0.29,0.17,0.08,0.03,0.00,0.00,inferred
East Cambridgeshire,2021-04-27,0.33,0.18,0.09,0.04,0.02,0.00,0.00,inferred
East Cambridgeshire,2021-04-28,0.33,0.18,0.09,0.04,0.02,0.00,0.00,inferred
East Cambridgeshire,2021-04-29,0.33,0.18,0.09,0.04,0.02,0.00,0.00,inferred
East Cambridgeshire,2021-04-30,0.33,0.18,0.09,0.04,0.02,0.00,0.00,inferred
East Cambridgeshire,2021-05-01,0.33,0.18,0.09,0.04,0.02,0.00,0.00,inferred
East Cambridgeshire,2021-05-02,0.33,0.18,0.09,0.04,0.02,0.00,0.00,inferred
East Cambridgeshire,2021-05-03,0.33,0.18,0.09,0.04,0.02,0.00,0.00,inferred
East Cambridgeshire,2021-05-04,0.22,0.11,0.05,0.02,0.01,0.00,0.00,inferred
East Cambridgeshire,2021-05-05,0.22,0.11,0.05,0.02,0.01,0.00,0.00,inferred
East Cambridgeshire,2021-05-06,0.22,0.11,0.05,0.02,0.01,0.00,0.00,inferred
East Cambridgeshire,2021-05-07,0.22,0.11,0.05,0.02,0.01,0.00,0.00,inferred
East Cambridgeshire,2021-05-08,0.22,0.11,0.05,0.02,0.01,0.00,0.00,inferred
East Cambridgeshire,2021-05-09,0.22,0.11,0.05,0.02,0.01,0.00,0.00,inferred
East Cambridgeshire,2021-05-10,0.22,0.11,0.05,0.02,0.01,0.00,0.00,inferred
East Cambridgeshire,2021-05-11,0.42,0.27,0.16,0.09,0.05,0.01,0.00,inferred
East Cambridgeshire,2021-05-12,0.42,0.27,0.16,0.09,0.05,0.01,0.00,inferred
East Cambridgeshire,2021-05-13,0.42,0.27,0.16,0.09,0.05,0.01,0.00,inferred
East Cambridgeshire,2021-05-14,0.42,0.27,0.16,0.09,0.05,0.01,0.00,inferred
East Cambridgeshire,2021-05-15,0.42,0.27,0.16,0.09,0.05,0.01,0.00,inferred
East Cambridgeshire,2021-05-16,0.42,0.27,0.16,0.09,0.05,0.01,0.00,inferred
East Cambridgeshire,2021-05-17,0.42,0.27,0.16,0.09,0.05,0.01,0.00,inferred
East Cambridgeshire,2021-05-18,0.83,0.70,0.54,0.41,0.31,0.09,0.00,inferred
East Cambridgeshire,2021-05-19,0.83,0.70,0.54,0.41,0.31,0.09,0.00,inferred
East Cambridgeshire,2021-05-20,0.83,0.70,0.54,0.41,0.31,0.09,0.00,inferred
East Cambridgeshire,2021-05-21,0.83,0.70,0.54,0.41,0.31,0.09,0.00,inferred
East Cambridgeshire,2021-05-22,0.83,0.70,0.54,0.41,0.31,0.09,0.00,inferred
East Cambridgeshire,2021-05-23,0.83,0.70,0.54,0.41,0.31,0.09,0.00,inferred
East Cambridgeshire,2021-05-24,0.83,0.70,0.54,0.41,0.31,0.09,0.00,inferred
East Cambridgeshire,2021-05-25,1.00,0.99,0.98,0.95,0.90,0.65,0.20,inferred
East Cambridgeshire,2021-05-26,1.00,0.99,0.98,0.95,0.90,0.65,0.20,inferred
East Cambridgeshire,2021-05-27,1.00,0.99,0.98,0.95,0.90,0.65,0.20,inferred
East Cambridgeshire,2021-05-28,1.00,0.99,0.98,0.95,0.90,0.65,0.20,inferred
East Cambridgeshire,2021-05-29,1.00,0.99,0.98,0.95,0.90,0.65,0.20,inferred
East Cambridgeshire,2021-05-30,1.00,0.99,0.98,0.95,0.90,0.65,0.20,inferred
East Cambridgeshire,2021-05-31,1.00,0.99,0.98,0.95,0.90,0.65,0.20,inferred
East Cambridgeshire,2021-06-01,1.00,0.99,0.96,0.93,0.87,0.56,0.13,inferred
East Cambridgeshire,2021-06-02,1.00,0.99,0.96,0.93,0.87,0.56,0.13,inferred
East Cambridgeshire,2021-06-03,1.00,0.99,0.96,0.93,0.87,0.56,0.13,inferred
East Cambridgeshire,2021-06-04,1.00,0.99,0.96,0.93,0.87,0.56,0.13,inferred
East Cambridgeshire,2021-06-05,1.00,0.99,0.96,0.93,0.87,0.56,0.13,inferred
East Cambridgeshire,2021-06-06,1.00,0.99,0.96,0.93,0.87,0.56,0.13,inferred
East Cambridgeshire,2021-06-07,1.00,0.99,0.96,0.93,0.87,0.56,0.13,inferred
East Cambridgeshire,2021-06-08,1.00,1.00,0.99,0.96,0.92,0.66,0.19,inferred
East Cambridgeshire,2021-06-09,1.00,1.00,0.99,0.96,0.92,0.66,0.19,inferred
East Cambridgeshire,2021-06-10,1.00,1.00,0.99,0.96,0.92,0.66,0.19,inferred
East Cambridgeshire,2021-06-11,1.00,1.00,0.99,0.96,0.92,0.66,0.19,inferred
East Cambridgeshire,2021-06-12,1.00,1.00,0.99,0.96,0.92,0.66,0.19,inferred
East Cambridgeshire,2021-06-13,1.00,1.00,0.99,0.96,0.92,0.66,0.19,inferred
East Cambridgeshire,2021-06-14,1.00,1.00,0.99,0.96,0.92,0.66,0.19,inferred
East Cambridgeshire,2021-06-15,1.00,1.00,1.00,0.99,0.99,0.83,0.30,inferred
East Cambridgeshire,2021-06-16,1.00,1.00,1.00,0.99,0.99,0.83,0.30,inferred
East Cambridgeshire,2021-06-17,1.00,1.00,1.00,0.99,0.99,0.83,0.30,inferred
East Cambridgeshire,2021-06-18,1.00,1.00,1.00,0.99,0.99,0.83,0.30,inferred
East Cambridgeshire,2021-06-19,1.00,1.00,1.00,0.99,0.99,0.83,0.30,inferred
East Cambridgeshire,2021-06-20,1.00,1.00,1.00,0.99,0.99,0.83,0.30,inferred
East Cambridgeshire,2021-06-21,1.00,1.00,1.00,0.99,0.99,0.83,0.30,inferred
East Cambridgeshire,2021-06-22,1.00,1.00,1.00,1.00,1.00,0.93,0.45,inferred
East Cambridgeshire,2021-06-23,1.00,1.00,1.00,1.00,1.00,0.93,0.45,inferred
East Cambridgeshire,2021-06-24,1.00,1.00,1.00,1.00,1.00,0.93,0.45,inferred
East Cambridgeshire,2021-06-25,1.00,1.00,1.00,1.00,1.00,0.93,0.45,inferred
East Cambridgeshire,2021-06-26,1.00,1.00,1.00,1.00,1.00,0.93,0.45,inferred
East Cambridgeshire,2021-06-27,1.00,1.00,1.00,1.00,1.00,0.93,0.45,inferred
East Cambridgeshire,2021-06-28,1.00,1.00,1.00,1.00,1.00,0.93,0.45,inferred
East Cambridgeshire,2021-06-29,1.00,1.00,0.99,0.98,0.95,0.73,0.24,inferred
East Cambridgeshire,2021-06-30,1.00,1.00,0.99,0.98,0.95,0.73,0.24,inferred
East Cambridgeshire,2021-07-01,1.00,1.00,0.99,0.98,0.95,0.73,0.24,inferred
East Cambridgeshire,2021-07-02,1.00,1.00,0.99,0.98,0.95,0.73,0.24,inferred
East Cambridgeshire,2021-07-03,1.00,1.00,0.99,0.98,0.95,0.73,0.24,inferred
East Cambridgeshire,2021-07-04,1.00,1.00,0.99,0.98,0.95,0.73,0.24,inferred
East Cambridgeshire,2021-07-05,1.00,1.00,0.99,0.98,0.95,0.73,0.24,inferred
East Cambridgeshire,2021-07-06,0.99,0.98,0.96,0.91,0.85,0.55,0.18,projected
East Cambridgeshire,2021-07-07,0.99,0.98,0.96,0.91,0.85,0.55,0.18,projected
East Cambridgeshire,2021-07-08,0.99,0.98,0.96,0.91,0.85,0.55,0.18,projected
East Cambridgeshire,2021-07-09,0.99,0.98,0.96,0.91,0.85,0.55,0.18,projected
East Cambridgeshire,2021-07-10,0.99,0.98,0.96,0.91,0.85,0.55,0.18,projected
East Cambridgeshire,2021-07-11,0.99,0.98,0.96,0.91,0.85,0.55,0.18,projected
East Cambridgeshire,2021-07-12,0.99,0.98,0.96,0.91,0.85,0.55,0.18,projected
East Cambridgeshire,2021-07-13,0.99,0.97,0.93,0.86,0.79,0.51,0.16,projected
East Cambridgeshire,2021-07-14,0.99,0.97,0.93,0.86,0.79,0.51,0.16,projected
East Cambridgeshire,2021-07-15,0.99,0.97,0.93,0.86,0.79,0.51,0.16,projected
East Cambridgeshire,2021-07-16,0.99,0.97,0.93,0.86,0.79,0.51,0.16,projected
East Cambridgeshire,2021-07-17,0.99,0.97,0.93,0.86,0.79,0.51,0.16,projected
East Cambridgeshire,2021-07-18,0.99,0.97,0.93,0.86,0.79,0.51,0.16,projected
East Cambridgeshire,2021-07-19,0.99,0.97,0.93,0.86,0.79,0.51,0.16,projected
East Cambridgeshire,2021-07-20,0.98,0.96,0.92,0.85,0.77,0.48,0.16,projected
East Cambridgeshire,2021-07-21,0.98,0.96,0.92,0.85,0.77,0.48,0.16,projected
East Cambridgeshire,2021-07-22,0.98,0.96,0.92,0.85,0.77,0.48,0.16,projected
East Cambridgeshire,2021-07-23,0.98,0.96,0.92,0.85,0.77,0.48,0.16,projected
East Cambridgeshire,2021-07-24,0.98,0.96,0.92,0.85,0.77,0.48,0.16,projected
East Cambridgeshire,2021-07-25,0.98,0.96,0.92,0.85,0.77,0.48,0.16,projected
East Cambridgeshire,2021-07-26,0.98,0.96,0.92,0.85,0.77,0.48,0.16,projected
East Devon,2021-03-23,0.00,0.00,0.00,0.00,0.00,0.00,0.00,inferred
East Devon,2021-03-24,0.00,0.00,0.00,0.00,0.00,0.00,0.00,inferred
East Devon,2021-03-25,0.00,0.00,0.00,0.00,0.00,0.00,0.00,inferred
East Devon,2021-03-26,0.00,0.00,0.00,0.00,0.00,0.00,0.00,inferred
East Devon,2021-03-27,0.00,0.00,0.00,0.00,0.00,0.00,0.00,inferred
East Devon,2021-03-28,0.00,0.00,0.00,0.00,0.00,0.00,0.00,inferred
East Devon,2021-03-29,0.00,0.00,0.00,0.00,0.00,0.00,0.00,inferred
East Devon,2021-03-30,0.07,0.03,0.01,0.00,0.00,0.00,0.00,inferred
East Devon,2021-03-31,0.07,0.03,0.01,0.00,0.00,0.00,0.00,inferred
East Devon,2021-04-01,0.07,0.03,0.01,0.00,0.00,0.00,0.00,inferred
East Devon,2021-04-02,0.07,0.03,0.01,0.00,0.00,0.00,0.00,inferred
East Devon,2021-04-03,0.07,0.03,0.01,0.00,0.00,0.00,0.00,inferred
East Devon,2021-04-04,0.07,0.03,0.01,0.00,0.00,0.00,0.00,inferred
East Devon,2021-04-05,0.07,0.03,0.01,0.00,0.00,0.00,0.00,inferred
East Devon,2021-04-06,0.64,0.48,0.33,0.20,0.12,0.01,0.00,inferred
East Devon,2021-04-07,0.64,0.48,0.33,0.20,0.12,0.01,0.00,inferred
East Devon,2021-04-08,0.64,0.48,0.33,0.20,0.12,0.01,0.00,inferred
East Devon,2021-04-09,0.64,0.48,0.33,0.20,0.12,0.01,0.00,inferred
East Devon,2021-04-10,0.64,0.48,0.33,0.20,0.12,0.01,0.00,inferred
East Devon,2021-04-11,0.64,0.48,0.33,0.20,0.12,0.01,0.00,inferred
East Devon,2021-04-12,0.64,0.48,0.33,0.20,0.12,0.01,0.00,inferred
East Devon,2021-04-13,0.95,0.90,0.80,0.70,0.56,0.20,0.01,inferred
East Devon,2021-04-14,0.95,0.90,0.80,0.70,0.56,0.20,0.01,inferred
East Devon,2021-04-15,0.95,0.90,0.80,0.70,0.56,0.20,0.01,inferred
East Devon,2021-04-16,0.95,0.90,0.80,0.70,0.56,0.20,0.01,inferred
East Devon,2021-04-17,0.95,0.90,0.80,0.70,0.56,0.20,0.01,inferred
East Devon,2021-04-18,0.95,0.90,0.80,0.70,0.56,0.20,0.01,inferred
East Devon,2021-04-19,0.95,0.90,0.80,0.70,0.56,0.20,0.01,inferred
East Devon,2021-04-20,0.84,0.70,0.56,0.40,0.27,0.06,0.00,inferred
East Devon,2021-04-21,0.84,0.70,0.56,0.40,0.27,0.06,0.00,inferred
East Devon,2021-04-22,0.84,0.70,0.56,0.40,0.27,0.06,0.00,inferred
East Devon,2021-04-23,0.84,0.70,0.56,0.40,0.27,0.06,0.00,inferred
East Devon,2021-04-24,0.84,0.70,0.56,0.40,0.27,0.06,0.00,inferred
East Devon,2021-04-25,0.84,0.70,0.56,0.40,0.27,0.06,0.00,inferred
East Devon,2021-04-26,0.84,0.70,0.56,0.40,0.27,0.06,0.00,inferred
East Devon,2021-04-27,0.64,0.46,0.30,0.19,0.11,0.01,0.00,inferred
East Devon,2021-04-28,0.64,0.46,0.30,0.19,0.11,0.01,0.00,inferred
East Devon,2021-04-29,0.64,0.46,0.30,0.19,0.11,0.01,0.00,inferred
East Devon,2021-04-30,0.64,0.46,0.30,0.19,0.11,0.01,0.00,inferred
East Devon,2021-05-01,0.64,0.46,0.30,0.19,0.11,0.01,0.00,inferred
East Devon,2021-05-02,0.64,0.46,0.30,0.19,0.11,0.01,0.00,inferred
East Devon,2021-05-03,0.64,0.46,0.30,0.19,0.11,0.01,0.00,inferred
East Devon,2021-05-04,0.43,0.26,0.15,0.08,0.04,0.00,0.00,inferred
East Devon,2021-05-05,0.43,0.26,0.15,0.08,0.04,0.00,0.00,inferred
East Devon,2021-05-06,0.43,0.26,0.15,0.08,0.04,0.00,0.00,inferred
East Devon,2021-05-07,0.43,0.26,0.15,0.08,0.04,0.00,0.00,inferred
East Devon,2021-05-08,0.43,0.26,0.15,0.08,0.04,0.00,0.00,inferred
East Devon,2021-05-09,0.43,0.26,0.15,0.08,0.04,0.00,0.00,inferred
East Devon,2021-05-10,0.43,0.26,0.15,0.08,0.04,0.00,0.00,inferred
East Devon,2021-05-11,0.48,0.31,0.17,0.10,0.05,0.01,0.00,inferred
East Devon,2021-05-12,0.48,0.31,0.17,0.10,0.05,0.01,0.00,inferred
East Devon,2021-05-13,0.48,0.31,0.17,0.10,0.05,0.01,0.00,inferred
East Devon,2021-05-14,0.48,0.31,0.17,0.10,0.05,0.01,0.00,inferred
East Devon,2021-05-15,0.48,0.31,0.17,0.10,0.05,0.01,0.00,inferred
East Devon,2021-05-16,0.48,0.31,0.17,0.10,0.05,0.01,0.00,inferred
East Devon,2021-05-17,0.48,0.31,0.17,0.10,0.05,0.01,0.00,inferred
East Devon,2021-05-18,0.77,0.64,0.50,0.36,0.24,0.05,0.01,inferred
East Devon,2021-05-19,0.77,0.64,0.50,0.36,0.24,0.05,0.01,inferred
East Devon,2021-05-20,0.77,0.64,0.50,0.36,0.24,0.05,0.01,inferred
East Devon,2021-05-21,0.77,0.64,0.50,0.36,0.24,0.05,0.01,inferred
East Devon,2021-05-22,0.77,0.64,0.50,0.36,0.24,0.05,0.01,inferred
East Devon,2021-05-23,0.77,0.64,0.50,0.36,0.24,0.05,0.01,inferred
East Devon,2021-05-24,0.77,0.64,0.50,0.36,0.24,0.05,0.01,inferred
East Devon,2021-05-25,0.97,0.93,0.86,0.77,0.67,0.34,0.06,inferred
East Devon,2021-05-26,0.97,0.93,0.86,0.77,0.67,0.34,0.06,inferred
East Devon,2021-05-27,0.97,0.93,0.86,0.77,0.67,0.34,0.06,inferred
East Devon,2021-05-28,0.97,0.93,0.86,0.77,0.67,0.34,0.06,inferred
East Devon,2021-05-29,0.97,0.93,0.86,0.77,0.67,0.34,0.06,inferred
East Devon,2021-05-30,0.97,0.93,0.86,0.77,0.67,0.34,0.06,inferred
East Devon,2021-05-31,0.97,0.93,0.86,0.77,0.67,0.34,0.06,inferred
East Devon,2021-06-01,1.00,1.00,1.00,1.00,0.99,0.92,0.58,inferred
East Devon,2021-06-02,1.00,1.00,1.00,1.00,0.99,0.92,0.58,inferred
East Devon,2021-06-03,1.00,1.00,1.00,1.00,0.99,0.92,0.58,inferred
East Devon,2021-06-04,1.00,1.00,1.00,1.00,0.99,0.92,0.58,inferred
East Devon,2021-06-05,1.00,1.00,1.00,1.00,0.99,0.92,0.58,inferred
East Devon,2021-06-06,1.00,1.00,1.00,1.00,0.99,0.92,0.58,inferred
East Devon,2021-06-07,1.00,1.00,1.00,1.00,0.99,0.92,0.58,inferred
East Devon,2021-06-08,1.00,1.00,1.00,1.00,1.00,0.99,0.85,inferred
East Devon,2021-06-09,1.00,1.00,1.00,1.00,1.00,0.99,0.85,inferred
East Devon,2021-06-10,1.00,1.00,1.00,1.00,1.00,0.99,0.85,inferred
East Devon,2021-06-11,1.00,1.00,1.00,1.00,1.00,0.99,0.85,inferred
East Devon,2021-06-12,1.00,1.00,1.00,1.00,1.00,0.99,0.85,inferred
East Devon,2021-06-13,1.00,1.00,1.00,1.00,1.00,0.99,0.85,inferred
East Devon,2021-06-14,1.00,1.00,1.00,1.00,1.00,0.99,0.85,inferred
East Devon,2021-06-15,1.00,1.00,1.00,1.00,1.00,0.99,0.83,inferred
East Devon,2021-06-16,1.00,1.00,1.00,1.00,1.00,0.99,0.83,inferred
East Devon,2021-06-17,1.00,1.00,1.00,1.00,1.00,0.99,0.83,inferred
East Devon,2021-06-18,1.00,1.00,1.00,1.00,1.00,0.99,0.83,inferred
East Devon,2021-06-19,1.00,1.00,1.00,1.00,1.00,0.99,0.83,inferred
East Devon,2021-06-20,1.00,1.00,1.00,1.00,1.00,0.99,0.83,inferred
East Devon,2021-06-21,1.00,1.00,1.00,1.00,1.00,0.99,0.83,inferred
East Devon,2021-06-22,1.00,1.00,1.00,0.99,0.97,0.60,0.06,inferred
East Devon,2021-06-23,1.00,1.00,1.00,0.99,0.97,0.60,0.06,inferred
East Devon,2021-06-24,1.00,1.00,1.00,0.99,0.97,0.60,0.06,inferred
East Devon,2021-06-25,1.00,1.00,1.00,0.99,0.97,0.60,0.06,inferred
East Devon,2021-06-26,1.00,1.00,1.00,0.99,0.97,0.60,0.06,inferred
East Devon,2021-06-27,1.00,1.00,1.00,0.99,0.97,0.60,0.06,inferred
East Devon,2021-06-28,1.00,1.00,1.00,0.99,0.97,0.60,0.06,inferred
East Devon,2021-06-29,1.00,1.00,0.99,0.98,0.97,0.83,0.34,inferred
East Devon,2021-06-30,1.00,1.00,0.99,0.98,0.97,0.83,0.34,inferred
East Devon,2021-07-01,1.00,1.00,0.99,0.98,0.97,0.83,0.34,inferred
East Devon,2021-07-02,1.00,1.00,0.99,0.98,0.97,0.83,0.34,inferred
East Devon,2021-07-03,1.00,1.00,0.99,0.98,0.97,0.83,0.34,inferred
East Devon,2021-07-04,1.00,1.00,0.99,0.98,0.97,0.83,0.34,inferred
East Devon,2021-07-05,1.00,1.00,0.99,0.98,0.97,0.83,0.34,inferred
East Devon,2021-07-06,0.99,0.97,0.93,0.88,0.83,0.63,0.31,projected
East Devon,2021-07-07,0.99,0.97,0.93,0.88,0.83,0.63,0.31,projected
East Devon,2021-07-08,0.99,0.97,0.93,0.88,0.83,0.63,0.31,projected
East Devon,2021-07-09,0.99,0.97,0.93,0.88,0.83,0.63,0.31,projected
East Devon,2021-07-10,0.99,0.97,0.93,0.88,0.83,0.63,0.31,projected
East Devon,2021-07-11,0.99,0.97,0.93,0.88,0.83,0.63,0.31,projected
East Devon,2021-07-12,0.99,0.97,0.93,0.88,0.83,0.63,0.31,projected
East Devon,2021-07-13,0.96,0.92,0.88,0.82,0.77,0.59,0.32,projected
East Devon,2021-07-14,0.96,0.92,0.88,0.82,0.77,0.59,0.32,projected
East Devon,2021-07-15,0.96,0.92,0.88,0.82,0.77,0.59,0.32,projected
East Devon,2021-07-16,0.96,0.92,0.88,0.82,0.77,0.59,0.32,projected
East Devon,2021-07-17,0.96,0.92,0.88,0.82,0.77,0.59,0.32,projected
East Devon,2021-07-18,0.96,0.92,0.88,0.82,0.77,0.59,0.32,projected
East Devon,2021-07-19,0.96,0.92,0.88,0.82,0.77,0.59,0.32,projected
East Devon,2021-07-20,0.94,0.90,0.85,0.80,0.74,0.56,0.33,projected
East Devon,2021-07-21,0.94,0.90,0.85,0.80,0.74,0.56,0.33,projected
East Devon,2021-07-22,0.94,0.90,0.85,0.80,0.74,0.56,0.33,projected
East Devon,2021-07-23,0.94,0.90,0.85,0.80,0.74,0.56,0.33,projected
East Devon,2021-07-24,0.94,0.90,0.85,0.80,0.74,0.56,0.33,projected
East Devon,2021-07-25,0.94,0.90,0.85,0.80,0.74,0.56,0.33,projected
East Devon,2021-07-26,0.94,0.90,0.85,0.80,0.74,0.56,0.33,projected
East Dunbartonshire,2021-03-23,0.41,0.08,0.01,0.00,0.00,0.00,0.00,inferred
East Dunbartonshire,2021-03-24,0.41,0.08,0.01,0.00,0.00,0.00,0.00,inferred
East Dunbartonshire,2021-03-25,0.41,0.08,0.01,0.00,0.00,0.00,0.00,inferred
East Dunbartonshire,2021-03-26,0.41,0.08,0.01,0.00,0.00,0.00,0.00,inferred
East Dunbartonshire,2021-03-27,0.41,0.08,0.01,0.00,0.00,0.00,0.00,inferred
East Dunbartonshire,2021-03-28,0.41,0.08,0.01,0.00,0.00,0.00,0.00,inferred
East Dunbartonshire,2021-03-29,0.41,0.08,0.01,0.00,0.00,0.00,0.00,inferred
East Dunbartonshire,2021-03-30,0.33,0.10,0.02,0.00,0.00,0.00,0.00,inferred
East Dunbartonshire,2021-03-31,0.33,0.10,0.02,0.00,0.00,0.00,0.00,inferred
East Dunbartonshire,2021-04-01,0.33,0.10,0.02,0.00,0.00,0.00,0.00,inferred
East Dunbartonshire,2021-04-02,0.33,0.10,0.02,0.00,0.00,0.00,0.00,inferred
East Dunbartonshire,2021-04-03,0.33,0.10,0.02,0.00,0.00,0.00,0.00,inferred
East Dunbartonshire,2021-04-04,0.33,0.10,0.02,0.00,0.00,0.00,0.00,inferred
East Dunbartonshire,2021-04-05,0.33,0.10,0.02,0.00,0.00,0.00,0.00,inferred
East Dunbartonshire,2021-04-06,0.65,0.33,0.11,0.02,0.00,0.00,0.00,inferred
East Dunbartonshire,2021-04-07,0.65,0.33,0.11,0.02,0.00,0.00,0.00,inferred
East Dunbartonshire,2021-04-08,0.65,0.33,0.11,0.02,0.00,0.00,0.00,inferred
East Dunbartonshire,2021-04-09,0.65,0.33,0.11,0.02,0.00,0.00,0.00,inferred
East Dunbartonshire,2021-04-10,0.65,0.33,0.11,0.02,0.00,0.00,0.00,inferred
East Dunbartonshire,2021-04-11,0.65,0.33,0.11,0.02,0.00,0.00,0.00,inferred
East Dunbartonshire,2021-04-12,0.65,0.33,0.11,0.02,0.00,0.00,0.00,inferred
East Dunbartonshire,2021-04-13,0.19,0.04,0.00,0.00,0.00,0.00,0.00,inferred
East Dunbartonshire,2021-04-14,0.19,0.04,0.00,0.00,0.00,0.00,0.00,inferred
East Dunbartonshire,2021-04-15,0.19,0.04,0.00,0.00,0.00,0.00,0.00,inferred
East Dunbartonshire,2021-04-16,0.19,0.04,0.00,0.00,0.00,0.00,0.00,inferred
East Dunbartonshire,2021-04-17,0.19,0.04,0.00,0.00,0.00,0.00,0.00,inferred
East Dunbartonshire,2021-04-18,0.19,0.04,0.00,0.00,0.00,0.00,0.00,inferred
East Dunbartonshire,2021-04-19,0.19,0.04,0.00,0.00,0.00,0.00,0.00,inferred
East Dunbartonshire,2021-04-20,0.29,0.09,0.02,0.00,0.00,0.00,0.00,inferred
East Dunbartonshire,2021-04-21,0.29,0.09,0.02,0.00,0.00,0.00,0.00,inferred
East Dunbartonshire,2021-04-22,0.29,0.09,0.02,0.00,0.00,0.00,0.00,inferred
East Dunbartonshire,2021-04-23,0.29,0.09,0.02,0.00,0.00,0.00,0.00,inferred
East Dunbartonshire,2021-04-24,0.29,0.09,0.02,0.00,0.00,0.00,0.00,inferred
East Dunbartonshire,2021-04-25,0.29,0.09,0.02,0.00,0.00,0.00,0.00,inferred
East Dunbartonshire,2021-04-26,0.29,0.09,0.02,0.00,0.00,0.00,0.00,inferred
East Dunbartonshire,2021-04-27,0.99,0.96,0.88,0.74,0.56,0.10,0.00,inferred
East Dunbartonshire,2021-04-28,0.99,0.96,0.88,0.74,0.56,0.10,0.00,inferred
East Dunbartonshire,2021-04-29,0.99,0.96,0.88,0.74,0.56,0.10,0.00,inferred
East Dunbartonshire,2021-04-30,0.99,0.96,0.88,0.74,0.56,0.10,0.00,inferred
East Dunbartonshire,2021-05-01,0.99,0.96,0.88,0.74,0.56,0.10,0.00,inferred
East Dunbartonshire,2021-05-02,0.99,0.96,0.88,0.74,0.56,0.10,0.00,inferred
East Dunbartonshire,2021-05-03,0.99,0.96,0.88,0.74,0.56,0.10,0.00,inferred
East Dunbartonshire,2021-05-04,1.00,1.00,1.00,1.00,1.00,0.95,0.48,inferred
East Dunbartonshire,2021-05-05,1.00,1.00,1.00,1.00,1.00,0.95,0.48,inferred
East Dunbartonshire,2021-05-06,1.00,1.00,1.00,1.00,1.00,0.95,0.48,inferred
East Dunbartonshire,2021-05-07,1.00,1.00,1.00,1.00,1.00,0.95,0.48,inferred
East Dunbartonshire,2021-05-08,1.00,1.00,1.00,1.00,1.00,0.95,0.48,inferred
East Dunbartonshire,2021-05-09,1.00,1.00,1.00,1.00,1.00,0.95,0.48,inferred
East Dunbartonshire,2021-05-10,1.00,1.00,1.00,1.00,1.00,0.95,0.48,inferred
East Dunbartonshire,2021-05-11,1.00,1.00,1.00,0.99,0.97,0.65,0.06,inferred
East Dunbartonshire,2021-05-12,1.00,1.00,1.00,0.99,0.97,0.65,0.06,inferred
East Dunbartonshire,2021-05-13,1.00,1.00,1.00,0.99,0.97,0.65,0.06,inferred
East Dunbartonshire,2021-05-14,1.00,1.00,1.00,0.99,0.97,0.65,0.06,inferred
East Dunbartonshire,2021-05-15,1.00,1.00,1.00,0.99,0.97,0.65,0.06,inferred
East Dunbartonshire,2021-05-16,1.00,1.00,1.00,0.99,0.97,0.65,0.06,inferred
East Dunbartonshire,2021-05-17,1.00,1.00,1.00,0.99,0.97,0.65,0.06,inferred
East Dunbartonshire,2021-05-18,1.00,0.98,0.89,0.65,0.39,0.01,0.00,inferred
East Dunbartonshire,2021-05-19,1.00,0.98,0.89,0.65,0.39,0.01,0.00,inferred
East Dunbartonshire,2021-05-20,1.00,0.98,0.89,0.65,0.39,0.01,0.00,inferred
East Dunbartonshire,2021-05-21,1.00,0.98,0.89,0.65,0.39,0.01,0.00,inferred
East Dunbartonshire,2021-05-22,1.00,0.98,0.89,0.65,0.39,0.01,0.00,inferred
East Dunbartonshire,2021-05-23,1.00,0.98,0.89,0.65,0.39,0.01,0.00,inferred
East Dunbartonshire,2021-05-24,1.00,0.98,0.89,0.65,0.39,0.01,0.00,inferred
East Dunbartonshire,2021-05-25,1.00,0.99,0.90,0.65,0.32,0.00,0.00,inferred
East Dunbartonshire,2021-05-26,1.00,0.99,0.90,0.65,0.32,0.00,0.00,inferred
East Dunbartonshire,2021-05-27,1.00,0.99,0.90,0.65,0.32,0.00,0.00,inferred
East Dunbartonshire,2021-05-28,1.00,0.99,0.90,0.65,0.32,0.00,0.00,inferred
East Dunbartonshire,2021-05-29,1.00,0.99,0.90,0.65,0.32,0.00,0.00,inferred
East Dunbartonshire,2021-05-30,1.00,0.99,0.90,0.65,0.32,0.00,0.00,inferred
East Dunbartonshire,2021-05-31,1.00,0.99,0.90,0.65,0.32,0.00,0.00,inferred
East Dunbartonshire,2021-06-01,1.00,0.95,0.76,0.39,0.15,0.00,0.00,inferred
East Dunbartonshire,2021-06-02,1.00,0.95,0.76,0.39,0.15,0.00,0.00,inferred
East Dunbartonshire,2021-06-03,1.00,0.95,0.76,0.39,0.15,0.00,0.00,inferred
East Dunbartonshire,2021-06-04,1.00,0.95,0.76,0.39,0.15,0.00,0.00,inferred
East Dunbartonshire,2021-06-05,1.00,0.95,0.76,0.39,0.15,0.00,0.00,inferred
East Dunbartonshire,2021-06-06,1.00,0.95,0.76,0.39,0.15,0.00,0.00,inferred
East Dunbartonshire,2021-06-07,1.00,0.95,0.76,0.39,0.15,0.00,0.00,inferred
East Dunbartonshire,2021-06-08,1.00,0.98,0.89,0.60,0.27,0.00,0.00,inferred
East Dunbartonshire,2021-06-09,1.00,0.98,0.89,0.60,0.27,0.00,0.00,inferred
East Dunbartonshire,2021-06-10,1.00,0.98,0.89,0.60,0.27,0.00,0.00,inferred
East Dunbartonshire,2021-06-11,1.00,0.98,0.89,0.60,0.27,0.00,0.00,inferred
East Dunbartonshire,2021-06-12,1.00,0.98,0.89,0.60,0.27,0.00,0.00,inferred
East Dunbartonshire,2021-06-13,1.00,0.98,0.89,0.60,0.27,0.00,0.00,inferred
East Dunbartonshire,2021-06-14,1.00,0.98,0.89,0.60,0.27,0.00,0.00,inferred
East Dunbartonshire,2021-06-15,1.00,1.00,1.00,1.00,1.00,1.00,0.66,inferred
East Dunbartonshire,2021-06-16,1.00,1.00,1.00,1.00,1.00,1.00,0.66,inferred
East Dunbartonshire,2021-06-17,1.00,1.00,1.00,1.00,1.00,1.00,0.66,inferred
East Dunbartonshire,2021-06-18,1.00,1.00,1.00,1.00,1.00,1.00,0.66,inferred
East Dunbartonshire,2021-06-19,1.00,1.00,1.00,1.00,1.00,1.00,0.66,inferred
East Dunbartonshire,2021-06-20,1.00,1.00,1.00,1.00,1.00,1.00,0.66,inferred
East Dunbartonshire,2021-06-21,1.00,1.00,1.00,1.00,1.00,1.00,0.66,inferred
East Dunbartonshire,2021-06-22,1.00,1.00,1.00,1.00,1.00,0.77,0.10,inferred
East Dunbartonshire,2021-06-23,1.00,1.00,1.00,1.00,1.00,0.77,0.10,inferred
East Dunbartonshire,2021-06-24,1.00,1.00,1.00,1.00,1.00,0.77,0.10,inferred
East Dunbartonshire,2021-06-25,1.00,1.00,1.00,1.00,1.00,0.77,0.10,inferred
East Dunbartonshire,2021-06-26,1.00,1.00,1.00,1.00,1.00,0.77,0.10,inferred
East Dunbartonshire,2021-06-27,1.00,1.00,1.00,1.00,1.00,0.77,0.10,inferred
East Dunbartonshire,2021-06-28,1.00,1.00,1.00,1.00,1.00,0.77,0.10,inferred
East Dunbartonshire,2021-06-29,0.10,0.03,0.01,0.00,0.00,0.00,0.00,inferred
East Dunbartonshire,2021-06-30,0.10,0.03,0.01,0.00,0.00,0.00,0.00,inferred
East Dunbartonshire,2021-07-01,0.10,0.03,0.01,0.00,0.00,0.00,0.00,inferred
East Dunbartonshire,2021-07-02,0.10,0.03,0.01,0.00,0.00,0.00,0.00,inferred
East Dunbartonshire,2021-07-03,0.10,0.03,0.01,0.00,0.00,0.00,0.00,inferred
East Dunbartonshire,2021-07-04,0.10,0.03,0.01,0.00,0.00,0.00,0.00,inferred
East Dunbartonshire,2021-07-05,0.10,0.03,0.01,0.00,0.00,0.00,0.00,inferred
East Dunbartonshire,2021-07-06,0.30,0.21,0.15,0.10,0.07,0.03,0.01,projected
East Dunbartonshire,2021-07-07,0.30,0.21,0.15,0.10,0.07,0.03,0.01,projected
East Dunbartonshire,2021-07-08,0.30,0.21,0.15,0.10,0.07,0.03,0.01,projected
East Dunbartonshire,2021-07-09,0.30,0.21,0.15,0.10,0.07,0.03,0.01,projected
East Dunbartonshire,2021-07-10,0.30,0.21,0.15,0.10,0.07,0.03,0.01,projected
East Dunbartonshire,2021-07-11,0.30,0.21,0.15,0.10,0.07,0.03,0.01,projected
East Dunbartonshire,2021-07-12,0.30,0.21,0.15,0.10,0.07,0.03,0.01,projected
East Dunbartonshire,2021-07-13,0.36,0.28,0.22,0.18,0.14,0.07,0.02,projected
East Dunbartonshire,2021-07-14,0.36,0.28,0.22,0.18,0.14,0.07,0.02,projected
East Dunbartonshire,2021-07-15,0.36,0.28,0.22,0.18,0.14,0.07,0.02,projected
East Dunbartonshire,2021-07-16,0.36,0.28,0.22,0.18,0.14,0.07,0.02,projected
East Dunbartonshire,2021-07-17,0.36,0.28,0.22,0.18,0.14,0.07,0.02,projected
East Dunbartonshire,2021-07-18,0.36,0.28,0.22,0.18,0.14,0.07,0.02,projected
East Dunbartonshire,2021-07-19,0.36,0.28,0.22,0.18,0.14,0.07,0.02,projected
East Dunbartonshire,2021-07-20,0.42,0.34,0.30,0.24,0.20,0.12,0.06,projected
East Dunbartonshire,2021-07-21,0.42,0.34,0.30,0.24,0.20,0.12,0.06,projected
East Dunbartonshire,2021-07-22,0.42,0.34,0.30,0.24,0.20,0.12,0.06,projected
East Dunbartonshire,2021-07-23,0.42,0.34,0.30,0.24,0.20,0.12,0.06,projected
East Dunbartonshire,2021-07-24,0.42,0.34,0.30,0.24,0.20,0.12,0.06,projected
East Dunbartonshire,2021-07-25,0.42,0.34,0.30,0.24,0.20,0.12,0.06,projected
East Dunbartonshire,2021-07-26,0.42,0.34,0.30,0.24,0.20,0.12,0.06,projected
East Hampshire,2021-03-23,0.03,0.01,0.00,0.00,0.00,0.00,0.00,inferred
East Hampshire,2021-03-24,0.03,0.01,0.00,0.00,0.00,0.00,0.00,inferred
East Hampshire,2021-03-25,0.03,0.01,0.00,0.00,0.00,0.00,0.00,inferred
East Hampshire,2021-03-26,0.03,0.01,0.00,0.00,0.00,0.00,0.00,inferred
East Hampshire,2021-03-27,0.03,0.01,0.00,0.00,0.00,0.00,0.00,inferred
East Hampshire,2021-03-28,0.03,0.01,0.00,0.00,0.00,0.00,0.00,inferred
East Hampshire,2021-03-29,0.03,0.01,0.00,0.00,0.00,0.00,0.00,inferred
East Hampshire,2021-03-30,0.50,0.32,0.16,0.08,0.03,0.00,0.00,inferred
East Hampshire,2021-03-31,0.50,0.32,0.16,0.08,0.03,0.00,0.00,inferred
East Hampshire,2021-04-01,0.50,0.32,0.16,0.08,0.03,0.00,0.00,inferred
East Hampshire,2021-04-02,0.50,0.32,0.16,0.08,0.03,0.00,0.00,inferred
East Hampshire,2021-04-03,0.50,0.32,0.16,0.08,0.03,0.00,0.00,inferred
East Hampshire,2021-04-04,0.50,0.32,0.16,0.08,0.03,0.00,0.00,inferred
East Hampshire,2021-04-05,0.50,0.32,0.16,0.08,0.03,0.00,0.00,inferred
East Hampshire,2021-04-06,0.89,0.76,0.63,0.46,0.30,0.07,0.00,inferred
East Hampshire,2021-04-07,0.89,0.76,0.63,0.46,0.30,0.07,0.00,inferred
East Hampshire,2021-04-08,0.89,0.76,0.63,0.46,0.30,0.07,0.00,inferred
East Hampshire,2021-04-09,0.89,0.76,0.63,0.46,0.30,0.07,0.00,inferred
East Hampshire,2021-04-10,0.89,0.76,0.63,0.46,0.30,0.07,0.00,inferred
East Hampshire,2021-04-11,0.89,0.76,0.63,0.46,0.30,0.07,0.00,inferred
East Hampshire,2021-04-12,0.89,0.76,0.63,0.46,0.30,0.07,0.00,inferred
East Hampshire,2021-04-13,0.95,0.89,0.77,0.61,0.45,0.11,0.01,inferred
East Hampshire,2021-04-14,0.95,0.89,0.77,0.61,0.45,0.11,0.01,inferred
East Hampshire,2021-04-15,0.95,0.89,0.77,0.61,0.45,0.11,0.01,inferred
East Hampshire,2021-04-16,0.95,0.89,0.77,0.61,0.45,0.11,0.01,inferred
East Hampshire,2021-04-17,0.95,0.89,0.77,0.61,0.45,0.11,0.01,inferred
East Hampshire,2021-04-18,0.95,0.89,0.77,0.61,0.45,0.11,0.01,inferred
East Hampshire,2021-04-19,0.95,0.89,0.77,0.61,0.45,0.11,0.01,inferred
East Hampshire,2021-04-20,0.55,0.36,0.21,0.10,0.05,0.00,0.00,inferred
East Hampshire,2021-04-21,0.55,0.36,0.21,0.10,0.05,0.00,0.00,inferred
East Hampshire,2021-04-22,0.55,0.36,0.21,0.10,0.05,0.00,0.00,inferred
East Hampshire,2021-04-23,0.55,0.36,0.21,0.10,0.05,0.00,0.00,inferred
East Hampshire,2021-04-24,0.55,0.36,0.21,0.10,0.05,0.00,0.00,inferred
East Hampshire,2021-04-25,0.55,0.36,0.21,0.10,0.05,0.00,0.00,inferred
East Hampshire,2021-04-26,0.55,0.36,0.21,0.10,0.05,0.00,0.00,inferred
East Hampshire,2021-04-27,0.73,0.56,0.39,0.25,0.13,0.02,0.00,inferred
East Hampshire,2021-04-28,0.73,0.56,0.39,0.25,0.13,0.02,0.00,inferred
East Hampshire,2021-04-29,0.73,0.56,0.39,0.25,0.13,0.02,0.00,inferred
East Hampshire,2021-04-30,0.73,0.56,0.39,0.25,0.13,0.02,0.00,inferred
East Hampshire,2021-05-01,0.73,0.56,0.39,0.25,0.13,0.02,0.00,inferred
East Hampshire,2021-05-02,0.73,0.56,0.39,0.25,0.13,0.02,0.00,inferred
East Hampshire,2021-05-03,0.73,0.56,0.39,0.25,0.13,0.02,0.00,inferred
East Hampshire,2021-05-04,0.55,0.38,0.23,0.12,0.07,0.00,0.00,inferred
East Hampshire,2021-05-05,0.55,0.38,0.23,0.12,0.07,0.00,0.00,inferred
East Hampshire,2021-05-06,0.55,0.38,0.23,0.12,0.07,0.00,0.00,inferred
East Hampshire,2021-05-07,0.55,0.38,0.23,0.12,0.07,0.00,0.00,inferred
East Hampshire,2021-05-08,0.55,0.38,0.23,0.12,0.07,0.00,0.00,inferred
East Hampshire,2021-05-09,0.55,0.38,0.23,0.12,0.07,0.00,0.00,inferred
East Hampshire,2021-05-10,0.55,0.38,0.23,0.12,0.07,0.00,0.00,inferred
East Hampshire,2021-05-11,0.86,0.73,0.59,0.43,0.29,0.06,0.00,inferred
East Hampshire,2021-05-12,0.86,0.73,0.59,0.43,0.29,0.06,0.00,inferred
East Hampshire,2021-05-13,0.86,0.73,0.59,0.43,0.29,0.06,0.00,inferred
East Hampshire,2021-05-14,0.86,0.73,0.59,0.43,0.29,0.06,0.00,inferred
East Hampshire,2021-05-15,0.86,0.73,0.59,0.43,0.29,0.06,0.00,inferred
East Hampshire,2021-05-16,0.86,0.73,0.59,0.43,0.29,0.06,0.00,inferred
East Hampshire,2021-05-17,0.86,0.73,0.59,0.43,0.29,0.06,0.00,inferred
East Hampshire,2021-05-18,0.97,0.92,0.86,0.75,0.62,0.26,0.02,inferred
East Hampshire,2021-05-19,0.97,0.92,0.86,0.75,0.62,0.26,0.02,inferred
East Hampshire,2021-05-20,0.97,0.92,0.86,0.75,0.62,0.26,0.02,inferred
East Hampshire,2021-05-21,0.97,0.92,0.86,0.75,0.62,0.26,0.02,inferred
East Hampshire,2021-05-22,0.97,0.92,0.86,0.75,0.62,0.26,0.02,inferred
East Hampshire,2021-05-23,0.97,0.92,0.86,0.75,0.62,0.26,0.02,inferred
East Hampshire,2021-05-24,0.97,0.92,0.86,0.75,0.62,0.26,0.02,inferred
East Hampshire,2021-05-25,1.00,1.00,1.00,0.99,0.98,0.84,0.32,inferred
East Hampshire,2021-05-26,1.00,1.00,1.00,0.99,0.98,0.84,0.32,inferred
East Hampshire,2021-05-27,1.00,1.00,1.00,0.99,0.98,0.84,0.32,inferred
East Hampshire,2021-05-28,1.00,1.00,1.00,0.99,0.98,0.84,0.32,inferred
East Hampshire,2021-05-29,1.00,1.00,1.00,0.99,0.98,0.84,0.32,inferred
East Hampshire,2021-05-30,1.00,1.00,1.00,0.99,0.98,0.84,0.32,inferred
East Hampshire,2021-05-31,1.00,1.00,1.00,0.99,0.98,0.84,0.32,inferred
East Hampshire,2021-06-01,1.00,1.00,0.98,0.96,0.89,0.51,0.06,inferred
East Hampshire,2021-06-02,1.00,1.00,0.98,0.96,0.89,0.51,0.06,inferred
East Hampshire,2021-06-03,1.00,1.00,0.98,0.96,0.89,0.51,0.06,inferred
East Hampshire,2021-06-04,1.00,1.00,0.98,0.96,0.89,0.51,0.06,inferred
East Hampshire,2021-06-05,1.00,1.00,0.98,0.96,0.89,0.51,0.06,inferred
East Hampshire,2021-06-06,1.00,1.00,0.98,0.96,0.89,0.51,0.06,inferred
East Hampshire,2021-06-07,1.00,1.00,0.98,0.96,0.89,0.51,0.06,inferred
East Hampshire,2021-06-08,1.00,0.98,0.93,0.81,0.65,0.17,0.00,inferred
East Hampshire,2021-06-09,1.00,0.98,0.93,0.81,0.65,0.17,0.00,inferred
East Hampshire,2021-06-10,1.00,0.98,0.93,0.81,0.65,0.17,0.00,inferred
East Hampshire,2021-06-11,1.00,0.98,0.93,0.81,0.65,0.17,0.00,inferred
East Hampshire,2021-06-12,1.00,0.98,0.93,0.81,0.65,0.17,0.00,inferred
East Hampshire,2021-06-13,1.00,0.98,0.93,0.81,0.65,0.17,0.00,inferred
East Hampshire,2021-06-14,1.00,0.98,0.93,0.81,0.65,0.17,0.00,inferred
East Hampshire,2021-06-15,1.00,1.00,1.00,1.00,1.00,0.90,0.21,inferred
East Hampshire,2021-06-16,1.00,1.00,1.00,1.00,1.00,0.90,0.21,inferred
East Hampshire,2021-06-17,1.00,1.00,1.00,1.00,1.00,0.90,0.21,inferred
East Hampshire,2021-06-18,1.00,1.00,1.00,1.00,1.00,0.90,0.21,inferred
East Hampshire,2021-06-19,1.00,1.00,1.00,1.00,1.00,0.90,0.21,inferred
East Hampshire,2021-06-20,1.00,1.00,1.00,1.00,1.00,0.90,0.21,inferred
East Hampshire,2021-06-21,1.00,1.00,1.00,1.00,1.00,0.90,0.21,inferred
East Hampshire,2021-06-22,1.00,1.00,1.00,1.00,1.00,0.95,0.46,inferred
East Hampshire,2021-06-23,1.00,1.00,1.00,1.00,1.00,0.95,0.46,inferred
East Hampshire,2021-06-24,1.00,1.00,1.00,1.00,1.00,0.95,0.46,inferred
East Hampshire,2021-06-25,1.00,1.00,1.00,1.00,1.00,0.95,0.46,inferred
East Hampshire,2021-06-26,1.00,1.00,1.00,1.00,1.00,0.95,0.46,inferred
East Hampshire,2021-06-27,1.00,1.00,1.00,1.00,1.00,0.95,0.46,inferred
East Hampshire,2021-06-28,1.00,1.00,1.00,1.00,1.00,0.95,0.46,inferred
East Hampshire,2021-06-29,1.00,1.00,0.99,0.97,0.91,0.58,0.12,inferred
East Hampshire,2021-06-30,1.00,1.00,0.99,0.97,0.91,0.58,0.12,inferred
East Hampshire,2021-07-01,1.00,1.00,0.99,0.97,0.91,0.58,0.12,inferred
East Hampshire,2021-07-02,1.00,1.00,0.99,0.97,0.91,0.58,0.12,inferred
East Hampshire,2021-07-03,1.00,1.00,0.99,0.97,0.91,0.58,0.12,inferred
East Hampshire,2021-07-04,1.00,1.00,0.99,0.97,0.91,0.58,0.12,inferred
East Hampshire,2021-07-05,1.00,1.00,0.99,0.97,0.91,0.58,0.12,inferred
East Hampshire,2021-07-06,0.99,0.97,0.93,0.87,0.79,0.50,0.16,projected
East Hampshire,2021-07-07,0.99,0.97,0.93,0.87,0.79,0.50,0.16,projected
East Hampshire,2021-07-08,0.99,0.97,0.93,0.87,0.79,0.50,0.16,projected
East Hampshire,2021-07-09,0.99,0.97,0.93,0.87,0.79,0.50,0.16,projected
East Hampshire,2021-07-10,0.99,0.97,0.93,0.87,0.79,0.50,0.16,projected
East Hampshire,2021-07-11,0.99,0.97,0.93,0.87,0.79,0.50,0.16,projected
East Hampshire,2021-07-12,0.99,0.97,0.93,0.87,0.79,0.50,0.16,projected
East Hampshire,2021-07-13,0.97,0.94,0.90,0.83,0.75,0.47,0.16,projected
East Hampshire,2021-07-14,0.97,0.94,0.90,0.83,0.75,0.47,0.16,projected
East Hampshire,2021-07-15,0.97,0.94,0.90,0.83,0.75,0.47,0.16,projected
East Hampshire,2021-07-16,0.97,0.94,0.90,0.83,0.75,0.47,0.16,projected
East Hampshire,2021-07-17,0.97,0.94,0.90,0.83,0.75,0.47,0.16,projected
East Hampshire,2021-07-18,0.97,0.94,0.90,0.83,0.75,0.47,0.16,projected
East Hampshire,2021-07-19,0.97,0.94,0.90,0.83,0.75,0.47,0.16,projected
East Hampshire,2021-07-20,0.97,0.93,0.88,0.81,0.72,0.49,0.17,projected
East Hampshire,2021-07-21,0.97,0.93,0.88,0.81,0.72,0.49,0.17,projected
East Hampshire,2021-07-22,0.97,0.93,0.88,0.81,0.72,0.49,0.17,projected
East Hampshire,2021-07-23,0.97,0.93,0.88,0.81,0.72,0.49,0.17,projected
East Hampshire,2021-07-24,0.97,0.93,0.88,0.81,0.72,0.49,0.17,projected
East Hampshire,2021-07-25,0.97,0.93,0.88,0.81,0.72,0.49,0.17,projected
East Hampshire,2021-07-26,0.97,0.93,0.88,0.81,0.72,0.49,0.17,projected
East Hertfordshire,2021-03-23,0.30,0.11,0.02,0.01,0.00,0.00,0.00,inferred
East Hertfordshire,2021-03-24,0.30,0.11,0.02,0.01,0.00,0.00,0.00,inferred
East Hertfordshire,2021-03-25,0.30,0.11,0.02,0.01,0.00,0.00,0.00,inferred
East Hertfordshire,2021-03-26,0.30,0.11,0.02,0.01,0.00,0.00,0.00,inferred
East Hertfordshire,2021-03-27,0.30,0.11,0.02,0.01,0.00,0.00,0.00,inferred
East Hertfordshire,2021-03-28,0.30,0.11,0.02,0.01,0.00,0.00,0.00,inferred
East Hertfordshire,2021-03-29,0.30,0.11,0.02,0.01,0.00,0.00,0.00,inferred
East Hertfordshire,2021-03-30,0.89,0.76,0.59,0.39,0.22,0.02,0.00,inferred
East Hertfordshire,2021-03-31,0.89,0.76,0.59,0.39,0.22,0.02,0.00,inferred
East Hertfordshire,2021-04-01,0.89,0.76,0.59,0.39,0.22,0.02,0.00,inferred
East Hertfordshire,2021-04-02,0.89,0.76,0.59,0.39,0.22,0.02,0.00,inferred
East Hertfordshire,2021-04-03,0.89,0.76,0.59,0.39,0.22,0.02,0.00,inferred
East Hertfordshire,2021-04-04,0.89,0.76,0.59,0.39,0.22,0.02,0.00,inferred
East Hertfordshire,2021-04-05,0.89,0.76,0.59,0.39,0.22,0.02,0.00,inferred
East Hertfordshire,2021-04-06,0.85,0.71,0.51,0.33,0.19,0.02,0.00,inferred
East Hertfordshire,2021-04-07,0.85,0.71,0.51,0.33,0.19,0.02,0.00,inferred
East Hertfordshire,2021-04-08,0.85,0.71,0.51,0.33,0.19,0.02,0.00,inferred
East Hertfordshire,2021-04-09,0.85,0.71,0.51,0.33,0.19,0.02,0.00,inferred
East Hertfordshire,2021-04-10,0.85,0.71,0.51,0.33,0.19,0.02,0.00,inferred
East Hertfordshire,2021-04-11,0.85,0.71,0.51,0.33,0.19,0.02,0.00,inferred
East Hertfordshire,2021-04-12,0.85,0.71,0.51,0.33,0.19,0.02,0.00,inferred
East Hertfordshire,2021-04-13,0.50,0.31,0.17,0.08,0.03,0.00,0.00,inferred
East Hertfordshire,2021-04-14,0.50,0.31,0.17,0.08,0.03,0.00,0.00,inferred
East Hertfordshire,2021-04-15,0.50,0.31,0.17,0.08,0.03,0.00,0.00,inferred
East Hertfordshire,2021-04-16,0.50,0.31,0.17,0.08,0.03,0.00,0.00,inferred
East Hertfordshire,2021-04-17,0.50,0.31,0.17,0.08,0.03,0.00,0.00,inferred
East Hertfordshire,2021-04-18,0.50,0.31,0.17,0.08,0.03,0.00,0.00,inferred
East Hertfordshire,2021-04-19,0.50,0.31,0.17,0.08,0.03,0.00,0.00,inferred
East Hertfordshire,2021-04-20,0.59,0.39,0.22,0.11,0.05,0.00,0.00,inferred
East Hertfordshire,2021-04-21,0.59,0.39,0.22,0.11,0.05,0.00,0.00,inferred
East Hertfordshire,2021-04-22,0.59,0.39,0.22,0.11,0.05,0.00,0.00,inferred
East Hertfordshire,2021-04-23,0.59,0.39,0.22,0.11,0.05,0.00,0.00,inferred
East Hertfordshire,2021-04-24,0.59,0.39,0.22,0.11,0.05,0.00,0.00,inferred
East Hertfordshire,2021-04-25,0.59,0.39,0.22,0.11,0.05,0.00,0.00,inferred
East Hertfordshire,2021-04-26,0.59,0.39,0.22,0.11,0.05,0.00,0.00,inferred
East Hertfordshire,2021-04-27,0.63,0.46,0.30,0.16,0.08,0.00,0.00,inferred
East Hertfordshire,2021-04-28,0.63,0.46,0.30,0.16,0.08,0.00,0.00,inferred
East Hertfordshire,2021-04-29,0.63,0.46,0.30,0.16,0.08,0.00,0.00,inferred
East Hertfordshire,2021-04-30,0.63,0.46,0.30,0.16,0.08,0.00,0.00,inferred
East Hertfordshire,2021-05-01,0.63,0.46,0.30,0.16,0.08,0.00,0.00,inferred
East Hertfordshire,2021-05-02,0.63,0.46,0.30,0.16,0.08,0.00,0.00,inferred
East Hertfordshire,2021-05-03,0.63,0.46,0.30,0.16,0.08,0.00,0.00,inferred
East Hertfordshire,2021-05-04,0.74,0.57,0.41,0.26,0.15,0.02,0.00,inferred
East Hertfordshire,2021-05-05,0.74,0.57,0.41,0.26,0.15,0.02,0.00,inferred
East Hertfordshire,2021-05-06,0.74,0.57,0.41,0.26,0.15,0.02,0.00,inferred
East Hertfordshire,2021-05-07,0.74,0.57,0.41,0.26,0.15,0.02,0.00,inferred
East Hertfordshire,2021-05-08,0.74,0.57,0.41,0.26,0.15,0.02,0.00,inferred
East Hertfordshire,2021-05-09,0.74,0.57,0.41,0.26,0.15,0.02,0.00,inferred
East Hertfordshire,2021-05-10,0.74,0.57,0.41,0.26,0.15,0.02,0.00,inferred
East Hertfordshire,2021-05-11,0.97,0.93,0.85,0.74,0.61,0.20,0.01,inferred
East Hertfordshire,2021-05-12,0.97,0.93,0.85,0.74,0.61,0.20,0.01,inferred
East Hertfordshire,2021-05-13,0.97,0.93,0.85,0.74,0.61,0.20,0.01,inferred
East Hertfordshire,2021-05-14,0.97,0.93,0.85,0.74,0.61,0.20,0.01,inferred
East Hertfordshire,2021-05-15,0.97,0.93,0.85,0.74,0.61,0.20,0.01,inferred
East Hertfordshire,2021-05-16,0.97,0.93,0.85,0.74,0.61,0.20,0.01,inferred
East Hertfordshire,2021-05-17,0.97,0.93,0.85,0.74,0.61,0.20,0.01,inferred
East Hertfordshire,2021-05-18,1.00,1.00,0.99,0.98,0.94,0.68,0.14,inferred
East Hertfordshire,2021-05-19,1.00,1.00,0.99,0.98,0.94,0.68,0.14,inferred
East Hertfordshire,2021-05-20,1.00,1.00,0.99,0.98,0.94,0.68,0.14,inferred
East Hertfordshire,2021-05-21,1.00,1.00,0.99,0.98,0.94,0.68,0.14,inferred
East Hertfordshire,2021-05-22,1.00,1.00,0.99,0.98,0.94,0.68,0.14,inferred
East Hertfordshire,2021-05-23,1.00,1.00,0.99,0.98,0.94,0.68,0.14,inferred
East Hertfordshire,2021-05-24,1.00,1.00,0.99,0.98,0.94,0.68,0.14,inferred
East Hertfordshire,2021-05-25,1.00,1.00,1.00,1.00,1.00,0.95,0.54,inferred
East Hertfordshire,2021-05-26,1.00,1.00,1.00,1.00,1.00,0.95,0.54,inferred
East Hertfordshire,2021-05-27,1.00,1.00,1.00,1.00,1.00,0.95,0.54,inferred
East Hertfordshire,2021-05-28,1.00,1.00,1.00,1.00,1.00,0.95,0.54,inferred
East Hertfordshire,2021-05-29,1.00,1.00,1.00,1.00,1.00,0.95,0.54,inferred
East Hertfordshire,2021-05-30,1.00,1.00,1.00,1.00,1.00,0.95,0.54,inferred
East Hertfordshire,2021-05-31,1.00,1.00,1.00,1.00,1.00,0.95,0.54,inferred
East Hertfordshire,2021-06-01,1.00,1.00,1.00,1.00,1.00,0.88,0.34,inferred
East Hertfordshire,2021-06-02,1.00,1.00,1.00,1.00,1.00,0.88,0.34,inferred
East Hertfordshire,2021-06-03,1.00,1.00,1.00,1.00,1.00,0.88,0.34,inferred
East Hertfordshire,2021-06-04,1.00,1.00,1.00,1.00,1.00,0.88,0.34,inferred
East Hertfordshire,2021-06-05,1.00,1.00,1.00,1.00,1.00,0.88,0.34,inferred
East Hertfordshire,2021-06-06,1.00,1.00,1.00,1.00,1.00,0.88,0.34,inferred
East Hertfordshire,2021-06-07,1.00,1.00,1.00,1.00,1.00,0.88,0.34,inferred
East Hertfordshire,2021-06-08,1.00,1.00,1.00,1.00,1.00,0.81,0.14,inferred
East Hertfordshire,2021-06-09,1.00,1.00,1.00,1.00,1.00,0.81,0.14,inferred
East Hertfordshire,2021-06-10,1.00,1.00,1.00,1.00,1.00,0.81,0.14,inferred
East Hertfordshire,2021-06-11,1.00,1.00,1.00,1.00,1.00,0.81,0.14,inferred
East Hertfordshire,2021-06-12,1.00,1.00,1.00,1.00,1.00,0.81,0.14,inferred
East Hertfordshire,2021-06-13,1.00,1.00,1.00,1.00,1.00,0.81,0.14,inferred
East Hertfordshire,2021-06-14,1.00,1.00,1.00,1.00,1.00,0.81,0.14,inferred
East Hertfordshire,2021-06-15,1.00,1.00,1.00,1.00,1.00,0.90,0.21,inferred
East Hertfordshire,2021-06-16,1.00,1.00,1.00,1.00,1.00,0.90,0.21,inferred
East Hertfordshire,2021-06-17,1.00,1.00,1.00,1.00,1.00,0.90,0.21,inferred
East Hertfordshire,2021-06-18,1.00,1.00,1.00,1.00,1.00,0.90,0.21,inferred
East Hertfordshire,2021-06-19,1.00,1.00,1.00,1.00,1.00,0.90,0.21,inferred
East Hertfordshire,2021-06-20,1.00,1.00,1.00,1.00,1.00,0.90,0.21,inferred
East Hertfordshire,2021-06-21,1.00,1.00,1.00,1.00,1.00,0.90,0.21,inferred
East Hertfordshire,2021-06-22,1.00,1.00,1.00,1.00,0.97,0.45,0.00,inferred
East Hertfordshire,2021-06-23,1.00,1.00,1.00,1.00,0.97,0.45,0.00,inferred
East Hertfordshire,2021-06-24,1.00,1.00,1.00,1.00,0.97,0.45,0.00,inferred
East Hertfordshire,2021-06-25,1.00,1.00,1.00,1.00,0.97,0.45,0.00,inferred
East Hertfordshire,2021-06-26,1.00,1.00,1.00,1.00,0.97,0.45,0.00,inferred
East Hertfordshire,2021-06-27,1.00,1.00,1.00,1.00,0.97,0.45,0.00,inferred
East Hertfordshire,2021-06-28,1.00,1.00,1.00,1.00,0.97,0.45,0.00,inferred
East Hertfordshire,2021-06-29,1.00,0.99,0.97,0.90,0.77,0.25,0.01,inferred
East Hertfordshire,2021-06-30,1.00,0.99,0.97,0.90,0.77,0.25,0.01,inferred
East Hertfordshire,2021-07-01,1.00,0.99,0.97,0.90,0.77,0.25,0.01,inferred
East Hertfordshire,2021-07-02,1.00,0.99,0.97,0.90,0.77,0.25,0.01,inferred
East Hertfordshire,2021-07-03,1.00,0.99,0.97,0.90,0.77,0.25,0.01,inferred
East Hertfordshire,2021-07-04,1.00,0.99,0.97,0.90,0.77,0.25,0.01,inferred
East Hertfordshire,2021-07-05,1.00,0.99,0.97,0.90,0.77,0.25,0.01,inferred
East Hertfordshire,2021-07-06,0.99,0.96,0.91,0.84,0.73,0.33,0.06,projected
East Hertfordshire,2021-07-07,0.99,0.96,0.91,0.84,0.73,0.33,0.06,projected
East Hertfordshire,2021-07-08,0.99,0.96,0.91,0.84,0.73,0.33,0.06,projected
East Hertfordshire,2021-07-09,0.99,0.96,0.91,0.84,0.73,0.33,0.06,projected
East Hertfordshire,2021-07-10,0.99,0.96,0.91,0.84,0.73,0.33,0.06,projected
East Hertfordshire,2021-07-11,0.99,0.96,0.91,0.84,0.73,0.33,0.06,projected
East Hertfordshire,2021-07-12,0.99,0.96,0.91,0.84,0.73,0.33,0.06,projected
East Hertfordshire,2021-07-13,0.98,0.94,0.89,0.82,0.72,0.41,0.10,projected
East Hertfordshire,2021-07-14,0.98,0.94,0.89,0.82,0.72,0.41,0.10,projected
East Hertfordshire,2021-07-15,0.98,0.94,0.89,0.82,0.72,0.41,0.10,projected
East Hertfordshire,2021-07-16,0.98,0.94,0.89,0.82,0.72,0.41,0.10,projected
East Hertfordshire,2021-07-17,0.98,0.94,0.89,0.82,0.72,0.41,0.10,projected
East Hertfordshire,2021-07-18,0.98,0.94,0.89,0.82,0.72,0.41,0.10,projected
East Hertfordshire,2021-07-19,0.98,0.94,0.89,0.82,0.72,0.41,0.10,projected
East Hertfordshire,2021-07-20,0.98,0.94,0.90,0.82,0.73,0.42,0.13,projected
East Hertfordshire,2021-07-21,0.98,0.94,0.90,0.82,0.73,0.42,0.13,projected
East Hertfordshire,2021-07-22,0.98,0.94,0.90,0.82,0.73,0.42,0.13,projected
East Hertfordshire,2021-07-23,0.98,0.94,0.90,0.82,0.73,0.42,0.13,projected
East Hertfordshire,2021-07-24,0.98,0.94,0.90,0.82,0.73,0.42,0.13,projected
East Hertfordshire,2021-07-25,0.98,0.94,0.90,0.82,0.73,0.42,0.13,projected
East Hertfordshire,2021-07-26,0.98,0.94,0.90,0.82,0.73,0.42,0.13,projected
East Lindsey,2021-03-23,0.01,0.00,0.00,0.00,0.00,0.00,0.00,inferred
East Lindsey,2021-03-24,0.01,0.00,0.00,0.00,0.00,0.00,0.00,inferred
East Lindsey,2021-03-25,0.01,0.00,0.00,0.00,0.00,0.00,0.00,inferred
East Lindsey,2021-03-26,0.01,0.00,0.00,0.00,0.00,0.00,0.00,inferred
East Lindsey,2021-03-27,0.01,0.00,0.00,0.00,0.00,0.00,0.00,inferred
East Lindsey,2021-03-28,0.01,0.00,0.00,0.00,0.00,0.00,0.00,inferred
East Lindsey,2021-03-29,0.01,0.00,0.00,0.00,0.00,0.00,0.00,inferred
East Lindsey,2021-03-30,0.02,0.00,0.00,0.00,0.00,0.00,0.00,inferred
East Lindsey,2021-03-31,0.02,0.00,0.00,0.00,0.00,0.00,0.00,inferred
East Lindsey,2021-04-01,0.02,0.00,0.00,0.00,0.00,0.00,0.00,inferred
East Lindsey,2021-04-02,0.02,0.00,0.00,0.00,0.00,0.00,0.00,inferred
East Lindsey,2021-04-03,0.02,0.00,0.00,0.00,0.00,0.00,0.00,inferred
East Lindsey,2021-04-04,0.02,0.00,0.00,0.00,0.00,0.00,0.00,inferred
East Lindsey,2021-04-05,0.02,0.00,0.00,0.00,0.00,0.00,0.00,inferred
East Lindsey,2021-04-06,0.44,0.24,0.11,0.04,0.01,0.00,0.00,inferred
East Lindsey,2021-04-07,0.44,0.24,0.11,0.04,0.01,0.00,0.00,inferred
East Lindsey,2021-04-08,0.44,0.24,0.11,0.04,0.01,0.00,0.00,inferred
East Lindsey,2021-04-09,0.44,0.24,0.11,0.04,0.01,0.00,0.00,inferred
East Lindsey,2021-04-10,0.44,0.24,0.11,0.04,0.01,0.00,0.00,inferred
East Lindsey,2021-04-11,0.44,0.24,0.11,0.04,0.01,0.00,0.00,inferred
East Lindsey,2021-04-12,0.44,0.24,0.11,0.04,0.01,0.00,0.00,inferred
East Lindsey,2021-04-13,0.75,0.57,0.37,0.21,0.11,0.01,0.00,inferred
East Lindsey,2021-04-14,0.75,0.57,0.37,0.21,0.11,0.01,0.00,inferred
East Lindsey,2021-04-15,0.75,0.57,0.37,0.21,0.11,0.01,0.00,inferred
East Lindsey,2021-04-16,0.75,0.57,0.37,0.21,0.11,0.01,0.00,inferred
East Lindsey,2021-04-17,0.75,0.57,0.37,0.21,0.11,0.01,0.00,inferred
East Lindsey,2021-04-18,0.75,0.57,0.37,0.21,0.11,0.01,0.00,inferred
East Lindsey,2021-04-19,0.75,0.57,0.37,0.21,0.11,0.01,0.00,inferred
East Lindsey,2021-04-20,0.90,0.75,0.56,0.35,0.18,0.02,0.00,inferred
East Lindsey,2021-04-21,0.90,0.75,0.56,0.35,0.18,0.02,0.00,inferred
East Lindsey,2021-04-22,0.90,0.75,0.56,0.35,0.18,0.02,0.00,inferred
East Lindsey,2021-04-23,0.90,0.75,0.56,0.35,0.18,0.02,0.00,inferred
East Lindsey,2021-04-24,0.90,0.75,0.56,0.35,0.18,0.02,0.00,inferred
East Lindsey,2021-04-25,0.90,0.75,0.56,0.35,0.18,0.02,0.00,inferred
East Lindsey,2021-04-26,0.90,0.75,0.56,0.35,0.18,0.02,0.00,inferred
East Lindsey,2021-04-27,0.94,0.84,0.69,0.50,0.30,0.03,0.00,inferred
East Lindsey,2021-04-28,0.94,0.84,0.69,0.50,0.30,0.03,0.00,inferred
East Lindsey,2021-04-29,0.94,0.84,0.69,0.50,0.30,0.03,0.00,inferred
East Lindsey,2021-04-30,0.94,0.84,0.69,0.50,0.30,0.03,0.00,inferred
East Lindsey,2021-05-01,0.94,0.84,0.69,0.50,0.30,0.03,0.00,inferred
East Lindsey,2021-05-02,0.94,0.84,0.69,0.50,0.30,0.03,0.00,inferred
East Lindsey,2021-05-03,0.94,0.84,0.69,0.50,0.30,0.03,0.00,inferred
East Lindsey,2021-05-04,0.81,0.64,0.44,0.26,0.14,0.01,0.00,inferred
East Lindsey,2021-05-05,0.81,0.64,0.44,0.26,0.14,0.01,0.00,inferred
East Lindsey,2021-05-06,0.81,0.64,0.44,0.26,0.14,0.01,0.00,inferred
East Lindsey,2021-05-07,0.81,0.64,0.44,0.26,0.14,0.01,0.00,inferred
East Lindsey,2021-05-08,0.81,0.64,0.44,0.26,0.14,0.01,0.00,inferred
East Lindsey,2021-05-09,0.81,0.64,0.44,0.26,0.14,0.01,0.00,inferred
East Lindsey,2021-05-10,0.81,0.64,0.44,0.26,0.14,0.01,0.00,inferred
East Lindsey,2021-05-11,0.59,0.38,0.20,0.09,0.03,0.00,0.00,inferred
East Lindsey,2021-05-12,0.59,0.38,0.20,0.09,0.03,0.00,0.00,inferred
East Lindsey,2021-05-13,0.59,0.38,0.20,0.09,0.03,0.00,0.00,inferred
East Lindsey,2021-05-14,0.59,0.38,0.20,0.09,0.03,0.00,0.00,inferred
East Lindsey,2021-05-15,0.59,0.38,0.20,0.09,0.03,0.00,0.00,inferred
East Lindsey,2021-05-16,0.59,0.38,0.20,0.09,0.03,0.00,0.00,inferred
East Lindsey,2021-05-17,0.59,0.38,0.20,0.09,0.03,0.00,0.00,inferred
East Lindsey,2021-05-18,0.60,0.38,0.21,0.10,0.04,0.00,0.00,inferred
East Lindsey,2021-05-19,0.60,0.38,0.21,0.10,0.04,0.00,0.00,inferred
East Lindsey,2021-05-20,0.60,0.38,0.21,0.10,0.04,0.00,0.00,inferred
East Lindsey,2021-05-21,0.60,0.38,0.21,0.10,0.04,0.00,0.00,inferred
East Lindsey,2021-05-22,0.60,0.38,0.21,0.10,0.04,0.00,0.00,inferred
East Lindsey,2021-05-23,0.60,0.38,0.21,0.10,0.04,0.00,0.00,inferred
East Lindsey,2021-05-24,0.60,0.38,0.21,0.10,0.04,0.00,0.00,inferred
East Lindsey,2021-05-25,0.98,0.96,0.89,0.76,0.62,0.19,0.00,inferred
East Lindsey,2021-05-26,0.98,0.96,0.89,0.76,0.62,0.19,0.00,inferred
East Lindsey,2021-05-27,0.98,0.96,0.89,0.76,0.62,0.19,0.00,inferred
East Lindsey,2021-05-28,0.98,0.96,0.89,0.76,0.62,0.19,0.00,inferred
East Lindsey,2021-05-29,0.98,0.96,0.89,0.76,0.62,0.19,0.00,inferred
East Lindsey,2021-05-30,0.98,0.96,0.89,0.76,0.62,0.19,0.00,inferred
East Lindsey,2021-05-31,0.98,0.96,0.89,0.76,0.62,0.19,0.00,inferred
East Lindsey,2021-06-01,1.00,1.00,1.00,0.98,0.95,0.65,0.12,inferred
East Lindsey,2021-06-02,1.00,1.00,1.00,0.98,0.95,0.65,0.12,inferred
East Lindsey,2021-06-03,1.00,1.00,1.00,0.98,0.95,0.65,0.12,inferred
East Lindsey,2021-06-04,1.00,1.00,1.00,0.98,0.95,0.65,0.12,inferred
East Lindsey,2021-06-05,1.00,1.00,1.00,0.98,0.95,0.65,0.12,inferred
East Lindsey,2021-06-06,1.00,1.00,1.00,0.98,0.95,0.65,0.12,inferred
East Lindsey,2021-06-07,1.00,1.00,1.00,0.98,0.95,0.65,0.12,inferred
East Lindsey,2021-06-08,1.00,1.00,0.98,0.91,0.81,0.36,0.02,inferred
East Lindsey,2021-06-09,1.00,1.00,0.98,0.91,0.81,0.36,0.02,inferred
East Lindsey,2021-06-10,1.00,1.00,0.98,0.91,0.81,0.36,0.02,inferred
East Lindsey,2021-06-11,1.00,1.00,0.98,0.91,0.81,0.36,0.02,inferred
East Lindsey,2021-06-12,1.00,1.00,0.98,0.91,0.81,0.36,0.02,inferred
East Lindsey,2021-06-13,1.00,1.00,0.98,0.91,0.81,0.36,0.02,inferred
East Lindsey,2021-06-14,1.00,1.00,0.98,0.91,0.81,0.36,0.02,inferred
East Lindsey,2021-06-15,1.00,1.00,1.00,1.00,1.00,0.98,0.57,inferred
East Lindsey,2021-06-16,1.00,1.00,1.00,1.00,1.00,0.98,0.57,inferred
East Lindsey,2021-06-17,1.00,1.00,1.00,1.00,1.00,0.98,0.57,inferred
East Lindsey,2021-06-18,1.00,1.00,1.00,1.00,1.00,0.98,0.57,inferred
East Lindsey,2021-06-19,1.00,1.00,1.00,1.00,1.00,0.98,0.57,inferred
East Lindsey,2021-06-20,1.00,1.00,1.00,1.00,1.00,0.98,0.57,inferred
East Lindsey,2021-06-21,1.00,1.00,1.00,1.00,1.00,0.98,0.57,inferred
East Lindsey,2021-06-22,1.00,1.00,1.00,1.00,1.00,0.99,0.84,inferred
East Lindsey,2021-06-23,1.00,1.00,1.00,1.00,1.00,0.99,0.84,inferred
East Lindsey,2021-06-24,1.00,1.00,1.00,1.00,1.00,0.99,0.84,inferred
East Lindsey,2021-06-25,1.00,1.00,1.00,1.00,1.00,0.99,0.84,inferred
East Lindsey,2021-06-26,1.00,1.00,1.00,1.00,1.00,0.99,0.84,inferred
East Lindsey,2021-06-27,1.00,1.00,1.00,1.00,1.00,0.99,0.84,inferred
East Lindsey,2021-06-28,1.00,1.00,1.00,1.00,1.00,0.99,0.84,inferred
East Lindsey,2021-06-29,1.00,1.00,1.00,1.00,1.00,0.95,0.63,inferred
East Lindsey,2021-06-30,1.00,1.00,1.00,1.00,1.00,0.95,0.63,inferred
East Lindsey,2021-07-01,1.00,1.00,1.00,1.00,1.00,0.95,0.63,inferred
East Lindsey,2021-07-02,1.00,1.00,1.00,1.00,1.00,0.95,0.63,inferred
East Lindsey,2021-07-03,1.00,1.00,1.00,1.00,1.00,0.95,0.63,inferred
East Lindsey,2021-07-04,1.00,1.00,1.00,1.00,1.00,0.95,0.63,inferred
East Lindsey,2021-07-05,1.00,1.00,1.00,1.00,1.00,0.95,0.63,inferred
East Lindsey,2021-07-06,1.00,1.00,0.99,0.98,0.96,0.82,0.46,projected
East Lindsey,2021-07-07,1.00,1.00,0.99,0.98,0.96,0.82,0.46,projected
East Lindsey,2021-07-08,1.00,1.00,0.99,0.98,0.96,0.82,0.46,projected
East Lindsey,2021-07-09,1.00,1.00,0.99,0.98,0.96,0.82,0.46,projected
East Lindsey,2021-07-10,1.00,1.00,0.99,0.98,0.96,0.82,0.46,projected
East Lindsey,2021-07-11,1.00,1.00,0.99,0.98,0.96,0.82,0.46,projected
East Lindsey,2021-07-12,1.00,1.00,0.99,0.98,0.96,0.82,0.46,projected
East Lindsey,2021-07-13,1.00,0.99,0.97,0.95,0.91,0.74,0.42,projected
East Lindsey,2021-07-14,1.00,0.99,0.97,0.95,0.91,0.74,0.42,projected
East Lindsey,2021-07-15,1.00,0.99,0.97,0.95,0.91,0.74,0.42,projected
East Lindsey,2021-07-16,1.00,0.99,0.97,0.95,0.91,0.74,0.42,projected
East Lindsey,2021-07-17,1.00,0.99,0.97,0.95,0.91,0.74,0.42,projected
East Lindsey,2021-07-18,1.00,0.99,0.97,0.95,0.91,0.74,0.42,projected
East Lindsey,2021-07-19,1.00,0.99,0.97,0.95,0.91,0.74,0.42,projected
East Lindsey,2021-07-20,0.98,0.97,0.93,0.89,0.83,0.68,0.40,projected
East Lindsey,2021-07-21,0.98,0.97,0.93,0.89,0.83,0.68,0.40,projected
East Lindsey,2021-07-22,0.98,0.97,0.93,0.89,0.83,0.68,0.40,projected
East Lindsey,2021-07-23,0.98,0.97,0.93,0.89,0.83,0.68,0.40,projected
East Lindsey,2021-07-24,0.98,0.97,0.93,0.89,0.83,0.68,0.40,projected
East Lindsey,2021-07-25,0.98,0.97,0.93,0.89,0.83,0.68,0.40,projected
East Lindsey,2021-07-26,0.98,0.97,0.93,0.89,0.83,0.68,0.40,projected
East Lothian,2021-03-23,0.34,0.12,0.03,0.00,0.00,0.00,0.00,inferred
East Lothian,2021-03-24,0.34,0.12,0.03,0.00,0.00,0.00,0.00,inferred
East Lothian,2021-03-25,0.34,0.12,0.03,0.00,0.00,0.00,0.00,inferred
East Lothian,2021-03-26,0.34,0.12,0.03,0.00,0.00,0.00,0.00,inferred
East Lothian,2021-03-27,0.34,0.12,0.03,0.00,0.00,0.00,0.00,inferred
East Lothian,2021-03-28,0.34,0.12,0.03,0.00,0.00,0.00,0.00,inferred
East Lothian,2021-03-29,0.34,0.12,0.03,0.00,0.00,0.00,0.00,inferred
East Lothian,2021-03-30,0.09,0.02,0.00,0.00,0.00,0.00,0.00,inferred
East Lothian,2021-03-31,0.09,0.02,0.00,0.00,0.00,0.00,0.00,inferred
East Lothian,2021-04-01,0.09,0.02,0.00,0.00,0.00,0.00,0.00,inferred
East Lothian,2021-04-02,0.09,0.02,0.00,0.00,0.00,0.00,0.00,inferred
East Lothian,2021-04-03,0.09,0.02,0.00,0.00,0.00,0.00,0.00,inferred
East Lothian,2021-04-04,0.09,0.02,0.00,0.00,0.00,0.00,0.00,inferred
East Lothian,2021-04-05,0.09,0.02,0.00,0.00,0.00,0.00,0.00,inferred
East Lothian,2021-04-06,0.25,0.11,0.04,0.01,0.00,0.00,0.00,inferred
East Lothian,2021-04-07,0.25,0.11,0.04,0.01,0.00,0.00,0.00,inferred
East Lothian,2021-04-08,0.25,0.11,0.04,0.01,0.00,0.00,0.00,inferred
East Lothian,2021-04-09,0.25,0.11,0.04,0.01,0.00,0.00,0.00,inferred
East Lothian,2021-04-10,0.25,0.11,0.04,0.01,0.00,0.00,0.00,inferred
East Lothian,2021-04-11,0.25,0.11,0.04,0.01,0.00,0.00,0.00,inferred
East Lothian,2021-04-12,0.25,0.11,0.04,0.01,0.00,0.00,0.00,inferred
East Lothian,2021-04-13,0.67,0.45,0.29,0.15,0.06,0.00,0.00,inferred
East Lothian,2021-04-14,0.67,0.45,0.29,0.15,0.06,0.00,0.00,inferred
East Lothian,2021-04-15,0.67,0.45,0.29,0.15,0.06,0.00,0.00,inferred
East Lothian,2021-04-16,0.67,0.45,0.29,0.15,0.06,0.00,0.00,inferred
East Lothian,2021-04-17,0.67,0.45,0.29,0.15,0.06,0.00,0.00,inferred
East Lothian,2021-04-18,0.67,0.45,0.29,0.15,0.06,0.00,0.00,inferred
East Lothian,2021-04-19,0.67,0.45,0.29,0.15,0.06,0.00,0.00,inferred
East Lothian,2021-04-20,0.75,0.53,0.32,0.16,0.08,0.00,0.00,inferred
East Lothian,2021-04-21,0.75,0.53,0.32,0.16,0.08,0.00,0.00,inferred
East Lothian,2021-04-22,0.75,0.53,0.32,0.16,0.08,0.00,0.00,inferred
East Lothian,2021-04-23,0.75,0.53,0.32,0.16,0.08,0.00,0.00,inferred
East Lothian,2021-04-24,0.75,0.53,0.32,0.16,0.08,0.00,0.00,inferred
East Lothian,2021-04-25,0.75,0.53,0.32,0.16,0.08,0.00,0.00,inferred
East Lothian,2021-04-26,0.75,0.53,0.32,0.16,0.08,0.00,0.00,inferred
East Lothian,2021-04-27,0.84,0.67,0.47,0.31,0.17,0.02,0.00,inferred
East Lothian,2021-04-28,0.84,0.67,0.47,0.31,0.17,0.02,0.00,inferred
East Lothian,2021-04-29,0.84,0.67,0.47,0.31,0.17,0.02,0.00,inferred
East Lothian,2021-04-30,0.84,0.67,0.47,0.31,0.17,0.02,0.00,inferred
East Lothian,2021-05-01,0.84,0.67,0.47,0.31,0.17,0.02,0.00,inferred
East Lothian,2021-05-02,0.84,0.67,0.47,0.31,0.17,0.02,0.00,inferred
East Lothian,2021-05-03,0.84,0.67,0.47,0.31,0.17,0.02,0.00,inferred
East Lothian,2021-05-04,0.98,0.94,0.85,0.72,0.57,0.15,0.00,inferred
East Lothian,2021-05-05,0.98,0.94,0.85,0.72,0.57,0.15,0.00,inferred
East Lothian,2021-05-06,0.98,0.94,0.85,0.72,0.57,0.15,0.00,inferred
East Lothian,2021-05-07,0.98,0.94,0.85,0.72,0.57,0.15,0.00,inferred
East Lothian,2021-05-08,0.98,0.94,0.85,0.72,0.57,0.15,0.00,inferred
East Lothian,2021-05-09,0.98,0.94,0.85,0.72,0.57,0.15,0.00,inferred
East Lothian,2021-05-10,0.98,0.94,0.85,0.72,0.57,0.15,0.00,inferred
East Lothian,2021-05-11,1.00,0.99,0.96,0.90,0.78,0.36,0.03,inferred
East Lothian,2021-05-12,1.00,0.99,0.96,0.90,0.78,0.36,0.03,inferred
East Lothian,2021-05-13,1.00,0.99,0.96,0.90,0.78,0.36,0.03,inferred
East Lothian,2021-05-14,1.00,0.99,0.96,0.90,0.78,0.36,0.03,inferred
East Lothian,2021-05-15,1.00,0.99,0.96,0.90,0.78,0.36,0.03,inferred
East Lothian,2021-05-16,1.00,0.99,0.96,0.90,0.78,0.36,0.03,inferred
East Lothian,2021-05-17,1.00,0.99,0.96,0.90,0.78,0.36,0.03,inferred
East Lothian,2021-05-18,1.00,1.00,1.00,0.99,0.97,0.73,0.14,inferred
East Lothian,2021-05-19,1.00,1.00,1.00,0.99,0.97,0.73,0.14,inferred
East Lothian,2021-05-20,1.00,1.00,1.00,0.99,0.97,0.73,0.14,inferred
East Lothian,2021-05-21,1.00,1.00,1.00,0.99,0.97,0.73,0.14,inferred
East Lothian,2021-05-22,1.00,1.00,1.00,0.99,0.97,0.73,0.14,inferred
East Lothian,2021-05-23,1.00,1.00,1.00,0.99,0.97,0.73,0.14,inferred
East Lothian,2021-05-24,1.00,1.00,1.00,0.99,0.97,0.73,0.14,inferred
East Lothian,2021-05-25,1.00,1.00,1.00,1.00,1.00,0.93,0.48,inferred
East Lothian,2021-05-26,1.00,1.00,1.00,1.00,1.00,0.93,0.48,inferred
East Lothian,2021-05-27,1.00,1.00,1.00,1.00,1.00,0.93,0.48,inferred
East Lothian,2021-05-28,1.00,1.00,1.00,1.00,1.00,0.93,0.48,inferred
East Lothian,2021-05-29,1.00,1.00,1.00,1.00,1.00,0.93,0.48,inferred
East Lothian,2021-05-30,1.00,1.00,1.00,1.00,1.00,0.93,0.48,inferred
East Lothian,2021-05-31,1.00,1.00,1.00,1.00,1.00,0.93,0.48,inferred
East Lothian,2021-06-01,1.00,1.00,0.97,0.92,0.80,0.31,0.01,inferred
East Lothian,2021-06-02,1.00,1.00,0.97,0.92,0.80,0.31,0.01,inferred
East Lothian,2021-06-03,1.00,1.00,0.97,0.92,0.80,0.31,0.01,inferred
East Lothian,2021-06-04,1.00,1.00,0.97,0.92,0.80,0.31,0.01,inferred
East Lothian,2021-06-05,1.00,1.00,0.97,0.92,0.80,0.31,0.01,inferred
East Lothian,2021-06-06,1.00,1.00,0.97,0.92,0.80,0.31,0.01,inferred
East Lothian,2021-06-07,1.00,1.00,0.97,0.92,0.80,0.31,0.01,inferred
East Lothian,2021-06-08,1.00,0.99,0.93,0.80,0.57,0.05,0.00,inferred
East Lothian,2021-06-09,1.00,0.99,0.93,0.80,0.57,0.05,0.00,inferred
East Lothian,2021-06-10,1.00,0.99,0.93,0.80,0.57,0.05,0.00,inferred
East Lothian,2021-06-11,1.00,0.99,0.93,0.80,0.57,0.05,0.00,inferred
East Lothian,2021-06-12,1.00,0.99,0.93,0.80,0.57,0.05,0.00,inferred
East Lothian,2021-06-13,1.00,0.99,0.93,0.80,0.57,0.05,0.00,inferred
East Lothian,2021-06-14,1.00,0.99,0.93,0.80,0.57,0.05,0.00,inferred
East Lothian,2021-06-15,1.00,1.00,1.00,1.00,1.00,1.00,0.78,inferred
East Lothian,2021-06-16,1.00,1.00,1.00,1.00,1.00,1.00,0.78,inferred
East Lothian,2021-06-17,1.00,1.00,1.00,1.00,1.00,1.00,0.78,inferred
East Lothian,2021-06-18,1.00,1.00,1.00,1.00,1.00,1.00,0.78,inferred
East Lothian,2021-06-19,1.00,1.00,1.00,1.00,1.00,1.00,0.78,inferred
East Lothian,2021-06-20,1.00,1.00,1.00,1.00,1.00,1.00,0.78,inferred
East Lothian,2021-06-21,1.00,1.00,1.00,1.00,1.00,1.00,0.78,inferred
East Lothian,2021-06-22,1.00,1.00,0.99,0.94,0.82,0.27,0.00,inferred
East Lothian,2021-06-23,1.00,1.00,0.99,0.94,0.82,0.27,0.00,inferred
East Lothian,2021-06-24,1.00,1.00,0.99,0.94,0.82,0.27,0.00,inferred
East Lothian,2021-06-25,1.00,1.00,0.99,0.94,0.82,0.27,0.00,inferred
East Lothian,2021-06-26,1.00,1.00,0.99,0.94,0.82,0.27,0.00,inferred
East Lothian,2021-06-27,1.00,1.00,0.99,0.94,0.82,0.27,0.00,inferred
East Lothian,2021-06-28,1.00,1.00,0.99,0.94,0.82,0.27,0.00,inferred
East Lothian,2021-06-29,0.36,0.19,0.09,0.04,0.02,0.00,0.00,inferred
East Lothian,2021-06-30,0.36,0.19,0.09,0.04,0.02,0.00,0.00,inferred
East Lothian,2021-07-01,0.36,0.19,0.09,0.04,0.02,0.00,0.00,inferred
East Lothian,2021-07-02,0.36,0.19,0.09,0.04,0.02,0.00,0.00,inferred
East Lothian,2021-07-03,0.36,0.19,0.09,0.04,0.02,0.00,0.00,inferred
East Lothian,2021-07-04,0.36,0.19,0.09,0.04,0.02,0.00,0.00,inferred
East Lothian,2021-07-05,0.36,0.19,0.09,0.04,0.02,0.00,0.00,inferred
East Lothian,2021-07-06,0.43,0.34,0.25,0.20,0.15,0.07,0.01,projected
East Lothian,2021-07-07,0.43,0.34,0.25,0.20,0.15,0.07,0.01,projected
East Lothian,2021-07-08,0.43,0.34,0.25,0.20,0.15,0.07,0.01,projected
East Lothian,2021-07-09,0.43,0.34,0.25,0.20,0.15,0.07,0.01,projected
East Lothian,2021-07-10,0.43,0.34,0.25,0.20,0.15,0.07,0.01,projected
East Lothian,2021-07-11,0.43,0.34,0.25,0.20,0.15,0.07,0.01,projected
East Lothian,2021-07-12,0.43,0.34,0.25,0.20,0.15,0.07,0.01,projected
East Lothian,2021-07-13,0.47,0.40,0.32,0.27,0.22,0.12,0.04,projected
East Lothian,2021-07-14,0.47,0.40,0.32,0.27,0.22,0.12,0.04,projected
East Lothian,2021-07-15,0.47,0.40,0.32,0.27,0.22,0.12,0.04,projected
East Lothian,2021-07-16,0.47,0.40,0.32,0.27,0.22,0.12,0.04,projected
East Lothian,2021-07-17,0.47,0.40,0.32,0.27,0.22,0.12,0.04,projected
East Lothian,2021-07-18,0.47,0.40,0.32,0.27,0.22,0.12,0.04,projected
East Lothian,2021-07-19,0.47,0.40,0.32,0.27,0.22,0.12,0.04,projected
East Lothian,2021-07-20,0.50,0.42,0.36,0.31,0.27,0.17,0.08,projected
East Lothian,2021-07-21,0.50,0.42,0.36,0.31,0.27,0.17,0.08,projected
East Lothian,2021-07-22,0.50,0.42,0.36,0.31,0.27,0.17,0.08,projected
East Lothian,2021-07-23,0.50,0.42,0.36,0.31,0.27,0.17,0.08,projected
East Lothian,2021-07-24,0.50,0.42,0.36,0.31,0.27,0.17,0.08,projected
East Lothian,2021-07-25,0.50,0.42,0.36,0.31,0.27,0.17,0.08,projected
East Lothian,2021-07-26,0.50,0.42,0.36,0.31,0.27,0.17,0.08,projected
East Northamptonshire,2021-03-23,0.00,0.00,0.00,0.00,0.00,0.00,0.00,inferred
East Northamptonshire,2021-03-24,0.00,0.00,0.00,0.00,0.00,0.00,0.00,inferred
East Northamptonshire,2021-03-25,0.00,0.00,0.00,0.00,0.00,0.00,0.00,inferred
East Northamptonshire,2021-03-26,0.00,0.00,0.00,0.00,0.00,0.00,0.00,inferred
East Northamptonshire,2021-03-27,0.00,0.00,0.00,0.00,0.00,0.00,0.00,inferred
East Northamptonshire,2021-03-28,0.00,0.00,0.00,0.00,0.00,0.00,0.00,inferred
East Northamptonshire,2021-03-29,0.00,0.00,0.00,0.00,0.00,0.00,0.00,inferred
East Northamptonshire,2021-03-30,0.04,0.01,0.01,0.00,0.00,0.00,0.00,inferred
East Northamptonshire,2021-03-31,0.04,0.01,0.01,0.00,0.00,0.00,0.00,inferred
East Northamptonshire,2021-04-01,0.04,0.01,0.01,0.00,0.00,0.00,0.00,inferred
East Northamptonshire,2021-04-02,0.04,0.01,0.01,0.00,0.00,0.00,0.00,inferred
East Northamptonshire,2021-04-03,0.04,0.01,0.01,0.00,0.00,0.00,0.00,inferred
East Northamptonshire,2021-04-04,0.04,0.01,0.01,0.00,0.00,0.00,0.00,inferred
East Northamptonshire,2021-04-05,0.04,0.01,0.01,0.00,0.00,0.00,0.00,inferred
East Northamptonshire,2021-04-06,0.05,0.01,0.00,0.00,0.00,0.00,0.00,inferred
East Northamptonshire,2021-04-07,0.05,0.01,0.00,0.00,0.00,0.00,0.00,inferred
East Northamptonshire,2021-04-08,0.05,0.01,0.00,0.00,0.00,0.00,0.00,inferred
East Northamptonshire,2021-04-09,0.05,0.01,0.00,0.00,0.00,0.00,0.00,inferred
East Northamptonshire,2021-04-10,0.05,0.01,0.00,0.00,0.00,0.00,0.00,inferred
East Northamptonshire,2021-04-11,0.05,0.01,0.00,0.00,0.00,0.00,0.00,inferred
East Northamptonshire,2021-04-12,0.05,0.01,0.00,0.00,0.00,0.00,0.00,inferred
East Northamptonshire,2021-04-13,0.64,0.44,0.27,0.14,0.07,0.01,0.00,inferred
East Northamptonshire,2021-04-14,0.64,0.44,0.27,0.14,0.07,0.01,0.00,inferred
East Northamptonshire,2021-04-15,0.64,0.44,0.27,0.14,0.07,0.01,0.00,inferred
East Northamptonshire,2021-04-16,0.64,0.44,0.27,0.14,0.07,0.01,0.00,inferred
East Northamptonshire,2021-04-17,0.64,0.44,0.27,0.14,0.07,0.01,0.00,inferred
East Northamptonshire,2021-04-18,0.64,0.44,0.27,0.14,0.07,0.01,0.00,inferred
East Northamptonshire,2021-04-19,0.64,0.44,0.27,0.14,0.07,0.01,0.00,inferred
East Northamptonshire,2021-04-20,0.78,0.60,0.42,0.26,0.14,0.01,0.00,inferred
East Northamptonshire,2021-04-21,0.78,0.60,0.42,0.26,0.14,0.01,0.00,inferred
East Northamptonshire,2021-04-22,0.78,0.60,0.42,0.26,0.14,0.01,0.00,inferred
East Northamptonshire,2021-04-23,0.78,0.60,0.42,0.26,0.14,0.01,0.00,inferred
East Northamptonshire,2021-04-24,0.78,0.60,0.42,0.26,0.14,0.01,0.00,inferred
East Northamptonshire,2021-04-25,0.78,0.60,0.42,0.26,0.14,0.01,0.00,inferred
East Northamptonshire,2021-04-26,0.78,0.60,0.42,0.26,0.14,0.01,0.00,inferred
East Northamptonshire,2021-04-27,0.95,0.87,0.75,0.57,0.40,0.09,0.00,inferred
East Northamptonshire,2021-04-28,0.95,0.87,0.75,0.57,0.40,0.09,0.00,inferred
East Northamptonshire,2021-04-29,0.95,0.87,0.75,0.57,0.40,0.09,0.00,inferred
East Northamptonshire,2021-04-30,0.95,0.87,0.75,0.57,0.40,0.09,0.00,inferred
East Northamptonshire,2021-05-01,0.95,0.87,0.75,0.57,0.40,0.09,0.00,inferred
East Northamptonshire,2021-05-02,0.95,0.87,0.75,0.57,0.40,0.09,0.00,inferred
East Northamptonshire,2021-05-03,0.95,0.87,0.75,0.57,0.40,0.09,0.00,inferred
East Northamptonshire,2021-05-04,0.74,0.57,0.38,0.22,0.11,0.01,0.00,inferred
East Northamptonshire,2021-05-05,0.74,0.57,0.38,0.22,0.11,0.01,0.00,inferred
East Northamptonshire,2021-05-06,0.74,0.57,0.38,0.22,0.11,0.01,0.00,inferred
East Northamptonshire,2021-05-07,0.74,0.57,0.38,0.22,0.11,0.01,0.00,inferred
East Northamptonshire,2021-05-08,0.74,0.57,0.38,0.22,0.11,0.01,0.00,inferred
East Northamptonshire,2021-05-09,0.74,0.57,0.38,0.22,0.11,0.01,0.00,inferred
East Northamptonshire,2021-05-10,0.74,0.57,0.38,0.22,0.11,0.01,0.00,inferred
East Northamptonshire,2021-05-11,0.93,0.83,0.70,0.53,0.37,0.06,0.00,inferred
East Northamptonshire,2021-05-12,0.93,0.83,0.70,0.53,0.37,0.06,0.00,inferred
East Northamptonshire,2021-05-13,0.93,0.83,0.70,0.53,0.37,0.06,0.00,inferred
East Northamptonshire,2021-05-14,0.93,0.83,0.70,0.53,0.37,0.06,0.00,inferred
East Northamptonshire,2021-05-15,0.93,0.83,0.70,0.53,0.37,0.06,0.00,inferred
East Northamptonshire,2021-05-16,0.93,0.83,0.70,0.53,0.37,0.06,0.00,inferred
East Northamptonshire,2021-05-17,0.93,0.83,0.70,0.53,0.37,0.06,0.00,inferred
East Northamptonshire,2021-05-18,0.98,0.92,0.84,0.71,0.54,0.13,0.00,inferred
East Northamptonshire,2021-05-19,0.98,0.92,0.84,0.71,0.54,0.13,0.00,inferred
East Northamptonshire,2021-05-20,0.98,0.92,0.84,0.71,0.54,0.13,0.00,inferred
East Northamptonshire,2021-05-21,0.98,0.92,0.84,0.71,0.54,0.13,0.00,inferred
East Northamptonshire,2021-05-22,0.98,0.92,0.84,0.71,0.54,0.13,0.00,inferred
East Northamptonshire,2021-05-23,0.98,0.92,0.84,0.71,0.54,0.13,0.00,inferred
East Northamptonshire,2021-05-24,0.98,0.92,0.84,0.71,0.54,0.13,0.00,inferred
East Northamptonshire,2021-05-25,0.97,0.92,0.80,0.64,0.46,0.08,0.00,inferred
East Northamptonshire,2021-05-26,0.97,0.92,0.80,0.64,0.46,0.08,0.00,inferred
East Northamptonshire,2021-05-27,0.97,0.92,0.80,0.64,0.46,0.08,0.00,inferred
East Northamptonshire,2021-05-28,0.97,0.92,0.80,0.64,0.46,0.08,0.00,inferred
East Northamptonshire,2021-05-29,0.97,0.92,0.80,0.64,0.46,0.08,0.00,inferred
East Northamptonshire,2021-05-30,0.97,0.92,0.80,0.64,0.46,0.08,0.00,inferred
East Northamptonshire,2021-05-31,0.97,0.92,0.80,0.64,0.46,0.08,0.00,inferred
East Northamptonshire,2021-06-01,0.97,0.91,0.79,0.63,0.45,0.08,0.00,inferred
East Northamptonshire,2021-06-02,0.97,0.91,0.79,0.63,0.45,0.08,0.00,inferred
East Northamptonshire,2021-06-03,0.97,0.91,0.79,0.63,0.45,0.08,0.00,inferred
East Northamptonshire,2021-06-04,0.97,0.91,0.79,0.63,0.45,0.08,0.00,inferred
East Northamptonshire,2021-06-05,0.97,0.91,0.79,0.63,0.45,0.08,0.00,inferred
East Northamptonshire,2021-06-06,0.97,0.91,0.79,0.63,0.45,0.08,0.00,inferred
East Northamptonshire,2021-06-07,0.97,0.91,0.79,0.63,0.45,0.08,0.00,inferred
East Northamptonshire,2021-06-08,1.00,1.00,1.00,0.98,0.94,0.59,0.06,inferred
East Northamptonshire,2021-06-09,1.00,1.00,1.00,0.98,0.94,0.59,0.06,inferred
East Northamptonshire,2021-06-10,1.00,1.00,1.00,0.98,0.94,0.59,0.06,inferred
East Northamptonshire,2021-06-11,1.00,1.00,1.00,0.98,0.94,0.59,0.06,inferred
East Northamptonshire,2021-06-12,1.00,1.00,1.00,0.98,0.94,0.59,0.06,inferred
East Northamptonshire,2021-06-13,1.00,1.00,1.00,0.98,0.94,0.59,0.06,inferred
East Northamptonshire,2021-06-14,1.00,1.00,1.00,0.98,0.94,0.59,0.06,inferred
East Northamptonshire,2021-06-15,1.00,1.00,1.00,0.99,0.95,0.55,0.03,inferred
East Northamptonshire,2021-06-16,1.00,1.00,1.00,0.99,0.95,0.55,0.03,inferred
East Northamptonshire,2021-06-17,1.00,1.00,1.00,0.99,0.95,0.55,0.03,inferred
East Northamptonshire,2021-06-18,1.00,1.00,1.00,0.99,0.95,0.55,0.03,inferred
East Northamptonshire,2021-06-19,1.00,1.00,1.00,0.99,0.95,0.55,0.03,inferred
East Northamptonshire,2021-06-20,1.00,1.00,1.00,0.99,0.95,0.55,0.03,inferred
East Northamptonshire,2021-06-21,1.00,1.00,1.00,0.99,0.95,0.55,0.03,inferred
East Northamptonshire,2021-06-22,1.00,1.00,1.00,0.98,0.95,0.58,0.05,inferred
East Northamptonshire,2021-06-23,1.00,1.00,1.00,0.98,0.95,0.58,0.05,inferred
East Northamptonshire,2021-06-24,1.00,1.00,1.00,0.98,0.95,0.58,0.05,inferred
East Northamptonshire,2021-06-25,1.00,1.00,1.00,0.98,0.95,0.58,0.05,inferred
East Northamptonshire,2021-06-26,1.00,1.00,1.00,0.98,0.95,0.58,0.05,inferred
East Northamptonshire,2021-06-27,1.00,1.00,1.00,0.98,0.95,0.58,0.05,inferred
East Northamptonshire,2021-06-28,1.00,1.00,1.00,0.98,0.95,0.58,0.05,inferred
East Northamptonshire,2021-06-29,0.98,0.95,0.85,0.74,0.59,0.21,0.01,inferred
East Northamptonshire,2021-06-30,0.98,0.95,0.85,0.74,0.59,0.21,0.01,inferred
East Northamptonshire,2021-07-01,0.98,0.95,0.85,0.74,0.59,0.21,0.01,inferred
East Northamptonshire,2021-07-02,0.98,0.95,0.85,0.74,0.59,0.21,0.01,inferred
East Northamptonshire,2021-07-03,0.98,0.95,0.85,0.74,0.59,0.21,0.01,inferred
East Northamptonshire,2021-07-04,0.98,0.95,0.85,0.74,0.59,0.21,0.01,inferred
East Northamptonshire,2021-07-05,0.98,0.95,0.85,0.74,0.59,0.21,0.01,inferred
East Northamptonshire,2021-07-06,0.96,0.90,0.82,0.73,0.62,0.31,0.08,projected
East Northamptonshire,2021-07-07,0.96,0.90,0.82,0.73,0.62,0.31,0.08,projected
East Northamptonshire,2021-07-08,0.96,0.90,0.82,0.73,0.62,0.31,0.08,projected
East Northamptonshire,2021-07-09,0.96,0.90,0.82,0.73,0.62,0.31,0.08,projected
East Northamptonshire,2021-07-10,0.96,0.90,0.82,0.73,0.62,0.31,0.08,projected
East Northamptonshire,2021-07-11,0.96,0.90,0.82,0.73,0.62,0.31,0.08,projected
East Northamptonshire,2021-07-12,0.96,0.90,0.82,0.73,0.62,0.31,0.08,projected
East Northamptonshire,2021-07-13,0.96,0.91,0.84,0.76,0.67,0.38,0.12,projected
East Northamptonshire,2021-07-14,0.96,0.91,0.84,0.76,0.67,0.38,0.12,projected
East Northamptonshire,2021-07-15,0.96,0.91,0.84,0.76,0.67,0.38,0.12,projected
East Northamptonshire,2021-07-16,0.96,0.91,0.84,0.76,0.67,0.38,0.12,projected
East Northamptonshire,2021-07-17,0.96,0.91,0.84,0.76,0.67,0.38,0.12,projected
East Northamptonshire,2021-07-18,0.96,0.91,0.84,0.76,0.67,0.38,0.12,projected
East Northamptonshire,2021-07-19,0.96,0.91,0.84,0.76,0.67,0.38,0.12,projected
East Northamptonshire,2021-07-20,0.96,0.92,0.87,0.80,0.70,0.43,0.16,projected
East Northamptonshire,2021-07-21,0.96,0.92,0.87,0.80,0.70,0.43,0.16,projected
East Northamptonshire,2021-07-22,0.96,0.92,0.87,0.80,0.70,0.43,0.16,projected
East Northamptonshire,2021-07-23,0.96,0.92,0.87,0.80,0.70,0.43,0.16,projected
East Northamptonshire,2021-07-24,0.96,0.92,0.87,0.80,0.70,0.43,0.16,projected
East Northamptonshire,2021-07-25,0.96,0.92,0.87,0.80,0.70,0.43,0.16,projected
East Northamptonshire,2021-07-26,0.96,0.92,0.87,0.80,0.70,0.43,0.16,projected
East Renfrewshire,2021-03-23,0.41,0.08,0.01,0.00,0.00,0.00,0.00,inferred
East Renfrewshire,2021-03-24,0.41,0.08,0.01,0.00,0.00,0.00,0.00,inferred
East Renfrewshire,2021-03-25,0.41,0.08,0.01,0.00,0.00,0.00,0.00,inferred
East Renfrewshire,2021-03-26,0.41,0.08,0.01,0.00,0.00,0.00,0.00,inferred
East Renfrewshire,2021-03-27,0.41,0.08,0.01,0.00,0.00,0.00,0.00,inferred
East Renfrewshire,2021-03-28,0.41,0.08,0.01,0.00,0.00,0.00,0.00,inferred
East Renfrewshire,2021-03-29,0.41,0.08,0.01,0.00,0.00,0.00,0.00,inferred
East Renfrewshire,2021-03-30,0.33,0.10,0.02,0.00,0.00,0.00,0.00,inferred
East Renfrewshire,2021-03-31,0.33,0.10,0.02,0.00,0.00,0.00,0.00,inferred
East Renfrewshire,2021-04-01,0.33,0.10,0.02,0.00,0.00,0.00,0.00,inferred
East Renfrewshire,2021-04-02,0.33,0.10,0.02,0.00,0.00,0.00,0.00,inferred
East Renfrewshire,2021-04-03,0.33,0.10,0.02,0.00,0.00,0.00,0.00,inferred
East Renfrewshire,2021-04-04,0.33,0.10,0.02,0.00,0.00,0.00,0.00,inferred
East Renfrewshire,2021-04-05,0.33,0.10,0.02,0.00,0.00,0.00,0.00,inferred
East Renfrewshire,2021-04-06,0.65,0.33,0.11,0.02,0.00,0.00,0.00,inferred
East Renfrewshire,2021-04-07,0.65,0.33,0.11,0.02,0.00,0.00,0.00,inferred
East Renfrewshire,2021-04-08,0.65,0.33,0.11,0.02,0.00,0.00,0.00,inferred
East Renfrewshire,2021-04-09,0.65,0.33,0.11,0.02,0.00,0.00,0.00,inferred
East Renfrewshire,2021-04-10,0.65,0.33,0.11,0.02,0.00,0.00,0.00,inferred
East Renfrewshire,2021-04-11,0.65,0.33,0.11,0.02,0.00,0.00,0.00,inferred
East Renfrewshire,2021-04-12,0.65,0.33,0.11,0.02,0.00,0.00,0.00,inferred
East Renfrewshire,2021-04-13,0.19,0.04,0.00,0.00,0.00,0.00,0.00,inferred
East Renfrewshire,2021-04-14,0.19,0.04,0.00,0.00,0.00,0.00,0.00,inferred
East Renfrewshire,2021-04-15,0.19,0.04,0.00,0.00,0.00,0.00,0.00,inferred
East Renfrewshire,2021-04-16,0.19,0.04,0.00,0.00,0.00,0.00,0.00,inferred
East Renfrewshire,2021-04-17,0.19,0.04,0.00,0.00,0.00,0.00,0.00,inferred
East Renfrewshire,2021-04-18,0.19,0.04,0.00,0.00,0.00,0.00,0.00,inferred
East Renfrewshire,2021-04-19,0.19,0.04,0.00,0.00,0.00,0.00,0.00,inferred
East Renfrewshire,2021-04-20,0.29,0.09,0.02,0.00,0.00,0.00,0.00,inferred
East Renfrewshire,2021-04-21,0.29,0.09,0.02,0.00,0.00,0.00,0.00,inferred
East Renfrewshire,2021-04-22,0.29,0.09,0.02,0.00,0.00,0.00,0.00,inferred
East Renfrewshire,2021-04-23,0.29,0.09,0.02,0.00,0.00,0.00,0.00,inferred
East Renfrewshire,2021-04-24,0.29,0.09,0.02,0.00,0.00,0.00,0.00,inferred
East Renfrewshire,2021-04-25,0.29,0.09,0.02,0.00,0.00,0.00,0.00,inferred
East Renfrewshire,2021-04-26,0.29,0.09,0.02,0.00,0.00,0.00,0.00,inferred
East Renfrewshire,2021-04-27,0.99,0.96,0.88,0.74,0.56,0.10,0.00,inferred
East Renfrewshire,2021-04-28,0.99,0.96,0.88,0.74,0.56,0.10,0.00,inferred
East Renfrewshire,2021-04-29,0.99,0.96,0.88,0.74,0.56,0.10,0.00,inferred
East Renfrewshire,2021-04-30,0.99,0.96,0.88,0.74,0.56,0.10,0.00,inferred
East Renfrewshire,2021-05-01,0.99,0.96,0.88,0.74,0.56,0.10,0.00,inferred
East Renfrewshire,2021-05-02,0.99,0.96,0.88,0.74,0.56,0.10,0.00,inferred
East Renfrewshire,2021-05-03,0.99,0.96,0.88,0.74,0.56,0.10,0.00,inferred
East Renfrewshire,2021-05-04,1.00,1.00,1.00,1.00,1.00,0.95,0.48,inferred
East Renfrewshire,2021-05-05,1.00,1.00,1.00,1.00,1.00,0.95,0.48,inferred
East Renfrewshire,2021-05-06,1.00,1.00,1.00,1.00,1.00,0.95,0.48,inferred
East Renfrewshire,2021-05-07,1.00,1.00,1.00,1.00,1.00,0.95,0.48,inferred
East Renfrewshire,2021-05-08,1.00,1.00,1.00,1.00,1.00,0.95,0.48,inferred
East Renfrewshire,2021-05-09,1.00,1.00,1.00,1.00,1.00,0.95,0.48,inferred
East Renfrewshire,2021-05-10,1.00,1.00,1.00,1.00,1.00,0.95,0.48,inferred
East Renfrewshire,2021-05-11,1.00,1.00,1.00,0.99,0.97,0.65,0.06,inferred
East Renfrewshire,2021-05-12,1.00,1.00,1.00,0.99,0.97,0.65,0.06,inferred
East Renfrewshire,2021-05-13,1.00,1.00,1.00,0.99,0.97,0.65,0.06,inferred
East Renfrewshire,2021-05-14,1.00,1.00,1.00,0.99,0.97,0.65,0.06,inferred
East Renfrewshire,2021-05-15,1.00,1.00,1.00,0.99,0.97,0.65,0.06,inferred
East Renfrewshire,2021-05-16,1.00,1.00,1.00,0.99,0.97,0.65,0.06,inferred
East Renfrewshire,2021-05-17,1.00,1.00,1.00,0.99,0.97,0.65,0.06,inferred
East Renfrewshire,2021-05-18,1.00,0.98,0.89,0.65,0.39,0.01,0.00,inferred
East Renfrewshire,2021-05-19,1.00,0.98,0.89,0.65,0.39,0.01,0.00,inferred
East Renfrewshire,2021-05-20,1.00,0.98,0.89,0.65,0.39,0.01,0.00,inferred
East Renfrewshire,2021-05-21,1.00,0.98,0.89,0.65,0.39,0.01,0.00,inferred
East Renfrewshire,2021-05-22,1.00,0.98,0.89,0.65,0.39,0.01,0.00,inferred
East Renfrewshire,2021-05-23,1.00,0.98,0.89,0.65,0.39,0.01,0.00,inferred
East Renfrewshire,2021-05-24,1.00,0.98,0.89,0.65,0.39,0.01,0.00,inferred
East Renfrewshire,2021-05-25,1.00,0.99,0.90,0.65,0.32,0.00,0.00,inferred
East Renfrewshire,2021-05-26,1.00,0.99,0.90,0.65,0.32,0.00,0.00,inferred
East Renfrewshire,2021-05-27,1.00,0.99,0.90,0.65,0.32,0.00,0.00,inferred
East Renfrewshire,2021-05-28,1.00,0.99,0.90,0.65,0.32,0.00,0.00,inferred
East Renfrewshire,2021-05-29,1.00,0.99,0.90,0.65,0.32,0.00,0.00,inferred
East Renfrewshire,2021-05-30,1.00,0.99,0.90,0.65,0.32,0.00,0.00,inferred
East Renfrewshire,2021-05-31,1.00,0.99,0.90,0.65,0.32,0.00,0.00,inferred
East Renfrewshire,2021-06-01,1.00,0.95,0.76,0.39,0.15,0.00,0.00,inferred
East Renfrewshire,2021-06-02,1.00,0.95,0.76,0.39,0.15,0.00,0.00,inferred
East Renfrewshire,2021-06-03,1.00,0.95,0.76,0.39,0.15,0.00,0.00,inferred
East Renfrewshire,2021-06-04,1.00,0.95,0.76,0.39,0.15,0.00,0.00,inferred
East Renfrewshire,2021-06-05,1.00,0.95,0.76,0.39,0.15,0.00,0.00,inferred
East Renfrewshire,2021-06-06,1.00,0.95,0.76,0.39,0.15,0.00,0.00,inferred
East Renfrewshire,2021-06-07,1.00,0.95,0.76,0.39,0.15,0.00,0.00,inferred
East Renfrewshire,2021-06-08,1.00,0.98,0.89,0.60,0.27,0.00,0.00,inferred
East Renfrewshire,2021-06-09,1.00,0.98,0.89,0.60,0.27,0.00,0.00,inferred
East Renfrewshire,2021-06-10,1.00,0.98,0.89,0.60,0.27,0.00,0.00,inferred
East Renfrewshire,2021-06-11,1.00,0.98,0.89,0.60,0.27,0.00,0.00,inferred
East Renfrewshire,2021-06-12,1.00,0.98,0.89,0.60,0.27,0.00,0.00,inferred
East Renfrewshire,2021-06-13,1.00,0.98,0.89,0.60,0.27,0.00,0.00,inferred
East Renfrewshire,2021-06-14,1.00,0.98,0.89,0.60,0.27,0.00,0.00,inferred
East Renfrewshire,2021-06-15,1.00,1.00,1.00,1.00,1.00,1.00,0.66,inferred
East Renfrewshire,2021-06-16,1.00,1.00,1.00,1.00,1.00,1.00,0.66,inferred
East Renfrewshire,2021-06-17,1.00,1.00,1.00,1.00,1.00,1.00,0.66,inferred
East Renfrewshire,2021-06-18,1.00,1.00,1.00,1.00,1.00,1.00,0.66,inferred
East Renfrewshire,2021-06-19,1.00,1.00,1.00,1.00,1.00,1.00,0.66,inferred
East Renfrewshire,2021-06-20,1.00,1.00,1.00,1.00,1.00,1.00,0.66,inferred
East Renfrewshire,2021-06-21,1.00,1.00,1.00,1.00,1.00,1.00,0.66,inferred
East Renfrewshire,2021-06-22,1.00,1.00,1.00,1.00,1.00,0.77,0.10,inferred
East Renfrewshire,2021-06-23,1.00,1.00,1.00,1.00,1.00,0.77,0.10,inferred
East Renfrewshire,2021-06-24,1.00,1.00,1.00,1.00,1.00,0.77,0.10,inferred
East Renfrewshire,2021-06-25,1.00,1.00,1.00,1.00,1.00,0.77,0.10,inferred
East Renfrewshire,2021-06-26,1.00,1.00,1.00,1.00,1.00,0.77,0.10,inferred
East Renfrewshire,2021-06-27,1.00,1.00,1.00,1.00,1.00,0.77,0.10,inferred
East Renfrewshire,2021-06-28,1.00,1.00,1.00,1.00,1.00,0.77,0.10,inferred
East Renfrewshire,2021-06-29,0.10,0.03,0.01,0.00,0.00,0.00,0.00,inferred
East Renfrewshire,2021-06-30,0.10,0.03,0.01,0.00,0.00,0.00,0.00,inferred
East Renfrewshire,2021-07-01,0.10,0.03,0.01,0.00,0.00,0.00,0.00,inferred
East Renfrewshire,2021-07-02,0.10,0.03,0.01,0.00,0.00,0.00,0.00,inferred
East Renfrewshire,2021-07-03,0.10,0.03,0.01,0.00,0.00,0.00,0.00,inferred
East Renfrewshire,2021-07-04,0.10,0.03,0.01,0.00,0.00,0.00,0.00,inferred
East Renfrewshire,2021-07-05,0.10,0.03,0.01,0.00,0.00,0.00,0.00,inferred
East Renfrewshire,2021-07-06,0.30,0.21,0.15,0.10,0.07,0.03,0.01,projected
East Renfrewshire,2021-07-07,0.30,0.21,0.15,0.10,0.07,0.03,0.01,projected
East Renfrewshire,2021-07-08,0.30,0.21,0.15,0.10,0.07,0.03,0.01,projected
East Renfrewshire,2021-07-09,0.30,0.21,0.15,0.10,0.07,0.03,0.01,projected
East Renfrewshire,2021-07-10,0.30,0.21,0.15,0.10,0.07,0.03,0.01,projected
East Renfrewshire,2021-07-11,0.30,0.21,0.15,0.10,0.07,0.03,0.01,projected
East Renfrewshire,2021-07-12,0.30,0.21,0.15,0.10,0.07,0.03,0.01,projected
East Renfrewshire,2021-07-13,0.36,0.28,0.22,0.18,0.14,0.07,0.02,projected
East Renfrewshire,2021-07-14,0.36,0.28,0.22,0.18,0.14,0.07,0.02,projected
East Renfrewshire,2021-07-15,0.36,0.28,0.22,0.18,0.14,0.07,0.02,projected
East Renfrewshire,2021-07-16,0.36,0.28,0.22,0.18,0.14,0.07,0.02,projected
East Renfrewshire,2021-07-17,0.36,0.28,0.22,0.18,0.14,0.07,0.02,projected
East Renfrewshire,2021-07-18,0.36,0.28,0.22,0.18,0.14,0.07,0.02,projected
East Renfrewshire,2021-07-19,0.36,0.28,0.22,0.18,0.14,0.07,0.02,projected
East Renfrewshire,2021-07-20,0.42,0.34,0.30,0.24,0.20,0.12,0.06,projected
East Renfrewshire,2021-07-21,0.42,0.34,0.30,0.24,0.20,0.12,0.06,projected
East Renfrewshire,2021-07-22,0.42,0.34,0.30,0.24,0.20,0.12,0.06,projected
East Renfrewshire,2021-07-23,0.42,0.34,0.30,0.24,0.20,0.12,0.06,projected
East Renfrewshire,2021-07-24,0.42,0.34,0.30,0.24,0.20,0.12,0.06,projected
East Renfrewshire,2021-07-25,0.42,0.34,0.30,0.24,0.20,0.12,0.06,projected
East Renfrewshire,2021-07-26,0.42,0.34,0.30,0.24,0.20,0.12,0.06,projected
East Riding of Yorkshire,2021-03-23,0.07,0.00,0.00,0.00,0.00,0.00,0.00,inferred
East Riding of Yorkshire,2021-03-24,0.07,0.00,0.00,0.00,0.00,0.00,0.00,inferred
East Riding of Yorkshire,2021-03-25,0.07,0.00,0.00,0.00,0.00,0.00,0.00,inferred
East Riding of Yorkshire,2021-03-26,0.07,0.00,0.00,0.00,0.00,0.00,0.00,inferred
East Riding of Yorkshire,2021-03-27,0.07,0.00,0.00,0.00,0.00,0.00,0.00,inferred
East Riding of Yorkshire,2021-03-28,0.07,0.00,0.00,0.00,0.00,0.00,0.00,inferred
East Riding of Yorkshire,2021-03-29,0.07,0.00,0.00,0.00,0.00,0.00,0.00,inferred
East Riding of Yorkshire,2021-03-30,0.95,0.79,0.47,0.18,0.04,0.00,0.00,inferred
East Riding of Yorkshire,2021-03-31,0.95,0.79,0.47,0.18,0.04,0.00,0.00,inferred
East Riding of Yorkshire,2021-04-01,0.95,0.79,0.47,0.18,0.04,0.00,0.00,inferred
East Riding of Yorkshire,2021-04-02,0.95,0.79,0.47,0.18,0.04,0.00,0.00,inferred
East Riding of Yorkshire,2021-04-03,0.95,0.79,0.47,0.18,0.04,0.00,0.00,inferred
East Riding of Yorkshire,2021-04-04,0.95,0.79,0.47,0.18,0.04,0.00,0.00,inferred
East Riding of Yorkshire,2021-04-05,0.95,0.79,0.47,0.18,0.04,0.00,0.00,inferred
East Riding of Yorkshire,2021-04-06,0.80,0.48,0.16,0.05,0.01,0.00,0.00,inferred
East Riding of Yorkshire,2021-04-07,0.80,0.48,0.16,0.05,0.01,0.00,0.00,inferred
East Riding of Yorkshire,2021-04-08,0.80,0.48,0.16,0.05,0.01,0.00,0.00,inferred
East Riding of Yorkshire,2021-04-09,0.80,0.48,0.16,0.05,0.01,0.00,0.00,inferred
East Riding of Yorkshire,2021-04-10,0.80,0.48,0.16,0.05,0.01,0.00,0.00,inferred
East Riding of Yorkshire,2021-04-11,0.80,0.48,0.16,0.05,0.01,0.00,0.00,inferred
East Riding of Yorkshire,2021-04-12,0.80,0.48,0.16,0.05,0.01,0.00,0.00,inferred
East Riding of Yorkshire,2021-04-13,0.63,0.30,0.09,0.02,0.00,0.00,0.00,inferred
East Riding of Yorkshire,2021-04-14,0.63,0.30,0.09,0.02,0.00,0.00,0.00,inferred
East Riding of Yorkshire,2021-04-15,0.63,0.30,0.09,0.02,0.00,0.00,0.00,inferred
East Riding of Yorkshire,2021-04-16,0.63,0.30,0.09,0.02,0.00,0.00,0.00,inferred
East Riding of Yorkshire,2021-04-17,0.63,0.30,0.09,0.02,0.00,0.00,0.00,inferred
East Riding of Yorkshire,2021-04-18,0.63,0.30,0.09,0.02,0.00,0.00,0.00,inferred
East Riding of Yorkshire,2021-04-19,0.63,0.30,0.09,0.02,0.00,0.00,0.00,inferred
East Riding of Yorkshire,2021-04-20,0.59,0.28,0.09,0.02,0.00,0.00,0.00,inferred
East Riding of Yorkshire,2021-04-21,0.59,0.28,0.09,0.02,0.00,0.00,0.00,inferred
East Riding of Yorkshire,2021-04-22,0.59,0.28,0.09,0.02,0.00,0.00,0.00,inferred
East Riding of Yorkshire,2021-04-23,0.59,0.28,0.09,0.02,0.00,0.00,0.00,inferred
East Riding of Yorkshire,2021-04-24,0.59,0.28,0.09,0.02,0.00,0.00,0.00,inferred
East Riding of Yorkshire,2021-04-25,0.59,0.28,0.09,0.02,0.00,0.00,0.00,inferred
East Riding of Yorkshire,2021-04-26,0.59,0.28,0.09,0.02,0.00,0.00,0.00,inferred
East Riding of Yorkshire,2021-04-27,0.75,0.46,0.20,0.07,0.02,0.00,0.00,inferred
East Riding of Yorkshire,2021-04-28,0.75,0.46,0.20,0.07,0.02,0.00,0.00,inferred
East Riding of Yorkshire,2021-04-29,0.75,0.46,0.20,0.07,0.02,0.00,0.00,inferred
East Riding of Yorkshire,2021-04-30,0.75,0.46,0.20,0.07,0.02,0.00,0.00,inferred
East Riding of Yorkshire,2021-05-01,0.75,0.46,0.20,0.07,0.02,0.00,0.00,inferred
East Riding of Yorkshire,2021-05-02,0.75,0.46,0.20,0.07,0.02,0.00,0.00,inferred
East Riding of Yorkshire,2021-05-03,0.75,0.46,0.20,0.07,0.02,0.00,0.00,inferred
East Riding of Yorkshire,2021-05-04,0.83,0.60,0.33,0.14,0.05,0.00,0.00,inferred
East Riding of Yorkshire,2021-05-05,0.83,0.60,0.33,0.14,0.05,0.00,0.00,inferred
East Riding of Yorkshire,2021-05-06,0.83,0.60,0.33,0.14,0.05,0.00,0.00,inferred
East Riding of Yorkshire,2021-05-07,0.83,0.60,0.33,0.14,0.05,0.00,0.00,inferred
East Riding of Yorkshire,2021-05-08,0.83,0.60,0.33,0.14,0.05,0.00,0.00,inferred
East Riding of Yorkshire,2021-05-09,0.83,0.60,0.33,0.14,0.05,0.00,0.00,inferred
East Riding of Yorkshire,2021-05-10,0.83,0.60,0.33,0.14,0.05,0.00,0.00,inferred
East Riding of Yorkshire,2021-05-11,0.83,0.59,0.32,0.12,0.03,0.00,0.00,inferred
East Riding of Yorkshire,2021-05-12,0.83,0.59,0.32,0.12,0.03,0.00,0.00,inferred
East Riding of Yorkshire,2021-05-13,0.83,0.59,0.32,0.12,0.03,0.00,0.00,inferred
East Riding of Yorkshire,2021-05-14,0.83,0.59,0.32,0.12,0.03,0.00,0.00,inferred
East Riding of Yorkshire,2021-05-15,0.83,0.59,0.32,0.12,0.03,0.00,0.00,inferred
East Riding of Yorkshire,2021-05-16,0.83,0.59,0.32,0.12,0.03,0.00,0.00,inferred
East Riding of Yorkshire,2021-05-17,0.83,0.59,0.32,0.12,0.03,0.00,0.00,inferred
East Riding of Yorkshire,2021-05-18,0.89,0.68,0.42,0.20,0.07,0.00,0.00,inferred
East Riding of Yorkshire,2021-05-19,0.89,0.68,0.42,0.20,0.07,0.00,0.00,inferred
East Riding of Yorkshire,2021-05-20,0.89,0.68,0.42,0.20,0.07,0.00,0.00,inferred
East Riding of Yorkshire,2021-05-21,0.89,0.68,0.42,0.20,0.07,0.00,0.00,inferred
East Riding of Yorkshire,2021-05-22,0.89,0.68,0.42,0.20,0.07,0.00,0.00,inferred
East Riding of Yorkshire,2021-05-23,0.89,0.68,0.42,0.20,0.07,0.00,0.00,inferred
East Riding of Yorkshire,2021-05-24,0.89,0.68,0.42,0.20,0.07,0.00,0.00,inferred
East Riding of Yorkshire,2021-05-25,0.99,0.94,0.82,0.62,0.38,0.03,0.00,inferred
East Riding of Yorkshire,2021-05-26,0.99,0.94,0.82,0.62,0.38,0.03,0.00,inferred
East Riding of Yorkshire,2021-05-27,0.99,0.94,0.82,0.62,0.38,0.03,0.00,inferred
East Riding of Yorkshire,2021-05-28,0.99,0.94,0.82,0.62,0.38,0.03,0.00,inferred
East Riding of Yorkshire,2021-05-29,0.99,0.94,0.82,0.62,0.38,0.03,0.00,inferred
East Riding of Yorkshire,2021-05-30,0.99,0.94,0.82,0.62,0.38,0.03,0.00,inferred
East Riding of Yorkshire,2021-05-31,0.99,0.94,0.82,0.62,0.38,0.03,0.00,inferred
East Riding of Yorkshire,2021-06-01,1.00,1.00,0.98,0.92,0.76,0.19,0.00,inferred
East Riding of Yorkshire,2021-06-02,1.00,1.00,0.98,0.92,0.76,0.19,0.00,inferred
East Riding of Yorkshire,2021-06-03,1.00,1.00,0.98,0.92,0.76,0.19,0.00,inferred
East Riding of Yorkshire,2021-06-04,1.00,1.00,0.98,0.92,0.76,0.19,0.00,inferred
East Riding of Yorkshire,2021-06-05,1.00,1.00,0.98,0.92,0.76,0.19,0.00,inferred
East Riding of Yorkshire,2021-06-06,1.00,1.00,0.98,0.92,0.76,0.19,0.00,inferred
East Riding of Yorkshire,2021-06-07,1.00,1.00,0.98,0.92,0.76,0.19,0.00,inferred
East Riding of Yorkshire,2021-06-08,1.00,1.00,1.00,1.00,0.97,0.51,0.01,inferred
East Riding of Yorkshire,2021-06-09,1.00,1.00,1.00,1.00,0.97,0.51,0.01,inferred
East Riding of Yorkshire,2021-06-10,1.00,1.00,1.00,1.00,0.97,0.51,0.01,inferred
East Riding of Yorkshire,2021-06-11,1.00,1.00,1.00,1.00,0.97,0.51,0.01,inferred
East Riding of Yorkshire,2021-06-12,1.00,1.00,1.00,1.00,0.97,0.51,0.01,inferred
East Riding of Yorkshire,2021-06-13,1.00,1.00,1.00,1.00,0.97,0.51,0.01,inferred
East Riding of Yorkshire,2021-06-14,1.00,1.00,1.00,1.00,0.97,0.51,0.01,inferred
East Riding of Yorkshire,2021-06-15,1.00,1.00,1.00,1.00,1.00,1.00,0.83,inferred
East Riding of Yorkshire,2021-06-16,1.00,1.00,1.00,1.00,1.00,1.00,0.83,inferred
East Riding of Yorkshire,2021-06-17,1.00,1.00,1.00,1.00,1.00,1.00,0.83,inferred
East Riding of Yorkshire,2021-06-18,1.00,1.00,1.00,1.00,1.00,1.00,0.83,inferred
East Riding of Yorkshire,2021-06-19,1.00,1.00,1.00,1.00,1.00,1.00,0.83,inferred
East Riding of Yorkshire,2021-06-20,1.00,1.00,1.00,1.00,1.00,1.00,0.83,inferred
East Riding of Yorkshire,2021-06-21,1.00,1.00,1.00,1.00,1.00,1.00,0.83,inferred
East Riding of Yorkshire,2021-06-22,1.00,1.00,1.00,1.00,1.00,0.96,0.57,inferred
East Riding of Yorkshire,2021-06-23,1.00,1.00,1.00,1.00,1.00,0.96,0.57,inferred
East Riding of Yorkshire,2021-06-24,1.00,1.00,1.00,1.00,1.00,0.96,0.57,inferred
East Riding of Yorkshire,2021-06-25,1.00,1.00,1.00,1.00,1.00,0.96,0.57,inferred
East Riding of Yorkshire,2021-06-26,1.00,1.00,1.00,1.00,1.00,0.96,0.57,inferred
East Riding of Yorkshire,2021-06-27,1.00,1.00,1.00,1.00,1.00,0.96,0.57,inferred
East Riding of Yorkshire,2021-06-28,1.00,1.00,1.00,1.00,1.00,0.96,0.57,inferred
East Riding of Yorkshire,2021-06-29,1.00,1.00,1.00,0.99,0.98,0.76,0.18,inferred
East Riding of Yorkshire,2021-06-30,1.00,1.00,1.00,0.99,0.98,0.76,0.18,inferred
East Riding of Yorkshire,2021-07-01,1.00,1.00,1.00,0.99,0.98,0.76,0.18,inferred
East Riding of Yorkshire,2021-07-02,1.00,1.00,1.00,0.99,0.98,0.76,0.18,inferred
East Riding of Yorkshire,2021-07-03,1.00,1.00,1.00,0.99,0.98,0.76,0.18,inferred
East Riding of Yorkshire,2021-07-04,1.00,1.00,1.00,0.99,0.98,0.76,0.18,inferred
East Riding of Yorkshire,2021-07-05,1.00,1.00,1.00,0.99,0.98,0.76,0.18,inferred
East Riding of Yorkshire,2021-07-06,0.99,0.98,0.96,0.92,0.86,0.63,0.25,projected
East Riding of Yorkshire,2021-07-07,0.99,0.98,0.96,0.92,0.86,0.63,0.25,projected
East Riding of Yorkshire,2021-07-08,0.99,0.98,0.96,0.92,0.86,0.63,0.25,projected
East Riding of Yorkshire,2021-07-09,0.99,0.98,0.96,0.92,0.86,0.63,0.25,projected
East Riding of Yorkshire,2021-07-10,0.99,0.98,0.96,0.92,0.86,0.63,0.25,projected
East Riding of Yorkshire,2021-07-11,0.99,0.98,0.96,0.92,0.86,0.63,0.25,projected
East Riding of Yorkshire,2021-07-12,0.99,0.98,0.96,0.92,0.86,0.63,0.25,projected
East Riding of Yorkshire,2021-07-13,0.99,0.96,0.92,0.86,0.79,0.59,0.27,projected
East Riding of Yorkshire,2021-07-14,0.99,0.96,0.92,0.86,0.79,0.59,0.27,projected
East Riding of Yorkshire,2021-07-15,0.99,0.96,0.92,0.86,0.79,0.59,0.27,projected
East Riding of Yorkshire,2021-07-16,0.99,0.96,0.92,0.86,0.79,0.59,0.27,projected
East Riding of Yorkshire,2021-07-17,0.99,0.96,0.92,0.86,0.79,0.59,0.27,projected
East Riding of Yorkshire,2021-07-18,0.99,0.96,0.92,0.86,0.79,0.59,0.27,projected
East Riding of Yorkshire,2021-07-19,0.99,0.96,0.92,0.86,0.79,0.59,0.27,projected
East Riding of Yorkshire,2021-07-20,0.97,0.95,0.91,0.86,0.79,0.59,0.30,projected
East Riding of Yorkshire,2021-07-21,0.97,0.95,0.91,0.86,0.79,0.59,0.30,projected
East Riding of Yorkshire,2021-07-22,0.97,0.95,0.91,0.86,0.79,0.59,0.30,projected
East Riding of Yorkshire,2021-07-23,0.97,0.95,0.91,0.86,0.79,0.59,0.30,projected
East Riding of Yorkshire,2021-07-24,0.97,0.95,0.91,0.86,0.79,0.59,0.30,projected
East Riding of Yorkshire,2021-07-25,0.97,0.95,0.91,0.86,0.79,0.59,0.30,projected
East Riding of Yorkshire,2021-07-26,0.97,0.95,0.91,0.86,0.79,0.59,0.30,projected
East Staffordshire,2021-03-23,0.01,0.00,0.00,0.00,0.00,0.00,0.00,inferred
East Staffordshire,2021-03-24,0.01,0.00,0.00,0.00,0.00,0.00,0.00,inferred
East Staffordshire,2021-03-25,0.01,0.00,0.00,0.00,0.00,0.00,0.00,inferred
East Staffordshire,2021-03-26,0.01,0.00,0.00,0.00,0.00,0.00,0.00,inferred
East Staffordshire,2021-03-27,0.01,0.00,0.00,0.00,0.00,0.00,0.00,inferred
East Staffordshire,2021-03-28,0.01,0.00,0.00,0.00,0.00,0.00,0.00,inferred
East Staffordshire,2021-03-29,0.01,0.00,0.00,0.00,0.00,0.00,0.00,inferred
East Staffordshire,2021-03-30,0.18,0.05,0.01,0.00,0.00,0.00,0.00,inferred
East Staffordshire,2021-03-31,0.18,0.05,0.01,0.00,0.00,0.00,0.00,inferred
East Staffordshire,2021-04-01,0.18,0.05,0.01,0.00,0.00,0.00,0.00,inferred
East Staffordshire,2021-04-02,0.18,0.05,0.01,0.00,0.00,0.00,0.00,inferred
East Staffordshire,2021-04-03,0.18,0.05,0.01,0.00,0.00,0.00,0.00,inferred
East Staffordshire,2021-04-04,0.18,0.05,0.01,0.00,0.00,0.00,0.00,inferred
East Staffordshire,2021-04-05,0.18,0.05,0.01,0.00,0.00,0.00,0.00,inferred
East Staffordshire,2021-04-06,0.19,0.07,0.02,0.00,0.00,0.00,0.00,inferred
East Staffordshire,2021-04-07,0.19,0.07,0.02,0.00,0.00,0.00,0.00,inferred
East Staffordshire,2021-04-08,0.19,0.07,0.02,0.00,0.00,0.00,0.00,inferred
East Staffordshire,2021-04-09,0.19,0.07,0.02,0.00,0.00,0.00,0.00,inferred
East Staffordshire,2021-04-10,0.19,0.07,0.02,0.00,0.00,0.00,0.00,inferred
East Staffordshire,2021-04-11,0.19,0.07,0.02,0.00,0.00,0.00,0.00,inferred
East Staffordshire,2021-04-12,0.19,0.07,0.02,0.00,0.00,0.00,0.00,inferred
East Staffordshire,2021-04-13,0.68,0.49,0.29,0.16,0.07,0.00,0.00,inferred
East Staffordshire,2021-04-14,0.68,0.49,0.29,0.16,0.07,0.00,0.00,inferred
East Staffordshire,2021-04-15,0.68,0.49,0.29,0.16,0.07,0.00,0.00,inferred
East Staffordshire,2021-04-16,0.68,0.49,0.29,0.16,0.07,0.00,0.00,inferred
East Staffordshire,2021-04-17,0.68,0.49,0.29,0.16,0.07,0.00,0.00,inferred
East Staffordshire,2021-04-18,0.68,0.49,0.29,0.16,0.07,0.00,0.00,inferred
East Staffordshire,2021-04-19,0.68,0.49,0.29,0.16,0.07,0.00,0.00,inferred
East Staffordshire,2021-04-20,0.61,0.39,0.22,0.09,0.05,0.00,0.00,inferred
East Staffordshire,2021-04-21,0.61,0.39,0.22,0.09,0.05,0.00,0.00,inferred
East Staffordshire,2021-04-22,0.61,0.39,0.22,0.09,0.05,0.00,0.00,inferred
East Staffordshire,2021-04-23,0.61,0.39,0.22,0.09,0.05,0.00,0.00,inferred
East Staffordshire,2021-04-24,0.61,0.39,0.22,0.09,0.05,0.00,0.00,inferred
East Staffordshire,2021-04-25,0.61,0.39,0.22,0.09,0.05,0.00,0.00,inferred
East Staffordshire,2021-04-26,0.61,0.39,0.22,0.09,0.05,0.00,0.00,inferred
East Staffordshire,2021-04-27,0.55,0.37,0.21,0.11,0.05,0.00,0.00,inferred
East Staffordshire,2021-04-28,0.55,0.37,0.21,0.11,0.05,0.00,0.00,inferred
East Staffordshire,2021-04-29,0.55,0.37,0.21,0.11,0.05,0.00,0.00,inferred
East Staffordshire,2021-04-30,0.55,0.37,0.21,0.11,0.05,0.00,0.00,inferred
East Staffordshire,2021-05-01,0.55,0.37,0.21,0.11,0.05,0.00,0.00,inferred
East Staffordshire,2021-05-02,0.55,0.37,0.21,0.11,0.05,0.00,0.00,inferred
East Staffordshire,2021-05-03,0.55,0.37,0.21,0.11,0.05,0.00,0.00,inferred
East Staffordshire,2021-05-04,0.58,0.38,0.23,0.12,0.06,0.00,0.00,inferred
East Staffordshire,2021-05-05,0.58,0.38,0.23,0.12,0.06,0.00,0.00,inferred
East Staffordshire,2021-05-06,0.58,0.38,0.23,0.12,0.06,0.00,0.00,inferred
East Staffordshire,2021-05-07,0.58,0.38,0.23,0.12,0.06,0.00,0.00,inferred
East Staffordshire,2021-05-08,0.58,0.38,0.23,0.12,0.06,0.00,0.00,inferred
East Staffordshire,2021-05-09,0.58,0.38,0.23,0.12,0.06,0.00,0.00,inferred
East Staffordshire,2021-05-10,0.58,0.38,0.23,0.12,0.06,0.00,0.00,inferred
East Staffordshire,2021-05-11,0.80,0.66,0.49,0.32,0.20,0.02,0.00,inferred
East Staffordshire,2021-05-12,0.80,0.66,0.49,0.32,0.20,0.02,0.00,inferred
East Staffordshire,2021-05-13,0.80,0.66,0.49,0.32,0.20,0.02,0.00,inferred
East Staffordshire,2021-05-14,0.80,0.66,0.49,0.32,0.20,0.02,0.00,inferred
East Staffordshire,2021-05-15,0.80,0.66,0.49,0.32,0.20,0.02,0.00,inferred
East Staffordshire,2021-05-16,0.80,0.66,0.49,0.32,0.20,0.02,0.00,inferred
East Staffordshire,2021-05-17,0.80,0.66,0.49,0.32,0.20,0.02,0.00,inferred
East Staffordshire,2021-05-18,0.98,0.93,0.84,0.73,0.59,0.19,0.01,inferred
East Staffordshire,2021-05-19,0.98,0.93,0.84,0.73,0.59,0.19,0.01,inferred
East Staffordshire,2021-05-20,0.98,0.93,0.84,0.73,0.59,0.19,0.01,inferred
East Staffordshire,2021-05-21,0.98,0.93,0.84,0.73,0.59,0.19,0.01,inferred
East Staffordshire,2021-05-22,0.98,0.93,0.84,0.73,0.59,0.19,0.01,inferred
East Staffordshire,2021-05-23,0.98,0.93,0.84,0.73,0.59,0.19,0.01,inferred
East Staffordshire,2021-05-24,0.98,0.93,0.84,0.73,0.59,0.19,0.01,inferred
East Staffordshire,2021-05-25,0.99,0.94,0.87,0.76,0.62,0.23,0.01,inferred
East Staffordshire,2021-05-26,0.99,0.94,0.87,0.76,0.62,0.23,0.01,inferred
East Staffordshire,2021-05-27,0.99,0.94,0.87,0.76,0.62,0.23,0.01,inferred
East Staffordshire,2021-05-28,0.99,0.94,0.87,0.76,0.62,0.23,0.01,inferred
East Staffordshire,2021-05-29,0.99,0.94,0.87,0.76,0.62,0.23,0.01,inferred
East Staffordshire,2021-05-30,0.99,0.94,0.87,0.76,0.62,0.23,0.01,inferred
East Staffordshire,2021-05-31,0.99,0.94,0.87,0.76,0.62,0.23,0.01,inferred
East Staffordshire,2021-06-01,0.99,0.98,0.93,0.86,0.74,0.32,0.02,inferred
East Staffordshire,2021-06-02,0.99,0.98,0.93,0.86,0.74,0.32,0.02,inferred
East Staffordshire,2021-06-03,0.99,0.98,0.93,0.86,0.74,0.32,0.02,inferred
East Staffordshire,2021-06-04,0.99,0.98,0.93,0.86,0.74,0.32,0.02,inferred
East Staffordshire,2021-06-05,0.99,0.98,0.93,0.86,0.74,0.32,0.02,inferred
East Staffordshire,2021-06-06,0.99,0.98,0.93,0.86,0.74,0.32,0.02,inferred
East Staffordshire,2021-06-07,0.99,0.98,0.93,0.86,0.74,0.32,0.02,inferred
East Staffordshire,2021-06-08,1.00,1.00,1.00,1.00,0.99,0.84,0.25,inferred
East Staffordshire,2021-06-09,1.00,1.00,1.00,1.00,0.99,0.84,0.25,inferred
East Staffordshire,2021-06-10,1.00,1.00,1.00,1.00,0.99,0.84,0.25,inferred
East Staffordshire,2021-06-11,1.00,1.00,1.00,1.00,0.99,0.84,0.25,inferred
East Staffordshire,2021-06-12,1.00,1.00,1.00,1.00,0.99,0.84,0.25,inferred
East Staffordshire,2021-06-13,1.00,1.00,1.00,1.00,0.99,0.84,0.25,inferred
East Staffordshire,2021-06-14,1.00,1.00,1.00,1.00,0.99,0.84,0.25,inferred
East Staffordshire,2021-06-15,1.00,1.00,1.00,1.00,1.00,1.00,0.91,inferred
East Staffordshire,2021-06-16,1.00,1.00,1.00,1.00,1.00,1.00,0.91,inferred
East Staffordshire,2021-06-17,1.00,1.00,1.00,1.00,1.00,1.00,0.91,inferred
East Staffordshire,2021-06-18,1.00,1.00,1.00,1.00,1.00,1.00,0.91,inferred
East Staffordshire,2021-06-19,1.00,1.00,1.00,1.00,1.00,1.00,0.91,inferred
East Staffordshire,2021-06-20,1.00,1.00,1.00,1.00,1.00,1.00,0.91,inferred
East Staffordshire,2021-06-21,1.00,1.00,1.00,1.00,1.00,1.00,0.91,inferred
East Staffordshire,2021-06-22,1.00,1.00,1.00,1.00,1.00,0.99,0.78,inferred
East Staffordshire,2021-06-23,1.00,1.00,1.00,1.00,1.00,0.99,0.78,inferred
East Staffordshire,2021-06-24,1.00,1.00,1.00,1.00,1.00,0.99,0.78,inferred
East Staffordshire,2021-06-25,1.00,1.00,1.00,1.00,1.00,0.99,0.78,inferred
East Staffordshire,2021-06-26,1.00,1.00,1.00,1.00,1.00,0.99,0.78,inferred
East Staffordshire,2021-06-27,1.00,1.00,1.00,1.00,1.00,0.99,0.78,inferred
East Staffordshire,2021-06-28,1.00,1.00,1.00,1.00,1.00,0.99,0.78,inferred
East Staffordshire,2021-06-29,1.00,0.99,0.96,0.89,0.78,0.38,0.04,inferred
East Staffordshire,2021-06-30,1.00,0.99,0.96,0.89,0.78,0.38,0.04,inferred
East Staffordshire,2021-07-01,1.00,0.99,0.96,0.89,0.78,0.38,0.04,inferred
East Staffordshire,2021-07-02,1.00,0.99,0.96,0.89,0.78,0.38,0.04,inferred
East Staffordshire,2021-07-03,1.00,0.99,0.96,0.89,0.78,0.38,0.04,inferred
East Staffordshire,2021-07-04,1.00,0.99,0.96,0.89,0.78,0.38,0.04,inferred
East Staffordshire,2021-07-05,1.00,0.99,0.96,0.89,0.78,0.38,0.04,inferred
East Staffordshire,2021-07-06,0.97,0.93,0.86,0.78,0.68,0.39,0.11,projected
East Staffordshire,2021-07-07,0.97,0.93,0.86,0.78,0.68,0.39,0.11,projected
East Staffordshire,2021-07-08,0.97,0.93,0.86,0.78,0.68,0.39,0.11,projected
East Staffordshire,2021-07-09,0.97,0.93,0.86,0.78,0.68,0.39,0.11,projected
East Staffordshire,2021-07-10,0.97,0.93,0.86,0.78,0.68,0.39,0.11,projected
East Staffordshire,2021-07-11,0.97,0.93,0.86,0.78,0.68,0.39,0.11,projected
East Staffordshire,2021-07-12,0.97,0.93,0.86,0.78,0.68,0.39,0.11,projected
East Staffordshire,2021-07-13,0.95,0.89,0.82,0.72,0.64,0.38,0.14,projected
East Staffordshire,2021-07-14,0.95,0.89,0.82,0.72,0.64,0.38,0.14,projected
East Staffordshire,2021-07-15,0.95,0.89,0.82,0.72,0.64,0.38,0.14,projected
East Staffordshire,2021-07-16,0.95,0.89,0.82,0.72,0.64,0.38,0.14,projected
East Staffordshire,2021-07-17,0.95,0.89,0.82,0.72,0.64,0.38,0.14,projected
East Staffordshire,2021-07-18,0.95,0.89,0.82,0.72,0.64,0.38,0.14,projected
East Staffordshire,2021-07-19,0.95,0.89,0.82,0.72,0.64,0.38,0.14,projected
East Staffordshire,2021-07-20,0.94,0.89,0.82,0.74,0.64,0.39,0.15,projected
East Staffordshire,2021-07-21,0.94,0.89,0.82,0.74,0.64,0.39,0.15,projected
East Staffordshire,2021-07-22,0.94,0.89,0.82,0.74,0.64,0.39,0.15,projected
East Staffordshire,2021-07-23,0.94,0.89,0.82,0.74,0.64,0.39,0.15,projected
East Staffordshire,2021-07-24,0.94,0.89,0.82,0.74,0.64,0.39,0.15,projected
East Staffordshire,2021-07-25,0.94,0.89,0.82,0.74,0.64,0.39,0.15,projected
East Staffordshire,2021-07-26,0.94,0.89,0.82,0.74,0.64,0.39,0.15,projected
East Suffolk,2021-03-23,0.30,0.09,0.02,0.00,0.00,0.00,0.00,inferred
East Suffolk,2021-03-24,0.30,0.09,0.02,0.00,0.00,0.00,0.00,inferred
East Suffolk,2021-03-25,0.30,0.09,0.02,0.00,0.00,0.00,0.00,inferred
East Suffolk,2021-03-26,0.30,0.09,0.02,0.00,0.00,0.00,0.00,inferred
East Suffolk,2021-03-27,0.30,0.09,0.02,0.00,0.00,0.00,0.00,inferred
East Suffolk,2021-03-28,0.30,0.09,0.02,0.00,0.00,0.00,0.00,inferred
East Suffolk,2021-03-29,0.30,0.09,0.02,0.00,0.00,0.00,0.00,inferred
East Suffolk,2021-03-30,0.73,0.46,0.21,0.07,0.03,0.00,0.00,inferred
East Suffolk,2021-03-31,0.73,0.46,0.21,0.07,0.03,0.00,0.00,inferred
East Suffolk,2021-04-01,0.73,0.46,0.21,0.07,0.03,0.00,0.00,inferred
East Suffolk,2021-04-02,0.73,0.46,0.21,0.07,0.03,0.00,0.00,inferred
East Suffolk,2021-04-03,0.73,0.46,0.21,0.07,0.03,0.00,0.00,inferred
East Suffolk,2021-04-04,0.73,0.46,0.21,0.07,0.03,0.00,0.00,inferred
East Suffolk,2021-04-05,0.73,0.46,0.21,0.07,0.03,0.00,0.00,inferred
East Suffolk,2021-04-06,0.97,0.89,0.73,0.50,0.29,0.01,0.00,inferred
East Suffolk,2021-04-07,0.97,0.89,0.73,0.50,0.29,0.01,0.00,inferred
East Suffolk,2021-04-08,0.97,0.89,0.73,0.50,0.29,0.01,0.00,inferred
East Suffolk,2021-04-09,0.97,0.89,0.73,0.50,0.29,0.01,0.00,inferred
East Suffolk,2021-04-10,0.97,0.89,0.73,0.50,0.29,0.01,0.00,inferred
East Suffolk,2021-04-11,0.97,0.89,0.73,0.50,0.29,0.01,0.00,inferred
East Suffolk,2021-04-12,0.97,0.89,0.73,0.50,0.29,0.01,0.00,inferred
East Suffolk,2021-04-13,0.99,0.96,0.86,0.64,0.38,0.03,0.00,inferred
East Suffolk,2021-04-14,0.99,0.96,0.86,0.64,0.38,0.03,0.00,inferred
East Suffolk,2021-04-15,0.99,0.96,0.86,0.64,0.38,0.03,0.00,inferred
East Suffolk,2021-04-16,0.99,0.96,0.86,0.64,0.38,0.03,0.00,inferred
East Suffolk,2021-04-17,0.99,0.96,0.86,0.64,0.38,0.03,0.00,inferred
East Suffolk,2021-04-18,0.99,0.96,0.86,0.64,0.38,0.03,0.00,inferred
East Suffolk,2021-04-19,0.99,0.96,0.86,0.64,0.38,0.03,0.00,inferred
East Suffolk,2021-04-20,0.41,0.17,0.05,0.01,0.00,0.00,0.00,inferred
East Suffolk,2021-04-21,0.41,0.17,0.05,0.01,0.00,0.00,0.00,inferred
East Suffolk,2021-04-22,0.41,0.17,0.05,0.01,0.00,0.00,0.00,inferred
East Suffolk,2021-04-23,0.41,0.17,0.05,0.01,0.00,0.00,0.00,inferred
East Suffolk,2021-04-24,0.41,0.17,0.05,0.01,0.00,0.00,0.00,inferred
East Suffolk,2021-04-25,0.41,0.17,0.05,0.01,0.00,0.00,0.00,inferred
East Suffolk,2021-04-26,0.41,0.17,0.05,0.01,0.00,0.00,0.00,inferred
East Suffolk,2021-04-27,0.09,0.02,0.00,0.00,0.00,0.00,0.00,inferred
East Suffolk,2021-04-28,0.09,0.02,0.00,0.00,0.00,0.00,0.00,inferred
East Suffolk,2021-04-29,0.09,0.02,0.00,0.00,0.00,0.00,0.00,inferred
East Suffolk,2021-04-30,0.09,0.02,0.00,0.00,0.00,0.00,0.00,inferred
East Suffolk,2021-05-01,0.09,0.02,0.00,0.00,0.00,0.00,0.00,inferred
East Suffolk,2021-05-02,0.09,0.02,0.00,0.00,0.00,0.00,0.00,inferred
East Suffolk,2021-05-03,0.09,0.02,0.00,0.00,0.00,0.00,0.00,inferred
East Suffolk,2021-05-04,0.09,0.03,0.01,0.00,0.00,0.00,0.00,inferred
East Suffolk,2021-05-05,0.09,0.03,0.01,0.00,0.00,0.00,0.00,inferred
East Suffolk,2021-05-06,0.09,0.03,0.01,0.00,0.00,0.00,0.00,inferred
East Suffolk,2021-05-07,0.09,0.03,0.01,0.00,0.00,0.00,0.00,inferred
East Suffolk,2021-05-08,0.09,0.03,0.01,0.00,0.00,0.00,0.00,inferred
East Suffolk,2021-05-09,0.09,0.03,0.01,0.00,0.00,0.00,0.00,inferred
East Suffolk,2021-05-10,0.09,0.03,0.01,0.00,0.00,0.00,0.00,inferred
East Suffolk,2021-05-11,0.17,0.08,0.03,0.01,0.00,0.00,0.00,inferred
East Suffolk,2021-05-12,0.17,0.08,0.03,0.01,0.00,0.00,0.00,inferred
East Suffolk,2021-05-13,0.17,0.08,0.03,0.01,0.00,0.00,0.00,inferred
East Suffolk,2021-05-14,0.17,0.08,0.03,0.01,0.00,0.00,0.00,inferred
East Suffolk,2021-05-15,0.17,0.08,0.03,0.01,0.00,0.00,0.00,inferred
East Suffolk,2021-05-16,0.17,0.08,0.03,0.01,0.00,0.00,0.00,inferred
East Suffolk,2021-05-17,0.17,0.08,0.03,0.01,0.00,0.00,0.00,inferred
East Suffolk,2021-05-18,0.91,0.80,0.67,0.51,0.37,0.08,0.00,inferred
East Suffolk,2021-05-19,0.91,0.80,0.67,0.51,0.37,0.08,0.00,inferred
East Suffolk,2021-05-20,0.91,0.80,0.67,0.51,0.37,0.08,0.00,inferred
East Suffolk,2021-05-21,0.91,0.80,0.67,0.51,0.37,0.08,0.00,inferred
East Suffolk,2021-05-22,0.91,0.80,0.67,0.51,0.37,0.08,0.00,inferred
East Suffolk,2021-05-23,0.91,0.80,0.67,0.51,0.37,0.08,0.00,inferred
East Suffolk,2021-05-24,0.91,0.80,0.67,0.51,0.37,0.08,0.00,inferred
East Suffolk,2021-05-25,1.00,0.99,0.97,0.93,0.85,0.45,0.04,inferred
East Suffolk,2021-05-26,1.00,0.99,0.97,0.93,0.85,0.45,0.04,inferred
East Suffolk,2021-05-27,1.00,0.99,0.97,0.93,0.85,0.45,0.04,inferred
East Suffolk,2021-05-28,1.00,0.99,0.97,0.93,0.85,0.45,0.04,inferred
East Suffolk,2021-05-29,1.00,0.99,0.97,0.93,0.85,0.45,0.04,inferred
East Suffolk,2021-05-30,1.00,0.99,0.97,0.93,0.85,0.45,0.04,inferred
East Suffolk,2021-05-31,1.00,0.99,0.97,0.93,0.85,0.45,0.04,inferred
East Suffolk,2021-06-01,0.99,0.98,0.94,0.87,0.75,0.31,0.01,inferred
East Suffolk,2021-06-02,0.99,0.98,0.94,0.87,0.75,0.31,0.01,inferred
East Suffolk,2021-06-03,0.99,0.98,0.94,0.87,0.75,0.31,0.01,inferred
East Suffolk,2021-06-04,0.99,0.98,0.94,0.87,0.75,0.31,0.01,inferred
East Suffolk,2021-06-05,0.99,0.98,0.94,0.87,0.75,0.31,0.01,inferred
East Suffolk,2021-06-06,0.99,0.98,0.94,0.87,0.75,0.31,0.01,inferred
East Suffolk,2021-06-07,0.99,0.98,0.94,0.87,0.75,0.31,0.01,inferred
East Suffolk,2021-06-08,1.00,0.99,0.93,0.85,0.73,0.29,0.01,inferred
East Suffolk,2021-06-09,1.00,0.99,0.93,0.85,0.73,0.29,0.01,inferred
East Suffolk,2021-06-10,1.00,0.99,0.93,0.85,0.73,0.29,0.01,inferred
East Suffolk,2021-06-11,1.00,0.99,0.93,0.85,0.73,0.29,0.01,inferred
East Suffolk,2021-06-12,1.00,0.99,0.93,0.85,0.73,0.29,0.01,inferred
East Suffolk,2021-06-13,1.00,0.99,0.93,0.85,0.73,0.29,0.01,inferred
East Suffolk,2021-06-14,1.00,0.99,0.93,0.85,0.73,0.29,0.01,inferred
East Suffolk,2021-06-15,1.00,1.00,1.00,1.00,0.99,0.77,0.11,inferred
East Suffolk,2021-06-16,1.00,1.00,1.00,1.00,0.99,0.77,0.11,inferred
East Suffolk,2021-06-17,1.00,1.00,1.00,1.00,0.99,0.77,0.11,inferred
East Suffolk,2021-06-18,1.00,1.00,1.00,1.00,0.99,0.77,0.11,inferred
East Suffolk,2021-06-19,1.00,1.00,1.00,1.00,0.99,0.77,0.11,inferred
East Suffolk,2021-06-20,1.00,1.00,1.00,1.00,0.99,0.77,0.11,inferred
East Suffolk,2021-06-21,1.00,1.00,1.00,1.00,0.99,0.77,0.11,inferred
East Suffolk,2021-06-22,1.00,1.00,1.00,1.00,1.00,0.92,0.37,inferred
East Suffolk,2021-06-23,1.00,1.00,1.00,1.00,1.00,0.92,0.37,inferred
East Suffolk,2021-06-24,1.00,1.00,1.00,1.00,1.00,0.92,0.37,inferred
East Suffolk,2021-06-25,1.00,1.00,1.00,1.00,1.00,0.92,0.37,inferred
East Suffolk,2021-06-26,1.00,1.00,1.00,1.00,1.00,0.92,0.37,inferred
East Suffolk,2021-06-27,1.00,1.00,1.00,1.00,1.00,0.92,0.37,inferred
East Suffolk,2021-06-28,1.00,1.00,1.00,1.00,1.00,0.92,0.37,inferred
East Suffolk,2021-06-29,1.00,1.00,1.00,1.00,0.99,0.90,0.46,inferred
East Suffolk,2021-06-30,1.00,1.00,1.00,1.00,0.99,0.90,0.46,inferred
East Suffolk,2021-07-01,1.00,1.00,1.00,1.00,0.99,0.90,0.46,inferred
East Suffolk,2021-07-02,1.00,1.00,1.00,1.00,0.99,0.90,0.46,inferred
East Suffolk,2021-07-03,1.00,1.00,1.00,1.00,0.99,0.90,0.46,inferred
East Suffolk,2021-07-04,1.00,1.00,1.00,1.00,0.99,0.90,0.46,inferred
East Suffolk,2021-07-05,1.00,1.00,1.00,1.00,0.99,0.90,0.46,inferred
East Suffolk,2021-07-06,1.00,1.00,1.00,0.99,0.97,0.81,0.39,projected
East Suffolk,2021-07-07,1.00,1.00,1.00,0.99,0.97,0.81,0.39,projected
East Suffolk,2021-07-08,1.00,1.00,1.00,0.99,0.97,0.81,0.39,projected
East Suffolk,2021-07-09,1.00,1.00,1.00,0.99,0.97,0.81,0.39,projected
East Suffolk,2021-07-10,1.00,1.00,1.00,0.99,0.97,0.81,0.39,projected
East Suffolk,2021-07-11,1.00,1.00,1.00,0.99,0.97,0.81,0.39,projected
East Suffolk,2021-07-12,1.00,1.00,1.00,0.99,0.97,0.81,0.39,projected
East Suffolk,2021-07-13,1.00,1.00,0.99,0.98,0.95,0.79,0.40,projected
East Suffolk,2021-07-14,1.00,1.00,0.99,0.98,0.95,0.79,0.40,projected
East Suffolk,2021-07-15,1.00,1.00,0.99,0.98,0.95,0.79,0.40,projected
East Suffolk,2021-07-16,1.00,1.00,0.99,0.98,0.95,0.79,0.40,projected
East Suffolk,2021-07-17,1.00,1.00,0.99,0.98,0.95,0.79,0.40,projected
East Suffolk,2021-07-18,1.00,1.00,0.99,0.98,0.95,0.79,0.40,projected
East Suffolk,2021-07-19,1.00,1.00,0.99,0.98,0.95,0.79,0.40,projected
East Suffolk,2021-07-20,1.00,0.99,0.99,0.98,0.95,0.81,0.43,projected
East Suffolk,2021-07-21,1.00,0.99,0.99,0.98,0.95,0.81,0.43,projected
East Suffolk,2021-07-22,1.00,0.99,0.99,0.98,0.95,0.81,0.43,projected
East Suffolk,2021-07-23,1.00,0.99,0.99,0.98,0.95,0.81,0.43,projected
East Suffolk,2021-07-24,1.00,0.99,0.99,0.98,0.95,0.81,0.43,projected
East Suffolk,2021-07-25,1.00,0.99,0.99,0.98,0.95,0.81,0.43,projected
East Suffolk,2021-07-26,1.00,0.99,0.99,0.98,0.95,0.81,0.43,projected
Eastbourne,2021-03-23,0.03,0.00,0.00,0.00,0.00,0.00,0.00,inferred
Eastbourne,2021-03-24,0.03,0.00,0.00,0.00,0.00,0.00,0.00,inferred
Eastbourne,2021-03-25,0.03,0.00,0.00,0.00,0.00,0.00,0.00,inferred
Eastbourne,2021-03-26,0.03,0.00,0.00,0.00,0.00,0.00,0.00,inferred
Eastbourne,2021-03-27,0.03,0.00,0.00,0.00,0.00,0.00,0.00,inferred
Eastbourne,2021-03-28,0.03,0.00,0.00,0.00,0.00,0.00,0.00,inferred
Eastbourne,2021-03-29,0.03,0.00,0.00,0.00,0.00,0.00,0.00,inferred
Eastbourne,2021-03-30,0.03,0.01,0.00,0.00,0.00,0.00,0.00,inferred
Eastbourne,2021-03-31,0.03,0.01,0.00,0.00,0.00,0.00,0.00,inferred
Eastbourne,2021-04-01,0.03,0.01,0.00,0.00,0.00,0.00,0.00,inferred
Eastbourne,2021-04-02,0.03,0.01,0.00,0.00,0.00,0.00,0.00,inferred
Eastbourne,2021-04-03,0.03,0.01,0.00,0.00,0.00,0.00,0.00,inferred
Eastbourne,2021-04-04,0.03,0.01,0.00,0.00,0.00,0.00,0.00,inferred
Eastbourne,2021-04-05,0.03,0.01,0.00,0.00,0.00,0.00,0.00,inferred
Eastbourne,2021-04-06,0.30,0.17,0.08,0.03,0.01,0.00,0.00,inferred
Eastbourne,2021-04-07,0.30,0.17,0.08,0.03,0.01,0.00,0.00,inferred
Eastbourne,2021-04-08,0.30,0.17,0.08,0.03,0.01,0.00,0.00,inferred
Eastbourne,2021-04-09,0.30,0.17,0.08,0.03,0.01,0.00,0.00,inferred
Eastbourne,2021-04-10,0.30,0.17,0.08,0.03,0.01,0.00,0.00,inferred
Eastbourne,2021-04-11,0.30,0.17,0.08,0.03,0.01,0.00,0.00,inferred
Eastbourne,2021-04-12,0.30,0.17,0.08,0.03,0.01,0.00,0.00,inferred
Eastbourne,2021-04-13,0.30,0.17,0.08,0.04,0.02,0.00,0.00,inferred
Eastbourne,2021-04-14,0.30,0.17,0.08,0.04,0.02,0.00,0.00,inferred
Eastbourne,2021-04-15,0.30,0.17,0.08,0.04,0.02,0.00,0.00,inferred
Eastbourne,2021-04-16,0.30,0.17,0.08,0.04,0.02,0.00,0.00,inferred
Eastbourne,2021-04-17,0.30,0.17,0.08,0.04,0.02,0.00,0.00,inferred
Eastbourne,2021-04-18,0.30,0.17,0.08,0.04,0.02,0.00,0.00,inferred
Eastbourne,2021-04-19,0.30,0.17,0.08,0.04,0.02,0.00,0.00,inferred
Eastbourne,2021-04-20,0.36,0.20,0.10,0.05,0.03,0.00,0.00,inferred
Eastbourne,2021-04-21,0.36,0.20,0.10,0.05,0.03,0.00,0.00,inferred
Eastbourne,2021-04-22,0.36,0.20,0.10,0.05,0.03,0.00,0.00,inferred
Eastbourne,2021-04-23,0.36,0.20,0.10,0.05,0.03,0.00,0.00,inferred
Eastbourne,2021-04-24,0.36,0.20,0.10,0.05,0.03,0.00,0.00,inferred
Eastbourne,2021-04-25,0.36,0.20,0.10,0.05,0.03,0.00,0.00,inferred
Eastbourne,2021-04-26,0.36,0.20,0.10,0.05,0.03,0.00,0.00,inferred
Eastbourne,2021-04-27,0.27,0.15,0.08,0.04,0.02,0.00,0.00,inferred
Eastbourne,2021-04-28,0.27,0.15,0.08,0.04,0.02,0.00,0.00,inferred
Eastbourne,2021-04-29,0.27,0.15,0.08,0.04,0.02,0.00,0.00,inferred
Eastbourne,2021-04-30,0.27,0.15,0.08,0.04,0.02,0.00,0.00,inferred
Eastbourne,2021-05-01,0.27,0.15,0.08,0.04,0.02,0.00,0.00,inferred
Eastbourne,2021-05-02,0.27,0.15,0.08,0.04,0.02,0.00,0.00,inferred
Eastbourne,2021-05-03,0.27,0.15,0.08,0.04,0.02,0.00,0.00,inferred
Eastbourne,2021-05-04,0.52,0.38,0.24,0.16,0.10,0.02,0.00,inferred
Eastbourne,2021-05-05,0.52,0.38,0.24,0.16,0.10,0.02,0.00,inferred
Eastbourne,2021-05-06,0.52,0.38,0.24,0.16,0.10,0.02,0.00,inferred
Eastbourne,2021-05-07,0.52,0.38,0.24,0.16,0.10,0.02,0.00,inferred
Eastbourne,2021-05-08,0.52,0.38,0.24,0.16,0.10,0.02,0.00,inferred
Eastbourne,2021-05-09,0.52,0.38,0.24,0.16,0.10,0.02,0.00,inferred
Eastbourne,2021-05-10,0.52,0.38,0.24,0.16,0.10,0.02,0.00,inferred
Eastbourne,2021-05-11,0.93,0.86,0.76,0.65,0.53,0.22,0.02,inferred
Eastbourne,2021-05-12,0.93,0.86,0.76,0.65,0.53,0.22,0.02,inferred
Eastbourne,2021-05-13,0.93,0.86,0.76,0.65,0.53,0.22,0.02,inferred
Eastbourne,2021-05-14,0.93,0.86,0.76,0.65,0.53,0.22,0.02,inferred
Eastbourne,2021-05-15,0.93,0.86,0.76,0.65,0.53,0.22,0.02,inferred
Eastbourne,2021-05-16,0.93,0.86,0.76,0.65,0.53,0.22,0.02,inferred
Eastbourne,2021-05-17,0.93,0.86,0.76,0.65,0.53,0.22,0.02,inferred
Eastbourne,2021-05-18,0.92,0.86,0.77,0.66,0.54,0.24,0.03,inferred
Eastbourne,2021-05-19,0.92,0.86,0.77,0.66,0.54,0.24,0.03,inferred
Eastbourne,2021-05-20,0.92,0.86,0.77,0.66,0.54,0.24,0.03,inferred
Eastbourne,2021-05-21,0.92,0.86,0.77,0.66,0.54,0.24,0.03,inferred
Eastbourne,2021-05-22,0.92,0.86,0.77,0.66,0.54,0.24,0.03,inferred
Eastbourne,2021-05-23,0.92,0.86,0.77,0.66,0.54,0.24,0.03,inferred
Eastbourne,2021-05-24,0.92,0.86,0.77,0.66,0.54,0.24,0.03,inferred
Eastbourne,2021-05-25,0.99,0.96,0.93,0.87,0.80,0.50,0.12,inferred
Eastbourne,2021-05-26,0.99,0.96,0.93,0.87,0.80,0.50,0.12,inferred
Eastbourne,2021-05-27,0.99,0.96,0.93,0.87,0.80,0.50,0.12,inferred
Eastbourne,2021-05-28,0.99,0.96,0.93,0.87,0.80,0.50,0.12,inferred
Eastbourne,2021-05-29,0.99,0.96,0.93,0.87,0.80,0.50,0.12,inferred
Eastbourne,2021-05-30,0.99,0.96,0.93,0.87,0.80,0.50,0.12,inferred
Eastbourne,2021-05-31,0.99,0.96,0.93,0.87,0.80,0.50,0.12,inferred
Eastbourne,2021-06-01,1.00,0.99,0.99,0.98,0.96,0.77,0.32,inferred
Eastbourne,2021-06-02,1.00,0.99,0.99,0.98,0.96,0.77,0.32,inferred
Eastbourne,2021-06-03,1.00,0.99,0.99,0.98,0.96,0.77,0.32,inferred
Eastbourne,2021-06-04,1.00,0.99,0.99,0.98,0.96,0.77,0.32,inferred
Eastbourne,2021-06-05,1.00,0.99,0.99,0.98,0.96,0.77,0.32,inferred
Eastbourne,2021-06-06,1.00,0.99,0.99,0.98,0.96,0.77,0.32,inferred
Eastbourne,2021-06-07,1.00,0.99,0.99,0.98,0.96,0.77,0.32,inferred
Eastbourne,2021-06-08,1.00,1.00,0.99,0.97,0.94,0.68,0.19,inferred
Eastbourne,2021-06-09,1.00,1.00,0.99,0.97,0.94,0.68,0.19,inferred
Eastbourne,2021-06-10,1.00,1.00,0.99,0.97,0.94,0.68,0.19,inferred
Eastbourne,2021-06-11,1.00,1.00,0.99,0.97,0.94,0.68,0.19,inferred
Eastbourne,2021-06-12,1.00,1.00,0.99,0.97,0.94,0.68,0.19,inferred
Eastbourne,2021-06-13,1.00,1.00,0.99,0.97,0.94,0.68,0.19,inferred
Eastbourne,2021-06-14,1.00,1.00,0.99,0.97,0.94,0.68,0.19,inferred
Eastbourne,2021-06-15,1.00,1.00,1.00,1.00,0.99,0.87,0.37,inferred
Eastbourne,2021-06-16,1.00,1.00,1.00,1.00,0.99,0.87,0.37,inferred
Eastbourne,2021-06-17,1.00,1.00,1.00,1.00,0.99,0.87,0.37,inferred
Eastbourne,2021-06-18,1.00,1.00,1.00,1.00,0.99,0.87,0.37,inferred
Eastbourne,2021-06-19,1.00,1.00,1.00,1.00,0.99,0.87,0.37,inferred
Eastbourne,2021-06-20,1.00,1.00,1.00,1.00,0.99,0.87,0.37,inferred
Eastbourne,2021-06-21,1.00,1.00,1.00,1.00,0.99,0.87,0.37,inferred
Eastbourne,2021-06-22,1.00,1.00,1.00,1.00,1.00,0.99,0.67,inferred
Eastbourne,2021-06-23,1.00,1.00,1.00,1.00,1.00,0.99,0.67,inferred
Eastbourne,2021-06-24,1.00,1.00,1.00,1.00,1.00,0.99,0.67,inferred
Eastbourne,2021-06-25,1.00,1.00,1.00,1.00,1.00,0.99,0.67,inferred
Eastbourne,2021-06-26,1.00,1.00,1.00,1.00,1.00,0.99,0.67,inferred
Eastbourne,2021-06-27,1.00,1.00,1.00,1.00,1.00,0.99,0.67,inferred
Eastbourne,2021-06-28,1.00,1.00,1.00,1.00,1.00,0.99,0.67,inferred
Eastbourne,2021-06-29,1.00,1.00,1.00,1.00,1.00,0.97,0.78,inferred
Eastbourne,2021-06-30,1.00,1.00,1.00,1.00,1.00,0.97,0.78,inferred
Eastbourne,2021-07-01,1.00,1.00,1.00,1.00,1.00,0.97,0.78,inferred
Eastbourne,2021-07-02,1.00,1.00,1.00,1.00,1.00,0.97,0.78,inferred
Eastbourne,2021-07-03,1.00,1.00,1.00,1.00,1.00,0.97,0.78,inferred
Eastbourne,2021-07-04,1.00,1.00,1.00,1.00,1.00,0.97,0.78,inferred
Eastbourne,2021-07-05,1.00,1.00,1.00,1.00,1.00,0.97,0.78,inferred
Eastbourne,2021-07-06,1.00,1.00,1.00,0.99,0.97,0.87,0.55,projected
Eastbourne,2021-07-07,1.00,1.00,1.00,0.99,0.97,0.87,0.55,projected
Eastbourne,2021-07-08,1.00,1.00,1.00,0.99,0.97,0.87,0.55,projected
Eastbourne,2021-07-09,1.00,1.00,1.00,0.99,0.97,0.87,0.55,projected
Eastbourne,2021-07-10,1.00,1.00,1.00,0.99,0.97,0.87,0.55,projected
Eastbourne,2021-07-11,1.00,1.00,1.00,0.99,0.97,0.87,0.55,projected
Eastbourne,2021-07-12,1.00,1.00,1.00,0.99,0.97,0.87,0.55,projected
Eastbourne,2021-07-13,1.00,0.99,0.98,0.96,0.93,0.78,0.47,projected
Eastbourne,2021-07-14,1.00,0.99,0.98,0.96,0.93,0.78,0.47,projected
Eastbourne,2021-07-15,1.00,0.99,0.98,0.96,0.93,0.78,0.47,projected
Eastbourne,2021-07-16,1.00,0.99,0.98,0.96,0.93,0.78,0.47,projected
Eastbourne,2021-07-17,1.00,0.99,0.98,0.96,0.93,0.78,0.47,projected
Eastbourne,2021-07-18,1.00,0.99,0.98,0.96,0.93,0.78,0.47,projected
Eastbourne,2021-07-19,1.00,0.99,0.98,0.96,0.93,0.78,0.47,projected
Eastbourne,2021-07-20,0.99,0.98,0.97,0.95,0.91,0.74,0.41,projected
Eastbourne,2021-07-21,0.99,0.98,0.97,0.95,0.91,0.74,0.41,projected
Eastbourne,2021-07-22,0.99,0.98,0.97,0.95,0.91,0.74,0.41,projected
Eastbourne,2021-07-23,0.99,0.98,0.97,0.95,0.91,0.74,0.41,projected
Eastbourne,2021-07-24,0.99,0.98,0.97,0.95,0.91,0.74,0.41,projected
Eastbourne,2021-07-25,0.99,0.98,0.97,0.95,0.91,0.74,0.41,projected
Eastbourne,2021-07-26,0.99,0.98,0.97,0.95,0.91,0.74,0.41,projected
Eastleigh,2021-03-23,0.02,0.00,0.00,0.00,0.00,0.00,0.00,inferred
Eastleigh,2021-03-24,0.02,0.00,0.00,0.00,0.00,0.00,0.00,inferred
Eastleigh,2021-03-25,0.02,0.00,0.00,0.00,0.00,0.00,0.00,inferred
Eastleigh,2021-03-26,0.02,0.00,0.00,0.00,0.00,0.00,0.00,inferred
Eastleigh,2021-03-27,0.02,0.00,0.00,0.00,0.00,0.00,0.00,inferred
Eastleigh,2021-03-28,0.02,0.00,0.00,0.00,0.00,0.00,0.00,inferred
Eastleigh,2021-03-29,0.02,0.00,0.00,0.00,0.00,0.00,0.00,inferred
Eastleigh,2021-03-30,0.08,0.03,0.01,0.00,0.00,0.00,0.00,inferred
Eastleigh,2021-03-31,0.08,0.03,0.01,0.00,0.00,0.00,0.00,inferred
Eastleigh,2021-04-01,0.08,0.03,0.01,0.00,0.00,0.00,0.00,inferred
Eastleigh,2021-04-02,0.08,0.03,0.01,0.00,0.00,0.00,0.00,inferred
Eastleigh,2021-04-03,0.08,0.03,0.01,0.00,0.00,0.00,0.00,inferred
Eastleigh,2021-04-04,0.08,0.03,0.01,0.00,0.00,0.00,0.00,inferred
Eastleigh,2021-04-05,0.08,0.03,0.01,0.00,0.00,0.00,0.00,inferred
Eastleigh,2021-04-06,0.60,0.38,0.20,0.09,0.04,0.00,0.00,inferred
Eastleigh,2021-04-07,0.60,0.38,0.20,0.09,0.04,0.00,0.00,inferred
Eastleigh,2021-04-08,0.60,0.38,0.20,0.09,0.04,0.00,0.00,inferred
Eastleigh,2021-04-09,0.60,0.38,0.20,0.09,0.04,0.00,0.00,inferred
Eastleigh,2021-04-10,0.60,0.38,0.20,0.09,0.04,0.00,0.00,inferred
Eastleigh,2021-04-11,0.60,0.38,0.20,0.09,0.04,0.00,0.00,inferred
Eastleigh,2021-04-12,0.60,0.38,0.20,0.09,0.04,0.00,0.00,inferred
Eastleigh,2021-04-13,0.42,0.23,0.10,0.04,0.01,0.00,0.00,inferred
Eastleigh,2021-04-14,0.42,0.23,0.10,0.04,0.01,0.00,0.00,inferred
Eastleigh,2021-04-15,0.42,0.23,0.10,0.04,0.01,0.00,0.00,inferred
Eastleigh,2021-04-16,0.42,0.23,0.10,0.04,0.01,0.00,0.00,inferred
Eastleigh,2021-04-17,0.42,0.23,0.10,0.04,0.01,0.00,0.00,inferred
Eastleigh,2021-04-18,0.42,0.23,0.10,0.04,0.01,0.00,0.00,inferred
Eastleigh,2021-04-19,0.42,0.23,0.10,0.04,0.01,0.00,0.00,inferred
Eastleigh,2021-04-20,0.62,0.42,0.25,0.13,0.06,0.00,0.00,inferred
Eastleigh,2021-04-21,0.62,0.42,0.25,0.13,0.06,0.00,0.00,inferred
Eastleigh,2021-04-22,0.62,0.42,0.25,0.13,0.06,0.00,0.00,inferred
Eastleigh,2021-04-23,0.62,0.42,0.25,0.13,0.06,0.00,0.00,inferred
Eastleigh,2021-04-24,0.62,0.42,0.25,0.13,0.06,0.00,0.00,inferred
Eastleigh,2021-04-25,0.62,0.42,0.25,0.13,0.06,0.00,0.00,inferred
Eastleigh,2021-04-26,0.62,0.42,0.25,0.13,0.06,0.00,0.00,inferred
Eastleigh,2021-04-27,0.89,0.78,0.60,0.42,0.26,0.03,0.00,inferred
Eastleigh,2021-04-28,0.89,0.78,0.60,0.42,0.26,0.03,0.00,inferred
Eastleigh,2021-04-29,0.89,0.78,0.60,0.42,0.26,0.03,0.00,inferred
Eastleigh,2021-04-30,0.89,0.78,0.60,0.42,0.26,0.03,0.00,inferred
Eastleigh,2021-05-01,0.89,0.78,0.60,0.42,0.26,0.03,0.00,inferred
Eastleigh,2021-05-02,0.89,0.78,0.60,0.42,0.26,0.03,0.00,inferred
Eastleigh,2021-05-03,0.89,0.78,0.60,0.42,0.26,0.03,0.00,inferred
Eastleigh,2021-05-04,0.49,0.29,0.15,0.07,0.03,0.00,0.00,inferred
Eastleigh,2021-05-05,0.49,0.29,0.15,0.07,0.03,0.00,0.00,inferred
Eastleigh,2021-05-06,0.49,0.29,0.15,0.07,0.03,0.00,0.00,inferred
Eastleigh,2021-05-07,0.49,0.29,0.15,0.07,0.03,0.00,0.00,inferred
Eastleigh,2021-05-08,0.49,0.29,0.15,0.07,0.03,0.00,0.00,inferred
Eastleigh,2021-05-09,0.49,0.29,0.15,0.07,0.03,0.00,0.00,inferred
Eastleigh,2021-05-10,0.49,0.29,0.15,0.07,0.03,0.00,0.00,inferred
Eastleigh,2021-05-11,0.17,0.08,0.03,0.01,0.00,0.00,0.00,inferred
Eastleigh,2021-05-12,0.17,0.08,0.03,0.01,0.00,0.00,0.00,inferred
Eastleigh,2021-05-13,0.17,0.08,0.03,0.01,0.00,0.00,0.00,inferred
Eastleigh,2021-05-14,0.17,0.08,0.03,0.01,0.00,0.00,0.00,inferred
Eastleigh,2021-05-15,0.17,0.08,0.03,0.01,0.00,0.00,0.00,inferred
Eastleigh,2021-05-16,0.17,0.08,0.03,0.01,0.00,0.00,0.00,inferred
Eastleigh,2021-05-17,0.17,0.08,0.03,0.01,0.00,0.00,0.00,inferred
Eastleigh,2021-05-18,0.73,0.60,0.45,0.31,0.19,0.04,0.00,inferred
Eastleigh,2021-05-19,0.73,0.60,0.45,0.31,0.19,0.04,0.00,inferred
Eastleigh,2021-05-20,0.73,0.60,0.45,0.31,0.19,0.04,0.00,inferred
Eastleigh,2021-05-21,0.73,0.60,0.45,0.31,0.19,0.04,0.00,inferred
Eastleigh,2021-05-22,0.73,0.60,0.45,0.31,0.19,0.04,0.00,inferred
Eastleigh,2021-05-23,0.73,0.60,0.45,0.31,0.19,0.04,0.00,inferred
Eastleigh,2021-05-24,0.73,0.60,0.45,0.31,0.19,0.04,0.00,inferred
Eastleigh,2021-05-25,1.00,0.99,0.98,0.96,0.91,0.63,0.14,inferred
Eastleigh,2021-05-26,1.00,0.99,0.98,0.96,0.91,0.63,0.14,inferred
Eastleigh,2021-05-27,1.00,0.99,0.98,0.96,0.91,0.63,0.14,inferred
Eastleigh,2021-05-28,1.00,0.99,0.98,0.96,0.91,0.63,0.14,inferred
Eastleigh,2021-05-29,1.00,0.99,0.98,0.96,0.91,0.63,0.14,inferred
Eastleigh,2021-05-30,1.00,0.99,0.98,0.96,0.91,0.63,0.14,inferred
Eastleigh,2021-05-31,1.00,0.99,0.98,0.96,0.91,0.63,0.14,inferred
Eastleigh,2021-06-01,1.00,1.00,1.00,1.00,1.00,0.95,0.63,inferred
Eastleigh,2021-06-02,1.00,1.00,1.00,1.00,1.00,0.95,0.63,inferred
Eastleigh,2021-06-03,1.00,1.00,1.00,1.00,1.00,0.95,0.63,inferred
Eastleigh,2021-06-04,1.00,1.00,1.00,1.00,1.00,0.95,0.63,inferred
Eastleigh,2021-06-05,1.00,1.00,1.00,1.00,1.00,0.95,0.63,inferred
Eastleigh,2021-06-06,1.00,1.00,1.00,1.00,1.00,0.95,0.63,inferred
Eastleigh,2021-06-07,1.00,1.00,1.00,1.00,1.00,0.95,0.63,inferred
Eastleigh,2021-06-08,1.00,1.00,1.00,1.00,0.99,0.87,0.35,inferred
Eastleigh,2021-06-09,1.00,1.00,1.00,1.00,0.99,0.87,0.35,inferred
Eastleigh,2021-06-10,1.00,1.00,1.00,1.00,0.99,0.87,0.35,inferred
Eastleigh,2021-06-11,1.00,1.00,1.00,1.00,0.99,0.87,0.35,inferred
Eastleigh,2021-06-12,1.00,1.00,1.00,1.00,0.99,0.87,0.35,inferred
Eastleigh,2021-06-13,1.00,1.00,1.00,1.00,0.99,0.87,0.35,inferred
Eastleigh,2021-06-14,1.00,1.00,1.00,1.00,0.99,0.87,0.35,inferred
Eastleigh,2021-06-15,1.00,1.00,1.00,1.00,1.00,0.95,0.42,inferred
Eastleigh,2021-06-16,1.00,1.00,1.00,1.00,1.00,0.95,0.42,inferred
Eastleigh,2021-06-17,1.00,1.00,1.00,1.00,1.00,0.95,0.42,inferred
Eastleigh,2021-06-18,1.00,1.00,1.00,1.00,1.00,0.95,0.42,inferred
Eastleigh,2021-06-19,1.00,1.00,1.00,1.00,1.00,0.95,0.42,inferred
Eastleigh,2021-06-20,1.00,1.00,1.00,1.00,1.00,0.95,0.42,inferred
Eastleigh,2021-06-21,1.00,1.00,1.00,1.00,1.00,0.95,0.42,inferred
Eastleigh,2021-06-22,1.00,1.00,1.00,1.00,1.00,1.00,0.86,inferred
Eastleigh,2021-06-23,1.00,1.00,1.00,1.00,1.00,1.00,0.86,inferred
Eastleigh,2021-06-24,1.00,1.00,1.00,1.00,1.00,1.00,0.86,inferred
Eastleigh,2021-06-25,1.00,1.00,1.00,1.00,1.00,1.00,0.86,inferred
Eastleigh,2021-06-26,1.00,1.00,1.00,1.00,1.00,1.00,0.86,inferred
Eastleigh,2021-06-27,1.00,1.00,1.00,1.00,1.00,1.00,0.86,inferred
Eastleigh,2021-06-28,1.00,1.00,1.00,1.00,1.00,1.00,0.86,inferred
Eastleigh,2021-06-29,1.00,1.00,1.00,1.00,0.98,0.82,0.29,inferred
Eastleigh,2021-06-30,1.00,1.00,1.00,1.00,0.98,0.82,0.29,inferred
Eastleigh,2021-07-01,1.00,1.00,1.00,1.00,0.98,0.82,0.29,inferred
Eastleigh,2021-07-02,1.00,1.00,1.00,1.00,0.98,0.82,0.29,inferred
Eastleigh,2021-07-03,1.00,1.00,1.00,1.00,0.98,0.82,0.29,inferred
Eastleigh,2021-07-04,1.00,1.00,1.00,1.00,0.98,0.82,0.29,inferred
Eastleigh,2021-07-05,1.00,1.00,1.00,1.00,0.98,0.82,0.29,inferred
Eastleigh,2021-07-06,0.99,0.99,0.97,0.94,0.89,0.64,0.27,projected
Eastleigh,2021-07-07,0.99,0.99,0.97,0.94,0.89,0.64,0.27,projected
Eastleigh,2021-07-08,0.99,0.99,0.97,0.94,0.89,0.64,0.27,projected
Eastleigh,2021-07-09,0.99,0.99,0.97,0.94,0.89,0.64,0.27,projected
Eastleigh,2021-07-10,0.99,0.99,0.97,0.94,0.89,0.64,0.27,projected
Eastleigh,2021-07-11,0.99,0.99,0.97,0.94,0.89,0.64,0.27,projected
Eastleigh,2021-07-12,0.99,0.99,0.97,0.94,0.89,0.64,0.27,projected
Eastleigh,2021-07-13,0.98,0.96,0.93,0.88,0.82,0.57,0.24,projected
Eastleigh,2021-07-14,0.98,0.96,0.93,0.88,0.82,0.57,0.24,projected
Eastleigh,2021-07-15,0.98,0.96,0.93,0.88,0.82,0.57,0.24,projected
Eastleigh,2021-07-16,0.98,0.96,0.93,0.88,0.82,0.57,0.24,projected
Eastleigh,2021-07-17,0.98,0.96,0.93,0.88,0.82,0.57,0.24,projected
Eastleigh,2021-07-18,0.98,0.96,0.93,0.88,0.82,0.57,0.24,projected
Eastleigh,2021-07-19,0.98,0.96,0.93,0.88,0.82,0.57,0.24,projected
Eastleigh,2021-07-20,0.97,0.94,0.89,0.82,0.75,0.50,0.24,projected
Eastleigh,2021-07-21,0.97,0.94,0.89,0.82,0.75,0.50,0.24,projected
Eastleigh,2021-07-22,0.97,0.94,0.89,0.82,0.75,0.50,0.24,projected
Eastleigh,2021-07-23,0.97,0.94,0.89,0.82,0.75,0.50,0.24,projected
Eastleigh,2021-07-24,0.97,0.94,0.89,0.82,0.75,0.50,0.24,projected
Eastleigh,2021-07-25,0.97,0.94,0.89,0.82,0.75,0.50,0.24,projected
Eastleigh,2021-07-26,0.97,0.94,0.89,0.82,0.75,0.50,0.24,projected
Eden,2021-03-23,0.63,0.47,0.32,0.20,0.12,0.02,0.00,inferred
Eden,2021-03-24,0.63,0.47,0.32,0.20,0.12,0.02,0.00,inferred
Eden,2021-03-25,0.63,0.47,0.32,0.20,0.12,0.02,0.00,inferred
Eden,2021-03-26,0.63,0.47,0.32,0.20,0.12,0.02,0.00,inferred
Eden,2021-03-27,0.63,0.47,0.32,0.20,0.12,0.02,0.00,inferred
Eden,2021-03-28,0.63,0.47,0.32,0.20,0.12,0.02,0.00,inferred
Eden,2021-03-29,0.63,0.47,0.32,0.20,0.12,0.02,0.00,inferred
Eden,2021-03-30,0.68,0.52,0.37,0.25,0.17,0.03,0.00,inferred
Eden,2021-03-31,0.68,0.52,0.37,0.25,0.17,0.03,0.00,inferred
Eden,2021-04-01,0.68,0.52,0.37,0.25,0.17,0.03,0.00,inferred
Eden,2021-04-02,0.68,0.52,0.37,0.25,0.17,0.03,0.00,inferred
Eden,2021-04-03,0.68,0.52,0.37,0.25,0.17,0.03,0.00,inferred
Eden,2021-04-04,0.68,0.52,0.37,0.25,0.17,0.03,0.00,inferred
Eden,2021-04-05,0.68,0.52,0.37,0.25,0.17,0.03,0.00,inferred
Eden,2021-04-06,0.83,0.71,0.59,0.46,0.32,0.11,0.00,inferred
Eden,2021-04-07,0.83,0.71,0.59,0.46,0.32,0.11,0.00,inferred
Eden,2021-04-08,0.83,0.71,0.59,0.46,0.32,0.11,0.00,inferred
Eden,2021-04-09,0.83,0.71,0.59,0.46,0.32,0.11,0.00,inferred
Eden,2021-04-10,0.83,0.71,0.59,0.46,0.32,0.11,0.00,inferred
Eden,2021-04-11,0.83,0.71,0.59,0.46,0.32,0.11,0.00,inferred
Eden,2021-04-12,0.83,0.71,0.59,0.46,0.32,0.11,0.00,inferred
Eden,2021-04-13,0.72,0.58,0.44,0.30,0.20,0.05,0.00,inferred
Eden,2021-04-14,0.72,0.58,0.44,0.30,0.20,0.05,0.00,inferred
Eden,2021-04-15,0.72,0.58,0.44,0.30,0.20,0.05,0.00,inferred
Eden,2021-04-16,0.72,0.58,0.44,0.30,0.20,0.05,0.00,inferred
Eden,2021-04-17,0.72,0.58,0.44,0.30,0.20,0.05,0.00,inferred
Eden,2021-04-18,0.72,0.58,0.44,0.30,0.20,0.05,0.00,inferred
Eden,2021-04-19,0.72,0.58,0.44,0.30,0.20,0.05,0.00,inferred
Eden,2021-04-20,0.50,0.34,0.23,0.15,0.09,0.01,0.00,inferred
Eden,2021-04-21,0.50,0.34,0.23,0.15,0.09,0.01,0.00,inferred
Eden,2021-04-22,0.50,0.34,0.23,0.15,0.09,0.01,0.00,inferred
Eden,2021-04-23,0.50,0.34,0.23,0.15,0.09,0.01,0.00,inferred
Eden,2021-04-24,0.50,0.34,0.23,0.15,0.09,0.01,0.00,inferred
Eden,2021-04-25,0.50,0.34,0.23,0.15,0.09,0.01,0.00,inferred
Eden,2021-04-26,0.50,0.34,0.23,0.15,0.09,0.01,0.00,inferred
Eden,2021-04-27,0.70,0.56,0.42,0.30,0.21,0.06,0.00,inferred
Eden,2021-04-28,0.70,0.56,0.42,0.30,0.21,0.06,0.00,inferred
Eden,2021-04-29,0.70,0.56,0.42,0.30,0.21,0.06,0.00,inferred
Eden,2021-04-30,0.70,0.56,0.42,0.30,0.21,0.06,0.00,inferred
Eden,2021-05-01,0.70,0.56,0.42,0.30,0.21,0.06,0.00,inferred
Eden,2021-05-02,0.70,0.56,0.42,0.30,0.21,0.06,0.00,inferred
Eden,2021-05-03,0.70,0.56,0.42,0.30,0.21,0.06,0.00,inferred
Eden,2021-05-04,0.83,0.71,0.56,0.43,0.32,0.11,0.01,inferred
Eden,2021-05-05,0.83,0.71,0.56,0.43,0.32,0.11,0.01,inferred
Eden,2021-05-06,0.83,0.71,0.56,0.43,0.32,0.11,0.01,inferred
Eden,2021-05-07,0.83,0.71,0.56,0.43,0.32,0.11,0.01,inferred
Eden,2021-05-08,0.83,0.71,0.56,0.43,0.32,0.11,0.01,inferred
Eden,2021-05-09,0.83,0.71,0.56,0.43,0.32,0.11,0.01,inferred
Eden,2021-05-10,0.83,0.71,0.56,0.43,0.32,0.11,0.01,inferred
Eden,2021-05-11,0.77,0.64,0.49,0.37,0.26,0.08,0.00,inferred
Eden,2021-05-12,0.77,0.64,0.49,0.37,0.26,0.08,0.00,inferred
Eden,2021-05-13,0.77,0.64,0.49,0.37,0.26,0.08,0.00,inferred
Eden,2021-05-14,0.77,0.64,0.49,0.37,0.26,0.08,0.00,inferred
Eden,2021-05-15,0.77,0.64,0.49,0.37,0.26,0.08,0.00,inferred
Eden,2021-05-16,0.77,0.64,0.49,0.37,0.26,0.08,0.00,inferred
Eden,2021-05-17,0.77,0.64,0.49,0.37,0.26,0.08,0.00,inferred
Eden,2021-05-18,0.99,0.97,0.94,0.91,0.86,0.62,0.22,inferred
Eden,2021-05-19,0.99,0.97,0.94,0.91,0.86,0.62,0.22,inferred
Eden,2021-05-20,0.99,0.97,0.94,0.91,0.86,0.62,0.22,inferred
Eden,2021-05-21,0.99,0.97,0.94,0.91,0.86,0.62,0.22,inferred
Eden,2021-05-22,0.99,0.97,0.94,0.91,0.86,0.62,0.22,inferred
Eden,2021-05-23,0.99,0.97,0.94,0.91,0.86,0.62,0.22,inferred
Eden,2021-05-24,0.99,0.97,0.94,0.91,0.86,0.62,0.22,inferred
Eden,2021-05-25,1.00,1.00,1.00,1.00,1.00,0.99,0.82,inferred
Eden,2021-05-26,1.00,1.00,1.00,1.00,1.00,0.99,0.82,inferred
Eden,2021-05-27,1.00,1.00,1.00,1.00,1.00,0.99,0.82,inferred
Eden,2021-05-28,1.00,1.00,1.00,1.00,1.00,0.99,0.82,inferred
Eden,2021-05-29,1.00,1.00,1.00,1.00,1.00,0.99,0.82,inferred
Eden,2021-05-30,1.00,1.00,1.00,1.00,1.00,0.99,0.82,inferred
Eden,2021-05-31,1.00,1.00,1.00,1.00,1.00,0.99,0.82,inferred
Eden,2021-06-01,1.00,1.00,1.00,1.00,1.00,0.98,0.78,inferred
Eden,2021-06-02,1.00,1.00,1.00,1.00,1.00,0.98,0.78,inferred
Eden,2021-06-03,1.00,1.00,1.00,1.00,1.00,0.98,0.78,inferred
Eden,2021-06-04,1.00,1.00,1.00,1.00,1.00,0.98,0.78,inferred
Eden,2021-06-05,1.00,1.00,1.00,1.00,1.00,0.98,0.78,inferred
Eden,2021-06-06,1.00,1.00,1.00,1.00,1.00,0.98,0.78,inferred
Eden,2021-06-07,1.00,1.00,1.00,1.00,1.00,0.98,0.78,inferred
Eden,2021-06-08,1.00,1.00,0.99,0.96,0.91,0.56,0.09,inferred
Eden,2021-06-09,1.00,1.00,0.99,0.96,0.91,0.56,0.09,inferred
Eden,2021-06-10,1.00,1.00,0.99,0.96,0.91,0.56,0.09,inferred
Eden,2021-06-11,1.00,1.00,0.99,0.96,0.91,0.56,0.09,inferred
Eden,2021-06-12,1.00,1.00,0.99,0.96,0.91,0.56,0.09,inferred
Eden,2021-06-13,1.00,1.00,0.99,0.96,0.91,0.56,0.09,inferred
Eden,2021-06-14,1.00,1.00,0.99,0.96,0.91,0.56,0.09,inferred
Eden,2021-06-15,1.00,1.00,0.98,0.93,0.82,0.31,0.01,inferred
Eden,2021-06-16,1.00,1.00,0.98,0.93,0.82,0.31,0.01,inferred
Eden,2021-06-17,1.00,1.00,0.98,0.93,0.82,0.31,0.01,inferred
Eden,2021-06-18,1.00,1.00,0.98,0.93,0.82,0.31,0.01,inferred
Eden,2021-06-19,1.00,1.00,0.98,0.93,0.82,0.31,0.01,inferred
Eden,2021-06-20,1.00,1.00,0.98,0.93,0.82,0.31,0.01,inferred
Eden,2021-06-21,1.00,1.00,0.98,0.93,0.82,0.31,0.01,inferred
Eden,2021-06-22,1.00,1.00,0.98,0.93,0.82,0.26,0.00,inferred
Eden,2021-06-23,1.00,1.00,0.98,0.93,0.82,0.26,0.00,inferred
Eden,2021-06-24,1.00,1.00,0.98,0.93,0.82,0.26,0.00,inferred
Eden,2021-06-25,1.00,1.00,0.98,0.93,0.82,0.26,0.00,inferred
Eden,2021-06-26,1.00,1.00,0.98,0.93,0.82,0.26,0.00,inferred
Eden,2021-06-27,1.00,1.00,0.98,0.93,0.82,0.26,0.00,inferred
Eden,2021-06-28,1.00,1.00,0.98,0.93,0.82,0.26,0.00,inferred
Eden,2021-06-29,0.96,0.89,0.80,0.66,0.52,0.16,0.02,inferred
Eden,2021-06-30,0.96,0.89,0.80,0.66,0.52,0.16,0.02,inferred
Eden,2021-07-01,0.96,0.89,0.80,0.66,0.52,0.16,0.02,inferred
Eden,2021-07-02,0.96,0.89,0.80,0.66,0.52,0.16,0.02,inferred
Eden,2021-07-03,0.96,0.89,0.80,0.66,0.52,0.16,0.02,inferred
Eden,2021-07-04,0.96,0.89,0.80,0.66,0.52,0.16,0.02,inferred
Eden,2021-07-05,0.96,0.89,0.80,0.66,0.52,0.16,0.02,inferred
Eden,2021-07-06,0.92,0.86,0.77,0.66,0.57,0.28,0.06,projected
Eden,2021-07-07,0.92,0.86,0.77,0.66,0.57,0.28,0.06,projected
Eden,2021-07-08,0.92,0.86,0.77,0.66,0.57,0.28,0.06,projected
Eden,2021-07-09,0.92,0.86,0.77,0.66,0.57,0.28,0.06,projected
Eden,2021-07-10,0.92,0.86,0.77,0.66,0.57,0.28,0.06,projected
Eden,2021-07-11,0.92,0.86,0.77,0.66,0.57,0.28,0.06,projected
Eden,2021-07-12,0.92,0.86,0.77,0.66,0.57,0.28,0.06,projected
Eden,2021-07-13,0.93,0.88,0.81,0.71,0.61,0.36,0.10,projected
Eden,2021-07-14,0.93,0.88,0.81,0.71,0.61,0.36,0.10,projected
Eden,2021-07-15,0.93,0.88,0.81,0.71,0.61,0.36,0.10,projected
Eden,2021-07-16,0.93,0.88,0.81,0.71,0.61,0.36,0.10,projected
Eden,2021-07-17,0.93,0.88,0.81,0.71,0.61,0.36,0.10,projected
Eden,2021-07-18,0.93,0.88,0.81,0.71,0.61,0.36,0.10,projected
Eden,2021-07-19,0.93,0.88,0.81,0.71,0.61,0.36,0.10,projected
Eden,2021-07-20,0.96,0.91,0.86,0.79,0.71,0.47,0.18,projected
Eden,2021-07-21,0.96,0.91,0.86,0.79,0.71,0.47,0.18,projected
Eden,2021-07-22,0.96,0.91,0.86,0.79,0.71,0.47,0.18,projected
Eden,2021-07-23,0.96,0.91,0.86,0.79,0.71,0.47,0.18,projected
Eden,2021-07-24,0.96,0.91,0.86,0.79,0.71,0.47,0.18,projected
Eden,2021-07-25,0.96,0.91,0.86,0.79,0.71,0.47,0.18,projected
Eden,2021-07-26,0.96,0.91,0.86,0.79,0.71,0.47,0.18,projected
Elmbridge,2021-03-23,0.15,0.05,0.01,0.00,0.00,0.00,0.00,inferred
Elmbridge,2021-03-24,0.15,0.05,0.01,0.00,0.00,0.00,0.00,inferred
Elmbridge,2021-03-25,0.15,0.05,0.01,0.00,0.00,0.00,0.00,inferred
Elmbridge,2021-03-26,0.15,0.05,0.01,0.00,0.00,0.00,0.00,inferred
Elmbridge,2021-03-27,0.15,0.05,0.01,0.00,0.00,0.00,0.00,inferred
Elmbridge,2021-03-28,0.15,0.05,0.01,0.00,0.00,0.00,0.00,inferred
Elmbridge,2021-03-29,0.15,0.05,0.01,0.00,0.00,0.00,0.00,inferred
Elmbridge,2021-03-30,0.37,0.20,0.09,0.03,0.01,0.00,0.00,inferred
Elmbridge,2021-03-31,0.37,0.20,0.09,0.03,0.01,0.00,0.00,inferred
Elmbridge,2021-04-01,0.37,0.20,0.09,0.03,0.01,0.00,0.00,inferred
Elmbridge,2021-04-02,0.37,0.20,0.09,0.03,0.01,0.00,0.00,inferred
Elmbridge,2021-04-03,0.37,0.20,0.09,0.03,0.01,0.00,0.00,inferred
Elmbridge,2021-04-04,0.37,0.20,0.09,0.03,0.01,0.00,0.00,inferred
Elmbridge,2021-04-05,0.37,0.20,0.09,0.03,0.01,0.00,0.00,inferred
Elmbridge,2021-04-06,0.89,0.77,0.62,0.47,0.30,0.05,0.00,inferred
Elmbridge,2021-04-07,0.89,0.77,0.62,0.47,0.30,0.05,0.00,inferred
Elmbridge,2021-04-08,0.89,0.77,0.62,0.47,0.30,0.05,0.00,inferred
Elmbridge,2021-04-09,0.89,0.77,0.62,0.47,0.30,0.05,0.00,inferred
Elmbridge,2021-04-10,0.89,0.77,0.62,0.47,0.30,0.05,0.00,inferred
Elmbridge,2021-04-11,0.89,0.77,0.62,0.47,0.30,0.05,0.00,inferred
Elmbridge,2021-04-12,0.89,0.77,0.62,0.47,0.30,0.05,0.00,inferred
Elmbridge,2021-04-13,0.97,0.92,0.81,0.68,0.50,0.11,0.00,inferred
Elmbridge,2021-04-14,0.97,0.92,0.81,0.68,0.50,0.11,0.00,inferred
Elmbridge,2021-04-15,0.97,0.92,0.81,0.68,0.50,0.11,0.00,inferred
Elmbridge,2021-04-16,0.97,0.92,0.81,0.68,0.50,0.11,0.00,inferred
Elmbridge,2021-04-17,0.97,0.92,0.81,0.68,0.50,0.11,0.00,inferred
Elmbridge,2021-04-18,0.97,0.92,0.81,0.68,0.50,0.11,0.00,inferred
Elmbridge,2021-04-19,0.97,0.92,0.81,0.68,0.50,0.11,0.00,inferred
Elmbridge,2021-04-20,0.51,0.31,0.17,0.07,0.02,0.00,0.00,inferred
Elmbridge,2021-04-21,0.51,0.31,0.17,0.07,0.02,0.00,0.00,inferred
Elmbridge,2021-04-22,0.51,0.31,0.17,0.07,0.02,0.00,0.00,inferred
Elmbridge,2021-04-23,0.51,0.31,0.17,0.07,0.02,0.00,0.00,inferred
Elmbridge,2021-04-24,0.51,0.31,0.17,0.07,0.02,0.00,0.00,inferred
Elmbridge,2021-04-25,0.51,0.31,0.17,0.07,0.02,0.00,0.00,inferred
Elmbridge,2021-04-26,0.51,0.31,0.17,0.07,0.02,0.00,0.00,inferred
Elmbridge,2021-04-27,0.49,0.29,0.16,0.07,0.03,0.00,0.00,inferred
Elmbridge,2021-04-28,0.49,0.29,0.16,0.07,0.03,0.00,0.00,inferred
Elmbridge,2021-04-29,0.49,0.29,0.16,0.07,0.03,0.00,0.00,inferred
Elmbridge,2021-04-30,0.49,0.29,0.16,0.07,0.03,0.00,0.00,inferred
Elmbridge,2021-05-01,0.49,0.29,0.16,0.07,0.03,0.00,0.00,inferred
Elmbridge,2021-05-02,0.49,0.29,0.16,0.07,0.03,0.00,0.00,inferred
Elmbridge,2021-05-03,0.49,0.29,0.16,0.07,0.03,0.00,0.00,inferred
Elmbridge,2021-05-04,0.71,0.52,0.33,0.20,0.10,0.01,0.00,inferred
Elmbridge,2021-05-05,0.71,0.52,0.33,0.20,0.10,0.01,0.00,inferred
Elmbridge,2021-05-06,0.71,0.52,0.33,0.20,0.10,0.01,0.00,inferred
Elmbridge,2021-05-07,0.71,0.52,0.33,0.20,0.10,0.01,0.00,inferred
Elmbridge,2021-05-08,0.71,0.52,0.33,0.20,0.10,0.01,0.00,inferred
Elmbridge,2021-05-09,0.71,0.52,0.33,0.20,0.10,0.01,0.00,inferred
Elmbridge,2021-05-10,0.71,0.52,0.33,0.20,0.10,0.01,0.00,inferred
Elmbridge,2021-05-11,0.86,0.73,0.58,0.44,0.30,0.07,0.00,inferred
Elmbridge,2021-05-12,0.86,0.73,0.58,0.44,0.30,0.07,0.00,inferred
Elmbridge,2021-05-13,0.86,0.73,0.58,0.44,0.30,0.07,0.00,inferred
Elmbridge,2021-05-14,0.86,0.73,0.58,0.44,0.30,0.07,0.00,inferred
Elmbridge,2021-05-15,0.86,0.73,0.58,0.44,0.30,0.07,0.00,inferred
Elmbridge,2021-05-16,0.86,0.73,0.58,0.44,0.30,0.07,0.00,inferred
Elmbridge,2021-05-17,0.86,0.73,0.58,0.44,0.30,0.07,0.00,inferred
Elmbridge,2021-05-18,1.00,1.00,1.00,1.00,1.00,0.96,0.59,inferred
Elmbridge,2021-05-19,1.00,1.00,1.00,1.00,1.00,0.96,0.59,inferred
Elmbridge,2021-05-20,1.00,1.00,1.00,1.00,1.00,0.96,0.59,inferred
Elmbridge,2021-05-21,1.00,1.00,1.00,1.00,1.00,0.96,0.59,inferred
Elmbridge,2021-05-22,1.00,1.00,1.00,1.00,1.00,0.96,0.59,inferred
Elmbridge,2021-05-23,1.00,1.00,1.00,1.00,1.00,0.96,0.59,inferred
Elmbridge,2021-05-24,1.00,1.00,1.00,1.00,1.00,0.96,0.59,inferred
Elmbridge,2021-05-25,1.00,1.00,1.00,1.00,1.00,0.98,0.69,inferred
Elmbridge,2021-05-26,1.00,1.00,1.00,1.00,1.00,0.98,0.69,inferred
Elmbridge,2021-05-27,1.00,1.00,1.00,1.00,1.00,0.98,0.69,inferred
Elmbridge,2021-05-28,1.00,1.00,1.00,1.00,1.00,0.98,0.69,inferred
Elmbridge,2021-05-29,1.00,1.00,1.00,1.00,1.00,0.98,0.69,inferred
Elmbridge,2021-05-30,1.00,1.00,1.00,1.00,1.00,0.98,0.69,inferred
Elmbridge,2021-05-31,1.00,1.00,1.00,1.00,1.00,0.98,0.69,inferred
Elmbridge,2021-06-01,1.00,0.97,0.88,0.73,0.52,0.10,0.00,inferred
Elmbridge,2021-06-02,1.00,0.97,0.88,0.73,0.52,0.10,0.00,inferred
Elmbridge,2021-06-03,1.00,0.97,0.88,0.73,0.52,0.10,0.00,inferred
Elmbridge,2021-06-04,1.00,0.97,0.88,0.73,0.52,0.10,0.00,inferred
Elmbridge,2021-06-05,1.00,0.97,0.88,0.73,0.52,0.10,0.00,inferred
Elmbridge,2021-06-06,1.00,0.97,0.88,0.73,0.52,0.10,0.00,inferred
Elmbridge,2021-06-07,1.00,0.97,0.88,0.73,0.52,0.10,0.00,inferred
Elmbridge,2021-06-08,0.95,0.80,0.51,0.23,0.08,0.00,0.00,inferred
Elmbridge,2021-06-09,0.95,0.80,0.51,0.23,0.08,0.00,0.00,inferred
Elmbridge,2021-06-10,0.95,0.80,0.51,0.23,0.08,0.00,0.00,inferred
Elmbridge,2021-06-11,0.95,0.80,0.51,0.23,0.08,0.00,0.00,inferred
Elmbridge,2021-06-12,0.95,0.80,0.51,0.23,0.08,0.00,0.00,inferred
Elmbridge,2021-06-13,0.95,0.80,0.51,0.23,0.08,0.00,0.00,inferred
Elmbridge,2021-06-14,0.95,0.80,0.51,0.23,0.08,0.00,0.00,inferred
Elmbridge,2021-06-15,1.00,1.00,1.00,1.00,1.00,0.99,0.39,inferred
Elmbridge,2021-06-16,1.00,1.00,1.00,1.00,1.00,0.99,0.39,inferred
Elmbridge,2021-06-17,1.00,1.00,1.00,1.00,1.00,0.99,0.39,inferred
Elmbridge,2021-06-18,1.00,1.00,1.00,1.00,1.00,0.99,0.39,inferred
Elmbridge,2021-06-19,1.00,1.00,1.00,1.00,1.00,0.99,0.39,inferred
Elmbridge,2021-06-20,1.00,1.00,1.00,1.00,1.00,0.99,0.39,inferred
Elmbridge,2021-06-21,1.00,1.00,1.00,1.00,1.00,0.99,0.39,inferred
Elmbridge,2021-06-22,1.00,1.00,1.00,1.00,1.00,0.84,0.14,inferred
Elmbridge,2021-06-23,1.00,1.00,1.00,1.00,1.00,0.84,0.14,inferred
Elmbridge,2021-06-24,1.00,1.00,1.00,1.00,1.00,0.84,0.14,inferred
Elmbridge,2021-06-25,1.00,1.00,1.00,1.00,1.00,0.84,0.14,inferred
Elmbridge,2021-06-26,1.00,1.00,1.00,1.00,1.00,0.84,0.14,inferred
Elmbridge,2021-06-27,1.00,1.00,1.00,1.00,1.00,0.84,0.14,inferred
Elmbridge,2021-06-28,1.00,1.00,1.00,1.00,1.00,0.84,0.14,inferred
Elmbridge,2021-06-29,1.00,1.00,0.99,0.97,0.92,0.54,0.06,inferred
Elmbridge,2021-06-30,1.00,1.00,0.99,0.97,0.92,0.54,0.06,inferred
Elmbridge,2021-07-01,1.00,1.00,0.99,0.97,0.92,0.54,0.06,inferred
Elmbridge,2021-07-02,1.00,1.00,0.99,0.97,0.92,0.54,0.06,inferred
Elmbridge,2021-07-03,1.00,1.00,0.99,0.97,0.92,0.54,0.06,inferred
Elmbridge,2021-07-04,1.00,1.00,0.99,0.97,0.92,0.54,0.06,inferred
Elmbridge,2021-07-05,1.00,1.00,0.99,0.97,0.92,0.54,0.06,inferred
Elmbridge,2021-07-06,0.99,0.98,0.93,0.86,0.77,0.44,0.11,projected
Elmbridge,2021-07-07,0.99,0.98,0.93,0.86,0.77,0.44,0.11,projected
Elmbridge,2021-07-08,0.99,0.98,0.93,0.86,0.77,0.44,0.11,projected
Elmbridge,2021-07-09,0.99,0.98,0.93,0.86,0.77,0.44,0.11,projected
Elmbridge,2021-07-10,0.99,0.98,0.93,0.86,0.77,0.44,0.11,projected
Elmbridge,2021-07-11,0.99,0.98,0.93,0.86,0.77,0.44,0.11,projected
Elmbridge,2021-07-12,0.99,0.98,0.93,0.86,0.77,0.44,0.11,projected
Elmbridge,2021-07-13,0.97,0.94,0.87,0.79,0.68,0.39,0.14,projected
Elmbridge,2021-07-14,0.97,0.94,0.87,0.79,0.68,0.39,0.14,projected
Elmbridge,2021-07-15,0.97,0.94,0.87,0.79,0.68,0.39,0.14,projected
Elmbridge,2021-07-16,0.97,0.94,0.87,0.79,0.68,0.39,0.14,projected
Elmbridge,2021-07-17,0.97,0.94,0.87,0.79,0.68,0.39,0.14,projected
Elmbridge,2021-07-18,0.97,0.94,0.87,0.79,0.68,0.39,0.14,projected
Elmbridge,2021-07-19,0.97,0.94,0.87,0.79,0.68,0.39,0.14,projected
Elmbridge,2021-07-20,0.96,0.91,0.84,0.75,0.64,0.40,0.16,projected
Elmbridge,2021-07-21,0.96,0.91,0.84,0.75,0.64,0.40,0.16,projected
Elmbridge,2021-07-22,0.96,0.91,0.84,0.75,0.64,0.40,0.16,projected
Elmbridge,2021-07-23,0.96,0.91,0.84,0.75,0.64,0.40,0.16,projected
Elmbridge,2021-07-24,0.96,0.91,0.84,0.75,0.64,0.40,0.16,projected
Elmbridge,2021-07-25,0.96,0.91,0.84,0.75,0.64,0.40,0.16,projected
Elmbridge,2021-07-26,0.96,0.91,0.84,0.75,0.64,0.40,0.16,projected
Enfield,2021-03-23,0.04,0.01,0.00,0.00,0.00,0.00,0.00,inferred
Enfield,2021-03-24,0.04,0.01,0.00,0.00,0.00,0.00,0.00,inferred
Enfield,2021-03-25,0.04,0.01,0.00,0.00,0.00,0.00,0.00,inferred
Enfield,2021-03-26,0.04,0.01,0.00,0.00,0.00,0.00,0.00,inferred
Enfield,2021-03-27,0.04,0.01,0.00,0.00,0.00,0.00,0.00,inferred
Enfield,2021-03-28,0.04,0.01,0.00,0.00,0.00,0.00,0.00,inferred
Enfield,2021-03-29,0.04,0.01,0.00,0.00,0.00,0.00,0.00,inferred
Enfield,2021-03-30,0.83,0.55,0.25,0.07,0.02,0.00,0.00,inferred
Enfield,2021-03-31,0.83,0.55,0.25,0.07,0.02,0.00,0.00,inferred
Enfield,2021-04-01,0.83,0.55,0.25,0.07,0.02,0.00,0.00,inferred
Enfield,2021-04-02,0.83,0.55,0.25,0.07,0.02,0.00,0.00,inferred
Enfield,2021-04-03,0.83,0.55,0.25,0.07,0.02,0.00,0.00,inferred
Enfield,2021-04-04,0.83,0.55,0.25,0.07,0.02,0.00,0.00,inferred
Enfield,2021-04-05,0.83,0.55,0.25,0.07,0.02,0.00,0.00,inferred
Enfield,2021-04-06,0.95,0.77,0.50,0.24,0.06,0.00,0.00,inferred
Enfield,2021-04-07,0.95,0.77,0.50,0.24,0.06,0.00,0.00,inferred
Enfield,2021-04-08,0.95,0.77,0.50,0.24,0.06,0.00,0.00,inferred
Enfield,2021-04-09,0.95,0.77,0.50,0.24,0.06,0.00,0.00,inferred
Enfield,2021-04-10,0.95,0.77,0.50,0.24,0.06,0.00,0.00,inferred
Enfield,2021-04-11,0.95,0.77,0.50,0.24,0.06,0.00,0.00,inferred
Enfield,2021-04-12,0.95,0.77,0.50,0.24,0.06,0.00,0.00,inferred
Enfield,2021-04-13,0.82,0.55,0.27,0.09,0.02,0.00,0.00,inferred
Enfield,2021-04-14,0.82,0.55,0.27,0.09,0.02,0.00,0.00,inferred
Enfield,2021-04-15,0.82,0.55,0.27,0.09,0.02,0.00,0.00,inferred
Enfield,2021-04-16,0.82,0.55,0.27,0.09,0.02,0.00,0.00,inferred
Enfield,2021-04-17,0.82,0.55,0.27,0.09,0.02,0.00,0.00,inferred
Enfield,2021-04-18,0.82,0.55,0.27,0.09,0.02,0.00,0.00,inferred
Enfield,2021-04-19,0.82,0.55,0.27,0.09,0.02,0.00,0.00,inferred
Enfield,2021-04-20,0.52,0.22,0.07,0.02,0.00,0.00,0.00,inferred
Enfield,2021-04-21,0.52,0.22,0.07,0.02,0.00,0.00,0.00,inferred
Enfield,2021-04-22,0.52,0.22,0.07,0.02,0.00,0.00,0.00,inferred
Enfield,2021-04-23,0.52,0.22,0.07,0.02,0.00,0.00,0.00,inferred
Enfield,2021-04-24,0.52,0.22,0.07,0.02,0.00,0.00,0.00,inferred
Enfield,2021-04-25,0.52,0.22,0.07,0.02,0.00,0.00,0.00,inferred
Enfield,2021-04-26,0.52,0.22,0.07,0.02,0.00,0.00,0.00,inferred
Enfield,2021-04-27,0.95,0.81,0.57,0.29,0.12,0.00,0.00,inferred
Enfield,2021-04-28,0.95,0.81,0.57,0.29,0.12,0.00,0.00,inferred
Enfield,2021-04-29,0.95,0.81,0.57,0.29,0.12,0.00,0.00,inferred
Enfield,2021-04-30,0.95,0.81,0.57,0.29,0.12,0.00,0.00,inferred
Enfield,2021-05-01,0.95,0.81,0.57,0.29,0.12,0.00,0.00,inferred
Enfield,2021-05-02,0.95,0.81,0.57,0.29,0.12,0.00,0.00,inferred
Enfield,2021-05-03,0.95,0.81,0.57,0.29,0.12,0.00,0.00,inferred
Enfield,2021-05-04,0.94,0.78,0.52,0.26,0.09,0.00,0.00,inferred
Enfield,2021-05-05,0.94,0.78,0.52,0.26,0.09,0.00,0.00,inferred
Enfield,2021-05-06,0.94,0.78,0.52,0.26,0.09,0.00,0.00,inferred
Enfield,2021-05-07,0.94,0.78,0.52,0.26,0.09,0.00,0.00,inferred
Enfield,2021-05-08,0.94,0.78,0.52,0.26,0.09,0.00,0.00,inferred
Enfield,2021-05-09,0.94,0.78,0.52,0.26,0.09,0.00,0.00,inferred
Enfield,2021-05-10,0.94,0.78,0.52,0.26,0.09,0.00,0.00,inferred
Enfield,2021-05-11,0.96,0.85,0.62,0.36,0.16,0.00,0.00,inferred
Enfield,2021-05-12,0.96,0.85,0.62,0.36,0.16,0.00,0.00,inferred
Enfield,2021-05-13,0.96,0.85,0.62,0.36,0.16,0.00,0.00,inferred
Enfield,2021-05-14,0.96,0.85,0.62,0.36,0.16,0.00,0.00,inferred
Enfield,2021-05-15,0.96,0.85,0.62,0.36,0.16,0.00,0.00,inferred
Enfield,2021-05-16,0.96,0.85,0.62,0.36,0.16,0.00,0.00,inferred
Enfield,2021-05-17,0.96,0.85,0.62,0.36,0.16,0.00,0.00,inferred
Enfield,2021-05-18,1.00,0.97,0.89,0.70,0.49,0.04,0.00,inferred
Enfield,2021-05-19,1.00,0.97,0.89,0.70,0.49,0.04,0.00,inferred
Enfield,2021-05-20,1.00,0.97,0.89,0.70,0.49,0.04,0.00,inferred
Enfield,2021-05-21,1.00,0.97,0.89,0.70,0.49,0.04,0.00,inferred
Enfield,2021-05-22,1.00,0.97,0.89,0.70,0.49,0.04,0.00,inferred
Enfield,2021-05-23,1.00,0.97,0.89,0.70,0.49,0.04,0.00,inferred
Enfield,2021-05-24,1.00,0.97,0.89,0.70,0.49,0.04,0.00,inferred
Enfield,2021-05-25,1.00,1.00,1.00,1.00,1.00,0.81,0.06,inferred
Enfield,2021-05-26,1.00,1.00,1.00,1.00,1.00,0.81,0.06,inferred
Enfield,2021-05-27,1.00,1.00,1.00,1.00,1.00,0.81,0.06,inferred
Enfield,2021-05-28,1.00,1.00,1.00,1.00,1.00,0.81,0.06,inferred
Enfield,2021-05-29,1.00,1.00,1.00,1.00,1.00,0.81,0.06,inferred
Enfield,2021-05-30,1.00,1.00,1.00,1.00,1.00,0.81,0.06,inferred
Enfield,2021-05-31,1.00,1.00,1.00,1.00,1.00,0.81,0.06,inferred
Enfield,2021-06-01,1.00,1.00,1.00,0.98,0.93,0.42,0.01,inferred
Enfield,2021-06-02,1.00,1.00,1.00,0.98,0.93,0.42,0.01,inferred
Enfield,2021-06-03,1.00,1.00,1.00,0.98,0.93,0.42,0.01,inferred
Enfield,2021-06-04,1.00,1.00,1.00,0.98,0.93,0.42,0.01,inferred
Enfield,2021-06-05,1.00,1.00,1.00,0.98,0.93,0.42,0.01,inferred
Enfield,2021-06-06,1.00,1.00,1.00,0.98,0.93,0.42,0.01,inferred
Enfield,2021-06-07,1.00,1.00,1.00,0.98,0.93,0.42,0.01,inferred
Enfield,2021-06-08,1.00,1.00,0.98,0.84,0.56,0.02,0.00,inferred
Enfield,2021-06-09,1.00,1.00,0.98,0.84,0.56,0.02,0.00,inferred
Enfield,2021-06-10,1.00,1.00,0.98,0.84,0.56,0.02,0.00,inferred
Enfield,2021-06-11,1.00,1.00,0.98,0.84,0.56,0.02,0.00,inferred
Enfield,2021-06-12,1.00,1.00,0.98,0.84,0.56,0.02,0.00,inferred
Enfield,2021-06-13,1.00,1.00,0.98,0.84,0.56,0.02,0.00,inferred
Enfield,2021-06-14,1.00,1.00,0.98,0.84,0.56,0.02,0.00,inferred
Enfield,2021-06-15,1.00,1.00,1.00,1.00,1.00,0.91,0.06,inferred
Enfield,2021-06-16,1.00,1.00,1.00,1.00,1.00,0.91,0.06,inferred
Enfield,2021-06-17,1.00,1.00,1.00,1.00,1.00,0.91,0.06,inferred
Enfield,2021-06-18,1.00,1.00,1.00,1.00,1.00,0.91,0.06,inferred
Enfield,2021-06-19,1.00,1.00,1.00,1.00,1.00,0.91,0.06,inferred
Enfield,2021-06-20,1.00,1.00,1.00,1.00,1.00,0.91,0.06,inferred
Enfield,2021-06-21,1.00,1.00,1.00,1.00,1.00,0.91,0.06,inferred
Enfield,2021-06-22,1.00,1.00,1.00,1.00,0.99,0.65,0.00,inferred
Enfield,2021-06-23,1.00,1.00,1.00,1.00,0.99,0.65,0.00,inferred
Enfield,2021-06-24,1.00,1.00,1.00,1.00,0.99,0.65,0.00,inferred
Enfield,2021-06-25,1.00,1.00,1.00,1.00,0.99,0.65,0.00,inferred
Enfield,2021-06-26,1.00,1.00,1.00,1.00,0.99,0.65,0.00,inferred
Enfield,2021-06-27,1.00,1.00,1.00,1.00,0.99,0.65,0.00,inferred
Enfield,2021-06-28,1.00,1.00,1.00,1.00,0.99,0.65,0.00,inferred
Enfield,2021-06-29,1.00,1.00,1.00,0.99,0.94,0.50,0.02,inferred
Enfield,2021-06-30,1.00,1.00,1.00,0.99,0.94,0.50,0.02,inferred
Enfield,2021-07-01,1.00,1.00,1.00,0.99,0.94,0.50,0.02,inferred
Enfield,2021-07-02,1.00,1.00,1.00,0.99,0.94,0.50,0.02,inferred
Enfield,2021-07-03,1.00,1.00,1.00,0.99,0.94,0.50,0.02,inferred
Enfield,2021-07-04,1.00,1.00,1.00,0.99,0.94,0.50,0.02,inferred
Enfield,2021-07-05,1.00,1.00,1.00,0.99,0.94,0.50,0.02,inferred
Enfield,2021-07-06,1.00,0.99,0.98,0.91,0.81,0.40,0.06,projected
Enfield,2021-07-07,1.00,0.99,0.98,0.91,0.81,0.40,0.06,projected
Enfield,2021-07-08,1.00,0.99,0.98,0.91,0.81,0.40,0.06,projected
Enfield,2021-07-09,1.00,0.99,0.98,0.91,0.81,0.40,0.06,projected
Enfield,2021-07-10,1.00,0.99,0.98,0.91,0.81,0.40,0.06,projected
Enfield,2021-07-11,1.00,0.99,0.98,0.91,0.81,0.40,0.06,projected
Enfield,2021-07-12,1.00,0.99,0.98,0.91,0.81,0.40,0.06,projected
Enfield,2021-07-13,0.99,0.98,0.94,0.86,0.76,0.38,0.07,projected
Enfield,2021-07-14,0.99,0.98,0.94,0.86,0.76,0.38,0.07,projected
Enfield,2021-07-15,0.99,0.98,0.94,0.86,0.76,0.38,0.07,projected
Enfield,2021-07-16,0.99,0.98,0.94,0.86,0.76,0.38,0.07,projected
Enfield,2021-07-17,0.99,0.98,0.94,0.86,0.76,0.38,0.07,projected
Enfield,2021-07-18,0.99,0.98,0.94,0.86,0.76,0.38,0.07,projected
Enfield,2021-07-19,0.99,0.98,0.94,0.86,0.76,0.38,0.07,projected
Enfield,2021-07-20,0.99,0.97,0.91,0.83,0.73,0.37,0.09,projected
Enfield,2021-07-21,0.99,0.97,0.91,0.83,0.73,0.37,0.09,projected
Enfield,2021-07-22,0.99,0.97,0.91,0.83,0.73,0.37,0.09,projected
Enfield,2021-07-23,0.99,0.97,0.91,0.83,0.73,0.37,0.09,projected
Enfield,2021-07-24,0.99,0.97,0.91,0.83,0.73,0.37,0.09,projected
Enfield,2021-07-25,0.99,0.97,0.91,0.83,0.73,0.37,0.09,projected
Enfield,2021-07-26,0.99,0.97,0.91,0.83,0.73,0.37,0.09,projected
Epping Forest,2021-03-23,0.02,0.00,0.00,0.00,0.00,0.00,0.00,inferred
Epping Forest,2021-03-24,0.02,0.00,0.00,0.00,0.00,0.00,0.00,inferred
Epping Forest,2021-03-25,0.02,0.00,0.00,0.00,0.00,0.00,0.00,inferred
Epping Forest,2021-03-26,0.02,0.00,0.00,0.00,0.00,0.00,0.00,inferred
Epping Forest,2021-03-27,0.02,0.00,0.00,0.00,0.00,0.00,0.00,inferred
Epping Forest,2021-03-28,0.02,0.00,0.00,0.00,0.00,0.00,0.00,inferred
Epping Forest,2021-03-29,0.02,0.00,0.00,0.00,0.00,0.00,0.00,inferred
Epping Forest,2021-03-30,0.57,0.37,0.19,0.09,0.03,0.00,0.00,inferred
Epping Forest,2021-03-31,0.57,0.37,0.19,0.09,0.03,0.00,0.00,inferred
Epping Forest,2021-04-01,0.57,0.37,0.19,0.09,0.03,0.00,0.00,inferred
Epping Forest,2021-04-02,0.57,0.37,0.19,0.09,0.03,0.00,0.00,inferred
Epping Forest,2021-04-03,0.57,0.37,0.19,0.09,0.03,0.00,0.00,inferred
Epping Forest,2021-04-04,0.57,0.37,0.19,0.09,0.03,0.00,0.00,inferred
Epping Forest,2021-04-05,0.57,0.37,0.19,0.09,0.03,0.00,0.00,inferred
Epping Forest,2021-04-06,0.86,0.73,0.56,0.36,0.23,0.03,0.00,inferred
Epping Forest,2021-04-07,0.86,0.73,0.56,0.36,0.23,0.03,0.00,inferred
Epping Forest,2021-04-08,0.86,0.73,0.56,0.36,0.23,0.03,0.00,inferred
Epping Forest,2021-04-09,0.86,0.73,0.56,0.36,0.23,0.03,0.00,inferred
Epping Forest,2021-04-10,0.86,0.73,0.56,0.36,0.23,0.03,0.00,inferred
Epping Forest,2021-04-11,0.86,0.73,0.56,0.36,0.23,0.03,0.00,inferred
Epping Forest,2021-04-12,0.86,0.73,0.56,0.36,0.23,0.03,0.00,inferred
Epping Forest,2021-04-13,0.70,0.50,0.31,0.17,0.08,0.01,0.00,inferred
Epping Forest,2021-04-14,0.70,0.50,0.31,0.17,0.08,0.01,0.00,inferred
Epping Forest,2021-04-15,0.70,0.50,0.31,0.17,0.08,0.01,0.00,inferred
Epping Forest,2021-04-16,0.70,0.50,0.31,0.17,0.08,0.01,0.00,inferred
Epping Forest,2021-04-17,0.70,0.50,0.31,0.17,0.08,0.01,0.00,inferred
Epping Forest,2021-04-18,0.70,0.50,0.31,0.17,0.08,0.01,0.00,inferred
Epping Forest,2021-04-19,0.70,0.50,0.31,0.17,0.08,0.01,0.00,inferred
Epping Forest,2021-04-20,0.54,0.35,0.20,0.09,0.04,0.00,0.00,inferred
Epping Forest,2021-04-21,0.54,0.35,0.20,0.09,0.04,0.00,0.00,inferred
Epping Forest,2021-04-22,0.54,0.35,0.20,0.09,0.04,0.00,0.00,inferred
Epping Forest,2021-04-23,0.54,0.35,0.20,0.09,0.04,0.00,0.00,inferred
Epping Forest,2021-04-24,0.54,0.35,0.20,0.09,0.04,0.00,0.00,inferred
Epping Forest,2021-04-25,0.54,0.35,0.20,0.09,0.04,0.00,0.00,inferred
Epping Forest,2021-04-26,0.54,0.35,0.20,0.09,0.04,0.00,0.00,inferred
Epping Forest,2021-04-27,0.69,0.50,0.33,0.19,0.10,0.01,0.00,inferred
Epping Forest,2021-04-28,0.69,0.50,0.33,0.19,0.10,0.01,0.00,inferred
Epping Forest,2021-04-29,0.69,0.50,0.33,0.19,0.10,0.01,0.00,inferred
Epping Forest,2021-04-30,0.69,0.50,0.33,0.19,0.10,0.01,0.00,inferred
Epping Forest,2021-05-01,0.69,0.50,0.33,0.19,0.10,0.01,0.00,inferred
Epping Forest,2021-05-02,0.69,0.50,0.33,0.19,0.10,0.01,0.00,inferred
Epping Forest,2021-05-03,0.69,0.50,0.33,0.19,0.10,0.01,0.00,inferred
Epping Forest,2021-05-04,0.77,0.61,0.41,0.25,0.15,0.01,0.00,inferred
Epping Forest,2021-05-05,0.77,0.61,0.41,0.25,0.15,0.01,0.00,inferred
Epping Forest,2021-05-06,0.77,0.61,0.41,0.25,0.15,0.01,0.00,inferred
Epping Forest,2021-05-07,0.77,0.61,0.41,0.25,0.15,0.01,0.00,inferred
Epping Forest,2021-05-08,0.77,0.61,0.41,0.25,0.15,0.01,0.00,inferred
Epping Forest,2021-05-09,0.77,0.61,0.41,0.25,0.15,0.01,0.00,inferred
Epping Forest,2021-05-10,0.77,0.61,0.41,0.25,0.15,0.01,0.00,inferred
Epping Forest,2021-05-11,0.82,0.68,0.51,0.34,0.20,0.04,0.00,inferred
Epping Forest,2021-05-12,0.82,0.68,0.51,0.34,0.20,0.04,0.00,inferred
Epping Forest,2021-05-13,0.82,0.68,0.51,0.34,0.20,0.04,0.00,inferred
Epping Forest,2021-05-14,0.82,0.68,0.51,0.34,0.20,0.04,0.00,inferred
Epping Forest,2021-05-15,0.82,0.68,0.51,0.34,0.20,0.04,0.00,inferred
Epping Forest,2021-05-16,0.82,0.68,0.51,0.34,0.20,0.04,0.00,inferred
Epping Forest,2021-05-17,0.82,0.68,0.51,0.34,0.20,0.04,0.00,inferred
Epping Forest,2021-05-18,0.96,0.90,0.81,0.68,0.53,0.18,0.01,inferred
Epping Forest,2021-05-19,0.96,0.90,0.81,0.68,0.53,0.18,0.01,inferred
Epping Forest,2021-05-20,0.96,0.90,0.81,0.68,0.53,0.18,0.01,inferred
Epping Forest,2021-05-21,0.96,0.90,0.81,0.68,0.53,0.18,0.01,inferred
Epping Forest,2021-05-22,0.96,0.90,0.81,0.68,0.53,0.18,0.01,inferred
Epping Forest,2021-05-23,0.96,0.90,0.81,0.68,0.53,0.18,0.01,inferred
Epping Forest,2021-05-24,0.96,0.90,0.81,0.68,0.53,0.18,0.01,inferred
Epping Forest,2021-05-25,1.00,1.00,1.00,1.00,0.99,0.84,0.30,inferred
Epping Forest,2021-05-26,1.00,1.00,1.00,1.00,0.99,0.84,0.30,inferred
Epping Forest,2021-05-27,1.00,1.00,1.00,1.00,0.99,0.84,0.30,inferred
Epping Forest,2021-05-28,1.00,1.00,1.00,1.00,0.99,0.84,0.30,inferred
Epping Forest,2021-05-29,1.00,1.00,1.00,1.00,0.99,0.84,0.30,inferred
Epping Forest,2021-05-30,1.00,1.00,1.00,1.00,0.99,0.84,0.30,inferred
Epping Forest,2021-05-31,1.00,1.00,1.00,1.00,0.99,0.84,0.30,inferred
Epping Forest,2021-06-01,1.00,1.00,1.00,0.99,0.98,0.81,0.25,inferred
Epping Forest,2021-06-02,1.00,1.00,1.00,0.99,0.98,0.81,0.25,inferred
Epping Forest,2021-06-03,1.00,1.00,1.00,0.99,0.98,0.81,0.25,inferred
Epping Forest,2021-06-04,1.00,1.00,1.00,0.99,0.98,0.81,0.25,inferred
Epping Forest,2021-06-05,1.00,1.00,1.00,0.99,0.98,0.81,0.25,inferred
Epping Forest,2021-06-06,1.00,1.00,1.00,0.99,0.98,0.81,0.25,inferred
Epping Forest,2021-06-07,1.00,1.00,1.00,0.99,0.98,0.81,0.25,inferred
Epping Forest,2021-06-08,1.00,1.00,1.00,0.98,0.93,0.57,0.06,inferred
Epping Forest,2021-06-09,1.00,1.00,1.00,0.98,0.93,0.57,0.06,inferred
Epping Forest,2021-06-10,1.00,1.00,1.00,0.98,0.93,0.57,0.06,inferred
Epping Forest,2021-06-11,1.00,1.00,1.00,0.98,0.93,0.57,0.06,inferred
Epping Forest,2021-06-12,1.00,1.00,1.00,0.98,0.93,0.57,0.06,inferred
Epping Forest,2021-06-13,1.00,1.00,1.00,0.98,0.93,0.57,0.06,inferred
Epping Forest,2021-06-14,1.00,1.00,1.00,0.98,0.93,0.57,0.06,inferred
Epping Forest,2021-06-15,1.00,1.00,1.00,1.00,1.00,0.99,0.63,inferred
Epping Forest,2021-06-16,1.00,1.00,1.00,1.00,1.00,0.99,0.63,inferred
Epping Forest,2021-06-17,1.00,1.00,1.00,1.00,1.00,0.99,0.63,inferred
Epping Forest,2021-06-18,1.00,1.00,1.00,1.00,1.00,0.99,0.63,inferred
Epping Forest,2021-06-19,1.00,1.00,1.00,1.00,1.00,0.99,0.63,inferred
Epping Forest,2021-06-20,1.00,1.00,1.00,1.00,1.00,0.99,0.63,inferred
Epping Forest,2021-06-21,1.00,1.00,1.00,1.00,1.00,0.99,0.63,inferred
Epping Forest,2021-06-22,1.00,1.00,1.00,1.00,1.00,1.00,0.84,inferred
Epping Forest,2021-06-23,1.00,1.00,1.00,1.00,1.00,1.00,0.84,inferred
Epping Forest,2021-06-24,1.00,1.00,1.00,1.00,1.00,1.00,0.84,inferred
Epping Forest,2021-06-25,1.00,1.00,1.00,1.00,1.00,1.00,0.84,inferred
Epping Forest,2021-06-26,1.00,1.00,1.00,1.00,1.00,1.00,0.84,inferred
Epping Forest,2021-06-27,1.00,1.00,1.00,1.00,1.00,1.00,0.84,inferred
Epping Forest,2021-06-28,1.00,1.00,1.00,1.00,1.00,1.00,0.84,inferred
Epping Forest,2021-06-29,1.00,1.00,1.00,1.00,1.00,0.91,0.41,inferred
Epping Forest,2021-06-30,1.00,1.00,1.00,1.00,1.00,0.91,0.41,inferred
Epping Forest,2021-07-01,1.00,1.00,1.00,1.00,1.00,0.91,0.41,inferred
Epping Forest,2021-07-02,1.00,1.00,1.00,1.00,1.00,0.91,0.41,inferred
Epping Forest,2021-07-03,1.00,1.00,1.00,1.00,1.00,0.91,0.41,inferred
Epping Forest,2021-07-04,1.00,1.00,1.00,1.00,1.00,0.91,0.41,inferred
Epping Forest,2021-07-05,1.00,1.00,1.00,1.00,1.00,0.91,0.41,inferred
Epping Forest,2021-07-06,1.00,1.00,0.99,0.97,0.94,0.75,0.31,projected
Epping Forest,2021-07-07,1.00,1.00,0.99,0.97,0.94,0.75,0.31,projected
Epping Forest,2021-07-08,1.00,1.00,0.99,0.97,0.94,0.75,0.31,projected
Epping Forest,2021-07-09,1.00,1.00,0.99,0.97,0.94,0.75,0.31,projected
Epping Forest,2021-07-10,1.00,1.00,0.99,0.97,0.94,0.75,0.31,projected
Epping Forest,2021-07-11,1.00,1.00,0.99,0.97,0.94,0.75,0.31,projected
Epping Forest,2021-07-12,1.00,1.00,0.99,0.97,0.94,0.75,0.31,projected
Epping Forest,2021-07-13,1.00,0.99,0.97,0.94,0.89,0.64,0.27,projected
Epping Forest,2021-07-14,1.00,0.99,0.97,0.94,0.89,0.64,0.27,projected
Epping Forest,2021-07-15,1.00,0.99,0.97,0.94,0.89,0.64,0.27,projected
Epping Forest,2021-07-16,1.00,0.99,0.97,0.94,0.89,0.64,0.27,projected
Epping Forest,2021-07-17,1.00,0.99,0.97,0.94,0.89,0.64,0.27,projected
Epping Forest,2021-07-18,1.00,0.99,0.97,0.94,0.89,0.64,0.27,projected
Epping Forest,2021-07-19,1.00,0.99,0.97,0.94,0.89,0.64,0.27,projected
Epping Forest,2021-07-20,0.99,0.98,0.94,0.90,0.83,0.57,0.24,projected
Epping Forest,2021-07-21,0.99,0.98,0.94,0.90,0.83,0.57,0.24,projected
Epping Forest,2021-07-22,0.99,0.98,0.94,0.90,0.83,0.57,0.24,projected
Epping Forest,2021-07-23,0.99,0.98,0.94,0.90,0.83,0.57,0.24,projected
Epping Forest,2021-07-24,0.99,0.98,0.94,0.90,0.83,0.57,0.24,projected
Epping Forest,2021-07-25,0.99,0.98,0.94,0.90,0.83,0.57,0.24,projected
Epping Forest,2021-07-26,0.99,0.98,0.94,0.90,0.83,0.57,0.24,projected
Epsom and Ewell,2021-03-23,0.01,0.00,0.00,0.00,0.00,0.00,0.00,inferred
Epsom and Ewell,2021-03-24,0.01,0.00,0.00,0.00,0.00,0.00,0.00,inferred
Epsom and Ewell,2021-03-25,0.01,0.00,0.00,0.00,0.00,0.00,0.00,inferred
Epsom and Ewell,2021-03-26,0.01,0.00,0.00,0.00,0.00,0.00,0.00,inferred
Epsom and Ewell,2021-03-27,0.01,0.00,0.00,0.00,0.00,0.00,0.00,inferred
Epsom and Ewell,2021-03-28,0.01,0.00,0.00,0.00,0.00,0.00,0.00,inferred
Epsom and Ewell,2021-03-29,0.01,0.00,0.00,0.00,0.00,0.00,0.00,inferred
Epsom and Ewell,2021-03-30,0.19,0.08,0.03,0.01,0.00,0.00,0.00,inferred
Epsom and Ewell,2021-03-31,0.19,0.08,0.03,0.01,0.00,0.00,0.00,inferred
Epsom and Ewell,2021-04-01,0.19,0.08,0.03,0.01,0.00,0.00,0.00,inferred
Epsom and Ewell,2021-04-02,0.19,0.08,0.03,0.01,0.00,0.00,0.00,inferred
Epsom and Ewell,2021-04-03,0.19,0.08,0.03,0.01,0.00,0.00,0.00,inferred
Epsom and Ewell,2021-04-04,0.19,0.08,0.03,0.01,0.00,0.00,0.00,inferred
Epsom and Ewell,2021-04-05,0.19,0.08,0.03,0.01,0.00,0.00,0.00,inferred
Epsom and Ewell,2021-04-06,0.61,0.43,0.27,0.15,0.08,0.01,0.00,inferred
Epsom and Ewell,2021-04-07,0.61,0.43,0.27,0.15,0.08,0.01,0.00,inferred
Epsom and Ewell,2021-04-08,0.61,0.43,0.27,0.15,0.08,0.01,0.00,inferred
Epsom and Ewell,2021-04-09,0.61,0.43,0.27,0.15,0.08,0.01,0.00,inferred
Epsom and Ewell,2021-04-10,0.61,0.43,0.27,0.15,0.08,0.01,0.00,inferred
Epsom and Ewell,2021-04-11,0.61,0.43,0.27,0.15,0.08,0.01,0.00,inferred
Epsom and Ewell,2021-04-12,0.61,0.43,0.27,0.15,0.08,0.01,0.00,inferred
Epsom and Ewell,2021-04-13,0.78,0.63,0.46,0.30,0.17,0.02,0.00,inferred
Epsom and Ewell,2021-04-14,0.78,0.63,0.46,0.30,0.17,0.02,0.00,inferred
Epsom and Ewell,2021-04-15,0.78,0.63,0.46,0.30,0.17,0.02,0.00,inferred
Epsom and Ewell,2021-04-16,0.78,0.63,0.46,0.30,0.17,0.02,0.00,inferred
Epsom and Ewell,2021-04-17,0.78,0.63,0.46,0.30,0.17,0.02,0.00,inferred
Epsom and Ewell,2021-04-18,0.78,0.63,0.46,0.30,0.17,0.02,0.00,inferred
Epsom and Ewell,2021-04-19,0.78,0.63,0.46,0.30,0.17,0.02,0.00,inferred
Epsom and Ewell,2021-04-20,0.31,0.16,0.08,0.03,0.02,0.00,0.00,inferred
Epsom and Ewell,2021-04-21,0.31,0.16,0.08,0.03,0.02,0.00,0.00,inferred
Epsom and Ewell,2021-04-22,0.31,0.16,0.08,0.03,0.02,0.00,0.00,inferred
Epsom and Ewell,2021-04-23,0.31,0.16,0.08,0.03,0.02,0.00,0.00,inferred
Epsom and Ewell,2021-04-24,0.31,0.16,0.08,0.03,0.02,0.00,0.00,inferred
Epsom and Ewell,2021-04-25,0.31,0.16,0.08,0.03,0.02,0.00,0.00,inferred
Epsom and Ewell,2021-04-26,0.31,0.16,0.08,0.03,0.02,0.00,0.00,inferred
Epsom and Ewell,2021-04-27,0.74,0.59,0.42,0.30,0.20,0.03,0.00,inferred
Epsom and Ewell,2021-04-28,0.74,0.59,0.42,0.30,0.20,0.03,0.00,inferred
Epsom and Ewell,2021-04-29,0.74,0.59,0.42,0.30,0.20,0.03,0.00,inferred
Epsom and Ewell,2021-04-30,0.74,0.59,0.42,0.30,0.20,0.03,0.00,inferred
Epsom and Ewell,2021-05-01,0.74,0.59,0.42,0.30,0.20,0.03,0.00,inferred
Epsom and Ewell,2021-05-02,0.74,0.59,0.42,0.30,0.20,0.03,0.00,inferred
Epsom and Ewell,2021-05-03,0.74,0.59,0.42,0.30,0.20,0.03,0.00,inferred
Epsom and Ewell,2021-05-04,0.97,0.92,0.84,0.73,0.61,0.24,0.01,inferred
Epsom and Ewell,2021-05-05,0.97,0.92,0.84,0.73,0.61,0.24,0.01,inferred
Epsom and Ewell,2021-05-06,0.97,0.92,0.84,0.73,0.61,0.24,0.01,inferred
Epsom and Ewell,2021-05-07,0.97,0.92,0.84,0.73,0.61,0.24,0.01,inferred
Epsom and Ewell,2021-05-08,0.97,0.92,0.84,0.73,0.61,0.24,0.01,inferred
Epsom and Ewell,2021-05-09,0.97,0.92,0.84,0.73,0.61,0.24,0.01,inferred
Epsom and Ewell,2021-05-10,0.97,0.92,0.84,0.73,0.61,0.24,0.01,inferred
Epsom and Ewell,2021-05-11,0.99,0.98,0.95,0.90,0.81,0.44,0.05,inferred
Epsom and Ewell,2021-05-12,0.99,0.98,0.95,0.90,0.81,0.44,0.05,inferred
Epsom and Ewell,2021-05-13,0.99,0.98,0.95,0.90,0.81,0.44,0.05,inferred
Epsom and Ewell,2021-05-14,0.99,0.98,0.95,0.90,0.81,0.44,0.05,inferred
Epsom and Ewell,2021-05-15,0.99,0.98,0.95,0.90,0.81,0.44,0.05,inferred
Epsom and Ewell,2021-05-16,0.99,0.98,0.95,0.90,0.81,0.44,0.05,inferred
Epsom and Ewell,2021-05-17,0.99,0.98,0.95,0.90,0.81,0.44,0.05,inferred
Epsom and Ewell,2021-05-18,1.00,1.00,1.00,1.00,0.99,0.91,0.47,inferred
Epsom and Ewell,2021-05-19,1.00,1.00,1.00,1.00,0.99,0.91,0.47,inferred
Epsom and Ewell,2021-05-20,1.00,1.00,1.00,1.00,0.99,0.91,0.47,inferred
Epsom and Ewell,2021-05-21,1.00,1.00,1.00,1.00,0.99,0.91,0.47,inferred
Epsom and Ewell,2021-05-22,1.00,1.00,1.00,1.00,0.99,0.91,0.47,inferred
Epsom and Ewell,2021-05-23,1.00,1.00,1.00,1.00,0.99,0.91,0.47,inferred
Epsom and Ewell,2021-05-24,1.00,1.00,1.00,1.00,0.99,0.91,0.47,inferred
Epsom and Ewell,2021-05-25,1.00,1.00,0.99,0.97,0.93,0.62,0.10,inferred
Epsom and Ewell,2021-05-26,1.00,1.00,0.99,0.97,0.93,0.62,0.10,inferred
Epsom and Ewell,2021-05-27,1.00,1.00,0.99,0.97,0.93,0.62,0.10,inferred
Epsom and Ewell,2021-05-28,1.00,1.00,0.99,0.97,0.93,0.62,0.10,inferred
Epsom and Ewell,2021-05-29,1.00,1.00,0.99,0.97,0.93,0.62,0.10,inferred
Epsom and Ewell,2021-05-30,1.00,1.00,0.99,0.97,0.93,0.62,0.10,inferred
Epsom and Ewell,2021-05-31,1.00,1.00,0.99,0.97,0.93,0.62,0.10,inferred
Epsom and Ewell,2021-06-01,0.98,0.92,0.77,0.55,0.33,0.03,0.00,inferred
Epsom and Ewell,2021-06-02,0.98,0.92,0.77,0.55,0.33,0.03,0.00,inferred
Epsom and Ewell,2021-06-03,0.98,0.92,0.77,0.55,0.33,0.03,0.00,inferred
Epsom and Ewell,2021-06-04,0.98,0.92,0.77,0.55,0.33,0.03,0.00,inferred
Epsom and Ewell,2021-06-05,0.98,0.92,0.77,0.55,0.33,0.03,0.00,inferred
Epsom and Ewell,2021-06-06,0.98,0.92,0.77,0.55,0.33,0.03,0.00,inferred
Epsom and Ewell,2021-06-07,0.98,0.92,0.77,0.55,0.33,0.03,0.00,inferred
Epsom and Ewell,2021-06-08,1.00,1.00,0.99,0.96,0.86,0.26,0.00,inferred
Epsom and Ewell,2021-06-09,1.00,1.00,0.99,0.96,0.86,0.26,0.00,inferred
Epsom and Ewell,2021-06-10,1.00,1.00,0.99,0.96,0.86,0.26,0.00,inferred
Epsom and Ewell,2021-06-11,1.00,1.00,0.99,0.96,0.86,0.26,0.00,inferred
Epsom and Ewell,2021-06-12,1.00,1.00,0.99,0.96,0.86,0.26,0.00,inferred
Epsom and Ewell,2021-06-13,1.00,1.00,0.99,0.96,0.86,0.26,0.00,inferred
Epsom and Ewell,2021-06-14,1.00,1.00,0.99,0.96,0.86,0.26,0.00,inferred
Epsom and Ewell,2021-06-15,1.00,1.00,1.00,1.00,1.00,0.99,0.62,inferred
Epsom and Ewell,2021-06-16,1.00,1.00,1.00,1.00,1.00,0.99,0.62,inferred
Epsom and Ewell,2021-06-17,1.00,1.00,1.00,1.00,1.00,0.99,0.62,inferred
Epsom and Ewell,2021-06-18,1.00,1.00,1.00,1.00,1.00,0.99,0.62,inferred
Epsom and Ewell,2021-06-19,1.00,1.00,1.00,1.00,1.00,0.99,0.62,inferred
Epsom and Ewell,2021-06-20,1.00,1.00,1.00,1.00,1.00,0.99,0.62,inferred
Epsom and Ewell,2021-06-21,1.00,1.00,1.00,1.00,1.00,0.99,0.62,inferred
Epsom and Ewell,2021-06-22,1.00,1.00,1.00,1.00,0.99,0.82,0.16,inferred
Epsom and Ewell,2021-06-23,1.00,1.00,1.00,1.00,0.99,0.82,0.16,inferred
Epsom and Ewell,2021-06-24,1.00,1.00,1.00,1.00,0.99,0.82,0.16,inferred
Epsom and Ewell,2021-06-25,1.00,1.00,1.00,1.00,0.99,0.82,0.16,inferred
Epsom and Ewell,2021-06-26,1.00,1.00,1.00,1.00,0.99,0.82,0.16,inferred
Epsom and Ewell,2021-06-27,1.00,1.00,1.00,1.00,0.99,0.82,0.16,inferred
Epsom and Ewell,2021-06-28,1.00,1.00,1.00,1.00,0.99,0.82,0.16,inferred
Epsom and Ewell,2021-06-29,0.99,0.98,0.94,0.85,0.70,0.21,0.01,inferred
Epsom and Ewell,2021-06-30,0.99,0.98,0.94,0.85,0.70,0.21,0.01,inferred
Epsom and Ewell,2021-07-01,0.99,0.98,0.94,0.85,0.70,0.21,0.01,inferred
Epsom and Ewell,2021-07-02,0.99,0.98,0.94,0.85,0.70,0.21,0.01,inferred
Epsom and Ewell,2021-07-03,0.99,0.98,0.94,0.85,0.70,0.21,0.01,inferred
Epsom and Ewell,2021-07-04,0.99,0.98,0.94,0.85,0.70,0.21,0.01,inferred
Epsom and Ewell,2021-07-05,0.99,0.98,0.94,0.85,0.70,0.21,0.01,inferred
Epsom and Ewell,2021-07-06,0.96,0.92,0.83,0.72,0.59,0.25,0.05,projected
Epsom and Ewell,2021-07-07,0.96,0.92,0.83,0.72,0.59,0.25,0.05,projected
Epsom and Ewell,2021-07-08,0.96,0.92,0.83,0.72,0.59,0.25,0.05,projected
Epsom and Ewell,2021-07-09,0.96,0.92,0.83,0.72,0.59,0.25,0.05,projected
Epsom and Ewell,2021-07-10,0.96,0.92,0.83,0.72,0.59,0.25,0.05,projected
Epsom and Ewell,2021-07-11,0.96,0.92,0.83,0.72,0.59,0.25,0.05,projected
Epsom and Ewell,2021-07-12,0.96,0.92,0.83,0.72,0.59,0.25,0.05,projected
Epsom and Ewell,2021-07-13,0.93,0.86,0.77,0.67,0.56,0.28,0.08,projected
Epsom and Ewell,2021-07-14,0.93,0.86,0.77,0.67,0.56,0.28,0.08,projected
Epsom and Ewell,2021-07-15,0.93,0.86,0.77,0.67,0.56,0.28,0.08,projected
Epsom and Ewell,2021-07-16,0.93,0.86,0.77,0.67,0.56,0.28,0.08,projected
Epsom and Ewell,2021-07-17,0.93,0.86,0.77,0.67,0.56,0.28,0.08,projected
Epsom and Ewell,2021-07-18,0.93,0.86,0.77,0.67,0.56,0.28,0.08,projected
Epsom and Ewell,2021-07-19,0.93,0.86,0.77,0.67,0.56,0.28,0.08,projected
Epsom and Ewell,2021-07-20,0.92,0.84,0.75,0.65,0.56,0.30,0.10,projected
Epsom and Ewell,2021-07-21,0.92,0.84,0.75,0.65,0.56,0.30,0.10,projected
Epsom and Ewell,2021-07-22,0.92,0.84,0.75,0.65,0.56,0.30,0.10,projected
Epsom and Ewell,2021-07-23,0.92,0.84,0.75,0.65,0.56,0.30,0.10,projected
Epsom and Ewell,2021-07-24,0.92,0.84,0.75,0.65,0.56,0.30,0.10,projected
Epsom and Ewell,2021-07-25,0.92,0.84,0.75,0.65,0.56,0.30,0.10,projected
Epsom and Ewell,2021-07-26,0.92,0.84,0.75,0.65,0.56,0.30,0.10,projected
Erewash,2021-03-23,0.34,0.14,0.05,0.02,0.00,0.00,0.00,inferred
Erewash,2021-03-24,0.34,0.14,0.05,0.02,0.00,0.00,0.00,inferred
Erewash,2021-03-25,0.34,0.14,0.05,0.02,0.00,0.00,0.00,inferred
Erewash,2021-03-26,0.34,0.14,0.05,0.02,0.00,0.00,0.00,inferred
Erewash,2021-03-27,0.34,0.14,0.05,0.02,0.00,0.00,0.00,inferred
Erewash,2021-03-28,0.34,0.14,0.05,0.02,0.00,0.00,0.00,inferred
Erewash,2021-03-29,0.34,0.14,0.05,0.02,0.00,0.00,0.00,inferred
Erewash,2021-03-30,0.59,0.36,0.16,0.06,0.02,0.00,0.00,inferred
Erewash,2021-03-31,0.59,0.36,0.16,0.06,0.02,0.00,0.00,inferred
Erewash,2021-04-01,0.59,0.36,0.16,0.06,0.02,0.00,0.00,inferred
Erewash,2021-04-02,0.59,0.36,0.16,0.06,0.02,0.00,0.00,inferred
Erewash,2021-04-03,0.59,0.36,0.16,0.06,0.02,0.00,0.00,inferred
Erewash,2021-04-04,0.59,0.36,0.16,0.06,0.02,0.00,0.00,inferred
Erewash,2021-04-05,0.59,0.36,0.16,0.06,0.02,0.00,0.00,inferred
Erewash,2021-04-06,0.67,0.45,0.24,0.12,0.06,0.00,0.00,inferred
Erewash,2021-04-07,0.67,0.45,0.24,0.12,0.06,0.00,0.00,inferred
Erewash,2021-04-08,0.67,0.45,0.24,0.12,0.06,0.00,0.00,inferred
Erewash,2021-04-09,0.67,0.45,0.24,0.12,0.06,0.00,0.00,inferred
Erewash,2021-04-10,0.67,0.45,0.24,0.12,0.06,0.00,0.00,inferred
Erewash,2021-04-11,0.67,0.45,0.24,0.12,0.06,0.00,0.00,inferred
Erewash,2021-04-12,0.67,0.45,0.24,0.12,0.06,0.00,0.00,inferred
Erewash,2021-04-13,0.97,0.91,0.82,0.67,0.50,0.11,0.00,inferred
Erewash,2021-04-14,0.97,0.91,0.82,0.67,0.50,0.11,0.00,inferred
Erewash,2021-04-15,0.97,0.91,0.82,0.67,0.50,0.11,0.00,inferred
Erewash,2021-04-16,0.97,0.91,0.82,0.67,0.50,0.11,0.00,inferred
Erewash,2021-04-17,0.97,0.91,0.82,0.67,0.50,0.11,0.00,inferred
Erewash,2021-04-18,0.97,0.91,0.82,0.67,0.50,0.11,0.00,inferred
Erewash,2021-04-19,0.97,0.91,0.82,0.67,0.50,0.11,0.00,inferred
Erewash,2021-04-20,1.00,1.00,1.00,1.00,0.99,0.82,0.25,inferred
Erewash,2021-04-21,1.00,1.00,1.00,1.00,0.99,0.82,0.25,inferred
Erewash,2021-04-22,1.00,1.00,1.00,1.00,0.99,0.82,0.25,inferred
Erewash,2021-04-23,1.00,1.00,1.00,1.00,0.99,0.82,0.25,inferred
Erewash,2021-04-24,1.00,1.00,1.00,1.00,0.99,0.82,0.25,inferred
Erewash,2021-04-25,1.00,1.00,1.00,1.00,0.99,0.82,0.25,inferred
Erewash,2021-04-26,1.00,1.00,1.00,1.00,0.99,0.82,0.25,inferred
Erewash,2021-04-27,1.00,1.00,1.00,0.99,0.97,0.72,0.18,inferred
Erewash,2021-04-28,1.00,1.00,1.00,0.99,0.97,0.72,0.18,inferred
Erewash,2021-04-29,1.00,1.00,1.00,0.99,0.97,0.72,0.18,inferred
Erewash,2021-04-30,1.00,1.00,1.00,0.99,0.97,0.72,0.18,inferred
Erewash,2021-05-01,1.00,1.00,1.00,0.99,0.97,0.72,0.18,inferred
Erewash,2021-05-02,1.00,1.00,1.00,0.99,0.97,0.72,0.18,inferred
Erewash,2021-05-03,1.00,1.00,1.00,0.99,0.97,0.72,0.18,inferred
Erewash,2021-05-04,0.12,0.04,0.01,0.00,0.00,0.00,0.00,inferred
Erewash,2021-05-05,0.12,0.04,0.01,0.00,0.00,0.00,0.00,inferred
Erewash,2021-05-06,0.12,0.04,0.01,0.00,0.00,0.00,0.00,inferred
Erewash,2021-05-07,0.12,0.04,0.01,0.00,0.00,0.00,0.00,inferred
Erewash,2021-05-08,0.12,0.04,0.01,0.00,0.00,0.00,0.00,inferred
Erewash,2021-05-09,0.12,0.04,0.01,0.00,0.00,0.00,0.00,inferred
Erewash,2021-05-10,0.12,0.04,0.01,0.00,0.00,0.00,0.00,inferred
Erewash,2021-05-11,0.01,0.00,0.00,0.00,0.00,0.00,0.00,inferred
Erewash,2021-05-12,0.01,0.00,0.00,0.00,0.00,0.00,0.00,inferred
Erewash,2021-05-13,0.01,0.00,0.00,0.00,0.00,0.00,0.00,inferred
Erewash,2021-05-14,0.01,0.00,0.00,0.00,0.00,0.00,0.00,inferred
Erewash,2021-05-15,0.01,0.00,0.00,0.00,0.00,0.00,0.00,inferred
Erewash,2021-05-16,0.01,0.00,0.00,0.00,0.00,0.00,0.00,inferred
Erewash,2021-05-17,0.01,0.00,0.00,0.00,0.00,0.00,0.00,inferred
Erewash,2021-05-18,0.07,0.02,0.01,0.00,0.00,0.00,0.00,inferred
Erewash,2021-05-19,0.07,0.02,0.01,0.00,0.00,0.00,0.00,inferred
Erewash,2021-05-20,0.07,0.02,0.01,0.00,0.00,0.00,0.00,inferred
Erewash,2021-05-21,0.07,0.02,0.01,0.00,0.00,0.00,0.00,inferred
Erewash,2021-05-22,0.07,0.02,0.01,0.00,0.00,0.00,0.00,inferred
Erewash,2021-05-23,0.07,0.02,0.01,0.00,0.00,0.00,0.00,inferred
Erewash,2021-05-24,0.07,0.02,0.01,0.00,0.00,0.00,0.00,inferred
Erewash,2021-05-25,0.94,0.86,0.74,0.59,0.42,0.09,0.00,inferred
Erewash,2021-05-26,0.94,0.86,0.74,0.59,0.42,0.09,0.00,inferred
Erewash,2021-05-27,0.94,0.86,0.74,0.59,0.42,0.09,0.00,inferred
Erewash,2021-05-28,0.94,0.86,0.74,0.59,0.42,0.09,0.00,inferred
Erewash,2021-05-29,0.94,0.86,0.74,0.59,0.42,0.09,0.00,inferred
Erewash,2021-05-30,0.94,0.86,0.74,0.59,0.42,0.09,0.00,inferred
Erewash,2021-05-31,0.94,0.86,0.74,0.59,0.42,0.09,0.00,inferred
Erewash,2021-06-01,1.00,1.00,1.00,0.98,0.94,0.65,0.10,inferred
Erewash,2021-06-02,1.00,1.00,1.00,0.98,0.94,0.65,0.10,inferred
Erewash,2021-06-03,1.00,1.00,1.00,0.98,0.94,0.65,0.10,inferred
Erewash,2021-06-04,1.00,1.00,1.00,0.98,0.94,0.65,0.10,inferred
Erewash,2021-06-05,1.00,1.00,1.00,0.98,0.94,0.65,0.10,inferred
Erewash,2021-06-06,1.00,1.00,1.00,0.98,0.94,0.65,0.10,inferred
Erewash,2021-06-07,1.00,1.00,1.00,0.98,0.94,0.65,0.10,inferred
Erewash,2021-06-08,1.00,1.00,1.00,1.00,0.99,0.81,0.23,inferred
Erewash,2021-06-09,1.00,1.00,1.00,1.00,0.99,0.81,0.23,inferred
Erewash,2021-06-10,1.00,1.00,1.00,1.00,0.99,0.81,0.23,inferred
Erewash,2021-06-11,1.00,1.00,1.00,1.00,0.99,0.81,0.23,inferred
Erewash,2021-06-12,1.00,1.00,1.00,1.00,0.99,0.81,0.23,inferred
Erewash,2021-06-13,1.00,1.00,1.00,1.00,0.99,0.81,0.23,inferred
Erewash,2021-06-14,1.00,1.00,1.00,1.00,0.99,0.81,0.23,inferred
Erewash,2021-06-15,1.00,1.00,1.00,1.00,1.00,0.99,0.72,inferred
Erewash,2021-06-16,1.00,1.00,1.00,1.00,1.00,0.99,0.72,inferred
Erewash,2021-06-17,1.00,1.00,1.00,1.00,1.00,0.99,0.72,inferred
Erewash,2021-06-18,1.00,1.00,1.00,1.00,1.00,0.99,0.72,inferred
Erewash,2021-06-19,1.00,1.00,1.00,1.00,1.00,0.99,0.72,inferred
Erewash,2021-06-20,1.00,1.00,1.00,1.00,1.00,0.99,0.72,inferred
Erewash,2021-06-21,1.00,1.00,1.00,1.00,1.00,0.99,0.72,inferred
Erewash,2021-06-22,1.00,1.00,1.00,1.00,1.00,0.94,0.52,inferred
Erewash,2021-06-23,1.00,1.00,1.00,1.00,1.00,0.94,0.52,inferred
Erewash,2021-06-24,1.00,1.00,1.00,1.00,1.00,0.94,0.52,inferred
Erewash,2021-06-25,1.00,1.00,1.00,1.00,1.00,0.94,0.52,inferred
Erewash,2021-06-26,1.00,1.00,1.00,1.00,1.00,0.94,0.52,inferred
Erewash,2021-06-27,1.00,1.00,1.00,1.00,1.00,0.94,0.52,inferred
Erewash,2021-06-28,1.00,1.00,1.00,1.00,1.00,0.94,0.52,inferred
Erewash,2021-06-29,1.00,1.00,1.00,0.99,0.96,0.70,0.20,inferred
Erewash,2021-06-30,1.00,1.00,1.00,0.99,0.96,0.70,0.20,inferred
Erewash,2021-07-01,1.00,1.00,1.00,0.99,0.96,0.70,0.20,inferred
Erewash,2021-07-02,1.00,1.00,1.00,0.99,0.96,0.70,0.20,inferred
Erewash,2021-07-03,1.00,1.00,1.00,0.99,0.96,0.70,0.20,inferred
Erewash,2021-07-04,1.00,1.00,1.00,0.99,0.96,0.70,0.20,inferred
Erewash,2021-07-05,1.00,1.00,1.00,0.99,0.96,0.70,0.20,inferred
Erewash,2021-07-06,0.99,0.98,0.94,0.90,0.84,0.57,0.20,projected
Erewash,2021-07-07,0.99,0.98,0.94,0.90,0.84,0.57,0.20,projected
Erewash,2021-07-08,0.99,0.98,0.94,0.90,0.84,0.57,0.20,projected
Erewash,2021-07-09,0.99,0.98,0.94,0.90,0.84,0.57,0.20,projected
Erewash,2021-07-10,0.99,0.98,0.94,0.90,0.84,0.57,0.20,projected
Erewash,2021-07-11,0.99,0.98,0.94,0.90,0.84,0.57,0.20,projected
Erewash,2021-07-12,0.99,0.98,0.94,0.90,0.84,0.57,0.20,projected
Erewash,2021-07-13,0.98,0.95,0.91,0.84,0.75,0.52,0.21,projected
Erewash,2021-07-14,0.98,0.95,0.91,0.84,0.75,0.52,0.21,projected
Erewash,2021-07-15,0.98,0.95,0.91,0.84,0.75,0.52,0.21,projected
Erewash,2021-07-16,0.98,0.95,0.91,0.84,0.75,0.52,0.21,projected
Erewash,2021-07-17,0.98,0.95,0.91,0.84,0.75,0.52,0.21,projected
Erewash,2021-07-18,0.98,0.95,0.91,0.84,0.75,0.52,0.21,projected
Erewash,2021-07-19,0.98,0.95,0.91,0.84,0.75,0.52,0.21,projected
Erewash,2021-07-20,0.96,0.91,0.86,0.80,0.72,0.49,0.22,projected
Erewash,2021-07-21,0.96,0.91,0.86,0.80,0.72,0.49,0.22,projected
Erewash,2021-07-22,0.96,0.91,0.86,0.80,0.72,0.49,0.22,projected
Erewash,2021-07-23,0.96,0.91,0.86,0.80,0.72,0.49,0.22,projected
Erewash,2021-07-24,0.96,0.91,0.86,0.80,0.72,0.49,0.22,projected
Erewash,2021-07-25,0.96,0.91,0.86,0.80,0.72,0.49,0.22,projected
Erewash,2021-07-26,0.96,0.91,0.86,0.80,0.72,0.49,0.22,projected
Exeter,2021-03-23,0.25,0.11,0.04,0.01,0.00,0.00,0.00,inferred
Exeter,2021-03-24,0.25,0.11,0.04,0.01,0.00,0.00,0.00,inferred
Exeter,2021-03-25,0.25,0.11,0.04,0.01,0.00,0.00,0.00,inferred
Exeter,2021-03-26,0.25,0.11,0.04,0.01,0.00,0.00,0.00,inferred
Exeter,2021-03-27,0.25,0.11,0.04,0.01,0.00,0.00,0.00,inferred
Exeter,2021-03-28,0.25,0.11,0.04,0.01,0.00,0.00,0.00,inferred
Exeter,2021-03-29,0.25,0.11,0.04,0.01,0.00,0.00,0.00,inferred
Exeter,2021-03-30,0.66,0.48,0.31,0.17,0.09,0.00,0.00,inferred
Exeter,2021-03-31,0.66,0.48,0.31,0.17,0.09,0.00,0.00,inferred
Exeter,2021-04-01,0.66,0.48,0.31,0.17,0.09,0.00,0.00,inferred
Exeter,2021-04-02,0.66,0.48,0.31,0.17,0.09,0.00,0.00,inferred
Exeter,2021-04-03,0.66,0.48,0.31,0.17,0.09,0.00,0.00,inferred
Exeter,2021-04-04,0.66,0.48,0.31,0.17,0.09,0.00,0.00,inferred
Exeter,2021-04-05,0.66,0.48,0.31,0.17,0.09,0.00,0.00,inferred
Exeter,2021-04-06,0.83,0.70,0.54,0.38,0.25,0.04,0.00,inferred
Exeter,2021-04-07,0.83,0.70,0.54,0.38,0.25,0.04,0.00,inferred
Exeter,2021-04-08,0.83,0.70,0.54,0.38,0.25,0.04,0.00,inferred
Exeter,2021-04-09,0.83,0.70,0.54,0.38,0.25,0.04,0.00,inferred
Exeter,2021-04-10,0.83,0.70,0.54,0.38,0.25,0.04,0.00,inferred
Exeter,2021-04-11,0.83,0.70,0.54,0.38,0.25,0.04,0.00,inferred
Exeter,2021-04-12,0.83,0.70,0.54,0.38,0.25,0.04,0.00,inferred
Exeter,2021-04-13,0.85,0.73,0.59,0.43,0.27,0.05,0.00,inferred
Exeter,2021-04-14,0.85,0.73,0.59,0.43,0.27,0.05,0.00,inferred
Exeter,2021-04-15,0.85,0.73,0.59,0.43,0.27,0.05,0.00,inferred
Exeter,2021-04-16,0.85,0.73,0.59,0.43,0.27,0.05,0.00,inferred
Exeter,2021-04-17,0.85,0.73,0.59,0.43,0.27,0.05,0.00,inferred
Exeter,2021-04-18,0.85,0.73,0.59,0.43,0.27,0.05,0.00,inferred
Exeter,2021-04-19,0.85,0.73,0.59,0.43,0.27,0.05,0.00,inferred
Exeter,2021-04-20,0.69,0.52,0.36,0.23,0.13,0.01,0.00,inferred
Exeter,2021-04-21,0.69,0.52,0.36,0.23,0.13,0.01,0.00,inferred
Exeter,2021-04-22,0.69,0.52,0.36,0.23,0.13,0.01,0.00,inferred
Exeter,2021-04-23,0.69,0.52,0.36,0.23,0.13,0.01,0.00,inferred
Exeter,2021-04-24,0.69,0.52,0.36,0.23,0.13,0.01,0.00,inferred
Exeter,2021-04-25,0.69,0.52,0.36,0.23,0.13,0.01,0.00,inferred
Exeter,2021-04-26,0.69,0.52,0.36,0.23,0.13,0.01,0.00,inferred
Exeter,2021-04-27,0.56,0.39,0.25,0.13,0.07,0.00,0.00,inferred
Exeter,2021-04-28,0.56,0.39,0.25,0.13,0.07,0.00,0.00,inferred
Exeter,2021-04-29,0.56,0.39,0.25,0.13,0.07,0.00,0.00,inferred
Exeter,2021-04-30,0.56,0.39,0.25,0.13,0.07,0.00,0.00,inferred
Exeter,2021-05-01,0.56,0.39,0.25,0.13,0.07,0.00,0.00,inferred
Exeter,2021-05-02,0.56,0.39,0.25,0.13,0.07,0.00,0.00,inferred
Exeter,2021-05-03,0.56,0.39,0.25,0.13,0.07,0.00,0.00,inferred
Exeter,2021-05-04,0.64,0.48,0.31,0.19,0.10,0.01,0.00,inferred
Exeter,2021-05-05,0.64,0.48,0.31,0.19,0.10,0.01,0.00,inferred
Exeter,2021-05-06,0.64,0.48,0.31,0.19,0.10,0.01,0.00,inferred
Exeter,2021-05-07,0.64,0.48,0.31,0.19,0.10,0.01,0.00,inferred
Exeter,2021-05-08,0.64,0.48,0.31,0.19,0.10,0.01,0.00,inferred
Exeter,2021-05-09,0.64,0.48,0.31,0.19,0.10,0.01,0.00,inferred
Exeter,2021-05-10,0.64,0.48,0.31,0.19,0.10,0.01,0.00,inferred
Exeter,2021-05-11,0.91,0.83,0.70,0.56,0.42,0.12,0.01,inferred
Exeter,2021-05-12,0.91,0.83,0.70,0.56,0.42,0.12,0.01,inferred
Exeter,2021-05-13,0.91,0.83,0.70,0.56,0.42,0.12,0.01,inferred
Exeter,2021-05-14,0.91,0.83,0.70,0.56,0.42,0.12,0.01,inferred
Exeter,2021-05-15,0.91,0.83,0.70,0.56,0.42,0.12,0.01,inferred
Exeter,2021-05-16,0.91,0.83,0.70,0.56,0.42,0.12,0.01,inferred
Exeter,2021-05-17,0.91,0.83,0.70,0.56,0.42,0.12,0.01,inferred
Exeter,2021-05-18,0.96,0.90,0.82,0.72,0.59,0.22,0.02,inferred
Exeter,2021-05-19,0.96,0.90,0.82,0.72,0.59,0.22,0.02,inferred
Exeter,2021-05-20,0.96,0.90,0.82,0.72,0.59,0.22,0.02,inferred
Exeter,2021-05-21,0.96,0.90,0.82,0.72,0.59,0.22,0.02,inferred
Exeter,2021-05-22,0.96,0.90,0.82,0.72,0.59,0.22,0.02,inferred
Exeter,2021-05-23,0.96,0.90,0.82,0.72,0.59,0.22,0.02,inferred
Exeter,2021-05-24,0.96,0.90,0.82,0.72,0.59,0.22,0.02,inferred
Exeter,2021-05-25,1.00,1.00,1.00,0.98,0.97,0.78,0.29,inferred
Exeter,2021-05-26,1.00,1.00,1.00,0.98,0.97,0.78,0.29,inferred
Exeter,2021-05-27,1.00,1.00,1.00,0.98,0.97,0.78,0.29,inferred
Exeter,2021-05-28,1.00,1.00,1.00,0.98,0.97,0.78,0.29,inferred
Exeter,2021-05-29,1.00,1.00,1.00,0.98,0.97,0.78,0.29,inferred
Exeter,2021-05-30,1.00,1.00,1.00,0.98,0.97,0.78,0.29,inferred
Exeter,2021-05-31,1.00,1.00,1.00,0.98,0.97,0.78,0.29,inferred
Exeter,2021-06-01,1.00,1.00,1.00,1.00,1.00,1.00,0.85,inferred
Exeter,2021-06-02,1.00,1.00,1.00,1.00,1.00,1.00,0.85,inferred
Exeter,2021-06-03,1.00,1.00,1.00,1.00,1.00,1.00,0.85,inferred
Exeter,2021-06-04,1.00,1.00,1.00,1.00,1.00,1.00,0.85,inferred
Exeter,2021-06-05,1.00,1.00,1.00,1.00,1.00,1.00,0.85,inferred
Exeter,2021-06-06,1.00,1.00,1.00,1.00,1.00,1.00,0.85,inferred
Exeter,2021-06-07,1.00,1.00,1.00,1.00,1.00,1.00,0.85,inferred
Exeter,2021-06-08,1.00,1.00,1.00,1.00,1.00,0.97,0.66,inferred
Exeter,2021-06-09,1.00,1.00,1.00,1.00,1.00,0.97,0.66,inferred
Exeter,2021-06-10,1.00,1.00,1.00,1.00,1.00,0.97,0.66,inferred
Exeter,2021-06-11,1.00,1.00,1.00,1.00,1.00,0.97,0.66,inferred
Exeter,2021-06-12,1.00,1.00,1.00,1.00,1.00,0.97,0.66,inferred
Exeter,2021-06-13,1.00,1.00,1.00,1.00,1.00,0.97,0.66,inferred
Exeter,2021-06-14,1.00,1.00,1.00,1.00,1.00,0.97,0.66,inferred
Exeter,2021-06-15,1.00,1.00,1.00,1.00,1.00,0.93,0.44,inferred
Exeter,2021-06-16,1.00,1.00,1.00,1.00,1.00,0.93,0.44,inferred
Exeter,2021-06-17,1.00,1.00,1.00,1.00,1.00,0.93,0.44,inferred
Exeter,2021-06-18,1.00,1.00,1.00,1.00,1.00,0.93,0.44,inferred
Exeter,2021-06-19,1.00,1.00,1.00,1.00,1.00,0.93,0.44,inferred
Exeter,2021-06-20,1.00,1.00,1.00,1.00,1.00,0.93,0.44,inferred
Exeter,2021-06-21,1.00,1.00,1.00,1.00,1.00,0.93,0.44,inferred
Exeter,2021-06-22,1.00,0.98,0.88,0.67,0.43,0.03,0.00,inferred
Exeter,2021-06-23,1.00,0.98,0.88,0.67,0.43,0.03,0.00,inferred
Exeter,2021-06-24,1.00,0.98,0.88,0.67,0.43,0.03,0.00,inferred
Exeter,2021-06-25,1.00,0.98,0.88,0.67,0.43,0.03,0.00,inferred
Exeter,2021-06-26,1.00,0.98,0.88,0.67,0.43,0.03,0.00,inferred
Exeter,2021-06-27,1.00,0.98,0.88,0.67,0.43,0.03,0.00,inferred
Exeter,2021-06-28,1.00,0.98,0.88,0.67,0.43,0.03,0.00,inferred
Exeter,2021-06-29,0.82,0.64,0.44,0.28,0.15,0.02,0.00,inferred
Exeter,2021-06-30,0.82,0.64,0.44,0.28,0.15,0.02,0.00,inferred
Exeter,2021-07-01,0.82,0.64,0.44,0.28,0.15,0.02,0.00,inferred
Exeter,2021-07-02,0.82,0.64,0.44,0.28,0.15,0.02,0.00,inferred
Exeter,2021-07-03,0.82,0.64,0.44,0.28,0.15,0.02,0.00,inferred
Exeter,2021-07-04,0.82,0.64,0.44,0.28,0.15,0.02,0.00,inferred
Exeter,2021-07-05,0.82,0.64,0.44,0.28,0.15,0.02,0.00,inferred
Exeter,2021-07-06,0.78,0.68,0.56,0.45,0.35,0.14,0.02,projected
Exeter,2021-07-07,0.78,0.68,0.56,0.45,0.35,0.14,0.02,projected
Exeter,2021-07-08,0.78,0.68,0.56,0.45,0.35,0.14,0.02,projected
Exeter,2021-07-09,0.78,0.68,0.56,0.45,0.35,0.14,0.02,projected
Exeter,2021-07-10,0.78,0.68,0.56,0.45,0.35,0.14,0.02,projected
Exeter,2021-07-11,0.78,0.68,0.56,0.45,0.35,0.14,0.02,projected
Exeter,2021-07-12,0.78,0.68,0.56,0.45,0.35,0.14,0.02,projected
Exeter,2021-07-13,0.82,0.74,0.65,0.56,0.47,0.27,0.09,projected
Exeter,2021-07-14,0.82,0.74,0.65,0.56,0.47,0.27,0.09,projected
Exeter,2021-07-15,0.82,0.74,0.65,0.56,0.47,0.27,0.09,projected
Exeter,2021-07-16,0.82,0.74,0.65,0.56,0.47,0.27,0.09,projected
Exeter,2021-07-17,0.82,0.74,0.65,0.56,0.47,0.27,0.09,projected
Exeter,2021-07-18,0.82,0.74,0.65,0.56,0.47,0.27,0.09,projected
Exeter,2021-07-19,0.82,0.74,0.65,0.56,0.47,0.27,0.09,projected
Exeter,2021-07-20,0.89,0.84,0.78,0.71,0.63,0.42,0.21,projected
Exeter,2021-07-21,0.89,0.84,0.78,0.71,0.63,0.42,0.21,projected
Exeter,2021-07-22,0.89,0.84,0.78,0.71,0.63,0.42,0.21,projected
Exeter,2021-07-23,0.89,0.84,0.78,0.71,0.63,0.42,0.21,projected
Exeter,2021-07-24,0.89,0.84,0.78,0.71,0.63,0.42,0.21,projected
Exeter,2021-07-25,0.89,0.84,0.78,0.71,0.63,0.42,0.21,projected
Exeter,2021-07-26,0.89,0.84,0.78,0.71,0.63,0.42,0.21,projected
Falkirk,2021-03-23,0.94,0.78,0.48,0.19,0.05,0.00,0.00,inferred
Falkirk,2021-03-24,0.94,0.78,0.48,0.19,0.05,0.00,0.00,inferred
Falkirk,2021-03-25,0.94,0.78,0.48,0.19,0.05,0.00,0.00,inferred
Falkirk,2021-03-26,0.94,0.78,0.48,0.19,0.05,0.00,0.00,inferred
Falkirk,2021-03-27,0.94,0.78,0.48,0.19,0.05,0.00,0.00,inferred
Falkirk,2021-03-28,0.94,0.78,0.48,0.19,0.05,0.00,0.00,inferred
Falkirk,2021-03-29,0.94,0.78,0.48,0.19,0.05,0.00,0.00,inferred
Falkirk,2021-03-30,0.04,0.01,0.00,0.00,0.00,0.00,0.00,inferred
Falkirk,2021-03-31,0.04,0.01,0.00,0.00,0.00,0.00,0.00,inferred
Falkirk,2021-04-01,0.04,0.01,0.00,0.00,0.00,0.00,0.00,inferred
Falkirk,2021-04-02,0.04,0.01,0.00,0.00,0.00,0.00,0.00,inferred
Falkirk,2021-04-03,0.04,0.01,0.00,0.00,0.00,0.00,0.00,inferred
Falkirk,2021-04-04,0.04,0.01,0.00,0.00,0.00,0.00,0.00,inferred
Falkirk,2021-04-05,0.04,0.01,0.00,0.00,0.00,0.00,0.00,inferred
Falkirk,2021-04-06,0.04,0.01,0.00,0.00,0.00,0.00,0.00,inferred
Falkirk,2021-04-07,0.04,0.01,0.00,0.00,0.00,0.00,0.00,inferred
Falkirk,2021-04-08,0.04,0.01,0.00,0.00,0.00,0.00,0.00,inferred
Falkirk,2021-04-09,0.04,0.01,0.00,0.00,0.00,0.00,0.00,inferred
Falkirk,2021-04-10,0.04,0.01,0.00,0.00,0.00,0.00,0.00,inferred
Falkirk,2021-04-11,0.04,0.01,0.00,0.00,0.00,0.00,0.00,inferred
Falkirk,2021-04-12,0.04,0.01,0.00,0.00,0.00,0.00,0.00,inferred
Falkirk,2021-04-13,0.15,0.05,0.02,0.00,0.00,0.00,0.00,inferred
Falkirk,2021-04-14,0.15,0.05,0.02,0.00,0.00,0.00,0.00,inferred
Falkirk,2021-04-15,0.15,0.05,0.02,0.00,0.00,0.00,0.00,inferred
Falkirk,2021-04-16,0.15,0.05,0.02,0.00,0.00,0.00,0.00,inferred
Falkirk,2021-04-17,0.15,0.05,0.02,0.00,0.00,0.00,0.00,inferred
Falkirk,2021-04-18,0.15,0.05,0.02,0.00,0.00,0.00,0.00,inferred
Falkirk,2021-04-19,0.15,0.05,0.02,0.00,0.00,0.00,0.00,inferred
Falkirk,2021-04-20,0.39,0.21,0.10,0.03,0.01,0.00,0.00,inferred
Falkirk,2021-04-21,0.39,0.21,0.10,0.03,0.01,0.00,0.00,inferred
Falkirk,2021-04-22,0.39,0.21,0.10,0.03,0.01,0.00,0.00,inferred
Falkirk,2021-04-23,0.39,0.21,0.10,0.03,0.01,0.00,0.00,inferred
Falkirk,2021-04-24,0.39,0.21,0.10,0.03,0.01,0.00,0.00,inferred
Falkirk,2021-04-25,0.39,0.21,0.10,0.03,0.01,0.00,0.00,inferred
Falkirk,2021-04-26,0.39,0.21,0.10,0.03,0.01,0.00,0.00,inferred
Falkirk,2021-04-27,0.91,0.79,0.63,0.45,0.29,0.03,0.00,inferred
Falkirk,2021-04-28,0.91,0.79,0.63,0.45,0.29,0.03,0.00,inferred
Falkirk,2021-04-29,0.91,0.79,0.63,0.45,0.29,0.03,0.00,inferred
Falkirk,2021-04-30,0.91,0.79,0.63,0.45,0.29,0.03,0.00,inferred
Falkirk,2021-05-01,0.91,0.79,0.63,0.45,0.29,0.03,0.00,inferred
Falkirk,2021-05-02,0.91,0.79,0.63,0.45,0.29,0.03,0.00,inferred
Falkirk,2021-05-03,0.91,0.79,0.63,0.45,0.29,0.03,0.00,inferred
Falkirk,2021-05-04,0.97,0.89,0.77,0.62,0.45,0.09,0.00,inferred
Falkirk,2021-05-05,0.97,0.89,0.77,0.62,0.45,0.09,0.00,inferred
Falkirk,2021-05-06,0.97,0.89,0.77,0.62,0.45,0.09,0.00,inferred
Falkirk,2021-05-07,0.97,0.89,0.77,0.62,0.45,0.09,0.00,inferred
Falkirk,2021-05-08,0.97,0.89,0.77,0.62,0.45,0.09,0.00,inferred
Falkirk,2021-05-09,0.97,0.89,0.77,0.62,0.45,0.09,0.00,inferred
Falkirk,2021-05-10,0.97,0.89,0.77,0.62,0.45,0.09,0.00,inferred
Falkirk,2021-05-11,1.00,1.00,1.00,0.99,0.95,0.69,0.15,inferred
Falkirk,2021-05-12,1.00,1.00,1.00,0.99,0.95,0.69,0.15,inferred
Falkirk,2021-05-13,1.00,1.00,1.00,0.99,0.95,0.69,0.15,inferred
Falkirk,2021-05-14,1.00,1.00,1.00,0.99,0.95,0.69,0.15,inferred
Falkirk,2021-05-15,1.00,1.00,1.00,0.99,0.95,0.69,0.15,inferred
Falkirk,2021-05-16,1.00,1.00,1.00,0.99,0.95,0.69,0.15,inferred
Falkirk,2021-05-17,1.00,1.00,1.00,0.99,0.95,0.69,0.15,inferred
Falkirk,2021-05-18,0.99,0.96,0.88,0.74,0.57,0.14,0.00,inferred
Falkirk,2021-05-19,0.99,0.96,0.88,0.74,0.57,0.14,0.00,inferred
Falkirk,2021-05-20,0.99,0.96,0.88,0.74,0.57,0.14,0.00,inferred
Falkirk,2021-05-21,0.99,0.96,0.88,0.74,0.57,0.14,0.00,inferred
Falkirk,2021-05-22,0.99,0.96,0.88,0.74,0.57,0.14,0.00,inferred
Falkirk,2021-05-23,0.99,0.96,0.88,0.74,0.57,0.14,0.00,inferred
Falkirk,2021-05-24,0.99,0.96,0.88,0.74,0.57,0.14,0.00,inferred
Falkirk,2021-05-25,1.00,0.99,0.98,0.93,0.84,0.35,0.02,inferred
Falkirk,2021-05-26,1.00,0.99,0.98,0.93,0.84,0.35,0.02,inferred
Falkirk,2021-05-27,1.00,0.99,0.98,0.93,0.84,0.35,0.02,inferred
Falkirk,2021-05-28,1.00,0.99,0.98,0.93,0.84,0.35,0.02,inferred
Falkirk,2021-05-29,1.00,0.99,0.98,0.93,0.84,0.35,0.02,inferred
Falkirk,2021-05-30,1.00,0.99,0.98,0.93,0.84,0.35,0.02,inferred
Falkirk,2021-05-31,1.00,0.99,0.98,0.93,0.84,0.35,0.02,inferred
Falkirk,2021-06-01,0.85,0.65,0.40,0.20,0.08,0.00,0.00,inferred
Falkirk,2021-06-02,0.85,0.65,0.40,0.20,0.08,0.00,0.00,inferred
Falkirk,2021-06-03,0.85,0.65,0.40,0.20,0.08,0.00,0.00,inferred
Falkirk,2021-06-04,0.85,0.65,0.40,0.20,0.08,0.00,0.00,inferred
Falkirk,2021-06-05,0.85,0.65,0.40,0.20,0.08,0.00,0.00,inferred
Falkirk,2021-06-06,0.85,0.65,0.40,0.20,0.08,0.00,0.00,inferred
Falkirk,2021-06-07,0.85,0.65,0.40,0.20,0.08,0.00,0.00,inferred
Falkirk,2021-06-08,1.00,0.99,0.94,0.83,0.63,0.11,0.00,inferred
Falkirk,2021-06-09,1.00,0.99,0.94,0.83,0.63,0.11,0.00,inferred
Falkirk,2021-06-10,1.00,0.99,0.94,0.83,0.63,0.11,0.00,inferred
Falkirk,2021-06-11,1.00,0.99,0.94,0.83,0.63,0.11,0.00,inferred
Falkirk,2021-06-12,1.00,0.99,0.94,0.83,0.63,0.11,0.00,inferred
Falkirk,2021-06-13,1.00,0.99,0.94,0.83,0.63,0.11,0.00,inferred
Falkirk,2021-06-14,1.00,0.99,0.94,0.83,0.63,0.11,0.00,inferred
Falkirk,2021-06-15,1.00,1.00,1.00,1.00,1.00,1.00,0.83,inferred
Falkirk,2021-06-16,1.00,1.00,1.00,1.00,1.00,1.00,0.83,inferred
Falkirk,2021-06-17,1.00,1.00,1.00,1.00,1.00,1.00,0.83,inferred
Falkirk,2021-06-18,1.00,1.00,1.00,1.00,1.00,1.00,0.83,inferred
Falkirk,2021-06-19,1.00,1.00,1.00,1.00,1.00,1.00,0.83,inferred
Falkirk,2021-06-20,1.00,1.00,1.00,1.00,1.00,1.00,0.83,inferred
Falkirk,2021-06-21,1.00,1.00,1.00,1.00,1.00,1.00,0.83,inferred
Falkirk,2021-06-22,1.00,1.00,1.00,0.97,0.90,0.57,0.04,inferred
Falkirk,2021-06-23,1.00,1.00,1.00,0.97,0.90,0.57,0.04,inferred
Falkirk,2021-06-24,1.00,1.00,1.00,0.97,0.90,0.57,0.04,inferred
Falkirk,2021-06-25,1.00,1.00,1.00,0.97,0.90,0.57,0.04,inferred
Falkirk,2021-06-26,1.00,1.00,1.00,0.97,0.90,0.57,0.04,inferred
Falkirk,2021-06-27,1.00,1.00,1.00,0.97,0.90,0.57,0.04,inferred
Falkirk,2021-06-28,1.00,1.00,1.00,0.97,0.90,0.57,0.04,inferred
Falkirk,2021-06-29,0.07,0.02,0.01,0.00,0.00,0.00,0.00,inferred
Falkirk,2021-06-30,0.07,0.02,0.01,0.00,0.00,0.00,0.00,inferred
Falkirk,2021-07-01,0.07,0.02,0.01,0.00,0.00,0.00,0.00,inferred
Falkirk,2021-07-02,0.07,0.02,0.01,0.00,0.00,0.00,0.00,inferred
Falkirk,2021-07-03,0.07,0.02,0.01,0.00,0.00,0.00,0.00,inferred
Falkirk,2021-07-04,0.07,0.02,0.01,0.00,0.00,0.00,0.00,inferred
Falkirk,2021-07-05,0.07,0.02,0.01,0.00,0.00,0.00,0.00,inferred
Falkirk,2021-07-06,0.24,0.17,0.12,0.09,0.06,0.02,0.00,projected
Falkirk,2021-07-07,0.24,0.17,0.12,0.09,0.06,0.02,0.00,projected
Falkirk,2021-07-08,0.24,0.17,0.12,0.09,0.06,0.02,0.00,projected
Falkirk,2021-07-09,0.24,0.17,0.12,0.09,0.06,0.02,0.00,projected
Falkirk,2021-07-10,0.24,0.17,0.12,0.09,0.06,0.02,0.00,projected
Falkirk,2021-07-11,0.24,0.17,0.12,0.09,0.06,0.02,0.00,projected
Falkirk,2021-07-12,0.24,0.17,0.12,0.09,0.06,0.02,0.00,projected
Falkirk,2021-07-13,0.34,0.28,0.21,0.15,0.12,0.06,0.02,projected
Falkirk,2021-07-14,0.34,0.28,0.21,0.15,0.12,0.06,0.02,projected
Falkirk,2021-07-15,0.34,0.28,0.21,0.15,0.12,0.06,0.02,projected
Falkirk,2021-07-16,0.34,0.28,0.21,0.15,0.12,0.06,0.02,projected
Falkirk,2021-07-17,0.34,0.28,0.21,0.15,0.12,0.06,0.02,projected
Falkirk,2021-07-18,0.34,0.28,0.21,0.15,0.12,0.06,0.02,projected
Falkirk,2021-07-19,0.34,0.28,0.21,0.15,0.12,0.06,0.02,projected
Falkirk,2021-07-20,0.46,0.39,0.33,0.26,0.22,0.12,0.05,projected
Falkirk,2021-07-21,0.46,0.39,0.33,0.26,0.22,0.12,0.05,projected
Falkirk,2021-07-22,0.46,0.39,0.33,0.26,0.22,0.12,0.05,projected
Falkirk,2021-07-23,0.46,0.39,0.33,0.26,0.22,0.12,0.05,projected
Falkirk,2021-07-24,0.46,0.39,0.33,0.26,0.22,0.12,0.05,projected
Falkirk,2021-07-25,0.46,0.39,0.33,0.26,0.22,0.12,0.05,projected
Falkirk,2021-07-26,0.46,0.39,0.33,0.26,0.22,0.12,0.05,projected
Fareham,2021-03-23,0.05,0.01,0.00,0.00,0.00,0.00,0.00,inferred
Fareham,2021-03-24,0.05,0.01,0.00,0.00,0.00,0.00,0.00,inferred
Fareham,2021-03-25,0.05,0.01,0.00,0.00,0.00,0.00,0.00,inferred
Fareham,2021-03-26,0.05,0.01,0.00,0.00,0.00,0.00,0.00,inferred
Fareham,2021-03-27,0.05,0.01,0.00,0.00,0.00,0.00,0.00,inferred
Fareham,2021-03-28,0.05,0.01,0.00,0.00,0.00,0.00,0.00,inferred
Fareham,2021-03-29,0.05,0.01,0.00,0.00,0.00,0.00,0.00,inferred
Fareham,2021-03-30,0.37,0.18,0.08,0.03,0.01,0.00,0.00,inferred
Fareham,2021-03-31,0.37,0.18,0.08,0.03,0.01,0.00,0.00,inferred
Fareham,2021-04-01,0.37,0.18,0.08,0.03,0.01,0.00,0.00,inferred
Fareham,2021-04-02,0.37,0.18,0.08,0.03,0.01,0.00,0.00,inferred
Fareham,2021-04-03,0.37,0.18,0.08,0.03,0.01,0.00,0.00,inferred
Fareham,2021-04-04,0.37,0.18,0.08,0.03,0.01,0.00,0.00,inferred
Fareham,2021-04-05,0.37,0.18,0.08,0.03,0.01,0.00,0.00,inferred
Fareham,2021-04-06,0.43,0.26,0.14,0.07,0.03,0.00,0.00,inferred
Fareham,2021-04-07,0.43,0.26,0.14,0.07,0.03,0.00,0.00,inferred
Fareham,2021-04-08,0.43,0.26,0.14,0.07,0.03,0.00,0.00,inferred
Fareham,2021-04-09,0.43,0.26,0.14,0.07,0.03,0.00,0.00,inferred
Fareham,2021-04-10,0.43,0.26,0.14,0.07,0.03,0.00,0.00,inferred
Fareham,2021-04-11,0.43,0.26,0.14,0.07,0.03,0.00,0.00,inferred
Fareham,2021-04-12,0.43,0.26,0.14,0.07,0.03,0.00,0.00,inferred
Fareham,2021-04-13,0.89,0.78,0.62,0.48,0.32,0.07,0.00,inferred
Fareham,2021-04-14,0.89,0.78,0.62,0.48,0.32,0.07,0.00,inferred
Fareham,2021-04-15,0.89,0.78,0.62,0.48,0.32,0.07,0.00,inferred
Fareham,2021-04-16,0.89,0.78,0.62,0.48,0.32,0.07,0.00,inferred
Fareham,2021-04-17,0.89,0.78,0.62,0.48,0.32,0.07,0.00,inferred
Fareham,2021-04-18,0.89,0.78,0.62,0.48,0.32,0.07,0.00,inferred
Fareham,2021-04-19,0.89,0.78,0.62,0.48,0.32,0.07,0.00,inferred
Fareham,2021-04-20,0.53,0.35,0.20,0.11,0.06,0.00,0.00,inferred
Fareham,2021-04-21,0.53,0.35,0.20,0.11,0.06,0.00,0.00,inferred
Fareham,2021-04-22,0.53,0.35,0.20,0.11,0.06,0.00,0.00,inferred
Fareham,2021-04-23,0.53,0.35,0.20,0.11,0.06,0.00,0.00,inferred
Fareham,2021-04-24,0.53,0.35,0.20,0.11,0.06,0.00,0.00,inferred
Fareham,2021-04-25,0.53,0.35,0.20,0.11,0.06,0.00,0.00,inferred
Fareham,2021-04-26,0.53,0.35,0.20,0.11,0.06,0.00,0.00,inferred
Fareham,2021-04-27,0.68,0.52,0.37,0.24,0.13,0.02,0.00,inferred
Fareham,2021-04-28,0.68,0.52,0.37,0.24,0.13,0.02,0.00,inferred
Fareham,2021-04-29,0.68,0.52,0.37,0.24,0.13,0.02,0.00,inferred
Fareham,2021-04-30,0.68,0.52,0.37,0.24,0.13,0.02,0.00,inferred
Fareham,2021-05-01,0.68,0.52,0.37,0.24,0.13,0.02,0.00,inferred
Fareham,2021-05-02,0.68,0.52,0.37,0.24,0.13,0.02,0.00,inferred
Fareham,2021-05-03,0.68,0.52,0.37,0.24,0.13,0.02,0.00,inferred
Fareham,2021-05-04,0.73,0.56,0.39,0.25,0.16,0.03,0.00,inferred
Fareham,2021-05-05,0.73,0.56,0.39,0.25,0.16,0.03,0.00,inferred
Fareham,2021-05-06,0.73,0.56,0.39,0.25,0.16,0.03,0.00,inferred
Fareham,2021-05-07,0.73,0.56,0.39,0.25,0.16,0.03,0.00,inferred
Fareham,2021-05-08,0.73,0.56,0.39,0.25,0.16,0.03,0.00,inferred
Fareham,2021-05-09,0.73,0.56,0.39,0.25,0.16,0.03,0.00,inferred
Fareham,2021-05-10,0.73,0.56,0.39,0.25,0.16,0.03,0.00,inferred
Fareham,2021-05-11,0.84,0.71,0.54,0.39,0.25,0.05,0.00,inferred
Fareham,2021-05-12,0.84,0.71,0.54,0.39,0.25,0.05,0.00,inferred
Fareham,2021-05-13,0.84,0.71,0.54,0.39,0.25,0.05,0.00,inferred
Fareham,2021-05-14,0.84,0.71,0.54,0.39,0.25,0.05,0.00,inferred
Fareham,2021-05-15,0.84,0.71,0.54,0.39,0.25,0.05,0.00,inferred
Fareham,2021-05-16,0.84,0.71,0.54,0.39,0.25,0.05,0.00,inferred
Fareham,2021-05-17,0.84,0.71,0.54,0.39,0.25,0.05,0.00,inferred
Fareham,2021-05-18,0.95,0.88,0.78,0.65,0.50,0.16,0.01,inferred
Fareham,2021-05-19,0.95,0.88,0.78,0.65,0.50,0.16,0.01,inferred
Fareham,2021-05-20,0.95,0.88,0.78,0.65,0.50,0.16,0.01,inferred
Fareham,2021-05-21,0.95,0.88,0.78,0.65,0.50,0.16,0.01,inferred
Fareham,2021-05-22,0.95,0.88,0.78,0.65,0.50,0.16,0.01,inferred
Fareham,2021-05-23,0.95,0.88,0.78,0.65,0.50,0.16,0.01,inferred
Fareham,2021-05-24,0.95,0.88,0.78,0.65,0.50,0.16,0.01,inferred
Fareham,2021-05-25,0.93,0.86,0.76,0.64,0.49,0.14,0.01,inferred
Fareham,2021-05-26,0.93,0.86,0.76,0.64,0.49,0.14,0.01,inferred
Fareham,2021-05-27,0.93,0.86,0.76,0.64,0.49,0.14,0.01,inferred
Fareham,2021-05-28,0.93,0.86,0.76,0.64,0.49,0.14,0.01,inferred
Fareham,2021-05-29,0.93,0.86,0.76,0.64,0.49,0.14,0.01,inferred
Fareham,2021-05-30,0.93,0.86,0.76,0.64,0.49,0.14,0.01,inferred
Fareham,2021-05-31,0.93,0.86,0.76,0.64,0.49,0.14,0.01,inferred
Fareham,2021-06-01,1.00,1.00,1.00,0.99,0.97,0.79,0.31,inferred
Fareham,2021-06-02,1.00,1.00,1.00,0.99,0.97,0.79,0.31,inferred
Fareham,2021-06-03,1.00,1.00,1.00,0.99,0.97,0.79,0.31,inferred
Fareham,2021-06-04,1.00,1.00,1.00,0.99,0.97,0.79,0.31,inferred
Fareham,2021-06-05,1.00,1.00,1.00,0.99,0.97,0.79,0.31,inferred
Fareham,2021-06-06,1.00,1.00,1.00,0.99,0.97,0.79,0.31,inferred
Fareham,2021-06-07,1.00,1.00,1.00,0.99,0.97,0.79,0.31,inferred
Fareham,2021-06-08,1.00,1.00,1.00,1.00,1.00,0.97,0.62,inferred
Fareham,2021-06-09,1.00,1.00,1.00,1.00,1.00,0.97,0.62,inferred
Fareham,2021-06-10,1.00,1.00,1.00,1.00,1.00,0.97,0.62,inferred
Fareham,2021-06-11,1.00,1.00,1.00,1.00,1.00,0.97,0.62,inferred
Fareham,2021-06-12,1.00,1.00,1.00,1.00,1.00,0.97,0.62,inferred
Fareham,2021-06-13,1.00,1.00,1.00,1.00,1.00,0.97,0.62,inferred
Fareham,2021-06-14,1.00,1.00,1.00,1.00,1.00,0.97,0.62,inferred
Fareham,2021-06-15,1.00,1.00,1.00,1.00,1.00,0.92,0.40,inferred
Fareham,2021-06-16,1.00,1.00,1.00,1.00,1.00,0.92,0.40,inferred
Fareham,2021-06-17,1.00,1.00,1.00,1.00,1.00,0.92,0.40,inferred
Fareham,2021-06-18,1.00,1.00,1.00,1.00,1.00,0.92,0.40,inferred
Fareham,2021-06-19,1.00,1.00,1.00,1.00,1.00,0.92,0.40,inferred
Fareham,2021-06-20,1.00,1.00,1.00,1.00,1.00,0.92,0.40,inferred
Fareham,2021-06-21,1.00,1.00,1.00,1.00,1.00,0.92,0.40,inferred
Fareham,2021-06-22,1.00,1.00,1.00,1.00,1.00,0.86,0.25,inferred
Fareham,2021-06-23,1.00,1.00,1.00,1.00,1.00,0.86,0.25,inferred
Fareham,2021-06-24,1.00,1.00,1.00,1.00,1.00,0.86,0.25,inferred
Fareham,2021-06-25,1.00,1.00,1.00,1.00,1.00,0.86,0.25,inferred
Fareham,2021-06-26,1.00,1.00,1.00,1.00,1.00,0.86,0.25,inferred
Fareham,2021-06-27,1.00,1.00,1.00,1.00,1.00,0.86,0.25,inferred
Fareham,2021-06-28,1.00,1.00,1.00,1.00,1.00,0.86,0.25,inferred
Fareham,2021-06-29,1.00,0.99,0.97,0.93,0.84,0.44,0.05,inferred
Fareham,2021-06-30,1.00,0.99,0.97,0.93,0.84,0.44,0.05,inferred
Fareham,2021-07-01,1.00,0.99,0.97,0.93,0.84,0.44,0.05,inferred
Fareham,2021-07-02,1.00,0.99,0.97,0.93,0.84,0.44,0.05,inferred
Fareham,2021-07-03,1.00,0.99,0.97,0.93,0.84,0.44,0.05,inferred
Fareham,2021-07-04,1.00,0.99,0.97,0.93,0.84,0.44,0.05,inferred
Fareham,2021-07-05,1.00,0.99,0.97,0.93,0.84,0.44,0.05,inferred
Fareham,2021-07-06,0.99,0.95,0.92,0.85,0.76,0.43,0.10,projected
Fareham,2021-07-07,0.99,0.95,0.92,0.85,0.76,0.43,0.10,projected
Fareham,2021-07-08,0.99,0.95,0.92,0.85,0.76,0.43,0.10,projected
Fareham,2021-07-09,0.99,0.95,0.92,0.85,0.76,0.43,0.10,projected
Fareham,2021-07-10,0.99,0.95,0.92,0.85,0.76,0.43,0.10,projected
Fareham,2021-07-11,0.99,0.95,0.92,0.85,0.76,0.43,0.10,projected
Fareham,2021-07-12,0.99,0.95,0.92,0.85,0.76,0.43,0.10,projected
Fareham,2021-07-13,0.98,0.94,0.88,0.82,0.74,0.44,0.13,projected
Fareham,2021-07-14,0.98,0.94,0.88,0.82,0.74,0.44,0.13,projected
Fareham,2021-07-15,0.98,0.94,0.88,0.82,0.74,0.44,0.13,projected
Fareham,2021-07-16,0.98,0.94,0.88,0.82,0.74,0.44,0.13,projected
Fareham,2021-07-17,0.98,0.94,0.88,0.82,0.74,0.44,0.13,projected
Fareham,2021-07-18,0.98,0.94,0.88,0.82,0.74,0.44,0.13,projected
Fareham,2021-07-19,0.98,0.94,0.88,0.82,0.74,0.44,0.13,projected
Fareham,2021-07-20,0.97,0.93,0.88,0.81,0.72,0.46,0.17,projected
Fareham,2021-07-21,0.97,0.93,0.88,0.81,0.72,0.46,0.17,projected
Fareham,2021-07-22,0.97,0.93,0.88,0.81,0.72,0.46,0.17,projected
Fareham,2021-07-23,0.97,0.93,0.88,0.81,0.72,0.46,0.17,projected
Fareham,2021-07-24,0.97,0.93,0.88,0.81,0.72,0.46,0.17,projected
Fareham,2021-07-25,0.97,0.93,0.88,0.81,0.72,0.46,0.17,projected
Fareham,2021-07-26,0.97,0.93,0.88,0.81,0.72,0.46,0.17,projected
Fenland,2021-03-23,0.38,0.11,0.02,0.00,0.00,0.00,0.00,inferred
Fenland,2021-03-24,0.38,0.11,0.02,0.00,0.00,0.00,0.00,inferred
Fenland,2021-03-25,0.38,0.11,0.02,0.00,0.00,0.00,0.00,inferred
Fenland,2021-03-26,0.38,0.11,0.02,0.00,0.00,0.00,0.00,inferred
Fenland,2021-03-27,0.38,0.11,0.02,0.00,0.00,0.00,0.00,inferred
Fenland,2021-03-28,0.38,0.11,0.02,0.00,0.00,0.00,0.00,inferred
Fenland,2021-03-29,0.38,0.11,0.02,0.00,0.00,0.00,0.00,inferred
Fenland,2021-03-30,0.82,0.53,0.26,0.08,0.02,0.00,0.00,inferred
Fenland,2021-03-31,0.82,0.53,0.26,0.08,0.02,0.00,0.00,inferred
Fenland,2021-04-01,0.82,0.53,0.26,0.08,0.02,0.00,0.00,inferred
Fenland,2021-04-02,0.82,0.53,0.26,0.08,0.02,0.00,0.00,inferred
Fenland,2021-04-03,0.82,0.53,0.26,0.08,0.02,0.00,0.00,inferred
Fenland,2021-04-04,0.82,0.53,0.26,0.08,0.02,0.00,0.00,inferred
Fenland,2021-04-05,0.82,0.53,0.26,0.08,0.02,0.00,0.00,inferred
Fenland,2021-04-06,0.85,0.62,0.34,0.14,0.04,0.00,0.00,inferred
Fenland,2021-04-07,0.85,0.62,0.34,0.14,0.04,0.00,0.00,inferred
Fenland,2021-04-08,0.85,0.62,0.34,0.14,0.04,0.00,0.00,inferred
Fenland,2021-04-09,0.85,0.62,0.34,0.14,0.04,0.00,0.00,inferred
Fenland,2021-04-10,0.85,0.62,0.34,0.14,0.04,0.00,0.00,inferred
Fenland,2021-04-11,0.85,0.62,0.34,0.14,0.04,0.00,0.00,inferred
Fenland,2021-04-12,0.85,0.62,0.34,0.14,0.04,0.00,0.00,inferred
Fenland,2021-04-13,0.38,0.15,0.05,0.01,0.00,0.00,0.00,inferred
Fenland,2021-04-14,0.38,0.15,0.05,0.01,0.00,0.00,0.00,inferred
Fenland,2021-04-15,0.38,0.15,0.05,0.01,0.00,0.00,0.00,inferred
Fenland,2021-04-16,0.38,0.15,0.05,0.01,0.00,0.00,0.00,inferred
Fenland,2021-04-17,0.38,0.15,0.05,0.01,0.00,0.00,0.00,inferred
Fenland,2021-04-18,0.38,0.15,0.05,0.01,0.00,0.00,0.00,inferred
Fenland,2021-04-19,0.38,0.15,0.05,0.01,0.00,0.00,0.00,inferred
Fenland,2021-04-20,0.10,0.03,0.01,0.00,0.00,0.00,0.00,inferred
Fenland,2021-04-21,0.10,0.03,0.01,0.00,0.00,0.00,0.00,inferred
Fenland,2021-04-22,0.10,0.03,0.01,0.00,0.00,0.00,0.00,inferred
Fenland,2021-04-23,0.10,0.03,0.01,0.00,0.00,0.00,0.00,inferred
Fenland,2021-04-24,0.10,0.03,0.01,0.00,0.00,0.00,0.00,inferred
Fenland,2021-04-25,0.10,0.03,0.01,0.00,0.00,0.00,0.00,inferred
Fenland,2021-04-26,0.10,0.03,0.01,0.00,0.00,0.00,0.00,inferred
Fenland,2021-04-27,0.16,0.06,0.02,0.00,0.00,0.00,0.00,inferred
Fenland,2021-04-28,0.16,0.06,0.02,0.00,0.00,0.00,0.00,inferred
Fenland,2021-04-29,0.16,0.06,0.02,0.00,0.00,0.00,0.00,inferred
Fenland,2021-04-30,0.16,0.06,0.02,0.00,0.00,0.00,0.00,inferred
Fenland,2021-05-01,0.16,0.06,0.02,0.00,0.00,0.00,0.00,inferred
Fenland,2021-05-02,0.16,0.06,0.02,0.00,0.00,0.00,0.00,inferred
Fenland,2021-05-03,0.16,0.06,0.02,0.00,0.00,0.00,0.00,inferred
Fenland,2021-05-04,0.08,0.03,0.01,0.00,0.00,0.00,0.00,inferred
Fenland,2021-05-05,0.08,0.03,0.01,0.00,0.00,0.00,0.00,inferred
Fenland,2021-05-06,0.08,0.03,0.01,0.00,0.00,0.00,0.00,inferred
Fenland,2021-05-07,0.08,0.03,0.01,0.00,0.00,0.00,0.00,inferred
Fenland,2021-05-08,0.08,0.03,0.01,0.00,0.00,0.00,0.00,inferred
Fenland,2021-05-09,0.08,0.03,0.01,0.00,0.00,0.00,0.00,inferred
Fenland,2021-05-10,0.08,0.03,0.01,0.00,0.00,0.00,0.00,inferred
Fenland,2021-05-11,0.39,0.22,0.12,0.06,0.03,0.00,0.00,inferred
Fenland,2021-05-12,0.39,0.22,0.12,0.06,0.03,0.00,0.00,inferred
Fenland,2021-05-13,0.39,0.22,0.12,0.06,0.03,0.00,0.00,inferred
Fenland,2021-05-14,0.39,0.22,0.12,0.06,0.03,0.00,0.00,inferred
Fenland,2021-05-15,0.39,0.22,0.12,0.06,0.03,0.00,0.00,inferred
Fenland,2021-05-16,0.39,0.22,0.12,0.06,0.03,0.00,0.00,inferred
Fenland,2021-05-17,0.39,0.22,0.12,0.06,0.03,0.00,0.00,inferred
Fenland,2021-05-18,0.90,0.81,0.69,0.55,0.40,0.11,0.00,inferred
Fenland,2021-05-19,0.90,0.81,0.69,0.55,0.40,0.11,0.00,inferred
Fenland,2021-05-20,0.90,0.81,0.69,0.55,0.40,0.11,0.00,inferred
Fenland,2021-05-21,0.90,0.81,0.69,0.55,0.40,0.11,0.00,inferred
Fenland,2021-05-22,0.90,0.81,0.69,0.55,0.40,0.11,0.00,inferred
Fenland,2021-05-23,0.90,0.81,0.69,0.55,0.40,0.11,0.00,inferred
Fenland,2021-05-24,0.90,0.81,0.69,0.55,0.40,0.11,0.00,inferred
Fenland,2021-05-25,1.00,0.99,0.99,0.96,0.92,0.61,0.12,inferred
Fenland,2021-05-26,1.00,0.99,0.99,0.96,0.92,0.61,0.12,inferred
Fenland,2021-05-27,1.00,0.99,0.99,0.96,0.92,0.61,0.12,inferred
Fenland,2021-05-28,1.00,0.99,0.99,0.96,0.92,0.61,0.12,inferred
Fenland,2021-05-29,1.00,0.99,0.99,0.96,0.92,0.61,0.12,inferred
Fenland,2021-05-30,1.00,0.99,0.99,0.96,0.92,0.61,0.12,inferred
Fenland,2021-05-31,1.00,0.99,0.99,0.96,0.92,0.61,0.12,inferred
Fenland,2021-06-01,1.00,1.00,0.99,0.98,0.95,0.71,0.17,inferred
Fenland,2021-06-02,1.00,1.00,0.99,0.98,0.95,0.71,0.17,inferred
Fenland,2021-06-03,1.00,1.00,0.99,0.98,0.95,0.71,0.17,inferred
Fenland,2021-06-04,1.00,1.00,0.99,0.98,0.95,0.71,0.17,inferred
Fenland,2021-06-05,1.00,1.00,0.99,0.98,0.95,0.71,0.17,inferred
Fenland,2021-06-06,1.00,1.00,0.99,0.98,0.95,0.71,0.17,inferred
Fenland,2021-06-07,1.00,1.00,0.99,0.98,0.95,0.71,0.17,inferred
Fenland,2021-06-08,1.00,0.99,0.95,0.89,0.78,0.33,0.02,inferred
Fenland,2021-06-09,1.00,0.99,0.95,0.89,0.78,0.33,0.02,inferred
Fenland,2021-06-10,1.00,0.99,0.95,0.89,0.78,0.33,0.02,inferred
Fenland,2021-06-11,1.00,0.99,0.95,0.89,0.78,0.33,0.02,inferred
Fenland,2021-06-12,1.00,0.99,0.95,0.89,0.78,0.33,0.02,inferred
Fenland,2021-06-13,1.00,0.99,0.95,0.89,0.78,0.33,0.02,inferred
Fenland,2021-06-14,1.00,0.99,0.95,0.89,0.78,0.33,0.02,inferred
Fenland,2021-06-15,1.00,0.97,0.91,0.75,0.58,0.13,0.00,inferred
Fenland,2021-06-16,1.00,0.97,0.91,0.75,0.58,0.13,0.00,inferred
Fenland,2021-06-17,1.00,0.97,0.91,0.75,0.58,0.13,0.00,inferred
Fenland,2021-06-18,1.00,0.97,0.91,0.75,0.58,0.13,0.00,inferred
Fenland,2021-06-19,1.00,0.97,0.91,0.75,0.58,0.13,0.00,inferred
Fenland,2021-06-20,1.00,0.97,0.91,0.75,0.58,0.13,0.00,inferred
Fenland,2021-06-21,1.00,0.97,0.91,0.75,0.58,0.13,0.00,inferred
Fenland,2021-06-22,1.00,1.00,1.00,0.99,0.97,0.68,0.08,inferred
Fenland,2021-06-23,1.00,1.00,1.00,0.99,0.97,0.68,0.08,inferred
Fenland,2021-06-24,1.00,1.00,1.00,0.99,0.97,0.68,0.08,inferred
Fenland,2021-06-25,1.00,1.00,1.00,0.99,0.97,0.68,0.08,inferred
Fenland,2021-06-26,1.00,1.00,1.00,0.99,0.97,0.68,0.08,inferred
Fenland,2021-06-27,1.00,1.00,1.00,0.99,0.97,0.68,0.08,inferred
Fenland,2021-06-28,1.00,1.00,1.00,0.99,0.97,0.68,0.08,inferred
Fenland,2021-06-29,1.00,0.99,0.98,0.93,0.85,0.47,0.07,inferred
Fenland,2021-06-30,1.00,0.99,0.98,0.93,0.85,0.47,0.07,inferred
Fenland,2021-07-01,1.00,0.99,0.98,0.93,0.85,0.47,0.07,inferred
Fenland,2021-07-02,1.00,0.99,0.98,0.93,0.85,0.47,0.07,inferred
Fenland,2021-07-03,1.00,0.99,0.98,0.93,0.85,0.47,0.07,inferred
Fenland,2021-07-04,1.00,0.99,0.98,0.93,0.85,0.47,0.07,inferred
Fenland,2021-07-05,1.00,0.99,0.98,0.93,0.85,0.47,0.07,inferred
Fenland,2021-07-06,0.99,0.98,0.94,0.87,0.80,0.48,0.12,projected
Fenland,2021-07-07,0.99,0.98,0.94,0.87,0.80,0.48,0.12,projected
Fenland,2021-07-08,0.99,0.98,0.94,0.87,0.80,0.48,0.12,projected
Fenland,2021-07-09,0.99,0.98,0.94,0.87,0.80,0.48,0.12,projected
Fenland,2021-07-10,0.99,0.98,0.94,0.87,0.80,0.48,0.12,projected
Fenland,2021-07-11,0.99,0.98,0.94,0.87,0.80,0.48,0.12,projected
Fenland,2021-07-12,0.99,0.98,0.94,0.87,0.80,0.48,0.12,projected
Fenland,2021-07-13,0.99,0.97,0.94,0.88,0.79,0.50,0.17,projected
Fenland,2021-07-14,0.99,0.97,0.94,0.88,0.79,0.50,0.17,projected
Fenland,2021-07-15,0.99,0.97,0.94,0.88,0.79,0.50,0.17,projected
Fenland,2021-07-16,0.99,0.97,0.94,0.88,0.79,0.50,0.17,projected
Fenland,2021-07-17,0.99,0.97,0.94,0.88,0.79,0.50,0.17,projected
Fenland,2021-07-18,0.99,0.97,0.94,0.88,0.79,0.50,0.17,projected
Fenland,2021-07-19,0.99,0.97,0.94,0.88,0.79,0.50,0.17,projected
Fenland,2021-07-20,0.99,0.98,0.94,0.88,0.80,0.53,0.19,projected
Fenland,2021-07-21,0.99,0.98,0.94,0.88,0.80,0.53,0.19,projected
Fenland,2021-07-22,0.99,0.98,0.94,0.88,0.80,0.53,0.19,projected
Fenland,2021-07-23,0.99,0.98,0.94,0.88,0.80,0.53,0.19,projected
Fenland,2021-07-24,0.99,0.98,0.94,0.88,0.80,0.53,0.19,projected
Fenland,2021-07-25,0.99,0.98,0.94,0.88,0.80,0.53,0.19,projected
Fenland,2021-07-26,0.99,0.98,0.94,0.88,0.80,0.53,0.19,projected
Fife,2021-03-23,0.91,0.69,0.39,0.16,0.05,0.00,0.00,inferred
Fife,2021-03-24,0.91,0.69,0.39,0.16,0.05,0.00,0.00,inferred
Fife,2021-03-25,0.91,0.69,0.39,0.16,0.05,0.00,0.00,inferred
Fife,2021-03-26,0.91,0.69,0.39,0.16,0.05,0.00,0.00,inferred
Fife,2021-03-27,0.91,0.69,0.39,0.16,0.05,0.00,0.00,inferred
Fife,2021-03-28,0.91,0.69,0.39,0.16,0.05,0.00,0.00,inferred
Fife,2021-03-29,0.91,0.69,0.39,0.16,0.05,0.00,0.00,inferred
Fife,2021-03-30,0.83,0.63,0.39,0.18,0.06,0.00,0.00,inferred
Fife,2021-03-31,0.83,0.63,0.39,0.18,0.06,0.00,0.00,inferred
Fife,2021-04-01,0.83,0.63,0.39,0.18,0.06,0.00,0.00,inferred
Fife,2021-04-02,0.83,0.63,0.39,0.18,0.06,0.00,0.00,inferred
Fife,2021-04-03,0.83,0.63,0.39,0.18,0.06,0.00,0.00,inferred
Fife,2021-04-04,0.83,0.63,0.39,0.18,0.06,0.00,0.00,inferred
Fife,2021-04-05,0.83,0.63,0.39,0.18,0.06,0.00,0.00,inferred
Fife,2021-04-06,0.35,0.14,0.04,0.01,0.00,0.00,0.00,inferred
Fife,2021-04-07,0.35,0.14,0.04,0.01,0.00,0.00,0.00,inferred
Fife,2021-04-08,0.35,0.14,0.04,0.01,0.00,0.00,0.00,inferred
Fife,2021-04-09,0.35,0.14,0.04,0.01,0.00,0.00,0.00,inferred
Fife,2021-04-10,0.35,0.14,0.04,0.01,0.00,0.00,0.00,inferred
Fife,2021-04-11,0.35,0.14,0.04,0.01,0.00,0.00,0.00,inferred
Fife,2021-04-12,0.35,0.14,0.04,0.01,0.00,0.00,0.00,inferred
Fife,2021-04-13,0.57,0.32,0.15,0.05,0.02,0.00,0.00,inferred
Fife,2021-04-14,0.57,0.32,0.15,0.05,0.02,0.00,0.00,inferred
Fife,2021-04-15,0.57,0.32,0.15,0.05,0.02,0.00,0.00,inferred
Fife,2021-04-16,0.57,0.32,0.15,0.05,0.02,0.00,0.00,inferred
Fife,2021-04-17,0.57,0.32,0.15,0.05,0.02,0.00,0.00,inferred
Fife,2021-04-18,0.57,0.32,0.15,0.05,0.02,0.00,0.00,inferred
Fife,2021-04-19,0.57,0.32,0.15,0.05,0.02,0.00,0.00,inferred
Fife,2021-04-20,0.70,0.46,0.25,0.11,0.04,0.00,0.00,inferred
Fife,2021-04-21,0.70,0.46,0.25,0.11,0.04,0.00,0.00,inferred
Fife,2021-04-22,0.70,0.46,0.25,0.11,0.04,0.00,0.00,inferred
Fife,2021-04-23,0.70,0.46,0.25,0.11,0.04,0.00,0.00,inferred
Fife,2021-04-24,0.70,0.46,0.25,0.11,0.04,0.00,0.00,inferred
Fife,2021-04-25,0.70,0.46,0.25,0.11,0.04,0.00,0.00,inferred
Fife,2021-04-26,0.70,0.46,0.25,0.11,0.04,0.00,0.00,inferred
Fife,2021-04-27,0.73,0.51,0.29,0.14,0.05,0.00,0.00,inferred
Fife,2021-04-28,0.73,0.51,0.29,0.14,0.05,0.00,0.00,inferred
Fife,2021-04-29,0.73,0.51,0.29,0.14,0.05,0.00,0.00,inferred
Fife,2021-04-30,0.73,0.51,0.29,0.14,0.05,0.00,0.00,inferred
Fife,2021-05-01,0.73,0.51,0.29,0.14,0.05,0.00,0.00,inferred
Fife,2021-05-02,0.73,0.51,0.29,0.14,0.05,0.00,0.00,inferred
Fife,2021-05-03,0.73,0.51,0.29,0.14,0.05,0.00,0.00,inferred
Fife,2021-05-04,0.99,0.97,0.90,0.79,0.62,0.14,0.00,inferred
Fife,2021-05-05,0.99,0.97,0.90,0.79,0.62,0.14,0.00,inferred
Fife,2021-05-06,0.99,0.97,0.90,0.79,0.62,0.14,0.00,inferred
Fife,2021-05-07,0.99,0.97,0.90,0.79,0.62,0.14,0.00,inferred
Fife,2021-05-08,0.99,0.97,0.90,0.79,0.62,0.14,0.00,inferred
Fife,2021-05-09,0.99,0.97,0.90,0.79,0.62,0.14,0.00,inferred
Fife,2021-05-10,0.99,0.97,0.90,0.79,0.62,0.14,0.00,inferred
Fife,2021-05-11,0.84,0.63,0.40,0.20,0.09,0.01,0.00,inferred
Fife,2021-05-12,0.84,0.63,0.40,0.20,0.09,0.01,0.00,inferred
Fife,2021-05-13,0.84,0.63,0.40,0.20,0.09,0.01,0.00,inferred
Fife,2021-05-14,0.84,0.63,0.40,0.20,0.09,0.01,0.00,inferred
Fife,2021-05-15,0.84,0.63,0.40,0.20,0.09,0.01,0.00,inferred
Fife,2021-05-16,0.84,0.63,0.40,0.20,0.09,0.01,0.00,inferred
Fife,2021-05-17,0.84,0.63,0.40,0.20,0.09,0.01,0.00,inferred
Fife,2021-05-18,0.97,0.90,0.77,0.57,0.37,0.05,0.00,inferred
Fife,2021-05-19,0.97,0.90,0.77,0.57,0.37,0.05,0.00,inferred
Fife,2021-05-20,0.97,0.90,0.77,0.57,0.37,0.05,0.00,inferred
Fife,2021-05-21,0.97,0.90,0.77,0.57,0.37,0.05,0.00,inferred
Fife,2021-05-22,0.97,0.90,0.77,0.57,0.37,0.05,0.00,inferred
Fife,2021-05-23,0.97,0.90,0.77,0.57,0.37,0.05,0.00,inferred
Fife,2021-05-24,0.97,0.90,0.77,0.57,0.37,0.05,0.00,inferred
Fife,2021-05-25,1.00,0.99,0.95,0.87,0.72,0.22,0.01,inferred
Fife,2021-05-26,1.00,0.99,0.95,0.87,0.72,0.22,0.01,inferred
Fife,2021-05-27,1.00,0.99,0.95,0.87,0.72,0.22,0.01,inferred
Fife,2021-05-28,1.00,0.99,0.95,0.87,0.72,0.22,0.01,inferred
Fife,2021-05-29,1.00,0.99,0.95,0.87,0.72,0.22,0.01,inferred
Fife,2021-05-30,1.00,0.99,0.95,0.87,0.72,0.22,0.01,inferred
Fife,2021-05-31,1.00,0.99,0.95,0.87,0.72,0.22,0.01,inferred
Fife,2021-06-01,0.99,0.96,0.87,0.71,0.50,0.10,0.00,inferred
Fife,2021-06-02,0.99,0.96,0.87,0.71,0.50,0.10,0.00,inferred
Fife,2021-06-03,0.99,0.96,0.87,0.71,0.50,0.10,0.00,inferred
Fife,2021-06-04,0.99,0.96,0.87,0.71,0.50,0.10,0.00,inferred
Fife,2021-06-05,0.99,0.96,0.87,0.71,0.50,0.10,0.00,inferred
Fife,2021-06-06,0.99,0.96,0.87,0.71,0.50,0.10,0.00,inferred
Fife,2021-06-07,0.99,0.96,0.87,0.71,0.50,0.10,0.00,inferred
Fife,2021-06-08,1.00,0.98,0.94,0.82,0.65,0.15,0.00,inferred
Fife,2021-06-09,1.00,0.98,0.94,0.82,0.65,0.15,0.00,inferred
Fife,2021-06-10,1.00,0.98,0.94,0.82,0.65,0.15,0.00,inferred
Fife,2021-06-11,1.00,0.98,0.94,0.82,0.65,0.15,0.00,inferred
Fife,2021-06-12,1.00,0.98,0.94,0.82,0.65,0.15,0.00,inferred
Fife,2021-06-13,1.00,0.98,0.94,0.82,0.65,0.15,0.00,inferred
Fife,2021-06-14,1.00,0.98,0.94,0.82,0.65,0.15,0.00,inferred
Fife,2021-06-15,1.00,1.00,1.00,1.00,1.00,1.00,1.00,inferred
Fife,2021-06-16,1.00,1.00,1.00,1.00,1.00,1.00,1.00,inferred
Fife,2021-06-17,1.00,1.00,1.00,1.00,1.00,1.00,1.00,inferred
Fife,2021-06-18,1.00,1.00,1.00,1.00,1.00,1.00,1.00,inferred
Fife,2021-06-19,1.00,1.00,1.00,1.00,1.00,1.00,1.00,inferred
Fife,2021-06-20,1.00,1.00,1.00,1.00,1.00,1.00,1.00,inferred
Fife,2021-06-21,1.00,1.00,1.00,1.00,1.00,1.00,1.00,inferred
Fife,2021-06-22,1.00,1.00,1.00,1.00,1.00,0.93,0.58,inferred
Fife,2021-06-23,1.00,1.00,1.00,1.00,1.00,0.93,0.58,inferred
Fife,2021-06-24,1.00,1.00,1.00,1.00,1.00,0.93,0.58,inferred
Fife,2021-06-25,1.00,1.00,1.00,1.00,1.00,0.93,0.58,inferred
Fife,2021-06-26,1.00,1.00,1.00,1.00,1.00,0.93,0.58,inferred
Fife,2021-06-27,1.00,1.00,1.00,1.00,1.00,0.93,0.58,inferred
Fife,2021-06-28,1.00,1.00,1.00,1.00,1.00,0.93,0.58,inferred
Fife,2021-06-29,0.14,0.06,0.02,0.01,0.00,0.00,0.00,inferred
Fife,2021-06-30,0.14,0.06,0.02,0.01,0.00,0.00,0.00,inferred
Fife,2021-07-01,0.14,0.06,0.02,0.01,0.00,0.00,0.00,inferred
Fife,2021-07-02,0.14,0.06,0.02,0.01,0.00,0.00,0.00,inferred
Fife,2021-07-03,0.14,0.06,0.02,0.01,0.00,0.00,0.00,inferred
Fife,2021-07-04,0.14,0.06,0.02,0.01,0.00,0.00,0.00,inferred
Fife,2021-07-05,0.14,0.06,0.02,0.01,0.00,0.00,0.00,inferred
Fife,2021-07-06,0.30,0.23,0.16,0.12,0.09,0.03,0.00,projected
Fife,2021-07-07,0.30,0.23,0.16,0.12,0.09,0.03,0.00,projected
Fife,2021-07-08,0.30,0.23,0.16,0.12,0.09,0.03,0.00,projected
Fife,2021-07-09,0.30,0.23,0.16,0.12,0.09,0.03,0.00,projected
Fife,2021-07-10,0.30,0.23,0.16,0.12,0.09,0.03,0.00,projected
Fife,2021-07-11,0.30,0.23,0.16,0.12,0.09,0.03,0.00,projected
Fife,2021-07-12,0.30,0.23,0.16,0.12,0.09,0.03,0.00,projected
Fife,2021-07-13,0.38,0.30,0.25,0.19,0.16,0.09,0.03,projected
Fife,2021-07-14,0.38,0.30,0.25,0.19,0.16,0.09,0.03,projected
Fife,2021-07-15,0.38,0.30,0.25,0.19,0.16,0.09,0.03,projected
Fife,2021-07-16,0.38,0.30,0.25,0.19,0.16,0.09,0.03,projected
Fife,2021-07-17,0.38,0.30,0.25,0.19,0.16,0.09,0.03,projected
Fife,2021-07-18,0.38,0.30,0.25,0.19,0.16,0.09,0.03,projected
Fife,2021-07-19,0.38,0.30,0.25,0.19,0.16,0.09,0.03,projected
Fife,2021-07-20,0.45,0.38,0.30,0.26,0.22,0.13,0.06,projected
Fife,2021-07-21,0.45,0.38,0.30,0.26,0.22,0.13,0.06,projected
Fife,2021-07-22,0.45,0.38,0.30,0.26,0.22,0.13,0.06,projected
Fife,2021-07-23,0.45,0.38,0.30,0.26,0.22,0.13,0.06,projected
Fife,2021-07-24,0.45,0.38,0.30,0.26,0.22,0.13,0.06,projected
Fife,2021-07-25,0.45,0.38,0.30,0.26,0.22,0.13,0.06,projected
Fife,2021-07-26,0.45,0.38,0.30,0.26,0.22,0.13,0.06,projected
Flintshire,2021-03-23,0.04,0.01,0.00,0.00,0.00,0.00,0.00,inferred
Flintshire,2021-03-24,0.04,0.01,0.00,0.00,0.00,0.00,0.00,inferred
Flintshire,2021-03-25,0.04,0.01,0.00,0.00,0.00,0.00,0.00,inferred
Flintshire,2021-03-26,0.04,0.01,0.00,0.00,0.00,0.00,0.00,inferred
Flintshire,2021-03-27,0.04,0.01,0.00,0.00,0.00,0.00,0.00,inferred
Flintshire,2021-03-28,0.04,0.01,0.00,0.00,0.00,0.00,0.00,inferred
Flintshire,2021-03-29,0.04,0.01,0.00,0.00,0.00,0.00,0.00,inferred
Flintshire,2021-03-30,0.46,0.25,0.12,0.04,0.02,0.00,0.00,inferred
Flintshire,2021-03-31,0.46,0.25,0.12,0.04,0.02,0.00,0.00,inferred
Flintshire,2021-04-01,0.46,0.25,0.12,0.04,0.02,0.00,0.00,inferred
Flintshire,2021-04-02,0.46,0.25,0.12,0.04,0.02,0.00,0.00,inferred
Flintshire,2021-04-03,0.46,0.25,0.12,0.04,0.02,0.00,0.00,inferred
Flintshire,2021-04-04,0.46,0.25,0.12,0.04,0.02,0.00,0.00,inferred
Flintshire,2021-04-05,0.46,0.25,0.12,0.04,0.02,0.00,0.00,inferred
Flintshire,2021-04-06,0.47,0.24,0.12,0.05,0.02,0.00,0.00,inferred
Flintshire,2021-04-07,0.47,0.24,0.12,0.05,0.02,0.00,0.00,inferred
Flintshire,2021-04-08,0.47,0.24,0.12,0.05,0.02,0.00,0.00,inferred
Flintshire,2021-04-09,0.47,0.24,0.12,0.05,0.02,0.00,0.00,inferred
Flintshire,2021-04-10,0.47,0.24,0.12,0.05,0.02,0.00,0.00,inferred
Flintshire,2021-04-11,0.47,0.24,0.12,0.05,0.02,0.00,0.00,inferred
Flintshire,2021-04-12,0.47,0.24,0.12,0.05,0.02,0.00,0.00,inferred
Flintshire,2021-04-13,0.26,0.13,0.05,0.02,0.01,0.00,0.00,inferred
Flintshire,2021-04-14,0.26,0.13,0.05,0.02,0.01,0.00,0.00,inferred
Flintshire,2021-04-15,0.26,0.13,0.05,0.02,0.01,0.00,0.00,inferred
Flintshire,2021-04-16,0.26,0.13,0.05,0.02,0.01,0.00,0.00,inferred
Flintshire,2021-04-17,0.26,0.13,0.05,0.02,0.01,0.00,0.00,inferred
Flintshire,2021-04-18,0.26,0.13,0.05,0.02,0.01,0.00,0.00,inferred
Flintshire,2021-04-19,0.26,0.13,0.05,0.02,0.01,0.00,0.00,inferred
Flintshire,2021-04-20,0.41,0.24,0.13,0.06,0.02,0.00,0.00,inferred
Flintshire,2021-04-21,0.41,0.24,0.13,0.06,0.02,0.00,0.00,inferred
Flintshire,2021-04-22,0.41,0.24,0.13,0.06,0.02,0.00,0.00,inferred
Flintshire,2021-04-23,0.41,0.24,0.13,0.06,0.02,0.00,0.00,inferred
Flintshire,2021-04-24,0.41,0.24,0.13,0.06,0.02,0.00,0.00,inferred
Flintshire,2021-04-25,0.41,0.24,0.13,0.06,0.02,0.00,0.00,inferred
Flintshire,2021-04-26,0.41,0.24,0.13,0.06,0.02,0.00,0.00,inferred
Flintshire,2021-04-27,0.36,0.21,0.10,0.05,0.02,0.00,0.00,inferred
Flintshire,2021-04-28,0.36,0.21,0.10,0.05,0.02,0.00,0.00,inferred
Flintshire,2021-04-29,0.36,0.21,0.10,0.05,0.02,0.00,0.00,inferred
Flintshire,2021-04-30,0.36,0.21,0.10,0.05,0.02,0.00,0.00,inferred
Flintshire,2021-05-01,0.36,0.21,0.10,0.05,0.02,0.00,0.00,inferred
Flintshire,2021-05-02,0.36,0.21,0.10,0.05,0.02,0.00,0.00,inferred
Flintshire,2021-05-03,0.36,0.21,0.10,0.05,0.02,0.00,0.00,inferred
Flintshire,2021-05-04,0.76,0.62,0.45,0.31,0.20,0.03,0.00,inferred
Flintshire,2021-05-05,0.76,0.62,0.45,0.31,0.20,0.03,0.00,inferred
Flintshire,2021-05-06,0.76,0.62,0.45,0.31,0.20,0.03,0.00,inferred
Flintshire,2021-05-07,0.76,0.62,0.45,0.31,0.20,0.03,0.00,inferred
Flintshire,2021-05-08,0.76,0.62,0.45,0.31,0.20,0.03,0.00,inferred
Flintshire,2021-05-09,0.76,0.62,0.45,0.31,0.20,0.03,0.00,inferred
Flintshire,2021-05-10,0.76,0.62,0.45,0.31,0.20,0.03,0.00,inferred
Flintshire,2021-05-11,0.85,0.71,0.58,0.44,0.29,0.07,0.00,inferred
Flintshire,2021-05-12,0.85,0.71,0.58,0.44,0.29,0.07,0.00,inferred
Flintshire,2021-05-13,0.85,0.71,0.58,0.44,0.29,0.07,0.00,inferred
Flintshire,2021-05-14,0.85,0.71,0.58,0.44,0.29,0.07,0.00,inferred
Flintshire,2021-05-15,0.85,0.71,0.58,0.44,0.29,0.07,0.00,inferred
Flintshire,2021-05-16,0.85,0.71,0.58,0.44,0.29,0.07,0.00,inferred
Flintshire,2021-05-17,0.85,0.71,0.58,0.44,0.29,0.07,0.00,inferred
Flintshire,2021-05-18,0.98,0.95,0.90,0.81,0.71,0.36,0.05,inferred
Flintshire,2021-05-19,0.98,0.95,0.90,0.81,0.71,0.36,0.05,inferred
Flintshire,2021-05-20,0.98,0.95,0.90,0.81,0.71,0.36,0.05,inferred
Flintshire,2021-05-21,0.98,0.95,0.90,0.81,0.71,0.36,0.05,inferred
Flintshire,2021-05-22,0.98,0.95,0.90,0.81,0.71,0.36,0.05,inferred
Flintshire,2021-05-23,0.98,0.95,0.90,0.81,0.71,0.36,0.05,inferred
Flintshire,2021-05-24,0.98,0.95,0.90,0.81,0.71,0.36,0.05,inferred
Flintshire,2021-05-25,1.00,1.00,0.99,0.98,0.94,0.75,0.25,inferred
Flintshire,2021-05-26,1.00,1.00,0.99,0.98,0.94,0.75,0.25,inferred
Flintshire,2021-05-27,1.00,1.00,0.99,0.98,0.94,0.75,0.25,inferred
Flintshire,2021-05-28,1.00,1.00,0.99,0.98,0.94,0.75,0.25,inferred
Flintshire,2021-05-29,1.00,1.00,0.99,0.98,0.94,0.75,0.25,inferred
Flintshire,2021-05-30,1.00,1.00,0.99,0.98,0.94,0.75,0.25,inferred
Flintshire,2021-05-31,1.00,1.00,0.99,0.98,0.94,0.75,0.25,inferred
Flintshire,2021-06-01,1.00,1.00,1.00,1.00,1.00,1.00,0.88,inferred
Flintshire,2021-06-02,1.00,1.00,1.00,1.00,1.00,1.00,0.88,inferred
Flintshire,2021-06-03,1.00,1.00,1.00,1.00,1.00,1.00,0.88,inferred
Flintshire,2021-06-04,1.00,1.00,1.00,1.00,1.00,1.00,0.88,inferred
Flintshire,2021-06-05,1.00,1.00,1.00,1.00,1.00,1.00,0.88,inferred
Flintshire,2021-06-06,1.00,1.00,1.00,1.00,1.00,1.00,0.88,inferred
Flintshire,2021-06-07,1.00,1.00,1.00,1.00,1.00,1.00,0.88,inferred
Flintshire,2021-06-08,1.00,1.00,1.00,1.00,1.00,1.00,0.81,inferred
Flintshire,2021-06-09,1.00,1.00,1.00,1.00,1.00,1.00,0.81,inferred
Flintshire,2021-06-10,1.00,1.00,1.00,1.00,1.00,1.00,0.81,inferred
Flintshire,2021-06-11,1.00,1.00,1.00,1.00,1.00,1.00,0.81,inferred
Flintshire,2021-06-12,1.00,1.00,1.00,1.00,1.00,1.00,0.81,inferred
Flintshire,2021-06-13,1.00,1.00,1.00,1.00,1.00,1.00,0.81,inferred
Flintshire,2021-06-14,1.00,1.00,1.00,1.00,1.00,1.00,0.81,inferred
Flintshire,2021-06-15,1.00,1.00,1.00,1.00,1.00,0.85,0.22,inferred
Flintshire,2021-06-16,1.00,1.00,1.00,1.00,1.00,0.85,0.22,inferred
Flintshire,2021-06-17,1.00,1.00,1.00,1.00,1.00,0.85,0.22,inferred
Flintshire,2021-06-18,1.00,1.00,1.00,1.00,1.00,0.85,0.22,inferred
Flintshire,2021-06-19,1.00,1.00,1.00,1.00,1.00,0.85,0.22,inferred
Flintshire,2021-06-20,1.00,1.00,1.00,1.00,1.00,0.85,0.22,inferred
Flintshire,2021-06-21,1.00,1.00,1.00,1.00,1.00,0.85,0.22,inferred
Flintshire,2021-06-22,1.00,1.00,1.00,0.97,0.85,0.25,0.00,inferred
Flintshire,2021-06-23,1.00,1.00,1.00,0.97,0.85,0.25,0.00,inferred
Flintshire,2021-06-24,1.00,1.00,1.00,0.97,0.85,0.25,0.00,inferred
Flintshire,2021-06-25,1.00,1.00,1.00,0.97,0.85,0.25,0.00,inferred
Flintshire,2021-06-26,1.00,1.00,1.00,0.97,0.85,0.25,0.00,inferred
Flintshire,2021-06-27,1.00,1.00,1.00,0.97,0.85,0.25,0.00,inferred
Flintshire,2021-06-28,1.00,1.00,1.00,0.97,0.85,0.25,0.00,inferred
Flintshire,2021-06-29,0.97,0.91,0.81,0.68,0.51,0.13,0.00,inferred
Flintshire,2021-06-30,0.97,0.91,0.81,0.68,0.51,0.13,0.00,inferred
Flintshire,2021-07-01,0.97,0.91,0.81,0.68,0.51,0.13,0.00,inferred
Flintshire,2021-07-02,0.97,0.91,0.81,0.68,0.51,0.13,0.00,inferred
Flintshire,2021-07-03,0.97,0.91,0.81,0.68,0.51,0.13,0.00,inferred
Flintshire,2021-07-04,0.97,0.91,0.81,0.68,0.51,0.13,0.00,inferred
Flintshire,2021-07-05,0.97,0.91,0.81,0.68,0.51,0.13,0.00,inferred
Flintshire,2021-07-06,0.89,0.82,0.71,0.59,0.49,0.25,0.05,projected
Flintshire,2021-07-07,0.89,0.82,0.71,0.59,0.49,0.25,0.05,projected
Flintshire,2021-07-08,0.89,0.82,0.71,0.59,0.49,0.25,0.05,projected
Flintshire,2021-07-09,0.89,0.82,0.71,0.59,0.49,0.25,0.05,projected
Flintshire,2021-07-10,0.89,0.82,0.71,0.59,0.49,0.25,0.05,projected
Flintshire,2021-07-11,0.89,0.82,0.71,0.59,0.49,0.25,0.05,projected
Flintshire,2021-07-12,0.89,0.82,0.71,0.59,0.49,0.25,0.05,projected
Flintshire,2021-07-13,0.85,0.78,0.68,0.59,0.50,0.26,0.09,projected
Flintshire,2021-07-14,0.85,0.78,0.68,0.59,0.50,0.26,0.09,projected
Flintshire,2021-07-15,0.85,0.78,0.68,0.59,0.50,0.26,0.09,projected
Flintshire,2021-07-16,0.85,0.78,0.68,0.59,0.50,0.26,0.09,projected
Flintshire,2021-07-17,0.85,0.78,0.68,0.59,0.50,0.26,0.09,projected
Flintshire,2021-07-18,0.85,0.78,0.68,0.59,0.50,0.26,0.09,projected
Flintshire,2021-07-19,0.85,0.78,0.68,0.59,0.50,0.26,0.09,projected
Flintshire,2021-07-20,0.86,0.79,0.71,0.61,0.52,0.31,0.13,projected
Flintshire,2021-07-21,0.86,0.79,0.71,0.61,0.52,0.31,0.13,projected
Flintshire,2021-07-22,0.86,0.79,0.71,0.61,0.52,0.31,0.13,projected
Flintshire,2021-07-23,0.86,0.79,0.71,0.61,0.52,0.31,0.13,projected
Flintshire,2021-07-24,0.86,0.79,0.71,0.61,0.52,0.31,0.13,projected
Flintshire,2021-07-25,0.86,0.79,0.71,0.61,0.52,0.31,0.13,projected
Flintshire,2021-07-26,0.86,0.79,0.71,0.61,0.52,0.31,0.13,projected
Folkestone and Hythe,2021-03-23,0.01,0.00,0.00,0.00,0.00,0.00,0.00,inferred
Folkestone and Hythe,2021-03-24,0.01,0.00,0.00,0.00,0.00,0.00,0.00,inferred
Folkestone and Hythe,2021-03-25,0.01,0.00,0.00,0.00,0.00,0.00,0.00,inferred
Folkestone and Hythe,2021-03-26,0.01,0.00,0.00,0.00,0.00,0.00,0.00,inferred
Folkestone and Hythe,2021-03-27,0.01,0.00,0.00,0.00,0.00,0.00,0.00,inferred
Folkestone and Hythe,2021-03-28,0.01,0.00,0.00,0.00,0.00,0.00,0.00,inferred
Folkestone and Hythe,2021-03-29,0.01,0.00,0.00,0.00,0.00,0.00,0.00,inferred
Folkestone and Hythe,2021-03-30,0.26,0.14,0.07,0.03,0.01,0.00,0.00,inferred
Folkestone and Hythe,2021-03-31,0.26,0.14,0.07,0.03,0.01,0.00,0.00,inferred
Folkestone and Hythe,2021-04-01,0.26,0.14,0.07,0.03,0.01,0.00,0.00,inferred
Folkestone and Hythe,2021-04-02,0.26,0.14,0.07,0.03,0.01,0.00,0.00,inferred
Folkestone and Hythe,2021-04-03,0.26,0.14,0.07,0.03,0.01,0.00,0.00,inferred
Folkestone and Hythe,2021-04-04,0.26,0.14,0.07,0.03,0.01,0.00,0.00,inferred
Folkestone and Hythe,2021-04-05,0.26,0.14,0.07,0.03,0.01,0.00,0.00,inferred
Folkestone and Hythe,2021-04-06,0.82,0.70,0.57,0.42,0.30,0.07,0.00,inferred
Folkestone and Hythe,2021-04-07,0.82,0.70,0.57,0.42,0.30,0.07,0.00,inferred
Folkestone and Hythe,2021-04-08,0.82,0.70,0.57,0.42,0.30,0.07,0.00,inferred
Folkestone and Hythe,2021-04-09,0.82,0.70,0.57,0.42,0.30,0.07,0.00,inferred
Folkestone and Hythe,2021-04-10,0.82,0.70,0.57,0.42,0.30,0.07,0.00,inferred
Folkestone and Hythe,2021-04-11,0.82,0.70,0.57,0.42,0.30,0.07,0.00,inferred
Folkestone and Hythe,2021-04-12,0.82,0.70,0.57,0.42,0.30,0.07,0.00,inferred
Folkestone and Hythe,2021-04-13,0.94,0.89,0.80,0.69,0.57,0.23,0.03,inferred
Folkestone and Hythe,2021-04-14,0.94,0.89,0.80,0.69,0.57,0.23,0.03,inferred
Folkestone and Hythe,2021-04-15,0.94,0.89,0.80,0.69,0.57,0.23,0.03,inferred
Folkestone and Hythe,2021-04-16,0.94,0.89,0.80,0.69,0.57,0.23,0.03,inferred
Folkestone and Hythe,2021-04-17,0.94,0.89,0.80,0.69,0.57,0.23,0.03,inferred
Folkestone and Hythe,2021-04-18,0.94,0.89,0.80,0.69,0.57,0.23,0.03,inferred
Folkestone and Hythe,2021-04-19,0.94,0.89,0.80,0.69,0.57,0.23,0.03,inferred
Folkestone and Hythe,2021-04-20,0.85,0.73,0.59,0.46,0.33,0.10,0.01,inferred
Folkestone and Hythe,2021-04-21,0.85,0.73,0.59,0.46,0.33,0.10,0.01,inferred
Folkestone and Hythe,2021-04-22,0.85,0.73,0.59,0.46,0.33,0.10,0.01,inferred
Folkestone and Hythe,2021-04-23,0.85,0.73,0.59,0.46,0.33,0.10,0.01,inferred
Folkestone and Hythe,2021-04-24,0.85,0.73,0.59,0.46,0.33,0.10,0.01,inferred
Folkestone and Hythe,2021-04-25,0.85,0.73,0.59,0.46,0.33,0.10,0.01,inferred
Folkestone and Hythe,2021-04-26,0.85,0.73,0.59,0.46,0.33,0.10,0.01,inferred
Folkestone and Hythe,2021-04-27,0.85,0.74,0.58,0.46,0.33,0.09,0.01,inferred
Folkestone and Hythe,2021-04-28,0.85,0.74,0.58,0.46,0.33,0.09,0.01,inferred
Folkestone and Hythe,2021-04-29,0.85,0.74,0.58,0.46,0.33,0.09,0.01,inferred
Folkestone and Hythe,2021-04-30,0.85,0.74,0.58,0.46,0.33,0.09,0.01,inferred
Folkestone and Hythe,2021-05-01,0.85,0.74,0.58,0.46,0.33,0.09,0.01,inferred
Folkestone and Hythe,2021-05-02,0.85,0.74,0.58,0.46,0.33,0.09,0.01,inferred
Folkestone and Hythe,2021-05-03,0.85,0.74,0.58,0.46,0.33,0.09,0.01,inferred
Folkestone and Hythe,2021-05-04,0.72,0.58,0.44,0.31,0.20,0.05,0.00,inferred
Folkestone and Hythe,2021-05-05,0.72,0.58,0.44,0.31,0.20,0.05,0.00,inferred
Folkestone and Hythe,2021-05-06,0.72,0.58,0.44,0.31,0.20,0.05,0.00,inferred
Folkestone and Hythe,2021-05-07,0.72,0.58,0.44,0.31,0.20,0.05,0.00,inferred
Folkestone and Hythe,2021-05-08,0.72,0.58,0.44,0.31,0.20,0.05,0.00,inferred
Folkestone and Hythe,2021-05-09,0.72,0.58,0.44,0.31,0.20,0.05,0.00,inferred
Folkestone and Hythe,2021-05-10,0.72,0.58,0.44,0.31,0.20,0.05,0.00,inferred
Folkestone and Hythe,2021-05-11,0.90,0.82,0.71,0.57,0.43,0.14,0.01,inferred
Folkestone and Hythe,2021-05-12,0.90,0.82,0.71,0.57,0.43,0.14,0.01,inferred
Folkestone and Hythe,2021-05-13,0.90,0.82,0.71,0.57,0.43,0.14,0.01,inferred
Folkestone and Hythe,2021-05-14,0.90,0.82,0.71,0.57,0.43,0.14,0.01,inferred
Folkestone and Hythe,2021-05-15,0.90,0.82,0.71,0.57,0.43,0.14,0.01,inferred
Folkestone and Hythe,2021-05-16,0.90,0.82,0.71,0.57,0.43,0.14,0.01,inferred
Folkestone and Hythe,2021-05-17,0.90,0.82,0.71,0.57,0.43,0.14,0.01,inferred
Folkestone and Hythe,2021-05-18,0.98,0.97,0.94,0.86,0.77,0.39,0.06,inferred
Folkestone and Hythe,2021-05-19,0.98,0.97,0.94,0.86,0.77,0.39,0.06,inferred
Folkestone and Hythe,2021-05-20,0.98,0.97,0.94,0.86,0.77,0.39,0.06,inferred
Folkestone and Hythe,2021-05-21,0.98,0.97,0.94,0.86,0.77,0.39,0.06,inferred
Folkestone and Hythe,2021-05-22,0.98,0.97,0.94,0.86,0.77,0.39,0.06,inferred
Folkestone and Hythe,2021-05-23,0.98,0.97,0.94,0.86,0.77,0.39,0.06,inferred
Folkestone and Hythe,2021-05-24,0.98,0.97,0.94,0.86,0.77,0.39,0.06,inferred
Folkestone and Hythe,2021-05-25,0.98,0.95,0.89,0.80,0.68,0.29,0.03,inferred
Folkestone and Hythe,2021-05-26,0.98,0.95,0.89,0.80,0.68,0.29,0.03,inferred
Folkestone and Hythe,2021-05-27,0.98,0.95,0.89,0.80,0.68,0.29,0.03,inferred
Folkestone and Hythe,2021-05-28,0.98,0.95,0.89,0.80,0.68,0.29,0.03,inferred
Folkestone and Hythe,2021-05-29,0.98,0.95,0.89,0.80,0.68,0.29,0.03,inferred
Folkestone and Hythe,2021-05-30,0.98,0.95,0.89,0.80,0.68,0.29,0.03,inferred
Folkestone and Hythe,2021-05-31,0.98,0.95,0.89,0.80,0.68,0.29,0.03,inferred
Folkestone and Hythe,2021-06-01,0.98,0.93,0.84,0.73,0.57,0.20,0.02,inferred
Folkestone and Hythe,2021-06-02,0.98,0.93,0.84,0.73,0.57,0.20,0.02,inferred
Folkestone and Hythe,2021-06-03,0.98,0.93,0.84,0.73,0.57,0.20,0.02,inferred
Folkestone and Hythe,2021-06-04,0.98,0.93,0.84,0.73,0.57,0.20,0.02,inferred
Folkestone and Hythe,2021-06-05,0.98,0.93,0.84,0.73,0.57,0.20,0.02,inferred
Folkestone and Hythe,2021-06-06,0.98,0.93,0.84,0.73,0.57,0.20,0.02,inferred
Folkestone and Hythe,2021-06-07,0.98,0.93,0.84,0.73,0.57,0.20,0.02,inferred
Folkestone and Hythe,2021-06-08,0.99,0.96,0.92,0.86,0.75,0.32,0.02,inferred
Folkestone and Hythe,2021-06-09,0.99,0.96,0.92,0.86,0.75,0.32,0.02,inferred
Folkestone and Hythe,2021-06-10,0.99,0.96,0.92,0.86,0.75,0.32,0.02,inferred
Folkestone and Hythe,2021-06-11,0.99,0.96,0.92,0.86,0.75,0.32,0.02,inferred
Folkestone and Hythe,2021-06-12,0.99,0.96,0.92,0.86,0.75,0.32,0.02,inferred
Folkestone and Hythe,2021-06-13,0.99,0.96,0.92,0.86,0.75,0.32,0.02,inferred
Folkestone and Hythe,2021-06-14,0.99,0.96,0.92,0.86,0.75,0.32,0.02,inferred
Folkestone and Hythe,2021-06-15,1.00,1.00,1.00,1.00,1.00,0.95,0.46,inferred
Folkestone and Hythe,2021-06-16,1.00,1.00,1.00,1.00,1.00,0.95,0.46,inferred
Folkestone and Hythe,2021-06-17,1.00,1.00,1.00,1.00,1.00,0.95,0.46,inferred
Folkestone and Hythe,2021-06-18,1.00,1.00,1.00,1.00,1.00,0.95,0.46,inferred
Folkestone and Hythe,2021-06-19,1.00,1.00,1.00,1.00,1.00,0.95,0.46,inferred
Folkestone and Hythe,2021-06-20,1.00,1.00,1.00,1.00,1.00,0.95,0.46,inferred
Folkestone and Hythe,2021-06-21,1.00,1.00,1.00,1.00,1.00,0.95,0.46,inferred
Folkestone and Hythe,2021-06-22,1.00,1.00,1.00,1.00,1.00,0.99,0.76,inferred
Folkestone and Hythe,2021-06-23,1.00,1.00,1.00,1.00,1.00,0.99,0.76,inferred
Folkestone and Hythe,2021-06-24,1.00,1.00,1.00,1.00,1.00,0.99,0.76,inferred
Folkestone and Hythe,2021-06-25,1.00,1.00,1.00,1.00,1.00,0.99,0.76,inferred
Folkestone and Hythe,2021-06-26,1.00,1.00,1.00,1.00,1.00,0.99,0.76,inferred
Folkestone and Hythe,2021-06-27,1.00,1.00,1.00,1.00,1.00,0.99,0.76,inferred
Folkestone and Hythe,2021-06-28,1.00,1.00,1.00,1.00,1.00,0.99,0.76,inferred
Folkestone and Hythe,2021-06-29,1.00,1.00,1.00,1.00,0.99,0.92,0.59,inferred
Folkestone and Hythe,2021-06-30,1.00,1.00,1.00,1.00,0.99,0.92,0.59,inferred
Folkestone and Hythe,2021-07-01,1.00,1.00,1.00,1.00,0.99,0.92,0.59,inferred
Folkestone and Hythe,2021-07-02,1.00,1.00,1.00,1.00,0.99,0.92,0.59,inferred
Folkestone and Hythe,2021-07-03,1.00,1.00,1.00,1.00,0.99,0.92,0.59,inferred
Folkestone and Hythe,2021-07-04,1.00,1.00,1.00,1.00,0.99,0.92,0.59,inferred
Folkestone and Hythe,2021-07-05,1.00,1.00,1.00,1.00,0.99,0.92,0.59,inferred
Folkestone and Hythe,2021-07-06,1.00,1.00,0.98,0.97,0.95,0.80,0.42,projected
Folkestone and Hythe,2021-07-07,1.00,1.00,0.98,0.97,0.95,0.80,0.42,projected
Folkestone and Hythe,2021-07-08,1.00,1.00,0.98,0.97,0.95,0.80,0.42,projected
Folkestone and Hythe,2021-07-09,1.00,1.00,0.98,0.97,0.95,0.80,0.42,projected
Folkestone and Hythe,2021-07-10,1.00,1.00,0.98,0.97,0.95,0.80,0.42,projected
Folkestone and Hythe,2021-07-11,1.00,1.00,0.98,0.97,0.95,0.80,0.42,projected
Folkestone and Hythe,2021-07-12,1.00,1.00,0.98,0.97,0.95,0.80,0.42,projected
Folkestone and Hythe,2021-07-13,0.99,0.98,0.97,0.94,0.90,0.71,0.35,projected
Folkestone and Hythe,2021-07-14,0.99,0.98,0.97,0.94,0.90,0.71,0.35,projected
Folkestone and Hythe,2021-07-15,0.99,0.98,0.97,0.94,0.90,0.71,0.35,projected
Folkestone and Hythe,2021-07-16,0.99,0.98,0.97,0.94,0.90,0.71,0.35,projected
Folkestone and Hythe,2021-07-17,0.99,0.98,0.97,0.94,0.90,0.71,0.35,projected
Folkestone and Hythe,2021-07-18,0.99,0.98,0.97,0.94,0.90,0.71,0.35,projected
Folkestone and Hythe,2021-07-19,0.99,0.98,0.97,0.94,0.90,0.71,0.35,projected
Folkestone and Hythe,2021-07-20,0.99,0.98,0.95,0.90,0.85,0.63,0.31,projected
Folkestone and Hythe,2021-07-21,0.99,0.98,0.95,0.90,0.85,0.63,0.31,projected
Folkestone and Hythe,2021-07-22,0.99,0.98,0.95,0.90,0.85,0.63,0.31,projected
Folkestone and Hythe,2021-07-23,0.99,0.98,0.95,0.90,0.85,0.63,0.31,projected
Folkestone and Hythe,2021-07-24,0.99,0.98,0.95,0.90,0.85,0.63,0.31,projected
Folkestone and Hythe,2021-07-25,0.99,0.98,0.95,0.90,0.85,0.63,0.31,projected
Folkestone and Hythe,2021-07-26,0.99,0.98,0.95,0.90,0.85,0.63,0.31,projected
Forest of Dean,2021-03-23,0.00,0.00,0.00,0.00,0.00,0.00,0.00,inferred
Forest of Dean,2021-03-24,0.00,0.00,0.00,0.00,0.00,0.00,0.00,inferred
Forest of Dean,2021-03-25,0.00,0.00,0.00,0.00,0.00,0.00,0.00,inferred
Forest of Dean,2021-03-26,0.00,0.00,0.00,0.00,0.00,0.00,0.00,inferred
Forest of Dean,2021-03-27,0.00,0.00,0.00,0.00,0.00,0.00,0.00,inferred
Forest of Dean,2021-03-28,0.00,0.00,0.00,0.00,0.00,0.00,0.00,inferred
Forest of Dean,2021-03-29,0.00,0.00,0.00,0.00,0.00,0.00,0.00,inferred
Forest of Dean,2021-03-30,0.19,0.10,0.04,0.01,0.00,0.00,0.00,inferred
Forest of Dean,2021-03-31,0.19,0.10,0.04,0.01,0.00,0.00,0.00,inferred
Forest of Dean,2021-04-01,0.19,0.10,0.04,0.01,0.00,0.00,0.00,inferred
Forest of Dean,2021-04-02,0.19,0.10,0.04,0.01,0.00,0.00,0.00,inferred
Forest of Dean,2021-04-03,0.19,0.10,0.04,0.01,0.00,0.00,0.00,inferred
Forest of Dean,2021-04-04,0.19,0.10,0.04,0.01,0.00,0.00,0.00,inferred
Forest of Dean,2021-04-05,0.19,0.10,0.04,0.01,0.00,0.00,0.00,inferred
Forest of Dean,2021-04-06,0.64,0.49,0.35,0.24,0.17,0.04,0.00,inferred
Forest of Dean,2021-04-07,0.64,0.49,0.35,0.24,0.17,0.04,0.00,inferred
Forest of Dean,2021-04-08,0.64,0.49,0.35,0.24,0.17,0.04,0.00,inferred
Forest of Dean,2021-04-09,0.64,0.49,0.35,0.24,0.17,0.04,0.00,inferred
Forest of Dean,2021-04-10,0.64,0.49,0.35,0.24,0.17,0.04,0.00,inferred
Forest of Dean,2021-04-11,0.64,0.49,0.35,0.24,0.17,0.04,0.00,inferred
Forest of Dean,2021-04-12,0.64,0.49,0.35,0.24,0.17,0.04,0.00,inferred
Forest of Dean,2021-04-13,0.82,0.73,0.59,0.44,0.32,0.10,0.01,inferred
Forest of Dean,2021-04-14,0.82,0.73,0.59,0.44,0.32,0.10,0.01,inferred
Forest of Dean,2021-04-15,0.82,0.73,0.59,0.44,0.32,0.10,0.01,inferred
Forest of Dean,2021-04-16,0.82,0.73,0.59,0.44,0.32,0.10,0.01,inferred
Forest of Dean,2021-04-17,0.82,0.73,0.59,0.44,0.32,0.10,0.01,inferred
Forest of Dean,2021-04-18,0.82,0.73,0.59,0.44,0.32,0.10,0.01,inferred
Forest of Dean,2021-04-19,0.82,0.73,0.59,0.44,0.32,0.10,0.01,inferred
Forest of Dean,2021-04-20,0.77,0.63,0.50,0.36,0.26,0.07,0.00,inferred
Forest of Dean,2021-04-21,0.77,0.63,0.50,0.36,0.26,0.07,0.00,inferred
Forest of Dean,2021-04-22,0.77,0.63,0.50,0.36,0.26,0.07,0.00,inferred
Forest of Dean,2021-04-23,0.77,0.63,0.50,0.36,0.26,0.07,0.00,inferred
Forest of Dean,2021-04-24,0.77,0.63,0.50,0.36,0.26,0.07,0.00,inferred
Forest of Dean,2021-04-25,0.77,0.63,0.50,0.36,0.26,0.07,0.00,inferred
Forest of Dean,2021-04-26,0.77,0.63,0.50,0.36,0.26,0.07,0.00,inferred
Forest of Dean,2021-04-27,0.81,0.69,0.55,0.40,0.28,0.09,0.01,inferred
Forest of Dean,2021-04-28,0.81,0.69,0.55,0.40,0.28,0.09,0.01,inferred
Forest of Dean,2021-04-29,0.81,0.69,0.55,0.40,0.28,0.09,0.01,inferred
Forest of Dean,2021-04-30,0.81,0.69,0.55,0.40,0.28,0.09,0.01,inferred
Forest of Dean,2021-05-01,0.81,0.69,0.55,0.40,0.28,0.09,0.01,inferred
Forest of Dean,2021-05-02,0.81,0.69,0.55,0.40,0.28,0.09,0.01,inferred
Forest of Dean,2021-05-03,0.81,0.69,0.55,0.40,0.28,0.09,0.01,inferred
Forest of Dean,2021-05-04,0.86,0.77,0.64,0.50,0.37,0.12,0.01,inferred
Forest of Dean,2021-05-05,0.86,0.77,0.64,0.50,0.37,0.12,0.01,inferred
Forest of Dean,2021-05-06,0.86,0.77,0.64,0.50,0.37,0.12,0.01,inferred
Forest of Dean,2021-05-07,0.86,0.77,0.64,0.50,0.37,0.12,0.01,inferred
Forest of Dean,2021-05-08,0.86,0.77,0.64,0.50,0.37,0.12,0.01,inferred
Forest of Dean,2021-05-09,0.86,0.77,0.64,0.50,0.37,0.12,0.01,inferred
Forest of Dean,2021-05-10,0.86,0.77,0.64,0.50,0.37,0.12,0.01,inferred
Forest of Dean,2021-05-11,0.92,0.85,0.76,0.65,0.52,0.22,0.03,inferred
Forest of Dean,2021-05-12,0.92,0.85,0.76,0.65,0.52,0.22,0.03,inferred
Forest of Dean,2021-05-13,0.92,0.85,0.76,0.65,0.52,0.22,0.03,inferred
Forest of Dean,2021-05-14,0.92,0.85,0.76,0.65,0.52,0.22,0.03,inferred
Forest of Dean,2021-05-15,0.92,0.85,0.76,0.65,0.52,0.22,0.03,inferred
Forest of Dean,2021-05-16,0.92,0.85,0.76,0.65,0.52,0.22,0.03,inferred
Forest of Dean,2021-05-17,0.92,0.85,0.76,0.65,0.52,0.22,0.03,inferred
Forest of Dean,2021-05-18,0.99,0.98,0.96,0.93,0.87,0.62,0.18,inferred
Forest of Dean,2021-05-19,0.99,0.98,0.96,0.93,0.87,0.62,0.18,inferred
Forest of Dean,2021-05-20,0.99,0.98,0.96,0.93,0.87,0.62,0.18,inferred
Forest of Dean,2021-05-21,0.99,0.98,0.96,0.93,0.87,0.62,0.18,inferred
Forest of Dean,2021-05-22,0.99,0.98,0.96,0.93,0.87,0.62,0.18,inferred
Forest of Dean,2021-05-23,0.99,0.98,0.96,0.93,0.87,0.62,0.18,inferred
Forest of Dean,2021-05-24,0.99,0.98,0.96,0.93,0.87,0.62,0.18,inferred
Forest of Dean,2021-05-25,1.00,1.00,1.00,0.99,0.99,0.90,0.52,inferred
Forest of Dean,2021-05-26,1.00,1.00,1.00,0.99,0.99,0.90,0.52,inferred
Forest of Dean,2021-05-27,1.00,1.00,1.00,0.99,0.99,0.90,0.52,inferred
Forest of Dean,2021-05-28,1.00,1.00,1.00,0.99,0.99,0.90,0.52,inferred
Forest of Dean,2021-05-29,1.00,1.00,1.00,0.99,0.99,0.90,0.52,inferred
Forest of Dean,2021-05-30,1.00,1.00,1.00,0.99,0.99,0.90,0.52,inferred
Forest of Dean,2021-05-31,1.00,1.00,1.00,0.99,0.99,0.90,0.52,inferred
Forest of Dean,2021-06-01,1.00,1.00,0.99,0.96,0.90,0.58,0.12,inferred
Forest of Dean,2021-06-02,1.00,1.00,0.99,0.96,0.90,0.58,0.12,inferred
Forest of Dean,2021-06-03,1.00,1.00,0.99,0.96,0.90,0.58,0.12,inferred
Forest of Dean,2021-06-04,1.00,1.00,0.99,0.96,0.90,0.58,0.12,inferred
Forest of Dean,2021-06-05,1.00,1.00,0.99,0.96,0.90,0.58,0.12,inferred
Forest of Dean,2021-06-06,1.00,1.00,0.99,0.96,0.90,0.58,0.12,inferred
Forest of Dean,2021-06-07,1.00,1.00,0.99,0.96,0.90,0.58,0.12,inferred
Forest of Dean,2021-06-08,1.00,0.98,0.94,0.86,0.76,0.35,0.03,inferred
Forest of Dean,2021-06-09,1.00,0.98,0.94,0.86,0.76,0.35,0.03,inferred
Forest of Dean,2021-06-10,1.00,0.98,0.94,0.86,0.76,0.35,0.03,inferred
Forest of Dean,2021-06-11,1.00,0.98,0.94,0.86,0.76,0.35,0.03,inferred
Forest of Dean,2021-06-12,1.00,0.98,0.94,0.86,0.76,0.35,0.03,inferred
Forest of Dean,2021-06-13,1.00,0.98,0.94,0.86,0.76,0.35,0.03,inferred
Forest of Dean,2021-06-14,1.00,0.98,0.94,0.86,0.76,0.35,0.03,inferred
Forest of Dean,2021-06-15,1.00,0.99,0.94,0.86,0.73,0.21,0.00,inferred
Forest of Dean,2021-06-16,1.00,0.99,0.94,0.86,0.73,0.21,0.00,inferred
Forest of Dean,2021-06-17,1.00,0.99,0.94,0.86,0.73,0.21,0.00,inferred
Forest of Dean,2021-06-18,1.00,0.99,0.94,0.86,0.73,0.21,0.00,inferred
Forest of Dean,2021-06-19,1.00,0.99,0.94,0.86,0.73,0.21,0.00,inferred
Forest of Dean,2021-06-20,1.00,0.99,0.94,0.86,0.73,0.21,0.00,inferred
Forest of Dean,2021-06-21,1.00,0.99,0.94,0.86,0.73,0.21,0.00,inferred
Forest of Dean,2021-06-22,1.00,1.00,1.00,1.00,1.00,0.88,0.24,inferred
Forest of Dean,2021-06-23,1.00,1.00,1.00,1.00,1.00,0.88,0.24,inferred
Forest of Dean,2021-06-24,1.00,1.00,1.00,1.00,1.00,0.88,0.24,inferred
Forest of Dean,2021-06-25,1.00,1.00,1.00,1.00,1.00,0.88,0.24,inferred
Forest of Dean,2021-06-26,1.00,1.00,1.00,1.00,1.00,0.88,0.24,inferred
Forest of Dean,2021-06-27,1.00,1.00,1.00,1.00,1.00,0.88,0.24,inferred
Forest of Dean,2021-06-28,1.00,1.00,1.00,1.00,1.00,0.88,0.24,inferred
Forest of Dean,2021-06-29,0.99,0.97,0.93,0.86,0.76,0.42,0.09,inferred
Forest of Dean,2021-06-30,0.99,0.97,0.93,0.86,0.76,0.42,0.09,inferred
Forest of Dean,2021-07-01,0.99,0.97,0.93,0.86,0.76,0.42,0.09,inferred
Forest of Dean,2021-07-02,0.99,0.97,0.93,0.86,0.76,0.42,0.09,inferred
Forest of Dean,2021-07-03,0.99,0.97,0.93,0.86,0.76,0.42,0.09,inferred
Forest of Dean,2021-07-04,0.99,0.97,0.93,0.86,0.76,0.42,0.09,inferred
Forest of Dean,2021-07-05,0.99,0.97,0.93,0.86,0.76,0.42,0.09,inferred
Forest of Dean,2021-07-06,0.94,0.88,0.81,0.73,0.64,0.40,0.15,projected
Forest of Dean,2021-07-07,0.94,0.88,0.81,0.73,0.64,0.40,0.15,projected
Forest of Dean,2021-07-08,0.94,0.88,0.81,0.73,0.64,0.40,0.15,projected
Forest of Dean,2021-07-09,0.94,0.88,0.81,0.73,0.64,0.40,0.15,projected
Forest of Dean,2021-07-10,0.94,0.88,0.81,0.73,0.64,0.40,0.15,projected
Forest of Dean,2021-07-11,0.94,0.88,0.81,0.73,0.64,0.40,0.15,projected
Forest of Dean,2021-07-12,0.94,0.88,0.81,0.73,0.64,0.40,0.15,projected
Forest of Dean,2021-07-13,0.91,0.85,0.78,0.71,0.63,0.41,0.19,projected
Forest of Dean,2021-07-14,0.91,0.85,0.78,0.71,0.63,0.41,0.19,projected
Forest of Dean,2021-07-15,0.91,0.85,0.78,0.71,0.63,0.41,0.19,projected
Forest of Dean,2021-07-16,0.91,0.85,0.78,0.71,0.63,0.41,0.19,projected
Forest of Dean,2021-07-17,0.91,0.85,0.78,0.71,0.63,0.41,0.19,projected
Forest of Dean,2021-07-18,0.91,0.85,0.78,0.71,0.63,0.41,0.19,projected
Forest of Dean,2021-07-19,0.91,0.85,0.78,0.71,0.63,0.41,0.19,projected
Forest of Dean,2021-07-20,0.89,0.83,0.77,0.70,0.63,0.44,0.20,projected
Forest of Dean,2021-07-21,0.89,0.83,0.77,0.70,0.63,0.44,0.20,projected
Forest of Dean,2021-07-22,0.89,0.83,0.77,0.70,0.63,0.44,0.20,projected
Forest of Dean,2021-07-23,0.89,0.83,0.77,0.70,0.63,0.44,0.20,projected
Forest of Dean,2021-07-24,0.89,0.83,0.77,0.70,0.63,0.44,0.20,projected
Forest of Dean,2021-07-25,0.89,0.83,0.77,0.70,0.63,0.44,0.20,projected
Forest of Dean,2021-07-26,0.89,0.83,0.77,0.70,0.63,0.44,0.20,projected
Forth Valley,2021-03-23,0.94,0.78,0.48,0.19,0.05,0.00,0.00,inferred
Forth Valley,2021-03-24,0.94,0.78,0.48,0.19,0.05,0.00,0.00,inferred
Forth Valley,2021-03-25,0.94,0.78,0.48,0.19,0.05,0.00,0.00,inferred
Forth Valley,2021-03-26,0.94,0.78,0.48,0.19,0.05,0.00,0.00,inferred
Forth Valley,2021-03-27,0.94,0.78,0.48,0.19,0.05,0.00,0.00,inferred
Forth Valley,2021-03-28,0.94,0.78,0.48,0.19,0.05,0.00,0.00,inferred
Forth Valley,2021-03-29,0.94,0.78,0.48,0.19,0.05,0.00,0.00,inferred
Forth Valley,2021-03-30,0.04,0.01,0.00,0.00,0.00,0.00,0.00,inferred
Forth Valley,2021-03-31,0.04,0.01,0.00,0.00,0.00,0.00,0.00,inferred
Forth Valley,2021-04-01,0.04,0.01,0.00,0.00,0.00,0.00,0.00,inferred
Forth Valley,2021-04-02,0.04,0.01,0.00,0.00,0.00,0.00,0.00,inferred
Forth Valley,2021-04-03,0.04,0.01,0.00,0.00,0.00,0.00,0.00,inferred
Forth Valley,2021-04-04,0.04,0.01,0.00,0.00,0.00,0.00,0.00,inferred
Forth Valley,2021-04-05,0.04,0.01,0.00,0.00,0.00,0.00,0.00,inferred
Forth Valley,2021-04-06,0.04,0.01,0.00,0.00,0.00,0.00,0.00,inferred
Forth Valley,2021-04-07,0.04,0.01,0.00,0.00,0.00,0.00,0.00,inferred
Forth Valley,2021-04-08,0.04,0.01,0.00,0.00,0.00,0.00,0.00,inferred
Forth Valley,2021-04-09,0.04,0.01,0.00,0.00,0.00,0.00,0.00,inferred
Forth Valley,2021-04-10,0.04,0.01,0.00,0.00,0.00,0.00,0.00,inferred
Forth Valley,2021-04-11,0.04,0.01,0.00,0.00,0.00,0.00,0.00,inferred
Forth Valley,2021-04-12,0.04,0.01,0.00,0.00,0.00,0.00,0.00,inferred
Forth Valley,2021-04-13,0.15,0.05,0.02,0.00,0.00,0.00,0.00,inferred
Forth Valley,2021-04-14,0.15,0.05,0.02,0.00,0.00,0.00,0.00,inferred
Forth Valley,2021-04-15,0.15,0.05,0.02,0.00,0.00,0.00,0.00,inferred
Forth Valley,2021-04-16,0.15,0.05,0.02,0.00,0.00,0.00,0.00,inferred
Forth Valley,2021-04-17,0.15,0.05,0.02,0.00,0.00,0.00,0.00,inferred
Forth Valley,2021-04-18,0.15,0.05,0.02,0.00,0.00,0.00,0.00,inferred
Forth Valley,2021-04-19,0.15,0.05,0.02,0.00,0.00,0.00,0.00,inferred
Forth Valley,2021-04-20,0.39,0.21,0.10,0.03,0.01,0.00,0.00,inferred
Forth Valley,2021-04-21,0.39,0.21,0.10,0.03,0.01,0.00,0.00,inferred
Forth Valley,2021-04-22,0.39,0.21,0.10,0.03,0.01,0.00,0.00,inferred
Forth Valley,2021-04-23,0.39,0.21,0.10,0.03,0.01,0.00,0.00,inferred
Forth Valley,2021-04-24,0.39,0.21,0.10,0.03,0.01,0.00,0.00,inferred
Forth Valley,2021-04-25,0.39,0.21,0.10,0.03,0.01,0.00,0.00,inferred
Forth Valley,2021-04-26,0.39,0.21,0.10,0.03,0.01,0.00,0.00,inferred
Forth Valley,2021-04-27,0.91,0.79,0.63,0.45,0.29,0.03,0.00,inferred
Forth Valley,2021-04-28,0.91,0.79,0.63,0.45,0.29,0.03,0.00,inferred
Forth Valley,2021-04-29,0.91,0.79,0.63,0.45,0.29,0.03,0.00,inferred
Forth Valley,2021-04-30,0.91,0.79,0.63,0.45,0.29,0.03,0.00,inferred
Forth Valley,2021-05-01,0.91,0.79,0.63,0.45,0.29,0.03,0.00,inferred
Forth Valley,2021-05-02,0.91,0.79,0.63,0.45,0.29,0.03,0.00,inferred
Forth Valley,2021-05-03,0.91,0.79,0.63,0.45,0.29,0.03,0.00,inferred
Forth Valley,2021-05-04,0.97,0.89,0.77,0.62,0.45,0.09,0.00,inferred
Forth Valley,2021-05-05,0.97,0.89,0.77,0.62,0.45,0.09,0.00,inferred
Forth Valley,2021-05-06,0.97,0.89,0.77,0.62,0.45,0.09,0.00,inferred
Forth Valley,2021-05-07,0.97,0.89,0.77,0.62,0.45,0.09,0.00,inferred
Forth Valley,2021-05-08,0.97,0.89,0.77,0.62,0.45,0.09,0.00,inferred
Forth Valley,2021-05-09,0.97,0.89,0.77,0.62,0.45,0.09,0.00,inferred
Forth Valley,2021-05-10,0.97,0.89,0.77,0.62,0.45,0.09,0.00,inferred
Forth Valley,2021-05-11,1.00,1.00,1.00,0.99,0.95,0.69,0.15,inferred
Forth Valley,2021-05-12,1.00,1.00,1.00,0.99,0.95,0.69,0.15,inferred
Forth Valley,2021-05-13,1.00,1.00,1.00,0.99,0.95,0.69,0.15,inferred
Forth Valley,2021-05-14,1.00,1.00,1.00,0.99,0.95,0.69,0.15,inferred
Forth Valley,2021-05-15,1.00,1.00,1.00,0.99,0.95,0.69,0.15,inferred
Forth Valley,2021-05-16,1.00,1.00,1.00,0.99,0.95,0.69,0.15,inferred
Forth Valley,2021-05-17,1.00,1.00,1.00,0.99,0.95,0.69,0.15,inferred
Forth Valley,2021-05-18,0.99,0.96,0.88,0.74,0.57,0.14,0.00,inferred
Forth Valley,2021-05-19,0.99,0.96,0.88,0.74,0.57,0.14,0.00,inferred
Forth Valley,2021-05-20,0.99,0.96,0.88,0.74,0.57,0.14,0.00,inferred
Forth Valley,2021-05-21,0.99,0.96,0.88,0.74,0.57,0.14,0.00,inferred
Forth Valley,2021-05-22,0.99,0.96,0.88,0.74,0.57,0.14,0.00,inferred
Forth Valley,2021-05-23,0.99,0.96,0.88,0.74,0.57,0.14,0.00,inferred
Forth Valley,2021-05-24,0.99,0.96,0.88,0.74,0.57,0.14,0.00,inferred
Forth Valley,2021-05-25,1.00,0.99,0.98,0.93,0.84,0.35,0.02,inferred
Forth Valley,2021-05-26,1.00,0.99,0.98,0.93,0.84,0.35,0.02,inferred
Forth Valley,2021-05-27,1.00,0.99,0.98,0.93,0.84,0.35,0.02,inferred
Forth Valley,2021-05-28,1.00,0.99,0.98,0.93,0.84,0.35,0.02,inferred
Forth Valley,2021-05-29,1.00,0.99,0.98,0.93,0.84,0.35,0.02,inferred
Forth Valley,2021-05-30,1.00,0.99,0.98,0.93,0.84,0.35,0.02,inferred
Forth Valley,2021-05-31,1.00,0.99,0.98,0.93,0.84,0.35,0.02,inferred
Forth Valley,2021-06-01,0.85,0.65,0.40,0.20,0.08,0.00,0.00,inferred
Forth Valley,2021-06-02,0.85,0.65,0.40,0.20,0.08,0.00,0.00,inferred
Forth Valley,2021-06-03,0.85,0.65,0.40,0.20,0.08,0.00,0.00,inferred
Forth Valley,2021-06-04,0.85,0.65,0.40,0.20,0.08,0.00,0.00,inferred
Forth Valley,2021-06-05,0.85,0.65,0.40,0.20,0.08,0.00,0.00,inferred
Forth Valley,2021-06-06,0.85,0.65,0.40,0.20,0.08,0.00,0.00,inferred
Forth Valley,2021-06-07,0.85,0.65,0.40,0.20,0.08,0.00,0.00,inferred
Forth Valley,2021-06-08,1.00,0.99,0.94,0.83,0.63,0.11,0.00,inferred
Forth Valley,2021-06-09,1.00,0.99,0.94,0.83,0.63,0.11,0.00,inferred
Forth Valley,2021-06-10,1.00,0.99,0.94,0.83,0.63,0.11,0.00,inferred
Forth Valley,2021-06-11,1.00,0.99,0.94,0.83,0.63,0.11,0.00,inferred
Forth Valley,2021-06-12,1.00,0.99,0.94,0.83,0.63,0.11,0.00,inferred
Forth Valley,2021-06-13,1.00,0.99,0.94,0.83,0.63,0.11,0.00,inferred
Forth Valley,2021-06-14,1.00,0.99,0.94,0.83,0.63,0.11,0.00,inferred
Forth Valley,2021-06-15,1.00,1.00,1.00,1.00,1.00,1.00,0.83,inferred
Forth Valley,2021-06-16,1.00,1.00,1.00,1.00,1.00,1.00,0.83,inferred
Forth Valley,2021-06-17,1.00,1.00,1.00,1.00,1.00,1.00,0.83,inferred
Forth Valley,2021-06-18,1.00,1.00,1.00,1.00,1.00,1.00,0.83,inferred
Forth Valley,2021-06-19,1.00,1.00,1.00,1.00,1.00,1.00,0.83,inferred
Forth Valley,2021-06-20,1.00,1.00,1.00,1.00,1.00,1.00,0.83,inferred
Forth Valley,2021-06-21,1.00,1.00,1.00,1.00,1.00,1.00,0.83,inferred
Forth Valley,2021-06-22,1.00,1.00,1.00,0.97,0.90,0.57,0.04,inferred
Forth Valley,2021-06-23,1.00,1.00,1.00,0.97,0.90,0.57,0.04,inferred
Forth Valley,2021-06-24,1.00,1.00,1.00,0.97,0.90,0.57,0.04,inferred
Forth Valley,2021-06-25,1.00,1.00,1.00,0.97,0.90,0.57,0.04,inferred
Forth Valley,2021-06-26,1.00,1.00,1.00,0.97,0.90,0.57,0.04,inferred
Forth Valley,2021-06-27,1.00,1.00,1.00,0.97,0.90,0.57,0.04,inferred
Forth Valley,2021-06-28,1.00,1.00,1.00,0.97,0.90,0.57,0.04,inferred
Forth Valley,2021-06-29,0.07,0.02,0.01,0.00,0.00,0.00,0.00,inferred
Forth Valley,2021-06-30,0.07,0.02,0.01,0.00,0.00,0.00,0.00,inferred
Forth Valley,2021-07-01,0.07,0.02,0.01,0.00,0.00,0.00,0.00,inferred
Forth Valley,2021-07-02,0.07,0.02,0.01,0.00,0.00,0.00,0.00,inferred
Forth Valley,2021-07-03,0.07,0.02,0.01,0.00,0.00,0.00,0.00,inferred
Forth Valley,2021-07-04,0.07,0.02,0.01,0.00,0.00,0.00,0.00,inferred
Forth Valley,2021-07-05,0.07,0.02,0.01,0.00,0.00,0.00,0.00,inferred
Forth Valley,2021-07-06,0.24,0.17,0.12,0.09,0.06,0.02,0.00,projected
Forth Valley,2021-07-07,0.24,0.17,0.12,0.09,0.06,0.02,0.00,projected
Forth Valley,2021-07-08,0.24,0.17,0.12,0.09,0.06,0.02,0.00,projected
Forth Valley,2021-07-09,0.24,0.17,0.12,0.09,0.06,0.02,0.00,projected
Forth Valley,2021-07-10,0.24,0.17,0.12,0.09,0.06,0.02,0.00,projected
Forth Valley,2021-07-11,0.24,0.17,0.12,0.09,0.06,0.02,0.00,projected
Forth Valley,2021-07-12,0.24,0.17,0.12,0.09,0.06,0.02,0.00,projected
Forth Valley,2021-07-13,0.34,0.28,0.21,0.15,0.12,0.06,0.02,projected
Forth Valley,2021-07-14,0.34,0.28,0.21,0.15,0.12,0.06,0.02,projected
Forth Valley,2021-07-15,0.34,0.28,0.21,0.15,0.12,0.06,0.02,projected
Forth Valley,2021-07-16,0.34,0.28,0.21,0.15,0.12,0.06,0.02,projected
Forth Valley,2021-07-17,0.34,0.28,0.21,0.15,0.12,0.06,0.02,projected
Forth Valley,2021-07-18,0.34,0.28,0.21,0.15,0.12,0.06,0.02,projected
Forth Valley,2021-07-19,0.34,0.28,0.21,0.15,0.12,0.06,0.02,projected
Forth Valley,2021-07-20,0.46,0.39,0.33,0.26,0.22,0.12,0.05,projected
Forth Valley,2021-07-21,0.46,0.39,0.33,0.26,0.22,0.12,0.05,projected
Forth Valley,2021-07-22,0.46,0.39,0.33,0.26,0.22,0.12,0.05,projected
Forth Valley,2021-07-23,0.46,0.39,0.33,0.26,0.22,0.12,0.05,projected
Forth Valley,2021-07-24,0.46,0.39,0.33,0.26,0.22,0.12,0.05,projected
Forth Valley,2021-07-25,0.46,0.39,0.33,0.26,0.22,0.12,0.05,projected
Forth Valley,2021-07-26,0.46,0.39,0.33,0.26,0.22,0.12,0.05,projected
Fylde,2021-03-23,0.02,0.00,0.00,0.00,0.00,0.00,0.00,inferred
Fylde,2021-03-24,0.02,0.00,0.00,0.00,0.00,0.00,0.00,inferred
Fylde,2021-03-25,0.02,0.00,0.00,0.00,0.00,0.00,0.00,inferred
Fylde,2021-03-26,0.02,0.00,0.00,0.00,0.00,0.00,0.00,inferred
Fylde,2021-03-27,0.02,0.00,0.00,0.00,0.00,0.00,0.00,inferred
Fylde,2021-03-28,0.02,0.00,0.00,0.00,0.00,0.00,0.00,inferred
Fylde,2021-03-29,0.02,0.00,0.00,0.00,0.00,0.00,0.00,inferred
Fylde,2021-03-30,0.40,0.21,0.10,0.04,0.02,0.00,0.00,inferred
Fylde,2021-03-31,0.40,0.21,0.10,0.04,0.02,0.00,0.00,inferred
Fylde,2021-04-01,0.40,0.21,0.10,0.04,0.02,0.00,0.00,inferred
Fylde,2021-04-02,0.40,0.21,0.10,0.04,0.02,0.00,0.00,inferred
Fylde,2021-04-03,0.40,0.21,0.10,0.04,0.02,0.00,0.00,inferred
Fylde,2021-04-04,0.40,0.21,0.10,0.04,0.02,0.00,0.00,inferred
Fylde,2021-04-05,0.40,0.21,0.10,0.04,0.02,0.00,0.00,inferred
Fylde,2021-04-06,0.22,0.11,0.04,0.02,0.00,0.00,0.00,inferred
Fylde,2021-04-07,0.22,0.11,0.04,0.02,0.00,0.00,0.00,inferred
Fylde,2021-04-08,0.22,0.11,0.04,0.02,0.00,0.00,0.00,inferred
Fylde,2021-04-09,0.22,0.11,0.04,0.02,0.00,0.00,0.00,inferred
Fylde,2021-04-10,0.22,0.11,0.04,0.02,0.00,0.00,0.00,inferred
Fylde,2021-04-11,0.22,0.11,0.04,0.02,0.00,0.00,0.00,inferred
Fylde,2021-04-12,0.22,0.11,0.04,0.02,0.00,0.00,0.00,inferred
Fylde,2021-04-13,0.48,0.33,0.20,0.11,0.06,0.00,0.00,inferred
Fylde,2021-04-14,0.48,0.33,0.20,0.11,0.06,0.00,0.00,inferred
Fylde,2021-04-15,0.48,0.33,0.20,0.11,0.06,0.00,0.00,inferred
Fylde,2021-04-16,0.48,0.33,0.20,0.11,0.06,0.00,0.00,inferred
Fylde,2021-04-17,0.48,0.33,0.20,0.11,0.06,0.00,0.00,inferred
Fylde,2021-04-18,0.48,0.33,0.20,0.11,0.06,0.00,0.00,inferred
Fylde,2021-04-19,0.48,0.33,0.20,0.11,0.06,0.00,0.00,inferred
Fylde,2021-04-20,0.89,0.78,0.66,0.53,0.40,0.13,0.01,inferred
Fylde,2021-04-21,0.89,0.78,0.66,0.53,0.40,0.13,0.01,inferred
Fylde,2021-04-22,0.89,0.78,0.66,0.53,0.40,0.13,0.01,inferred
Fylde,2021-04-23,0.89,0.78,0.66,0.53,0.40,0.13,0.01,inferred
Fylde,2021-04-24,0.89,0.78,0.66,0.53,0.40,0.13,0.01,inferred
Fylde,2021-04-25,0.89,0.78,0.66,0.53,0.40,0.13,0.01,inferred
Fylde,2021-04-26,0.89,0.78,0.66,0.53,0.40,0.13,0.01,inferred
Fylde,2021-04-27,0.99,0.96,0.92,0.85,0.77,0.44,0.07,inferred
Fylde,2021-04-28,0.99,0.96,0.92,0.85,0.77,0.44,0.07,inferred
Fylde,2021-04-29,0.99,0.96,0.92,0.85,0.77,0.44,0.07,inferred
Fylde,2021-04-30,0.99,0.96,0.92,0.85,0.77,0.44,0.07,inferred
Fylde,2021-05-01,0.99,0.96,0.92,0.85,0.77,0.44,0.07,inferred
Fylde,2021-05-02,0.99,0.96,0.92,0.85,0.77,0.44,0.07,inferred
Fylde,2021-05-03,0.99,0.96,0.92,0.85,0.77,0.44,0.07,inferred
Fylde,2021-05-04,0.91,0.82,0.69,0.55,0.41,0.11,0.01,inferred
Fylde,2021-05-05,0.91,0.82,0.69,0.55,0.41,0.11,0.01,inferred
Fylde,2021-05-06,0.91,0.82,0.69,0.55,0.41,0.11,0.01,inferred
Fylde,2021-05-07,0.91,0.82,0.69,0.55,0.41,0.11,0.01,inferred
Fylde,2021-05-08,0.91,0.82,0.69,0.55,0.41,0.11,0.01,inferred
Fylde,2021-05-09,0.91,0.82,0.69,0.55,0.41,0.11,0.01,inferred
Fylde,2021-05-10,0.91,0.82,0.69,0.55,0.41,0.11,0.01,inferred
Fylde,2021-05-11,1.00,1.00,0.99,0.97,0.92,0.66,0.16,inferred
Fylde,2021-05-12,1.00,1.00,0.99,0.97,0.92,0.66,0.16,inferred
Fylde,2021-05-13,1.00,1.00,0.99,0.97,0.92,0.66,0.16,inferred
Fylde,2021-05-14,1.00,1.00,0.99,0.97,0.92,0.66,0.16,inferred
Fylde,2021-05-15,1.00,1.00,0.99,0.97,0.92,0.66,0.16,inferred
Fylde,2021-05-16,1.00,1.00,0.99,0.97,0.92,0.66,0.16,inferred
Fylde,2021-05-17,1.00,1.00,0.99,0.97,0.92,0.66,0.16,inferred
Fylde,2021-05-18,1.00,1.00,1.00,1.00,1.00,0.95,0.62,inferred
Fylde,2021-05-19,1.00,1.00,1.00,1.00,1.00,0.95,0.62,inferred
Fylde,2021-05-20,1.00,1.00,1.00,1.00,1.00,0.95,0.62,inferred
Fylde,2021-05-21,1.00,1.00,1.00,1.00,1.00,0.95,0.62,inferred
Fylde,2021-05-22,1.00,1.00,1.00,1.00,1.00,0.95,0.62,inferred
Fylde,2021-05-23,1.00,1.00,1.00,1.00,1.00,0.95,0.62,inferred
Fylde,2021-05-24,1.00,1.00,1.00,1.00,1.00,0.95,0.62,inferred
Fylde,2021-05-25,1.00,1.00,1.00,1.00,0.99,0.81,0.23,inferred
Fylde,2021-05-26,1.00,1.00,1.00,1.00,0.99,0.81,0.23,inferred
Fylde,2021-05-27,1.00,1.00,1.00,1.00,0.99,0.81,0.23,inferred
Fylde,2021-05-28,1.00,1.00,1.00,1.00,0.99,0.81,0.23,inferred
Fylde,2021-05-29,1.00,1.00,1.00,1.00,0.99,0.81,0.23,inferred
Fylde,2021-05-30,1.00,1.00,1.00,1.00,0.99,0.81,0.23,inferred
Fylde,2021-05-31,1.00,1.00,1.00,1.00,0.99,0.81,0.23,inferred
Fylde,2021-06-01,1.00,1.00,0.99,0.96,0.87,0.38,0.01,inferred
Fylde,2021-06-02,1.00,1.00,0.99,0.96,0.87,0.38,0.01,inferred
Fylde,2021-06-03,1.00,1.00,0.99,0.96,0.87,0.38,0.01,inferred
Fylde,2021-06-04,1.00,1.00,0.99,0.96,0.87,0.38,0.01,inferred
Fylde,2021-06-05,1.00,1.00,0.99,0.96,0.87,0.38,0.01,inferred
Fylde,2021-06-06,1.00,1.00,0.99,0.96,0.87,0.38,0.01,inferred
Fylde,2021-06-07,1.00,1.00,0.99,0.96,0.87,0.38,0.01,inferred
Fylde,2021-06-08,1.00,0.98,0.88,0.67,0.41,0.02,0.00,inferred
Fylde,2021-06-09,1.00,0.98,0.88,0.67,0.41,0.02,0.00,inferred
Fylde,2021-06-10,1.00,0.98,0.88,0.67,0.41,0.02,0.00,inferred
Fylde,2021-06-11,1.00,0.98,0.88,0.67,0.41,0.02,0.00,inferred
Fylde,2021-06-12,1.00,0.98,0.88,0.67,0.41,0.02,0.00,inferred
Fylde,2021-06-13,1.00,0.98,0.88,0.67,0.41,0.02,0.00,inferred
Fylde,2021-06-14,1.00,0.98,0.88,0.67,0.41,0.02,0.00,inferred
Fylde,2021-06-15,1.00,1.00,1.00,1.00,0.98,0.52,0.01,inferred
Fylde,2021-06-16,1.00,1.00,1.00,1.00,0.98,0.52,0.01,inferred
Fylde,2021-06-17,1.00,1.00,1.00,1.00,0.98,0.52,0.01,inferred
Fylde,2021-06-18,1.00,1.00,1.00,1.00,0.98,0.52,0.01,inferred
Fylde,2021-06-19,1.00,1.00,1.00,1.00,0.98,0.52,0.01,inferred
Fylde,2021-06-20,1.00,1.00,1.00,1.00,0.98,0.52,0.01,inferred
Fylde,2021-06-21,1.00,1.00,1.00,1.00,0.98,0.52,0.01,inferred
Fylde,2021-06-22,1.00,1.00,1.00,1.00,0.97,0.52,0.01,inferred
Fylde,2021-06-23,1.00,1.00,1.00,1.00,0.97,0.52,0.01,inferred
Fylde,2021-06-24,1.00,1.00,1.00,1.00,0.97,0.52,0.01,inferred
Fylde,2021-06-25,1.00,1.00,1.00,1.00,0.97,0.52,0.01,inferred
Fylde,2021-06-26,1.00,1.00,1.00,1.00,0.97,0.52,0.01,inferred
Fylde,2021-06-27,1.00,1.00,1.00,1.00,0.97,0.52,0.01,inferred
Fylde,2021-06-28,1.00,1.00,1.00,1.00,0.97,0.52,0.01,inferred
Fylde,2021-06-29,0.99,0.96,0.87,0.73,0.54,0.13,0.00,inferred
Fylde,2021-06-30,0.99,0.96,0.87,0.73,0.54,0.13,0.00,inferred
Fylde,2021-07-01,0.99,0.96,0.87,0.73,0.54,0.13,0.00,inferred
Fylde,2021-07-02,0.99,0.96,0.87,0.73,0.54,0.13,0.00,inferred
Fylde,2021-07-03,0.99,0.96,0.87,0.73,0.54,0.13,0.00,inferred
Fylde,2021-07-04,0.99,0.96,0.87,0.73,0.54,0.13,0.00,inferred
Fylde,2021-07-05,0.99,0.96,0.87,0.73,0.54,0.13,0.00,inferred
Fylde,2021-07-06,0.92,0.83,0.74,0.63,0.50,0.22,0.04,projected
Fylde,2021-07-07,0.92,0.83,0.74,0.63,0.50,0.22,0.04,projected
Fylde,2021-07-08,0.92,0.83,0.74,0.63,0.50,0.22,0.04,projected
Fylde,2021-07-09,0.92,0.83,0.74,0.63,0.50,0.22,0.04,projected
Fylde,2021-07-10,0.92,0.83,0.74,0.63,0.50,0.22,0.04,projected
Fylde,2021-07-11,0.92,0.83,0.74,0.63,0.50,0.22,0.04,projected
Fylde,2021-07-12,0.92,0.83,0.74,0.63,0.50,0.22,0.04,projected
Fylde,2021-07-13,0.87,0.78,0.69,0.58,0.50,0.25,0.07,projected
Fylde,2021-07-14,0.87,0.78,0.69,0.58,0.50,0.25,0.07,projected
Fylde,2021-07-15,0.87,0.78,0.69,0.58,0.50,0.25,0.07,projected
Fylde,2021-07-16,0.87,0.78,0.69,0.58,0.50,0.25,0.07,projected
Fylde,2021-07-17,0.87,0.78,0.69,0.58,0.50,0.25,0.07,projected
Fylde,2021-07-18,0.87,0.78,0.69,0.58,0.50,0.25,0.07,projected
Fylde,2021-07-19,0.87,0.78,0.69,0.58,0.50,0.25,0.07,projected
Fylde,2021-07-20,0.86,0.78,0.67,0.58,0.50,0.29,0.10,projected
Fylde,2021-07-21,0.86,0.78,0.67,0.58,0.50,0.29,0.10,projected
Fylde,2021-07-22,0.86,0.78,0.67,0.58,0.50,0.29,0.10,projected
Fylde,2021-07-23,0.86,0.78,0.67,0.58,0.50,0.29,0.10,projected
Fylde,2021-07-24,0.86,0.78,0.67,0.58,0.50,0.29,0.10,projected
Fylde,2021-07-25,0.86,0.78,0.67,0.58,0.50,0.29,0.10,projected
Fylde,2021-07-26,0.86,0.78,0.67,0.58,0.50,0.29,0.10,projected
Gateshead,2021-03-23,0.09,0.01,0.00,0.00,0.00,0.00,0.00,inferred
Gateshead,2021-03-24,0.09,0.01,0.00,0.00,0.00,0.00,0.00,inferred
Gateshead,2021-03-25,0.09,0.01,0.00,0.00,0.00,0.00,0.00,inferred
Gateshead,2021-03-26,0.09,0.01,0.00,0.00,0.00,0.00,0.00,inferred
Gateshead,2021-03-27,0.09,0.01,0.00,0.00,0.00,0.00,0.00,inferred
Gateshead,2021-03-28,0.09,0.01,0.00,0.00,0.00,0.00,0.00,inferred
Gateshead,2021-03-29,0.09,0.01,0.00,0.00,0.00,0.00,0.00,inferred
Gateshead,2021-03-30,0.05,0.01,0.00,0.00,0.00,0.00,0.00,inferred
Gateshead,2021-03-31,0.05,0.01,0.00,0.00,0.00,0.00,0.00,inferred
Gateshead,2021-04-01,0.05,0.01,0.00,0.00,0.00,0.00,0.00,inferred
Gateshead,2021-04-02,0.05,0.01,0.00,0.00,0.00,0.00,0.00,inferred
Gateshead,2021-04-03,0.05,0.01,0.00,0.00,0.00,0.00,0.00,inferred
Gateshead,2021-04-04,0.05,0.01,0.00,0.00,0.00,0.00,0.00,inferred
Gateshead,2021-04-05,0.05,0.01,0.00,0.00,0.00,0.00,0.00,inferred
Gateshead,2021-04-06,0.22,0.09,0.03,0.00,0.00,0.00,0.00,inferred
Gateshead,2021-04-07,0.22,0.09,0.03,0.00,0.00,0.00,0.00,inferred
Gateshead,2021-04-08,0.22,0.09,0.03,0.00,0.00,0.00,0.00,inferred
Gateshead,2021-04-09,0.22,0.09,0.03,0.00,0.00,0.00,0.00,inferred
Gateshead,2021-04-10,0.22,0.09,0.03,0.00,0.00,0.00,0.00,inferred
Gateshead,2021-04-11,0.22,0.09,0.03,0.00,0.00,0.00,0.00,inferred
Gateshead,2021-04-12,0.22,0.09,0.03,0.00,0.00,0.00,0.00,inferred
Gateshead,2021-04-13,0.51,0.28,0.13,0.05,0.02,0.00,0.00,inferred
Gateshead,2021-04-14,0.51,0.28,0.13,0.05,0.02,0.00,0.00,inferred
Gateshead,2021-04-15,0.51,0.28,0.13,0.05,0.02,0.00,0.00,inferred
Gateshead,2021-04-16,0.51,0.28,0.13,0.05,0.02,0.00,0.00,inferred
Gateshead,2021-04-17,0.51,0.28,0.13,0.05,0.02,0.00,0.00,inferred
Gateshead,2021-04-18,0.51,0.28,0.13,0.05,0.02,0.00,0.00,inferred
Gateshead,2021-04-19,0.51,0.28,0.13,0.05,0.02,0.00,0.00,inferred
Gateshead,2021-04-20,0.55,0.32,0.16,0.08,0.02,0.00,0.00,inferred
Gateshead,2021-04-21,0.55,0.32,0.16,0.08,0.02,0.00,0.00,inferred
Gateshead,2021-04-22,0.55,0.32,0.16,0.08,0.02,0.00,0.00,inferred
Gateshead,2021-04-23,0.55,0.32,0.16,0.08,0.02,0.00,0.00,inferred
Gateshead,2021-04-24,0.55,0.32,0.16,0.08,0.02,0.00,0.00,inferred
Gateshead,2021-04-25,0.55,0.32,0.16,0.08,0.02,0.00,0.00,inferred
Gateshead,2021-04-26,0.55,0.32,0.16,0.08,0.02,0.00,0.00,inferred
Gateshead,2021-04-27,0.91,0.80,0.63,0.44,0.28,0.03,0.00,inferred
Gateshead,2021-04-28,0.91,0.80,0.63,0.44,0.28,0.03,0.00,inferred
Gateshead,2021-04-29,0.91,0.80,0.63,0.44,0.28,0.03,0.00,inferred
Gateshead,2021-04-30,0.91,0.80,0.63,0.44,0.28,0.03,0.00,inferred
Gateshead,2021-05-01,0.91,0.80,0.63,0.44,0.28,0.03,0.00,inferred
Gateshead,2021-05-02,0.91,0.80,0.63,0.44,0.28,0.03,0.00,inferred
Gateshead,2021-05-03,0.91,0.80,0.63,0.44,0.28,0.03,0.00,inferred
Gateshead,2021-05-04,0.98,0.94,0.84,0.71,0.53,0.12,0.00,inferred
Gateshead,2021-05-05,0.98,0.94,0.84,0.71,0.53,0.12,0.00,inferred
Gateshead,2021-05-06,0.98,0.94,0.84,0.71,0.53,0.12,0.00,inferred
Gateshead,2021-05-07,0.98,0.94,0.84,0.71,0.53,0.12,0.00,inferred
Gateshead,2021-05-08,0.98,0.94,0.84,0.71,0.53,0.12,0.00,inferred
Gateshead,2021-05-09,0.98,0.94,0.84,0.71,0.53,0.12,0.00,inferred
Gateshead,2021-05-10,0.98,0.94,0.84,0.71,0.53,0.12,0.00,inferred
Gateshead,2021-05-11,1.00,0.97,0.94,0.84,0.70,0.22,0.00,inferred
Gateshead,2021-05-12,1.00,0.97,0.94,0.84,0.70,0.22,0.00,inferred
Gateshead,2021-05-13,1.00,0.97,0.94,0.84,0.70,0.22,0.00,inferred
Gateshead,2021-05-14,1.00,0.97,0.94,0.84,0.70,0.22,0.00,inferred
Gateshead,2021-05-15,1.00,0.97,0.94,0.84,0.70,0.22,0.00,inferred
Gateshead,2021-05-16,1.00,0.97,0.94,0.84,0.70,0.22,0.00,inferred
Gateshead,2021-05-17,1.00,0.97,0.94,0.84,0.70,0.22,0.00,inferred
Gateshead,2021-05-18,1.00,1.00,1.00,1.00,0.97,0.69,0.08,inferred
Gateshead,2021-05-19,1.00,1.00,1.00,1.00,0.97,0.69,0.08,inferred
Gateshead,2021-05-20,1.00,1.00,1.00,1.00,0.97,0.69,0.08,inferred
Gateshead,2021-05-21,1.00,1.00,1.00,1.00,0.97,0.69,0.08,inferred
Gateshead,2021-05-22,1.00,1.00,1.00,1.00,0.97,0.69,0.08,inferred
Gateshead,2021-05-23,1.00,1.00,1.00,1.00,0.97,0.69,0.08,inferred
Gateshead,2021-05-24,1.00,1.00,1.00,1.00,0.97,0.69,0.08,inferred
Gateshead,2021-05-25,1.00,1.00,1.00,1.00,0.99,0.79,0.15,inferred
Gateshead,2021-05-26,1.00,1.00,1.00,1.00,0.99,0.79,0.15,inferred
Gateshead,2021-05-27,1.00,1.00,1.00,1.00,0.99,0.79,0.15,inferred
Gateshead,2021-05-28,1.00,1.00,1.00,1.00,0.99,0.79,0.15,inferred
Gateshead,2021-05-29,1.00,1.00,1.00,1.00,0.99,0.79,0.15,inferred
Gateshead,2021-05-30,1.00,1.00,1.00,1.00,0.99,0.79,0.15,inferred
Gateshead,2021-05-31,1.00,1.00,1.00,1.00,0.99,0.79,0.15,inferred
Gateshead,2021-06-01,1.00,1.00,1.00,1.00,0.99,0.74,0.08,inferred
Gateshead,2021-06-02,1.00,1.00,1.00,1.00,0.99,0.74,0.08,inferred
Gateshead,2021-06-03,1.00,1.00,1.00,1.00,0.99,0.74,0.08,inferred
Gateshead,2021-06-04,1.00,1.00,1.00,1.00,0.99,0.74,0.08,inferred
Gateshead,2021-06-05,1.00,1.00,1.00,1.00,0.99,0.74,0.08,inferred
Gateshead,2021-06-06,1.00,1.00,1.00,1.00,0.99,0.74,0.08,inferred
Gateshead,2021-06-07,1.00,1.00,1.00,1.00,0.99,0.74,0.08,inferred
Gateshead,2021-06-08,1.00,1.00,1.00,1.00,1.00,0.99,0.62,inferred
Gateshead,2021-06-09,1.00,1.00,1.00,1.00,1.00,0.99,0.62,inferred
Gateshead,2021-06-10,1.00,1.00,1.00,1.00,1.00,0.99,0.62,inferred
Gateshead,2021-06-11,1.00,1.00,1.00,1.00,1.00,0.99,0.62,inferred
Gateshead,2021-06-12,1.00,1.00,1.00,1.00,1.00,0.99,0.62,inferred
Gateshead,2021-06-13,1.00,1.00,1.00,1.00,1.00,0.99,0.62,inferred
Gateshead,2021-06-14,1.00,1.00,1.00,1.00,1.00,0.99,0.62,inferred
Gateshead,2021-06-15,1.00,1.00,1.00,1.00,1.00,1.00,0.89,inferred
Gateshead,2021-06-16,1.00,1.00,1.00,1.00,1.00,1.00,0.89,inferred
Gateshead,2021-06-17,1.00,1.00,1.00,1.00,1.00,1.00,0.89,inferred
Gateshead,2021-06-18,1.00,1.00,1.00,1.00,1.00,1.00,0.89,inferred
Gateshead,2021-06-19,1.00,1.00,1.00,1.00,1.00,1.00,0.89,inferred
Gateshead,2021-06-20,1.00,1.00,1.00,1.00,1.00,1.00,0.89,inferred
Gateshead,2021-06-21,1.00,1.00,1.00,1.00,1.00,1.00,0.89,inferred
Gateshead,2021-06-22,1.00,1.00,1.00,1.00,1.00,0.95,0.53,inferred
Gateshead,2021-06-23,1.00,1.00,1.00,1.00,1.00,0.95,0.53,inferred
Gateshead,2021-06-24,1.00,1.00,1.00,1.00,1.00,0.95,0.53,inferred
Gateshead,2021-06-25,1.00,1.00,1.00,1.00,1.00,0.95,0.53,inferred
Gateshead,2021-06-26,1.00,1.00,1.00,1.00,1.00,0.95,0.53,inferred
Gateshead,2021-06-27,1.00,1.00,1.00,1.00,1.00,0.95,0.53,inferred
Gateshead,2021-06-28,1.00,1.00,1.00,1.00,1.00,0.95,0.53,inferred
Gateshead,2021-06-29,1.00,0.99,0.97,0.88,0.69,0.15,0.00,inferred
Gateshead,2021-06-30,1.00,0.99,0.97,0.88,0.69,0.15,0.00,inferred
Gateshead,2021-07-01,1.00,0.99,0.97,0.88,0.69,0.15,0.00,inferred
Gateshead,2021-07-02,1.00,0.99,0.97,0.88,0.69,0.15,0.00,inferred
Gateshead,2021-07-03,1.00,0.99,0.97,0.88,0.69,0.15,0.00,inferred
Gateshead,2021-07-04,1.00,0.99,0.97,0.88,0.69,0.15,0.00,inferred
Gateshead,2021-07-05,1.00,0.99,0.97,0.88,0.69,0.15,0.00,inferred
Gateshead,2021-07-06,0.97,0.92,0.82,0.71,0.58,0.28,0.05,projected
Gateshead,2021-07-07,0.97,0.92,0.82,0.71,0.58,0.28,0.05,projected
Gateshead,2021-07-08,0.97,0.92,0.82,0.71,0.58,0.28,0.05,projected
Gateshead,2021-07-09,0.97,0.92,0.82,0.71,0.58,0.28,0.05,projected
Gateshead,2021-07-10,0.97,0.92,0.82,0.71,0.58,0.28,0.05,projected
Gateshead,2021-07-11,0.97,0.92,0.82,0.71,0.58,0.28,0.05,projected
Gateshead,2021-07-12,0.97,0.92,0.82,0.71,0.58,0.28,0.05,projected
Gateshead,2021-07-13,0.93,0.87,0.80,0.70,0.60,0.30,0.09,projected
Gateshead,2021-07-14,0.93,0.87,0.80,0.70,0.60,0.30,0.09,projected
Gateshead,2021-07-15,0.93,0.87,0.80,0.70,0.60,0.30,0.09,projected
Gateshead,2021-07-16,0.93,0.87,0.80,0.70,0.60,0.30,0.09,projected
Gateshead,2021-07-17,0.93,0.87,0.80,0.70,0.60,0.30,0.09,projected
Gateshead,2021-07-18,0.93,0.87,0.80,0.70,0.60,0.30,0.09,projected
Gateshead,2021-07-19,0.93,0.87,0.80,0.70,0.60,0.30,0.09,projected
Gateshead,2021-07-20,0.93,0.87,0.80,0.72,0.62,0.36,0.12,projected
Gateshead,2021-07-21,0.93,0.87,0.80,0.72,0.62,0.36,0.12,projected
Gateshead,2021-07-22,0.93,0.87,0.80,0.72,0.62,0.36,0.12,projected
Gateshead,2021-07-23,0.93,0.87,0.80,0.72,0.62,0.36,0.12,projected
Gateshead,2021-07-24,0.93,0.87,0.80,0.72,0.62,0.36,0.12,projected
Gateshead,2021-07-25,0.93,0.87,0.80,0.72,0.62,0.36,0.12,projected
Gateshead,2021-07-26,0.93,0.87,0.80,0.72,0.62,0.36,0.12,projected
Gedling,2021-03-23,0.37,0.11,0.01,0.00,0.00,0.00,0.00,inferred
Gedling,2021-03-24,0.37,0.11,0.01,0.00,0.00,0.00,0.00,inferred
Gedling,2021-03-25,0.37,0.11,0.01,0.00,0.00,0.00,0.00,inferred
Gedling,2021-03-26,0.37,0.11,0.01,0.00,0.00,0.00,0.00,inferred
Gedling,2021-03-27,0.37,0.11,0.01,0.00,0.00,0.00,0.00,inferred
Gedling,2021-03-28,0.37,0.11,0.01,0.00,0.00,0.00,0.00,inferred
Gedling,2021-03-29,0.37,0.11,0.01,0.00,0.00,0.00,0.00,inferred
Gedling,2021-03-30,0.22,0.06,0.01,0.00,0.00,0.00,0.00,inferred
Gedling,2021-03-31,0.22,0.06,0.01,0.00,0.00,0.00,0.00,inferred
Gedling,2021-04-01,0.22,0.06,0.01,0.00,0.00,0.00,0.00,inferred
Gedling,2021-04-02,0.22,0.06,0.01,0.00,0.00,0.00,0.00,inferred
Gedling,2021-04-03,0.22,0.06,0.01,0.00,0.00,0.00,0.00,inferred
Gedling,2021-04-04,0.22,0.06,0.01,0.00,0.00,0.00,0.00,inferred
Gedling,2021-04-05,0.22,0.06,0.01,0.00,0.00,0.00,0.00,inferred
Gedling,2021-04-06,0.04,0.01,0.00,0.00,0.00,0.00,0.00,inferred
Gedling,2021-04-07,0.04,0.01,0.00,0.00,0.00,0.00,0.00,inferred
Gedling,2021-04-08,0.04,0.01,0.00,0.00,0.00,0.00,0.00,inferred
Gedling,2021-04-09,0.04,0.01,0.00,0.00,0.00,0.00,0.00,inferred
Gedling,2021-04-10,0.04,0.01,0.00,0.00,0.00,0.00,0.00,inferred
Gedling,2021-04-11,0.04,0.01,0.00,0.00,0.00,0.00,0.00,inferred
Gedling,2021-04-12,0.04,0.01,0.00,0.00,0.00,0.00,0.00,inferred
Gedling,2021-04-13,0.35,0.19,0.09,0.03,0.01,0.00,0.00,inferred
Gedling,2021-04-14,0.35,0.19,0.09,0.03,0.01,0.00,0.00,inferred
Gedling,2021-04-15,0.35,0.19,0.09,0.03,0.01,0.00,0.00,inferred
Gedling,2021-04-16,0.35,0.19,0.09,0.03,0.01,0.00,0.00,inferred
Gedling,2021-04-17,0.35,0.19,0.09,0.03,0.01,0.00,0.00,inferred
Gedling,2021-04-18,0.35,0.19,0.09,0.03,0.01,0.00,0.00,inferred
Gedling,2021-04-19,0.35,0.19,0.09,0.03,0.01,0.00,0.00,inferred
Gedling,2021-04-20,0.87,0.73,0.58,0.41,0.28,0.05,0.00,inferred
Gedling,2021-04-21,0.87,0.73,0.58,0.41,0.28,0.05,0.00,inferred
Gedling,2021-04-22,0.87,0.73,0.58,0.41,0.28,0.05,0.00,inferred
Gedling,2021-04-23,0.87,0.73,0.58,0.41,0.28,0.05,0.00,inferred
Gedling,2021-04-24,0.87,0.73,0.58,0.41,0.28,0.05,0.00,inferred
Gedling,2021-04-25,0.87,0.73,0.58,0.41,0.28,0.05,0.00,inferred
Gedling,2021-04-26,0.87,0.73,0.58,0.41,0.28,0.05,0.00,inferred
Gedling,2021-04-27,1.00,1.00,1.00,0.98,0.94,0.62,0.13,inferred
Gedling,2021-04-28,1.00,1.00,1.00,0.98,0.94,0.62,0.13,inferred
Gedling,2021-04-29,1.00,1.00,1.00,0.98,0.94,0.62,0.13,inferred
Gedling,2021-04-30,1.00,1.00,1.00,0.98,0.94,0.62,0.13,inferred
Gedling,2021-05-01,1.00,1.00,1.00,0.98,0.94,0.62,0.13,inferred
Gedling,2021-05-02,1.00,1.00,1.00,0.98,0.94,0.62,0.13,inferred
Gedling,2021-05-03,1.00,1.00,1.00,0.98,0.94,0.62,0.13,inferred
Gedling,2021-05-04,0.86,0.71,0.52,0.33,0.17,0.01,0.00,inferred
Gedling,2021-05-05,0.86,0.71,0.52,0.33,0.17,0.01,0.00,inferred
Gedling,2021-05-06,0.86,0.71,0.52,0.33,0.17,0.01,0.00,inferred
Gedling,2021-05-07,0.86,0.71,0.52,0.33,0.17,0.01,0.00,inferred
Gedling,2021-05-08,0.86,0.71,0.52,0.33,0.17,0.01,0.00,inferred
Gedling,2021-05-09,0.86,0.71,0.52,0.33,0.17,0.01,0.00,inferred
Gedling,2021-05-10,0.86,0.71,0.52,0.33,0.17,0.01,0.00,inferred
Gedling,2021-05-11,0.79,0.60,0.37,0.19,0.07,0.00,0.00,inferred
Gedling,2021-05-12,0.79,0.60,0.37,0.19,0.07,0.00,0.00,inferred
Gedling,2021-05-13,0.79,0.60,0.37,0.19,0.07,0.00,0.00,inferred
Gedling,2021-05-14,0.79,0.60,0.37,0.19,0.07,0.00,0.00,inferred
Gedling,2021-05-15,0.79,0.60,0.37,0.19,0.07,0.00,0.00,inferred
Gedling,2021-05-16,0.79,0.60,0.37,0.19,0.07,0.00,0.00,inferred
Gedling,2021-05-17,0.79,0.60,0.37,0.19,0.07,0.00,0.00,inferred
Gedling,2021-05-18,0.76,0.57,0.36,0.19,0.08,0.00,0.00,inferred
Gedling,2021-05-19,0.76,0.57,0.36,0.19,0.08,0.00,0.00,inferred
Gedling,2021-05-20,0.76,0.57,0.36,0.19,0.08,0.00,0.00,inferred
Gedling,2021-05-21,0.76,0.57,0.36,0.19,0.08,0.00,0.00,inferred
Gedling,2021-05-22,0.76,0.57,0.36,0.19,0.08,0.00,0.00,inferred
Gedling,2021-05-23,0.76,0.57,0.36,0.19,0.08,0.00,0.00,inferred
Gedling,2021-05-24,0.76,0.57,0.36,0.19,0.08,0.00,0.00,inferred
Gedling,2021-05-25,1.00,1.00,1.00,0.98,0.94,0.59,0.06,inferred
Gedling,2021-05-26,1.00,1.00,1.00,0.98,0.94,0.59,0.06,inferred
Gedling,2021-05-27,1.00,1.00,1.00,0.98,0.94,0.59,0.06,inferred
Gedling,2021-05-28,1.00,1.00,1.00,0.98,0.94,0.59,0.06,inferred
Gedling,2021-05-29,1.00,1.00,1.00,0.98,0.94,0.59,0.06,inferred
Gedling,2021-05-30,1.00,1.00,1.00,0.98,0.94,0.59,0.06,inferred
Gedling,2021-05-31,1.00,1.00,1.00,0.98,0.94,0.59,0.06,inferred
Gedling,2021-06-01,1.00,1.00,1.00,1.00,0.99,0.80,0.17,inferred
Gedling,2021-06-02,1.00,1.00,1.00,1.00,0.99,0.80,0.17,inferred
Gedling,2021-06-03,1.00,1.00,1.00,1.00,0.99,0.80,0.17,inferred
Gedling,2021-06-04,1.00,1.00,1.00,1.00,0.99,0.80,0.17,inferred
Gedling,2021-06-05,1.00,1.00,1.00,1.00,0.99,0.80,0.17,inferred
Gedling,2021-06-06,1.00,1.00,1.00,1.00,0.99,0.80,0.17,inferred
Gedling,2021-06-07,1.00,1.00,1.00,1.00,0.99,0.80,0.17,inferred
Gedling,2021-06-08,1.00,1.00,1.00,1.00,0.98,0.66,0.05,inferred
Gedling,2021-06-09,1.00,1.00,1.00,1.00,0.98,0.66,0.05,inferred
Gedling,2021-06-10,1.00,1.00,1.00,1.00,0.98,0.66,0.05,inferred
Gedling,2021-06-11,1.00,1.00,1.00,1.00,0.98,0.66,0.05,inferred
Gedling,2021-06-12,1.00,1.00,1.00,1.00,0.98,0.66,0.05,inferred
Gedling,2021-06-13,1.00,1.00,1.00,1.00,0.98,0.66,0.05,inferred
Gedling,2021-06-14,1.00,1.00,1.00,1.00,0.98,0.66,0.05,inferred
Gedling,2021-06-15,1.00,1.00,1.00,1.00,1.00,0.98,0.55,inferred
Gedling,2021-06-16,1.00,1.00,1.00,1.00,1.00,0.98,0.55,inferred
Gedling,2021-06-17,1.00,1.00,1.00,1.00,1.00,0.98,0.55,inferred
Gedling,2021-06-18,1.00,1.00,1.00,1.00,1.00,0.98,0.55,inferred
Gedling,2021-06-19,1.00,1.00,1.00,1.00,1.00,0.98,0.55,inferred
Gedling,2021-06-20,1.00,1.00,1.00,1.00,1.00,0.98,0.55,inferred
Gedling,2021-06-21,1.00,1.00,1.00,1.00,1.00,0.98,0.55,inferred
Gedling,2021-06-22,1.00,1.00,1.00,1.00,1.00,0.96,0.54,inferred
Gedling,2021-06-23,1.00,1.00,1.00,1.00,1.00,0.96,0.54,inferred
Gedling,2021-06-24,1.00,1.00,1.00,1.00,1.00,0.96,0.54,inferred
Gedling,2021-06-25,1.00,1.00,1.00,1.00,1.00,0.96,0.54,inferred
Gedling,2021-06-26,1.00,1.00,1.00,1.00,1.00,0.96,0.54,inferred
Gedling,2021-06-27,1.00,1.00,1.00,1.00,1.00,0.96,0.54,inferred
Gedling,2021-06-28,1.00,1.00,1.00,1.00,1.00,0.96,0.54,inferred
Gedling,2021-06-29,1.00,1.00,1.00,1.00,0.98,0.79,0.21,inferred
Gedling,2021-06-30,1.00,1.00,1.00,1.00,0.98,0.79,0.21,inferred
Gedling,2021-07-01,1.00,1.00,1.00,1.00,0.98,0.79,0.21,inferred
Gedling,2021-07-02,1.00,1.00,1.00,1.00,0.98,0.79,0.21,inferred
Gedling,2021-07-03,1.00,1.00,1.00,1.00,0.98,0.79,0.21,inferred
Gedling,2021-07-04,1.00,1.00,1.00,1.00,0.98,0.79,0.21,inferred
Gedling,2021-07-05,1.00,1.00,1.00,1.00,0.98,0.79,0.21,inferred
Gedling,2021-07-06,0.99,0.98,0.95,0.89,0.83,0.58,0.19,projected
Gedling,2021-07-07,0.99,0.98,0.95,0.89,0.83,0.58,0.19,projected
Gedling,2021-07-08,0.99,0.98,0.95,0.89,0.83,0.58,0.19,projected
Gedling,2021-07-09,0.99,0.98,0.95,0.89,0.83,0.58,0.19,projected
Gedling,2021-07-10,0.99,0.98,0.95,0.89,0.83,0.58,0.19,projected
Gedling,2021-07-11,0.99,0.98,0.95,0.89,0.83,0.58,0.19,projected
Gedling,2021-07-12,0.99,0.98,0.95,0.89,0.83,0.58,0.19,projected
Gedling,2021-07-13,0.97,0.94,0.89,0.82,0.74,0.49,0.19,projected
Gedling,2021-07-14,0.97,0.94,0.89,0.82,0.74,0.49,0.19,projected
Gedling,2021-07-15,0.97,0.94,0.89,0.82,0.74,0.49,0.19,projected
Gedling,2021-07-16,0.97,0.94,0.89,0.82,0.74,0.49,0.19,projected
Gedling,2021-07-17,0.97,0.94,0.89,0.82,0.74,0.49,0.19,projected
Gedling,2021-07-18,0.97,0.94,0.89,0.82,0.74,0.49,0.19,projected
Gedling,2021-07-19,0.97,0.94,0.89,0.82,0.74,0.49,0.19,projected
Gedling,2021-07-20,0.96,0.91,0.84,0.78,0.70,0.47,0.20,projected
Gedling,2021-07-21,0.96,0.91,0.84,0.78,0.70,0.47,0.20,projected
Gedling,2021-07-22,0.96,0.91,0.84,0.78,0.70,0.47,0.20,projected
Gedling,2021-07-23,0.96,0.91,0.84,0.78,0.70,0.47,0.20,projected
Gedling,2021-07-24,0.96,0.91,0.84,0.78,0.70,0.47,0.20,projected
Gedling,2021-07-25,0.96,0.91,0.84,0.78,0.70,0.47,0.20,projected
Gedling,2021-07-26,0.96,0.91,0.84,0.78,0.70,0.47,0.20,projected
Glasgow City,2021-03-23,0.41,0.08,0.01,0.00,0.00,0.00,0.00,inferred
Glasgow City,2021-03-24,0.41,0.08,0.01,0.00,0.00,0.00,0.00,inferred
Glasgow City,2021-03-25,0.41,0.08,0.01,0.00,0.00,0.00,0.00,inferred
Glasgow City,2021-03-26,0.41,0.08,0.01,0.00,0.00,0.00,0.00,inferred
Glasgow City,2021-03-27,0.41,0.08,0.01,0.00,0.00,0.00,0.00,inferred
Glasgow City,2021-03-28,0.41,0.08,0.01,0.00,0.00,0.00,0.00,inferred
Glasgow City,2021-03-29,0.41,0.08,0.01,0.00,0.00,0.00,0.00,inferred
Glasgow City,2021-03-30,0.33,0.10,0.02,0.00,0.00,0.00,0.00,inferred
Glasgow City,2021-03-31,0.33,0.10,0.02,0.00,0.00,0.00,0.00,inferred
Glasgow City,2021-04-01,0.33,0.10,0.02,0.00,0.00,0.00,0.00,inferred
Glasgow City,2021-04-02,0.33,0.10,0.02,0.00,0.00,0.00,0.00,inferred
Glasgow City,2021-04-03,0.33,0.10,0.02,0.00,0.00,0.00,0.00,inferred
Glasgow City,2021-04-04,0.33,0.10,0.02,0.00,0.00,0.00,0.00,inferred
Glasgow City,2021-04-05,0.33,0.10,0.02,0.00,0.00,0.00,0.00,inferred
Glasgow City,2021-04-06,0.65,0.33,0.11,0.02,0.00,0.00,0.00,inferred
Glasgow City,2021-04-07,0.65,0.33,0.11,0.02,0.00,0.00,0.00,inferred
Glasgow City,2021-04-08,0.65,0.33,0.11,0.02,0.00,0.00,0.00,inferred
Glasgow City,2021-04-09,0.65,0.33,0.11,0.02,0.00,0.00,0.00,inferred
Glasgow City,2021-04-10,0.65,0.33,0.11,0.02,0.00,0.00,0.00,inferred
Glasgow City,2021-04-11,0.65,0.33,0.11,0.02,0.00,0.00,0.00,inferred
Glasgow City,2021-04-12,0.65,0.33,0.11,0.02,0.00,0.00,0.00,inferred
Glasgow City,2021-04-13,0.19,0.04,0.00,0.00,0.00,0.00,0.00,inferred
Glasgow City,2021-04-14,0.19,0.04,0.00,0.00,0.00,0.00,0.00,inferred
Glasgow City,2021-04-15,0.19,0.04,0.00,0.00,0.00,0.00,0.00,inferred
Glasgow City,2021-04-16,0.19,0.04,0.00,0.00,0.00,0.00,0.00,inferred
Glasgow City,2021-04-17,0.19,0.04,0.00,0.00,0.00,0.00,0.00,inferred
Glasgow City,2021-04-18,0.19,0.04,0.00,0.00,0.00,0.00,0.00,inferred
Glasgow City,2021-04-19,0.19,0.04,0.00,0.00,0.00,0.00,0.00,inferred
Glasgow City,2021-04-20,0.29,0.09,0.02,0.00,0.00,0.00,0.00,inferred
Glasgow City,2021-04-21,0.29,0.09,0.02,0.00,0.00,0.00,0.00,inferred
Glasgow City,2021-04-22,0.29,0.09,0.02,0.00,0.00,0.00,0.00,inferred
Glasgow City,2021-04-23,0.29,0.09,0.02,0.00,0.00,0.00,0.00,inferred
Glasgow City,2021-04-24,0.29,0.09,0.02,0.00,0.00,0.00,0.00,inferred
Glasgow City,2021-04-25,0.29,0.09,0.02,0.00,0.00,0.00,0.00,inferred
Glasgow City,2021-04-26,0.29,0.09,0.02,0.00,0.00,0.00,0.00,inferred
Glasgow City,2021-04-27,0.99,0.96,0.88,0.74,0.56,0.10,0.00,inferred
Glasgow City,2021-04-28,0.99,0.96,0.88,0.74,0.56,0.10,0.00,inferred
Glasgow City,2021-04-29,0.99,0.96,0.88,0.74,0.56,0.10,0.00,inferred
Glasgow City,2021-04-30,0.99,0.96,0.88,0.74,0.56,0.10,0.00,inferred
Glasgow City,2021-05-01,0.99,0.96,0.88,0.74,0.56,0.10,0.00,inferred
Glasgow City,2021-05-02,0.99,0.96,0.88,0.74,0.56,0.10,0.00,inferred
Glasgow City,2021-05-03,0.99,0.96,0.88,0.74,0.56,0.10,0.00,inferred
Glasgow City,2021-05-04,1.00,1.00,1.00,1.00,1.00,0.95,0.48,inferred
Glasgow City,2021-05-05,1.00,1.00,1.00,1.00,1.00,0.95,0.48,inferred
Glasgow City,2021-05-06,1.00,1.00,1.00,1.00,1.00,0.95,0.48,inferred
Glasgow City,2021-05-07,1.00,1.00,1.00,1.00,1.00,0.95,0.48,inferred
Glasgow City,2021-05-08,1.00,1.00,1.00,1.00,1.00,0.95,0.48,inferred
Glasgow City,2021-05-09,1.00,1.00,1.00,1.00,1.00,0.95,0.48,inferred
Glasgow City,2021-05-10,1.00,1.00,1.00,1.00,1.00,0.95,0.48,inferred
Glasgow City,2021-05-11,1.00,1.00,1.00,0.99,0.97,0.65,0.06,inferred
Glasgow City,2021-05-12,1.00,1.00,1.00,0.99,0.97,0.65,0.06,inferred
Glasgow City,2021-05-13,1.00,1.00,1.00,0.99,0.97,0.65,0.06,inferred
Glasgow City,2021-05-14,1.00,1.00,1.00,0.99,0.97,0.65,0.06,inferred
Glasgow City,2021-05-15,1.00,1.00,1.00,0.99,0.97,0.65,0.06,inferred
Glasgow City,2021-05-16,1.00,1.00,1.00,0.99,0.97,0.65,0.06,inferred
Glasgow City,2021-05-17,1.00,1.00,1.00,0.99,0.97,0.65,0.06,inferred
Glasgow City,2021-05-18,1.00,0.98,0.89,0.65,0.39,0.01,0.00,inferred
Glasgow City,2021-05-19,1.00,0.98,0.89,0.65,0.39,0.01,0.00,inferred
Glasgow City,2021-05-20,1.00,0.98,0.89,0.65,0.39,0.01,0.00,inferred
Glasgow City,2021-05-21,1.00,0.98,0.89,0.65,0.39,0.01,0.00,inferred
Glasgow City,2021-05-22,1.00,0.98,0.89,0.65,0.39,0.01,0.00,inferred
Glasgow City,2021-05-23,1.00,0.98,0.89,0.65,0.39,0.01,0.00,inferred
Glasgow City,2021-05-24,1.00,0.98,0.89,0.65,0.39,0.01,0.00,inferred
Glasgow City,2021-05-25,1.00,0.99,0.90,0.65,0.32,0.00,0.00,inferred
Glasgow City,2021-05-26,1.00,0.99,0.90,0.65,0.32,0.00,0.00,inferred
Glasgow City,2021-05-27,1.00,0.99,0.90,0.65,0.32,0.00,0.00,inferred
Glasgow City,2021-05-28,1.00,0.99,0.90,0.65,0.32,0.00,0.00,inferred
Glasgow City,2021-05-29,1.00,0.99,0.90,0.65,0.32,0.00,0.00,inferred
Glasgow City,2021-05-30,1.00,0.99,0.90,0.65,0.32,0.00,0.00,inferred
Glasgow City,2021-05-31,1.00,0.99,0.90,0.65,0.32,0.00,0.00,inferred
Glasgow City,2021-06-01,1.00,0.95,0.76,0.39,0.15,0.00,0.00,inferred
Glasgow City,2021-06-02,1.00,0.95,0.76,0.39,0.15,0.00,0.00,inferred
Glasgow City,2021-06-03,1.00,0.95,0.76,0.39,0.15,0.00,0.00,inferred
Glasgow City,2021-06-04,1.00,0.95,0.76,0.39,0.15,0.00,0.00,inferred
Glasgow City,2021-06-05,1.00,0.95,0.76,0.39,0.15,0.00,0.00,inferred
Glasgow City,2021-06-06,1.00,0.95,0.76,0.39,0.15,0.00,0.00,inferred
Glasgow City,2021-06-07,1.00,0.95,0.76,0.39,0.15,0.00,0.00,inferred
Glasgow City,2021-06-08,1.00,0.98,0.89,0.60,0.27,0.00,0.00,inferred
Glasgow City,2021-06-09,1.00,0.98,0.89,0.60,0.27,0.00,0.00,inferred
Glasgow City,2021-06-10,1.00,0.98,0.89,0.60,0.27,0.00,0.00,inferred
Glasgow City,2021-06-11,1.00,0.98,0.89,0.60,0.27,0.00,0.00,inferred
Glasgow City,2021-06-12,1.00,0.98,0.89,0.60,0.27,0.00,0.00,inferred
Glasgow City,2021-06-13,1.00,0.98,0.89,0.60,0.27,0.00,0.00,inferred
Glasgow City,2021-06-14,1.00,0.98,0.89,0.60,0.27,0.00,0.00,inferred
Glasgow City,2021-06-15,1.00,1.00,1.00,1.00,1.00,1.00,0.66,inferred
Glasgow City,2021-06-16,1.00,1.00,1.00,1.00,1.00,1.00,0.66,inferred
Glasgow City,2021-06-17,1.00,1.00,1.00,1.00,1.00,1.00,0.66,inferred
Glasgow City,2021-06-18,1.00,1.00,1.00,1.00,1.00,1.00,0.66,inferred
Glasgow City,2021-06-19,1.00,1.00,1.00,1.00,1.00,1.00,0.66,inferred
Glasgow City,2021-06-20,1.00,1.00,1.00,1.00,1.00,1.00,0.66,inferred
Glasgow City,2021-06-21,1.00,1.00,1.00,1.00,1.00,1.00,0.66,inferred
Glasgow City,2021-06-22,1.00,1.00,1.00,1.00,1.00,0.77,0.10,inferred
Glasgow City,2021-06-23,1.00,1.00,1.00,1.00,1.00,0.77,0.10,inferred
Glasgow City,2021-06-24,1.00,1.00,1.00,1.00,1.00,0.77,0.10,inferred
Glasgow City,2021-06-25,1.00,1.00,1.00,1.00,1.00,0.77,0.10,inferred
Glasgow City,2021-06-26,1.00,1.00,1.00,1.00,1.00,0.77,0.10,inferred
Glasgow City,2021-06-27,1.00,1.00,1.00,1.00,1.00,0.77,0.10,inferred
Glasgow City,2021-06-28,1.00,1.00,1.00,1.00,1.00,0.77,0.10,inferred
Glasgow City,2021-06-29,0.10,0.03,0.01,0.00,0.00,0.00,0.00,inferred
Glasgow City,2021-06-30,0.10,0.03,0.01,0.00,0.00,0.00,0.00,inferred
Glasgow City,2021-07-01,0.10,0.03,0.01,0.00,0.00,0.00,0.00,inferred
Glasgow City,2021-07-02,0.10,0.03,0.01,0.00,0.00,0.00,0.00,inferred
Glasgow City,2021-07-03,0.10,0.03,0.01,0.00,0.00,0.00,0.00,inferred
Glasgow City,2021-07-04,0.10,0.03,0.01,0.00,0.00,0.00,0.00,inferred
Glasgow City,2021-07-05,0.10,0.03,0.01,0.00,0.00,0.00,0.00,inferred
Glasgow City,2021-07-06,0.30,0.21,0.15,0.10,0.07,0.03,0.01,projected
Glasgow City,2021-07-07,0.30,0.21,0.15,0.10,0.07,0.03,0.01,projected
Glasgow City,2021-07-08,0.30,0.21,0.15,0.10,0.07,0.03,0.01,projected
Glasgow City,2021-07-09,0.30,0.21,0.15,0.10,0.07,0.03,0.01,projected
Glasgow City,2021-07-10,0.30,0.21,0.15,0.10,0.07,0.03,0.01,projected
Glasgow City,2021-07-11,0.30,0.21,0.15,0.10,0.07,0.03,0.01,projected
Glasgow City,2021-07-12,0.30,0.21,0.15,0.10,0.07,0.03,0.01,projected
Glasgow City,2021-07-13,0.36,0.28,0.22,0.18,0.14,0.07,0.02,projected
Glasgow City,2021-07-14,0.36,0.28,0.22,0.18,0.14,0.07,0.02,projected
Glasgow City,2021-07-15,0.36,0.28,0.22,0.18,0.14,0.07,0.02,projected
Glasgow City,2021-07-16,0.36,0.28,0.22,0.18,0.14,0.07,0.02,projected
Glasgow City,2021-07-17,0.36,0.28,0.22,0.18,0.14,0.07,0.02,projected
Glasgow City,2021-07-18,0.36,0.28,0.22,0.18,0.14,0.07,0.02,projected
Glasgow City,2021-07-19,0.36,0.28,0.22,0.18,0.14,0.07,0.02,projected
Glasgow City,2021-07-20,0.42,0.34,0.30,0.24,0.20,0.12,0.06,projected
Glasgow City,2021-07-21,0.42,0.34,0.30,0.24,0.20,0.12,0.06,projected
Glasgow City,2021-07-22,0.42,0.34,0.30,0.24,0.20,0.12,0.06,projected
Glasgow City,2021-07-23,0.42,0.34,0.30,0.24,0.20,0.12,0.06,projected
Glasgow City,2021-07-24,0.42,0.34,0.30,0.24,0.20,0.12,0.06,projected
Glasgow City,2021-07-25,0.42,0.34,0.30,0.24,0.20,0.12,0.06,projected
Glasgow City,2021-07-26,0.42,0.34,0.30,0.24,0.20,0.12,0.06,projected
Gloucester,2021-03-23,0.48,0.29,0.16,0.08,0.03,0.00,0.00,inferred
Gloucester,2021-03-24,0.48,0.29,0.16,0.08,0.03,0.00,0.00,inferred
Gloucester,2021-03-25,0.48,0.29,0.16,0.08,0.03,0.00,0.00,inferred
Gloucester,2021-03-26,0.48,0.29,0.16,0.08,0.03,0.00,0.00,inferred
Gloucester,2021-03-27,0.48,0.29,0.16,0.08,0.03,0.00,0.00,inferred
Gloucester,2021-03-28,0.48,0.29,0.16,0.08,0.03,0.00,0.00,inferred
Gloucester,2021-03-29,0.48,0.29,0.16,0.08,0.03,0.00,0.00,inferred
Gloucester,2021-03-30,0.87,0.73,0.57,0.40,0.26,0.04,0.00,inferred
Gloucester,2021-03-31,0.87,0.73,0.57,0.40,0.26,0.04,0.00,inferred
Gloucester,2021-04-01,0.87,0.73,0.57,0.40,0.26,0.04,0.00,inferred
Gloucester,2021-04-02,0.87,0.73,0.57,0.40,0.26,0.04,0.00,inferred
Gloucester,2021-04-03,0.87,0.73,0.57,0.40,0.26,0.04,0.00,inferred
Gloucester,2021-04-04,0.87,0.73,0.57,0.40,0.26,0.04,0.00,inferred
Gloucester,2021-04-05,0.87,0.73,0.57,0.40,0.26,0.04,0.00,inferred
Gloucester,2021-04-06,0.84,0.71,0.56,0.40,0.27,0.04,0.00,inferred
Gloucester,2021-04-07,0.84,0.71,0.56,0.40,0.27,0.04,0.00,inferred
Gloucester,2021-04-08,0.84,0.71,0.56,0.40,0.27,0.04,0.00,inferred
Gloucester,2021-04-09,0.84,0.71,0.56,0.40,0.27,0.04,0.00,inferred
Gloucester,2021-04-10,0.84,0.71,0.56,0.40,0.27,0.04,0.00,inferred
Gloucester,2021-04-11,0.84,0.71,0.56,0.40,0.27,0.04,0.00,inferred
Gloucester,2021-04-12,0.84,0.71,0.56,0.40,0.27,0.04,0.00,inferred
Gloucester,2021-04-13,0.79,0.62,0.44,0.28,0.16,0.02,0.00,inferred
Gloucester,2021-04-14,0.79,0.62,0.44,0.28,0.16,0.02,0.00,inferred
Gloucester,2021-04-15,0.79,0.62,0.44,0.28,0.16,0.02,0.00,inferred
Gloucester,2021-04-16,0.79,0.62,0.44,0.28,0.16,0.02,0.00,inferred
Gloucester,2021-04-17,0.79,0.62,0.44,0.28,0.16,0.02,0.00,inferred
Gloucester,2021-04-18,0.79,0.62,0.44,0.28,0.16,0.02,0.00,inferred
Gloucester,2021-04-19,0.79,0.62,0.44,0.28,0.16,0.02,0.00,inferred
Gloucester,2021-04-20,0.27,0.15,0.08,0.03,0.01,0.00,0.00,inferred
Gloucester,2021-04-21,0.27,0.15,0.08,0.03,0.01,0.00,0.00,inferred
Gloucester,2021-04-22,0.27,0.15,0.08,0.03,0.01,0.00,0.00,inferred
Gloucester,2021-04-23,0.27,0.15,0.08,0.03,0.01,0.00,0.00,inferred
Gloucester,2021-04-24,0.27,0.15,0.08,0.03,0.01,0.00,0.00,inferred
Gloucester,2021-04-25,0.27,0.15,0.08,0.03,0.01,0.00,0.00,inferred
Gloucester,2021-04-26,0.27,0.15,0.08,0.03,0.01,0.00,0.00,inferred
Gloucester,2021-04-27,0.45,0.29,0.17,0.10,0.05,0.00,0.00,inferred
Gloucester,2021-04-28,0.45,0.29,0.17,0.10,0.05,0.00,0.00,inferred
Gloucester,2021-04-29,0.45,0.29,0.17,0.10,0.05,0.00,0.00,inferred
Gloucester,2021-04-30,0.45,0.29,0.17,0.10,0.05,0.00,0.00,inferred
Gloucester,2021-05-01,0.45,0.29,0.17,0.10,0.05,0.00,0.00,inferred
Gloucester,2021-05-02,0.45,0.29,0.17,0.10,0.05,0.00,0.00,inferred
Gloucester,2021-05-03,0.45,0.29,0.17,0.10,0.05,0.00,0.00,inferred
Gloucester,2021-05-04,0.93,0.85,0.75,0.62,0.49,0.18,0.02,inferred
Gloucester,2021-05-05,0.93,0.85,0.75,0.62,0.49,0.18,0.02,inferred
Gloucester,2021-05-06,0.93,0.85,0.75,0.62,0.49,0.18,0.02,inferred
Gloucester,2021-05-07,0.93,0.85,0.75,0.62,0.49,0.18,0.02,inferred
Gloucester,2021-05-08,0.93,0.85,0.75,0.62,0.49,0.18,0.02,inferred
Gloucester,2021-05-09,0.93,0.85,0.75,0.62,0.49,0.18,0.02,inferred
Gloucester,2021-05-10,0.93,0.85,0.75,0.62,0.49,0.18,0.02,inferred
Gloucester,2021-05-11,1.00,1.00,0.99,0.99,0.97,0.79,0.30,inferred
Gloucester,2021-05-12,1.00,1.00,0.99,0.99,0.97,0.79,0.30,inferred
Gloucester,2021-05-13,1.00,1.00,0.99,0.99,0.97,0.79,0.30,inferred
Gloucester,2021-05-14,1.00,1.00,0.99,0.99,0.97,0.79,0.30,inferred
Gloucester,2021-05-15,1.00,1.00,0.99,0.99,0.97,0.79,0.30,inferred
Gloucester,2021-05-16,1.00,1.00,0.99,0.99,0.97,0.79,0.30,inferred
Gloucester,2021-05-17,1.00,1.00,0.99,0.99,0.97,0.79,0.30,inferred
Gloucester,2021-05-18,1.00,1.00,1.00,1.00,0.99,0.86,0.37,inferred
Gloucester,2021-05-19,1.00,1.00,1.00,1.00,0.99,0.86,0.37,inferred
Gloucester,2021-05-20,1.00,1.00,1.00,1.00,0.99,0.86,0.37,inferred
Gloucester,2021-05-21,1.00,1.00,1.00,1.00,0.99,0.86,0.37,inferred
Gloucester,2021-05-22,1.00,1.00,1.00,1.00,0.99,0.86,0.37,inferred
Gloucester,2021-05-23,1.00,1.00,1.00,1.00,0.99,0.86,0.37,inferred
Gloucester,2021-05-24,1.00,1.00,1.00,1.00,0.99,0.86,0.37,inferred
Gloucester,2021-05-25,1.00,1.00,1.00,1.00,1.00,0.93,0.59,inferred
Gloucester,2021-05-26,1.00,1.00,1.00,1.00,1.00,0.93,0.59,inferred
Gloucester,2021-05-27,1.00,1.00,1.00,1.00,1.00,0.93,0.59,inferred
Gloucester,2021-05-28,1.00,1.00,1.00,1.00,1.00,0.93,0.59,inferred
Gloucester,2021-05-29,1.00,1.00,1.00,1.00,1.00,0.93,0.59,inferred
Gloucester,2021-05-30,1.00,1.00,1.00,1.00,1.00,0.93,0.59,inferred
Gloucester,2021-05-31,1.00,1.00,1.00,1.00,1.00,0.93,0.59,inferred
Gloucester,2021-06-01,1.00,0.99,0.97,0.91,0.75,0.25,0.01,inferred
Gloucester,2021-06-02,1.00,0.99,0.97,0.91,0.75,0.25,0.01,inferred
Gloucester,2021-06-03,1.00,0.99,0.97,0.91,0.75,0.25,0.01,inferred
Gloucester,2021-06-04,1.00,0.99,0.97,0.91,0.75,0.25,0.01,inferred
Gloucester,2021-06-05,1.00,0.99,0.97,0.91,0.75,0.25,0.01,inferred
Gloucester,2021-06-06,1.00,0.99,0.97,0.91,0.75,0.25,0.01,inferred
Gloucester,2021-06-07,1.00,0.99,0.97,0.91,0.75,0.25,0.01,inferred
Gloucester,2021-06-08,1.00,1.00,1.00,1.00,1.00,0.85,0.17,inferred
Gloucester,2021-06-09,1.00,1.00,1.00,1.00,1.00,0.85,0.17,inferred
Gloucester,2021-06-10,1.00,1.00,1.00,1.00,1.00,0.85,0.17,inferred
Gloucester,2021-06-11,1.00,1.00,1.00,1.00,1.00,0.85,0.17,inferred
Gloucester,2021-06-12,1.00,1.00,1.00,1.00,1.00,0.85,0.17,inferred
Gloucester,2021-06-13,1.00,1.00,1.00,1.00,1.00,0.85,0.17,inferred
Gloucester,2021-06-14,1.00,1.00,1.00,1.00,1.00,0.85,0.17,inferred
Gloucester,2021-06-15,1.00,1.00,1.00,1.00,1.00,0.89,0.20,inferred
Gloucester,2021-06-16,1.00,1.00,1.00,1.00,1.00,0.89,0.20,inferred
Gloucester,2021-06-17,1.00,1.00,1.00,1.00,1.00,0.89,0.20,inferred
Gloucester,2021-06-18,1.00,1.00,1.00,1.00,1.00,0.89,0.20,inferred
Gloucester,2021-06-19,1.00,1.00,1.00,1.00,1.00,0.89,0.20,inferred
Gloucester,2021-06-20,1.00,1.00,1.00,1.00,1.00,0.89,0.20,inferred
Gloucester,2021-06-21,1.00,1.00,1.00,1.00,1.00,0.89,0.20,inferred
Gloucester,2021-06-22,1.00,1.00,1.00,0.95,0.83,0.22,0.00,inferred
Gloucester,2021-06-23,1.00,1.00,1.00,0.95,0.83,0.22,0.00,inferred
Gloucester,2021-06-24,1.00,1.00,1.00,0.95,0.83,0.22,0.00,inferred
Gloucester,2021-06-25,1.00,1.00,1.00,0.95,0.83,0.22,0.00,inferred
Gloucester,2021-06-26,1.00,1.00,1.00,0.95,0.83,0.22,0.00,inferred
Gloucester,2021-06-27,1.00,1.00,1.00,0.95,0.83,0.22,0.00,inferred
Gloucester,2021-06-28,1.00,1.00,1.00,0.95,0.83,0.22,0.00,inferred
Gloucester,2021-06-29,0.96,0.89,0.76,0.58,0.40,0.07,0.00,inferred
Gloucester,2021-06-30,0.96,0.89,0.76,0.58,0.40,0.07,0.00,inferred
Gloucester,2021-07-01,0.96,0.89,0.76,0.58,0.40,0.07,0.00,inferred
Gloucester,2021-07-02,0.96,0.89,0.76,0.58,0.40,0.07,0.00,inferred
Gloucester,2021-07-03,0.96,0.89,0.76,0.58,0.40,0.07,0.00,inferred
Gloucester,2021-07-04,0.96,0.89,0.76,0.58,0.40,0.07,0.00,inferred
Gloucester,2021-07-05,0.96,0.89,0.76,0.58,0.40,0.07,0.00,inferred
Gloucester,2021-07-06,0.83,0.74,0.65,0.54,0.45,0.22,0.05,projected
Gloucester,2021-07-07,0.83,0.74,0.65,0.54,0.45,0.22,0.05,projected
Gloucester,2021-07-08,0.83,0.74,0.65,0.54,0.45,0.22,0.05,projected
Gloucester,2021-07-09,0.83,0.74,0.65,0.54,0.45,0.22,0.05,projected
Gloucester,2021-07-10,0.83,0.74,0.65,0.54,0.45,0.22,0.05,projected
Gloucester,2021-07-11,0.83,0.74,0.65,0.54,0.45,0.22,0.05,projected
Gloucester,2021-07-12,0.83,0.74,0.65,0.54,0.45,0.22,0.05,projected
Gloucester,2021-07-13,0.80,0.71,0.63,0.54,0.46,0.26,0.10,projected
Gloucester,2021-07-14,0.80,0.71,0.63,0.54,0.46,0.26,0.10,projected
Gloucester,2021-07-15,0.80,0.71,0.63,0.54,0.46,0.26,0.10,projected
Gloucester,2021-07-16,0.80,0.71,0.63,0.54,0.46,0.26,0.10,projected
Gloucester,2021-07-17,0.80,0.71,0.63,0.54,0.46,0.26,0.10,projected
Gloucester,2021-07-18,0.80,0.71,0.63,0.54,0.46,0.26,0.10,projected
Gloucester,2021-07-19,0.80,0.71,0.63,0.54,0.46,0.26,0.10,projected
Gloucester,2021-07-20,0.81,0.74,0.65,0.56,0.49,0.30,0.12,projected
Gloucester,2021-07-21,0.81,0.74,0.65,0.56,0.49,0.30,0.12,projected
Gloucester,2021-07-22,0.81,0.74,0.65,0.56,0.49,0.30,0.12,projected
Gloucester,2021-07-23,0.81,0.74,0.65,0.56,0.49,0.30,0.12,projected
Gloucester,2021-07-24,0.81,0.74,0.65,0.56,0.49,0.30,0.12,projected
Gloucester,2021-07-25,0.81,0.74,0.65,0.56,0.49,0.30,0.12,projected
Gloucester,2021-07-26,0.81,0.74,0.65,0.56,0.49,0.30,0.12,projected
Gosport,2021-03-23,0.06,0.01,0.00,0.00,0.00,0.00,0.00,inferred
Gosport,2021-03-24,0.06,0.01,0.00,0.00,0.00,0.00,0.00,inferred
Gosport,2021-03-25,0.06,0.01,0.00,0.00,0.00,0.00,0.00,inferred
Gosport,2021-03-26,0.06,0.01,0.00,0.00,0.00,0.00,0.00,inferred
Gosport,2021-03-27,0.06,0.01,0.00,0.00,0.00,0.00,0.00,inferred
Gosport,2021-03-28,0.06,0.01,0.00,0.00,0.00,0.00,0.00,inferred
Gosport,2021-03-29,0.06,0.01,0.00,0.00,0.00,0.00,0.00,inferred
Gosport,2021-03-30,0.24,0.12,0.05,0.02,0.01,0.00,0.00,inferred
Gosport,2021-03-31,0.24,0.12,0.05,0.02,0.01,0.00,0.00,inferred
Gosport,2021-04-01,0.24,0.12,0.05,0.02,0.01,0.00,0.00,inferred
Gosport,2021-04-02,0.24,0.12,0.05,0.02,0.01,0.00,0.00,inferred
Gosport,2021-04-03,0.24,0.12,0.05,0.02,0.01,0.00,0.00,inferred
Gosport,2021-04-04,0.24,0.12,0.05,0.02,0.01,0.00,0.00,inferred
Gosport,2021-04-05,0.24,0.12,0.05,0.02,0.01,0.00,0.00,inferred
Gosport,2021-04-06,0.59,0.42,0.28,0.16,0.08,0.01,0.00,inferred
Gosport,2021-04-07,0.59,0.42,0.28,0.16,0.08,0.01,0.00,inferred
Gosport,2021-04-08,0.59,0.42,0.28,0.16,0.08,0.01,0.00,inferred
Gosport,2021-04-09,0.59,0.42,0.28,0.16,0.08,0.01,0.00,inferred
Gosport,2021-04-10,0.59,0.42,0.28,0.16,0.08,0.01,0.00,inferred
Gosport,2021-04-11,0.59,0.42,0.28,0.16,0.08,0.01,0.00,inferred
Gosport,2021-04-12,0.59,0.42,0.28,0.16,0.08,0.01,0.00,inferred
Gosport,2021-04-13,0.86,0.74,0.59,0.45,0.31,0.07,0.00,inferred
Gosport,2021-04-14,0.86,0.74,0.59,0.45,0.31,0.07,0.00,inferred
Gosport,2021-04-15,0.86,0.74,0.59,0.45,0.31,0.07,0.00,inferred
Gosport,2021-04-16,0.86,0.74,0.59,0.45,0.31,0.07,0.00,inferred
Gosport,2021-04-17,0.86,0.74,0.59,0.45,0.31,0.07,0.00,inferred
Gosport,2021-04-18,0.86,0.74,0.59,0.45,0.31,0.07,0.00,inferred
Gosport,2021-04-19,0.86,0.74,0.59,0.45,0.31,0.07,0.00,inferred
Gosport,2021-04-20,0.72,0.54,0.36,0.24,0.14,0.02,0.00,inferred
Gosport,2021-04-21,0.72,0.54,0.36,0.24,0.14,0.02,0.00,inferred
Gosport,2021-04-22,0.72,0.54,0.36,0.24,0.14,0.02,0.00,inferred
Gosport,2021-04-23,0.72,0.54,0.36,0.24,0.14,0.02,0.00,inferred
Gosport,2021-04-24,0.72,0.54,0.36,0.24,0.14,0.02,0.00,inferred
Gosport,2021-04-25,0.72,0.54,0.36,0.24,0.14,0.02,0.00,inferred
Gosport,2021-04-26,0.72,0.54,0.36,0.24,0.14,0.02,0.00,inferred
Gosport,2021-04-27,0.87,0.74,0.59,0.43,0.29,0.05,0.00,inferred
Gosport,2021-04-28,0.87,0.74,0.59,0.43,0.29,0.05,0.00,inferred
Gosport,2021-04-29,0.87,0.74,0.59,0.43,0.29,0.05,0.00,inferred
Gosport,2021-04-30,0.87,0.74,0.59,0.43,0.29,0.05,0.00,inferred
Gosport,2021-05-01,0.87,0.74,0.59,0.43,0.29,0.05,0.00,inferred
Gosport,2021-05-02,0.87,0.74,0.59,0.43,0.29,0.05,0.00,inferred
Gosport,2021-05-03,0.87,0.74,0.59,0.43,0.29,0.05,0.00,inferred
Gosport,2021-05-04,0.74,0.57,0.40,0.28,0.17,0.02,0.00,inferred
Gosport,2021-05-05,0.74,0.57,0.40,0.28,0.17,0.02,0.00,inferred
Gosport,2021-05-06,0.74,0.57,0.40,0.28,0.17,0.02,0.00,inferred
Gosport,2021-05-07,0.74,0.57,0.40,0.28,0.17,0.02,0.00,inferred
Gosport,2021-05-08,0.74,0.57,0.40,0.28,0.17,0.02,0.00,inferred
Gosport,2021-05-09,0.74,0.57,0.40,0.28,0.17,0.02,0.00,inferred
Gosport,2021-05-10,0.74,0.57,0.40,0.28,0.17,0.02,0.00,inferred
Gosport,2021-05-11,0.77,0.63,0.47,0.33,0.21,0.03,0.00,inferred
Gosport,2021-05-12,0.77,0.63,0.47,0.33,0.21,0.03,0.00,inferred
Gosport,2021-05-13,0.77,0.63,0.47,0.33,0.21,0.03,0.00,inferred
Gosport,2021-05-14,0.77,0.63,0.47,0.33,0.21,0.03,0.00,inferred
Gosport,2021-05-15,0.77,0.63,0.47,0.33,0.21,0.03,0.00,inferred
Gosport,2021-05-16,0.77,0.63,0.47,0.33,0.21,0.03,0.00,inferred
Gosport,2021-05-17,0.77,0.63,0.47,0.33,0.21,0.03,0.00,inferred
Gosport,2021-05-18,0.78,0.65,0.49,0.35,0.23,0.04,0.00,inferred
Gosport,2021-05-19,0.78,0.65,0.49,0.35,0.23,0.04,0.00,inferred
Gosport,2021-05-20,0.78,0.65,0.49,0.35,0.23,0.04,0.00,inferred
Gosport,2021-05-21,0.78,0.65,0.49,0.35,0.23,0.04,0.00,inferred
Gosport,2021-05-22,0.78,0.65,0.49,0.35,0.23,0.04,0.00,inferred
Gosport,2021-05-23,0.78,0.65,0.49,0.35,0.23,0.04,0.00,inferred
Gosport,2021-05-24,0.78,0.65,0.49,0.35,0.23,0.04,0.00,inferred
Gosport,2021-05-25,0.98,0.95,0.89,0.80,0.68,0.31,0.04,inferred
Gosport,2021-05-26,0.98,0.95,0.89,0.80,0.68,0.31,0.04,inferred
Gosport,2021-05-27,0.98,0.95,0.89,0.80,0.68,0.31,0.04,inferred
Gosport,2021-05-28,0.98,0.95,0.89,0.80,0.68,0.31,0.04,inferred
Gosport,2021-05-29,0.98,0.95,0.89,0.80,0.68,0.31,0.04,inferred
Gosport,2021-05-30,0.98,0.95,0.89,0.80,0.68,0.31,0.04,inferred
Gosport,2021-05-31,0.98,0.95,0.89,0.80,0.68,0.31,0.04,inferred
Gosport,2021-06-01,1.00,1.00,1.00,0.99,0.97,0.78,0.28,inferred
Gosport,2021-06-02,1.00,1.00,1.00,0.99,0.97,0.78,0.28,inferred
Gosport,2021-06-03,1.00,1.00,1.00,0.99,0.97,0.78,0.28,inferred
Gosport,2021-06-04,1.00,1.00,1.00,0.99,0.97,0.78,0.28,inferred
Gosport,2021-06-05,1.00,1.00,1.00,0.99,0.97,0.78,0.28,inferred
Gosport,2021-06-06,1.00,1.00,1.00,0.99,0.97,0.78,0.28,inferred
Gosport,2021-06-07,1.00,1.00,1.00,0.99,0.97,0.78,0.28,inferred
Gosport,2021-06-08,1.00,0.99,0.96,0.92,0.84,0.50,0.07,inferred
Gosport,2021-06-09,1.00,0.99,0.96,0.92,0.84,0.50,0.07,inferred
Gosport,2021-06-10,1.00,0.99,0.96,0.92,0.84,0.50,0.07,inferred
Gosport,2021-06-11,1.00,0.99,0.96,0.92,0.84,0.50,0.07,inferred
Gosport,2021-06-12,1.00,0.99,0.96,0.92,0.84,0.50,0.07,inferred
Gosport,2021-06-13,1.00,0.99,0.96,0.92,0.84,0.50,0.07,inferred
Gosport,2021-06-14,1.00,0.99,0.96,0.92,0.84,0.50,0.07,inferred
Gosport,2021-06-15,1.00,1.00,1.00,0.99,0.98,0.78,0.20,inferred
Gosport,2021-06-16,1.00,1.00,1.00,0.99,0.98,0.78,0.20,inferred
Gosport,2021-06-17,1.00,1.00,1.00,0.99,0.98,0.78,0.20,inferred
Gosport,2021-06-18,1.00,1.00,1.00,0.99,0.98,0.78,0.20,inferred
Gosport,2021-06-19,1.00,1.00,1.00,0.99,0.98,0.78,0.20,inferred
Gosport,2021-06-20,1.00,1.00,1.00,0.99,0.98,0.78,0.20,inferred
Gosport,2021-06-21,1.00,1.00,1.00,0.99,0.98,0.78,0.20,inferred
Gosport,2021-06-22,1.00,1.00,0.99,0.96,0.90,0.48,0.04,inferred
Gosport,2021-06-23,1.00,1.00,0.99,0.96,0.90,0.48,0.04,inferred
Gosport,2021-06-24,1.00,1.00,0.99,0.96,0.90,0.48,0.04,inferred
Gosport,2021-06-25,1.00,1.00,0.99,0.96,0.90,0.48,0.04,inferred
Gosport,2021-06-26,1.00,1.00,0.99,0.96,0.90,0.48,0.04,inferred
Gosport,2021-06-27,1.00,1.00,0.99,0.96,0.90,0.48,0.04,inferred
Gosport,2021-06-28,1.00,1.00,0.99,0.96,0.90,0.48,0.04,inferred
Gosport,2021-06-29,0.98,0.95,0.87,0.77,0.63,0.24,0.02,inferred
Gosport,2021-06-30,0.98,0.95,0.87,0.77,0.63,0.24,0.02,inferred
Gosport,2021-07-01,0.98,0.95,0.87,0.77,0.63,0.24,0.02,inferred
Gosport,2021-07-02,0.98,0.95,0.87,0.77,0.63,0.24,0.02,inferred
Gosport,2021-07-03,0.98,0.95,0.87,0.77,0.63,0.24,0.02,inferred
Gosport,2021-07-04,0.98,0.95,0.87,0.77,0.63,0.24,0.02,inferred
Gosport,2021-07-05,0.98,0.95,0.87,0.77,0.63,0.24,0.02,inferred
Gosport,2021-07-06,0.97,0.93,0.86,0.77,0.66,0.33,0.08,projected
Gosport,2021-07-07,0.97,0.93,0.86,0.77,0.66,0.33,0.08,projected
Gosport,2021-07-08,0.97,0.93,0.86,0.77,0.66,0.33,0.08,projected
Gosport,2021-07-09,0.97,0.93,0.86,0.77,0.66,0.33,0.08,projected
Gosport,2021-07-10,0.97,0.93,0.86,0.77,0.66,0.33,0.08,projected
Gosport,2021-07-11,0.97,0.93,0.86,0.77,0.66,0.33,0.08,projected
Gosport,2021-07-12,0.97,0.93,0.86,0.77,0.66,0.33,0.08,projected
Gosport,2021-07-13,0.97,0.93,0.86,0.79,0.70,0.41,0.11,projected
Gosport,2021-07-14,0.97,0.93,0.86,0.79,0.70,0.41,0.11,projected
Gosport,2021-07-15,0.97,0.93,0.86,0.79,0.70,0.41,0.11,projected
Gosport,2021-07-16,0.97,0.93,0.86,0.79,0.70,0.41,0.11,projected
Gosport,2021-07-17,0.97,0.93,0.86,0.79,0.70,0.41,0.11,projected
Gosport,2021-07-18,0.97,0.93,0.86,0.79,0.70,0.41,0.11,projected
Gosport,2021-07-19,0.97,0.93,0.86,0.79,0.70,0.41,0.11,projected
Gosport,2021-07-20,0.95,0.92,0.86,0.80,0.71,0.44,0.16,projected
Gosport,2021-07-21,0.95,0.92,0.86,0.80,0.71,0.44,0.16,projected
Gosport,2021-07-22,0.95,0.92,0.86,0.80,0.71,0.44,0.16,projected
Gosport,2021-07-23,0.95,0.92,0.86,0.80,0.71,0.44,0.16,projected
Gosport,2021-07-24,0.95,0.92,0.86,0.80,0.71,0.44,0.16,projected
Gosport,2021-07-25,0.95,0.92,0.86,0.80,0.71,0.44,0.16,projected
Gosport,2021-07-26,0.95,0.92,0.86,0.80,0.71,0.44,0.16,projected
Grampian,2021-03-23,0.34,0.12,0.03,0.01,0.00,0.00,0.00,inferred
Grampian,2021-03-24,0.34,0.12,0.03,0.01,0.00,0.00,0.00,inferred
Grampian,2021-03-25,0.34,0.12,0.03,0.01,0.00,0.00,0.00,inferred
Grampian,2021-03-26,0.34,0.12,0.03,0.01,0.00,0.00,0.00,inferred
Grampian,2021-03-27,0.34,0.12,0.03,0.01,0.00,0.00,0.00,inferred
Grampian,2021-03-28,0.34,0.12,0.03,0.01,0.00,0.00,0.00,inferred
Grampian,2021-03-29,0.34,0.12,0.03,0.01,0.00,0.00,0.00,inferred
Grampian,2021-03-30,0.64,0.38,0.16,0.06,0.02,0.00,0.00,inferred
Grampian,2021-03-31,0.64,0.38,0.16,0.06,0.02,0.00,0.00,inferred
Grampian,2021-04-01,0.64,0.38,0.16,0.06,0.02,0.00,0.00,inferred
Grampian,2021-04-02,0.64,0.38,0.16,0.06,0.02,0.00,0.00,inferred
Grampian,2021-04-03,0.64,0.38,0.16,0.06,0.02,0.00,0.00,inferred
Grampian,2021-04-04,0.64,0.38,0.16,0.06,0.02,0.00,0.00,inferred
Grampian,2021-04-05,0.64,0.38,0.16,0.06,0.02,0.00,0.00,inferred
Grampian,2021-04-06,0.65,0.41,0.20,0.09,0.02,0.00,0.00,inferred
Grampian,2021-04-07,0.65,0.41,0.20,0.09,0.02,0.00,0.00,inferred
Grampian,2021-04-08,0.65,0.41,0.20,0.09,0.02,0.00,0.00,inferred
Grampian,2021-04-09,0.65,0.41,0.20,0.09,0.02,0.00,0.00,inferred
Grampian,2021-04-10,0.65,0.41,0.20,0.09,0.02,0.00,0.00,inferred
Grampian,2021-04-11,0.65,0.41,0.20,0.09,0.02,0.00,0.00,inferred
Grampian,2021-04-12,0.65,0.41,0.20,0.09,0.02,0.00,0.00,inferred
Grampian,2021-04-13,0.58,0.32,0.14,0.05,0.01,0.00,0.00,inferred
Grampian,2021-04-14,0.58,0.32,0.14,0.05,0.01,0.00,0.00,inferred
Grampian,2021-04-15,0.58,0.32,0.14,0.05,0.01,0.00,0.00,inferred
Grampian,2021-04-16,0.58,0.32,0.14,0.05,0.01,0.00,0.00,inferred
Grampian,2021-04-17,0.58,0.32,0.14,0.05,0.01,0.00,0.00,inferred
Grampian,2021-04-18,0.58,0.32,0.14,0.05,0.01,0.00,0.00,inferred
Grampian,2021-04-19,0.58,0.32,0.14,0.05,0.01,0.00,0.00,inferred
Grampian,2021-04-20,0.92,0.80,0.63,0.43,0.26,0.02,0.00,inferred
Grampian,2021-04-21,0.92,0.80,0.63,0.43,0.26,0.02,0.00,inferred
Grampian,2021-04-22,0.92,0.80,0.63,0.43,0.26,0.02,0.00,inferred
Grampian,2021-04-23,0.92,0.80,0.63,0.43,0.26,0.02,0.00,inferred
Grampian,2021-04-24,0.92,0.80,0.63,0.43,0.26,0.02,0.00,inferred
Grampian,2021-04-25,0.92,0.80,0.63,0.43,0.26,0.02,0.00,inferred
Grampian,2021-04-26,0.92,0.80,0.63,0.43,0.26,0.02,0.00,inferred
Grampian,2021-04-27,0.98,0.94,0.84,0.68,0.47,0.11,0.00,inferred
Grampian,2021-04-28,0.98,0.94,0.84,0.68,0.47,0.11,0.00,inferred
Grampian,2021-04-29,0.98,0.94,0.84,0.68,0.47,0.11,0.00,inferred
Grampian,2021-04-30,0.98,0.94,0.84,0.68,0.47,0.11,0.00,inferred
Grampian,2021-05-01,0.98,0.94,0.84,0.68,0.47,0.11,0.00,inferred
Grampian,2021-05-02,0.98,0.94,0.84,0.68,0.47,0.11,0.00,inferred
Grampian,2021-05-03,0.98,0.94,0.84,0.68,0.47,0.11,0.00,inferred
Grampian,2021-05-04,0.39,0.19,0.08,0.03,0.01,0.00,0.00,inferred
Grampian,2021-05-05,0.39,0.19,0.08,0.03,0.01,0.00,0.00,inferred
Grampian,2021-05-06,0.39,0.19,0.08,0.03,0.01,0.00,0.00,inferred
Grampian,2021-05-07,0.39,0.19,0.08,0.03,0.01,0.00,0.00,inferred
Grampian,2021-05-08,0.39,0.19,0.08,0.03,0.01,0.00,0.00,inferred
Grampian,2021-05-09,0.39,0.19,0.08,0.03,0.01,0.00,0.00,inferred
Grampian,2021-05-10,0.39,0.19,0.08,0.03,0.01,0.00,0.00,inferred
Grampian,2021-05-11,0.14,0.05,0.01,0.00,0.00,0.00,0.00,inferred
Grampian,2021-05-12,0.14,0.05,0.01,0.00,0.00,0.00,0.00,inferred
Grampian,2021-05-13,0.14,0.05,0.01,0.00,0.00,0.00,0.00,inferred
Grampian,2021-05-14,0.14,0.05,0.01,0.00,0.00,0.00,0.00,inferred
Grampian,2021-05-15,0.14,0.05,0.01,0.00,0.00,0.00,0.00,inferred
Grampian,2021-05-16,0.14,0.05,0.01,0.00,0.00,0.00,0.00,inferred
Grampian,2021-05-17,0.14,0.05,0.01,0.00,0.00,0.00,0.00,inferred
Grampian,2021-05-18,0.73,0.52,0.32,0.16,0.06,0.00,0.00,inferred
Grampian,2021-05-19,0.73,0.52,0.32,0.16,0.06,0.00,0.00,inferred
Grampian,2021-05-20,0.73,0.52,0.32,0.16,0.06,0.00,0.00,inferred
Grampian,2021-05-21,0.73,0.52,0.32,0.16,0.06,0.00,0.00,inferred
Grampian,2021-05-22,0.73,0.52,0.32,0.16,0.06,0.00,0.00,inferred
Grampian,2021-05-23,0.73,0.52,0.32,0.16,0.06,0.00,0.00,inferred
Grampian,2021-05-24,0.73,0.52,0.32,0.16,0.06,0.00,0.00,inferred
Grampian,2021-05-25,1.00,0.99,0.98,0.94,0.84,0.46,0.05,inferred
Grampian,2021-05-26,1.00,0.99,0.98,0.94,0.84,0.46,0.05,inferred
Grampian,2021-05-27,1.00,0.99,0.98,0.94,0.84,0.46,0.05,inferred
Grampian,2021-05-28,1.00,0.99,0.98,0.94,0.84,0.46,0.05,inferred
Grampian,2021-05-29,1.00,0.99,0.98,0.94,0.84,0.46,0.05,inferred
Grampian,2021-05-30,1.00,0.99,0.98,0.94,0.84,0.46,0.05,inferred
Grampian,2021-05-31,1.00,0.99,0.98,0.94,0.84,0.46,0.05,inferred
Grampian,2021-06-01,1.00,1.00,1.00,0.99,0.98,0.80,0.23,inferred
Grampian,2021-06-02,1.00,1.00,1.00,0.99,0.98,0.80,0.23,inferred
Grampian,2021-06-03,1.00,1.00,1.00,0.99,0.98,0.80,0.23,inferred
Grampian,2021-06-04,1.00,1.00,1.00,0.99,0.98,0.80,0.23,inferred
Grampian,2021-06-05,1.00,1.00,1.00,0.99,0.98,0.80,0.23,inferred
Grampian,2021-06-06,1.00,1.00,1.00,0.99,0.98,0.80,0.23,inferred
Grampian,2021-06-07,1.00,1.00,1.00,0.99,0.98,0.80,0.23,inferred
Grampian,2021-06-08,1.00,1.00,1.00,1.00,1.00,0.96,0.56,inferred
Grampian,2021-06-09,1.00,1.00,1.00,1.00,1.00,0.96,0.56,inferred
Grampian,2021-06-10,1.00,1.00,1.00,1.00,1.00,0.96,0.56,inferred
Grampian,2021-06-11,1.00,1.00,1.00,1.00,1.00,0.96,0.56,inferred
Grampian,2021-06-12,1.00,1.00,1.00,1.00,1.00,0.96,0.56,inferred
Grampian,2021-06-13,1.00,1.00,1.00,1.00,1.00,0.96,0.56,inferred
Grampian,2021-06-14,1.00,1.00,1.00,1.00,1.00,0.96,0.56,inferred
Grampian,2021-06-15,1.00,1.00,1.00,1.00,1.00,1.00,0.81,inferred
Grampian,2021-06-16,1.00,1.00,1.00,1.00,1.00,1.00,0.81,inferred
Grampian,2021-06-17,1.00,1.00,1.00,1.00,1.00,1.00,0.81,inferred
Grampian,2021-06-18,1.00,1.00,1.00,1.00,1.00,1.00,0.81,inferred
Grampian,2021-06-19,1.00,1.00,1.00,1.00,1.00,1.00,0.81,inferred
Grampian,2021-06-20,1.00,1.00,1.00,1.00,1.00,1.00,0.81,inferred
Grampian,2021-06-21,1.00,1.00,1.00,1.00,1.00,1.00,0.81,inferred
Grampian,2021-06-22,1.00,1.00,1.00,1.00,1.00,0.85,0.23,inferred
Grampian,2021-06-23,1.00,1.00,1.00,1.00,1.00,0.85,0.23,inferred
Grampian,2021-06-24,1.00,1.00,1.00,1.00,1.00,0.85,0.23,inferred
Grampian,2021-06-25,1.00,1.00,1.00,1.00,1.00,0.85,0.23,inferred
Grampian,2021-06-26,1.00,1.00,1.00,1.00,1.00,0.85,0.23,inferred
Grampian,2021-06-27,1.00,1.00,1.00,1.00,1.00,0.85,0.23,inferred
Grampian,2021-06-28,1.00,1.00,1.00,1.00,1.00,0.85,0.23,inferred
Grampian,2021-06-29,0.75,0.59,0.41,0.28,0.17,0.02,0.00,inferred
Grampian,2021-06-30,0.75,0.59,0.41,0.28,0.17,0.02,0.00,inferred
Grampian,2021-07-01,0.75,0.59,0.41,0.28,0.17,0.02,0.00,inferred
Grampian,2021-07-02,0.75,0.59,0.41,0.28,0.17,0.02,0.00,inferred
Grampian,2021-07-03,0.75,0.59,0.41,0.28,0.17,0.02,0.00,inferred
Grampian,2021-07-04,0.75,0.59,0.41,0.28,0.17,0.02,0.00,inferred
Grampian,2021-07-05,0.75,0.59,0.41,0.28,0.17,0.02,0.00,inferred
Grampian,2021-07-06,0.64,0.54,0.44,0.35,0.28,0.13,0.04,projected
Grampian,2021-07-07,0.64,0.54,0.44,0.35,0.28,0.13,0.04,projected
Grampian,2021-07-08,0.64,0.54,0.44,0.35,0.28,0.13,0.04,projected
Grampian,2021-07-09,0.64,0.54,0.44,0.35,0.28,0.13,0.04,projected
Grampian,2021-07-10,0.64,0.54,0.44,0.35,0.28,0.13,0.04,projected
Grampian,2021-07-11,0.64,0.54,0.44,0.35,0.28,0.13,0.04,projected
Grampian,2021-07-12,0.64,0.54,0.44,0.35,0.28,0.13,0.04,projected
Grampian,2021-07-13,0.60,0.51,0.44,0.38,0.33,0.20,0.09,projected
Grampian,2021-07-14,0.60,0.51,0.44,0.38,0.33,0.20,0.09,projected
Grampian,2021-07-15,0.60,0.51,0.44,0.38,0.33,0.20,0.09,projected
Grampian,2021-07-16,0.60,0.51,0.44,0.38,0.33,0.20,0.09,projected
Grampian,2021-07-17,0.60,0.51,0.44,0.38,0.33,0.20,0.09,projected
Grampian,2021-07-18,0.60,0.51,0.44,0.38,0.33,0.20,0.09,projected
Grampian,2021-07-19,0.60,0.51,0.44,0.38,0.33,0.20,0.09,projected
Grampian,2021-07-20,0.59,0.52,0.45,0.39,0.34,0.22,0.13,projected
Grampian,2021-07-21,0.59,0.52,0.45,0.39,0.34,0.22,0.13,projected
Grampian,2021-07-22,0.59,0.52,0.45,0.39,0.34,0.22,0.13,projected
Grampian,2021-07-23,0.59,0.52,0.45,0.39,0.34,0.22,0.13,projected
Grampian,2021-07-24,0.59,0.52,0.45,0.39,0.34,0.22,0.13,projected
Grampian,2021-07-25,0.59,0.52,0.45,0.39,0.34,0.22,0.13,projected
Grampian,2021-07-26,0.59,0.52,0.45,0.39,0.34,0.22,0.13,projected
Gravesham,2021-03-23,0.77,0.57,0.37,0.19,0.09,0.00,0.00,inferred
Gravesham,2021-03-24,0.77,0.57,0.37,0.19,0.09,0.00,0.00,inferred
Gravesham,2021-03-25,0.77,0.57,0.37,0.19,0.09,0.00,0.00,inferred
Gravesham,2021-03-26,0.77,0.57,0.37,0.19,0.09,0.00,0.00,inferred
Gravesham,2021-03-27,0.77,0.57,0.37,0.19,0.09,0.00,0.00,inferred
Gravesham,2021-03-28,0.77,0.57,0.37,0.19,0.09,0.00,0.00,inferred
Gravesham,2021-03-29,0.77,0.57,0.37,0.19,0.09,0.00,0.00,inferred
Gravesham,2021-03-30,0.84,0.67,0.48,0.31,0.19,0.03,0.00,inferred
Gravesham,2021-03-31,0.84,0.67,0.48,0.31,0.19,0.03,0.00,inferred
Gravesham,2021-04-01,0.84,0.67,0.48,0.31,0.19,0.03,0.00,inferred
Gravesham,2021-04-02,0.84,0.67,0.48,0.31,0.19,0.03,0.00,inferred
Gravesham,2021-04-03,0.84,0.67,0.48,0.31,0.19,0.03,0.00,inferred
Gravesham,2021-04-04,0.84,0.67,0.48,0.31,0.19,0.03,0.00,inferred
Gravesham,2021-04-05,0.84,0.67,0.48,0.31,0.19,0.03,0.00,inferred
Gravesham,2021-04-06,0.87,0.75,0.58,0.40,0.25,0.04,0.00,inferred
Gravesham,2021-04-07,0.87,0.75,0.58,0.40,0.25,0.04,0.00,inferred
Gravesham,2021-04-08,0.87,0.75,0.58,0.40,0.25,0.04,0.00,inferred
Gravesham,2021-04-09,0.87,0.75,0.58,0.40,0.25,0.04,0.00,inferred
Gravesham,2021-04-10,0.87,0.75,0.58,0.40,0.25,0.04,0.00,inferred
Gravesham,2021-04-11,0.87,0.75,0.58,0.40,0.25,0.04,0.00,inferred
Gravesham,2021-04-12,0.87,0.75,0.58,0.40,0.25,0.04,0.00,inferred
Gravesham,2021-04-13,0.99,0.97,0.92,0.86,0.73,0.28,0.01,inferred
Gravesham,2021-04-14,0.99,0.97,0.92,0.86,0.73,0.28,0.01,inferred
Gravesham,2021-04-15,0.99,0.97,0.92,0.86,0.73,0.28,0.01,inferred
Gravesham,2021-04-16,0.99,0.97,0.92,0.86,0.73,0.28,0.01,inferred
Gravesham,2021-04-17,0.99,0.97,0.92,0.86,0.73,0.28,0.01,inferred
Gravesham,2021-04-18,0.99,0.97,0.92,0.86,0.73,0.28,0.01,inferred
Gravesham,2021-04-19,0.99,0.97,0.92,0.86,0.73,0.28,0.01,inferred
Gravesham,2021-04-20,0.54,0.33,0.17,0.09,0.03,0.00,0.00,inferred
Gravesham,2021-04-21,0.54,0.33,0.17,0.09,0.03,0.00,0.00,inferred
Gravesham,2021-04-22,0.54,0.33,0.17,0.09,0.03,0.00,0.00,inferred
Gravesham,2021-04-23,0.54,0.33,0.17,0.09,0.03,0.00,0.00,inferred
Gravesham,2021-04-24,0.54,0.33,0.17,0.09,0.03,0.00,0.00,inferred
Gravesham,2021-04-25,0.54,0.33,0.17,0.09,0.03,0.00,0.00,inferred
Gravesham,2021-04-26,0.54,0.33,0.17,0.09,0.03,0.00,0.00,inferred
Gravesham,2021-04-27,0.28,0.12,0.06,0.02,0.01,0.00,0.00,inferred
Gravesham,2021-04-28,0.28,0.12,0.06,0.02,0.01,0.00,0.00,inferred
Gravesham,2021-04-29,0.28,0.12,0.06,0.02,0.01,0.00,0.00,inferred
Gravesham,2021-04-30,0.28,0.12,0.06,0.02,0.01,0.00,0.00,inferred
Gravesham,2021-05-01,0.28,0.12,0.06,0.02,0.01,0.00,0.00,inferred
Gravesham,2021-05-02,0.28,0.12,0.06,0.02,0.01,0.00,0.00,inferred
Gravesham,2021-05-03,0.28,0.12,0.06,0.02,0.01,0.00,0.00,inferred
Gravesham,2021-05-04,0.32,0.17,0.09,0.04,0.02,0.00,0.00,inferred
Gravesham,2021-05-05,0.32,0.17,0.09,0.04,0.02,0.00,0.00,inferred
Gravesham,2021-05-06,0.32,0.17,0.09,0.04,0.02,0.00,0.00,inferred
Gravesham,2021-05-07,0.32,0.17,0.09,0.04,0.02,0.00,0.00,inferred
Gravesham,2021-05-08,0.32,0.17,0.09,0.04,0.02,0.00,0.00,inferred
Gravesham,2021-05-09,0.32,0.17,0.09,0.04,0.02,0.00,0.00,inferred
Gravesham,2021-05-10,0.32,0.17,0.09,0.04,0.02,0.00,0.00,inferred
Gravesham,2021-05-11,0.69,0.53,0.37,0.23,0.13,0.02,0.00,inferred
Gravesham,2021-05-12,0.69,0.53,0.37,0.23,0.13,0.02,0.00,inferred
Gravesham,2021-05-13,0.69,0.53,0.37,0.23,0.13,0.02,0.00,inferred
Gravesham,2021-05-14,0.69,0.53,0.37,0.23,0.13,0.02,0.00,inferred
Gravesham,2021-05-15,0.69,0.53,0.37,0.23,0.13,0.02,0.00,inferred
Gravesham,2021-05-16,0.69,0.53,0.37,0.23,0.13,0.02,0.00,inferred
Gravesham,2021-05-17,0.69,0.53,0.37,0.23,0.13,0.02,0.00,inferred
Gravesham,2021-05-18,1.00,0.99,0.99,0.97,0.93,0.71,0.19,inferred
Gravesham,2021-05-19,1.00,0.99,0.99,0.97,0.93,0.71,0.19,inferred
Gravesham,2021-05-20,1.00,0.99,0.99,0.97,0.93,0.71,0.19,inferred
Gravesham,2021-05-21,1.00,0.99,0.99,0.97,0.93,0.71,0.19,inferred
Gravesham,2021-05-22,1.00,0.99,0.99,0.97,0.93,0.71,0.19,inferred
Gravesham,2021-05-23,1.00,0.99,0.99,0.97,0.93,0.71,0.19,inferred
Gravesham,2021-05-24,1.00,0.99,0.99,0.97,0.93,0.71,0.19,inferred
Gravesham,2021-05-25,1.00,1.00,1.00,1.00,1.00,0.95,0.52,inferred
Gravesham,2021-05-26,1.00,1.00,1.00,1.00,1.00,0.95,0.52,inferred
Gravesham,2021-05-27,1.00,1.00,1.00,1.00,1.00,0.95,0.52,inferred
Gravesham,2021-05-28,1.00,1.00,1.00,1.00,1.00,0.95,0.52,inferred
Gravesham,2021-05-29,1.00,1.00,1.00,1.00,1.00,0.95,0.52,inferred
Gravesham,2021-05-30,1.00,1.00,1.00,1.00,1.00,0.95,0.52,inferred
Gravesham,2021-05-31,1.00,1.00,1.00,1.00,1.00,0.95,0.52,inferred
Gravesham,2021-06-01,1.00,1.00,0.99,0.98,0.92,0.60,0.09,inferred
Gravesham,2021-06-02,1.00,1.00,0.99,0.98,0.92,0.60,0.09,inferred
Gravesham,2021-06-03,1.00,1.00,0.99,0.98,0.92,0.60,0.09,inferred
Gravesham,2021-06-04,1.00,1.00,0.99,0.98,0.92,0.60,0.09,inferred
Gravesham,2021-06-05,1.00,1.00,0.99,0.98,0.92,0.60,0.09,inferred
Gravesham,2021-06-06,1.00,1.00,0.99,0.98,0.92,0.60,0.09,inferred
Gravesham,2021-06-07,1.00,1.00,0.99,0.98,0.92,0.60,0.09,inferred
Gravesham,2021-06-08,1.00,0.98,0.91,0.78,0.57,0.12,0.00,inferred
Gravesham,2021-06-09,1.00,0.98,0.91,0.78,0.57,0.12,0.00,inferred
Gravesham,2021-06-10,1.00,0.98,0.91,0.78,0.57,0.12,0.00,inferred
Gravesham,2021-06-11,1.00,0.98,0.91,0.78,0.57,0.12,0.00,inferred
Gravesham,2021-06-12,1.00,0.98,0.91,0.78,0.57,0.12,0.00,inferred
Gravesham,2021-06-13,1.00,0.98,0.91,0.78,0.57,0.12,0.00,inferred
Gravesham,2021-06-14,1.00,0.98,0.91,0.78,0.57,0.12,0.00,inferred
Gravesham,2021-06-15,1.00,1.00,1.00,1.00,1.00,0.94,0.25,inferred
Gravesham,2021-06-16,1.00,1.00,1.00,1.00,1.00,0.94,0.25,inferred
Gravesham,2021-06-17,1.00,1.00,1.00,1.00,1.00,0.94,0.25,inferred
Gravesham,2021-06-18,1.00,1.00,1.00,1.00,1.00,0.94,0.25,inferred
Gravesham,2021-06-19,1.00,1.00,1.00,1.00,1.00,0.94,0.25,inferred
Gravesham,2021-06-20,1.00,1.00,1.00,1.00,1.00,0.94,0.25,inferred
Gravesham,2021-06-21,1.00,1.00,1.00,1.00,1.00,0.94,0.25,inferred
Gravesham,2021-06-22,1.00,1.00,1.00,1.00,1.00,0.87,0.23,inferred
Gravesham,2021-06-23,1.00,1.00,1.00,1.00,1.00,0.87,0.23,inferred
Gravesham,2021-06-24,1.00,1.00,1.00,1.00,1.00,0.87,0.23,inferred
Gravesham,2021-06-25,1.00,1.00,1.00,1.00,1.00,0.87,0.23,inferred
Gravesham,2021-06-26,1.00,1.00,1.00,1.00,1.00,0.87,0.23,inferred
Gravesham,2021-06-27,1.00,1.00,1.00,1.00,1.00,0.87,0.23,inferred
Gravesham,2021-06-28,1.00,1.00,1.00,1.00,1.00,0.87,0.23,inferred
Gravesham,2021-06-29,1.00,1.00,1.00,0.99,0.97,0.70,0.14,inferred
Gravesham,2021-06-30,1.00,1.00,1.00,0.99,0.97,0.70,0.14,inferred
Gravesham,2021-07-01,1.00,1.00,1.00,0.99,0.97,0.70,0.14,inferred
Gravesham,2021-07-02,1.00,1.00,1.00,0.99,0.97,0.70,0.14,inferred
Gravesham,2021-07-03,1.00,1.00,1.00,0.99,0.97,0.70,0.14,inferred
Gravesham,2021-07-04,1.00,1.00,1.00,0.99,0.97,0.70,0.14,inferred
Gravesham,2021-07-05,1.00,1.00,1.00,0.99,0.97,0.70,0.14,inferred
Gravesham,2021-07-06,1.00,0.99,0.97,0.94,0.88,0.58,0.18,projected
Gravesham,2021-07-07,1.00,0.99,0.97,0.94,0.88,0.58,0.18,projected
Gravesham,2021-07-08,1.00,0.99,0.97,0.94,0.88,0.58,0.18,projected
Gravesham,2021-07-09,1.00,0.99,0.97,0.94,0.88,0.58,0.18,projected
Gravesham,2021-07-10,1.00,0.99,0.97,0.94,0.88,0.58,0.18,projected
Gravesham,2021-07-11,1.00,0.99,0.97,0.94,0.88,0.58,0.18,projected
Gravesham,2021-07-12,1.00,0.99,0.97,0.94,0.88,0.58,0.18,projected
Gravesham,2021-07-13,0.99,0.97,0.94,0.89,0.82,0.56,0.22,projected
Gravesham,2021-07-14,0.99,0.97,0.94,0.89,0.82,0.56,0.22,projected
Gravesham,2021-07-15,0.99,0.97,0.94,0.89,0.82,0.56,0.22,projected
Gravesham,2021-07-16,0.99,0.97,0.94,0.89,0.82,0.56,0.22,projected
Gravesham,2021-07-17,0.99,0.97,0.94,0.89,0.82,0.56,0.22,projected
Gravesham,2021-07-18,0.99,0.97,0.94,0.89,0.82,0.56,0.22,projected
Gravesham,2021-07-19,0.99,0.97,0.94,0.89,0.82,0.56,0.22,projected
Gravesham,2021-07-20,0.99,0.97,0.93,0.87,0.80,0.54,0.22,projected
Gravesham,2021-07-21,0.99,0.97,0.93,0.87,0.80,0.54,0.22,projected
Gravesham,2021-07-22,0.99,0.97,0.93,0.87,0.80,0.54,0.22,projected
Gravesham,2021-07-23,0.99,0.97,0.93,0.87,0.80,0.54,0.22,projected
Gravesham,2021-07-24,0.99,0.97,0.93,0.87,0.80,0.54,0.22,projected
Gravesham,2021-07-25,0.99,0.97,0.93,0.87,0.80,0.54,0.22,projected
Gravesham,2021-07-26,0.99,0.97,0.93,0.87,0.80,0.54,0.22,projected
Great Yarmouth,2021-03-23,0.74,0.55,0.37,0.21,0.11,0.01,0.00,inferred
Great Yarmouth,2021-03-24,0.74,0.55,0.37,0.21,0.11,0.01,0.00,inferred
Great Yarmouth,2021-03-25,0.74,0.55,0.37,0.21,0.11,0.01,0.00,inferred
Great Yarmouth,2021-03-26,0.74,0.55,0.37,0.21,0.11,0.01,0.00,inferred
Great Yarmouth,2021-03-27,0.74,0.55,0.37,0.21,0.11,0.01,0.00,inferred
Great Yarmouth,2021-03-28,0.74,0.55,0.37,0.21,0.11,0.01,0.00,inferred
Great Yarmouth,2021-03-29,0.74,0.55,0.37,0.21,0.11,0.01,0.00,inferred
Great Yarmouth,2021-03-30,0.86,0.74,0.56,0.41,0.26,0.04,0.00,inferred
Great Yarmouth,2021-03-31,0.86,0.74,0.56,0.41,0.26,0.04,0.00,inferred
Great Yarmouth,2021-04-01,0.86,0.74,0.56,0.41,0.26,0.04,0.00,inferred
Great Yarmouth,2021-04-02,0.86,0.74,0.56,0.41,0.26,0.04,0.00,inferred
Great Yarmouth,2021-04-03,0.86,0.74,0.56,0.41,0.26,0.04,0.00,inferred
Great Yarmouth,2021-04-04,0.86,0.74,0.56,0.41,0.26,0.04,0.00,inferred
Great Yarmouth,2021-04-05,0.86,0.74,0.56,0.41,0.26,0.04,0.00,inferred
Great Yarmouth,2021-04-06,0.95,0.88,0.77,0.63,0.47,0.11,0.00,inferred
Great Yarmouth,2021-04-07,0.95,0.88,0.77,0.63,0.47,0.11,0.00,inferred
Great Yarmouth,2021-04-08,0.95,0.88,0.77,0.63,0.47,0.11,0.00,inferred
Great Yarmouth,2021-04-09,0.95,0.88,0.77,0.63,0.47,0.11,0.00,inferred
Great Yarmouth,2021-04-10,0.95,0.88,0.77,0.63,0.47,0.11,0.00,inferred
Great Yarmouth,2021-04-11,0.95,0.88,0.77,0.63,0.47,0.11,0.00,inferred
Great Yarmouth,2021-04-12,0.95,0.88,0.77,0.63,0.47,0.11,0.00,inferred
Great Yarmouth,2021-04-13,0.91,0.81,0.65,0.47,0.32,0.06,0.00,inferred
Great Yarmouth,2021-04-14,0.91,0.81,0.65,0.47,0.32,0.06,0.00,inferred
Great Yarmouth,2021-04-15,0.91,0.81,0.65,0.47,0.32,0.06,0.00,inferred
Great Yarmouth,2021-04-16,0.91,0.81,0.65,0.47,0.32,0.06,0.00,inferred
Great Yarmouth,2021-04-17,0.91,0.81,0.65,0.47,0.32,0.06,0.00,inferred
Great Yarmouth,2021-04-18,0.91,0.81,0.65,0.47,0.32,0.06,0.00,inferred
Great Yarmouth,2021-04-19,0.91,0.81,0.65,0.47,0.32,0.06,0.00,inferred
Great Yarmouth,2021-04-20,0.72,0.54,0.36,0.22,0.12,0.02,0.00,inferred
Great Yarmouth,2021-04-21,0.72,0.54,0.36,0.22,0.12,0.02,0.00,inferred
Great Yarmouth,2021-04-22,0.72,0.54,0.36,0.22,0.12,0.02,0.00,inferred
Great Yarmouth,2021-04-23,0.72,0.54,0.36,0.22,0.12,0.02,0.00,inferred
Great Yarmouth,2021-04-24,0.72,0.54,0.36,0.22,0.12,0.02,0.00,inferred
Great Yarmouth,2021-04-25,0.72,0.54,0.36,0.22,0.12,0.02,0.00,inferred
Great Yarmouth,2021-04-26,0.72,0.54,0.36,0.22,0.12,0.02,0.00,inferred
Great Yarmouth,2021-04-27,0.91,0.78,0.62,0.46,0.30,0.04,0.00,inferred
Great Yarmouth,2021-04-28,0.91,0.78,0.62,0.46,0.30,0.04,0.00,inferred
Great Yarmouth,2021-04-29,0.91,0.78,0.62,0.46,0.30,0.04,0.00,inferred
Great Yarmouth,2021-04-30,0.91,0.78,0.62,0.46,0.30,0.04,0.00,inferred
Great Yarmouth,2021-05-01,0.91,0.78,0.62,0.46,0.30,0.04,0.00,inferred
Great Yarmouth,2021-05-02,0.91,0.78,0.62,0.46,0.30,0.04,0.00,inferred
Great Yarmouth,2021-05-03,0.91,0.78,0.62,0.46,0.30,0.04,0.00,inferred
Great Yarmouth,2021-05-04,0.23,0.12,0.05,0.02,0.01,0.00,0.00,inferred
Great Yarmouth,2021-05-05,0.23,0.12,0.05,0.02,0.01,0.00,0.00,inferred
Great Yarmouth,2021-05-06,0.23,0.12,0.05,0.02,0.01,0.00,0.00,inferred
Great Yarmouth,2021-05-07,0.23,0.12,0.05,0.02,0.01,0.00,0.00,inferred
Great Yarmouth,2021-05-08,0.23,0.12,0.05,0.02,0.01,0.00,0.00,inferred
Great Yarmouth,2021-05-09,0.23,0.12,0.05,0.02,0.01,0.00,0.00,inferred
Great Yarmouth,2021-05-10,0.23,0.12,0.05,0.02,0.01,0.00,0.00,inferred
Great Yarmouth,2021-05-11,0.27,0.15,0.07,0.03,0.01,0.00,0.00,inferred
Great Yarmouth,2021-05-12,0.27,0.15,0.07,0.03,0.01,0.00,0.00,inferred
Great Yarmouth,2021-05-13,0.27,0.15,0.07,0.03,0.01,0.00,0.00,inferred
Great Yarmouth,2021-05-14,0.27,0.15,0.07,0.03,0.01,0.00,0.00,inferred
Great Yarmouth,2021-05-15,0.27,0.15,0.07,0.03,0.01,0.00,0.00,inferred
Great Yarmouth,2021-05-16,0.27,0.15,0.07,0.03,0.01,0.00,0.00,inferred
Great Yarmouth,2021-05-17,0.27,0.15,0.07,0.03,0.01,0.00,0.00,inferred
Great Yarmouth,2021-05-18,0.70,0.53,0.38,0.25,0.14,0.03,0.00,inferred
Great Yarmouth,2021-05-19,0.70,0.53,0.38,0.25,0.14,0.03,0.00,inferred
Great Yarmouth,2021-05-20,0.70,0.53,0.38,0.25,0.14,0.03,0.00,inferred
Great Yarmouth,2021-05-21,0.70,0.53,0.38,0.25,0.14,0.03,0.00,inferred
Great Yarmouth,2021-05-22,0.70,0.53,0.38,0.25,0.14,0.03,0.00,inferred
Great Yarmouth,2021-05-23,0.70,0.53,0.38,0.25,0.14,0.03,0.00,inferred
Great Yarmouth,2021-05-24,0.70,0.53,0.38,0.25,0.14,0.03,0.00,inferred
Great Yarmouth,2021-05-25,0.77,0.63,0.49,0.35,0.22,0.04,0.00,inferred
Great Yarmouth,2021-05-26,0.77,0.63,0.49,0.35,0.22,0.04,0.00,inferred
Great Yarmouth,2021-05-27,0.77,0.63,0.49,0.35,0.22,0.04,0.00,inferred
Great Yarmouth,2021-05-28,0.77,0.63,0.49,0.35,0.22,0.04,0.00,inferred
Great Yarmouth,2021-05-29,0.77,0.63,0.49,0.35,0.22,0.04,0.00,inferred
Great Yarmouth,2021-05-30,0.77,0.63,0.49,0.35,0.22,0.04,0.00,inferred
Great Yarmouth,2021-05-31,0.77,0.63,0.49,0.35,0.22,0.04,0.00,inferred
Great Yarmouth,2021-06-01,0.91,0.82,0.70,0.56,0.44,0.15,0.01,inferred
Great Yarmouth,2021-06-02,0.91,0.82,0.70,0.56,0.44,0.15,0.01,inferred
Great Yarmouth,2021-06-03,0.91,0.82,0.70,0.56,0.44,0.15,0.01,inferred
Great Yarmouth,2021-06-04,0.91,0.82,0.70,0.56,0.44,0.15,0.01,inferred
Great Yarmouth,2021-06-05,0.91,0.82,0.70,0.56,0.44,0.15,0.01,inferred
Great Yarmouth,2021-06-06,0.91,0.82,0.70,0.56,0.44,0.15,0.01,inferred
Great Yarmouth,2021-06-07,0.91,0.82,0.70,0.56,0.44,0.15,0.01,inferred
Great Yarmouth,2021-06-08,0.95,0.91,0.83,0.71,0.58,0.26,0.03,inferred
Great Yarmouth,2021-06-09,0.95,0.91,0.83,0.71,0.58,0.26,0.03,inferred
Great Yarmouth,2021-06-10,0.95,0.91,0.83,0.71,0.58,0.26,0.03,inferred
Great Yarmouth,2021-06-11,0.95,0.91,0.83,0.71,0.58,0.26,0.03,inferred
Great Yarmouth,2021-06-12,0.95,0.91,0.83,0.71,0.58,0.26,0.03,inferred
Great Yarmouth,2021-06-13,0.95,0.91,0.83,0.71,0.58,0.26,0.03,inferred
Great Yarmouth,2021-06-14,0.95,0.91,0.83,0.71,0.58,0.26,0.03,inferred
Great Yarmouth,2021-06-15,1.00,1.00,1.00,1.00,1.00,0.98,0.72,inferred
Great Yarmouth,2021-06-16,1.00,1.00,1.00,1.00,1.00,0.98,0.72,inferred
Great Yarmouth,2021-06-17,1.00,1.00,1.00,1.00,1.00,0.98,0.72,inferred
Great Yarmouth,2021-06-18,1.00,1.00,1.00,1.00,1.00,0.98,0.72,inferred
Great Yarmouth,2021-06-19,1.00,1.00,1.00,1.00,1.00,0.98,0.72,inferred
Great Yarmouth,2021-06-20,1.00,1.00,1.00,1.00,1.00,0.98,0.72,inferred
Great Yarmouth,2021-06-21,1.00,1.00,1.00,1.00,1.00,0.98,0.72,inferred
Great Yarmouth,2021-06-22,1.00,1.00,1.00,1.00,1.00,1.00,0.94,inferred
Great Yarmouth,2021-06-23,1.00,1.00,1.00,1.00,1.00,1.00,0.94,inferred
Great Yarmouth,2021-06-24,1.00,1.00,1.00,1.00,1.00,1.00,0.94,inferred
Great Yarmouth,2021-06-25,1.00,1.00,1.00,1.00,1.00,1.00,0.94,inferred
Great Yarmouth,2021-06-26,1.00,1.00,1.00,1.00,1.00,1.00,0.94,inferred
Great Yarmouth,2021-06-27,1.00,1.00,1.00,1.00,1.00,1.00,0.94,inferred
Great Yarmouth,2021-06-28,1.00,1.00,1.00,1.00,1.00,1.00,0.94,inferred
Great Yarmouth,2021-06-29,1.00,1.00,1.00,1.00,1.00,0.98,0.87,inferred
Great Yarmouth,2021-06-30,1.00,1.00,1.00,1.00,1.00,0.98,0.87,inferred
Great Yarmouth,2021-07-01,1.00,1.00,1.00,1.00,1.00,0.98,0.87,inferred
Great Yarmouth,2021-07-02,1.00,1.00,1.00,1.00,1.00,0.98,0.87,inferred
Great Yarmouth,2021-07-03,1.00,1.00,1.00,1.00,1.00,0.98,0.87,inferred
Great Yarmouth,2021-07-04,1.00,1.00,1.00,1.00,1.00,0.98,0.87,inferred
Great Yarmouth,2021-07-05,1.00,1.00,1.00,1.00,1.00,0.98,0.87,inferred
Great Yarmouth,2021-07-06,1.00,1.00,1.00,1.00,0.99,0.95,0.74,projected
Great Yarmouth,2021-07-07,1.00,1.00,1.00,1.00,0.99,0.95,0.74,projected
Great Yarmouth,2021-07-08,1.00,1.00,1.00,1.00,0.99,0.95,0.74,projected
Great Yarmouth,2021-07-09,1.00,1.00,1.00,1.00,0.99,0.95,0.74,projected
Great Yarmouth,2021-07-10,1.00,1.00,1.00,1.00,0.99,0.95,0.74,projected
Great Yarmouth,2021-07-11,1.00,1.00,1.00,1.00,0.99,0.95,0.74,projected
Great Yarmouth,2021-07-12,1.00,1.00,1.00,1.00,0.99,0.95,0.74,projected
Great Yarmouth,2021-07-13,1.00,1.00,1.00,0.99,0.97,0.90,0.63,projected
Great Yarmouth,2021-07-14,1.00,1.00,1.00,0.99,0.97,0.90,0.63,projected
Great Yarmouth,2021-07-15,1.00,1.00,1.00,0.99,0.97,0.90,0.63,projected
Great Yarmouth,2021-07-16,1.00,1.00,1.00,0.99,0.97,0.90,0.63,projected
Great Yarmouth,2021-07-17,1.00,1.00,1.00,0.99,0.97,0.90,0.63,projected
Great Yarmouth,2021-07-18,1.00,1.00,1.00,0.99,0.97,0.90,0.63,projected
Great Yarmouth,2021-07-19,1.00,1.00,1.00,0.99,0.97,0.90,0.63,projected
Great Yarmouth,2021-07-20,1.00,1.00,0.98,0.97,0.96,0.85,0.55,projected
Great Yarmouth,2021-07-21,1.00,1.00,0.98,0.97,0.96,0.85,0.55,projected
Great Yarmouth,2021-07-22,1.00,1.00,0.98,0.97,0.96,0.85,0.55,projected
Great Yarmouth,2021-07-23,1.00,1.00,0.98,0.97,0.96,0.85,0.55,projected
Great Yarmouth,2021-07-24,1.00,1.00,0.98,0.97,0.96,0.85,0.55,projected
Great Yarmouth,2021-07-25,1.00,1.00,0.98,0.97,0.96,0.85,0.55,projected
Great Yarmouth,2021-07-26,1.00,1.00,0.98,0.97,0.96,0.85,0.55,projected
Greater Glasgow and Clyde,2021-03-23,0.41,0.08,0.01,0.00,0.00,0.00,0.00,inferred
Greater Glasgow and Clyde,2021-03-24,0.41,0.08,0.01,0.00,0.00,0.00,0.00,inferred
Greater Glasgow and Clyde,2021-03-25,0.41,0.08,0.01,0.00,0.00,0.00,0.00,inferred
Greater Glasgow and Clyde,2021-03-26,0.41,0.08,0.01,0.00,0.00,0.00,0.00,inferred
Greater Glasgow and Clyde,2021-03-27,0.41,0.08,0.01,0.00,0.00,0.00,0.00,inferred
Greater Glasgow and Clyde,2021-03-28,0.41,0.08,0.01,0.00,0.00,0.00,0.00,inferred
Greater Glasgow and Clyde,2021-03-29,0.41,0.08,0.01,0.00,0.00,0.00,0.00,inferred
Greater Glasgow and Clyde,2021-03-30,0.33,0.10,0.02,0.00,0.00,0.00,0.00,inferred
Greater Glasgow and Clyde,2021-03-31,0.33,0.10,0.02,0.00,0.00,0.00,0.00,inferred
Greater Glasgow and Clyde,2021-04-01,0.33,0.10,0.02,0.00,0.00,0.00,0.00,inferred
Greater Glasgow and Clyde,2021-04-02,0.33,0.10,0.02,0.00,0.00,0.00,0.00,inferred
Greater Glasgow and Clyde,2021-04-03,0.33,0.10,0.02,0.00,0.00,0.00,0.00,inferred
Greater Glasgow and Clyde,2021-04-04,0.33,0.10,0.02,0.00,0.00,0.00,0.00,inferred
Greater Glasgow and Clyde,2021-04-05,0.33,0.10,0.02,0.00,0.00,0.00,0.00,inferred
Greater Glasgow and Clyde,2021-04-06,0.65,0.33,0.11,0.02,0.00,0.00,0.00,inferred
Greater Glasgow and Clyde,2021-04-07,0.65,0.33,0.11,0.02,0.00,0.00,0.00,inferred
Greater Glasgow and Clyde,2021-04-08,0.65,0.33,0.11,0.02,0.00,0.00,0.00,inferred
Greater Glasgow and Clyde,2021-04-09,0.65,0.33,0.11,0.02,0.00,0.00,0.00,inferred
Greater Glasgow and Clyde,2021-04-10,0.65,0.33,0.11,0.02,0.00,0.00,0.00,inferred
Greater Glasgow and Clyde,2021-04-11,0.65,0.33,0.11,0.02,0.00,0.00,0.00,inferred
Greater Glasgow and Clyde,2021-04-12,0.65,0.33,0.11,0.02,0.00,0.00,0.00,inferred
Greater Glasgow and Clyde,2021-04-13,0.19,0.04,0.00,0.00,0.00,0.00,0.00,inferred
Greater Glasgow and Clyde,2021-04-14,0.19,0.04,0.00,0.00,0.00,0.00,0.00,inferred
Greater Glasgow and Clyde,2021-04-15,0.19,0.04,0.00,0.00,0.00,0.00,0.00,inferred
Greater Glasgow and Clyde,2021-04-16,0.19,0.04,0.00,0.00,0.00,0.00,0.00,inferred
Greater Glasgow and Clyde,2021-04-17,0.19,0.04,0.00,0.00,0.00,0.00,0.00,inferred
Greater Glasgow and Clyde,2021-04-18,0.19,0.04,0.00,0.00,0.00,0.00,0.00,inferred
Greater Glasgow and Clyde,2021-04-19,0.19,0.04,0.00,0.00,0.00,0.00,0.00,inferred
Greater Glasgow and Clyde,2021-04-20,0.29,0.09,0.02,0.00,0.00,0.00,0.00,inferred
Greater Glasgow and Clyde,2021-04-21,0.29,0.09,0.02,0.00,0.00,0.00,0.00,inferred
Greater Glasgow and Clyde,2021-04-22,0.29,0.09,0.02,0.00,0.00,0.00,0.00,inferred
Greater Glasgow and Clyde,2021-04-23,0.29,0.09,0.02,0.00,0.00,0.00,0.00,inferred
Greater Glasgow and Clyde,2021-04-24,0.29,0.09,0.02,0.00,0.00,0.00,0.00,inferred
Greater Glasgow and Clyde,2021-04-25,0.29,0.09,0.02,0.00,0.00,0.00,0.00,inferred
Greater Glasgow and Clyde,2021-04-26,0.29,0.09,0.02,0.00,0.00,0.00,0.00,inferred
Greater Glasgow and Clyde,2021-04-27,0.99,0.96,0.88,0.74,0.56,0.10,0.00,inferred
Greater Glasgow and Clyde,2021-04-28,0.99,0.96,0.88,0.74,0.56,0.10,0.00,inferred
Greater Glasgow and Clyde,2021-04-29,0.99,0.96,0.88,0.74,0.56,0.10,0.00,inferred
Greater Glasgow and Clyde,2021-04-30,0.99,0.96,0.88,0.74,0.56,0.10,0.00,inferred
Greater Glasgow and Clyde,2021-05-01,0.99,0.96,0.88,0.74,0.56,0.10,0.00,inferred
Greater Glasgow and Clyde,2021-05-02,0.99,0.96,0.88,0.74,0.56,0.10,0.00,inferred
Greater Glasgow and Clyde,2021-05-03,0.99,0.96,0.88,0.74,0.56,0.10,0.00,inferred
Greater Glasgow and Clyde,2021-05-04,1.00,1.00,1.00,1.00,1.00,0.95,0.48,inferred
Greater Glasgow and Clyde,2021-05-05,1.00,1.00,1.00,1.00,1.00,0.95,0.48,inferred
Greater Glasgow and Clyde,2021-05-06,1.00,1.00,1.00,1.00,1.00,0.95,0.48,inferred
Greater Glasgow and Clyde,2021-05-07,1.00,1.00,1.00,1.00,1.00,0.95,0.48,inferred
Greater Glasgow and Clyde,2021-05-08,1.00,1.00,1.00,1.00,1.00,0.95,0.48,inferred
Greater Glasgow and Clyde,2021-05-09,1.00,1.00,1.00,1.00,1.00,0.95,0.48,inferred
Greater Glasgow and Clyde,2021-05-10,1.00,1.00,1.00,1.00,1.00,0.95,0.48,inferred
Greater Glasgow and Clyde,2021-05-11,1.00,1.00,1.00,0.99,0.97,0.65,0.06,inferred
Greater Glasgow and Clyde,2021-05-12,1.00,1.00,1.00,0.99,0.97,0.65,0.06,inferred
Greater Glasgow and Clyde,2021-05-13,1.00,1.00,1.00,0.99,0.97,0.65,0.06,inferred
Greater Glasgow and Clyde,2021-05-14,1.00,1.00,1.00,0.99,0.97,0.65,0.06,inferred
Greater Glasgow and Clyde,2021-05-15,1.00,1.00,1.00,0.99,0.97,0.65,0.06,inferred
Greater Glasgow and Clyde,2021-05-16,1.00,1.00,1.00,0.99,0.97,0.65,0.06,inferred
Greater Glasgow and Clyde,2021-05-17,1.00,1.00,1.00,0.99,0.97,0.65,0.06,inferred
Greater Glasgow and Clyde,2021-05-18,1.00,0.98,0.89,0.65,0.39,0.01,0.00,inferred
Greater Glasgow and Clyde,2021-05-19,1.00,0.98,0.89,0.65,0.39,0.01,0.00,inferred
Greater Glasgow and Clyde,2021-05-20,1.00,0.98,0.89,0.65,0.39,0.01,0.00,inferred
Greater Glasgow and Clyde,2021-05-21,1.00,0.98,0.89,0.65,0.39,0.01,0.00,inferred
Greater Glasgow and Clyde,2021-05-22,1.00,0.98,0.89,0.65,0.39,0.01,0.00,inferred
Greater Glasgow and Clyde,2021-05-23,1.00,0.98,0.89,0.65,0.39,0.01,0.00,inferred
Greater Glasgow and Clyde,2021-05-24,1.00,0.98,0.89,0.65,0.39,0.01,0.00,inferred
Greater Glasgow and Clyde,2021-05-25,1.00,0.99,0.90,0.65,0.32,0.00,0.00,inferred
Greater Glasgow and Clyde,2021-05-26,1.00,0.99,0.90,0.65,0.32,0.00,0.00,inferred
Greater Glasgow and Clyde,2021-05-27,1.00,0.99,0.90,0.65,0.32,0.00,0.00,inferred
Greater Glasgow and Clyde,2021-05-28,1.00,0.99,0.90,0.65,0.32,0.00,0.00,inferred
Greater Glasgow and Clyde,2021-05-29,1.00,0.99,0.90,0.65,0.32,0.00,0.00,inferred
Greater Glasgow and Clyde,2021-05-30,1.00,0.99,0.90,0.65,0.32,0.00,0.00,inferred
Greater Glasgow and Clyde,2021-05-31,1.00,0.99,0.90,0.65,0.32,0.00,0.00,inferred
Greater Glasgow and Clyde,2021-06-01,1.00,0.95,0.76,0.39,0.15,0.00,0.00,inferred
Greater Glasgow and Clyde,2021-06-02,1.00,0.95,0.76,0.39,0.15,0.00,0.00,inferred
Greater Glasgow and Clyde,2021-06-03,1.00,0.95,0.76,0.39,0.15,0.00,0.00,inferred
Greater Glasgow and Clyde,2021-06-04,1.00,0.95,0.76,0.39,0.15,0.00,0.00,inferred
Greater Glasgow and Clyde,2021-06-05,1.00,0.95,0.76,0.39,0.15,0.00,0.00,inferred
Greater Glasgow and Clyde,2021-06-06,1.00,0.95,0.76,0.39,0.15,0.00,0.00,inferred
Greater Glasgow and Clyde,2021-06-07,1.00,0.95,0.76,0.39,0.15,0.00,0.00,inferred
Greater Glasgow and Clyde,2021-06-08,1.00,0.98,0.89,0.60,0.27,0.00,0.00,inferred
Greater Glasgow and Clyde,2021-06-09,1.00,0.98,0.89,0.60,0.27,0.00,0.00,inferred
Greater Glasgow and Clyde,2021-06-10,1.00,0.98,0.89,0.60,0.27,0.00,0.00,inferred
Greater Glasgow and Clyde,2021-06-11,1.00,0.98,0.89,0.60,0.27,0.00,0.00,inferred
Greater Glasgow and Clyde,2021-06-12,1.00,0.98,0.89,0.60,0.27,0.00,0.00,inferred
Greater Glasgow and Clyde,2021-06-13,1.00,0.98,0.89,0.60,0.27,0.00,0.00,inferred
Greater Glasgow and Clyde,2021-06-14,1.00,0.98,0.89,0.60,0.27,0.00,0.00,inferred
Greater Glasgow and Clyde,2021-06-15,1.00,1.00,1.00,1.00,1.00,1.00,0.66,inferred
Greater Glasgow and Clyde,2021-06-16,1.00,1.00,1.00,1.00,1.00,1.00,0.66,inferred
Greater Glasgow and Clyde,2021-06-17,1.00,1.00,1.00,1.00,1.00,1.00,0.66,inferred
Greater Glasgow and Clyde,2021-06-18,1.00,1.00,1.00,1.00,1.00,1.00,0.66,inferred
Greater Glasgow and Clyde,2021-06-19,1.00,1.00,1.00,1.00,1.00,1.00,0.66,inferred
Greater Glasgow and Clyde,2021-06-20,1.00,1.00,1.00,1.00,1.00,1.00,0.66,inferred
Greater Glasgow and Clyde,2021-06-21,1.00,1.00,1.00,1.00,1.00,1.00,0.66,inferred
Greater Glasgow and Clyde,2021-06-22,1.00,1.00,1.00,1.00,1.00,0.77,0.10,inferred
Greater Glasgow and Clyde,2021-06-23,1.00,1.00,1.00,1.00,1.00,0.77,0.10,inferred
Greater Glasgow and Clyde,2021-06-24,1.00,1.00,1.00,1.00,1.00,0.77,0.10,inferred
Greater Glasgow and Clyde,2021-06-25,1.00,1.00,1.00,1.00,1.00,0.77,0.10,inferred
Greater Glasgow and Clyde,2021-06-26,1.00,1.00,1.00,1.00,1.00,0.77,0.10,inferred
Greater Glasgow and Clyde,2021-06-27,1.00,1.00,1.00,1.00,1.00,0.77,0.10,inferred
Greater Glasgow and Clyde,2021-06-28,1.00,1.00,1.00,1.00,1.00,0.77,0.10,inferred
Greater Glasgow and Clyde,2021-06-29,0.10,0.03,0.01,0.00,0.00,0.00,0.00,inferred
Greater Glasgow and Clyde,2021-06-30,0.10,0.03,0.01,0.00,0.00,0.00,0.00,inferred
Greater Glasgow and Clyde,2021-07-01,0.10,0.03,0.01,0.00,0.00,0.00,0.00,inferred
Greater Glasgow and Clyde,2021-07-02,0.10,0.03,0.01,0.00,0.00,0.00,0.00,inferred
Greater Glasgow and Clyde,2021-07-03,0.10,0.03,0.01,0.00,0.00,0.00,0.00,inferred
Greater Glasgow and Clyde,2021-07-04,0.10,0.03,0.01,0.00,0.00,0.00,0.00,inferred
Greater Glasgow and Clyde,2021-07-05,0.10,0.03,0.01,0.00,0.00,0.00,0.00,inferred
Greater Glasgow and Clyde,2021-07-06,0.30,0.21,0.15,0.10,0.07,0.03,0.01,projected
Greater Glasgow and Clyde,2021-07-07,0.30,0.21,0.15,0.10,0.07,0.03,0.01,projected
Greater Glasgow and Clyde,2021-07-08,0.30,0.21,0.15,0.10,0.07,0.03,0.01,projected
Greater Glasgow and Clyde,2021-07-09,0.30,0.21,0.15,0.10,0.07,0.03,0.01,projected
Greater Glasgow and Clyde,2021-07-10,0.30,0.21,0.15,0.10,0.07,0.03,0.01,projected
Greater Glasgow and Clyde,2021-07-11,0.30,0.21,0.15,0.10,0.07,0.03,0.01,projected
Greater Glasgow and Clyde,2021-07-12,0.30,0.21,0.15,0.10,0.07,0.03,0.01,projected
Greater Glasgow and Clyde,2021-07-13,0.36,0.28,0.22,0.18,0.14,0.07,0.02,projected
Greater Glasgow and Clyde,2021-07-14,0.36,0.28,0.22,0.18,0.14,0.07,0.02,projected
Greater Glasgow and Clyde,2021-07-15,0.36,0.28,0.22,0.18,0.14,0.07,0.02,projected
Greater Glasgow and Clyde,2021-07-16,0.36,0.28,0.22,0.18,0.14,0.07,0.02,projected
Greater Glasgow and Clyde,2021-07-17,0.36,0.28,0.22,0.18,0.14,0.07,0.02,projected
Greater Glasgow and Clyde,2021-07-18,0.36,0.28,0.22,0.18,0.14,0.07,0.02,projected
Greater Glasgow and Clyde,2021-07-19,0.36,0.28,0.22,0.18,0.14,0.07,0.02,projected
Greater Glasgow and Clyde,2021-07-20,0.42,0.34,0.30,0.24,0.20,0.12,0.06,projected
Greater Glasgow and Clyde,2021-07-21,0.42,0.34,0.30,0.24,0.20,0.12,0.06,projected
Greater Glasgow and Clyde,2021-07-22,0.42,0.34,0.30,0.24,0.20,0.12,0.06,projected
Greater Glasgow and Clyde,2021-07-23,0.42,0.34,0.30,0.24,0.20,0.12,0.06,projected
Greater Glasgow and Clyde,2021-07-24,0.42,0.34,0.30,0.24,0.20,0.12,0.06,projected
Greater Glasgow and Clyde,2021-07-25,0.42,0.34,0.30,0.24,0.20,0.12,0.06,projected
Greater Glasgow and Clyde,2021-07-26,0.42,0.34,0.30,0.24,0.20,0.12,0.06,projected
Greenwich,2021-03-23,0.00,0.00,0.00,0.00,0.00,0.00,0.00,inferred
Greenwich,2021-03-24,0.00,0.00,0.00,0.00,0.00,0.00,0.00,inferred
Greenwich,2021-03-25,0.00,0.00,0.00,0.00,0.00,0.00,0.00,inferred
Greenwich,2021-03-26,0.00,0.00,0.00,0.00,0.00,0.00,0.00,inferred
Greenwich,2021-03-27,0.00,0.00,0.00,0.00,0.00,0.00,0.00,inferred
Greenwich,2021-03-28,0.00,0.00,0.00,0.00,0.00,0.00,0.00,inferred
Greenwich,2021-03-29,0.00,0.00,0.00,0.00,0.00,0.00,0.00,inferred
Greenwich,2021-03-30,0.38,0.15,0.04,0.01,0.00,0.00,0.00,inferred
Greenwich,2021-03-31,0.38,0.15,0.04,0.01,0.00,0.00,0.00,inferred
Greenwich,2021-04-01,0.38,0.15,0.04,0.01,0.00,0.00,0.00,inferred
Greenwich,2021-04-02,0.38,0.15,0.04,0.01,0.00,0.00,0.00,inferred
Greenwich,2021-04-03,0.38,0.15,0.04,0.01,0.00,0.00,0.00,inferred
Greenwich,2021-04-04,0.38,0.15,0.04,0.01,0.00,0.00,0.00,inferred
Greenwich,2021-04-05,0.38,0.15,0.04,0.01,0.00,0.00,0.00,inferred
Greenwich,2021-04-06,0.93,0.77,0.48,0.23,0.08,0.00,0.00,inferred
Greenwich,2021-04-07,0.93,0.77,0.48,0.23,0.08,0.00,0.00,inferred
Greenwich,2021-04-08,0.93,0.77,0.48,0.23,0.08,0.00,0.00,inferred
Greenwich,2021-04-09,0.93,0.77,0.48,0.23,0.08,0.00,0.00,inferred
Greenwich,2021-04-10,0.93,0.77,0.48,0.23,0.08,0.00,0.00,inferred
Greenwich,2021-04-11,0.93,0.77,0.48,0.23,0.08,0.00,0.00,inferred
Greenwich,2021-04-12,0.93,0.77,0.48,0.23,0.08,0.00,0.00,inferred
Greenwich,2021-04-13,0.98,0.90,0.69,0.42,0.20,0.00,0.00,inferred
Greenwich,2021-04-14,0.98,0.90,0.69,0.42,0.20,0.00,0.00,inferred
Greenwich,2021-04-15,0.98,0.90,0.69,0.42,0.20,0.00,0.00,inferred
Greenwich,2021-04-16,0.98,0.90,0.69,0.42,0.20,0.00,0.00,inferred
Greenwich,2021-04-17,0.98,0.90,0.69,0.42,0.20,0.00,0.00,inferred
Greenwich,2021-04-18,0.98,0.90,0.69,0.42,0.20,0.00,0.00,inferred
Greenwich,2021-04-19,0.98,0.90,0.69,0.42,0.20,0.00,0.00,inferred
Greenwich,2021-04-20,0.88,0.66,0.37,0.13,0.04,0.00,0.00,inferred
Greenwich,2021-04-21,0.88,0.66,0.37,0.13,0.04,0.00,0.00,inferred
Greenwich,2021-04-22,0.88,0.66,0.37,0.13,0.04,0.00,0.00,inferred
Greenwich,2021-04-23,0.88,0.66,0.37,0.13,0.04,0.00,0.00,inferred
Greenwich,2021-04-24,0.88,0.66,0.37,0.13,0.04,0.00,0.00,inferred
Greenwich,2021-04-25,0.88,0.66,0.37,0.13,0.04,0.00,0.00,inferred
Greenwich,2021-04-26,0.88,0.66,0.37,0.13,0.04,0.00,0.00,inferred
Greenwich,2021-04-27,0.99,0.96,0.85,0.63,0.37,0.01,0.00,inferred
Greenwich,2021-04-28,0.99,0.96,0.85,0.63,0.37,0.01,0.00,inferred
Greenwich,2021-04-29,0.99,0.96,0.85,0.63,0.37,0.01,0.00,inferred
Greenwich,2021-04-30,0.99,0.96,0.85,0.63,0.37,0.01,0.00,inferred
Greenwich,2021-05-01,0.99,0.96,0.85,0.63,0.37,0.01,0.00,inferred
Greenwich,2021-05-02,0.99,0.96,0.85,0.63,0.37,0.01,0.00,inferred
Greenwich,2021-05-03,0.99,0.96,0.85,0.63,0.37,0.01,0.00,inferred
Greenwich,2021-05-04,1.00,0.99,0.94,0.80,0.52,0.03,0.00,inferred
Greenwich,2021-05-05,1.00,0.99,0.94,0.80,0.52,0.03,0.00,inferred
Greenwich,2021-05-06,1.00,0.99,0.94,0.80,0.52,0.03,0.00,inferred
Greenwich,2021-05-07,1.00,0.99,0.94,0.80,0.52,0.03,0.00,inferred
Greenwich,2021-05-08,1.00,0.99,0.94,0.80,0.52,0.03,0.00,inferred
Greenwich,2021-05-09,1.00,0.99,0.94,0.80,0.52,0.03,0.00,inferred
Greenwich,2021-05-10,1.00,0.99,0.94,0.80,0.52,0.03,0.00,inferred
Greenwich,2021-05-11,1.00,0.99,0.92,0.71,0.41,0.02,0.00,inferred
Greenwich,2021-05-12,1.00,0.99,0.92,0.71,0.41,0.02,0.00,inferred
Greenwich,2021-05-13,1.00,0.99,0.92,0.71,0.41,0.02,0.00,inferred
Greenwich,2021-05-14,1.00,0.99,0.92,0.71,0.41,0.02,0.00,inferred
Greenwich,2021-05-15,1.00,0.99,0.92,0.71,0.41,0.02,0.00,inferred
Greenwich,2021-05-16,1.00,0.99,0.92,0.71,0.41,0.02,0.00,inferred
Greenwich,2021-05-17,1.00,0.99,0.92,0.71,0.41,0.02,0.00,inferred
Greenwich,2021-05-18,1.00,1.00,1.00,0.97,0.86,0.18,0.00,inferred
Greenwich,2021-05-19,1.00,1.00,1.00,0.97,0.86,0.18,0.00,inferred
Greenwich,2021-05-20,1.00,1.00,1.00,0.97,0.86,0.18,0.00,inferred
Greenwich,2021-05-21,1.00,1.00,1.00,0.97,0.86,0.18,0.00,inferred
Greenwich,2021-05-22,1.00,1.00,1.00,0.97,0.86,0.18,0.00,inferred
Greenwich,2021-05-23,1.00,1.00,1.00,0.97,0.86,0.18,0.00,inferred
Greenwich,2021-05-24,1.00,1.00,1.00,0.97,0.86,0.18,0.00,inferred
Greenwich,2021-05-25,1.00,1.00,1.00,0.99,0.96,0.34,0.00,inferred
Greenwich,2021-05-26,1.00,1.00,1.00,0.99,0.96,0.34,0.00,inferred
Greenwich,2021-05-27,1.00,1.00,1.00,0.99,0.96,0.34,0.00,inferred
Greenwich,2021-05-28,1.00,1.00,1.00,0.99,0.96,0.34,0.00,inferred
Greenwich,2021-05-29,1.00,1.00,1.00,0.99,0.96,0.34,0.00,inferred
Greenwich,2021-05-30,1.00,1.00,1.00,0.99,0.96,0.34,0.00,inferred
Greenwich,2021-05-31,1.00,1.00,1.00,0.99,0.96,0.34,0.00,inferred
Greenwich,2021-06-01,1.00,1.00,0.97,0.82,0.52,0.02,0.00,inferred
Greenwich,2021-06-02,1.00,1.00,0.97,0.82,0.52,0.02,0.00,inferred
Greenwich,2021-06-03,1.00,1.00,0.97,0.82,0.52,0.02,0.00,inferred
Greenwich,2021-06-04,1.00,1.00,0.97,0.82,0.52,0.02,0.00,inferred
Greenwich,2021-06-05,1.00,1.00,0.97,0.82,0.52,0.02,0.00,inferred
Greenwich,2021-06-06,1.00,1.00,0.97,0.82,0.52,0.02,0.00,inferred
Greenwich,2021-06-07,1.00,1.00,0.97,0.82,0.52,0.02,0.00,inferred
Greenwich,2021-06-08,1.00,1.00,0.96,0.74,0.34,0.00,0.00,inferred
Greenwich,2021-06-09,1.00,1.00,0.96,0.74,0.34,0.00,0.00,inferred
Greenwich,2021-06-10,1.00,1.00,0.96,0.74,0.34,0.00,0.00,inferred
Greenwich,2021-06-11,1.00,1.00,0.96,0.74,0.34,0.00,0.00,inferred
Greenwich,2021-06-12,1.00,1.00,0.96,0.74,0.34,0.00,0.00,inferred
Greenwich,2021-06-13,1.00,1.00,0.96,0.74,0.34,0.00,0.00,inferred
Greenwich,2021-06-14,1.00,1.00,0.96,0.74,0.34,0.00,0.00,inferred
Greenwich,2021-06-15,1.00,1.00,1.00,1.00,1.00,0.99,0.15,inferred
Greenwich,2021-06-16,1.00,1.00,1.00,1.00,1.00,0.99,0.15,inferred
Greenwich,2021-06-17,1.00,1.00,1.00,1.00,1.00,0.99,0.15,inferred
Greenwich,2021-06-18,1.00,1.00,1.00,1.00,1.00,0.99,0.15,inferred
Greenwich,2021-06-19,1.00,1.00,1.00,1.00,1.00,0.99,0.15,inferred
Greenwich,2021-06-20,1.00,1.00,1.00,1.00,1.00,0.99,0.15,inferred
Greenwich,2021-06-21,1.00,1.00,1.00,1.00,1.00,0.99,0.15,inferred
Greenwich,2021-06-22,1.00,1.00,1.00,1.00,1.00,0.90,0.20,inferred
Greenwich,2021-06-23,1.00,1.00,1.00,1.00,1.00,0.90,0.20,inferred
Greenwich,2021-06-24,1.00,1.00,1.00,1.00,1.00,0.90,0.20,inferred
Greenwich,2021-06-25,1.00,1.00,1.00,1.00,1.00,0.90,0.20,inferred
Greenwich,2021-06-26,1.00,1.00,1.00,1.00,1.00,0.90,0.20,inferred
Greenwich,2021-06-27,1.00,1.00,1.00,1.00,1.00,0.90,0.20,inferred
Greenwich,2021-06-28,1.00,1.00,1.00,1.00,1.00,0.90,0.20,inferred
Greenwich,2021-06-29,1.00,1.00,1.00,0.98,0.91,0.36,0.00,inferred
Greenwich,2021-06-30,1.00,1.00,1.00,0.98,0.91,0.36,0.00,inferred
Greenwich,2021-07-01,1.00,1.00,1.00,0.98,0.91,0.36,0.00,inferred
Greenwich,2021-07-02,1.00,1.00,1.00,0.98,0.91,0.36,0.00,inferred
Greenwich,2021-07-03,1.00,1.00,1.00,0.98,0.91,0.36,0.00,inferred
Greenwich,2021-07-04,1.00,1.00,1.00,0.98,0.91,0.36,0.00,inferred
Greenwich,2021-07-05,1.00,1.00,1.00,0.98,0.91,0.36,0.00,inferred
Greenwich,2021-07-06,1.00,0.99,0.96,0.88,0.76,0.34,0.05,projected
Greenwich,2021-07-07,1.00,0.99,0.96,0.88,0.76,0.34,0.05,projected
Greenwich,2021-07-08,1.00,0.99,0.96,0.88,0.76,0.34,0.05,projected
Greenwich,2021-07-09,1.00,0.99,0.96,0.88,0.76,0.34,0.05,projected
Greenwich,2021-07-10,1.00,0.99,0.96,0.88,0.76,0.34,0.05,projected
Greenwich,2021-07-11,1.00,0.99,0.96,0.88,0.76,0.34,0.05,projected
Greenwich,2021-07-12,1.00,0.99,0.96,0.88,0.76,0.34,0.05,projected
Greenwich,2021-07-13,0.99,0.96,0.90,0.81,0.69,0.31,0.05,projected
Greenwich,2021-07-14,0.99,0.96,0.90,0.81,0.69,0.31,0.05,projected
Greenwich,2021-07-15,0.99,0.96,0.90,0.81,0.69,0.31,0.05,projected
Greenwich,2021-07-16,0.99,0.96,0.90,0.81,0.69,0.31,0.05,projected
Greenwich,2021-07-17,0.99,0.96,0.90,0.81,0.69,0.31,0.05,projected
Greenwich,2021-07-18,0.99,0.96,0.90,0.81,0.69,0.31,0.05,projected
Greenwich,2021-07-19,0.99,0.96,0.90,0.81,0.69,0.31,0.05,projected
Greenwich,2021-07-20,0.98,0.95,0.88,0.77,0.66,0.32,0.07,projected
Greenwich,2021-07-21,0.98,0.95,0.88,0.77,0.66,0.32,0.07,projected
Greenwich,2021-07-22,0.98,0.95,0.88,0.77,0.66,0.32,0.07,projected
Greenwich,2021-07-23,0.98,0.95,0.88,0.77,0.66,0.32,0.07,projected
Greenwich,2021-07-24,0.98,0.95,0.88,0.77,0.66,0.32,0.07,projected
Greenwich,2021-07-25,0.98,0.95,0.88,0.77,0.66,0.32,0.07,projected
Greenwich,2021-07-26,0.98,0.95,0.88,0.77,0.66,0.32,0.07,projected
Guildford,2021-03-23,0.16,0.06,0.01,0.00,0.00,0.00,0.00,inferred
Guildford,2021-03-24,0.16,0.06,0.01,0.00,0.00,0.00,0.00,inferred
Guildford,2021-03-25,0.16,0.06,0.01,0.00,0.00,0.00,0.00,inferred
Guildford,2021-03-26,0.16,0.06,0.01,0.00,0.00,0.00,0.00,inferred
Guildford,2021-03-27,0.16,0.06,0.01,0.00,0.00,0.00,0.00,inferred
Guildford,2021-03-28,0.16,0.06,0.01,0.00,0.00,0.00,0.00,inferred
Guildford,2021-03-29,0.16,0.06,0.01,0.00,0.00,0.00,0.00,inferred
Guildford,2021-03-30,0.98,0.94,0.85,0.72,0.55,0.12,0.00,inferred
Guildford,2021-03-31,0.98,0.94,0.85,0.72,0.55,0.12,0.00,inferred
Guildford,2021-04-01,0.98,0.94,0.85,0.72,0.55,0.12,0.00,inferred
Guildford,2021-04-02,0.98,0.94,0.85,0.72,0.55,0.12,0.00,inferred
Guildford,2021-04-03,0.98,0.94,0.85,0.72,0.55,0.12,0.00,inferred
Guildford,2021-04-04,0.98,0.94,0.85,0.72,0.55,0.12,0.00,inferred
Guildford,2021-04-05,0.98,0.94,0.85,0.72,0.55,0.12,0.00,inferred
Guildford,2021-04-06,0.99,0.98,0.93,0.85,0.71,0.23,0.00,inferred
Guildford,2021-04-07,0.99,0.98,0.93,0.85,0.71,0.23,0.00,inferred
Guildford,2021-04-08,0.99,0.98,0.93,0.85,0.71,0.23,0.00,inferred
Guildford,2021-04-09,0.99,0.98,0.93,0.85,0.71,0.23,0.00,inferred
Guildford,2021-04-10,0.99,0.98,0.93,0.85,0.71,0.23,0.00,inferred
Guildford,2021-04-11,0.99,0.98,0.93,0.85,0.71,0.23,0.00,inferred
Guildford,2021-04-12,0.99,0.98,0.93,0.85,0.71,0.23,0.00,inferred
Guildford,2021-04-13,0.81,0.64,0.44,0.25,0.13,0.01,0.00,inferred
Guildford,2021-04-14,0.81,0.64,0.44,0.25,0.13,0.01,0.00,inferred
Guildford,2021-04-15,0.81,0.64,0.44,0.25,0.13,0.01,0.00,inferred
Guildford,2021-04-16,0.81,0.64,0.44,0.25,0.13,0.01,0.00,inferred
Guildford,2021-04-17,0.81,0.64,0.44,0.25,0.13,0.01,0.00,inferred
Guildford,2021-04-18,0.81,0.64,0.44,0.25,0.13,0.01,0.00,inferred
Guildford,2021-04-19,0.81,0.64,0.44,0.25,0.13,0.01,0.00,inferred
Guildford,2021-04-20,0.37,0.18,0.07,0.02,0.01,0.00,0.00,inferred
Guildford,2021-04-21,0.37,0.18,0.07,0.02,0.01,0.00,0.00,inferred
Guildford,2021-04-22,0.37,0.18,0.07,0.02,0.01,0.00,0.00,inferred
Guildford,2021-04-23,0.37,0.18,0.07,0.02,0.01,0.00,0.00,inferred
Guildford,2021-04-24,0.37,0.18,0.07,0.02,0.01,0.00,0.00,inferred
Guildford,2021-04-25,0.37,0.18,0.07,0.02,0.01,0.00,0.00,inferred
Guildford,2021-04-26,0.37,0.18,0.07,0.02,0.01,0.00,0.00,inferred
Guildford,2021-04-27,0.18,0.07,0.02,0.01,0.00,0.00,0.00,inferred
Guildford,2021-04-28,0.18,0.07,0.02,0.01,0.00,0.00,0.00,inferred
Guildford,2021-04-29,0.18,0.07,0.02,0.01,0.00,0.00,0.00,inferred
Guildford,2021-04-30,0.18,0.07,0.02,0.01,0.00,0.00,0.00,inferred
Guildford,2021-05-01,0.18,0.07,0.02,0.01,0.00,0.00,0.00,inferred
Guildford,2021-05-02,0.18,0.07,0.02,0.01,0.00,0.00,0.00,inferred
Guildford,2021-05-03,0.18,0.07,0.02,0.01,0.00,0.00,0.00,inferred
Guildford,2021-05-04,0.42,0.26,0.14,0.08,0.04,0.00,0.00,inferred
Guildford,2021-05-05,0.42,0.26,0.14,0.08,0.04,0.00,0.00,inferred
Guildford,2021-05-06,0.42,0.26,0.14,0.08,0.04,0.00,0.00,inferred
Guildford,2021-05-07,0.42,0.26,0.14,0.08,0.04,0.00,0.00,inferred
Guildford,2021-05-08,0.42,0.26,0.14,0.08,0.04,0.00,0.00,inferred
Guildford,2021-05-09,0.42,0.26,0.14,0.08,0.04,0.00,0.00,inferred
Guildford,2021-05-10,0.42,0.26,0.14,0.08,0.04,0.00,0.00,inferred
Guildford,2021-05-11,0.79,0.66,0.49,0.35,0.22,0.04,0.00,inferred
Guildford,2021-05-12,0.79,0.66,0.49,0.35,0.22,0.04,0.00,inferred
Guildford,2021-05-13,0.79,0.66,0.49,0.35,0.22,0.04,0.00,inferred
Guildford,2021-05-14,0.79,0.66,0.49,0.35,0.22,0.04,0.00,inferred
Guildford,2021-05-15,0.79,0.66,0.49,0.35,0.22,0.04,0.00,inferred
Guildford,2021-05-16,0.79,0.66,0.49,0.35,0.22,0.04,0.00,inferred
Guildford,2021-05-17,0.79,0.66,0.49,0.35,0.22,0.04,0.00,inferred
Guildford,2021-05-18,1.00,1.00,0.99,0.98,0.95,0.75,0.21,inferred
Guildford,2021-05-19,1.00,1.00,0.99,0.98,0.95,0.75,0.21,inferred
Guildford,2021-05-20,1.00,1.00,0.99,0.98,0.95,0.75,0.21,inferred
Guildford,2021-05-21,1.00,1.00,0.99,0.98,0.95,0.75,0.21,inferred
Guildford,2021-05-22,1.00,1.00,0.99,0.98,0.95,0.75,0.21,inferred
Guildford,2021-05-23,1.00,1.00,0.99,0.98,0.95,0.75,0.21,inferred
Guildford,2021-05-24,1.00,1.00,0.99,0.98,0.95,0.75,0.21,inferred
Guildford,2021-05-25,1.00,1.00,1.00,1.00,1.00,0.93,0.51,inferred
Guildford,2021-05-26,1.00,1.00,1.00,1.00,1.00,0.93,0.51,inferred
Guildford,2021-05-27,1.00,1.00,1.00,1.00,1.00,0.93,0.51,inferred
Guildford,2021-05-28,1.00,1.00,1.00,1.00,1.00,0.93,0.51,inferred
Guildford,2021-05-29,1.00,1.00,1.00,1.00,1.00,0.93,0.51,inferred
Guildford,2021-05-30,1.00,1.00,1.00,1.00,1.00,0.93,0.51,inferred
Guildford,2021-05-31,1.00,1.00,1.00,1.00,1.00,0.93,0.51,inferred
Guildford,2021-06-01,1.00,1.00,1.00,0.98,0.93,0.55,0.05,inferred
Guildford,2021-06-02,1.00,1.00,1.00,0.98,0.93,0.55,0.05,inferred
Guildford,2021-06-03,1.00,1.00,1.00,0.98,0.93,0.55,0.05,inferred
Guildford,2021-06-04,1.00,1.00,1.00,0.98,0.93,0.55,0.05,inferred
Guildford,2021-06-05,1.00,1.00,1.00,0.98,0.93,0.55,0.05,inferred
Guildford,2021-06-06,1.00,1.00,1.00,0.98,0.93,0.55,0.05,inferred
Guildford,2021-06-07,1.00,1.00,1.00,0.98,0.93,0.55,0.05,inferred
Guildford,2021-06-08,1.00,0.99,0.93,0.80,0.60,0.10,0.00,inferred
Guildford,2021-06-09,1.00,0.99,0.93,0.80,0.60,0.10,0.00,inferred
Guildford,2021-06-10,1.00,0.99,0.93,0.80,0.60,0.10,0.00,inferred
Guildford,2021-06-11,1.00,0.99,0.93,0.80,0.60,0.10,0.00,inferred
Guildford,2021-06-12,1.00,0.99,0.93,0.80,0.60,0.10,0.00,inferred
Guildford,2021-06-13,1.00,0.99,0.93,0.80,0.60,0.10,0.00,inferred
Guildford,2021-06-14,1.00,0.99,0.93,0.80,0.60,0.10,0.00,inferred
Guildford,2021-06-15,1.00,1.00,1.00,1.00,1.00,0.96,0.30,inferred
Guildford,2021-06-16,1.00,1.00,1.00,1.00,1.00,0.96,0.30,inferred
Guildford,2021-06-17,1.00,1.00,1.00,1.00,1.00,0.96,0.30,inferred
Guildford,2021-06-18,1.00,1.00,1.00,1.00,1.00,0.96,0.30,inferred
Guildford,2021-06-19,1.00,1.00,1.00,1.00,1.00,0.96,0.30,inferred
Guildford,2021-06-20,1.00,1.00,1.00,1.00,1.00,0.96,0.30,inferred
Guildford,2021-06-21,1.00,1.00,1.00,1.00,1.00,0.96,0.30,inferred
Guildford,2021-06-22,1.00,1.00,1.00,1.00,0.99,0.76,0.09,inferred
Guildford,2021-06-23,1.00,1.00,1.00,1.00,0.99,0.76,0.09,inferred
Guildford,2021-06-24,1.00,1.00,1.00,1.00,0.99,0.76,0.09,inferred
Guildford,2021-06-25,1.00,1.00,1.00,1.00,0.99,0.76,0.09,inferred
Guildford,2021-06-26,1.00,1.00,1.00,1.00,0.99,0.76,0.09,inferred
Guildford,2021-06-27,1.00,1.00,1.00,1.00,0.99,0.76,0.09,inferred
Guildford,2021-06-28,1.00,1.00,1.00,1.00,0.99,0.76,0.09,inferred
Guildford,2021-06-29,1.00,0.99,0.97,0.92,0.82,0.38,0.03,inferred
Guildford,2021-06-30,1.00,0.99,0.97,0.92,0.82,0.38,0.03,inferred
Guildford,2021-07-01,1.00,0.99,0.97,0.92,0.82,0.38,0.03,inferred
Guildford,2021-07-02,1.00,0.99,0.97,0.92,0.82,0.38,0.03,inferred
Guildford,2021-07-03,1.00,0.99,0.97,0.92,0.82,0.38,0.03,inferred
Guildford,2021-07-04,1.00,0.99,0.97,0.92,0.82,0.38,0.03,inferred
Guildford,2021-07-05,1.00,0.99,0.97,0.92,0.82,0.38,0.03,inferred
Guildford,2021-07-06,0.98,0.95,0.90,0.81,0.70,0.38,0.08,projected
Guildford,2021-07-07,0.98,0.95,0.90,0.81,0.70,0.38,0.08,projected
Guildford,2021-07-08,0.98,0.95,0.90,0.81,0.70,0.38,0.08,projected
Guildford,2021-07-09,0.98,0.95,0.90,0.81,0.70,0.38,0.08,projected
Guildford,2021-07-10,0.98,0.95,0.90,0.81,0.70,0.38,0.08,projected
Guildford,2021-07-11,0.98,0.95,0.90,0.81,0.70,0.38,0.08,projected
Guildford,2021-07-12,0.98,0.95,0.90,0.81,0.70,0.38,0.08,projected
Guildford,2021-07-13,0.96,0.91,0.84,0.76,0.67,0.37,0.11,projected
Guildford,2021-07-14,0.96,0.91,0.84,0.76,0.67,0.37,0.11,projected
Guildford,2021-07-15,0.96,0.91,0.84,0.76,0.67,0.37,0.11,projected
Guildford,2021-07-16,0.96,0.91,0.84,0.76,0.67,0.37,0.11,projected
Guildford,2021-07-17,0.96,0.91,0.84,0.76,0.67,0.37,0.11,projected
Guildford,2021-07-18,0.96,0.91,0.84,0.76,0.67,0.37,0.11,projected
Guildford,2021-07-19,0.96,0.91,0.84,0.76,0.67,0.37,0.11,projected
Guildford,2021-07-20,0.95,0.92,0.85,0.76,0.66,0.40,0.13,projected
Guildford,2021-07-21,0.95,0.92,0.85,0.76,0.66,0.40,0.13,projected
Guildford,2021-07-22,0.95,0.92,0.85,0.76,0.66,0.40,0.13,projected
Guildford,2021-07-23,0.95,0.92,0.85,0.76,0.66,0.40,0.13,projected
Guildford,2021-07-24,0.95,0.92,0.85,0.76,0.66,0.40,0.13,projected
Guildford,2021-07-25,0.95,0.92,0.85,0.76,0.66,0.40,0.13,projected
Guildford,2021-07-26,0.95,0.92,0.85,0.76,0.66,0.40,0.13,projected
Gwynedd,2021-03-23,0.07,0.02,0.00,0.00,0.00,0.00,0.00,inferred
Gwynedd,2021-03-24,0.07,0.02,0.00,0.00,0.00,0.00,0.00,inferred
Gwynedd,2021-03-25,0.07,0.02,0.00,0.00,0.00,0.00,0.00,inferred
Gwynedd,2021-03-26,0.07,0.02,0.00,0.00,0.00,0.00,0.00,inferred
Gwynedd,2021-03-27,0.07,0.02,0.00,0.00,0.00,0.00,0.00,inferred
Gwynedd,2021-03-28,0.07,0.02,0.00,0.00,0.00,0.00,0.00,inferred
Gwynedd,2021-03-29,0.07,0.02,0.00,0.00,0.00,0.00,0.00,inferred
Gwynedd,2021-03-30,0.43,0.20,0.08,0.02,0.00,0.00,0.00,inferred
Gwynedd,2021-03-31,0.43,0.20,0.08,0.02,0.00,0.00,0.00,inferred
Gwynedd,2021-04-01,0.43,0.20,0.08,0.02,0.00,0.00,0.00,inferred
Gwynedd,2021-04-02,0.43,0.20,0.08,0.02,0.00,0.00,0.00,inferred
Gwynedd,2021-04-03,0.43,0.20,0.08,0.02,0.00,0.00,0.00,inferred
Gwynedd,2021-04-04,0.43,0.20,0.08,0.02,0.00,0.00,0.00,inferred
Gwynedd,2021-04-05,0.43,0.20,0.08,0.02,0.00,0.00,0.00,inferred
Gwynedd,2021-04-06,0.58,0.36,0.18,0.08,0.03,0.00,0.00,inferred
Gwynedd,2021-04-07,0.58,0.36,0.18,0.08,0.03,0.00,0.00,inferred
Gwynedd,2021-04-08,0.58,0.36,0.18,0.08,0.03,0.00,0.00,inferred
Gwynedd,2021-04-09,0.58,0.36,0.18,0.08,0.03,0.00,0.00,inferred
Gwynedd,2021-04-10,0.58,0.36,0.18,0.08,0.03,0.00,0.00,inferred
Gwynedd,2021-04-11,0.58,0.36,0.18,0.08,0.03,0.00,0.00,inferred
Gwynedd,2021-04-12,0.58,0.36,0.18,0.08,0.03,0.00,0.00,inferred
Gwynedd,2021-04-13,0.27,0.13,0.05,0.02,0.00,0.00,0.00,inferred
Gwynedd,2021-04-14,0.27,0.13,0.05,0.02,0.00,0.00,0.00,inferred
Gwynedd,2021-04-15,0.27,0.13,0.05,0.02,0.00,0.00,0.00,inferred
Gwynedd,2021-04-16,0.27,0.13,0.05,0.02,0.00,0.00,0.00,inferred
Gwynedd,2021-04-17,0.27,0.13,0.05,0.02,0.00,0.00,0.00,inferred
Gwynedd,2021-04-18,0.27,0.13,0.05,0.02,0.00,0.00,0.00,inferred
Gwynedd,2021-04-19,0.27,0.13,0.05,0.02,0.00,0.00,0.00,inferred
Gwynedd,2021-04-20,0.15,0.06,0.02,0.01,0.00,0.00,0.00,inferred
Gwynedd,2021-04-21,0.15,0.06,0.02,0.01,0.00,0.00,0.00,inferred
Gwynedd,2021-04-22,0.15,0.06,0.02,0.01,0.00,0.00,0.00,inferred
Gwynedd,2021-04-23,0.15,0.06,0.02,0.01,0.00,0.00,0.00,inferred
Gwynedd,2021-04-24,0.15,0.06,0.02,0.01,0.00,0.00,0.00,inferred
Gwynedd,2021-04-25,0.15,0.06,0.02,0.01,0.00,0.00,0.00,inferred
Gwynedd,2021-04-26,0.15,0.06,0.02,0.01,0.00,0.00,0.00,inferred
Gwynedd,2021-04-27,0.35,0.20,0.10,0.05,0.02,0.00,0.00,inferred
Gwynedd,2021-04-28,0.35,0.20,0.10,0.05,0.02,0.00,0.00,inferred
Gwynedd,2021-04-29,0.35,0.20,0.10,0.05,0.02,0.00,0.00,inferred
Gwynedd,2021-04-30,0.35,0.20,0.10,0.05,0.02,0.00,0.00,inferred
Gwynedd,2021-05-01,0.35,0.20,0.10,0.05,0.02,0.00,0.00,inferred
Gwynedd,2021-05-02,0.35,0.20,0.10,0.05,0.02,0.00,0.00,inferred
Gwynedd,2021-05-03,0.35,0.20,0.10,0.05,0.02,0.00,0.00,inferred
Gwynedd,2021-05-04,0.35,0.23,0.13,0.07,0.03,0.00,0.00,inferred
Gwynedd,2021-05-05,0.35,0.23,0.13,0.07,0.03,0.00,0.00,inferred
Gwynedd,2021-05-06,0.35,0.23,0.13,0.07,0.03,0.00,0.00,inferred
Gwynedd,2021-05-07,0.35,0.23,0.13,0.07,0.03,0.00,0.00,inferred
Gwynedd,2021-05-08,0.35,0.23,0.13,0.07,0.03,0.00,0.00,inferred
Gwynedd,2021-05-09,0.35,0.23,0.13,0.07,0.03,0.00,0.00,inferred
Gwynedd,2021-05-10,0.35,0.23,0.13,0.07,0.03,0.00,0.00,inferred
Gwynedd,2021-05-11,0.74,0.61,0.47,0.34,0.24,0.05,0.00,inferred
Gwynedd,2021-05-12,0.74,0.61,0.47,0.34,0.24,0.05,0.00,inferred
Gwynedd,2021-05-13,0.74,0.61,0.47,0.34,0.24,0.05,0.00,inferred
Gwynedd,2021-05-14,0.74,0.61,0.47,0.34,0.24,0.05,0.00,inferred
Gwynedd,2021-05-15,0.74,0.61,0.47,0.34,0.24,0.05,0.00,inferred
Gwynedd,2021-05-16,0.74,0.61,0.47,0.34,0.24,0.05,0.00,inferred
Gwynedd,2021-05-17,0.74,0.61,0.47,0.34,0.24,0.05,0.00,inferred
Gwynedd,2021-05-18,0.98,0.95,0.91,0.83,0.74,0.40,0.07,inferred
Gwynedd,2021-05-19,0.98,0.95,0.91,0.83,0.74,0.40,0.07,inferred
Gwynedd,2021-05-20,0.98,0.95,0.91,0.83,0.74,0.40,0.07,inferred
Gwynedd,2021-05-21,0.98,0.95,0.91,0.83,0.74,0.40,0.07,inferred
Gwynedd,2021-05-22,0.98,0.95,0.91,0.83,0.74,0.40,0.07,inferred
Gwynedd,2021-05-23,0.98,0.95,0.91,0.83,0.74,0.40,0.07,inferred
Gwynedd,2021-05-24,0.98,0.95,0.91,0.83,0.74,0.40,0.07,inferred
Gwynedd,2021-05-25,0.99,0.98,0.97,0.92,0.85,0.58,0.14,inferred
Gwynedd,2021-05-26,0.99,0.98,0.97,0.92,0.85,0.58,0.14,inferred
Gwynedd,2021-05-27,0.99,0.98,0.97,0.92,0.85,0.58,0.14,inferred
Gwynedd,2021-05-28,0.99,0.98,0.97,0.92,0.85,0.58,0.14,inferred
Gwynedd,2021-05-29,0.99,0.98,0.97,0.92,0.85,0.58,0.14,inferred
Gwynedd,2021-05-30,0.99,0.98,0.97,0.92,0.85,0.58,0.14,inferred
Gwynedd,2021-05-31,0.99,0.98,0.97,0.92,0.85,0.58,0.14,inferred
Gwynedd,2021-06-01,1.00,0.98,0.95,0.90,0.82,0.48,0.10,inferred
Gwynedd,2021-06-02,1.00,0.98,0.95,0.90,0.82,0.48,0.10,inferred
Gwynedd,2021-06-03,1.00,0.98,0.95,0.90,0.82,0.48,0.10,inferred
Gwynedd,2021-06-04,1.00,0.98,0.95,0.90,0.82,0.48,0.10,inferred
Gwynedd,2021-06-05,1.00,0.98,0.95,0.90,0.82,0.48,0.10,inferred
Gwynedd,2021-06-06,1.00,0.98,0.95,0.90,0.82,0.48,0.10,inferred
Gwynedd,2021-06-07,1.00,0.98,0.95,0.90,0.82,0.48,0.10,inferred
Gwynedd,2021-06-08,1.00,1.00,1.00,1.00,1.00,0.91,0.44,inferred
Gwynedd,2021-06-09,1.00,1.00,1.00,1.00,1.00,0.91,0.44,inferred
Gwynedd,2021-06-10,1.00,1.00,1.00,1.00,1.00,0.91,0.44,inferred
Gwynedd,2021-06-11,1.00,1.00,1.00,1.00,1.00,0.91,0.44,inferred
Gwynedd,2021-06-12,1.00,1.00,1.00,1.00,1.00,0.91,0.44,inferred
Gwynedd,2021-06-13,1.00,1.00,1.00,1.00,1.00,0.91,0.44,inferred
Gwynedd,2021-06-14,1.00,1.00,1.00,1.00,1.00,0.91,0.44,inferred
Gwynedd,2021-06-15,1.00,1.00,1.00,1.00,1.00,0.97,0.68,inferred
Gwynedd,2021-06-16,1.00,1.00,1.00,1.00,1.00,0.97,0.68,inferred
Gwynedd,2021-06-17,1.00,1.00,1.00,1.00,1.00,0.97,0.68,inferred
Gwynedd,2021-06-18,1.00,1.00,1.00,1.00,1.00,0.97,0.68,inferred
Gwynedd,2021-06-19,1.00,1.00,1.00,1.00,1.00,0.97,0.68,inferred
Gwynedd,2021-06-20,1.00,1.00,1.00,1.00,1.00,0.97,0.68,inferred
Gwynedd,2021-06-21,1.00,1.00,1.00,1.00,1.00,0.97,0.68,inferred
Gwynedd,2021-06-22,1.00,1.00,0.99,0.95,0.87,0.46,0.04,inferred
Gwynedd,2021-06-23,1.00,1.00,0.99,0.95,0.87,0.46,0.04,inferred
Gwynedd,2021-06-24,1.00,1.00,0.99,0.95,0.87,0.46,0.04,inferred
Gwynedd,2021-06-25,1.00,1.00,0.99,0.95,0.87,0.46,0.04,inferred
Gwynedd,2021-06-26,1.00,1.00,0.99,0.95,0.87,0.46,0.04,inferred
Gwynedd,2021-06-27,1.00,1.00,0.99,0.95,0.87,0.46,0.04,inferred
Gwynedd,2021-06-28,1.00,1.00,0.99,0.95,0.87,0.46,0.04,inferred
Gwynedd,2021-06-29,0.98,0.94,0.88,0.79,0.68,0.34,0.07,inferred
Gwynedd,2021-06-30,0.98,0.94,0.88,0.79,0.68,0.34,0.07,inferred
Gwynedd,2021-07-01,0.98,0.94,0.88,0.79,0.68,0.34,0.07,inferred
Gwynedd,2021-07-02,0.98,0.94,0.88,0.79,0.68,0.34,0.07,inferred
Gwynedd,2021-07-03,0.98,0.94,0.88,0.79,0.68,0.34,0.07,inferred
Gwynedd,2021-07-04,0.98,0.94,0.88,0.79,0.68,0.34,0.07,inferred
Gwynedd,2021-07-05,0.98,0.94,0.88,0.79,0.68,0.34,0.07,inferred
Gwynedd,2021-07-06,0.92,0.87,0.79,0.70,0.61,0.36,0.11,projected
Gwynedd,2021-07-07,0.92,0.87,0.79,0.70,0.61,0.36,0.11,projected
Gwynedd,2021-07-08,0.92,0.87,0.79,0.70,0.61,0.36,0.11,projected
Gwynedd,2021-07-09,0.92,0.87,0.79,0.70,0.61,0.36,0.11,projected
Gwynedd,2021-07-10,0.92,0.87,0.79,0.70,0.61,0.36,0.11,projected
Gwynedd,2021-07-11,0.92,0.87,0.79,0.70,0.61,0.36,0.11,projected
Gwynedd,2021-07-12,0.92,0.87,0.79,0.70,0.61,0.36,0.11,projected
Gwynedd,2021-07-13,0.89,0.82,0.76,0.68,0.60,0.36,0.14,projected
Gwynedd,2021-07-14,0.89,0.82,0.76,0.68,0.60,0.36,0.14,projected
Gwynedd,2021-07-15,0.89,0.82,0.76,0.68,0.60,0.36,0.14,projected
Gwynedd,2021-07-16,0.89,0.82,0.76,0.68,0.60,0.36,0.14,projected
Gwynedd,2021-07-17,0.89,0.82,0.76,0.68,0.60,0.36,0.14,projected
Gwynedd,2021-07-18,0.89,0.82,0.76,0.68,0.60,0.36,0.14,projected
Gwynedd,2021-07-19,0.89,0.82,0.76,0.68,0.60,0.36,0.14,projected
Gwynedd,2021-07-20,0.87,0.80,0.72,0.64,0.57,0.36,0.17,projected
Gwynedd,2021-07-21,0.87,0.80,0.72,0.64,0.57,0.36,0.17,projected
Gwynedd,2021-07-22,0.87,0.80,0.72,0.64,0.57,0.36,0.17,projected
Gwynedd,2021-07-23,0.87,0.80,0.72,0.64,0.57,0.36,0.17,projected
Gwynedd,2021-07-24,0.87,0.80,0.72,0.64,0.57,0.36,0.17,projected
Gwynedd,2021-07-25,0.87,0.80,0.72,0.64,0.57,0.36,0.17,projected
Gwynedd,2021-07-26,0.87,0.80,0.72,0.64,0.57,0.36,0.17,projected
Hackney,2021-03-23,0.66,0.30,0.08,0.01,0.00,0.00,0.00,inferred
Hackney,2021-03-24,0.66,0.30,0.08,0.01,0.00,0.00,0.00,inferred
Hackney,2021-03-25,0.66,0.30,0.08,0.01,0.00,0.00,0.00,inferred
Hackney,2021-03-26,0.66,0.30,0.08,0.01,0.00,0.00,0.00,inferred
Hackney,2021-03-27,0.66,0.30,0.08,0.01,0.00,0.00,0.00,inferred
Hackney,2021-03-28,0.66,0.30,0.08,0.01,0.00,0.00,0.00,inferred
Hackney,2021-03-29,0.66,0.30,0.08,0.01,0.00,0.00,0.00,inferred
Hackney,2021-03-30,1.00,1.00,0.96,0.85,0.61,0.03,0.00,inferred
Hackney,2021-03-31,1.00,1.00,0.96,0.85,0.61,0.03,0.00,inferred
Hackney,2021-04-01,1.00,1.00,0.96,0.85,0.61,0.03,0.00,inferred
Hackney,2021-04-02,1.00,1.00,0.96,0.85,0.61,0.03,0.00,inferred
Hackney,2021-04-03,1.00,1.00,0.96,0.85,0.61,0.03,0.00,inferred
Hackney,2021-04-04,1.00,1.00,0.96,0.85,0.61,0.03,0.00,inferred
Hackney,2021-04-05,1.00,1.00,0.96,0.85,0.61,0.03,0.00,inferred
Hackney,2021-04-06,0.91,0.71,0.38,0.15,0.04,0.00,0.00,inferred
Hackney,2021-04-07,0.91,0.71,0.38,0.15,0.04,0.00,0.00,inferred
Hackney,2021-04-08,0.91,0.71,0.38,0.15,0.04,0.00,0.00,inferred
Hackney,2021-04-09,0.91,0.71,0.38,0.15,0.04,0.00,0.00,inferred
Hackney,2021-04-10,0.91,0.71,0.38,0.15,0.04,0.00,0.00,inferred
Hackney,2021-04-11,0.91,0.71,0.38,0.15,0.04,0.00,0.00,inferred
Hackney,2021-04-12,0.91,0.71,0.38,0.15,0.04,0.00,0.00,inferred
Hackney,2021-04-13,0.91,0.69,0.39,0.14,0.04,0.00,0.00,inferred
Hackney,2021-04-14,0.91,0.69,0.39,0.14,0.04,0.00,0.00,inferred
Hackney,2021-04-15,0.91,0.69,0.39,0.14,0.04,0.00,0.00,inferred
Hackney,2021-04-16,0.91,0.69,0.39,0.14,0.04,0.00,0.00,inferred
Hackney,2021-04-17,0.91,0.69,0.39,0.14,0.04,0.00,0.00,inferred
Hackney,2021-04-18,0.91,0.69,0.39,0.14,0.04,0.00,0.00,inferred
Hackney,2021-04-19,0.91,0.69,0.39,0.14,0.04,0.00,0.00,inferred
Hackney,2021-04-20,0.29,0.08,0.02,0.00,0.00,0.00,0.00,inferred
Hackney,2021-04-21,0.29,0.08,0.02,0.00,0.00,0.00,0.00,inferred
Hackney,2021-04-22,0.29,0.08,0.02,0.00,0.00,0.00,0.00,inferred
Hackney,2021-04-23,0.29,0.08,0.02,0.00,0.00,0.00,0.00,inferred
Hackney,2021-04-24,0.29,0.08,0.02,0.00,0.00,0.00,0.00,inferred
Hackney,2021-04-25,0.29,0.08,0.02,0.00,0.00,0.00,0.00,inferred
Hackney,2021-04-26,0.29,0.08,0.02,0.00,0.00,0.00,0.00,inferred
Hackney,2021-04-27,0.61,0.31,0.12,0.03,0.01,0.00,0.00,inferred
Hackney,2021-04-28,0.61,0.31,0.12,0.03,0.01,0.00,0.00,inferred
Hackney,2021-04-29,0.61,0.31,0.12,0.03,0.01,0.00,0.00,inferred
Hackney,2021-04-30,0.61,0.31,0.12,0.03,0.01,0.00,0.00,inferred
Hackney,2021-05-01,0.61,0.31,0.12,0.03,0.01,0.00,0.00,inferred
Hackney,2021-05-02,0.61,0.31,0.12,0.03,0.01,0.00,0.00,inferred
Hackney,2021-05-03,0.61,0.31,0.12,0.03,0.01,0.00,0.00,inferred
Hackney,2021-05-04,0.60,0.34,0.14,0.04,0.01,0.00,0.00,inferred
Hackney,2021-05-05,0.60,0.34,0.14,0.04,0.01,0.00,0.00,inferred
Hackney,2021-05-06,0.60,0.34,0.14,0.04,0.01,0.00,0.00,inferred
Hackney,2021-05-07,0.60,0.34,0.14,0.04,0.01,0.00,0.00,inferred
Hackney,2021-05-08,0.60,0.34,0.14,0.04,0.01,0.00,0.00,inferred
Hackney,2021-05-09,0.60,0.34,0.14,0.04,0.01,0.00,0.00,inferred
Hackney,2021-05-10,0.60,0.34,0.14,0.04,0.01,0.00,0.00,inferred
Hackney,2021-05-11,0.99,0.97,0.90,0.74,0.52,0.05,0.00,inferred
Hackney,2021-05-12,0.99,0.97,0.90,0.74,0.52,0.05,0.00,inferred
Hackney,2021-05-13,0.99,0.97,0.90,0.74,0.52,0.05,0.00,inferred
Hackney,2021-05-14,0.99,0.97,0.90,0.74,0.52,0.05,0.00,inferred
Hackney,2021-05-15,0.99,0.97,0.90,0.74,0.52,0.05,0.00,inferred
Hackney,2021-05-16,0.99,0.97,0.90,0.74,0.52,0.05,0.00,inferred
Hackney,2021-05-17,0.99,0.97,0.90,0.74,0.52,0.05,0.00,inferred
Hackney,2021-05-18,1.00,1.00,1.00,1.00,1.00,0.84,0.09,inferred
Hackney,2021-05-19,1.00,1.00,1.00,1.00,1.00,0.84,0.09,inferred
Hackney,2021-05-20,1.00,1.00,1.00,1.00,1.00,0.84,0.09,inferred
Hackney,2021-05-21,1.00,1.00,1.00,1.00,1.00,0.84,0.09,inferred
Hackney,2021-05-22,1.00,1.00,1.00,1.00,1.00,0.84,0.09,inferred
Hackney,2021-05-23,1.00,1.00,1.00,1.00,1.00,0.84,0.09,inferred
Hackney,2021-05-24,1.00,1.00,1.00,1.00,1.00,0.84,0.09,inferred
Hackney,2021-05-25,1.00,1.00,1.00,1.00,1.00,1.00,0.87,inferred
Hackney,2021-05-26,1.00,1.00,1.00,1.00,1.00,1.00,0.87,inferred
Hackney,2021-05-27,1.00,1.00,1.00,1.00,1.00,1.00,0.87,inferred
Hackney,2021-05-28,1.00,1.00,1.00,1.00,1.00,1.00,0.87,inferred
Hackney,2021-05-29,1.00,1.00,1.00,1.00,1.00,1.00,0.87,inferred
Hackney,2021-05-30,1.00,1.00,1.00,1.00,1.00,1.00,0.87,inferred
Hackney,2021-05-31,1.00,1.00,1.00,1.00,1.00,1.00,0.87,inferred
Hackney,2021-06-01,1.00,1.00,1.00,0.99,0.95,0.59,0.04,inferred
Hackney,2021-06-02,1.00,1.00,1.00,0.99,0.95,0.59,0.04,inferred
Hackney,2021-06-03,1.00,1.00,1.00,0.99,0.95,0.59,0.04,inferred
Hackney,2021-06-04,1.00,1.00,1.00,0.99,0.95,0.59,0.04,inferred
Hackney,2021-06-05,1.00,1.00,1.00,0.99,0.95,0.59,0.04,inferred
Hackney,2021-06-06,1.00,1.00,1.00,0.99,0.95,0.59,0.04,inferred
Hackney,2021-06-07,1.00,1.00,1.00,0.99,0.95,0.59,0.04,inferred
Hackney,2021-06-08,1.00,1.00,0.99,0.84,0.49,0.01,0.00,inferred
Hackney,2021-06-09,1.00,1.00,0.99,0.84,0.49,0.01,0.00,inferred
Hackney,2021-06-10,1.00,1.00,0.99,0.84,0.49,0.01,0.00,inferred
Hackney,2021-06-11,1.00,1.00,0.99,0.84,0.49,0.01,0.00,inferred
Hackney,2021-06-12,1.00,1.00,0.99,0.84,0.49,0.01,0.00,inferred
Hackney,2021-06-13,1.00,1.00,0.99,0.84,0.49,0.01,0.00,inferred
Hackney,2021-06-14,1.00,1.00,0.99,0.84,0.49,0.01,0.00,inferred
Hackney,2021-06-15,1.00,1.00,1.00,1.00,1.00,0.99,0.19,inferred
Hackney,2021-06-16,1.00,1.00,1.00,1.00,1.00,0.99,0.19,inferred
Hackney,2021-06-17,1.00,1.00,1.00,1.00,1.00,0.99,0.19,inferred
Hackney,2021-06-18,1.00,1.00,1.00,1.00,1.00,0.99,0.19,inferred
Hackney,2021-06-19,1.00,1.00,1.00,1.00,1.00,0.99,0.19,inferred
Hackney,2021-06-20,1.00,1.00,1.00,1.00,1.00,0.99,0.19,inferred
Hackney,2021-06-21,1.00,1.00,1.00,1.00,1.00,0.99,0.19,inferred
Hackney,2021-06-22,1.00,1.00,1.00,1.00,1.00,0.71,0.00,inferred
Hackney,2021-06-23,1.00,1.00,1.00,1.00,1.00,0.71,0.00,inferred
Hackney,2021-06-24,1.00,1.00,1.00,1.00,1.00,0.71,0.00,inferred
Hackney,2021-06-25,1.00,1.00,1.00,1.00,1.00,0.71,0.00,inferred
Hackney,2021-06-26,1.00,1.00,1.00,1.00,1.00,0.71,0.00,inferred
Hackney,2021-06-27,1.00,1.00,1.00,1.00,1.00,0.71,0.00,inferred
Hackney,2021-06-28,1.00,1.00,1.00,1.00,1.00,0.71,0.00,inferred
Hackney,2021-06-29,1.00,1.00,0.99,0.89,0.70,0.08,0.00,inferred
Hackney,2021-06-30,1.00,1.00,0.99,0.89,0.70,0.08,0.00,inferred
Hackney,2021-07-01,1.00,1.00,0.99,0.89,0.70,0.08,0.00,inferred
Hackney,2021-07-02,1.00,1.00,0.99,0.89,0.70,0.08,0.00,inferred
Hackney,2021-07-03,1.00,1.00,0.99,0.89,0.70,0.08,0.00,inferred
Hackney,2021-07-04,1.00,1.00,0.99,0.89,0.70,0.08,0.00,inferred
Hackney,2021-07-05,1.00,1.00,0.99,0.89,0.70,0.08,0.00,inferred
Hackney,2021-07-06,1.00,0.96,0.89,0.76,0.59,0.18,0.01,projected
Hackney,2021-07-07,1.00,0.96,0.89,0.76,0.59,0.18,0.01,projected
Hackney,2021-07-08,1.00,0.96,0.89,0.76,0.59,0.18,0.01,projected
Hackney,2021-07-09,1.00,0.96,0.89,0.76,0.59,0.18,0.01,projected
Hackney,2021-07-10,1.00,0.96,0.89,0.76,0.59,0.18,0.01,projected
Hackney,2021-07-11,1.00,0.96,0.89,0.76,0.59,0.18,0.01,projected
Hackney,2021-07-12,1.00,0.96,0.89,0.76,0.59,0.18,0.01,projected
Hackney,2021-07-13,0.97,0.92,0.83,0.69,0.54,0.20,0.02,projected
Hackney,2021-07-14,0.97,0.92,0.83,0.69,0.54,0.20,0.02,projected
Hackney,2021-07-15,0.97,0.92,0.83,0.69,0.54,0.20,0.02,projected
Hackney,2021-07-16,0.97,0.92,0.83,0.69,0.54,0.20,0.02,projected
Hackney,2021-07-17,0.97,0.92,0.83,0.69,0.54,0.20,0.02,projected
Hackney,2021-07-18,0.97,0.92,0.83,0.69,0.54,0.20,0.02,projected
Hackney,2021-07-19,0.97,0.92,0.83,0.69,0.54,0.20,0.02,projected
Hackney,2021-07-20,0.96,0.90,0.81,0.68,0.55,0.22,0.04,projected
Hackney,2021-07-21,0.96,0.90,0.81,0.68,0.55,0.22,0.04,projected
Hackney,2021-07-22,0.96,0.90,0.81,0.68,0.55,0.22,0.04,projected
Hackney,2021-07-23,0.96,0.90,0.81,0.68,0.55,0.22,0.04,projected
Hackney,2021-07-24,0.96,0.90,0.81,0.68,0.55,0.22,0.04,projected
Hackney,2021-07-25,0.96,0.90,0.81,0.68,0.55,0.22,0.04,projected
Hackney,2021-07-26,0.96,0.90,0.81,0.68,0.55,0.22,0.04,projected
Hackney and City of London,2021-03-23,0.66,0.30,0.08,0.01,0.00,0.00,0.00,inferred
Hackney and City of London,2021-03-24,0.66,0.30,0.08,0.01,0.00,0.00,0.00,inferred
Hackney and City of London,2021-03-25,0.66,0.30,0.08,0.01,0.00,0.00,0.00,inferred
Hackney and City of London,2021-03-26,0.66,0.30,0.08,0.01,0.00,0.00,0.00,inferred
Hackney and City of London,2021-03-27,0.66,0.30,0.08,0.01,0.00,0.00,0.00,inferred
Hackney and City of London,2021-03-28,0.66,0.30,0.08,0.01,0.00,0.00,0.00,inferred
Hackney and City of London,2021-03-29,0.66,0.30,0.08,0.01,0.00,0.00,0.00,inferred
Hackney and City of London,2021-03-30,1.00,1.00,0.96,0.85,0.61,0.03,0.00,inferred
Hackney and City of London,2021-03-31,1.00,1.00,0.96,0.85,0.61,0.03,0.00,inferred
Hackney and City of London,2021-04-01,1.00,1.00,0.96,0.85,0.61,0.03,0.00,inferred
Hackney and City of London,2021-04-02,1.00,1.00,0.96,0.85,0.61,0.03,0.00,inferred
Hackney and City of London,2021-04-03,1.00,1.00,0.96,0.85,0.61,0.03,0.00,inferred
Hackney and City of London,2021-04-04,1.00,1.00,0.96,0.85,0.61,0.03,0.00,inferred
Hackney and City of London,2021-04-05,1.00,1.00,0.96,0.85,0.61,0.03,0.00,inferred
Hackney and City of London,2021-04-06,0.91,0.71,0.38,0.15,0.04,0.00,0.00,inferred
Hackney and City of London,2021-04-07,0.91,0.71,0.38,0.15,0.04,0.00,0.00,inferred
Hackney and City of London,2021-04-08,0.91,0.71,0.38,0.15,0.04,0.00,0.00,inferred
Hackney and City of London,2021-04-09,0.91,0.71,0.38,0.15,0.04,0.00,0.00,inferred
Hackney and City of London,2021-04-10,0.91,0.71,0.38,0.15,0.04,0.00,0.00,inferred
Hackney and City of London,2021-04-11,0.91,0.71,0.38,0.15,0.04,0.00,0.00,inferred
Hackney and City of London,2021-04-12,0.91,0.71,0.38,0.15,0.04,0.00,0.00,inferred
Hackney and City of London,2021-04-13,0.91,0.69,0.39,0.14,0.04,0.00,0.00,inferred
Hackney and City of London,2021-04-14,0.91,0.69,0.39,0.14,0.04,0.00,0.00,inferred
Hackney and City of London,2021-04-15,0.91,0.69,0.39,0.14,0.04,0.00,0.00,inferred
Hackney and City of London,2021-04-16,0.91,0.69,0.39,0.14,0.04,0.00,0.00,inferred
Hackney and City of London,2021-04-17,0.91,0.69,0.39,0.14,0.04,0.00,0.00,inferred
Hackney and City of London,2021-04-18,0.91,0.69,0.39,0.14,0.04,0.00,0.00,inferred
Hackney and City of London,2021-04-19,0.91,0.69,0.39,0.14,0.04,0.00,0.00,inferred
Hackney and City of London,2021-04-20,0.29,0.08,0.02,0.00,0.00,0.00,0.00,inferred
Hackney and City of London,2021-04-21,0.29,0.08,0.02,0.00,0.00,0.00,0.00,inferred
Hackney and City of London,2021-04-22,0.29,0.08,0.02,0.00,0.00,0.00,0.00,inferred
Hackney and City of London,2021-04-23,0.29,0.08,0.02,0.00,0.00,0.00,0.00,inferred
Hackney and City of London,2021-04-24,0.29,0.08,0.02,0.00,0.00,0.00,0.00,inferred
Hackney and City of London,2021-04-25,0.29,0.08,0.02,0.00,0.00,0.00,0.00,inferred
Hackney and City of London,2021-04-26,0.29,0.08,0.02,0.00,0.00,0.00,0.00,inferred
Hackney and City of London,2021-04-27,0.61,0.31,0.12,0.03,0.01,0.00,0.00,inferred
Hackney and City of London,2021-04-28,0.61,0.31,0.12,0.03,0.01,0.00,0.00,inferred
Hackney and City of London,2021-04-29,0.61,0.31,0.12,0.03,0.01,0.00,0.00,inferred
Hackney and City of London,2021-04-30,0.61,0.31,0.12,0.03,0.01,0.00,0.00,inferred
Hackney and City of London,2021-05-01,0.61,0.31,0.12,0.03,0.01,0.00,0.00,inferred
Hackney and City of London,2021-05-02,0.61,0.31,0.12,0.03,0.01,0.00,0.00,inferred
Hackney and City of London,2021-05-03,0.61,0.31,0.12,0.03,0.01,0.00,0.00,inferred
Hackney and City of London,2021-05-04,0.60,0.34,0.14,0.04,0.01,0.00,0.00,inferred
Hackney and City of London,2021-05-05,0.60,0.34,0.14,0.04,0.01,0.00,0.00,inferred
Hackney and City of London,2021-05-06,0.60,0.34,0.14,0.04,0.01,0.00,0.00,inferred
Hackney and City of London,2021-05-07,0.60,0.34,0.14,0.04,0.01,0.00,0.00,inferred
Hackney and City of London,2021-05-08,0.60,0.34,0.14,0.04,0.01,0.00,0.00,inferred
Hackney and City of London,2021-05-09,0.60,0.34,0.14,0.04,0.01,0.00,0.00,inferred
Hackney and City of London,2021-05-10,0.60,0.34,0.14,0.04,0.01,0.00,0.00,inferred
Hackney and City of London,2021-05-11,0.99,0.97,0.90,0.74,0.52,0.05,0.00,inferred
Hackney and City of London,2021-05-12,0.99,0.97,0.90,0.74,0.52,0.05,0.00,inferred
Hackney and City of London,2021-05-13,0.99,0.97,0.90,0.74,0.52,0.05,0.00,inferred
Hackney and City of London,2021-05-14,0.99,0.97,0.90,0.74,0.52,0.05,0.00,inferred
Hackney and City of London,2021-05-15,0.99,0.97,0.90,0.74,0.52,0.05,0.00,inferred
Hackney and City of London,2021-05-16,0.99,0.97,0.90,0.74,0.52,0.05,0.00,inferred
Hackney and City of London,2021-05-17,0.99,0.97,0.90,0.74,0.52,0.05,0.00,inferred
Hackney and City of London,2021-05-18,1.00,1.00,1.00,1.00,1.00,0.84,0.09,inferred
Hackney and City of London,2021-05-19,1.00,1.00,1.00,1.00,1.00,0.84,0.09,inferred
Hackney and City of London,2021-05-20,1.00,1.00,1.00,1.00,1.00,0.84,0.09,inferred
Hackney and City of London,2021-05-21,1.00,1.00,1.00,1.00,1.00,0.84,0.09,inferred
Hackney and City of London,2021-05-22,1.00,1.00,1.00,1.00,1.00,0.84,0.09,inferred
Hackney and City of London,2021-05-23,1.00,1.00,1.00,1.00,1.00,0.84,0.09,inferred
Hackney and City of London,2021-05-24,1.00,1.00,1.00,1.00,1.00,0.84,0.09,inferred
Hackney and City of London,2021-05-25,1.00,1.00,1.00,1.00,1.00,1.00,0.87,inferred
Hackney and City of London,2021-05-26,1.00,1.00,1.00,1.00,1.00,1.00,0.87,inferred
Hackney and City of London,2021-05-27,1.00,1.00,1.00,1.00,1.00,1.00,0.87,inferred
Hackney and City of London,2021-05-28,1.00,1.00,1.00,1.00,1.00,1.00,0.87,inferred
Hackney and City of London,2021-05-29,1.00,1.00,1.00,1.00,1.00,1.00,0.87,inferred
Hackney and City of London,2021-05-30,1.00,1.00,1.00,1.00,1.00,1.00,0.87,inferred
Hackney and City of London,2021-05-31,1.00,1.00,1.00,1.00,1.00,1.00,0.87,inferred
Hackney and City of London,2021-06-01,1.00,1.00,1.00,0.99,0.95,0.59,0.04,inferred
Hackney and City of London,2021-06-02,1.00,1.00,1.00,0.99,0.95,0.59,0.04,inferred
Hackney and City of London,2021-06-03,1.00,1.00,1.00,0.99,0.95,0.59,0.04,inferred
Hackney and City of London,2021-06-04,1.00,1.00,1.00,0.99,0.95,0.59,0.04,inferred
Hackney and City of London,2021-06-05,1.00,1.00,1.00,0.99,0.95,0.59,0.04,inferred
Hackney and City of London,2021-06-06,1.00,1.00,1.00,0.99,0.95,0.59,0.04,inferred
Hackney and City of London,2021-06-07,1.00,1.00,1.00,0.99,0.95,0.59,0.04,inferred
Hackney and City of London,2021-06-08,1.00,1.00,0.99,0.84,0.49,0.01,0.00,inferred
Hackney and City of London,2021-06-09,1.00,1.00,0.99,0.84,0.49,0.01,0.00,inferred
Hackney and City of London,2021-06-10,1.00,1.00,0.99,0.84,0.49,0.01,0.00,inferred
Hackney and City of London,2021-06-11,1.00,1.00,0.99,0.84,0.49,0.01,0.00,inferred
Hackney and City of London,2021-06-12,1.00,1.00,0.99,0.84,0.49,0.01,0.00,inferred
Hackney and City of London,2021-06-13,1.00,1.00,0.99,0.84,0.49,0.01,0.00,inferred
Hackney and City of London,2021-06-14,1.00,1.00,0.99,0.84,0.49,0.01,0.00,inferred
Hackney and City of London,2021-06-15,1.00,1.00,1.00,1.00,1.00,0.99,0.19,inferred
Hackney and City of London,2021-06-16,1.00,1.00,1.00,1.00,1.00,0.99,0.19,inferred
Hackney and City of London,2021-06-17,1.00,1.00,1.00,1.00,1.00,0.99,0.19,inferred
Hackney and City of London,2021-06-18,1.00,1.00,1.00,1.00,1.00,0.99,0.19,inferred
Hackney and City of London,2021-06-19,1.00,1.00,1.00,1.00,1.00,0.99,0.19,inferred
Hackney and City of London,2021-06-20,1.00,1.00,1.00,1.00,1.00,0.99,0.19,inferred
Hackney and City of London,2021-06-21,1.00,1.00,1.00,1.00,1.00,0.99,0.19,inferred
Hackney and City of London,2021-06-22,1.00,1.00,1.00,1.00,1.00,0.71,0.00,inferred
Hackney and City of London,2021-06-23,1.00,1.00,1.00,1.00,1.00,0.71,0.00,inferred
Hackney and City of London,2021-06-24,1.00,1.00,1.00,1.00,1.00,0.71,0.00,inferred
Hackney and City of London,2021-06-25,1.00,1.00,1.00,1.00,1.00,0.71,0.00,inferred
Hackney and City of London,2021-06-26,1.00,1.00,1.00,1.00,1.00,0.71,0.00,inferred
Hackney and City of London,2021-06-27,1.00,1.00,1.00,1.00,1.00,0.71,0.00,inferred
Hackney and City of London,2021-06-28,1.00,1.00,1.00,1.00,1.00,0.71,0.00,inferred
Hackney and City of London,2021-06-29,1.00,1.00,0.99,0.89,0.70,0.08,0.00,inferred
Hackney and City of London,2021-06-30,1.00,1.00,0.99,0.89,0.70,0.08,0.00,inferred
Hackney and City of London,2021-07-01,1.00,1.00,0.99,0.89,0.70,0.08,0.00,inferred
Hackney and City of London,2021-07-02,1.00,1.00,0.99,0.89,0.70,0.08,0.00,inferred
Hackney and City of London,2021-07-03,1.00,1.00,0.99,0.89,0.70,0.08,0.00,inferred
Hackney and City of London,2021-07-04,1.00,1.00,0.99,0.89,0.70,0.08,0.00,inferred
Hackney and City of London,2021-07-05,1.00,1.00,0.99,0.89,0.70,0.08,0.00,inferred
Hackney and City of London,2021-07-06,1.00,0.96,0.89,0.76,0.59,0.18,0.01,projected
Hackney and City of London,2021-07-07,1.00,0.96,0.89,0.76,0.59,0.18,0.01,projected
Hackney and City of London,2021-07-08,1.00,0.96,0.89,0.76,0.59,0.18,0.01,projected
Hackney and City of London,2021-07-09,1.00,0.96,0.89,0.76,0.59,0.18,0.01,projected
Hackney and City of London,2021-07-10,1.00,0.96,0.89,0.76,0.59,0.18,0.01,projected
Hackney and City of London,2021-07-11,1.00,0.96,0.89,0.76,0.59,0.18,0.01,projected
Hackney and City of London,2021-07-12,1.00,0.96,0.89,0.76,0.59,0.18,0.01,projected
Hackney and City of London,2021-07-13,0.97,0.92,0.83,0.69,0.54,0.20,0.02,projected
Hackney and City of London,2021-07-14,0.97,0.92,0.83,0.69,0.54,0.20,0.02,projected
Hackney and City of London,2021-07-15,0.97,0.92,0.83,0.69,0.54,0.20,0.02,projected
Hackney and City of London,2021-07-16,0.97,0.92,0.83,0.69,0.54,0.20,0.02,projected
Hackney and City of London,2021-07-17,0.97,0.92,0.83,0.69,0.54,0.20,0.02,projected
Hackney and City of London,2021-07-18,0.97,0.92,0.83,0.69,0.54,0.20,0.02,projected
Hackney and City of London,2021-07-19,0.97,0.92,0.83,0.69,0.54,0.20,0.02,projected
Hackney and City of London,2021-07-20,0.96,0.90,0.81,0.68,0.55,0.22,0.04,projected
Hackney and City of London,2021-07-21,0.96,0.90,0.81,0.68,0.55,0.22,0.04,projected
Hackney and City of London,2021-07-22,0.96,0.90,0.81,0.68,0.55,0.22,0.04,projected
Hackney and City of London,2021-07-23,0.96,0.90,0.81,0.68,0.55,0.22,0.04,projected
Hackney and City of London,2021-07-24,0.96,0.90,0.81,0.68,0.55,0.22,0.04,projected
Hackney and City of London,2021-07-25,0.96,0.90,0.81,0.68,0.55,0.22,0.04,projected
Hackney and City of London,2021-07-26,0.96,0.90,0.81,0.68,0.55,0.22,0.04,projected
Halton,2021-03-23,0.00,0.00,0.00,0.00,0.00,0.00,0.00,inferred
Halton,2021-03-24,0.00,0.00,0.00,0.00,0.00,0.00,0.00,inferred
Halton,2021-03-25,0.00,0.00,0.00,0.00,0.00,0.00,0.00,inferred
Halton,2021-03-26,0.00,0.00,0.00,0.00,0.00,0.00,0.00,inferred
Halton,2021-03-27,0.00,0.00,0.00,0.00,0.00,0.00,0.00,inferred
Halton,2021-03-28,0.00,0.00,0.00,0.00,0.00,0.00,0.00,inferred
Halton,2021-03-29,0.00,0.00,0.00,0.00,0.00,0.00,0.00,inferred
Halton,2021-03-30,0.09,0.02,0.00,0.00,0.00,0.00,0.00,inferred
Halton,2021-03-31,0.09,0.02,0.00,0.00,0.00,0.00,0.00,inferred
Halton,2021-04-01,0.09,0.02,0.00,0.00,0.00,0.00,0.00,inferred
Halton,2021-04-02,0.09,0.02,0.00,0.00,0.00,0.00,0.00,inferred
Halton,2021-04-03,0.09,0.02,0.00,0.00,0.00,0.00,0.00,inferred
Halton,2021-04-04,0.09,0.02,0.00,0.00,0.00,0.00,0.00,inferred
Halton,2021-04-05,0.09,0.02,0.00,0.00,0.00,0.00,0.00,inferred
Halton,2021-04-06,0.37,0.19,0.10,0.04,0.01,0.00,0.00,inferred
Halton,2021-04-07,0.37,0.19,0.10,0.04,0.01,0.00,0.00,inferred
Halton,2021-04-08,0.37,0.19,0.10,0.04,0.01,0.00,0.00,inferred
Halton,2021-04-09,0.37,0.19,0.10,0.04,0.01,0.00,0.00,inferred
Halton,2021-04-10,0.37,0.19,0.10,0.04,0.01,0.00,0.00,inferred
Halton,2021-04-11,0.37,0.19,0.10,0.04,0.01,0.00,0.00,inferred
Halton,2021-04-12,0.37,0.19,0.10,0.04,0.01,0.00,0.00,inferred
Halton,2021-04-13,0.87,0.73,0.54,0.37,0.23,0.03,0.00,inferred
Halton,2021-04-14,0.87,0.73,0.54,0.37,0.23,0.03,0.00,inferred
Halton,2021-04-15,0.87,0.73,0.54,0.37,0.23,0.03,0.00,inferred
Halton,2021-04-16,0.87,0.73,0.54,0.37,0.23,0.03,0.00,inferred
Halton,2021-04-17,0.87,0.73,0.54,0.37,0.23,0.03,0.00,inferred
Halton,2021-04-18,0.87,0.73,0.54,0.37,0.23,0.03,0.00,inferred
Halton,2021-04-19,0.87,0.73,0.54,0.37,0.23,0.03,0.00,inferred
Halton,2021-04-20,0.81,0.65,0.45,0.29,0.16,0.02,0.00,inferred
Halton,2021-04-21,0.81,0.65,0.45,0.29,0.16,0.02,0.00,inferred
Halton,2021-04-22,0.81,0.65,0.45,0.29,0.16,0.02,0.00,inferred
Halton,2021-04-23,0.81,0.65,0.45,0.29,0.16,0.02,0.00,inferred
Halton,2021-04-24,0.81,0.65,0.45,0.29,0.16,0.02,0.00,inferred
Halton,2021-04-25,0.81,0.65,0.45,0.29,0.16,0.02,0.00,inferred
Halton,2021-04-26,0.81,0.65,0.45,0.29,0.16,0.02,0.00,inferred
Halton,2021-04-27,0.80,0.62,0.43,0.27,0.16,0.02,0.00,inferred
Halton,2021-04-28,0.80,0.62,0.43,0.27,0.16,0.02,0.00,inferred
Halton,2021-04-29,0.80,0.62,0.43,0.27,0.16,0.02,0.00,inferred
Halton,2021-04-30,0.80,0.62,0.43,0.27,0.16,0.02,0.00,inferred
Halton,2021-05-01,0.80,0.62,0.43,0.27,0.16,0.02,0.00,inferred
Halton,2021-05-02,0.80,0.62,0.43,0.27,0.16,0.02,0.00,inferred
Halton,2021-05-03,0.80,0.62,0.43,0.27,0.16,0.02,0.00,inferred
Halton,2021-05-04,0.45,0.26,0.12,0.05,0.02,0.00,0.00,inferred
Halton,2021-05-05,0.45,0.26,0.12,0.05,0.02,0.00,0.00,inferred
Halton,2021-05-06,0.45,0.26,0.12,0.05,0.02,0.00,0.00,inferred
Halton,2021-05-07,0.45,0.26,0.12,0.05,0.02,0.00,0.00,inferred
Halton,2021-05-08,0.45,0.26,0.12,0.05,0.02,0.00,0.00,inferred
Halton,2021-05-09,0.45,0.26,0.12,0.05,0.02,0.00,0.00,inferred
Halton,2021-05-10,0.45,0.26,0.12,0.05,0.02,0.00,0.00,inferred
Halton,2021-05-11,0.40,0.22,0.11,0.05,0.03,0.00,0.00,inferred
Halton,2021-05-12,0.40,0.22,0.11,0.05,0.03,0.00,0.00,inferred
Halton,2021-05-13,0.40,0.22,0.11,0.05,0.03,0.00,0.00,inferred
Halton,2021-05-14,0.40,0.22,0.11,0.05,0.03,0.00,0.00,inferred
Halton,2021-05-15,0.40,0.22,0.11,0.05,0.03,0.00,0.00,inferred
Halton,2021-05-16,0.40,0.22,0.11,0.05,0.03,0.00,0.00,inferred
Halton,2021-05-17,0.40,0.22,0.11,0.05,0.03,0.00,0.00,inferred
Halton,2021-05-18,0.98,0.96,0.92,0.86,0.76,0.40,0.06,inferred
Halton,2021-05-19,0.98,0.96,0.92,0.86,0.76,0.40,0.06,inferred
Halton,2021-05-20,0.98,0.96,0.92,0.86,0.76,0.40,0.06,inferred
Halton,2021-05-21,0.98,0.96,0.92,0.86,0.76,0.40,0.06,inferred
Halton,2021-05-22,0.98,0.96,0.92,0.86,0.76,0.40,0.06,inferred
Halton,2021-05-23,0.98,0.96,0.92,0.86,0.76,0.40,0.06,inferred
Halton,2021-05-24,0.98,0.96,0.92,0.86,0.76,0.40,0.06,inferred
Halton,2021-05-25,1.00,1.00,1.00,1.00,1.00,1.00,0.96,inferred
Halton,2021-05-26,1.00,1.00,1.00,1.00,1.00,1.00,0.96,inferred
Halton,2021-05-27,1.00,1.00,1.00,1.00,1.00,1.00,0.96,inferred
Halton,2021-05-28,1.00,1.00,1.00,1.00,1.00,1.00,0.96,inferred
Halton,2021-05-29,1.00,1.00,1.00,1.00,1.00,1.00,0.96,inferred
Halton,2021-05-30,1.00,1.00,1.00,1.00,1.00,1.00,0.96,inferred
Halton,2021-05-31,1.00,1.00,1.00,1.00,1.00,1.00,0.96,inferred
Halton,2021-06-01,1.00,1.00,1.00,1.00,1.00,0.95,0.60,inferred
Halton,2021-06-02,1.00,1.00,1.00,1.00,1.00,0.95,0.60,inferred
Halton,2021-06-03,1.00,1.00,1.00,1.00,1.00,0.95,0.60,inferred
Halton,2021-06-04,1.00,1.00,1.00,1.00,1.00,0.95,0.60,inferred
Halton,2021-06-05,1.00,1.00,1.00,1.00,1.00,0.95,0.60,inferred
Halton,2021-06-06,1.00,1.00,1.00,1.00,1.00,0.95,0.60,inferred
Halton,2021-06-07,1.00,1.00,1.00,1.00,1.00,0.95,0.60,inferred
Halton,2021-06-08,1.00,1.00,1.00,1.00,1.00,0.87,0.29,inferred
Halton,2021-06-09,1.00,1.00,1.00,1.00,1.00,0.87,0.29,inferred
Halton,2021-06-10,1.00,1.00,1.00,1.00,1.00,0.87,0.29,inferred
Halton,2021-06-11,1.00,1.00,1.00,1.00,1.00,0.87,0.29,inferred
Halton,2021-06-12,1.00,1.00,1.00,1.00,1.00,0.87,0.29,inferred
Halton,2021-06-13,1.00,1.00,1.00,1.00,1.00,0.87,0.29,inferred
Halton,2021-06-14,1.00,1.00,1.00,1.00,1.00,0.87,0.29,inferred
Halton,2021-06-15,1.00,1.00,1.00,0.99,0.95,0.42,0.00,inferred
Halton,2021-06-16,1.00,1.00,1.00,0.99,0.95,0.42,0.00,inferred
Halton,2021-06-17,1.00,1.00,1.00,0.99,0.95,0.42,0.00,inferred
Halton,2021-06-18,1.00,1.00,1.00,0.99,0.95,0.42,0.00,inferred
Halton,2021-06-19,1.00,1.00,1.00,0.99,0.95,0.42,0.00,inferred
Halton,2021-06-20,1.00,1.00,1.00,0.99,0.95,0.42,0.00,inferred
Halton,2021-06-21,1.00,1.00,1.00,0.99,0.95,0.42,0.00,inferred
Halton,2021-06-22,1.00,1.00,1.00,1.00,1.00,0.70,0.02,inferred
Halton,2021-06-23,1.00,1.00,1.00,1.00,1.00,0.70,0.02,inferred
Halton,2021-06-24,1.00,1.00,1.00,1.00,1.00,0.70,0.02,inferred
Halton,2021-06-25,1.00,1.00,1.00,1.00,1.00,0.70,0.02,inferred
Halton,2021-06-26,1.00,1.00,1.00,1.00,1.00,0.70,0.02,inferred
Halton,2021-06-27,1.00,1.00,1.00,1.00,1.00,0.70,0.02,inferred
Halton,2021-06-28,1.00,1.00,1.00,1.00,1.00,0.70,0.02,inferred
Halton,2021-06-29,0.96,0.86,0.71,0.48,0.31,0.04,0.00,inferred
Halton,2021-06-30,0.96,0.86,0.71,0.48,0.31,0.04,0.00,inferred
Halton,2021-07-01,0.96,0.86,0.71,0.48,0.31,0.04,0.00,inferred
Halton,2021-07-02,0.96,0.86,0.71,0.48,0.31,0.04,0.00,inferred
Halton,2021-07-03,0.96,0.86,0.71,0.48,0.31,0.04,0.00,inferred
Halton,2021-07-04,0.96,0.86,0.71,0.48,0.31,0.04,0.00,inferred
Halton,2021-07-05,0.96,0.86,0.71,0.48,0.31,0.04,0.00,inferred
Halton,2021-07-06,0.83,0.74,0.60,0.46,0.35,0.14,0.02,projected
Halton,2021-07-07,0.83,0.74,0.60,0.46,0.35,0.14,0.02,projected
Halton,2021-07-08,0.83,0.74,0.60,0.46,0.35,0.14,0.02,projected
Halton,2021-07-09,0.83,0.74,0.60,0.46,0.35,0.14,0.02,projected
Halton,2021-07-10,0.83,0.74,0.60,0.46,0.35,0.14,0.02,projected
Halton,2021-07-11,0.83,0.74,0.60,0.46,0.35,0.14,0.02,projected
Halton,2021-07-12,0.83,0.74,0.60,0.46,0.35,0.14,0.02,projected
Halton,2021-07-13,0.80,0.67,0.56,0.45,0.37,0.15,0.04,projected
Halton,2021-07-14,0.80,0.67,0.56,0.45,0.37,0.15,0.04,projected
Halton,2021-07-15,0.80,0.67,0.56,0.45,0.37,0.15,0.04,projected
Halton,2021-07-16,0.80,0.67,0.56,0.45,0.37,0.15,0.04,projected
Halton,2021-07-17,0.80,0.67,0.56,0.45,0.37,0.15,0.04,projected
Halton,2021-07-18,0.80,0.67,0.56,0.45,0.37,0.15,0.04,projected
Halton,2021-07-19,0.80,0.67,0.56,0.45,0.37,0.15,0.04,projected
Halton,2021-07-20,0.77,0.66,0.56,0.46,0.37,0.18,0.06,projected
Halton,2021-07-21,0.77,0.66,0.56,0.46,0.37,0.18,0.06,projected
Halton,2021-07-22,0.77,0.66,0.56,0.46,0.37,0.18,0.06,projected
Halton,2021-07-23,0.77,0.66,0.56,0.46,0.37,0.18,0.06,projected
Halton,2021-07-24,0.77,0.66,0.56,0.46,0.37,0.18,0.06,projected
Halton,2021-07-25,0.77,0.66,0.56,0.46,0.37,0.18,0.06,projected
Halton,2021-07-26,0.77,0.66,0.56,0.46,0.37,0.18,0.06,projected
Hambleton,2021-03-23,0.05,0.01,0.00,0.00,0.00,0.00,0.00,inferred
Hambleton,2021-03-24,0.05,0.01,0.00,0.00,0.00,0.00,0.00,inferred
Hambleton,2021-03-25,0.05,0.01,0.00,0.00,0.00,0.00,0.00,inferred
Hambleton,2021-03-26,0.05,0.01,0.00,0.00,0.00,0.00,0.00,inferred
Hambleton,2021-03-27,0.05,0.01,0.00,0.00,0.00,0.00,0.00,inferred
Hambleton,2021-03-28,0.05,0.01,0.00,0.00,0.00,0.00,0.00,inferred
Hambleton,2021-03-29,0.05,0.01,0.00,0.00,0.00,0.00,0.00,inferred
Hambleton,2021-03-30,0.10,0.05,0.02,0.00,0.00,0.00,0.00,inferred
Hambleton,2021-03-31,0.10,0.05,0.02,0.00,0.00,0.00,0.00,inferred
Hambleton,2021-04-01,0.10,0.05,0.02,0.00,0.00,0.00,0.00,inferred
Hambleton,2021-04-02,0.10,0.05,0.02,0.00,0.00,0.00,0.00,inferred
Hambleton,2021-04-03,0.10,0.05,0.02,0.00,0.00,0.00,0.00,inferred
Hambleton,2021-04-04,0.10,0.05,0.02,0.00,0.00,0.00,0.00,inferred
Hambleton,2021-04-05,0.10,0.05,0.02,0.00,0.00,0.00,0.00,inferred
Hambleton,2021-04-06,0.34,0.19,0.11,0.06,0.03,0.00,0.00,inferred
Hambleton,2021-04-07,0.34,0.19,0.11,0.06,0.03,0.00,0.00,inferred
Hambleton,2021-04-08,0.34,0.19,0.11,0.06,0.03,0.00,0.00,inferred
Hambleton,2021-04-09,0.34,0.19,0.11,0.06,0.03,0.00,0.00,inferred
Hambleton,2021-04-10,0.34,0.19,0.11,0.06,0.03,0.00,0.00,inferred
Hambleton,2021-04-11,0.34,0.19,0.11,0.06,0.03,0.00,0.00,inferred
Hambleton,2021-04-12,0.34,0.19,0.11,0.06,0.03,0.00,0.00,inferred
Hambleton,2021-04-13,0.90,0.83,0.69,0.56,0.43,0.14,0.01,inferred
Hambleton,2021-04-14,0.90,0.83,0.69,0.56,0.43,0.14,0.01,inferred
Hambleton,2021-04-15,0.90,0.83,0.69,0.56,0.43,0.14,0.01,inferred
Hambleton,2021-04-16,0.90,0.83,0.69,0.56,0.43,0.14,0.01,inferred
Hambleton,2021-04-17,0.90,0.83,0.69,0.56,0.43,0.14,0.01,inferred
Hambleton,2021-04-18,0.90,0.83,0.69,0.56,0.43,0.14,0.01,inferred
Hambleton,2021-04-19,0.90,0.83,0.69,0.56,0.43,0.14,0.01,inferred
Hambleton,2021-04-20,0.92,0.84,0.73,0.58,0.44,0.13,0.01,inferred
Hambleton,2021-04-21,0.92,0.84,0.73,0.58,0.44,0.13,0.01,inferred
Hambleton,2021-04-22,0.92,0.84,0.73,0.58,0.44,0.13,0.01,inferred
Hambleton,2021-04-23,0.92,0.84,0.73,0.58,0.44,0.13,0.01,inferred
Hambleton,2021-04-24,0.92,0.84,0.73,0.58,0.44,0.13,0.01,inferred
Hambleton,2021-04-25,0.92,0.84,0.73,0.58,0.44,0.13,0.01,inferred
Hambleton,2021-04-26,0.92,0.84,0.73,0.58,0.44,0.13,0.01,inferred
Hambleton,2021-04-27,0.61,0.44,0.31,0.18,0.10,0.02,0.00,inferred
Hambleton,2021-04-28,0.61,0.44,0.31,0.18,0.10,0.02,0.00,inferred
Hambleton,2021-04-29,0.61,0.44,0.31,0.18,0.10,0.02,0.00,inferred
Hambleton,2021-04-30,0.61,0.44,0.31,0.18,0.10,0.02,0.00,inferred
Hambleton,2021-05-01,0.61,0.44,0.31,0.18,0.10,0.02,0.00,inferred
Hambleton,2021-05-02,0.61,0.44,0.31,0.18,0.10,0.02,0.00,inferred
Hambleton,2021-05-03,0.61,0.44,0.31,0.18,0.10,0.02,0.00,inferred
Hambleton,2021-05-04,0.63,0.46,0.30,0.18,0.10,0.02,0.00,inferred
Hambleton,2021-05-05,0.63,0.46,0.30,0.18,0.10,0.02,0.00,inferred
Hambleton,2021-05-06,0.63,0.46,0.30,0.18,0.10,0.02,0.00,inferred
Hambleton,2021-05-07,0.63,0.46,0.30,0.18,0.10,0.02,0.00,inferred
Hambleton,2021-05-08,0.63,0.46,0.30,0.18,0.10,0.02,0.00,inferred
Hambleton,2021-05-09,0.63,0.46,0.30,0.18,0.10,0.02,0.00,inferred
Hambleton,2021-05-10,0.63,0.46,0.30,0.18,0.10,0.02,0.00,inferred
Hambleton,2021-05-11,0.82,0.68,0.54,0.39,0.26,0.05,0.00,inferred
Hambleton,2021-05-12,0.82,0.68,0.54,0.39,0.26,0.05,0.00,inferred
Hambleton,2021-05-13,0.82,0.68,0.54,0.39,0.26,0.05,0.00,inferred
Hambleton,2021-05-14,0.82,0.68,0.54,0.39,0.26,0.05,0.00,inferred
Hambleton,2021-05-15,0.82,0.68,0.54,0.39,0.26,0.05,0.00,inferred
Hambleton,2021-05-16,0.82,0.68,0.54,0.39,0.26,0.05,0.00,inferred
Hambleton,2021-05-17,0.82,0.68,0.54,0.39,0.26,0.05,0.00,inferred
Hambleton,2021-05-18,0.99,0.98,0.96,0.92,0.85,0.51,0.10,inferred
Hambleton,2021-05-19,0.99,0.98,0.96,0.92,0.85,0.51,0.10,inferred
Hambleton,2021-05-20,0.99,0.98,0.96,0.92,0.85,0.51,0.10,inferred
Hambleton,2021-05-21,0.99,0.98,0.96,0.92,0.85,0.51,0.10,inferred
Hambleton,2021-05-22,0.99,0.98,0.96,0.92,0.85,0.51,0.10,inferred
Hambleton,2021-05-23,0.99,0.98,0.96,0.92,0.85,0.51,0.10,inferred
Hambleton,2021-05-24,0.99,0.98,0.96,0.92,0.85,0.51,0.10,inferred
Hambleton,2021-05-25,1.00,1.00,0.99,0.99,0.96,0.76,0.26,inferred
Hambleton,2021-05-26,1.00,1.00,0.99,0.99,0.96,0.76,0.26,inferred
Hambleton,2021-05-27,1.00,1.00,0.99,0.99,0.96,0.76,0.26,inferred
Hambleton,2021-05-28,1.00,1.00,0.99,0.99,0.96,0.76,0.26,inferred
Hambleton,2021-05-29,1.00,1.00,0.99,0.99,0.96,0.76,0.26,inferred
Hambleton,2021-05-30,1.00,1.00,0.99,0.99,0.96,0.76,0.26,inferred
Hambleton,2021-05-31,1.00,1.00,0.99,0.99,0.96,0.76,0.26,inferred
Hambleton,2021-06-01,0.99,0.95,0.91,0.80,0.67,0.27,0.03,inferred
Hambleton,2021-06-02,0.99,0.95,0.91,0.80,0.67,0.27,0.03,inferred
Hambleton,2021-06-03,0.99,0.95,0.91,0.80,0.67,0.27,0.03,inferred
Hambleton,2021-06-04,0.99,0.95,0.91,0.80,0.67,0.27,0.03,inferred
Hambleton,2021-06-05,0.99,0.95,0.91,0.80,0.67,0.27,0.03,inferred
Hambleton,2021-06-06,0.99,0.95,0.91,0.80,0.67,0.27,0.03,inferred
Hambleton,2021-06-07,0.99,0.95,0.91,0.80,0.67,0.27,0.03,inferred
Hambleton,2021-06-08,1.00,1.00,0.99,0.98,0.94,0.67,0.12,inferred
Hambleton,2021-06-09,1.00,1.00,0.99,0.98,0.94,0.67,0.12,inferred
Hambleton,2021-06-10,1.00,1.00,0.99,0.98,0.94,0.67,0.12,inferred
Hambleton,2021-06-11,1.00,1.00,0.99,0.98,0.94,0.67,0.12,inferred
Hambleton,2021-06-12,1.00,1.00,0.99,0.98,0.94,0.67,0.12,inferred
Hambleton,2021-06-13,1.00,1.00,0.99,0.98,0.94,0.67,0.12,inferred
Hambleton,2021-06-14,1.00,1.00,0.99,0.98,0.94,0.67,0.12,inferred
Hambleton,2021-06-15,1.00,1.00,1.00,1.00,1.00,1.00,0.86,inferred
Hambleton,2021-06-16,1.00,1.00,1.00,1.00,1.00,1.00,0.86,inferred
Hambleton,2021-06-17,1.00,1.00,1.00,1.00,1.00,1.00,0.86,inferred
Hambleton,2021-06-18,1.00,1.00,1.00,1.00,1.00,1.00,0.86,inferred
Hambleton,2021-06-19,1.00,1.00,1.00,1.00,1.00,1.00,0.86,inferred
Hambleton,2021-06-20,1.00,1.00,1.00,1.00,1.00,1.00,0.86,inferred
Hambleton,2021-06-21,1.00,1.00,1.00,1.00,1.00,1.00,0.86,inferred
Hambleton,2021-06-22,1.00,1.00,1.00,1.00,1.00,0.96,0.66,inferred
Hambleton,2021-06-23,1.00,1.00,1.00,1.00,1.00,0.96,0.66,inferred
Hambleton,2021-06-24,1.00,1.00,1.00,1.00,1.00,0.96,0.66,inferred
Hambleton,2021-06-25,1.00,1.00,1.00,1.00,1.00,0.96,0.66,inferred
Hambleton,2021-06-26,1.00,1.00,1.00,1.00,1.00,0.96,0.66,inferred
Hambleton,2021-06-27,1.00,1.00,1.00,1.00,1.00,0.96,0.66,inferred
Hambleton,2021-06-28,1.00,1.00,1.00,1.00,1.00,0.96,0.66,inferred
Hambleton,2021-06-29,1.00,1.00,1.00,0.99,0.97,0.75,0.24,inferred
Hambleton,2021-06-30,1.00,1.00,1.00,0.99,0.97,0.75,0.24,inferred
Hambleton,2021-07-01,1.00,1.00,1.00,0.99,0.97,0.75,0.24,inferred
Hambleton,2021-07-02,1.00,1.00,1.00,0.99,0.97,0.75,0.24,inferred
Hambleton,2021-07-03,1.00,1.00,1.00,0.99,0.97,0.75,0.24,inferred
Hambleton,2021-07-04,1.00,1.00,1.00,0.99,0.97,0.75,0.24,inferred
Hambleton,2021-07-05,1.00,1.00,1.00,0.99,0.97,0.75,0.24,inferred
Hambleton,2021-07-06,0.99,0.98,0.95,0.91,0.85,0.59,0.23,projected
Hambleton,2021-07-07,0.99,0.98,0.95,0.91,0.85,0.59,0.23,projected
Hambleton,2021-07-08,0.99,0.98,0.95,0.91,0.85,0.59,0.23,projected
Hambleton,2021-07-09,0.99,0.98,0.95,0.91,0.85,0.59,0.23,projected
Hambleton,2021-07-10,0.99,0.98,0.95,0.91,0.85,0.59,0.23,projected
Hambleton,2021-07-11,0.99,0.98,0.95,0.91,0.85,0.59,0.23,projected
Hambleton,2021-07-12,0.99,0.98,0.95,0.91,0.85,0.59,0.23,projected
Hambleton,2021-07-13,0.98,0.96,0.92,0.86,0.79,0.56,0.24,projected
Hambleton,2021-07-14,0.98,0.96,0.92,0.86,0.79,0.56,0.24,projected
Hambleton,2021-07-15,0.98,0.96,0.92,0.86,0.79,0.56,0.24,projected
Hambleton,2021-07-16,0.98,0.96,0.92,0.86,0.79,0.56,0.24,projected
Hambleton,2021-07-17,0.98,0.96,0.92,0.86,0.79,0.56,0.24,projected
Hambleton,2021-07-18,0.98,0.96,0.92,0.86,0.79,0.56,0.24,projected
Hambleton,2021-07-19,0.98,0.96,0.92,0.86,0.79,0.56,0.24,projected
Hambleton,2021-07-20,0.97,0.95,0.91,0.85,0.79,0.56,0.25,projected
Hambleton,2021-07-21,0.97,0.95,0.91,0.85,0.79,0.56,0.25,projected
Hambleton,2021-07-22,0.97,0.95,0.91,0.85,0.79,0.56,0.25,projected
Hambleton,2021-07-23,0.97,0.95,0.91,0.85,0.79,0.56,0.25,projected
Hambleton,2021-07-24,0.97,0.95,0.91,0.85,0.79,0.56,0.25,projected
Hambleton,2021-07-25,0.97,0.95,0.91,0.85,0.79,0.56,0.25,projected
Hambleton,2021-07-26,0.97,0.95,0.91,0.85,0.79,0.56,0.25,projected
Hammersmith and Fulham,2021-03-23,0.01,0.00,0.00,0.00,0.00,0.00,0.00,inferred
Hammersmith and Fulham,2021-03-24,0.01,0.00,0.00,0.00,0.00,0.00,0.00,inferred
Hammersmith and Fulham,2021-03-25,0.01,0.00,0.00,0.00,0.00,0.00,0.00,inferred
Hammersmith and Fulham,2021-03-26,0.01,0.00,0.00,0.00,0.00,0.00,0.00,inferred
Hammersmith and Fulham,2021-03-27,0.01,0.00,0.00,0.00,0.00,0.00,0.00,inferred
Hammersmith and Fulham,2021-03-28,0.01,0.00,0.00,0.00,0.00,0.00,0.00,inferred
Hammersmith and Fulham,2021-03-29,0.01,0.00,0.00,0.00,0.00,0.00,0.00,inferred
Hammersmith and Fulham,2021-03-30,0.90,0.72,0.43,0.19,0.06,0.00,0.00,inferred
Hammersmith and Fulham,2021-03-31,0.90,0.72,0.43,0.19,0.06,0.00,0.00,inferred
Hammersmith and Fulham,2021-04-01,0.90,0.72,0.43,0.19,0.06,0.00,0.00,inferred
Hammersmith and Fulham,2021-04-02,0.90,0.72,0.43,0.19,0.06,0.00,0.00,inferred
Hammersmith and Fulham,2021-04-03,0.90,0.72,0.43,0.19,0.06,0.00,0.00,inferred
Hammersmith and Fulham,2021-04-04,0.90,0.72,0.43,0.19,0.06,0.00,0.00,inferred
Hammersmith and Fulham,2021-04-05,0.90,0.72,0.43,0.19,0.06,0.00,0.00,inferred
Hammersmith and Fulham,2021-04-06,0.99,0.96,0.85,0.63,0.35,0.01,0.00,inferred
Hammersmith and Fulham,2021-04-07,0.99,0.96,0.85,0.63,0.35,0.01,0.00,inferred
Hammersmith and Fulham,2021-04-08,0.99,0.96,0.85,0.63,0.35,0.01,0.00,inferred
Hammersmith and Fulham,2021-04-09,0.99,0.96,0.85,0.63,0.35,0.01,0.00,inferred
Hammersmith and Fulham,2021-04-10,0.99,0.96,0.85,0.63,0.35,0.01,0.00,inferred
Hammersmith and Fulham,2021-04-11,0.99,0.96,0.85,0.63,0.35,0.01,0.00,inferred
Hammersmith and Fulham,2021-04-12,0.99,0.96,0.85,0.63,0.35,0.01,0.00,inferred
Hammersmith and Fulham,2021-04-13,0.85,0.60,0.30,0.11,0.03,0.00,0.00,inferred
Hammersmith and Fulham,2021-04-14,0.85,0.60,0.30,0.11,0.03,0.00,0.00,inferred
Hammersmith and Fulham,2021-04-15,0.85,0.60,0.30,0.11,0.03,0.00,0.00,inferred
Hammersmith and Fulham,2021-04-16,0.85,0.60,0.30,0.11,0.03,0.00,0.00,inferred
Hammersmith and Fulham,2021-04-17,0.85,0.60,0.30,0.11,0.03,0.00,0.00,inferred
Hammersmith and Fulham,2021-04-18,0.85,0.60,0.30,0.11,0.03,0.00,0.00,inferred
Hammersmith and Fulham,2021-04-19,0.85,0.60,0.30,0.11,0.03,0.00,0.00,inferred
Hammersmith and Fulham,2021-04-20,0.33,0.11,0.03,0.00,0.00,0.00,0.00,inferred
Hammersmith and Fulham,2021-04-21,0.33,0.11,0.03,0.00,0.00,0.00,0.00,inferred
Hammersmith and Fulham,2021-04-22,0.33,0.11,0.03,0.00,0.00,0.00,0.00,inferred
Hammersmith and Fulham,2021-04-23,0.33,0.11,0.03,0.00,0.00,0.00,0.00,inferred
Hammersmith and Fulham,2021-04-24,0.33,0.11,0.03,0.00,0.00,0.00,0.00,inferred
Hammersmith and Fulham,2021-04-25,0.33,0.11,0.03,0.00,0.00,0.00,0.00,inferred
Hammersmith and Fulham,2021-04-26,0.33,0.11,0.03,0.00,0.00,0.00,0.00,inferred
Hammersmith and Fulham,2021-04-27,0.62,0.35,0.14,0.04,0.01,0.00,0.00,inferred
Hammersmith and Fulham,2021-04-28,0.62,0.35,0.14,0.04,0.01,0.00,0.00,inferred
Hammersmith and Fulham,2021-04-29,0.62,0.35,0.14,0.04,0.01,0.00,0.00,inferred
Hammersmith and Fulham,2021-04-30,0.62,0.35,0.14,0.04,0.01,0.00,0.00,inferred
Hammersmith and Fulham,2021-05-01,0.62,0.35,0.14,0.04,0.01,0.00,0.00,inferred
Hammersmith and Fulham,2021-05-02,0.62,0.35,0.14,0.04,0.01,0.00,0.00,inferred
Hammersmith and Fulham,2021-05-03,0.62,0.35,0.14,0.04,0.01,0.00,0.00,inferred
Hammersmith and Fulham,2021-05-04,0.95,0.82,0.61,0.36,0.16,0.00,0.00,inferred
Hammersmith and Fulham,2021-05-05,0.95,0.82,0.61,0.36,0.16,0.00,0.00,inferred
Hammersmith and Fulham,2021-05-06,0.95,0.82,0.61,0.36,0.16,0.00,0.00,inferred
Hammersmith and Fulham,2021-05-07,0.95,0.82,0.61,0.36,0.16,0.00,0.00,inferred
Hammersmith and Fulham,2021-05-08,0.95,0.82,0.61,0.36,0.16,0.00,0.00,inferred
Hammersmith and Fulham,2021-05-09,0.95,0.82,0.61,0.36,0.16,0.00,0.00,inferred
Hammersmith and Fulham,2021-05-10,0.95,0.82,0.61,0.36,0.16,0.00,0.00,inferred
Hammersmith and Fulham,2021-05-11,0.97,0.90,0.74,0.52,0.29,0.02,0.00,inferred
Hammersmith and Fulham,2021-05-12,0.97,0.90,0.74,0.52,0.29,0.02,0.00,inferred
Hammersmith and Fulham,2021-05-13,0.97,0.90,0.74,0.52,0.29,0.02,0.00,inferred
Hammersmith and Fulham,2021-05-14,0.97,0.90,0.74,0.52,0.29,0.02,0.00,inferred
Hammersmith and Fulham,2021-05-15,0.97,0.90,0.74,0.52,0.29,0.02,0.00,inferred
Hammersmith and Fulham,2021-05-16,0.97,0.90,0.74,0.52,0.29,0.02,0.00,inferred
Hammersmith and Fulham,2021-05-17,0.97,0.90,0.74,0.52,0.29,0.02,0.00,inferred
Hammersmith and Fulham,2021-05-18,1.00,1.00,1.00,1.00,0.96,0.58,0.02,inferred
Hammersmith and Fulham,2021-05-19,1.00,1.00,1.00,1.00,0.96,0.58,0.02,inferred
Hammersmith and Fulham,2021-05-20,1.00,1.00,1.00,1.00,0.96,0.58,0.02,inferred
Hammersmith and Fulham,2021-05-21,1.00,1.00,1.00,1.00,0.96,0.58,0.02,inferred
Hammersmith and Fulham,2021-05-22,1.00,1.00,1.00,1.00,0.96,0.58,0.02,inferred
Hammersmith and Fulham,2021-05-23,1.00,1.00,1.00,1.00,0.96,0.58,0.02,inferred
Hammersmith and Fulham,2021-05-24,1.00,1.00,1.00,1.00,0.96,0.58,0.02,inferred
Hammersmith and Fulham,2021-05-25,1.00,1.00,1.00,1.00,1.00,1.00,0.72,inferred
Hammersmith and Fulham,2021-05-26,1.00,1.00,1.00,1.00,1.00,1.00,0.72,inferred
Hammersmith and Fulham,2021-05-27,1.00,1.00,1.00,1.00,1.00,1.00,0.72,inferred
Hammersmith and Fulham,2021-05-28,1.00,1.00,1.00,1.00,1.00,1.00,0.72,inferred
Hammersmith and Fulham,2021-05-29,1.00,1.00,1.00,1.00,1.00,1.00,0.72,inferred
Hammersmith and Fulham,2021-05-30,1.00,1.00,1.00,1.00,1.00,1.00,0.72,inferred
Hammersmith and Fulham,2021-05-31,1.00,1.00,1.00,1.00,1.00,1.00,0.72,inferred
Hammersmith and Fulham,2021-06-01,1.00,1.00,1.00,1.00,0.99,0.73,0.07,inferred
Hammersmith and Fulham,2021-06-02,1.00,1.00,1.00,1.00,0.99,0.73,0.07,inferred
Hammersmith and Fulham,2021-06-03,1.00,1.00,1.00,1.00,0.99,0.73,0.07,inferred
Hammersmith and Fulham,2021-06-04,1.00,1.00,1.00,1.00,0.99,0.73,0.07,inferred
Hammersmith and Fulham,2021-06-05,1.00,1.00,1.00,1.00,0.99,0.73,0.07,inferred
Hammersmith and Fulham,2021-06-06,1.00,1.00,1.00,1.00,0.99,0.73,0.07,inferred
Hammersmith and Fulham,2021-06-07,1.00,1.00,1.00,1.00,0.99,0.73,0.07,inferred
Hammersmith and Fulham,2021-06-08,1.00,1.00,0.97,0.83,0.48,0.01,0.00,inferred
Hammersmith and Fulham,2021-06-09,1.00,1.00,0.97,0.83,0.48,0.01,0.00,inferred
Hammersmith and Fulham,2021-06-10,1.00,1.00,0.97,0.83,0.48,0.01,0.00,inferred
Hammersmith and Fulham,2021-06-11,1.00,1.00,0.97,0.83,0.48,0.01,0.00,inferred
Hammersmith and Fulham,2021-06-12,1.00,1.00,0.97,0.83,0.48,0.01,0.00,inferred
Hammersmith and Fulham,2021-06-13,1.00,1.00,0.97,0.83,0.48,0.01,0.00,inferred
Hammersmith and Fulham,2021-06-14,1.00,1.00,0.97,0.83,0.48,0.01,0.00,inferred
Hammersmith and Fulham,2021-06-15,1.00,1.00,1.00,1.00,1.00,0.95,0.08,inferred
Hammersmith and Fulham,2021-06-16,1.00,1.00,1.00,1.00,1.00,0.95,0.08,inferred
Hammersmith and Fulham,2021-06-17,1.00,1.00,1.00,1.00,1.00,0.95,0.08,inferred
Hammersmith and Fulham,2021-06-18,1.00,1.00,1.00,1.00,1.00,0.95,0.08,inferred
Hammersmith and Fulham,2021-06-19,1.00,1.00,1.00,1.00,1.00,0.95,0.08,inferred
Hammersmith and Fulham,2021-06-20,1.00,1.00,1.00,1.00,1.00,0.95,0.08,inferred
Hammersmith and Fulham,2021-06-21,1.00,1.00,1.00,1.00,1.00,0.95,0.08,inferred
Hammersmith and Fulham,2021-06-22,1.00,1.00,1.00,1.00,1.00,0.73,0.01,inferred
Hammersmith and Fulham,2021-06-23,1.00,1.00,1.00,1.00,1.00,0.73,0.01,inferred
Hammersmith and Fulham,2021-06-24,1.00,1.00,1.00,1.00,1.00,0.73,0.01,inferred
Hammersmith and Fulham,2021-06-25,1.00,1.00,1.00,1.00,1.00,0.73,0.01,inferred
Hammersmith and Fulham,2021-06-26,1.00,1.00,1.00,1.00,1.00,0.73,0.01,inferred
Hammersmith and Fulham,2021-06-27,1.00,1.00,1.00,1.00,1.00,0.73,0.01,inferred
Hammersmith and Fulham,2021-06-28,1.00,1.00,1.00,1.00,1.00,0.73,0.01,inferred
Hammersmith and Fulham,2021-06-29,1.00,0.99,0.90,0.69,0.41,0.02,0.00,inferred
Hammersmith and Fulham,2021-06-30,1.00,0.99,0.90,0.69,0.41,0.02,0.00,inferred
Hammersmith and Fulham,2021-07-01,1.00,0.99,0.90,0.69,0.41,0.02,0.00,inferred
Hammersmith and Fulham,2021-07-02,1.00,0.99,0.90,0.69,0.41,0.02,0.00,inferred
Hammersmith and Fulham,2021-07-03,1.00,0.99,0.90,0.69,0.41,0.02,0.00,inferred
Hammersmith and Fulham,2021-07-04,1.00,0.99,0.90,0.69,0.41,0.02,0.00,inferred
Hammersmith and Fulham,2021-07-05,1.00,0.99,0.90,0.69,0.41,0.02,0.00,inferred
Hammersmith and Fulham,2021-07-06,0.98,0.92,0.78,0.59,0.42,0.10,0.01,projected
Hammersmith and Fulham,2021-07-07,0.98,0.92,0.78,0.59,0.42,0.10,0.01,projected
Hammersmith and Fulham,2021-07-08,0.98,0.92,0.78,0.59,0.42,0.10,0.01,projected
Hammersmith and Fulham,2021-07-09,0.98,0.92,0.78,0.59,0.42,0.10,0.01,projected
Hammersmith and Fulham,2021-07-10,0.98,0.92,0.78,0.59,0.42,0.10,0.01,projected
Hammersmith and Fulham,2021-07-11,0.98,0.92,0.78,0.59,0.42,0.10,0.01,projected
Hammersmith and Fulham,2021-07-12,0.98,0.92,0.78,0.59,0.42,0.10,0.01,projected
Hammersmith and Fulham,2021-07-13,0.95,0.89,0.75,0.59,0.44,0.14,0.01,projected
Hammersmith and Fulham,2021-07-14,0.95,0.89,0.75,0.59,0.44,0.14,0.01,projected
Hammersmith and Fulham,2021-07-15,0.95,0.89,0.75,0.59,0.44,0.14,0.01,projected
Hammersmith and Fulham,2021-07-16,0.95,0.89,0.75,0.59,0.44,0.14,0.01,projected
Hammersmith and Fulham,2021-07-17,0.95,0.89,0.75,0.59,0.44,0.14,0.01,projected
Hammersmith and Fulham,2021-07-18,0.95,0.89,0.75,0.59,0.44,0.14,0.01,projected
Hammersmith and Fulham,2021-07-19,0.95,0.89,0.75,0.59,0.44,0.14,0.01,projected
Hammersmith and Fulham,2021-07-20,0.95,0.88,0.76,0.61,0.46,0.16,0.02,projected
Hammersmith and Fulham,2021-07-21,0.95,0.88,0.76,0.61,0.46,0.16,0.02,projected
Hammersmith and Fulham,2021-07-22,0.95,0.88,0.76,0.61,0.46,0.16,0.02,projected
Hammersmith and Fulham,2021-07-23,0.95,0.88,0.76,0.61,0.46,0.16,0.02,projected
Hammersmith and Fulham,2021-07-24,0.95,0.88,0.76,0.61,0.46,0.16,0.02,projected
Hammersmith and Fulham,2021-07-25,0.95,0.88,0.76,0.61,0.46,0.16,0.02,projected
Hammersmith and Fulham,2021-07-26,0.95,0.88,0.76,0.61,0.46,0.16,0.02,projected
Harborough,2021-03-23,0.21,0.09,0.03,0.01,0.00,0.00,0.00,inferred
Harborough,2021-03-24,0.21,0.09,0.03,0.01,0.00,0.00,0.00,inferred
Harborough,2021-03-25,0.21,0.09,0.03,0.01,0.00,0.00,0.00,inferred
Harborough,2021-03-26,0.21,0.09,0.03,0.01,0.00,0.00,0.00,inferred
Harborough,2021-03-27,0.21,0.09,0.03,0.01,0.00,0.00,0.00,inferred
Harborough,2021-03-28,0.21,0.09,0.03,0.01,0.00,0.00,0.00,inferred
Harborough,2021-03-29,0.21,0.09,0.03,0.01,0.00,0.00,0.00,inferred
Harborough,2021-03-30,0.66,0.46,0.28,0.15,0.08,0.01,0.00,inferred
Harborough,2021-03-31,0.66,0.46,0.28,0.15,0.08,0.01,0.00,inferred
Harborough,2021-04-01,0.66,0.46,0.28,0.15,0.08,0.01,0.00,inferred
Harborough,2021-04-02,0.66,0.46,0.28,0.15,0.08,0.01,0.00,inferred
Harborough,2021-04-03,0.66,0.46,0.28,0.15,0.08,0.01,0.00,inferred
Harborough,2021-04-04,0.66,0.46,0.28,0.15,0.08,0.01,0.00,inferred
Harborough,2021-04-05,0.66,0.46,0.28,0.15,0.08,0.01,0.00,inferred
Harborough,2021-04-06,0.87,0.74,0.58,0.41,0.25,0.04,0.00,inferred
Harborough,2021-04-07,0.87,0.74,0.58,0.41,0.25,0.04,0.00,inferred
Harborough,2021-04-08,0.87,0.74,0.58,0.41,0.25,0.04,0.00,inferred
Harborough,2021-04-09,0.87,0.74,0.58,0.41,0.25,0.04,0.00,inferred
Harborough,2021-04-10,0.87,0.74,0.58,0.41,0.25,0.04,0.00,inferred
Harborough,2021-04-11,0.87,0.74,0.58,0.41,0.25,0.04,0.00,inferred
Harborough,2021-04-12,0.87,0.74,0.58,0.41,0.25,0.04,0.00,inferred
Harborough,2021-04-13,0.91,0.81,0.65,0.46,0.32,0.06,0.00,inferred
Harborough,2021-04-14,0.91,0.81,0.65,0.46,0.32,0.06,0.00,inferred
Harborough,2021-04-15,0.91,0.81,0.65,0.46,0.32,0.06,0.00,inferred
Harborough,2021-04-16,0.91,0.81,0.65,0.46,0.32,0.06,0.00,inferred
Harborough,2021-04-17,0.91,0.81,0.65,0.46,0.32,0.06,0.00,inferred
Harborough,2021-04-18,0.91,0.81,0.65,0.46,0.32,0.06,0.00,inferred
Harborough,2021-04-19,0.91,0.81,0.65,0.46,0.32,0.06,0.00,inferred
Harborough,2021-04-20,0.84,0.68,0.49,0.30,0.17,0.02,0.00,inferred
Harborough,2021-04-21,0.84,0.68,0.49,0.30,0.17,0.02,0.00,inferred
Harborough,2021-04-22,0.84,0.68,0.49,0.30,0.17,0.02,0.00,inferred
Harborough,2021-04-23,0.84,0.68,0.49,0.30,0.17,0.02,0.00,inferred
Harborough,2021-04-24,0.84,0.68,0.49,0.30,0.17,0.02,0.00,inferred
Harborough,2021-04-25,0.84,0.68,0.49,0.30,0.17,0.02,0.00,inferred
Harborough,2021-04-26,0.84,0.68,0.49,0.30,0.17,0.02,0.00,inferred
Harborough,2021-04-27,0.93,0.85,0.71,0.55,0.39,0.07,0.00,inferred
Harborough,2021-04-28,0.93,0.85,0.71,0.55,0.39,0.07,0.00,inferred
Harborough,2021-04-29,0.93,0.85,0.71,0.55,0.39,0.07,0.00,inferred
Harborough,2021-04-30,0.93,0.85,0.71,0.55,0.39,0.07,0.00,inferred
Harborough,2021-05-01,0.93,0.85,0.71,0.55,0.39,0.07,0.00,inferred
Harborough,2021-05-02,0.93,0.85,0.71,0.55,0.39,0.07,0.00,inferred
Harborough,2021-05-03,0.93,0.85,0.71,0.55,0.39,0.07,0.00,inferred
Harborough,2021-05-04,0.40,0.21,0.09,0.04,0.01,0.00,0.00,inferred
Harborough,2021-05-05,0.40,0.21,0.09,0.04,0.01,0.00,0.00,inferred
Harborough,2021-05-06,0.40,0.21,0.09,0.04,0.01,0.00,0.00,inferred
Harborough,2021-05-07,0.40,0.21,0.09,0.04,0.01,0.00,0.00,inferred
Harborough,2021-05-08,0.40,0.21,0.09,0.04,0.01,0.00,0.00,inferred
Harborough,2021-05-09,0.40,0.21,0.09,0.04,0.01,0.00,0.00,inferred
Harborough,2021-05-10,0.40,0.21,0.09,0.04,0.01,0.00,0.00,inferred
Harborough,2021-05-11,0.46,0.28,0.15,0.08,0.03,0.00,0.00,inferred
Harborough,2021-05-12,0.46,0.28,0.15,0.08,0.03,0.00,0.00,inferred
Harborough,2021-05-13,0.46,0.28,0.15,0.08,0.03,0.00,0.00,inferred
Harborough,2021-05-14,0.46,0.28,0.15,0.08,0.03,0.00,0.00,inferred
Harborough,2021-05-15,0.46,0.28,0.15,0.08,0.03,0.00,0.00,inferred
Harborough,2021-05-16,0.46,0.28,0.15,0.08,0.03,0.00,0.00,inferred
Harborough,2021-05-17,0.46,0.28,0.15,0.08,0.03,0.00,0.00,inferred
Harborough,2021-05-18,0.98,0.95,0.89,0.81,0.66,0.25,0.02,inferred
Harborough,2021-05-19,0.98,0.95,0.89,0.81,0.66,0.25,0.02,inferred
Harborough,2021-05-20,0.98,0.95,0.89,0.81,0.66,0.25,0.02,inferred
Harborough,2021-05-21,0.98,0.95,0.89,0.81,0.66,0.25,0.02,inferred
Harborough,2021-05-22,0.98,0.95,0.89,0.81,0.66,0.25,0.02,inferred
Harborough,2021-05-23,0.98,0.95,0.89,0.81,0.66,0.25,0.02,inferred
Harborough,2021-05-24,0.98,0.95,0.89,0.81,0.66,0.25,0.02,inferred
Harborough,2021-05-25,1.00,1.00,1.00,1.00,0.98,0.79,0.23,inferred
Harborough,2021-05-26,1.00,1.00,1.00,1.00,0.98,0.79,0.23,inferred
Harborough,2021-05-27,1.00,1.00,1.00,1.00,0.98,0.79,0.23,inferred
Harborough,2021-05-28,1.00,1.00,1.00,1.00,0.98,0.79,0.23,inferred
Harborough,2021-05-29,1.00,1.00,1.00,1.00,0.98,0.79,0.23,inferred
Harborough,2021-05-30,1.00,1.00,1.00,1.00,0.98,0.79,0.23,inferred
Harborough,2021-05-31,1.00,1.00,1.00,1.00,0.98,0.79,0.23,inferred
Harborough,2021-06-01,1.00,1.00,1.00,1.00,0.99,0.84,0.27,inferred
Harborough,2021-06-02,1.00,1.00,1.00,1.00,0.99,0.84,0.27,inferred
Harborough,2021-06-03,1.00,1.00,1.00,1.00,0.99,0.84,0.27,inferred
Harborough,2021-06-04,1.00,1.00,1.00,1.00,0.99,0.84,0.27,inferred
Harborough,2021-06-05,1.00,1.00,1.00,1.00,0.99,0.84,0.27,inferred
Harborough,2021-06-06,1.00,1.00,1.00,1.00,0.99,0.84,0.27,inferred
Harborough,2021-06-07,1.00,1.00,1.00,1.00,0.99,0.84,0.27,inferred
Harborough,2021-06-08,1.00,1.00,1.00,1.00,1.00,0.86,0.31,inferred
Harborough,2021-06-09,1.00,1.00,1.00,1.00,1.00,0.86,0.31,inferred
Harborough,2021-06-10,1.00,1.00,1.00,1.00,1.00,0.86,0.31,inferred
Harborough,2021-06-11,1.00,1.00,1.00,1.00,1.00,0.86,0.31,inferred
Harborough,2021-06-12,1.00,1.00,1.00,1.00,1.00,0.86,0.31,inferred
Harborough,2021-06-13,1.00,1.00,1.00,1.00,1.00,0.86,0.31,inferred
Harborough,2021-06-14,1.00,1.00,1.00,1.00,1.00,0.86,0.31,inferred
Harborough,2021-06-15,1.00,0.99,0.96,0.84,0.64,0.11,0.00,inferred
Harborough,2021-06-16,1.00,0.99,0.96,0.84,0.64,0.11,0.00,inferred
Harborough,2021-06-17,1.00,0.99,0.96,0.84,0.64,0.11,0.00,inferred
Harborough,2021-06-18,1.00,0.99,0.96,0.84,0.64,0.11,0.00,inferred
Harborough,2021-06-19,1.00,0.99,0.96,0.84,0.64,0.11,0.00,inferred
Harborough,2021-06-20,1.00,0.99,0.96,0.84,0.64,0.11,0.00,inferred
Harborough,2021-06-21,1.00,0.99,0.96,0.84,0.64,0.11,0.00,inferred
Harborough,2021-06-22,1.00,1.00,0.98,0.92,0.77,0.17,0.00,inferred
Harborough,2021-06-23,1.00,1.00,0.98,0.92,0.77,0.17,0.00,inferred
Harborough,2021-06-24,1.00,1.00,0.98,0.92,0.77,0.17,0.00,inferred
Harborough,2021-06-25,1.00,1.00,0.98,0.92,0.77,0.17,0.00,inferred
Harborough,2021-06-26,1.00,1.00,0.98,0.92,0.77,0.17,0.00,inferred
Harborough,2021-06-27,1.00,1.00,0.98,0.92,0.77,0.17,0.00,inferred
Harborough,2021-06-28,1.00,1.00,0.98,0.92,0.77,0.17,0.00,inferred
Harborough,2021-06-29,0.94,0.85,0.70,0.52,0.36,0.07,0.00,inferred
Harborough,2021-06-30,0.94,0.85,0.70,0.52,0.36,0.07,0.00,inferred
Harborough,2021-07-01,0.94,0.85,0.70,0.52,0.36,0.07,0.00,inferred
Harborough,2021-07-02,0.94,0.85,0.70,0.52,0.36,0.07,0.00,inferred
Harborough,2021-07-03,0.94,0.85,0.70,0.52,0.36,0.07,0.00,inferred
Harborough,2021-07-04,0.94,0.85,0.70,0.52,0.36,0.07,0.00,inferred
Harborough,2021-07-05,0.94,0.85,0.70,0.52,0.36,0.07,0.00,inferred
Harborough,2021-07-06,0.91,0.81,0.69,0.55,0.44,0.18,0.04,projected
Harborough,2021-07-07,0.91,0.81,0.69,0.55,0.44,0.18,0.04,projected
Harborough,2021-07-08,0.91,0.81,0.69,0.55,0.44,0.18,0.04,projected
Harborough,2021-07-09,0.91,0.81,0.69,0.55,0.44,0.18,0.04,projected
Harborough,2021-07-10,0.91,0.81,0.69,0.55,0.44,0.18,0.04,projected
Harborough,2021-07-11,0.91,0.81,0.69,0.55,0.44,0.18,0.04,projected
Harborough,2021-07-12,0.91,0.81,0.69,0.55,0.44,0.18,0.04,projected
Harborough,2021-07-13,0.90,0.82,0.71,0.61,0.51,0.25,0.06,projected
Harborough,2021-07-14,0.90,0.82,0.71,0.61,0.51,0.25,0.06,projected
Harborough,2021-07-15,0.90,0.82,0.71,0.61,0.51,0.25,0.06,projected
Harborough,2021-07-16,0.90,0.82,0.71,0.61,0.51,0.25,0.06,projected
Harborough,2021-07-17,0.90,0.82,0.71,0.61,0.51,0.25,0.06,projected
Harborough,2021-07-18,0.90,0.82,0.71,0.61,0.51,0.25,0.06,projected
Harborough,2021-07-19,0.90,0.82,0.71,0.61,0.51,0.25,0.06,projected
Harborough,2021-07-20,0.93,0.88,0.79,0.69,0.60,0.34,0.10,projected
Harborough,2021-07-21,0.93,0.88,0.79,0.69,0.60,0.34,0.10,projected
Harborough,2021-07-22,0.93,0.88,0.79,0.69,0.60,0.34,0.10,projected
Harborough,2021-07-23,0.93,0.88,0.79,0.69,0.60,0.34,0.10,projected
Harborough,2021-07-24,0.93,0.88,0.79,0.69,0.60,0.34,0.10,projected
Harborough,2021-07-25,0.93,0.88,0.79,0.69,0.60,0.34,0.10,projected
Harborough,2021-07-26,0.93,0.88,0.79,0.69,0.60,0.34,0.10,projected
Haringey,2021-03-23,0.00,0.00,0.00,0.00,0.00,0.00,0.00,inferred
Haringey,2021-03-24,0.00,0.00,0.00,0.00,0.00,0.00,0.00,inferred
Haringey,2021-03-25,0.00,0.00,0.00,0.00,0.00,0.00,0.00,inferred
Haringey,2021-03-26,0.00,0.00,0.00,0.00,0.00,0.00,0.00,inferred
Haringey,2021-03-27,0.00,0.00,0.00,0.00,0.00,0.00,0.00,inferred
Haringey,2021-03-28,0.00,0.00,0.00,0.00,0.00,0.00,0.00,inferred
Haringey,2021-03-29,0.00,0.00,0.00,0.00,0.00,0.00,0.00,inferred
Haringey,2021-03-30,0.48,0.21,0.06,0.02,0.00,0.00,0.00,inferred
Haringey,2021-03-31,0.48,0.21,0.06,0.02,0.00,0.00,0.00,inferred
Haringey,2021-04-01,0.48,0.21,0.06,0.02,0.00,0.00,0.00,inferred
Haringey,2021-04-02,0.48,0.21,0.06,0.02,0.00,0.00,0.00,inferred
Haringey,2021-04-03,0.48,0.21,0.06,0.02,0.00,0.00,0.00,inferred
Haringey,2021-04-04,0.48,0.21,0.06,0.02,0.00,0.00,0.00,inferred
Haringey,2021-04-05,0.48,0.21,0.06,0.02,0.00,0.00,0.00,inferred
Haringey,2021-04-06,0.95,0.82,0.58,0.33,0.14,0.00,0.00,inferred
Haringey,2021-04-07,0.95,0.82,0.58,0.33,0.14,0.00,0.00,inferred
Haringey,2021-04-08,0.95,0.82,0.58,0.33,0.14,0.00,0.00,inferred
Haringey,2021-04-09,0.95,0.82,0.58,0.33,0.14,0.00,0.00,inferred
Haringey,2021-04-10,0.95,0.82,0.58,0.33,0.14,0.00,0.00,inferred
Haringey,2021-04-11,0.95,0.82,0.58,0.33,0.14,0.00,0.00,inferred
Haringey,2021-04-12,0.95,0.82,0.58,0.33,0.14,0.00,0.00,inferred
Haringey,2021-04-13,0.90,0.68,0.42,0.18,0.05,0.00,0.00,inferred
Haringey,2021-04-14,0.90,0.68,0.42,0.18,0.05,0.00,0.00,inferred
Haringey,2021-04-15,0.90,0.68,0.42,0.18,0.05,0.00,0.00,inferred
Haringey,2021-04-16,0.90,0.68,0.42,0.18,0.05,0.00,0.00,inferred
Haringey,2021-04-17,0.90,0.68,0.42,0.18,0.05,0.00,0.00,inferred
Haringey,2021-04-18,0.90,0.68,0.42,0.18,0.05,0.00,0.00,inferred
Haringey,2021-04-19,0.90,0.68,0.42,0.18,0.05,0.00,0.00,inferred
Haringey,2021-04-20,0.81,0.55,0.28,0.09,0.02,0.00,0.00,inferred
Haringey,2021-04-21,0.81,0.55,0.28,0.09,0.02,0.00,0.00,inferred
Haringey,2021-04-22,0.81,0.55,0.28,0.09,0.02,0.00,0.00,inferred
Haringey,2021-04-23,0.81,0.55,0.28,0.09,0.02,0.00,0.00,inferred
Haringey,2021-04-24,0.81,0.55,0.28,0.09,0.02,0.00,0.00,inferred
Haringey,2021-04-25,0.81,0.55,0.28,0.09,0.02,0.00,0.00,inferred
Haringey,2021-04-26,0.81,0.55,0.28,0.09,0.02,0.00,0.00,inferred
Haringey,2021-04-27,0.95,0.84,0.59,0.32,0.14,0.00,0.00,inferred
Haringey,2021-04-28,0.95,0.84,0.59,0.32,0.14,0.00,0.00,inferred
Haringey,2021-04-29,0.95,0.84,0.59,0.32,0.14,0.00,0.00,inferred
Haringey,2021-04-30,0.95,0.84,0.59,0.32,0.14,0.00,0.00,inferred
Haringey,2021-05-01,0.95,0.84,0.59,0.32,0.14,0.00,0.00,inferred
Haringey,2021-05-02,0.95,0.84,0.59,0.32,0.14,0.00,0.00,inferred
Haringey,2021-05-03,0.95,0.84,0.59,0.32,0.14,0.00,0.00,inferred
Haringey,2021-05-04,0.98,0.88,0.66,0.39,0.17,0.01,0.00,inferred
Haringey,2021-05-05,0.98,0.88,0.66,0.39,0.17,0.01,0.00,inferred
Haringey,2021-05-06,0.98,0.88,0.66,0.39,0.17,0.01,0.00,inferred
Haringey,2021-05-07,0.98,0.88,0.66,0.39,0.17,0.01,0.00,inferred
Haringey,2021-05-08,0.98,0.88,0.66,0.39,0.17,0.01,0.00,inferred
Haringey,2021-05-09,0.98,0.88,0.66,0.39,0.17,0.01,0.00,inferred
Haringey,2021-05-10,0.98,0.88,0.66,0.39,0.17,0.01,0.00,inferred
Haringey,2021-05-11,0.97,0.87,0.66,0.39,0.16,0.01,0.00,inferred
Haringey,2021-05-12,0.97,0.87,0.66,0.39,0.16,0.01,0.00,inferred
Haringey,2021-05-13,0.97,0.87,0.66,0.39,0.16,0.01,0.00,inferred
Haringey,2021-05-14,0.97,0.87,0.66,0.39,0.16,0.01,0.00,inferred
Haringey,2021-05-15,0.97,0.87,0.66,0.39,0.16,0.01,0.00,inferred
Haringey,2021-05-16,0.97,0.87,0.66,0.39,0.16,0.01,0.00,inferred
Haringey,2021-05-17,0.97,0.87,0.66,0.39,0.16,0.01,0.00,inferred
Haringey,2021-05-18,1.00,1.00,1.00,0.99,0.97,0.52,0.01,inferred
Haringey,2021-05-19,1.00,1.00,1.00,0.99,0.97,0.52,0.01,inferred
Haringey,2021-05-20,1.00,1.00,1.00,0.99,0.97,0.52,0.01,inferred
Haringey,2021-05-21,1.00,1.00,1.00,0.99,0.97,0.52,0.01,inferred
Haringey,2021-05-22,1.00,1.00,1.00,0.99,0.97,0.52,0.01,inferred
Haringey,2021-05-23,1.00,1.00,1.00,0.99,0.97,0.52,0.01,inferred
Haringey,2021-05-24,1.00,1.00,1.00,0.99,0.97,0.52,0.01,inferred
Haringey,2021-05-25,1.00,1.00,1.00,1.00,1.00,0.98,0.55,inferred
Haringey,2021-05-26,1.00,1.00,1.00,1.00,1.00,0.98,0.55,inferred
Haringey,2021-05-27,1.00,1.00,1.00,1.00,1.00,0.98,0.55,inferred
Haringey,2021-05-28,1.00,1.00,1.00,1.00,1.00,0.98,0.55,inferred
Haringey,2021-05-29,1.00,1.00,1.00,1.00,1.00,0.98,0.55,inferred
Haringey,2021-05-30,1.00,1.00,1.00,1.00,1.00,0.98,0.55,inferred
Haringey,2021-05-31,1.00,1.00,1.00,1.00,1.00,0.98,0.55,inferred
Haringey,2021-06-01,1.00,1.00,1.00,0.96,0.85,0.31,0.00,inferred
Haringey,2021-06-02,1.00,1.00,1.00,0.96,0.85,0.31,0.00,inferred
Haringey,2021-06-03,1.00,1.00,1.00,0.96,0.85,0.31,0.00,inferred
Haringey,2021-06-04,1.00,1.00,1.00,0.96,0.85,0.31,0.00,inferred
Haringey,2021-06-05,1.00,1.00,1.00,0.96,0.85,0.31,0.00,inferred
Haringey,2021-06-06,1.00,1.00,1.00,0.96,0.85,0.31,0.00,inferred
Haringey,2021-06-07,1.00,1.00,1.00,0.96,0.85,0.31,0.00,inferred
Haringey,2021-06-08,1.00,0.99,0.86,0.50,0.17,0.00,0.00,inferred
Haringey,2021-06-09,1.00,0.99,0.86,0.50,0.17,0.00,0.00,inferred
Haringey,2021-06-10,1.00,0.99,0.86,0.50,0.17,0.00,0.00,inferred
Haringey,2021-06-11,1.00,0.99,0.86,0.50,0.17,0.00,0.00,inferred
Haringey,2021-06-12,1.00,0.99,0.86,0.50,0.17,0.00,0.00,inferred
Haringey,2021-06-13,1.00,0.99,0.86,0.50,0.17,0.00,0.00,inferred
Haringey,2021-06-14,1.00,0.99,0.86,0.50,0.17,0.00,0.00,inferred
Haringey,2021-06-15,1.00,1.00,1.00,1.00,1.00,1.00,0.32,inferred
Haringey,2021-06-16,1.00,1.00,1.00,1.00,1.00,1.00,0.32,inferred
Haringey,2021-06-17,1.00,1.00,1.00,1.00,1.00,1.00,0.32,inferred
Haringey,2021-06-18,1.00,1.00,1.00,1.00,1.00,1.00,0.32,inferred
Haringey,2021-06-19,1.00,1.00,1.00,1.00,1.00,1.00,0.32,inferred
Haringey,2021-06-20,1.00,1.00,1.00,1.00,1.00,1.00,0.32,inferred
Haringey,2021-06-21,1.00,1.00,1.00,1.00,1.00,1.00,0.32,inferred
Haringey,2021-06-22,1.00,1.00,1.00,1.00,1.00,0.76,0.02,inferred
Haringey,2021-06-23,1.00,1.00,1.00,1.00,1.00,0.76,0.02,inferred
Haringey,2021-06-24,1.00,1.00,1.00,1.00,1.00,0.76,0.02,inferred
Haringey,2021-06-25,1.00,1.00,1.00,1.00,1.00,0.76,0.02,inferred
Haringey,2021-06-26,1.00,1.00,1.00,1.00,1.00,0.76,0.02,inferred
Haringey,2021-06-27,1.00,1.00,1.00,1.00,1.00,0.76,0.02,inferred
Haringey,2021-06-28,1.00,1.00,1.00,1.00,1.00,0.76,0.02,inferred
Haringey,2021-06-29,1.00,1.00,1.00,0.96,0.86,0.25,0.00,inferred
Haringey,2021-06-30,1.00,1.00,1.00,0.96,0.86,0.25,0.00,inferred
Haringey,2021-07-01,1.00,1.00,1.00,0.96,0.86,0.25,0.00,inferred
Haringey,2021-07-02,1.00,1.00,1.00,0.96,0.86,0.25,0.00,inferred
Haringey,2021-07-03,1.00,1.00,1.00,0.96,0.86,0.25,0.00,inferred
Haringey,2021-07-04,1.00,1.00,1.00,0.96,0.86,0.25,0.00,inferred
Haringey,2021-07-05,1.00,1.00,1.00,0.96,0.86,0.25,0.00,inferred
Haringey,2021-07-06,1.00,0.98,0.94,0.85,0.72,0.27,0.03,projected
Haringey,2021-07-07,1.00,0.98,0.94,0.85,0.72,0.27,0.03,projected
Haringey,2021-07-08,1.00,0.98,0.94,0.85,0.72,0.27,0.03,projected
Haringey,2021-07-09,1.00,0.98,0.94,0.85,0.72,0.27,0.03,projected
Haringey,2021-07-10,1.00,0.98,0.94,0.85,0.72,0.27,0.03,projected
Haringey,2021-07-11,1.00,0.98,0.94,0.85,0.72,0.27,0.03,projected
Haringey,2021-07-12,1.00,0.98,0.94,0.85,0.72,0.27,0.03,projected
Haringey,2021-07-13,0.98,0.94,0.88,0.79,0.66,0.27,0.04,projected
Haringey,2021-07-14,0.98,0.94,0.88,0.79,0.66,0.27,0.04,projected
Haringey,2021-07-15,0.98,0.94,0.88,0.79,0.66,0.27,0.04,projected
Haringey,2021-07-16,0.98,0.94,0.88,0.79,0.66,0.27,0.04,projected
Haringey,2021-07-17,0.98,0.94,0.88,0.79,0.66,0.27,0.04,projected
Haringey,2021-07-18,0.98,0.94,0.88,0.79,0.66,0.27,0.04,projected
Haringey,2021-07-19,0.98,0.94,0.88,0.79,0.66,0.27,0.04,projected
Haringey,2021-07-20,0.97,0.93,0.85,0.74,0.63,0.28,0.05,projected
Haringey,2021-07-21,0.97,0.93,0.85,0.74,0.63,0.28,0.05,projected
Haringey,2021-07-22,0.97,0.93,0.85,0.74,0.63,0.28,0.05,projected
Haringey,2021-07-23,0.97,0.93,0.85,0.74,0.63,0.28,0.05,projected
Haringey,2021-07-24,0.97,0.93,0.85,0.74,0.63,0.28,0.05,projected
Haringey,2021-07-25,0.97,0.93,0.85,0.74,0.63,0.28,0.05,projected
Haringey,2021-07-26,0.97,0.93,0.85,0.74,0.63,0.28,0.05,projected
Harlow,2021-03-23,0.06,0.02,0.00,0.00,0.00,0.00,0.00,inferred
Harlow,2021-03-24,0.06,0.02,0.00,0.00,0.00,0.00,0.00,inferred
Harlow,2021-03-25,0.06,0.02,0.00,0.00,0.00,0.00,0.00,inferred
Harlow,2021-03-26,0.06,0.02,0.00,0.00,0.00,0.00,0.00,inferred
Harlow,2021-03-27,0.06,0.02,0.00,0.00,0.00,0.00,0.00,inferred
Harlow,2021-03-28,0.06,0.02,0.00,0.00,0.00,0.00,0.00,inferred
Harlow,2021-03-29,0.06,0.02,0.00,0.00,0.00,0.00,0.00,inferred
Harlow,2021-03-30,0.69,0.50,0.30,0.16,0.07,0.00,0.00,inferred
Harlow,2021-03-31,0.69,0.50,0.30,0.16,0.07,0.00,0.00,inferred
Harlow,2021-04-01,0.69,0.50,0.30,0.16,0.07,0.00,0.00,inferred
Harlow,2021-04-02,0.69,0.50,0.30,0.16,0.07,0.00,0.00,inferred
Harlow,2021-04-03,0.69,0.50,0.30,0.16,0.07,0.00,0.00,inferred
Harlow,2021-04-04,0.69,0.50,0.30,0.16,0.07,0.00,0.00,inferred
Harlow,2021-04-05,0.69,0.50,0.30,0.16,0.07,0.00,0.00,inferred
Harlow,2021-04-06,0.62,0.42,0.25,0.14,0.06,0.00,0.00,inferred
Harlow,2021-04-07,0.62,0.42,0.25,0.14,0.06,0.00,0.00,inferred
Harlow,2021-04-08,0.62,0.42,0.25,0.14,0.06,0.00,0.00,inferred
Harlow,2021-04-09,0.62,0.42,0.25,0.14,0.06,0.00,0.00,inferred
Harlow,2021-04-10,0.62,0.42,0.25,0.14,0.06,0.00,0.00,inferred
Harlow,2021-04-11,0.62,0.42,0.25,0.14,0.06,0.00,0.00,inferred
Harlow,2021-04-12,0.62,0.42,0.25,0.14,0.06,0.00,0.00,inferred
Harlow,2021-04-13,0.85,0.73,0.56,0.40,0.26,0.03,0.00,inferred
Harlow,2021-04-14,0.85,0.73,0.56,0.40,0.26,0.03,0.00,inferred
Harlow,2021-04-15,0.85,0.73,0.56,0.40,0.26,0.03,0.00,inferred
Harlow,2021-04-16,0.85,0.73,0.56,0.40,0.26,0.03,0.00,inferred
Harlow,2021-04-17,0.85,0.73,0.56,0.40,0.26,0.03,0.00,inferred
Harlow,2021-04-18,0.85,0.73,0.56,0.40,0.26,0.03,0.00,inferred
Harlow,2021-04-19,0.85,0.73,0.56,0.40,0.26,0.03,0.00,inferred
Harlow,2021-04-20,0.75,0.58,0.38,0.24,0.12,0.01,0.00,inferred
Harlow,2021-04-21,0.75,0.58,0.38,0.24,0.12,0.01,0.00,inferred
Harlow,2021-04-22,0.75,0.58,0.38,0.24,0.12,0.01,0.00,inferred
Harlow,2021-04-23,0.75,0.58,0.38,0.24,0.12,0.01,0.00,inferred
Harlow,2021-04-24,0.75,0.58,0.38,0.24,0.12,0.01,0.00,inferred
Harlow,2021-04-25,0.75,0.58,0.38,0.24,0.12,0.01,0.00,inferred
Harlow,2021-04-26,0.75,0.58,0.38,0.24,0.12,0.01,0.00,inferred
Harlow,2021-04-27,0.68,0.48,0.30,0.18,0.09,0.01,0.00,inferred
Harlow,2021-04-28,0.68,0.48,0.30,0.18,0.09,0.01,0.00,inferred
Harlow,2021-04-29,0.68,0.48,0.30,0.18,0.09,0.01,0.00,inferred
Harlow,2021-04-30,0.68,0.48,0.30,0.18,0.09,0.01,0.00,inferred
Harlow,2021-05-01,0.68,0.48,0.30,0.18,0.09,0.01,0.00,inferred
Harlow,2021-05-02,0.68,0.48,0.30,0.18,0.09,0.01,0.00,inferred
Harlow,2021-05-03,0.68,0.48,0.30,0.18,0.09,0.01,0.00,inferred
Harlow,2021-05-04,0.30,0.16,0.07,0.03,0.01,0.00,0.00,inferred
Harlow,2021-05-05,0.30,0.16,0.07,0.03,0.01,0.00,0.00,inferred
Harlow,2021-05-06,0.30,0.16,0.07,0.03,0.01,0.00,0.00,inferred
Harlow,2021-05-07,0.30,0.16,0.07,0.03,0.01,0.00,0.00,inferred
Harlow,2021-05-08,0.30,0.16,0.07,0.03,0.01,0.00,0.00,inferred
Harlow,2021-05-09,0.30,0.16,0.07,0.03,0.01,0.00,0.00,inferred
Harlow,2021-05-10,0.30,0.16,0.07,0.03,0.01,0.00,0.00,inferred
Harlow,2021-05-11,0.61,0.45,0.30,0.17,0.10,0.01,0.00,inferred
Harlow,2021-05-12,0.61,0.45,0.30,0.17,0.10,0.01,0.00,inferred
Harlow,2021-05-13,0.61,0.45,0.30,0.17,0.10,0.01,0.00,inferred
Harlow,2021-05-14,0.61,0.45,0.30,0.17,0.10,0.01,0.00,inferred
Harlow,2021-05-15,0.61,0.45,0.30,0.17,0.10,0.01,0.00,inferred
Harlow,2021-05-16,0.61,0.45,0.30,0.17,0.10,0.01,0.00,inferred
Harlow,2021-05-17,0.61,0.45,0.30,0.17,0.10,0.01,0.00,inferred
Harlow,2021-05-18,0.93,0.85,0.74,0.60,0.47,0.15,0.01,inferred
Harlow,2021-05-19,0.93,0.85,0.74,0.60,0.47,0.15,0.01,inferred
Harlow,2021-05-20,0.93,0.85,0.74,0.60,0.47,0.15,0.01,inferred
Harlow,2021-05-21,0.93,0.85,0.74,0.60,0.47,0.15,0.01,inferred
Harlow,2021-05-22,0.93,0.85,0.74,0.60,0.47,0.15,0.01,inferred
Harlow,2021-05-23,0.93,0.85,0.74,0.60,0.47,0.15,0.01,inferred
Harlow,2021-05-24,0.93,0.85,0.74,0.60,0.47,0.15,0.01,inferred
Harlow,2021-05-25,1.00,0.98,0.96,0.91,0.86,0.56,0.13,inferred
Harlow,2021-05-26,1.00,0.98,0.96,0.91,0.86,0.56,0.13,inferred
Harlow,2021-05-27,1.00,0.98,0.96,0.91,0.86,0.56,0.13,inferred
Harlow,2021-05-28,1.00,0.98,0.96,0.91,0.86,0.56,0.13,inferred
Harlow,2021-05-29,1.00,0.98,0.96,0.91,0.86,0.56,0.13,inferred
Harlow,2021-05-30,1.00,0.98,0.96,0.91,0.86,0.56,0.13,inferred
Harlow,2021-05-31,1.00,0.98,0.96,0.91,0.86,0.56,0.13,inferred
Harlow,2021-06-01,1.00,1.00,1.00,1.00,0.99,0.88,0.39,inferred
Harlow,2021-06-02,1.00,1.00,1.00,1.00,0.99,0.88,0.39,inferred
Harlow,2021-06-03,1.00,1.00,1.00,1.00,0.99,0.88,0.39,inferred
Harlow,2021-06-04,1.00,1.00,1.00,1.00,0.99,0.88,0.39,inferred
Harlow,2021-06-05,1.00,1.00,1.00,1.00,0.99,0.88,0.39,inferred
Harlow,2021-06-06,1.00,1.00,1.00,1.00,0.99,0.88,0.39,inferred
Harlow,2021-06-07,1.00,1.00,1.00,1.00,0.99,0.88,0.39,inferred
Harlow,2021-06-08,1.00,1.00,1.00,0.99,0.97,0.75,0.21,inferred
Harlow,2021-06-09,1.00,1.00,1.00,0.99,0.97,0.75,0.21,inferred
Harlow,2021-06-10,1.00,1.00,1.00,0.99,0.97,0.75,0.21,inferred
Harlow,2021-06-11,1.00,1.00,1.00,0.99,0.97,0.75,0.21,inferred
Harlow,2021-06-12,1.00,1.00,1.00,0.99,0.97,0.75,0.21,inferred
Harlow,2021-06-13,1.00,1.00,1.00,0.99,0.97,0.75,0.21,inferred
Harlow,2021-06-14,1.00,1.00,1.00,0.99,0.97,0.75,0.21,inferred
Harlow,2021-06-15,1.00,1.00,1.00,1.00,1.00,0.99,0.71,inferred
Harlow,2021-06-16,1.00,1.00,1.00,1.00,1.00,0.99,0.71,inferred
Harlow,2021-06-17,1.00,1.00,1.00,1.00,1.00,0.99,0.71,inferred
Harlow,2021-06-18,1.00,1.00,1.00,1.00,1.00,0.99,0.71,inferred
Harlow,2021-06-19,1.00,1.00,1.00,1.00,1.00,0.99,0.71,inferred
Harlow,2021-06-20,1.00,1.00,1.00,1.00,1.00,0.99,0.71,inferred
Harlow,2021-06-21,1.00,1.00,1.00,1.00,1.00,0.99,0.71,inferred
Harlow,2021-06-22,1.00,1.00,1.00,1.00,1.00,1.00,0.84,inferred
Harlow,2021-06-23,1.00,1.00,1.00,1.00,1.00,1.00,0.84,inferred
Harlow,2021-06-24,1.00,1.00,1.00,1.00,1.00,1.00,0.84,inferred
Harlow,2021-06-25,1.00,1.00,1.00,1.00,1.00,1.00,0.84,inferred
Harlow,2021-06-26,1.00,1.00,1.00,1.00,1.00,1.00,0.84,inferred
Harlow,2021-06-27,1.00,1.00,1.00,1.00,1.00,1.00,0.84,inferred
Harlow,2021-06-28,1.00,1.00,1.00,1.00,1.00,1.00,0.84,inferred
Harlow,2021-06-29,1.00,1.00,1.00,1.00,0.99,0.93,0.51,inferred
Harlow,2021-06-30,1.00,1.00,1.00,1.00,0.99,0.93,0.51,inferred
Harlow,2021-07-01,1.00,1.00,1.00,1.00,0.99,0.93,0.51,inferred
Harlow,2021-07-02,1.00,1.00,1.00,1.00,0.99,0.93,0.51,inferred
Harlow,2021-07-03,1.00,1.00,1.00,1.00,0.99,0.93,0.51,inferred
Harlow,2021-07-04,1.00,1.00,1.00,1.00,0.99,0.93,0.51,inferred
Harlow,2021-07-05,1.00,1.00,1.00,1.00,0.99,0.93,0.51,inferred
Harlow,2021-07-06,1.00,1.00,0.99,0.98,0.96,0.79,0.37,projected
Harlow,2021-07-07,1.00,1.00,0.99,0.98,0.96,0.79,0.37,projected
Harlow,2021-07-08,1.00,1.00,0.99,0.98,0.96,0.79,0.37,projected
Harlow,2021-07-09,1.00,1.00,0.99,0.98,0.96,0.79,0.37,projected
Harlow,2021-07-10,1.00,1.00,0.99,0.98,0.96,0.79,0.37,projected
Harlow,2021-07-11,1.00,1.00,0.99,0.98,0.96,0.79,0.37,projected
Harlow,2021-07-12,1.00,1.00,0.99,0.98,0.96,0.79,0.37,projected
Harlow,2021-07-13,1.00,0.99,0.98,0.94,0.90,0.70,0.33,projected
Harlow,2021-07-14,1.00,0.99,0.98,0.94,0.90,0.70,0.33,projected
Harlow,2021-07-15,1.00,0.99,0.98,0.94,0.90,0.70,0.33,projected
Harlow,2021-07-16,1.00,0.99,0.98,0.94,0.90,0.70,0.33,projected
Harlow,2021-07-17,1.00,0.99,0.98,0.94,0.90,0.70,0.33,projected
Harlow,2021-07-18,1.00,0.99,0.98,0.94,0.90,0.70,0.33,projected
Harlow,2021-07-19,1.00,0.99,0.98,0.94,0.90,0.70,0.33,projected
Harlow,2021-07-20,0.99,0.98,0.95,0.91,0.84,0.62,0.29,projected
Harlow,2021-07-21,0.99,0.98,0.95,0.91,0.84,0.62,0.29,projected
Harlow,2021-07-22,0.99,0.98,0.95,0.91,0.84,0.62,0.29,projected
Harlow,2021-07-23,0.99,0.98,0.95,0.91,0.84,0.62,0.29,projected
Harlow,2021-07-24,0.99,0.98,0.95,0.91,0.84,0.62,0.29,projected
Harlow,2021-07-25,0.99,0.98,0.95,0.91,0.84,0.62,0.29,projected
Harlow,2021-07-26,0.99,0.98,0.95,0.91,0.84,0.62,0.29,projected
Harrogate,2021-03-23,0.11,0.03,0.01,0.00,0.00,0.00,0.00,inferred
Harrogate,2021-03-24,0.11,0.03,0.01,0.00,0.00,0.00,0.00,inferred
Harrogate,2021-03-25,0.11,0.03,0.01,0.00,0.00,0.00,0.00,inferred
Harrogate,2021-03-26,0.11,0.03,0.01,0.00,0.00,0.00,0.00,inferred
Harrogate,2021-03-27,0.11,0.03,0.01,0.00,0.00,0.00,0.00,inferred
Harrogate,2021-03-28,0.11,0.03,0.01,0.00,0.00,0.00,0.00,inferred
Harrogate,2021-03-29,0.11,0.03,0.01,0.00,0.00,0.00,0.00,inferred
Harrogate,2021-03-30,0.94,0.83,0.64,0.42,0.24,0.01,0.00,inferred
Harrogate,2021-03-31,0.94,0.83,0.64,0.42,0.24,0.01,0.00,inferred
Harrogate,2021-04-01,0.94,0.83,0.64,0.42,0.24,0.01,0.00,inferred
Harrogate,2021-04-02,0.94,0.83,0.64,0.42,0.24,0.01,0.00,inferred
Harrogate,2021-04-03,0.94,0.83,0.64,0.42,0.24,0.01,0.00,inferred
Harrogate,2021-04-04,0.94,0.83,0.64,0.42,0.24,0.01,0.00,inferred
Harrogate,2021-04-05,0.94,0.83,0.64,0.42,0.24,0.01,0.00,inferred
Harrogate,2021-04-06,0.79,0.60,0.39,0.21,0.09,0.00,0.00,inferred
Harrogate,2021-04-07,0.79,0.60,0.39,0.21,0.09,0.00,0.00,inferred
Harrogate,2021-04-08,0.79,0.60,0.39,0.21,0.09,0.00,0.00,inferred
Harrogate,2021-04-09,0.79,0.60,0.39,0.21,0.09,0.00,0.00,inferred
Harrogate,2021-04-10,0.79,0.60,0.39,0.21,0.09,0.00,0.00,inferred
Harrogate,2021-04-11,0.79,0.60,0.39,0.21,0.09,0.00,0.00,inferred
Harrogate,2021-04-12,0.79,0.60,0.39,0.21,0.09,0.00,0.00,inferred
Harrogate,2021-04-13,0.61,0.39,0.21,0.09,0.04,0.00,0.00,inferred
Harrogate,2021-04-14,0.61,0.39,0.21,0.09,0.04,0.00,0.00,inferred
Harrogate,2021-04-15,0.61,0.39,0.21,0.09,0.04,0.00,0.00,inferred
Harrogate,2021-04-16,0.61,0.39,0.21,0.09,0.04,0.00,0.00,inferred
Harrogate,2021-04-17,0.61,0.39,0.21,0.09,0.04,0.00,0.00,inferred
Harrogate,2021-04-18,0.61,0.39,0.21,0.09,0.04,0.00,0.00,inferred
Harrogate,2021-04-19,0.61,0.39,0.21,0.09,0.04,0.00,0.00,inferred
Harrogate,2021-04-20,0.88,0.71,0.54,0.36,0.20,0.01,0.00,inferred
Harrogate,2021-04-21,0.88,0.71,0.54,0.36,0.20,0.01,0.00,inferred
Harrogate,2021-04-22,0.88,0.71,0.54,0.36,0.20,0.01,0.00,inferred
Harrogate,2021-04-23,0.88,0.71,0.54,0.36,0.20,0.01,0.00,inferred
Harrogate,2021-04-24,0.88,0.71,0.54,0.36,0.20,0.01,0.00,inferred
Harrogate,2021-04-25,0.88,0.71,0.54,0.36,0.20,0.01,0.00,inferred
Harrogate,2021-04-26,0.88,0.71,0.54,0.36,0.20,0.01,0.00,inferred
Harrogate,2021-04-27,0.78,0.59,0.38,0.22,0.10,0.01,0.00,inferred
Harrogate,2021-04-28,0.78,0.59,0.38,0.22,0.10,0.01,0.00,inferred
Harrogate,2021-04-29,0.78,0.59,0.38,0.22,0.10,0.01,0.00,inferred
Harrogate,2021-04-30,0.78,0.59,0.38,0.22,0.10,0.01,0.00,inferred
Harrogate,2021-05-01,0.78,0.59,0.38,0.22,0.10,0.01,0.00,inferred
Harrogate,2021-05-02,0.78,0.59,0.38,0.22,0.10,0.01,0.00,inferred
Harrogate,2021-05-03,0.78,0.59,0.38,0.22,0.10,0.01,0.00,inferred
Harrogate,2021-05-04,0.78,0.59,0.39,0.23,0.11,0.01,0.00,inferred
Harrogate,2021-05-05,0.78,0.59,0.39,0.23,0.11,0.01,0.00,inferred
Harrogate,2021-05-06,0.78,0.59,0.39,0.23,0.11,0.01,0.00,inferred
Harrogate,2021-05-07,0.78,0.59,0.39,0.23,0.11,0.01,0.00,inferred
Harrogate,2021-05-08,0.78,0.59,0.39,0.23,0.11,0.01,0.00,inferred
Harrogate,2021-05-09,0.78,0.59,0.39,0.23,0.11,0.01,0.00,inferred
Harrogate,2021-05-10,0.78,0.59,0.39,0.23,0.11,0.01,0.00,inferred
Harrogate,2021-05-11,0.77,0.57,0.37,0.21,0.10,0.01,0.00,inferred
Harrogate,2021-05-12,0.77,0.57,0.37,0.21,0.10,0.01,0.00,inferred
Harrogate,2021-05-13,0.77,0.57,0.37,0.21,0.10,0.01,0.00,inferred
Harrogate,2021-05-14,0.77,0.57,0.37,0.21,0.10,0.01,0.00,inferred
Harrogate,2021-05-15,0.77,0.57,0.37,0.21,0.10,0.01,0.00,inferred
Harrogate,2021-05-16,0.77,0.57,0.37,0.21,0.10,0.01,0.00,inferred
Harrogate,2021-05-17,0.77,0.57,0.37,0.21,0.10,0.01,0.00,inferred
Harrogate,2021-05-18,1.00,0.99,0.96,0.91,0.80,0.36,0.02,inferred
Harrogate,2021-05-19,1.00,0.99,0.96,0.91,0.80,0.36,0.02,inferred
Harrogate,2021-05-20,1.00,0.99,0.96,0.91,0.80,0.36,0.02,inferred
Harrogate,2021-05-21,1.00,0.99,0.96,0.91,0.80,0.36,0.02,inferred
Harrogate,2021-05-22,1.00,0.99,0.96,0.91,0.80,0.36,0.02,inferred
Harrogate,2021-05-23,1.00,0.99,0.96,0.91,0.80,0.36,0.02,inferred
Harrogate,2021-05-24,1.00,0.99,0.96,0.91,0.80,0.36,0.02,inferred
Harrogate,2021-05-25,1.00,1.00,1.00,1.00,1.00,0.93,0.41,inferred
Harrogate,2021-05-26,1.00,1.00,1.00,1.00,1.00,0.93,0.41,inferred
Harrogate,2021-05-27,1.00,1.00,1.00,1.00,1.00,0.93,0.41,inferred
Harrogate,2021-05-28,1.00,1.00,1.00,1.00,1.00,0.93,0.41,inferred
Harrogate,2021-05-29,1.00,1.00,1.00,1.00,1.00,0.93,0.41,inferred
Harrogate,2021-05-30,1.00,1.00,1.00,1.00,1.00,0.93,0.41,inferred
Harrogate,2021-05-31,1.00,1.00,1.00,1.00,1.00,0.93,0.41,inferred
Harrogate,2021-06-01,1.00,1.00,1.00,1.00,0.98,0.72,0.14,inferred
Harrogate,2021-06-02,1.00,1.00,1.00,1.00,0.98,0.72,0.14,inferred
Harrogate,2021-06-03,1.00,1.00,1.00,1.00,0.98,0.72,0.14,inferred
Harrogate,2021-06-04,1.00,1.00,1.00,1.00,0.98,0.72,0.14,inferred
Harrogate,2021-06-05,1.00,1.00,1.00,1.00,0.98,0.72,0.14,inferred
Harrogate,2021-06-06,1.00,1.00,1.00,1.00,0.98,0.72,0.14,inferred
Harrogate,2021-06-07,1.00,1.00,1.00,1.00,0.98,0.72,0.14,inferred
Harrogate,2021-06-08,1.00,1.00,1.00,1.00,1.00,0.82,0.12,inferred
Harrogate,2021-06-09,1.00,1.00,1.00,1.00,1.00,0.82,0.12,inferred
Harrogate,2021-06-10,1.00,1.00,1.00,1.00,1.00,0.82,0.12,inferred
Harrogate,2021-06-11,1.00,1.00,1.00,1.00,1.00,0.82,0.12,inferred
Harrogate,2021-06-12,1.00,1.00,1.00,1.00,1.00,0.82,0.12,inferred
Harrogate,2021-06-13,1.00,1.00,1.00,1.00,1.00,0.82,0.12,inferred
Harrogate,2021-06-14,1.00,1.00,1.00,1.00,1.00,0.82,0.12,inferred
Harrogate,2021-06-15,1.00,1.00,1.00,1.00,1.00,0.97,0.39,inferred
Harrogate,2021-06-16,1.00,1.00,1.00,1.00,1.00,0.97,0.39,inferred
Harrogate,2021-06-17,1.00,1.00,1.00,1.00,1.00,0.97,0.39,inferred
Harrogate,2021-06-18,1.00,1.00,1.00,1.00,1.00,0.97,0.39,inferred
Harrogate,2021-06-19,1.00,1.00,1.00,1.00,1.00,0.97,0.39,inferred
Harrogate,2021-06-20,1.00,1.00,1.00,1.00,1.00,0.97,0.39,inferred
Harrogate,2021-06-21,1.00,1.00,1.00,1.00,1.00,0.97,0.39,inferred
Harrogate,2021-06-22,1.00,1.00,1.00,1.00,1.00,0.94,0.44,inferred
Harrogate,2021-06-23,1.00,1.00,1.00,1.00,1.00,0.94,0.44,inferred
Harrogate,2021-06-24,1.00,1.00,1.00,1.00,1.00,0.94,0.44,inferred
Harrogate,2021-06-25,1.00,1.00,1.00,1.00,1.00,0.94,0.44,inferred
Harrogate,2021-06-26,1.00,1.00,1.00,1.00,1.00,0.94,0.44,inferred
Harrogate,2021-06-27,1.00,1.00,1.00,1.00,1.00,0.94,0.44,inferred
Harrogate,2021-06-28,1.00,1.00,1.00,1.00,1.00,0.94,0.44,inferred
Harrogate,2021-06-29,1.00,0.98,0.95,0.86,0.70,0.23,0.01,inferred
Harrogate,2021-06-30,1.00,0.98,0.95,0.86,0.70,0.23,0.01,inferred
Harrogate,2021-07-01,1.00,0.98,0.95,0.86,0.70,0.23,0.01,inferred
Harrogate,2021-07-02,1.00,0.98,0.95,0.86,0.70,0.23,0.01,inferred
Harrogate,2021-07-03,1.00,0.98,0.95,0.86,0.70,0.23,0.01,inferred
Harrogate,2021-07-04,1.00,0.98,0.95,0.86,0.70,0.23,0.01,inferred
Harrogate,2021-07-05,1.00,0.98,0.95,0.86,0.70,0.23,0.01,inferred
Harrogate,2021-07-06,0.96,0.90,0.82,0.72,0.61,0.29,0.06,projected
Harrogate,2021-07-07,0.96,0.90,0.82,0.72,0.61,0.29,0.06,projected
Harrogate,2021-07-08,0.96,0.90,0.82,0.72,0.61,0.29,0.06,projected
Harrogate,2021-07-09,0.96,0.90,0.82,0.72,0.61,0.29,0.06,projected
Harrogate,2021-07-10,0.96,0.90,0.82,0.72,0.61,0.29,0.06,projected
Harrogate,2021-07-11,0.96,0.90,0.82,0.72,0.61,0.29,0.06,projected
Harrogate,2021-07-12,0.96,0.90,0.82,0.72,0.61,0.29,0.06,projected
Harrogate,2021-07-13,0.92,0.86,0.78,0.68,0.58,0.31,0.11,projected
Harrogate,2021-07-14,0.92,0.86,0.78,0.68,0.58,0.31,0.11,projected
Harrogate,2021-07-15,0.92,0.86,0.78,0.68,0.58,0.31,0.11,projected
Harrogate,2021-07-16,0.92,0.86,0.78,0.68,0.58,0.31,0.11,projected
Harrogate,2021-07-17,0.92,0.86,0.78,0.68,0.58,0.31,0.11,projected
Harrogate,2021-07-18,0.92,0.86,0.78,0.68,0.58,0.31,0.11,projected
Harrogate,2021-07-19,0.92,0.86,0.78,0.68,0.58,0.31,0.11,projected
Harrogate,2021-07-20,0.91,0.84,0.77,0.67,0.58,0.35,0.13,projected
Harrogate,2021-07-21,0.91,0.84,0.77,0.67,0.58,0.35,0.13,projected
Harrogate,2021-07-22,0.91,0.84,0.77,0.67,0.58,0.35,0.13,projected
Harrogate,2021-07-23,0.91,0.84,0.77,0.67,0.58,0.35,0.13,projected
Harrogate,2021-07-24,0.91,0.84,0.77,0.67,0.58,0.35,0.13,projected
Harrogate,2021-07-25,0.91,0.84,0.77,0.67,0.58,0.35,0.13,projected
Harrogate,2021-07-26,0.91,0.84,0.77,0.67,0.58,0.35,0.13,projected
Harrow,2021-03-23,0.07,0.00,0.00,0.00,0.00,0.00,0.00,inferred
Harrow,2021-03-24,0.07,0.00,0.00,0.00,0.00,0.00,0.00,inferred
Harrow,2021-03-25,0.07,0.00,0.00,0.00,0.00,0.00,0.00,inferred
Harrow,2021-03-26,0.07,0.00,0.00,0.00,0.00,0.00,0.00,inferred
Harrow,2021-03-27,0.07,0.00,0.00,0.00,0.00,0.00,0.00,inferred
Harrow,2021-03-28,0.07,0.00,0.00,0.00,0.00,0.00,0.00,inferred
Harrow,2021-03-29,0.07,0.00,0.00,0.00,0.00,0.00,0.00,inferred
Harrow,2021-03-30,0.94,0.72,0.36,0.11,0.02,0.00,0.00,inferred
Harrow,2021-03-31,0.94,0.72,0.36,0.11,0.02,0.00,0.00,inferred
Harrow,2021-04-01,0.94,0.72,0.36,0.11,0.02,0.00,0.00,inferred
Harrow,2021-04-02,0.94,0.72,0.36,0.11,0.02,0.00,0.00,inferred
Harrow,2021-04-03,0.94,0.72,0.36,0.11,0.02,0.00,0.00,inferred
Harrow,2021-04-04,0.94,0.72,0.36,0.11,0.02,0.00,0.00,inferred
Harrow,2021-04-05,0.94,0.72,0.36,0.11,0.02,0.00,0.00,inferred
Harrow,2021-04-06,0.86,0.57,0.24,0.06,0.01,0.00,0.00,inferred
Harrow,2021-04-07,0.86,0.57,0.24,0.06,0.01,0.00,0.00,inferred
Harrow,2021-04-08,0.86,0.57,0.24,0.06,0.01,0.00,0.00,inferred
Harrow,2021-04-09,0.86,0.57,0.24,0.06,0.01,0.00,0.00,inferred
Harrow,2021-04-10,0.86,0.57,0.24,0.06,0.01,0.00,0.00,inferred
Harrow,2021-04-11,0.86,0.57,0.24,0.06,0.01,0.00,0.00,inferred
Harrow,2021-04-12,0.86,0.57,0.24,0.06,0.01,0.00,0.00,inferred
Harrow,2021-04-13,0.97,0.81,0.50,0.19,0.04,0.00,0.00,inferred
Harrow,2021-04-14,0.97,0.81,0.50,0.19,0.04,0.00,0.00,inferred
Harrow,2021-04-15,0.97,0.81,0.50,0.19,0.04,0.00,0.00,inferred
Harrow,2021-04-16,0.97,0.81,0.50,0.19,0.04,0.00,0.00,inferred
Harrow,2021-04-17,0.97,0.81,0.50,0.19,0.04,0.00,0.00,inferred
Harrow,2021-04-18,0.97,0.81,0.50,0.19,0.04,0.00,0.00,inferred
Harrow,2021-04-19,0.97,0.81,0.50,0.19,0.04,0.00,0.00,inferred
Harrow,2021-04-20,0.62,0.27,0.07,0.01,0.00,0.00,0.00,inferred
Harrow,2021-04-21,0.62,0.27,0.07,0.01,0.00,0.00,0.00,inferred
Harrow,2021-04-22,0.62,0.27,0.07,0.01,0.00,0.00,0.00,inferred
Harrow,2021-04-23,0.62,0.27,0.07,0.01,0.00,0.00,0.00,inferred
Harrow,2021-04-24,0.62,0.27,0.07,0.01,0.00,0.00,0.00,inferred
Harrow,2021-04-25,0.62,0.27,0.07,0.01,0.00,0.00,0.00,inferred
Harrow,2021-04-26,0.62,0.27,0.07,0.01,0.00,0.00,0.00,inferred
Harrow,2021-04-27,0.90,0.66,0.32,0.10,0.02,0.00,0.00,inferred
Harrow,2021-04-28,0.90,0.66,0.32,0.10,0.02,0.00,0.00,inferred
Harrow,2021-04-29,0.90,0.66,0.32,0.10,0.02,0.00,0.00,inferred
Harrow,2021-04-30,0.90,0.66,0.32,0.10,0.02,0.00,0.00,inferred
Harrow,2021-05-01,0.90,0.66,0.32,0.10,0.02,0.00,0.00,inferred
Harrow,2021-05-02,0.90,0.66,0.32,0.10,0.02,0.00,0.00,inferred
Harrow,2021-05-03,0.90,0.66,0.32,0.10,0.02,0.00,0.00,inferred
Harrow,2021-05-04,0.81,0.53,0.21,0.05,0.01,0.00,0.00,inferred
Harrow,2021-05-05,0.81,0.53,0.21,0.05,0.01,0.00,0.00,inferred
Harrow,2021-05-06,0.81,0.53,0.21,0.05,0.01,0.00,0.00,inferred
Harrow,2021-05-07,0.81,0.53,0.21,0.05,0.01,0.00,0.00,inferred
Harrow,2021-05-08,0.81,0.53,0.21,0.05,0.01,0.00,0.00,inferred
Harrow,2021-05-09,0.81,0.53,0.21,0.05,0.01,0.00,0.00,inferred
Harrow,2021-05-10,0.81,0.53,0.21,0.05,0.01,0.00,0.00,inferred
Harrow,2021-05-11,0.87,0.63,0.30,0.11,0.02,0.00,0.00,inferred
Harrow,2021-05-12,0.87,0.63,0.30,0.11,0.02,0.00,0.00,inferred
Harrow,2021-05-13,0.87,0.63,0.30,0.11,0.02,0.00,0.00,inferred
Harrow,2021-05-14,0.87,0.63,0.30,0.11,0.02,0.00,0.00,inferred
Harrow,2021-05-15,0.87,0.63,0.30,0.11,0.02,0.00,0.00,inferred
Harrow,2021-05-16,0.87,0.63,0.30,0.11,0.02,0.00,0.00,inferred
Harrow,2021-05-17,0.87,0.63,0.30,0.11,0.02,0.00,0.00,inferred
Harrow,2021-05-18,1.00,0.97,0.88,0.67,0.38,0.02,0.00,inferred
Harrow,2021-05-19,1.00,0.97,0.88,0.67,0.38,0.02,0.00,inferred
Harrow,2021-05-20,1.00,0.97,0.88,0.67,0.38,0.02,0.00,inferred
Harrow,2021-05-21,1.00,0.97,0.88,0.67,0.38,0.02,0.00,inferred
Harrow,2021-05-22,1.00,0.97,0.88,0.67,0.38,0.02,0.00,inferred
Harrow,2021-05-23,1.00,0.97,0.88,0.67,0.38,0.02,0.00,inferred
Harrow,2021-05-24,1.00,0.97,0.88,0.67,0.38,0.02,0.00,inferred
Harrow,2021-05-25,1.00,0.99,0.95,0.79,0.55,0.03,0.00,inferred
Harrow,2021-05-26,1.00,0.99,0.95,0.79,0.55,0.03,0.00,inferred
Harrow,2021-05-27,1.00,0.99,0.95,0.79,0.55,0.03,0.00,inferred
Harrow,2021-05-28,1.00,0.99,0.95,0.79,0.55,0.03,0.00,inferred
Harrow,2021-05-29,1.00,0.99,0.95,0.79,0.55,0.03,0.00,inferred
Harrow,2021-05-30,1.00,0.99,0.95,0.79,0.55,0.03,0.00,inferred
Harrow,2021-05-31,1.00,0.99,0.95,0.79,0.55,0.03,0.00,inferred
Harrow,2021-06-01,1.00,1.00,0.99,0.94,0.80,0.13,0.00,inferred
Harrow,2021-06-02,1.00,1.00,0.99,0.94,0.80,0.13,0.00,inferred
Harrow,2021-06-03,1.00,1.00,0.99,0.94,0.80,0.13,0.00,inferred
Harrow,2021-06-04,1.00,1.00,0.99,0.94,0.80,0.13,0.00,inferred
Harrow,2021-06-05,1.00,1.00,0.99,0.94,0.80,0.13,0.00,inferred
Harrow,2021-06-06,1.00,1.00,0.99,0.94,0.80,0.13,0.00,inferred
Harrow,2021-06-07,1.00,1.00,0.99,0.94,0.80,0.13,0.00,inferred
Harrow,2021-06-08,1.00,1.00,0.99,0.93,0.73,0.07,0.00,inferred
Harrow,2021-06-09,1.00,1.00,0.99,0.93,0.73,0.07,0.00,inferred
Harrow,2021-06-10,1.00,1.00,0.99,0.93,0.73,0.07,0.00,inferred
Harrow,2021-06-11,1.00,1.00,0.99,0.93,0.73,0.07,0.00,inferred
Harrow,2021-06-12,1.00,1.00,0.99,0.93,0.73,0.07,0.00,inferred
Harrow,2021-06-13,1.00,1.00,0.99,0.93,0.73,0.07,0.00,inferred
Harrow,2021-06-14,1.00,1.00,0.99,0.93,0.73,0.07,0.00,inferred
Harrow,2021-06-15,1.00,1.00,1.00,1.00,1.00,0.93,0.11,inferred
Harrow,2021-06-16,1.00,1.00,1.00,1.00,1.00,0.93,0.11,inferred
Harrow,2021-06-17,1.00,1.00,1.00,1.00,1.00,0.93,0.11,inferred
Harrow,2021-06-18,1.00,1.00,1.00,1.00,1.00,0.93,0.11,inferred
Harrow,2021-06-19,1.00,1.00,1.00,1.00,1.00,0.93,0.11,inferred
Harrow,2021-06-20,1.00,1.00,1.00,1.00,1.00,0.93,0.11,inferred
Harrow,2021-06-21,1.00,1.00,1.00,1.00,1.00,0.93,0.11,inferred
Harrow,2021-06-22,1.00,1.00,1.00,1.00,1.00,0.80,0.07,inferred
Harrow,2021-06-23,1.00,1.00,1.00,1.00,1.00,0.80,0.07,inferred
Harrow,2021-06-24,1.00,1.00,1.00,1.00,1.00,0.80,0.07,inferred
Harrow,2021-06-25,1.00,1.00,1.00,1.00,1.00,0.80,0.07,inferred
Harrow,2021-06-26,1.00,1.00,1.00,1.00,1.00,0.80,0.07,inferred
Harrow,2021-06-27,1.00,1.00,1.00,1.00,1.00,0.80,0.07,inferred
Harrow,2021-06-28,1.00,1.00,1.00,1.00,1.00,0.80,0.07,inferred
Harrow,2021-06-29,1.00,1.00,0.99,0.98,0.92,0.44,0.02,inferred
Harrow,2021-06-30,1.00,1.00,0.99,0.98,0.92,0.44,0.02,inferred
Harrow,2021-07-01,1.00,1.00,0.99,0.98,0.92,0.44,0.02,inferred
Harrow,2021-07-02,1.00,1.00,0.99,0.98,0.92,0.44,0.02,inferred
Harrow,2021-07-03,1.00,1.00,0.99,0.98,0.92,0.44,0.02,inferred
Harrow,2021-07-04,1.00,1.00,0.99,0.98,0.92,0.44,0.02,inferred
Harrow,2021-07-05,1.00,1.00,0.99,0.98,0.92,0.44,0.02,inferred
Harrow,2021-07-06,1.00,0.99,0.97,0.91,0.81,0.42,0.05,projected
Harrow,2021-07-07,1.00,0.99,0.97,0.91,0.81,0.42,0.05,projected
Harrow,2021-07-08,1.00,0.99,0.97,0.91,0.81,0.42,0.05,projected
Harrow,2021-07-09,1.00,0.99,0.97,0.91,0.81,0.42,0.05,projected
Harrow,2021-07-10,1.00,0.99,0.97,0.91,0.81,0.42,0.05,projected
Harrow,2021-07-11,1.00,0.99,0.97,0.91,0.81,0.42,0.05,projected
Harrow,2021-07-12,1.00,0.99,0.97,0.91,0.81,0.42,0.05,projected
Harrow,2021-07-13,1.00,0.98,0.94,0.85,0.74,0.39,0.07,projected
Harrow,2021-07-14,1.00,0.98,0.94,0.85,0.74,0.39,0.07,projected
Harrow,2021-07-15,1.00,0.98,0.94,0.85,0.74,0.39,0.07,projected
Harrow,2021-07-16,1.00,0.98,0.94,0.85,0.74,0.39,0.07,projected
Harrow,2021-07-17,1.00,0.98,0.94,0.85,0.74,0.39,0.07,projected
Harrow,2021-07-18,1.00,0.98,0.94,0.85,0.74,0.39,0.07,projected
Harrow,2021-07-19,1.00,0.98,0.94,0.85,0.74,0.39,0.07,projected
Harrow,2021-07-20,0.99,0.96,0.90,0.82,0.72,0.39,0.08,projected
Harrow,2021-07-21,0.99,0.96,0.90,0.82,0.72,0.39,0.08,projected
Harrow,2021-07-22,0.99,0.96,0.90,0.82,0.72,0.39,0.08,projected
Harrow,2021-07-23,0.99,0.96,0.90,0.82,0.72,0.39,0.08,projected
Harrow,2021-07-24,0.99,0.96,0.90,0.82,0.72,0.39,0.08,projected
Harrow,2021-07-25,0.99,0.96,0.90,0.82,0.72,0.39,0.08,projected
Harrow,2021-07-26,0.99,0.96,0.90,0.82,0.72,0.39,0.08,projected
Hart,2021-03-23,0.01,0.00,0.00,0.00,0.00,0.00,0.00,inferred
Hart,2021-03-24,0.01,0.00,0.00,0.00,0.00,0.00,0.00,inferred
Hart,2021-03-25,0.01,0.00,0.00,0.00,0.00,0.00,0.00,inferred
Hart,2021-03-26,0.01,0.00,0.00,0.00,0.00,0.00,0.00,inferred
Hart,2021-03-27,0.01,0.00,0.00,0.00,0.00,0.00,0.00,inferred
Hart,2021-03-28,0.01,0.00,0.00,0.00,0.00,0.00,0.00,inferred
Hart,2021-03-29,0.01,0.00,0.00,0.00,0.00,0.00,0.00,inferred
Hart,2021-03-30,0.10,0.04,0.01,0.00,0.00,0.00,0.00,inferred
Hart,2021-03-31,0.10,0.04,0.01,0.00,0.00,0.00,0.00,inferred
Hart,2021-04-01,0.10,0.04,0.01,0.00,0.00,0.00,0.00,inferred
Hart,2021-04-02,0.10,0.04,0.01,0.00,0.00,0.00,0.00,inferred
Hart,2021-04-03,0.10,0.04,0.01,0.00,0.00,0.00,0.00,inferred
Hart,2021-04-04,0.10,0.04,0.01,0.00,0.00,0.00,0.00,inferred
Hart,2021-04-05,0.10,0.04,0.01,0.00,0.00,0.00,0.00,inferred
Hart,2021-04-06,0.64,0.43,0.26,0.14,0.07,0.01,0.00,inferred
Hart,2021-04-07,0.64,0.43,0.26,0.14,0.07,0.01,0.00,inferred
Hart,2021-04-08,0.64,0.43,0.26,0.14,0.07,0.01,0.00,inferred
Hart,2021-04-09,0.64,0.43,0.26,0.14,0.07,0.01,0.00,inferred
Hart,2021-04-10,0.64,0.43,0.26,0.14,0.07,0.01,0.00,inferred
Hart,2021-04-11,0.64,0.43,0.26,0.14,0.07,0.01,0.00,inferred
Hart,2021-04-12,0.64,0.43,0.26,0.14,0.07,0.01,0.00,inferred
Hart,2021-04-13,0.89,0.79,0.63,0.45,0.29,0.04,0.00,inferred
Hart,2021-04-14,0.89,0.79,0.63,0.45,0.29,0.04,0.00,inferred
Hart,2021-04-15,0.89,0.79,0.63,0.45,0.29,0.04,0.00,inferred
Hart,2021-04-16,0.89,0.79,0.63,0.45,0.29,0.04,0.00,inferred
Hart,2021-04-17,0.89,0.79,0.63,0.45,0.29,0.04,0.00,inferred
Hart,2021-04-18,0.89,0.79,0.63,0.45,0.29,0.04,0.00,inferred
Hart,2021-04-19,0.89,0.79,0.63,0.45,0.29,0.04,0.00,inferred
Hart,2021-04-20,0.78,0.61,0.43,0.28,0.16,0.02,0.00,inferred
Hart,2021-04-21,0.78,0.61,0.43,0.28,0.16,0.02,0.00,inferred
Hart,2021-04-22,0.78,0.61,0.43,0.28,0.16,0.02,0.00,inferred
Hart,2021-04-23,0.78,0.61,0.43,0.28,0.16,0.02,0.00,inferred
Hart,2021-04-24,0.78,0.61,0.43,0.28,0.16,0.02,0.00,inferred
Hart,2021-04-25,0.78,0.61,0.43,0.28,0.16,0.02,0.00,inferred
Hart,2021-04-26,0.78,0.61,0.43,0.28,0.16,0.02,0.00,inferred
Hart,2021-04-27,0.98,0.95,0.88,0.78,0.65,0.23,0.01,inferred
Hart,2021-04-28,0.98,0.95,0.88,0.78,0.65,0.23,0.01,inferred
Hart,2021-04-29,0.98,0.95,0.88,0.78,0.65,0.23,0.01,inferred
Hart,2021-04-30,0.98,0.95,0.88,0.78,0.65,0.23,0.01,inferred
Hart,2021-05-01,0.98,0.95,0.88,0.78,0.65,0.23,0.01,inferred
Hart,2021-05-02,0.98,0.95,0.88,0.78,0.65,0.23,0.01,inferred
Hart,2021-05-03,0.98,0.95,0.88,0.78,0.65,0.23,0.01,inferred
Hart,2021-05-04,0.91,0.78,0.62,0.44,0.27,0.04,0.00,inferred
Hart,2021-05-05,0.91,0.78,0.62,0.44,0.27,0.04,0.00,inferred
Hart,2021-05-06,0.91,0.78,0.62,0.44,0.27,0.04,0.00,inferred
Hart,2021-05-07,0.91,0.78,0.62,0.44,0.27,0.04,0.00,inferred
Hart,2021-05-08,0.91,0.78,0.62,0.44,0.27,0.04,0.00,inferred
Hart,2021-05-09,0.91,0.78,0.62,0.44,0.27,0.04,0.00,inferred
Hart,2021-05-10,0.91,0.78,0.62,0.44,0.27,0.04,0.00,inferred
Hart,2021-05-11,0.83,0.67,0.48,0.29,0.17,0.02,0.00,inferred
Hart,2021-05-12,0.83,0.67,0.48,0.29,0.17,0.02,0.00,inferred
Hart,2021-05-13,0.83,0.67,0.48,0.29,0.17,0.02,0.00,inferred
Hart,2021-05-14,0.83,0.67,0.48,0.29,0.17,0.02,0.00,inferred
Hart,2021-05-15,0.83,0.67,0.48,0.29,0.17,0.02,0.00,inferred
Hart,2021-05-16,0.83,0.67,0.48,0.29,0.17,0.02,0.00,inferred
Hart,2021-05-17,0.83,0.67,0.48,0.29,0.17,0.02,0.00,inferred
Hart,2021-05-18,1.00,0.99,0.98,0.94,0.87,0.46,0.04,inferred
Hart,2021-05-19,1.00,0.99,0.98,0.94,0.87,0.46,0.04,inferred
Hart,2021-05-20,1.00,0.99,0.98,0.94,0.87,0.46,0.04,inferred
Hart,2021-05-21,1.00,0.99,0.98,0.94,0.87,0.46,0.04,inferred
Hart,2021-05-22,1.00,0.99,0.98,0.94,0.87,0.46,0.04,inferred
Hart,2021-05-23,1.00,0.99,0.98,0.94,0.87,0.46,0.04,inferred
Hart,2021-05-24,1.00,0.99,0.98,0.94,0.87,0.46,0.04,inferred
Hart,2021-05-25,1.00,0.99,0.97,0.90,0.80,0.35,0.01,inferred
Hart,2021-05-26,1.00,0.99,0.97,0.90,0.80,0.35,0.01,inferred
Hart,2021-05-27,1.00,0.99,0.97,0.90,0.80,0.35,0.01,inferred
Hart,2021-05-28,1.00,0.99,0.97,0.90,0.80,0.35,0.01,inferred
Hart,2021-05-29,1.00,0.99,0.97,0.90,0.80,0.35,0.01,inferred
Hart,2021-05-30,1.00,0.99,0.97,0.90,0.80,0.35,0.01,inferred
Hart,2021-05-31,1.00,0.99,0.97,0.90,0.80,0.35,0.01,inferred
Hart,2021-06-01,0.99,0.98,0.90,0.76,0.59,0.12,0.00,inferred
Hart,2021-06-02,0.99,0.98,0.90,0.76,0.59,0.12,0.00,inferred
Hart,2021-06-03,0.99,0.98,0.90,0.76,0.59,0.12,0.00,inferred
Hart,2021-06-04,0.99,0.98,0.90,0.76,0.59,0.12,0.00,inferred
Hart,2021-06-05,0.99,0.98,0.90,0.76,0.59,0.12,0.00,inferred
Hart,2021-06-06,0.99,0.98,0.90,0.76,0.59,0.12,0.00,inferred
Hart,2021-06-07,0.99,0.98,0.90,0.76,0.59,0.12,0.00,inferred
Hart,2021-06-08,0.94,0.83,0.60,0.37,0.18,0.01,0.00,inferred
Hart,2021-06-09,0.94,0.83,0.60,0.37,0.18,0.01,0.00,inferred
Hart,2021-06-10,0.94,0.83,0.60,0.37,0.18,0.01,0.00,inferred
Hart,2021-06-11,0.94,0.83,0.60,0.37,0.18,0.01,0.00,inferred
Hart,2021-06-12,0.94,0.83,0.60,0.37,0.18,0.01,0.00,inferred
Hart,2021-06-13,0.94,0.83,0.60,0.37,0.18,0.01,0.00,inferred
Hart,2021-06-14,0.94,0.83,0.60,0.37,0.18,0.01,0.00,inferred
Hart,2021-06-15,1.00,1.00,1.00,1.00,0.99,0.68,0.05,inferred
Hart,2021-06-16,1.00,1.00,1.00,1.00,0.99,0.68,0.05,inferred
Hart,2021-06-17,1.00,1.00,1.00,1.00,0.99,0.68,0.05,inferred
Hart,2021-06-18,1.00,1.00,1.00,1.00,0.99,0.68,0.05,inferred
Hart,2021-06-19,1.00,1.00,1.00,1.00,0.99,0.68,0.05,inferred
Hart,2021-06-20,1.00,1.00,1.00,1.00,0.99,0.68,0.05,inferred
Hart,2021-06-21,1.00,1.00,1.00,1.00,0.99,0.68,0.05,inferred
Hart,2021-06-22,1.00,1.00,1.00,1.00,1.00,0.86,0.21,inferred
Hart,2021-06-23,1.00,1.00,1.00,1.00,1.00,0.86,0.21,inferred
Hart,2021-06-24,1.00,1.00,1.00,1.00,1.00,0.86,0.21,inferred
Hart,2021-06-25,1.00,1.00,1.00,1.00,1.00,0.86,0.21,inferred
Hart,2021-06-26,1.00,1.00,1.00,1.00,1.00,0.86,0.21,inferred
Hart,2021-06-27,1.00,1.00,1.00,1.00,1.00,0.86,0.21,inferred
Hart,2021-06-28,1.00,1.00,1.00,1.00,1.00,0.86,0.21,inferred
Hart,2021-06-29,1.00,0.99,0.97,0.91,0.81,0.41,0.05,inferred
Hart,2021-06-30,1.00,0.99,0.97,0.91,0.81,0.41,0.05,inferred
Hart,2021-07-01,1.00,0.99,0.97,0.91,0.81,0.41,0.05,inferred
Hart,2021-07-02,1.00,0.99,0.97,0.91,0.81,0.41,0.05,inferred
Hart,2021-07-03,1.00,0.99,0.97,0.91,0.81,0.41,0.05,inferred
Hart,2021-07-04,1.00,0.99,0.97,0.91,0.81,0.41,0.05,inferred
Hart,2021-07-05,1.00,0.99,0.97,0.91,0.81,0.41,0.05,inferred
Hart,2021-07-06,0.98,0.95,0.90,0.82,0.71,0.40,0.10,projected
Hart,2021-07-07,0.98,0.95,0.90,0.82,0.71,0.40,0.10,projected
Hart,2021-07-08,0.98,0.95,0.90,0.82,0.71,0.40,0.10,projected
Hart,2021-07-09,0.98,0.95,0.90,0.82,0.71,0.40,0.10,projected
Hart,2021-07-10,0.98,0.95,0.90,0.82,0.71,0.40,0.10,projected
Hart,2021-07-11,0.98,0.95,0.90,0.82,0.71,0.40,0.10,projected
Hart,2021-07-12,0.98,0.95,0.90,0.82,0.71,0.40,0.10,projected
Hart,2021-07-13,0.97,0.93,0.87,0.79,0.69,0.42,0.14,projected
Hart,2021-07-14,0.97,0.93,0.87,0.79,0.69,0.42,0.14,projected
Hart,2021-07-15,0.97,0.93,0.87,0.79,0.69,0.42,0.14,projected
Hart,2021-07-16,0.97,0.93,0.87,0.79,0.69,0.42,0.14,projected
Hart,2021-07-17,0.97,0.93,0.87,0.79,0.69,0.42,0.14,projected
Hart,2021-07-18,0.97,0.93,0.87,0.79,0.69,0.42,0.14,projected
Hart,2021-07-19,0.97,0.93,0.87,0.79,0.69,0.42,0.14,projected
Hart,2021-07-20,0.97,0.94,0.88,0.80,0.70,0.43,0.16,projected
Hart,2021-07-21,0.97,0.94,0.88,0.80,0.70,0.43,0.16,projected
Hart,2021-07-22,0.97,0.94,0.88,0.80,0.70,0.43,0.16,projected
Hart,2021-07-23,0.97,0.94,0.88,0.80,0.70,0.43,0.16,projected
Hart,2021-07-24,0.97,0.94,0.88,0.80,0.70,0.43,0.16,projected
Hart,2021-07-25,0.97,0.94,0.88,0.80,0.70,0.43,0.16,projected
Hart,2021-07-26,0.97,0.94,0.88,0.80,0.70,0.43,0.16,projected
Hartlepool,2021-03-23,0.18,0.03,0.00,0.00,0.00,0.00,0.00,inferred
Hartlepool,2021-03-24,0.18,0.03,0.00,0.00,0.00,0.00,0.00,inferred
Hartlepool,2021-03-25,0.18,0.03,0.00,0.00,0.00,0.00,0.00,inferred
Hartlepool,2021-03-26,0.18,0.03,0.00,0.00,0.00,0.00,0.00,inferred
Hartlepool,2021-03-27,0.18,0.03,0.00,0.00,0.00,0.00,0.00,inferred
Hartlepool,2021-03-28,0.18,0.03,0.00,0.00,0.00,0.00,0.00,inferred
Hartlepool,2021-03-29,0.18,0.03,0.00,0.00,0.00,0.00,0.00,inferred
Hartlepool,2021-03-30,0.14,0.04,0.01,0.00,0.00,0.00,0.00,inferred
Hartlepool,2021-03-31,0.14,0.04,0.01,0.00,0.00,0.00,0.00,inferred
Hartlepool,2021-04-01,0.14,0.04,0.01,0.00,0.00,0.00,0.00,inferred
Hartlepool,2021-04-02,0.14,0.04,0.01,0.00,0.00,0.00,0.00,inferred
Hartlepool,2021-04-03,0.14,0.04,0.01,0.00,0.00,0.00,0.00,inferred
Hartlepool,2021-04-04,0.14,0.04,0.01,0.00,0.00,0.00,0.00,inferred
Hartlepool,2021-04-05,0.14,0.04,0.01,0.00,0.00,0.00,0.00,inferred
Hartlepool,2021-04-06,0.41,0.20,0.08,0.02,0.00,0.00,0.00,inferred
Hartlepool,2021-04-07,0.41,0.20,0.08,0.02,0.00,0.00,0.00,inferred
Hartlepool,2021-04-08,0.41,0.20,0.08,0.02,0.00,0.00,0.00,inferred
Hartlepool,2021-04-09,0.41,0.20,0.08,0.02,0.00,0.00,0.00,inferred
Hartlepool,2021-04-10,0.41,0.20,0.08,0.02,0.00,0.00,0.00,inferred
Hartlepool,2021-04-11,0.41,0.20,0.08,0.02,0.00,0.00,0.00,inferred
Hartlepool,2021-04-12,0.41,0.20,0.08,0.02,0.00,0.00,0.00,inferred
Hartlepool,2021-04-13,0.33,0.14,0.05,0.01,0.00,0.00,0.00,inferred
Hartlepool,2021-04-14,0.33,0.14,0.05,0.01,0.00,0.00,0.00,inferred
Hartlepool,2021-04-15,0.33,0.14,0.05,0.01,0.00,0.00,0.00,inferred
Hartlepool,2021-04-16,0.33,0.14,0.05,0.01,0.00,0.00,0.00,inferred
Hartlepool,2021-04-17,0.33,0.14,0.05,0.01,0.00,0.00,0.00,inferred
Hartlepool,2021-04-18,0.33,0.14,0.05,0.01,0.00,0.00,0.00,inferred
Hartlepool,2021-04-19,0.33,0.14,0.05,0.01,0.00,0.00,0.00,inferred
Hartlepool,2021-04-20,0.14,0.05,0.01,0.01,0.00,0.00,0.00,inferred
Hartlepool,2021-04-21,0.14,0.05,0.01,0.01,0.00,0.00,0.00,inferred
Hartlepool,2021-04-22,0.14,0.05,0.01,0.01,0.00,0.00,0.00,inferred
Hartlepool,2021-04-23,0.14,0.05,0.01,0.01,0.00,0.00,0.00,inferred
Hartlepool,2021-04-24,0.14,0.05,0.01,0.01,0.00,0.00,0.00,inferred
Hartlepool,2021-04-25,0.14,0.05,0.01,0.01,0.00,0.00,0.00,inferred
Hartlepool,2021-04-26,0.14,0.05,0.01,0.01,0.00,0.00,0.00,inferred
Hartlepool,2021-04-27,0.33,0.17,0.07,0.03,0.01,0.00,0.00,inferred
Hartlepool,2021-04-28,0.33,0.17,0.07,0.03,0.01,0.00,0.00,inferred
Hartlepool,2021-04-29,0.33,0.17,0.07,0.03,0.01,0.00,0.00,inferred
Hartlepool,2021-04-30,0.33,0.17,0.07,0.03,0.01,0.00,0.00,inferred
Hartlepool,2021-05-01,0.33,0.17,0.07,0.03,0.01,0.00,0.00,inferred
Hartlepool,2021-05-02,0.33,0.17,0.07,0.03,0.01,0.00,0.00,inferred
Hartlepool,2021-05-03,0.33,0.17,0.07,0.03,0.01,0.00,0.00,inferred
Hartlepool,2021-05-04,0.25,0.12,0.05,0.02,0.01,0.00,0.00,inferred
Hartlepool,2021-05-05,0.25,0.12,0.05,0.02,0.01,0.00,0.00,inferred
Hartlepool,2021-05-06,0.25,0.12,0.05,0.02,0.01,0.00,0.00,inferred
Hartlepool,2021-05-07,0.25,0.12,0.05,0.02,0.01,0.00,0.00,inferred
Hartlepool,2021-05-08,0.25,0.12,0.05,0.02,0.01,0.00,0.00,inferred
Hartlepool,2021-05-09,0.25,0.12,0.05,0.02,0.01,0.00,0.00,inferred
Hartlepool,2021-05-10,0.25,0.12,0.05,0.02,0.01,0.00,0.00,inferred
Hartlepool,2021-05-11,0.39,0.24,0.14,0.07,0.03,0.00,0.00,inferred
Hartlepool,2021-05-12,0.39,0.24,0.14,0.07,0.03,0.00,0.00,inferred
Hartlepool,2021-05-13,0.39,0.24,0.14,0.07,0.03,0.00,0.00,inferred
Hartlepool,2021-05-14,0.39,0.24,0.14,0.07,0.03,0.00,0.00,inferred
Hartlepool,2021-05-15,0.39,0.24,0.14,0.07,0.03,0.00,0.00,inferred
Hartlepool,2021-05-16,0.39,0.24,0.14,0.07,0.03,0.00,0.00,inferred
Hartlepool,2021-05-17,0.39,0.24,0.14,0.07,0.03,0.00,0.00,inferred
Hartlepool,2021-05-18,0.85,0.74,0.60,0.45,0.32,0.07,0.00,inferred
Hartlepool,2021-05-19,0.85,0.74,0.60,0.45,0.32,0.07,0.00,inferred
Hartlepool,2021-05-20,0.85,0.74,0.60,0.45,0.32,0.07,0.00,inferred
Hartlepool,2021-05-21,0.85,0.74,0.60,0.45,0.32,0.07,0.00,inferred
Hartlepool,2021-05-22,0.85,0.74,0.60,0.45,0.32,0.07,0.00,inferred
Hartlepool,2021-05-23,0.85,0.74,0.60,0.45,0.32,0.07,0.00,inferred
Hartlepool,2021-05-24,0.85,0.74,0.60,0.45,0.32,0.07,0.00,inferred
Hartlepool,2021-05-25,1.00,0.99,0.98,0.94,0.89,0.64,0.19,inferred
Hartlepool,2021-05-26,1.00,0.99,0.98,0.94,0.89,0.64,0.19,inferred
Hartlepool,2021-05-27,1.00,0.99,0.98,0.94,0.89,0.64,0.19,inferred
Hartlepool,2021-05-28,1.00,0.99,0.98,0.94,0.89,0.64,0.19,inferred
Hartlepool,2021-05-29,1.00,0.99,0.98,0.94,0.89,0.64,0.19,inferred
Hartlepool,2021-05-30,1.00,0.99,0.98,0.94,0.89,0.64,0.19,inferred
Hartlepool,2021-05-31,1.00,0.99,0.98,0.94,0.89,0.64,0.19,inferred
Hartlepool,2021-06-01,1.00,1.00,1.00,1.00,1.00,0.99,0.89,inferred
Hartlepool,2021-06-02,1.00,1.00,1.00,1.00,1.00,0.99,0.89,inferred
Hartlepool,2021-06-03,1.00,1.00,1.00,1.00,1.00,0.99,0.89,inferred
Hartlepool,2021-06-04,1.00,1.00,1.00,1.00,1.00,0.99,0.89,inferred
Hartlepool,2021-06-05,1.00,1.00,1.00,1.00,1.00,0.99,0.89,inferred
Hartlepool,2021-06-06,1.00,1.00,1.00,1.00,1.00,0.99,0.89,inferred
Hartlepool,2021-06-07,1.00,1.00,1.00,1.00,1.00,0.99,0.89,inferred
Hartlepool,2021-06-08,1.00,1.00,1.00,1.00,0.98,0.81,0.30,inferred
Hartlepool,2021-06-09,1.00,1.00,1.00,1.00,0.98,0.81,0.30,inferred
Hartlepool,2021-06-10,1.00,1.00,1.00,1.00,0.98,0.81,0.30,inferred
Hartlepool,2021-06-11,1.00,1.00,1.00,1.00,0.98,0.81,0.30,inferred
Hartlepool,2021-06-12,1.00,1.00,1.00,1.00,0.98,0.81,0.30,inferred
Hartlepool,2021-06-13,1.00,1.00,1.00,1.00,0.98,0.81,0.30,inferred
Hartlepool,2021-06-14,1.00,1.00,1.00,1.00,0.98,0.81,0.30,inferred
Hartlepool,2021-06-15,1.00,1.00,1.00,1.00,1.00,1.00,0.95,inferred
Hartlepool,2021-06-16,1.00,1.00,1.00,1.00,1.00,1.00,0.95,inferred
Hartlepool,2021-06-17,1.00,1.00,1.00,1.00,1.00,1.00,0.95,inferred
Hartlepool,2021-06-18,1.00,1.00,1.00,1.00,1.00,1.00,0.95,inferred
Hartlepool,2021-06-19,1.00,1.00,1.00,1.00,1.00,1.00,0.95,inferred
Hartlepool,2021-06-20,1.00,1.00,1.00,1.00,1.00,1.00,0.95,inferred
Hartlepool,2021-06-21,1.00,1.00,1.00,1.00,1.00,1.00,0.95,inferred
Hartlepool,2021-06-22,1.00,1.00,1.00,1.00,1.00,1.00,0.90,inferred
Hartlepool,2021-06-23,1.00,1.00,1.00,1.00,1.00,1.00,0.90,inferred
Hartlepool,2021-06-24,1.00,1.00,1.00,1.00,1.00,1.00,0.90,inferred
Hartlepool,2021-06-25,1.00,1.00,1.00,1.00,1.00,1.00,0.90,inferred
Hartlepool,2021-06-26,1.00,1.00,1.00,1.00,1.00,1.00,0.90,inferred
Hartlepool,2021-06-27,1.00,1.00,1.00,1.00,1.00,1.00,0.90,inferred
Hartlepool,2021-06-28,1.00,1.00,1.00,1.00,1.00,1.00,0.90,inferred
Hartlepool,2021-06-29,1.00,1.00,1.00,1.00,1.00,0.89,0.44,inferred
Hartlepool,2021-06-30,1.00,1.00,1.00,1.00,1.00,0.89,0.44,inferred
Hartlepool,2021-07-01,1.00,1.00,1.00,1.00,1.00,0.89,0.44,inferred
Hartlepool,2021-07-02,1.00,1.00,1.00,1.00,1.00,0.89,0.44,inferred
Hartlepool,2021-07-03,1.00,1.00,1.00,1.00,1.00,0.89,0.44,inferred
Hartlepool,2021-07-04,1.00,1.00,1.00,1.00,1.00,0.89,0.44,inferred
Hartlepool,2021-07-05,1.00,1.00,1.00,1.00,1.00,0.89,0.44,inferred
Hartlepool,2021-07-06,1.00,1.00,0.99,0.96,0.92,0.74,0.39,projected
Hartlepool,2021-07-07,1.00,1.00,0.99,0.96,0.92,0.74,0.39,projected
Hartlepool,2021-07-08,1.00,1.00,0.99,0.96,0.92,0.74,0.39,projected
Hartlepool,2021-07-09,1.00,1.00,0.99,0.96,0.92,0.74,0.39,projected
Hartlepool,2021-07-10,1.00,1.00,0.99,0.96,0.92,0.74,0.39,projected
Hartlepool,2021-07-11,1.00,1.00,0.99,0.96,0.92,0.74,0.39,projected
Hartlepool,2021-07-12,1.00,1.00,0.99,0.96,0.92,0.74,0.39,projected
Hartlepool,2021-07-13,0.99,0.98,0.95,0.91,0.86,0.67,0.37,projected
Hartlepool,2021-07-14,0.99,0.98,0.95,0.91,0.86,0.67,0.37,projected
Hartlepool,2021-07-15,0.99,0.98,0.95,0.91,0.86,0.67,0.37,projected
Hartlepool,2021-07-16,0.99,0.98,0.95,0.91,0.86,0.67,0.37,projected
Hartlepool,2021-07-17,0.99,0.98,0.95,0.91,0.86,0.67,0.37,projected
Hartlepool,2021-07-18,0.99,0.98,0.95,0.91,0.86,0.67,0.37,projected
Hartlepool,2021-07-19,0.99,0.98,0.95,0.91,0.86,0.67,0.37,projected
Hartlepool,2021-07-20,0.97,0.95,0.91,0.86,0.81,0.64,0.35,projected
Hartlepool,2021-07-21,0.97,0.95,0.91,0.86,0.81,0.64,0.35,projected
Hartlepool,2021-07-22,0.97,0.95,0.91,0.86,0.81,0.64,0.35,projected
Hartlepool,2021-07-23,0.97,0.95,0.91,0.86,0.81,0.64,0.35,projected
Hartlepool,2021-07-24,0.97,0.95,0.91,0.86,0.81,0.64,0.35,projected
Hartlepool,2021-07-25,0.97,0.95,0.91,0.86,0.81,0.64,0.35,projected
Hartlepool,2021-07-26,0.97,0.95,0.91,0.86,0.81,0.64,0.35,projected
Hastings,2021-03-23,0.66,0.49,0.35,0.20,0.11,0.01,0.00,inferred
Hastings,2021-03-24,0.66,0.49,0.35,0.20,0.11,0.01,0.00,inferred
Hastings,2021-03-25,0.66,0.49,0.35,0.20,0.11,0.01,0.00,inferred
Hastings,2021-03-26,0.66,0.49,0.35,0.20,0.11,0.01,0.00,inferred
Hastings,2021-03-27,0.66,0.49,0.35,0.20,0.11,0.01,0.00,inferred
Hastings,2021-03-28,0.66,0.49,0.35,0.20,0.11,0.01,0.00,inferred
Hastings,2021-03-29,0.66,0.49,0.35,0.20,0.11,0.01,0.00,inferred
Hastings,2021-03-30,0.77,0.61,0.46,0.34,0.22,0.05,0.00,inferred
Hastings,2021-03-31,0.77,0.61,0.46,0.34,0.22,0.05,0.00,inferred
Hastings,2021-04-01,0.77,0.61,0.46,0.34,0.22,0.05,0.00,inferred
Hastings,2021-04-02,0.77,0.61,0.46,0.34,0.22,0.05,0.00,inferred
Hastings,2021-04-03,0.77,0.61,0.46,0.34,0.22,0.05,0.00,inferred
Hastings,2021-04-04,0.77,0.61,0.46,0.34,0.22,0.05,0.00,inferred
Hastings,2021-04-05,0.77,0.61,0.46,0.34,0.22,0.05,0.00,inferred
Hastings,2021-04-06,0.92,0.85,0.74,0.62,0.47,0.16,0.01,inferred
Hastings,2021-04-07,0.92,0.85,0.74,0.62,0.47,0.16,0.01,inferred
Hastings,2021-04-08,0.92,0.85,0.74,0.62,0.47,0.16,0.01,inferred
Hastings,2021-04-09,0.92,0.85,0.74,0.62,0.47,0.16,0.01,inferred
Hastings,2021-04-10,0.92,0.85,0.74,0.62,0.47,0.16,0.01,inferred
Hastings,2021-04-11,0.92,0.85,0.74,0.62,0.47,0.16,0.01,inferred
Hastings,2021-04-12,0.92,0.85,0.74,0.62,0.47,0.16,0.01,inferred
Hastings,2021-04-13,0.93,0.85,0.74,0.62,0.50,0.17,0.01,inferred
Hastings,2021-04-14,0.93,0.85,0.74,0.62,0.50,0.17,0.01,inferred
Hastings,2021-04-15,0.93,0.85,0.74,0.62,0.50,0.17,0.01,inferred
Hastings,2021-04-16,0.93,0.85,0.74,0.62,0.50,0.17,0.01,inferred
Hastings,2021-04-17,0.93,0.85,0.74,0.62,0.50,0.17,0.01,inferred
Hastings,2021-04-18,0.93,0.85,0.74,0.62,0.50,0.17,0.01,inferred
Hastings,2021-04-19,0.93,0.85,0.74,0.62,0.50,0.17,0.01,inferred
Hastings,2021-04-20,0.81,0.68,0.53,0.38,0.24,0.05,0.00,inferred
Hastings,2021-04-21,0.81,0.68,0.53,0.38,0.24,0.05,0.00,inferred
Hastings,2021-04-22,0.81,0.68,0.53,0.38,0.24,0.05,0.00,inferred
Hastings,2021-04-23,0.81,0.68,0.53,0.38,0.24,0.05,0.00,inferred
Hastings,2021-04-24,0.81,0.68,0.53,0.38,0.24,0.05,0.00,inferred
Hastings,2021-04-25,0.81,0.68,0.53,0.38,0.24,0.05,0.00,inferred
Hastings,2021-04-26,0.81,0.68,0.53,0.38,0.24,0.05,0.00,inferred
Hastings,2021-04-27,0.36,0.22,0.13,0.06,0.03,0.00,0.00,inferred
Hastings,2021-04-28,0.36,0.22,0.13,0.06,0.03,0.00,0.00,inferred
Hastings,2021-04-29,0.36,0.22,0.13,0.06,0.03,0.00,0.00,inferred
Hastings,2021-04-30,0.36,0.22,0.13,0.06,0.03,0.00,0.00,inferred
Hastings,2021-05-01,0.36,0.22,0.13,0.06,0.03,0.00,0.00,inferred
Hastings,2021-05-02,0.36,0.22,0.13,0.06,0.03,0.00,0.00,inferred
Hastings,2021-05-03,0.36,0.22,0.13,0.06,0.03,0.00,0.00,inferred
Hastings,2021-05-04,0.42,0.28,0.17,0.10,0.05,0.01,0.00,inferred
Hastings,2021-05-05,0.42,0.28,0.17,0.10,0.05,0.01,0.00,inferred
Hastings,2021-05-06,0.42,0.28,0.17,0.10,0.05,0.01,0.00,inferred
Hastings,2021-05-07,0.42,0.28,0.17,0.10,0.05,0.01,0.00,inferred
Hastings,2021-05-08,0.42,0.28,0.17,0.10,0.05,0.01,0.00,inferred
Hastings,2021-05-09,0.42,0.28,0.17,0.10,0.05,0.01,0.00,inferred
Hastings,2021-05-10,0.42,0.28,0.17,0.10,0.05,0.01,0.00,inferred
Hastings,2021-05-11,0.86,0.75,0.64,0.53,0.41,0.13,0.01,inferred
Hastings,2021-05-12,0.86,0.75,0.64,0.53,0.41,0.13,0.01,inferred
Hastings,2021-05-13,0.86,0.75,0.64,0.53,0.41,0.13,0.01,inferred
Hastings,2021-05-14,0.86,0.75,0.64,0.53,0.41,0.13,0.01,inferred
Hastings,2021-05-15,0.86,0.75,0.64,0.53,0.41,0.13,0.01,inferred
Hastings,2021-05-16,0.86,0.75,0.64,0.53,0.41,0.13,0.01,inferred
Hastings,2021-05-17,0.86,0.75,0.64,0.53,0.41,0.13,0.01,inferred
Hastings,2021-05-18,0.96,0.91,0.83,0.74,0.62,0.28,0.04,inferred
Hastings,2021-05-19,0.96,0.91,0.83,0.74,0.62,0.28,0.04,inferred
Hastings,2021-05-20,0.96,0.91,0.83,0.74,0.62,0.28,0.04,inferred
Hastings,2021-05-21,0.96,0.91,0.83,0.74,0.62,0.28,0.04,inferred
Hastings,2021-05-22,0.96,0.91,0.83,0.74,0.62,0.28,0.04,inferred
Hastings,2021-05-23,0.96,0.91,0.83,0.74,0.62,0.28,0.04,inferred
Hastings,2021-05-24,0.96,0.91,0.83,0.74,0.62,0.28,0.04,inferred
Hastings,2021-05-25,0.95,0.91,0.83,0.75,0.62,0.29,0.04,inferred
Hastings,2021-05-26,0.95,0.91,0.83,0.75,0.62,0.29,0.04,inferred
Hastings,2021-05-27,0.95,0.91,0.83,0.75,0.62,0.29,0.04,inferred
Hastings,2021-05-28,0.95,0.91,0.83,0.75,0.62,0.29,0.04,inferred
Hastings,2021-05-29,0.95,0.91,0.83,0.75,0.62,0.29,0.04,inferred
Hastings,2021-05-30,0.95,0.91,0.83,0.75,0.62,0.29,0.04,inferred
Hastings,2021-05-31,0.95,0.91,0.83,0.75,0.62,0.29,0.04,inferred
Hastings,2021-06-01,1.00,1.00,0.99,0.99,0.97,0.82,0.35,inferred
Hastings,2021-06-02,1.00,1.00,0.99,0.99,0.97,0.82,0.35,inferred
Hastings,2021-06-03,1.00,1.00,0.99,0.99,0.97,0.82,0.35,inferred
Hastings,2021-06-04,1.00,1.00,0.99,0.99,0.97,0.82,0.35,inferred
Hastings,2021-06-05,1.00,1.00,0.99,0.99,0.97,0.82,0.35,inferred
Hastings,2021-06-06,1.00,1.00,0.99,0.99,0.97,0.82,0.35,inferred
Hastings,2021-06-07,1.00,1.00,0.99,0.99,0.97,0.82,0.35,inferred
Hastings,2021-06-08,1.00,1.00,1.00,1.00,1.00,0.93,0.51,inferred
Hastings,2021-06-09,1.00,1.00,1.00,1.00,1.00,0.93,0.51,inferred
Hastings,2021-06-10,1.00,1.00,1.00,1.00,1.00,0.93,0.51,inferred
Hastings,2021-06-11,1.00,1.00,1.00,1.00,1.00,0.93,0.51,inferred
Hastings,2021-06-12,1.00,1.00,1.00,1.00,1.00,0.93,0.51,inferred
Hastings,2021-06-13,1.00,1.00,1.00,1.00,1.00,0.93,0.51,inferred
Hastings,2021-06-14,1.00,1.00,1.00,1.00,1.00,0.93,0.51,inferred
Hastings,2021-06-15,1.00,1.00,1.00,1.00,1.00,1.00,0.96,inferred
Hastings,2021-06-16,1.00,1.00,1.00,1.00,1.00,1.00,0.96,inferred
Hastings,2021-06-17,1.00,1.00,1.00,1.00,1.00,1.00,0.96,inferred
Hastings,2021-06-18,1.00,1.00,1.00,1.00,1.00,1.00,0.96,inferred
Hastings,2021-06-19,1.00,1.00,1.00,1.00,1.00,1.00,0.96,inferred
Hastings,2021-06-20,1.00,1.00,1.00,1.00,1.00,1.00,0.96,inferred
Hastings,2021-06-21,1.00,1.00,1.00,1.00,1.00,1.00,0.96,inferred
Hastings,2021-06-22,1.00,1.00,1.00,1.00,1.00,1.00,0.86,inferred
Hastings,2021-06-23,1.00,1.00,1.00,1.00,1.00,1.00,0.86,inferred
Hastings,2021-06-24,1.00,1.00,1.00,1.00,1.00,1.00,0.86,inferred
Hastings,2021-06-25,1.00,1.00,1.00,1.00,1.00,1.00,0.86,inferred
Hastings,2021-06-26,1.00,1.00,1.00,1.00,1.00,1.00,0.86,inferred
Hastings,2021-06-27,1.00,1.00,1.00,1.00,1.00,1.00,0.86,inferred
Hastings,2021-06-28,1.00,1.00,1.00,1.00,1.00,1.00,0.86,inferred
Hastings,2021-06-29,1.00,1.00,1.00,0.99,0.97,0.79,0.28,inferred
Hastings,2021-06-30,1.00,1.00,1.00,0.99,0.97,0.79,0.28,inferred
Hastings,2021-07-01,1.00,1.00,1.00,0.99,0.97,0.79,0.28,inferred
Hastings,2021-07-02,1.00,1.00,1.00,0.99,0.97,0.79,0.28,inferred
Hastings,2021-07-03,1.00,1.00,1.00,0.99,0.97,0.79,0.28,inferred
Hastings,2021-07-04,1.00,1.00,1.00,0.99,0.97,0.79,0.28,inferred
Hastings,2021-07-05,1.00,1.00,1.00,0.99,0.97,0.79,0.28,inferred
Hastings,2021-07-06,1.00,0.99,0.98,0.95,0.89,0.67,0.29,projected
Hastings,2021-07-07,1.00,0.99,0.98,0.95,0.89,0.67,0.29,projected
Hastings,2021-07-08,1.00,0.99,0.98,0.95,0.89,0.67,0.29,projected
Hastings,2021-07-09,1.00,0.99,0.98,0.95,0.89,0.67,0.29,projected
Hastings,2021-07-10,1.00,0.99,0.98,0.95,0.89,0.67,0.29,projected
Hastings,2021-07-11,1.00,0.99,0.98,0.95,0.89,0.67,0.29,projected
Hastings,2021-07-12,1.00,0.99,0.98,0.95,0.89,0.67,0.29,projected
Hastings,2021-07-13,0.99,0.97,0.94,0.90,0.85,0.62,0.29,projected
Hastings,2021-07-14,0.99,0.97,0.94,0.90,0.85,0.62,0.29,projected
Hastings,2021-07-15,0.99,0.97,0.94,0.90,0.85,0.62,0.29,projected
Hastings,2021-07-16,0.99,0.97,0.94,0.90,0.85,0.62,0.29,projected
Hastings,2021-07-17,0.99,0.97,0.94,0.90,0.85,0.62,0.29,projected
Hastings,2021-07-18,0.99,0.97,0.94,0.90,0.85,0.62,0.29,projected
Hastings,2021-07-19,0.99,0.97,0.94,0.90,0.85,0.62,0.29,projected
Hastings,2021-07-20,0.97,0.95,0.91,0.84,0.78,0.56,0.30,projected
Hastings,2021-07-21,0.97,0.95,0.91,0.84,0.78,0.56,0.30,projected
Hastings,2021-07-22,0.97,0.95,0.91,0.84,0.78,0.56,0.30,projected
Hastings,2021-07-23,0.97,0.95,0.91,0.84,0.78,0.56,0.30,projected
Hastings,2021-07-24,0.97,0.95,0.91,0.84,0.78,0.56,0.30,projected
Hastings,2021-07-25,0.97,0.95,0.91,0.84,0.78,0.56,0.30,projected
Hastings,2021-07-26,0.97,0.95,0.91,0.84,0.78,0.56,0.30,projected
Havant,2021-03-23,0.08,0.01,0.00,0.00,0.00,0.00,0.00,inferred
Havant,2021-03-24,0.08,0.01,0.00,0.00,0.00,0.00,0.00,inferred
Havant,2021-03-25,0.08,0.01,0.00,0.00,0.00,0.00,0.00,inferred
Havant,2021-03-26,0.08,0.01,0.00,0.00,0.00,0.00,0.00,inferred
Havant,2021-03-27,0.08,0.01,0.00,0.00,0.00,0.00,0.00,inferred
Havant,2021-03-28,0.08,0.01,0.00,0.00,0.00,0.00,0.00,inferred
Havant,2021-03-29,0.08,0.01,0.00,0.00,0.00,0.00,0.00,inferred
Havant,2021-03-30,0.69,0.45,0.24,0.10,0.03,0.00,0.00,inferred
Havant,2021-03-31,0.69,0.45,0.24,0.10,0.03,0.00,0.00,inferred
Havant,2021-04-01,0.69,0.45,0.24,0.10,0.03,0.00,0.00,inferred
Havant,2021-04-02,0.69,0.45,0.24,0.10,0.03,0.00,0.00,inferred
Havant,2021-04-03,0.69,0.45,0.24,0.10,0.03,0.00,0.00,inferred
Havant,2021-04-04,0.69,0.45,0.24,0.10,0.03,0.00,0.00,inferred
Havant,2021-04-05,0.69,0.45,0.24,0.10,0.03,0.00,0.00,inferred
Havant,2021-04-06,0.61,0.38,0.20,0.10,0.03,0.00,0.00,inferred
Havant,2021-04-07,0.61,0.38,0.20,0.10,0.03,0.00,0.00,inferred
Havant,2021-04-08,0.61,0.38,0.20,0.10,0.03,0.00,0.00,inferred
Havant,2021-04-09,0.61,0.38,0.20,0.10,0.03,0.00,0.00,inferred
Havant,2021-04-10,0.61,0.38,0.20,0.10,0.03,0.00,0.00,inferred
Havant,2021-04-11,0.61,0.38,0.20,0.10,0.03,0.00,0.00,inferred
Havant,2021-04-12,0.61,0.38,0.20,0.10,0.03,0.00,0.00,inferred
Havant,2021-04-13,0.66,0.44,0.25,0.13,0.06,0.00,0.00,inferred
Havant,2021-04-14,0.66,0.44,0.25,0.13,0.06,0.00,0.00,inferred
Havant,2021-04-15,0.66,0.44,0.25,0.13,0.06,0.00,0.00,inferred
Havant,2021-04-16,0.66,0.44,0.25,0.13,0.06,0.00,0.00,inferred
Havant,2021-04-17,0.66,0.44,0.25,0.13,0.06,0.00,0.00,inferred
Havant,2021-04-18,0.66,0.44,0.25,0.13,0.06,0.00,0.00,inferred
Havant,2021-04-19,0.66,0.44,0.25,0.13,0.06,0.00,0.00,inferred
Havant,2021-04-20,0.69,0.49,0.32,0.17,0.08,0.01,0.00,inferred
Havant,2021-04-21,0.69,0.49,0.32,0.17,0.08,0.01,0.00,inferred
Havant,2021-04-22,0.69,0.49,0.32,0.17,0.08,0.01,0.00,inferred
Havant,2021-04-23,0.69,0.49,0.32,0.17,0.08,0.01,0.00,inferred
Havant,2021-04-24,0.69,0.49,0.32,0.17,0.08,0.01,0.00,inferred
Havant,2021-04-25,0.69,0.49,0.32,0.17,0.08,0.01,0.00,inferred
Havant,2021-04-26,0.69,0.49,0.32,0.17,0.08,0.01,0.00,inferred
Havant,2021-04-27,0.88,0.76,0.61,0.43,0.28,0.04,0.00,inferred
Havant,2021-04-28,0.88,0.76,0.61,0.43,0.28,0.04,0.00,inferred
Havant,2021-04-29,0.88,0.76,0.61,0.43,0.28,0.04,0.00,inferred
Havant,2021-04-30,0.88,0.76,0.61,0.43,0.28,0.04,0.00,inferred
Havant,2021-05-01,0.88,0.76,0.61,0.43,0.28,0.04,0.00,inferred
Havant,2021-05-02,0.88,0.76,0.61,0.43,0.28,0.04,0.00,inferred
Havant,2021-05-03,0.88,0.76,0.61,0.43,0.28,0.04,0.00,inferred
Havant,2021-05-04,0.61,0.40,0.23,0.12,0.05,0.00,0.00,inferred
Havant,2021-05-05,0.61,0.40,0.23,0.12,0.05,0.00,0.00,inferred
Havant,2021-05-06,0.61,0.40,0.23,0.12,0.05,0.00,0.00,inferred
Havant,2021-05-07,0.61,0.40,0.23,0.12,0.05,0.00,0.00,inferred
Havant,2021-05-08,0.61,0.40,0.23,0.12,0.05,0.00,0.00,inferred
Havant,2021-05-09,0.61,0.40,0.23,0.12,0.05,0.00,0.00,inferred
Havant,2021-05-10,0.61,0.40,0.23,0.12,0.05,0.00,0.00,inferred
Havant,2021-05-11,0.58,0.40,0.23,0.11,0.06,0.01,0.00,inferred
Havant,2021-05-12,0.58,0.40,0.23,0.11,0.06,0.01,0.00,inferred
Havant,2021-05-13,0.58,0.40,0.23,0.11,0.06,0.01,0.00,inferred
Havant,2021-05-14,0.58,0.40,0.23,0.11,0.06,0.01,0.00,inferred
Havant,2021-05-15,0.58,0.40,0.23,0.11,0.06,0.01,0.00,inferred
Havant,2021-05-16,0.58,0.40,0.23,0.11,0.06,0.01,0.00,inferred
Havant,2021-05-17,0.58,0.40,0.23,0.11,0.06,0.01,0.00,inferred
Havant,2021-05-18,0.86,0.74,0.59,0.41,0.27,0.04,0.00,inferred
Havant,2021-05-19,0.86,0.74,0.59,0.41,0.27,0.04,0.00,inferred
Havant,2021-05-20,0.86,0.74,0.59,0.41,0.27,0.04,0.00,inferred
Havant,2021-05-21,0.86,0.74,0.59,0.41,0.27,0.04,0.00,inferred
Havant,2021-05-22,0.86,0.74,0.59,0.41,0.27,0.04,0.00,inferred
Havant,2021-05-23,0.86,0.74,0.59,0.41,0.27,0.04,0.00,inferred
Havant,2021-05-24,0.86,0.74,0.59,0.41,0.27,0.04,0.00,inferred
Havant,2021-05-25,0.91,0.80,0.68,0.52,0.39,0.09,0.00,inferred
Havant,2021-05-26,0.91,0.80,0.68,0.52,0.39,0.09,0.00,inferred
Havant,2021-05-27,0.91,0.80,0.68,0.52,0.39,0.09,0.00,inferred
Havant,2021-05-28,0.91,0.80,0.68,0.52,0.39,0.09,0.00,inferred
Havant,2021-05-29,0.91,0.80,0.68,0.52,0.39,0.09,0.00,inferred
Havant,2021-05-30,0.91,0.80,0.68,0.52,0.39,0.09,0.00,inferred
Havant,2021-05-31,0.91,0.80,0.68,0.52,0.39,0.09,0.00,inferred
Havant,2021-06-01,1.00,1.00,1.00,1.00,0.99,0.86,0.35,inferred
Havant,2021-06-02,1.00,1.00,1.00,1.00,0.99,0.86,0.35,inferred
Havant,2021-06-03,1.00,1.00,1.00,1.00,0.99,0.86,0.35,inferred
Havant,2021-06-04,1.00,1.00,1.00,1.00,0.99,0.86,0.35,inferred
Havant,2021-06-05,1.00,1.00,1.00,1.00,0.99,0.86,0.35,inferred
Havant,2021-06-06,1.00,1.00,1.00,1.00,0.99,0.86,0.35,inferred
Havant,2021-06-07,1.00,1.00,1.00,1.00,0.99,0.86,0.35,inferred
Havant,2021-06-08,1.00,1.00,1.00,0.99,0.96,0.70,0.14,inferred
Havant,2021-06-09,1.00,1.00,1.00,0.99,0.96,0.70,0.14,inferred
Havant,2021-06-10,1.00,1.00,1.00,0.99,0.96,0.70,0.14,inferred
Havant,2021-06-11,1.00,1.00,1.00,0.99,0.96,0.70,0.14,inferred
Havant,2021-06-12,1.00,1.00,1.00,0.99,0.96,0.70,0.14,inferred
Havant,2021-06-13,1.00,1.00,1.00,0.99,0.96,0.70,0.14,inferred
Havant,2021-06-14,1.00,1.00,1.00,0.99,0.96,0.70,0.14,inferred
Havant,2021-06-15,1.00,1.00,1.00,1.00,1.00,0.96,0.50,inferred
Havant,2021-06-16,1.00,1.00,1.00,1.00,1.00,0.96,0.50,inferred
Havant,2021-06-17,1.00,1.00,1.00,1.00,1.00,0.96,0.50,inferred
Havant,2021-06-18,1.00,1.00,1.00,1.00,1.00,0.96,0.50,inferred
Havant,2021-06-19,1.00,1.00,1.00,1.00,1.00,0.96,0.50,inferred
Havant,2021-06-20,1.00,1.00,1.00,1.00,1.00,0.96,0.50,inferred
Havant,2021-06-21,1.00,1.00,1.00,1.00,1.00,0.96,0.50,inferred
Havant,2021-06-22,1.00,1.00,1.00,1.00,1.00,0.91,0.34,inferred
Havant,2021-06-23,1.00,1.00,1.00,1.00,1.00,0.91,0.34,inferred
Havant,2021-06-24,1.00,1.00,1.00,1.00,1.00,0.91,0.34,inferred
Havant,2021-06-25,1.00,1.00,1.00,1.00,1.00,0.91,0.34,inferred
Havant,2021-06-26,1.00,1.00,1.00,1.00,1.00,0.91,0.34,inferred
Havant,2021-06-27,1.00,1.00,1.00,1.00,1.00,0.91,0.34,inferred
Havant,2021-06-28,1.00,1.00,1.00,1.00,1.00,0.91,0.34,inferred
Havant,2021-06-29,1.00,1.00,0.99,0.96,0.91,0.59,0.11,inferred
Havant,2021-06-30,1.00,1.00,0.99,0.96,0.91,0.59,0.11,inferred
Havant,2021-07-01,1.00,1.00,0.99,0.96,0.91,0.59,0.11,inferred
Havant,2021-07-02,1.00,1.00,0.99,0.96,0.91,0.59,0.11,inferred
Havant,2021-07-03,1.00,1.00,0.99,0.96,0.91,0.59,0.11,inferred
Havant,2021-07-04,1.00,1.00,0.99,0.96,0.91,0.59,0.11,inferred
Havant,2021-07-05,1.00,1.00,0.99,0.96,0.91,0.59,0.11,inferred
Havant,2021-07-06,0.99,0.97,0.93,0.86,0.78,0.50,0.15,projected
Havant,2021-07-07,0.99,0.97,0.93,0.86,0.78,0.50,0.15,projected
Havant,2021-07-08,0.99,0.97,0.93,0.86,0.78,0.50,0.15,projected
Havant,2021-07-09,0.99,0.97,0.93,0.86,0.78,0.50,0.15,projected
Havant,2021-07-10,0.99,0.97,0.93,0.86,0.78,0.50,0.15,projected
Havant,2021-07-11,0.99,0.97,0.93,0.86,0.78,0.50,0.15,projected
Havant,2021-07-12,0.99,0.97,0.93,0.86,0.78,0.50,0.15,projected
Havant,2021-07-13,0.97,0.94,0.89,0.83,0.74,0.45,0.17,projected
Havant,2021-07-14,0.97,0.94,0.89,0.83,0.74,0.45,0.17,projected
Havant,2021-07-15,0.97,0.94,0.89,0.83,0.74,0.45,0.17,projected
Havant,2021-07-16,0.97,0.94,0.89,0.83,0.74,0.45,0.17,projected
Havant,2021-07-17,0.97,0.94,0.89,0.83,0.74,0.45,0.17,projected
Havant,2021-07-18,0.97,0.94,0.89,0.83,0.74,0.45,0.17,projected
Havant,2021-07-19,0.97,0.94,0.89,0.83,0.74,0.45,0.17,projected
Havant,2021-07-20,0.96,0.94,0.88,0.81,0.73,0.46,0.18,projected
Havant,2021-07-21,0.96,0.94,0.88,0.81,0.73,0.46,0.18,projected
Havant,2021-07-22,0.96,0.94,0.88,0.81,0.73,0.46,0.18,projected
Havant,2021-07-23,0.96,0.94,0.88,0.81,0.73,0.46,0.18,projected
Havant,2021-07-24,0.96,0.94,0.88,0.81,0.73,0.46,0.18,projected
Havant,2021-07-25,0.96,0.94,0.88,0.81,0.73,0.46,0.18,projected
Havant,2021-07-26,0.96,0.94,0.88,0.81,0.73,0.46,0.18,projected
Havering,2021-03-23,0.06,0.00,0.00,0.00,0.00,0.00,0.00,inferred
Havering,2021-03-24,0.06,0.00,0.00,0.00,0.00,0.00,0.00,inferred
Havering,2021-03-25,0.06,0.00,0.00,0.00,0.00,0.00,0.00,inferred
Havering,2021-03-26,0.06,0.00,0.00,0.00,0.00,0.00,0.00,inferred
Havering,2021-03-27,0.06,0.00,0.00,0.00,0.00,0.00,0.00,inferred
Havering,2021-03-28,0.06,0.00,0.00,0.00,0.00,0.00,0.00,inferred
Havering,2021-03-29,0.06,0.00,0.00,0.00,0.00,0.00,0.00,inferred
Havering,2021-03-30,0.46,0.19,0.05,0.01,0.00,0.00,0.00,inferred
Havering,2021-03-31,0.46,0.19,0.05,0.01,0.00,0.00,0.00,inferred
Havering,2021-04-01,0.46,0.19,0.05,0.01,0.00,0.00,0.00,inferred
Havering,2021-04-02,0.46,0.19,0.05,0.01,0.00,0.00,0.00,inferred
Havering,2021-04-03,0.46,0.19,0.05,0.01,0.00,0.00,0.00,inferred
Havering,2021-04-04,0.46,0.19,0.05,0.01,0.00,0.00,0.00,inferred
Havering,2021-04-05,0.46,0.19,0.05,0.01,0.00,0.00,0.00,inferred
Havering,2021-04-06,0.65,0.35,0.15,0.05,0.01,0.00,0.00,inferred
Havering,2021-04-07,0.65,0.35,0.15,0.05,0.01,0.00,0.00,inferred
Havering,2021-04-08,0.65,0.35,0.15,0.05,0.01,0.00,0.00,inferred
Havering,2021-04-09,0.65,0.35,0.15,0.05,0.01,0.00,0.00,inferred
Havering,2021-04-10,0.65,0.35,0.15,0.05,0.01,0.00,0.00,inferred
Havering,2021-04-11,0.65,0.35,0.15,0.05,0.01,0.00,0.00,inferred
Havering,2021-04-12,0.65,0.35,0.15,0.05,0.01,0.00,0.00,inferred
Havering,2021-04-13,0.67,0.41,0.18,0.07,0.02,0.00,0.00,inferred
Havering,2021-04-14,0.67,0.41,0.18,0.07,0.02,0.00,0.00,inferred
Havering,2021-04-15,0.67,0.41,0.18,0.07,0.02,0.00,0.00,inferred
Havering,2021-04-16,0.67,0.41,0.18,0.07,0.02,0.00,0.00,inferred
Havering,2021-04-17,0.67,0.41,0.18,0.07,0.02,0.00,0.00,inferred
Havering,2021-04-18,0.67,0.41,0.18,0.07,0.02,0.00,0.00,inferred
Havering,2021-04-19,0.67,0.41,0.18,0.07,0.02,0.00,0.00,inferred
Havering,2021-04-20,0.27,0.11,0.03,0.01,0.00,0.00,0.00,inferred
Havering,2021-04-21,0.27,0.11,0.03,0.01,0.00,0.00,0.00,inferred
Havering,2021-04-22,0.27,0.11,0.03,0.01,0.00,0.00,0.00,inferred
Havering,2021-04-23,0.27,0.11,0.03,0.01,0.00,0.00,0.00,inferred
Havering,2021-04-24,0.27,0.11,0.03,0.01,0.00,0.00,0.00,inferred
Havering,2021-04-25,0.27,0.11,0.03,0.01,0.00,0.00,0.00,inferred
Havering,2021-04-26,0.27,0.11,0.03,0.01,0.00,0.00,0.00,inferred
Havering,2021-04-27,0.83,0.62,0.39,0.20,0.07,0.00,0.00,inferred
Havering,2021-04-28,0.83,0.62,0.39,0.20,0.07,0.00,0.00,inferred
Havering,2021-04-29,0.83,0.62,0.39,0.20,0.07,0.00,0.00,inferred
Havering,2021-04-30,0.83,0.62,0.39,0.20,0.07,0.00,0.00,inferred
Havering,2021-05-01,0.83,0.62,0.39,0.20,0.07,0.00,0.00,inferred
Havering,2021-05-02,0.83,0.62,0.39,0.20,0.07,0.00,0.00,inferred
Havering,2021-05-03,0.83,0.62,0.39,0.20,0.07,0.00,0.00,inferred
Havering,2021-05-04,0.75,0.53,0.32,0.15,0.06,0.00,0.00,inferred
Havering,2021-05-05,0.75,0.53,0.32,0.15,0.06,0.00,0.00,inferred
Havering,2021-05-06,0.75,0.53,0.32,0.15,0.06,0.00,0.00,inferred
Havering,2021-05-07,0.75,0.53,0.32,0.15,0.06,0.00,0.00,inferred
Havering,2021-05-08,0.75,0.53,0.32,0.15,0.06,0.00,0.00,inferred
Havering,2021-05-09,0.75,0.53,0.32,0.15,0.06,0.00,0.00,inferred
Havering,2021-05-10,0.75,0.53,0.32,0.15,0.06,0.00,0.00,inferred
Havering,2021-05-11,0.98,0.93,0.81,0.65,0.44,0.06,0.00,inferred
Havering,2021-05-12,0.98,0.93,0.81,0.65,0.44,0.06,0.00,inferred
Havering,2021-05-13,0.98,0.93,0.81,0.65,0.44,0.06,0.00,inferred
Havering,2021-05-14,0.98,0.93,0.81,0.65,0.44,0.06,0.00,inferred
Havering,2021-05-15,0.98,0.93,0.81,0.65,0.44,0.06,0.00,inferred
Havering,2021-05-16,0.98,0.93,0.81,0.65,0.44,0.06,0.00,inferred
Havering,2021-05-17,0.98,0.93,0.81,0.65,0.44,0.06,0.00,inferred
Havering,2021-05-18,1.00,1.00,0.99,0.95,0.87,0.41,0.02,inferred
Havering,2021-05-19,1.00,1.00,0.99,0.95,0.87,0.41,0.02,inferred
Havering,2021-05-20,1.00,1.00,0.99,0.95,0.87,0.41,0.02,inferred
Havering,2021-05-21,1.00,1.00,0.99,0.95,0.87,0.41,0.02,inferred
Havering,2021-05-22,1.00,1.00,0.99,0.95,0.87,0.41,0.02,inferred
Havering,2021-05-23,1.00,1.00,0.99,0.95,0.87,0.41,0.02,inferred
Havering,2021-05-24,1.00,1.00,0.99,0.95,0.87,0.41,0.02,inferred
Havering,2021-05-25,1.00,1.00,1.00,1.00,0.98,0.71,0.07,inferred
Havering,2021-05-26,1.00,1.00,1.00,1.00,0.98,0.71,0.07,inferred
Havering,2021-05-27,1.00,1.00,1.00,1.00,0.98,0.71,0.07,inferred
Havering,2021-05-28,1.00,1.00,1.00,1.00,0.98,0.71,0.07,inferred
Havering,2021-05-29,1.00,1.00,1.00,1.00,0.98,0.71,0.07,inferred
Havering,2021-05-30,1.00,1.00,1.00,1.00,0.98,0.71,0.07,inferred
Havering,2021-05-31,1.00,1.00,1.00,1.00,0.98,0.71,0.07,inferred
Havering,2021-06-01,1.00,1.00,1.00,0.97,0.90,0.36,0.00,inferred
Havering,2021-06-02,1.00,1.00,1.00,0.97,0.90,0.36,0.00,inferred
Havering,2021-06-03,1.00,1.00,1.00,0.97,0.90,0.36,0.00,inferred
Havering,2021-06-04,1.00,1.00,1.00,0.97,0.90,0.36,0.00,inferred
Havering,2021-06-05,1.00,1.00,1.00,0.97,0.90,0.36,0.00,inferred
Havering,2021-06-06,1.00,1.00,1.00,0.97,0.90,0.36,0.00,inferred
Havering,2021-06-07,1.00,1.00,1.00,0.97,0.90,0.36,0.00,inferred
Havering,2021-06-08,1.00,1.00,1.00,0.99,0.96,0.41,0.01,inferred
Havering,2021-06-09,1.00,1.00,1.00,0.99,0.96,0.41,0.01,inferred
Havering,2021-06-10,1.00,1.00,1.00,0.99,0.96,0.41,0.01,inferred
Havering,2021-06-11,1.00,1.00,1.00,0.99,0.96,0.41,0.01,inferred
Havering,2021-06-12,1.00,1.00,1.00,0.99,0.96,0.41,0.01,inferred
Havering,2021-06-13,1.00,1.00,1.00,0.99,0.96,0.41,0.01,inferred
Havering,2021-06-14,1.00,1.00,1.00,0.99,0.96,0.41,0.01,inferred
Havering,2021-06-15,1.00,1.00,1.00,1.00,1.00,0.97,0.34,inferred
Havering,2021-06-16,1.00,1.00,1.00,1.00,1.00,0.97,0.34,inferred
Havering,2021-06-17,1.00,1.00,1.00,1.00,1.00,0.97,0.34,inferred
Havering,2021-06-18,1.00,1.00,1.00,1.00,1.00,0.97,0.34,inferred
Havering,2021-06-19,1.00,1.00,1.00,1.00,1.00,0.97,0.34,inferred
Havering,2021-06-20,1.00,1.00,1.00,1.00,1.00,0.97,0.34,inferred
Havering,2021-06-21,1.00,1.00,1.00,1.00,1.00,0.97,0.34,inferred
Havering,2021-06-22,1.00,1.00,1.00,1.00,1.00,0.89,0.19,inferred
Havering,2021-06-23,1.00,1.00,1.00,1.00,1.00,0.89,0.19,inferred
Havering,2021-06-24,1.00,1.00,1.00,1.00,1.00,0.89,0.19,inferred
Havering,2021-06-25,1.00,1.00,1.00,1.00,1.00,0.89,0.19,inferred
Havering,2021-06-26,1.00,1.00,1.00,1.00,1.00,0.89,0.19,inferred
Havering,2021-06-27,1.00,1.00,1.00,1.00,1.00,0.89,0.19,inferred
Havering,2021-06-28,1.00,1.00,1.00,1.00,1.00,0.89,0.19,inferred
Havering,2021-06-29,1.00,1.00,1.00,1.00,0.98,0.66,0.06,inferred
Havering,2021-06-30,1.00,1.00,1.00,1.00,0.98,0.66,0.06,inferred
Havering,2021-07-01,1.00,1.00,1.00,1.00,0.98,0.66,0.06,inferred
Havering,2021-07-02,1.00,1.00,1.00,1.00,0.98,0.66,0.06,inferred
Havering,2021-07-03,1.00,1.00,1.00,1.00,0.98,0.66,0.06,inferred
Havering,2021-07-04,1.00,1.00,1.00,1.00,0.98,0.66,0.06,inferred
Havering,2021-07-05,1.00,1.00,1.00,1.00,0.98,0.66,0.06,inferred
Havering,2021-07-06,1.00,1.00,0.99,0.96,0.89,0.56,0.11,projected
Havering,2021-07-07,1.00,1.00,0.99,0.96,0.89,0.56,0.11,projected
Havering,2021-07-08,1.00,1.00,0.99,0.96,0.89,0.56,0.11,projected
Havering,2021-07-09,1.00,1.00,0.99,0.96,0.89,0.56,0.11,projected
Havering,2021-07-10,1.00,1.00,0.99,0.96,0.89,0.56,0.11,projected
Havering,2021-07-11,1.00,1.00,0.99,0.96,0.89,0.56,0.11,projected
Havering,2021-07-12,1.00,1.00,0.99,0.96,0.89,0.56,0.11,projected
Havering,2021-07-13,1.00,0.99,0.97,0.92,0.85,0.52,0.11,projected
Havering,2021-07-14,1.00,0.99,0.97,0.92,0.85,0.52,0.11,projected
Havering,2021-07-15,1.00,0.99,0.97,0.92,0.85,0.52,0.11,projected
Havering,2021-07-16,1.00,0.99,0.97,0.92,0.85,0.52,0.11,projected
Havering,2021-07-17,1.00,0.99,0.97,0.92,0.85,0.52,0.11,projected
Havering,2021-07-18,1.00,0.99,0.97,0.92,0.85,0.52,0.11,projected
Havering,2021-07-19,1.00,0.99,0.97,0.92,0.85,0.52,0.11,projected
Havering,2021-07-20,1.00,0.98,0.95,0.90,0.81,0.51,0.13,projected
Havering,2021-07-21,1.00,0.98,0.95,0.90,0.81,0.51,0.13,projected
Havering,2021-07-22,1.00,0.98,0.95,0.90,0.81,0.51,0.13,projected
Havering,2021-07-23,1.00,0.98,0.95,0.90,0.81,0.51,0.13,projected
Havering,2021-07-24,1.00,0.98,0.95,0.90,0.81,0.51,0.13,projected
Havering,2021-07-25,1.00,0.98,0.95,0.90,0.81,0.51,0.13,projected
Havering,2021-07-26,1.00,0.98,0.95,0.90,0.81,0.51,0.13,projected
"Herefordshire, County of",2021-03-23,0.08,0.03,0.00,0.00,0.00,0.00,0.00,inferred
"Herefordshire, County of",2021-03-24,0.08,0.03,0.00,0.00,0.00,0.00,0.00,inferred
"Herefordshire, County of",2021-03-25,0.08,0.03,0.00,0.00,0.00,0.00,0.00,inferred
"Herefordshire, County of",2021-03-26,0.08,0.03,0.00,0.00,0.00,0.00,0.00,inferred
"Herefordshire, County of",2021-03-27,0.08,0.03,0.00,0.00,0.00,0.00,0.00,inferred
"Herefordshire, County of",2021-03-28,0.08,0.03,0.00,0.00,0.00,0.00,0.00,inferred
"Herefordshire, County of",2021-03-29,0.08,0.03,0.00,0.00,0.00,0.00,0.00,inferred
"Herefordshire, County of",2021-03-30,0.55,0.32,0.15,0.06,0.02,0.00,0.00,inferred
"Herefordshire, County of",2021-03-31,0.55,0.32,0.15,0.06,0.02,0.00,0.00,inferred
"Herefordshire, County of",2021-04-01,0.55,0.32,0.15,0.06,0.02,0.00,0.00,inferred
"Herefordshire, County of",2021-04-02,0.55,0.32,0.15,0.06,0.02,0.00,0.00,inferred
"Herefordshire, County of",2021-04-03,0.55,0.32,0.15,0.06,0.02,0.00,0.00,inferred
"Herefordshire, County of",2021-04-04,0.55,0.32,0.15,0.06,0.02,0.00,0.00,inferred
"Herefordshire, County of",2021-04-05,0.55,0.32,0.15,0.06,0.02,0.00,0.00,inferred
"Herefordshire, County of",2021-04-06,0.93,0.83,0.68,0.49,0.32,0.03,0.00,inferred
"Herefordshire, County of",2021-04-07,0.93,0.83,0.68,0.49,0.32,0.03,0.00,inferred
"Herefordshire, County of",2021-04-08,0.93,0.83,0.68,0.49,0.32,0.03,0.00,inferred
"Herefordshire, County of",2021-04-09,0.93,0.83,0.68,0.49,0.32,0.03,0.00,inferred
"Herefordshire, County of",2021-04-10,0.93,0.83,0.68,0.49,0.32,0.03,0.00,inferred
"Herefordshire, County of",2021-04-11,0.93,0.83,0.68,0.49,0.32,0.03,0.00,inferred
"Herefordshire, County of",2021-04-12,0.93,0.83,0.68,0.49,0.32,0.03,0.00,inferred
"Herefordshire, County of",2021-04-13,1.00,0.99,0.97,0.92,0.81,0.32,0.01,inferred
"Herefordshire, County of",2021-04-14,1.00,0.99,0.97,0.92,0.81,0.32,0.01,inferred
"Herefordshire, County of",2021-04-15,1.00,0.99,0.97,0.92,0.81,0.32,0.01,inferred
"Herefordshire, County of",2021-04-16,1.00,0.99,0.97,0.92,0.81,0.32,0.01,inferred
"Herefordshire, County of",2021-04-17,1.00,0.99,0.97,0.92,0.81,0.32,0.01,inferred
"Herefordshire, County of",2021-04-18,1.00,0.99,0.97,0.92,0.81,0.32,0.01,inferred
"Herefordshire, County of",2021-04-19,1.00,0.99,0.97,0.92,0.81,0.32,0.01,inferred
"Herefordshire, County of",2021-04-20,0.98,0.92,0.78,0.60,0.41,0.07,0.00,inferred
"Herefordshire, County of",2021-04-21,0.98,0.92,0.78,0.60,0.41,0.07,0.00,inferred
"Herefordshire, County of",2021-04-22,0.98,0.92,0.78,0.60,0.41,0.07,0.00,inferred
"Herefordshire, County of",2021-04-23,0.98,0.92,0.78,0.60,0.41,0.07,0.00,inferred
"Herefordshire, County of",2021-04-24,0.98,0.92,0.78,0.60,0.41,0.07,0.00,inferred
"Herefordshire, County of",2021-04-25,0.98,0.92,0.78,0.60,0.41,0.07,0.00,inferred
"Herefordshire, County of",2021-04-26,0.98,0.92,0.78,0.60,0.41,0.07,0.00,inferred
"Herefordshire, County of",2021-04-27,0.65,0.38,0.19,0.06,0.02,0.00,0.00,inferred
"Herefordshire, County of",2021-04-28,0.65,0.38,0.19,0.06,0.02,0.00,0.00,inferred
"Herefordshire, County of",2021-04-29,0.65,0.38,0.19,0.06,0.02,0.00,0.00,inferred
"Herefordshire, County of",2021-04-30,0.65,0.38,0.19,0.06,0.02,0.00,0.00,inferred
"Herefordshire, County of",2021-05-01,0.65,0.38,0.19,0.06,0.02,0.00,0.00,inferred
"Herefordshire, County of",2021-05-02,0.65,0.38,0.19,0.06,0.02,0.00,0.00,inferred
"Herefordshire, County of",2021-05-03,0.65,0.38,0.19,0.06,0.02,0.00,0.00,inferred
"Herefordshire, County of",2021-05-04,0.61,0.37,0.17,0.07,0.02,0.00,0.00,inferred
"Herefordshire, County of",2021-05-05,0.61,0.37,0.17,0.07,0.02,0.00,0.00,inferred
"Herefordshire, County of",2021-05-06,0.61,0.37,0.17,0.07,0.02,0.00,0.00,inferred
"Herefordshire, County of",2021-05-07,0.61,0.37,0.17,0.07,0.02,0.00,0.00,inferred
"Herefordshire, County of",2021-05-08,0.61,0.37,0.17,0.07,0.02,0.00,0.00,inferred
"Herefordshire, County of",2021-05-09,0.61,0.37,0.17,0.07,0.02,0.00,0.00,inferred
"Herefordshire, County of",2021-05-10,0.61,0.37,0.17,0.07,0.02,0.00,0.00,inferred
"Herefordshire, County of",2021-05-11,0.40,0.21,0.10,0.04,0.01,0.00,0.00,inferred
"Herefordshire, County of",2021-05-12,0.40,0.21,0.10,0.04,0.01,0.00,0.00,inferred
"Herefordshire, County of",2021-05-13,0.40,0.21,0.10,0.04,0.01,0.00,0.00,inferred
"Herefordshire, County of",2021-05-14,0.40,0.21,0.10,0.04,0.01,0.00,0.00,inferred
"Herefordshire, County of",2021-05-15,0.40,0.21,0.10,0.04,0.01,0.00,0.00,inferred
"Herefordshire, County of",2021-05-16,0.40,0.21,0.10,0.04,0.01,0.00,0.00,inferred
"Herefordshire, County of",2021-05-17,0.40,0.21,0.10,0.04,0.01,0.00,0.00,inferred
"Herefordshire, County of",2021-05-18,0.72,0.55,0.35,0.19,0.09,0.00,0.00,inferred
"Herefordshire, County of",2021-05-19,0.72,0.55,0.35,0.19,0.09,0.00,0.00,inferred
"Herefordshire, County of",2021-05-20,0.72,0.55,0.35,0.19,0.09,0.00,0.00,inferred
"Herefordshire, County of",2021-05-21,0.72,0.55,0.35,0.19,0.09,0.00,0.00,inferred
"Herefordshire, County of",2021-05-22,0.72,0.55,0.35,0.19,0.09,0.00,0.00,inferred
"Herefordshire, County of",2021-05-23,0.72,0.55,0.35,0.19,0.09,0.00,0.00,inferred
"Herefordshire, County of",2021-05-24,0.72,0.55,0.35,0.19,0.09,0.00,0.00,inferred
"Herefordshire, County of",2021-05-25,1.00,1.00,0.98,0.94,0.85,0.41,0.03,inferred
"Herefordshire, County of",2021-05-26,1.00,1.00,0.98,0.94,0.85,0.41,0.03,inferred
"Herefordshire, County of",2021-05-27,1.00,1.00,0.98,0.94,0.85,0.41,0.03,inferred
"Herefordshire, County of",2021-05-28,1.00,1.00,0.98,0.94,0.85,0.41,0.03,inferred
"Herefordshire, County of",2021-05-29,1.00,1.00,0.98,0.94,0.85,0.41,0.03,inferred
"Herefordshire, County of",2021-05-30,1.00,1.00,0.98,0.94,0.85,0.41,0.03,inferred
"Herefordshire, County of",2021-05-31,1.00,1.00,0.98,0.94,0.85,0.41,0.03,inferred
"Herefordshire, County of",2021-06-01,1.00,0.99,0.94,0.84,0.71,0.23,0.01,inferred
"Herefordshire, County of",2021-06-02,1.00,0.99,0.94,0.84,0.71,0.23,0.01,inferred
"Herefordshire, County of",2021-06-03,1.00,0.99,0.94,0.84,0.71,0.23,0.01,inferred
"Herefordshire, County of",2021-06-04,1.00,0.99,0.94,0.84,0.71,0.23,0.01,inferred
"Herefordshire, County of",2021-06-05,1.00,0.99,0.94,0.84,0.71,0.23,0.01,inferred
"Herefordshire, County of",2021-06-06,1.00,0.99,0.94,0.84,0.71,0.23,0.01,inferred
"Herefordshire, County of",2021-06-07,1.00,0.99,0.94,0.84,0.71,0.23,0.01,inferred
"Herefordshire, County of",2021-06-08,1.00,0.99,0.97,0.89,0.76,0.25,0.01,inferred
"Herefordshire, County of",2021-06-09,1.00,0.99,0.97,0.89,0.76,0.25,0.01,inferred
"Herefordshire, County of",2021-06-10,1.00,0.99,0.97,0.89,0.76,0.25,0.01,inferred
"Herefordshire, County of",2021-06-11,1.00,0.99,0.97,0.89,0.76,0.25,0.01,inferred
"Herefordshire, County of",2021-06-12,1.00,0.99,0.97,0.89,0.76,0.25,0.01,inferred
"Herefordshire, County of",2021-06-13,1.00,0.99,0.97,0.89,0.76,0.25,0.01,inferred
"Herefordshire, County of",2021-06-14,1.00,0.99,0.97,0.89,0.76,0.25,0.01,inferred
"Herefordshire, County of",2021-06-15,1.00,1.00,0.99,0.98,0.92,0.47,0.02,inferred
"Herefordshire, County of",2021-06-16,1.00,1.00,0.99,0.98,0.92,0.47,0.02,inferred
"Herefordshire, County of",2021-06-17,1.00,1.00,0.99,0.98,0.92,0.47,0.02,inferred
"Herefordshire, County of",2021-06-18,1.00,1.00,0.99,0.98,0.92,0.47,0.02,inferred
"Herefordshire, County of",2021-06-19,1.00,1.00,0.99,0.98,0.92,0.47,0.02,inferred
"Herefordshire, County of",2021-06-20,1.00,1.00,0.99,0.98,0.92,0.47,0.02,inferred
"Herefordshire, County of",2021-06-21,1.00,1.00,0.99,0.98,0.92,0.47,0.02,inferred
"Herefordshire, County of",2021-06-22,1.00,1.00,1.00,1.00,0.99,0.79,0.14,inferred
"Herefordshire, County of",2021-06-23,1.00,1.00,1.00,1.00,0.99,0.79,0.14,inferred
"Herefordshire, County of",2021-06-24,1.00,1.00,1.00,1.00,0.99,0.79,0.14,inferred
"Herefordshire, County of",2021-06-25,1.00,1.00,1.00,1.00,0.99,0.79,0.14,inferred
"Herefordshire, County of",2021-06-26,1.00,1.00,1.00,1.00,0.99,0.79,0.14,inferred
"Herefordshire, County of",2021-06-27,1.00,1.00,1.00,1.00,0.99,0.79,0.14,inferred
"Herefordshire, County of",2021-06-28,1.00,1.00,1.00,1.00,0.99,0.79,0.14,inferred
"Herefordshire, County of",2021-06-29,0.99,0.98,0.95,0.88,0.77,0.40,0.06,inferred
"Herefordshire, County of",2021-06-30,0.99,0.98,0.95,0.88,0.77,0.40,0.06,inferred
"Herefordshire, County of",2021-07-01,0.99,0.98,0.95,0.88,0.77,0.40,0.06,inferred
"Herefordshire, County of",2021-07-02,0.99,0.98,0.95,0.88,0.77,0.40,0.06,inferred
"Herefordshire, County of",2021-07-03,0.99,0.98,0.95,0.88,0.77,0.40,0.06,inferred
"Herefordshire, County of",2021-07-04,0.99,0.98,0.95,0.88,0.77,0.40,0.06,inferred
"Herefordshire, County of",2021-07-05,0.99,0.98,0.95,0.88,0.77,0.40,0.06,inferred
"Herefordshire, County of",2021-07-06,0.96,0.93,0.86,0.78,0.69,0.42,0.12,projected
"Herefordshire, County of",2021-07-07,0.96,0.93,0.86,0.78,0.69,0.42,0.12,projected
"Herefordshire, County of",2021-07-08,0.96,0.93,0.86,0.78,0.69,0.42,0.12,projected
"Herefordshire, County of",2021-07-09,0.96,0.93,0.86,0.78,0.69,0.42,0.12,projected
"Herefordshire, County of",2021-07-10,0.96,0.93,0.86,0.78,0.69,0.42,0.12,projected
"Herefordshire, County of",2021-07-11,0.96,0.93,0.86,0.78,0.69,0.42,0.12,projected
"Herefordshire, County of",2021-07-12,0.96,0.93,0.86,0.78,0.69,0.42,0.12,projected
"Herefordshire, County of",2021-07-13,0.95,0.90,0.85,0.77,0.69,0.43,0.16,projected
"Herefordshire, County of",2021-07-14,0.95,0.90,0.85,0.77,0.69,0.43,0.16,projected
"Herefordshire, County of",2021-07-15,0.95,0.90,0.85,0.77,0.69,0.43,0.16,projected
"Herefordshire, County of",2021-07-16,0.95,0.90,0.85,0.77,0.69,0.43,0.16,projected
"Herefordshire, County of",2021-07-17,0.95,0.90,0.85,0.77,0.69,0.43,0.16,projected
"Herefordshire, County of",2021-07-18,0.95,0.90,0.85,0.77,0.69,0.43,0.16,projected
"Herefordshire, County of",2021-07-19,0.95,0.90,0.85,0.77,0.69,0.43,0.16,projected
"Herefordshire, County of",2021-07-20,0.96,0.92,0.87,0.79,0.71,0.46,0.18,projected
"Herefordshire, County of",2021-07-21,0.96,0.92,0.87,0.79,0.71,0.46,0.18,projected
"Herefordshire, County of",2021-07-22,0.96,0.92,0.87,0.79,0.71,0.46,0.18,projected
"Herefordshire, County of",2021-07-23,0.96,0.92,0.87,0.79,0.71,0.46,0.18,projected
"Herefordshire, County of",2021-07-24,0.96,0.92,0.87,0.79,0.71,0.46,0.18,projected
"Herefordshire, County of",2021-07-25,0.96,0.92,0.87,0.79,0.71,0.46,0.18,projected
"Herefordshire, County of",2021-07-26,0.96,0.92,0.87,0.79,0.71,0.46,0.18,projected
Hertsmere,2021-03-23,0.21,0.08,0.02,0.00,0.00,0.00,0.00,inferred
Hertsmere,2021-03-24,0.21,0.08,0.02,0.00,0.00,0.00,0.00,inferred
Hertsmere,2021-03-25,0.21,0.08,0.02,0.00,0.00,0.00,0.00,inferred
Hertsmere,2021-03-26,0.21,0.08,0.02,0.00,0.00,0.00,0.00,inferred
Hertsmere,2021-03-27,0.21,0.08,0.02,0.00,0.00,0.00,0.00,inferred
Hertsmere,2021-03-28,0.21,0.08,0.02,0.00,0.00,0.00,0.00,inferred
Hertsmere,2021-03-29,0.21,0.08,0.02,0.00,0.00,0.00,0.00,inferred
Hertsmere,2021-03-30,0.75,0.56,0.35,0.19,0.09,0.01,0.00,inferred
Hertsmere,2021-03-31,0.75,0.56,0.35,0.19,0.09,0.01,0.00,inferred
Hertsmere,2021-04-01,0.75,0.56,0.35,0.19,0.09,0.01,0.00,inferred
Hertsmere,2021-04-02,0.75,0.56,0.35,0.19,0.09,0.01,0.00,inferred
Hertsmere,2021-04-03,0.75,0.56,0.35,0.19,0.09,0.01,0.00,inferred
Hertsmere,2021-04-04,0.75,0.56,0.35,0.19,0.09,0.01,0.00,inferred
Hertsmere,2021-04-05,0.75,0.56,0.35,0.19,0.09,0.01,0.00,inferred
Hertsmere,2021-04-06,0.74,0.55,0.35,0.19,0.11,0.00,0.00,inferred
Hertsmere,2021-04-07,0.74,0.55,0.35,0.19,0.11,0.00,0.00,inferred
Hertsmere,2021-04-08,0.74,0.55,0.35,0.19,0.11,0.00,0.00,inferred
Hertsmere,2021-04-09,0.74,0.55,0.35,0.19,0.11,0.00,0.00,inferred
Hertsmere,2021-04-10,0.74,0.55,0.35,0.19,0.11,0.00,0.00,inferred
Hertsmere,2021-04-11,0.74,0.55,0.35,0.19,0.11,0.00,0.00,inferred
Hertsmere,2021-04-12,0.74,0.55,0.35,0.19,0.11,0.00,0.00,inferred
Hertsmere,2021-04-13,0.76,0.57,0.37,0.22,0.11,0.01,0.00,inferred
Hertsmere,2021-04-14,0.76,0.57,0.37,0.22,0.11,0.01,0.00,inferred
Hertsmere,2021-04-15,0.76,0.57,0.37,0.22,0.11,0.01,0.00,inferred
Hertsmere,2021-04-16,0.76,0.57,0.37,0.22,0.11,0.01,0.00,inferred
Hertsmere,2021-04-17,0.76,0.57,0.37,0.22,0.11,0.01,0.00,inferred
Hertsmere,2021-04-18,0.76,0.57,0.37,0.22,0.11,0.01,0.00,inferred
Hertsmere,2021-04-19,0.76,0.57,0.37,0.22,0.11,0.01,0.00,inferred
Hertsmere,2021-04-20,0.68,0.49,0.30,0.16,0.09,0.00,0.00,inferred
Hertsmere,2021-04-21,0.68,0.49,0.30,0.16,0.09,0.00,0.00,inferred
Hertsmere,2021-04-22,0.68,0.49,0.30,0.16,0.09,0.00,0.00,inferred
Hertsmere,2021-04-23,0.68,0.49,0.30,0.16,0.09,0.00,0.00,inferred
Hertsmere,2021-04-24,0.68,0.49,0.30,0.16,0.09,0.00,0.00,inferred
Hertsmere,2021-04-25,0.68,0.49,0.30,0.16,0.09,0.00,0.00,inferred
Hertsmere,2021-04-26,0.68,0.49,0.30,0.16,0.09,0.00,0.00,inferred
Hertsmere,2021-04-27,0.95,0.86,0.73,0.57,0.41,0.09,0.00,inferred
Hertsmere,2021-04-28,0.95,0.86,0.73,0.57,0.41,0.09,0.00,inferred
Hertsmere,2021-04-29,0.95,0.86,0.73,0.57,0.41,0.09,0.00,inferred
Hertsmere,2021-04-30,0.95,0.86,0.73,0.57,0.41,0.09,0.00,inferred
Hertsmere,2021-05-01,0.95,0.86,0.73,0.57,0.41,0.09,0.00,inferred
Hertsmere,2021-05-02,0.95,0.86,0.73,0.57,0.41,0.09,0.00,inferred
Hertsmere,2021-05-03,0.95,0.86,0.73,0.57,0.41,0.09,0.00,inferred
Hertsmere,2021-05-04,0.89,0.75,0.57,0.38,0.23,0.03,0.00,inferred
Hertsmere,2021-05-05,0.89,0.75,0.57,0.38,0.23,0.03,0.00,inferred
Hertsmere,2021-05-06,0.89,0.75,0.57,0.38,0.23,0.03,0.00,inferred
Hertsmere,2021-05-07,0.89,0.75,0.57,0.38,0.23,0.03,0.00,inferred
Hertsmere,2021-05-08,0.89,0.75,0.57,0.38,0.23,0.03,0.00,inferred
Hertsmere,2021-05-09,0.89,0.75,0.57,0.38,0.23,0.03,0.00,inferred
Hertsmere,2021-05-10,0.89,0.75,0.57,0.38,0.23,0.03,0.00,inferred
Hertsmere,2021-05-11,0.94,0.84,0.68,0.50,0.33,0.05,0.00,inferred
Hertsmere,2021-05-12,0.94,0.84,0.68,0.50,0.33,0.05,0.00,inferred
Hertsmere,2021-05-13,0.94,0.84,0.68,0.50,0.33,0.05,0.00,inferred
Hertsmere,2021-05-14,0.94,0.84,0.68,0.50,0.33,0.05,0.00,inferred
Hertsmere,2021-05-15,0.94,0.84,0.68,0.50,0.33,0.05,0.00,inferred
Hertsmere,2021-05-16,0.94,0.84,0.68,0.50,0.33,0.05,0.00,inferred
Hertsmere,2021-05-17,0.94,0.84,0.68,0.50,0.33,0.05,0.00,inferred
Hertsmere,2021-05-18,0.96,0.89,0.76,0.59,0.41,0.09,0.00,inferred
Hertsmere,2021-05-19,0.96,0.89,0.76,0.59,0.41,0.09,0.00,inferred
Hertsmere,2021-05-20,0.96,0.89,0.76,0.59,0.41,0.09,0.00,inferred
Hertsmere,2021-05-21,0.96,0.89,0.76,0.59,0.41,0.09,0.00,inferred
Hertsmere,2021-05-22,0.96,0.89,0.76,0.59,0.41,0.09,0.00,inferred
Hertsmere,2021-05-23,0.96,0.89,0.76,0.59,0.41,0.09,0.00,inferred
Hertsmere,2021-05-24,0.96,0.89,0.76,0.59,0.41,0.09,0.00,inferred
Hertsmere,2021-05-25,1.00,0.99,0.96,0.91,0.81,0.35,0.01,inferred
Hertsmere,2021-05-26,1.00,0.99,0.96,0.91,0.81,0.35,0.01,inferred
Hertsmere,2021-05-27,1.00,0.99,0.96,0.91,0.81,0.35,0.01,inferred
Hertsmere,2021-05-28,1.00,0.99,0.96,0.91,0.81,0.35,0.01,inferred
Hertsmere,2021-05-29,1.00,0.99,0.96,0.91,0.81,0.35,0.01,inferred
Hertsmere,2021-05-30,1.00,0.99,0.96,0.91,0.81,0.35,0.01,inferred
Hertsmere,2021-05-31,1.00,0.99,0.96,0.91,0.81,0.35,0.01,inferred
Hertsmere,2021-06-01,1.00,1.00,1.00,0.99,0.96,0.65,0.07,inferred
Hertsmere,2021-06-02,1.00,1.00,1.00,0.99,0.96,0.65,0.07,inferred
Hertsmere,2021-06-03,1.00,1.00,1.00,0.99,0.96,0.65,0.07,inferred
Hertsmere,2021-06-04,1.00,1.00,1.00,0.99,0.96,0.65,0.07,inferred
Hertsmere,2021-06-05,1.00,1.00,1.00,0.99,0.96,0.65,0.07,inferred
Hertsmere,2021-06-06,1.00,1.00,1.00,0.99,0.96,0.65,0.07,inferred
Hertsmere,2021-06-07,1.00,1.00,1.00,0.99,0.96,0.65,0.07,inferred
Hertsmere,2021-06-08,1.00,1.00,1.00,0.98,0.93,0.48,0.02,inferred
Hertsmere,2021-06-09,1.00,1.00,1.00,0.98,0.93,0.48,0.02,inferred
Hertsmere,2021-06-10,1.00,1.00,1.00,0.98,0.93,0.48,0.02,inferred
Hertsmere,2021-06-11,1.00,1.00,1.00,0.98,0.93,0.48,0.02,inferred
Hertsmere,2021-06-12,1.00,1.00,1.00,0.98,0.93,0.48,0.02,inferred
Hertsmere,2021-06-13,1.00,1.00,1.00,0.98,0.93,0.48,0.02,inferred
Hertsmere,2021-06-14,1.00,1.00,1.00,0.98,0.93,0.48,0.02,inferred
Hertsmere,2021-06-15,1.00,1.00,1.00,1.00,1.00,0.93,0.23,inferred
Hertsmere,2021-06-16,1.00,1.00,1.00,1.00,1.00,0.93,0.23,inferred
Hertsmere,2021-06-17,1.00,1.00,1.00,1.00,1.00,0.93,0.23,inferred
Hertsmere,2021-06-18,1.00,1.00,1.00,1.00,1.00,0.93,0.23,inferred
Hertsmere,2021-06-19,1.00,1.00,1.00,1.00,1.00,0.93,0.23,inferred
Hertsmere,2021-06-20,1.00,1.00,1.00,1.00,1.00,0.93,0.23,inferred
Hertsmere,2021-06-21,1.00,1.00,1.00,1.00,1.00,0.93,0.23,inferred
Hertsmere,2021-06-22,1.00,1.00,1.00,1.00,0.99,0.81,0.10,inferred
Hertsmere,2021-06-23,1.00,1.00,1.00,1.00,0.99,0.81,0.10,inferred
Hertsmere,2021-06-24,1.00,1.00,1.00,1.00,0.99,0.81,0.10,inferred
Hertsmere,2021-06-25,1.00,1.00,1.00,1.00,0.99,0.81,0.10,inferred
Hertsmere,2021-06-26,1.00,1.00,1.00,1.00,0.99,0.81,0.10,inferred
Hertsmere,2021-06-27,1.00,1.00,1.00,1.00,0.99,0.81,0.10,inferred
Hertsmere,2021-06-28,1.00,1.00,1.00,1.00,0.99,0.81,0.10,inferred
Hertsmere,2021-06-29,1.00,1.00,1.00,0.98,0.94,0.60,0.08,inferred
Hertsmere,2021-06-30,1.00,1.00,1.00,0.98,0.94,0.60,0.08,inferred
Hertsmere,2021-07-01,1.00,1.00,1.00,0.98,0.94,0.60,0.08,inferred
Hertsmere,2021-07-02,1.00,1.00,1.00,0.98,0.94,0.60,0.08,inferred
Hertsmere,2021-07-03,1.00,1.00,1.00,0.98,0.94,0.60,0.08,inferred
Hertsmere,2021-07-04,1.00,1.00,1.00,0.98,0.94,0.60,0.08,inferred
Hertsmere,2021-07-05,1.00,1.00,1.00,0.98,0.94,0.60,0.08,inferred
Hertsmere,2021-07-06,1.00,0.98,0.96,0.90,0.83,0.48,0.12,projected
Hertsmere,2021-07-07,1.00,0.98,0.96,0.90,0.83,0.48,0.12,projected
Hertsmere,2021-07-08,1.00,0.98,0.96,0.90,0.83,0.48,0.12,projected
Hertsmere,2021-07-09,1.00,0.98,0.96,0.90,0.83,0.48,0.12,projected
Hertsmere,2021-07-10,1.00,0.98,0.96,0.90,0.83,0.48,0.12,projected
Hertsmere,2021-07-11,1.00,0.98,0.96,0.90,0.83,0.48,0.12,projected
Hertsmere,2021-07-12,1.00,0.98,0.96,0.90,0.83,0.48,0.12,projected
Hertsmere,2021-07-13,0.99,0.97,0.93,0.87,0.77,0.44,0.14,projected
Hertsmere,2021-07-14,0.99,0.97,0.93,0.87,0.77,0.44,0.14,projected
Hertsmere,2021-07-15,0.99,0.97,0.93,0.87,0.77,0.44,0.14,projected
Hertsmere,2021-07-16,0.99,0.97,0.93,0.87,0.77,0.44,0.14,projected
Hertsmere,2021-07-17,0.99,0.97,0.93,0.87,0.77,0.44,0.14,projected
Hertsmere,2021-07-18,0.99,0.97,0.93,0.87,0.77,0.44,0.14,projected
Hertsmere,2021-07-19,0.99,0.97,0.93,0.87,0.77,0.44,0.14,projected
Hertsmere,2021-07-20,0.98,0.95,0.90,0.83,0.74,0.45,0.14,projected
Hertsmere,2021-07-21,0.98,0.95,0.90,0.83,0.74,0.45,0.14,projected
Hertsmere,2021-07-22,0.98,0.95,0.90,0.83,0.74,0.45,0.14,projected
Hertsmere,2021-07-23,0.98,0.95,0.90,0.83,0.74,0.45,0.14,projected
Hertsmere,2021-07-24,0.98,0.95,0.90,0.83,0.74,0.45,0.14,projected
Hertsmere,2021-07-25,0.98,0.95,0.90,0.83,0.74,0.45,0.14,projected
Hertsmere,2021-07-26,0.98,0.95,0.90,0.83,0.74,0.45,0.14,projected
High Peak,2021-03-23,0.21,0.07,0.02,0.00,0.00,0.00,0.00,inferred
High Peak,2021-03-24,0.21,0.07,0.02,0.00,0.00,0.00,0.00,inferred
High Peak,2021-03-25,0.21,0.07,0.02,0.00,0.00,0.00,0.00,inferred
High Peak,2021-03-26,0.21,0.07,0.02,0.00,0.00,0.00,0.00,inferred
High Peak,2021-03-27,0.21,0.07,0.02,0.00,0.00,0.00,0.00,inferred
High Peak,2021-03-28,0.21,0.07,0.02,0.00,0.00,0.00,0.00,inferred
High Peak,2021-03-29,0.21,0.07,0.02,0.00,0.00,0.00,0.00,inferred
High Peak,2021-03-30,0.70,0.42,0.21,0.07,0.02,0.00,0.00,inferred
High Peak,2021-03-31,0.70,0.42,0.21,0.07,0.02,0.00,0.00,inferred
High Peak,2021-04-01,0.70,0.42,0.21,0.07,0.02,0.00,0.00,inferred
High Peak,2021-04-02,0.70,0.42,0.21,0.07,0.02,0.00,0.00,inferred
High Peak,2021-04-03,0.70,0.42,0.21,0.07,0.02,0.00,0.00,inferred
High Peak,2021-04-04,0.70,0.42,0.21,0.07,0.02,0.00,0.00,inferred
High Peak,2021-04-05,0.70,0.42,0.21,0.07,0.02,0.00,0.00,inferred
High Peak,2021-04-06,0.34,0.15,0.05,0.02,0.00,0.00,0.00,inferred
High Peak,2021-04-07,0.34,0.15,0.05,0.02,0.00,0.00,0.00,inferred
High Peak,2021-04-08,0.34,0.15,0.05,0.02,0.00,0.00,0.00,inferred
High Peak,2021-04-09,0.34,0.15,0.05,0.02,0.00,0.00,0.00,inferred
High Peak,2021-04-10,0.34,0.15,0.05,0.02,0.00,0.00,0.00,inferred
High Peak,2021-04-11,0.34,0.15,0.05,0.02,0.00,0.00,0.00,inferred
High Peak,2021-04-12,0.34,0.15,0.05,0.02,0.00,0.00,0.00,inferred
High Peak,2021-04-13,0.30,0.16,0.07,0.02,0.01,0.00,0.00,inferred
High Peak,2021-04-14,0.30,0.16,0.07,0.02,0.01,0.00,0.00,inferred
High Peak,2021-04-15,0.30,0.16,0.07,0.02,0.01,0.00,0.00,inferred
High Peak,2021-04-16,0.30,0.16,0.07,0.02,0.01,0.00,0.00,inferred
High Peak,2021-04-17,0.30,0.16,0.07,0.02,0.01,0.00,0.00,inferred
High Peak,2021-04-18,0.30,0.16,0.07,0.02,0.01,0.00,0.00,inferred
High Peak,2021-04-19,0.30,0.16,0.07,0.02,0.01,0.00,0.00,inferred
High Peak,2021-04-20,0.96,0.89,0.76,0.62,0.44,0.09,0.00,inferred
High Peak,2021-04-21,0.96,0.89,0.76,0.62,0.44,0.09,0.00,inferred
High Peak,2021-04-22,0.96,0.89,0.76,0.62,0.44,0.09,0.00,inferred
High Peak,2021-04-23,0.96,0.89,0.76,0.62,0.44,0.09,0.00,inferred
High Peak,2021-04-24,0.96,0.89,0.76,0.62,0.44,0.09,0.00,inferred
High Peak,2021-04-25,0.96,0.89,0.76,0.62,0.44,0.09,0.00,inferred
High Peak,2021-04-26,0.96,0.89,0.76,0.62,0.44,0.09,0.00,inferred
High Peak,2021-04-27,1.00,0.99,0.97,0.93,0.87,0.43,0.03,inferred
High Peak,2021-04-28,1.00,0.99,0.97,0.93,0.87,0.43,0.03,inferred
High Peak,2021-04-29,1.00,0.99,0.97,0.93,0.87,0.43,0.03,inferred
High Peak,2021-04-30,1.00,0.99,0.97,0.93,0.87,0.43,0.03,inferred
High Peak,2021-05-01,1.00,0.99,0.97,0.93,0.87,0.43,0.03,inferred
High Peak,2021-05-02,1.00,0.99,0.97,0.93,0.87,0.43,0.03,inferred
High Peak,2021-05-03,1.00,0.99,0.97,0.93,0.87,0.43,0.03,inferred
High Peak,2021-05-04,0.97,0.90,0.79,0.60,0.40,0.06,0.00,inferred
High Peak,2021-05-05,0.97,0.90,0.79,0.60,0.40,0.06,0.00,inferred
High Peak,2021-05-06,0.97,0.90,0.79,0.60,0.40,0.06,0.00,inferred
High Peak,2021-05-07,0.97,0.90,0.79,0.60,0.40,0.06,0.00,inferred
High Peak,2021-05-08,0.97,0.90,0.79,0.60,0.40,0.06,0.00,inferred
High Peak,2021-05-09,0.97,0.90,0.79,0.60,0.40,0.06,0.00,inferred
High Peak,2021-05-10,0.97,0.90,0.79,0.60,0.40,0.06,0.00,inferred
High Peak,2021-05-11,0.93,0.81,0.64,0.40,0.22,0.01,0.00,inferred
High Peak,2021-05-12,0.93,0.81,0.64,0.40,0.22,0.01,0.00,inferred
High Peak,2021-05-13,0.93,0.81,0.64,0.40,0.22,0.01,0.00,inferred
High Peak,2021-05-14,0.93,0.81,0.64,0.40,0.22,0.01,0.00,inferred
High Peak,2021-05-15,0.93,0.81,0.64,0.40,0.22,0.01,0.00,inferred
High Peak,2021-05-16,0.93,0.81,0.64,0.40,0.22,0.01,0.00,inferred
High Peak,2021-05-17,0.93,0.81,0.64,0.40,0.22,0.01,0.00,inferred
High Peak,2021-05-18,1.00,1.00,0.97,0.90,0.75,0.25,0.01,inferred
High Peak,2021-05-19,1.00,1.00,0.97,0.90,0.75,0.25,0.01,inferred
High Peak,2021-05-20,1.00,1.00,0.97,0.90,0.75,0.25,0.01,inferred
High Peak,2021-05-21,1.00,1.00,0.97,0.90,0.75,0.25,0.01,inferred
High Peak,2021-05-22,1.00,1.00,0.97,0.90,0.75,0.25,0.01,inferred
High Peak,2021-05-23,1.00,1.00,0.97,0.90,0.75,0.25,0.01,inferred
High Peak,2021-05-24,1.00,1.00,0.97,0.90,0.75,0.25,0.01,inferred
High Peak,2021-05-25,1.00,1.00,0.99,0.95,0.87,0.36,0.01,inferred
High Peak,2021-05-26,1.00,1.00,0.99,0.95,0.87,0.36,0.01,inferred
High Peak,2021-05-27,1.00,1.00,0.99,0.95,0.87,0.36,0.01,inferred
High Peak,2021-05-28,1.00,1.00,0.99,0.95,0.87,0.36,0.01,inferred
High Peak,2021-05-29,1.00,1.00,0.99,0.95,0.87,0.36,0.01,inferred
High Peak,2021-05-30,1.00,1.00,0.99,0.95,0.87,0.36,0.01,inferred
High Peak,2021-05-31,1.00,1.00,0.99,0.95,0.87,0.36,0.01,inferred
High Peak,2021-06-01,1.00,0.98,0.92,0.77,0.55,0.08,0.00,inferred
High Peak,2021-06-02,1.00,0.98,0.92,0.77,0.55,0.08,0.00,inferred
High Peak,2021-06-03,1.00,0.98,0.92,0.77,0.55,0.08,0.00,inferred
High Peak,2021-06-04,1.00,0.98,0.92,0.77,0.55,0.08,0.00,inferred
High Peak,2021-06-05,1.00,0.98,0.92,0.77,0.55,0.08,0.00,inferred
High Peak,2021-06-06,1.00,0.98,0.92,0.77,0.55,0.08,0.00,inferred
High Peak,2021-06-07,1.00,0.98,0.92,0.77,0.55,0.08,0.00,inferred
High Peak,2021-06-08,1.00,0.99,0.94,0.80,0.57,0.06,0.00,inferred
High Peak,2021-06-09,1.00,0.99,0.94,0.80,0.57,0.06,0.00,inferred
High Peak,2021-06-10,1.00,0.99,0.94,0.80,0.57,0.06,0.00,inferred
High Peak,2021-06-11,1.00,0.99,0.94,0.80,0.57,0.06,0.00,inferred
High Peak,2021-06-12,1.00,0.99,0.94,0.80,0.57,0.06,0.00,inferred
High Peak,2021-06-13,1.00,0.99,0.94,0.80,0.57,0.06,0.00,inferred
High Peak,2021-06-14,1.00,0.99,0.94,0.80,0.57,0.06,0.00,inferred
High Peak,2021-06-15,1.00,1.00,1.00,1.00,1.00,0.86,0.08,inferred
High Peak,2021-06-16,1.00,1.00,1.00,1.00,1.00,0.86,0.08,inferred
High Peak,2021-06-17,1.00,1.00,1.00,1.00,1.00,0.86,0.08,inferred
High Peak,2021-06-18,1.00,1.00,1.00,1.00,1.00,0.86,0.08,inferred
High Peak,2021-06-19,1.00,1.00,1.00,1.00,1.00,0.86,0.08,inferred
High Peak,2021-06-20,1.00,1.00,1.00,1.00,1.00,0.86,0.08,inferred
High Peak,2021-06-21,1.00,1.00,1.00,1.00,1.00,0.86,0.08,inferred
High Peak,2021-06-22,1.00,1.00,1.00,1.00,1.00,1.00,0.81,inferred
High Peak,2021-06-23,1.00,1.00,1.00,1.00,1.00,1.00,0.81,inferred
High Peak,2021-06-24,1.00,1.00,1.00,1.00,1.00,1.00,0.81,inferred
High Peak,2021-06-25,1.00,1.00,1.00,1.00,1.00,1.00,0.81,inferred
High Peak,2021-06-26,1.00,1.00,1.00,1.00,1.00,1.00,0.81,inferred
High Peak,2021-06-27,1.00,1.00,1.00,1.00,1.00,1.00,0.81,inferred
High Peak,2021-06-28,1.00,1.00,1.00,1.00,1.00,1.00,0.81,inferred
High Peak,2021-06-29,1.00,1.00,1.00,0.98,0.94,0.72,0.17,inferred
High Peak,2021-06-30,1.00,1.00,1.00,0.98,0.94,0.72,0.17,inferred
High Peak,2021-07-01,1.00,1.00,1.00,0.98,0.94,0.72,0.17,inferred
High Peak,2021-07-02,1.00,1.00,1.00,0.98,0.94,0.72,0.17,inferred
High Peak,2021-07-03,1.00,1.00,1.00,0.98,0.94,0.72,0.17,inferred
High Peak,2021-07-04,1.00,1.00,1.00,0.98,0.94,0.72,0.17,inferred
High Peak,2021-07-05,1.00,1.00,1.00,0.98,0.94,0.72,0.17,inferred
High Peak,2021-07-06,0.99,0.96,0.93,0.87,0.79,0.51,0.17,projected
High Peak,2021-07-07,0.99,0.96,0.93,0.87,0.79,0.51,0.17,projected
High Peak,2021-07-08,0.99,0.96,0.93,0.87,0.79,0.51,0.17,projected
High Peak,2021-07-09,0.99,0.96,0.93,0.87,0.79,0.51,0.17,projected
High Peak,2021-07-10,0.99,0.96,0.93,0.87,0.79,0.51,0.17,projected
High Peak,2021-07-11,0.99,0.96,0.93,0.87,0.79,0.51,0.17,projected
High Peak,2021-07-12,0.99,0.96,0.93,0.87,0.79,0.51,0.17,projected
High Peak,2021-07-13,0.96,0.92,0.87,0.79,0.71,0.46,0.19,projected
High Peak,2021-07-14,0.96,0.92,0.87,0.79,0.71,0.46,0.19,projected
High Peak,2021-07-15,0.96,0.92,0.87,0.79,0.71,0.46,0.19,projected
High Peak,2021-07-16,0.96,0.92,0.87,0.79,0.71,0.46,0.19,projected
High Peak,2021-07-17,0.96,0.92,0.87,0.79,0.71,0.46,0.19,projected
High Peak,2021-07-18,0.96,0.92,0.87,0.79,0.71,0.46,0.19,projected
High Peak,2021-07-19,0.96,0.92,0.87,0.79,0.71,0.46,0.19,projected
High Peak,2021-07-20,0.94,0.89,0.83,0.75,0.67,0.44,0.19,projected
High Peak,2021-07-21,0.94,0.89,0.83,0.75,0.67,0.44,0.19,projected
High Peak,2021-07-22,0.94,0.89,0.83,0.75,0.67,0.44,0.19,projected
High Peak,2021-07-23,0.94,0.89,0.83,0.75,0.67,0.44,0.19,projected
High Peak,2021-07-24,0.94,0.89,0.83,0.75,0.67,0.44,0.19,projected
High Peak,2021-07-25,0.94,0.89,0.83,0.75,0.67,0.44,0.19,projected
High Peak,2021-07-26,0.94,0.89,0.83,0.75,0.67,0.44,0.19,projected
Highland,2021-03-23,0.92,0.82,0.65,0.46,0.29,0.03,0.00,inferred
Highland,2021-03-24,0.92,0.82,0.65,0.46,0.29,0.03,0.00,inferred
Highland,2021-03-25,0.92,0.82,0.65,0.46,0.29,0.03,0.00,inferred
Highland,2021-03-26,0.92,0.82,0.65,0.46,0.29,0.03,0.00,inferred
Highland,2021-03-27,0.92,0.82,0.65,0.46,0.29,0.03,0.00,inferred
Highland,2021-03-28,0.92,0.82,0.65,0.46,0.29,0.03,0.00,inferred
Highland,2021-03-29,0.92,0.82,0.65,0.46,0.29,0.03,0.00,inferred
Highland,2021-03-30,0.74,0.58,0.38,0.22,0.12,0.01,0.00,inferred
Highland,2021-03-31,0.74,0.58,0.38,0.22,0.12,0.01,0.00,inferred
Highland,2021-04-01,0.74,0.58,0.38,0.22,0.12,0.01,0.00,inferred
Highland,2021-04-02,0.74,0.58,0.38,0.22,0.12,0.01,0.00,inferred
Highland,2021-04-03,0.74,0.58,0.38,0.22,0.12,0.01,0.00,inferred
Highland,2021-04-04,0.74,0.58,0.38,0.22,0.12,0.01,0.00,inferred
Highland,2021-04-05,0.74,0.58,0.38,0.22,0.12,0.01,0.00,inferred
Highland,2021-04-06,0.83,0.68,0.50,0.33,0.20,0.03,0.00,inferred
Highland,2021-04-07,0.83,0.68,0.50,0.33,0.20,0.03,0.00,inferred
Highland,2021-04-08,0.83,0.68,0.50,0.33,0.20,0.03,0.00,inferred
Highland,2021-04-09,0.83,0.68,0.50,0.33,0.20,0.03,0.00,inferred
Highland,2021-04-10,0.83,0.68,0.50,0.33,0.20,0.03,0.00,inferred
Highland,2021-04-11,0.83,0.68,0.50,0.33,0.20,0.03,0.00,inferred
Highland,2021-04-12,0.83,0.68,0.50,0.33,0.20,0.03,0.00,inferred
Highland,2021-04-13,0.37,0.22,0.11,0.05,0.02,0.00,0.00,inferred
Highland,2021-04-14,0.37,0.22,0.11,0.05,0.02,0.00,0.00,inferred
Highland,2021-04-15,0.37,0.22,0.11,0.05,0.02,0.00,0.00,inferred
Highland,2021-04-16,0.37,0.22,0.11,0.05,0.02,0.00,0.00,inferred
Highland,2021-04-17,0.37,0.22,0.11,0.05,0.02,0.00,0.00,inferred
Highland,2021-04-18,0.37,0.22,0.11,0.05,0.02,0.00,0.00,inferred
Highland,2021-04-19,0.37,0.22,0.11,0.05,0.02,0.00,0.00,inferred
Highland,2021-04-20,0.52,0.33,0.19,0.11,0.06,0.01,0.00,inferred
Highland,2021-04-21,0.52,0.33,0.19,0.11,0.06,0.01,0.00,inferred
Highland,2021-04-22,0.52,0.33,0.19,0.11,0.06,0.01,0.00,inferred
Highland,2021-04-23,0.52,0.33,0.19,0.11,0.06,0.01,0.00,inferred
Highland,2021-04-24,0.52,0.33,0.19,0.11,0.06,0.01,0.00,inferred
Highland,2021-04-25,0.52,0.33,0.19,0.11,0.06,0.01,0.00,inferred
Highland,2021-04-26,0.52,0.33,0.19,0.11,0.06,0.01,0.00,inferred
Highland,2021-04-27,0.45,0.28,0.15,0.08,0.05,0.01,0.00,inferred
Highland,2021-04-28,0.45,0.28,0.15,0.08,0.05,0.01,0.00,inferred
Highland,2021-04-29,0.45,0.28,0.15,0.08,0.05,0.01,0.00,inferred
Highland,2021-04-30,0.45,0.28,0.15,0.08,0.05,0.01,0.00,inferred
Highland,2021-05-01,0.45,0.28,0.15,0.08,0.05,0.01,0.00,inferred
Highland,2021-05-02,0.45,0.28,0.15,0.08,0.05,0.01,0.00,inferred
Highland,2021-05-03,0.45,0.28,0.15,0.08,0.05,0.01,0.00,inferred
Highland,2021-05-04,0.70,0.52,0.37,0.24,0.14,0.01,0.00,inferred
Highland,2021-05-05,0.70,0.52,0.37,0.24,0.14,0.01,0.00,inferred
Highland,2021-05-06,0.70,0.52,0.37,0.24,0.14,0.01,0.00,inferred
Highland,2021-05-07,0.70,0.52,0.37,0.24,0.14,0.01,0.00,inferred
Highland,2021-05-08,0.70,0.52,0.37,0.24,0.14,0.01,0.00,inferred
Highland,2021-05-09,0.70,0.52,0.37,0.24,0.14,0.01,0.00,inferred
Highland,2021-05-10,0.70,0.52,0.37,0.24,0.14,0.01,0.00,inferred
Highland,2021-05-11,0.97,0.93,0.87,0.79,0.68,0.31,0.04,inferred
Highland,2021-05-12,0.97,0.93,0.87,0.79,0.68,0.31,0.04,inferred
Highland,2021-05-13,0.97,0.93,0.87,0.79,0.68,0.31,0.04,inferred
Highland,2021-05-14,0.97,0.93,0.87,0.79,0.68,0.31,0.04,inferred
Highland,2021-05-15,0.97,0.93,0.87,0.79,0.68,0.31,0.04,inferred
Highland,2021-05-16,0.97,0.93,0.87,0.79,0.68,0.31,0.04,inferred
Highland,2021-05-17,0.97,0.93,0.87,0.79,0.68,0.31,0.04,inferred
Highland,2021-05-18,1.00,1.00,1.00,1.00,0.99,0.91,0.52,inferred
Highland,2021-05-19,1.00,1.00,1.00,1.00,0.99,0.91,0.52,inferred
Highland,2021-05-20,1.00,1.00,1.00,1.00,0.99,0.91,0.52,inferred
Highland,2021-05-21,1.00,1.00,1.00,1.00,0.99,0.91,0.52,inferred
Highland,2021-05-22,1.00,1.00,1.00,1.00,0.99,0.91,0.52,inferred
Highland,2021-05-23,1.00,1.00,1.00,1.00,0.99,0.91,0.52,inferred
Highland,2021-05-24,1.00,1.00,1.00,1.00,0.99,0.91,0.52,inferred
Highland,2021-05-25,1.00,0.98,0.96,0.91,0.83,0.54,0.13,inferred
Highland,2021-05-26,1.00,0.98,0.96,0.91,0.83,0.54,0.13,inferred
Highland,2021-05-27,1.00,0.98,0.96,0.91,0.83,0.54,0.13,inferred
Highland,2021-05-28,1.00,0.98,0.96,0.91,0.83,0.54,0.13,inferred
Highland,2021-05-29,1.00,0.98,0.96,0.91,0.83,0.54,0.13,inferred
Highland,2021-05-30,1.00,0.98,0.96,0.91,0.83,0.54,0.13,inferred
Highland,2021-05-31,1.00,0.98,0.96,0.91,0.83,0.54,0.13,inferred
Highland,2021-06-01,0.88,0.74,0.55,0.37,0.22,0.04,0.00,inferred
Highland,2021-06-02,0.88,0.74,0.55,0.37,0.22,0.04,0.00,inferred
Highland,2021-06-03,0.88,0.74,0.55,0.37,0.22,0.04,0.00,inferred
Highland,2021-06-04,0.88,0.74,0.55,0.37,0.22,0.04,0.00,inferred
Highland,2021-06-05,0.88,0.74,0.55,0.37,0.22,0.04,0.00,inferred
Highland,2021-06-06,0.88,0.74,0.55,0.37,0.22,0.04,0.00,inferred
Highland,2021-06-07,0.88,0.74,0.55,0.37,0.22,0.04,0.00,inferred
Highland,2021-06-08,1.00,1.00,1.00,1.00,1.00,0.97,0.57,inferred
Highland,2021-06-09,1.00,1.00,1.00,1.00,1.00,0.97,0.57,inferred
Highland,2021-06-10,1.00,1.00,1.00,1.00,1.00,0.97,0.57,inferred
Highland,2021-06-11,1.00,1.00,1.00,1.00,1.00,0.97,0.57,inferred
Highland,2021-06-12,1.00,1.00,1.00,1.00,1.00,0.97,0.57,inferred
Highland,2021-06-13,1.00,1.00,1.00,1.00,1.00,0.97,0.57,inferred
Highland,2021-06-14,1.00,1.00,1.00,1.00,1.00,0.97,0.57,inferred
Highland,2021-06-15,1.00,1.00,1.00,1.00,1.00,1.00,0.96,inferred
Highland,2021-06-16,1.00,1.00,1.00,1.00,1.00,1.00,0.96,inferred
Highland,2021-06-17,1.00,1.00,1.00,1.00,1.00,1.00,0.96,inferred
Highland,2021-06-18,1.00,1.00,1.00,1.00,1.00,1.00,0.96,inferred
Highland,2021-06-19,1.00,1.00,1.00,1.00,1.00,1.00,0.96,inferred
Highland,2021-06-20,1.00,1.00,1.00,1.00,1.00,1.00,0.96,inferred
Highland,2021-06-21,1.00,1.00,1.00,1.00,1.00,1.00,0.96,inferred
Highland,2021-06-22,1.00,1.00,1.00,1.00,0.96,0.70,0.16,inferred
Highland,2021-06-23,1.00,1.00,1.00,1.00,0.96,0.70,0.16,inferred
Highland,2021-06-24,1.00,1.00,1.00,1.00,0.96,0.70,0.16,inferred
Highland,2021-06-25,1.00,1.00,1.00,1.00,0.96,0.70,0.16,inferred
Highland,2021-06-26,1.00,1.00,1.00,1.00,0.96,0.70,0.16,inferred
Highland,2021-06-27,1.00,1.00,1.00,1.00,0.96,0.70,0.16,inferred
Highland,2021-06-28,1.00,1.00,1.00,1.00,0.96,0.70,0.16,inferred
Highland,2021-06-29,0.63,0.43,0.29,0.18,0.10,0.01,0.00,inferred
Highland,2021-06-30,0.63,0.43,0.29,0.18,0.10,0.01,0.00,inferred
Highland,2021-07-01,0.63,0.43,0.29,0.18,0.10,0.01,0.00,inferred
Highland,2021-07-02,0.63,0.43,0.29,0.18,0.10,0.01,0.00,inferred
Highland,2021-07-03,0.63,0.43,0.29,0.18,0.10,0.01,0.00,inferred
Highland,2021-07-04,0.63,0.43,0.29,0.18,0.10,0.01,0.00,inferred
Highland,2021-07-05,0.63,0.43,0.29,0.18,0.10,0.01,0.00,inferred
Highland,2021-07-06,0.59,0.48,0.38,0.31,0.25,0.13,0.03,projected
Highland,2021-07-07,0.59,0.48,0.38,0.31,0.25,0.13,0.03,projected
Highland,2021-07-08,0.59,0.48,0.38,0.31,0.25,0.13,0.03,projected
Highland,2021-07-09,0.59,0.48,0.38,0.31,0.25,0.13,0.03,projected
Highland,2021-07-10,0.59,0.48,0.38,0.31,0.25,0.13,0.03,projected
Highland,2021-07-11,0.59,0.48,0.38,0.31,0.25,0.13,0.03,projected
Highland,2021-07-12,0.59,0.48,0.38,0.31,0.25,0.13,0.03,projected
Highland,2021-07-13,0.58,0.50,0.43,0.37,0.31,0.18,0.08,projected
Highland,2021-07-14,0.58,0.50,0.43,0.37,0.31,0.18,0.08,projected
Highland,2021-07-15,0.58,0.50,0.43,0.37,0.31,0.18,0.08,projected
Highland,2021-07-16,0.58,0.50,0.43,0.37,0.31,0.18,0.08,projected
Highland,2021-07-17,0.58,0.50,0.43,0.37,0.31,0.18,0.08,projected
Highland,2021-07-18,0.58,0.50,0.43,0.37,0.31,0.18,0.08,projected
Highland,2021-07-19,0.58,0.50,0.43,0.37,0.31,0.18,0.08,projected
Highland,2021-07-20,0.60,0.53,0.46,0.40,0.34,0.21,0.12,projected
Highland,2021-07-21,0.60,0.53,0.46,0.40,0.34,0.21,0.12,projected
Highland,2021-07-22,0.60,0.53,0.46,0.40,0.34,0.21,0.12,projected
Highland,2021-07-23,0.60,0.53,0.46,0.40,0.34,0.21,0.12,projected
Highland,2021-07-24,0.60,0.53,0.46,0.40,0.34,0.21,0.12,projected
Highland,2021-07-25,0.60,0.53,0.46,0.40,0.34,0.21,0.12,projected
Highland,2021-07-26,0.60,0.53,0.46,0.40,0.34,0.21,0.12,projected
Hillingdon,2021-03-23,0.45,0.07,0.01,0.00,0.00,0.00,0.00,inferred
Hillingdon,2021-03-24,0.45,0.07,0.01,0.00,0.00,0.00,0.00,inferred
Hillingdon,2021-03-25,0.45,0.07,0.01,0.00,0.00,0.00,0.00,inferred
Hillingdon,2021-03-26,0.45,0.07,0.01,0.00,0.00,0.00,0.00,inferred
Hillingdon,2021-03-27,0.45,0.07,0.01,0.00,0.00,0.00,0.00,inferred
Hillingdon,2021-03-28,0.45,0.07,0.01,0.00,0.00,0.00,0.00,inferred
Hillingdon,2021-03-29,0.45,0.07,0.01,0.00,0.00,0.00,0.00,inferred
Hillingdon,2021-03-30,0.97,0.78,0.41,0.11,0.02,0.00,0.00,inferred
Hillingdon,2021-03-31,0.97,0.78,0.41,0.11,0.02,0.00,0.00,inferred
Hillingdon,2021-04-01,0.97,0.78,0.41,0.11,0.02,0.00,0.00,inferred
Hillingdon,2021-04-02,0.97,0.78,0.41,0.11,0.02,0.00,0.00,inferred
Hillingdon,2021-04-03,0.97,0.78,0.41,0.11,0.02,0.00,0.00,inferred
Hillingdon,2021-04-04,0.97,0.78,0.41,0.11,0.02,0.00,0.00,inferred
Hillingdon,2021-04-05,0.97,0.78,0.41,0.11,0.02,0.00,0.00,inferred
Hillingdon,2021-04-06,0.87,0.52,0.17,0.03,0.01,0.00,0.00,inferred
Hillingdon,2021-04-07,0.87,0.52,0.17,0.03,0.01,0.00,0.00,inferred
Hillingdon,2021-04-08,0.87,0.52,0.17,0.03,0.01,0.00,0.00,inferred
Hillingdon,2021-04-09,0.87,0.52,0.17,0.03,0.01,0.00,0.00,inferred
Hillingdon,2021-04-10,0.87,0.52,0.17,0.03,0.01,0.00,0.00,inferred
Hillingdon,2021-04-11,0.87,0.52,0.17,0.03,0.01,0.00,0.00,inferred
Hillingdon,2021-04-12,0.87,0.52,0.17,0.03,0.01,0.00,0.00,inferred
Hillingdon,2021-04-13,0.87,0.54,0.19,0.04,0.01,0.00,0.00,inferred
Hillingdon,2021-04-14,0.87,0.54,0.19,0.04,0.01,0.00,0.00,inferred
Hillingdon,2021-04-15,0.87,0.54,0.19,0.04,0.01,0.00,0.00,inferred
Hillingdon,2021-04-16,0.87,0.54,0.19,0.04,0.01,0.00,0.00,inferred
Hillingdon,2021-04-17,0.87,0.54,0.19,0.04,0.01,0.00,0.00,inferred
Hillingdon,2021-04-18,0.87,0.54,0.19,0.04,0.01,0.00,0.00,inferred
Hillingdon,2021-04-19,0.87,0.54,0.19,0.04,0.01,0.00,0.00,inferred
Hillingdon,2021-04-20,0.59,0.23,0.04,0.00,0.00,0.00,0.00,inferred
Hillingdon,2021-04-21,0.59,0.23,0.04,0.00,0.00,0.00,0.00,inferred
Hillingdon,2021-04-22,0.59,0.23,0.04,0.00,0.00,0.00,0.00,inferred
Hillingdon,2021-04-23,0.59,0.23,0.04,0.00,0.00,0.00,0.00,inferred
Hillingdon,2021-04-24,0.59,0.23,0.04,0.00,0.00,0.00,0.00,inferred
Hillingdon,2021-04-25,0.59,0.23,0.04,0.00,0.00,0.00,0.00,inferred
Hillingdon,2021-04-26,0.59,0.23,0.04,0.00,0.00,0.00,0.00,inferred
Hillingdon,2021-04-27,1.00,0.99,0.91,0.69,0.39,0.01,0.00,inferred
Hillingdon,2021-04-28,1.00,0.99,0.91,0.69,0.39,0.01,0.00,inferred
Hillingdon,2021-04-29,1.00,0.99,0.91,0.69,0.39,0.01,0.00,inferred
Hillingdon,2021-04-30,1.00,0.99,0.91,0.69,0.39,0.01,0.00,inferred
Hillingdon,2021-05-01,1.00,0.99,0.91,0.69,0.39,0.01,0.00,inferred
Hillingdon,2021-05-02,1.00,0.99,0.91,0.69,0.39,0.01,0.00,inferred
Hillingdon,2021-05-03,1.00,0.99,0.91,0.69,0.39,0.01,0.00,inferred
Hillingdon,2021-05-04,0.99,0.93,0.73,0.36,0.11,0.00,0.00,inferred
Hillingdon,2021-05-05,0.99,0.93,0.73,0.36,0.11,0.00,0.00,inferred
Hillingdon,2021-05-06,0.99,0.93,0.73,0.36,0.11,0.00,0.00,inferred
Hillingdon,2021-05-07,0.99,0.93,0.73,0.36,0.11,0.00,0.00,inferred
Hillingdon,2021-05-08,0.99,0.93,0.73,0.36,0.11,0.00,0.00,inferred
Hillingdon,2021-05-09,0.99,0.93,0.73,0.36,0.11,0.00,0.00,inferred
Hillingdon,2021-05-10,0.99,0.93,0.73,0.36,0.11,0.00,0.00,inferred
Hillingdon,2021-05-11,1.00,1.00,0.98,0.82,0.55,0.02,0.00,inferred
Hillingdon,2021-05-12,1.00,1.00,0.98,0.82,0.55,0.02,0.00,inferred
Hillingdon,2021-05-13,1.00,1.00,0.98,0.82,0.55,0.02,0.00,inferred
Hillingdon,2021-05-14,1.00,1.00,0.98,0.82,0.55,0.02,0.00,inferred
Hillingdon,2021-05-15,1.00,1.00,0.98,0.82,0.55,0.02,0.00,inferred
Hillingdon,2021-05-16,1.00,1.00,0.98,0.82,0.55,0.02,0.00,inferred
Hillingdon,2021-05-17,1.00,1.00,0.98,0.82,0.55,0.02,0.00,inferred
Hillingdon,2021-05-18,1.00,0.99,0.90,0.63,0.31,0.00,0.00,inferred
Hillingdon,2021-05-19,1.00,0.99,0.90,0.63,0.31,0.00,0.00,inferred
Hillingdon,2021-05-20,1.00,0.99,0.90,0.63,0.31,0.00,0.00,inferred
Hillingdon,2021-05-21,1.00,0.99,0.90,0.63,0.31,0.00,0.00,inferred
Hillingdon,2021-05-22,1.00,0.99,0.90,0.63,0.31,0.00,0.00,inferred
Hillingdon,2021-05-23,1.00,0.99,0.90,0.63,0.31,0.00,0.00,inferred
Hillingdon,2021-05-24,1.00,0.99,0.90,0.63,0.31,0.00,0.00,inferred
Hillingdon,2021-05-25,1.00,1.00,0.96,0.78,0.42,0.01,0.00,inferred
Hillingdon,2021-05-26,1.00,1.00,0.96,0.78,0.42,0.01,0.00,inferred
Hillingdon,2021-05-27,1.00,1.00,0.96,0.78,0.42,0.01,0.00,inferred
Hillingdon,2021-05-28,1.00,1.00,0.96,0.78,0.42,0.01,0.00,inferred
Hillingdon,2021-05-29,1.00,1.00,0.96,0.78,0.42,0.01,0.00,inferred
Hillingdon,2021-05-30,1.00,1.00,0.96,0.78,0.42,0.01,0.00,inferred
Hillingdon,2021-05-31,1.00,1.00,0.96,0.78,0.42,0.01,0.00,inferred
Hillingdon,2021-06-01,1.00,0.97,0.76,0.36,0.10,0.00,0.00,inferred
Hillingdon,2021-06-02,1.00,0.97,0.76,0.36,0.10,0.00,0.00,inferred
Hillingdon,2021-06-03,1.00,0.97,0.76,0.36,0.10,0.00,0.00,inferred
Hillingdon,2021-06-04,1.00,0.97,0.76,0.36,0.10,0.00,0.00,inferred
Hillingdon,2021-06-05,1.00,0.97,0.76,0.36,0.10,0.00,0.00,inferred
Hillingdon,2021-06-06,1.00,0.97,0.76,0.36,0.10,0.00,0.00,inferred
Hillingdon,2021-06-07,1.00,0.97,0.76,0.36,0.10,0.00,0.00,inferred
Hillingdon,2021-06-08,1.00,0.99,0.87,0.53,0.18,0.00,0.00,inferred
Hillingdon,2021-06-09,1.00,0.99,0.87,0.53,0.18,0.00,0.00,inferred
Hillingdon,2021-06-10,1.00,0.99,0.87,0.53,0.18,0.00,0.00,inferred
Hillingdon,2021-06-11,1.00,0.99,0.87,0.53,0.18,0.00,0.00,inferred
Hillingdon,2021-06-12,1.00,0.99,0.87,0.53,0.18,0.00,0.00,inferred
Hillingdon,2021-06-13,1.00,0.99,0.87,0.53,0.18,0.00,0.00,inferred
Hillingdon,2021-06-14,1.00,0.99,0.87,0.53,0.18,0.00,0.00,inferred
Hillingdon,2021-06-15,1.00,1.00,1.00,1.00,1.00,0.85,0.01,inferred
Hillingdon,2021-06-16,1.00,1.00,1.00,1.00,1.00,0.85,0.01,inferred
Hillingdon,2021-06-17,1.00,1.00,1.00,1.00,1.00,0.85,0.01,inferred
Hillingdon,2021-06-18,1.00,1.00,1.00,1.00,1.00,0.85,0.01,inferred
Hillingdon,2021-06-19,1.00,1.00,1.00,1.00,1.00,0.85,0.01,inferred
Hillingdon,2021-06-20,1.00,1.00,1.00,1.00,1.00,0.85,0.01,inferred
Hillingdon,2021-06-21,1.00,1.00,1.00,1.00,1.00,0.85,0.01,inferred
Hillingdon,2021-06-22,1.00,1.00,1.00,1.00,1.00,0.92,0.16,inferred
Hillingdon,2021-06-23,1.00,1.00,1.00,1.00,1.00,0.92,0.16,inferred
Hillingdon,2021-06-24,1.00,1.00,1.00,1.00,1.00,0.92,0.16,inferred
Hillingdon,2021-06-25,1.00,1.00,1.00,1.00,1.00,0.92,0.16,inferred
Hillingdon,2021-06-26,1.00,1.00,1.00,1.00,1.00,0.92,0.16,inferred
Hillingdon,2021-06-27,1.00,1.00,1.00,1.00,1.00,0.92,0.16,inferred
Hillingdon,2021-06-28,1.00,1.00,1.00,1.00,1.00,0.92,0.16,inferred
Hillingdon,2021-06-29,1.00,1.00,1.00,1.00,0.98,0.67,0.07,inferred
Hillingdon,2021-06-30,1.00,1.00,1.00,1.00,0.98,0.67,0.07,inferred
Hillingdon,2021-07-01,1.00,1.00,1.00,1.00,0.98,0.67,0.07,inferred
Hillingdon,2021-07-02,1.00,1.00,1.00,1.00,0.98,0.67,0.07,inferred
Hillingdon,2021-07-03,1.00,1.00,1.00,1.00,0.98,0.67,0.07,inferred
Hillingdon,2021-07-04,1.00,1.00,1.00,1.00,0.98,0.67,0.07,inferred
Hillingdon,2021-07-05,1.00,1.00,1.00,1.00,0.98,0.67,0.07,inferred
Hillingdon,2021-07-06,1.00,1.00,0.99,0.95,0.87,0.49,0.08,projected
Hillingdon,2021-07-07,1.00,1.00,0.99,0.95,0.87,0.49,0.08,projected
Hillingdon,2021-07-08,1.00,1.00,0.99,0.95,0.87,0.49,0.08,projected
Hillingdon,2021-07-09,1.00,1.00,0.99,0.95,0.87,0.49,0.08,projected
Hillingdon,2021-07-10,1.00,1.00,0.99,0.95,0.87,0.49,0.08,projected
Hillingdon,2021-07-11,1.00,1.00,0.99,0.95,0.87,0.49,0.08,projected
Hillingdon,2021-07-12,1.00,1.00,0.99,0.95,0.87,0.49,0.08,projected
Hillingdon,2021-07-13,1.00,0.99,0.95,0.88,0.79,0.41,0.09,projected
Hillingdon,2021-07-14,1.00,0.99,0.95,0.88,0.79,0.41,0.09,projected
Hillingdon,2021-07-15,1.00,0.99,0.95,0.88,0.79,0.41,0.09,projected
Hillingdon,2021-07-16,1.00,0.99,0.95,0.88,0.79,0.41,0.09,projected
Hillingdon,2021-07-17,1.00,0.99,0.95,0.88,0.79,0.41,0.09,projected
Hillingdon,2021-07-18,1.00,0.99,0.95,0.88,0.79,0.41,0.09,projected
Hillingdon,2021-07-19,1.00,0.99,0.95,0.88,0.79,0.41,0.09,projected
Hillingdon,2021-07-20,0.99,0.97,0.92,0.84,0.73,0.39,0.09,projected
Hillingdon,2021-07-21,0.99,0.97,0.92,0.84,0.73,0.39,0.09,projected
Hillingdon,2021-07-22,0.99,0.97,0.92,0.84,0.73,0.39,0.09,projected
Hillingdon,2021-07-23,0.99,0.97,0.92,0.84,0.73,0.39,0.09,projected
Hillingdon,2021-07-24,0.99,0.97,0.92,0.84,0.73,0.39,0.09,projected
Hillingdon,2021-07-25,0.99,0.97,0.92,0.84,0.73,0.39,0.09,projected
Hillingdon,2021-07-26,0.99,0.97,0.92,0.84,0.73,0.39,0.09,projected
Hinckley and Bosworth,2021-03-23,0.01,0.00,0.00,0.00,0.00,0.00,0.00,inferred
Hinckley and Bosworth,2021-03-24,0.01,0.00,0.00,0.00,0.00,0.00,0.00,inferred
Hinckley and Bosworth,2021-03-25,0.01,0.00,0.00,0.00,0.00,0.00,0.00,inferred
Hinckley and Bosworth,2021-03-26,0.01,0.00,0.00,0.00,0.00,0.00,0.00,inferred
Hinckley and Bosworth,2021-03-27,0.01,0.00,0.00,0.00,0.00,0.00,0.00,inferred
Hinckley and Bosworth,2021-03-28,0.01,0.00,0.00,0.00,0.00,0.00,0.00,inferred
Hinckley and Bosworth,2021-03-29,0.01,0.00,0.00,0.00,0.00,0.00,0.00,inferred
Hinckley and Bosworth,2021-03-30,0.06,0.00,0.00,0.00,0.00,0.00,0.00,inferred
Hinckley and Bosworth,2021-03-31,0.06,0.00,0.00,0.00,0.00,0.00,0.00,inferred
Hinckley and Bosworth,2021-04-01,0.06,0.00,0.00,0.00,0.00,0.00,0.00,inferred
Hinckley and Bosworth,2021-04-02,0.06,0.00,0.00,0.00,0.00,0.00,0.00,inferred
Hinckley and Bosworth,2021-04-03,0.06,0.00,0.00,0.00,0.00,0.00,0.00,inferred
Hinckley and Bosworth,2021-04-04,0.06,0.00,0.00,0.00,0.00,0.00,0.00,inferred
Hinckley and Bosworth,2021-04-05,0.06,0.00,0.00,0.00,0.00,0.00,0.00,inferred
Hinckley and Bosworth,2021-04-06,0.07,0.02,0.00,0.00,0.00,0.00,0.00,inferred
Hinckley and Bosworth,2021-04-07,0.07,0.02,0.00,0.00,0.00,0.00,0.00,inferred
Hinckley and Bosworth,2021-04-08,0.07,0.02,0.00,0.00,0.00,0.00,0.00,inferred
Hinckley and Bosworth,2021-04-09,0.07,0.02,0.00,0.00,0.00,0.00,0.00,inferred
Hinckley and Bosworth,2021-04-10,0.07,0.02,0.00,0.00,0.00,0.00,0.00,inferred
Hinckley and Bosworth,2021-04-11,0.07,0.02,0.00,0.00,0.00,0.00,0.00,inferred
Hinckley and Bosworth,2021-04-12,0.07,0.02,0.00,0.00,0.00,0.00,0.00,inferred
Hinckley and Bosworth,2021-04-13,0.47,0.27,0.12,0.05,0.01,0.00,0.00,inferred
Hinckley and Bosworth,2021-04-14,0.47,0.27,0.12,0.05,0.01,0.00,0.00,inferred
Hinckley and Bosworth,2021-04-15,0.47,0.27,0.12,0.05,0.01,0.00,0.00,inferred
Hinckley and Bosworth,2021-04-16,0.47,0.27,0.12,0.05,0.01,0.00,0.00,inferred
Hinckley and Bosworth,2021-04-17,0.47,0.27,0.12,0.05,0.01,0.00,0.00,inferred
Hinckley and Bosworth,2021-04-18,0.47,0.27,0.12,0.05,0.01,0.00,0.00,inferred
Hinckley and Bosworth,2021-04-19,0.47,0.27,0.12,0.05,0.01,0.00,0.00,inferred
Hinckley and Bosworth,2021-04-20,0.58,0.37,0.20,0.09,0.03,0.00,0.00,inferred
Hinckley and Bosworth,2021-04-21,0.58,0.37,0.20,0.09,0.03,0.00,0.00,inferred
Hinckley and Bosworth,2021-04-22,0.58,0.37,0.20,0.09,0.03,0.00,0.00,inferred
Hinckley and Bosworth,2021-04-23,0.58,0.37,0.20,0.09,0.03,0.00,0.00,inferred
Hinckley and Bosworth,2021-04-24,0.58,0.37,0.20,0.09,0.03,0.00,0.00,inferred
Hinckley and Bosworth,2021-04-25,0.58,0.37,0.20,0.09,0.03,0.00,0.00,inferred
Hinckley and Bosworth,2021-04-26,0.58,0.37,0.20,0.09,0.03,0.00,0.00,inferred
Hinckley and Bosworth,2021-04-27,0.87,0.74,0.54,0.35,0.20,0.01,0.00,inferred
Hinckley and Bosworth,2021-04-28,0.87,0.74,0.54,0.35,0.20,0.01,0.00,inferred
Hinckley and Bosworth,2021-04-29,0.87,0.74,0.54,0.35,0.20,0.01,0.00,inferred
Hinckley and Bosworth,2021-04-30,0.87,0.74,0.54,0.35,0.20,0.01,0.00,inferred
Hinckley and Bosworth,2021-05-01,0.87,0.74,0.54,0.35,0.20,0.01,0.00,inferred
Hinckley and Bosworth,2021-05-02,0.87,0.74,0.54,0.35,0.20,0.01,0.00,inferred
Hinckley and Bosworth,2021-05-03,0.87,0.74,0.54,0.35,0.20,0.01,0.00,inferred
Hinckley and Bosworth,2021-05-04,0.34,0.18,0.09,0.03,0.01,0.00,0.00,inferred
Hinckley and Bosworth,2021-05-05,0.34,0.18,0.09,0.03,0.01,0.00,0.00,inferred
Hinckley and Bosworth,2021-05-06,0.34,0.18,0.09,0.03,0.01,0.00,0.00,inferred
Hinckley and Bosworth,2021-05-07,0.34,0.18,0.09,0.03,0.01,0.00,0.00,inferred
Hinckley and Bosworth,2021-05-08,0.34,0.18,0.09,0.03,0.01,0.00,0.00,inferred
Hinckley and Bosworth,2021-05-09,0.34,0.18,0.09,0.03,0.01,0.00,0.00,inferred
Hinckley and Bosworth,2021-05-10,0.34,0.18,0.09,0.03,0.01,0.00,0.00,inferred
Hinckley and Bosworth,2021-05-11,0.81,0.66,0.49,0.34,0.21,0.03,0.00,inferred
Hinckley and Bosworth,2021-05-12,0.81,0.66,0.49,0.34,0.21,0.03,0.00,inferred
Hinckley and Bosworth,2021-05-13,0.81,0.66,0.49,0.34,0.21,0.03,0.00,inferred
Hinckley and Bosworth,2021-05-14,0.81,0.66,0.49,0.34,0.21,0.03,0.00,inferred
Hinckley and Bosworth,2021-05-15,0.81,0.66,0.49,0.34,0.21,0.03,0.00,inferred
Hinckley and Bosworth,2021-05-16,0.81,0.66,0.49,0.34,0.21,0.03,0.00,inferred
Hinckley and Bosworth,2021-05-17,0.81,0.66,0.49,0.34,0.21,0.03,0.00,inferred
Hinckley and Bosworth,2021-05-18,1.00,1.00,0.99,0.98,0.95,0.74,0.21,inferred
Hinckley and Bosworth,2021-05-19,1.00,1.00,0.99,0.98,0.95,0.74,0.21,inferred
Hinckley and Bosworth,2021-05-20,1.00,1.00,0.99,0.98,0.95,0.74,0.21,inferred
Hinckley and Bosworth,2021-05-21,1.00,1.00,0.99,0.98,0.95,0.74,0.21,inferred
Hinckley and Bosworth,2021-05-22,1.00,1.00,0.99,0.98,0.95,0.74,0.21,inferred
Hinckley and Bosworth,2021-05-23,1.00,1.00,0.99,0.98,0.95,0.74,0.21,inferred
Hinckley and Bosworth,2021-05-24,1.00,1.00,0.99,0.98,0.95,0.74,0.21,inferred
Hinckley and Bosworth,2021-05-25,1.00,1.00,1.00,0.99,0.98,0.81,0.25,inferred
Hinckley and Bosworth,2021-05-26,1.00,1.00,1.00,0.99,0.98,0.81,0.25,inferred
Hinckley and Bosworth,2021-05-27,1.00,1.00,1.00,0.99,0.98,0.81,0.25,inferred
Hinckley and Bosworth,2021-05-28,1.00,1.00,1.00,0.99,0.98,0.81,0.25,inferred
Hinckley and Bosworth,2021-05-29,1.00,1.00,1.00,0.99,0.98,0.81,0.25,inferred
Hinckley and Bosworth,2021-05-30,1.00,1.00,1.00,0.99,0.98,0.81,0.25,inferred
Hinckley and Bosworth,2021-05-31,1.00,1.00,1.00,0.99,0.98,0.81,0.25,inferred
Hinckley and Bosworth,2021-06-01,1.00,1.00,1.00,0.98,0.92,0.55,0.07,inferred
Hinckley and Bosworth,2021-06-02,1.00,1.00,1.00,0.98,0.92,0.55,0.07,inferred
Hinckley and Bosworth,2021-06-03,1.00,1.00,1.00,0.98,0.92,0.55,0.07,inferred
Hinckley and Bosworth,2021-06-04,1.00,1.00,1.00,0.98,0.92,0.55,0.07,inferred
Hinckley and Bosworth,2021-06-05,1.00,1.00,1.00,0.98,0.92,0.55,0.07,inferred
Hinckley and Bosworth,2021-06-06,1.00,1.00,1.00,0.98,0.92,0.55,0.07,inferred
Hinckley and Bosworth,2021-06-07,1.00,1.00,1.00,0.98,0.92,0.55,0.07,inferred
Hinckley and Bosworth,2021-06-08,0.99,0.94,0.80,0.56,0.34,0.03,0.00,inferred
Hinckley and Bosworth,2021-06-09,0.99,0.94,0.80,0.56,0.34,0.03,0.00,inferred
Hinckley and Bosworth,2021-06-10,0.99,0.94,0.80,0.56,0.34,0.03,0.00,inferred
Hinckley and Bosworth,2021-06-11,0.99,0.94,0.80,0.56,0.34,0.03,0.00,inferred
Hinckley and Bosworth,2021-06-12,0.99,0.94,0.80,0.56,0.34,0.03,0.00,inferred
Hinckley and Bosworth,2021-06-13,0.99,0.94,0.80,0.56,0.34,0.03,0.00,inferred
Hinckley and Bosworth,2021-06-14,0.99,0.94,0.80,0.56,0.34,0.03,0.00,inferred
Hinckley and Bosworth,2021-06-15,1.00,1.00,1.00,0.99,0.92,0.33,0.01,inferred
Hinckley and Bosworth,2021-06-16,1.00,1.00,1.00,0.99,0.92,0.33,0.01,inferred
Hinckley and Bosworth,2021-06-17,1.00,1.00,1.00,0.99,0.92,0.33,0.01,inferred
Hinckley and Bosworth,2021-06-18,1.00,1.00,1.00,0.99,0.92,0.33,0.01,inferred
Hinckley and Bosworth,2021-06-19,1.00,1.00,1.00,0.99,0.92,0.33,0.01,inferred
Hinckley and Bosworth,2021-06-20,1.00,1.00,1.00,0.99,0.92,0.33,0.01,inferred
Hinckley and Bosworth,2021-06-21,1.00,1.00,1.00,0.99,0.92,0.33,0.01,inferred
Hinckley and Bosworth,2021-06-22,1.00,1.00,1.00,1.00,1.00,0.96,0.36,inferred
Hinckley and Bosworth,2021-06-23,1.00,1.00,1.00,1.00,1.00,0.96,0.36,inferred
Hinckley and Bosworth,2021-06-24,1.00,1.00,1.00,1.00,1.00,0.96,0.36,inferred
Hinckley and Bosworth,2021-06-25,1.00,1.00,1.00,1.00,1.00,0.96,0.36,inferred
Hinckley and Bosworth,2021-06-26,1.00,1.00,1.00,1.00,1.00,0.96,0.36,inferred
Hinckley and Bosworth,2021-06-27,1.00,1.00,1.00,1.00,1.00,0.96,0.36,inferred
Hinckley and Bosworth,2021-06-28,1.00,1.00,1.00,1.00,1.00,0.96,0.36,inferred
Hinckley and Bosworth,2021-06-29,1.00,1.00,0.98,0.96,0.89,0.58,0.09,inferred
Hinckley and Bosworth,2021-06-30,1.00,1.00,0.98,0.96,0.89,0.58,0.09,inferred
Hinckley and Bosworth,2021-07-01,1.00,1.00,0.98,0.96,0.89,0.58,0.09,inferred
Hinckley and Bosworth,2021-07-02,1.00,1.00,0.98,0.96,0.89,0.58,0.09,inferred
Hinckley and Bosworth,2021-07-03,1.00,1.00,0.98,0.96,0.89,0.58,0.09,inferred
Hinckley and Bosworth,2021-07-04,1.00,1.00,0.98,0.96,0.89,0.58,0.09,inferred
Hinckley and Bosworth,2021-07-05,1.00,1.00,0.98,0.96,0.89,0.58,0.09,inferred
Hinckley and Bosworth,2021-07-06,0.99,0.96,0.93,0.86,0.78,0.46,0.13,projected
Hinckley and Bosworth,2021-07-07,0.99,0.96,0.93,0.86,0.78,0.46,0.13,projected
Hinckley and Bosworth,2021-07-08,0.99,0.96,0.93,0.86,0.78,0.46,0.13,projected
Hinckley and Bosworth,2021-07-09,0.99,0.96,0.93,0.86,0.78,0.46,0.13,projected
Hinckley and Bosworth,2021-07-10,0.99,0.96,0.93,0.86,0.78,0.46,0.13,projected
Hinckley and Bosworth,2021-07-11,0.99,0.96,0.93,0.86,0.78,0.46,0.13,projected
Hinckley and Bosworth,2021-07-12,0.99,0.96,0.93,0.86,0.78,0.46,0.13,projected
Hinckley and Bosworth,2021-07-13,0.97,0.94,0.88,0.79,0.71,0.44,0.17,projected
Hinckley and Bosworth,2021-07-14,0.97,0.94,0.88,0.79,0.71,0.44,0.17,projected
Hinckley and Bosworth,2021-07-15,0.97,0.94,0.88,0.79,0.71,0.44,0.17,projected
Hinckley and Bosworth,2021-07-16,0.97,0.94,0.88,0.79,0.71,0.44,0.17,projected
Hinckley and Bosworth,2021-07-17,0.97,0.94,0.88,0.79,0.71,0.44,0.17,projected
Hinckley and Bosworth,2021-07-18,0.97,0.94,0.88,0.79,0.71,0.44,0.17,projected
Hinckley and Bosworth,2021-07-19,0.97,0.94,0.88,0.79,0.71,0.44,0.17,projected
Hinckley and Bosworth,2021-07-20,0.96,0.93,0.86,0.79,0.69,0.45,0.18,projected
Hinckley and Bosworth,2021-07-21,0.96,0.93,0.86,0.79,0.69,0.45,0.18,projected
Hinckley and Bosworth,2021-07-22,0.96,0.93,0.86,0.79,0.69,0.45,0.18,projected
Hinckley and Bosworth,2021-07-23,0.96,0.93,0.86,0.79,0.69,0.45,0.18,projected
Hinckley and Bosworth,2021-07-24,0.96,0.93,0.86,0.79,0.69,0.45,0.18,projected
Hinckley and Bosworth,2021-07-25,0.96,0.93,0.86,0.79,0.69,0.45,0.18,projected
Hinckley and Bosworth,2021-07-26,0.96,0.93,0.86,0.79,0.69,0.45,0.18,projected
Horsham,2021-03-23,0.37,0.18,0.07,0.02,0.01,0.00,0.00,inferred
Horsham,2021-03-24,0.37,0.18,0.07,0.02,0.01,0.00,0.00,inferred
Horsham,2021-03-25,0.37,0.18,0.07,0.02,0.01,0.00,0.00,inferred
Horsham,2021-03-26,0.37,0.18,0.07,0.02,0.01,0.00,0.00,inferred
Horsham,2021-03-27,0.37,0.18,0.07,0.02,0.01,0.00,0.00,inferred
Horsham,2021-03-28,0.37,0.18,0.07,0.02,0.01,0.00,0.00,inferred
Horsham,2021-03-29,0.37,0.18,0.07,0.02,0.01,0.00,0.00,inferred
Horsham,2021-03-30,0.78,0.60,0.42,0.24,0.12,0.00,0.00,inferred
Horsham,2021-03-31,0.78,0.60,0.42,0.24,0.12,0.00,0.00,inferred
Horsham,2021-04-01,0.78,0.60,0.42,0.24,0.12,0.00,0.00,inferred
Horsham,2021-04-02,0.78,0.60,0.42,0.24,0.12,0.00,0.00,inferred
Horsham,2021-04-03,0.78,0.60,0.42,0.24,0.12,0.00,0.00,inferred
Horsham,2021-04-04,0.78,0.60,0.42,0.24,0.12,0.00,0.00,inferred
Horsham,2021-04-05,0.78,0.60,0.42,0.24,0.12,0.00,0.00,inferred
Horsham,2021-04-06,0.94,0.85,0.71,0.52,0.34,0.06,0.00,inferred
Horsham,2021-04-07,0.94,0.85,0.71,0.52,0.34,0.06,0.00,inferred
Horsham,2021-04-08,0.94,0.85,0.71,0.52,0.34,0.06,0.00,inferred
Horsham,2021-04-09,0.94,0.85,0.71,0.52,0.34,0.06,0.00,inferred
Horsham,2021-04-10,0.94,0.85,0.71,0.52,0.34,0.06,0.00,inferred
Horsham,2021-04-11,0.94,0.85,0.71,0.52,0.34,0.06,0.00,inferred
Horsham,2021-04-12,0.94,0.85,0.71,0.52,0.34,0.06,0.00,inferred
Horsham,2021-04-13,0.75,0.56,0.37,0.20,0.11,0.01,0.00,inferred
Horsham,2021-04-14,0.75,0.56,0.37,0.20,0.11,0.01,0.00,inferred
Horsham,2021-04-15,0.75,0.56,0.37,0.20,0.11,0.01,0.00,inferred
Horsham,2021-04-16,0.75,0.56,0.37,0.20,0.11,0.01,0.00,inferred
Horsham,2021-04-17,0.75,0.56,0.37,0.20,0.11,0.01,0.00,inferred
Horsham,2021-04-18,0.75,0.56,0.37,0.20,0.11,0.01,0.00,inferred
Horsham,2021-04-19,0.75,0.56,0.37,0.20,0.11,0.01,0.00,inferred
Horsham,2021-04-20,0.26,0.13,0.04,0.02,0.01,0.00,0.00,inferred
Horsham,2021-04-21,0.26,0.13,0.04,0.02,0.01,0.00,0.00,inferred
Horsham,2021-04-22,0.26,0.13,0.04,0.02,0.01,0.00,0.00,inferred
Horsham,2021-04-23,0.26,0.13,0.04,0.02,0.01,0.00,0.00,inferred
Horsham,2021-04-24,0.26,0.13,0.04,0.02,0.01,0.00,0.00,inferred
Horsham,2021-04-25,0.26,0.13,0.04,0.02,0.01,0.00,0.00,inferred
Horsham,2021-04-26,0.26,0.13,0.04,0.02,0.01,0.00,0.00,inferred
Horsham,2021-04-27,0.52,0.33,0.18,0.10,0.05,0.00,0.00,inferred
Horsham,2021-04-28,0.52,0.33,0.18,0.10,0.05,0.00,0.00,inferred
Horsham,2021-04-29,0.52,0.33,0.18,0.10,0.05,0.00,0.00,inferred
Horsham,2021-04-30,0.52,0.33,0.18,0.10,0.05,0.00,0.00,inferred
Horsham,2021-05-01,0.52,0.33,0.18,0.10,0.05,0.00,0.00,inferred
Horsham,2021-05-02,0.52,0.33,0.18,0.10,0.05,0.00,0.00,inferred
Horsham,2021-05-03,0.52,0.33,0.18,0.10,0.05,0.00,0.00,inferred
Horsham,2021-05-04,0.47,0.29,0.17,0.08,0.04,0.00,0.00,inferred
Horsham,2021-05-05,0.47,0.29,0.17,0.08,0.04,0.00,0.00,inferred
Horsham,2021-05-06,0.47,0.29,0.17,0.08,0.04,0.00,0.00,inferred
Horsham,2021-05-07,0.47,0.29,0.17,0.08,0.04,0.00,0.00,inferred
Horsham,2021-05-08,0.47,0.29,0.17,0.08,0.04,0.00,0.00,inferred
Horsham,2021-05-09,0.47,0.29,0.17,0.08,0.04,0.00,0.00,inferred
Horsham,2021-05-10,0.47,0.29,0.17,0.08,0.04,0.00,0.00,inferred
Horsham,2021-05-11,0.87,0.76,0.62,0.48,0.34,0.08,0.00,inferred
Horsham,2021-05-12,0.87,0.76,0.62,0.48,0.34,0.08,0.00,inferred
Horsham,2021-05-13,0.87,0.76,0.62,0.48,0.34,0.08,0.00,inferred
Horsham,2021-05-14,0.87,0.76,0.62,0.48,0.34,0.08,0.00,inferred
Horsham,2021-05-15,0.87,0.76,0.62,0.48,0.34,0.08,0.00,inferred
Horsham,2021-05-16,0.87,0.76,0.62,0.48,0.34,0.08,0.00,inferred
Horsham,2021-05-17,0.87,0.76,0.62,0.48,0.34,0.08,0.00,inferred
Horsham,2021-05-18,1.00,1.00,0.99,0.98,0.95,0.73,0.24,inferred
Horsham,2021-05-19,1.00,1.00,0.99,0.98,0.95,0.73,0.24,inferred
Horsham,2021-05-20,1.00,1.00,0.99,0.98,0.95,0.73,0.24,inferred
Horsham,2021-05-21,1.00,1.00,0.99,0.98,0.95,0.73,0.24,inferred
Horsham,2021-05-22,1.00,1.00,0.99,0.98,0.95,0.73,0.24,inferred
Horsham,2021-05-23,1.00,1.00,0.99,0.98,0.95,0.73,0.24,inferred
Horsham,2021-05-24,1.00,1.00,0.99,0.98,0.95,0.73,0.24,inferred
Horsham,2021-05-25,1.00,1.00,1.00,0.99,0.99,0.89,0.44,inferred
Horsham,2021-05-26,1.00,1.00,1.00,0.99,0.99,0.89,0.44,inferred
Horsham,2021-05-27,1.00,1.00,1.00,0.99,0.99,0.89,0.44,inferred
Horsham,2021-05-28,1.00,1.00,1.00,0.99,0.99,0.89,0.44,inferred
Horsham,2021-05-29,1.00,1.00,1.00,0.99,0.99,0.89,0.44,inferred
Horsham,2021-05-30,1.00,1.00,1.00,0.99,0.99,0.89,0.44,inferred
Horsham,2021-05-31,1.00,1.00,1.00,0.99,0.99,0.89,0.44,inferred
Horsham,2021-06-01,0.98,0.91,0.81,0.67,0.50,0.13,0.00,inferred
Horsham,2021-06-02,0.98,0.91,0.81,0.67,0.50,0.13,0.00,inferred
Horsham,2021-06-03,0.98,0.91,0.81,0.67,0.50,0.13,0.00,inferred
Horsham,2021-06-04,0.98,0.91,0.81,0.67,0.50,0.13,0.00,inferred
Horsham,2021-06-05,0.98,0.91,0.81,0.67,0.50,0.13,0.00,inferred
Horsham,2021-06-06,0.98,0.91,0.81,0.67,0.50,0.13,0.00,inferred
Horsham,2021-06-07,0.98,0.91,0.81,0.67,0.50,0.13,0.00,inferred
Horsham,2021-06-08,1.00,1.00,1.00,0.99,0.96,0.58,0.05,inferred
Horsham,2021-06-09,1.00,1.00,1.00,0.99,0.96,0.58,0.05,inferred
Horsham,2021-06-10,1.00,1.00,1.00,0.99,0.96,0.58,0.05,inferred
Horsham,2021-06-11,1.00,1.00,1.00,0.99,0.96,0.58,0.05,inferred
Horsham,2021-06-12,1.00,1.00,1.00,0.99,0.96,0.58,0.05,inferred
Horsham,2021-06-13,1.00,1.00,1.00,0.99,0.96,0.58,0.05,inferred
Horsham,2021-06-14,1.00,1.00,1.00,0.99,0.96,0.58,0.05,inferred
Horsham,2021-06-15,1.00,1.00,1.00,1.00,1.00,0.99,0.67,inferred
Horsham,2021-06-16,1.00,1.00,1.00,1.00,1.00,0.99,0.67,inferred
Horsham,2021-06-17,1.00,1.00,1.00,1.00,1.00,0.99,0.67,inferred
Horsham,2021-06-18,1.00,1.00,1.00,1.00,1.00,0.99,0.67,inferred
Horsham,2021-06-19,1.00,1.00,1.00,1.00,1.00,0.99,0.67,inferred
Horsham,2021-06-20,1.00,1.00,1.00,1.00,1.00,0.99,0.67,inferred
Horsham,2021-06-21,1.00,1.00,1.00,1.00,1.00,0.99,0.67,inferred
Horsham,2021-06-22,1.00,1.00,1.00,1.00,1.00,0.98,0.67,inferred
Horsham,2021-06-23,1.00,1.00,1.00,1.00,1.00,0.98,0.67,inferred
Horsham,2021-06-24,1.00,1.00,1.00,1.00,1.00,0.98,0.67,inferred
Horsham,2021-06-25,1.00,1.00,1.00,1.00,1.00,0.98,0.67,inferred
Horsham,2021-06-26,1.00,1.00,1.00,1.00,1.00,0.98,0.67,inferred
Horsham,2021-06-27,1.00,1.00,1.00,1.00,1.00,0.98,0.67,inferred
Horsham,2021-06-28,1.00,1.00,1.00,1.00,1.00,0.98,0.67,inferred
Horsham,2021-06-29,1.00,1.00,0.99,0.96,0.91,0.53,0.07,inferred
Horsham,2021-06-30,1.00,1.00,0.99,0.96,0.91,0.53,0.07,inferred
Horsham,2021-07-01,1.00,1.00,0.99,0.96,0.91,0.53,0.07,inferred
Horsham,2021-07-02,1.00,1.00,0.99,0.96,0.91,0.53,0.07,inferred
Horsham,2021-07-03,1.00,1.00,0.99,0.96,0.91,0.53,0.07,inferred
Horsham,2021-07-04,1.00,1.00,0.99,0.96,0.91,0.53,0.07,inferred
Horsham,2021-07-05,1.00,1.00,0.99,0.96,0.91,0.53,0.07,inferred
Horsham,2021-07-06,0.99,0.98,0.94,0.88,0.80,0.48,0.13,projected
Horsham,2021-07-07,0.99,0.98,0.94,0.88,0.80,0.48,0.13,projected
Horsham,2021-07-08,0.99,0.98,0.94,0.88,0.80,0.48,0.13,projected
Horsham,2021-07-09,0.99,0.98,0.94,0.88,0.80,0.48,0.13,projected
Horsham,2021-07-10,0.99,0.98,0.94,0.88,0.80,0.48,0.13,projected
Horsham,2021-07-11,0.99,0.98,0.94,0.88,0.80,0.48,0.13,projected
Horsham,2021-07-12,0.99,0.98,0.94,0.88,0.80,0.48,0.13,projected
Horsham,2021-07-13,0.98,0.95,0.90,0.83,0.76,0.47,0.15,projected
Horsham,2021-07-14,0.98,0.95,0.90,0.83,0.76,0.47,0.15,projected
Horsham,2021-07-15,0.98,0.95,0.90,0.83,0.76,0.47,0.15,projected
Horsham,2021-07-16,0.98,0.95,0.90,0.83,0.76,0.47,0.15,projected
Horsham,2021-07-17,0.98,0.95,0.90,0.83,0.76,0.47,0.15,projected
Horsham,2021-07-18,0.98,0.95,0.90,0.83,0.76,0.47,0.15,projected
Horsham,2021-07-19,0.98,0.95,0.90,0.83,0.76,0.47,0.15,projected
Horsham,2021-07-20,0.97,0.95,0.90,0.84,0.76,0.48,0.17,projected
Horsham,2021-07-21,0.97,0.95,0.90,0.84,0.76,0.48,0.17,projected
Horsham,2021-07-22,0.97,0.95,0.90,0.84,0.76,0.48,0.17,projected
Horsham,2021-07-23,0.97,0.95,0.90,0.84,0.76,0.48,0.17,projected
Horsham,2021-07-24,0.97,0.95,0.90,0.84,0.76,0.48,0.17,projected
Horsham,2021-07-25,0.97,0.95,0.90,0.84,0.76,0.48,0.17,projected
Horsham,2021-07-26,0.97,0.95,0.90,0.84,0.76,0.48,0.17,projected
Hounslow,2021-03-23,0.14,0.02,0.00,0.00,0.00,0.00,0.00,inferred
Hounslow,2021-03-24,0.14,0.02,0.00,0.00,0.00,0.00,0.00,inferred
Hounslow,2021-03-25,0.14,0.02,0.00,0.00,0.00,0.00,0.00,inferred
Hounslow,2021-03-26,0.14,0.02,0.00,0.00,0.00,0.00,0.00,inferred
Hounslow,2021-03-27,0.14,0.02,0.00,0.00,0.00,0.00,0.00,inferred
Hounslow,2021-03-28,0.14,0.02,0.00,0.00,0.00,0.00,0.00,inferred
Hounslow,2021-03-29,0.14,0.02,0.00,0.00,0.00,0.00,0.00,inferred
Hounslow,2021-03-30,0.94,0.70,0.31,0.07,0.01,0.00,0.00,inferred
Hounslow,2021-03-31,0.94,0.70,0.31,0.07,0.01,0.00,0.00,inferred
Hounslow,2021-04-01,0.94,0.70,0.31,0.07,0.01,0.00,0.00,inferred
Hounslow,2021-04-02,0.94,0.70,0.31,0.07,0.01,0.00,0.00,inferred
Hounslow,2021-04-03,0.94,0.70,0.31,0.07,0.01,0.00,0.00,inferred
Hounslow,2021-04-04,0.94,0.70,0.31,0.07,0.01,0.00,0.00,inferred
Hounslow,2021-04-05,0.94,0.70,0.31,0.07,0.01,0.00,0.00,inferred
Hounslow,2021-04-06,0.97,0.81,0.48,0.18,0.04,0.00,0.00,inferred
Hounslow,2021-04-07,0.97,0.81,0.48,0.18,0.04,0.00,0.00,inferred
Hounslow,2021-04-08,0.97,0.81,0.48,0.18,0.04,0.00,0.00,inferred
Hounslow,2021-04-09,0.97,0.81,0.48,0.18,0.04,0.00,0.00,inferred
Hounslow,2021-04-10,0.97,0.81,0.48,0.18,0.04,0.00,0.00,inferred
Hounslow,2021-04-11,0.97,0.81,0.48,0.18,0.04,0.00,0.00,inferred
Hounslow,2021-04-12,0.97,0.81,0.48,0.18,0.04,0.00,0.00,inferred
Hounslow,2021-04-13,0.97,0.85,0.52,0.23,0.06,0.00,0.00,inferred
Hounslow,2021-04-14,0.97,0.85,0.52,0.23,0.06,0.00,0.00,inferred
Hounslow,2021-04-15,0.97,0.85,0.52,0.23,0.06,0.00,0.00,inferred
Hounslow,2021-04-16,0.97,0.85,0.52,0.23,0.06,0.00,0.00,inferred
Hounslow,2021-04-17,0.97,0.85,0.52,0.23,0.06,0.00,0.00,inferred
Hounslow,2021-04-18,0.97,0.85,0.52,0.23,0.06,0.00,0.00,inferred
Hounslow,2021-04-19,0.97,0.85,0.52,0.23,0.06,0.00,0.00,inferred
Hounslow,2021-04-20,0.87,0.57,0.23,0.06,0.01,0.00,0.00,inferred
Hounslow,2021-04-21,0.87,0.57,0.23,0.06,0.01,0.00,0.00,inferred
Hounslow,2021-04-22,0.87,0.57,0.23,0.06,0.01,0.00,0.00,inferred
Hounslow,2021-04-23,0.87,0.57,0.23,0.06,0.01,0.00,0.00,inferred
Hounslow,2021-04-24,0.87,0.57,0.23,0.06,0.01,0.00,0.00,inferred
Hounslow,2021-04-25,0.87,0.57,0.23,0.06,0.01,0.00,0.00,inferred
Hounslow,2021-04-26,0.87,0.57,0.23,0.06,0.01,0.00,0.00,inferred
Hounslow,2021-04-27,1.00,1.00,0.97,0.84,0.56,0.02,0.00,inferred
Hounslow,2021-04-28,1.00,1.00,0.97,0.84,0.56,0.02,0.00,inferred
Hounslow,2021-04-29,1.00,1.00,0.97,0.84,0.56,0.02,0.00,inferred
Hounslow,2021-04-30,1.00,1.00,0.97,0.84,0.56,0.02,0.00,inferred
Hounslow,2021-05-01,1.00,1.00,0.97,0.84,0.56,0.02,0.00,inferred
Hounslow,2021-05-02,1.00,1.00,0.97,0.84,0.56,0.02,0.00,inferred
Hounslow,2021-05-03,1.00,1.00,0.97,0.84,0.56,0.02,0.00,inferred
Hounslow,2021-05-04,1.00,0.97,0.79,0.45,0.17,0.00,0.00,inferred
Hounslow,2021-05-05,1.00,0.97,0.79,0.45,0.17,0.00,0.00,inferred
Hounslow,2021-05-06,1.00,0.97,0.79,0.45,0.17,0.00,0.00,inferred
Hounslow,2021-05-07,1.00,0.97,0.79,0.45,0.17,0.00,0.00,inferred
Hounslow,2021-05-08,1.00,0.97,0.79,0.45,0.17,0.00,0.00,inferred
Hounslow,2021-05-09,1.00,0.97,0.79,0.45,0.17,0.00,0.00,inferred
Hounslow,2021-05-10,1.00,0.97,0.79,0.45,0.17,0.00,0.00,inferred
Hounslow,2021-05-11,1.00,0.95,0.70,0.34,0.11,0.00,0.00,inferred
Hounslow,2021-05-12,1.00,0.95,0.70,0.34,0.11,0.00,0.00,inferred
Hounslow,2021-05-13,1.00,0.95,0.70,0.34,0.11,0.00,0.00,inferred
Hounslow,2021-05-14,1.00,0.95,0.70,0.34,0.11,0.00,0.00,inferred
Hounslow,2021-05-15,1.00,0.95,0.70,0.34,0.11,0.00,0.00,inferred
Hounslow,2021-05-16,1.00,0.95,0.70,0.34,0.11,0.00,0.00,inferred
Hounslow,2021-05-17,1.00,0.95,0.70,0.34,0.11,0.00,0.00,inferred
Hounslow,2021-05-18,1.00,0.97,0.80,0.47,0.18,0.00,0.00,inferred
Hounslow,2021-05-19,1.00,0.97,0.80,0.47,0.18,0.00,0.00,inferred
Hounslow,2021-05-20,1.00,0.97,0.80,0.47,0.18,0.00,0.00,inferred
Hounslow,2021-05-21,1.00,0.97,0.80,0.47,0.18,0.00,0.00,inferred
Hounslow,2021-05-22,1.00,0.97,0.80,0.47,0.18,0.00,0.00,inferred
Hounslow,2021-05-23,1.00,0.97,0.80,0.47,0.18,0.00,0.00,inferred
Hounslow,2021-05-24,1.00,0.97,0.80,0.47,0.18,0.00,0.00,inferred
Hounslow,2021-05-25,1.00,1.00,0.95,0.74,0.38,0.00,0.00,inferred
Hounslow,2021-05-26,1.00,1.00,0.95,0.74,0.38,0.00,0.00,inferred
Hounslow,2021-05-27,1.00,1.00,0.95,0.74,0.38,0.00,0.00,inferred
Hounslow,2021-05-28,1.00,1.00,0.95,0.74,0.38,0.00,0.00,inferred
Hounslow,2021-05-29,1.00,1.00,0.95,0.74,0.38,0.00,0.00,inferred
Hounslow,2021-05-30,1.00,1.00,0.95,0.74,0.38,0.00,0.00,inferred
Hounslow,2021-05-31,1.00,1.00,0.95,0.74,0.38,0.00,0.00,inferred
Hounslow,2021-06-01,1.00,1.00,0.99,0.86,0.55,0.01,0.00,inferred
Hounslow,2021-06-02,1.00,1.00,0.99,0.86,0.55,0.01,0.00,inferred
Hounslow,2021-06-03,1.00,1.00,0.99,0.86,0.55,0.01,0.00,inferred
Hounslow,2021-06-04,1.00,1.00,0.99,0.86,0.55,0.01,0.00,inferred
Hounslow,2021-06-05,1.00,1.00,0.99,0.86,0.55,0.01,0.00,inferred
Hounslow,2021-06-06,1.00,1.00,0.99,0.86,0.55,0.01,0.00,inferred
Hounslow,2021-06-07,1.00,1.00,0.99,0.86,0.55,0.01,0.00,inferred
Hounslow,2021-06-08,0.99,0.93,0.64,0.22,0.04,0.00,0.00,inferred
Hounslow,2021-06-09,0.99,0.93,0.64,0.22,0.04,0.00,0.00,inferred
Hounslow,2021-06-10,0.99,0.93,0.64,0.22,0.04,0.00,0.00,inferred
Hounslow,2021-06-11,0.99,0.93,0.64,0.22,0.04,0.00,0.00,inferred
Hounslow,2021-06-12,0.99,0.93,0.64,0.22,0.04,0.00,0.00,inferred
Hounslow,2021-06-13,0.99,0.93,0.64,0.22,0.04,0.00,0.00,inferred
Hounslow,2021-06-14,0.99,0.93,0.64,0.22,0.04,0.00,0.00,inferred
Hounslow,2021-06-15,1.00,1.00,1.00,1.00,1.00,0.47,0.00,inferred
Hounslow,2021-06-16,1.00,1.00,1.00,1.00,1.00,0.47,0.00,inferred
Hounslow,2021-06-17,1.00,1.00,1.00,1.00,1.00,0.47,0.00,inferred
Hounslow,2021-06-18,1.00,1.00,1.00,1.00,1.00,0.47,0.00,inferred
Hounslow,2021-06-19,1.00,1.00,1.00,1.00,1.00,0.47,0.00,inferred
Hounslow,2021-06-20,1.00,1.00,1.00,1.00,1.00,0.47,0.00,inferred
Hounslow,2021-06-21,1.00,1.00,1.00,1.00,1.00,0.47,0.00,inferred
Hounslow,2021-06-22,1.00,1.00,1.00,1.00,0.99,0.60,0.00,inferred
Hounslow,2021-06-23,1.00,1.00,1.00,1.00,0.99,0.60,0.00,inferred
Hounslow,2021-06-24,1.00,1.00,1.00,1.00,0.99,0.60,0.00,inferred
Hounslow,2021-06-25,1.00,1.00,1.00,1.00,0.99,0.60,0.00,inferred
Hounslow,2021-06-26,1.00,1.00,1.00,1.00,0.99,0.60,0.00,inferred
Hounslow,2021-06-27,1.00,1.00,1.00,1.00,0.99,0.60,0.00,inferred
Hounslow,2021-06-28,1.00,1.00,1.00,1.00,0.99,0.60,0.00,inferred
Hounslow,2021-06-29,1.00,1.00,0.99,0.95,0.84,0.26,0.00,inferred
Hounslow,2021-06-30,1.00,1.00,0.99,0.95,0.84,0.26,0.00,inferred
Hounslow,2021-07-01,1.00,1.00,0.99,0.95,0.84,0.26,0.00,inferred
Hounslow,2021-07-02,1.00,1.00,0.99,0.95,0.84,0.26,0.00,inferred
Hounslow,2021-07-03,1.00,1.00,0.99,0.95,0.84,0.26,0.00,inferred
Hounslow,2021-07-04,1.00,1.00,0.99,0.95,0.84,0.26,0.00,inferred
Hounslow,2021-07-05,1.00,1.00,0.99,0.95,0.84,0.26,0.00,inferred
Hounslow,2021-07-06,1.00,0.98,0.94,0.84,0.71,0.27,0.03,projected
Hounslow,2021-07-07,1.00,0.98,0.94,0.84,0.71,0.27,0.03,projected
Hounslow,2021-07-08,1.00,0.98,0.94,0.84,0.71,0.27,0.03,projected
Hounslow,2021-07-09,1.00,0.98,0.94,0.84,0.71,0.27,0.03,projected
Hounslow,2021-07-10,1.00,0.98,0.94,0.84,0.71,0.27,0.03,projected
Hounslow,2021-07-11,1.00,0.98,0.94,0.84,0.71,0.27,0.03,projected
Hounslow,2021-07-12,1.00,0.98,0.94,0.84,0.71,0.27,0.03,projected
Hounslow,2021-07-13,0.99,0.96,0.90,0.79,0.66,0.29,0.04,projected
Hounslow,2021-07-14,0.99,0.96,0.90,0.79,0.66,0.29,0.04,projected
Hounslow,2021-07-15,0.99,0.96,0.90,0.79,0.66,0.29,0.04,projected
Hounslow,2021-07-16,0.99,0.96,0.90,0.79,0.66,0.29,0.04,projected
Hounslow,2021-07-17,0.99,0.96,0.90,0.79,0.66,0.29,0.04,projected
Hounslow,2021-07-18,0.99,0.96,0.90,0.79,0.66,0.29,0.04,projected
Hounslow,2021-07-19,0.99,0.96,0.90,0.79,0.66,0.29,0.04,projected
Hounslow,2021-07-20,0.99,0.95,0.88,0.78,0.65,0.30,0.05,projected
Hounslow,2021-07-21,0.99,0.95,0.88,0.78,0.65,0.30,0.05,projected
Hounslow,2021-07-22,0.99,0.95,0.88,0.78,0.65,0.30,0.05,projected
Hounslow,2021-07-23,0.99,0.95,0.88,0.78,0.65,0.30,0.05,projected
Hounslow,2021-07-24,0.99,0.95,0.88,0.78,0.65,0.30,0.05,projected
Hounslow,2021-07-25,0.99,0.95,0.88,0.78,0.65,0.30,0.05,projected
Hounslow,2021-07-26,0.99,0.95,0.88,0.78,0.65,0.30,0.05,projected
Huntingdonshire,2021-03-23,0.00,0.00,0.00,0.00,0.00,0.00,0.00,inferred
Huntingdonshire,2021-03-24,0.00,0.00,0.00,0.00,0.00,0.00,0.00,inferred
Huntingdonshire,2021-03-25,0.00,0.00,0.00,0.00,0.00,0.00,0.00,inferred
Huntingdonshire,2021-03-26,0.00,0.00,0.00,0.00,0.00,0.00,0.00,inferred
Huntingdonshire,2021-03-27,0.00,0.00,0.00,0.00,0.00,0.00,0.00,inferred
Huntingdonshire,2021-03-28,0.00,0.00,0.00,0.00,0.00,0.00,0.00,inferred
Huntingdonshire,2021-03-29,0.00,0.00,0.00,0.00,0.00,0.00,0.00,inferred
Huntingdonshire,2021-03-30,0.25,0.08,0.01,0.00,0.00,0.00,0.00,inferred
Huntingdonshire,2021-03-31,0.25,0.08,0.01,0.00,0.00,0.00,0.00,inferred
Huntingdonshire,2021-04-01,0.25,0.08,0.01,0.00,0.00,0.00,0.00,inferred
Huntingdonshire,2021-04-02,0.25,0.08,0.01,0.00,0.00,0.00,0.00,inferred
Huntingdonshire,2021-04-03,0.25,0.08,0.01,0.00,0.00,0.00,0.00,inferred
Huntingdonshire,2021-04-04,0.25,0.08,0.01,0.00,0.00,0.00,0.00,inferred
Huntingdonshire,2021-04-05,0.25,0.08,0.01,0.00,0.00,0.00,0.00,inferred
Huntingdonshire,2021-04-06,0.71,0.47,0.24,0.10,0.03,0.00,0.00,inferred
Huntingdonshire,2021-04-07,0.71,0.47,0.24,0.10,0.03,0.00,0.00,inferred
Huntingdonshire,2021-04-08,0.71,0.47,0.24,0.10,0.03,0.00,0.00,inferred
Huntingdonshire,2021-04-09,0.71,0.47,0.24,0.10,0.03,0.00,0.00,inferred
Huntingdonshire,2021-04-10,0.71,0.47,0.24,0.10,0.03,0.00,0.00,inferred
Huntingdonshire,2021-04-11,0.71,0.47,0.24,0.10,0.03,0.00,0.00,inferred
Huntingdonshire,2021-04-12,0.71,0.47,0.24,0.10,0.03,0.00,0.00,inferred
Huntingdonshire,2021-04-13,0.65,0.41,0.22,0.09,0.03,0.00,0.00,inferred
Huntingdonshire,2021-04-14,0.65,0.41,0.22,0.09,0.03,0.00,0.00,inferred
Huntingdonshire,2021-04-15,0.65,0.41,0.22,0.09,0.03,0.00,0.00,inferred
Huntingdonshire,2021-04-16,0.65,0.41,0.22,0.09,0.03,0.00,0.00,inferred
Huntingdonshire,2021-04-17,0.65,0.41,0.22,0.09,0.03,0.00,0.00,inferred
Huntingdonshire,2021-04-18,0.65,0.41,0.22,0.09,0.03,0.00,0.00,inferred
Huntingdonshire,2021-04-19,0.65,0.41,0.22,0.09,0.03,0.00,0.00,inferred
Huntingdonshire,2021-04-20,0.71,0.48,0.27,0.13,0.05,0.00,0.00,inferred
Huntingdonshire,2021-04-21,0.71,0.48,0.27,0.13,0.05,0.00,0.00,inferred
Huntingdonshire,2021-04-22,0.71,0.48,0.27,0.13,0.05,0.00,0.00,inferred
Huntingdonshire,2021-04-23,0.71,0.48,0.27,0.13,0.05,0.00,0.00,inferred
Huntingdonshire,2021-04-24,0.71,0.48,0.27,0.13,0.05,0.00,0.00,inferred
Huntingdonshire,2021-04-25,0.71,0.48,0.27,0.13,0.05,0.00,0.00,inferred
Huntingdonshire,2021-04-26,0.71,0.48,0.27,0.13,0.05,0.00,0.00,inferred
Huntingdonshire,2021-04-27,0.60,0.38,0.20,0.09,0.03,0.00,0.00,inferred
Huntingdonshire,2021-04-28,0.60,0.38,0.20,0.09,0.03,0.00,0.00,inferred
Huntingdonshire,2021-04-29,0.60,0.38,0.20,0.09,0.03,0.00,0.00,inferred
Huntingdonshire,2021-04-30,0.60,0.38,0.20,0.09,0.03,0.00,0.00,inferred
Huntingdonshire,2021-05-01,0.60,0.38,0.20,0.09,0.03,0.00,0.00,inferred
Huntingdonshire,2021-05-02,0.60,0.38,0.20,0.09,0.03,0.00,0.00,inferred
Huntingdonshire,2021-05-03,0.60,0.38,0.20,0.09,0.03,0.00,0.00,inferred
Huntingdonshire,2021-05-04,0.84,0.64,0.44,0.25,0.13,0.01,0.00,inferred
Huntingdonshire,2021-05-05,0.84,0.64,0.44,0.25,0.13,0.01,0.00,inferred
Huntingdonshire,2021-05-06,0.84,0.64,0.44,0.25,0.13,0.01,0.00,inferred
Huntingdonshire,2021-05-07,0.84,0.64,0.44,0.25,0.13,0.01,0.00,inferred
Huntingdonshire,2021-05-08,0.84,0.64,0.44,0.25,0.13,0.01,0.00,inferred
Huntingdonshire,2021-05-09,0.84,0.64,0.44,0.25,0.13,0.01,0.00,inferred
Huntingdonshire,2021-05-10,0.84,0.64,0.44,0.25,0.13,0.01,0.00,inferred
Huntingdonshire,2021-05-11,0.49,0.30,0.15,0.06,0.03,0.00,0.00,inferred
Huntingdonshire,2021-05-12,0.49,0.30,0.15,0.06,0.03,0.00,0.00,inferred
Huntingdonshire,2021-05-13,0.49,0.30,0.15,0.06,0.03,0.00,0.00,inferred
Huntingdonshire,2021-05-14,0.49,0.30,0.15,0.06,0.03,0.00,0.00,inferred
Huntingdonshire,2021-05-15,0.49,0.30,0.15,0.06,0.03,0.00,0.00,inferred
Huntingdonshire,2021-05-16,0.49,0.30,0.15,0.06,0.03,0.00,0.00,inferred
Huntingdonshire,2021-05-17,0.49,0.30,0.15,0.06,0.03,0.00,0.00,inferred
Huntingdonshire,2021-05-18,1.00,0.99,0.95,0.89,0.79,0.36,0.02,inferred
Huntingdonshire,2021-05-19,1.00,0.99,0.95,0.89,0.79,0.36,0.02,inferred
Huntingdonshire,2021-05-20,1.00,0.99,0.95,0.89,0.79,0.36,0.02,inferred
Huntingdonshire,2021-05-21,1.00,0.99,0.95,0.89,0.79,0.36,0.02,inferred
Huntingdonshire,2021-05-22,1.00,0.99,0.95,0.89,0.79,0.36,0.02,inferred
Huntingdonshire,2021-05-23,1.00,0.99,0.95,0.89,0.79,0.36,0.02,inferred
Huntingdonshire,2021-05-24,1.00,0.99,0.95,0.89,0.79,0.36,0.02,inferred
Huntingdonshire,2021-05-25,1.00,0.99,0.96,0.91,0.79,0.30,0.01,inferred
Huntingdonshire,2021-05-26,1.00,0.99,0.96,0.91,0.79,0.30,0.01,inferred
Huntingdonshire,2021-05-27,1.00,0.99,0.96,0.91,0.79,0.30,0.01,inferred
Huntingdonshire,2021-05-28,1.00,0.99,0.96,0.91,0.79,0.30,0.01,inferred
Huntingdonshire,2021-05-29,1.00,0.99,0.96,0.91,0.79,0.30,0.01,inferred
Huntingdonshire,2021-05-30,1.00,0.99,0.96,0.91,0.79,0.30,0.01,inferred
Huntingdonshire,2021-05-31,1.00,0.99,0.96,0.91,0.79,0.30,0.01,inferred
Huntingdonshire,2021-06-01,1.00,0.99,0.94,0.85,0.69,0.21,0.01,inferred
Huntingdonshire,2021-06-02,1.00,0.99,0.94,0.85,0.69,0.21,0.01,inferred
Huntingdonshire,2021-06-03,1.00,0.99,0.94,0.85,0.69,0.21,0.01,inferred
Huntingdonshire,2021-06-04,1.00,0.99,0.94,0.85,0.69,0.21,0.01,inferred
Huntingdonshire,2021-06-05,1.00,0.99,0.94,0.85,0.69,0.21,0.01,inferred
Huntingdonshire,2021-06-06,1.00,0.99,0.94,0.85,0.69,0.21,0.01,inferred
Huntingdonshire,2021-06-07,1.00,0.99,0.94,0.85,0.69,0.21,0.01,inferred
Huntingdonshire,2021-06-08,1.00,1.00,0.99,0.95,0.85,0.35,0.01,inferred
Huntingdonshire,2021-06-09,1.00,1.00,0.99,0.95,0.85,0.35,0.01,inferred
Huntingdonshire,2021-06-10,1.00,1.00,0.99,0.95,0.85,0.35,0.01,inferred
Huntingdonshire,2021-06-11,1.00,1.00,0.99,0.95,0.85,0.35,0.01,inferred
Huntingdonshire,2021-06-12,1.00,1.00,0.99,0.95,0.85,0.35,0.01,inferred
Huntingdonshire,2021-06-13,1.00,1.00,0.99,0.95,0.85,0.35,0.01,inferred
Huntingdonshire,2021-06-14,1.00,1.00,0.99,0.95,0.85,0.35,0.01,inferred
Huntingdonshire,2021-06-15,1.00,1.00,1.00,1.00,1.00,0.89,0.16,inferred
Huntingdonshire,2021-06-16,1.00,1.00,1.00,1.00,1.00,0.89,0.16,inferred
Huntingdonshire,2021-06-17,1.00,1.00,1.00,1.00,1.00,0.89,0.16,inferred
Huntingdonshire,2021-06-18,1.00,1.00,1.00,1.00,1.00,0.89,0.16,inferred
Huntingdonshire,2021-06-19,1.00,1.00,1.00,1.00,1.00,0.89,0.16,inferred
Huntingdonshire,2021-06-20,1.00,1.00,1.00,1.00,1.00,0.89,0.16,inferred
Huntingdonshire,2021-06-21,1.00,1.00,1.00,1.00,1.00,0.89,0.16,inferred
Huntingdonshire,2021-06-22,1.00,1.00,1.00,1.00,1.00,1.00,0.79,inferred
Huntingdonshire,2021-06-23,1.00,1.00,1.00,1.00,1.00,1.00,0.79,inferred
Huntingdonshire,2021-06-24,1.00,1.00,1.00,1.00,1.00,1.00,0.79,inferred
Huntingdonshire,2021-06-25,1.00,1.00,1.00,1.00,1.00,1.00,0.79,inferred
Huntingdonshire,2021-06-26,1.00,1.00,1.00,1.00,1.00,1.00,0.79,inferred
Huntingdonshire,2021-06-27,1.00,1.00,1.00,1.00,1.00,1.00,0.79,inferred
Huntingdonshire,2021-06-28,1.00,1.00,1.00,1.00,1.00,1.00,0.79,inferred
Huntingdonshire,2021-06-29,1.00,1.00,1.00,0.99,0.98,0.79,0.27,inferred
Huntingdonshire,2021-06-30,1.00,1.00,1.00,0.99,0.98,0.79,0.27,inferred
Huntingdonshire,2021-07-01,1.00,1.00,1.00,0.99,0.98,0.79,0.27,inferred
Huntingdonshire,2021-07-02,1.00,1.00,1.00,0.99,0.98,0.79,0.27,inferred
Huntingdonshire,2021-07-03,1.00,1.00,1.00,0.99,0.98,0.79,0.27,inferred
Huntingdonshire,2021-07-04,1.00,1.00,1.00,0.99,0.98,0.79,0.27,inferred
Huntingdonshire,2021-07-05,1.00,1.00,1.00,0.99,0.98,0.79,0.27,inferred
Huntingdonshire,2021-07-06,1.00,1.00,0.98,0.95,0.90,0.63,0.22,projected
Huntingdonshire,2021-07-07,1.00,1.00,0.98,0.95,0.90,0.63,0.22,projected
Huntingdonshire,2021-07-08,1.00,1.00,0.98,0.95,0.90,0.63,0.22,projected
Huntingdonshire,2021-07-09,1.00,1.00,0.98,0.95,0.90,0.63,0.22,projected
Huntingdonshire,2021-07-10,1.00,1.00,0.98,0.95,0.90,0.63,0.22,projected
Huntingdonshire,2021-07-11,1.00,1.00,0.98,0.95,0.90,0.63,0.22,projected
Huntingdonshire,2021-07-12,1.00,1.00,0.98,0.95,0.90,0.63,0.22,projected
Huntingdonshire,2021-07-13,1.00,0.98,0.95,0.91,0.85,0.55,0.20,projected
Huntingdonshire,2021-07-14,1.00,0.98,0.95,0.91,0.85,0.55,0.20,projected
Huntingdonshire,2021-07-15,1.00,0.98,0.95,0.91,0.85,0.55,0.20,projected
Huntingdonshire,2021-07-16,1.00,0.98,0.95,0.91,0.85,0.55,0.20,projected
Huntingdonshire,2021-07-17,1.00,0.98,0.95,0.91,0.85,0.55,0.20,projected
Huntingdonshire,2021-07-18,1.00,0.98,0.95,0.91,0.85,0.55,0.20,projected
Huntingdonshire,2021-07-19,1.00,0.98,0.95,0.91,0.85,0.55,0.20,projected
Huntingdonshire,2021-07-20,0.99,0.97,0.94,0.88,0.79,0.53,0.20,projected
Huntingdonshire,2021-07-21,0.99,0.97,0.94,0.88,0.79,0.53,0.20,projected
Huntingdonshire,2021-07-22,0.99,0.97,0.94,0.88,0.79,0.53,0.20,projected
Huntingdonshire,2021-07-23,0.99,0.97,0.94,0.88,0.79,0.53,0.20,projected
Huntingdonshire,2021-07-24,0.99,0.97,0.94,0.88,0.79,0.53,0.20,projected
Huntingdonshire,2021-07-25,0.99,0.97,0.94,0.88,0.79,0.53,0.20,projected
Huntingdonshire,2021-07-26,0.99,0.97,0.94,0.88,0.79,0.53,0.20,projected
Hyndburn,2021-03-23,0.39,0.16,0.05,0.01,0.00,0.00,0.00,inferred
Hyndburn,2021-03-24,0.39,0.16,0.05,0.01,0.00,0.00,0.00,inferred
Hyndburn,2021-03-25,0.39,0.16,0.05,0.01,0.00,0.00,0.00,inferred
Hyndburn,2021-03-26,0.39,0.16,0.05,0.01,0.00,0.00,0.00,inferred
Hyndburn,2021-03-27,0.39,0.16,0.05,0.01,0.00,0.00,0.00,inferred
Hyndburn,2021-03-28,0.39,0.16,0.05,0.01,0.00,0.00,0.00,inferred
Hyndburn,2021-03-29,0.39,0.16,0.05,0.01,0.00,0.00,0.00,inferred
Hyndburn,2021-03-30,0.68,0.44,0.21,0.08,0.02,0.00,0.00,inferred
Hyndburn,2021-03-31,0.68,0.44,0.21,0.08,0.02,0.00,0.00,inferred
Hyndburn,2021-04-01,0.68,0.44,0.21,0.08,0.02,0.00,0.00,inferred
Hyndburn,2021-04-02,0.68,0.44,0.21,0.08,0.02,0.00,0.00,inferred
Hyndburn,2021-04-03,0.68,0.44,0.21,0.08,0.02,0.00,0.00,inferred
Hyndburn,2021-04-04,0.68,0.44,0.21,0.08,0.02,0.00,0.00,inferred
Hyndburn,2021-04-05,0.68,0.44,0.21,0.08,0.02,0.00,0.00,inferred
Hyndburn,2021-04-06,0.58,0.36,0.18,0.08,0.03,0.00,0.00,inferred
Hyndburn,2021-04-07,0.58,0.36,0.18,0.08,0.03,0.00,0.00,inferred
Hyndburn,2021-04-08,0.58,0.36,0.18,0.08,0.03,0.00,0.00,inferred
Hyndburn,2021-04-09,0.58,0.36,0.18,0.08,0.03,0.00,0.00,inferred
Hyndburn,2021-04-10,0.58,0.36,0.18,0.08,0.03,0.00,0.00,inferred
Hyndburn,2021-04-11,0.58,0.36,0.18,0.08,0.03,0.00,0.00,inferred
Hyndburn,2021-04-12,0.58,0.36,0.18,0.08,0.03,0.00,0.00,inferred
Hyndburn,2021-04-13,1.00,0.99,0.96,0.90,0.77,0.28,0.01,inferred
Hyndburn,2021-04-14,1.00,0.99,0.96,0.90,0.77,0.28,0.01,inferred
Hyndburn,2021-04-15,1.00,0.99,0.96,0.90,0.77,0.28,0.01,inferred
Hyndburn,2021-04-16,1.00,0.99,0.96,0.90,0.77,0.28,0.01,inferred
Hyndburn,2021-04-17,1.00,0.99,0.96,0.90,0.77,0.28,0.01,inferred
Hyndburn,2021-04-18,1.00,0.99,0.96,0.90,0.77,0.28,0.01,inferred
Hyndburn,2021-04-19,1.00,0.99,0.96,0.90,0.77,0.28,0.01,inferred
Hyndburn,2021-04-20,0.99,0.95,0.84,0.68,0.52,0.14,0.00,inferred
Hyndburn,2021-04-21,0.99,0.95,0.84,0.68,0.52,0.14,0.00,inferred
Hyndburn,2021-04-22,0.99,0.95,0.84,0.68,0.52,0.14,0.00,inferred
Hyndburn,2021-04-23,0.99,0.95,0.84,0.68,0.52,0.14,0.00,inferred
Hyndburn,2021-04-24,0.99,0.95,0.84,0.68,0.52,0.14,0.00,inferred
Hyndburn,2021-04-25,0.99,0.95,0.84,0.68,0.52,0.14,0.00,inferred
Hyndburn,2021-04-26,0.99,0.95,0.84,0.68,0.52,0.14,0.00,inferred
Hyndburn,2021-04-27,0.53,0.29,0.14,0.06,0.02,0.00,0.00,inferred
Hyndburn,2021-04-28,0.53,0.29,0.14,0.06,0.02,0.00,0.00,inferred
Hyndburn,2021-04-29,0.53,0.29,0.14,0.06,0.02,0.00,0.00,inferred
Hyndburn,2021-04-30,0.53,0.29,0.14,0.06,0.02,0.00,0.00,inferred
Hyndburn,2021-05-01,0.53,0.29,0.14,0.06,0.02,0.00,0.00,inferred
Hyndburn,2021-05-02,0.53,0.29,0.14,0.06,0.02,0.00,0.00,inferred
Hyndburn,2021-05-03,0.53,0.29,0.14,0.06,0.02,0.00,0.00,inferred
Hyndburn,2021-05-04,0.96,0.86,0.68,0.48,0.29,0.03,0.00,inferred
Hyndburn,2021-05-05,0.96,0.86,0.68,0.48,0.29,0.03,0.00,inferred
Hyndburn,2021-05-06,0.96,0.86,0.68,0.48,0.29,0.03,0.00,inferred
Hyndburn,2021-05-07,0.96,0.86,0.68,0.48,0.29,0.03,0.00,inferred
Hyndburn,2021-05-08,0.96,0.86,0.68,0.48,0.29,0.03,0.00,inferred
Hyndburn,2021-05-09,0.96,0.86,0.68,0.48,0.29,0.03,0.00,inferred
Hyndburn,2021-05-10,0.96,0.86,0.68,0.48,0.29,0.03,0.00,inferred
Hyndburn,2021-05-11,1.00,1.00,1.00,1.00,0.98,0.79,0.11,inferred
Hyndburn,2021-05-12,1.00,1.00,1.00,1.00,0.98,0.79,0.11,inferred
Hyndburn,2021-05-13,1.00,1.00,1.00,1.00,0.98,0.79,0.11,inferred
Hyndburn,2021-05-14,1.00,1.00,1.00,1.00,0.98,0.79,0.11,inferred
Hyndburn,2021-05-15,1.00,1.00,1.00,1.00,0.98,0.79,0.11,inferred
Hyndburn,2021-05-16,1.00,1.00,1.00,1.00,0.98,0.79,0.11,inferred
Hyndburn,2021-05-17,1.00,1.00,1.00,1.00,0.98,0.79,0.11,inferred
Hyndburn,2021-05-18,1.00,1.00,1.00,1.00,1.00,0.91,0.35,inferred
Hyndburn,2021-05-19,1.00,1.00,1.00,1.00,1.00,0.91,0.35,inferred
Hyndburn,2021-05-20,1.00,1.00,1.00,1.00,1.00,0.91,0.35,inferred
Hyndburn,2021-05-21,1.00,1.00,1.00,1.00,1.00,0.91,0.35,inferred
Hyndburn,2021-05-22,1.00,1.00,1.00,1.00,1.00,0.91,0.35,inferred
Hyndburn,2021-05-23,1.00,1.00,1.00,1.00,1.00,0.91,0.35,inferred
Hyndburn,2021-05-24,1.00,1.00,1.00,1.00,1.00,0.91,0.35,inferred
Hyndburn,2021-05-25,1.00,1.00,1.00,1.00,1.00,0.95,0.39,inferred
Hyndburn,2021-05-26,1.00,1.00,1.00,1.00,1.00,0.95,0.39,inferred
Hyndburn,2021-05-27,1.00,1.00,1.00,1.00,1.00,0.95,0.39,inferred
Hyndburn,2021-05-28,1.00,1.00,1.00,1.00,1.00,0.95,0.39,inferred
Hyndburn,2021-05-29,1.00,1.00,1.00,1.00,1.00,0.95,0.39,inferred
Hyndburn,2021-05-30,1.00,1.00,1.00,1.00,1.00,0.95,0.39,inferred
Hyndburn,2021-05-31,1.00,1.00,1.00,1.00,1.00,0.95,0.39,inferred
Hyndburn,2021-06-01,1.00,1.00,0.99,0.92,0.77,0.20,0.00,inferred
Hyndburn,2021-06-02,1.00,1.00,0.99,0.92,0.77,0.20,0.00,inferred
Hyndburn,2021-06-03,1.00,1.00,0.99,0.92,0.77,0.20,0.00,inferred
Hyndburn,2021-06-04,1.00,1.00,0.99,0.92,0.77,0.20,0.00,inferred
Hyndburn,2021-06-05,1.00,1.00,0.99,0.92,0.77,0.20,0.00,inferred
Hyndburn,2021-06-06,1.00,1.00,0.99,0.92,0.77,0.20,0.00,inferred
Hyndburn,2021-06-07,1.00,1.00,0.99,0.92,0.77,0.20,0.00,inferred
Hyndburn,2021-06-08,1.00,0.95,0.75,0.37,0.13,0.00,0.00,inferred
Hyndburn,2021-06-09,1.00,0.95,0.75,0.37,0.13,0.00,0.00,inferred
Hyndburn,2021-06-10,1.00,0.95,0.75,0.37,0.13,0.00,0.00,inferred
Hyndburn,2021-06-11,1.00,0.95,0.75,0.37,0.13,0.00,0.00,inferred
Hyndburn,2021-06-12,1.00,0.95,0.75,0.37,0.13,0.00,0.00,inferred
Hyndburn,2021-06-13,1.00,0.95,0.75,0.37,0.13,0.00,0.00,inferred
Hyndburn,2021-06-14,1.00,0.95,0.75,0.37,0.13,0.00,0.00,inferred
Hyndburn,2021-06-15,1.00,1.00,0.99,0.94,0.70,0.03,0.00,inferred
Hyndburn,2021-06-16,1.00,1.00,0.99,0.94,0.70,0.03,0.00,inferred
Hyndburn,2021-06-17,1.00,1.00,0.99,0.94,0.70,0.03,0.00,inferred
Hyndburn,2021-06-18,1.00,1.00,0.99,0.94,0.70,0.03,0.00,inferred
Hyndburn,2021-06-19,1.00,1.00,0.99,0.94,0.70,0.03,0.00,inferred
Hyndburn,2021-06-20,1.00,1.00,0.99,0.94,0.70,0.03,0.00,inferred
Hyndburn,2021-06-21,1.00,1.00,0.99,0.94,0.70,0.03,0.00,inferred
Hyndburn,2021-06-22,1.00,0.98,0.81,0.43,0.14,0.00,0.00,inferred
Hyndburn,2021-06-23,1.00,0.98,0.81,0.43,0.14,0.00,0.00,inferred
Hyndburn,2021-06-24,1.00,0.98,0.81,0.43,0.14,0.00,0.00,inferred
Hyndburn,2021-06-25,1.00,0.98,0.81,0.43,0.14,0.00,0.00,inferred
Hyndburn,2021-06-26,1.00,0.98,0.81,0.43,0.14,0.00,0.00,inferred
Hyndburn,2021-06-27,1.00,0.98,0.81,0.43,0.14,0.00,0.00,inferred
Hyndburn,2021-06-28,1.00,0.98,0.81,0.43,0.14,0.00,0.00,inferred
Hyndburn,2021-06-29,0.78,0.56,0.32,0.16,0.06,0.00,0.00,inferred
Hyndburn,2021-06-30,0.78,0.56,0.32,0.16,0.06,0.00,0.00,inferred
Hyndburn,2021-07-01,0.78,0.56,0.32,0.16,0.06,0.00,0.00,inferred
Hyndburn,2021-07-02,0.78,0.56,0.32,0.16,0.06,0.00,0.00,inferred
Hyndburn,2021-07-03,0.78,0.56,0.32,0.16,0.06,0.00,0.00,inferred
Hyndburn,2021-07-04,0.78,0.56,0.32,0.16,0.06,0.00,0.00,inferred
Hyndburn,2021-07-05,0.78,0.56,0.32,0.16,0.06,0.00,0.00,inferred
Hyndburn,2021-07-06,0.66,0.50,0.35,0.23,0.17,0.04,0.00,projected
Hyndburn,2021-07-07,0.66,0.50,0.35,0.23,0.17,0.04,0.00,projected
Hyndburn,2021-07-08,0.66,0.50,0.35,0.23,0.17,0.04,0.00,projected
Hyndburn,2021-07-09,0.66,0.50,0.35,0.23,0.17,0.04,0.00,projected
Hyndburn,2021-07-10,0.66,0.50,0.35,0.23,0.17,0.04,0.00,projected
Hyndburn,2021-07-11,0.66,0.50,0.35,0.23,0.17,0.04,0.00,projected
Hyndburn,2021-07-12,0.66,0.50,0.35,0.23,0.17,0.04,0.00,projected
Hyndburn,2021-07-13,0.63,0.51,0.39,0.28,0.21,0.07,0.01,projected
Hyndburn,2021-07-14,0.63,0.51,0.39,0.28,0.21,0.07,0.01,projected
Hyndburn,2021-07-15,0.63,0.51,0.39,0.28,0.21,0.07,0.01,projected
Hyndburn,2021-07-16,0.63,0.51,0.39,0.28,0.21,0.07,0.01,projected
Hyndburn,2021-07-17,0.63,0.51,0.39,0.28,0.21,0.07,0.01,projected
Hyndburn,2021-07-18,0.63,0.51,0.39,0.28,0.21,0.07,0.01,projected
Hyndburn,2021-07-19,0.63,0.51,0.39,0.28,0.21,0.07,0.01,projected
Hyndburn,2021-07-20,0.65,0.52,0.40,0.31,0.24,0.11,0.03,projected
Hyndburn,2021-07-21,0.65,0.52,0.40,0.31,0.24,0.11,0.03,projected
Hyndburn,2021-07-22,0.65,0.52,0.40,0.31,0.24,0.11,0.03,projected
Hyndburn,2021-07-23,0.65,0.52,0.40,0.31,0.24,0.11,0.03,projected
Hyndburn,2021-07-24,0.65,0.52,0.40,0.31,0.24,0.11,0.03,projected
Hyndburn,2021-07-25,0.65,0.52,0.40,0.31,0.24,0.11,0.03,projected
Hyndburn,2021-07-26,0.65,0.52,0.40,0.31,0.24,0.11,0.03,projected
Inverclyde,2021-03-23,0.41,0.08,0.01,0.00,0.00,0.00,0.00,inferred
Inverclyde,2021-03-24,0.41,0.08,0.01,0.00,0.00,0.00,0.00,inferred
Inverclyde,2021-03-25,0.41,0.08,0.01,0.00,0.00,0.00,0.00,inferred
Inverclyde,2021-03-26,0.41,0.08,0.01,0.00,0.00,0.00,0.00,inferred
Inverclyde,2021-03-27,0.41,0.08,0.01,0.00,0.00,0.00,0.00,inferred
Inverclyde,2021-03-28,0.41,0.08,0.01,0.00,0.00,0.00,0.00,inferred
Inverclyde,2021-03-29,0.41,0.08,0.01,0.00,0.00,0.00,0.00,inferred
Inverclyde,2021-03-30,0.33,0.10,0.02,0.00,0.00,0.00,0.00,inferred
Inverclyde,2021-03-31,0.33,0.10,0.02,0.00,0.00,0.00,0.00,inferred
Inverclyde,2021-04-01,0.33,0.10,0.02,0.00,0.00,0.00,0.00,inferred
Inverclyde,2021-04-02,0.33,0.10,0.02,0.00,0.00,0.00,0.00,inferred
Inverclyde,2021-04-03,0.33,0.10,0.02,0.00,0.00,0.00,0.00,inferred
Inverclyde,2021-04-04,0.33,0.10,0.02,0.00,0.00,0.00,0.00,inferred
Inverclyde,2021-04-05,0.33,0.10,0.02,0.00,0.00,0.00,0.00,inferred
Inverclyde,2021-04-06,0.65,0.33,0.11,0.02,0.00,0.00,0.00,inferred
Inverclyde,2021-04-07,0.65,0.33,0.11,0.02,0.00,0.00,0.00,inferred
Inverclyde,2021-04-08,0.65,0.33,0.11,0.02,0.00,0.00,0.00,inferred
Inverclyde,2021-04-09,0.65,0.33,0.11,0.02,0.00,0.00,0.00,inferred
Inverclyde,2021-04-10,0.65,0.33,0.11,0.02,0.00,0.00,0.00,inferred
Inverclyde,2021-04-11,0.65,0.33,0.11,0.02,0.00,0.00,0.00,inferred
Inverclyde,2021-04-12,0.65,0.33,0.11,0.02,0.00,0.00,0.00,inferred
Inverclyde,2021-04-13,0.19,0.04,0.00,0.00,0.00,0.00,0.00,inferred
Inverclyde,2021-04-14,0.19,0.04,0.00,0.00,0.00,0.00,0.00,inferred
Inverclyde,2021-04-15,0.19,0.04,0.00,0.00,0.00,0.00,0.00,inferred
Inverclyde,2021-04-16,0.19,0.04,0.00,0.00,0.00,0.00,0.00,inferred
Inverclyde,2021-04-17,0.19,0.04,0.00,0.00,0.00,0.00,0.00,inferred
Inverclyde,2021-04-18,0.19,0.04,0.00,0.00,0.00,0.00,0.00,inferred
Inverclyde,2021-04-19,0.19,0.04,0.00,0.00,0.00,0.00,0.00,inferred
Inverclyde,2021-04-20,0.29,0.09,0.02,0.00,0.00,0.00,0.00,inferred
Inverclyde,2021-04-21,0.29,0.09,0.02,0.00,0.00,0.00,0.00,inferred
Inverclyde,2021-04-22,0.29,0.09,0.02,0.00,0.00,0.00,0.00,inferred
Inverclyde,2021-04-23,0.29,0.09,0.02,0.00,0.00,0.00,0.00,inferred
Inverclyde,2021-04-24,0.29,0.09,0.02,0.00,0.00,0.00,0.00,inferred
Inverclyde,2021-04-25,0.29,0.09,0.02,0.00,0.00,0.00,0.00,inferred
Inverclyde,2021-04-26,0.29,0.09,0.02,0.00,0.00,0.00,0.00,inferred
Inverclyde,2021-04-27,0.99,0.96,0.88,0.74,0.56,0.10,0.00,inferred
Inverclyde,2021-04-28,0.99,0.96,0.88,0.74,0.56,0.10,0.00,inferred
Inverclyde,2021-04-29,0.99,0.96,0.88,0.74,0.56,0.10,0.00,inferred
Inverclyde,2021-04-30,0.99,0.96,0.88,0.74,0.56,0.10,0.00,inferred
Inverclyde,2021-05-01,0.99,0.96,0.88,0.74,0.56,0.10,0.00,inferred
Inverclyde,2021-05-02,0.99,0.96,0.88,0.74,0.56,0.10,0.00,inferred
Inverclyde,2021-05-03,0.99,0.96,0.88,0.74,0.56,0.10,0.00,inferred
Inverclyde,2021-05-04,1.00,1.00,1.00,1.00,1.00,0.95,0.48,inferred
Inverclyde,2021-05-05,1.00,1.00,1.00,1.00,1.00,0.95,0.48,inferred
Inverclyde,2021-05-06,1.00,1.00,1.00,1.00,1.00,0.95,0.48,inferred
Inverclyde,2021-05-07,1.00,1.00,1.00,1.00,1.00,0.95,0.48,inferred
Inverclyde,2021-05-08,1.00,1.00,1.00,1.00,1.00,0.95,0.48,inferred
Inverclyde,2021-05-09,1.00,1.00,1.00,1.00,1.00,0.95,0.48,inferred
Inverclyde,2021-05-10,1.00,1.00,1.00,1.00,1.00,0.95,0.48,inferred
Inverclyde,2021-05-11,1.00,1.00,1.00,0.99,0.97,0.65,0.06,inferred
Inverclyde,2021-05-12,1.00,1.00,1.00,0.99,0.97,0.65,0.06,inferred
Inverclyde,2021-05-13,1.00,1.00,1.00,0.99,0.97,0.65,0.06,inferred
Inverclyde,2021-05-14,1.00,1.00,1.00,0.99,0.97,0.65,0.06,inferred
Inverclyde,2021-05-15,1.00,1.00,1.00,0.99,0.97,0.65,0.06,inferred
Inverclyde,2021-05-16,1.00,1.00,1.00,0.99,0.97,0.65,0.06,inferred
Inverclyde,2021-05-17,1.00,1.00,1.00,0.99,0.97,0.65,0.06,inferred
Inverclyde,2021-05-18,1.00,0.98,0.89,0.65,0.39,0.01,0.00,inferred
Inverclyde,2021-05-19,1.00,0.98,0.89,0.65,0.39,0.01,0.00,inferred
Inverclyde,2021-05-20,1.00,0.98,0.89,0.65,0.39,0.01,0.00,inferred
Inverclyde,2021-05-21,1.00,0.98,0.89,0.65,0.39,0.01,0.00,inferred
Inverclyde,2021-05-22,1.00,0.98,0.89,0.65,0.39,0.01,0.00,inferred
Inverclyde,2021-05-23,1.00,0.98,0.89,0.65,0.39,0.01,0.00,inferred
Inverclyde,2021-05-24,1.00,0.98,0.89,0.65,0.39,0.01,0.00,inferred
Inverclyde,2021-05-25,1.00,0.99,0.90,0.65,0.32,0.00,0.00,inferred
Inverclyde,2021-05-26,1.00,0.99,0.90,0.65,0.32,0.00,0.00,inferred
Inverclyde,2021-05-27,1.00,0.99,0.90,0.65,0.32,0.00,0.00,inferred
Inverclyde,2021-05-28,1.00,0.99,0.90,0.65,0.32,0.00,0.00,inferred
Inverclyde,2021-05-29,1.00,0.99,0.90,0.65,0.32,0.00,0.00,inferred
Inverclyde,2021-05-30,1.00,0.99,0.90,0.65,0.32,0.00,0.00,inferred
Inverclyde,2021-05-31,1.00,0.99,0.90,0.65,0.32,0.00,0.00,inferred
Inverclyde,2021-06-01,1.00,0.95,0.76,0.39,0.15,0.00,0.00,inferred
Inverclyde,2021-06-02,1.00,0.95,0.76,0.39,0.15,0.00,0.00,inferred
Inverclyde,2021-06-03,1.00,0.95,0.76,0.39,0.15,0.00,0.00,inferred
Inverclyde,2021-06-04,1.00,0.95,0.76,0.39,0.15,0.00,0.00,inferred
Inverclyde,2021-06-05,1.00,0.95,0.76,0.39,0.15,0.00,0.00,inferred
Inverclyde,2021-06-06,1.00,0.95,0.76,0.39,0.15,0.00,0.00,inferred
Inverclyde,2021-06-07,1.00,0.95,0.76,0.39,0.15,0.00,0.00,inferred
Inverclyde,2021-06-08,1.00,0.98,0.89,0.60,0.27,0.00,0.00,inferred
Inverclyde,2021-06-09,1.00,0.98,0.89,0.60,0.27,0.00,0.00,inferred
Inverclyde,2021-06-10,1.00,0.98,0.89,0.60,0.27,0.00,0.00,inferred
Inverclyde,2021-06-11,1.00,0.98,0.89,0.60,0.27,0.00,0.00,inferred
Inverclyde,2021-06-12,1.00,0.98,0.89,0.60,0.27,0.00,0.00,inferred
Inverclyde,2021-06-13,1.00,0.98,0.89,0.60,0.27,0.00,0.00,inferred
Inverclyde,2021-06-14,1.00,0.98,0.89,0.60,0.27,0.00,0.00,inferred
Inverclyde,2021-06-15,1.00,1.00,1.00,1.00,1.00,1.00,0.66,inferred
Inverclyde,2021-06-16,1.00,1.00,1.00,1.00,1.00,1.00,0.66,inferred
Inverclyde,2021-06-17,1.00,1.00,1.00,1.00,1.00,1.00,0.66,inferred
Inverclyde,2021-06-18,1.00,1.00,1.00,1.00,1.00,1.00,0.66,inferred
Inverclyde,2021-06-19,1.00,1.00,1.00,1.00,1.00,1.00,0.66,inferred
Inverclyde,2021-06-20,1.00,1.00,1.00,1.00,1.00,1.00,0.66,inferred
Inverclyde,2021-06-21,1.00,1.00,1.00,1.00,1.00,1.00,0.66,inferred
Inverclyde,2021-06-22,1.00,1.00,1.00,1.00,1.00,0.77,0.10,inferred
Inverclyde,2021-06-23,1.00,1.00,1.00,1.00,1.00,0.77,0.10,inferred
Inverclyde,2021-06-24,1.00,1.00,1.00,1.00,1.00,0.77,0.10,inferred
Inverclyde,2021-06-25,1.00,1.00,1.00,1.00,1.00,0.77,0.10,inferred
Inverclyde,2021-06-26,1.00,1.00,1.00,1.00,1.00,0.77,0.10,inferred
Inverclyde,2021-06-27,1.00,1.00,1.00,1.00,1.00,0.77,0.10,inferred
Inverclyde,2021-06-28,1.00,1.00,1.00,1.00,1.00,0.77,0.10,inferred
Inverclyde,2021-06-29,0.10,0.03,0.01,0.00,0.00,0.00,0.00,inferred
Inverclyde,2021-06-30,0.10,0.03,0.01,0.00,0.00,0.00,0.00,inferred
Inverclyde,2021-07-01,0.10,0.03,0.01,0.00,0.00,0.00,0.00,inferred
Inverclyde,2021-07-02,0.10,0.03,0.01,0.00,0.00,0.00,0.00,inferred
Inverclyde,2021-07-03,0.10,0.03,0.01,0.00,0.00,0.00,0.00,inferred
Inverclyde,2021-07-04,0.10,0.03,0.01,0.00,0.00,0.00,0.00,inferred
Inverclyde,2021-07-05,0.10,0.03,0.01,0.00,0.00,0.00,0.00,inferred
Inverclyde,2021-07-06,0.30,0.21,0.15,0.10,0.07,0.03,0.01,projected
Inverclyde,2021-07-07,0.30,0.21,0.15,0.10,0.07,0.03,0.01,projected
Inverclyde,2021-07-08,0.30,0.21,0.15,0.10,0.07,0.03,0.01,projected
Inverclyde,2021-07-09,0.30,0.21,0.15,0.10,0.07,0.03,0.01,projected
Inverclyde,2021-07-10,0.30,0.21,0.15,0.10,0.07,0.03,0.01,projected
Inverclyde,2021-07-11,0.30,0.21,0.15,0.10,0.07,0.03,0.01,projected
Inverclyde,2021-07-12,0.30,0.21,0.15,0.10,0.07,0.03,0.01,projected
Inverclyde,2021-07-13,0.36,0.28,0.22,0.18,0.14,0.07,0.02,projected
Inverclyde,2021-07-14,0.36,0.28,0.22,0.18,0.14,0.07,0.02,projected
Inverclyde,2021-07-15,0.36,0.28,0.22,0.18,0.14,0.07,0.02,projected
Inverclyde,2021-07-16,0.36,0.28,0.22,0.18,0.14,0.07,0.02,projected
Inverclyde,2021-07-17,0.36,0.28,0.22,0.18,0.14,0.07,0.02,projected
Inverclyde,2021-07-18,0.36,0.28,0.22,0.18,0.14,0.07,0.02,projected
Inverclyde,2021-07-19,0.36,0.28,0.22,0.18,0.14,0.07,0.02,projected
Inverclyde,2021-07-20,0.42,0.34,0.30,0.24,0.20,0.12,0.06,projected
Inverclyde,2021-07-21,0.42,0.34,0.30,0.24,0.20,0.12,0.06,projected
Inverclyde,2021-07-22,0.42,0.34,0.30,0.24,0.20,0.12,0.06,projected
Inverclyde,2021-07-23,0.42,0.34,0.30,0.24,0.20,0.12,0.06,projected
Inverclyde,2021-07-24,0.42,0.34,0.30,0.24,0.20,0.12,0.06,projected
Inverclyde,2021-07-25,0.42,0.34,0.30,0.24,0.20,0.12,0.06,projected
Inverclyde,2021-07-26,0.42,0.34,0.30,0.24,0.20,0.12,0.06,projected
Ipswich,2021-03-23,0.53,0.18,0.03,0.00,0.00,0.00,0.00,inferred
Ipswich,2021-03-24,0.53,0.18,0.03,0.00,0.00,0.00,0.00,inferred
Ipswich,2021-03-25,0.53,0.18,0.03,0.00,0.00,0.00,0.00,inferred
Ipswich,2021-03-26,0.53,0.18,0.03,0.00,0.00,0.00,0.00,inferred
Ipswich,2021-03-27,0.53,0.18,0.03,0.00,0.00,0.00,0.00,inferred
Ipswich,2021-03-28,0.53,0.18,0.03,0.00,0.00,0.00,0.00,inferred
Ipswich,2021-03-29,0.53,0.18,0.03,0.00,0.00,0.00,0.00,inferred
Ipswich,2021-03-30,0.65,0.33,0.12,0.02,0.00,0.00,0.00,inferred
Ipswich,2021-03-31,0.65,0.33,0.12,0.02,0.00,0.00,0.00,inferred
Ipswich,2021-04-01,0.65,0.33,0.12,0.02,0.00,0.00,0.00,inferred
Ipswich,2021-04-02,0.65,0.33,0.12,0.02,0.00,0.00,0.00,inferred
Ipswich,2021-04-03,0.65,0.33,0.12,0.02,0.00,0.00,0.00,inferred
Ipswich,2021-04-04,0.65,0.33,0.12,0.02,0.00,0.00,0.00,inferred
Ipswich,2021-04-05,0.65,0.33,0.12,0.02,0.00,0.00,0.00,inferred
Ipswich,2021-04-06,0.40,0.14,0.03,0.01,0.00,0.00,0.00,inferred
Ipswich,2021-04-07,0.40,0.14,0.03,0.01,0.00,0.00,0.00,inferred
Ipswich,2021-04-08,0.40,0.14,0.03,0.01,0.00,0.00,0.00,inferred
Ipswich,2021-04-09,0.40,0.14,0.03,0.01,0.00,0.00,0.00,inferred
Ipswich,2021-04-10,0.40,0.14,0.03,0.01,0.00,0.00,0.00,inferred
Ipswich,2021-04-11,0.40,0.14,0.03,0.01,0.00,0.00,0.00,inferred
Ipswich,2021-04-12,0.40,0.14,0.03,0.01,0.00,0.00,0.00,inferred
Ipswich,2021-04-13,0.37,0.16,0.04,0.01,0.00,0.00,0.00,inferred
Ipswich,2021-04-14,0.37,0.16,0.04,0.01,0.00,0.00,0.00,inferred
Ipswich,2021-04-15,0.37,0.16,0.04,0.01,0.00,0.00,0.00,inferred
Ipswich,2021-04-16,0.37,0.16,0.04,0.01,0.00,0.00,0.00,inferred
Ipswich,2021-04-17,0.37,0.16,0.04,0.01,0.00,0.00,0.00,inferred
Ipswich,2021-04-18,0.37,0.16,0.04,0.01,0.00,0.00,0.00,inferred
Ipswich,2021-04-19,0.37,0.16,0.04,0.01,0.00,0.00,0.00,inferred
Ipswich,2021-04-20,0.11,0.02,0.00,0.00,0.00,0.00,0.00,inferred
Ipswich,2021-04-21,0.11,0.02,0.00,0.00,0.00,0.00,0.00,inferred
Ipswich,2021-04-22,0.11,0.02,0.00,0.00,0.00,0.00,0.00,inferred
Ipswich,2021-04-23,0.11,0.02,0.00,0.00,0.00,0.00,0.00,inferred
Ipswich,2021-04-24,0.11,0.02,0.00,0.00,0.00,0.00,0.00,inferred
Ipswich,2021-04-25,0.11,0.02,0.00,0.00,0.00,0.00,0.00,inferred
Ipswich,2021-04-26,0.11,0.02,0.00,0.00,0.00,0.00,0.00,inferred
Ipswich,2021-04-27,0.10,0.03,0.01,0.00,0.00,0.00,0.00,inferred
Ipswich,2021-04-28,0.10,0.03,0.01,0.00,0.00,0.00,0.00,inferred
Ipswich,2021-04-29,0.10,0.03,0.01,0.00,0.00,0.00,0.00,inferred
Ipswich,2021-04-30,0.10,0.03,0.01,0.00,0.00,0.00,0.00,inferred
Ipswich,2021-05-01,0.10,0.03,0.01,0.00,0.00,0.00,0.00,inferred
Ipswich,2021-05-02,0.10,0.03,0.01,0.00,0.00,0.00,0.00,inferred
Ipswich,2021-05-03,0.10,0.03,0.01,0.00,0.00,0.00,0.00,inferred
Ipswich,2021-05-04,0.24,0.11,0.04,0.01,0.01,0.00,0.00,inferred
Ipswich,2021-05-05,0.24,0.11,0.04,0.01,0.01,0.00,0.00,inferred
Ipswich,2021-05-06,0.24,0.11,0.04,0.01,0.01,0.00,0.00,inferred
Ipswich,2021-05-07,0.24,0.11,0.04,0.01,0.01,0.00,0.00,inferred
Ipswich,2021-05-08,0.24,0.11,0.04,0.01,0.01,0.00,0.00,inferred
Ipswich,2021-05-09,0.24,0.11,0.04,0.01,0.01,0.00,0.00,inferred
Ipswich,2021-05-10,0.24,0.11,0.04,0.01,0.01,0.00,0.00,inferred
Ipswich,2021-05-11,0.44,0.26,0.14,0.06,0.02,0.00,0.00,inferred
Ipswich,2021-05-12,0.44,0.26,0.14,0.06,0.02,0.00,0.00,inferred
Ipswich,2021-05-13,0.44,0.26,0.14,0.06,0.02,0.00,0.00,inferred
Ipswich,2021-05-14,0.44,0.26,0.14,0.06,0.02,0.00,0.00,inferred
Ipswich,2021-05-15,0.44,0.26,0.14,0.06,0.02,0.00,0.00,inferred
Ipswich,2021-05-16,0.44,0.26,0.14,0.06,0.02,0.00,0.00,inferred
Ipswich,2021-05-17,0.44,0.26,0.14,0.06,0.02,0.00,0.00,inferred
Ipswich,2021-05-18,0.48,0.30,0.17,0.09,0.04,0.00,0.00,inferred
Ipswich,2021-05-19,0.48,0.30,0.17,0.09,0.04,0.00,0.00,inferred
Ipswich,2021-05-20,0.48,0.30,0.17,0.09,0.04,0.00,0.00,inferred
Ipswich,2021-05-21,0.48,0.30,0.17,0.09,0.04,0.00,0.00,inferred
Ipswich,2021-05-22,0.48,0.30,0.17,0.09,0.04,0.00,0.00,inferred
Ipswich,2021-05-23,0.48,0.30,0.17,0.09,0.04,0.00,0.00,inferred
Ipswich,2021-05-24,0.48,0.30,0.17,0.09,0.04,0.00,0.00,inferred
Ipswich,2021-05-25,0.92,0.83,0.72,0.58,0.44,0.12,0.00,inferred
Ipswich,2021-05-26,0.92,0.83,0.72,0.58,0.44,0.12,0.00,inferred
Ipswich,2021-05-27,0.92,0.83,0.72,0.58,0.44,0.12,0.00,inferred
Ipswich,2021-05-28,0.92,0.83,0.72,0.58,0.44,0.12,0.00,inferred
Ipswich,2021-05-29,0.92,0.83,0.72,0.58,0.44,0.12,0.00,inferred
Ipswich,2021-05-30,0.92,0.83,0.72,0.58,0.44,0.12,0.00,inferred
Ipswich,2021-05-31,0.92,0.83,0.72,0.58,0.44,0.12,0.00,inferred
Ipswich,2021-06-01,0.97,0.93,0.87,0.79,0.67,0.31,0.04,inferred
Ipswich,2021-06-02,0.97,0.93,0.87,0.79,0.67,0.31,0.04,inferred
Ipswich,2021-06-03,0.97,0.93,0.87,0.79,0.67,0.31,0.04,inferred
Ipswich,2021-06-04,0.97,0.93,0.87,0.79,0.67,0.31,0.04,inferred
Ipswich,2021-06-05,0.97,0.93,0.87,0.79,0.67,0.31,0.04,inferred
Ipswich,2021-06-06,0.97,0.93,0.87,0.79,0.67,0.31,0.04,inferred
Ipswich,2021-06-07,0.97,0.93,0.87,0.79,0.67,0.31,0.04,inferred
Ipswich,2021-06-08,1.00,1.00,0.99,0.97,0.93,0.67,0.18,inferred
Ipswich,2021-06-09,1.00,1.00,0.99,0.97,0.93,0.67,0.18,inferred
Ipswich,2021-06-10,1.00,1.00,0.99,0.97,0.93,0.67,0.18,inferred
Ipswich,2021-06-11,1.00,1.00,0.99,0.97,0.93,0.67,0.18,inferred
Ipswich,2021-06-12,1.00,1.00,0.99,0.97,0.93,0.67,0.18,inferred
Ipswich,2021-06-13,1.00,1.00,0.99,0.97,0.93,0.67,0.18,inferred
Ipswich,2021-06-14,1.00,1.00,0.99,0.97,0.93,0.67,0.18,inferred
Ipswich,2021-06-15,1.00,1.00,1.00,0.99,0.98,0.80,0.28,inferred
Ipswich,2021-06-16,1.00,1.00,1.00,0.99,0.98,0.80,0.28,inferred
Ipswich,2021-06-17,1.00,1.00,1.00,0.99,0.98,0.80,0.28,inferred
Ipswich,2021-06-18,1.00,1.00,1.00,0.99,0.98,0.80,0.28,inferred
Ipswich,2021-06-19,1.00,1.00,1.00,0.99,0.98,0.80,0.28,inferred
Ipswich,2021-06-20,1.00,1.00,1.00,0.99,0.98,0.80,0.28,inferred
Ipswich,2021-06-21,1.00,1.00,1.00,0.99,0.98,0.80,0.28,inferred
Ipswich,2021-06-22,1.00,1.00,1.00,1.00,1.00,1.00,0.92,inferred
Ipswich,2021-06-23,1.00,1.00,1.00,1.00,1.00,1.00,0.92,inferred
Ipswich,2021-06-24,1.00,1.00,1.00,1.00,1.00,1.00,0.92,inferred
Ipswich,2021-06-25,1.00,1.00,1.00,1.00,1.00,1.00,0.92,inferred
Ipswich,2021-06-26,1.00,1.00,1.00,1.00,1.00,1.00,0.92,inferred
Ipswich,2021-06-27,1.00,1.00,1.00,1.00,1.00,1.00,0.92,inferred
Ipswich,2021-06-28,1.00,1.00,1.00,1.00,1.00,1.00,0.92,inferred
Ipswich,2021-06-29,1.00,1.00,1.00,1.00,1.00,0.99,0.83,inferred
Ipswich,2021-06-30,1.00,1.00,1.00,1.00,1.00,0.99,0.83,inferred
Ipswich,2021-07-01,1.00,1.00,1.00,1.00,1.00,0.99,0.83,inferred
Ipswich,2021-07-02,1.00,1.00,1.00,1.00,1.00,0.99,0.83,inferred
Ipswich,2021-07-03,1.00,1.00,1.00,1.00,1.00,0.99,0.83,inferred
Ipswich,2021-07-04,1.00,1.00,1.00,1.00,1.00,0.99,0.83,inferred
Ipswich,2021-07-05,1.00,1.00,1.00,1.00,1.00,0.99,0.83,inferred
Ipswich,2021-07-06,1.00,1.00,1.00,1.00,0.99,0.91,0.62,projected
Ipswich,2021-07-07,1.00,1.00,1.00,1.00,0.99,0.91,0.62,projected
Ipswich,2021-07-08,1.00,1.00,1.00,1.00,0.99,0.91,0.62,projected
Ipswich,2021-07-09,1.00,1.00,1.00,1.00,0.99,0.91,0.62,projected
Ipswich,2021-07-10,1.00,1.00,1.00,1.00,0.99,0.91,0.62,projected
Ipswich,2021-07-11,1.00,1.00,1.00,1.00,0.99,0.91,0.62,projected
Ipswich,2021-07-12,1.00,1.00,1.00,1.00,0.99,0.91,0.62,projected
Ipswich,2021-07-13,1.00,1.00,0.99,0.98,0.96,0.84,0.53,projected
Ipswich,2021-07-14,1.00,1.00,0.99,0.98,0.96,0.84,0.53,projected
Ipswich,2021-07-15,1.00,1.00,0.99,0.98,0.96,0.84,0.53,projected
Ipswich,2021-07-16,1.00,1.00,0.99,0.98,0.96,0.84,0.53,projected
Ipswich,2021-07-17,1.00,1.00,0.99,0.98,0.96,0.84,0.53,projected
Ipswich,2021-07-18,1.00,1.00,0.99,0.98,0.96,0.84,0.53,projected
Ipswich,2021-07-19,1.00,1.00,0.99,0.98,0.96,0.84,0.53,projected
Ipswich,2021-07-20,1.00,0.99,0.99,0.97,0.93,0.77,0.46,projected
Ipswich,2021-07-21,1.00,0.99,0.99,0.97,0.93,0.77,0.46,projected
Ipswich,2021-07-22,1.00,0.99,0.99,0.97,0.93,0.77,0.46,projected
Ipswich,2021-07-23,1.00,0.99,0.99,0.97,0.93,0.77,0.46,projected
Ipswich,2021-07-24,1.00,0.99,0.99,0.97,0.93,0.77,0.46,projected
Ipswich,2021-07-25,1.00,0.99,0.99,0.97,0.93,0.77,0.46,projected
Ipswich,2021-07-26,1.00,0.99,0.99,0.97,0.93,0.77,0.46,projected
Isle of Anglesey,2021-03-23,0.00,0.00,0.00,0.00,0.00,0.00,0.00,inferred
Isle of Anglesey,2021-03-24,0.00,0.00,0.00,0.00,0.00,0.00,0.00,inferred
Isle of Anglesey,2021-03-25,0.00,0.00,0.00,0.00,0.00,0.00,0.00,inferred
Isle of Anglesey,2021-03-26,0.00,0.00,0.00,0.00,0.00,0.00,0.00,inferred
Isle of Anglesey,2021-03-27,0.00,0.00,0.00,0.00,0.00,0.00,0.00,inferred
Isle of Anglesey,2021-03-28,0.00,0.00,0.00,0.00,0.00,0.00,0.00,inferred
Isle of Anglesey,2021-03-29,0.00,0.00,0.00,0.00,0.00,0.00,0.00,inferred
Isle of Anglesey,2021-03-30,0.01,0.00,0.00,0.00,0.00,0.00,0.00,inferred
Isle of Anglesey,2021-03-31,0.01,0.00,0.00,0.00,0.00,0.00,0.00,inferred
Isle of Anglesey,2021-04-01,0.01,0.00,0.00,0.00,0.00,0.00,0.00,inferred
Isle of Anglesey,2021-04-02,0.01,0.00,0.00,0.00,0.00,0.00,0.00,inferred
Isle of Anglesey,2021-04-03,0.01,0.00,0.00,0.00,0.00,0.00,0.00,inferred
Isle of Anglesey,2021-04-04,0.01,0.00,0.00,0.00,0.00,0.00,0.00,inferred
Isle of Anglesey,2021-04-05,0.01,0.00,0.00,0.00,0.00,0.00,0.00,inferred
Isle of Anglesey,2021-04-06,0.05,0.02,0.01,0.00,0.00,0.00,0.00,inferred
Isle of Anglesey,2021-04-07,0.05,0.02,0.01,0.00,0.00,0.00,0.00,inferred
Isle of Anglesey,2021-04-08,0.05,0.02,0.01,0.00,0.00,0.00,0.00,inferred
Isle of Anglesey,2021-04-09,0.05,0.02,0.01,0.00,0.00,0.00,0.00,inferred
Isle of Anglesey,2021-04-10,0.05,0.02,0.01,0.00,0.00,0.00,0.00,inferred
Isle of Anglesey,2021-04-11,0.05,0.02,0.01,0.00,0.00,0.00,0.00,inferred
Isle of Anglesey,2021-04-12,0.05,0.02,0.01,0.00,0.00,0.00,0.00,inferred
Isle of Anglesey,2021-04-13,0.17,0.08,0.04,0.01,0.00,0.00,0.00,inferred
Isle of Anglesey,2021-04-14,0.17,0.08,0.04,0.01,0.00,0.00,0.00,inferred
Isle of Anglesey,2021-04-15,0.17,0.08,0.04,0.01,0.00,0.00,0.00,inferred
Isle of Anglesey,2021-04-16,0.17,0.08,0.04,0.01,0.00,0.00,0.00,inferred
Isle of Anglesey,2021-04-17,0.17,0.08,0.04,0.01,0.00,0.00,0.00,inferred
Isle of Anglesey,2021-04-18,0.17,0.08,0.04,0.01,0.00,0.00,0.00,inferred
Isle of Anglesey,2021-04-19,0.17,0.08,0.04,0.01,0.00,0.00,0.00,inferred
Isle of Anglesey,2021-04-20,0.36,0.21,0.12,0.07,0.03,0.00,0.00,inferred
Isle of Anglesey,2021-04-21,0.36,0.21,0.12,0.07,0.03,0.00,0.00,inferred
Isle of Anglesey,2021-04-22,0.36,0.21,0.12,0.07,0.03,0.00,0.00,inferred
Isle of Anglesey,2021-04-23,0.36,0.21,0.12,0.07,0.03,0.00,0.00,inferred
Isle of Anglesey,2021-04-24,0.36,0.21,0.12,0.07,0.03,0.00,0.00,inferred
Isle of Anglesey,2021-04-25,0.36,0.21,0.12,0.07,0.03,0.00,0.00,inferred
Isle of Anglesey,2021-04-26,0.36,0.21,0.12,0.07,0.03,0.00,0.00,inferred
Isle of Anglesey,2021-04-27,0.50,0.35,0.23,0.14,0.09,0.01,0.00,inferred
Isle of Anglesey,2021-04-28,0.50,0.35,0.23,0.14,0.09,0.01,0.00,inferred
Isle of Anglesey,2021-04-29,0.50,0.35,0.23,0.14,0.09,0.01,0.00,inferred
Isle of Anglesey,2021-04-30,0.50,0.35,0.23,0.14,0.09,0.01,0.00,inferred
Isle of Anglesey,2021-05-01,0.50,0.35,0.23,0.14,0.09,0.01,0.00,inferred
Isle of Anglesey,2021-05-02,0.50,0.35,0.23,0.14,0.09,0.01,0.00,inferred
Isle of Anglesey,2021-05-03,0.50,0.35,0.23,0.14,0.09,0.01,0.00,inferred
Isle of Anglesey,2021-05-04,0.77,0.64,0.51,0.40,0.29,0.09,0.01,inferred
Isle of Anglesey,2021-05-05,0.77,0.64,0.51,0.40,0.29,0.09,0.01,inferred
Isle of Anglesey,2021-05-06,0.77,0.64,0.51,0.40,0.29,0.09,0.01,inferred
Isle of Anglesey,2021-05-07,0.77,0.64,0.51,0.40,0.29,0.09,0.01,inferred
Isle of Anglesey,2021-05-08,0.77,0.64,0.51,0.40,0.29,0.09,0.01,inferred
Isle of Anglesey,2021-05-09,0.77,0.64,0.51,0.40,0.29,0.09,0.01,inferred
Isle of Anglesey,2021-05-10,0.77,0.64,0.51,0.40,0.29,0.09,0.01,inferred
Isle of Anglesey,2021-05-11,0.90,0.83,0.73,0.60,0.50,0.20,0.03,inferred
Isle of Anglesey,2021-05-12,0.90,0.83,0.73,0.60,0.50,0.20,0.03,inferred
Isle of Anglesey,2021-05-13,0.90,0.83,0.73,0.60,0.50,0.20,0.03,inferred
Isle of Anglesey,2021-05-14,0.90,0.83,0.73,0.60,0.50,0.20,0.03,inferred
Isle of Anglesey,2021-05-15,0.90,0.83,0.73,0.60,0.50,0.20,0.03,inferred
Isle of Anglesey,2021-05-16,0.90,0.83,0.73,0.60,0.50,0.20,0.03,inferred
Isle of Anglesey,2021-05-17,0.90,0.83,0.73,0.60,0.50,0.20,0.03,inferred
Isle of Anglesey,2021-05-18,0.87,0.78,0.65,0.53,0.42,0.15,0.02,inferred
Isle of Anglesey,2021-05-19,0.87,0.78,0.65,0.53,0.42,0.15,0.02,inferred
Isle of Anglesey,2021-05-20,0.87,0.78,0.65,0.53,0.42,0.15,0.02,inferred
Isle of Anglesey,2021-05-21,0.87,0.78,0.65,0.53,0.42,0.15,0.02,inferred
Isle of Anglesey,2021-05-22,0.87,0.78,0.65,0.53,0.42,0.15,0.02,inferred
Isle of Anglesey,2021-05-23,0.87,0.78,0.65,0.53,0.42,0.15,0.02,inferred
Isle of Anglesey,2021-05-24,0.87,0.78,0.65,0.53,0.42,0.15,0.02,inferred
Isle of Anglesey,2021-05-25,0.99,0.98,0.96,0.93,0.87,0.63,0.23,inferred
Isle of Anglesey,2021-05-26,0.99,0.98,0.96,0.93,0.87,0.63,0.23,inferred
Isle of Anglesey,2021-05-27,0.99,0.98,0.96,0.93,0.87,0.63,0.23,inferred
Isle of Anglesey,2021-05-28,0.99,0.98,0.96,0.93,0.87,0.63,0.23,inferred
Isle of Anglesey,2021-05-29,0.99,0.98,0.96,0.93,0.87,0.63,0.23,inferred
Isle of Anglesey,2021-05-30,0.99,0.98,0.96,0.93,0.87,0.63,0.23,inferred
Isle of Anglesey,2021-05-31,0.99,0.98,0.96,0.93,0.87,0.63,0.23,inferred
Isle of Anglesey,2021-06-01,1.00,1.00,0.99,0.97,0.93,0.74,0.31,inferred
Isle of Anglesey,2021-06-02,1.00,1.00,0.99,0.97,0.93,0.74,0.31,inferred
Isle of Anglesey,2021-06-03,1.00,1.00,0.99,0.97,0.93,0.74,0.31,inferred
Isle of Anglesey,2021-06-04,1.00,1.00,0.99,0.97,0.93,0.74,0.31,inferred
Isle of Anglesey,2021-06-05,1.00,1.00,0.99,0.97,0.93,0.74,0.31,inferred
Isle of Anglesey,2021-06-06,1.00,1.00,0.99,0.97,0.93,0.74,0.31,inferred
Isle of Anglesey,2021-06-07,1.00,1.00,0.99,0.97,0.93,0.74,0.31,inferred
Isle of Anglesey,2021-06-08,1.00,1.00,0.98,0.96,0.92,0.67,0.22,inferred
Isle of Anglesey,2021-06-09,1.00,1.00,0.98,0.96,0.92,0.67,0.22,inferred
Isle of Anglesey,2021-06-10,1.00,1.00,0.98,0.96,0.92,0.67,0.22,inferred
Isle of Anglesey,2021-06-11,1.00,1.00,0.98,0.96,0.92,0.67,0.22,inferred
Isle of Anglesey,2021-06-12,1.00,1.00,0.98,0.96,0.92,0.67,0.22,inferred
Isle of Anglesey,2021-06-13,1.00,1.00,0.98,0.96,0.92,0.67,0.22,inferred
Isle of Anglesey,2021-06-14,1.00,1.00,0.98,0.96,0.92,0.67,0.22,inferred
Isle of Anglesey,2021-06-15,1.00,1.00,1.00,1.00,1.00,0.98,0.73,inferred
Isle of Anglesey,2021-06-16,1.00,1.00,1.00,1.00,1.00,0.98,0.73,inferred
Isle of Anglesey,2021-06-17,1.00,1.00,1.00,1.00,1.00,0.98,0.73,inferred
Isle of Anglesey,2021-06-18,1.00,1.00,1.00,1.00,1.00,0.98,0.73,inferred
Isle of Anglesey,2021-06-19,1.00,1.00,1.00,1.00,1.00,0.98,0.73,inferred
Isle of Anglesey,2021-06-20,1.00,1.00,1.00,1.00,1.00,0.98,0.73,inferred
Isle of Anglesey,2021-06-21,1.00,1.00,1.00,1.00,1.00,0.98,0.73,inferred
Isle of Anglesey,2021-06-22,1.00,1.00,1.00,1.00,0.99,0.82,0.29,inferred
Isle of Anglesey,2021-06-23,1.00,1.00,1.00,1.00,0.99,0.82,0.29,inferred
Isle of Anglesey,2021-06-24,1.00,1.00,1.00,1.00,0.99,0.82,0.29,inferred
Isle of Anglesey,2021-06-25,1.00,1.00,1.00,1.00,0.99,0.82,0.29,inferred
Isle of Anglesey,2021-06-26,1.00,1.00,1.00,1.00,0.99,0.82,0.29,inferred
Isle of Anglesey,2021-06-27,1.00,1.00,1.00,1.00,0.99,0.82,0.29,inferred
Isle of Anglesey,2021-06-28,1.00,1.00,1.00,1.00,0.99,0.82,0.29,inferred
Isle of Anglesey,2021-06-29,0.98,0.95,0.88,0.79,0.68,0.36,0.07,inferred
Isle of Anglesey,2021-06-30,0.98,0.95,0.88,0.79,0.68,0.36,0.07,inferred
Isle of Anglesey,2021-07-01,0.98,0.95,0.88,0.79,0.68,0.36,0.07,inferred
Isle of Anglesey,2021-07-02,0.98,0.95,0.88,0.79,0.68,0.36,0.07,inferred
Isle of Anglesey,2021-07-03,0.98,0.95,0.88,0.79,0.68,0.36,0.07,inferred
Isle of Anglesey,2021-07-04,0.98,0.95,0.88,0.79,0.68,0.36,0.07,inferred
Isle of Anglesey,2021-07-05,0.98,0.95,0.88,0.79,0.68,0.36,0.07,inferred
Isle of Anglesey,2021-07-06,0.93,0.87,0.79,0.70,0.60,0.36,0.14,projected
Isle of Anglesey,2021-07-07,0.93,0.87,0.79,0.70,0.60,0.36,0.14,projected
Isle of Anglesey,2021-07-08,0.93,0.87,0.79,0.70,0.60,0.36,0.14,projected
Isle of Anglesey,2021-07-09,0.93,0.87,0.79,0.70,0.60,0.36,0.14,projected
Isle of Anglesey,2021-07-10,0.93,0.87,0.79,0.70,0.60,0.36,0.14,projected
Isle of Anglesey,2021-07-11,0.93,0.87,0.79,0.70,0.60,0.36,0.14,projected
Isle of Anglesey,2021-07-12,0.93,0.87,0.79,0.70,0.60,0.36,0.14,projected
Isle of Anglesey,2021-07-13,0.90,0.83,0.76,0.69,0.60,0.37,0.16,projected
Isle of Anglesey,2021-07-14,0.90,0.83,0.76,0.69,0.60,0.37,0.16,projected
Isle of Anglesey,2021-07-15,0.90,0.83,0.76,0.69,0.60,0.37,0.16,projected
Isle of Anglesey,2021-07-16,0.90,0.83,0.76,0.69,0.60,0.37,0.16,projected
Isle of Anglesey,2021-07-17,0.90,0.83,0.76,0.69,0.60,0.37,0.16,projected
Isle of Anglesey,2021-07-18,0.90,0.83,0.76,0.69,0.60,0.37,0.16,projected
Isle of Anglesey,2021-07-19,0.90,0.83,0.76,0.69,0.60,0.37,0.16,projected
Isle of Anglesey,2021-07-20,0.89,0.83,0.76,0.67,0.60,0.38,0.17,projected
Isle of Anglesey,2021-07-21,0.89,0.83,0.76,0.67,0.60,0.38,0.17,projected
Isle of Anglesey,2021-07-22,0.89,0.83,0.76,0.67,0.60,0.38,0.17,projected
Isle of Anglesey,2021-07-23,0.89,0.83,0.76,0.67,0.60,0.38,0.17,projected
Isle of Anglesey,2021-07-24,0.89,0.83,0.76,0.67,0.60,0.38,0.17,projected
Isle of Anglesey,2021-07-25,0.89,0.83,0.76,0.67,0.60,0.38,0.17,projected
Isle of Anglesey,2021-07-26,0.89,0.83,0.76,0.67,0.60,0.38,0.17,projected
Isle of Wight,2021-03-23,0.83,0.64,0.43,0.24,0.12,0.00,0.00,inferred
Isle of Wight,2021-03-24,0.83,0.64,0.43,0.24,0.12,0.00,0.00,inferred
Isle of Wight,2021-03-25,0.83,0.64,0.43,0.24,0.12,0.00,0.00,inferred
Isle of Wight,2021-03-26,0.83,0.64,0.43,0.24,0.12,0.00,0.00,inferred
Isle of Wight,2021-03-27,0.83,0.64,0.43,0.24,0.12,0.00,0.00,inferred
Isle of Wight,2021-03-28,0.83,0.64,0.43,0.24,0.12,0.00,0.00,inferred
Isle of Wight,2021-03-29,0.83,0.64,0.43,0.24,0.12,0.00,0.00,inferred
Isle of Wight,2021-03-30,0.71,0.49,0.29,0.14,0.06,0.00,0.00,inferred
Isle of Wight,2021-03-31,0.71,0.49,0.29,0.14,0.06,0.00,0.00,inferred
Isle of Wight,2021-04-01,0.71,0.49,0.29,0.14,0.06,0.00,0.00,inferred
Isle of Wight,2021-04-02,0.71,0.49,0.29,0.14,0.06,0.00,0.00,inferred
Isle of Wight,2021-04-03,0.71,0.49,0.29,0.14,0.06,0.00,0.00,inferred
Isle of Wight,2021-04-04,0.71,0.49,0.29,0.14,0.06,0.00,0.00,inferred
Isle of Wight,2021-04-05,0.71,0.49,0.29,0.14,0.06,0.00,0.00,inferred
Isle of Wight,2021-04-06,0.51,0.32,0.17,0.09,0.04,0.00,0.00,inferred
Isle of Wight,2021-04-07,0.51,0.32,0.17,0.09,0.04,0.00,0.00,inferred
Isle of Wight,2021-04-08,0.51,0.32,0.17,0.09,0.04,0.00,0.00,inferred
Isle of Wight,2021-04-09,0.51,0.32,0.17,0.09,0.04,0.00,0.00,inferred
Isle of Wight,2021-04-10,0.51,0.32,0.17,0.09,0.04,0.00,0.00,inferred
Isle of Wight,2021-04-11,0.51,0.32,0.17,0.09,0.04,0.00,0.00,inferred
Isle of Wight,2021-04-12,0.51,0.32,0.17,0.09,0.04,0.00,0.00,inferred
Isle of Wight,2021-04-13,0.79,0.63,0.45,0.28,0.16,0.01,0.00,inferred
Isle of Wight,2021-04-14,0.79,0.63,0.45,0.28,0.16,0.01,0.00,inferred
Isle of Wight,2021-04-15,0.79,0.63,0.45,0.28,0.16,0.01,0.00,inferred
Isle of Wight,2021-04-16,0.79,0.63,0.45,0.28,0.16,0.01,0.00,inferred
Isle of Wight,2021-04-17,0.79,0.63,0.45,0.28,0.16,0.01,0.00,inferred
Isle of Wight,2021-04-18,0.79,0.63,0.45,0.28,0.16,0.01,0.00,inferred
Isle of Wight,2021-04-19,0.79,0.63,0.45,0.28,0.16,0.01,0.00,inferred
Isle of Wight,2021-04-20,0.57,0.37,0.22,0.11,0.06,0.01,0.00,inferred
Isle of Wight,2021-04-21,0.57,0.37,0.22,0.11,0.06,0.01,0.00,inferred
Isle of Wight,2021-04-22,0.57,0.37,0.22,0.11,0.06,0.01,0.00,inferred
Isle of Wight,2021-04-23,0.57,0.37,0.22,0.11,0.06,0.01,0.00,inferred
Isle of Wight,2021-04-24,0.57,0.37,0.22,0.11,0.06,0.01,0.00,inferred
Isle of Wight,2021-04-25,0.57,0.37,0.22,0.11,0.06,0.01,0.00,inferred
Isle of Wight,2021-04-26,0.57,0.37,0.22,0.11,0.06,0.01,0.00,inferred
Isle of Wight,2021-04-27,0.58,0.40,0.23,0.12,0.06,0.00,0.00,inferred
Isle of Wight,2021-04-28,0.58,0.40,0.23,0.12,0.06,0.00,0.00,inferred
Isle of Wight,2021-04-29,0.58,0.40,0.23,0.12,0.06,0.00,0.00,inferred
Isle of Wight,2021-04-30,0.58,0.40,0.23,0.12,0.06,0.00,0.00,inferred
Isle of Wight,2021-05-01,0.58,0.40,0.23,0.12,0.06,0.00,0.00,inferred
Isle of Wight,2021-05-02,0.58,0.40,0.23,0.12,0.06,0.00,0.00,inferred
Isle of Wight,2021-05-03,0.58,0.40,0.23,0.12,0.06,0.00,0.00,inferred
Isle of Wight,2021-05-04,0.68,0.49,0.33,0.21,0.12,0.01,0.00,inferred
Isle of Wight,2021-05-05,0.68,0.49,0.33,0.21,0.12,0.01,0.00,inferred
Isle of Wight,2021-05-06,0.68,0.49,0.33,0.21,0.12,0.01,0.00,inferred
Isle of Wight,2021-05-07,0.68,0.49,0.33,0.21,0.12,0.01,0.00,inferred
Isle of Wight,2021-05-08,0.68,0.49,0.33,0.21,0.12,0.01,0.00,inferred
Isle of Wight,2021-05-09,0.68,0.49,0.33,0.21,0.12,0.01,0.00,inferred
Isle of Wight,2021-05-10,0.68,0.49,0.33,0.21,0.12,0.01,0.00,inferred
Isle of Wight,2021-05-11,0.86,0.75,0.59,0.42,0.29,0.07,0.00,inferred
Isle of Wight,2021-05-12,0.86,0.75,0.59,0.42,0.29,0.07,0.00,inferred
Isle of Wight,2021-05-13,0.86,0.75,0.59,0.42,0.29,0.07,0.00,inferred
Isle of Wight,2021-05-14,0.86,0.75,0.59,0.42,0.29,0.07,0.00,inferred
Isle of Wight,2021-05-15,0.86,0.75,0.59,0.42,0.29,0.07,0.00,inferred
Isle of Wight,2021-05-16,0.86,0.75,0.59,0.42,0.29,0.07,0.00,inferred
Isle of Wight,2021-05-17,0.86,0.75,0.59,0.42,0.29,0.07,0.00,inferred
Isle of Wight,2021-05-18,0.98,0.95,0.88,0.79,0.67,0.26,0.02,inferred
Isle of Wight,2021-05-19,0.98,0.95,0.88,0.79,0.67,0.26,0.02,inferred
Isle of Wight,2021-05-20,0.98,0.95,0.88,0.79,0.67,0.26,0.02,inferred
Isle of Wight,2021-05-21,0.98,0.95,0.88,0.79,0.67,0.26,0.02,inferred
Isle of Wight,2021-05-22,0.98,0.95,0.88,0.79,0.67,0.26,0.02,inferred
Isle of Wight,2021-05-23,0.98,0.95,0.88,0.79,0.67,0.26,0.02,inferred
Isle of Wight,2021-05-24,0.98,0.95,0.88,0.79,0.67,0.26,0.02,inferred
Isle of Wight,2021-05-25,0.76,0.59,0.41,0.26,0.15,0.02,0.00,inferred
Isle of Wight,2021-05-26,0.76,0.59,0.41,0.26,0.15,0.02,0.00,inferred
Isle of Wight,2021-05-27,0.76,0.59,0.41,0.26,0.15,0.02,0.00,inferred
Isle of Wight,2021-05-28,0.76,0.59,0.41,0.26,0.15,0.02,0.00,inferred
Isle of Wight,2021-05-29,0.76,0.59,0.41,0.26,0.15,0.02,0.00,inferred
Isle of Wight,2021-05-30,0.76,0.59,0.41,0.26,0.15,0.02,0.00,inferred
Isle of Wight,2021-05-31,0.76,0.59,0.41,0.26,0.15,0.02,0.00,inferred
Isle of Wight,2021-06-01,0.99,0.96,0.90,0.79,0.68,0.25,0.02,inferred
Isle of Wight,2021-06-02,0.99,0.96,0.90,0.79,0.68,0.25,0.02,inferred
Isle of Wight,2021-06-03,0.99,0.96,0.90,0.79,0.68,0.25,0.02,inferred
Isle of Wight,2021-06-04,0.99,0.96,0.90,0.79,0.68,0.25,0.02,inferred
Isle of Wight,2021-06-05,0.99,0.96,0.90,0.79,0.68,0.25,0.02,inferred
Isle of Wight,2021-06-06,0.99,0.96,0.90,0.79,0.68,0.25,0.02,inferred
Isle of Wight,2021-06-07,0.99,0.96,0.90,0.79,0.68,0.25,0.02,inferred
Isle of Wight,2021-06-08,0.95,0.88,0.78,0.64,0.47,0.12,0.00,inferred
Isle of Wight,2021-06-09,0.95,0.88,0.78,0.64,0.47,0.12,0.00,inferred
Isle of Wight,2021-06-10,0.95,0.88,0.78,0.64,0.47,0.12,0.00,inferred
Isle of Wight,2021-06-11,0.95,0.88,0.78,0.64,0.47,0.12,0.00,inferred
Isle of Wight,2021-06-12,0.95,0.88,0.78,0.64,0.47,0.12,0.00,inferred
Isle of Wight,2021-06-13,0.95,0.88,0.78,0.64,0.47,0.12,0.00,inferred
Isle of Wight,2021-06-14,0.95,0.88,0.78,0.64,0.47,0.12,0.00,inferred
Isle of Wight,2021-06-15,1.00,1.00,0.99,0.96,0.91,0.55,0.07,inferred
Isle of Wight,2021-06-16,1.00,1.00,0.99,0.96,0.91,0.55,0.07,inferred
Isle of Wight,2021-06-17,1.00,1.00,0.99,0.96,0.91,0.55,0.07,inferred
Isle of Wight,2021-06-18,1.00,1.00,0.99,0.96,0.91,0.55,0.07,inferred
Isle of Wight,2021-06-19,1.00,1.00,0.99,0.96,0.91,0.55,0.07,inferred
Isle of Wight,2021-06-20,1.00,1.00,0.99,0.96,0.91,0.55,0.07,inferred
Isle of Wight,2021-06-21,1.00,1.00,0.99,0.96,0.91,0.55,0.07,inferred
Isle of Wight,2021-06-22,1.00,1.00,1.00,1.00,1.00,0.98,0.64,inferred
Isle of Wight,2021-06-23,1.00,1.00,1.00,1.00,1.00,0.98,0.64,inferred
Isle of Wight,2021-06-24,1.00,1.00,1.00,1.00,1.00,0.98,0.64,inferred
Isle of Wight,2021-06-25,1.00,1.00,1.00,1.00,1.00,0.98,0.64,inferred
Isle of Wight,2021-06-26,1.00,1.00,1.00,1.00,1.00,0.98,0.64,inferred
Isle of Wight,2021-06-27,1.00,1.00,1.00,1.00,1.00,0.98,0.64,inferred
Isle of Wight,2021-06-28,1.00,1.00,1.00,1.00,1.00,0.98,0.64,inferred
Isle of Wight,2021-06-29,1.00,1.00,1.00,0.99,0.97,0.85,0.45,inferred
Isle of Wight,2021-06-30,1.00,1.00,1.00,0.99,0.97,0.85,0.45,inferred
Isle of Wight,2021-07-01,1.00,1.00,1.00,0.99,0.97,0.85,0.45,inferred
Isle of Wight,2021-07-02,1.00,1.00,1.00,0.99,0.97,0.85,0.45,inferred
Isle of Wight,2021-07-03,1.00,1.00,1.00,0.99,0.97,0.85,0.45,inferred
Isle of Wight,2021-07-04,1.00,1.00,1.00,0.99,0.97,0.85,0.45,inferred
Isle of Wight,2021-07-05,1.00,1.00,1.00,0.99,0.97,0.85,0.45,inferred
Isle of Wight,2021-07-06,1.00,0.99,0.97,0.94,0.88,0.68,0.34,projected
Isle of Wight,2021-07-07,1.00,0.99,0.97,0.94,0.88,0.68,0.34,projected
Isle of Wight,2021-07-08,1.00,0.99,0.97,0.94,0.88,0.68,0.34,projected
Isle of Wight,2021-07-09,1.00,0.99,0.97,0.94,0.88,0.68,0.34,projected
Isle of Wight,2021-07-10,1.00,0.99,0.97,0.94,0.88,0.68,0.34,projected
Isle of Wight,2021-07-11,1.00,0.99,0.97,0.94,0.88,0.68,0.34,projected
Isle of Wight,2021-07-12,1.00,0.99,0.97,0.94,0.88,0.68,0.34,projected
Isle of Wight,2021-07-13,0.98,0.96,0.93,0.89,0.83,0.63,0.30,projected
Isle of Wight,2021-07-14,0.98,0.96,0.93,0.89,0.83,0.63,0.30,projected
Isle of Wight,2021-07-15,0.98,0.96,0.93,0.89,0.83,0.63,0.30,projected
Isle of Wight,2021-07-16,0.98,0.96,0.93,0.89,0.83,0.63,0.30,projected
Isle of Wight,2021-07-17,0.98,0.96,0.93,0.89,0.83,0.63,0.30,projected
Isle of Wight,2021-07-18,0.98,0.96,0.93,0.89,0.83,0.63,0.30,projected
Isle of Wight,2021-07-19,0.98,0.96,0.93,0.89,0.83,0.63,0.30,projected
Isle of Wight,2021-07-20,0.97,0.95,0.91,0.86,0.79,0.56,0.27,projected
Isle of Wight,2021-07-21,0.97,0.95,0.91,0.86,0.79,0.56,0.27,projected
Isle of Wight,2021-07-22,0.97,0.95,0.91,0.86,0.79,0.56,0.27,projected
Isle of Wight,2021-07-23,0.97,0.95,0.91,0.86,0.79,0.56,0.27,projected
Isle of Wight,2021-07-24,0.97,0.95,0.91,0.86,0.79,0.56,0.27,projected
Isle of Wight,2021-07-25,0.97,0.95,0.91,0.86,0.79,0.56,0.27,projected
Isle of Wight,2021-07-26,0.97,0.95,0.91,0.86,0.79,0.56,0.27,projected
Isles of Scilly,2021-03-23,0.27,0.08,0.02,0.00,0.00,0.00,0.00,inferred
Isles of Scilly,2021-03-24,0.27,0.08,0.02,0.00,0.00,0.00,0.00,inferred
Isles of Scilly,2021-03-25,0.27,0.08,0.02,0.00,0.00,0.00,0.00,inferred
Isles of Scilly,2021-03-26,0.27,0.08,0.02,0.00,0.00,0.00,0.00,inferred
Isles of Scilly,2021-03-27,0.27,0.08,0.02,0.00,0.00,0.00,0.00,inferred
Isles of Scilly,2021-03-28,0.27,0.08,0.02,0.00,0.00,0.00,0.00,inferred
Isles of Scilly,2021-03-29,0.27,0.08,0.02,0.00,0.00,0.00,0.00,inferred
Isles of Scilly,2021-03-30,0.38,0.17,0.06,0.01,0.00,0.00,0.00,inferred
Isles of Scilly,2021-03-31,0.38,0.17,0.06,0.01,0.00,0.00,0.00,inferred
Isles of Scilly,2021-04-01,0.38,0.17,0.06,0.01,0.00,0.00,0.00,inferred
Isles of Scilly,2021-04-02,0.38,0.17,0.06,0.01,0.00,0.00,0.00,inferred
Isles of Scilly,2021-04-03,0.38,0.17,0.06,0.01,0.00,0.00,0.00,inferred
Isles of Scilly,2021-04-04,0.38,0.17,0.06,0.01,0.00,0.00,0.00,inferred
Isles of Scilly,2021-04-05,0.38,0.17,0.06,0.01,0.00,0.00,0.00,inferred
Isles of Scilly,2021-04-06,0.91,0.78,0.56,0.35,0.19,0.01,0.00,inferred
Isles of Scilly,2021-04-07,0.91,0.78,0.56,0.35,0.19,0.01,0.00,inferred
Isles of Scilly,2021-04-08,0.91,0.78,0.56,0.35,0.19,0.01,0.00,inferred
Isles of Scilly,2021-04-09,0.91,0.78,0.56,0.35,0.19,0.01,0.00,inferred
Isles of Scilly,2021-04-10,0.91,0.78,0.56,0.35,0.19,0.01,0.00,inferred
Isles of Scilly,2021-04-11,0.91,0.78,0.56,0.35,0.19,0.01,0.00,inferred
Isles of Scilly,2021-04-12,0.91,0.78,0.56,0.35,0.19,0.01,0.00,inferred
Isles of Scilly,2021-04-13,0.62,0.38,0.19,0.08,0.03,0.00,0.00,inferred
Isles of Scilly,2021-04-14,0.62,0.38,0.19,0.08,0.03,0.00,0.00,inferred
Isles of Scilly,2021-04-15,0.62,0.38,0.19,0.08,0.03,0.00,0.00,inferred
Isles of Scilly,2021-04-16,0.62,0.38,0.19,0.08,0.03,0.00,0.00,inferred
Isles of Scilly,2021-04-17,0.62,0.38,0.19,0.08,0.03,0.00,0.00,inferred
Isles of Scilly,2021-04-18,0.62,0.38,0.19,0.08,0.03,0.00,0.00,inferred
Isles of Scilly,2021-04-19,0.62,0.38,0.19,0.08,0.03,0.00,0.00,inferred
Isles of Scilly,2021-04-20,0.45,0.23,0.09,0.02,0.01,0.00,0.00,inferred
Isles of Scilly,2021-04-21,0.45,0.23,0.09,0.02,0.01,0.00,0.00,inferred
Isles of Scilly,2021-04-22,0.45,0.23,0.09,0.02,0.01,0.00,0.00,inferred
Isles of Scilly,2021-04-23,0.45,0.23,0.09,0.02,0.01,0.00,0.00,inferred
Isles of Scilly,2021-04-24,0.45,0.23,0.09,0.02,0.01,0.00,0.00,inferred
Isles of Scilly,2021-04-25,0.45,0.23,0.09,0.02,0.01,0.00,0.00,inferred
Isles of Scilly,2021-04-26,0.45,0.23,0.09,0.02,0.01,0.00,0.00,inferred
Isles of Scilly,2021-04-27,0.61,0.42,0.23,0.10,0.04,0.00,0.00,inferred
Isles of Scilly,2021-04-28,0.61,0.42,0.23,0.10,0.04,0.00,0.00,inferred
Isles of Scilly,2021-04-29,0.61,0.42,0.23,0.10,0.04,0.00,0.00,inferred
Isles of Scilly,2021-04-30,0.61,0.42,0.23,0.10,0.04,0.00,0.00,inferred
Isles of Scilly,2021-05-01,0.61,0.42,0.23,0.10,0.04,0.00,0.00,inferred
Isles of Scilly,2021-05-02,0.61,0.42,0.23,0.10,0.04,0.00,0.00,inferred
Isles of Scilly,2021-05-03,0.61,0.42,0.23,0.10,0.04,0.00,0.00,inferred
Isles of Scilly,2021-05-04,0.55,0.34,0.18,0.08,0.03,0.00,0.00,inferred
Isles of Scilly,2021-05-05,0.55,0.34,0.18,0.08,0.03,0.00,0.00,inferred
Isles of Scilly,2021-05-06,0.55,0.34,0.18,0.08,0.03,0.00,0.00,inferred
Isles of Scilly,2021-05-07,0.55,0.34,0.18,0.08,0.03,0.00,0.00,inferred
Isles of Scilly,2021-05-08,0.55,0.34,0.18,0.08,0.03,0.00,0.00,inferred
Isles of Scilly,2021-05-09,0.55,0.34,0.18,0.08,0.03,0.00,0.00,inferred
Isles of Scilly,2021-05-10,0.55,0.34,0.18,0.08,0.03,0.00,0.00,inferred
Isles of Scilly,2021-05-11,0.67,0.48,0.30,0.18,0.08,0.00,0.00,inferred
Isles of Scilly,2021-05-12,0.67,0.48,0.30,0.18,0.08,0.00,0.00,inferred
Isles of Scilly,2021-05-13,0.67,0.48,0.30,0.18,0.08,0.00,0.00,inferred
Isles of Scilly,2021-05-14,0.67,0.48,0.30,0.18,0.08,0.00,0.00,inferred
Isles of Scilly,2021-05-15,0.67,0.48,0.30,0.18,0.08,0.00,0.00,inferred
Isles of Scilly,2021-05-16,0.67,0.48,0.30,0.18,0.08,0.00,0.00,inferred
Isles of Scilly,2021-05-17,0.67,0.48,0.30,0.18,0.08,0.00,0.00,inferred
Isles of Scilly,2021-05-18,0.83,0.68,0.50,0.35,0.22,0.03,0.00,inferred
Isles of Scilly,2021-05-19,0.83,0.68,0.50,0.35,0.22,0.03,0.00,inferred
Isles of Scilly,2021-05-20,0.83,0.68,0.50,0.35,0.22,0.03,0.00,inferred
Isles of Scilly,2021-05-21,0.83,0.68,0.50,0.35,0.22,0.03,0.00,inferred
Isles of Scilly,2021-05-22,0.83,0.68,0.50,0.35,0.22,0.03,0.00,inferred
Isles of Scilly,2021-05-23,0.83,0.68,0.50,0.35,0.22,0.03,0.00,inferred
Isles of Scilly,2021-05-24,0.83,0.68,0.50,0.35,0.22,0.03,0.00,inferred
Isles of Scilly,2021-05-25,1.00,1.00,1.00,1.00,1.00,0.99,0.77,inferred
Isles of Scilly,2021-05-26,1.00,1.00,1.00,1.00,1.00,0.99,0.77,inferred
Isles of Scilly,2021-05-27,1.00,1.00,1.00,1.00,1.00,0.99,0.77,inferred
Isles of Scilly,2021-05-28,1.00,1.00,1.00,1.00,1.00,0.99,0.77,inferred
Isles of Scilly,2021-05-29,1.00,1.00,1.00,1.00,1.00,0.99,0.77,inferred
Isles of Scilly,2021-05-30,1.00,1.00,1.00,1.00,1.00,0.99,0.77,inferred
Isles of Scilly,2021-05-31,1.00,1.00,1.00,1.00,1.00,0.99,0.77,inferred
Isles of Scilly,2021-06-01,1.00,1.00,1.00,1.00,1.00,1.00,1.00,inferred
Isles of Scilly,2021-06-02,1.00,1.00,1.00,1.00,1.00,1.00,1.00,inferred
Isles of Scilly,2021-06-03,1.00,1.00,1.00,1.00,1.00,1.00,1.00,inferred
Isles of Scilly,2021-06-04,1.00,1.00,1.00,1.00,1.00,1.00,1.00,inferred
Isles of Scilly,2021-06-05,1.00,1.00,1.00,1.00,1.00,1.00,1.00,inferred
Isles of Scilly,2021-06-06,1.00,1.00,1.00,1.00,1.00,1.00,1.00,inferred
Isles of Scilly,2021-06-07,1.00,1.00,1.00,1.00,1.00,1.00,1.00,inferred
Isles of Scilly,2021-06-08,1.00,1.00,1.00,1.00,1.00,0.85,0.44,inferred
Isles of Scilly,2021-06-09,1.00,1.00,1.00,1.00,1.00,0.85,0.44,inferred
Isles of Scilly,2021-06-10,1.00,1.00,1.00,1.00,1.00,0.85,0.44,inferred
Isles of Scilly,2021-06-11,1.00,1.00,1.00,1.00,1.00,0.85,0.44,inferred
Isles of Scilly,2021-06-12,1.00,1.00,1.00,1.00,1.00,0.85,0.44,inferred
Isles of Scilly,2021-06-13,1.00,1.00,1.00,1.00,1.00,0.85,0.44,inferred
Isles of Scilly,2021-06-14,1.00,1.00,1.00,1.00,1.00,0.85,0.44,inferred
Isles of Scilly,2021-06-15,1.00,1.00,0.91,0.64,0.33,0.01,0.00,inferred
Isles of Scilly,2021-06-16,1.00,1.00,0.91,0.64,0.33,0.01,0.00,inferred
Isles of Scilly,2021-06-17,1.00,1.00,0.91,0.64,0.33,0.01,0.00,inferred
Isles of Scilly,2021-06-18,1.00,1.00,0.91,0.64,0.33,0.01,0.00,inferred
Isles of Scilly,2021-06-19,1.00,1.00,0.91,0.64,0.33,0.01,0.00,inferred
Isles of Scilly,2021-06-20,1.00,1.00,0.91,0.64,0.33,0.01,0.00,inferred
Isles of Scilly,2021-06-21,1.00,1.00,0.91,0.64,0.33,0.01,0.00,inferred
Isles of Scilly,2021-06-22,1.00,0.95,0.68,0.25,0.05,0.00,0.00,inferred
Isles of Scilly,2021-06-23,1.00,0.95,0.68,0.25,0.05,0.00,0.00,inferred
Isles of Scilly,2021-06-24,1.00,0.95,0.68,0.25,0.05,0.00,0.00,inferred
Isles of Scilly,2021-06-25,1.00,0.95,0.68,0.25,0.05,0.00,0.00,inferred
Isles of Scilly,2021-06-26,1.00,0.95,0.68,0.25,0.05,0.00,0.00,inferred
Isles of Scilly,2021-06-27,1.00,0.95,0.68,0.25,0.05,0.00,0.00,inferred
Isles of Scilly,2021-06-28,1.00,0.95,0.68,0.25,0.05,0.00,0.00,inferred
Isles of Scilly,2021-06-29,0.70,0.47,0.24,0.09,0.03,0.00,0.00,inferred
Isles of Scilly,2021-06-30,0.70,0.47,0.24,0.09,0.03,0.00,0.00,inferred
Isles of Scilly,2021-07-01,0.70,0.47,0.24,0.09,0.03,0.00,0.00,inferred
Isles of Scilly,2021-07-02,0.70,0.47,0.24,0.09,0.03,0.00,0.00,inferred
Isles of Scilly,2021-07-03,0.70,0.47,0.24,0.09,0.03,0.00,0.00,inferred
Isles of Scilly,2021-07-04,0.70,0.47,0.24,0.09,0.03,0.00,0.00,inferred
Isles of Scilly,2021-07-05,0.70,0.47,0.24,0.09,0.03,0.00,0.00,inferred
Isles of Scilly,2021-07-06,0.64,0.51,0.40,0.30,0.21,0.07,0.01,projected
Isles of Scilly,2021-07-07,0.64,0.51,0.40,0.30,0.21,0.07,0.01,projected
Isles of Scilly,2021-07-08,0.64,0.51,0.40,0.30,0.21,0.07,0.01,projected
Isles of Scilly,2021-07-09,0.64,0.51,0.40,0.30,0.21,0.07,0.01,projected
Isles of Scilly,2021-07-10,0.64,0.51,0.40,0.30,0.21,0.07,0.01,projected
Isles of Scilly,2021-07-11,0.64,0.51,0.40,0.30,0.21,0.07,0.01,projected
Isles of Scilly,2021-07-12,0.64,0.51,0.40,0.30,0.21,0.07,0.01,projected
Isles of Scilly,2021-07-13,0.69,0.59,0.48,0.39,0.31,0.15,0.04,projected
Isles of Scilly,2021-07-14,0.69,0.59,0.48,0.39,0.31,0.15,0.04,projected
Isles of Scilly,2021-07-15,0.69,0.59,0.48,0.39,0.31,0.15,0.04,projected
Isles of Scilly,2021-07-16,0.69,0.59,0.48,0.39,0.31,0.15,0.04,projected
Isles of Scilly,2021-07-17,0.69,0.59,0.48,0.39,0.31,0.15,0.04,projected
Isles of Scilly,2021-07-18,0.69,0.59,0.48,0.39,0.31,0.15,0.04,projected
Isles of Scilly,2021-07-19,0.69,0.59,0.48,0.39,0.31,0.15,0.04,projected
Isles of Scilly,2021-07-20,0.78,0.70,0.61,0.52,0.43,0.26,0.09,projected
Isles of Scilly,2021-07-21,0.78,0.70,0.61,0.52,0.43,0.26,0.09,projected
Isles of Scilly,2021-07-22,0.78,0.70,0.61,0.52,0.43,0.26,0.09,projected
Isles of Scilly,2021-07-23,0.78,0.70,0.61,0.52,0.43,0.26,0.09,projected
Isles of Scilly,2021-07-24,0.78,0.70,0.61,0.52,0.43,0.26,0.09,projected
Isles of Scilly,2021-07-25,0.78,0.70,0.61,0.52,0.43,0.26,0.09,projected
Isles of Scilly,2021-07-26,0.78,0.70,0.61,0.52,0.43,0.26,0.09,projected
Islington,2021-03-23,0.04,0.00,0.00,0.00,0.00,0.00,0.00,inferred
Islington,2021-03-24,0.04,0.00,0.00,0.00,0.00,0.00,0.00,inferred
Islington,2021-03-25,0.04,0.00,0.00,0.00,0.00,0.00,0.00,inferred
Islington,2021-03-26,0.04,0.00,0.00,0.00,0.00,0.00,0.00,inferred
Islington,2021-03-27,0.04,0.00,0.00,0.00,0.00,0.00,0.00,inferred
Islington,2021-03-28,0.04,0.00,0.00,0.00,0.00,0.00,0.00,inferred
Islington,2021-03-29,0.04,0.00,0.00,0.00,0.00,0.00,0.00,inferred
Islington,2021-03-30,0.88,0.65,0.37,0.14,0.04,0.00,0.00,inferred
Islington,2021-03-31,0.88,0.65,0.37,0.14,0.04,0.00,0.00,inferred
Islington,2021-04-01,0.88,0.65,0.37,0.14,0.04,0.00,0.00,inferred
Islington,2021-04-02,0.88,0.65,0.37,0.14,0.04,0.00,0.00,inferred
Islington,2021-04-03,0.88,0.65,0.37,0.14,0.04,0.00,0.00,inferred
Islington,2021-04-04,0.88,0.65,0.37,0.14,0.04,0.00,0.00,inferred
Islington,2021-04-05,0.88,0.65,0.37,0.14,0.04,0.00,0.00,inferred
Islington,2021-04-06,0.71,0.44,0.20,0.06,0.02,0.00,0.00,inferred
Islington,2021-04-07,0.71,0.44,0.20,0.06,0.02,0.00,0.00,inferred
Islington,2021-04-08,0.71,0.44,0.20,0.06,0.02,0.00,0.00,inferred
Islington,2021-04-09,0.71,0.44,0.20,0.06,0.02,0.00,0.00,inferred
Islington,2021-04-10,0.71,0.44,0.20,0.06,0.02,0.00,0.00,inferred
Islington,2021-04-11,0.71,0.44,0.20,0.06,0.02,0.00,0.00,inferred
Islington,2021-04-12,0.71,0.44,0.20,0.06,0.02,0.00,0.00,inferred
Islington,2021-04-13,0.84,0.58,0.33,0.15,0.05,0.00,0.00,inferred
Islington,2021-04-14,0.84,0.58,0.33,0.15,0.05,0.00,0.00,inferred
Islington,2021-04-15,0.84,0.58,0.33,0.15,0.05,0.00,0.00,inferred
Islington,2021-04-16,0.84,0.58,0.33,0.15,0.05,0.00,0.00,inferred
Islington,2021-04-17,0.84,0.58,0.33,0.15,0.05,0.00,0.00,inferred
Islington,2021-04-18,0.84,0.58,0.33,0.15,0.05,0.00,0.00,inferred
Islington,2021-04-19,0.84,0.58,0.33,0.15,0.05,0.00,0.00,inferred
Islington,2021-04-20,0.63,0.37,0.18,0.05,0.01,0.00,0.00,inferred
Islington,2021-04-21,0.63,0.37,0.18,0.05,0.01,0.00,0.00,inferred
Islington,2021-04-22,0.63,0.37,0.18,0.05,0.01,0.00,0.00,inferred
Islington,2021-04-23,0.63,0.37,0.18,0.05,0.01,0.00,0.00,inferred
Islington,2021-04-24,0.63,0.37,0.18,0.05,0.01,0.00,0.00,inferred
Islington,2021-04-25,0.63,0.37,0.18,0.05,0.01,0.00,0.00,inferred
Islington,2021-04-26,0.63,0.37,0.18,0.05,0.01,0.00,0.00,inferred
Islington,2021-04-27,0.94,0.79,0.56,0.32,0.15,0.00,0.00,inferred
Islington,2021-04-28,0.94,0.79,0.56,0.32,0.15,0.00,0.00,inferred
Islington,2021-04-29,0.94,0.79,0.56,0.32,0.15,0.00,0.00,inferred
Islington,2021-04-30,0.94,0.79,0.56,0.32,0.15,0.00,0.00,inferred
Islington,2021-05-01,0.94,0.79,0.56,0.32,0.15,0.00,0.00,inferred
Islington,2021-05-02,0.94,0.79,0.56,0.32,0.15,0.00,0.00,inferred
Islington,2021-05-03,0.94,0.79,0.56,0.32,0.15,0.00,0.00,inferred
Islington,2021-05-04,0.52,0.26,0.10,0.03,0.01,0.00,0.00,inferred
Islington,2021-05-05,0.52,0.26,0.10,0.03,0.01,0.00,0.00,inferred
Islington,2021-05-06,0.52,0.26,0.10,0.03,0.01,0.00,0.00,inferred
Islington,2021-05-07,0.52,0.26,0.10,0.03,0.01,0.00,0.00,inferred
Islington,2021-05-08,0.52,0.26,0.10,0.03,0.01,0.00,0.00,inferred
Islington,2021-05-09,0.52,0.26,0.10,0.03,0.01,0.00,0.00,inferred
Islington,2021-05-10,0.52,0.26,0.10,0.03,0.01,0.00,0.00,inferred
Islington,2021-05-11,0.94,0.82,0.65,0.46,0.26,0.02,0.00,inferred
Islington,2021-05-12,0.94,0.82,0.65,0.46,0.26,0.02,0.00,inferred
Islington,2021-05-13,0.94,0.82,0.65,0.46,0.26,0.02,0.00,inferred
Islington,2021-05-14,0.94,0.82,0.65,0.46,0.26,0.02,0.00,inferred
Islington,2021-05-15,0.94,0.82,0.65,0.46,0.26,0.02,0.00,inferred
Islington,2021-05-16,0.94,0.82,0.65,0.46,0.26,0.02,0.00,inferred
Islington,2021-05-17,0.94,0.82,0.65,0.46,0.26,0.02,0.00,inferred
Islington,2021-05-18,1.00,1.00,1.00,1.00,1.00,0.92,0.22,inferred
Islington,2021-05-19,1.00,1.00,1.00,1.00,1.00,0.92,0.22,inferred
Islington,2021-05-20,1.00,1.00,1.00,1.00,1.00,0.92,0.22,inferred
Islington,2021-05-21,1.00,1.00,1.00,1.00,1.00,0.92,0.22,inferred
Islington,2021-05-22,1.00,1.00,1.00,1.00,1.00,0.92,0.22,inferred
Islington,2021-05-23,1.00,1.00,1.00,1.00,1.00,0.92,0.22,inferred
Islington,2021-05-24,1.00,1.00,1.00,1.00,1.00,0.92,0.22,inferred
Islington,2021-05-25,1.00,1.00,1.00,1.00,1.00,1.00,0.90,inferred
Islington,2021-05-26,1.00,1.00,1.00,1.00,1.00,1.00,0.90,inferred
Islington,2021-05-27,1.00,1.00,1.00,1.00,1.00,1.00,0.90,inferred
Islington,2021-05-28,1.00,1.00,1.00,1.00,1.00,1.00,0.90,inferred
Islington,2021-05-29,1.00,1.00,1.00,1.00,1.00,1.00,0.90,inferred
Islington,2021-05-30,1.00,1.00,1.00,1.00,1.00,1.00,0.90,inferred
Islington,2021-05-31,1.00,1.00,1.00,1.00,1.00,1.00,0.90,inferred
Islington,2021-06-01,1.00,1.00,1.00,1.00,0.99,0.76,0.14,inferred
Islington,2021-06-02,1.00,1.00,1.00,1.00,0.99,0.76,0.14,inferred
Islington,2021-06-03,1.00,1.00,1.00,1.00,0.99,0.76,0.14,inferred
Islington,2021-06-04,1.00,1.00,1.00,1.00,0.99,0.76,0.14,inferred
Islington,2021-06-05,1.00,1.00,1.00,1.00,0.99,0.76,0.14,inferred
Islington,2021-06-06,1.00,1.00,1.00,1.00,0.99,0.76,0.14,inferred
Islington,2021-06-07,1.00,1.00,1.00,1.00,0.99,0.76,0.14,inferred
Islington,2021-06-08,1.00,1.00,0.99,0.86,0.52,0.01,0.00,inferred
Islington,2021-06-09,1.00,1.00,0.99,0.86,0.52,0.01,0.00,inferred
Islington,2021-06-10,1.00,1.00,0.99,0.86,0.52,0.01,0.00,inferred
Islington,2021-06-11,1.00,1.00,0.99,0.86,0.52,0.01,0.00,inferred
Islington,2021-06-12,1.00,1.00,0.99,0.86,0.52,0.01,0.00,inferred
Islington,2021-06-13,1.00,1.00,0.99,0.86,0.52,0.01,0.00,inferred
Islington,2021-06-14,1.00,1.00,0.99,0.86,0.52,0.01,0.00,inferred
Islington,2021-06-15,1.00,1.00,1.00,1.00,1.00,0.99,0.24,inferred
Islington,2021-06-16,1.00,1.00,1.00,1.00,1.00,0.99,0.24,inferred
Islington,2021-06-17,1.00,1.00,1.00,1.00,1.00,0.99,0.24,inferred
Islington,2021-06-18,1.00,1.00,1.00,1.00,1.00,0.99,0.24,inferred
Islington,2021-06-19,1.00,1.00,1.00,1.00,1.00,0.99,0.24,inferred
Islington,2021-06-20,1.00,1.00,1.00,1.00,1.00,0.99,0.24,inferred
Islington,2021-06-21,1.00,1.00,1.00,1.00,1.00,0.99,0.24,inferred
Islington,2021-06-22,1.00,1.00,1.00,1.00,0.98,0.57,0.00,inferred
Islington,2021-06-23,1.00,1.00,1.00,1.00,0.98,0.57,0.00,inferred
Islington,2021-06-24,1.00,1.00,1.00,1.00,0.98,0.57,0.00,inferred
Islington,2021-06-25,1.00,1.00,1.00,1.00,0.98,0.57,0.00,inferred
Islington,2021-06-26,1.00,1.00,1.00,1.00,0.98,0.57,0.00,inferred
Islington,2021-06-27,1.00,1.00,1.00,1.00,0.98,0.57,0.00,inferred
Islington,2021-06-28,1.00,1.00,1.00,1.00,0.98,0.57,0.00,inferred
Islington,2021-06-29,1.00,1.00,0.95,0.78,0.54,0.04,0.00,inferred
Islington,2021-06-30,1.00,1.00,0.95,0.78,0.54,0.04,0.00,inferred
Islington,2021-07-01,1.00,1.00,0.95,0.78,0.54,0.04,0.00,inferred
Islington,2021-07-02,1.00,1.00,0.95,0.78,0.54,0.04,0.00,inferred
Islington,2021-07-03,1.00,1.00,0.95,0.78,0.54,0.04,0.00,inferred
Islington,2021-07-04,1.00,1.00,0.95,0.78,0.54,0.04,0.00,inferred
Islington,2021-07-05,1.00,1.00,0.95,0.78,0.54,0.04,0.00,inferred
Islington,2021-07-06,0.99,0.95,0.84,0.68,0.51,0.14,0.01,projected
Islington,2021-07-07,0.99,0.95,0.84,0.68,0.51,0.14,0.01,projected
Islington,2021-07-08,0.99,0.95,0.84,0.68,0.51,0.14,0.01,projected
Islington,2021-07-09,0.99,0.95,0.84,0.68,0.51,0.14,0.01,projected
Islington,2021-07-10,0.99,0.95,0.84,0.68,0.51,0.14,0.01,projected
Islington,2021-07-11,0.99,0.95,0.84,0.68,0.51,0.14,0.01,projected
Islington,2021-07-12,0.99,0.95,0.84,0.68,0.51,0.14,0.01,projected
Islington,2021-07-13,0.96,0.91,0.81,0.66,0.50,0.18,0.02,projected
Islington,2021-07-14,0.96,0.91,0.81,0.66,0.50,0.18,0.02,projected
Islington,2021-07-15,0.96,0.91,0.81,0.66,0.50,0.18,0.02,projected
Islington,2021-07-16,0.96,0.91,0.81,0.66,0.50,0.18,0.02,projected
Islington,2021-07-17,0.96,0.91,0.81,0.66,0.50,0.18,0.02,projected
Islington,2021-07-18,0.96,0.91,0.81,0.66,0.50,0.18,0.02,projected
Islington,2021-07-19,0.96,0.91,0.81,0.66,0.50,0.18,0.02,projected
Islington,2021-07-20,0.96,0.91,0.81,0.68,0.53,0.20,0.03,projected
Islington,2021-07-21,0.96,0.91,0.81,0.68,0.53,0.20,0.03,projected
Islington,2021-07-22,0.96,0.91,0.81,0.68,0.53,0.20,0.03,projected
Islington,2021-07-23,0.96,0.91,0.81,0.68,0.53,0.20,0.03,projected
Islington,2021-07-24,0.96,0.91,0.81,0.68,0.53,0.20,0.03,projected
Islington,2021-07-25,0.96,0.91,0.81,0.68,0.53,0.20,0.03,projected
Islington,2021-07-26,0.96,0.91,0.81,0.68,0.53,0.20,0.03,projected
Kensington and Chelsea,2021-03-23,0.32,0.08,0.01,0.00,0.00,0.00,0.00,inferred
Kensington and Chelsea,2021-03-24,0.32,0.08,0.01,0.00,0.00,0.00,0.00,inferred
Kensington and Chelsea,2021-03-25,0.32,0.08,0.01,0.00,0.00,0.00,0.00,inferred
Kensington and Chelsea,2021-03-26,0.32,0.08,0.01,0.00,0.00,0.00,0.00,inferred
Kensington and Chelsea,2021-03-27,0.32,0.08,0.01,0.00,0.00,0.00,0.00,inferred
Kensington and Chelsea,2021-03-28,0.32,0.08,0.01,0.00,0.00,0.00,0.00,inferred
Kensington and Chelsea,2021-03-29,0.32,0.08,0.01,0.00,0.00,0.00,0.00,inferred
Kensington and Chelsea,2021-03-30,0.94,0.78,0.52,0.28,0.10,0.00,0.00,inferred
Kensington and Chelsea,2021-03-31,0.94,0.78,0.52,0.28,0.10,0.00,0.00,inferred
Kensington and Chelsea,2021-04-01,0.94,0.78,0.52,0.28,0.10,0.00,0.00,inferred
Kensington and Chelsea,2021-04-02,0.94,0.78,0.52,0.28,0.10,0.00,0.00,inferred
Kensington and Chelsea,2021-04-03,0.94,0.78,0.52,0.28,0.10,0.00,0.00,inferred
Kensington and Chelsea,2021-04-04,0.94,0.78,0.52,0.28,0.10,0.00,0.00,inferred
Kensington and Chelsea,2021-04-05,0.94,0.78,0.52,0.28,0.10,0.00,0.00,inferred
Kensington and Chelsea,2021-04-06,0.99,0.96,0.82,0.56,0.28,0.00,0.00,inferred
Kensington and Chelsea,2021-04-07,0.99,0.96,0.82,0.56,0.28,0.00,0.00,inferred
Kensington and Chelsea,2021-04-08,0.99,0.96,0.82,0.56,0.28,0.00,0.00,inferred
Kensington and Chelsea,2021-04-09,0.99,0.96,0.82,0.56,0.28,0.00,0.00,inferred
Kensington and Chelsea,2021-04-10,0.99,0.96,0.82,0.56,0.28,0.00,0.00,inferred
Kensington and Chelsea,2021-04-11,0.99,0.96,0.82,0.56,0.28,0.00,0.00,inferred
Kensington and Chelsea,2021-04-12,0.99,0.96,0.82,0.56,0.28,0.00,0.00,inferred
Kensington and Chelsea,2021-04-13,0.84,0.59,0.30,0.12,0.03,0.00,0.00,inferred
Kensington and Chelsea,2021-04-14,0.84,0.59,0.30,0.12,0.03,0.00,0.00,inferred
Kensington and Chelsea,2021-04-15,0.84,0.59,0.30,0.12,0.03,0.00,0.00,inferred
Kensington and Chelsea,2021-04-16,0.84,0.59,0.30,0.12,0.03,0.00,0.00,inferred
Kensington and Chelsea,2021-04-17,0.84,0.59,0.30,0.12,0.03,0.00,0.00,inferred
Kensington and Chelsea,2021-04-18,0.84,0.59,0.30,0.12,0.03,0.00,0.00,inferred
Kensington and Chelsea,2021-04-19,0.84,0.59,0.30,0.12,0.03,0.00,0.00,inferred
Kensington and Chelsea,2021-04-20,0.43,0.15,0.03,0.01,0.00,0.00,0.00,inferred
Kensington and Chelsea,2021-04-21,0.43,0.15,0.03,0.01,0.00,0.00,0.00,inferred
Kensington and Chelsea,2021-04-22,0.43,0.15,0.03,0.01,0.00,0.00,0.00,inferred
Kensington and Chelsea,2021-04-23,0.43,0.15,0.03,0.01,0.00,0.00,0.00,inferred
Kensington and Chelsea,2021-04-24,0.43,0.15,0.03,0.01,0.00,0.00,0.00,inferred
Kensington and Chelsea,2021-04-25,0.43,0.15,0.03,0.01,0.00,0.00,0.00,inferred
Kensington and Chelsea,2021-04-26,0.43,0.15,0.03,0.01,0.00,0.00,0.00,inferred
Kensington and Chelsea,2021-04-27,0.69,0.41,0.18,0.06,0.01,0.00,0.00,inferred
Kensington and Chelsea,2021-04-28,0.69,0.41,0.18,0.06,0.01,0.00,0.00,inferred
Kensington and Chelsea,2021-04-29,0.69,0.41,0.18,0.06,0.01,0.00,0.00,inferred
Kensington and Chelsea,2021-04-30,0.69,0.41,0.18,0.06,0.01,0.00,0.00,inferred
Kensington and Chelsea,2021-05-01,0.69,0.41,0.18,0.06,0.01,0.00,0.00,inferred
Kensington and Chelsea,2021-05-02,0.69,0.41,0.18,0.06,0.01,0.00,0.00,inferred
Kensington and Chelsea,2021-05-03,0.69,0.41,0.18,0.06,0.01,0.00,0.00,inferred
Kensington and Chelsea,2021-05-04,0.46,0.20,0.07,0.02,0.00,0.00,0.00,inferred
Kensington and Chelsea,2021-05-05,0.46,0.20,0.07,0.02,0.00,0.00,0.00,inferred
Kensington and Chelsea,2021-05-06,0.46,0.20,0.07,0.02,0.00,0.00,0.00,inferred
Kensington and Chelsea,2021-05-07,0.46,0.20,0.07,0.02,0.00,0.00,0.00,inferred
Kensington and Chelsea,2021-05-08,0.46,0.20,0.07,0.02,0.00,0.00,0.00,inferred
Kensington and Chelsea,2021-05-09,0.46,0.20,0.07,0.02,0.00,0.00,0.00,inferred
Kensington and Chelsea,2021-05-10,0.46,0.20,0.07,0.02,0.00,0.00,0.00,inferred
Kensington and Chelsea,2021-05-11,0.96,0.85,0.66,0.42,0.21,0.01,0.00,inferred
Kensington and Chelsea,2021-05-12,0.96,0.85,0.66,0.42,0.21,0.01,0.00,inferred
Kensington and Chelsea,2021-05-13,0.96,0.85,0.66,0.42,0.21,0.01,0.00,inferred
Kensington and Chelsea,2021-05-14,0.96,0.85,0.66,0.42,0.21,0.01,0.00,inferred
Kensington and Chelsea,2021-05-15,0.96,0.85,0.66,0.42,0.21,0.01,0.00,inferred
Kensington and Chelsea,2021-05-16,0.96,0.85,0.66,0.42,0.21,0.01,0.00,inferred
Kensington and Chelsea,2021-05-17,0.96,0.85,0.66,0.42,0.21,0.01,0.00,inferred
Kensington and Chelsea,2021-05-18,1.00,1.00,1.00,0.99,0.98,0.64,0.03,inferred
Kensington and Chelsea,2021-05-19,1.00,1.00,1.00,0.99,0.98,0.64,0.03,inferred
Kensington and Chelsea,2021-05-20,1.00,1.00,1.00,0.99,0.98,0.64,0.03,inferred
Kensington and Chelsea,2021-05-21,1.00,1.00,1.00,0.99,0.98,0.64,0.03,inferred
Kensington and Chelsea,2021-05-22,1.00,1.00,1.00,0.99,0.98,0.64,0.03,inferred
Kensington and Chelsea,2021-05-23,1.00,1.00,1.00,0.99,0.98,0.64,0.03,inferred
Kensington and Chelsea,2021-05-24,1.00,1.00,1.00,0.99,0.98,0.64,0.03,inferred
Kensington and Chelsea,2021-05-25,1.00,1.00,1.00,1.00,1.00,0.99,0.57,inferred
Kensington and Chelsea,2021-05-26,1.00,1.00,1.00,1.00,1.00,0.99,0.57,inferred
Kensington and Chelsea,2021-05-27,1.00,1.00,1.00,1.00,1.00,0.99,0.57,inferred
Kensington and Chelsea,2021-05-28,1.00,1.00,1.00,1.00,1.00,0.99,0.57,inferred
Kensington and Chelsea,2021-05-29,1.00,1.00,1.00,1.00,1.00,0.99,0.57,inferred
Kensington and Chelsea,2021-05-30,1.00,1.00,1.00,1.00,1.00,0.99,0.57,inferred
Kensington and Chelsea,2021-05-31,1.00,1.00,1.00,1.00,1.00,0.99,0.57,inferred
Kensington and Chelsea,2021-06-01,1.00,1.00,1.00,0.99,0.94,0.52,0.02,inferred
Kensington and Chelsea,2021-06-02,1.00,1.00,1.00,0.99,0.94,0.52,0.02,inferred
Kensington and Chelsea,2021-06-03,1.00,1.00,1.00,0.99,0.94,0.52,0.02,inferred
Kensington and Chelsea,2021-06-04,1.00,1.00,1.00,0.99,0.94,0.52,0.02,inferred
Kensington and Chelsea,2021-06-05,1.00,1.00,1.00,0.99,0.94,0.52,0.02,inferred
Kensington and Chelsea,2021-06-06,1.00,1.00,1.00,0.99,0.94,0.52,0.02,inferred
Kensington and Chelsea,2021-06-07,1.00,1.00,1.00,0.99,0.94,0.52,0.02,inferred
Kensington and Chelsea,2021-06-08,1.00,0.97,0.78,0.42,0.14,0.00,0.00,inferred
Kensington and Chelsea,2021-06-09,1.00,0.97,0.78,0.42,0.14,0.00,0.00,inferred
Kensington and Chelsea,2021-06-10,1.00,0.97,0.78,0.42,0.14,0.00,0.00,inferred
Kensington and Chelsea,2021-06-11,1.00,0.97,0.78,0.42,0.14,0.00,0.00,inferred
Kensington and Chelsea,2021-06-12,1.00,0.97,0.78,0.42,0.14,0.00,0.00,inferred
Kensington and Chelsea,2021-06-13,1.00,0.97,0.78,0.42,0.14,0.00,0.00,inferred
Kensington and Chelsea,2021-06-14,1.00,0.97,0.78,0.42,0.14,0.00,0.00,inferred
Kensington and Chelsea,2021-06-15,1.00,1.00,1.00,1.00,1.00,0.99,0.13,inferred
Kensington and Chelsea,2021-06-16,1.00,1.00,1.00,1.00,1.00,0.99,0.13,inferred
Kensington and Chelsea,2021-06-17,1.00,1.00,1.00,1.00,1.00,0.99,0.13,inferred
Kensington and Chelsea,2021-06-18,1.00,1.00,1.00,1.00,1.00,0.99,0.13,inferred
Kensington and Chelsea,2021-06-19,1.00,1.00,1.00,1.00,1.00,0.99,0.13,inferred
Kensington and Chelsea,2021-06-20,1.00,1.00,1.00,1.00,1.00,0.99,0.13,inferred
Kensington and Chelsea,2021-06-21,1.00,1.00,1.00,1.00,1.00,0.99,0.13,inferred
Kensington and Chelsea,2021-06-22,1.00,1.00,1.00,1.00,0.99,0.67,0.01,inferred
Kensington and Chelsea,2021-06-23,1.00,1.00,1.00,1.00,0.99,0.67,0.01,inferred
Kensington and Chelsea,2021-06-24,1.00,1.00,1.00,1.00,0.99,0.67,0.01,inferred
Kensington and Chelsea,2021-06-25,1.00,1.00,1.00,1.00,0.99,0.67,0.01,inferred
Kensington and Chelsea,2021-06-26,1.00,1.00,1.00,1.00,0.99,0.67,0.01,inferred
Kensington and Chelsea,2021-06-27,1.00,1.00,1.00,1.00,0.99,0.67,0.01,inferred
Kensington and Chelsea,2021-06-28,1.00,1.00,1.00,1.00,0.99,0.67,0.01,inferred
Kensington and Chelsea,2021-06-29,1.00,0.97,0.82,0.56,0.26,0.01,0.00,inferred
Kensington and Chelsea,2021-06-30,1.00,0.97,0.82,0.56,0.26,0.01,0.00,inferred
Kensington and Chelsea,2021-07-01,1.00,0.97,0.82,0.56,0.26,0.01,0.00,inferred
Kensington and Chelsea,2021-07-02,1.00,0.97,0.82,0.56,0.26,0.01,0.00,inferred
Kensington and Chelsea,2021-07-03,1.00,0.97,0.82,0.56,0.26,0.01,0.00,inferred
Kensington and Chelsea,2021-07-04,1.00,0.97,0.82,0.56,0.26,0.01,0.00,inferred
Kensington and Chelsea,2021-07-05,1.00,0.97,0.82,0.56,0.26,0.01,0.00,inferred
Kensington and Chelsea,2021-07-06,0.97,0.89,0.74,0.56,0.38,0.08,0.01,projected
Kensington and Chelsea,2021-07-07,0.97,0.89,0.74,0.56,0.38,0.08,0.01,projected
Kensington and Chelsea,2021-07-08,0.97,0.89,0.74,0.56,0.38,0.08,0.01,projected
Kensington and Chelsea,2021-07-09,0.97,0.89,0.74,0.56,0.38,0.08,0.01,projected
Kensington and Chelsea,2021-07-10,0.97,0.89,0.74,0.56,0.38,0.08,0.01,projected
Kensington and Chelsea,2021-07-11,0.97,0.89,0.74,0.56,0.38,0.08,0.01,projected
Kensington and Chelsea,2021-07-12,0.97,0.89,0.74,0.56,0.38,0.08,0.01,projected
Kensington and Chelsea,2021-07-13,0.95,0.87,0.73,0.57,0.40,0.12,0.01,projected
Kensington and Chelsea,2021-07-14,0.95,0.87,0.73,0.57,0.40,0.12,0.01,projected
Kensington and Chelsea,2021-07-15,0.95,0.87,0.73,0.57,0.40,0.12,0.01,projected
Kensington and Chelsea,2021-07-16,0.95,0.87,0.73,0.57,0.40,0.12,0.01,projected
Kensington and Chelsea,2021-07-17,0.95,0.87,0.73,0.57,0.40,0.12,0.01,projected
Kensington and Chelsea,2021-07-18,0.95,0.87,0.73,0.57,0.40,0.12,0.01,projected
Kensington and Chelsea,2021-07-19,0.95,0.87,0.73,0.57,0.40,0.12,0.01,projected
Kensington and Chelsea,2021-07-20,0.95,0.87,0.76,0.61,0.46,0.16,0.02,projected
Kensington and Chelsea,2021-07-21,0.95,0.87,0.76,0.61,0.46,0.16,0.02,projected
Kensington and Chelsea,2021-07-22,0.95,0.87,0.76,0.61,0.46,0.16,0.02,projected
Kensington and Chelsea,2021-07-23,0.95,0.87,0.76,0.61,0.46,0.16,0.02,projected
Kensington and Chelsea,2021-07-24,0.95,0.87,0.76,0.61,0.46,0.16,0.02,projected
Kensington and Chelsea,2021-07-25,0.95,0.87,0.76,0.61,0.46,0.16,0.02,projected
Kensington and Chelsea,2021-07-26,0.95,0.87,0.76,0.61,0.46,0.16,0.02,projected
Kettering,2021-03-23,0.47,0.19,0.04,0.00,0.00,0.00,0.00,inferred
Kettering,2021-03-24,0.47,0.19,0.04,0.00,0.00,0.00,0.00,inferred
Kettering,2021-03-25,0.47,0.19,0.04,0.00,0.00,0.00,0.00,inferred
Kettering,2021-03-26,0.47,0.19,0.04,0.00,0.00,0.00,0.00,inferred
Kettering,2021-03-27,0.47,0.19,0.04,0.00,0.00,0.00,0.00,inferred
Kettering,2021-03-28,0.47,0.19,0.04,0.00,0.00,0.00,0.00,inferred
Kettering,2021-03-29,0.47,0.19,0.04,0.00,0.00,0.00,0.00,inferred
Kettering,2021-03-30,0.65,0.33,0.12,0.03,0.00,0.00,0.00,inferred
Kettering,2021-03-31,0.65,0.33,0.12,0.03,0.00,0.00,0.00,inferred
Kettering,2021-04-01,0.65,0.33,0.12,0.03,0.00,0.00,0.00,inferred
Kettering,2021-04-02,0.65,0.33,0.12,0.03,0.00,0.00,0.00,inferred
Kettering,2021-04-03,0.65,0.33,0.12,0.03,0.00,0.00,0.00,inferred
Kettering,2021-04-04,0.65,0.33,0.12,0.03,0.00,0.00,0.00,inferred
Kettering,2021-04-05,0.65,0.33,0.12,0.03,0.00,0.00,0.00,inferred
Kettering,2021-04-06,0.33,0.13,0.04,0.00,0.00,0.00,0.00,inferred
Kettering,2021-04-07,0.33,0.13,0.04,0.00,0.00,0.00,0.00,inferred
Kettering,2021-04-08,0.33,0.13,0.04,0.00,0.00,0.00,0.00,inferred
Kettering,2021-04-09,0.33,0.13,0.04,0.00,0.00,0.00,0.00,inferred
Kettering,2021-04-10,0.33,0.13,0.04,0.00,0.00,0.00,0.00,inferred
Kettering,2021-04-11,0.33,0.13,0.04,0.00,0.00,0.00,0.00,inferred
Kettering,2021-04-12,0.33,0.13,0.04,0.00,0.00,0.00,0.00,inferred
Kettering,2021-04-13,0.64,0.38,0.18,0.08,0.03,0.00,0.00,inferred
Kettering,2021-04-14,0.64,0.38,0.18,0.08,0.03,0.00,0.00,inferred
Kettering,2021-04-15,0.64,0.38,0.18,0.08,0.03,0.00,0.00,inferred
Kettering,2021-04-16,0.64,0.38,0.18,0.08,0.03,0.00,0.00,inferred
Kettering,2021-04-17,0.64,0.38,0.18,0.08,0.03,0.00,0.00,inferred
Kettering,2021-04-18,0.64,0.38,0.18,0.08,0.03,0.00,0.00,inferred
Kettering,2021-04-19,0.64,0.38,0.18,0.08,0.03,0.00,0.00,inferred
Kettering,2021-04-20,0.51,0.28,0.12,0.04,0.01,0.00,0.00,inferred
Kettering,2021-04-21,0.51,0.28,0.12,0.04,0.01,0.00,0.00,inferred
Kettering,2021-04-22,0.51,0.28,0.12,0.04,0.01,0.00,0.00,inferred
Kettering,2021-04-23,0.51,0.28,0.12,0.04,0.01,0.00,0.00,inferred
Kettering,2021-04-24,0.51,0.28,0.12,0.04,0.01,0.00,0.00,inferred
Kettering,2021-04-25,0.51,0.28,0.12,0.04,0.01,0.00,0.00,inferred
Kettering,2021-04-26,0.51,0.28,0.12,0.04,0.01,0.00,0.00,inferred
Kettering,2021-04-27,0.89,0.74,0.52,0.34,0.16,0.01,0.00,inferred
Kettering,2021-04-28,0.89,0.74,0.52,0.34,0.16,0.01,0.00,inferred
Kettering,2021-04-29,0.89,0.74,0.52,0.34,0.16,0.01,0.00,inferred
Kettering,2021-04-30,0.89,0.74,0.52,0.34,0.16,0.01,0.00,inferred
Kettering,2021-05-01,0.89,0.74,0.52,0.34,0.16,0.01,0.00,inferred
Kettering,2021-05-02,0.89,0.74,0.52,0.34,0.16,0.01,0.00,inferred
Kettering,2021-05-03,0.89,0.74,0.52,0.34,0.16,0.01,0.00,inferred
Kettering,2021-05-04,0.33,0.17,0.05,0.02,0.00,0.00,0.00,inferred
Kettering,2021-05-05,0.33,0.17,0.05,0.02,0.00,0.00,0.00,inferred
Kettering,2021-05-06,0.33,0.17,0.05,0.02,0.00,0.00,0.00,inferred
Kettering,2021-05-07,0.33,0.17,0.05,0.02,0.00,0.00,0.00,inferred
Kettering,2021-05-08,0.33,0.17,0.05,0.02,0.00,0.00,0.00,inferred
Kettering,2021-05-09,0.33,0.17,0.05,0.02,0.00,0.00,0.00,inferred
Kettering,2021-05-10,0.33,0.17,0.05,0.02,0.00,0.00,0.00,inferred
Kettering,2021-05-11,0.52,0.29,0.13,0.05,0.02,0.00,0.00,inferred
Kettering,2021-05-12,0.52,0.29,0.13,0.05,0.02,0.00,0.00,inferred
Kettering,2021-05-13,0.52,0.29,0.13,0.05,0.02,0.00,0.00,inferred
Kettering,2021-05-14,0.52,0.29,0.13,0.05,0.02,0.00,0.00,inferred
Kettering,2021-05-15,0.52,0.29,0.13,0.05,0.02,0.00,0.00,inferred
Kettering,2021-05-16,0.52,0.29,0.13,0.05,0.02,0.00,0.00,inferred
Kettering,2021-05-17,0.52,0.29,0.13,0.05,0.02,0.00,0.00,inferred
Kettering,2021-05-18,0.29,0.15,0.06,0.03,0.01,0.00,0.00,inferred
Kettering,2021-05-19,0.29,0.15,0.06,0.03,0.01,0.00,0.00,inferred
Kettering,2021-05-20,0.29,0.15,0.06,0.03,0.01,0.00,0.00,inferred
Kettering,2021-05-21,0.29,0.15,0.06,0.03,0.01,0.00,0.00,inferred
Kettering,2021-05-22,0.29,0.15,0.06,0.03,0.01,0.00,0.00,inferred
Kettering,2021-05-23,0.29,0.15,0.06,0.03,0.01,0.00,0.00,inferred
Kettering,2021-05-24,0.29,0.15,0.06,0.03,0.01,0.00,0.00,inferred
Kettering,2021-05-25,0.92,0.81,0.68,0.50,0.36,0.08,0.00,inferred
Kettering,2021-05-26,0.92,0.81,0.68,0.50,0.36,0.08,0.00,inferred
Kettering,2021-05-27,0.92,0.81,0.68,0.50,0.36,0.08,0.00,inferred
Kettering,2021-05-28,0.92,0.81,0.68,0.50,0.36,0.08,0.00,inferred
Kettering,2021-05-29,0.92,0.81,0.68,0.50,0.36,0.08,0.00,inferred
Kettering,2021-05-30,0.92,0.81,0.68,0.50,0.36,0.08,0.00,inferred
Kettering,2021-05-31,0.92,0.81,0.68,0.50,0.36,0.08,0.00,inferred
Kettering,2021-06-01,0.96,0.90,0.80,0.66,0.52,0.15,0.01,inferred
Kettering,2021-06-02,0.96,0.90,0.80,0.66,0.52,0.15,0.01,inferred
Kettering,2021-06-03,0.96,0.90,0.80,0.66,0.52,0.15,0.01,inferred
Kettering,2021-06-04,0.96,0.90,0.80,0.66,0.52,0.15,0.01,inferred
Kettering,2021-06-05,0.96,0.90,0.80,0.66,0.52,0.15,0.01,inferred
Kettering,2021-06-06,0.96,0.90,0.80,0.66,0.52,0.15,0.01,inferred
Kettering,2021-06-07,0.96,0.90,0.80,0.66,0.52,0.15,0.01,inferred
Kettering,2021-06-08,0.94,0.85,0.73,0.57,0.40,0.10,0.00,inferred
Kettering,2021-06-09,0.94,0.85,0.73,0.57,0.40,0.10,0.00,inferred
Kettering,2021-06-10,0.94,0.85,0.73,0.57,0.40,0.10,0.00,inferred
Kettering,2021-06-11,0.94,0.85,0.73,0.57,0.40,0.10,0.00,inferred
Kettering,2021-06-12,0.94,0.85,0.73,0.57,0.40,0.10,0.00,inferred
Kettering,2021-06-13,0.94,0.85,0.73,0.57,0.40,0.10,0.00,inferred
Kettering,2021-06-14,0.94,0.85,0.73,0.57,0.40,0.10,0.00,inferred
Kettering,2021-06-15,1.00,1.00,1.00,0.98,0.96,0.71,0.15,inferred
Kettering,2021-06-16,1.00,1.00,1.00,0.98,0.96,0.71,0.15,inferred
Kettering,2021-06-17,1.00,1.00,1.00,0.98,0.96,0.71,0.15,inferred
Kettering,2021-06-18,1.00,1.00,1.00,0.98,0.96,0.71,0.15,inferred
Kettering,2021-06-19,1.00,1.00,1.00,0.98,0.96,0.71,0.15,inferred
Kettering,2021-06-20,1.00,1.00,1.00,0.98,0.96,0.71,0.15,inferred
Kettering,2021-06-21,1.00,1.00,1.00,0.98,0.96,0.71,0.15,inferred
Kettering,2021-06-22,1.00,1.00,1.00,1.00,1.00,0.97,0.69,inferred
Kettering,2021-06-23,1.00,1.00,1.00,1.00,1.00,0.97,0.69,inferred
Kettering,2021-06-24,1.00,1.00,1.00,1.00,1.00,0.97,0.69,inferred
Kettering,2021-06-25,1.00,1.00,1.00,1.00,1.00,0.97,0.69,inferred
Kettering,2021-06-26,1.00,1.00,1.00,1.00,1.00,0.97,0.69,inferred
Kettering,2021-06-27,1.00,1.00,1.00,1.00,1.00,0.97,0.69,inferred
Kettering,2021-06-28,1.00,1.00,1.00,1.00,1.00,0.97,0.69,inferred
Kettering,2021-06-29,1.00,0.99,0.98,0.95,0.91,0.64,0.17,inferred
Kettering,2021-06-30,1.00,0.99,0.98,0.95,0.91,0.64,0.17,inferred
Kettering,2021-07-01,1.00,0.99,0.98,0.95,0.91,0.64,0.17,inferred
Kettering,2021-07-02,1.00,0.99,0.98,0.95,0.91,0.64,0.17,inferred
Kettering,2021-07-03,1.00,0.99,0.98,0.95,0.91,0.64,0.17,inferred
Kettering,2021-07-04,1.00,0.99,0.98,0.95,0.91,0.64,0.17,inferred
Kettering,2021-07-05,1.00,0.99,0.98,0.95,0.91,0.64,0.17,inferred
Kettering,2021-07-06,0.99,0.96,0.92,0.87,0.80,0.54,0.18,projected
Kettering,2021-07-07,0.99,0.96,0.92,0.87,0.80,0.54,0.18,projected
Kettering,2021-07-08,0.99,0.96,0.92,0.87,0.80,0.54,0.18,projected
Kettering,2021-07-09,0.99,0.96,0.92,0.87,0.80,0.54,0.18,projected
Kettering,2021-07-10,0.99,0.96,0.92,0.87,0.80,0.54,0.18,projected
Kettering,2021-07-11,0.99,0.96,0.92,0.87,0.80,0.54,0.18,projected
Kettering,2021-07-12,0.99,0.96,0.92,0.87,0.80,0.54,0.18,projected
Kettering,2021-07-13,0.96,0.94,0.89,0.82,0.74,0.47,0.20,projected
Kettering,2021-07-14,0.96,0.94,0.89,0.82,0.74,0.47,0.20,projected
Kettering,2021-07-15,0.96,0.94,0.89,0.82,0.74,0.47,0.20,projected
Kettering,2021-07-16,0.96,0.94,0.89,0.82,0.74,0.47,0.20,projected
Kettering,2021-07-17,0.96,0.94,0.89,0.82,0.74,0.47,0.20,projected
Kettering,2021-07-18,0.96,0.94,0.89,0.82,0.74,0.47,0.20,projected
Kettering,2021-07-19,0.96,0.94,0.89,0.82,0.74,0.47,0.20,projected
Kettering,2021-07-20,0.97,0.94,0.89,0.82,0.74,0.50,0.22,projected
Kettering,2021-07-21,0.97,0.94,0.89,0.82,0.74,0.50,0.22,projected
Kettering,2021-07-22,0.97,0.94,0.89,0.82,0.74,0.50,0.22,projected
Kettering,2021-07-23,0.97,0.94,0.89,0.82,0.74,0.50,0.22,projected
Kettering,2021-07-24,0.97,0.94,0.89,0.82,0.74,0.50,0.22,projected
Kettering,2021-07-25,0.97,0.94,0.89,0.82,0.74,0.50,0.22,projected
Kettering,2021-07-26,0.97,0.94,0.89,0.82,0.74,0.50,0.22,projected
King's Lynn and West Norfolk,2021-03-23,0.66,0.33,0.12,0.02,0.01,0.00,0.00,inferred
King's Lynn and West Norfolk,2021-03-24,0.66,0.33,0.12,0.02,0.01,0.00,0.00,inferred
King's Lynn and West Norfolk,2021-03-25,0.66,0.33,0.12,0.02,0.01,0.00,0.00,inferred
King's Lynn and West Norfolk,2021-03-26,0.66,0.33,0.12,0.02,0.01,0.00,0.00,inferred
King's Lynn and West Norfolk,2021-03-27,0.66,0.33,0.12,0.02,0.01,0.00,0.00,inferred
King's Lynn and West Norfolk,2021-03-28,0.66,0.33,0.12,0.02,0.01,0.00,0.00,inferred
King's Lynn and West Norfolk,2021-03-29,0.66,0.33,0.12,0.02,0.01,0.00,0.00,inferred
King's Lynn and West Norfolk,2021-03-30,0.81,0.56,0.32,0.13,0.04,0.00,0.00,inferred
King's Lynn and West Norfolk,2021-03-31,0.81,0.56,0.32,0.13,0.04,0.00,0.00,inferred
King's Lynn and West Norfolk,2021-04-01,0.81,0.56,0.32,0.13,0.04,0.00,0.00,inferred
King's Lynn and West Norfolk,2021-04-02,0.81,0.56,0.32,0.13,0.04,0.00,0.00,inferred
King's Lynn and West Norfolk,2021-04-03,0.81,0.56,0.32,0.13,0.04,0.00,0.00,inferred
King's Lynn and West Norfolk,2021-04-04,0.81,0.56,0.32,0.13,0.04,0.00,0.00,inferred
King's Lynn and West Norfolk,2021-04-05,0.81,0.56,0.32,0.13,0.04,0.00,0.00,inferred
King's Lynn and West Norfolk,2021-04-06,0.95,0.81,0.62,0.39,0.19,0.01,0.00,inferred
King's Lynn and West Norfolk,2021-04-07,0.95,0.81,0.62,0.39,0.19,0.01,0.00,inferred
King's Lynn and West Norfolk,2021-04-08,0.95,0.81,0.62,0.39,0.19,0.01,0.00,inferred
King's Lynn and West Norfolk,2021-04-09,0.95,0.81,0.62,0.39,0.19,0.01,0.00,inferred
King's Lynn and West Norfolk,2021-04-10,0.95,0.81,0.62,0.39,0.19,0.01,0.00,inferred
King's Lynn and West Norfolk,2021-04-11,0.95,0.81,0.62,0.39,0.19,0.01,0.00,inferred
King's Lynn and West Norfolk,2021-04-12,0.95,0.81,0.62,0.39,0.19,0.01,0.00,inferred
King's Lynn and West Norfolk,2021-04-13,0.99,0.97,0.88,0.71,0.48,0.05,0.00,inferred
King's Lynn and West Norfolk,2021-04-14,0.99,0.97,0.88,0.71,0.48,0.05,0.00,inferred
King's Lynn and West Norfolk,2021-04-15,0.99,0.97,0.88,0.71,0.48,0.05,0.00,inferred
King's Lynn and West Norfolk,2021-04-16,0.99,0.97,0.88,0.71,0.48,0.05,0.00,inferred
King's Lynn and West Norfolk,2021-04-17,0.99,0.97,0.88,0.71,0.48,0.05,0.00,inferred
King's Lynn and West Norfolk,2021-04-18,0.99,0.97,0.88,0.71,0.48,0.05,0.00,inferred
King's Lynn and West Norfolk,2021-04-19,0.99,0.97,0.88,0.71,0.48,0.05,0.00,inferred
King's Lynn and West Norfolk,2021-04-20,0.83,0.59,0.33,0.14,0.05,0.00,0.00,inferred
King's Lynn and West Norfolk,2021-04-21,0.83,0.59,0.33,0.14,0.05,0.00,0.00,inferred
King's Lynn and West Norfolk,2021-04-22,0.83,0.59,0.33,0.14,0.05,0.00,0.00,inferred
King's Lynn and West Norfolk,2021-04-23,0.83,0.59,0.33,0.14,0.05,0.00,0.00,inferred
King's Lynn and West Norfolk,2021-04-24,0.83,0.59,0.33,0.14,0.05,0.00,0.00,inferred
King's Lynn and West Norfolk,2021-04-25,0.83,0.59,0.33,0.14,0.05,0.00,0.00,inferred
King's Lynn and West Norfolk,2021-04-26,0.83,0.59,0.33,0.14,0.05,0.00,0.00,inferred
King's Lynn and West Norfolk,2021-04-27,0.51,0.24,0.07,0.02,0.00,0.00,0.00,inferred
King's Lynn and West Norfolk,2021-04-28,0.51,0.24,0.07,0.02,0.00,0.00,0.00,inferred
King's Lynn and West Norfolk,2021-04-29,0.51,0.24,0.07,0.02,0.00,0.00,0.00,inferred
King's Lynn and West Norfolk,2021-04-30,0.51,0.24,0.07,0.02,0.00,0.00,0.00,inferred
King's Lynn and West Norfolk,2021-05-01,0.51,0.24,0.07,0.02,0.00,0.00,0.00,inferred
King's Lynn and West Norfolk,2021-05-02,0.51,0.24,0.07,0.02,0.00,0.00,0.00,inferred
King's Lynn and West Norfolk,2021-05-03,0.51,0.24,0.07,0.02,0.00,0.00,0.00,inferred
King's Lynn and West Norfolk,2021-05-04,0.10,0.03,0.01,0.00,0.00,0.00,0.00,inferred
King's Lynn and West Norfolk,2021-05-05,0.10,0.03,0.01,0.00,0.00,0.00,0.00,inferred
King's Lynn and West Norfolk,2021-05-06,0.10,0.03,0.01,0.00,0.00,0.00,0.00,inferred
King's Lynn and West Norfolk,2021-05-07,0.10,0.03,0.01,0.00,0.00,0.00,0.00,inferred
King's Lynn and West Norfolk,2021-05-08,0.10,0.03,0.01,0.00,0.00,0.00,0.00,inferred
King's Lynn and West Norfolk,2021-05-09,0.10,0.03,0.01,0.00,0.00,0.00,0.00,inferred
King's Lynn and West Norfolk,2021-05-10,0.10,0.03,0.01,0.00,0.00,0.00,0.00,inferred
King's Lynn and West Norfolk,2021-05-11,0.34,0.17,0.05,0.01,0.00,0.00,0.00,inferred
King's Lynn and West Norfolk,2021-05-12,0.34,0.17,0.05,0.01,0.00,0.00,0.00,inferred
King's Lynn and West Norfolk,2021-05-13,0.34,0.17,0.05,0.01,0.00,0.00,0.00,inferred
King's Lynn and West Norfolk,2021-05-14,0.34,0.17,0.05,0.01,0.00,0.00,0.00,inferred
King's Lynn and West Norfolk,2021-05-15,0.34,0.17,0.05,0.01,0.00,0.00,0.00,inferred
King's Lynn and West Norfolk,2021-05-16,0.34,0.17,0.05,0.01,0.00,0.00,0.00,inferred
King's Lynn and West Norfolk,2021-05-17,0.34,0.17,0.05,0.01,0.00,0.00,0.00,inferred
King's Lynn and West Norfolk,2021-05-18,0.40,0.22,0.10,0.04,0.02,0.00,0.00,inferred
King's Lynn and West Norfolk,2021-05-19,0.40,0.22,0.10,0.04,0.02,0.00,0.00,inferred
King's Lynn and West Norfolk,2021-05-20,0.40,0.22,0.10,0.04,0.02,0.00,0.00,inferred
King's Lynn and West Norfolk,2021-05-21,0.40,0.22,0.10,0.04,0.02,0.00,0.00,inferred
King's Lynn and West Norfolk,2021-05-22,0.40,0.22,0.10,0.04,0.02,0.00,0.00,inferred
King's Lynn and West Norfolk,2021-05-23,0.40,0.22,0.10,0.04,0.02,0.00,0.00,inferred
King's Lynn and West Norfolk,2021-05-24,0.40,0.22,0.10,0.04,0.02,0.00,0.00,inferred
King's Lynn and West Norfolk,2021-05-25,0.88,0.76,0.59,0.42,0.28,0.04,0.00,inferred
King's Lynn and West Norfolk,2021-05-26,0.88,0.76,0.59,0.42,0.28,0.04,0.00,inferred
King's Lynn and West Norfolk,2021-05-27,0.88,0.76,0.59,0.42,0.28,0.04,0.00,inferred
King's Lynn and West Norfolk,2021-05-28,0.88,0.76,0.59,0.42,0.28,0.04,0.00,inferred
King's Lynn and West Norfolk,2021-05-29,0.88,0.76,0.59,0.42,0.28,0.04,0.00,inferred
King's Lynn and West Norfolk,2021-05-30,0.88,0.76,0.59,0.42,0.28,0.04,0.00,inferred
King's Lynn and West Norfolk,2021-05-31,0.88,0.76,0.59,0.42,0.28,0.04,0.00,inferred
King's Lynn and West Norfolk,2021-06-01,0.99,0.96,0.90,0.79,0.66,0.21,0.01,inferred
King's Lynn and West Norfolk,2021-06-02,0.99,0.96,0.90,0.79,0.66,0.21,0.01,inferred
King's Lynn and West Norfolk,2021-06-03,0.99,0.96,0.90,0.79,0.66,0.21,0.01,inferred
King's Lynn and West Norfolk,2021-06-04,0.99,0.96,0.90,0.79,0.66,0.21,0.01,inferred
King's Lynn and West Norfolk,2021-06-05,0.99,0.96,0.90,0.79,0.66,0.21,0.01,inferred
King's Lynn and West Norfolk,2021-06-06,0.99,0.96,0.90,0.79,0.66,0.21,0.01,inferred
King's Lynn and West Norfolk,2021-06-07,0.99,0.96,0.90,0.79,0.66,0.21,0.01,inferred
King's Lynn and West Norfolk,2021-06-08,0.99,0.97,0.91,0.80,0.66,0.20,0.00,inferred
King's Lynn and West Norfolk,2021-06-09,0.99,0.97,0.91,0.80,0.66,0.20,0.00,inferred
King's Lynn and West Norfolk,2021-06-10,0.99,0.97,0.91,0.80,0.66,0.20,0.00,inferred
King's Lynn and West Norfolk,2021-06-11,0.99,0.97,0.91,0.80,0.66,0.20,0.00,inferred
King's Lynn and West Norfolk,2021-06-12,0.99,0.97,0.91,0.80,0.66,0.20,0.00,inferred
King's Lynn and West Norfolk,2021-06-13,0.99,0.97,0.91,0.80,0.66,0.20,0.00,inferred
King's Lynn and West Norfolk,2021-06-14,0.99,0.97,0.91,0.80,0.66,0.20,0.00,inferred
King's Lynn and West Norfolk,2021-06-15,1.00,1.00,0.98,0.95,0.88,0.49,0.03,inferred
King's Lynn and West Norfolk,2021-06-16,1.00,1.00,0.98,0.95,0.88,0.49,0.03,inferred
King's Lynn and West Norfolk,2021-06-17,1.00,1.00,0.98,0.95,0.88,0.49,0.03,inferred
King's Lynn and West Norfolk,2021-06-18,1.00,1.00,0.98,0.95,0.88,0.49,0.03,inferred
King's Lynn and West Norfolk,2021-06-19,1.00,1.00,0.98,0.95,0.88,0.49,0.03,inferred
King's Lynn and West Norfolk,2021-06-20,1.00,1.00,0.98,0.95,0.88,0.49,0.03,inferred
King's Lynn and West Norfolk,2021-06-21,1.00,1.00,0.98,0.95,0.88,0.49,0.03,inferred
King's Lynn and West Norfolk,2021-06-22,1.00,1.00,1.00,1.00,1.00,0.99,0.72,inferred
King's Lynn and West Norfolk,2021-06-23,1.00,1.00,1.00,1.00,1.00,0.99,0.72,inferred
King's Lynn and West Norfolk,2021-06-24,1.00,1.00,1.00,1.00,1.00,0.99,0.72,inferred
King's Lynn and West Norfolk,2021-06-25,1.00,1.00,1.00,1.00,1.00,0.99,0.72,inferred
King's Lynn and West Norfolk,2021-06-26,1.00,1.00,1.00,1.00,1.00,0.99,0.72,inferred
King's Lynn and West Norfolk,2021-06-27,1.00,1.00,1.00,1.00,1.00,0.99,0.72,inferred
King's Lynn and West Norfolk,2021-06-28,1.00,1.00,1.00,1.00,1.00,0.99,0.72,inferred
King's Lynn and West Norfolk,2021-06-29,1.00,1.00,1.00,1.00,1.00,0.97,0.76,inferred
King's Lynn and West Norfolk,2021-06-30,1.00,1.00,1.00,1.00,1.00,0.97,0.76,inferred
King's Lynn and West Norfolk,2021-07-01,1.00,1.00,1.00,1.00,1.00,0.97,0.76,inferred
King's Lynn and West Norfolk,2021-07-02,1.00,1.00,1.00,1.00,1.00,0.97,0.76,inferred
King's Lynn and West Norfolk,2021-07-03,1.00,1.00,1.00,1.00,1.00,0.97,0.76,inferred
King's Lynn and West Norfolk,2021-07-04,1.00,1.00,1.00,1.00,1.00,0.97,0.76,inferred
King's Lynn and West Norfolk,2021-07-05,1.00,1.00,1.00,1.00,1.00,0.97,0.76,inferred
King's Lynn and West Norfolk,2021-07-06,1.00,1.00,1.00,0.99,0.97,0.87,0.55,projected
King's Lynn and West Norfolk,2021-07-07,1.00,1.00,1.00,0.99,0.97,0.87,0.55,projected
King's Lynn and West Norfolk,2021-07-08,1.00,1.00,1.00,0.99,0.97,0.87,0.55,projected
King's Lynn and West Norfolk,2021-07-09,1.00,1.00,1.00,0.99,0.97,0.87,0.55,projected
King's Lynn and West Norfolk,2021-07-10,1.00,1.00,1.00,0.99,0.97,0.87,0.55,projected
King's Lynn and West Norfolk,2021-07-11,1.00,1.00,1.00,0.99,0.97,0.87,0.55,projected
King's Lynn and West Norfolk,2021-07-12,1.00,1.00,1.00,0.99,0.97,0.87,0.55,projected
King's Lynn and West Norfolk,2021-07-13,1.00,1.00,0.99,0.97,0.95,0.80,0.46,projected
King's Lynn and West Norfolk,2021-07-14,1.00,1.00,0.99,0.97,0.95,0.80,0.46,projected
King's Lynn and West Norfolk,2021-07-15,1.00,1.00,0.99,0.97,0.95,0.80,0.46,projected
King's Lynn and West Norfolk,2021-07-16,1.00,1.00,0.99,0.97,0.95,0.80,0.46,projected
King's Lynn and West Norfolk,2021-07-17,1.00,1.00,0.99,0.97,0.95,0.80,0.46,projected
King's Lynn and West Norfolk,2021-07-18,1.00,1.00,0.99,0.97,0.95,0.80,0.46,projected
King's Lynn and West Norfolk,2021-07-19,1.00,1.00,0.99,0.97,0.95,0.80,0.46,projected
King's Lynn and West Norfolk,2021-07-20,1.00,0.99,0.98,0.95,0.92,0.73,0.40,projected
King's Lynn and West Norfolk,2021-07-21,1.00,0.99,0.98,0.95,0.92,0.73,0.40,projected
King's Lynn and West Norfolk,2021-07-22,1.00,0.99,0.98,0.95,0.92,0.73,0.40,projected
King's Lynn and West Norfolk,2021-07-23,1.00,0.99,0.98,0.95,0.92,0.73,0.40,projected
King's Lynn and West Norfolk,2021-07-24,1.00,0.99,0.98,0.95,0.92,0.73,0.40,projected
King's Lynn and West Norfolk,2021-07-25,1.00,0.99,0.98,0.95,0.92,0.73,0.40,projected
King's Lynn and West Norfolk,2021-07-26,1.00,0.99,0.98,0.95,0.92,0.73,0.40,projected
"Kingston upon Hull, City of",2021-03-23,0.02,0.00,0.00,0.00,0.00,0.00,0.00,inferred
"Kingston upon Hull, City of",2021-03-24,0.02,0.00,0.00,0.00,0.00,0.00,0.00,inferred
"Kingston upon Hull, City of",2021-03-25,0.02,0.00,0.00,0.00,0.00,0.00,0.00,inferred
"Kingston upon Hull, City of",2021-03-26,0.02,0.00,0.00,0.00,0.00,0.00,0.00,inferred
"Kingston upon Hull, City of",2021-03-27,0.02,0.00,0.00,0.00,0.00,0.00,0.00,inferred
"Kingston upon Hull, City of",2021-03-28,0.02,0.00,0.00,0.00,0.00,0.00,0.00,inferred
"Kingston upon Hull, City of",2021-03-29,0.02,0.00,0.00,0.00,0.00,0.00,0.00,inferred
"Kingston upon Hull, City of",2021-03-30,0.10,0.01,0.00,0.00,0.00,0.00,0.00,inferred
"Kingston upon Hull, City of",2021-03-31,0.10,0.01,0.00,0.00,0.00,0.00,0.00,inferred
"Kingston upon Hull, City of",2021-04-01,0.10,0.01,0.00,0.00,0.00,0.00,0.00,inferred
"Kingston upon Hull, City of",2021-04-02,0.10,0.01,0.00,0.00,0.00,0.00,0.00,inferred
"Kingston upon Hull, City of",2021-04-03,0.10,0.01,0.00,0.00,0.00,0.00,0.00,inferred
"Kingston upon Hull, City of",2021-04-04,0.10,0.01,0.00,0.00,0.00,0.00,0.00,inferred
"Kingston upon Hull, City of",2021-04-05,0.10,0.01,0.00,0.00,0.00,0.00,0.00,inferred
"Kingston upon Hull, City of",2021-04-06,0.06,0.01,0.00,0.00,0.00,0.00,0.00,inferred
"Kingston upon Hull, City of",2021-04-07,0.06,0.01,0.00,0.00,0.00,0.00,0.00,inferred
"Kingston upon Hull, City of",2021-04-08,0.06,0.01,0.00,0.00,0.00,0.00,0.00,inferred
"Kingston upon Hull, City of",2021-04-09,0.06,0.01,0.00,0.00,0.00,0.00,0.00,inferred
"Kingston upon Hull, City of",2021-04-10,0.06,0.01,0.00,0.00,0.00,0.00,0.00,inferred
"Kingston upon Hull, City of",2021-04-11,0.06,0.01,0.00,0.00,0.00,0.00,0.00,inferred
"Kingston upon Hull, City of",2021-04-12,0.06,0.01,0.00,0.00,0.00,0.00,0.00,inferred
"Kingston upon Hull, City of",2021-04-13,0.14,0.03,0.00,0.00,0.00,0.00,0.00,inferred
"Kingston upon Hull, City of",2021-04-14,0.14,0.03,0.00,0.00,0.00,0.00,0.00,inferred
"Kingston upon Hull, City of",2021-04-15,0.14,0.03,0.00,0.00,0.00,0.00,0.00,inferred
"Kingston upon Hull, City of",2021-04-16,0.14,0.03,0.00,0.00,0.00,0.00,0.00,inferred
"Kingston upon Hull, City of",2021-04-17,0.14,0.03,0.00,0.00,0.00,0.00,0.00,inferred
"Kingston upon Hull, City of",2021-04-18,0.14,0.03,0.00,0.00,0.00,0.00,0.00,inferred
"Kingston upon Hull, City of",2021-04-19,0.14,0.03,0.00,0.00,0.00,0.00,0.00,inferred
"Kingston upon Hull, City of",2021-04-20,0.82,0.56,0.28,0.10,0.02,0.00,0.00,inferred
"Kingston upon Hull, City of",2021-04-21,0.82,0.56,0.28,0.10,0.02,0.00,0.00,inferred
"Kingston upon Hull, City of",2021-04-22,0.82,0.56,0.28,0.10,0.02,0.00,0.00,inferred
"Kingston upon Hull, City of",2021-04-23,0.82,0.56,0.28,0.10,0.02,0.00,0.00,inferred
"Kingston upon Hull, City of",2021-04-24,0.82,0.56,0.28,0.10,0.02,0.00,0.00,inferred
"Kingston upon Hull, City of",2021-04-25,0.82,0.56,0.28,0.10,0.02,0.00,0.00,inferred
"Kingston upon Hull, City of",2021-04-26,0.82,0.56,0.28,0.10,0.02,0.00,0.00,inferred
"Kingston upon Hull, City of",2021-04-27,0.38,0.14,0.03,0.01,0.00,0.00,0.00,inferred
"Kingston upon Hull, City of",2021-04-28,0.38,0.14,0.03,0.01,0.00,0.00,0.00,inferred
"Kingston upon Hull, City of",2021-04-29,0.38,0.14,0.03,0.01,0.00,0.00,0.00,inferred
"Kingston upon Hull, City of",2021-04-30,0.38,0.14,0.03,0.01,0.00,0.00,0.00,inferred
"Kingston upon Hull, City of",2021-05-01,0.38,0.14,0.03,0.01,0.00,0.00,0.00,inferred
"Kingston upon Hull, City of",2021-05-02,0.38,0.14,0.03,0.01,0.00,0.00,0.00,inferred
"Kingston upon Hull, City of",2021-05-03,0.38,0.14,0.03,0.01,0.00,0.00,0.00,inferred
"Kingston upon Hull, City of",2021-05-04,0.21,0.06,0.01,0.00,0.00,0.00,0.00,inferred
"Kingston upon Hull, City of",2021-05-05,0.21,0.06,0.01,0.00,0.00,0.00,0.00,inferred
"Kingston upon Hull, City of",2021-05-06,0.21,0.06,0.01,0.00,0.00,0.00,0.00,inferred
"Kingston upon Hull, City of",2021-05-07,0.21,0.06,0.01,0.00,0.00,0.00,0.00,inferred
"Kingston upon Hull, City of",2021-05-08,0.21,0.06,0.01,0.00,0.00,0.00,0.00,inferred
"Kingston upon Hull, City of",2021-05-09,0.21,0.06,0.01,0.00,0.00,0.00,0.00,inferred
"Kingston upon Hull, City of",2021-05-10,0.21,0.06,0.01,0.00,0.00,0.00,0.00,inferred
"Kingston upon Hull, City of",2021-05-11,0.78,0.54,0.30,0.15,0.05,0.00,0.00,inferred
"Kingston upon Hull, City of",2021-05-12,0.78,0.54,0.30,0.15,0.05,0.00,0.00,inferred
"Kingston upon Hull, City of",2021-05-13,0.78,0.54,0.30,0.15,0.05,0.00,0.00,inferred
"Kingston upon Hull, City of",2021-05-14,0.78,0.54,0.30,0.15,0.05,0.00,0.00,inferred
"Kingston upon Hull, City of",2021-05-15,0.78,0.54,0.30,0.15,0.05,0.00,0.00,inferred
"Kingston upon Hull, City of",2021-05-16,0.78,0.54,0.30,0.15,0.05,0.00,0.00,inferred
"Kingston upon Hull, City of",2021-05-17,0.78,0.54,0.30,0.15,0.05,0.00,0.00,inferred
"Kingston upon Hull, City of",2021-05-18,0.97,0.91,0.76,0.57,0.34,0.03,0.00,inferred
"Kingston upon Hull, City of",2021-05-19,0.97,0.91,0.76,0.57,0.34,0.03,0.00,inferred
"Kingston upon Hull, City of",2021-05-20,0.97,0.91,0.76,0.57,0.34,0.03,0.00,inferred
"Kingston upon Hull, City of",2021-05-21,0.97,0.91,0.76,0.57,0.34,0.03,0.00,inferred
"Kingston upon Hull, City of",2021-05-22,0.97,0.91,0.76,0.57,0.34,0.03,0.00,inferred
"Kingston upon Hull, City of",2021-05-23,0.97,0.91,0.76,0.57,0.34,0.03,0.00,inferred
"Kingston upon Hull, City of",2021-05-24,0.97,0.91,0.76,0.57,0.34,0.03,0.00,inferred
"Kingston upon Hull, City of",2021-05-25,1.00,0.99,0.96,0.88,0.74,0.19,0.00,inferred
"Kingston upon Hull, City of",2021-05-26,1.00,0.99,0.96,0.88,0.74,0.19,0.00,inferred
"Kingston upon Hull, City of",2021-05-27,1.00,0.99,0.96,0.88,0.74,0.19,0.00,inferred
"Kingston upon Hull, City of",2021-05-28,1.00,0.99,0.96,0.88,0.74,0.19,0.00,inferred
"Kingston upon Hull, City of",2021-05-29,1.00,0.99,0.96,0.88,0.74,0.19,0.00,inferred
"Kingston upon Hull, City of",2021-05-30,1.00,0.99,0.96,0.88,0.74,0.19,0.00,inferred
"Kingston upon Hull, City of",2021-05-31,1.00,0.99,0.96,0.88,0.74,0.19,0.00,inferred
"Kingston upon Hull, City of",2021-06-01,0.98,0.91,0.75,0.50,0.29,0.03,0.00,inferred
"Kingston upon Hull, City of",2021-06-02,0.98,0.91,0.75,0.50,0.29,0.03,0.00,inferred
"Kingston upon Hull, City of",2021-06-03,0.98,0.91,0.75,0.50,0.29,0.03,0.00,inferred
"Kingston upon Hull, City of",2021-06-04,0.98,0.91,0.75,0.50,0.29,0.03,0.00,inferred
"Kingston upon Hull, City of",2021-06-05,0.98,0.91,0.75,0.50,0.29,0.03,0.00,inferred
"Kingston upon Hull, City of",2021-06-06,0.98,0.91,0.75,0.50,0.29,0.03,0.00,inferred
"Kingston upon Hull, City of",2021-06-07,0.98,0.91,0.75,0.50,0.29,0.03,0.00,inferred
"Kingston upon Hull, City of",2021-06-08,1.00,0.98,0.90,0.73,0.49,0.05,0.00,inferred
"Kingston upon Hull, City of",2021-06-09,1.00,0.98,0.90,0.73,0.49,0.05,0.00,inferred
"Kingston upon Hull, City of",2021-06-10,1.00,0.98,0.90,0.73,0.49,0.05,0.00,inferred
"Kingston upon Hull, City of",2021-06-11,1.00,0.98,0.90,0.73,0.49,0.05,0.00,inferred
"Kingston upon Hull, City of",2021-06-12,1.00,0.98,0.90,0.73,0.49,0.05,0.00,inferred
"Kingston upon Hull, City of",2021-06-13,1.00,0.98,0.90,0.73,0.49,0.05,0.00,inferred
"Kingston upon Hull, City of",2021-06-14,1.00,0.98,0.90,0.73,0.49,0.05,0.00,inferred
"Kingston upon Hull, City of",2021-06-15,1.00,1.00,1.00,1.00,1.00,0.99,0.56,inferred
"Kingston upon Hull, City of",2021-06-16,1.00,1.00,1.00,1.00,1.00,0.99,0.56,inferred
"Kingston upon Hull, City of",2021-06-17,1.00,1.00,1.00,1.00,1.00,0.99,0.56,inferred
"Kingston upon Hull, City of",2021-06-18,1.00,1.00,1.00,1.00,1.00,0.99,0.56,inferred
"Kingston upon Hull, City of",2021-06-19,1.00,1.00,1.00,1.00,1.00,0.99,0.56,inferred
"Kingston upon Hull, City of",2021-06-20,1.00,1.00,1.00,1.00,1.00,0.99,0.56,inferred
"Kingston upon Hull, City of",2021-06-21,1.00,1.00,1.00,1.00,1.00,0.99,0.56,inferred
"Kingston upon Hull, City of",2021-06-22,1.00,1.00,1.00,1.00,1.00,1.00,0.88,inferred
"Kingston upon Hull, City of",2021-06-23,1.00,1.00,1.00,1.00,1.00,1.00,0.88,inferred
"Kingston upon Hull, City of",2021-06-24,1.00,1.00,1.00,1.00,1.00,1.00,0.88,inferred
"Kingston upon Hull, City of",2021-06-25,1.00,1.00,1.00,1.00,1.00,1.00,0.88,inferred
"Kingston upon Hull, City of",2021-06-26,1.00,1.00,1.00,1.00,1.00,1.00,0.88,inferred
"Kingston upon Hull, City of",2021-06-27,1.00,1.00,1.00,1.00,1.00,1.00,0.88,inferred
"Kingston upon Hull, City of",2021-06-28,1.00,1.00,1.00,1.00,1.00,1.00,0.88,inferred
"Kingston upon Hull, City of",2021-06-29,1.00,1.00,1.00,1.00,1.00,0.96,0.67,inferred
"Kingston upon Hull, City of",2021-06-30,1.00,1.00,1.00,1.00,1.00,0.96,0.67,inferred
"Kingston upon Hull, City of",2021-07-01,1.00,1.00,1.00,1.00,1.00,0.96,0.67,inferred
"Kingston upon Hull, City of",2021-07-02,1.00,1.00,1.00,1.00,1.00,0.96,0.67,inferred
"Kingston upon Hull, City of",2021-07-03,1.00,1.00,1.00,1.00,1.00,0.96,0.67,inferred
"Kingston upon Hull, City of",2021-07-04,1.00,1.00,1.00,1.00,1.00,0.96,0.67,inferred
"Kingston upon Hull, City of",2021-07-05,1.00,1.00,1.00,1.00,1.00,0.96,0.67,inferred
"Kingston upon Hull, City of",2021-07-06,1.00,1.00,0.99,0.98,0.96,0.81,0.48,projected
"Kingston upon Hull, City of",2021-07-07,1.00,1.00,0.99,0.98,0.96,0.81,0.48,projected
"Kingston upon Hull, City of",2021-07-08,1.00,1.00,0.99,0.98,0.96,0.81,0.48,projected
"Kingston upon Hull, City of",2021-07-09,1.00,1.00,0.99,0.98,0.96,0.81,0.48,projected
"Kingston upon Hull, City of",2021-07-10,1.00,1.00,0.99,0.98,0.96,0.81,0.48,projected
"Kingston upon Hull, City of",2021-07-11,1.00,1.00,0.99,0.98,0.96,0.81,0.48,projected
"Kingston upon Hull, City of",2021-07-12,1.00,1.00,0.99,0.98,0.96,0.81,0.48,projected
"Kingston upon Hull, City of",2021-07-13,0.99,0.99,0.97,0.94,0.89,0.72,0.42,projected
"Kingston upon Hull, City of",2021-07-14,0.99,0.99,0.97,0.94,0.89,0.72,0.42,projected
"Kingston upon Hull, City of",2021-07-15,0.99,0.99,0.97,0.94,0.89,0.72,0.42,projected
"Kingston upon Hull, City of",2021-07-16,0.99,0.99,0.97,0.94,0.89,0.72,0.42,projected
"Kingston upon Hull, City of",2021-07-17,0.99,0.99,0.97,0.94,0.89,0.72,0.42,projected
"Kingston upon Hull, City of",2021-07-18,0.99,0.99,0.97,0.94,0.89,0.72,0.42,projected
"Kingston upon Hull, City of",2021-07-19,0.99,0.99,0.97,0.94,0.89,0.72,0.42,projected
"Kingston upon Hull, City of",2021-07-20,0.99,0.96,0.93,0.89,0.85,0.66,0.38,projected
"Kingston upon Hull, City of",2021-07-21,0.99,0.96,0.93,0.89,0.85,0.66,0.38,projected
"Kingston upon Hull, City of",2021-07-22,0.99,0.96,0.93,0.89,0.85,0.66,0.38,projected
"Kingston upon Hull, City of",2021-07-23,0.99,0.96,0.93,0.89,0.85,0.66,0.38,projected
"Kingston upon Hull, City of",2021-07-24,0.99,0.96,0.93,0.89,0.85,0.66,0.38,projected
"Kingston upon Hull, City of",2021-07-25,0.99,0.96,0.93,0.89,0.85,0.66,0.38,projected
"Kingston upon Hull, City of",2021-07-26,0.99,0.96,0.93,0.89,0.85,0.66,0.38,projected
Kingston upon Thames,2021-03-23,0.21,0.04,0.00,0.00,0.00,0.00,0.00,inferred
Kingston upon Thames,2021-03-24,0.21,0.04,0.00,0.00,0.00,0.00,0.00,inferred
Kingston upon Thames,2021-03-25,0.21,0.04,0.00,0.00,0.00,0.00,0.00,inferred
Kingston upon Thames,2021-03-26,0.21,0.04,0.00,0.00,0.00,0.00,0.00,inferred
Kingston upon Thames,2021-03-27,0.21,0.04,0.00,0.00,0.00,0.00,0.00,inferred
Kingston upon Thames,2021-03-28,0.21,0.04,0.00,0.00,0.00,0.00,0.00,inferred
Kingston upon Thames,2021-03-29,0.21,0.04,0.00,0.00,0.00,0.00,0.00,inferred
Kingston upon Thames,2021-03-30,0.66,0.38,0.13,0.03,0.00,0.00,0.00,inferred
Kingston upon Thames,2021-03-31,0.66,0.38,0.13,0.03,0.00,0.00,0.00,inferred
Kingston upon Thames,2021-04-01,0.66,0.38,0.13,0.03,0.00,0.00,0.00,inferred
Kingston upon Thames,2021-04-02,0.66,0.38,0.13,0.03,0.00,0.00,0.00,inferred
Kingston upon Thames,2021-04-03,0.66,0.38,0.13,0.03,0.00,0.00,0.00,inferred
Kingston upon Thames,2021-04-04,0.66,0.38,0.13,0.03,0.00,0.00,0.00,inferred
Kingston upon Thames,2021-04-05,0.66,0.38,0.13,0.03,0.00,0.00,0.00,inferred
Kingston upon Thames,2021-04-06,0.67,0.37,0.16,0.06,0.01,0.00,0.00,inferred
Kingston upon Thames,2021-04-07,0.67,0.37,0.16,0.06,0.01,0.00,0.00,inferred
Kingston upon Thames,2021-04-08,0.67,0.37,0.16,0.06,0.01,0.00,0.00,inferred
Kingston upon Thames,2021-04-09,0.67,0.37,0.16,0.06,0.01,0.00,0.00,inferred
Kingston upon Thames,2021-04-10,0.67,0.37,0.16,0.06,0.01,0.00,0.00,inferred
Kingston upon Thames,2021-04-11,0.67,0.37,0.16,0.06,0.01,0.00,0.00,inferred
Kingston upon Thames,2021-04-12,0.67,0.37,0.16,0.06,0.01,0.00,0.00,inferred
Kingston upon Thames,2021-04-13,0.84,0.64,0.38,0.18,0.06,0.00,0.00,inferred
Kingston upon Thames,2021-04-14,0.84,0.64,0.38,0.18,0.06,0.00,0.00,inferred
Kingston upon Thames,2021-04-15,0.84,0.64,0.38,0.18,0.06,0.00,0.00,inferred
Kingston upon Thames,2021-04-16,0.84,0.64,0.38,0.18,0.06,0.00,0.00,inferred
Kingston upon Thames,2021-04-17,0.84,0.64,0.38,0.18,0.06,0.00,0.00,inferred
Kingston upon Thames,2021-04-18,0.84,0.64,0.38,0.18,0.06,0.00,0.00,inferred
Kingston upon Thames,2021-04-19,0.84,0.64,0.38,0.18,0.06,0.00,0.00,inferred
Kingston upon Thames,2021-04-20,0.49,0.24,0.09,0.03,0.01,0.00,0.00,inferred
Kingston upon Thames,2021-04-21,0.49,0.24,0.09,0.03,0.01,0.00,0.00,inferred
Kingston upon Thames,2021-04-22,0.49,0.24,0.09,0.03,0.01,0.00,0.00,inferred
Kingston upon Thames,2021-04-23,0.49,0.24,0.09,0.03,0.01,0.00,0.00,inferred
Kingston upon Thames,2021-04-24,0.49,0.24,0.09,0.03,0.01,0.00,0.00,inferred
Kingston upon Thames,2021-04-25,0.49,0.24,0.09,0.03,0.01,0.00,0.00,inferred
Kingston upon Thames,2021-04-26,0.49,0.24,0.09,0.03,0.01,0.00,0.00,inferred
Kingston upon Thames,2021-04-27,0.98,0.94,0.82,0.63,0.42,0.03,0.00,inferred
Kingston upon Thames,2021-04-28,0.98,0.94,0.82,0.63,0.42,0.03,0.00,inferred
Kingston upon Thames,2021-04-29,0.98,0.94,0.82,0.63,0.42,0.03,0.00,inferred
Kingston upon Thames,2021-04-30,0.98,0.94,0.82,0.63,0.42,0.03,0.00,inferred
Kingston upon Thames,2021-05-01,0.98,0.94,0.82,0.63,0.42,0.03,0.00,inferred
Kingston upon Thames,2021-05-02,0.98,0.94,0.82,0.63,0.42,0.03,0.00,inferred
Kingston upon Thames,2021-05-03,0.98,0.94,0.82,0.63,0.42,0.03,0.00,inferred
Kingston upon Thames,2021-05-04,1.00,1.00,0.99,0.95,0.84,0.24,0.00,inferred
Kingston upon Thames,2021-05-05,1.00,1.00,0.99,0.95,0.84,0.24,0.00,inferred
Kingston upon Thames,2021-05-06,1.00,1.00,0.99,0.95,0.84,0.24,0.00,inferred
Kingston upon Thames,2021-05-07,1.00,1.00,0.99,0.95,0.84,0.24,0.00,inferred
Kingston upon Thames,2021-05-08,1.00,1.00,0.99,0.95,0.84,0.24,0.00,inferred
Kingston upon Thames,2021-05-09,1.00,1.00,0.99,0.95,0.84,0.24,0.00,inferred
Kingston upon Thames,2021-05-10,1.00,1.00,0.99,0.95,0.84,0.24,0.00,inferred
Kingston upon Thames,2021-05-11,1.00,1.00,1.00,0.99,0.93,0.45,0.01,inferred
Kingston upon Thames,2021-05-12,1.00,1.00,1.00,0.99,0.93,0.45,0.01,inferred
Kingston upon Thames,2021-05-13,1.00,1.00,1.00,0.99,0.93,0.45,0.01,inferred
Kingston upon Thames,2021-05-14,1.00,1.00,1.00,0.99,0.93,0.45,0.01,inferred
Kingston upon Thames,2021-05-15,1.00,1.00,1.00,0.99,0.93,0.45,0.01,inferred
Kingston upon Thames,2021-05-16,1.00,1.00,1.00,0.99,0.93,0.45,0.01,inferred
Kingston upon Thames,2021-05-17,1.00,1.00,1.00,0.99,0.93,0.45,0.01,inferred
Kingston upon Thames,2021-05-18,1.00,1.00,1.00,0.99,0.97,0.61,0.03,inferred
Kingston upon Thames,2021-05-19,1.00,1.00,1.00,0.99,0.97,0.61,0.03,inferred
Kingston upon Thames,2021-05-20,1.00,1.00,1.00,0.99,0.97,0.61,0.03,inferred
Kingston upon Thames,2021-05-21,1.00,1.00,1.00,0.99,0.97,0.61,0.03,inferred
Kingston upon Thames,2021-05-22,1.00,1.00,1.00,0.99,0.97,0.61,0.03,inferred
Kingston upon Thames,2021-05-23,1.00,1.00,1.00,0.99,0.97,0.61,0.03,inferred
Kingston upon Thames,2021-05-24,1.00,1.00,1.00,0.99,0.97,0.61,0.03,inferred
Kingston upon Thames,2021-05-25,1.00,0.99,0.94,0.79,0.54,0.05,0.00,inferred
Kingston upon Thames,2021-05-26,1.00,0.99,0.94,0.79,0.54,0.05,0.00,inferred
Kingston upon Thames,2021-05-27,1.00,0.99,0.94,0.79,0.54,0.05,0.00,inferred
Kingston upon Thames,2021-05-28,1.00,0.99,0.94,0.79,0.54,0.05,0.00,inferred
Kingston upon Thames,2021-05-29,1.00,0.99,0.94,0.79,0.54,0.05,0.00,inferred
Kingston upon Thames,2021-05-30,1.00,0.99,0.94,0.79,0.54,0.05,0.00,inferred
Kingston upon Thames,2021-05-31,1.00,0.99,0.94,0.79,0.54,0.05,0.00,inferred
Kingston upon Thames,2021-06-01,0.99,0.93,0.67,0.35,0.10,0.00,0.00,inferred
Kingston upon Thames,2021-06-02,0.99,0.93,0.67,0.35,0.10,0.00,0.00,inferred
Kingston upon Thames,2021-06-03,0.99,0.93,0.67,0.35,0.10,0.00,0.00,inferred
Kingston upon Thames,2021-06-04,0.99,0.93,0.67,0.35,0.10,0.00,0.00,inferred
Kingston upon Thames,2021-06-05,0.99,0.93,0.67,0.35,0.10,0.00,0.00,inferred
Kingston upon Thames,2021-06-06,0.99,0.93,0.67,0.35,0.10,0.00,0.00,inferred
Kingston upon Thames,2021-06-07,0.99,0.93,0.67,0.35,0.10,0.00,0.00,inferred
Kingston upon Thames,2021-06-08,0.98,0.81,0.42,0.12,0.02,0.00,0.00,inferred
Kingston upon Thames,2021-06-09,0.98,0.81,0.42,0.12,0.02,0.00,0.00,inferred
Kingston upon Thames,2021-06-10,0.98,0.81,0.42,0.12,0.02,0.00,0.00,inferred
Kingston upon Thames,2021-06-11,0.98,0.81,0.42,0.12,0.02,0.00,0.00,inferred
Kingston upon Thames,2021-06-12,0.98,0.81,0.42,0.12,0.02,0.00,0.00,inferred
Kingston upon Thames,2021-06-13,0.98,0.81,0.42,0.12,0.02,0.00,0.00,inferred
Kingston upon Thames,2021-06-14,0.98,0.81,0.42,0.12,0.02,0.00,0.00,inferred
Kingston upon Thames,2021-06-15,1.00,1.00,1.00,1.00,1.00,0.72,0.00,inferred
Kingston upon Thames,2021-06-16,1.00,1.00,1.00,1.00,1.00,0.72,0.00,inferred
Kingston upon Thames,2021-06-17,1.00,1.00,1.00,1.00,1.00,0.72,0.00,inferred
Kingston upon Thames,2021-06-18,1.00,1.00,1.00,1.00,1.00,0.72,0.00,inferred
Kingston upon Thames,2021-06-19,1.00,1.00,1.00,1.00,1.00,0.72,0.00,inferred
Kingston upon Thames,2021-06-20,1.00,1.00,1.00,1.00,1.00,0.72,0.00,inferred
Kingston upon Thames,2021-06-21,1.00,1.00,1.00,1.00,1.00,0.72,0.00,inferred
Kingston upon Thames,2021-06-22,1.00,1.00,1.00,1.00,0.98,0.55,0.00,inferred
Kingston upon Thames,2021-06-23,1.00,1.00,1.00,1.00,0.98,0.55,0.00,inferred
Kingston upon Thames,2021-06-24,1.00,1.00,1.00,1.00,0.98,0.55,0.00,inferred
Kingston upon Thames,2021-06-25,1.00,1.00,1.00,1.00,0.98,0.55,0.00,inferred
Kingston upon Thames,2021-06-26,1.00,1.00,1.00,1.00,0.98,0.55,0.00,inferred
Kingston upon Thames,2021-06-27,1.00,1.00,1.00,1.00,0.98,0.55,0.00,inferred
Kingston upon Thames,2021-06-28,1.00,1.00,1.00,1.00,0.98,0.55,0.00,inferred
Kingston upon Thames,2021-06-29,1.00,1.00,0.97,0.87,0.67,0.13,0.00,inferred
Kingston upon Thames,2021-06-30,1.00,1.00,0.97,0.87,0.67,0.13,0.00,inferred
Kingston upon Thames,2021-07-01,1.00,1.00,0.97,0.87,0.67,0.13,0.00,inferred
Kingston upon Thames,2021-07-02,1.00,1.00,0.97,0.87,0.67,0.13,0.00,inferred
Kingston upon Thames,2021-07-03,1.00,1.00,0.97,0.87,0.67,0.13,0.00,inferred
Kingston upon Thames,2021-07-04,1.00,1.00,0.97,0.87,0.67,0.13,0.00,inferred
Kingston upon Thames,2021-07-05,1.00,1.00,0.97,0.87,0.67,0.13,0.00,inferred
Kingston upon Thames,2021-07-06,0.99,0.96,0.89,0.76,0.61,0.19,0.02,projected
Kingston upon Thames,2021-07-07,0.99,0.96,0.89,0.76,0.61,0.19,0.02,projected
Kingston upon Thames,2021-07-08,0.99,0.96,0.89,0.76,0.61,0.19,0.02,projected
Kingston upon Thames,2021-07-09,0.99,0.96,0.89,0.76,0.61,0.19,0.02,projected
Kingston upon Thames,2021-07-10,0.99,0.96,0.89,0.76,0.61,0.19,0.02,projected
Kingston upon Thames,2021-07-11,0.99,0.96,0.89,0.76,0.61,0.19,0.02,projected
Kingston upon Thames,2021-07-12,0.99,0.96,0.89,0.76,0.61,0.19,0.02,projected
Kingston upon Thames,2021-07-13,0.98,0.94,0.86,0.73,0.58,0.24,0.03,projected
Kingston upon Thames,2021-07-14,0.98,0.94,0.86,0.73,0.58,0.24,0.03,projected
Kingston upon Thames,2021-07-15,0.98,0.94,0.86,0.73,0.58,0.24,0.03,projected
Kingston upon Thames,2021-07-16,0.98,0.94,0.86,0.73,0.58,0.24,0.03,projected
Kingston upon Thames,2021-07-17,0.98,0.94,0.86,0.73,0.58,0.24,0.03,projected
Kingston upon Thames,2021-07-18,0.98,0.94,0.86,0.73,0.58,0.24,0.03,projected
Kingston upon Thames,2021-07-19,0.98,0.94,0.86,0.73,0.58,0.24,0.03,projected
Kingston upon Thames,2021-07-20,0.98,0.94,0.84,0.72,0.60,0.26,0.04,projected
Kingston upon Thames,2021-07-21,0.98,0.94,0.84,0.72,0.60,0.26,0.04,projected
Kingston upon Thames,2021-07-22,0.98,0.94,0.84,0.72,0.60,0.26,0.04,projected
Kingston upon Thames,2021-07-23,0.98,0.94,0.84,0.72,0.60,0.26,0.04,projected
Kingston upon Thames,2021-07-24,0.98,0.94,0.84,0.72,0.60,0.26,0.04,projected
Kingston upon Thames,2021-07-25,0.98,0.94,0.84,0.72,0.60,0.26,0.04,projected
Kingston upon Thames,2021-07-26,0.98,0.94,0.84,0.72,0.60,0.26,0.04,projected
Kirklees,2021-03-23,0.26,0.03,0.00,0.00,0.00,0.00,0.00,inferred
Kirklees,2021-03-24,0.26,0.03,0.00,0.00,0.00,0.00,0.00,inferred
Kirklees,2021-03-25,0.26,0.03,0.00,0.00,0.00,0.00,0.00,inferred
Kirklees,2021-03-26,0.26,0.03,0.00,0.00,0.00,0.00,0.00,inferred
Kirklees,2021-03-27,0.26,0.03,0.00,0.00,0.00,0.00,0.00,inferred
Kirklees,2021-03-28,0.26,0.03,0.00,0.00,0.00,0.00,0.00,inferred
Kirklees,2021-03-29,0.26,0.03,0.00,0.00,0.00,0.00,0.00,inferred
Kirklees,2021-03-30,0.98,0.83,0.42,0.09,0.01,0.00,0.00,inferred
Kirklees,2021-03-31,0.98,0.83,0.42,0.09,0.01,0.00,0.00,inferred
Kirklees,2021-04-01,0.98,0.83,0.42,0.09,0.01,0.00,0.00,inferred
Kirklees,2021-04-02,0.98,0.83,0.42,0.09,0.01,0.00,0.00,inferred
Kirklees,2021-04-03,0.98,0.83,0.42,0.09,0.01,0.00,0.00,inferred
Kirklees,2021-04-04,0.98,0.83,0.42,0.09,0.01,0.00,0.00,inferred
Kirklees,2021-04-05,0.98,0.83,0.42,0.09,0.01,0.00,0.00,inferred
Kirklees,2021-04-06,0.43,0.12,0.01,0.00,0.00,0.00,0.00,inferred
Kirklees,2021-04-07,0.43,0.12,0.01,0.00,0.00,0.00,0.00,inferred
Kirklees,2021-04-08,0.43,0.12,0.01,0.00,0.00,0.00,0.00,inferred
Kirklees,2021-04-09,0.43,0.12,0.01,0.00,0.00,0.00,0.00,inferred
Kirklees,2021-04-10,0.43,0.12,0.01,0.00,0.00,0.00,0.00,inferred
Kirklees,2021-04-11,0.43,0.12,0.01,0.00,0.00,0.00,0.00,inferred
Kirklees,2021-04-12,0.43,0.12,0.01,0.00,0.00,0.00,0.00,inferred
Kirklees,2021-04-13,0.98,0.90,0.57,0.21,0.04,0.00,0.00,inferred
Kirklees,2021-04-14,0.98,0.90,0.57,0.21,0.04,0.00,0.00,inferred
Kirklees,2021-04-15,0.98,0.90,0.57,0.21,0.04,0.00,0.00,inferred
Kirklees,2021-04-16,0.98,0.90,0.57,0.21,0.04,0.00,0.00,inferred
Kirklees,2021-04-17,0.98,0.90,0.57,0.21,0.04,0.00,0.00,inferred
Kirklees,2021-04-18,0.98,0.90,0.57,0.21,0.04,0.00,0.00,inferred
Kirklees,2021-04-19,0.98,0.90,0.57,0.21,0.04,0.00,0.00,inferred
Kirklees,2021-04-20,0.86,0.48,0.13,0.02,0.00,0.00,0.00,inferred
Kirklees,2021-04-21,0.86,0.48,0.13,0.02,0.00,0.00,0.00,inferred
Kirklees,2021-04-22,0.86,0.48,0.13,0.02,0.00,0.00,0.00,inferred
Kirklees,2021-04-23,0.86,0.48,0.13,0.02,0.00,0.00,0.00,inferred
Kirklees,2021-04-24,0.86,0.48,0.13,0.02,0.00,0.00,0.00,inferred
Kirklees,2021-04-25,0.86,0.48,0.13,0.02,0.00,0.00,0.00,inferred
Kirklees,2021-04-26,0.86,0.48,0.13,0.02,0.00,0.00,0.00,inferred
Kirklees,2021-04-27,0.99,0.89,0.61,0.26,0.05,0.00,0.00,inferred
Kirklees,2021-04-28,0.99,0.89,0.61,0.26,0.05,0.00,0.00,inferred
Kirklees,2021-04-29,0.99,0.89,0.61,0.26,0.05,0.00,0.00,inferred
Kirklees,2021-04-30,0.99,0.89,0.61,0.26,0.05,0.00,0.00,inferred
Kirklees,2021-05-01,0.99,0.89,0.61,0.26,0.05,0.00,0.00,inferred
Kirklees,2021-05-02,0.99,0.89,0.61,0.26,0.05,0.00,0.00,inferred
Kirklees,2021-05-03,0.99,0.89,0.61,0.26,0.05,0.00,0.00,inferred
Kirklees,2021-05-04,1.00,1.00,1.00,0.96,0.80,0.06,0.00,inferred
Kirklees,2021-05-05,1.00,1.00,1.00,0.96,0.80,0.06,0.00,inferred
Kirklees,2021-05-06,1.00,1.00,1.00,0.96,0.80,0.06,0.00,inferred
Kirklees,2021-05-07,1.00,1.00,1.00,0.96,0.80,0.06,0.00,inferred
Kirklees,2021-05-08,1.00,1.00,1.00,0.96,0.80,0.06,0.00,inferred
Kirklees,2021-05-09,1.00,1.00,1.00,0.96,0.80,0.06,0.00,inferred
Kirklees,2021-05-10,1.00,1.00,1.00,0.96,0.80,0.06,0.00,inferred
Kirklees,2021-05-11,1.00,1.00,1.00,1.00,0.97,0.40,0.00,inferred
Kirklees,2021-05-12,1.00,1.00,1.00,1.00,0.97,0.40,0.00,inferred
Kirklees,2021-05-13,1.00,1.00,1.00,1.00,0.97,0.40,0.00,inferred
Kirklees,2021-05-14,1.00,1.00,1.00,1.00,0.97,0.40,0.00,inferred
Kirklees,2021-05-15,1.00,1.00,1.00,1.00,0.97,0.40,0.00,inferred
Kirklees,2021-05-16,1.00,1.00,1.00,1.00,0.97,0.40,0.00,inferred
Kirklees,2021-05-17,1.00,1.00,1.00,1.00,0.97,0.40,0.00,inferred
Kirklees,2021-05-18,1.00,0.95,0.74,0.36,0.10,0.00,0.00,inferred
Kirklees,2021-05-19,1.00,0.95,0.74,0.36,0.10,0.00,0.00,inferred
Kirklees,2021-05-20,1.00,0.95,0.74,0.36,0.10,0.00,0.00,inferred
Kirklees,2021-05-21,1.00,0.95,0.74,0.36,0.10,0.00,0.00,inferred
Kirklees,2021-05-22,1.00,0.95,0.74,0.36,0.10,0.00,0.00,inferred
Kirklees,2021-05-23,1.00,0.95,0.74,0.36,0.10,0.00,0.00,inferred
Kirklees,2021-05-24,1.00,0.95,0.74,0.36,0.10,0.00,0.00,inferred
Kirklees,2021-05-25,0.99,0.88,0.50,0.10,0.01,0.00,0.00,inferred
Kirklees,2021-05-26,0.99,0.88,0.50,0.10,0.01,0.00,0.00,inferred
Kirklees,2021-05-27,0.99,0.88,0.50,0.10,0.01,0.00,0.00,inferred
Kirklees,2021-05-28,0.99,0.88,0.50,0.10,0.01,0.00,0.00,inferred
Kirklees,2021-05-29,0.99,0.88,0.50,0.10,0.01,0.00,0.00,inferred
Kirklees,2021-05-30,0.99,0.88,0.50,0.10,0.01,0.00,0.00,inferred
Kirklees,2021-05-31,0.99,0.88,0.50,0.10,0.01,0.00,0.00,inferred
Kirklees,2021-06-01,0.99,0.82,0.42,0.08,0.01,0.00,0.00,inferred
Kirklees,2021-06-02,0.99,0.82,0.42,0.08,0.01,0.00,0.00,inferred
Kirklees,2021-06-03,0.99,0.82,0.42,0.08,0.01,0.00,0.00,inferred
Kirklees,2021-06-04,0.99,0.82,0.42,0.08,0.01,0.00,0.00,inferred
Kirklees,2021-06-05,0.99,0.82,0.42,0.08,0.01,0.00,0.00,inferred
Kirklees,2021-06-06,0.99,0.82,0.42,0.08,0.01,0.00,0.00,inferred
Kirklees,2021-06-07,0.99,0.82,0.42,0.08,0.01,0.00,0.00,inferred
Kirklees,2021-06-08,1.00,0.95,0.65,0.23,0.04,0.00,0.00,inferred
Kirklees,2021-06-09,1.00,0.95,0.65,0.23,0.04,0.00,0.00,inferred
Kirklees,2021-06-10,1.00,0.95,0.65,0.23,0.04,0.00,0.00,inferred
Kirklees,2021-06-11,1.00,0.95,0.65,0.23,0.04,0.00,0.00,inferred
Kirklees,2021-06-12,1.00,0.95,0.65,0.23,0.04,0.00,0.00,inferred
Kirklees,2021-06-13,1.00,0.95,0.65,0.23,0.04,0.00,0.00,inferred
Kirklees,2021-06-14,1.00,0.95,0.65,0.23,0.04,0.00,0.00,inferred
Kirklees,2021-06-15,1.00,1.00,1.00,1.00,1.00,0.79,0.00,inferred
Kirklees,2021-06-16,1.00,1.00,1.00,1.00,1.00,0.79,0.00,inferred
Kirklees,2021-06-17,1.00,1.00,1.00,1.00,1.00,0.79,0.00,inferred
Kirklees,2021-06-18,1.00,1.00,1.00,1.00,1.00,0.79,0.00,inferred
Kirklees,2021-06-19,1.00,1.00,1.00,1.00,1.00,0.79,0.00,inferred
Kirklees,2021-06-20,1.00,1.00,1.00,1.00,1.00,0.79,0.00,inferred
Kirklees,2021-06-21,1.00,1.00,1.00,1.00,1.00,0.79,0.00,inferred
Kirklees,2021-06-22,1.00,1.00,1.00,1.00,0.99,0.55,0.00,inferred
Kirklees,2021-06-23,1.00,1.00,1.00,1.00,0.99,0.55,0.00,inferred
Kirklees,2021-06-24,1.00,1.00,1.00,1.00,0.99,0.55,0.00,inferred
Kirklees,2021-06-25,1.00,1.00,1.00,1.00,0.99,0.55,0.00,inferred
Kirklees,2021-06-26,1.00,1.00,1.00,1.00,0.99,0.55,0.00,inferred
Kirklees,2021-06-27,1.00,1.00,1.00,1.00,0.99,0.55,0.00,inferred
Kirklees,2021-06-28,1.00,1.00,1.00,1.00,0.99,0.55,0.00,inferred
Kirklees,2021-06-29,1.00,1.00,1.00,0.98,0.92,0.45,0.01,inferred
Kirklees,2021-06-30,1.00,1.00,1.00,0.98,0.92,0.45,0.01,inferred
Kirklees,2021-07-01,1.00,1.00,1.00,0.98,0.92,0.45,0.01,inferred
Kirklees,2021-07-02,1.00,1.00,1.00,0.98,0.92,0.45,0.01,inferred
Kirklees,2021-07-03,1.00,1.00,1.00,0.98,0.92,0.45,0.01,inferred
Kirklees,2021-07-04,1.00,1.00,1.00,0.98,0.92,0.45,0.01,inferred
Kirklees,2021-07-05,1.00,1.00,1.00,0.98,0.92,0.45,0.01,inferred
Kirklees,2021-07-06,0.99,0.96,0.91,0.83,0.75,0.42,0.10,projected
Kirklees,2021-07-07,0.99,0.96,0.91,0.83,0.75,0.42,0.10,projected
Kirklees,2021-07-08,0.99,0.96,0.91,0.83,0.75,0.42,0.10,projected
Kirklees,2021-07-09,0.99,0.96,0.91,0.83,0.75,0.42,0.10,projected
Kirklees,2021-07-10,0.99,0.96,0.91,0.83,0.75,0.42,0.10,projected
Kirklees,2021-07-11,0.99,0.96,0.91,0.83,0.75,0.42,0.10,projected
Kirklees,2021-07-12,0.99,0.96,0.91,0.83,0.75,0.42,0.10,projected
Kirklees,2021-07-13,0.95,0.90,0.83,0.75,0.66,0.40,0.14,projected
Kirklees,2021-07-14,0.95,0.90,0.83,0.75,0.66,0.40,0.14,projected
Kirklees,2021-07-15,0.95,0.90,0.83,0.75,0.66,0.40,0.14,projected
Kirklees,2021-07-16,0.95,0.90,0.83,0.75,0.66,0.40,0.14,projected
Kirklees,2021-07-17,0.95,0.90,0.83,0.75,0.66,0.40,0.14,projected
Kirklees,2021-07-18,0.95,0.90,0.83,0.75,0.66,0.40,0.14,projected
Kirklees,2021-07-19,0.95,0.90,0.83,0.75,0.66,0.40,0.14,projected
Kirklees,2021-07-20,0.93,0.86,0.79,0.71,0.62,0.39,0.16,projected
Kirklees,2021-07-21,0.93,0.86,0.79,0.71,0.62,0.39,0.16,projected
Kirklees,2021-07-22,0.93,0.86,0.79,0.71,0.62,0.39,0.16,projected
Kirklees,2021-07-23,0.93,0.86,0.79,0.71,0.62,0.39,0.16,projected
Kirklees,2021-07-24,0.93,0.86,0.79,0.71,0.62,0.39,0.16,projected
Kirklees,2021-07-25,0.93,0.86,0.79,0.71,0.62,0.39,0.16,projected
Kirklees,2021-07-26,0.93,0.86,0.79,0.71,0.62,0.39,0.16,projected
Knowsley,2021-03-23,0.08,0.02,0.00,0.00,0.00,0.00,0.00,inferred
Knowsley,2021-03-24,0.08,0.02,0.00,0.00,0.00,0.00,0.00,inferred
Knowsley,2021-03-25,0.08,0.02,0.00,0.00,0.00,0.00,0.00,inferred
Knowsley,2021-03-26,0.08,0.02,0.00,0.00,0.00,0.00,0.00,inferred
Knowsley,2021-03-27,0.08,0.02,0.00,0.00,0.00,0.00,0.00,inferred
Knowsley,2021-03-28,0.08,0.02,0.00,0.00,0.00,0.00,0.00,inferred
Knowsley,2021-03-29,0.08,0.02,0.00,0.00,0.00,0.00,0.00,inferred
Knowsley,2021-03-30,0.42,0.20,0.08,0.03,0.01,0.00,0.00,inferred
Knowsley,2021-03-31,0.42,0.20,0.08,0.03,0.01,0.00,0.00,inferred
Knowsley,2021-04-01,0.42,0.20,0.08,0.03,0.01,0.00,0.00,inferred
Knowsley,2021-04-02,0.42,0.20,0.08,0.03,0.01,0.00,0.00,inferred
Knowsley,2021-04-03,0.42,0.20,0.08,0.03,0.01,0.00,0.00,inferred
Knowsley,2021-04-04,0.42,0.20,0.08,0.03,0.01,0.00,0.00,inferred
Knowsley,2021-04-05,0.42,0.20,0.08,0.03,0.01,0.00,0.00,inferred
Knowsley,2021-04-06,0.48,0.26,0.12,0.05,0.01,0.00,0.00,inferred
Knowsley,2021-04-07,0.48,0.26,0.12,0.05,0.01,0.00,0.00,inferred
Knowsley,2021-04-08,0.48,0.26,0.12,0.05,0.01,0.00,0.00,inferred
Knowsley,2021-04-09,0.48,0.26,0.12,0.05,0.01,0.00,0.00,inferred
Knowsley,2021-04-10,0.48,0.26,0.12,0.05,0.01,0.00,0.00,inferred
Knowsley,2021-04-11,0.48,0.26,0.12,0.05,0.01,0.00,0.00,inferred
Knowsley,2021-04-12,0.48,0.26,0.12,0.05,0.01,0.00,0.00,inferred
Knowsley,2021-04-13,0.36,0.17,0.07,0.03,0.01,0.00,0.00,inferred
Knowsley,2021-04-14,0.36,0.17,0.07,0.03,0.01,0.00,0.00,inferred
Knowsley,2021-04-15,0.36,0.17,0.07,0.03,0.01,0.00,0.00,inferred
Knowsley,2021-04-16,0.36,0.17,0.07,0.03,0.01,0.00,0.00,inferred
Knowsley,2021-04-17,0.36,0.17,0.07,0.03,0.01,0.00,0.00,inferred
Knowsley,2021-04-18,0.36,0.17,0.07,0.03,0.01,0.00,0.00,inferred
Knowsley,2021-04-19,0.36,0.17,0.07,0.03,0.01,0.00,0.00,inferred
Knowsley,2021-04-20,0.59,0.38,0.22,0.11,0.05,0.00,0.00,inferred
Knowsley,2021-04-21,0.59,0.38,0.22,0.11,0.05,0.00,0.00,inferred
Knowsley,2021-04-22,0.59,0.38,0.22,0.11,0.05,0.00,0.00,inferred
Knowsley,2021-04-23,0.59,0.38,0.22,0.11,0.05,0.00,0.00,inferred
Knowsley,2021-04-24,0.59,0.38,0.22,0.11,0.05,0.00,0.00,inferred
Knowsley,2021-04-25,0.59,0.38,0.22,0.11,0.05,0.00,0.00,inferred
Knowsley,2021-04-26,0.59,0.38,0.22,0.11,0.05,0.00,0.00,inferred
Knowsley,2021-04-27,0.92,0.84,0.69,0.51,0.34,0.05,0.00,inferred
Knowsley,2021-04-28,0.92,0.84,0.69,0.51,0.34,0.05,0.00,inferred
Knowsley,2021-04-29,0.92,0.84,0.69,0.51,0.34,0.05,0.00,inferred
Knowsley,2021-04-30,0.92,0.84,0.69,0.51,0.34,0.05,0.00,inferred
Knowsley,2021-05-01,0.92,0.84,0.69,0.51,0.34,0.05,0.00,inferred
Knowsley,2021-05-02,0.92,0.84,0.69,0.51,0.34,0.05,0.00,inferred
Knowsley,2021-05-03,0.92,0.84,0.69,0.51,0.34,0.05,0.00,inferred
Knowsley,2021-05-04,0.38,0.21,0.10,0.05,0.02,0.00,0.00,inferred
Knowsley,2021-05-05,0.38,0.21,0.10,0.05,0.02,0.00,0.00,inferred
Knowsley,2021-05-06,0.38,0.21,0.10,0.05,0.02,0.00,0.00,inferred
Knowsley,2021-05-07,0.38,0.21,0.10,0.05,0.02,0.00,0.00,inferred
Knowsley,2021-05-08,0.38,0.21,0.10,0.05,0.02,0.00,0.00,inferred
Knowsley,2021-05-09,0.38,0.21,0.10,0.05,0.02,0.00,0.00,inferred
Knowsley,2021-05-10,0.38,0.21,0.10,0.05,0.02,0.00,0.00,inferred
Knowsley,2021-05-11,0.68,0.49,0.34,0.21,0.11,0.01,0.00,inferred
Knowsley,2021-05-12,0.68,0.49,0.34,0.21,0.11,0.01,0.00,inferred
Knowsley,2021-05-13,0.68,0.49,0.34,0.21,0.11,0.01,0.00,inferred
Knowsley,2021-05-14,0.68,0.49,0.34,0.21,0.11,0.01,0.00,inferred
Knowsley,2021-05-15,0.68,0.49,0.34,0.21,0.11,0.01,0.00,inferred
Knowsley,2021-05-16,0.68,0.49,0.34,0.21,0.11,0.01,0.00,inferred
Knowsley,2021-05-17,0.68,0.49,0.34,0.21,0.11,0.01,0.00,inferred
Knowsley,2021-05-18,1.00,1.00,1.00,0.99,0.98,0.81,0.24,inferred
Knowsley,2021-05-19,1.00,1.00,1.00,0.99,0.98,0.81,0.24,inferred
Knowsley,2021-05-20,1.00,1.00,1.00,0.99,0.98,0.81,0.24,inferred
Knowsley,2021-05-21,1.00,1.00,1.00,0.99,0.98,0.81,0.24,inferred
Knowsley,2021-05-22,1.00,1.00,1.00,0.99,0.98,0.81,0.24,inferred
Knowsley,2021-05-23,1.00,1.00,1.00,0.99,0.98,0.81,0.24,inferred
Knowsley,2021-05-24,1.00,1.00,1.00,0.99,0.98,0.81,0.24,inferred
Knowsley,2021-05-25,1.00,1.00,1.00,1.00,1.00,1.00,0.91,inferred
Knowsley,2021-05-26,1.00,1.00,1.00,1.00,1.00,1.00,0.91,inferred
Knowsley,2021-05-27,1.00,1.00,1.00,1.00,1.00,1.00,0.91,inferred
Knowsley,2021-05-28,1.00,1.00,1.00,1.00,1.00,1.00,0.91,inferred
Knowsley,2021-05-29,1.00,1.00,1.00,1.00,1.00,1.00,0.91,inferred
Knowsley,2021-05-30,1.00,1.00,1.00,1.00,1.00,1.00,0.91,inferred
Knowsley,2021-05-31,1.00,1.00,1.00,1.00,1.00,1.00,0.91,inferred
Knowsley,2021-06-01,1.00,1.00,1.00,1.00,1.00,0.97,0.73,inferred
Knowsley,2021-06-02,1.00,1.00,1.00,1.00,1.00,0.97,0.73,inferred
Knowsley,2021-06-03,1.00,1.00,1.00,1.00,1.00,0.97,0.73,inferred
Knowsley,2021-06-04,1.00,1.00,1.00,1.00,1.00,0.97,0.73,inferred
Knowsley,2021-06-05,1.00,1.00,1.00,1.00,1.00,0.97,0.73,inferred
Knowsley,2021-06-06,1.00,1.00,1.00,1.00,1.00,0.97,0.73,inferred
Knowsley,2021-06-07,1.00,1.00,1.00,1.00,1.00,0.97,0.73,inferred
Knowsley,2021-06-08,1.00,1.00,1.00,1.00,1.00,0.99,0.71,inferred
Knowsley,2021-06-09,1.00,1.00,1.00,1.00,1.00,0.99,0.71,inferred
Knowsley,2021-06-10,1.00,1.00,1.00,1.00,1.00,0.99,0.71,inferred
Knowsley,2021-06-11,1.00,1.00,1.00,1.00,1.00,0.99,0.71,inferred
Knowsley,2021-06-12,1.00,1.00,1.00,1.00,1.00,0.99,0.71,inferred
Knowsley,2021-06-13,1.00,1.00,1.00,1.00,1.00,0.99,0.71,inferred
Knowsley,2021-06-14,1.00,1.00,1.00,1.00,1.00,0.99,0.71,inferred
Knowsley,2021-06-15,1.00,1.00,1.00,1.00,1.00,0.91,0.23,inferred
Knowsley,2021-06-16,1.00,1.00,1.00,1.00,1.00,0.91,0.23,inferred
Knowsley,2021-06-17,1.00,1.00,1.00,1.00,1.00,0.91,0.23,inferred
Knowsley,2021-06-18,1.00,1.00,1.00,1.00,1.00,0.91,0.23,inferred
Knowsley,2021-06-19,1.00,1.00,1.00,1.00,1.00,0.91,0.23,inferred
Knowsley,2021-06-20,1.00,1.00,1.00,1.00,1.00,0.91,0.23,inferred
Knowsley,2021-06-21,1.00,1.00,1.00,1.00,1.00,0.91,0.23,inferred
Knowsley,2021-06-22,1.00,1.00,1.00,1.00,0.94,0.33,0.00,inferred
Knowsley,2021-06-23,1.00,1.00,1.00,1.00,0.94,0.33,0.00,inferred
Knowsley,2021-06-24,1.00,1.00,1.00,1.00,0.94,0.33,0.00,inferred
Knowsley,2021-06-25,1.00,1.00,1.00,1.00,0.94,0.33,0.00,inferred
Knowsley,2021-06-26,1.00,1.00,1.00,1.00,0.94,0.33,0.00,inferred
Knowsley,2021-06-27,1.00,1.00,1.00,1.00,0.94,0.33,0.00,inferred
Knowsley,2021-06-28,1.00,1.00,1.00,1.00,0.94,0.33,0.00,inferred
Knowsley,2021-06-29,0.46,0.20,0.05,0.01,0.00,0.00,0.00,inferred
Knowsley,2021-06-30,0.46,0.20,0.05,0.01,0.00,0.00,0.00,inferred
Knowsley,2021-07-01,0.46,0.20,0.05,0.01,0.00,0.00,0.00,inferred
Knowsley,2021-07-02,0.46,0.20,0.05,0.01,0.00,0.00,0.00,inferred
Knowsley,2021-07-03,0.46,0.20,0.05,0.01,0.00,0.00,0.00,inferred
Knowsley,2021-07-04,0.46,0.20,0.05,0.01,0.00,0.00,0.00,inferred
Knowsley,2021-07-05,0.46,0.20,0.05,0.01,0.00,0.00,0.00,inferred
Knowsley,2021-07-06,0.52,0.37,0.23,0.14,0.09,0.02,0.00,projected
Knowsley,2021-07-07,0.52,0.37,0.23,0.14,0.09,0.02,0.00,projected
Knowsley,2021-07-08,0.52,0.37,0.23,0.14,0.09,0.02,0.00,projected
Knowsley,2021-07-09,0.52,0.37,0.23,0.14,0.09,0.02,0.00,projected
Knowsley,2021-07-10,0.52,0.37,0.23,0.14,0.09,0.02,0.00,projected
Knowsley,2021-07-11,0.52,0.37,0.23,0.14,0.09,0.02,0.00,projected
Knowsley,2021-07-12,0.52,0.37,0.23,0.14,0.09,0.02,0.00,projected
Knowsley,2021-07-13,0.56,0.44,0.32,0.22,0.15,0.05,0.01,projected
Knowsley,2021-07-14,0.56,0.44,0.32,0.22,0.15,0.05,0.01,projected
Knowsley,2021-07-15,0.56,0.44,0.32,0.22,0.15,0.05,0.01,projected
Knowsley,2021-07-16,0.56,0.44,0.32,0.22,0.15,0.05,0.01,projected
Knowsley,2021-07-17,0.56,0.44,0.32,0.22,0.15,0.05,0.01,projected
Knowsley,2021-07-18,0.56,0.44,0.32,0.22,0.15,0.05,0.01,projected
Knowsley,2021-07-19,0.56,0.44,0.32,0.22,0.15,0.05,0.01,projected
Knowsley,2021-07-20,0.62,0.48,0.38,0.29,0.21,0.07,0.02,projected
Knowsley,2021-07-21,0.62,0.48,0.38,0.29,0.21,0.07,0.02,projected
Knowsley,2021-07-22,0.62,0.48,0.38,0.29,0.21,0.07,0.02,projected
Knowsley,2021-07-23,0.62,0.48,0.38,0.29,0.21,0.07,0.02,projected
Knowsley,2021-07-24,0.62,0.48,0.38,0.29,0.21,0.07,0.02,projected
Knowsley,2021-07-25,0.62,0.48,0.38,0.29,0.21,0.07,0.02,projected
Knowsley,2021-07-26,0.62,0.48,0.38,0.29,0.21,0.07,0.02,projected
Lambeth,2021-03-23,0.01,0.00,0.00,0.00,0.00,0.00,0.00,inferred
Lambeth,2021-03-24,0.01,0.00,0.00,0.00,0.00,0.00,0.00,inferred
Lambeth,2021-03-25,0.01,0.00,0.00,0.00,0.00,0.00,0.00,inferred
Lambeth,2021-03-26,0.01,0.00,0.00,0.00,0.00,0.00,0.00,inferred
Lambeth,2021-03-27,0.01,0.00,0.00,0.00,0.00,0.00,0.00,inferred
Lambeth,2021-03-28,0.01,0.00,0.00,0.00,0.00,0.00,0.00,inferred
Lambeth,2021-03-29,0.01,0.00,0.00,0.00,0.00,0.00,0.00,inferred
Lambeth,2021-03-30,0.86,0.64,0.37,0.15,0.05,0.00,0.00,inferred
Lambeth,2021-03-31,0.86,0.64,0.37,0.15,0.05,0.00,0.00,inferred
Lambeth,2021-04-01,0.86,0.64,0.37,0.15,0.05,0.00,0.00,inferred
Lambeth,2021-04-02,0.86,0.64,0.37,0.15,0.05,0.00,0.00,inferred
Lambeth,2021-04-03,0.86,0.64,0.37,0.15,0.05,0.00,0.00,inferred
Lambeth,2021-04-04,0.86,0.64,0.37,0.15,0.05,0.00,0.00,inferred
Lambeth,2021-04-05,0.86,0.64,0.37,0.15,0.05,0.00,0.00,inferred
Lambeth,2021-04-06,0.99,0.94,0.79,0.56,0.29,0.01,0.00,inferred
Lambeth,2021-04-07,0.99,0.94,0.79,0.56,0.29,0.01,0.00,inferred
Lambeth,2021-04-08,0.99,0.94,0.79,0.56,0.29,0.01,0.00,inferred
Lambeth,2021-04-09,0.99,0.94,0.79,0.56,0.29,0.01,0.00,inferred
Lambeth,2021-04-10,0.99,0.94,0.79,0.56,0.29,0.01,0.00,inferred
Lambeth,2021-04-11,0.99,0.94,0.79,0.56,0.29,0.01,0.00,inferred
Lambeth,2021-04-12,0.99,0.94,0.79,0.56,0.29,0.01,0.00,inferred
Lambeth,2021-04-13,0.95,0.83,0.60,0.32,0.13,0.00,0.00,inferred
Lambeth,2021-04-14,0.95,0.83,0.60,0.32,0.13,0.00,0.00,inferred
Lambeth,2021-04-15,0.95,0.83,0.60,0.32,0.13,0.00,0.00,inferred
Lambeth,2021-04-16,0.95,0.83,0.60,0.32,0.13,0.00,0.00,inferred
Lambeth,2021-04-17,0.95,0.83,0.60,0.32,0.13,0.00,0.00,inferred
Lambeth,2021-04-18,0.95,0.83,0.60,0.32,0.13,0.00,0.00,inferred
Lambeth,2021-04-19,0.95,0.83,0.60,0.32,0.13,0.00,0.00,inferred
Lambeth,2021-04-20,0.73,0.43,0.18,0.06,0.01,0.00,0.00,inferred
Lambeth,2021-04-21,0.73,0.43,0.18,0.06,0.01,0.00,0.00,inferred
Lambeth,2021-04-22,0.73,0.43,0.18,0.06,0.01,0.00,0.00,inferred
Lambeth,2021-04-23,0.73,0.43,0.18,0.06,0.01,0.00,0.00,inferred
Lambeth,2021-04-24,0.73,0.43,0.18,0.06,0.01,0.00,0.00,inferred
Lambeth,2021-04-25,0.73,0.43,0.18,0.06,0.01,0.00,0.00,inferred
Lambeth,2021-04-26,0.73,0.43,0.18,0.06,0.01,0.00,0.00,inferred
Lambeth,2021-04-27,1.00,0.97,0.86,0.67,0.39,0.01,0.00,inferred
Lambeth,2021-04-28,1.00,0.97,0.86,0.67,0.39,0.01,0.00,inferred
Lambeth,2021-04-29,1.00,0.97,0.86,0.67,0.39,0.01,0.00,inferred
Lambeth,2021-04-30,1.00,0.97,0.86,0.67,0.39,0.01,0.00,inferred
Lambeth,2021-05-01,1.00,0.97,0.86,0.67,0.39,0.01,0.00,inferred
Lambeth,2021-05-02,1.00,0.97,0.86,0.67,0.39,0.01,0.00,inferred
Lambeth,2021-05-03,1.00,0.97,0.86,0.67,0.39,0.01,0.00,inferred
Lambeth,2021-05-04,1.00,1.00,0.99,0.93,0.80,0.13,0.00,inferred
Lambeth,2021-05-05,1.00,1.00,0.99,0.93,0.80,0.13,0.00,inferred
Lambeth,2021-05-06,1.00,1.00,0.99,0.93,0.80,0.13,0.00,inferred
Lambeth,2021-05-07,1.00,1.00,0.99,0.93,0.80,0.13,0.00,inferred
Lambeth,2021-05-08,1.00,1.00,0.99,0.93,0.80,0.13,0.00,inferred
Lambeth,2021-05-09,1.00,1.00,0.99,0.93,0.80,0.13,0.00,inferred
Lambeth,2021-05-10,1.00,1.00,0.99,0.93,0.80,0.13,0.00,inferred
Lambeth,2021-05-11,1.00,1.00,1.00,1.00,0.98,0.52,0.01,inferred
Lambeth,2021-05-12,1.00,1.00,1.00,1.00,0.98,0.52,0.01,inferred
Lambeth,2021-05-13,1.00,1.00,1.00,1.00,0.98,0.52,0.01,inferred
Lambeth,2021-05-14,1.00,1.00,1.00,1.00,0.98,0.52,0.01,inferred
Lambeth,2021-05-15,1.00,1.00,1.00,1.00,0.98,0.52,0.01,inferred
Lambeth,2021-05-16,1.00,1.00,1.00,1.00,0.98,0.52,0.01,inferred
Lambeth,2021-05-17,1.00,1.00,1.00,1.00,0.98,0.52,0.01,inferred
Lambeth,2021-05-18,1.00,1.00,1.00,1.00,0.99,0.71,0.03,inferred
Lambeth,2021-05-19,1.00,1.00,1.00,1.00,0.99,0.71,0.03,inferred
Lambeth,2021-05-20,1.00,1.00,1.00,1.00,0.99,0.71,0.03,inferred
Lambeth,2021-05-21,1.00,1.00,1.00,1.00,0.99,0.71,0.03,inferred
Lambeth,2021-05-22,1.00,1.00,1.00,1.00,0.99,0.71,0.03,inferred
Lambeth,2021-05-23,1.00,1.00,1.00,1.00,0.99,0.71,0.03,inferred
Lambeth,2021-05-24,1.00,1.00,1.00,1.00,0.99,0.71,0.03,inferred
Lambeth,2021-05-25,1.00,1.00,1.00,1.00,1.00,0.94,0.28,inferred
Lambeth,2021-05-26,1.00,1.00,1.00,1.00,1.00,0.94,0.28,inferred
Lambeth,2021-05-27,1.00,1.00,1.00,1.00,1.00,0.94,0.28,inferred
Lambeth,2021-05-28,1.00,1.00,1.00,1.00,1.00,0.94,0.28,inferred
Lambeth,2021-05-29,1.00,1.00,1.00,1.00,1.00,0.94,0.28,inferred
Lambeth,2021-05-30,1.00,1.00,1.00,1.00,1.00,0.94,0.28,inferred
Lambeth,2021-05-31,1.00,1.00,1.00,1.00,1.00,0.94,0.28,inferred
Lambeth,2021-06-01,1.00,1.00,1.00,0.95,0.78,0.11,0.00,inferred
Lambeth,2021-06-02,1.00,1.00,1.00,0.95,0.78,0.11,0.00,inferred
Lambeth,2021-06-03,1.00,1.00,1.00,0.95,0.78,0.11,0.00,inferred
Lambeth,2021-06-04,1.00,1.00,1.00,0.95,0.78,0.11,0.00,inferred
Lambeth,2021-06-05,1.00,1.00,1.00,0.95,0.78,0.11,0.00,inferred
Lambeth,2021-06-06,1.00,1.00,1.00,0.95,0.78,0.11,0.00,inferred
Lambeth,2021-06-07,1.00,1.00,1.00,0.95,0.78,0.11,0.00,inferred
Lambeth,2021-06-08,1.00,1.00,0.88,0.44,0.09,0.00,0.00,inferred
Lambeth,2021-06-09,1.00,1.00,0.88,0.44,0.09,0.00,0.00,inferred
Lambeth,2021-06-10,1.00,1.00,0.88,0.44,0.09,0.00,0.00,inferred
Lambeth,2021-06-11,1.00,1.00,0.88,0.44,0.09,0.00,0.00,inferred
Lambeth,2021-06-12,1.00,1.00,0.88,0.44,0.09,0.00,0.00,inferred
Lambeth,2021-06-13,1.00,1.00,0.88,0.44,0.09,0.00,0.00,inferred
Lambeth,2021-06-14,1.00,1.00,0.88,0.44,0.09,0.00,0.00,inferred
Lambeth,2021-06-15,1.00,1.00,1.00,1.00,1.00,0.92,0.00,inferred
Lambeth,2021-06-16,1.00,1.00,1.00,1.00,1.00,0.92,0.00,inferred
Lambeth,2021-06-17,1.00,1.00,1.00,1.00,1.00,0.92,0.00,inferred
Lambeth,2021-06-18,1.00,1.00,1.00,1.00,1.00,0.92,0.00,inferred
Lambeth,2021-06-19,1.00,1.00,1.00,1.00,1.00,0.92,0.00,inferred
Lambeth,2021-06-20,1.00,1.00,1.00,1.00,1.00,0.92,0.00,inferred
Lambeth,2021-06-21,1.00,1.00,1.00,1.00,1.00,0.92,0.00,inferred
Lambeth,2021-06-22,1.00,1.00,1.00,1.00,1.00,0.64,0.00,inferred
Lambeth,2021-06-23,1.00,1.00,1.00,1.00,1.00,0.64,0.00,inferred
Lambeth,2021-06-24,1.00,1.00,1.00,1.00,1.00,0.64,0.00,inferred
Lambeth,2021-06-25,1.00,1.00,1.00,1.00,1.00,0.64,0.00,inferred
Lambeth,2021-06-26,1.00,1.00,1.00,1.00,1.00,0.64,0.00,inferred
Lambeth,2021-06-27,1.00,1.00,1.00,1.00,1.00,0.64,0.00,inferred
Lambeth,2021-06-28,1.00,1.00,1.00,1.00,1.00,0.64,0.00,inferred
Lambeth,2021-06-29,1.00,0.94,0.73,0.39,0.13,0.00,0.00,inferred
Lambeth,2021-06-30,1.00,0.94,0.73,0.39,0.13,0.00,0.00,inferred
Lambeth,2021-07-01,1.00,0.94,0.73,0.39,0.13,0.00,0.00,inferred
Lambeth,2021-07-02,1.00,0.94,0.73,0.39,0.13,0.00,0.00,inferred
Lambeth,2021-07-03,1.00,0.94,0.73,0.39,0.13,0.00,0.00,inferred
Lambeth,2021-07-04,1.00,0.94,0.73,0.39,0.13,0.00,0.00,inferred
Lambeth,2021-07-05,1.00,0.94,0.73,0.39,0.13,0.00,0.00,inferred
Lambeth,2021-07-06,0.95,0.85,0.67,0.48,0.29,0.05,0.00,projected
Lambeth,2021-07-07,0.95,0.85,0.67,0.48,0.29,0.05,0.00,projected
Lambeth,2021-07-08,0.95,0.85,0.67,0.48,0.29,0.05,0.00,projected
Lambeth,2021-07-09,0.95,0.85,0.67,0.48,0.29,0.05,0.00,projected
Lambeth,2021-07-10,0.95,0.85,0.67,0.48,0.29,0.05,0.00,projected
Lambeth,2021-07-11,0.95,0.85,0.67,0.48,0.29,0.05,0.00,projected
Lambeth,2021-07-12,0.95,0.85,0.67,0.48,0.29,0.05,0.00,projected
Lambeth,2021-07-13,0.94,0.83,0.70,0.52,0.37,0.09,0.00,projected
Lambeth,2021-07-14,0.94,0.83,0.70,0.52,0.37,0.09,0.00,projected
Lambeth,2021-07-15,0.94,0.83,0.70,0.52,0.37,0.09,0.00,projected
Lambeth,2021-07-16,0.94,0.83,0.70,0.52,0.37,0.09,0.00,projected
Lambeth,2021-07-17,0.94,0.83,0.70,0.52,0.37,0.09,0.00,projected
Lambeth,2021-07-18,0.94,0.83,0.70,0.52,0.37,0.09,0.00,projected
Lambeth,2021-07-19,0.94,0.83,0.70,0.52,0.37,0.09,0.00,projected
Lambeth,2021-07-20,0.94,0.85,0.72,0.57,0.42,0.15,0.01,projected
Lambeth,2021-07-21,0.94,0.85,0.72,0.57,0.42,0.15,0.01,projected
Lambeth,2021-07-22,0.94,0.85,0.72,0.57,0.42,0.15,0.01,projected
Lambeth,2021-07-23,0.94,0.85,0.72,0.57,0.42,0.15,0.01,projected
Lambeth,2021-07-24,0.94,0.85,0.72,0.57,0.42,0.15,0.01,projected
Lambeth,2021-07-25,0.94,0.85,0.72,0.57,0.42,0.15,0.01,projected
Lambeth,2021-07-26,0.94,0.85,0.72,0.57,0.42,0.15,0.01,projected
Lanarkshire,2021-03-23,0.18,0.03,0.00,0.00,0.00,0.00,0.00,inferred
Lanarkshire,2021-03-24,0.18,0.03,0.00,0.00,0.00,0.00,0.00,inferred
Lanarkshire,2021-03-25,0.18,0.03,0.00,0.00,0.00,0.00,0.00,inferred
Lanarkshire,2021-03-26,0.18,0.03,0.00,0.00,0.00,0.00,0.00,inferred
Lanarkshire,2021-03-27,0.18,0.03,0.00,0.00,0.00,0.00,0.00,inferred
Lanarkshire,2021-03-28,0.18,0.03,0.00,0.00,0.00,0.00,0.00,inferred
Lanarkshire,2021-03-29,0.18,0.03,0.00,0.00,0.00,0.00,0.00,inferred
Lanarkshire,2021-03-30,0.18,0.04,0.01,0.00,0.00,0.00,0.00,inferred
Lanarkshire,2021-03-31,0.18,0.04,0.01,0.00,0.00,0.00,0.00,inferred
Lanarkshire,2021-04-01,0.18,0.04,0.01,0.00,0.00,0.00,0.00,inferred
Lanarkshire,2021-04-02,0.18,0.04,0.01,0.00,0.00,0.00,0.00,inferred
Lanarkshire,2021-04-03,0.18,0.04,0.01,0.00,0.00,0.00,0.00,inferred
Lanarkshire,2021-04-04,0.18,0.04,0.01,0.00,0.00,0.00,0.00,inferred
Lanarkshire,2021-04-05,0.18,0.04,0.01,0.00,0.00,0.00,0.00,inferred
Lanarkshire,2021-04-06,0.82,0.60,0.34,0.14,0.04,0.00,0.00,inferred
Lanarkshire,2021-04-07,0.82,0.60,0.34,0.14,0.04,0.00,0.00,inferred
Lanarkshire,2021-04-08,0.82,0.60,0.34,0.14,0.04,0.00,0.00,inferred
Lanarkshire,2021-04-09,0.82,0.60,0.34,0.14,0.04,0.00,0.00,inferred
Lanarkshire,2021-04-10,0.82,0.60,0.34,0.14,0.04,0.00,0.00,inferred
Lanarkshire,2021-04-11,0.82,0.60,0.34,0.14,0.04,0.00,0.00,inferred
Lanarkshire,2021-04-12,0.82,0.60,0.34,0.14,0.04,0.00,0.00,inferred
Lanarkshire,2021-04-13,0.45,0.19,0.06,0.02,0.00,0.00,0.00,inferred
Lanarkshire,2021-04-14,0.45,0.19,0.06,0.02,0.00,0.00,0.00,inferred
Lanarkshire,2021-04-15,0.45,0.19,0.06,0.02,0.00,0.00,0.00,inferred
Lanarkshire,2021-04-16,0.45,0.19,0.06,0.02,0.00,0.00,0.00,inferred
Lanarkshire,2021-04-17,0.45,0.19,0.06,0.02,0.00,0.00,0.00,inferred
Lanarkshire,2021-04-18,0.45,0.19,0.06,0.02,0.00,0.00,0.00,inferred
Lanarkshire,2021-04-19,0.45,0.19,0.06,0.02,0.00,0.00,0.00,inferred
Lanarkshire,2021-04-20,0.09,0.02,0.00,0.00,0.00,0.00,0.00,inferred
Lanarkshire,2021-04-21,0.09,0.02,0.00,0.00,0.00,0.00,0.00,inferred
Lanarkshire,2021-04-22,0.09,0.02,0.00,0.00,0.00,0.00,0.00,inferred
Lanarkshire,2021-04-23,0.09,0.02,0.00,0.00,0.00,0.00,0.00,inferred
Lanarkshire,2021-04-24,0.09,0.02,0.00,0.00,0.00,0.00,0.00,inferred
Lanarkshire,2021-04-25,0.09,0.02,0.00,0.00,0.00,0.00,0.00,inferred
Lanarkshire,2021-04-26,0.09,0.02,0.00,0.00,0.00,0.00,0.00,inferred
Lanarkshire,2021-04-27,0.78,0.57,0.35,0.19,0.08,0.00,0.00,inferred
Lanarkshire,2021-04-28,0.78,0.57,0.35,0.19,0.08,0.00,0.00,inferred
Lanarkshire,2021-04-29,0.78,0.57,0.35,0.19,0.08,0.00,0.00,inferred
Lanarkshire,2021-04-30,0.78,0.57,0.35,0.19,0.08,0.00,0.00,inferred
Lanarkshire,2021-05-01,0.78,0.57,0.35,0.19,0.08,0.00,0.00,inferred
Lanarkshire,2021-05-02,0.78,0.57,0.35,0.19,0.08,0.00,0.00,inferred
Lanarkshire,2021-05-03,0.78,0.57,0.35,0.19,0.08,0.00,0.00,inferred
Lanarkshire,2021-05-04,0.99,0.98,0.93,0.81,0.64,0.15,0.00,inferred
Lanarkshire,2021-05-05,0.99,0.98,0.93,0.81,0.64,0.15,0.00,inferred
Lanarkshire,2021-05-06,0.99,0.98,0.93,0.81,0.64,0.15,0.00,inferred
Lanarkshire,2021-05-07,0.99,0.98,0.93,0.81,0.64,0.15,0.00,inferred
Lanarkshire,2021-05-08,0.99,0.98,0.93,0.81,0.64,0.15,0.00,inferred
Lanarkshire,2021-05-09,0.99,0.98,0.93,0.81,0.64,0.15,0.00,inferred
Lanarkshire,2021-05-10,0.99,0.98,0.93,0.81,0.64,0.15,0.00,inferred
Lanarkshire,2021-05-11,0.99,0.96,0.87,0.73,0.52,0.09,0.00,inferred
Lanarkshire,2021-05-12,0.99,0.96,0.87,0.73,0.52,0.09,0.00,inferred
Lanarkshire,2021-05-13,0.99,0.96,0.87,0.73,0.52,0.09,0.00,inferred
Lanarkshire,2021-05-14,0.99,0.96,0.87,0.73,0.52,0.09,0.00,inferred
Lanarkshire,2021-05-15,0.99,0.96,0.87,0.73,0.52,0.09,0.00,inferred
Lanarkshire,2021-05-16,0.99,0.96,0.87,0.73,0.52,0.09,0.00,inferred
Lanarkshire,2021-05-17,0.99,0.96,0.87,0.73,0.52,0.09,0.00,inferred
Lanarkshire,2021-05-18,1.00,1.00,1.00,0.98,0.95,0.62,0.06,inferred
Lanarkshire,2021-05-19,1.00,1.00,1.00,0.98,0.95,0.62,0.06,inferred
Lanarkshire,2021-05-20,1.00,1.00,1.00,0.98,0.95,0.62,0.06,inferred
Lanarkshire,2021-05-21,1.00,1.00,1.00,0.98,0.95,0.62,0.06,inferred
Lanarkshire,2021-05-22,1.00,1.00,1.00,0.98,0.95,0.62,0.06,inferred
Lanarkshire,2021-05-23,1.00,1.00,1.00,0.98,0.95,0.62,0.06,inferred
Lanarkshire,2021-05-24,1.00,1.00,1.00,0.98,0.95,0.62,0.06,inferred
Lanarkshire,2021-05-25,1.00,0.99,0.94,0.83,0.66,0.15,0.00,inferred
Lanarkshire,2021-05-26,1.00,0.99,0.94,0.83,0.66,0.15,0.00,inferred
Lanarkshire,2021-05-27,1.00,0.99,0.94,0.83,0.66,0.15,0.00,inferred
Lanarkshire,2021-05-28,1.00,0.99,0.94,0.83,0.66,0.15,0.00,inferred
Lanarkshire,2021-05-29,1.00,0.99,0.94,0.83,0.66,0.15,0.00,inferred
Lanarkshire,2021-05-30,1.00,0.99,0.94,0.83,0.66,0.15,0.00,inferred
Lanarkshire,2021-05-31,1.00,0.99,0.94,0.83,0.66,0.15,0.00,inferred
Lanarkshire,2021-06-01,1.00,0.97,0.90,0.70,0.46,0.04,0.00,inferred
Lanarkshire,2021-06-02,1.00,0.97,0.90,0.70,0.46,0.04,0.00,inferred
Lanarkshire,2021-06-03,1.00,0.97,0.90,0.70,0.46,0.04,0.00,inferred
Lanarkshire,2021-06-04,1.00,0.97,0.90,0.70,0.46,0.04,0.00,inferred
Lanarkshire,2021-06-05,1.00,0.97,0.90,0.70,0.46,0.04,0.00,inferred
Lanarkshire,2021-06-06,1.00,0.97,0.90,0.70,0.46,0.04,0.00,inferred
Lanarkshire,2021-06-07,1.00,0.97,0.90,0.70,0.46,0.04,0.00,inferred
Lanarkshire,2021-06-08,1.00,1.00,1.00,0.97,0.89,0.26,0.00,inferred
Lanarkshire,2021-06-09,1.00,1.00,1.00,0.97,0.89,0.26,0.00,inferred
Lanarkshire,2021-06-10,1.00,1.00,1.00,0.97,0.89,0.26,0.00,inferred
Lanarkshire,2021-06-11,1.00,1.00,1.00,0.97,0.89,0.26,0.00,inferred
Lanarkshire,2021-06-12,1.00,1.00,1.00,0.97,0.89,0.26,0.00,inferred
Lanarkshire,2021-06-13,1.00,1.00,1.00,0.97,0.89,0.26,0.00,inferred
Lanarkshire,2021-06-14,1.00,1.00,1.00,0.97,0.89,0.26,0.00,inferred
Lanarkshire,2021-06-15,1.00,1.00,1.00,1.00,1.00,0.99,0.51,inferred
Lanarkshire,2021-06-16,1.00,1.00,1.00,1.00,1.00,0.99,0.51,inferred
Lanarkshire,2021-06-17,1.00,1.00,1.00,1.00,1.00,0.99,0.51,inferred
Lanarkshire,2021-06-18,1.00,1.00,1.00,1.00,1.00,0.99,0.51,inferred
Lanarkshire,2021-06-19,1.00,1.00,1.00,1.00,1.00,0.99,0.51,inferred
Lanarkshire,2021-06-20,1.00,1.00,1.00,1.00,1.00,0.99,0.51,inferred
Lanarkshire,2021-06-21,1.00,1.00,1.00,1.00,1.00,0.99,0.51,inferred
Lanarkshire,2021-06-22,1.00,1.00,1.00,0.96,0.85,0.30,0.00,inferred
Lanarkshire,2021-06-23,1.00,1.00,1.00,0.96,0.85,0.30,0.00,inferred
Lanarkshire,2021-06-24,1.00,1.00,1.00,0.96,0.85,0.30,0.00,inferred
Lanarkshire,2021-06-25,1.00,1.00,1.00,0.96,0.85,0.30,0.00,inferred
Lanarkshire,2021-06-26,1.00,1.00,1.00,0.96,0.85,0.30,0.00,inferred
Lanarkshire,2021-06-27,1.00,1.00,1.00,0.96,0.85,0.30,0.00,inferred
Lanarkshire,2021-06-28,1.00,1.00,1.00,0.96,0.85,0.30,0.00,inferred
Lanarkshire,2021-06-29,0.49,0.30,0.16,0.07,0.03,0.00,0.00,inferred
Lanarkshire,2021-06-30,0.49,0.30,0.16,0.07,0.03,0.00,0.00,inferred
Lanarkshire,2021-07-01,0.49,0.30,0.16,0.07,0.03,0.00,0.00,inferred
Lanarkshire,2021-07-02,0.49,0.30,0.16,0.07,0.03,0.00,0.00,inferred
Lanarkshire,2021-07-03,0.49,0.30,0.16,0.07,0.03,0.00,0.00,inferred
Lanarkshire,2021-07-04,0.49,0.30,0.16,0.07,0.03,0.00,0.00,inferred
Lanarkshire,2021-07-05,0.49,0.30,0.16,0.07,0.03,0.00,0.00,inferred
Lanarkshire,2021-07-06,0.52,0.39,0.30,0.23,0.18,0.08,0.02,projected
Lanarkshire,2021-07-07,0.52,0.39,0.30,0.23,0.18,0.08,0.02,projected
Lanarkshire,2021-07-08,0.52,0.39,0.30,0.23,0.18,0.08,0.02,projected
Lanarkshire,2021-07-09,0.52,0.39,0.30,0.23,0.18,0.08,0.02,projected
Lanarkshire,2021-07-10,0.52,0.39,0.30,0.23,0.18,0.08,0.02,projected
Lanarkshire,2021-07-11,0.52,0.39,0.30,0.23,0.18,0.08,0.02,projected
Lanarkshire,2021-07-12,0.52,0.39,0.30,0.23,0.18,0.08,0.02,projected
Lanarkshire,2021-07-13,0.50,0.41,0.34,0.28,0.23,0.13,0.04,projected
Lanarkshire,2021-07-14,0.50,0.41,0.34,0.28,0.23,0.13,0.04,projected
Lanarkshire,2021-07-15,0.50,0.41,0.34,0.28,0.23,0.13,0.04,projected
Lanarkshire,2021-07-16,0.50,0.41,0.34,0.28,0.23,0.13,0.04,projected
Lanarkshire,2021-07-17,0.50,0.41,0.34,0.28,0.23,0.13,0.04,projected
Lanarkshire,2021-07-18,0.50,0.41,0.34,0.28,0.23,0.13,0.04,projected
Lanarkshire,2021-07-19,0.50,0.41,0.34,0.28,0.23,0.13,0.04,projected
Lanarkshire,2021-07-20,0.53,0.45,0.39,0.32,0.26,0.16,0.08,projected
Lanarkshire,2021-07-21,0.53,0.45,0.39,0.32,0.26,0.16,0.08,projected
Lanarkshire,2021-07-22,0.53,0.45,0.39,0.32,0.26,0.16,0.08,projected
Lanarkshire,2021-07-23,0.53,0.45,0.39,0.32,0.26,0.16,0.08,projected
Lanarkshire,2021-07-24,0.53,0.45,0.39,0.32,0.26,0.16,0.08,projected
Lanarkshire,2021-07-25,0.53,0.45,0.39,0.32,0.26,0.16,0.08,projected
Lanarkshire,2021-07-26,0.53,0.45,0.39,0.32,0.26,0.16,0.08,projected
Lancaster,2021-03-23,0.07,0.02,0.00,0.00,0.00,0.00,0.00,inferred
Lancaster,2021-03-24,0.07,0.02,0.00,0.00,0.00,0.00,0.00,inferred
Lancaster,2021-03-25,0.07,0.02,0.00,0.00,0.00,0.00,0.00,inferred
Lancaster,2021-03-26,0.07,0.02,0.00,0.00,0.00,0.00,0.00,inferred
Lancaster,2021-03-27,0.07,0.02,0.00,0.00,0.00,0.00,0.00,inferred
Lancaster,2021-03-28,0.07,0.02,0.00,0.00,0.00,0.00,0.00,inferred
Lancaster,2021-03-29,0.07,0.02,0.00,0.00,0.00,0.00,0.00,inferred
Lancaster,2021-03-30,0.49,0.25,0.10,0.02,0.00,0.00,0.00,inferred
Lancaster,2021-03-31,0.49,0.25,0.10,0.02,0.00,0.00,0.00,inferred
Lancaster,2021-04-01,0.49,0.25,0.10,0.02,0.00,0.00,0.00,inferred
Lancaster,2021-04-02,0.49,0.25,0.10,0.02,0.00,0.00,0.00,inferred
Lancaster,2021-04-03,0.49,0.25,0.10,0.02,0.00,0.00,0.00,inferred
Lancaster,2021-04-04,0.49,0.25,0.10,0.02,0.00,0.00,0.00,inferred
Lancaster,2021-04-05,0.49,0.25,0.10,0.02,0.00,0.00,0.00,inferred
Lancaster,2021-04-06,0.59,0.37,0.20,0.10,0.04,0.00,0.00,inferred
Lancaster,2021-04-07,0.59,0.37,0.20,0.10,0.04,0.00,0.00,inferred
Lancaster,2021-04-08,0.59,0.37,0.20,0.10,0.04,0.00,0.00,inferred
Lancaster,2021-04-09,0.59,0.37,0.20,0.10,0.04,0.00,0.00,inferred
Lancaster,2021-04-10,0.59,0.37,0.20,0.10,0.04,0.00,0.00,inferred
Lancaster,2021-04-11,0.59,0.37,0.20,0.10,0.04,0.00,0.00,inferred
Lancaster,2021-04-12,0.59,0.37,0.20,0.10,0.04,0.00,0.00,inferred
Lancaster,2021-04-13,0.93,0.83,0.67,0.49,0.31,0.03,0.00,inferred
Lancaster,2021-04-14,0.93,0.83,0.67,0.49,0.31,0.03,0.00,inferred
Lancaster,2021-04-15,0.93,0.83,0.67,0.49,0.31,0.03,0.00,inferred
Lancaster,2021-04-16,0.93,0.83,0.67,0.49,0.31,0.03,0.00,inferred
Lancaster,2021-04-17,0.93,0.83,0.67,0.49,0.31,0.03,0.00,inferred
Lancaster,2021-04-18,0.93,0.83,0.67,0.49,0.31,0.03,0.00,inferred
Lancaster,2021-04-19,0.93,0.83,0.67,0.49,0.31,0.03,0.00,inferred
Lancaster,2021-04-20,1.00,0.96,0.90,0.78,0.63,0.17,0.00,inferred
Lancaster,2021-04-21,1.00,0.96,0.90,0.78,0.63,0.17,0.00,inferred
Lancaster,2021-04-22,1.00,0.96,0.90,0.78,0.63,0.17,0.00,inferred
Lancaster,2021-04-23,1.00,0.96,0.90,0.78,0.63,0.17,0.00,inferred
Lancaster,2021-04-24,1.00,0.96,0.90,0.78,0.63,0.17,0.00,inferred
Lancaster,2021-04-25,1.00,0.96,0.90,0.78,0.63,0.17,0.00,inferred
Lancaster,2021-04-26,1.00,0.96,0.90,0.78,0.63,0.17,0.00,inferred
Lancaster,2021-04-27,0.97,0.91,0.76,0.57,0.38,0.05,0.00,inferred
Lancaster,2021-04-28,0.97,0.91,0.76,0.57,0.38,0.05,0.00,inferred
Lancaster,2021-04-29,0.97,0.91,0.76,0.57,0.38,0.05,0.00,inferred
Lancaster,2021-04-30,0.97,0.91,0.76,0.57,0.38,0.05,0.00,inferred
Lancaster,2021-05-01,0.97,0.91,0.76,0.57,0.38,0.05,0.00,inferred
Lancaster,2021-05-02,0.97,0.91,0.76,0.57,0.38,0.05,0.00,inferred
Lancaster,2021-05-03,0.97,0.91,0.76,0.57,0.38,0.05,0.00,inferred
Lancaster,2021-05-04,0.55,0.30,0.14,0.06,0.02,0.00,0.00,inferred
Lancaster,2021-05-05,0.55,0.30,0.14,0.06,0.02,0.00,0.00,inferred
Lancaster,2021-05-06,0.55,0.30,0.14,0.06,0.02,0.00,0.00,inferred
Lancaster,2021-05-07,0.55,0.30,0.14,0.06,0.02,0.00,0.00,inferred
Lancaster,2021-05-08,0.55,0.30,0.14,0.06,0.02,0.00,0.00,inferred
Lancaster,2021-05-09,0.55,0.30,0.14,0.06,0.02,0.00,0.00,inferred
Lancaster,2021-05-10,0.55,0.30,0.14,0.06,0.02,0.00,0.00,inferred
Lancaster,2021-05-11,0.88,0.70,0.48,0.29,0.14,0.01,0.00,inferred
Lancaster,2021-05-12,0.88,0.70,0.48,0.29,0.14,0.01,0.00,inferred
Lancaster,2021-05-13,0.88,0.70,0.48,0.29,0.14,0.01,0.00,inferred
Lancaster,2021-05-14,0.88,0.70,0.48,0.29,0.14,0.01,0.00,inferred
Lancaster,2021-05-15,0.88,0.70,0.48,0.29,0.14,0.01,0.00,inferred
Lancaster,2021-05-16,0.88,0.70,0.48,0.29,0.14,0.01,0.00,inferred
Lancaster,2021-05-17,0.88,0.70,0.48,0.29,0.14,0.01,0.00,inferred
Lancaster,2021-05-18,1.00,0.99,0.97,0.90,0.78,0.28,0.01,inferred
Lancaster,2021-05-19,1.00,0.99,0.97,0.90,0.78,0.28,0.01,inferred
Lancaster,2021-05-20,1.00,0.99,0.97,0.90,0.78,0.28,0.01,inferred
Lancaster,2021-05-21,1.00,0.99,0.97,0.90,0.78,0.28,0.01,inferred
Lancaster,2021-05-22,1.00,0.99,0.97,0.90,0.78,0.28,0.01,inferred
Lancaster,2021-05-23,1.00,0.99,0.97,0.90,0.78,0.28,0.01,inferred
Lancaster,2021-05-24,1.00,0.99,0.97,0.90,0.78,0.28,0.01,inferred
Lancaster,2021-05-25,1.00,1.00,1.00,1.00,0.99,0.83,0.18,inferred
Lancaster,2021-05-26,1.00,1.00,1.00,1.00,0.99,0.83,0.18,inferred
Lancaster,2021-05-27,1.00,1.00,1.00,1.00,0.99,0.83,0.18,inferred
Lancaster,2021-05-28,1.00,1.00,1.00,1.00,0.99,0.83,0.18,inferred
Lancaster,2021-05-29,1.00,1.00,1.00,1.00,0.99,0.83,0.18,inferred
Lancaster,2021-05-30,1.00,1.00,1.00,1.00,0.99,0.83,0.18,inferred
Lancaster,2021-05-31,1.00,1.00,1.00,1.00,0.99,0.83,0.18,inferred
Lancaster,2021-06-01,1.00,1.00,1.00,0.97,0.90,0.49,0.04,inferred
Lancaster,2021-06-02,1.00,1.00,1.00,0.97,0.90,0.49,0.04,inferred
Lancaster,2021-06-03,1.00,1.00,1.00,0.97,0.90,0.49,0.04,inferred
Lancaster,2021-06-04,1.00,1.00,1.00,0.97,0.90,0.49,0.04,inferred
Lancaster,2021-06-05,1.00,1.00,1.00,0.97,0.90,0.49,0.04,inferred
Lancaster,2021-06-06,1.00,1.00,1.00,0.97,0.90,0.49,0.04,inferred
Lancaster,2021-06-07,1.00,1.00,1.00,0.97,0.90,0.49,0.04,inferred
Lancaster,2021-06-08,1.00,1.00,1.00,1.00,1.00,0.81,0.10,inferred
Lancaster,2021-06-09,1.00,1.00,1.00,1.00,1.00,0.81,0.10,inferred
Lancaster,2021-06-10,1.00,1.00,1.00,1.00,1.00,0.81,0.10,inferred
Lancaster,2021-06-11,1.00,1.00,1.00,1.00,1.00,0.81,0.10,inferred
Lancaster,2021-06-12,1.00,1.00,1.00,1.00,1.00,0.81,0.10,inferred
Lancaster,2021-06-13,1.00,1.00,1.00,1.00,1.00,0.81,0.10,inferred
Lancaster,2021-06-14,1.00,1.00,1.00,1.00,1.00,0.81,0.10,inferred
Lancaster,2021-06-15,1.00,1.00,1.00,1.00,1.00,1.00,0.83,inferred
Lancaster,2021-06-16,1.00,1.00,1.00,1.00,1.00,1.00,0.83,inferred
Lancaster,2021-06-17,1.00,1.00,1.00,1.00,1.00,1.00,0.83,inferred
Lancaster,2021-06-18,1.00,1.00,1.00,1.00,1.00,1.00,0.83,inferred
Lancaster,2021-06-19,1.00,1.00,1.00,1.00,1.00,1.00,0.83,inferred
Lancaster,2021-06-20,1.00,1.00,1.00,1.00,1.00,1.00,0.83,inferred
Lancaster,2021-06-21,1.00,1.00,1.00,1.00,1.00,1.00,0.83,inferred
Lancaster,2021-06-22,1.00,1.00,1.00,1.00,0.99,0.71,0.09,inferred
Lancaster,2021-06-23,1.00,1.00,1.00,1.00,0.99,0.71,0.09,inferred
Lancaster,2021-06-24,1.00,1.00,1.00,1.00,0.99,0.71,0.09,inferred
Lancaster,2021-06-25,1.00,1.00,1.00,1.00,0.99,0.71,0.09,inferred
Lancaster,2021-06-26,1.00,1.00,1.00,1.00,0.99,0.71,0.09,inferred
Lancaster,2021-06-27,1.00,1.00,1.00,1.00,0.99,0.71,0.09,inferred
Lancaster,2021-06-28,1.00,1.00,1.00,1.00,0.99,0.71,0.09,inferred
Lancaster,2021-06-29,0.98,0.91,0.80,0.61,0.40,0.06,0.00,inferred
Lancaster,2021-06-30,0.98,0.91,0.80,0.61,0.40,0.06,0.00,inferred
Lancaster,2021-07-01,0.98,0.91,0.80,0.61,0.40,0.06,0.00,inferred
Lancaster,2021-07-02,0.98,0.91,0.80,0.61,0.40,0.06,0.00,inferred
Lancaster,2021-07-03,0.98,0.91,0.80,0.61,0.40,0.06,0.00,inferred
Lancaster,2021-07-04,0.98,0.91,0.80,0.61,0.40,0.06,0.00,inferred
Lancaster,2021-07-05,0.98,0.91,0.80,0.61,0.40,0.06,0.00,inferred
Lancaster,2021-07-06,0.89,0.80,0.69,0.56,0.43,0.20,0.03,projected
Lancaster,2021-07-07,0.89,0.80,0.69,0.56,0.43,0.20,0.03,projected
Lancaster,2021-07-08,0.89,0.80,0.69,0.56,0.43,0.20,0.03,projected
Lancaster,2021-07-09,0.89,0.80,0.69,0.56,0.43,0.20,0.03,projected
Lancaster,2021-07-10,0.89,0.80,0.69,0.56,0.43,0.20,0.03,projected
Lancaster,2021-07-11,0.89,0.80,0.69,0.56,0.43,0.20,0.03,projected
Lancaster,2021-07-12,0.89,0.80,0.69,0.56,0.43,0.20,0.03,projected
Lancaster,2021-07-13,0.83,0.74,0.65,0.55,0.46,0.24,0.07,projected
Lancaster,2021-07-14,0.83,0.74,0.65,0.55,0.46,0.24,0.07,projected
Lancaster,2021-07-15,0.83,0.74,0.65,0.55,0.46,0.24,0.07,projected
Lancaster,2021-07-16,0.83,0.74,0.65,0.55,0.46,0.24,0.07,projected
Lancaster,2021-07-17,0.83,0.74,0.65,0.55,0.46,0.24,0.07,projected
Lancaster,2021-07-18,0.83,0.74,0.65,0.55,0.46,0.24,0.07,projected
Lancaster,2021-07-19,0.83,0.74,0.65,0.55,0.46,0.24,0.07,projected
Lancaster,2021-07-20,0.82,0.73,0.64,0.54,0.45,0.25,0.09,projected
Lancaster,2021-07-21,0.82,0.73,0.64,0.54,0.45,0.25,0.09,projected
Lancaster,2021-07-22,0.82,0.73,0.64,0.54,0.45,0.25,0.09,projected
Lancaster,2021-07-23,0.82,0.73,0.64,0.54,0.45,0.25,0.09,projected
Lancaster,2021-07-24,0.82,0.73,0.64,0.54,0.45,0.25,0.09,projected
Lancaster,2021-07-25,0.82,0.73,0.64,0.54,0.45,0.25,0.09,projected
Lancaster,2021-07-26,0.82,0.73,0.64,0.54,0.45,0.25,0.09,projected
Leeds,2021-03-23,0.07,0.00,0.00,0.00,0.00,0.00,0.00,inferred
Leeds,2021-03-24,0.07,0.00,0.00,0.00,0.00,0.00,0.00,inferred
Leeds,2021-03-25,0.07,0.00,0.00,0.00,0.00,0.00,0.00,inferred
Leeds,2021-03-26,0.07,0.00,0.00,0.00,0.00,0.00,0.00,inferred
Leeds,2021-03-27,0.07,0.00,0.00,0.00,0.00,0.00,0.00,inferred
Leeds,2021-03-28,0.07,0.00,0.00,0.00,0.00,0.00,0.00,inferred
Leeds,2021-03-29,0.07,0.00,0.00,0.00,0.00,0.00,0.00,inferred
Leeds,2021-03-30,0.13,0.01,0.00,0.00,0.00,0.00,0.00,inferred
Leeds,2021-03-31,0.13,0.01,0.00,0.00,0.00,0.00,0.00,inferred
Leeds,2021-04-01,0.13,0.01,0.00,0.00,0.00,0.00,0.00,inferred
Leeds,2021-04-02,0.13,0.01,0.00,0.00,0.00,0.00,0.00,inferred
Leeds,2021-04-03,0.13,0.01,0.00,0.00,0.00,0.00,0.00,inferred
Leeds,2021-04-04,0.13,0.01,0.00,0.00,0.00,0.00,0.00,inferred
Leeds,2021-04-05,0.13,0.01,0.00,0.00,0.00,0.00,0.00,inferred
Leeds,2021-04-06,0.15,0.02,0.00,0.00,0.00,0.00,0.00,inferred
Leeds,2021-04-07,0.15,0.02,0.00,0.00,0.00,0.00,0.00,inferred
Leeds,2021-04-08,0.15,0.02,0.00,0.00,0.00,0.00,0.00,inferred
Leeds,2021-04-09,0.15,0.02,0.00,0.00,0.00,0.00,0.00,inferred
Leeds,2021-04-10,0.15,0.02,0.00,0.00,0.00,0.00,0.00,inferred
Leeds,2021-04-11,0.15,0.02,0.00,0.00,0.00,0.00,0.00,inferred
Leeds,2021-04-12,0.15,0.02,0.00,0.00,0.00,0.00,0.00,inferred
Leeds,2021-04-13,0.90,0.58,0.22,0.03,0.00,0.00,0.00,inferred
Leeds,2021-04-14,0.90,0.58,0.22,0.03,0.00,0.00,0.00,inferred
Leeds,2021-04-15,0.90,0.58,0.22,0.03,0.00,0.00,0.00,inferred
Leeds,2021-04-16,0.90,0.58,0.22,0.03,0.00,0.00,0.00,inferred
Leeds,2021-04-17,0.90,0.58,0.22,0.03,0.00,0.00,0.00,inferred
Leeds,2021-04-18,0.90,0.58,0.22,0.03,0.00,0.00,0.00,inferred
Leeds,2021-04-19,0.90,0.58,0.22,0.03,0.00,0.00,0.00,inferred
Leeds,2021-04-20,0.99,0.89,0.59,0.25,0.06,0.00,0.00,inferred
Leeds,2021-04-21,0.99,0.89,0.59,0.25,0.06,0.00,0.00,inferred
Leeds,2021-04-22,0.99,0.89,0.59,0.25,0.06,0.00,0.00,inferred
Leeds,2021-04-23,0.99,0.89,0.59,0.25,0.06,0.00,0.00,inferred
Leeds,2021-04-24,0.99,0.89,0.59,0.25,0.06,0.00,0.00,inferred
Leeds,2021-04-25,0.99,0.89,0.59,0.25,0.06,0.00,0.00,inferred
Leeds,2021-04-26,0.99,0.89,0.59,0.25,0.06,0.00,0.00,inferred
Leeds,2021-04-27,1.00,0.95,0.74,0.36,0.11,0.00,0.00,inferred
Leeds,2021-04-28,1.00,0.95,0.74,0.36,0.11,0.00,0.00,inferred
Leeds,2021-04-29,1.00,0.95,0.74,0.36,0.11,0.00,0.00,inferred
Leeds,2021-04-30,1.00,0.95,0.74,0.36,0.11,0.00,0.00,inferred
Leeds,2021-05-01,1.00,0.95,0.74,0.36,0.11,0.00,0.00,inferred
Leeds,2021-05-02,1.00,0.95,0.74,0.36,0.11,0.00,0.00,inferred
Leeds,2021-05-03,1.00,0.95,0.74,0.36,0.11,0.00,0.00,inferred
Leeds,2021-05-04,0.72,0.27,0.06,0.01,0.00,0.00,0.00,inferred
Leeds,2021-05-05,0.72,0.27,0.06,0.01,0.00,0.00,0.00,inferred
Leeds,2021-05-06,0.72,0.27,0.06,0.01,0.00,0.00,0.00,inferred
Leeds,2021-05-07,0.72,0.27,0.06,0.01,0.00,0.00,0.00,inferred
Leeds,2021-05-08,0.72,0.27,0.06,0.01,0.00,0.00,0.00,inferred
Leeds,2021-05-09,0.72,0.27,0.06,0.01,0.00,0.00,0.00,inferred
Leeds,2021-05-10,0.72,0.27,0.06,0.01,0.00,0.00,0.00,inferred
Leeds,2021-05-11,0.94,0.66,0.24,0.05,0.00,0.00,0.00,inferred
Leeds,2021-05-12,0.94,0.66,0.24,0.05,0.00,0.00,0.00,inferred
Leeds,2021-05-13,0.94,0.66,0.24,0.05,0.00,0.00,0.00,inferred
Leeds,2021-05-14,0.94,0.66,0.24,0.05,0.00,0.00,0.00,inferred
Leeds,2021-05-15,0.94,0.66,0.24,0.05,0.00,0.00,0.00,inferred
Leeds,2021-05-16,0.94,0.66,0.24,0.05,0.00,0.00,0.00,inferred
Leeds,2021-05-17,0.94,0.66,0.24,0.05,0.00,0.00,0.00,inferred
Leeds,2021-05-18,1.00,1.00,0.97,0.85,0.59,0.02,0.00,inferred
Leeds,2021-05-19,1.00,1.00,0.97,0.85,0.59,0.02,0.00,inferred
Leeds,2021-05-20,1.00,1.00,0.97,0.85,0.59,0.02,0.00,inferred
Leeds,2021-05-21,1.00,1.00,0.97,0.85,0.59,0.02,0.00,inferred
Leeds,2021-05-22,1.00,1.00,0.97,0.85,0.59,0.02,0.00,inferred
Leeds,2021-05-23,1.00,1.00,0.97,0.85,0.59,0.02,0.00,inferred
Leeds,2021-05-24,1.00,1.00,0.97,0.85,0.59,0.02,0.00,inferred
Leeds,2021-05-25,1.00,1.00,1.00,1.00,1.00,0.98,0.36,inferred
Leeds,2021-05-26,1.00,1.00,1.00,1.00,1.00,0.98,0.36,inferred
Leeds,2021-05-27,1.00,1.00,1.00,1.00,1.00,0.98,0.36,inferred
Leeds,2021-05-28,1.00,1.00,1.00,1.00,1.00,0.98,0.36,inferred
Leeds,2021-05-29,1.00,1.00,1.00,1.00,1.00,0.98,0.36,inferred
Leeds,2021-05-30,1.00,1.00,1.00,1.00,1.00,0.98,0.36,inferred
Leeds,2021-05-31,1.00,1.00,1.00,1.00,1.00,0.98,0.36,inferred
Leeds,2021-06-01,1.00,1.00,1.00,1.00,1.00,0.91,0.28,inferred
Leeds,2021-06-02,1.00,1.00,1.00,1.00,1.00,0.91,0.28,inferred
Leeds,2021-06-03,1.00,1.00,1.00,1.00,1.00,0.91,0.28,inferred
Leeds,2021-06-04,1.00,1.00,1.00,1.00,1.00,0.91,0.28,inferred
Leeds,2021-06-05,1.00,1.00,1.00,1.00,1.00,0.91,0.28,inferred
Leeds,2021-06-06,1.00,1.00,1.00,1.00,1.00,0.91,0.28,inferred
Leeds,2021-06-07,1.00,1.00,1.00,1.00,1.00,0.91,0.28,inferred
Leeds,2021-06-08,1.00,1.00,1.00,1.00,0.98,0.43,0.00,inferred
Leeds,2021-06-09,1.00,1.00,1.00,1.00,0.98,0.43,0.00,inferred
Leeds,2021-06-10,1.00,1.00,1.00,1.00,0.98,0.43,0.00,inferred
Leeds,2021-06-11,1.00,1.00,1.00,1.00,0.98,0.43,0.00,inferred
Leeds,2021-06-12,1.00,1.00,1.00,1.00,0.98,0.43,0.00,inferred
Leeds,2021-06-13,1.00,1.00,1.00,1.00,0.98,0.43,0.00,inferred
Leeds,2021-06-14,1.00,1.00,1.00,1.00,0.98,0.43,0.00,inferred
Leeds,2021-06-15,1.00,1.00,1.00,1.00,1.00,0.77,0.00,inferred
Leeds,2021-06-16,1.00,1.00,1.00,1.00,1.00,0.77,0.00,inferred
Leeds,2021-06-17,1.00,1.00,1.00,1.00,1.00,0.77,0.00,inferred
Leeds,2021-06-18,1.00,1.00,1.00,1.00,1.00,0.77,0.00,inferred
Leeds,2021-06-19,1.00,1.00,1.00,1.00,1.00,0.77,0.00,inferred
Leeds,2021-06-20,1.00,1.00,1.00,1.00,1.00,0.77,0.00,inferred
Leeds,2021-06-21,1.00,1.00,1.00,1.00,1.00,0.77,0.00,inferred
Leeds,2021-06-22,1.00,1.00,1.00,1.00,0.94,0.26,0.00,inferred
Leeds,2021-06-23,1.00,1.00,1.00,1.00,0.94,0.26,0.00,inferred
Leeds,2021-06-24,1.00,1.00,1.00,1.00,0.94,0.26,0.00,inferred
Leeds,2021-06-25,1.00,1.00,1.00,1.00,0.94,0.26,0.00,inferred
Leeds,2021-06-26,1.00,1.00,1.00,1.00,0.94,0.26,0.00,inferred
Leeds,2021-06-27,1.00,1.00,1.00,1.00,0.94,0.26,0.00,inferred
Leeds,2021-06-28,1.00,1.00,1.00,1.00,0.94,0.26,0.00,inferred
Leeds,2021-06-29,1.00,0.98,0.91,0.68,0.38,0.01,0.00,inferred
Leeds,2021-06-30,1.00,0.98,0.91,0.68,0.38,0.01,0.00,inferred
Leeds,2021-07-01,1.00,0.98,0.91,0.68,0.38,0.01,0.00,inferred
Leeds,2021-07-02,1.00,0.98,0.91,0.68,0.38,0.01,0.00,inferred
Leeds,2021-07-03,1.00,0.98,0.91,0.68,0.38,0.01,0.00,inferred
Leeds,2021-07-04,1.00,0.98,0.91,0.68,0.38,0.01,0.00,inferred
Leeds,2021-07-05,1.00,0.98,0.91,0.68,0.38,0.01,0.00,inferred
Leeds,2021-07-06,0.92,0.82,0.71,0.57,0.43,0.16,0.02,projected
Leeds,2021-07-07,0.92,0.82,0.71,0.57,0.43,0.16,0.02,projected
Leeds,2021-07-08,0.92,0.82,0.71,0.57,0.43,0.16,0.02,projected
Leeds,2021-07-09,0.92,0.82,0.71,0.57,0.43,0.16,0.02,projected
Leeds,2021-07-10,0.92,0.82,0.71,0.57,0.43,0.16,0.02,projected
Leeds,2021-07-11,0.92,0.82,0.71,0.57,0.43,0.16,0.02,projected
Leeds,2021-07-12,0.92,0.82,0.71,0.57,0.43,0.16,0.02,projected
Leeds,2021-07-13,0.88,0.78,0.67,0.57,0.46,0.21,0.05,projected
Leeds,2021-07-14,0.88,0.78,0.67,0.57,0.46,0.21,0.05,projected
Leeds,2021-07-15,0.88,0.78,0.67,0.57,0.46,0.21,0.05,projected
Leeds,2021-07-16,0.88,0.78,0.67,0.57,0.46,0.21,0.05,projected
Leeds,2021-07-17,0.88,0.78,0.67,0.57,0.46,0.21,0.05,projected
Leeds,2021-07-18,0.88,0.78,0.67,0.57,0.46,0.21,0.05,projected
Leeds,2021-07-19,0.88,0.78,0.67,0.57,0.46,0.21,0.05,projected
Leeds,2021-07-20,0.85,0.77,0.68,0.57,0.47,0.26,0.08,projected
Leeds,2021-07-21,0.85,0.77,0.68,0.57,0.47,0.26,0.08,projected
Leeds,2021-07-22,0.85,0.77,0.68,0.57,0.47,0.26,0.08,projected
Leeds,2021-07-23,0.85,0.77,0.68,0.57,0.47,0.26,0.08,projected
Leeds,2021-07-24,0.85,0.77,0.68,0.57,0.47,0.26,0.08,projected
Leeds,2021-07-25,0.85,0.77,0.68,0.57,0.47,0.26,0.08,projected
Leeds,2021-07-26,0.85,0.77,0.68,0.57,0.47,0.26,0.08,projected
Leicester,2021-03-23,0.72,0.18,0.01,0.00,0.00,0.00,0.00,inferred
Leicester,2021-03-24,0.72,0.18,0.01,0.00,0.00,0.00,0.00,inferred
Leicester,2021-03-25,0.72,0.18,0.01,0.00,0.00,0.00,0.00,inferred
Leicester,2021-03-26,0.72,0.18,0.01,0.00,0.00,0.00,0.00,inferred
Leicester,2021-03-27,0.72,0.18,0.01,0.00,0.00,0.00,0.00,inferred
Leicester,2021-03-28,0.72,0.18,0.01,0.00,0.00,0.00,0.00,inferred
Leicester,2021-03-29,0.72,0.18,0.01,0.00,0.00,0.00,0.00,inferred
Leicester,2021-03-30,0.88,0.48,0.13,0.01,0.00,0.00,0.00,inferred
Leicester,2021-03-31,0.88,0.48,0.13,0.01,0.00,0.00,0.00,inferred
Leicester,2021-04-01,0.88,0.48,0.13,0.01,0.00,0.00,0.00,inferred
Leicester,2021-04-02,0.88,0.48,0.13,0.01,0.00,0.00,0.00,inferred
Leicester,2021-04-03,0.88,0.48,0.13,0.01,0.00,0.00,0.00,inferred
Leicester,2021-04-04,0.88,0.48,0.13,0.01,0.00,0.00,0.00,inferred
Leicester,2021-04-05,0.88,0.48,0.13,0.01,0.00,0.00,0.00,inferred
Leicester,2021-04-06,0.34,0.06,0.01,0.00,0.00,0.00,0.00,inferred
Leicester,2021-04-07,0.34,0.06,0.01,0.00,0.00,0.00,0.00,inferred
Leicester,2021-04-08,0.34,0.06,0.01,0.00,0.00,0.00,0.00,inferred
Leicester,2021-04-09,0.34,0.06,0.01,0.00,0.00,0.00,0.00,inferred
Leicester,2021-04-10,0.34,0.06,0.01,0.00,0.00,0.00,0.00,inferred
Leicester,2021-04-11,0.34,0.06,0.01,0.00,0.00,0.00,0.00,inferred
Leicester,2021-04-12,0.34,0.06,0.01,0.00,0.00,0.00,0.00,inferred
Leicester,2021-04-13,0.32,0.06,0.01,0.00,0.00,0.00,0.00,inferred
Leicester,2021-04-14,0.32,0.06,0.01,0.00,0.00,0.00,0.00,inferred
Leicester,2021-04-15,0.32,0.06,0.01,0.00,0.00,0.00,0.00,inferred
Leicester,2021-04-16,0.32,0.06,0.01,0.00,0.00,0.00,0.00,inferred
Leicester,2021-04-17,0.32,0.06,0.01,0.00,0.00,0.00,0.00,inferred
Leicester,2021-04-18,0.32,0.06,0.01,0.00,0.00,0.00,0.00,inferred
Leicester,2021-04-19,0.32,0.06,0.01,0.00,0.00,0.00,0.00,inferred
Leicester,2021-04-20,0.21,0.04,0.00,0.00,0.00,0.00,0.00,inferred
Leicester,2021-04-21,0.21,0.04,0.00,0.00,0.00,0.00,0.00,inferred
Leicester,2021-04-22,0.21,0.04,0.00,0.00,0.00,0.00,0.00,inferred
Leicester,2021-04-23,0.21,0.04,0.00,0.00,0.00,0.00,0.00,inferred
Leicester,2021-04-24,0.21,0.04,0.00,0.00,0.00,0.00,0.00,inferred
Leicester,2021-04-25,0.21,0.04,0.00,0.00,0.00,0.00,0.00,inferred
Leicester,2021-04-26,0.21,0.04,0.00,0.00,0.00,0.00,0.00,inferred
Leicester,2021-04-27,0.99,0.93,0.73,0.39,0.15,0.00,0.00,inferred
Leicester,2021-04-28,0.99,0.93,0.73,0.39,0.15,0.00,0.00,inferred
Leicester,2021-04-29,0.99,0.93,0.73,0.39,0.15,0.00,0.00,inferred
Leicester,2021-04-30,0.99,0.93,0.73,0.39,0.15,0.00,0.00,inferred
Leicester,2021-05-01,0.99,0.93,0.73,0.39,0.15,0.00,0.00,inferred
Leicester,2021-05-02,0.99,0.93,0.73,0.39,0.15,0.00,0.00,inferred
Leicester,2021-05-03,0.99,0.93,0.73,0.39,0.15,0.00,0.00,inferred
Leicester,2021-05-04,1.00,0.98,0.83,0.54,0.24,0.00,0.00,inferred
Leicester,2021-05-05,1.00,0.98,0.83,0.54,0.24,0.00,0.00,inferred
Leicester,2021-05-06,1.00,0.98,0.83,0.54,0.24,0.00,0.00,inferred
Leicester,2021-05-07,1.00,0.98,0.83,0.54,0.24,0.00,0.00,inferred
Leicester,2021-05-08,1.00,0.98,0.83,0.54,0.24,0.00,0.00,inferred
Leicester,2021-05-09,1.00,0.98,0.83,0.54,0.24,0.00,0.00,inferred
Leicester,2021-05-10,1.00,0.98,0.83,0.54,0.24,0.00,0.00,inferred
Leicester,2021-05-11,1.00,1.00,1.00,0.95,0.78,0.10,0.00,inferred
Leicester,2021-05-12,1.00,1.00,1.00,0.95,0.78,0.10,0.00,inferred
Leicester,2021-05-13,1.00,1.00,1.00,0.95,0.78,0.10,0.00,inferred
Leicester,2021-05-14,1.00,1.00,1.00,0.95,0.78,0.10,0.00,inferred
Leicester,2021-05-15,1.00,1.00,1.00,0.95,0.78,0.10,0.00,inferred
Leicester,2021-05-16,1.00,1.00,1.00,0.95,0.78,0.10,0.00,inferred
Leicester,2021-05-17,1.00,1.00,1.00,0.95,0.78,0.10,0.00,inferred
Leicester,2021-05-18,1.00,1.00,1.00,0.99,0.96,0.40,0.00,inferred
Leicester,2021-05-19,1.00,1.00,1.00,0.99,0.96,0.40,0.00,inferred
Leicester,2021-05-20,1.00,1.00,1.00,0.99,0.96,0.40,0.00,inferred
Leicester,2021-05-21,1.00,1.00,1.00,0.99,0.96,0.40,0.00,inferred
Leicester,2021-05-22,1.00,1.00,1.00,0.99,0.96,0.40,0.00,inferred
Leicester,2021-05-23,1.00,1.00,1.00,0.99,0.96,0.40,0.00,inferred
Leicester,2021-05-24,1.00,1.00,1.00,0.99,0.96,0.40,0.00,inferred
Leicester,2021-05-25,1.00,1.00,1.00,0.98,0.87,0.11,0.00,inferred
Leicester,2021-05-26,1.00,1.00,1.00,0.98,0.87,0.11,0.00,inferred
Leicester,2021-05-27,1.00,1.00,1.00,0.98,0.87,0.11,0.00,inferred
Leicester,2021-05-28,1.00,1.00,1.00,0.98,0.87,0.11,0.00,inferred
Leicester,2021-05-29,1.00,1.00,1.00,0.98,0.87,0.11,0.00,inferred
Leicester,2021-05-30,1.00,1.00,1.00,0.98,0.87,0.11,0.00,inferred
Leicester,2021-05-31,1.00,1.00,1.00,0.98,0.87,0.11,0.00,inferred
Leicester,2021-06-01,1.00,0.98,0.81,0.47,0.19,0.00,0.00,inferred
Leicester,2021-06-02,1.00,0.98,0.81,0.47,0.19,0.00,0.00,inferred
Leicester,2021-06-03,1.00,0.98,0.81,0.47,0.19,0.00,0.00,inferred
Leicester,2021-06-04,1.00,0.98,0.81,0.47,0.19,0.00,0.00,inferred
Leicester,2021-06-05,1.00,0.98,0.81,0.47,0.19,0.00,0.00,inferred
Leicester,2021-06-06,1.00,0.98,0.81,0.47,0.19,0.00,0.00,inferred
Leicester,2021-06-07,1.00,0.98,0.81,0.47,0.19,0.00,0.00,inferred
Leicester,2021-06-08,1.00,0.91,0.53,0.13,0.02,0.00,0.00,inferred
Leicester,2021-06-09,1.00,0.91,0.53,0.13,0.02,0.00,0.00,inferred
Leicester,2021-06-10,1.00,0.91,0.53,0.13,0.02,0.00,0.00,inferred
Leicester,2021-06-11,1.00,0.91,0.53,0.13,0.02,0.00,0.00,inferred
Leicester,2021-06-12,1.00,0.91,0.53,0.13,0.02,0.00,0.00,inferred
Leicester,2021-06-13,1.00,0.91,0.53,0.13,0.02,0.00,0.00,inferred
Leicester,2021-06-14,1.00,0.91,0.53,0.13,0.02,0.00,0.00,inferred
Leicester,2021-06-15,1.00,1.00,0.99,0.86,0.47,0.00,0.00,inferred
Leicester,2021-06-16,1.00,1.00,0.99,0.86,0.47,0.00,0.00,inferred
Leicester,2021-06-17,1.00,1.00,0.99,0.86,0.47,0.00,0.00,inferred
Leicester,2021-06-18,1.00,1.00,0.99,0.86,0.47,0.00,0.00,inferred
Leicester,2021-06-19,1.00,1.00,0.99,0.86,0.47,0.00,0.00,inferred
Leicester,2021-06-20,1.00,1.00,0.99,0.86,0.47,0.00,0.00,inferred
Leicester,2021-06-21,1.00,1.00,0.99,0.86,0.47,0.00,0.00,inferred
Leicester,2021-06-22,1.00,1.00,1.00,1.00,0.99,0.50,0.00,inferred
Leicester,2021-06-23,1.00,1.00,1.00,1.00,0.99,0.50,0.00,inferred
Leicester,2021-06-24,1.00,1.00,1.00,1.00,0.99,0.50,0.00,inferred
Leicester,2021-06-25,1.00,1.00,1.00,1.00,0.99,0.50,0.00,inferred
Leicester,2021-06-26,1.00,1.00,1.00,1.00,0.99,0.50,0.00,inferred
Leicester,2021-06-27,1.00,1.00,1.00,1.00,0.99,0.50,0.00,inferred
Leicester,2021-06-28,1.00,1.00,1.00,1.00,0.99,0.50,0.00,inferred
Leicester,2021-06-29,0.99,0.96,0.87,0.68,0.47,0.06,0.00,inferred
Leicester,2021-06-30,0.99,0.96,0.87,0.68,0.47,0.06,0.00,inferred
Leicester,2021-07-01,0.99,0.96,0.87,0.68,0.47,0.06,0.00,inferred
Leicester,2021-07-02,0.99,0.96,0.87,0.68,0.47,0.06,0.00,inferred
Leicester,2021-07-03,0.99,0.96,0.87,0.68,0.47,0.06,0.00,inferred
Leicester,2021-07-04,0.99,0.96,0.87,0.68,0.47,0.06,0.00,inferred
Leicester,2021-07-05,0.99,0.96,0.87,0.68,0.47,0.06,0.00,inferred
Leicester,2021-07-06,0.94,0.87,0.75,0.61,0.47,0.19,0.03,projected
Leicester,2021-07-07,0.94,0.87,0.75,0.61,0.47,0.19,0.03,projected
Leicester,2021-07-08,0.94,0.87,0.75,0.61,0.47,0.19,0.03,projected
Leicester,2021-07-09,0.94,0.87,0.75,0.61,0.47,0.19,0.03,projected
Leicester,2021-07-10,0.94,0.87,0.75,0.61,0.47,0.19,0.03,projected
Leicester,2021-07-11,0.94,0.87,0.75,0.61,0.47,0.19,0.03,projected
Leicester,2021-07-12,0.94,0.87,0.75,0.61,0.47,0.19,0.03,projected
Leicester,2021-07-13,0.91,0.82,0.73,0.62,0.51,0.24,0.07,projected
Leicester,2021-07-14,0.91,0.82,0.73,0.62,0.51,0.24,0.07,projected
Leicester,2021-07-15,0.91,0.82,0.73,0.62,0.51,0.24,0.07,projected
Leicester,2021-07-16,0.91,0.82,0.73,0.62,0.51,0.24,0.07,projected
Leicester,2021-07-17,0.91,0.82,0.73,0.62,0.51,0.24,0.07,projected
Leicester,2021-07-18,0.91,0.82,0.73,0.62,0.51,0.24,0.07,projected
Leicester,2021-07-19,0.91,0.82,0.73,0.62,0.51,0.24,0.07,projected
Leicester,2021-07-20,0.91,0.84,0.75,0.65,0.55,0.33,0.12,projected
Leicester,2021-07-21,0.91,0.84,0.75,0.65,0.55,0.33,0.12,projected
Leicester,2021-07-22,0.91,0.84,0.75,0.65,0.55,0.33,0.12,projected
Leicester,2021-07-23,0.91,0.84,0.75,0.65,0.55,0.33,0.12,projected
Leicester,2021-07-24,0.91,0.84,0.75,0.65,0.55,0.33,0.12,projected
Leicester,2021-07-25,0.91,0.84,0.75,0.65,0.55,0.33,0.12,projected
Leicester,2021-07-26,0.91,0.84,0.75,0.65,0.55,0.33,0.12,projected
Lewes,2021-03-23,0.14,0.05,0.01,0.01,0.00,0.00,0.00,inferred
Lewes,2021-03-24,0.14,0.05,0.01,0.01,0.00,0.00,0.00,inferred
Lewes,2021-03-25,0.14,0.05,0.01,0.01,0.00,0.00,0.00,inferred
Lewes,2021-03-26,0.14,0.05,0.01,0.01,0.00,0.00,0.00,inferred
Lewes,2021-03-27,0.14,0.05,0.01,0.01,0.00,0.00,0.00,inferred
Lewes,2021-03-28,0.14,0.05,0.01,0.01,0.00,0.00,0.00,inferred
Lewes,2021-03-29,0.14,0.05,0.01,0.01,0.00,0.00,0.00,inferred
Lewes,2021-03-30,0.34,0.17,0.08,0.03,0.01,0.00,0.00,inferred
Lewes,2021-03-31,0.34,0.17,0.08,0.03,0.01,0.00,0.00,inferred
Lewes,2021-04-01,0.34,0.17,0.08,0.03,0.01,0.00,0.00,inferred
Lewes,2021-04-02,0.34,0.17,0.08,0.03,0.01,0.00,0.00,inferred
Lewes,2021-04-03,0.34,0.17,0.08,0.03,0.01,0.00,0.00,inferred
Lewes,2021-04-04,0.34,0.17,0.08,0.03,0.01,0.00,0.00,inferred
Lewes,2021-04-05,0.34,0.17,0.08,0.03,0.01,0.00,0.00,inferred
Lewes,2021-04-06,0.80,0.65,0.50,0.36,0.23,0.05,0.00,inferred
Lewes,2021-04-07,0.80,0.65,0.50,0.36,0.23,0.05,0.00,inferred
Lewes,2021-04-08,0.80,0.65,0.50,0.36,0.23,0.05,0.00,inferred
Lewes,2021-04-09,0.80,0.65,0.50,0.36,0.23,0.05,0.00,inferred
Lewes,2021-04-10,0.80,0.65,0.50,0.36,0.23,0.05,0.00,inferred
Lewes,2021-04-11,0.80,0.65,0.50,0.36,0.23,0.05,0.00,inferred
Lewes,2021-04-12,0.80,0.65,0.50,0.36,0.23,0.05,0.00,inferred
Lewes,2021-04-13,0.78,0.62,0.46,0.32,0.19,0.02,0.00,inferred
Lewes,2021-04-14,0.78,0.62,0.46,0.32,0.19,0.02,0.00,inferred
Lewes,2021-04-15,0.78,0.62,0.46,0.32,0.19,0.02,0.00,inferred
Lewes,2021-04-16,0.78,0.62,0.46,0.32,0.19,0.02,0.00,inferred
Lewes,2021-04-17,0.78,0.62,0.46,0.32,0.19,0.02,0.00,inferred
Lewes,2021-04-18,0.78,0.62,0.46,0.32,0.19,0.02,0.00,inferred
Lewes,2021-04-19,0.78,0.62,0.46,0.32,0.19,0.02,0.00,inferred
Lewes,2021-04-20,0.44,0.27,0.16,0.09,0.04,0.00,0.00,inferred
Lewes,2021-04-21,0.44,0.27,0.16,0.09,0.04,0.00,0.00,inferred
Lewes,2021-04-22,0.44,0.27,0.16,0.09,0.04,0.00,0.00,inferred
Lewes,2021-04-23,0.44,0.27,0.16,0.09,0.04,0.00,0.00,inferred
Lewes,2021-04-24,0.44,0.27,0.16,0.09,0.04,0.00,0.00,inferred
Lewes,2021-04-25,0.44,0.27,0.16,0.09,0.04,0.00,0.00,inferred
Lewes,2021-04-26,0.44,0.27,0.16,0.09,0.04,0.00,0.00,inferred
Lewes,2021-04-27,0.75,0.60,0.45,0.31,0.20,0.04,0.00,inferred
Lewes,2021-04-28,0.75,0.60,0.45,0.31,0.20,0.04,0.00,inferred
Lewes,2021-04-29,0.75,0.60,0.45,0.31,0.20,0.04,0.00,inferred
Lewes,2021-04-30,0.75,0.60,0.45,0.31,0.20,0.04,0.00,inferred
Lewes,2021-05-01,0.75,0.60,0.45,0.31,0.20,0.04,0.00,inferred
Lewes,2021-05-02,0.75,0.60,0.45,0.31,0.20,0.04,0.00,inferred
Lewes,2021-05-03,0.75,0.60,0.45,0.31,0.20,0.04,0.00,inferred
Lewes,2021-05-04,0.75,0.59,0.43,0.29,0.19,0.04,0.00,inferred
Lewes,2021-05-05,0.75,0.59,0.43,0.29,0.19,0.04,0.00,inferred
Lewes,2021-05-06,0.75,0.59,0.43,0.29,0.19,0.04,0.00,inferred
Lewes,2021-05-07,0.75,0.59,0.43,0.29,0.19,0.04,0.00,inferred
Lewes,2021-05-08,0.75,0.59,0.43,0.29,0.19,0.04,0.00,inferred
Lewes,2021-05-09,0.75,0.59,0.43,0.29,0.19,0.04,0.00,inferred
Lewes,2021-05-10,0.75,0.59,0.43,0.29,0.19,0.04,0.00,inferred
Lewes,2021-05-11,0.67,0.51,0.37,0.23,0.14,0.02,0.00,inferred
Lewes,2021-05-12,0.67,0.51,0.37,0.23,0.14,0.02,0.00,inferred
Lewes,2021-05-13,0.67,0.51,0.37,0.23,0.14,0.02,0.00,inferred
Lewes,2021-05-14,0.67,0.51,0.37,0.23,0.14,0.02,0.00,inferred
Lewes,2021-05-15,0.67,0.51,0.37,0.23,0.14,0.02,0.00,inferred
Lewes,2021-05-16,0.67,0.51,0.37,0.23,0.14,0.02,0.00,inferred
Lewes,2021-05-17,0.67,0.51,0.37,0.23,0.14,0.02,0.00,inferred
Lewes,2021-05-18,0.87,0.76,0.62,0.48,0.36,0.12,0.01,inferred
Lewes,2021-05-19,0.87,0.76,0.62,0.48,0.36,0.12,0.01,inferred
Lewes,2021-05-20,0.87,0.76,0.62,0.48,0.36,0.12,0.01,inferred
Lewes,2021-05-21,0.87,0.76,0.62,0.48,0.36,0.12,0.01,inferred
Lewes,2021-05-22,0.87,0.76,0.62,0.48,0.36,0.12,0.01,inferred
Lewes,2021-05-23,0.87,0.76,0.62,0.48,0.36,0.12,0.01,inferred
Lewes,2021-05-24,0.87,0.76,0.62,0.48,0.36,0.12,0.01,inferred
Lewes,2021-05-25,0.99,0.98,0.96,0.91,0.82,0.55,0.16,inferred
Lewes,2021-05-26,0.99,0.98,0.96,0.91,0.82,0.55,0.16,inferred
Lewes,2021-05-27,0.99,0.98,0.96,0.91,0.82,0.55,0.16,inferred
Lewes,2021-05-28,0.99,0.98,0.96,0.91,0.82,0.55,0.16,inferred
Lewes,2021-05-29,0.99,0.98,0.96,0.91,0.82,0.55,0.16,inferred
Lewes,2021-05-30,0.99,0.98,0.96,0.91,0.82,0.55,0.16,inferred
Lewes,2021-05-31,0.99,0.98,0.96,0.91,0.82,0.55,0.16,inferred
Lewes,2021-06-01,1.00,1.00,1.00,1.00,0.99,0.89,0.51,inferred
Lewes,2021-06-02,1.00,1.00,1.00,1.00,0.99,0.89,0.51,inferred
Lewes,2021-06-03,1.00,1.00,1.00,1.00,0.99,0.89,0.51,inferred
Lewes,2021-06-04,1.00,1.00,1.00,1.00,0.99,0.89,0.51,inferred
Lewes,2021-06-05,1.00,1.00,1.00,1.00,0.99,0.89,0.51,inferred
Lewes,2021-06-06,1.00,1.00,1.00,1.00,0.99,0.89,0.51,inferred
Lewes,2021-06-07,1.00,1.00,1.00,1.00,0.99,0.89,0.51,inferred
Lewes,2021-06-08,1.00,1.00,1.00,0.99,0.97,0.80,0.28,inferred
Lewes,2021-06-09,1.00,1.00,1.00,0.99,0.97,0.80,0.28,inferred
Lewes,2021-06-10,1.00,1.00,1.00,0.99,0.97,0.80,0.28,inferred
Lewes,2021-06-11,1.00,1.00,1.00,0.99,0.97,0.80,0.28,inferred
Lewes,2021-06-12,1.00,1.00,1.00,0.99,0.97,0.80,0.28,inferred
Lewes,2021-06-13,1.00,1.00,1.00,0.99,0.97,0.80,0.28,inferred
Lewes,2021-06-14,1.00,1.00,1.00,0.99,0.97,0.80,0.28,inferred
Lewes,2021-06-15,1.00,1.00,1.00,1.00,1.00,0.97,0.63,inferred
Lewes,2021-06-16,1.00,1.00,1.00,1.00,1.00,0.97,0.63,inferred
Lewes,2021-06-17,1.00,1.00,1.00,1.00,1.00,0.97,0.63,inferred
Lewes,2021-06-18,1.00,1.00,1.00,1.00,1.00,0.97,0.63,inferred
Lewes,2021-06-19,1.00,1.00,1.00,1.00,1.00,0.97,0.63,inferred
Lewes,2021-06-20,1.00,1.00,1.00,1.00,1.00,0.97,0.63,inferred
Lewes,2021-06-21,1.00,1.00,1.00,1.00,1.00,0.97,0.63,inferred
Lewes,2021-06-22,1.00,1.00,1.00,1.00,1.00,1.00,0.83,inferred
Lewes,2021-06-23,1.00,1.00,1.00,1.00,1.00,1.00,0.83,inferred
Lewes,2021-06-24,1.00,1.00,1.00,1.00,1.00,1.00,0.83,inferred
Lewes,2021-06-25,1.00,1.00,1.00,1.00,1.00,1.00,0.83,inferred
Lewes,2021-06-26,1.00,1.00,1.00,1.00,1.00,1.00,0.83,inferred
Lewes,2021-06-27,1.00,1.00,1.00,1.00,1.00,1.00,0.83,inferred
Lewes,2021-06-28,1.00,1.00,1.00,1.00,1.00,1.00,0.83,inferred
Lewes,2021-06-29,1.00,1.00,1.00,1.00,0.99,0.91,0.50,inferred
Lewes,2021-06-30,1.00,1.00,1.00,1.00,0.99,0.91,0.50,inferred
Lewes,2021-07-01,1.00,1.00,1.00,1.00,0.99,0.91,0.50,inferred
Lewes,2021-07-02,1.00,1.00,1.00,1.00,0.99,0.91,0.50,inferred
Lewes,2021-07-03,1.00,1.00,1.00,1.00,0.99,0.91,0.50,inferred
Lewes,2021-07-04,1.00,1.00,1.00,1.00,0.99,0.91,0.50,inferred
Lewes,2021-07-05,1.00,1.00,1.00,1.00,0.99,0.91,0.50,inferred
Lewes,2021-07-06,1.00,1.00,0.99,0.97,0.94,0.74,0.37,projected
Lewes,2021-07-07,1.00,1.00,0.99,0.97,0.94,0.74,0.37,projected
Lewes,2021-07-08,1.00,1.00,0.99,0.97,0.94,0.74,0.37,projected
Lewes,2021-07-09,1.00,1.00,0.99,0.97,0.94,0.74,0.37,projected
Lewes,2021-07-10,1.00,1.00,0.99,0.97,0.94,0.74,0.37,projected
Lewes,2021-07-11,1.00,1.00,0.99,0.97,0.94,0.74,0.37,projected
Lewes,2021-07-12,1.00,1.00,0.99,0.97,0.94,0.74,0.37,projected
Lewes,2021-07-13,0.99,0.98,0.96,0.92,0.87,0.66,0.31,projected
Lewes,2021-07-14,0.99,0.98,0.96,0.92,0.87,0.66,0.31,projected
Lewes,2021-07-15,0.99,0.98,0.96,0.92,0.87,0.66,0.31,projected
Lewes,2021-07-16,0.99,0.98,0.96,0.92,0.87,0.66,0.31,projected
Lewes,2021-07-17,0.99,0.98,0.96,0.92,0.87,0.66,0.31,projected
Lewes,2021-07-18,0.99,0.98,0.96,0.92,0.87,0.66,0.31,projected
Lewes,2021-07-19,0.99,0.98,0.96,0.92,0.87,0.66,0.31,projected
Lewes,2021-07-20,0.98,0.96,0.92,0.87,0.81,0.61,0.29,projected
Lewes,2021-07-21,0.98,0.96,0.92,0.87,0.81,0.61,0.29,projected
Lewes,2021-07-22,0.98,0.96,0.92,0.87,0.81,0.61,0.29,projected
Lewes,2021-07-23,0.98,0.96,0.92,0.87,0.81,0.61,0.29,projected
Lewes,2021-07-24,0.98,0.96,0.92,0.87,0.81,0.61,0.29,projected
Lewes,2021-07-25,0.98,0.96,0.92,0.87,0.81,0.61,0.29,projected
Lewes,2021-07-26,0.98,0.96,0.92,0.87,0.81,0.61,0.29,projected
Lewisham,2021-03-23,0.01,0.00,0.00,0.00,0.00,0.00,0.00,inferred
Lewisham,2021-03-24,0.01,0.00,0.00,0.00,0.00,0.00,0.00,inferred
Lewisham,2021-03-25,0.01,0.00,0.00,0.00,0.00,0.00,0.00,inferred
Lewisham,2021-03-26,0.01,0.00,0.00,0.00,0.00,0.00,0.00,inferred
Lewisham,2021-03-27,0.01,0.00,0.00,0.00,0.00,0.00,0.00,inferred
Lewisham,2021-03-28,0.01,0.00,0.00,0.00,0.00,0.00,0.00,inferred
Lewisham,2021-03-29,0.01,0.00,0.00,0.00,0.00,0.00,0.00,inferred
Lewisham,2021-03-30,0.59,0.31,0.12,0.03,0.01,0.00,0.00,inferred
Lewisham,2021-03-31,0.59,0.31,0.12,0.03,0.01,0.00,0.00,inferred
Lewisham,2021-04-01,0.59,0.31,0.12,0.03,0.01,0.00,0.00,inferred
Lewisham,2021-04-02,0.59,0.31,0.12,0.03,0.01,0.00,0.00,inferred
Lewisham,2021-04-03,0.59,0.31,0.12,0.03,0.01,0.00,0.00,inferred
Lewisham,2021-04-04,0.59,0.31,0.12,0.03,0.01,0.00,0.00,inferred
Lewisham,2021-04-05,0.59,0.31,0.12,0.03,0.01,0.00,0.00,inferred
Lewisham,2021-04-06,0.95,0.84,0.63,0.40,0.21,0.01,0.00,inferred
Lewisham,2021-04-07,0.95,0.84,0.63,0.40,0.21,0.01,0.00,inferred
Lewisham,2021-04-08,0.95,0.84,0.63,0.40,0.21,0.01,0.00,inferred
Lewisham,2021-04-09,0.95,0.84,0.63,0.40,0.21,0.01,0.00,inferred
Lewisham,2021-04-10,0.95,0.84,0.63,0.40,0.21,0.01,0.00,inferred
Lewisham,2021-04-11,0.95,0.84,0.63,0.40,0.21,0.01,0.00,inferred
Lewisham,2021-04-12,0.95,0.84,0.63,0.40,0.21,0.01,0.00,inferred
Lewisham,2021-04-13,0.98,0.92,0.77,0.55,0.32,0.03,0.00,inferred
Lewisham,2021-04-14,0.98,0.92,0.77,0.55,0.32,0.03,0.00,inferred
Lewisham,2021-04-15,0.98,0.92,0.77,0.55,0.32,0.03,0.00,inferred
Lewisham,2021-04-16,0.98,0.92,0.77,0.55,0.32,0.03,0.00,inferred
Lewisham,2021-04-17,0.98,0.92,0.77,0.55,0.32,0.03,0.00,inferred
Lewisham,2021-04-18,0.98,0.92,0.77,0.55,0.32,0.03,0.00,inferred
Lewisham,2021-04-19,0.98,0.92,0.77,0.55,0.32,0.03,0.00,inferred
Lewisham,2021-04-20,0.76,0.51,0.25,0.10,0.02,0.00,0.00,inferred
Lewisham,2021-04-21,0.76,0.51,0.25,0.10,0.02,0.00,0.00,inferred
Lewisham,2021-04-22,0.76,0.51,0.25,0.10,0.02,0.00,0.00,inferred
Lewisham,2021-04-23,0.76,0.51,0.25,0.10,0.02,0.00,0.00,inferred
Lewisham,2021-04-24,0.76,0.51,0.25,0.10,0.02,0.00,0.00,inferred
Lewisham,2021-04-25,0.76,0.51,0.25,0.10,0.02,0.00,0.00,inferred
Lewisham,2021-04-26,0.76,0.51,0.25,0.10,0.02,0.00,0.00,inferred
Lewisham,2021-04-27,0.93,0.80,0.54,0.29,0.13,0.00,0.00,inferred
Lewisham,2021-04-28,0.93,0.80,0.54,0.29,0.13,0.00,0.00,inferred
Lewisham,2021-04-29,0.93,0.80,0.54,0.29,0.13,0.00,0.00,inferred
Lewisham,2021-04-30,0.93,0.80,0.54,0.29,0.13,0.00,0.00,inferred
Lewisham,2021-05-01,0.93,0.80,0.54,0.29,0.13,0.00,0.00,inferred
Lewisham,2021-05-02,0.93,0.80,0.54,0.29,0.13,0.00,0.00,inferred
Lewisham,2021-05-03,0.93,0.80,0.54,0.29,0.13,0.00,0.00,inferred
Lewisham,2021-05-04,0.98,0.91,0.76,0.51,0.28,0.01,0.00,inferred
Lewisham,2021-05-05,0.98,0.91,0.76,0.51,0.28,0.01,0.00,inferred
Lewisham,2021-05-06,0.98,0.91,0.76,0.51,0.28,0.01,0.00,inferred
Lewisham,2021-05-07,0.98,0.91,0.76,0.51,0.28,0.01,0.00,inferred
Lewisham,2021-05-08,0.98,0.91,0.76,0.51,0.28,0.01,0.00,inferred
Lewisham,2021-05-09,0.98,0.91,0.76,0.51,0.28,0.01,0.00,inferred
Lewisham,2021-05-10,0.98,0.91,0.76,0.51,0.28,0.01,0.00,inferred
Lewisham,2021-05-11,0.96,0.89,0.71,0.47,0.25,0.01,0.00,inferred
Lewisham,2021-05-12,0.96,0.89,0.71,0.47,0.25,0.01,0.00,inferred
Lewisham,2021-05-13,0.96,0.89,0.71,0.47,0.25,0.01,0.00,inferred
Lewisham,2021-05-14,0.96,0.89,0.71,0.47,0.25,0.01,0.00,inferred
Lewisham,2021-05-15,0.96,0.89,0.71,0.47,0.25,0.01,0.00,inferred
Lewisham,2021-05-16,0.96,0.89,0.71,0.47,0.25,0.01,0.00,inferred
Lewisham,2021-05-17,0.96,0.89,0.71,0.47,0.25,0.01,0.00,inferred
Lewisham,2021-05-18,1.00,1.00,1.00,1.00,0.99,0.81,0.08,inferred
Lewisham,2021-05-19,1.00,1.00,1.00,1.00,0.99,0.81,0.08,inferred
Lewisham,2021-05-20,1.00,1.00,1.00,1.00,0.99,0.81,0.08,inferred
Lewisham,2021-05-21,1.00,1.00,1.00,1.00,0.99,0.81,0.08,inferred
Lewisham,2021-05-22,1.00,1.00,1.00,1.00,0.99,0.81,0.08,inferred
Lewisham,2021-05-23,1.00,1.00,1.00,1.00,0.99,0.81,0.08,inferred
Lewisham,2021-05-24,1.00,1.00,1.00,1.00,0.99,0.81,0.08,inferred
Lewisham,2021-05-25,1.00,1.00,1.00,1.00,1.00,0.94,0.29,inferred
Lewisham,2021-05-26,1.00,1.00,1.00,1.00,1.00,0.94,0.29,inferred
Lewisham,2021-05-27,1.00,1.00,1.00,1.00,1.00,0.94,0.29,inferred
Lewisham,2021-05-28,1.00,1.00,1.00,1.00,1.00,0.94,0.29,inferred
Lewisham,2021-05-29,1.00,1.00,1.00,1.00,1.00,0.94,0.29,inferred
Lewisham,2021-05-30,1.00,1.00,1.00,1.00,1.00,0.94,0.29,inferred
Lewisham,2021-05-31,1.00,1.00,1.00,1.00,1.00,0.94,0.29,inferred
Lewisham,2021-06-01,1.00,1.00,1.00,0.98,0.89,0.29,0.00,inferred
Lewisham,2021-06-02,1.00,1.00,1.00,0.98,0.89,0.29,0.00,inferred
Lewisham,2021-06-03,1.00,1.00,1.00,0.98,0.89,0.29,0.00,inferred
Lewisham,2021-06-04,1.00,1.00,1.00,0.98,0.89,0.29,0.00,inferred
Lewisham,2021-06-05,1.00,1.00,1.00,0.98,0.89,0.29,0.00,inferred
Lewisham,2021-06-06,1.00,1.00,1.00,0.98,0.89,0.29,0.00,inferred
Lewisham,2021-06-07,1.00,1.00,1.00,0.98,0.89,0.29,0.00,inferred
Lewisham,2021-06-08,1.00,1.00,0.99,0.88,0.57,0.02,0.00,inferred
Lewisham,2021-06-09,1.00,1.00,0.99,0.88,0.57,0.02,0.00,inferred
Lewisham,2021-06-10,1.00,1.00,0.99,0.88,0.57,0.02,0.00,inferred
Lewisham,2021-06-11,1.00,1.00,0.99,0.88,0.57,0.02,0.00,inferred
Lewisham,2021-06-12,1.00,1.00,0.99,0.88,0.57,0.02,0.00,inferred
Lewisham,2021-06-13,1.00,1.00,0.99,0.88,0.57,0.02,0.00,inferred
Lewisham,2021-06-14,1.00,1.00,0.99,0.88,0.57,0.02,0.00,inferred
Lewisham,2021-06-15,1.00,1.00,1.00,1.00,1.00,0.99,0.20,inferred
Lewisham,2021-06-16,1.00,1.00,1.00,1.00,1.00,0.99,0.20,inferred
Lewisham,2021-06-17,1.00,1.00,1.00,1.00,1.00,0.99,0.20,inferred
Lewisham,2021-06-18,1.00,1.00,1.00,1.00,1.00,0.99,0.20,inferred
Lewisham,2021-06-19,1.00,1.00,1.00,1.00,1.00,0.99,0.20,inferred
Lewisham,2021-06-20,1.00,1.00,1.00,1.00,1.00,0.99,0.20,inferred
Lewisham,2021-06-21,1.00,1.00,1.00,1.00,1.00,0.99,0.20,inferred
Lewisham,2021-06-22,1.00,1.00,1.00,1.00,1.00,0.90,0.27,inferred
Lewisham,2021-06-23,1.00,1.00,1.00,1.00,1.00,0.90,0.27,inferred
Lewisham,2021-06-24,1.00,1.00,1.00,1.00,1.00,0.90,0.27,inferred
Lewisham,2021-06-25,1.00,1.00,1.00,1.00,1.00,0.90,0.27,inferred
Lewisham,2021-06-26,1.00,1.00,1.00,1.00,1.00,0.90,0.27,inferred
Lewisham,2021-06-27,1.00,1.00,1.00,1.00,1.00,0.90,0.27,inferred
Lewisham,2021-06-28,1.00,1.00,1.00,1.00,1.00,0.90,0.27,inferred
Lewisham,2021-06-29,1.00,1.00,0.98,0.91,0.73,0.14,0.00,inferred
Lewisham,2021-06-30,1.00,1.00,0.98,0.91,0.73,0.14,0.00,inferred
Lewisham,2021-07-01,1.00,1.00,0.98,0.91,0.73,0.14,0.00,inferred
Lewisham,2021-07-02,1.00,1.00,0.98,0.91,0.73,0.14,0.00,inferred
Lewisham,2021-07-03,1.00,1.00,0.98,0.91,0.73,0.14,0.00,inferred
Lewisham,2021-07-04,1.00,1.00,0.98,0.91,0.73,0.14,0.00,inferred
Lewisham,2021-07-05,1.00,1.00,0.98,0.91,0.73,0.14,0.00,inferred
Lewisham,2021-07-06,0.99,0.98,0.91,0.78,0.63,0.22,0.02,projected
Lewisham,2021-07-07,0.99,0.98,0.91,0.78,0.63,0.22,0.02,projected
Lewisham,2021-07-08,0.99,0.98,0.91,0.78,0.63,0.22,0.02,projected
Lewisham,2021-07-09,0.99,0.98,0.91,0.78,0.63,0.22,0.02,projected
Lewisham,2021-07-10,0.99,0.98,0.91,0.78,0.63,0.22,0.02,projected
Lewisham,2021-07-11,0.99,0.98,0.91,0.78,0.63,0.22,0.02,projected
Lewisham,2021-07-12,0.99,0.98,0.91,0.78,0.63,0.22,0.02,projected
Lewisham,2021-07-13,0.98,0.93,0.85,0.73,0.59,0.23,0.03,projected
Lewisham,2021-07-14,0.98,0.93,0.85,0.73,0.59,0.23,0.03,projected
Lewisham,2021-07-15,0.98,0.93,0.85,0.73,0.59,0.23,0.03,projected
Lewisham,2021-07-16,0.98,0.93,0.85,0.73,0.59,0.23,0.03,projected
Lewisham,2021-07-17,0.98,0.93,0.85,0.73,0.59,0.23,0.03,projected
Lewisham,2021-07-18,0.98,0.93,0.85,0.73,0.59,0.23,0.03,projected
Lewisham,2021-07-19,0.98,0.93,0.85,0.73,0.59,0.23,0.03,projected
Lewisham,2021-07-20,0.97,0.91,0.83,0.71,0.57,0.25,0.04,projected
Lewisham,2021-07-21,0.97,0.91,0.83,0.71,0.57,0.25,0.04,projected
Lewisham,2021-07-22,0.97,0.91,0.83,0.71,0.57,0.25,0.04,projected
Lewisham,2021-07-23,0.97,0.91,0.83,0.71,0.57,0.25,0.04,projected
Lewisham,2021-07-24,0.97,0.91,0.83,0.71,0.57,0.25,0.04,projected
Lewisham,2021-07-25,0.97,0.91,0.83,0.71,0.57,0.25,0.04,projected
Lewisham,2021-07-26,0.97,0.91,0.83,0.71,0.57,0.25,0.04,projected
Lichfield,2021-03-23,0.01,0.00,0.00,0.00,0.00,0.00,0.00,inferred
Lichfield,2021-03-24,0.01,0.00,0.00,0.00,0.00,0.00,0.00,inferred
Lichfield,2021-03-25,0.01,0.00,0.00,0.00,0.00,0.00,0.00,inferred
Lichfield,2021-03-26,0.01,0.00,0.00,0.00,0.00,0.00,0.00,inferred
Lichfield,2021-03-27,0.01,0.00,0.00,0.00,0.00,0.00,0.00,inferred
Lichfield,2021-03-28,0.01,0.00,0.00,0.00,0.00,0.00,0.00,inferred
Lichfield,2021-03-29,0.01,0.00,0.00,0.00,0.00,0.00,0.00,inferred
Lichfield,2021-03-30,0.08,0.03,0.01,0.00,0.00,0.00,0.00,inferred
Lichfield,2021-03-31,0.08,0.03,0.01,0.00,0.00,0.00,0.00,inferred
Lichfield,2021-04-01,0.08,0.03,0.01,0.00,0.00,0.00,0.00,inferred
Lichfield,2021-04-02,0.08,0.03,0.01,0.00,0.00,0.00,0.00,inferred
Lichfield,2021-04-03,0.08,0.03,0.01,0.00,0.00,0.00,0.00,inferred
Lichfield,2021-04-04,0.08,0.03,0.01,0.00,0.00,0.00,0.00,inferred
Lichfield,2021-04-05,0.08,0.03,0.01,0.00,0.00,0.00,0.00,inferred
Lichfield,2021-04-06,0.34,0.18,0.09,0.04,0.02,0.00,0.00,inferred
Lichfield,2021-04-07,0.34,0.18,0.09,0.04,0.02,0.00,0.00,inferred
Lichfield,2021-04-08,0.34,0.18,0.09,0.04,0.02,0.00,0.00,inferred
Lichfield,2021-04-09,0.34,0.18,0.09,0.04,0.02,0.00,0.00,inferred
Lichfield,2021-04-10,0.34,0.18,0.09,0.04,0.02,0.00,0.00,inferred
Lichfield,2021-04-11,0.34,0.18,0.09,0.04,0.02,0.00,0.00,inferred
Lichfield,2021-04-12,0.34,0.18,0.09,0.04,0.02,0.00,0.00,inferred
Lichfield,2021-04-13,0.53,0.34,0.21,0.11,0.05,0.01,0.00,inferred
Lichfield,2021-04-14,0.53,0.34,0.21,0.11,0.05,0.01,0.00,inferred
Lichfield,2021-04-15,0.53,0.34,0.21,0.11,0.05,0.01,0.00,inferred
Lichfield,2021-04-16,0.53,0.34,0.21,0.11,0.05,0.01,0.00,inferred
Lichfield,2021-04-17,0.53,0.34,0.21,0.11,0.05,0.01,0.00,inferred
Lichfield,2021-04-18,0.53,0.34,0.21,0.11,0.05,0.01,0.00,inferred
Lichfield,2021-04-19,0.53,0.34,0.21,0.11,0.05,0.01,0.00,inferred
Lichfield,2021-04-20,0.44,0.25,0.15,0.08,0.04,0.00,0.00,inferred
Lichfield,2021-04-21,0.44,0.25,0.15,0.08,0.04,0.00,0.00,inferred
Lichfield,2021-04-22,0.44,0.25,0.15,0.08,0.04,0.00,0.00,inferred
Lichfield,2021-04-23,0.44,0.25,0.15,0.08,0.04,0.00,0.00,inferred
Lichfield,2021-04-24,0.44,0.25,0.15,0.08,0.04,0.00,0.00,inferred
Lichfield,2021-04-25,0.44,0.25,0.15,0.08,0.04,0.00,0.00,inferred
Lichfield,2021-04-26,0.44,0.25,0.15,0.08,0.04,0.00,0.00,inferred
Lichfield,2021-04-27,0.81,0.66,0.50,0.35,0.24,0.05,0.00,inferred
Lichfield,2021-04-28,0.81,0.66,0.50,0.35,0.24,0.05,0.00,inferred
Lichfield,2021-04-29,0.81,0.66,0.50,0.35,0.24,0.05,0.00,inferred
Lichfield,2021-04-30,0.81,0.66,0.50,0.35,0.24,0.05,0.00,inferred
Lichfield,2021-05-01,0.81,0.66,0.50,0.35,0.24,0.05,0.00,inferred
Lichfield,2021-05-02,0.81,0.66,0.50,0.35,0.24,0.05,0.00,inferred
Lichfield,2021-05-03,0.81,0.66,0.50,0.35,0.24,0.05,0.00,inferred
Lichfield,2021-05-04,0.75,0.60,0.44,0.31,0.20,0.04,0.00,inferred
Lichfield,2021-05-05,0.75,0.60,0.44,0.31,0.20,0.04,0.00,inferred
Lichfield,2021-05-06,0.75,0.60,0.44,0.31,0.20,0.04,0.00,inferred
Lichfield,2021-05-07,0.75,0.60,0.44,0.31,0.20,0.04,0.00,inferred
Lichfield,2021-05-08,0.75,0.60,0.44,0.31,0.20,0.04,0.00,inferred
Lichfield,2021-05-09,0.75,0.60,0.44,0.31,0.20,0.04,0.00,inferred
Lichfield,2021-05-10,0.75,0.60,0.44,0.31,0.20,0.04,0.00,inferred
Lichfield,2021-05-11,0.91,0.84,0.70,0.56,0.42,0.11,0.00,inferred
Lichfield,2021-05-12,0.91,0.84,0.70,0.56,0.42,0.11,0.00,inferred
Lichfield,2021-05-13,0.91,0.84,0.70,0.56,0.42,0.11,0.00,inferred
Lichfield,2021-05-14,0.91,0.84,0.70,0.56,0.42,0.11,0.00,inferred
Lichfield,2021-05-15,0.91,0.84,0.70,0.56,0.42,0.11,0.00,inferred
Lichfield,2021-05-16,0.91,0.84,0.70,0.56,0.42,0.11,0.00,inferred
Lichfield,2021-05-17,0.91,0.84,0.70,0.56,0.42,0.11,0.00,inferred
Lichfield,2021-05-18,1.00,0.99,0.96,0.93,0.86,0.54,0.11,inferred
Lichfield,2021-05-19,1.00,0.99,0.96,0.93,0.86,0.54,0.11,inferred
Lichfield,2021-05-20,1.00,0.99,0.96,0.93,0.86,0.54,0.11,inferred
Lichfield,2021-05-21,1.00,0.99,0.96,0.93,0.86,0.54,0.11,inferred
Lichfield,2021-05-22,1.00,0.99,0.96,0.93,0.86,0.54,0.11,inferred
Lichfield,2021-05-23,1.00,0.99,0.96,0.93,0.86,0.54,0.11,inferred
Lichfield,2021-05-24,1.00,0.99,0.96,0.93,0.86,0.54,0.11,inferred
Lichfield,2021-05-25,1.00,1.00,0.99,0.97,0.92,0.63,0.15,inferred
Lichfield,2021-05-26,1.00,1.00,0.99,0.97,0.92,0.63,0.15,inferred
Lichfield,2021-05-27,1.00,1.00,0.99,0.97,0.92,0.63,0.15,inferred
Lichfield,2021-05-28,1.00,1.00,0.99,0.97,0.92,0.63,0.15,inferred
Lichfield,2021-05-29,1.00,1.00,0.99,0.97,0.92,0.63,0.15,inferred
Lichfield,2021-05-30,1.00,1.00,0.99,0.97,0.92,0.63,0.15,inferred
Lichfield,2021-05-31,1.00,1.00,0.99,0.97,0.92,0.63,0.15,inferred
Lichfield,2021-06-01,1.00,1.00,0.99,0.96,0.91,0.55,0.08,inferred
Lichfield,2021-06-02,1.00,1.00,0.99,0.96,0.91,0.55,0.08,inferred
Lichfield,2021-06-03,1.00,1.00,0.99,0.96,0.91,0.55,0.08,inferred
Lichfield,2021-06-04,1.00,1.00,0.99,0.96,0.91,0.55,0.08,inferred
Lichfield,2021-06-05,1.00,1.00,0.99,0.96,0.91,0.55,0.08,inferred
Lichfield,2021-06-06,1.00,1.00,0.99,0.96,0.91,0.55,0.08,inferred
Lichfield,2021-06-07,1.00,1.00,0.99,0.96,0.91,0.55,0.08,inferred
Lichfield,2021-06-08,1.00,1.00,1.00,0.98,0.94,0.62,0.07,inferred
Lichfield,2021-06-09,1.00,1.00,1.00,0.98,0.94,0.62,0.07,inferred
Lichfield,2021-06-10,1.00,1.00,1.00,0.98,0.94,0.62,0.07,inferred
Lichfield,2021-06-11,1.00,1.00,1.00,0.98,0.94,0.62,0.07,inferred
Lichfield,2021-06-12,1.00,1.00,1.00,0.98,0.94,0.62,0.07,inferred
Lichfield,2021-06-13,1.00,1.00,1.00,0.98,0.94,0.62,0.07,inferred
Lichfield,2021-06-14,1.00,1.00,1.00,0.98,0.94,0.62,0.07,inferred
Lichfield,2021-06-15,1.00,1.00,1.00,1.00,1.00,1.00,0.93,inferred
Lichfield,2021-06-16,1.00,1.00,1.00,1.00,1.00,1.00,0.93,inferred
Lichfield,2021-06-17,1.00,1.00,1.00,1.00,1.00,1.00,0.93,inferred
Lichfield,2021-06-18,1.00,1.00,1.00,1.00,1.00,1.00,0.93,inferred
Lichfield,2021-06-19,1.00,1.00,1.00,1.00,1.00,1.00,0.93,inferred
Lichfield,2021-06-20,1.00,1.00,1.00,1.00,1.00,1.00,0.93,inferred
Lichfield,2021-06-21,1.00,1.00,1.00,1.00,1.00,1.00,0.93,inferred
Lichfield,2021-06-22,1.00,1.00,1.00,1.00,1.00,0.95,0.63,inferred
Lichfield,2021-06-23,1.00,1.00,1.00,1.00,1.00,0.95,0.63,inferred
Lichfield,2021-06-24,1.00,1.00,1.00,1.00,1.00,0.95,0.63,inferred
Lichfield,2021-06-25,1.00,1.00,1.00,1.00,1.00,0.95,0.63,inferred
Lichfield,2021-06-26,1.00,1.00,1.00,1.00,1.00,0.95,0.63,inferred
Lichfield,2021-06-27,1.00,1.00,1.00,1.00,1.00,0.95,0.63,inferred
Lichfield,2021-06-28,1.00,1.00,1.00,1.00,1.00,0.95,0.63,inferred
Lichfield,2021-06-29,0.97,0.92,0.80,0.62,0.42,0.09,0.00,inferred
Lichfield,2021-06-30,0.97,0.92,0.80,0.62,0.42,0.09,0.00,inferred
Lichfield,2021-07-01,0.97,0.92,0.80,0.62,0.42,0.09,0.00,inferred
Lichfield,2021-07-02,0.97,0.92,0.80,0.62,0.42,0.09,0.00,inferred
Lichfield,2021-07-03,0.97,0.92,0.80,0.62,0.42,0.09,0.00,inferred
Lichfield,2021-07-04,0.97,0.92,0.80,0.62,0.42,0.09,0.00,inferred
Lichfield,2021-07-05,0.97,0.92,0.80,0.62,0.42,0.09,0.00,inferred
Lichfield,2021-07-06,0.93,0.85,0.73,0.62,0.47,0.21,0.05,projected
Lichfield,2021-07-07,0.93,0.85,0.73,0.62,0.47,0.21,0.05,projected
Lichfield,2021-07-08,0.93,0.85,0.73,0.62,0.47,0.21,0.05,projected
Lichfield,2021-07-09,0.93,0.85,0.73,0.62,0.47,0.21,0.05,projected
Lichfield,2021-07-10,0.93,0.85,0.73,0.62,0.47,0.21,0.05,projected
Lichfield,2021-07-11,0.93,0.85,0.73,0.62,0.47,0.21,0.05,projected
Lichfield,2021-07-12,0.93,0.85,0.73,0.62,0.47,0.21,0.05,projected
Lichfield,2021-07-13,0.90,0.83,0.73,0.63,0.51,0.26,0.07,projected
Lichfield,2021-07-14,0.90,0.83,0.73,0.63,0.51,0.26,0.07,projected
Lichfield,2021-07-15,0.90,0.83,0.73,0.63,0.51,0.26,0.07,projected
Lichfield,2021-07-16,0.90,0.83,0.73,0.63,0.51,0.26,0.07,projected
Lichfield,2021-07-17,0.90,0.83,0.73,0.63,0.51,0.26,0.07,projected
Lichfield,2021-07-18,0.90,0.83,0.73,0.63,0.51,0.26,0.07,projected
Lichfield,2021-07-19,0.90,0.83,0.73,0.63,0.51,0.26,0.07,projected
Lichfield,2021-07-20,0.91,0.85,0.76,0.66,0.56,0.33,0.10,projected
Lichfield,2021-07-21,0.91,0.85,0.76,0.66,0.56,0.33,0.10,projected
Lichfield,2021-07-22,0.91,0.85,0.76,0.66,0.56,0.33,0.10,projected
Lichfield,2021-07-23,0.91,0.85,0.76,0.66,0.56,0.33,0.10,projected
Lichfield,2021-07-24,0.91,0.85,0.76,0.66,0.56,0.33,0.10,projected
Lichfield,2021-07-25,0.91,0.85,0.76,0.66,0.56,0.33,0.10,projected
Lichfield,2021-07-26,0.91,0.85,0.76,0.66,0.56,0.33,0.10,projected
Lincoln,2021-03-23,0.00,0.00,0.00,0.00,0.00,0.00,0.00,inferred
Lincoln,2021-03-24,0.00,0.00,0.00,0.00,0.00,0.00,0.00,inferred
Lincoln,2021-03-25,0.00,0.00,0.00,0.00,0.00,0.00,0.00,inferred
Lincoln,2021-03-26,0.00,0.00,0.00,0.00,0.00,0.00,0.00,inferred
Lincoln,2021-03-27,0.00,0.00,0.00,0.00,0.00,0.00,0.00,inferred
Lincoln,2021-03-28,0.00,0.00,0.00,0.00,0.00,0.00,0.00,inferred
Lincoln,2021-03-29,0.00,0.00,0.00,0.00,0.00,0.00,0.00,inferred
Lincoln,2021-03-30,0.11,0.03,0.01,0.00,0.00,0.00,0.00,inferred
Lincoln,2021-03-31,0.11,0.03,0.01,0.00,0.00,0.00,0.00,inferred
Lincoln,2021-04-01,0.11,0.03,0.01,0.00,0.00,0.00,0.00,inferred
Lincoln,2021-04-02,0.11,0.03,0.01,0.00,0.00,0.00,0.00,inferred
Lincoln,2021-04-03,0.11,0.03,0.01,0.00,0.00,0.00,0.00,inferred
Lincoln,2021-04-04,0.11,0.03,0.01,0.00,0.00,0.00,0.00,inferred
Lincoln,2021-04-05,0.11,0.03,0.01,0.00,0.00,0.00,0.00,inferred
Lincoln,2021-04-06,0.80,0.63,0.46,0.29,0.17,0.02,0.00,inferred
Lincoln,2021-04-07,0.80,0.63,0.46,0.29,0.17,0.02,0.00,inferred
Lincoln,2021-04-08,0.80,0.63,0.46,0.29,0.17,0.02,0.00,inferred
Lincoln,2021-04-09,0.80,0.63,0.46,0.29,0.17,0.02,0.00,inferred
Lincoln,2021-04-10,0.80,0.63,0.46,0.29,0.17,0.02,0.00,inferred
Lincoln,2021-04-11,0.80,0.63,0.46,0.29,0.17,0.02,0.00,inferred
Lincoln,2021-04-12,0.80,0.63,0.46,0.29,0.17,0.02,0.00,inferred
Lincoln,2021-04-13,0.98,0.94,0.86,0.74,0.59,0.19,0.00,inferred
Lincoln,2021-04-14,0.98,0.94,0.86,0.74,0.59,0.19,0.00,inferred
Lincoln,2021-04-15,0.98,0.94,0.86,0.74,0.59,0.19,0.00,inferred
Lincoln,2021-04-16,0.98,0.94,0.86,0.74,0.59,0.19,0.00,inferred
Lincoln,2021-04-17,0.98,0.94,0.86,0.74,0.59,0.19,0.00,inferred
Lincoln,2021-04-18,0.98,0.94,0.86,0.74,0.59,0.19,0.00,inferred
Lincoln,2021-04-19,0.98,0.94,0.86,0.74,0.59,0.19,0.00,inferred
Lincoln,2021-04-20,0.97,0.90,0.79,0.64,0.46,0.10,0.00,inferred
Lincoln,2021-04-21,0.97,0.90,0.79,0.64,0.46,0.10,0.00,inferred
Lincoln,2021-04-22,0.97,0.90,0.79,0.64,0.46,0.10,0.00,inferred
Lincoln,2021-04-23,0.97,0.90,0.79,0.64,0.46,0.10,0.00,inferred
Lincoln,2021-04-24,0.97,0.90,0.79,0.64,0.46,0.10,0.00,inferred
Lincoln,2021-04-25,0.97,0.90,0.79,0.64,0.46,0.10,0.00,inferred
Lincoln,2021-04-26,0.97,0.90,0.79,0.64,0.46,0.10,0.00,inferred
Lincoln,2021-04-27,1.00,0.97,0.92,0.81,0.66,0.21,0.01,inferred
Lincoln,2021-04-28,1.00,0.97,0.92,0.81,0.66,0.21,0.01,inferred
Lincoln,2021-04-29,1.00,0.97,0.92,0.81,0.66,0.21,0.01,inferred
Lincoln,2021-04-30,1.00,0.97,0.92,0.81,0.66,0.21,0.01,inferred
Lincoln,2021-05-01,1.00,0.97,0.92,0.81,0.66,0.21,0.01,inferred
Lincoln,2021-05-02,1.00,0.97,0.92,0.81,0.66,0.21,0.01,inferred
Lincoln,2021-05-03,1.00,0.97,0.92,0.81,0.66,0.21,0.01,inferred
Lincoln,2021-05-04,0.61,0.40,0.23,0.12,0.05,0.00,0.00,inferred
Lincoln,2021-05-05,0.61,0.40,0.23,0.12,0.05,0.00,0.00,inferred
Lincoln,2021-05-06,0.61,0.40,0.23,0.12,0.05,0.00,0.00,inferred
Lincoln,2021-05-07,0.61,0.40,0.23,0.12,0.05,0.00,0.00,inferred
Lincoln,2021-05-08,0.61,0.40,0.23,0.12,0.05,0.00,0.00,inferred
Lincoln,2021-05-09,0.61,0.40,0.23,0.12,0.05,0.00,0.00,inferred
Lincoln,2021-05-10,0.61,0.40,0.23,0.12,0.05,0.00,0.00,inferred
Lincoln,2021-05-11,0.34,0.15,0.06,0.02,0.01,0.00,0.00,inferred
Lincoln,2021-05-12,0.34,0.15,0.06,0.02,0.01,0.00,0.00,inferred
Lincoln,2021-05-13,0.34,0.15,0.06,0.02,0.01,0.00,0.00,inferred
Lincoln,2021-05-14,0.34,0.15,0.06,0.02,0.01,0.00,0.00,inferred
Lincoln,2021-05-15,0.34,0.15,0.06,0.02,0.01,0.00,0.00,inferred
Lincoln,2021-05-16,0.34,0.15,0.06,0.02,0.01,0.00,0.00,inferred
Lincoln,2021-05-17,0.34,0.15,0.06,0.02,0.01,0.00,0.00,inferred
Lincoln,2021-05-18,0.31,0.15,0.06,0.02,0.01,0.00,0.00,inferred
Lincoln,2021-05-19,0.31,0.15,0.06,0.02,0.01,0.00,0.00,inferred
Lincoln,2021-05-20,0.31,0.15,0.06,0.02,0.01,0.00,0.00,inferred
Lincoln,2021-05-21,0.31,0.15,0.06,0.02,0.01,0.00,0.00,inferred
Lincoln,2021-05-22,0.31,0.15,0.06,0.02,0.01,0.00,0.00,inferred
Lincoln,2021-05-23,0.31,0.15,0.06,0.02,0.01,0.00,0.00,inferred
Lincoln,2021-05-24,0.31,0.15,0.06,0.02,0.01,0.00,0.00,inferred
Lincoln,2021-05-25,0.95,0.87,0.75,0.61,0.47,0.12,0.01,inferred
Lincoln,2021-05-26,0.95,0.87,0.75,0.61,0.47,0.12,0.01,inferred
Lincoln,2021-05-27,0.95,0.87,0.75,0.61,0.47,0.12,0.01,inferred
Lincoln,2021-05-28,0.95,0.87,0.75,0.61,0.47,0.12,0.01,inferred
Lincoln,2021-05-29,0.95,0.87,0.75,0.61,0.47,0.12,0.01,inferred
Lincoln,2021-05-30,0.95,0.87,0.75,0.61,0.47,0.12,0.01,inferred
Lincoln,2021-05-31,0.95,0.87,0.75,0.61,0.47,0.12,0.01,inferred
Lincoln,2021-06-01,1.00,1.00,0.99,0.99,0.97,0.76,0.22,inferred
Lincoln,2021-06-02,1.00,1.00,0.99,0.99,0.97,0.76,0.22,inferred
Lincoln,2021-06-03,1.00,1.00,0.99,0.99,0.97,0.76,0.22,inferred
Lincoln,2021-06-04,1.00,1.00,0.99,0.99,0.97,0.76,0.22,inferred
Lincoln,2021-06-05,1.00,1.00,0.99,0.99,0.97,0.76,0.22,inferred
Lincoln,2021-06-06,1.00,1.00,0.99,0.99,0.97,0.76,0.22,inferred
Lincoln,2021-06-07,1.00,1.00,0.99,0.99,0.97,0.76,0.22,inferred
Lincoln,2021-06-08,1.00,1.00,1.00,1.00,1.00,0.96,0.59,inferred
Lincoln,2021-06-09,1.00,1.00,1.00,1.00,1.00,0.96,0.59,inferred
Lincoln,2021-06-10,1.00,1.00,1.00,1.00,1.00,0.96,0.59,inferred
Lincoln,2021-06-11,1.00,1.00,1.00,1.00,1.00,0.96,0.59,inferred
Lincoln,2021-06-12,1.00,1.00,1.00,1.00,1.00,0.96,0.59,inferred
Lincoln,2021-06-13,1.00,1.00,1.00,1.00,1.00,0.96,0.59,inferred
Lincoln,2021-06-14,1.00,1.00,1.00,1.00,1.00,0.96,0.59,inferred
Lincoln,2021-06-15,1.00,1.00,1.00,1.00,1.00,0.97,0.59,inferred
Lincoln,2021-06-16,1.00,1.00,1.00,1.00,1.00,0.97,0.59,inferred
Lincoln,2021-06-17,1.00,1.00,1.00,1.00,1.00,0.97,0.59,inferred
Lincoln,2021-06-18,1.00,1.00,1.00,1.00,1.00,0.97,0.59,inferred
Lincoln,2021-06-19,1.00,1.00,1.00,1.00,1.00,0.97,0.59,inferred
Lincoln,2021-06-20,1.00,1.00,1.00,1.00,1.00,0.97,0.59,inferred
Lincoln,2021-06-21,1.00,1.00,1.00,1.00,1.00,0.97,0.59,inferred
Lincoln,2021-06-22,1.00,1.00,1.00,1.00,1.00,1.00,0.75,inferred
Lincoln,2021-06-23,1.00,1.00,1.00,1.00,1.00,1.00,0.75,inferred
Lincoln,2021-06-24,1.00,1.00,1.00,1.00,1.00,1.00,0.75,inferred
Lincoln,2021-06-25,1.00,1.00,1.00,1.00,1.00,1.00,0.75,inferred
Lincoln,2021-06-26,1.00,1.00,1.00,1.00,1.00,1.00,0.75,inferred
Lincoln,2021-06-27,1.00,1.00,1.00,1.00,1.00,1.00,0.75,inferred
Lincoln,2021-06-28,1.00,1.00,1.00,1.00,1.00,1.00,0.75,inferred
Lincoln,2021-06-29,1.00,1.00,1.00,0.99,0.98,0.79,0.26,inferred
Lincoln,2021-06-30,1.00,1.00,1.00,0.99,0.98,0.79,0.26,inferred
Lincoln,2021-07-01,1.00,1.00,1.00,0.99,0.98,0.79,0.26,inferred
Lincoln,2021-07-02,1.00,1.00,1.00,0.99,0.98,0.79,0.26,inferred
Lincoln,2021-07-03,1.00,1.00,1.00,0.99,0.98,0.79,0.26,inferred
Lincoln,2021-07-04,1.00,1.00,1.00,0.99,0.98,0.79,0.26,inferred
Lincoln,2021-07-05,1.00,1.00,1.00,0.99,0.98,0.79,0.26,inferred
Lincoln,2021-07-06,1.00,0.99,0.97,0.94,0.89,0.69,0.30,projected
Lincoln,2021-07-07,1.00,0.99,0.97,0.94,0.89,0.69,0.30,projected
Lincoln,2021-07-08,1.00,0.99,0.97,0.94,0.89,0.69,0.30,projected
Lincoln,2021-07-09,1.00,0.99,0.97,0.94,0.89,0.69,0.30,projected
Lincoln,2021-07-10,1.00,0.99,0.97,0.94,0.89,0.69,0.30,projected
Lincoln,2021-07-11,1.00,0.99,0.97,0.94,0.89,0.69,0.30,projected
Lincoln,2021-07-12,1.00,0.99,0.97,0.94,0.89,0.69,0.30,projected
Lincoln,2021-07-13,0.99,0.97,0.95,0.91,0.85,0.62,0.30,projected
Lincoln,2021-07-14,0.99,0.97,0.95,0.91,0.85,0.62,0.30,projected
Lincoln,2021-07-15,0.99,0.97,0.95,0.91,0.85,0.62,0.30,projected
Lincoln,2021-07-16,0.99,0.97,0.95,0.91,0.85,0.62,0.30,projected
Lincoln,2021-07-17,0.99,0.97,0.95,0.91,0.85,0.62,0.30,projected
Lincoln,2021-07-18,0.99,0.97,0.95,0.91,0.85,0.62,0.30,projected
Lincoln,2021-07-19,0.99,0.97,0.95,0.91,0.85,0.62,0.30,projected
Lincoln,2021-07-20,0.98,0.96,0.92,0.87,0.80,0.61,0.31,projected
Lincoln,2021-07-21,0.98,0.96,0.92,0.87,0.80,0.61,0.31,projected
Lincoln,2021-07-22,0.98,0.96,0.92,0.87,0.80,0.61,0.31,projected
Lincoln,2021-07-23,0.98,0.96,0.92,0.87,0.80,0.61,0.31,projected
Lincoln,2021-07-24,0.98,0.96,0.92,0.87,0.80,0.61,0.31,projected
Lincoln,2021-07-25,0.98,0.96,0.92,0.87,0.80,0.61,0.31,projected
Lincoln,2021-07-26,0.98,0.96,0.92,0.87,0.80,0.61,0.31,projected
Liverpool,2021-03-23,0.01,0.00,0.00,0.00,0.00,0.00,0.00,inferred
Liverpool,2021-03-24,0.01,0.00,0.00,0.00,0.00,0.00,0.00,inferred
Liverpool,2021-03-25,0.01,0.00,0.00,0.00,0.00,0.00,0.00,inferred
Liverpool,2021-03-26,0.01,0.00,0.00,0.00,0.00,0.00,0.00,inferred
Liverpool,2021-03-27,0.01,0.00,0.00,0.00,0.00,0.00,0.00,inferred
Liverpool,2021-03-28,0.01,0.00,0.00,0.00,0.00,0.00,0.00,inferred
Liverpool,2021-03-29,0.01,0.00,0.00,0.00,0.00,0.00,0.00,inferred
Liverpool,2021-03-30,0.26,0.07,0.01,0.00,0.00,0.00,0.00,inferred
Liverpool,2021-03-31,0.26,0.07,0.01,0.00,0.00,0.00,0.00,inferred
Liverpool,2021-04-01,0.26,0.07,0.01,0.00,0.00,0.00,0.00,inferred
Liverpool,2021-04-02,0.26,0.07,0.01,0.00,0.00,0.00,0.00,inferred
Liverpool,2021-04-03,0.26,0.07,0.01,0.00,0.00,0.00,0.00,inferred
Liverpool,2021-04-04,0.26,0.07,0.01,0.00,0.00,0.00,0.00,inferred
Liverpool,2021-04-05,0.26,0.07,0.01,0.00,0.00,0.00,0.00,inferred
Liverpool,2021-04-06,0.42,0.16,0.04,0.00,0.00,0.00,0.00,inferred
Liverpool,2021-04-07,0.42,0.16,0.04,0.00,0.00,0.00,0.00,inferred
Liverpool,2021-04-08,0.42,0.16,0.04,0.00,0.00,0.00,0.00,inferred
Liverpool,2021-04-09,0.42,0.16,0.04,0.00,0.00,0.00,0.00,inferred
Liverpool,2021-04-10,0.42,0.16,0.04,0.00,0.00,0.00,0.00,inferred
Liverpool,2021-04-11,0.42,0.16,0.04,0.00,0.00,0.00,0.00,inferred
Liverpool,2021-04-12,0.42,0.16,0.04,0.00,0.00,0.00,0.00,inferred
Liverpool,2021-04-13,0.55,0.28,0.10,0.02,0.00,0.00,0.00,inferred
Liverpool,2021-04-14,0.55,0.28,0.10,0.02,0.00,0.00,0.00,inferred
Liverpool,2021-04-15,0.55,0.28,0.10,0.02,0.00,0.00,0.00,inferred
Liverpool,2021-04-16,0.55,0.28,0.10,0.02,0.00,0.00,0.00,inferred
Liverpool,2021-04-17,0.55,0.28,0.10,0.02,0.00,0.00,0.00,inferred
Liverpool,2021-04-18,0.55,0.28,0.10,0.02,0.00,0.00,0.00,inferred
Liverpool,2021-04-19,0.55,0.28,0.10,0.02,0.00,0.00,0.00,inferred
Liverpool,2021-04-20,0.66,0.40,0.18,0.06,0.02,0.00,0.00,inferred
Liverpool,2021-04-21,0.66,0.40,0.18,0.06,0.02,0.00,0.00,inferred
Liverpool,2021-04-22,0.66,0.40,0.18,0.06,0.02,0.00,0.00,inferred
Liverpool,2021-04-23,0.66,0.40,0.18,0.06,0.02,0.00,0.00,inferred
Liverpool,2021-04-24,0.66,0.40,0.18,0.06,0.02,0.00,0.00,inferred
Liverpool,2021-04-25,0.66,0.40,0.18,0.06,0.02,0.00,0.00,inferred
Liverpool,2021-04-26,0.66,0.40,0.18,0.06,0.02,0.00,0.00,inferred
Liverpool,2021-04-27,0.98,0.94,0.83,0.63,0.40,0.03,0.00,inferred
Liverpool,2021-04-28,0.98,0.94,0.83,0.63,0.40,0.03,0.00,inferred
Liverpool,2021-04-29,0.98,0.94,0.83,0.63,0.40,0.03,0.00,inferred
Liverpool,2021-04-30,0.98,0.94,0.83,0.63,0.40,0.03,0.00,inferred
Liverpool,2021-05-01,0.98,0.94,0.83,0.63,0.40,0.03,0.00,inferred
Liverpool,2021-05-02,0.98,0.94,0.83,0.63,0.40,0.03,0.00,inferred
Liverpool,2021-05-03,0.98,0.94,0.83,0.63,0.40,0.03,0.00,inferred
Liverpool,2021-05-04,0.29,0.11,0.03,0.00,0.00,0.00,0.00,inferred
Liverpool,2021-05-05,0.29,0.11,0.03,0.00,0.00,0.00,0.00,inferred
Liverpool,2021-05-06,0.29,0.11,0.03,0.00,0.00,0.00,0.00,inferred
Liverpool,2021-05-07,0.29,0.11,0.03,0.00,0.00,0.00,0.00,inferred
Liverpool,2021-05-08,0.29,0.11,0.03,0.00,0.00,0.00,0.00,inferred
Liverpool,2021-05-09,0.29,0.11,0.03,0.00,0.00,0.00,0.00,inferred
Liverpool,2021-05-10,0.29,0.11,0.03,0.00,0.00,0.00,0.00,inferred
Liverpool,2021-05-11,0.75,0.53,0.31,0.15,0.06,0.00,0.00,inferred
Liverpool,2021-05-12,0.75,0.53,0.31,0.15,0.06,0.00,0.00,inferred
Liverpool,2021-05-13,0.75,0.53,0.31,0.15,0.06,0.00,0.00,inferred
Liverpool,2021-05-14,0.75,0.53,0.31,0.15,0.06,0.00,0.00,inferred
Liverpool,2021-05-15,0.75,0.53,0.31,0.15,0.06,0.00,0.00,inferred
Liverpool,2021-05-16,0.75,0.53,0.31,0.15,0.06,0.00,0.00,inferred
Liverpool,2021-05-17,0.75,0.53,0.31,0.15,0.06,0.00,0.00,inferred
Liverpool,2021-05-18,1.00,1.00,1.00,1.00,1.00,0.97,0.49,inferred
Liverpool,2021-05-19,1.00,1.00,1.00,1.00,1.00,0.97,0.49,inferred
Liverpool,2021-05-20,1.00,1.00,1.00,1.00,1.00,0.97,0.49,inferred
Liverpool,2021-05-21,1.00,1.00,1.00,1.00,1.00,0.97,0.49,inferred
Liverpool,2021-05-22,1.00,1.00,1.00,1.00,1.00,0.97,0.49,inferred
Liverpool,2021-05-23,1.00,1.00,1.00,1.00,1.00,0.97,0.49,inferred
Liverpool,2021-05-24,1.00,1.00,1.00,1.00,1.00,0.97,0.49,inferred
Liverpool,2021-05-25,1.00,1.00,1.00,1.00,1.00,1.00,0.98,inferred
Liverpool,2021-05-26,1.00,1.00,1.00,1.00,1.00,1.00,0.98,inferred
Liverpool,2021-05-27,1.00,1.00,1.00,1.00,1.00,1.00,0.98,inferred
Liverpool,2021-05-28,1.00,1.00,1.00,1.00,1.00,1.00,0.98,inferred
Liverpool,2021-05-29,1.00,1.00,1.00,1.00,1.00,1.00,0.98,inferred
Liverpool,2021-05-30,1.00,1.00,1.00,1.00,1.00,1.00,0.98,inferred
Liverpool,2021-05-31,1.00,1.00,1.00,1.00,1.00,1.00,0.98,inferred
Liverpool,2021-06-01,1.00,1.00,1.00,1.00,1.00,1.00,0.89,inferred
Liverpool,2021-06-02,1.00,1.00,1.00,1.00,1.00,1.00,0.89,inferred
Liverpool,2021-06-03,1.00,1.00,1.00,1.00,1.00,1.00,0.89,inferred
Liverpool,2021-06-04,1.00,1.00,1.00,1.00,1.00,1.00,0.89,inferred
Liverpool,2021-06-05,1.00,1.00,1.00,1.00,1.00,1.00,0.89,inferred
Liverpool,2021-06-06,1.00,1.00,1.00,1.00,1.00,1.00,0.89,inferred
Liverpool,2021-06-07,1.00,1.00,1.00,1.00,1.00,1.00,0.89,inferred
Liverpool,2021-06-08,1.00,1.00,1.00,1.00,1.00,0.91,0.27,inferred
Liverpool,2021-06-09,1.00,1.00,1.00,1.00,1.00,0.91,0.27,inferred
Liverpool,2021-06-10,1.00,1.00,1.00,1.00,1.00,0.91,0.27,inferred
Liverpool,2021-06-11,1.00,1.00,1.00,1.00,1.00,0.91,0.27,inferred
Liverpool,2021-06-12,1.00,1.00,1.00,1.00,1.00,0.91,0.27,inferred
Liverpool,2021-06-13,1.00,1.00,1.00,1.00,1.00,0.91,0.27,inferred
Liverpool,2021-06-14,1.00,1.00,1.00,1.00,1.00,0.91,0.27,inferred
Liverpool,2021-06-15,1.00,1.00,1.00,1.00,1.00,0.74,0.01,inferred
Liverpool,2021-06-16,1.00,1.00,1.00,1.00,1.00,0.74,0.01,inferred
Liverpool,2021-06-17,1.00,1.00,1.00,1.00,1.00,0.74,0.01,inferred
Liverpool,2021-06-18,1.00,1.00,1.00,1.00,1.00,0.74,0.01,inferred
Liverpool,2021-06-19,1.00,1.00,1.00,1.00,1.00,0.74,0.01,inferred
Liverpool,2021-06-20,1.00,1.00,1.00,1.00,1.00,0.74,0.01,inferred
Liverpool,2021-06-21,1.00,1.00,1.00,1.00,1.00,0.74,0.01,inferred
Liverpool,2021-06-22,1.00,1.00,1.00,1.00,0.97,0.34,0.00,inferred
Liverpool,2021-06-23,1.00,1.00,1.00,1.00,0.97,0.34,0.00,inferred
Liverpool,2021-06-24,1.00,1.00,1.00,1.00,0.97,0.34,0.00,inferred
Liverpool,2021-06-25,1.00,1.00,1.00,1.00,0.97,0.34,0.00,inferred
Liverpool,2021-06-26,1.00,1.00,1.00,1.00,0.97,0.34,0.00,inferred
Liverpool,2021-06-27,1.00,1.00,1.00,1.00,0.97,0.34,0.00,inferred
Liverpool,2021-06-28,1.00,1.00,1.00,1.00,0.97,0.34,0.00,inferred
Liverpool,2021-06-29,0.35,0.09,0.02,0.00,0.00,0.00,0.00,inferred
Liverpool,2021-06-30,0.35,0.09,0.02,0.00,0.00,0.00,0.00,inferred
Liverpool,2021-07-01,0.35,0.09,0.02,0.00,0.00,0.00,0.00,inferred
Liverpool,2021-07-02,0.35,0.09,0.02,0.00,0.00,0.00,0.00,inferred
Liverpool,2021-07-03,0.35,0.09,0.02,0.00,0.00,0.00,0.00,inferred
Liverpool,2021-07-04,0.35,0.09,0.02,0.00,0.00,0.00,0.00,inferred
Liverpool,2021-07-05,0.35,0.09,0.02,0.00,0.00,0.00,0.00,inferred
Liverpool,2021-07-06,0.45,0.30,0.19,0.11,0.06,0.01,0.00,projected
Liverpool,2021-07-07,0.45,0.30,0.19,0.11,0.06,0.01,0.00,projected
Liverpool,2021-07-08,0.45,0.30,0.19,0.11,0.06,0.01,0.00,projected
Liverpool,2021-07-09,0.45,0.30,0.19,0.11,0.06,0.01,0.00,projected
Liverpool,2021-07-10,0.45,0.30,0.19,0.11,0.06,0.01,0.00,projected
Liverpool,2021-07-11,0.45,0.30,0.19,0.11,0.06,0.01,0.00,projected
Liverpool,2021-07-12,0.45,0.30,0.19,0.11,0.06,0.01,0.00,projected
Liverpool,2021-07-13,0.51,0.38,0.27,0.19,0.13,0.03,0.01,projected
Liverpool,2021-07-14,0.51,0.38,0.27,0.19,0.13,0.03,0.01,projected
Liverpool,2021-07-15,0.51,0.38,0.27,0.19,0.13,0.03,0.01,projected
Liverpool,2021-07-16,0.51,0.38,0.27,0.19,0.13,0.03,0.01,projected
Liverpool,2021-07-17,0.51,0.38,0.27,0.19,0.13,0.03,0.01,projected
Liverpool,2021-07-18,0.51,0.38,0.27,0.19,0.13,0.03,0.01,projected
Liverpool,2021-07-19,0.51,0.38,0.27,0.19,0.13,0.03,0.01,projected
Liverpool,2021-07-20,0.57,0.45,0.35,0.25,0.18,0.08,0.02,projected
Liverpool,2021-07-21,0.57,0.45,0.35,0.25,0.18,0.08,0.02,projected
Liverpool,2021-07-22,0.57,0.45,0.35,0.25,0.18,0.08,0.02,projected
Liverpool,2021-07-23,0.57,0.45,0.35,0.25,0.18,0.08,0.02,projected
Liverpool,2021-07-24,0.57,0.45,0.35,0.25,0.18,0.08,0.02,projected
Liverpool,2021-07-25,0.57,0.45,0.35,0.25,0.18,0.08,0.02,projected
Liverpool,2021-07-26,0.57,0.45,0.35,0.25,0.18,0.08,0.02,projected
Lothian,2021-03-23,0.34,0.12,0.03,0.00,0.00,0.00,0.00,inferred
Lothian,2021-03-24,0.34,0.12,0.03,0.00,0.00,0.00,0.00,inferred
Lothian,2021-03-25,0.34,0.12,0.03,0.00,0.00,0.00,0.00,inferred
Lothian,2021-03-26,0.34,0.12,0.03,0.00,0.00,0.00,0.00,inferred
Lothian,2021-03-27,0.34,0.12,0.03,0.00,0.00,0.00,0.00,inferred
Lothian,2021-03-28,0.34,0.12,0.03,0.00,0.00,0.00,0.00,inferred
Lothian,2021-03-29,0.34,0.12,0.03,0.00,0.00,0.00,0.00,inferred
Lothian,2021-03-30,0.09,0.02,0.00,0.00,0.00,0.00,0.00,inferred
Lothian,2021-03-31,0.09,0.02,0.00,0.00,0.00,0.00,0.00,inferred
Lothian,2021-04-01,0.09,0.02,0.00,0.00,0.00,0.00,0.00,inferred
Lothian,2021-04-02,0.09,0.02,0.00,0.00,0.00,0.00,0.00,inferred
Lothian,2021-04-03,0.09,0.02,0.00,0.00,0.00,0.00,0.00,inferred
Lothian,2021-04-04,0.09,0.02,0.00,0.00,0.00,0.00,0.00,inferred
Lothian,2021-04-05,0.09,0.02,0.00,0.00,0.00,0.00,0.00,inferred
Lothian,2021-04-06,0.25,0.11,0.04,0.01,0.00,0.00,0.00,inferred
Lothian,2021-04-07,0.25,0.11,0.04,0.01,0.00,0.00,0.00,inferred
Lothian,2021-04-08,0.25,0.11,0.04,0.01,0.00,0.00,0.00,inferred
Lothian,2021-04-09,0.25,0.11,0.04,0.01,0.00,0.00,0.00,inferred
Lothian,2021-04-10,0.25,0.11,0.04,0.01,0.00,0.00,0.00,inferred
Lothian,2021-04-11,0.25,0.11,0.04,0.01,0.00,0.00,0.00,inferred
Lothian,2021-04-12,0.25,0.11,0.04,0.01,0.00,0.00,0.00,inferred
Lothian,2021-04-13,0.67,0.45,0.29,0.15,0.06,0.00,0.00,inferred
Lothian,2021-04-14,0.67,0.45,0.29,0.15,0.06,0.00,0.00,inferred
Lothian,2021-04-15,0.67,0.45,0.29,0.15,0.06,0.00,0.00,inferred
Lothian,2021-04-16,0.67,0.45,0.29,0.15,0.06,0.00,0.00,inferred
Lothian,2021-04-17,0.67,0.45,0.29,0.15,0.06,0.00,0.00,inferred
Lothian,2021-04-18,0.67,0.45,0.29,0.15,0.06,0.00,0.00,inferred
Lothian,2021-04-19,0.67,0.45,0.29,0.15,0.06,0.00,0.00,inferred
Lothian,2021-04-20,0.75,0.53,0.32,0.16,0.08,0.00,0.00,inferred
Lothian,2021-04-21,0.75,0.53,0.32,0.16,0.08,0.00,0.00,inferred
Lothian,2021-04-22,0.75,0.53,0.32,0.16,0.08,0.00,0.00,inferred
Lothian,2021-04-23,0.75,0.53,0.32,0.16,0.08,0.00,0.00,inferred
Lothian,2021-04-24,0.75,0.53,0.32,0.16,0.08,0.00,0.00,inferred
Lothian,2021-04-25,0.75,0.53,0.32,0.16,0.08,0.00,0.00,inferred
Lothian,2021-04-26,0.75,0.53,0.32,0.16,0.08,0.00,0.00,inferred
Lothian,2021-04-27,0.84,0.67,0.47,0.31,0.17,0.02,0.00,inferred
Lothian,2021-04-28,0.84,0.67,0.47,0.31,0.17,0.02,0.00,inferred
Lothian,2021-04-29,0.84,0.67,0.47,0.31,0.17,0.02,0.00,inferred
Lothian,2021-04-30,0.84,0.67,0.47,0.31,0.17,0.02,0.00,inferred
Lothian,2021-05-01,0.84,0.67,0.47,0.31,0.17,0.02,0.00,inferred
Lothian,2021-05-02,0.84,0.67,0.47,0.31,0.17,0.02,0.00,inferred
Lothian,2021-05-03,0.84,0.67,0.47,0.31,0.17,0.02,0.00,inferred
Lothian,2021-05-04,0.98,0.94,0.85,0.72,0.57,0.15,0.00,inferred
Lothian,2021-05-05,0.98,0.94,0.85,0.72,0.57,0.15,0.00,inferred
Lothian,2021-05-06,0.98,0.94,0.85,0.72,0.57,0.15,0.00,inferred
Lothian,2021-05-07,0.98,0.94,0.85,0.72,0.57,0.15,0.00,inferred
Lothian,2021-05-08,0.98,0.94,0.85,0.72,0.57,0.15,0.00,inferred
Lothian,2021-05-09,0.98,0.94,0.85,0.72,0.57,0.15,0.00,inferred
Lothian,2021-05-10,0.98,0.94,0.85,0.72,0.57,0.15,0.00,inferred
Lothian,2021-05-11,1.00,0.99,0.96,0.90,0.78,0.36,0.03,inferred
Lothian,2021-05-12,1.00,0.99,0.96,0.90,0.78,0.36,0.03,inferred
Lothian,2021-05-13,1.00,0.99,0.96,0.90,0.78,0.36,0.03,inferred
Lothian,2021-05-14,1.00,0.99,0.96,0.90,0.78,0.36,0.03,inferred
Lothian,2021-05-15,1.00,0.99,0.96,0.90,0.78,0.36,0.03,inferred
Lothian,2021-05-16,1.00,0.99,0.96,0.90,0.78,0.36,0.03,inferred
Lothian,2021-05-17,1.00,0.99,0.96,0.90,0.78,0.36,0.03,inferred
Lothian,2021-05-18,1.00,1.00,1.00,0.99,0.97,0.73,0.14,inferred
Lothian,2021-05-19,1.00,1.00,1.00,0.99,0.97,0.73,0.14,inferred
Lothian,2021-05-20,1.00,1.00,1.00,0.99,0.97,0.73,0.14,inferred
Lothian,2021-05-21,1.00,1.00,1.00,0.99,0.97,0.73,0.14,inferred
Lothian,2021-05-22,1.00,1.00,1.00,0.99,0.97,0.73,0.14,inferred
Lothian,2021-05-23,1.00,1.00,1.00,0.99,0.97,0.73,0.14,inferred
Lothian,2021-05-24,1.00,1.00,1.00,0.99,0.97,0.73,0.14,inferred
Lothian,2021-05-25,1.00,1.00,1.00,1.00,1.00,0.93,0.48,inferred
Lothian,2021-05-26,1.00,1.00,1.00,1.00,1.00,0.93,0.48,inferred
Lothian,2021-05-27,1.00,1.00,1.00,1.00,1.00,0.93,0.48,inferred
Lothian,2021-05-28,1.00,1.00,1.00,1.00,1.00,0.93,0.48,inferred
Lothian,2021-05-29,1.00,1.00,1.00,1.00,1.00,0.93,0.48,inferred
Lothian,2021-05-30,1.00,1.00,1.00,1.00,1.00,0.93,0.48,inferred
Lothian,2021-05-31,1.00,1.00,1.00,1.00,1.00,0.93,0.48,inferred
Lothian,2021-06-01,1.00,1.00,0.97,0.92,0.80,0.31,0.01,inferred
Lothian,2021-06-02,1.00,1.00,0.97,0.92,0.80,0.31,0.01,inferred
Lothian,2021-06-03,1.00,1.00,0.97,0.92,0.80,0.31,0.01,inferred
Lothian,2021-06-04,1.00,1.00,0.97,0.92,0.80,0.31,0.01,inferred
Lothian,2021-06-05,1.00,1.00,0.97,0.92,0.80,0.31,0.01,inferred
Lothian,2021-06-06,1.00,1.00,0.97,0.92,0.80,0.31,0.01,inferred
Lothian,2021-06-07,1.00,1.00,0.97,0.92,0.80,0.31,0.01,inferred
Lothian,2021-06-08,1.00,0.99,0.93,0.80,0.57,0.05,0.00,inferred
Lothian,2021-06-09,1.00,0.99,0.93,0.80,0.57,0.05,0.00,inferred
Lothian,2021-06-10,1.00,0.99,0.93,0.80,0.57,0.05,0.00,inferred
Lothian,2021-06-11,1.00,0.99,0.93,0.80,0.57,0.05,0.00,inferred
Lothian,2021-06-12,1.00,0.99,0.93,0.80,0.57,0.05,0.00,inferred
Lothian,2021-06-13,1.00,0.99,0.93,0.80,0.57,0.05,0.00,inferred
Lothian,2021-06-14,1.00,0.99,0.93,0.80,0.57,0.05,0.00,inferred
Lothian,2021-06-15,1.00,1.00,1.00,1.00,1.00,1.00,0.78,inferred
Lothian,2021-06-16,1.00,1.00,1.00,1.00,1.00,1.00,0.78,inferred
Lothian,2021-06-17,1.00,1.00,1.00,1.00,1.00,1.00,0.78,inferred
Lothian,2021-06-18,1.00,1.00,1.00,1.00,1.00,1.00,0.78,inferred
Lothian,2021-06-19,1.00,1.00,1.00,1.00,1.00,1.00,0.78,inferred
Lothian,2021-06-20,1.00,1.00,1.00,1.00,1.00,1.00,0.78,inferred
Lothian,2021-06-21,1.00,1.00,1.00,1.00,1.00,1.00,0.78,inferred
Lothian,2021-06-22,1.00,1.00,0.99,0.94,0.82,0.27,0.00,inferred
Lothian,2021-06-23,1.00,1.00,0.99,0.94,0.82,0.27,0.00,inferred
Lothian,2021-06-24,1.00,1.00,0.99,0.94,0.82,0.27,0.00,inferred
Lothian,2021-06-25,1.00,1.00,0.99,0.94,0.82,0.27,0.00,inferred
Lothian,2021-06-26,1.00,1.00,0.99,0.94,0.82,0.27,0.00,inferred
Lothian,2021-06-27,1.00,1.00,0.99,0.94,0.82,0.27,0.00,inferred
Lothian,2021-06-28,1.00,1.00,0.99,0.94,0.82,0.27,0.00,inferred
Lothian,2021-06-29,0.36,0.19,0.09,0.04,0.02,0.00,0.00,inferred
Lothian,2021-06-30,0.36,0.19,0.09,0.04,0.02,0.00,0.00,inferred
Lothian,2021-07-01,0.36,0.19,0.09,0.04,0.02,0.00,0.00,inferred
Lothian,2021-07-02,0.36,0.19,0.09,0.04,0.02,0.00,0.00,inferred
Lothian,2021-07-03,0.36,0.19,0.09,0.04,0.02,0.00,0.00,inferred
Lothian,2021-07-04,0.36,0.19,0.09,0.04,0.02,0.00,0.00,inferred
Lothian,2021-07-05,0.36,0.19,0.09,0.04,0.02,0.00,0.00,inferred
Lothian,2021-07-06,0.43,0.34,0.25,0.20,0.15,0.07,0.01,projected
Lothian,2021-07-07,0.43,0.34,0.25,0.20,0.15,0.07,0.01,projected
Lothian,2021-07-08,0.43,0.34,0.25,0.20,0.15,0.07,0.01,projected
Lothian,2021-07-09,0.43,0.34,0.25,0.20,0.15,0.07,0.01,projected
Lothian,2021-07-10,0.43,0.34,0.25,0.20,0.15,0.07,0.01,projected
Lothian,2021-07-11,0.43,0.34,0.25,0.20,0.15,0.07,0.01,projected
Lothian,2021-07-12,0.43,0.34,0.25,0.20,0.15,0.07,0.01,projected
Lothian,2021-07-13,0.47,0.40,0.32,0.27,0.22,0.12,0.04,projected
Lothian,2021-07-14,0.47,0.40,0.32,0.27,0.22,0.12,0.04,projected
Lothian,2021-07-15,0.47,0.40,0.32,0.27,0.22,0.12,0.04,projected
Lothian,2021-07-16,0.47,0.40,0.32,0.27,0.22,0.12,0.04,projected
Lothian,2021-07-17,0.47,0.40,0.32,0.27,0.22,0.12,0.04,projected
Lothian,2021-07-18,0.47,0.40,0.32,0.27,0.22,0.12,0.04,projected
Lothian,2021-07-19,0.47,0.40,0.32,0.27,0.22,0.12,0.04,projected
Lothian,2021-07-20,0.50,0.42,0.36,0.31,0.27,0.17,0.08,projected
Lothian,2021-07-21,0.50,0.42,0.36,0.31,0.27,0.17,0.08,projected
Lothian,2021-07-22,0.50,0.42,0.36,0.31,0.27,0.17,0.08,projected
Lothian,2021-07-23,0.50,0.42,0.36,0.31,0.27,0.17,0.08,projected
Lothian,2021-07-24,0.50,0.42,0.36,0.31,0.27,0.17,0.08,projected
Lothian,2021-07-25,0.50,0.42,0.36,0.31,0.27,0.17,0.08,projected
Lothian,2021-07-26,0.50,0.42,0.36,0.31,0.27,0.17,0.08,projected
Luton,2021-03-23,0.67,0.15,0.01,0.00,0.00,0.00,0.00,inferred
Luton,2021-03-24,0.67,0.15,0.01,0.00,0.00,0.00,0.00,inferred
Luton,2021-03-25,0.67,0.15,0.01,0.00,0.00,0.00,0.00,inferred
Luton,2021-03-26,0.67,0.15,0.01,0.00,0.00,0.00,0.00,inferred
Luton,2021-03-27,0.67,0.15,0.01,0.00,0.00,0.00,0.00,inferred
Luton,2021-03-28,0.67,0.15,0.01,0.00,0.00,0.00,0.00,inferred
Luton,2021-03-29,0.67,0.15,0.01,0.00,0.00,0.00,0.00,inferred
Luton,2021-03-30,0.93,0.62,0.23,0.04,0.00,0.00,0.00,inferred
Luton,2021-03-31,0.93,0.62,0.23,0.04,0.00,0.00,0.00,inferred
Luton,2021-04-01,0.93,0.62,0.23,0.04,0.00,0.00,0.00,inferred
Luton,2021-04-02,0.93,0.62,0.23,0.04,0.00,0.00,0.00,inferred
Luton,2021-04-03,0.93,0.62,0.23,0.04,0.00,0.00,0.00,inferred
Luton,2021-04-04,0.93,0.62,0.23,0.04,0.00,0.00,0.00,inferred
Luton,2021-04-05,0.93,0.62,0.23,0.04,0.00,0.00,0.00,inferred
Luton,2021-04-06,0.19,0.02,0.00,0.00,0.00,0.00,0.00,inferred
Luton,2021-04-07,0.19,0.02,0.00,0.00,0.00,0.00,0.00,inferred
Luton,2021-04-08,0.19,0.02,0.00,0.00,0.00,0.00,0.00,inferred
Luton,2021-04-09,0.19,0.02,0.00,0.00,0.00,0.00,0.00,inferred
Luton,2021-04-10,0.19,0.02,0.00,0.00,0.00,0.00,0.00,inferred
Luton,2021-04-11,0.19,0.02,0.00,0.00,0.00,0.00,0.00,inferred
Luton,2021-04-12,0.19,0.02,0.00,0.00,0.00,0.00,0.00,inferred
Luton,2021-04-13,0.27,0.06,0.01,0.00,0.00,0.00,0.00,inferred
Luton,2021-04-14,0.27,0.06,0.01,0.00,0.00,0.00,0.00,inferred
Luton,2021-04-15,0.27,0.06,0.01,0.00,0.00,0.00,0.00,inferred
Luton,2021-04-16,0.27,0.06,0.01,0.00,0.00,0.00,0.00,inferred
Luton,2021-04-17,0.27,0.06,0.01,0.00,0.00,0.00,0.00,inferred
Luton,2021-04-18,0.27,0.06,0.01,0.00,0.00,0.00,0.00,inferred
Luton,2021-04-19,0.27,0.06,0.01,0.00,0.00,0.00,0.00,inferred
Luton,2021-04-20,0.15,0.03,0.00,0.00,0.00,0.00,0.00,inferred
Luton,2021-04-21,0.15,0.03,0.00,0.00,0.00,0.00,0.00,inferred
Luton,2021-04-22,0.15,0.03,0.00,0.00,0.00,0.00,0.00,inferred
Luton,2021-04-23,0.15,0.03,0.00,0.00,0.00,0.00,0.00,inferred
Luton,2021-04-24,0.15,0.03,0.00,0.00,0.00,0.00,0.00,inferred
Luton,2021-04-25,0.15,0.03,0.00,0.00,0.00,0.00,0.00,inferred
Luton,2021-04-26,0.15,0.03,0.00,0.00,0.00,0.00,0.00,inferred
Luton,2021-04-27,0.53,0.25,0.08,0.01,0.00,0.00,0.00,inferred
Luton,2021-04-28,0.53,0.25,0.08,0.01,0.00,0.00,0.00,inferred
Luton,2021-04-29,0.53,0.25,0.08,0.01,0.00,0.00,0.00,inferred
Luton,2021-04-30,0.53,0.25,0.08,0.01,0.00,0.00,0.00,inferred
Luton,2021-05-01,0.53,0.25,0.08,0.01,0.00,0.00,0.00,inferred
Luton,2021-05-02,0.53,0.25,0.08,0.01,0.00,0.00,0.00,inferred
Luton,2021-05-03,0.53,0.25,0.08,0.01,0.00,0.00,0.00,inferred
Luton,2021-05-04,0.99,0.93,0.77,0.51,0.25,0.00,0.00,inferred
Luton,2021-05-05,0.99,0.93,0.77,0.51,0.25,0.00,0.00,inferred
Luton,2021-05-06,0.99,0.93,0.77,0.51,0.25,0.00,0.00,inferred
Luton,2021-05-07,0.99,0.93,0.77,0.51,0.25,0.00,0.00,inferred
Luton,2021-05-08,0.99,0.93,0.77,0.51,0.25,0.00,0.00,inferred
Luton,2021-05-09,0.99,0.93,0.77,0.51,0.25,0.00,0.00,inferred
Luton,2021-05-10,0.99,0.93,0.77,0.51,0.25,0.00,0.00,inferred
Luton,2021-05-11,1.00,1.00,0.95,0.83,0.60,0.05,0.00,inferred
Luton,2021-05-12,1.00,1.00,0.95,0.83,0.60,0.05,0.00,inferred
Luton,2021-05-13,1.00,1.00,0.95,0.83,0.60,0.05,0.00,inferred
Luton,2021-05-14,1.00,1.00,0.95,0.83,0.60,0.05,0.00,inferred
Luton,2021-05-15,1.00,1.00,0.95,0.83,0.60,0.05,0.00,inferred
Luton,2021-05-16,1.00,1.00,0.95,0.83,0.60,0.05,0.00,inferred
Luton,2021-05-17,1.00,1.00,0.95,0.83,0.60,0.05,0.00,inferred
Luton,2021-05-18,1.00,1.00,1.00,1.00,0.97,0.50,0.00,inferred
Luton,2021-05-19,1.00,1.00,1.00,1.00,0.97,0.50,0.00,inferred
Luton,2021-05-20,1.00,1.00,1.00,1.00,0.97,0.50,0.00,inferred
Luton,2021-05-21,1.00,1.00,1.00,1.00,0.97,0.50,0.00,inferred
Luton,2021-05-22,1.00,1.00,1.00,1.00,0.97,0.50,0.00,inferred
Luton,2021-05-23,1.00,1.00,1.00,1.00,0.97,0.50,0.00,inferred
Luton,2021-05-24,1.00,1.00,1.00,1.00,0.97,0.50,0.00,inferred
Luton,2021-05-25,1.00,1.00,1.00,0.99,0.94,0.38,0.00,inferred
Luton,2021-05-26,1.00,1.00,1.00,0.99,0.94,0.38,0.00,inferred
Luton,2021-05-27,1.00,1.00,1.00,0.99,0.94,0.38,0.00,inferred
Luton,2021-05-28,1.00,1.00,1.00,0.99,0.94,0.38,0.00,inferred
Luton,2021-05-29,1.00,1.00,1.00,0.99,0.94,0.38,0.00,inferred
Luton,2021-05-30,1.00,1.00,1.00,0.99,0.94,0.38,0.00,inferred
Luton,2021-05-31,1.00,1.00,1.00,0.99,0.94,0.38,0.00,inferred
Luton,2021-06-01,0.99,0.90,0.64,0.30,0.09,0.00,0.00,inferred
Luton,2021-06-02,0.99,0.90,0.64,0.30,0.09,0.00,0.00,inferred
Luton,2021-06-03,0.99,0.90,0.64,0.30,0.09,0.00,0.00,inferred
Luton,2021-06-04,0.99,0.90,0.64,0.30,0.09,0.00,0.00,inferred
Luton,2021-06-05,0.99,0.90,0.64,0.30,0.09,0.00,0.00,inferred
Luton,2021-06-06,0.99,0.90,0.64,0.30,0.09,0.00,0.00,inferred
Luton,2021-06-07,0.99,0.90,0.64,0.30,0.09,0.00,0.00,inferred
Luton,2021-06-08,0.94,0.67,0.26,0.05,0.01,0.00,0.00,inferred
Luton,2021-06-09,0.94,0.67,0.26,0.05,0.01,0.00,0.00,inferred
Luton,2021-06-10,0.94,0.67,0.26,0.05,0.01,0.00,0.00,inferred
Luton,2021-06-11,0.94,0.67,0.26,0.05,0.01,0.00,0.00,inferred
Luton,2021-06-12,0.94,0.67,0.26,0.05,0.01,0.00,0.00,inferred
Luton,2021-06-13,0.94,0.67,0.26,0.05,0.01,0.00,0.00,inferred
Luton,2021-06-14,0.94,0.67,0.26,0.05,0.01,0.00,0.00,inferred
Luton,2021-06-15,1.00,1.00,1.00,1.00,1.00,0.61,0.00,inferred
Luton,2021-06-16,1.00,1.00,1.00,1.00,1.00,0.61,0.00,inferred
Luton,2021-06-17,1.00,1.00,1.00,1.00,1.00,0.61,0.00,inferred
Luton,2021-06-18,1.00,1.00,1.00,1.00,1.00,0.61,0.00,inferred
Luton,2021-06-19,1.00,1.00,1.00,1.00,1.00,0.61,0.00,inferred
Luton,2021-06-20,1.00,1.00,1.00,1.00,1.00,0.61,0.00,inferred
Luton,2021-06-21,1.00,1.00,1.00,1.00,1.00,0.61,0.00,inferred
Luton,2021-06-22,1.00,1.00,1.00,1.00,1.00,0.77,0.02,inferred
Luton,2021-06-23,1.00,1.00,1.00,1.00,1.00,0.77,0.02,inferred
Luton,2021-06-24,1.00,1.00,1.00,1.00,1.00,0.77,0.02,inferred
Luton,2021-06-25,1.00,1.00,1.00,1.00,1.00,0.77,0.02,inferred
Luton,2021-06-26,1.00,1.00,1.00,1.00,1.00,0.77,0.02,inferred
Luton,2021-06-27,1.00,1.00,1.00,1.00,1.00,0.77,0.02,inferred
Luton,2021-06-28,1.00,1.00,1.00,1.00,1.00,0.77,0.02,inferred
Luton,2021-06-29,1.00,1.00,0.95,0.84,0.68,0.18,0.00,inferred
Luton,2021-06-30,1.00,1.00,0.95,0.84,0.68,0.18,0.00,inferred
Luton,2021-07-01,1.00,1.00,0.95,0.84,0.68,0.18,0.00,inferred
Luton,2021-07-02,1.00,1.00,0.95,0.84,0.68,0.18,0.00,inferred
Luton,2021-07-03,1.00,1.00,0.95,0.84,0.68,0.18,0.00,inferred
Luton,2021-07-04,1.00,1.00,0.95,0.84,0.68,0.18,0.00,inferred
Luton,2021-07-05,1.00,1.00,0.95,0.84,0.68,0.18,0.00,inferred
Luton,2021-07-06,0.98,0.94,0.86,0.77,0.65,0.29,0.04,projected
Luton,2021-07-07,0.98,0.94,0.86,0.77,0.65,0.29,0.04,projected
Luton,2021-07-08,0.98,0.94,0.86,0.77,0.65,0.29,0.04,projected
Luton,2021-07-09,0.98,0.94,0.86,0.77,0.65,0.29,0.04,projected
Luton,2021-07-10,0.98,0.94,0.86,0.77,0.65,0.29,0.04,projected
Luton,2021-07-11,0.98,0.94,0.86,0.77,0.65,0.29,0.04,projected
Luton,2021-07-12,0.98,0.94,0.86,0.77,0.65,0.29,0.04,projected
Luton,2021-07-13,0.97,0.93,0.86,0.76,0.65,0.34,0.08,projected
Luton,2021-07-14,0.97,0.93,0.86,0.76,0.65,0.34,0.08,projected
Luton,2021-07-15,0.97,0.93,0.86,0.76,0.65,0.34,0.08,projected
Luton,2021-07-16,0.97,0.93,0.86,0.76,0.65,0.34,0.08,projected
Luton,2021-07-17,0.97,0.93,0.86,0.76,0.65,0.34,0.08,projected
Luton,2021-07-18,0.97,0.93,0.86,0.76,0.65,0.34,0.08,projected
Luton,2021-07-19,0.97,0.93,0.86,0.76,0.65,0.34,0.08,projected
Luton,2021-07-20,0.96,0.92,0.86,0.77,0.67,0.36,0.11,projected
Luton,2021-07-21,0.96,0.92,0.86,0.77,0.67,0.36,0.11,projected
Luton,2021-07-22,0.96,0.92,0.86,0.77,0.67,0.36,0.11,projected
Luton,2021-07-23,0.96,0.92,0.86,0.77,0.67,0.36,0.11,projected
Luton,2021-07-24,0.96,0.92,0.86,0.77,0.67,0.36,0.11,projected
Luton,2021-07-25,0.96,0.92,0.86,0.77,0.67,0.36,0.11,projected
Luton,2021-07-26,0.96,0.92,0.86,0.77,0.67,0.36,0.11,projected
Maidstone,2021-03-23,0.02,0.01,0.00,0.00,0.00,0.00,0.00,inferred
Maidstone,2021-03-24,0.02,0.01,0.00,0.00,0.00,0.00,0.00,inferred
Maidstone,2021-03-25,0.02,0.01,0.00,0.00,0.00,0.00,0.00,inferred
Maidstone,2021-03-26,0.02,0.01,0.00,0.00,0.00,0.00,0.00,inferred
Maidstone,2021-03-27,0.02,0.01,0.00,0.00,0.00,0.00,0.00,inferred
Maidstone,2021-03-28,0.02,0.01,0.00,0.00,0.00,0.00,0.00,inferred
Maidstone,2021-03-29,0.02,0.01,0.00,0.00,0.00,0.00,0.00,inferred
Maidstone,2021-03-30,0.50,0.30,0.14,0.06,0.02,0.00,0.00,inferred
Maidstone,2021-03-31,0.50,0.30,0.14,0.06,0.02,0.00,0.00,inferred
Maidstone,2021-04-01,0.50,0.30,0.14,0.06,0.02,0.00,0.00,inferred
Maidstone,2021-04-02,0.50,0.30,0.14,0.06,0.02,0.00,0.00,inferred
Maidstone,2021-04-03,0.50,0.30,0.14,0.06,0.02,0.00,0.00,inferred
Maidstone,2021-04-04,0.50,0.30,0.14,0.06,0.02,0.00,0.00,inferred
Maidstone,2021-04-05,0.50,0.30,0.14,0.06,0.02,0.00,0.00,inferred
Maidstone,2021-04-06,0.89,0.76,0.58,0.40,0.24,0.03,0.00,inferred
Maidstone,2021-04-07,0.89,0.76,0.58,0.40,0.24,0.03,0.00,inferred
Maidstone,2021-04-08,0.89,0.76,0.58,0.40,0.24,0.03,0.00,inferred
Maidstone,2021-04-09,0.89,0.76,0.58,0.40,0.24,0.03,0.00,inferred
Maidstone,2021-04-10,0.89,0.76,0.58,0.40,0.24,0.03,0.00,inferred
Maidstone,2021-04-11,0.89,0.76,0.58,0.40,0.24,0.03,0.00,inferred
Maidstone,2021-04-12,0.89,0.76,0.58,0.40,0.24,0.03,0.00,inferred
Maidstone,2021-04-13,0.87,0.72,0.55,0.37,0.23,0.04,0.00,inferred
Maidstone,2021-04-14,0.87,0.72,0.55,0.37,0.23,0.04,0.00,inferred
Maidstone,2021-04-15,0.87,0.72,0.55,0.37,0.23,0.04,0.00,inferred
Maidstone,2021-04-16,0.87,0.72,0.55,0.37,0.23,0.04,0.00,inferred
Maidstone,2021-04-17,0.87,0.72,0.55,0.37,0.23,0.04,0.00,inferred
Maidstone,2021-04-18,0.87,0.72,0.55,0.37,0.23,0.04,0.00,inferred
Maidstone,2021-04-19,0.87,0.72,0.55,0.37,0.23,0.04,0.00,inferred
Maidstone,2021-04-20,0.85,0.70,0.48,0.31,0.18,0.02,0.00,inferred
Maidstone,2021-04-21,0.85,0.70,0.48,0.31,0.18,0.02,0.00,inferred
Maidstone,2021-04-22,0.85,0.70,0.48,0.31,0.18,0.02,0.00,inferred
Maidstone,2021-04-23,0.85,0.70,0.48,0.31,0.18,0.02,0.00,inferred
Maidstone,2021-04-24,0.85,0.70,0.48,0.31,0.18,0.02,0.00,inferred
Maidstone,2021-04-25,0.85,0.70,0.48,0.31,0.18,0.02,0.00,inferred
Maidstone,2021-04-26,0.85,0.70,0.48,0.31,0.18,0.02,0.00,inferred
Maidstone,2021-04-27,0.59,0.37,0.19,0.09,0.04,0.00,0.00,inferred
Maidstone,2021-04-28,0.59,0.37,0.19,0.09,0.04,0.00,0.00,inferred
Maidstone,2021-04-29,0.59,0.37,0.19,0.09,0.04,0.00,0.00,inferred
Maidstone,2021-04-30,0.59,0.37,0.19,0.09,0.04,0.00,0.00,inferred
Maidstone,2021-05-01,0.59,0.37,0.19,0.09,0.04,0.00,0.00,inferred
Maidstone,2021-05-02,0.59,0.37,0.19,0.09,0.04,0.00,0.00,inferred
Maidstone,2021-05-03,0.59,0.37,0.19,0.09,0.04,0.00,0.00,inferred
Maidstone,2021-05-04,0.55,0.36,0.20,0.10,0.03,0.00,0.00,inferred
Maidstone,2021-05-05,0.55,0.36,0.20,0.10,0.03,0.00,0.00,inferred
Maidstone,2021-05-06,0.55,0.36,0.20,0.10,0.03,0.00,0.00,inferred
Maidstone,2021-05-07,0.55,0.36,0.20,0.10,0.03,0.00,0.00,inferred
Maidstone,2021-05-08,0.55,0.36,0.20,0.10,0.03,0.00,0.00,inferred
Maidstone,2021-05-09,0.55,0.36,0.20,0.10,0.03,0.00,0.00,inferred
Maidstone,2021-05-10,0.55,0.36,0.20,0.10,0.03,0.00,0.00,inferred
Maidstone,2021-05-11,0.91,0.82,0.68,0.52,0.34,0.07,0.00,inferred
Maidstone,2021-05-12,0.91,0.82,0.68,0.52,0.34,0.07,0.00,inferred
Maidstone,2021-05-13,0.91,0.82,0.68,0.52,0.34,0.07,0.00,inferred
Maidstone,2021-05-14,0.91,0.82,0.68,0.52,0.34,0.07,0.00,inferred
Maidstone,2021-05-15,0.91,0.82,0.68,0.52,0.34,0.07,0.00,inferred
Maidstone,2021-05-16,0.91,0.82,0.68,0.52,0.34,0.07,0.00,inferred
Maidstone,2021-05-17,0.91,0.82,0.68,0.52,0.34,0.07,0.00,inferred
Maidstone,2021-05-18,0.98,0.96,0.89,0.79,0.68,0.28,0.02,inferred
Maidstone,2021-05-19,0.98,0.96,0.89,0.79,0.68,0.28,0.02,inferred
Maidstone,2021-05-20,0.98,0.96,0.89,0.79,0.68,0.28,0.02,inferred
Maidstone,2021-05-21,0.98,0.96,0.89,0.79,0.68,0.28,0.02,inferred
Maidstone,2021-05-22,0.98,0.96,0.89,0.79,0.68,0.28,0.02,inferred
Maidstone,2021-05-23,0.98,0.96,0.89,0.79,0.68,0.28,0.02,inferred
Maidstone,2021-05-24,0.98,0.96,0.89,0.79,0.68,0.28,0.02,inferred
Maidstone,2021-05-25,1.00,1.00,0.99,0.98,0.95,0.70,0.13,inferred
Maidstone,2021-05-26,1.00,1.00,0.99,0.98,0.95,0.70,0.13,inferred
Maidstone,2021-05-27,1.00,1.00,0.99,0.98,0.95,0.70,0.13,inferred
Maidstone,2021-05-28,1.00,1.00,0.99,0.98,0.95,0.70,0.13,inferred
Maidstone,2021-05-29,1.00,1.00,0.99,0.98,0.95,0.70,0.13,inferred
Maidstone,2021-05-30,1.00,1.00,0.99,0.98,0.95,0.70,0.13,inferred
Maidstone,2021-05-31,1.00,1.00,0.99,0.98,0.95,0.70,0.13,inferred
Maidstone,2021-06-01,1.00,1.00,1.00,1.00,1.00,0.96,0.53,inferred
Maidstone,2021-06-02,1.00,1.00,1.00,1.00,1.00,0.96,0.53,inferred
Maidstone,2021-06-03,1.00,1.00,1.00,1.00,1.00,0.96,0.53,inferred
Maidstone,2021-06-04,1.00,1.00,1.00,1.00,1.00,0.96,0.53,inferred
Maidstone,2021-06-05,1.00,1.00,1.00,1.00,1.00,0.96,0.53,inferred
Maidstone,2021-06-06,1.00,1.00,1.00,1.00,1.00,0.96,0.53,inferred
Maidstone,2021-06-07,1.00,1.00,1.00,1.00,1.00,0.96,0.53,inferred
Maidstone,2021-06-08,1.00,1.00,1.00,1.00,1.00,0.89,0.36,inferred
Maidstone,2021-06-09,1.00,1.00,1.00,1.00,1.00,0.89,0.36,inferred
Maidstone,2021-06-10,1.00,1.00,1.00,1.00,1.00,0.89,0.36,inferred
Maidstone,2021-06-11,1.00,1.00,1.00,1.00,1.00,0.89,0.36,inferred
Maidstone,2021-06-12,1.00,1.00,1.00,1.00,1.00,0.89,0.36,inferred
Maidstone,2021-06-13,1.00,1.00,1.00,1.00,1.00,0.89,0.36,inferred
Maidstone,2021-06-14,1.00,1.00,1.00,1.00,1.00,0.89,0.36,inferred
Maidstone,2021-06-15,1.00,1.00,1.00,1.00,1.00,0.90,0.22,inferred
Maidstone,2021-06-16,1.00,1.00,1.00,1.00,1.00,0.90,0.22,inferred
Maidstone,2021-06-17,1.00,1.00,1.00,1.00,1.00,0.90,0.22,inferred
Maidstone,2021-06-18,1.00,1.00,1.00,1.00,1.00,0.90,0.22,inferred
Maidstone,2021-06-19,1.00,1.00,1.00,1.00,1.00,0.90,0.22,inferred
Maidstone,2021-06-20,1.00,1.00,1.00,1.00,1.00,0.90,0.22,inferred
Maidstone,2021-06-21,1.00,1.00,1.00,1.00,1.00,0.90,0.22,inferred
Maidstone,2021-06-22,1.00,1.00,1.00,1.00,1.00,0.82,0.10,inferred
Maidstone,2021-06-23,1.00,1.00,1.00,1.00,1.00,0.82,0.10,inferred
Maidstone,2021-06-24,1.00,1.00,1.00,1.00,1.00,0.82,0.10,inferred
Maidstone,2021-06-25,1.00,1.00,1.00,1.00,1.00,0.82,0.10,inferred
Maidstone,2021-06-26,1.00,1.00,1.00,1.00,1.00,0.82,0.10,inferred
Maidstone,2021-06-27,1.00,1.00,1.00,1.00,1.00,0.82,0.10,inferred
Maidstone,2021-06-28,1.00,1.00,1.00,1.00,1.00,0.82,0.10,inferred
Maidstone,2021-06-29,1.00,1.00,1.00,0.99,0.96,0.69,0.12,inferred
Maidstone,2021-06-30,1.00,1.00,1.00,0.99,0.96,0.69,0.12,inferred
Maidstone,2021-07-01,1.00,1.00,1.00,0.99,0.96,0.69,0.12,inferred
Maidstone,2021-07-02,1.00,1.00,1.00,0.99,0.96,0.69,0.12,inferred
Maidstone,2021-07-03,1.00,1.00,1.00,0.99,0.96,0.69,0.12,inferred
Maidstone,2021-07-04,1.00,1.00,1.00,0.99,0.96,0.69,0.12,inferred
Maidstone,2021-07-05,1.00,1.00,1.00,0.99,0.96,0.69,0.12,inferred
Maidstone,2021-07-06,1.00,0.98,0.96,0.90,0.84,0.55,0.19,projected
Maidstone,2021-07-07,1.00,0.98,0.96,0.90,0.84,0.55,0.19,projected
Maidstone,2021-07-08,1.00,0.98,0.96,0.90,0.84,0.55,0.19,projected
Maidstone,2021-07-09,1.00,0.98,0.96,0.90,0.84,0.55,0.19,projected
Maidstone,2021-07-10,1.00,0.98,0.96,0.90,0.84,0.55,0.19,projected
Maidstone,2021-07-11,1.00,0.98,0.96,0.90,0.84,0.55,0.19,projected
Maidstone,2021-07-12,1.00,0.98,0.96,0.90,0.84,0.55,0.19,projected
Maidstone,2021-07-13,0.99,0.97,0.93,0.88,0.80,0.52,0.20,projected
Maidstone,2021-07-14,0.99,0.97,0.93,0.88,0.80,0.52,0.20,projected
Maidstone,2021-07-15,0.99,0.97,0.93,0.88,0.80,0.52,0.20,projected
Maidstone,2021-07-16,0.99,0.97,0.93,0.88,0.80,0.52,0.20,projected
Maidstone,2021-07-17,0.99,0.97,0.93,0.88,0.80,0.52,0.20,projected
Maidstone,2021-07-18,0.99,0.97,0.93,0.88,0.80,0.52,0.20,projected
Maidstone,2021-07-19,0.99,0.97,0.93,0.88,0.80,0.52,0.20,projected
Maidstone,2021-07-20,0.97,0.95,0.91,0.84,0.76,0.51,0.21,projected
Maidstone,2021-07-21,0.97,0.95,0.91,0.84,0.76,0.51,0.21,projected
Maidstone,2021-07-22,0.97,0.95,0.91,0.84,0.76,0.51,0.21,projected
Maidstone,2021-07-23,0.97,0.95,0.91,0.84,0.76,0.51,0.21,projected
Maidstone,2021-07-24,0.97,0.95,0.91,0.84,0.76,0.51,0.21,projected
Maidstone,2021-07-25,0.97,0.95,0.91,0.84,0.76,0.51,0.21,projected
Maidstone,2021-07-26,0.97,0.95,0.91,0.84,0.76,0.51,0.21,projected
Maldon,2021-03-23,0.13,0.06,0.02,0.01,0.00,0.00,0.00,inferred
Maldon,2021-03-24,0.13,0.06,0.02,0.01,0.00,0.00,0.00,inferred
Maldon,2021-03-25,0.13,0.06,0.02,0.01,0.00,0.00,0.00,inferred
Maldon,2021-03-26,0.13,0.06,0.02,0.01,0.00,0.00,0.00,inferred
Maldon,2021-03-27,0.13,0.06,0.02,0.01,0.00,0.00,0.00,inferred
Maldon,2021-03-28,0.13,0.06,0.02,0.01,0.00,0.00,0.00,inferred
Maldon,2021-03-29,0.13,0.06,0.02,0.01,0.00,0.00,0.00,inferred
Maldon,2021-03-30,0.32,0.17,0.09,0.04,0.01,0.00,0.00,inferred
Maldon,2021-03-31,0.32,0.17,0.09,0.04,0.01,0.00,0.00,inferred
Maldon,2021-04-01,0.32,0.17,0.09,0.04,0.01,0.00,0.00,inferred
Maldon,2021-04-02,0.32,0.17,0.09,0.04,0.01,0.00,0.00,inferred
Maldon,2021-04-03,0.32,0.17,0.09,0.04,0.01,0.00,0.00,inferred
Maldon,2021-04-04,0.32,0.17,0.09,0.04,0.01,0.00,0.00,inferred
Maldon,2021-04-05,0.32,0.17,0.09,0.04,0.01,0.00,0.00,inferred
Maldon,2021-04-06,0.31,0.19,0.10,0.05,0.02,0.00,0.00,inferred
Maldon,2021-04-07,0.31,0.19,0.10,0.05,0.02,0.00,0.00,inferred
Maldon,2021-04-08,0.31,0.19,0.10,0.05,0.02,0.00,0.00,inferred
Maldon,2021-04-09,0.31,0.19,0.10,0.05,0.02,0.00,0.00,inferred
Maldon,2021-04-10,0.31,0.19,0.10,0.05,0.02,0.00,0.00,inferred
Maldon,2021-04-11,0.31,0.19,0.10,0.05,0.02,0.00,0.00,inferred
Maldon,2021-04-12,0.31,0.19,0.10,0.05,0.02,0.00,0.00,inferred
Maldon,2021-04-13,0.55,0.40,0.26,0.18,0.11,0.02,0.00,inferred
Maldon,2021-04-14,0.55,0.40,0.26,0.18,0.11,0.02,0.00,inferred
Maldon,2021-04-15,0.55,0.40,0.26,0.18,0.11,0.02,0.00,inferred
Maldon,2021-04-16,0.55,0.40,0.26,0.18,0.11,0.02,0.00,inferred
Maldon,2021-04-17,0.55,0.40,0.26,0.18,0.11,0.02,0.00,inferred
Maldon,2021-04-18,0.55,0.40,0.26,0.18,0.11,0.02,0.00,inferred
Maldon,2021-04-19,0.55,0.40,0.26,0.18,0.11,0.02,0.00,inferred
Maldon,2021-04-20,0.75,0.64,0.50,0.38,0.27,0.08,0.00,inferred
Maldon,2021-04-21,0.75,0.64,0.50,0.38,0.27,0.08,0.00,inferred
Maldon,2021-04-22,0.75,0.64,0.50,0.38,0.27,0.08,0.00,inferred
Maldon,2021-04-23,0.75,0.64,0.50,0.38,0.27,0.08,0.00,inferred
Maldon,2021-04-24,0.75,0.64,0.50,0.38,0.27,0.08,0.00,inferred
Maldon,2021-04-25,0.75,0.64,0.50,0.38,0.27,0.08,0.00,inferred
Maldon,2021-04-26,0.75,0.64,0.50,0.38,0.27,0.08,0.00,inferred
Maldon,2021-04-27,0.87,0.77,0.66,0.53,0.41,0.13,0.01,inferred
Maldon,2021-04-28,0.87,0.77,0.66,0.53,0.41,0.13,0.01,inferred
Maldon,2021-04-29,0.87,0.77,0.66,0.53,0.41,0.13,0.01,inferred
Maldon,2021-04-30,0.87,0.77,0.66,0.53,0.41,0.13,0.01,inferred
Maldon,2021-05-01,0.87,0.77,0.66,0.53,0.41,0.13,0.01,inferred
Maldon,2021-05-02,0.87,0.77,0.66,0.53,0.41,0.13,0.01,inferred
Maldon,2021-05-03,0.87,0.77,0.66,0.53,0.41,0.13,0.01,inferred
Maldon,2021-05-04,0.83,0.72,0.59,0.46,0.34,0.09,0.00,inferred
Maldon,2021-05-05,0.83,0.72,0.59,0.46,0.34,0.09,0.00,inferred
Maldon,2021-05-06,0.83,0.72,0.59,0.46,0.34,0.09,0.00,inferred
Maldon,2021-05-07,0.83,0.72,0.59,0.46,0.34,0.09,0.00,inferred
Maldon,2021-05-08,0.83,0.72,0.59,0.46,0.34,0.09,0.00,inferred
Maldon,2021-05-09,0.83,0.72,0.59,0.46,0.34,0.09,0.00,inferred
Maldon,2021-05-10,0.83,0.72,0.59,0.46,0.34,0.09,0.00,inferred
Maldon,2021-05-11,0.85,0.75,0.61,0.47,0.36,0.12,0.01,inferred
Maldon,2021-05-12,0.85,0.75,0.61,0.47,0.36,0.12,0.01,inferred
Maldon,2021-05-13,0.85,0.75,0.61,0.47,0.36,0.12,0.01,inferred
Maldon,2021-05-14,0.85,0.75,0.61,0.47,0.36,0.12,0.01,inferred
Maldon,2021-05-15,0.85,0.75,0.61,0.47,0.36,0.12,0.01,inferred
Maldon,2021-05-16,0.85,0.75,0.61,0.47,0.36,0.12,0.01,inferred
Maldon,2021-05-17,0.85,0.75,0.61,0.47,0.36,0.12,0.01,inferred
Maldon,2021-05-18,0.98,0.95,0.91,0.86,0.79,0.47,0.10,inferred
Maldon,2021-05-19,0.98,0.95,0.91,0.86,0.79,0.47,0.10,inferred
Maldon,2021-05-20,0.98,0.95,0.91,0.86,0.79,0.47,0.10,inferred
Maldon,2021-05-21,0.98,0.95,0.91,0.86,0.79,0.47,0.10,inferred
Maldon,2021-05-22,0.98,0.95,0.91,0.86,0.79,0.47,0.10,inferred
Maldon,2021-05-23,0.98,0.95,0.91,0.86,0.79,0.47,0.10,inferred
Maldon,2021-05-24,0.98,0.95,0.91,0.86,0.79,0.47,0.10,inferred
Maldon,2021-05-25,1.00,1.00,1.00,0.99,0.98,0.88,0.45,inferred
Maldon,2021-05-26,1.00,1.00,1.00,0.99,0.98,0.88,0.45,inferred
Maldon,2021-05-27,1.00,1.00,1.00,0.99,0.98,0.88,0.45,inferred
Maldon,2021-05-28,1.00,1.00,1.00,0.99,0.98,0.88,0.45,inferred
Maldon,2021-05-29,1.00,1.00,1.00,0.99,0.98,0.88,0.45,inferred
Maldon,2021-05-30,1.00,1.00,1.00,0.99,0.98,0.88,0.45,inferred
Maldon,2021-05-31,1.00,1.00,1.00,0.99,0.98,0.88,0.45,inferred
Maldon,2021-06-01,0.97,0.92,0.84,0.74,0.61,0.26,0.02,inferred
Maldon,2021-06-02,0.97,0.92,0.84,0.74,0.61,0.26,0.02,inferred
Maldon,2021-06-03,0.97,0.92,0.84,0.74,0.61,0.26,0.02,inferred
Maldon,2021-06-04,0.97,0.92,0.84,0.74,0.61,0.26,0.02,inferred
Maldon,2021-06-05,0.97,0.92,0.84,0.74,0.61,0.26,0.02,inferred
Maldon,2021-06-06,0.97,0.92,0.84,0.74,0.61,0.26,0.02,inferred
Maldon,2021-06-07,0.97,0.92,0.84,0.74,0.61,0.26,0.02,inferred
Maldon,2021-06-08,0.99,0.96,0.90,0.81,0.67,0.27,0.02,inferred
Maldon,2021-06-09,0.99,0.96,0.90,0.81,0.67,0.27,0.02,inferred
Maldon,2021-06-10,0.99,0.96,0.90,0.81,0.67,0.27,0.02,inferred
Maldon,2021-06-11,0.99,0.96,0.90,0.81,0.67,0.27,0.02,inferred
Maldon,2021-06-12,0.99,0.96,0.90,0.81,0.67,0.27,0.02,inferred
Maldon,2021-06-13,0.99,0.96,0.90,0.81,0.67,0.27,0.02,inferred
Maldon,2021-06-14,0.99,0.96,0.90,0.81,0.67,0.27,0.02,inferred
Maldon,2021-06-15,1.00,1.00,1.00,1.00,1.00,0.93,0.38,inferred
Maldon,2021-06-16,1.00,1.00,1.00,1.00,1.00,0.93,0.38,inferred
Maldon,2021-06-17,1.00,1.00,1.00,1.00,1.00,0.93,0.38,inferred
Maldon,2021-06-18,1.00,1.00,1.00,1.00,1.00,0.93,0.38,inferred
Maldon,2021-06-19,1.00,1.00,1.00,1.00,1.00,0.93,0.38,inferred
Maldon,2021-06-20,1.00,1.00,1.00,1.00,1.00,0.93,0.38,inferred
Maldon,2021-06-21,1.00,1.00,1.00,1.00,1.00,0.93,0.38,inferred
Maldon,2021-06-22,1.00,1.00,1.00,1.00,1.00,0.98,0.71,inferred
Maldon,2021-06-23,1.00,1.00,1.00,1.00,1.00,0.98,0.71,inferred
Maldon,2021-06-24,1.00,1.00,1.00,1.00,1.00,0.98,0.71,inferred
Maldon,2021-06-25,1.00,1.00,1.00,1.00,1.00,0.98,0.71,inferred
Maldon,2021-06-26,1.00,1.00,1.00,1.00,1.00,0.98,0.71,inferred
Maldon,2021-06-27,1.00,1.00,1.00,1.00,1.00,0.98,0.71,inferred
Maldon,2021-06-28,1.00,1.00,1.00,1.00,1.00,0.98,0.71,inferred
Maldon,2021-06-29,1.00,1.00,1.00,1.00,1.00,0.96,0.72,inferred
Maldon,2021-06-30,1.00,1.00,1.00,1.00,1.00,0.96,0.72,inferred
Maldon,2021-07-01,1.00,1.00,1.00,1.00,1.00,0.96,0.72,inferred
Maldon,2021-07-02,1.00,1.00,1.00,1.00,1.00,0.96,0.72,inferred
Maldon,2021-07-03,1.00,1.00,1.00,1.00,1.00,0.96,0.72,inferred
Maldon,2021-07-04,1.00,1.00,1.00,1.00,1.00,0.96,0.72,inferred
Maldon,2021-07-05,1.00,1.00,1.00,1.00,1.00,0.96,0.72,inferred
Maldon,2021-07-06,1.00,1.00,1.00,0.99,0.98,0.87,0.54,projected
Maldon,2021-07-07,1.00,1.00,1.00,0.99,0.98,0.87,0.54,projected
Maldon,2021-07-08,1.00,1.00,1.00,0.99,0.98,0.87,0.54,projected
Maldon,2021-07-09,1.00,1.00,1.00,0.99,0.98,0.87,0.54,projected
Maldon,2021-07-10,1.00,1.00,1.00,0.99,0.98,0.87,0.54,projected
Maldon,2021-07-11,1.00,1.00,1.00,0.99,0.98,0.87,0.54,projected
Maldon,2021-07-12,1.00,1.00,1.00,0.99,0.98,0.87,0.54,projected
Maldon,2021-07-13,1.00,1.00,0.99,0.98,0.95,0.81,0.47,projected
Maldon,2021-07-14,1.00,1.00,0.99,0.98,0.95,0.81,0.47,projected
Maldon,2021-07-15,1.00,1.00,0.99,0.98,0.95,0.81,0.47,projected
Maldon,2021-07-16,1.00,1.00,0.99,0.98,0.95,0.81,0.47,projected
Maldon,2021-07-17,1.00,1.00,0.99,0.98,0.95,0.81,0.47,projected
Maldon,2021-07-18,1.00,1.00,0.99,0.98,0.95,0.81,0.47,projected
Maldon,2021-07-19,1.00,1.00,0.99,0.98,0.95,0.81,0.47,projected
Maldon,2021-07-20,1.00,0.99,0.98,0.97,0.94,0.77,0.42,projected
Maldon,2021-07-21,1.00,0.99,0.98,0.97,0.94,0.77,0.42,projected
Maldon,2021-07-22,1.00,0.99,0.98,0.97,0.94,0.77,0.42,projected
Maldon,2021-07-23,1.00,0.99,0.98,0.97,0.94,0.77,0.42,projected
Maldon,2021-07-24,1.00,0.99,0.98,0.97,0.94,0.77,0.42,projected
Maldon,2021-07-25,1.00,0.99,0.98,0.97,0.94,0.77,0.42,projected
Maldon,2021-07-26,1.00,0.99,0.98,0.97,0.94,0.77,0.42,projected
Malvern Hills,2021-03-23,0.06,0.02,0.00,0.00,0.00,0.00,0.00,inferred
Malvern Hills,2021-03-24,0.06,0.02,0.00,0.00,0.00,0.00,0.00,inferred
Malvern Hills,2021-03-25,0.06,0.02,0.00,0.00,0.00,0.00,0.00,inferred
Malvern Hills,2021-03-26,0.06,0.02,0.00,0.00,0.00,0.00,0.00,inferred
Malvern Hills,2021-03-27,0.06,0.02,0.00,0.00,0.00,0.00,0.00,inferred
Malvern Hills,2021-03-28,0.06,0.02,0.00,0.00,0.00,0.00,0.00,inferred
Malvern Hills,2021-03-29,0.06,0.02,0.00,0.00,0.00,0.00,0.00,inferred
Malvern Hills,2021-03-30,0.28,0.15,0.07,0.03,0.01,0.00,0.00,inferred
Malvern Hills,2021-03-31,0.28,0.15,0.07,0.03,0.01,0.00,0.00,inferred
Malvern Hills,2021-04-01,0.28,0.15,0.07,0.03,0.01,0.00,0.00,inferred
Malvern Hills,2021-04-02,0.28,0.15,0.07,0.03,0.01,0.00,0.00,inferred
Malvern Hills,2021-04-03,0.28,0.15,0.07,0.03,0.01,0.00,0.00,inferred
Malvern Hills,2021-04-04,0.28,0.15,0.07,0.03,0.01,0.00,0.00,inferred
Malvern Hills,2021-04-05,0.28,0.15,0.07,0.03,0.01,0.00,0.00,inferred
Malvern Hills,2021-04-06,0.73,0.58,0.43,0.29,0.20,0.03,0.00,inferred
Malvern Hills,2021-04-07,0.73,0.58,0.43,0.29,0.20,0.03,0.00,inferred
Malvern Hills,2021-04-08,0.73,0.58,0.43,0.29,0.20,0.03,0.00,inferred
Malvern Hills,2021-04-09,0.73,0.58,0.43,0.29,0.20,0.03,0.00,inferred
Malvern Hills,2021-04-10,0.73,0.58,0.43,0.29,0.20,0.03,0.00,inferred
Malvern Hills,2021-04-11,0.73,0.58,0.43,0.29,0.20,0.03,0.00,inferred
Malvern Hills,2021-04-12,0.73,0.58,0.43,0.29,0.20,0.03,0.00,inferred
Malvern Hills,2021-04-13,0.91,0.83,0.72,0.59,0.44,0.14,0.00,inferred
Malvern Hills,2021-04-14,0.91,0.83,0.72,0.59,0.44,0.14,0.00,inferred
Malvern Hills,2021-04-15,0.91,0.83,0.72,0.59,0.44,0.14,0.00,inferred
Malvern Hills,2021-04-16,0.91,0.83,0.72,0.59,0.44,0.14,0.00,inferred
Malvern Hills,2021-04-17,0.91,0.83,0.72,0.59,0.44,0.14,0.00,inferred
Malvern Hills,2021-04-18,0.91,0.83,0.72,0.59,0.44,0.14,0.00,inferred
Malvern Hills,2021-04-19,0.91,0.83,0.72,0.59,0.44,0.14,0.00,inferred
Malvern Hills,2021-04-20,0.64,0.47,0.33,0.20,0.13,0.02,0.00,inferred
Malvern Hills,2021-04-21,0.64,0.47,0.33,0.20,0.13,0.02,0.00,inferred
Malvern Hills,2021-04-22,0.64,0.47,0.33,0.20,0.13,0.02,0.00,inferred
Malvern Hills,2021-04-23,0.64,0.47,0.33,0.20,0.13,0.02,0.00,inferred
Malvern Hills,2021-04-24,0.64,0.47,0.33,0.20,0.13,0.02,0.00,inferred
Malvern Hills,2021-04-25,0.64,0.47,0.33,0.20,0.13,0.02,0.00,inferred
Malvern Hills,2021-04-26,0.64,0.47,0.33,0.20,0.13,0.02,0.00,inferred
Malvern Hills,2021-04-27,0.73,0.58,0.43,0.30,0.20,0.04,0.00,inferred
Malvern Hills,2021-04-28,0.73,0.58,0.43,0.30,0.20,0.04,0.00,inferred
Malvern Hills,2021-04-29,0.73,0.58,0.43,0.30,0.20,0.04,0.00,inferred
Malvern Hills,2021-04-30,0.73,0.58,0.43,0.30,0.20,0.04,0.00,inferred
Malvern Hills,2021-05-01,0.73,0.58,0.43,0.30,0.20,0.04,0.00,inferred
Malvern Hills,2021-05-02,0.73,0.58,0.43,0.30,0.20,0.04,0.00,inferred
Malvern Hills,2021-05-03,0.73,0.58,0.43,0.30,0.20,0.04,0.00,inferred
Malvern Hills,2021-05-04,0.95,0.90,0.82,0.71,0.60,0.26,0.03,inferred
Malvern Hills,2021-05-05,0.95,0.90,0.82,0.71,0.60,0.26,0.03,inferred
Malvern Hills,2021-05-06,0.95,0.90,0.82,0.71,0.60,0.26,0.03,inferred
Malvern Hills,2021-05-07,0.95,0.90,0.82,0.71,0.60,0.26,0.03,inferred
Malvern Hills,2021-05-08,0.95,0.90,0.82,0.71,0.60,0.26,0.03,inferred
Malvern Hills,2021-05-09,0.95,0.90,0.82,0.71,0.60,0.26,0.03,inferred
Malvern Hills,2021-05-10,0.95,0.90,0.82,0.71,0.60,0.26,0.03,inferred
Malvern Hills,2021-05-11,0.93,0.86,0.76,0.63,0.51,0.17,0.02,inferred
Malvern Hills,2021-05-12,0.93,0.86,0.76,0.63,0.51,0.17,0.02,inferred
Malvern Hills,2021-05-13,0.93,0.86,0.76,0.63,0.51,0.17,0.02,inferred
Malvern Hills,2021-05-14,0.93,0.86,0.76,0.63,0.51,0.17,0.02,inferred
Malvern Hills,2021-05-15,0.93,0.86,0.76,0.63,0.51,0.17,0.02,inferred
Malvern Hills,2021-05-16,0.93,0.86,0.76,0.63,0.51,0.17,0.02,inferred
Malvern Hills,2021-05-17,0.93,0.86,0.76,0.63,0.51,0.17,0.02,inferred
Malvern Hills,2021-05-18,0.78,0.65,0.50,0.34,0.22,0.05,0.00,inferred
Malvern Hills,2021-05-19,0.78,0.65,0.50,0.34,0.22,0.05,0.00,inferred
Malvern Hills,2021-05-20,0.78,0.65,0.50,0.34,0.22,0.05,0.00,inferred
Malvern Hills,2021-05-21,0.78,0.65,0.50,0.34,0.22,0.05,0.00,inferred
Malvern Hills,2021-05-22,0.78,0.65,0.50,0.34,0.22,0.05,0.00,inferred
Malvern Hills,2021-05-23,0.78,0.65,0.50,0.34,0.22,0.05,0.00,inferred
Malvern Hills,2021-05-24,0.78,0.65,0.50,0.34,0.22,0.05,0.00,inferred
Malvern Hills,2021-05-25,0.75,0.59,0.45,0.31,0.20,0.04,0.00,inferred
Malvern Hills,2021-05-26,0.75,0.59,0.45,0.31,0.20,0.04,0.00,inferred
Malvern Hills,2021-05-27,0.75,0.59,0.45,0.31,0.20,0.04,0.00,inferred
Malvern Hills,2021-05-28,0.75,0.59,0.45,0.31,0.20,0.04,0.00,inferred
Malvern Hills,2021-05-29,0.75,0.59,0.45,0.31,0.20,0.04,0.00,inferred
Malvern Hills,2021-05-30,0.75,0.59,0.45,0.31,0.20,0.04,0.00,inferred
Malvern Hills,2021-05-31,0.75,0.59,0.45,0.31,0.20,0.04,0.00,inferred
Malvern Hills,2021-06-01,0.99,0.97,0.92,0.86,0.77,0.42,0.05,inferred
Malvern Hills,2021-06-02,0.99,0.97,0.92,0.86,0.77,0.42,0.05,inferred
Malvern Hills,2021-06-03,0.99,0.97,0.92,0.86,0.77,0.42,0.05,inferred
Malvern Hills,2021-06-04,0.99,0.97,0.92,0.86,0.77,0.42,0.05,inferred
Malvern Hills,2021-06-05,0.99,0.97,0.92,0.86,0.77,0.42,0.05,inferred
Malvern Hills,2021-06-06,0.99,0.97,0.92,0.86,0.77,0.42,0.05,inferred
Malvern Hills,2021-06-07,0.99,0.97,0.92,0.86,0.77,0.42,0.05,inferred
Malvern Hills,2021-06-08,1.00,1.00,1.00,1.00,0.99,0.95,0.56,inferred
Malvern Hills,2021-06-09,1.00,1.00,1.00,1.00,0.99,0.95,0.56,inferred
Malvern Hills,2021-06-10,1.00,1.00,1.00,1.00,0.99,0.95,0.56,inferred
Malvern Hills,2021-06-11,1.00,1.00,1.00,1.00,0.99,0.95,0.56,inferred
Malvern Hills,2021-06-12,1.00,1.00,1.00,1.00,0.99,0.95,0.56,inferred
Malvern Hills,2021-06-13,1.00,1.00,1.00,1.00,0.99,0.95,0.56,inferred
Malvern Hills,2021-06-14,1.00,1.00,1.00,1.00,0.99,0.95,0.56,inferred
Malvern Hills,2021-06-15,1.00,1.00,1.00,1.00,1.00,0.99,0.79,inferred
Malvern Hills,2021-06-16,1.00,1.00,1.00,1.00,1.00,0.99,0.79,inferred
Malvern Hills,2021-06-17,1.00,1.00,1.00,1.00,1.00,0.99,0.79,inferred
Malvern Hills,2021-06-18,1.00,1.00,1.00,1.00,1.00,0.99,0.79,inferred
Malvern Hills,2021-06-19,1.00,1.00,1.00,1.00,1.00,0.99,0.79,inferred
Malvern Hills,2021-06-20,1.00,1.00,1.00,1.00,1.00,0.99,0.79,inferred
Malvern Hills,2021-06-21,1.00,1.00,1.00,1.00,1.00,0.99,0.79,inferred
Malvern Hills,2021-06-22,1.00,1.00,1.00,1.00,0.99,0.81,0.25,inferred
Malvern Hills,2021-06-23,1.00,1.00,1.00,1.00,0.99,0.81,0.25,inferred
Malvern Hills,2021-06-24,1.00,1.00,1.00,1.00,0.99,0.81,0.25,inferred
Malvern Hills,2021-06-25,1.00,1.00,1.00,1.00,0.99,0.81,0.25,inferred
Malvern Hills,2021-06-26,1.00,1.00,1.00,1.00,0.99,0.81,0.25,inferred
Malvern Hills,2021-06-27,1.00,1.00,1.00,1.00,0.99,0.81,0.25,inferred
Malvern Hills,2021-06-28,1.00,1.00,1.00,1.00,0.99,0.81,0.25,inferred
Malvern Hills,2021-06-29,1.00,0.98,0.97,0.90,0.81,0.44,0.07,inferred
Malvern Hills,2021-06-30,1.00,0.98,0.97,0.90,0.81,0.44,0.07,inferred
Malvern Hills,2021-07-01,1.00,0.98,0.97,0.90,0.81,0.44,0.07,inferred
Malvern Hills,2021-07-02,1.00,0.98,0.97,0.90,0.81,0.44,0.07,inferred
Malvern Hills,2021-07-03,1.00,0.98,0.97,0.90,0.81,0.44,0.07,inferred
Malvern Hills,2021-07-04,1.00,0.98,0.97,0.90,0.81,0.44,0.07,inferred
Malvern Hills,2021-07-05,1.00,0.98,0.97,0.90,0.81,0.44,0.07,inferred
Malvern Hills,2021-07-06,0.98,0.94,0.89,0.81,0.73,0.41,0.13,projected
Malvern Hills,2021-07-07,0.98,0.94,0.89,0.81,0.73,0.41,0.13,projected
Malvern Hills,2021-07-08,0.98,0.94,0.89,0.81,0.73,0.41,0.13,projected
Malvern Hills,2021-07-09,0.98,0.94,0.89,0.81,0.73,0.41,0.13,projected
Malvern Hills,2021-07-10,0.98,0.94,0.89,0.81,0.73,0.41,0.13,projected
Malvern Hills,2021-07-11,0.98,0.94,0.89,0.81,0.73,0.41,0.13,projected
Malvern Hills,2021-07-12,0.98,0.94,0.89,0.81,0.73,0.41,0.13,projected
Malvern Hills,2021-07-13,0.96,0.92,0.87,0.79,0.71,0.43,0.17,projected
Malvern Hills,2021-07-14,0.96,0.92,0.87,0.79,0.71,0.43,0.17,projected
Malvern Hills,2021-07-15,0.96,0.92,0.87,0.79,0.71,0.43,0.17,projected
Malvern Hills,2021-07-16,0.96,0.92,0.87,0.79,0.71,0.43,0.17,projected
Malvern Hills,2021-07-17,0.96,0.92,0.87,0.79,0.71,0.43,0.17,projected
Malvern Hills,2021-07-18,0.96,0.92,0.87,0.79,0.71,0.43,0.17,projected
Malvern Hills,2021-07-19,0.96,0.92,0.87,0.79,0.71,0.43,0.17,projected
Malvern Hills,2021-07-20,0.95,0.91,0.87,0.80,0.72,0.47,0.19,projected
Malvern Hills,2021-07-21,0.95,0.91,0.87,0.80,0.72,0.47,0.19,projected
Malvern Hills,2021-07-22,0.95,0.91,0.87,0.80,0.72,0.47,0.19,projected
Malvern Hills,2021-07-23,0.95,0.91,0.87,0.80,0.72,0.47,0.19,projected
Malvern Hills,2021-07-24,0.95,0.91,0.87,0.80,0.72,0.47,0.19,projected
Malvern Hills,2021-07-25,0.95,0.91,0.87,0.80,0.72,0.47,0.19,projected
Malvern Hills,2021-07-26,0.95,0.91,0.87,0.80,0.72,0.47,0.19,projected
Manchester,2021-03-23,0.02,0.00,0.00,0.00,0.00,0.00,0.00,inferred
Manchester,2021-03-24,0.02,0.00,0.00,0.00,0.00,0.00,0.00,inferred
Manchester,2021-03-25,0.02,0.00,0.00,0.00,0.00,0.00,0.00,inferred
Manchester,2021-03-26,0.02,0.00,0.00,0.00,0.00,0.00,0.00,inferred
Manchester,2021-03-27,0.02,0.00,0.00,0.00,0.00,0.00,0.00,inferred
Manchester,2021-03-28,0.02,0.00,0.00,0.00,0.00,0.00,0.00,inferred
Manchester,2021-03-29,0.02,0.00,0.00,0.00,0.00,0.00,0.00,inferred
Manchester,2021-03-30,0.64,0.28,0.06,0.00,0.00,0.00,0.00,inferred
Manchester,2021-03-31,0.64,0.28,0.06,0.00,0.00,0.00,0.00,inferred
Manchester,2021-04-01,0.64,0.28,0.06,0.00,0.00,0.00,0.00,inferred
Manchester,2021-04-02,0.64,0.28,0.06,0.00,0.00,0.00,0.00,inferred
Manchester,2021-04-03,0.64,0.28,0.06,0.00,0.00,0.00,0.00,inferred
Manchester,2021-04-04,0.64,0.28,0.06,0.00,0.00,0.00,0.00,inferred
Manchester,2021-04-05,0.64,0.28,0.06,0.00,0.00,0.00,0.00,inferred
Manchester,2021-04-06,0.47,0.13,0.02,0.00,0.00,0.00,0.00,inferred
Manchester,2021-04-07,0.47,0.13,0.02,0.00,0.00,0.00,0.00,inferred
Manchester,2021-04-08,0.47,0.13,0.02,0.00,0.00,0.00,0.00,inferred
Manchester,2021-04-09,0.47,0.13,0.02,0.00,0.00,0.00,0.00,inferred
Manchester,2021-04-10,0.47,0.13,0.02,0.00,0.00,0.00,0.00,inferred
Manchester,2021-04-11,0.47,0.13,0.02,0.00,0.00,0.00,0.00,inferred
Manchester,2021-04-12,0.47,0.13,0.02,0.00,0.00,0.00,0.00,inferred
Manchester,2021-04-13,0.62,0.25,0.03,0.00,0.00,0.00,0.00,inferred
Manchester,2021-04-14,0.62,0.25,0.03,0.00,0.00,0.00,0.00,inferred
Manchester,2021-04-15,0.62,0.25,0.03,0.00,0.00,0.00,0.00,inferred
Manchester,2021-04-16,0.62,0.25,0.03,0.00,0.00,0.00,0.00,inferred
Manchester,2021-04-17,0.62,0.25,0.03,0.00,0.00,0.00,0.00,inferred
Manchester,2021-04-18,0.62,0.25,0.03,0.00,0.00,0.00,0.00,inferred
Manchester,2021-04-19,0.62,0.25,0.03,0.00,0.00,0.00,0.00,inferred
Manchester,2021-04-20,0.77,0.40,0.11,0.01,0.00,0.00,0.00,inferred
Manchester,2021-04-21,0.77,0.40,0.11,0.01,0.00,0.00,0.00,inferred
Manchester,2021-04-22,0.77,0.40,0.11,0.01,0.00,0.00,0.00,inferred
Manchester,2021-04-23,0.77,0.40,0.11,0.01,0.00,0.00,0.00,inferred
Manchester,2021-04-24,0.77,0.40,0.11,0.01,0.00,0.00,0.00,inferred
Manchester,2021-04-25,0.77,0.40,0.11,0.01,0.00,0.00,0.00,inferred
Manchester,2021-04-26,0.77,0.40,0.11,0.01,0.00,0.00,0.00,inferred
Manchester,2021-04-27,1.00,0.97,0.82,0.54,0.26,0.00,0.00,inferred
Manchester,2021-04-28,1.00,0.97,0.82,0.54,0.26,0.00,0.00,inferred
Manchester,2021-04-29,1.00,0.97,0.82,0.54,0.26,0.00,0.00,inferred
Manchester,2021-04-30,1.00,0.97,0.82,0.54,0.26,0.00,0.00,inferred
Manchester,2021-05-01,1.00,0.97,0.82,0.54,0.26,0.00,0.00,inferred
Manchester,2021-05-02,1.00,0.97,0.82,0.54,0.26,0.00,0.00,inferred
Manchester,2021-05-03,1.00,0.97,0.82,0.54,0.26,0.00,0.00,inferred
Manchester,2021-05-04,1.00,0.98,0.87,0.60,0.28,0.00,0.00,inferred
Manchester,2021-05-05,1.00,0.98,0.87,0.60,0.28,0.00,0.00,inferred
Manchester,2021-05-06,1.00,0.98,0.87,0.60,0.28,0.00,0.00,inferred
Manchester,2021-05-07,1.00,0.98,0.87,0.60,0.28,0.00,0.00,inferred
Manchester,2021-05-08,1.00,0.98,0.87,0.60,0.28,0.00,0.00,inferred
Manchester,2021-05-09,1.00,0.98,0.87,0.60,0.28,0.00,0.00,inferred
Manchester,2021-05-10,1.00,0.98,0.87,0.60,0.28,0.00,0.00,inferred
Manchester,2021-05-11,1.00,1.00,1.00,1.00,0.98,0.36,0.00,inferred
Manchester,2021-05-12,1.00,1.00,1.00,1.00,0.98,0.36,0.00,inferred
Manchester,2021-05-13,1.00,1.00,1.00,1.00,0.98,0.36,0.00,inferred
Manchester,2021-05-14,1.00,1.00,1.00,1.00,0.98,0.36,0.00,inferred
Manchester,2021-05-15,1.00,1.00,1.00,1.00,0.98,0.36,0.00,inferred
Manchester,2021-05-16,1.00,1.00,1.00,1.00,0.98,0.36,0.00,inferred
Manchester,2021-05-17,1.00,1.00,1.00,1.00,0.98,0.36,0.00,inferred
Manchester,2021-05-18,1.00,1.00,1.00,1.00,1.00,1.00,0.66,inferred
Manchester,2021-05-19,1.00,1.00,1.00,1.00,1.00,1.00,0.66,inferred
Manchester,2021-05-20,1.00,1.00,1.00,1.00,1.00,1.00,0.66,inferred
Manchester,2021-05-21,1.00,1.00,1.00,1.00,1.00,1.00,0.66,inferred
Manchester,2021-05-22,1.00,1.00,1.00,1.00,1.00,1.00,0.66,inferred
Manchester,2021-05-23,1.00,1.00,1.00,1.00,1.00,1.00,0.66,inferred
Manchester,2021-05-24,1.00,1.00,1.00,1.00,1.00,1.00,0.66,inferred
Manchester,2021-05-25,1.00,1.00,1.00,1.00,1.00,0.96,0.49,inferred
Manchester,2021-05-26,1.00,1.00,1.00,1.00,1.00,0.96,0.49,inferred
Manchester,2021-05-27,1.00,1.00,1.00,1.00,1.00,0.96,0.49,inferred
Manchester,2021-05-28,1.00,1.00,1.00,1.00,1.00,0.96,0.49,inferred
Manchester,2021-05-29,1.00,1.00,1.00,1.00,1.00,0.96,0.49,inferred
Manchester,2021-05-30,1.00,1.00,1.00,1.00,1.00,0.96,0.49,inferred
Manchester,2021-05-31,1.00,1.00,1.00,1.00,1.00,0.96,0.49,inferred
Manchester,2021-06-01,1.00,1.00,1.00,0.96,0.80,0.14,0.00,inferred
Manchester,2021-06-02,1.00,1.00,1.00,0.96,0.80,0.14,0.00,inferred
Manchester,2021-06-03,1.00,1.00,1.00,0.96,0.80,0.14,0.00,inferred
Manchester,2021-06-04,1.00,1.00,1.00,0.96,0.80,0.14,0.00,inferred
Manchester,2021-06-05,1.00,1.00,1.00,0.96,0.80,0.14,0.00,inferred
Manchester,2021-06-06,1.00,1.00,1.00,0.96,0.80,0.14,0.00,inferred
Manchester,2021-06-07,1.00,1.00,1.00,0.96,0.80,0.14,0.00,inferred
Manchester,2021-06-08,1.00,1.00,1.00,0.85,0.42,0.00,0.00,inferred
Manchester,2021-06-09,1.00,1.00,1.00,0.85,0.42,0.00,0.00,inferred
Manchester,2021-06-10,1.00,1.00,1.00,0.85,0.42,0.00,0.00,inferred
Manchester,2021-06-11,1.00,1.00,1.00,0.85,0.42,0.00,0.00,inferred
Manchester,2021-06-12,1.00,1.00,1.00,0.85,0.42,0.00,0.00,inferred
Manchester,2021-06-13,1.00,1.00,1.00,0.85,0.42,0.00,0.00,inferred
Manchester,2021-06-14,1.00,1.00,1.00,0.85,0.42,0.00,0.00,inferred
Manchester,2021-06-15,1.00,1.00,1.00,1.00,0.92,0.00,0.00,inferred
Manchester,2021-06-16,1.00,1.00,1.00,1.00,0.92,0.00,0.00,inferred
Manchester,2021-06-17,1.00,1.00,1.00,1.00,0.92,0.00,0.00,inferred
Manchester,2021-06-18,1.00,1.00,1.00,1.00,0.92,0.00,0.00,inferred
Manchester,2021-06-19,1.00,1.00,1.00,1.00,0.92,0.00,0.00,inferred
Manchester,2021-06-20,1.00,1.00,1.00,1.00,0.92,0.00,0.00,inferred
Manchester,2021-06-21,1.00,1.00,1.00,1.00,0.92,0.00,0.00,inferred
Manchester,2021-06-22,1.00,1.00,1.00,0.81,0.39,0.00,0.00,inferred
Manchester,2021-06-23,1.00,1.00,1.00,0.81,0.39,0.00,0.00,inferred
Manchester,2021-06-24,1.00,1.00,1.00,0.81,0.39,0.00,0.00,inferred
Manchester,2021-06-25,1.00,1.00,1.00,0.81,0.39,0.00,0.00,inferred
Manchester,2021-06-26,1.00,1.00,1.00,0.81,0.39,0.00,0.00,inferred
Manchester,2021-06-27,1.00,1.00,1.00,0.81,0.39,0.00,0.00,inferred
Manchester,2021-06-28,1.00,1.00,1.00,0.81,0.39,0.00,0.00,inferred
Manchester,2021-06-29,0.14,0.02,0.00,0.00,0.00,0.00,0.00,inferred
Manchester,2021-06-30,0.14,0.02,0.00,0.00,0.00,0.00,0.00,inferred
Manchester,2021-07-01,0.14,0.02,0.00,0.00,0.00,0.00,0.00,inferred
Manchester,2021-07-02,0.14,0.02,0.00,0.00,0.00,0.00,0.00,inferred
Manchester,2021-07-03,0.14,0.02,0.00,0.00,0.00,0.00,0.00,inferred
Manchester,2021-07-04,0.14,0.02,0.00,0.00,0.00,0.00,0.00,inferred
Manchester,2021-07-05,0.14,0.02,0.00,0.00,0.00,0.00,0.00,inferred
Manchester,2021-07-06,0.39,0.25,0.15,0.07,0.04,0.00,0.00,projected
Manchester,2021-07-07,0.39,0.25,0.15,0.07,0.04,0.00,0.00,projected
Manchester,2021-07-08,0.39,0.25,0.15,0.07,0.04,0.00,0.00,projected
Manchester,2021-07-09,0.39,0.25,0.15,0.07,0.04,0.00,0.00,projected
Manchester,2021-07-10,0.39,0.25,0.15,0.07,0.04,0.00,0.00,projected
Manchester,2021-07-11,0.39,0.25,0.15,0.07,0.04,0.00,0.00,projected
Manchester,2021-07-12,0.39,0.25,0.15,0.07,0.04,0.00,0.00,projected
Manchester,2021-07-13,0.48,0.35,0.24,0.16,0.11,0.04,0.00,projected
Manchester,2021-07-14,0.48,0.35,0.24,0.16,0.11,0.04,0.00,projected
Manchester,2021-07-15,0.48,0.35,0.24,0.16,0.11,0.04,0.00,projected
Manchester,2021-07-16,0.48,0.35,0.24,0.16,0.11,0.04,0.00,projected
Manchester,2021-07-17,0.48,0.35,0.24,0.16,0.11,0.04,0.00,projected
Manchester,2021-07-18,0.48,0.35,0.24,0.16,0.11,0.04,0.00,projected
Manchester,2021-07-19,0.48,0.35,0.24,0.16,0.11,0.04,0.00,projected
Manchester,2021-07-20,0.58,0.47,0.36,0.28,0.20,0.08,0.02,projected
Manchester,2021-07-21,0.58,0.47,0.36,0.28,0.20,0.08,0.02,projected
Manchester,2021-07-22,0.58,0.47,0.36,0.28,0.20,0.08,0.02,projected
Manchester,2021-07-23,0.58,0.47,0.36,0.28,0.20,0.08,0.02,projected
Manchester,2021-07-24,0.58,0.47,0.36,0.28,0.20,0.08,0.02,projected
Manchester,2021-07-25,0.58,0.47,0.36,0.28,0.20,0.08,0.02,projected
Manchester,2021-07-26,0.58,0.47,0.36,0.28,0.20,0.08,0.02,projected
Mansfield,2021-03-23,0.99,0.91,0.68,0.36,0.12,0.00,0.00,inferred
Mansfield,2021-03-24,0.99,0.91,0.68,0.36,0.12,0.00,0.00,inferred
Mansfield,2021-03-25,0.99,0.91,0.68,0.36,0.12,0.00,0.00,inferred
Mansfield,2021-03-26,0.99,0.91,0.68,0.36,0.12,0.00,0.00,inferred
Mansfield,2021-03-27,0.99,0.91,0.68,0.36,0.12,0.00,0.00,inferred
Mansfield,2021-03-28,0.99,0.91,0.68,0.36,0.12,0.00,0.00,inferred
Mansfield,2021-03-29,0.99,0.91,0.68,0.36,0.12,0.00,0.00,inferred
Mansfield,2021-03-30,0.55,0.25,0.06,0.01,0.00,0.00,0.00,inferred
Mansfield,2021-03-31,0.55,0.25,0.06,0.01,0.00,0.00,0.00,inferred
Mansfield,2021-04-01,0.55,0.25,0.06,0.01,0.00,0.00,0.00,inferred
Mansfield,2021-04-02,0.55,0.25,0.06,0.01,0.00,0.00,0.00,inferred
Mansfield,2021-04-03,0.55,0.25,0.06,0.01,0.00,0.00,0.00,inferred
Mansfield,2021-04-04,0.55,0.25,0.06,0.01,0.00,0.00,0.00,inferred
Mansfield,2021-04-05,0.55,0.25,0.06,0.01,0.00,0.00,0.00,inferred
Mansfield,2021-04-06,0.04,0.01,0.00,0.00,0.00,0.00,0.00,inferred
Mansfield,2021-04-07,0.04,0.01,0.00,0.00,0.00,0.00,0.00,inferred
Mansfield,2021-04-08,0.04,0.01,0.00,0.00,0.00,0.00,0.00,inferred
Mansfield,2021-04-09,0.04,0.01,0.00,0.00,0.00,0.00,0.00,inferred
Mansfield,2021-04-10,0.04,0.01,0.00,0.00,0.00,0.00,0.00,inferred
Mansfield,2021-04-11,0.04,0.01,0.00,0.00,0.00,0.00,0.00,inferred
Mansfield,2021-04-12,0.04,0.01,0.00,0.00,0.00,0.00,0.00,inferred
Mansfield,2021-04-13,0.27,0.10,0.03,0.00,0.00,0.00,0.00,inferred
Mansfield,2021-04-14,0.27,0.10,0.03,0.00,0.00,0.00,0.00,inferred
Mansfield,2021-04-15,0.27,0.10,0.03,0.00,0.00,0.00,0.00,inferred
Mansfield,2021-04-16,0.27,0.10,0.03,0.00,0.00,0.00,0.00,inferred
Mansfield,2021-04-17,0.27,0.10,0.03,0.00,0.00,0.00,0.00,inferred
Mansfield,2021-04-18,0.27,0.10,0.03,0.00,0.00,0.00,0.00,inferred
Mansfield,2021-04-19,0.27,0.10,0.03,0.00,0.00,0.00,0.00,inferred
Mansfield,2021-04-20,0.28,0.12,0.04,0.01,0.00,0.00,0.00,inferred
Mansfield,2021-04-21,0.28,0.12,0.04,0.01,0.00,0.00,0.00,inferred
Mansfield,2021-04-22,0.28,0.12,0.04,0.01,0.00,0.00,0.00,inferred
Mansfield,2021-04-23,0.28,0.12,0.04,0.01,0.00,0.00,0.00,inferred
Mansfield,2021-04-24,0.28,0.12,0.04,0.01,0.00,0.00,0.00,inferred
Mansfield,2021-04-25,0.28,0.12,0.04,0.01,0.00,0.00,0.00,inferred
Mansfield,2021-04-26,0.28,0.12,0.04,0.01,0.00,0.00,0.00,inferred
Mansfield,2021-04-27,0.56,0.32,0.16,0.06,0.02,0.00,0.00,inferred
Mansfield,2021-04-28,0.56,0.32,0.16,0.06,0.02,0.00,0.00,inferred
Mansfield,2021-04-29,0.56,0.32,0.16,0.06,0.02,0.00,0.00,inferred
Mansfield,2021-04-30,0.56,0.32,0.16,0.06,0.02,0.00,0.00,inferred
Mansfield,2021-05-01,0.56,0.32,0.16,0.06,0.02,0.00,0.00,inferred
Mansfield,2021-05-02,0.56,0.32,0.16,0.06,0.02,0.00,0.00,inferred
Mansfield,2021-05-03,0.56,0.32,0.16,0.06,0.02,0.00,0.00,inferred
Mansfield,2021-05-04,0.55,0.33,0.16,0.07,0.03,0.00,0.00,inferred
Mansfield,2021-05-05,0.55,0.33,0.16,0.07,0.03,0.00,0.00,inferred
Mansfield,2021-05-06,0.55,0.33,0.16,0.07,0.03,0.00,0.00,inferred
Mansfield,2021-05-07,0.55,0.33,0.16,0.07,0.03,0.00,0.00,inferred
Mansfield,2021-05-08,0.55,0.33,0.16,0.07,0.03,0.00,0.00,inferred
Mansfield,2021-05-09,0.55,0.33,0.16,0.07,0.03,0.00,0.00,inferred
Mansfield,2021-05-10,0.55,0.33,0.16,0.07,0.03,0.00,0.00,inferred
Mansfield,2021-05-11,0.29,0.13,0.05,0.02,0.01,0.00,0.00,inferred
Mansfield,2021-05-12,0.29,0.13,0.05,0.02,0.01,0.00,0.00,inferred
Mansfield,2021-05-13,0.29,0.13,0.05,0.02,0.01,0.00,0.00,inferred
Mansfield,2021-05-14,0.29,0.13,0.05,0.02,0.01,0.00,0.00,inferred
Mansfield,2021-05-15,0.29,0.13,0.05,0.02,0.01,0.00,0.00,inferred
Mansfield,2021-05-16,0.29,0.13,0.05,0.02,0.01,0.00,0.00,inferred
Mansfield,2021-05-17,0.29,0.13,0.05,0.02,0.01,0.00,0.00,inferred
Mansfield,2021-05-18,0.56,0.36,0.21,0.10,0.04,0.00,0.00,inferred
Mansfield,2021-05-19,0.56,0.36,0.21,0.10,0.04,0.00,0.00,inferred
Mansfield,2021-05-20,0.56,0.36,0.21,0.10,0.04,0.00,0.00,inferred
Mansfield,2021-05-21,0.56,0.36,0.21,0.10,0.04,0.00,0.00,inferred
Mansfield,2021-05-22,0.56,0.36,0.21,0.10,0.04,0.00,0.00,inferred
Mansfield,2021-05-23,0.56,0.36,0.21,0.10,0.04,0.00,0.00,inferred
Mansfield,2021-05-24,0.56,0.36,0.21,0.10,0.04,0.00,0.00,inferred
Mansfield,2021-05-25,0.70,0.53,0.37,0.23,0.13,0.01,0.00,inferred
Mansfield,2021-05-26,0.70,0.53,0.37,0.23,0.13,0.01,0.00,inferred
Mansfield,2021-05-27,0.70,0.53,0.37,0.23,0.13,0.01,0.00,inferred
Mansfield,2021-05-28,0.70,0.53,0.37,0.23,0.13,0.01,0.00,inferred
Mansfield,2021-05-29,0.70,0.53,0.37,0.23,0.13,0.01,0.00,inferred
Mansfield,2021-05-30,0.70,0.53,0.37,0.23,0.13,0.01,0.00,inferred
Mansfield,2021-05-31,0.70,0.53,0.37,0.23,0.13,0.01,0.00,inferred
Mansfield,2021-06-01,1.00,0.99,0.98,0.95,0.88,0.53,0.08,inferred
Mansfield,2021-06-02,1.00,0.99,0.98,0.95,0.88,0.53,0.08,inferred
Mansfield,2021-06-03,1.00,0.99,0.98,0.95,0.88,0.53,0.08,inferred
Mansfield,2021-06-04,1.00,0.99,0.98,0.95,0.88,0.53,0.08,inferred
Mansfield,2021-06-05,1.00,0.99,0.98,0.95,0.88,0.53,0.08,inferred
Mansfield,2021-06-06,1.00,0.99,0.98,0.95,0.88,0.53,0.08,inferred
Mansfield,2021-06-07,1.00,0.99,0.98,0.95,0.88,0.53,0.08,inferred
Mansfield,2021-06-08,1.00,1.00,1.00,0.99,0.97,0.78,0.24,inferred
Mansfield,2021-06-09,1.00,1.00,1.00,0.99,0.97,0.78,0.24,inferred
Mansfield,2021-06-10,1.00,1.00,1.00,0.99,0.97,0.78,0.24,inferred
Mansfield,2021-06-11,1.00,1.00,1.00,0.99,0.97,0.78,0.24,inferred
Mansfield,2021-06-12,1.00,1.00,1.00,0.99,0.97,0.78,0.24,inferred
Mansfield,2021-06-13,1.00,1.00,1.00,0.99,0.97,0.78,0.24,inferred
Mansfield,2021-06-14,1.00,1.00,1.00,0.99,0.97,0.78,0.24,inferred
Mansfield,2021-06-15,1.00,1.00,1.00,1.00,1.00,0.97,0.61,inferred
Mansfield,2021-06-16,1.00,1.00,1.00,1.00,1.00,0.97,0.61,inferred
Mansfield,2021-06-17,1.00,1.00,1.00,1.00,1.00,0.97,0.61,inferred
Mansfield,2021-06-18,1.00,1.00,1.00,1.00,1.00,0.97,0.61,inferred
Mansfield,2021-06-19,1.00,1.00,1.00,1.00,1.00,0.97,0.61,inferred
Mansfield,2021-06-20,1.00,1.00,1.00,1.00,1.00,0.97,0.61,inferred
Mansfield,2021-06-21,1.00,1.00,1.00,1.00,1.00,0.97,0.61,inferred
Mansfield,2021-06-22,1.00,1.00,1.00,1.00,1.00,0.97,0.58,inferred
Mansfield,2021-06-23,1.00,1.00,1.00,1.00,1.00,0.97,0.58,inferred
Mansfield,2021-06-24,1.00,1.00,1.00,1.00,1.00,0.97,0.58,inferred
Mansfield,2021-06-25,1.00,1.00,1.00,1.00,1.00,0.97,0.58,inferred
Mansfield,2021-06-26,1.00,1.00,1.00,1.00,1.00,0.97,0.58,inferred
Mansfield,2021-06-27,1.00,1.00,1.00,1.00,1.00,0.97,0.58,inferred
Mansfield,2021-06-28,1.00,1.00,1.00,1.00,1.00,0.97,0.58,inferred
Mansfield,2021-06-29,1.00,1.00,1.00,0.99,0.98,0.81,0.32,inferred
Mansfield,2021-06-30,1.00,1.00,1.00,0.99,0.98,0.81,0.32,inferred
Mansfield,2021-07-01,1.00,1.00,1.00,0.99,0.98,0.81,0.32,inferred
Mansfield,2021-07-02,1.00,1.00,1.00,0.99,0.98,0.81,0.32,inferred
Mansfield,2021-07-03,1.00,1.00,1.00,0.99,0.98,0.81,0.32,inferred
Mansfield,2021-07-04,1.00,1.00,1.00,0.99,0.98,0.81,0.32,inferred
Mansfield,2021-07-05,1.00,1.00,1.00,0.99,0.98,0.81,0.32,inferred
Mansfield,2021-07-06,1.00,0.99,0.97,0.93,0.88,0.66,0.28,projected
Mansfield,2021-07-07,1.00,0.99,0.97,0.93,0.88,0.66,0.28,projected
Mansfield,2021-07-08,1.00,0.99,0.97,0.93,0.88,0.66,0.28,projected
Mansfield,2021-07-09,1.00,0.99,0.97,0.93,0.88,0.66,0.28,projected
Mansfield,2021-07-10,1.00,0.99,0.97,0.93,0.88,0.66,0.28,projected
Mansfield,2021-07-11,1.00,0.99,0.97,0.93,0.88,0.66,0.28,projected
Mansfield,2021-07-12,1.00,0.99,0.97,0.93,0.88,0.66,0.28,projected
Mansfield,2021-07-13,0.99,0.97,0.95,0.88,0.82,0.59,0.26,projected
Mansfield,2021-07-14,0.99,0.97,0.95,0.88,0.82,0.59,0.26,projected
Mansfield,2021-07-15,0.99,0.97,0.95,0.88,0.82,0.59,0.26,projected
Mansfield,2021-07-16,0.99,0.97,0.95,0.88,0.82,0.59,0.26,projected
Mansfield,2021-07-17,0.99,0.97,0.95,0.88,0.82,0.59,0.26,projected
Mansfield,2021-07-18,0.99,0.97,0.95,0.88,0.82,0.59,0.26,projected
Mansfield,2021-07-19,0.99,0.97,0.95,0.88,0.82,0.59,0.26,projected
Mansfield,2021-07-20,0.98,0.95,0.91,0.86,0.80,0.60,0.28,projected
Mansfield,2021-07-21,0.98,0.95,0.91,0.86,0.80,0.60,0.28,projected
Mansfield,2021-07-22,0.98,0.95,0.91,0.86,0.80,0.60,0.28,projected
Mansfield,2021-07-23,0.98,0.95,0.91,0.86,0.80,0.60,0.28,projected
Mansfield,2021-07-24,0.98,0.95,0.91,0.86,0.80,0.60,0.28,projected
Mansfield,2021-07-25,0.98,0.95,0.91,0.86,0.80,0.60,0.28,projected
Mansfield,2021-07-26,0.98,0.95,0.91,0.86,0.80,0.60,0.28,projected
Medway,2021-03-23,0.02,0.00,0.00,0.00,0.00,0.00,0.00,inferred
Medway,2021-03-24,0.02,0.00,0.00,0.00,0.00,0.00,0.00,inferred
Medway,2021-03-25,0.02,0.00,0.00,0.00,0.00,0.00,0.00,inferred
Medway,2021-03-26,0.02,0.00,0.00,0.00,0.00,0.00,0.00,inferred
Medway,2021-03-27,0.02,0.00,0.00,0.00,0.00,0.00,0.00,inferred
Medway,2021-03-28,0.02,0.00,0.00,0.00,0.00,0.00,0.00,inferred
Medway,2021-03-29,0.02,0.00,0.00,0.00,0.00,0.00,0.00,inferred
Medway,2021-03-30,0.35,0.15,0.04,0.01,0.00,0.00,0.00,inferred
Medway,2021-03-31,0.35,0.15,0.04,0.01,0.00,0.00,0.00,inferred
Medway,2021-04-01,0.35,0.15,0.04,0.01,0.00,0.00,0.00,inferred
Medway,2021-04-02,0.35,0.15,0.04,0.01,0.00,0.00,0.00,inferred
Medway,2021-04-03,0.35,0.15,0.04,0.01,0.00,0.00,0.00,inferred
Medway,2021-04-04,0.35,0.15,0.04,0.01,0.00,0.00,0.00,inferred
Medway,2021-04-05,0.35,0.15,0.04,0.01,0.00,0.00,0.00,inferred
Medway,2021-04-06,0.50,0.25,0.10,0.04,0.01,0.00,0.00,inferred
Medway,2021-04-07,0.50,0.25,0.10,0.04,0.01,0.00,0.00,inferred
Medway,2021-04-08,0.50,0.25,0.10,0.04,0.01,0.00,0.00,inferred
Medway,2021-04-09,0.50,0.25,0.10,0.04,0.01,0.00,0.00,inferred
Medway,2021-04-10,0.50,0.25,0.10,0.04,0.01,0.00,0.00,inferred
Medway,2021-04-11,0.50,0.25,0.10,0.04,0.01,0.00,0.00,inferred
Medway,2021-04-12,0.50,0.25,0.10,0.04,0.01,0.00,0.00,inferred
Medway,2021-04-13,0.82,0.60,0.39,0.21,0.08,0.00,0.00,inferred
Medway,2021-04-14,0.82,0.60,0.39,0.21,0.08,0.00,0.00,inferred
Medway,2021-04-15,0.82,0.60,0.39,0.21,0.08,0.00,0.00,inferred
Medway,2021-04-16,0.82,0.60,0.39,0.21,0.08,0.00,0.00,inferred
Medway,2021-04-17,0.82,0.60,0.39,0.21,0.08,0.00,0.00,inferred
Medway,2021-04-18,0.82,0.60,0.39,0.21,0.08,0.00,0.00,inferred
Medway,2021-04-19,0.82,0.60,0.39,0.21,0.08,0.00,0.00,inferred
Medway,2021-04-20,0.77,0.56,0.32,0.17,0.09,0.00,0.00,inferred
Medway,2021-04-21,0.77,0.56,0.32,0.17,0.09,0.00,0.00,inferred
Medway,2021-04-22,0.77,0.56,0.32,0.17,0.09,0.00,0.00,inferred
Medway,2021-04-23,0.77,0.56,0.32,0.17,0.09,0.00,0.00,inferred
Medway,2021-04-24,0.77,0.56,0.32,0.17,0.09,0.00,0.00,inferred
Medway,2021-04-25,0.77,0.56,0.32,0.17,0.09,0.00,0.00,inferred
Medway,2021-04-26,0.77,0.56,0.32,0.17,0.09,0.00,0.00,inferred
Medway,2021-04-27,0.71,0.50,0.29,0.14,0.06,0.00,0.00,inferred
Medway,2021-04-28,0.71,0.50,0.29,0.14,0.06,0.00,0.00,inferred
Medway,2021-04-29,0.71,0.50,0.29,0.14,0.06,0.00,0.00,inferred
Medway,2021-04-30,0.71,0.50,0.29,0.14,0.06,0.00,0.00,inferred
Medway,2021-05-01,0.71,0.50,0.29,0.14,0.06,0.00,0.00,inferred
Medway,2021-05-02,0.71,0.50,0.29,0.14,0.06,0.00,0.00,inferred
Medway,2021-05-03,0.71,0.50,0.29,0.14,0.06,0.00,0.00,inferred
Medway,2021-05-04,0.78,0.57,0.36,0.21,0.08,0.00,0.00,inferred
Medway,2021-05-05,0.78,0.57,0.36,0.21,0.08,0.00,0.00,inferred
Medway,2021-05-06,0.78,0.57,0.36,0.21,0.08,0.00,0.00,inferred
Medway,2021-05-07,0.78,0.57,0.36,0.21,0.08,0.00,0.00,inferred
Medway,2021-05-08,0.78,0.57,0.36,0.21,0.08,0.00,0.00,inferred
Medway,2021-05-09,0.78,0.57,0.36,0.21,0.08,0.00,0.00,inferred
Medway,2021-05-10,0.78,0.57,0.36,0.21,0.08,0.00,0.00,inferred
Medway,2021-05-11,1.00,0.99,0.97,0.92,0.83,0.35,0.02,inferred
Medway,2021-05-12,1.00,0.99,0.97,0.92,0.83,0.35,0.02,inferred
Medway,2021-05-13,1.00,0.99,0.97,0.92,0.83,0.35,0.02,inferred
Medway,2021-05-14,1.00,0.99,0.97,0.92,0.83,0.35,0.02,inferred
Medway,2021-05-15,1.00,0.99,0.97,0.92,0.83,0.35,0.02,inferred
Medway,2021-05-16,1.00,0.99,0.97,0.92,0.83,0.35,0.02,inferred
Medway,2021-05-17,1.00,0.99,0.97,0.92,0.83,0.35,0.02,inferred
Medway,2021-05-18,1.00,1.00,1.00,1.00,1.00,0.89,0.29,inferred
Medway,2021-05-19,1.00,1.00,1.00,1.00,1.00,0.89,0.29,inferred
Medway,2021-05-20,1.00,1.00,1.00,1.00,1.00,0.89,0.29,inferred
Medway,2021-05-21,1.00,1.00,1.00,1.00,1.00,0.89,0.29,inferred
Medway,2021-05-22,1.00,1.00,1.00,1.00,1.00,0.89,0.29,inferred
Medway,2021-05-23,1.00,1.00,1.00,1.00,1.00,0.89,0.29,inferred
Medway,2021-05-24,1.00,1.00,1.00,1.00,1.00,0.89,0.29,inferred
Medway,2021-05-25,1.00,1.00,1.00,1.00,0.98,0.72,0.10,inferred
Medway,2021-05-26,1.00,1.00,1.00,1.00,0.98,0.72,0.10,inferred
Medway,2021-05-27,1.00,1.00,1.00,1.00,0.98,0.72,0.10,inferred
Medway,2021-05-28,1.00,1.00,1.00,1.00,0.98,0.72,0.10,inferred
Medway,2021-05-29,1.00,1.00,1.00,1.00,0.98,0.72,0.10,inferred
Medway,2021-05-30,1.00,1.00,1.00,1.00,0.98,0.72,0.10,inferred
Medway,2021-05-31,1.00,1.00,1.00,1.00,0.98,0.72,0.10,inferred
Medway,2021-06-01,1.00,0.97,0.88,0.69,0.44,0.05,0.00,inferred
Medway,2021-06-02,1.00,0.97,0.88,0.69,0.44,0.05,0.00,inferred
Medway,2021-06-03,1.00,0.97,0.88,0.69,0.44,0.05,0.00,inferred
Medway,2021-06-04,1.00,0.97,0.88,0.69,0.44,0.05,0.00,inferred
Medway,2021-06-05,1.00,0.97,0.88,0.69,0.44,0.05,0.00,inferred
Medway,2021-06-06,1.00,0.97,0.88,0.69,0.44,0.05,0.00,inferred
Medway,2021-06-07,1.00,0.97,0.88,0.69,0.44,0.05,0.00,inferred
Medway,2021-06-08,0.99,0.93,0.73,0.44,0.20,0.01,0.00,inferred
Medway,2021-06-09,0.99,0.93,0.73,0.44,0.20,0.01,0.00,inferred
Medway,2021-06-10,0.99,0.93,0.73,0.44,0.20,0.01,0.00,inferred
Medway,2021-06-11,0.99,0.93,0.73,0.44,0.20,0.01,0.00,inferred
Medway,2021-06-12,0.99,0.93,0.73,0.44,0.20,0.01,0.00,inferred
Medway,2021-06-13,0.99,0.93,0.73,0.44,0.20,0.01,0.00,inferred
Medway,2021-06-14,0.99,0.93,0.73,0.44,0.20,0.01,0.00,inferred
Medway,2021-06-15,1.00,1.00,1.00,1.00,0.99,0.63,0.01,inferred
Medway,2021-06-16,1.00,1.00,1.00,1.00,0.99,0.63,0.01,inferred
Medway,2021-06-17,1.00,1.00,1.00,1.00,0.99,0.63,0.01,inferred
Medway,2021-06-18,1.00,1.00,1.00,1.00,0.99,0.63,0.01,inferred
Medway,2021-06-19,1.00,1.00,1.00,1.00,0.99,0.63,0.01,inferred
Medway,2021-06-20,1.00,1.00,1.00,1.00,0.99,0.63,0.01,inferred
Medway,2021-06-21,1.00,1.00,1.00,1.00,0.99,0.63,0.01,inferred
Medway,2021-06-22,1.00,1.00,1.00,1.00,1.00,0.86,0.10,inferred
Medway,2021-06-23,1.00,1.00,1.00,1.00,1.00,0.86,0.10,inferred
Medway,2021-06-24,1.00,1.00,1.00,1.00,1.00,0.86,0.10,inferred
Medway,2021-06-25,1.00,1.00,1.00,1.00,1.00,0.86,0.10,inferred
Medway,2021-06-26,1.00,1.00,1.00,1.00,1.00,0.86,0.10,inferred
Medway,2021-06-27,1.00,1.00,1.00,1.00,1.00,0.86,0.10,inferred
Medway,2021-06-28,1.00,1.00,1.00,1.00,1.00,0.86,0.10,inferred
Medway,2021-06-29,1.00,1.00,1.00,1.00,1.00,0.90,0.41,inferred
Medway,2021-06-30,1.00,1.00,1.00,1.00,1.00,0.90,0.41,inferred
Medway,2021-07-01,1.00,1.00,1.00,1.00,1.00,0.90,0.41,inferred
Medway,2021-07-02,1.00,1.00,1.00,1.00,1.00,0.90,0.41,inferred
Medway,2021-07-03,1.00,1.00,1.00,1.00,1.00,0.90,0.41,inferred
Medway,2021-07-04,1.00,1.00,1.00,1.00,1.00,0.90,0.41,inferred
Medway,2021-07-05,1.00,1.00,1.00,1.00,1.00,0.90,0.41,inferred
Medway,2021-07-06,1.00,0.99,0.98,0.96,0.93,0.72,0.32,projected
Medway,2021-07-07,1.00,0.99,0.98,0.96,0.93,0.72,0.32,projected
Medway,2021-07-08,1.00,0.99,0.98,0.96,0.93,0.72,0.32,projected
Medway,2021-07-09,1.00,0.99,0.98,0.96,0.93,0.72,0.32,projected
Medway,2021-07-10,1.00,0.99,0.98,0.96,0.93,0.72,0.32,projected
Medway,2021-07-11,1.00,0.99,0.98,0.96,0.93,0.72,0.32,projected
Medway,2021-07-12,1.00,0.99,0.98,0.96,0.93,0.72,0.32,projected
Medway,2021-07-13,0.99,0.98,0.96,0.93,0.89,0.65,0.29,projected
Medway,2021-07-14,0.99,0.98,0.96,0.93,0.89,0.65,0.29,projected
Medway,2021-07-15,0.99,0.98,0.96,0.93,0.89,0.65,0.29,projected
Medway,2021-07-16,0.99,0.98,0.96,0.93,0.89,0.65,0.29,projected
Medway,2021-07-17,0.99,0.98,0.96,0.93,0.89,0.65,0.29,projected
Medway,2021-07-18,0.99,0.98,0.96,0.93,0.89,0.65,0.29,projected
Medway,2021-07-19,0.99,0.98,0.96,0.93,0.89,0.65,0.29,projected
Medway,2021-07-20,0.99,0.97,0.94,0.90,0.85,0.63,0.29,projected
Medway,2021-07-21,0.99,0.97,0.94,0.90,0.85,0.63,0.29,projected
Medway,2021-07-22,0.99,0.97,0.94,0.90,0.85,0.63,0.29,projected
Medway,2021-07-23,0.99,0.97,0.94,0.90,0.85,0.63,0.29,projected
Medway,2021-07-24,0.99,0.97,0.94,0.90,0.85,0.63,0.29,projected
Medway,2021-07-25,0.99,0.97,0.94,0.90,0.85,0.63,0.29,projected
Medway,2021-07-26,0.99,0.97,0.94,0.90,0.85,0.63,0.29,projected
Melton,2021-03-23,0.24,0.08,0.02,0.00,0.00,0.00,0.00,inferred
Melton,2021-03-24,0.24,0.08,0.02,0.00,0.00,0.00,0.00,inferred
Melton,2021-03-25,0.24,0.08,0.02,0.00,0.00,0.00,0.00,inferred
Melton,2021-03-26,0.24,0.08,0.02,0.00,0.00,0.00,0.00,inferred
Melton,2021-03-27,0.24,0.08,0.02,0.00,0.00,0.00,0.00,inferred
Melton,2021-03-28,0.24,0.08,0.02,0.00,0.00,0.00,0.00,inferred
Melton,2021-03-29,0.24,0.08,0.02,0.00,0.00,0.00,0.00,inferred
Melton,2021-03-30,0.58,0.34,0.16,0.06,0.02,0.00,0.00,inferred
Melton,2021-03-31,0.58,0.34,0.16,0.06,0.02,0.00,0.00,inferred
Melton,2021-04-01,0.58,0.34,0.16,0.06,0.02,0.00,0.00,inferred
Melton,2021-04-02,0.58,0.34,0.16,0.06,0.02,0.00,0.00,inferred
Melton,2021-04-03,0.58,0.34,0.16,0.06,0.02,0.00,0.00,inferred
Melton,2021-04-04,0.58,0.34,0.16,0.06,0.02,0.00,0.00,inferred
Melton,2021-04-05,0.58,0.34,0.16,0.06,0.02,0.00,0.00,inferred
Melton,2021-04-06,0.04,0.01,0.00,0.00,0.00,0.00,0.00,inferred
Melton,2021-04-07,0.04,0.01,0.00,0.00,0.00,0.00,0.00,inferred
Melton,2021-04-08,0.04,0.01,0.00,0.00,0.00,0.00,0.00,inferred
Melton,2021-04-09,0.04,0.01,0.00,0.00,0.00,0.00,0.00,inferred
Melton,2021-04-10,0.04,0.01,0.00,0.00,0.00,0.00,0.00,inferred
Melton,2021-04-11,0.04,0.01,0.00,0.00,0.00,0.00,0.00,inferred
Melton,2021-04-12,0.04,0.01,0.00,0.00,0.00,0.00,0.00,inferred
Melton,2021-04-13,0.09,0.03,0.01,0.00,0.00,0.00,0.00,inferred
Melton,2021-04-14,0.09,0.03,0.01,0.00,0.00,0.00,0.00,inferred
Melton,2021-04-15,0.09,0.03,0.01,0.00,0.00,0.00,0.00,inferred
Melton,2021-04-16,0.09,0.03,0.01,0.00,0.00,0.00,0.00,inferred
Melton,2021-04-17,0.09,0.03,0.01,0.00,0.00,0.00,0.00,inferred
Melton,2021-04-18,0.09,0.03,0.01,0.00,0.00,0.00,0.00,inferred
Melton,2021-04-19,0.09,0.03,0.01,0.00,0.00,0.00,0.00,inferred
Melton,2021-04-20,0.65,0.48,0.33,0.21,0.12,0.02,0.00,inferred
Melton,2021-04-21,0.65,0.48,0.33,0.21,0.12,0.02,0.00,inferred
Melton,2021-04-22,0.65,0.48,0.33,0.21,0.12,0.02,0.00,inferred
Melton,2021-04-23,0.65,0.48,0.33,0.21,0.12,0.02,0.00,inferred
Melton,2021-04-24,0.65,0.48,0.33,0.21,0.12,0.02,0.00,inferred
Melton,2021-04-25,0.65,0.48,0.33,0.21,0.12,0.02,0.00,inferred
Melton,2021-04-26,0.65,0.48,0.33,0.21,0.12,0.02,0.00,inferred
Melton,2021-04-27,0.99,0.98,0.96,0.90,0.83,0.46,0.06,inferred
Melton,2021-04-28,0.99,0.98,0.96,0.90,0.83,0.46,0.06,inferred
Melton,2021-04-29,0.99,0.98,0.96,0.90,0.83,0.46,0.06,inferred
Melton,2021-04-30,0.99,0.98,0.96,0.90,0.83,0.46,0.06,inferred
Melton,2021-05-01,0.99,0.98,0.96,0.90,0.83,0.46,0.06,inferred
Melton,2021-05-02,0.99,0.98,0.96,0.90,0.83,0.46,0.06,inferred
Melton,2021-05-03,0.99,0.98,0.96,0.90,0.83,0.46,0.06,inferred
Melton,2021-05-04,0.64,0.48,0.31,0.19,0.10,0.01,0.00,inferred
Melton,2021-05-05,0.64,0.48,0.31,0.19,0.10,0.01,0.00,inferred
Melton,2021-05-06,0.64,0.48,0.31,0.19,0.10,0.01,0.00,inferred
Melton,2021-05-07,0.64,0.48,0.31,0.19,0.10,0.01,0.00,inferred
Melton,2021-05-08,0.64,0.48,0.31,0.19,0.10,0.01,0.00,inferred
Melton,2021-05-09,0.64,0.48,0.31,0.19,0.10,0.01,0.00,inferred
Melton,2021-05-10,0.64,0.48,0.31,0.19,0.10,0.01,0.00,inferred
Melton,2021-05-11,0.72,0.56,0.37,0.24,0.14,0.02,0.00,inferred
Melton,2021-05-12,0.72,0.56,0.37,0.24,0.14,0.02,0.00,inferred
Melton,2021-05-13,0.72,0.56,0.37,0.24,0.14,0.02,0.00,inferred
Melton,2021-05-14,0.72,0.56,0.37,0.24,0.14,0.02,0.00,inferred
Melton,2021-05-15,0.72,0.56,0.37,0.24,0.14,0.02,0.00,inferred
Melton,2021-05-16,0.72,0.56,0.37,0.24,0.14,0.02,0.00,inferred
Melton,2021-05-17,0.72,0.56,0.37,0.24,0.14,0.02,0.00,inferred
Melton,2021-05-18,0.96,0.91,0.81,0.69,0.54,0.18,0.01,inferred
Melton,2021-05-19,0.96,0.91,0.81,0.69,0.54,0.18,0.01,inferred
Melton,2021-05-20,0.96,0.91,0.81,0.69,0.54,0.18,0.01,inferred
Melton,2021-05-21,0.96,0.91,0.81,0.69,0.54,0.18,0.01,inferred
Melton,2021-05-22,0.96,0.91,0.81,0.69,0.54,0.18,0.01,inferred
Melton,2021-05-23,0.96,0.91,0.81,0.69,0.54,0.18,0.01,inferred
Melton,2021-05-24,0.96,0.91,0.81,0.69,0.54,0.18,0.01,inferred
Melton,2021-05-25,0.99,0.97,0.93,0.86,0.74,0.34,0.03,inferred
Melton,2021-05-26,0.99,0.97,0.93,0.86,0.74,0.34,0.03,inferred
Melton,2021-05-27,0.99,0.97,0.93,0.86,0.74,0.34,0.03,inferred
Melton,2021-05-28,0.99,0.97,0.93,0.86,0.74,0.34,0.03,inferred
Melton,2021-05-29,0.99,0.97,0.93,0.86,0.74,0.34,0.03,inferred
Melton,2021-05-30,0.99,0.97,0.93,0.86,0.74,0.34,0.03,inferred
Melton,2021-05-31,0.99,0.97,0.93,0.86,0.74,0.34,0.03,inferred
Melton,2021-06-01,0.99,0.97,0.92,0.84,0.73,0.30,0.02,inferred
Melton,2021-06-02,0.99,0.97,0.92,0.84,0.73,0.30,0.02,inferred
Melton,2021-06-03,0.99,0.97,0.92,0.84,0.73,0.30,0.02,inferred
Melton,2021-06-04,0.99,0.97,0.92,0.84,0.73,0.30,0.02,inferred
Melton,2021-06-05,0.99,0.97,0.92,0.84,0.73,0.30,0.02,inferred
Melton,2021-06-06,0.99,0.97,0.92,0.84,0.73,0.30,0.02,inferred
Melton,2021-06-07,0.99,0.97,0.92,0.84,0.73,0.30,0.02,inferred
Melton,2021-06-08,1.00,1.00,0.98,0.96,0.89,0.48,0.05,inferred
Melton,2021-06-09,1.00,1.00,0.98,0.96,0.89,0.48,0.05,inferred
Melton,2021-06-10,1.00,1.00,0.98,0.96,0.89,0.48,0.05,inferred
Melton,2021-06-11,1.00,1.00,0.98,0.96,0.89,0.48,0.05,inferred
Melton,2021-06-12,1.00,1.00,0.98,0.96,0.89,0.48,0.05,inferred
Melton,2021-06-13,1.00,1.00,0.98,0.96,0.89,0.48,0.05,inferred
Melton,2021-06-14,1.00,1.00,0.98,0.96,0.89,0.48,0.05,inferred
Melton,2021-06-15,1.00,1.00,1.00,1.00,0.98,0.76,0.14,inferred
Melton,2021-06-16,1.00,1.00,1.00,1.00,0.98,0.76,0.14,inferred
Melton,2021-06-17,1.00,1.00,1.00,1.00,0.98,0.76,0.14,inferred
Melton,2021-06-18,1.00,1.00,1.00,1.00,0.98,0.76,0.14,inferred
Melton,2021-06-19,1.00,1.00,1.00,1.00,0.98,0.76,0.14,inferred
Melton,2021-06-20,1.00,1.00,1.00,1.00,0.98,0.76,0.14,inferred
Melton,2021-06-21,1.00,1.00,1.00,1.00,0.98,0.76,0.14,inferred
Melton,2021-06-22,1.00,1.00,1.00,0.99,0.98,0.74,0.13,inferred
Melton,2021-06-23,1.00,1.00,1.00,0.99,0.98,0.74,0.13,inferred
Melton,2021-06-24,1.00,1.00,1.00,0.99,0.98,0.74,0.13,inferred
Melton,2021-06-25,1.00,1.00,1.00,0.99,0.98,0.74,0.13,inferred
Melton,2021-06-26,1.00,1.00,1.00,0.99,0.98,0.74,0.13,inferred
Melton,2021-06-27,1.00,1.00,1.00,0.99,0.98,0.74,0.13,inferred
Melton,2021-06-28,1.00,1.00,1.00,0.99,0.98,0.74,0.13,inferred
Melton,2021-06-29,1.00,1.00,0.98,0.94,0.87,0.58,0.12,inferred
Melton,2021-06-30,1.00,1.00,0.98,0.94,0.87,0.58,0.12,inferred
Melton,2021-07-01,1.00,1.00,0.98,0.94,0.87,0.58,0.12,inferred
Melton,2021-07-02,1.00,1.00,0.98,0.94,0.87,0.58,0.12,inferred
Melton,2021-07-03,1.00,1.00,0.98,0.94,0.87,0.58,0.12,inferred
Melton,2021-07-04,1.00,1.00,0.98,0.94,0.87,0.58,0.12,inferred
Melton,2021-07-05,1.00,1.00,0.98,0.94,0.87,0.58,0.12,inferred
Melton,2021-07-06,0.98,0.96,0.92,0.85,0.76,0.46,0.13,projected
Melton,2021-07-07,0.98,0.96,0.92,0.85,0.76,0.46,0.13,projected
Melton,2021-07-08,0.98,0.96,0.92,0.85,0.76,0.46,0.13,projected
Melton,2021-07-09,0.98,0.96,0.92,0.85,0.76,0.46,0.13,projected
Melton,2021-07-10,0.98,0.96,0.92,0.85,0.76,0.46,0.13,projected
Melton,2021-07-11,0.98,0.96,0.92,0.85,0.76,0.46,0.13,projected
Melton,2021-07-12,0.98,0.96,0.92,0.85,0.76,0.46,0.13,projected
Melton,2021-07-13,0.97,0.93,0.88,0.81,0.72,0.47,0.16,projected
Melton,2021-07-14,0.97,0.93,0.88,0.81,0.72,0.47,0.16,projected
Melton,2021-07-15,0.97,0.93,0.88,0.81,0.72,0.47,0.16,projected
Melton,2021-07-16,0.97,0.93,0.88,0.81,0.72,0.47,0.16,projected
Melton,2021-07-17,0.97,0.93,0.88,0.81,0.72,0.47,0.16,projected
Melton,2021-07-18,0.97,0.93,0.88,0.81,0.72,0.47,0.16,projected
Melton,2021-07-19,0.97,0.93,0.88,0.81,0.72,0.47,0.16,projected
Melton,2021-07-20,0.95,0.92,0.87,0.81,0.74,0.48,0.20,projected
Melton,2021-07-21,0.95,0.92,0.87,0.81,0.74,0.48,0.20,projected
Melton,2021-07-22,0.95,0.92,0.87,0.81,0.74,0.48,0.20,projected
Melton,2021-07-23,0.95,0.92,0.87,0.81,0.74,0.48,0.20,projected
Melton,2021-07-24,0.95,0.92,0.87,0.81,0.74,0.48,0.20,projected
Melton,2021-07-25,0.95,0.92,0.87,0.81,0.74,0.48,0.20,projected
Melton,2021-07-26,0.95,0.92,0.87,0.81,0.74,0.48,0.20,projected
Mendip,2021-03-23,0.43,0.27,0.14,0.07,0.03,0.00,0.00,inferred
Mendip,2021-03-24,0.43,0.27,0.14,0.07,0.03,0.00,0.00,inferred
Mendip,2021-03-25,0.43,0.27,0.14,0.07,0.03,0.00,0.00,inferred
Mendip,2021-03-26,0.43,0.27,0.14,0.07,0.03,0.00,0.00,inferred
Mendip,2021-03-27,0.43,0.27,0.14,0.07,0.03,0.00,0.00,inferred
Mendip,2021-03-28,0.43,0.27,0.14,0.07,0.03,0.00,0.00,inferred
Mendip,2021-03-29,0.43,0.27,0.14,0.07,0.03,0.00,0.00,inferred
Mendip,2021-03-30,0.94,0.87,0.75,0.60,0.46,0.13,0.00,inferred
Mendip,2021-03-31,0.94,0.87,0.75,0.60,0.46,0.13,0.00,inferred
Mendip,2021-04-01,0.94,0.87,0.75,0.60,0.46,0.13,0.00,inferred
Mendip,2021-04-02,0.94,0.87,0.75,0.60,0.46,0.13,0.00,inferred
Mendip,2021-04-03,0.94,0.87,0.75,0.60,0.46,0.13,0.00,inferred
Mendip,2021-04-04,0.94,0.87,0.75,0.60,0.46,0.13,0.00,inferred
Mendip,2021-04-05,0.94,0.87,0.75,0.60,0.46,0.13,0.00,inferred
Mendip,2021-04-06,0.67,0.49,0.33,0.20,0.11,0.01,0.00,inferred
Mendip,2021-04-07,0.67,0.49,0.33,0.20,0.11,0.01,0.00,inferred
Mendip,2021-04-08,0.67,0.49,0.33,0.20,0.11,0.01,0.00,inferred
Mendip,2021-04-09,0.67,0.49,0.33,0.20,0.11,0.01,0.00,inferred
Mendip,2021-04-10,0.67,0.49,0.33,0.20,0.11,0.01,0.00,inferred
Mendip,2021-04-11,0.67,0.49,0.33,0.20,0.11,0.01,0.00,inferred
Mendip,2021-04-12,0.67,0.49,0.33,0.20,0.11,0.01,0.00,inferred
Mendip,2021-04-13,0.61,0.41,0.27,0.16,0.08,0.01,0.00,inferred
Mendip,2021-04-14,0.61,0.41,0.27,0.16,0.08,0.01,0.00,inferred
Mendip,2021-04-15,0.61,0.41,0.27,0.16,0.08,0.01,0.00,inferred
Mendip,2021-04-16,0.61,0.41,0.27,0.16,0.08,0.01,0.00,inferred
Mendip,2021-04-17,0.61,0.41,0.27,0.16,0.08,0.01,0.00,inferred
Mendip,2021-04-18,0.61,0.41,0.27,0.16,0.08,0.01,0.00,inferred
Mendip,2021-04-19,0.61,0.41,0.27,0.16,0.08,0.01,0.00,inferred
Mendip,2021-04-20,0.36,0.20,0.12,0.05,0.02,0.00,0.00,inferred
Mendip,2021-04-21,0.36,0.20,0.12,0.05,0.02,0.00,0.00,inferred
Mendip,2021-04-22,0.36,0.20,0.12,0.05,0.02,0.00,0.00,inferred
Mendip,2021-04-23,0.36,0.20,0.12,0.05,0.02,0.00,0.00,inferred
Mendip,2021-04-24,0.36,0.20,0.12,0.05,0.02,0.00,0.00,inferred
Mendip,2021-04-25,0.36,0.20,0.12,0.05,0.02,0.00,0.00,inferred
Mendip,2021-04-26,0.36,0.20,0.12,0.05,0.02,0.00,0.00,inferred
Mendip,2021-04-27,0.66,0.49,0.34,0.22,0.13,0.02,0.00,inferred
Mendip,2021-04-28,0.66,0.49,0.34,0.22,0.13,0.02,0.00,inferred
Mendip,2021-04-29,0.66,0.49,0.34,0.22,0.13,0.02,0.00,inferred
Mendip,2021-04-30,0.66,0.49,0.34,0.22,0.13,0.02,0.00,inferred
Mendip,2021-05-01,0.66,0.49,0.34,0.22,0.13,0.02,0.00,inferred
Mendip,2021-05-02,0.66,0.49,0.34,0.22,0.13,0.02,0.00,inferred
Mendip,2021-05-03,0.66,0.49,0.34,0.22,0.13,0.02,0.00,inferred
Mendip,2021-05-04,0.23,0.11,0.05,0.02,0.01,0.00,0.00,inferred
Mendip,2021-05-05,0.23,0.11,0.05,0.02,0.01,0.00,0.00,inferred
Mendip,2021-05-06,0.23,0.11,0.05,0.02,0.01,0.00,0.00,inferred
Mendip,2021-05-07,0.23,0.11,0.05,0.02,0.01,0.00,0.00,inferred
Mendip,2021-05-08,0.23,0.11,0.05,0.02,0.01,0.00,0.00,inferred
Mendip,2021-05-09,0.23,0.11,0.05,0.02,0.01,0.00,0.00,inferred
Mendip,2021-05-10,0.23,0.11,0.05,0.02,0.01,0.00,0.00,inferred
Mendip,2021-05-11,0.37,0.23,0.14,0.08,0.05,0.01,0.00,inferred
Mendip,2021-05-12,0.37,0.23,0.14,0.08,0.05,0.01,0.00,inferred
Mendip,2021-05-13,0.37,0.23,0.14,0.08,0.05,0.01,0.00,inferred
Mendip,2021-05-14,0.37,0.23,0.14,0.08,0.05,0.01,0.00,inferred
Mendip,2021-05-15,0.37,0.23,0.14,0.08,0.05,0.01,0.00,inferred
Mendip,2021-05-16,0.37,0.23,0.14,0.08,0.05,0.01,0.00,inferred
Mendip,2021-05-17,0.37,0.23,0.14,0.08,0.05,0.01,0.00,inferred
Mendip,2021-05-18,0.68,0.54,0.40,0.26,0.17,0.03,0.00,inferred
Mendip,2021-05-19,0.68,0.54,0.40,0.26,0.17,0.03,0.00,inferred
Mendip,2021-05-20,0.68,0.54,0.40,0.26,0.17,0.03,0.00,inferred
Mendip,2021-05-21,0.68,0.54,0.40,0.26,0.17,0.03,0.00,inferred
Mendip,2021-05-22,0.68,0.54,0.40,0.26,0.17,0.03,0.00,inferred
Mendip,2021-05-23,0.68,0.54,0.40,0.26,0.17,0.03,0.00,inferred
Mendip,2021-05-24,0.68,0.54,0.40,0.26,0.17,0.03,0.00,inferred
Mendip,2021-05-25,0.95,0.91,0.85,0.77,0.66,0.36,0.08,inferred
Mendip,2021-05-26,0.95,0.91,0.85,0.77,0.66,0.36,0.08,inferred
Mendip,2021-05-27,0.95,0.91,0.85,0.77,0.66,0.36,0.08,inferred
Mendip,2021-05-28,0.95,0.91,0.85,0.77,0.66,0.36,0.08,inferred
Mendip,2021-05-29,0.95,0.91,0.85,0.77,0.66,0.36,0.08,inferred
Mendip,2021-05-30,0.95,0.91,0.85,0.77,0.66,0.36,0.08,inferred
Mendip,2021-05-31,0.95,0.91,0.85,0.77,0.66,0.36,0.08,inferred
Mendip,2021-06-01,1.00,1.00,1.00,1.00,0.99,0.95,0.70,inferred
Mendip,2021-06-02,1.00,1.00,1.00,1.00,0.99,0.95,0.70,inferred
Mendip,2021-06-03,1.00,1.00,1.00,1.00,0.99,0.95,0.70,inferred
Mendip,2021-06-04,1.00,1.00,1.00,1.00,0.99,0.95,0.70,inferred
Mendip,2021-06-05,1.00,1.00,1.00,1.00,0.99,0.95,0.70,inferred
Mendip,2021-06-06,1.00,1.00,1.00,1.00,0.99,0.95,0.70,inferred
Mendip,2021-06-07,1.00,1.00,1.00,1.00,0.99,0.95,0.70,inferred
Mendip,2021-06-08,1.00,1.00,1.00,1.00,1.00,0.97,0.77,inferred
Mendip,2021-06-09,1.00,1.00,1.00,1.00,1.00,0.97,0.77,inferred
Mendip,2021-06-10,1.00,1.00,1.00,1.00,1.00,0.97,0.77,inferred
Mendip,2021-06-11,1.00,1.00,1.00,1.00,1.00,0.97,0.77,inferred
Mendip,2021-06-12,1.00,1.00,1.00,1.00,1.00,0.97,0.77,inferred
Mendip,2021-06-13,1.00,1.00,1.00,1.00,1.00,0.97,0.77,inferred
Mendip,2021-06-14,1.00,1.00,1.00,1.00,1.00,0.97,0.77,inferred
Mendip,2021-06-15,1.00,1.00,0.99,0.98,0.94,0.69,0.18,inferred
Mendip,2021-06-16,1.00,1.00,0.99,0.98,0.94,0.69,0.18,inferred
Mendip,2021-06-17,1.00,1.00,0.99,0.98,0.94,0.69,0.18,inferred
Mendip,2021-06-18,1.00,1.00,0.99,0.98,0.94,0.69,0.18,inferred
Mendip,2021-06-19,1.00,1.00,0.99,0.98,0.94,0.69,0.18,inferred
Mendip,2021-06-20,1.00,1.00,0.99,0.98,0.94,0.69,0.18,inferred
Mendip,2021-06-21,1.00,1.00,0.99,0.98,0.94,0.69,0.18,inferred
Mendip,2021-06-22,1.00,1.00,1.00,1.00,1.00,0.88,0.31,inferred
Mendip,2021-06-23,1.00,1.00,1.00,1.00,1.00,0.88,0.31,inferred
Mendip,2021-06-24,1.00,1.00,1.00,1.00,1.00,0.88,0.31,inferred
Mendip,2021-06-25,1.00,1.00,1.00,1.00,1.00,0.88,0.31,inferred
Mendip,2021-06-26,1.00,1.00,1.00,1.00,1.00,0.88,0.31,inferred
Mendip,2021-06-27,1.00,1.00,1.00,1.00,1.00,0.88,0.31,inferred
Mendip,2021-06-28,1.00,1.00,1.00,1.00,1.00,0.88,0.31,inferred
Mendip,2021-06-29,1.00,0.99,0.97,0.93,0.88,0.62,0.20,inferred
Mendip,2021-06-30,1.00,0.99,0.97,0.93,0.88,0.62,0.20,inferred
Mendip,2021-07-01,1.00,0.99,0.97,0.93,0.88,0.62,0.20,inferred
Mendip,2021-07-02,1.00,0.99,0.97,0.93,0.88,0.62,0.20,inferred
Mendip,2021-07-03,1.00,0.99,0.97,0.93,0.88,0.62,0.20,inferred
Mendip,2021-07-04,1.00,0.99,0.97,0.93,0.88,0.62,0.20,inferred
Mendip,2021-07-05,1.00,0.99,0.97,0.93,0.88,0.62,0.20,inferred
Mendip,2021-07-06,0.97,0.94,0.88,0.81,0.72,0.50,0.22,projected
Mendip,2021-07-07,0.97,0.94,0.88,0.81,0.72,0.50,0.22,projected
Mendip,2021-07-08,0.97,0.94,0.88,0.81,0.72,0.50,0.22,projected
Mendip,2021-07-09,0.97,0.94,0.88,0.81,0.72,0.50,0.22,projected
Mendip,2021-07-10,0.97,0.94,0.88,0.81,0.72,0.50,0.22,projected
Mendip,2021-07-11,0.97,0.94,0.88,0.81,0.72,0.50,0.22,projected
Mendip,2021-07-12,0.97,0.94,0.88,0.81,0.72,0.50,0.22,projected
Mendip,2021-07-13,0.93,0.88,0.82,0.76,0.70,0.47,0.22,projected
Mendip,2021-07-14,0.93,0.88,0.82,0.76,0.70,0.47,0.22,projected
Mendip,2021-07-15,0.93,0.88,0.82,0.76,0.70,0.47,0.22,projected
Mendip,2021-07-16,0.93,0.88,0.82,0.76,0.70,0.47,0.22,projected
Mendip,2021-07-17,0.93,0.88,0.82,0.76,0.70,0.47,0.22,projected
Mendip,2021-07-18,0.93,0.88,0.82,0.76,0.70,0.47,0.22,projected
Mendip,2021-07-19,0.93,0.88,0.82,0.76,0.70,0.47,0.22,projected
Mendip,2021-07-20,0.93,0.88,0.83,0.76,0.69,0.49,0.26,projected
Mendip,2021-07-21,0.93,0.88,0.83,0.76,0.69,0.49,0.26,projected
Mendip,2021-07-22,0.93,0.88,0.83,0.76,0.69,0.49,0.26,projected
Mendip,2021-07-23,0.93,0.88,0.83,0.76,0.69,0.49,0.26,projected
Mendip,2021-07-24,0.93,0.88,0.83,0.76,0.69,0.49,0.26,projected
Mendip,2021-07-25,0.93,0.88,0.83,0.76,0.69,0.49,0.26,projected
Mendip,2021-07-26,0.93,0.88,0.83,0.76,0.69,0.49,0.26,projected
Merthyr Tydfil,2021-03-23,0.00,0.00,0.00,0.00,0.00,0.00,0.00,inferred
Merthyr Tydfil,2021-03-24,0.00,0.00,0.00,0.00,0.00,0.00,0.00,inferred
Merthyr Tydfil,2021-03-25,0.00,0.00,0.00,0.00,0.00,0.00,0.00,inferred
Merthyr Tydfil,2021-03-26,0.00,0.00,0.00,0.00,0.00,0.00,0.00,inferred
Merthyr Tydfil,2021-03-27,0.00,0.00,0.00,0.00,0.00,0.00,0.00,inferred
Merthyr Tydfil,2021-03-28,0.00,0.00,0.00,0.00,0.00,0.00,0.00,inferred
Merthyr Tydfil,2021-03-29,0.00,0.00,0.00,0.00,0.00,0.00,0.00,inferred
Merthyr Tydfil,2021-03-30,0.00,0.00,0.00,0.00,0.00,0.00,0.00,inferred
Merthyr Tydfil,2021-03-31,0.00,0.00,0.00,0.00,0.00,0.00,0.00,inferred
Merthyr Tydfil,2021-04-01,0.00,0.00,0.00,0.00,0.00,0.00,0.00,inferred
Merthyr Tydfil,2021-04-02,0.00,0.00,0.00,0.00,0.00,0.00,0.00,inferred
Merthyr Tydfil,2021-04-03,0.00,0.00,0.00,0.00,0.00,0.00,0.00,inferred
Merthyr Tydfil,2021-04-04,0.00,0.00,0.00,0.00,0.00,0.00,0.00,inferred
Merthyr Tydfil,2021-04-05,0.00,0.00,0.00,0.00,0.00,0.00,0.00,inferred
Merthyr Tydfil,2021-04-06,0.08,0.03,0.02,0.00,0.00,0.00,0.00,inferred
Merthyr Tydfil,2021-04-07,0.08,0.03,0.02,0.00,0.00,0.00,0.00,inferred
Merthyr Tydfil,2021-04-08,0.08,0.03,0.02,0.00,0.00,0.00,0.00,inferred
Merthyr Tydfil,2021-04-09,0.08,0.03,0.02,0.00,0.00,0.00,0.00,inferred
Merthyr Tydfil,2021-04-10,0.08,0.03,0.02,0.00,0.00,0.00,0.00,inferred
Merthyr Tydfil,2021-04-11,0.08,0.03,0.02,0.00,0.00,0.00,0.00,inferred
Merthyr Tydfil,2021-04-12,0.08,0.03,0.02,0.00,0.00,0.00,0.00,inferred
Merthyr Tydfil,2021-04-13,0.39,0.25,0.15,0.09,0.05,0.01,0.00,inferred
Merthyr Tydfil,2021-04-14,0.39,0.25,0.15,0.09,0.05,0.01,0.00,inferred
Merthyr Tydfil,2021-04-15,0.39,0.25,0.15,0.09,0.05,0.01,0.00,inferred
Merthyr Tydfil,2021-04-16,0.39,0.25,0.15,0.09,0.05,0.01,0.00,inferred
Merthyr Tydfil,2021-04-17,0.39,0.25,0.15,0.09,0.05,0.01,0.00,inferred
Merthyr Tydfil,2021-04-18,0.39,0.25,0.15,0.09,0.05,0.01,0.00,inferred
Merthyr Tydfil,2021-04-19,0.39,0.25,0.15,0.09,0.05,0.01,0.00,inferred
Merthyr Tydfil,2021-04-20,0.60,0.46,0.33,0.22,0.13,0.03,0.00,inferred
Merthyr Tydfil,2021-04-21,0.60,0.46,0.33,0.22,0.13,0.03,0.00,inferred
Merthyr Tydfil,2021-04-22,0.60,0.46,0.33,0.22,0.13,0.03,0.00,inferred
Merthyr Tydfil,2021-04-23,0.60,0.46,0.33,0.22,0.13,0.03,0.00,inferred
Merthyr Tydfil,2021-04-24,0.60,0.46,0.33,0.22,0.13,0.03,0.00,inferred
Merthyr Tydfil,2021-04-25,0.60,0.46,0.33,0.22,0.13,0.03,0.00,inferred
Merthyr Tydfil,2021-04-26,0.60,0.46,0.33,0.22,0.13,0.03,0.00,inferred
Merthyr Tydfil,2021-04-27,0.74,0.59,0.43,0.30,0.20,0.04,0.00,inferred
Merthyr Tydfil,2021-04-28,0.74,0.59,0.43,0.30,0.20,0.04,0.00,inferred
Merthyr Tydfil,2021-04-29,0.74,0.59,0.43,0.30,0.20,0.04,0.00,inferred
Merthyr Tydfil,2021-04-30,0.74,0.59,0.43,0.30,0.20,0.04,0.00,inferred
Merthyr Tydfil,2021-05-01,0.74,0.59,0.43,0.30,0.20,0.04,0.00,inferred
Merthyr Tydfil,2021-05-02,0.74,0.59,0.43,0.30,0.20,0.04,0.00,inferred
Merthyr Tydfil,2021-05-03,0.74,0.59,0.43,0.30,0.20,0.04,0.00,inferred
Merthyr Tydfil,2021-05-04,0.57,0.43,0.29,0.20,0.13,0.03,0.00,inferred
Merthyr Tydfil,2021-05-05,0.57,0.43,0.29,0.20,0.13,0.03,0.00,inferred
Merthyr Tydfil,2021-05-06,0.57,0.43,0.29,0.20,0.13,0.03,0.00,inferred
Merthyr Tydfil,2021-05-07,0.57,0.43,0.29,0.20,0.13,0.03,0.00,inferred
Merthyr Tydfil,2021-05-08,0.57,0.43,0.29,0.20,0.13,0.03,0.00,inferred
Merthyr Tydfil,2021-05-09,0.57,0.43,0.29,0.20,0.13,0.03,0.00,inferred
Merthyr Tydfil,2021-05-10,0.57,0.43,0.29,0.20,0.13,0.03,0.00,inferred
Merthyr Tydfil,2021-05-11,0.58,0.43,0.30,0.20,0.12,0.02,0.00,inferred
Merthyr Tydfil,2021-05-12,0.58,0.43,0.30,0.20,0.12,0.02,0.00,inferred
Merthyr Tydfil,2021-05-13,0.58,0.43,0.30,0.20,0.12,0.02,0.00,inferred
Merthyr Tydfil,2021-05-14,0.58,0.43,0.30,0.20,0.12,0.02,0.00,inferred
Merthyr Tydfil,2021-05-15,0.58,0.43,0.30,0.20,0.12,0.02,0.00,inferred
Merthyr Tydfil,2021-05-16,0.58,0.43,0.30,0.20,0.12,0.02,0.00,inferred
Merthyr Tydfil,2021-05-17,0.58,0.43,0.30,0.20,0.12,0.02,0.00,inferred
Merthyr Tydfil,2021-05-18,0.63,0.48,0.34,0.23,0.16,0.04,0.00,inferred
Merthyr Tydfil,2021-05-19,0.63,0.48,0.34,0.23,0.16,0.04,0.00,inferred
Merthyr Tydfil,2021-05-20,0.63,0.48,0.34,0.23,0.16,0.04,0.00,inferred
Merthyr Tydfil,2021-05-21,0.63,0.48,0.34,0.23,0.16,0.04,0.00,inferred
Merthyr Tydfil,2021-05-22,0.63,0.48,0.34,0.23,0.16,0.04,0.00,inferred
Merthyr Tydfil,2021-05-23,0.63,0.48,0.34,0.23,0.16,0.04,0.00,inferred
Merthyr Tydfil,2021-05-24,0.63,0.48,0.34,0.23,0.16,0.04,0.00,inferred
Merthyr Tydfil,2021-05-25,0.92,0.85,0.76,0.65,0.54,0.23,0.03,inferred
Merthyr Tydfil,2021-05-26,0.92,0.85,0.76,0.65,0.54,0.23,0.03,inferred
Merthyr Tydfil,2021-05-27,0.92,0.85,0.76,0.65,0.54,0.23,0.03,inferred
Merthyr Tydfil,2021-05-28,0.92,0.85,0.76,0.65,0.54,0.23,0.03,inferred
Merthyr Tydfil,2021-05-29,0.92,0.85,0.76,0.65,0.54,0.23,0.03,inferred
Merthyr Tydfil,2021-05-30,0.92,0.85,0.76,0.65,0.54,0.23,0.03,inferred
Merthyr Tydfil,2021-05-31,0.92,0.85,0.76,0.65,0.54,0.23,0.03,inferred
Merthyr Tydfil,2021-06-01,0.96,0.92,0.86,0.76,0.66,0.36,0.09,inferred
Merthyr Tydfil,2021-06-02,0.96,0.92,0.86,0.76,0.66,0.36,0.09,inferred
Merthyr Tydfil,2021-06-03,0.96,0.92,0.86,0.76,0.66,0.36,0.09,inferred
Merthyr Tydfil,2021-06-04,0.96,0.92,0.86,0.76,0.66,0.36,0.09,inferred
Merthyr Tydfil,2021-06-05,0.96,0.92,0.86,0.76,0.66,0.36,0.09,inferred
Merthyr Tydfil,2021-06-06,0.96,0.92,0.86,0.76,0.66,0.36,0.09,inferred
Merthyr Tydfil,2021-06-07,0.96,0.92,0.86,0.76,0.66,0.36,0.09,inferred
Merthyr Tydfil,2021-06-08,0.98,0.96,0.92,0.88,0.81,0.55,0.17,inferred
Merthyr Tydfil,2021-06-09,0.98,0.96,0.92,0.88,0.81,0.55,0.17,inferred
Merthyr Tydfil,2021-06-10,0.98,0.96,0.92,0.88,0.81,0.55,0.17,inferred
Merthyr Tydfil,2021-06-11,0.98,0.96,0.92,0.88,0.81,0.55,0.17,inferred
Merthyr Tydfil,2021-06-12,0.98,0.96,0.92,0.88,0.81,0.55,0.17,inferred
Merthyr Tydfil,2021-06-13,0.98,0.96,0.92,0.88,0.81,0.55,0.17,inferred
Merthyr Tydfil,2021-06-14,0.98,0.96,0.92,0.88,0.81,0.55,0.17,inferred
Merthyr Tydfil,2021-06-15,1.00,1.00,1.00,1.00,0.99,0.95,0.69,inferred
Merthyr Tydfil,2021-06-16,1.00,1.00,1.00,1.00,0.99,0.95,0.69,inferred
Merthyr Tydfil,2021-06-17,1.00,1.00,1.00,1.00,0.99,0.95,0.69,inferred
Merthyr Tydfil,2021-06-18,1.00,1.00,1.00,1.00,0.99,0.95,0.69,inferred
Merthyr Tydfil,2021-06-19,1.00,1.00,1.00,1.00,0.99,0.95,0.69,inferred
Merthyr Tydfil,2021-06-20,1.00,1.00,1.00,1.00,0.99,0.95,0.69,inferred
Merthyr Tydfil,2021-06-21,1.00,1.00,1.00,1.00,0.99,0.95,0.69,inferred
Merthyr Tydfil,2021-06-22,1.00,1.00,1.00,1.00,0.99,0.91,0.58,inferred
Merthyr Tydfil,2021-06-23,1.00,1.00,1.00,1.00,0.99,0.91,0.58,inferred
Merthyr Tydfil,2021-06-24,1.00,1.00,1.00,1.00,0.99,0.91,0.58,inferred
Merthyr Tydfil,2021-06-25,1.00,1.00,1.00,1.00,0.99,0.91,0.58,inferred
Merthyr Tydfil,2021-06-26,1.00,1.00,1.00,1.00,0.99,0.91,0.58,inferred
Merthyr Tydfil,2021-06-27,1.00,1.00,1.00,1.00,0.99,0.91,0.58,inferred
Merthyr Tydfil,2021-06-28,1.00,1.00,1.00,1.00,0.99,0.91,0.58,inferred
Merthyr Tydfil,2021-06-29,0.99,0.98,0.96,0.92,0.86,0.64,0.26,inferred
Merthyr Tydfil,2021-06-30,0.99,0.98,0.96,0.92,0.86,0.64,0.26,inferred
Merthyr Tydfil,2021-07-01,0.99,0.98,0.96,0.92,0.86,0.64,0.26,inferred
Merthyr Tydfil,2021-07-02,0.99,0.98,0.96,0.92,0.86,0.64,0.26,inferred
Merthyr Tydfil,2021-07-03,0.99,0.98,0.96,0.92,0.86,0.64,0.26,inferred
Merthyr Tydfil,2021-07-04,0.99,0.98,0.96,0.92,0.86,0.64,0.26,inferred
Merthyr Tydfil,2021-07-05,0.99,0.98,0.96,0.92,0.86,0.64,0.26,inferred
Merthyr Tydfil,2021-07-06,0.96,0.92,0.87,0.82,0.74,0.51,0.22,projected
Merthyr Tydfil,2021-07-07,0.96,0.92,0.87,0.82,0.74,0.51,0.22,projected
Merthyr Tydfil,2021-07-08,0.96,0.92,0.87,0.82,0.74,0.51,0.22,projected
Merthyr Tydfil,2021-07-09,0.96,0.92,0.87,0.82,0.74,0.51,0.22,projected
Merthyr Tydfil,2021-07-10,0.96,0.92,0.87,0.82,0.74,0.51,0.22,projected
Merthyr Tydfil,2021-07-11,0.96,0.92,0.87,0.82,0.74,0.51,0.22,projected
Merthyr Tydfil,2021-07-12,0.96,0.92,0.87,0.82,0.74,0.51,0.22,projected
Merthyr Tydfil,2021-07-13,0.95,0.90,0.85,0.78,0.72,0.51,0.24,projected
Merthyr Tydfil,2021-07-14,0.95,0.90,0.85,0.78,0.72,0.51,0.24,projected
Merthyr Tydfil,2021-07-15,0.95,0.90,0.85,0.78,0.72,0.51,0.24,projected
Merthyr Tydfil,2021-07-16,0.95,0.90,0.85,0.78,0.72,0.51,0.24,projected
Merthyr Tydfil,2021-07-17,0.95,0.90,0.85,0.78,0.72,0.51,0.24,projected
Merthyr Tydfil,2021-07-18,0.95,0.90,0.85,0.78,0.72,0.51,0.24,projected
Merthyr Tydfil,2021-07-19,0.95,0.90,0.85,0.78,0.72,0.51,0.24,projected
Merthyr Tydfil,2021-07-20,0.94,0.90,0.86,0.80,0.74,0.55,0.29,projected
Merthyr Tydfil,2021-07-21,0.94,0.90,0.86,0.80,0.74,0.55,0.29,projected
Merthyr Tydfil,2021-07-22,0.94,0.90,0.86,0.80,0.74,0.55,0.29,projected
Merthyr Tydfil,2021-07-23,0.94,0.90,0.86,0.80,0.74,0.55,0.29,projected
Merthyr Tydfil,2021-07-24,0.94,0.90,0.86,0.80,0.74,0.55,0.29,projected
Merthyr Tydfil,2021-07-25,0.94,0.90,0.86,0.80,0.74,0.55,0.29,projected
Merthyr Tydfil,2021-07-26,0.94,0.90,0.86,0.80,0.74,0.55,0.29,projected
Merton,2021-03-23,0.01,0.00,0.00,0.00,0.00,0.00,0.00,inferred
Merton,2021-03-24,0.01,0.00,0.00,0.00,0.00,0.00,0.00,inferred
Merton,2021-03-25,0.01,0.00,0.00,0.00,0.00,0.00,0.00,inferred
Merton,2021-03-26,0.01,0.00,0.00,0.00,0.00,0.00,0.00,inferred
Merton,2021-03-27,0.01,0.00,0.00,0.00,0.00,0.00,0.00,inferred
Merton,2021-03-28,0.01,0.00,0.00,0.00,0.00,0.00,0.00,inferred
Merton,2021-03-29,0.01,0.00,0.00,0.00,0.00,0.00,0.00,inferred
Merton,2021-03-30,0.78,0.48,0.24,0.08,0.02,0.00,0.00,inferred
Merton,2021-03-31,0.78,0.48,0.24,0.08,0.02,0.00,0.00,inferred
Merton,2021-04-01,0.78,0.48,0.24,0.08,0.02,0.00,0.00,inferred
Merton,2021-04-02,0.78,0.48,0.24,0.08,0.02,0.00,0.00,inferred
Merton,2021-04-03,0.78,0.48,0.24,0.08,0.02,0.00,0.00,inferred
Merton,2021-04-04,0.78,0.48,0.24,0.08,0.02,0.00,0.00,inferred
Merton,2021-04-05,0.78,0.48,0.24,0.08,0.02,0.00,0.00,inferred
Merton,2021-04-06,0.93,0.76,0.50,0.24,0.08,0.00,0.00,inferred
Merton,2021-04-07,0.93,0.76,0.50,0.24,0.08,0.00,0.00,inferred
Merton,2021-04-08,0.93,0.76,0.50,0.24,0.08,0.00,0.00,inferred
Merton,2021-04-09,0.93,0.76,0.50,0.24,0.08,0.00,0.00,inferred
Merton,2021-04-10,0.93,0.76,0.50,0.24,0.08,0.00,0.00,inferred
Merton,2021-04-11,0.93,0.76,0.50,0.24,0.08,0.00,0.00,inferred
Merton,2021-04-12,0.93,0.76,0.50,0.24,0.08,0.00,0.00,inferred
Merton,2021-04-13,0.85,0.62,0.33,0.12,0.05,0.00,0.00,inferred
Merton,2021-04-14,0.85,0.62,0.33,0.12,0.05,0.00,0.00,inferred
Merton,2021-04-15,0.85,0.62,0.33,0.12,0.05,0.00,0.00,inferred
Merton,2021-04-16,0.85,0.62,0.33,0.12,0.05,0.00,0.00,inferred
Merton,2021-04-17,0.85,0.62,0.33,0.12,0.05,0.00,0.00,inferred
Merton,2021-04-18,0.85,0.62,0.33,0.12,0.05,0.00,0.00,inferred
Merton,2021-04-19,0.85,0.62,0.33,0.12,0.05,0.00,0.00,inferred
Merton,2021-04-20,0.31,0.12,0.04,0.01,0.00,0.00,0.00,inferred
Merton,2021-04-21,0.31,0.12,0.04,0.01,0.00,0.00,0.00,inferred
Merton,2021-04-22,0.31,0.12,0.04,0.01,0.00,0.00,0.00,inferred
Merton,2021-04-23,0.31,0.12,0.04,0.01,0.00,0.00,0.00,inferred
Merton,2021-04-24,0.31,0.12,0.04,0.01,0.00,0.00,0.00,inferred
Merton,2021-04-25,0.31,0.12,0.04,0.01,0.00,0.00,0.00,inferred
Merton,2021-04-26,0.31,0.12,0.04,0.01,0.00,0.00,0.00,inferred
Merton,2021-04-27,0.72,0.45,0.23,0.09,0.03,0.00,0.00,inferred
Merton,2021-04-28,0.72,0.45,0.23,0.09,0.03,0.00,0.00,inferred
Merton,2021-04-29,0.72,0.45,0.23,0.09,0.03,0.00,0.00,inferred
Merton,2021-04-30,0.72,0.45,0.23,0.09,0.03,0.00,0.00,inferred
Merton,2021-05-01,0.72,0.45,0.23,0.09,0.03,0.00,0.00,inferred
Merton,2021-05-02,0.72,0.45,0.23,0.09,0.03,0.00,0.00,inferred
Merton,2021-05-03,0.72,0.45,0.23,0.09,0.03,0.00,0.00,inferred
Merton,2021-05-04,0.81,0.58,0.33,0.16,0.05,0.00,0.00,inferred
Merton,2021-05-05,0.81,0.58,0.33,0.16,0.05,0.00,0.00,inferred
Merton,2021-05-06,0.81,0.58,0.33,0.16,0.05,0.00,0.00,inferred
Merton,2021-05-07,0.81,0.58,0.33,0.16,0.05,0.00,0.00,inferred
Merton,2021-05-08,0.81,0.58,0.33,0.16,0.05,0.00,0.00,inferred
Merton,2021-05-09,0.81,0.58,0.33,0.16,0.05,0.00,0.00,inferred
Merton,2021-05-10,0.81,0.58,0.33,0.16,0.05,0.00,0.00,inferred
Merton,2021-05-11,1.00,0.99,0.94,0.81,0.65,0.15,0.00,inferred
Merton,2021-05-12,1.00,0.99,0.94,0.81,0.65,0.15,0.00,inferred
Merton,2021-05-13,1.00,0.99,0.94,0.81,0.65,0.15,0.00,inferred
Merton,2021-05-14,1.00,0.99,0.94,0.81,0.65,0.15,0.00,inferred
Merton,2021-05-15,1.00,0.99,0.94,0.81,0.65,0.15,0.00,inferred
Merton,2021-05-16,1.00,0.99,0.94,0.81,0.65,0.15,0.00,inferred
Merton,2021-05-17,1.00,0.99,0.94,0.81,0.65,0.15,0.00,inferred
Merton,2021-05-18,1.00,1.00,1.00,1.00,1.00,0.94,0.29,inferred
Merton,2021-05-19,1.00,1.00,1.00,1.00,1.00,0.94,0.29,inferred
Merton,2021-05-20,1.00,1.00,1.00,1.00,1.00,0.94,0.29,inferred
Merton,2021-05-21,1.00,1.00,1.00,1.00,1.00,0.94,0.29,inferred
Merton,2021-05-22,1.00,1.00,1.00,1.00,1.00,0.94,0.29,inferred
Merton,2021-05-23,1.00,1.00,1.00,1.00,1.00,0.94,0.29,inferred
Merton,2021-05-24,1.00,1.00,1.00,1.00,1.00,0.94,0.29,inferred
Merton,2021-05-25,1.00,1.00,1.00,1.00,1.00,0.90,0.21,inferred
Merton,2021-05-26,1.00,1.00,1.00,1.00,1.00,0.90,0.21,inferred
Merton,2021-05-27,1.00,1.00,1.00,1.00,1.00,0.90,0.21,inferred
Merton,2021-05-28,1.00,1.00,1.00,1.00,1.00,0.90,0.21,inferred
Merton,2021-05-29,1.00,1.00,1.00,1.00,1.00,0.90,0.21,inferred
Merton,2021-05-30,1.00,1.00,1.00,1.00,1.00,0.90,0.21,inferred
Merton,2021-05-31,1.00,1.00,1.00,1.00,1.00,0.90,0.21,inferred
Merton,2021-06-01,1.00,1.00,1.00,0.99,0.90,0.31,0.00,inferred
Merton,2021-06-02,1.00,1.00,1.00,0.99,0.90,0.31,0.00,inferred
Merton,2021-06-03,1.00,1.00,1.00,0.99,0.90,0.31,0.00,inferred
Merton,2021-06-04,1.00,1.00,1.00,0.99,0.90,0.31,0.00,inferred
Merton,2021-06-05,1.00,1.00,1.00,0.99,0.90,0.31,0.00,inferred
Merton,2021-06-06,1.00,1.00,1.00,0.99,0.90,0.31,0.00,inferred
Merton,2021-06-07,1.00,1.00,1.00,0.99,0.90,0.31,0.00,inferred
Merton,2021-06-08,1.00,0.96,0.73,0.37,0.11,0.00,0.00,inferred
Merton,2021-06-09,1.00,0.96,0.73,0.37,0.11,0.00,0.00,inferred
Merton,2021-06-10,1.00,0.96,0.73,0.37,0.11,0.00,0.00,inferred
Merton,2021-06-11,1.00,0.96,0.73,0.37,0.11,0.00,0.00,inferred
Merton,2021-06-12,1.00,0.96,0.73,0.37,0.11,0.00,0.00,inferred
Merton,2021-06-13,1.00,0.96,0.73,0.37,0.11,0.00,0.00,inferred
Merton,2021-06-14,1.00,0.96,0.73,0.37,0.11,0.00,0.00,inferred
Merton,2021-06-15,1.00,1.00,1.00,1.00,1.00,0.53,0.00,inferred
Merton,2021-06-16,1.00,1.00,1.00,1.00,1.00,0.53,0.00,inferred
Merton,2021-06-17,1.00,1.00,1.00,1.00,1.00,0.53,0.00,inferred
Merton,2021-06-18,1.00,1.00,1.00,1.00,1.00,0.53,0.00,inferred
Merton,2021-06-19,1.00,1.00,1.00,1.00,1.00,0.53,0.00,inferred
Merton,2021-06-20,1.00,1.00,1.00,1.00,1.00,0.53,0.00,inferred
Merton,2021-06-21,1.00,1.00,1.00,1.00,1.00,0.53,0.00,inferred
Merton,2021-06-22,1.00,1.00,1.00,1.00,1.00,0.74,0.01,inferred
Merton,2021-06-23,1.00,1.00,1.00,1.00,1.00,0.74,0.01,inferred
Merton,2021-06-24,1.00,1.00,1.00,1.00,1.00,0.74,0.01,inferred
Merton,2021-06-25,1.00,1.00,1.00,1.00,1.00,0.74,0.01,inferred
Merton,2021-06-26,1.00,1.00,1.00,1.00,1.00,0.74,0.01,inferred
Merton,2021-06-27,1.00,1.00,1.00,1.00,1.00,0.74,0.01,inferred
Merton,2021-06-28,1.00,1.00,1.00,1.00,1.00,0.74,0.01,inferred
Merton,2021-06-29,1.00,0.99,0.93,0.74,0.50,0.04,0.00,inferred
Merton,2021-06-30,1.00,0.99,0.93,0.74,0.50,0.04,0.00,inferred
Merton,2021-07-01,1.00,0.99,0.93,0.74,0.50,0.04,0.00,inferred
Merton,2021-07-02,1.00,0.99,0.93,0.74,0.50,0.04,0.00,inferred
Merton,2021-07-03,1.00,0.99,0.93,0.74,0.50,0.04,0.00,inferred
Merton,2021-07-04,1.00,0.99,0.93,0.74,0.50,0.04,0.00,inferred
Merton,2021-07-05,1.00,0.99,0.93,0.74,0.50,0.04,0.00,inferred
Merton,2021-07-06,0.98,0.93,0.84,0.66,0.49,0.12,0.01,projected
Merton,2021-07-07,0.98,0.93,0.84,0.66,0.49,0.12,0.01,projected
Merton,2021-07-08,0.98,0.93,0.84,0.66,0.49,0.12,0.01,projected
Merton,2021-07-09,0.98,0.93,0.84,0.66,0.49,0.12,0.01,projected
Merton,2021-07-10,0.98,0.93,0.84,0.66,0.49,0.12,0.01,projected
Merton,2021-07-11,0.98,0.93,0.84,0.66,0.49,0.12,0.01,projected
Merton,2021-07-12,0.98,0.93,0.84,0.66,0.49,0.12,0.01,projected
Merton,2021-07-13,0.97,0.90,0.80,0.67,0.51,0.17,0.01,projected
Merton,2021-07-14,0.97,0.90,0.80,0.67,0.51,0.17,0.01,projected
Merton,2021-07-15,0.97,0.90,0.80,0.67,0.51,0.17,0.01,projected
Merton,2021-07-16,0.97,0.90,0.80,0.67,0.51,0.17,0.01,projected
Merton,2021-07-17,0.97,0.90,0.80,0.67,0.51,0.17,0.01,projected
Merton,2021-07-18,0.97,0.90,0.80,0.67,0.51,0.17,0.01,projected
Merton,2021-07-19,0.97,0.90,0.80,0.67,0.51,0.17,0.01,projected
Merton,2021-07-20,0.96,0.89,0.80,0.68,0.55,0.20,0.02,projected
Merton,2021-07-21,0.96,0.89,0.80,0.68,0.55,0.20,0.02,projected
Merton,2021-07-22,0.96,0.89,0.80,0.68,0.55,0.20,0.02,projected
Merton,2021-07-23,0.96,0.89,0.80,0.68,0.55,0.20,0.02,projected
Merton,2021-07-24,0.96,0.89,0.80,0.68,0.55,0.20,0.02,projected
Merton,2021-07-25,0.96,0.89,0.80,0.68,0.55,0.20,0.02,projected
Merton,2021-07-26,0.96,0.89,0.80,0.68,0.55,0.20,0.02,projected
Mid Devon,2021-03-23,0.22,0.09,0.04,0.01,0.00,0.00,0.00,inferred
Mid Devon,2021-03-24,0.22,0.09,0.04,0.01,0.00,0.00,0.00,inferred
Mid Devon,2021-03-25,0.22,0.09,0.04,0.01,0.00,0.00,0.00,inferred
Mid Devon,2021-03-26,0.22,0.09,0.04,0.01,0.00,0.00,0.00,inferred
Mid Devon,2021-03-27,0.22,0.09,0.04,0.01,0.00,0.00,0.00,inferred
Mid Devon,2021-03-28,0.22,0.09,0.04,0.01,0.00,0.00,0.00,inferred
Mid Devon,2021-03-29,0.22,0.09,0.04,0.01,0.00,0.00,0.00,inferred
Mid Devon,2021-03-30,0.69,0.49,0.32,0.19,0.09,0.01,0.00,inferred
Mid Devon,2021-03-31,0.69,0.49,0.32,0.19,0.09,0.01,0.00,inferred
Mid Devon,2021-04-01,0.69,0.49,0.32,0.19,0.09,0.01,0.00,inferred
Mid Devon,2021-04-02,0.69,0.49,0.32,0.19,0.09,0.01,0.00,inferred
Mid Devon,2021-04-03,0.69,0.49,0.32,0.19,0.09,0.01,0.00,inferred
Mid Devon,2021-04-04,0.69,0.49,0.32,0.19,0.09,0.01,0.00,inferred
Mid Devon,2021-04-05,0.69,0.49,0.32,0.19,0.09,0.01,0.00,inferred
Mid Devon,2021-04-06,0.66,0.49,0.33,0.18,0.09,0.01,0.00,inferred
Mid Devon,2021-04-07,0.66,0.49,0.33,0.18,0.09,0.01,0.00,inferred
Mid Devon,2021-04-08,0.66,0.49,0.33,0.18,0.09,0.01,0.00,inferred
Mid Devon,2021-04-09,0.66,0.49,0.33,0.18,0.09,0.01,0.00,inferred
Mid Devon,2021-04-10,0.66,0.49,0.33,0.18,0.09,0.01,0.00,inferred
Mid Devon,2021-04-11,0.66,0.49,0.33,0.18,0.09,0.01,0.00,inferred
Mid Devon,2021-04-12,0.66,0.49,0.33,0.18,0.09,0.01,0.00,inferred
Mid Devon,2021-04-13,0.76,0.60,0.44,0.30,0.18,0.03,0.00,inferred
Mid Devon,2021-04-14,0.76,0.60,0.44,0.30,0.18,0.03,0.00,inferred
Mid Devon,2021-04-15,0.76,0.60,0.44,0.30,0.18,0.03,0.00,inferred
Mid Devon,2021-04-16,0.76,0.60,0.44,0.30,0.18,0.03,0.00,inferred
Mid Devon,2021-04-17,0.76,0.60,0.44,0.30,0.18,0.03,0.00,inferred
Mid Devon,2021-04-18,0.76,0.60,0.44,0.30,0.18,0.03,0.00,inferred
Mid Devon,2021-04-19,0.76,0.60,0.44,0.30,0.18,0.03,0.00,inferred
Mid Devon,2021-04-20,0.33,0.18,0.09,0.04,0.02,0.00,0.00,inferred
Mid Devon,2021-04-21,0.33,0.18,0.09,0.04,0.02,0.00,0.00,inferred
Mid Devon,2021-04-22,0.33,0.18,0.09,0.04,0.02,0.00,0.00,inferred
Mid Devon,2021-04-23,0.33,0.18,0.09,0.04,0.02,0.00,0.00,inferred
Mid Devon,2021-04-24,0.33,0.18,0.09,0.04,0.02,0.00,0.00,inferred
Mid Devon,2021-04-25,0.33,0.18,0.09,0.04,0.02,0.00,0.00,inferred
Mid Devon,2021-04-26,0.33,0.18,0.09,0.04,0.02,0.00,0.00,inferred
Mid Devon,2021-04-27,0.28,0.16,0.08,0.03,0.02,0.00,0.00,inferred
Mid Devon,2021-04-28,0.28,0.16,0.08,0.03,0.02,0.00,0.00,inferred
Mid Devon,2021-04-29,0.28,0.16,0.08,0.03,0.02,0.00,0.00,inferred
Mid Devon,2021-04-30,0.28,0.16,0.08,0.03,0.02,0.00,0.00,inferred
Mid Devon,2021-05-01,0.28,0.16,0.08,0.03,0.02,0.00,0.00,inferred
Mid Devon,2021-05-02,0.28,0.16,0.08,0.03,0.02,0.00,0.00,inferred
Mid Devon,2021-05-03,0.28,0.16,0.08,0.03,0.02,0.00,0.00,inferred
Mid Devon,2021-05-04,0.67,0.52,0.39,0.26,0.16,0.02,0.00,inferred
Mid Devon,2021-05-05,0.67,0.52,0.39,0.26,0.16,0.02,0.00,inferred
Mid Devon,2021-05-06,0.67,0.52,0.39,0.26,0.16,0.02,0.00,inferred
Mid Devon,2021-05-07,0.67,0.52,0.39,0.26,0.16,0.02,0.00,inferred
Mid Devon,2021-05-08,0.67,0.52,0.39,0.26,0.16,0.02,0.00,inferred
Mid Devon,2021-05-09,0.67,0.52,0.39,0.26,0.16,0.02,0.00,inferred
Mid Devon,2021-05-10,0.67,0.52,0.39,0.26,0.16,0.02,0.00,inferred
Mid Devon,2021-05-11,0.78,0.66,0.51,0.37,0.27,0.07,0.00,inferred
Mid Devon,2021-05-12,0.78,0.66,0.51,0.37,0.27,0.07,0.00,inferred
Mid Devon,2021-05-13,0.78,0.66,0.51,0.37,0.27,0.07,0.00,inferred
Mid Devon,2021-05-14,0.78,0.66,0.51,0.37,0.27,0.07,0.00,inferred
Mid Devon,2021-05-15,0.78,0.66,0.51,0.37,0.27,0.07,0.00,inferred
Mid Devon,2021-05-16,0.78,0.66,0.51,0.37,0.27,0.07,0.00,inferred
Mid Devon,2021-05-17,0.78,0.66,0.51,0.37,0.27,0.07,0.00,inferred
Mid Devon,2021-05-18,0.88,0.78,0.68,0.55,0.42,0.15,0.01,inferred
Mid Devon,2021-05-19,0.88,0.78,0.68,0.55,0.42,0.15,0.01,inferred
Mid Devon,2021-05-20,0.88,0.78,0.68,0.55,0.42,0.15,0.01,inferred
Mid Devon,2021-05-21,0.88,0.78,0.68,0.55,0.42,0.15,0.01,inferred
Mid Devon,2021-05-22,0.88,0.78,0.68,0.55,0.42,0.15,0.01,inferred
Mid Devon,2021-05-23,0.88,0.78,0.68,0.55,0.42,0.15,0.01,inferred
Mid Devon,2021-05-24,0.88,0.78,0.68,0.55,0.42,0.15,0.01,inferred
Mid Devon,2021-05-25,0.99,0.98,0.95,0.91,0.84,0.58,0.16,inferred
Mid Devon,2021-05-26,0.99,0.98,0.95,0.91,0.84,0.58,0.16,inferred
Mid Devon,2021-05-27,0.99,0.98,0.95,0.91,0.84,0.58,0.16,inferred
Mid Devon,2021-05-28,0.99,0.98,0.95,0.91,0.84,0.58,0.16,inferred
Mid Devon,2021-05-29,0.99,0.98,0.95,0.91,0.84,0.58,0.16,inferred
Mid Devon,2021-05-30,0.99,0.98,0.95,0.91,0.84,0.58,0.16,inferred
Mid Devon,2021-05-31,0.99,0.98,0.95,0.91,0.84,0.58,0.16,inferred
Mid Devon,2021-06-01,1.00,1.00,1.00,1.00,0.99,0.93,0.62,inferred
Mid Devon,2021-06-02,1.00,1.00,1.00,1.00,0.99,0.93,0.62,inferred
Mid Devon,2021-06-03,1.00,1.00,1.00,1.00,0.99,0.93,0.62,inferred
Mid Devon,2021-06-04,1.00,1.00,1.00,1.00,0.99,0.93,0.62,inferred
Mid Devon,2021-06-05,1.00,1.00,1.00,1.00,0.99,0.93,0.62,inferred
Mid Devon,2021-06-06,1.00,1.00,1.00,1.00,0.99,0.93,0.62,inferred
Mid Devon,2021-06-07,1.00,1.00,1.00,1.00,0.99,0.93,0.62,inferred
Mid Devon,2021-06-08,1.00,1.00,1.00,1.00,1.00,0.99,0.84,inferred
Mid Devon,2021-06-09,1.00,1.00,1.00,1.00,1.00,0.99,0.84,inferred
Mid Devon,2021-06-10,1.00,1.00,1.00,1.00,1.00,0.99,0.84,inferred
Mid Devon,2021-06-11,1.00,1.00,1.00,1.00,1.00,0.99,0.84,inferred
Mid Devon,2021-06-12,1.00,1.00,1.00,1.00,1.00,0.99,0.84,inferred
Mid Devon,2021-06-13,1.00,1.00,1.00,1.00,1.00,0.99,0.84,inferred
Mid Devon,2021-06-14,1.00,1.00,1.00,1.00,1.00,0.99,0.84,inferred
Mid Devon,2021-06-15,1.00,1.00,0.99,0.96,0.88,0.49,0.06,inferred
Mid Devon,2021-06-16,1.00,1.00,0.99,0.96,0.88,0.49,0.06,inferred
Mid Devon,2021-06-17,1.00,1.00,0.99,0.96,0.88,0.49,0.06,inferred
Mid Devon,2021-06-18,1.00,1.00,0.99,0.96,0.88,0.49,0.06,inferred
Mid Devon,2021-06-19,1.00,1.00,0.99,0.96,0.88,0.49,0.06,inferred
Mid Devon,2021-06-20,1.00,1.00,0.99,0.96,0.88,0.49,0.06,inferred
Mid Devon,2021-06-21,1.00,1.00,0.99,0.96,0.88,0.49,0.06,inferred
Mid Devon,2021-06-22,1.00,0.97,0.88,0.70,0.47,0.05,0.00,inferred
Mid Devon,2021-06-23,1.00,0.97,0.88,0.70,0.47,0.05,0.00,inferred
Mid Devon,2021-06-24,1.00,0.97,0.88,0.70,0.47,0.05,0.00,inferred
Mid Devon,2021-06-25,1.00,0.97,0.88,0.70,0.47,0.05,0.00,inferred
Mid Devon,2021-06-26,1.00,0.97,0.88,0.70,0.47,0.05,0.00,inferred
Mid Devon,2021-06-27,1.00,0.97,0.88,0.70,0.47,0.05,0.00,inferred
Mid Devon,2021-06-28,1.00,0.97,0.88,0.70,0.47,0.05,0.00,inferred
Mid Devon,2021-06-29,0.78,0.63,0.46,0.31,0.20,0.04,0.00,inferred
Mid Devon,2021-06-30,0.78,0.63,0.46,0.31,0.20,0.04,0.00,inferred
Mid Devon,2021-07-01,0.78,0.63,0.46,0.31,0.20,0.04,0.00,inferred
Mid Devon,2021-07-02,0.78,0.63,0.46,0.31,0.20,0.04,0.00,inferred
Mid Devon,2021-07-03,0.78,0.63,0.46,0.31,0.20,0.04,0.00,inferred
Mid Devon,2021-07-04,0.78,0.63,0.46,0.31,0.20,0.04,0.00,inferred
Mid Devon,2021-07-05,0.78,0.63,0.46,0.31,0.20,0.04,0.00,inferred
Mid Devon,2021-07-06,0.77,0.66,0.56,0.45,0.36,0.16,0.03,projected
Mid Devon,2021-07-07,0.77,0.66,0.56,0.45,0.36,0.16,0.03,projected
Mid Devon,2021-07-08,0.77,0.66,0.56,0.45,0.36,0.16,0.03,projected
Mid Devon,2021-07-09,0.77,0.66,0.56,0.45,0.36,0.16,0.03,projected
Mid Devon,2021-07-10,0.77,0.66,0.56,0.45,0.36,0.16,0.03,projected
Mid Devon,2021-07-11,0.77,0.66,0.56,0.45,0.36,0.16,0.03,projected
Mid Devon,2021-07-12,0.77,0.66,0.56,0.45,0.36,0.16,0.03,projected
Mid Devon,2021-07-13,0.81,0.73,0.63,0.53,0.44,0.25,0.09,projected
Mid Devon,2021-07-14,0.81,0.73,0.63,0.53,0.44,0.25,0.09,projected
Mid Devon,2021-07-15,0.81,0.73,0.63,0.53,0.44,0.25,0.09,projected
Mid Devon,2021-07-16,0.81,0.73,0.63,0.53,0.44,0.25,0.09,projected
Mid Devon,2021-07-17,0.81,0.73,0.63,0.53,0.44,0.25,0.09,projected
Mid Devon,2021-07-18,0.81,0.73,0.63,0.53,0.44,0.25,0.09,projected
Mid Devon,2021-07-19,0.81,0.73,0.63,0.53,0.44,0.25,0.09,projected
Mid Devon,2021-07-20,0.87,0.81,0.74,0.67,0.59,0.38,0.17,projected
Mid Devon,2021-07-21,0.87,0.81,0.74,0.67,0.59,0.38,0.17,projected
Mid Devon,2021-07-22,0.87,0.81,0.74,0.67,0.59,0.38,0.17,projected
Mid Devon,2021-07-23,0.87,0.81,0.74,0.67,0.59,0.38,0.17,projected
Mid Devon,2021-07-24,0.87,0.81,0.74,0.67,0.59,0.38,0.17,projected
Mid Devon,2021-07-25,0.87,0.81,0.74,0.67,0.59,0.38,0.17,projected
Mid Devon,2021-07-26,0.87,0.81,0.74,0.67,0.59,0.38,0.17,projected
Mid Suffolk,2021-03-23,0.25,0.10,0.03,0.01,0.00,0.00,0.00,inferred
Mid Suffolk,2021-03-24,0.25,0.10,0.03,0.01,0.00,0.00,0.00,inferred
Mid Suffolk,2021-03-25,0.25,0.10,0.03,0.01,0.00,0.00,0.00,inferred
Mid Suffolk,2021-03-26,0.25,0.10,0.03,0.01,0.00,0.00,0.00,inferred
Mid Suffolk,2021-03-27,0.25,0.10,0.03,0.01,0.00,0.00,0.00,inferred
Mid Suffolk,2021-03-28,0.25,0.10,0.03,0.01,0.00,0.00,0.00,inferred
Mid Suffolk,2021-03-29,0.25,0.10,0.03,0.01,0.00,0.00,0.00,inferred
Mid Suffolk,2021-03-30,0.68,0.46,0.26,0.12,0.05,0.00,0.00,inferred
Mid Suffolk,2021-03-31,0.68,0.46,0.26,0.12,0.05,0.00,0.00,inferred
Mid Suffolk,2021-04-01,0.68,0.46,0.26,0.12,0.05,0.00,0.00,inferred
Mid Suffolk,2021-04-02,0.68,0.46,0.26,0.12,0.05,0.00,0.00,inferred
Mid Suffolk,2021-04-03,0.68,0.46,0.26,0.12,0.05,0.00,0.00,inferred
Mid Suffolk,2021-04-04,0.68,0.46,0.26,0.12,0.05,0.00,0.00,inferred
Mid Suffolk,2021-04-05,0.68,0.46,0.26,0.12,0.05,0.00,0.00,inferred
Mid Suffolk,2021-04-06,0.89,0.76,0.56,0.37,0.22,0.03,0.00,inferred
Mid Suffolk,2021-04-07,0.89,0.76,0.56,0.37,0.22,0.03,0.00,inferred
Mid Suffolk,2021-04-08,0.89,0.76,0.56,0.37,0.22,0.03,0.00,inferred
Mid Suffolk,2021-04-09,0.89,0.76,0.56,0.37,0.22,0.03,0.00,inferred
Mid Suffolk,2021-04-10,0.89,0.76,0.56,0.37,0.22,0.03,0.00,inferred
Mid Suffolk,2021-04-11,0.89,0.76,0.56,0.37,0.22,0.03,0.00,inferred
Mid Suffolk,2021-04-12,0.89,0.76,0.56,0.37,0.22,0.03,0.00,inferred
Mid Suffolk,2021-04-13,0.87,0.71,0.54,0.35,0.19,0.02,0.00,inferred
Mid Suffolk,2021-04-14,0.87,0.71,0.54,0.35,0.19,0.02,0.00,inferred
Mid Suffolk,2021-04-15,0.87,0.71,0.54,0.35,0.19,0.02,0.00,inferred
Mid Suffolk,2021-04-16,0.87,0.71,0.54,0.35,0.19,0.02,0.00,inferred
Mid Suffolk,2021-04-17,0.87,0.71,0.54,0.35,0.19,0.02,0.00,inferred
Mid Suffolk,2021-04-18,0.87,0.71,0.54,0.35,0.19,0.02,0.00,inferred
Mid Suffolk,2021-04-19,0.87,0.71,0.54,0.35,0.19,0.02,0.00,inferred
Mid Suffolk,2021-04-20,0.68,0.48,0.29,0.15,0.07,0.00,0.00,inferred
Mid Suffolk,2021-04-21,0.68,0.48,0.29,0.15,0.07,0.00,0.00,inferred
Mid Suffolk,2021-04-22,0.68,0.48,0.29,0.15,0.07,0.00,0.00,inferred
Mid Suffolk,2021-04-23,0.68,0.48,0.29,0.15,0.07,0.00,0.00,inferred
Mid Suffolk,2021-04-24,0.68,0.48,0.29,0.15,0.07,0.00,0.00,inferred
Mid Suffolk,2021-04-25,0.68,0.48,0.29,0.15,0.07,0.00,0.00,inferred
Mid Suffolk,2021-04-26,0.68,0.48,0.29,0.15,0.07,0.00,0.00,inferred
Mid Suffolk,2021-04-27,0.84,0.67,0.49,0.32,0.18,0.02,0.00,inferred
Mid Suffolk,2021-04-28,0.84,0.67,0.49,0.32,0.18,0.02,0.00,inferred
Mid Suffolk,2021-04-29,0.84,0.67,0.49,0.32,0.18,0.02,0.00,inferred
Mid Suffolk,2021-04-30,0.84,0.67,0.49,0.32,0.18,0.02,0.00,inferred
Mid Suffolk,2021-05-01,0.84,0.67,0.49,0.32,0.18,0.02,0.00,inferred
Mid Suffolk,2021-05-02,0.84,0.67,0.49,0.32,0.18,0.02,0.00,inferred
Mid Suffolk,2021-05-03,0.84,0.67,0.49,0.32,0.18,0.02,0.00,inferred
Mid Suffolk,2021-05-04,0.96,0.88,0.76,0.58,0.42,0.07,0.00,inferred
Mid Suffolk,2021-05-05,0.96,0.88,0.76,0.58,0.42,0.07,0.00,inferred
Mid Suffolk,2021-05-06,0.96,0.88,0.76,0.58,0.42,0.07,0.00,inferred
Mid Suffolk,2021-05-07,0.96,0.88,0.76,0.58,0.42,0.07,0.00,inferred
Mid Suffolk,2021-05-08,0.96,0.88,0.76,0.58,0.42,0.07,0.00,inferred
Mid Suffolk,2021-05-09,0.96,0.88,0.76,0.58,0.42,0.07,0.00,inferred
Mid Suffolk,2021-05-10,0.96,0.88,0.76,0.58,0.42,0.07,0.00,inferred
Mid Suffolk,2021-05-11,0.71,0.49,0.31,0.16,0.08,0.00,0.00,inferred
Mid Suffolk,2021-05-12,0.71,0.49,0.31,0.16,0.08,0.00,0.00,inferred
Mid Suffolk,2021-05-13,0.71,0.49,0.31,0.16,0.08,0.00,0.00,inferred
Mid Suffolk,2021-05-14,0.71,0.49,0.31,0.16,0.08,0.00,0.00,inferred
Mid Suffolk,2021-05-15,0.71,0.49,0.31,0.16,0.08,0.00,0.00,inferred
Mid Suffolk,2021-05-16,0.71,0.49,0.31,0.16,0.08,0.00,0.00,inferred
Mid Suffolk,2021-05-17,0.71,0.49,0.31,0.16,0.08,0.00,0.00,inferred
Mid Suffolk,2021-05-18,0.65,0.44,0.25,0.13,0.05,0.00,0.00,inferred
Mid Suffolk,2021-05-19,0.65,0.44,0.25,0.13,0.05,0.00,0.00,inferred
Mid Suffolk,2021-05-20,0.65,0.44,0.25,0.13,0.05,0.00,0.00,inferred
Mid Suffolk,2021-05-21,0.65,0.44,0.25,0.13,0.05,0.00,0.00,inferred
Mid Suffolk,2021-05-22,0.65,0.44,0.25,0.13,0.05,0.00,0.00,inferred
Mid Suffolk,2021-05-23,0.65,0.44,0.25,0.13,0.05,0.00,0.00,inferred
Mid Suffolk,2021-05-24,0.65,0.44,0.25,0.13,0.05,0.00,0.00,inferred
Mid Suffolk,2021-05-25,0.79,0.63,0.45,0.28,0.15,0.02,0.00,inferred
Mid Suffolk,2021-05-26,0.79,0.63,0.45,0.28,0.15,0.02,0.00,inferred
Mid Suffolk,2021-05-27,0.79,0.63,0.45,0.28,0.15,0.02,0.00,inferred
Mid Suffolk,2021-05-28,0.79,0.63,0.45,0.28,0.15,0.02,0.00,inferred
Mid Suffolk,2021-05-29,0.79,0.63,0.45,0.28,0.15,0.02,0.00,inferred
Mid Suffolk,2021-05-30,0.79,0.63,0.45,0.28,0.15,0.02,0.00,inferred
Mid Suffolk,2021-05-31,0.79,0.63,0.45,0.28,0.15,0.02,0.00,inferred
Mid Suffolk,2021-06-01,0.94,0.85,0.71,0.56,0.41,0.09,0.00,inferred
Mid Suffolk,2021-06-02,0.94,0.85,0.71,0.56,0.41,0.09,0.00,inferred
Mid Suffolk,2021-06-03,0.94,0.85,0.71,0.56,0.41,0.09,0.00,inferred
Mid Suffolk,2021-06-04,0.94,0.85,0.71,0.56,0.41,0.09,0.00,inferred
Mid Suffolk,2021-06-05,0.94,0.85,0.71,0.56,0.41,0.09,0.00,inferred
Mid Suffolk,2021-06-06,0.94,0.85,0.71,0.56,0.41,0.09,0.00,inferred
Mid Suffolk,2021-06-07,0.94,0.85,0.71,0.56,0.41,0.09,0.00,inferred
Mid Suffolk,2021-06-08,0.99,0.98,0.93,0.84,0.72,0.27,0.02,inferred
Mid Suffolk,2021-06-09,0.99,0.98,0.93,0.84,0.72,0.27,0.02,inferred
Mid Suffolk,2021-06-10,0.99,0.98,0.93,0.84,0.72,0.27,0.02,inferred
Mid Suffolk,2021-06-11,0.99,0.98,0.93,0.84,0.72,0.27,0.02,inferred
Mid Suffolk,2021-06-12,0.99,0.98,0.93,0.84,0.72,0.27,0.02,inferred
Mid Suffolk,2021-06-13,0.99,0.98,0.93,0.84,0.72,0.27,0.02,inferred
Mid Suffolk,2021-06-14,0.99,0.98,0.93,0.84,0.72,0.27,0.02,inferred
Mid Suffolk,2021-06-15,1.00,1.00,1.00,1.00,0.99,0.82,0.23,inferred
Mid Suffolk,2021-06-16,1.00,1.00,1.00,1.00,0.99,0.82,0.23,inferred
Mid Suffolk,2021-06-17,1.00,1.00,1.00,1.00,0.99,0.82,0.23,inferred
Mid Suffolk,2021-06-18,1.00,1.00,1.00,1.00,0.99,0.82,0.23,inferred
Mid Suffolk,2021-06-19,1.00,1.00,1.00,1.00,0.99,0.82,0.23,inferred
Mid Suffolk,2021-06-20,1.00,1.00,1.00,1.00,0.99,0.82,0.23,inferred
Mid Suffolk,2021-06-21,1.00,1.00,1.00,1.00,0.99,0.82,0.23,inferred
Mid Suffolk,2021-06-22,1.00,1.00,1.00,1.00,0.99,0.80,0.19,inferred
Mid Suffolk,2021-06-23,1.00,1.00,1.00,1.00,0.99,0.80,0.19,inferred
Mid Suffolk,2021-06-24,1.00,1.00,1.00,1.00,0.99,0.80,0.19,inferred
Mid Suffolk,2021-06-25,1.00,1.00,1.00,1.00,0.99,0.80,0.19,inferred
Mid Suffolk,2021-06-26,1.00,1.00,1.00,1.00,0.99,0.80,0.19,inferred
Mid Suffolk,2021-06-27,1.00,1.00,1.00,1.00,0.99,0.80,0.19,inferred
Mid Suffolk,2021-06-28,1.00,1.00,1.00,1.00,0.99,0.80,0.19,inferred
Mid Suffolk,2021-06-29,1.00,1.00,1.00,1.00,0.99,0.87,0.46,inferred
Mid Suffolk,2021-06-30,1.00,1.00,1.00,1.00,0.99,0.87,0.46,inferred
Mid Suffolk,2021-07-01,1.00,1.00,1.00,1.00,0.99,0.87,0.46,inferred
Mid Suffolk,2021-07-02,1.00,1.00,1.00,1.00,0.99,0.87,0.46,inferred
Mid Suffolk,2021-07-03,1.00,1.00,1.00,1.00,0.99,0.87,0.46,inferred
Mid Suffolk,2021-07-04,1.00,1.00,1.00,1.00,0.99,0.87,0.46,inferred
Mid Suffolk,2021-07-05,1.00,1.00,1.00,1.00,0.99,0.87,0.46,inferred
Mid Suffolk,2021-07-06,1.00,1.00,0.99,0.97,0.94,0.77,0.35,projected
Mid Suffolk,2021-07-07,1.00,1.00,0.99,0.97,0.94,0.77,0.35,projected
Mid Suffolk,2021-07-08,1.00,1.00,0.99,0.97,0.94,0.77,0.35,projected
Mid Suffolk,2021-07-09,1.00,1.00,0.99,0.97,0.94,0.77,0.35,projected
Mid Suffolk,2021-07-10,1.00,1.00,0.99,0.97,0.94,0.77,0.35,projected
Mid Suffolk,2021-07-11,1.00,1.00,0.99,0.97,0.94,0.77,0.35,projected
Mid Suffolk,2021-07-12,1.00,1.00,0.99,0.97,0.94,0.77,0.35,projected
Mid Suffolk,2021-07-13,1.00,0.99,0.98,0.96,0.92,0.72,0.33,projected
Mid Suffolk,2021-07-14,1.00,0.99,0.98,0.96,0.92,0.72,0.33,projected
Mid Suffolk,2021-07-15,1.00,0.99,0.98,0.96,0.92,0.72,0.33,projected
Mid Suffolk,2021-07-16,1.00,0.99,0.98,0.96,0.92,0.72,0.33,projected
Mid Suffolk,2021-07-17,1.00,0.99,0.98,0.96,0.92,0.72,0.33,projected
Mid Suffolk,2021-07-18,1.00,0.99,0.98,0.96,0.92,0.72,0.33,projected
Mid Suffolk,2021-07-19,1.00,0.99,0.98,0.96,0.92,0.72,0.33,projected
Mid Suffolk,2021-07-20,1.00,0.99,0.99,0.96,0.92,0.72,0.37,projected
Mid Suffolk,2021-07-21,1.00,0.99,0.99,0.96,0.92,0.72,0.37,projected
Mid Suffolk,2021-07-22,1.00,0.99,0.99,0.96,0.92,0.72,0.37,projected
Mid Suffolk,2021-07-23,1.00,0.99,0.99,0.96,0.92,0.72,0.37,projected
Mid Suffolk,2021-07-24,1.00,0.99,0.99,0.96,0.92,0.72,0.37,projected
Mid Suffolk,2021-07-25,1.00,0.99,0.99,0.96,0.92,0.72,0.37,projected
Mid Suffolk,2021-07-26,1.00,0.99,0.99,0.96,0.92,0.72,0.37,projected
Mid Sussex,2021-03-23,0.17,0.07,0.02,0.01,0.00,0.00,0.00,inferred
Mid Sussex,2021-03-24,0.17,0.07,0.02,0.01,0.00,0.00,0.00,inferred
Mid Sussex,2021-03-25,0.17,0.07,0.02,0.01,0.00,0.00,0.00,inferred
Mid Sussex,2021-03-26,0.17,0.07,0.02,0.01,0.00,0.00,0.00,inferred
Mid Sussex,2021-03-27,0.17,0.07,0.02,0.01,0.00,0.00,0.00,inferred
Mid Sussex,2021-03-28,0.17,0.07,0.02,0.01,0.00,0.00,0.00,inferred
Mid Sussex,2021-03-29,0.17,0.07,0.02,0.01,0.00,0.00,0.00,inferred
Mid Sussex,2021-03-30,0.84,0.68,0.53,0.33,0.19,0.02,0.00,inferred
Mid Sussex,2021-03-31,0.84,0.68,0.53,0.33,0.19,0.02,0.00,inferred
Mid Sussex,2021-04-01,0.84,0.68,0.53,0.33,0.19,0.02,0.00,inferred
Mid Sussex,2021-04-02,0.84,0.68,0.53,0.33,0.19,0.02,0.00,inferred
Mid Sussex,2021-04-03,0.84,0.68,0.53,0.33,0.19,0.02,0.00,inferred
Mid Sussex,2021-04-04,0.84,0.68,0.53,0.33,0.19,0.02,0.00,inferred
Mid Sussex,2021-04-05,0.84,0.68,0.53,0.33,0.19,0.02,0.00,inferred
Mid Sussex,2021-04-06,0.93,0.84,0.69,0.52,0.36,0.07,0.00,inferred
Mid Sussex,2021-04-07,0.93,0.84,0.69,0.52,0.36,0.07,0.00,inferred
Mid Sussex,2021-04-08,0.93,0.84,0.69,0.52,0.36,0.07,0.00,inferred
Mid Sussex,2021-04-09,0.93,0.84,0.69,0.52,0.36,0.07,0.00,inferred
Mid Sussex,2021-04-10,0.93,0.84,0.69,0.52,0.36,0.07,0.00,inferred
Mid Sussex,2021-04-11,0.93,0.84,0.69,0.52,0.36,0.07,0.00,inferred
Mid Sussex,2021-04-12,0.93,0.84,0.69,0.52,0.36,0.07,0.00,inferred
Mid Sussex,2021-04-13,0.79,0.63,0.42,0.26,0.15,0.02,0.00,inferred
Mid Sussex,2021-04-14,0.79,0.63,0.42,0.26,0.15,0.02,0.00,inferred
Mid Sussex,2021-04-15,0.79,0.63,0.42,0.26,0.15,0.02,0.00,inferred
Mid Sussex,2021-04-16,0.79,0.63,0.42,0.26,0.15,0.02,0.00,inferred
Mid Sussex,2021-04-17,0.79,0.63,0.42,0.26,0.15,0.02,0.00,inferred
Mid Sussex,2021-04-18,0.79,0.63,0.42,0.26,0.15,0.02,0.00,inferred
Mid Sussex,2021-04-19,0.79,0.63,0.42,0.26,0.15,0.02,0.00,inferred
Mid Sussex,2021-04-20,0.29,0.14,0.05,0.02,0.00,0.00,0.00,inferred
Mid Sussex,2021-04-21,0.29,0.14,0.05,0.02,0.00,0.00,0.00,inferred
Mid Sussex,2021-04-22,0.29,0.14,0.05,0.02,0.00,0.00,0.00,inferred
Mid Sussex,2021-04-23,0.29,0.14,0.05,0.02,0.00,0.00,0.00,inferred
Mid Sussex,2021-04-24,0.29,0.14,0.05,0.02,0.00,0.00,0.00,inferred
Mid Sussex,2021-04-25,0.29,0.14,0.05,0.02,0.00,0.00,0.00,inferred
Mid Sussex,2021-04-26,0.29,0.14,0.05,0.02,0.00,0.00,0.00,inferred
Mid Sussex,2021-04-27,0.37,0.20,0.10,0.05,0.02,0.00,0.00,inferred
Mid Sussex,2021-04-28,0.37,0.20,0.10,0.05,0.02,0.00,0.00,inferred
Mid Sussex,2021-04-29,0.37,0.20,0.10,0.05,0.02,0.00,0.00,inferred
Mid Sussex,2021-04-30,0.37,0.20,0.10,0.05,0.02,0.00,0.00,inferred
Mid Sussex,2021-05-01,0.37,0.20,0.10,0.05,0.02,0.00,0.00,inferred
Mid Sussex,2021-05-02,0.37,0.20,0.10,0.05,0.02,0.00,0.00,inferred
Mid Sussex,2021-05-03,0.37,0.20,0.10,0.05,0.02,0.00,0.00,inferred
Mid Sussex,2021-05-04,0.42,0.25,0.15,0.08,0.04,0.00,0.00,inferred
Mid Sussex,2021-05-05,0.42,0.25,0.15,0.08,0.04,0.00,0.00,inferred
Mid Sussex,2021-05-06,0.42,0.25,0.15,0.08,0.04,0.00,0.00,inferred
Mid Sussex,2021-05-07,0.42,0.25,0.15,0.08,0.04,0.00,0.00,inferred
Mid Sussex,2021-05-08,0.42,0.25,0.15,0.08,0.04,0.00,0.00,inferred
Mid Sussex,2021-05-09,0.42,0.25,0.15,0.08,0.04,0.00,0.00,inferred
Mid Sussex,2021-05-10,0.42,0.25,0.15,0.08,0.04,0.00,0.00,inferred
Mid Sussex,2021-05-11,0.90,0.81,0.70,0.59,0.46,0.17,0.01,inferred
Mid Sussex,2021-05-12,0.90,0.81,0.70,0.59,0.46,0.17,0.01,inferred
Mid Sussex,2021-05-13,0.90,0.81,0.70,0.59,0.46,0.17,0.01,inferred
Mid Sussex,2021-05-14,0.90,0.81,0.70,0.59,0.46,0.17,0.01,inferred
Mid Sussex,2021-05-15,0.90,0.81,0.70,0.59,0.46,0.17,0.01,inferred
Mid Sussex,2021-05-16,0.90,0.81,0.70,0.59,0.46,0.17,0.01,inferred
Mid Sussex,2021-05-17,0.90,0.81,0.70,0.59,0.46,0.17,0.01,inferred
Mid Sussex,2021-05-18,1.00,1.00,1.00,1.00,1.00,0.99,0.81,inferred
Mid Sussex,2021-05-19,1.00,1.00,1.00,1.00,1.00,0.99,0.81,inferred
Mid Sussex,2021-05-20,1.00,1.00,1.00,1.00,1.00,0.99,0.81,inferred
Mid Sussex,2021-05-21,1.00,1.00,1.00,1.00,1.00,0.99,0.81,inferred
Mid Sussex,2021-05-22,1.00,1.00,1.00,1.00,1.00,0.99,0.81,inferred
Mid Sussex,2021-05-23,1.00,1.00,1.00,1.00,1.00,0.99,0.81,inferred
Mid Sussex,2021-05-24,1.00,1.00,1.00,1.00,1.00,0.99,0.81,inferred
Mid Sussex,2021-05-25,1.00,1.00,1.00,1.00,1.00,0.98,0.76,inferred
Mid Sussex,2021-05-26,1.00,1.00,1.00,1.00,1.00,0.98,0.76,inferred
Mid Sussex,2021-05-27,1.00,1.00,1.00,1.00,1.00,0.98,0.76,inferred
Mid Sussex,2021-05-28,1.00,1.00,1.00,1.00,1.00,0.98,0.76,inferred
Mid Sussex,2021-05-29,1.00,1.00,1.00,1.00,1.00,0.98,0.76,inferred
Mid Sussex,2021-05-30,1.00,1.00,1.00,1.00,1.00,0.98,0.76,inferred
Mid Sussex,2021-05-31,1.00,1.00,1.00,1.00,1.00,0.98,0.76,inferred
Mid Sussex,2021-06-01,1.00,0.99,0.96,0.88,0.76,0.31,0.01,inferred
Mid Sussex,2021-06-02,1.00,0.99,0.96,0.88,0.76,0.31,0.01,inferred
Mid Sussex,2021-06-03,1.00,0.99,0.96,0.88,0.76,0.31,0.01,inferred
Mid Sussex,2021-06-04,1.00,0.99,0.96,0.88,0.76,0.31,0.01,inferred
Mid Sussex,2021-06-05,1.00,0.99,0.96,0.88,0.76,0.31,0.01,inferred
Mid Sussex,2021-06-06,1.00,0.99,0.96,0.88,0.76,0.31,0.01,inferred
Mid Sussex,2021-06-07,1.00,0.99,0.96,0.88,0.76,0.31,0.01,inferred
Mid Sussex,2021-06-08,1.00,1.00,0.99,0.95,0.85,0.29,0.01,inferred
Mid Sussex,2021-06-09,1.00,1.00,0.99,0.95,0.85,0.29,0.01,inferred
Mid Sussex,2021-06-10,1.00,1.00,0.99,0.95,0.85,0.29,0.01,inferred
Mid Sussex,2021-06-11,1.00,1.00,0.99,0.95,0.85,0.29,0.01,inferred
Mid Sussex,2021-06-12,1.00,1.00,0.99,0.95,0.85,0.29,0.01,inferred
Mid Sussex,2021-06-13,1.00,1.00,0.99,0.95,0.85,0.29,0.01,inferred
Mid Sussex,2021-06-14,1.00,1.00,0.99,0.95,0.85,0.29,0.01,inferred
Mid Sussex,2021-06-15,1.00,1.00,1.00,1.00,1.00,0.94,0.26,inferred
Mid Sussex,2021-06-16,1.00,1.00,1.00,1.00,1.00,0.94,0.26,inferred
Mid Sussex,2021-06-17,1.00,1.00,1.00,1.00,1.00,0.94,0.26,inferred
Mid Sussex,2021-06-18,1.00,1.00,1.00,1.00,1.00,0.94,0.26,inferred
Mid Sussex,2021-06-19,1.00,1.00,1.00,1.00,1.00,0.94,0.26,inferred
Mid Sussex,2021-06-20,1.00,1.00,1.00,1.00,1.00,0.94,0.26,inferred
Mid Sussex,2021-06-21,1.00,1.00,1.00,1.00,1.00,0.94,0.26,inferred
Mid Sussex,2021-06-22,1.00,1.00,1.00,1.00,1.00,0.96,0.41,inferred
Mid Sussex,2021-06-23,1.00,1.00,1.00,1.00,1.00,0.96,0.41,inferred
Mid Sussex,2021-06-24,1.00,1.00,1.00,1.00,1.00,0.96,0.41,inferred
Mid Sussex,2021-06-25,1.00,1.00,1.00,1.00,1.00,0.96,0.41,inferred
Mid Sussex,2021-06-26,1.00,1.00,1.00,1.00,1.00,0.96,0.41,inferred
Mid Sussex,2021-06-27,1.00,1.00,1.00,1.00,1.00,0.96,0.41,inferred
Mid Sussex,2021-06-28,1.00,1.00,1.00,1.00,1.00,0.96,0.41,inferred
Mid Sussex,2021-06-29,1.00,1.00,0.99,0.98,0.93,0.57,0.08,inferred
Mid Sussex,2021-06-30,1.00,1.00,0.99,0.98,0.93,0.57,0.08,inferred
Mid Sussex,2021-07-01,1.00,1.00,0.99,0.98,0.93,0.57,0.08,inferred
Mid Sussex,2021-07-02,1.00,1.00,0.99,0.98,0.93,0.57,0.08,inferred
Mid Sussex,2021-07-03,1.00,1.00,0.99,0.98,0.93,0.57,0.08,inferred
Mid Sussex,2021-07-04,1.00,1.00,0.99,0.98,0.93,0.57,0.08,inferred
Mid Sussex,2021-07-05,1.00,1.00,0.99,0.98,0.93,0.57,0.08,inferred
Mid Sussex,2021-07-06,0.99,0.98,0.94,0.89,0.80,0.49,0.15,projected
Mid Sussex,2021-07-07,0.99,0.98,0.94,0.89,0.80,0.49,0.15,projected
Mid Sussex,2021-07-08,0.99,0.98,0.94,0.89,0.80,0.49,0.15,projected
Mid Sussex,2021-07-09,0.99,0.98,0.94,0.89,0.80,0.49,0.15,projected
Mid Sussex,2021-07-10,0.99,0.98,0.94,0.89,0.80,0.49,0.15,projected
Mid Sussex,2021-07-11,0.99,0.98,0.94,0.89,0.80,0.49,0.15,projected
Mid Sussex,2021-07-12,0.99,0.98,0.94,0.89,0.80,0.49,0.15,projected
Mid Sussex,2021-07-13,0.98,0.95,0.90,0.84,0.76,0.48,0.17,projected
Mid Sussex,2021-07-14,0.98,0.95,0.90,0.84,0.76,0.48,0.17,projected
Mid Sussex,2021-07-15,0.98,0.95,0.90,0.84,0.76,0.48,0.17,projected
Mid Sussex,2021-07-16,0.98,0.95,0.90,0.84,0.76,0.48,0.17,projected
Mid Sussex,2021-07-17,0.98,0.95,0.90,0.84,0.76,0.48,0.17,projected
Mid Sussex,2021-07-18,0.98,0.95,0.90,0.84,0.76,0.48,0.17,projected
Mid Sussex,2021-07-19,0.98,0.95,0.90,0.84,0.76,0.48,0.17,projected
Mid Sussex,2021-07-20,0.97,0.93,0.88,0.81,0.75,0.47,0.19,projected
Mid Sussex,2021-07-21,0.97,0.93,0.88,0.81,0.75,0.47,0.19,projected
Mid Sussex,2021-07-22,0.97,0.93,0.88,0.81,0.75,0.47,0.19,projected
Mid Sussex,2021-07-23,0.97,0.93,0.88,0.81,0.75,0.47,0.19,projected
Mid Sussex,2021-07-24,0.97,0.93,0.88,0.81,0.75,0.47,0.19,projected
Mid Sussex,2021-07-25,0.97,0.93,0.88,0.81,0.75,0.47,0.19,projected
Mid Sussex,2021-07-26,0.97,0.93,0.88,0.81,0.75,0.47,0.19,projected
Middlesbrough,2021-03-23,0.24,0.04,0.01,0.00,0.00,0.00,0.00,inferred
Middlesbrough,2021-03-24,0.24,0.04,0.01,0.00,0.00,0.00,0.00,inferred
Middlesbrough,2021-03-25,0.24,0.04,0.01,0.00,0.00,0.00,0.00,inferred
Middlesbrough,2021-03-26,0.24,0.04,0.01,0.00,0.00,0.00,0.00,inferred
Middlesbrough,2021-03-27,0.24,0.04,0.01,0.00,0.00,0.00,0.00,inferred
Middlesbrough,2021-03-28,0.24,0.04,0.01,0.00,0.00,0.00,0.00,inferred
Middlesbrough,2021-03-29,0.24,0.04,0.01,0.00,0.00,0.00,0.00,inferred
Middlesbrough,2021-03-30,0.21,0.07,0.02,0.00,0.00,0.00,0.00,inferred
Middlesbrough,2021-03-31,0.21,0.07,0.02,0.00,0.00,0.00,0.00,inferred
Middlesbrough,2021-04-01,0.21,0.07,0.02,0.00,0.00,0.00,0.00,inferred
Middlesbrough,2021-04-02,0.21,0.07,0.02,0.00,0.00,0.00,0.00,inferred
Middlesbrough,2021-04-03,0.21,0.07,0.02,0.00,0.00,0.00,0.00,inferred
Middlesbrough,2021-04-04,0.21,0.07,0.02,0.00,0.00,0.00,0.00,inferred
Middlesbrough,2021-04-05,0.21,0.07,0.02,0.00,0.00,0.00,0.00,inferred
Middlesbrough,2021-04-06,0.39,0.18,0.06,0.02,0.00,0.00,0.00,inferred
Middlesbrough,2021-04-07,0.39,0.18,0.06,0.02,0.00,0.00,0.00,inferred
Middlesbrough,2021-04-08,0.39,0.18,0.06,0.02,0.00,0.00,0.00,inferred
Middlesbrough,2021-04-09,0.39,0.18,0.06,0.02,0.00,0.00,0.00,inferred
Middlesbrough,2021-04-10,0.39,0.18,0.06,0.02,0.00,0.00,0.00,inferred
Middlesbrough,2021-04-11,0.39,0.18,0.06,0.02,0.00,0.00,0.00,inferred
Middlesbrough,2021-04-12,0.39,0.18,0.06,0.02,0.00,0.00,0.00,inferred
Middlesbrough,2021-04-13,0.81,0.59,0.36,0.18,0.07,0.00,0.00,inferred
Middlesbrough,2021-04-14,0.81,0.59,0.36,0.18,0.07,0.00,0.00,inferred
Middlesbrough,2021-04-15,0.81,0.59,0.36,0.18,0.07,0.00,0.00,inferred
Middlesbrough,2021-04-16,0.81,0.59,0.36,0.18,0.07,0.00,0.00,inferred
Middlesbrough,2021-04-17,0.81,0.59,0.36,0.18,0.07,0.00,0.00,inferred
Middlesbrough,2021-04-18,0.81,0.59,0.36,0.18,0.07,0.00,0.00,inferred
Middlesbrough,2021-04-19,0.81,0.59,0.36,0.18,0.07,0.00,0.00,inferred
Middlesbrough,2021-04-20,0.98,0.91,0.78,0.59,0.38,0.05,0.00,inferred
Middlesbrough,2021-04-21,0.98,0.91,0.78,0.59,0.38,0.05,0.00,inferred
Middlesbrough,2021-04-22,0.98,0.91,0.78,0.59,0.38,0.05,0.00,inferred
Middlesbrough,2021-04-23,0.98,0.91,0.78,0.59,0.38,0.05,0.00,inferred
Middlesbrough,2021-04-24,0.98,0.91,0.78,0.59,0.38,0.05,0.00,inferred
Middlesbrough,2021-04-25,0.98,0.91,0.78,0.59,0.38,0.05,0.00,inferred
Middlesbrough,2021-04-26,0.98,0.91,0.78,0.59,0.38,0.05,0.00,inferred
Middlesbrough,2021-04-27,1.00,1.00,0.99,0.95,0.86,0.33,0.01,inferred
Middlesbrough,2021-04-28,1.00,1.00,0.99,0.95,0.86,0.33,0.01,inferred
Middlesbrough,2021-04-29,1.00,1.00,0.99,0.95,0.86,0.33,0.01,inferred
Middlesbrough,2021-04-30,1.00,1.00,0.99,0.95,0.86,0.33,0.01,inferred
Middlesbrough,2021-05-01,1.00,1.00,0.99,0.95,0.86,0.33,0.01,inferred
Middlesbrough,2021-05-02,1.00,1.00,0.99,0.95,0.86,0.33,0.01,inferred
Middlesbrough,2021-05-03,1.00,1.00,0.99,0.95,0.86,0.33,0.01,inferred
Middlesbrough,2021-05-04,0.62,0.33,0.13,0.04,0.01,0.00,0.00,inferred
Middlesbrough,2021-05-05,0.62,0.33,0.13,0.04,0.01,0.00,0.00,inferred
Middlesbrough,2021-05-06,0.62,0.33,0.13,0.04,0.01,0.00,0.00,inferred
Middlesbrough,2021-05-07,0.62,0.33,0.13,0.04,0.01,0.00,0.00,inferred
Middlesbrough,2021-05-08,0.62,0.33,0.13,0.04,0.01,0.00,0.00,inferred
Middlesbrough,2021-05-09,0.62,0.33,0.13,0.04,0.01,0.00,0.00,inferred
Middlesbrough,2021-05-10,0.62,0.33,0.13,0.04,0.01,0.00,0.00,inferred
Middlesbrough,2021-05-11,0.36,0.14,0.03,0.01,0.00,0.00,0.00,inferred
Middlesbrough,2021-05-12,0.36,0.14,0.03,0.01,0.00,0.00,0.00,inferred
Middlesbrough,2021-05-13,0.36,0.14,0.03,0.01,0.00,0.00,0.00,inferred
Middlesbrough,2021-05-14,0.36,0.14,0.03,0.01,0.00,0.00,0.00,inferred
Middlesbrough,2021-05-15,0.36,0.14,0.03,0.01,0.00,0.00,0.00,inferred
Middlesbrough,2021-05-16,0.36,0.14,0.03,0.01,0.00,0.00,0.00,inferred
Middlesbrough,2021-05-17,0.36,0.14,0.03,0.01,0.00,0.00,0.00,inferred
Middlesbrough,2021-05-18,0.75,0.48,0.26,0.11,0.04,0.00,0.00,inferred
Middlesbrough,2021-05-19,0.75,0.48,0.26,0.11,0.04,0.00,0.00,inferred
Middlesbrough,2021-05-20,0.75,0.48,0.26,0.11,0.04,0.00,0.00,inferred
Middlesbrough,2021-05-21,0.75,0.48,0.26,0.11,0.04,0.00,0.00,inferred
Middlesbrough,2021-05-22,0.75,0.48,0.26,0.11,0.04,0.00,0.00,inferred
Middlesbrough,2021-05-23,0.75,0.48,0.26,0.11,0.04,0.00,0.00,inferred
Middlesbrough,2021-05-24,0.75,0.48,0.26,0.11,0.04,0.00,0.00,inferred
Middlesbrough,2021-05-25,0.99,0.95,0.84,0.66,0.46,0.05,0.00,inferred
Middlesbrough,2021-05-26,0.99,0.95,0.84,0.66,0.46,0.05,0.00,inferred
Middlesbrough,2021-05-27,0.99,0.95,0.84,0.66,0.46,0.05,0.00,inferred
Middlesbrough,2021-05-28,0.99,0.95,0.84,0.66,0.46,0.05,0.00,inferred
Middlesbrough,2021-05-29,0.99,0.95,0.84,0.66,0.46,0.05,0.00,inferred
Middlesbrough,2021-05-30,0.99,0.95,0.84,0.66,0.46,0.05,0.00,inferred
Middlesbrough,2021-05-31,0.99,0.95,0.84,0.66,0.46,0.05,0.00,inferred
Middlesbrough,2021-06-01,1.00,1.00,1.00,1.00,0.97,0.62,0.05,inferred
Middlesbrough,2021-06-02,1.00,1.00,1.00,1.00,0.97,0.62,0.05,inferred
Middlesbrough,2021-06-03,1.00,1.00,1.00,1.00,0.97,0.62,0.05,inferred
Middlesbrough,2021-06-04,1.00,1.00,1.00,1.00,0.97,0.62,0.05,inferred
Middlesbrough,2021-06-05,1.00,1.00,1.00,1.00,0.97,0.62,0.05,inferred
Middlesbrough,2021-06-06,1.00,1.00,1.00,1.00,0.97,0.62,0.05,inferred
Middlesbrough,2021-06-07,1.00,1.00,1.00,1.00,0.97,0.62,0.05,inferred
Middlesbrough,2021-06-08,1.00,1.00,1.00,0.99,0.97,0.60,0.04,inferred
Middlesbrough,2021-06-09,1.00,1.00,1.00,0.99,0.97,0.60,0.04,inferred
Middlesbrough,2021-06-10,1.00,1.00,1.00,0.99,0.97,0.60,0.04,inferred
Middlesbrough,2021-06-11,1.00,1.00,1.00,0.99,0.97,0.60,0.04,inferred
Middlesbrough,2021-06-12,1.00,1.00,1.00,0.99,0.97,0.60,0.04,inferred
Middlesbrough,2021-06-13,1.00,1.00,1.00,0.99,0.97,0.60,0.04,inferred
Middlesbrough,2021-06-14,1.00,1.00,1.00,0.99,0.97,0.60,0.04,inferred
Middlesbrough,2021-06-15,1.00,1.00,1.00,1.00,1.00,1.00,0.87,inferred
Middlesbrough,2021-06-16,1.00,1.00,1.00,1.00,1.00,1.00,0.87,inferred
Middlesbrough,2021-06-17,1.00,1.00,1.00,1.00,1.00,1.00,0.87,inferred
Middlesbrough,2021-06-18,1.00,1.00,1.00,1.00,1.00,1.00,0.87,inferred
Middlesbrough,2021-06-19,1.00,1.00,1.00,1.00,1.00,1.00,0.87,inferred
Middlesbrough,2021-06-20,1.00,1.00,1.00,1.00,1.00,1.00,0.87,inferred
Middlesbrough,2021-06-21,1.00,1.00,1.00,1.00,1.00,1.00,0.87,inferred
Middlesbrough,2021-06-22,1.00,1.00,1.00,1.00,1.00,1.00,0.90,inferred
Middlesbrough,2021-06-23,1.00,1.00,1.00,1.00,1.00,1.00,0.90,inferred
Middlesbrough,2021-06-24,1.00,1.00,1.00,1.00,1.00,1.00,0.90,inferred
Middlesbrough,2021-06-25,1.00,1.00,1.00,1.00,1.00,1.00,0.90,inferred
Middlesbrough,2021-06-26,1.00,1.00,1.00,1.00,1.00,1.00,0.90,inferred
Middlesbrough,2021-06-27,1.00,1.00,1.00,1.00,1.00,1.00,0.90,inferred
Middlesbrough,2021-06-28,1.00,1.00,1.00,1.00,1.00,1.00,0.90,inferred
Middlesbrough,2021-06-29,1.00,1.00,1.00,1.00,1.00,0.96,0.64,inferred
Middlesbrough,2021-06-30,1.00,1.00,1.00,1.00,1.00,0.96,0.64,inferred
Middlesbrough,2021-07-01,1.00,1.00,1.00,1.00,1.00,0.96,0.64,inferred
Middlesbrough,2021-07-02,1.00,1.00,1.00,1.00,1.00,0.96,0.64,inferred
Middlesbrough,2021-07-03,1.00,1.00,1.00,1.00,1.00,0.96,0.64,inferred
Middlesbrough,2021-07-04,1.00,1.00,1.00,1.00,1.00,0.96,0.64,inferred
Middlesbrough,2021-07-05,1.00,1.00,1.00,1.00,1.00,0.96,0.64,inferred
Middlesbrough,2021-07-06,1.00,1.00,0.99,0.99,0.97,0.82,0.45,projected
Middlesbrough,2021-07-07,1.00,1.00,0.99,0.99,0.97,0.82,0.45,projected
Middlesbrough,2021-07-08,1.00,1.00,0.99,0.99,0.97,0.82,0.45,projected
Middlesbrough,2021-07-09,1.00,1.00,0.99,0.99,0.97,0.82,0.45,projected
Middlesbrough,2021-07-10,1.00,1.00,0.99,0.99,0.97,0.82,0.45,projected
Middlesbrough,2021-07-11,1.00,1.00,0.99,0.99,0.97,0.82,0.45,projected
Middlesbrough,2021-07-12,1.00,1.00,0.99,0.99,0.97,0.82,0.45,projected
Middlesbrough,2021-07-13,0.99,0.98,0.96,0.94,0.90,0.73,0.40,projected
Middlesbrough,2021-07-14,0.99,0.98,0.96,0.94,0.90,0.73,0.40,projected
Middlesbrough,2021-07-15,0.99,0.98,0.96,0.94,0.90,0.73,0.40,projected
Middlesbrough,2021-07-16,0.99,0.98,0.96,0.94,0.90,0.73,0.40,projected
Middlesbrough,2021-07-17,0.99,0.98,0.96,0.94,0.90,0.73,0.40,projected
Middlesbrough,2021-07-18,0.99,0.98,0.96,0.94,0.90,0.73,0.40,projected
Middlesbrough,2021-07-19,0.99,0.98,0.96,0.94,0.90,0.73,0.40,projected
Middlesbrough,2021-07-20,0.99,0.96,0.93,0.89,0.84,0.67,0.39,projected
Middlesbrough,2021-07-21,0.99,0.96,0.93,0.89,0.84,0.67,0.39,projected
Middlesbrough,2021-07-22,0.99,0.96,0.93,0.89,0.84,0.67,0.39,projected
Middlesbrough,2021-07-23,0.99,0.96,0.93,0.89,0.84,0.67,0.39,projected
Middlesbrough,2021-07-24,0.99,0.96,0.93,0.89,0.84,0.67,0.39,projected
Middlesbrough,2021-07-25,0.99,0.96,0.93,0.89,0.84,0.67,0.39,projected
Middlesbrough,2021-07-26,0.99,0.96,0.93,0.89,0.84,0.67,0.39,projected
Midlothian,2021-03-23,0.34,0.12,0.03,0.00,0.00,0.00,0.00,inferred
Midlothian,2021-03-24,0.34,0.12,0.03,0.00,0.00,0.00,0.00,inferred
Midlothian,2021-03-25,0.34,0.12,0.03,0.00,0.00,0.00,0.00,inferred
Midlothian,2021-03-26,0.34,0.12,0.03,0.00,0.00,0.00,0.00,inferred
Midlothian,2021-03-27,0.34,0.12,0.03,0.00,0.00,0.00,0.00,inferred
Midlothian,2021-03-28,0.34,0.12,0.03,0.00,0.00,0.00,0.00,inferred
Midlothian,2021-03-29,0.34,0.12,0.03,0.00,0.00,0.00,0.00,inferred
Midlothian,2021-03-30,0.09,0.02,0.00,0.00,0.00,0.00,0.00,inferred
Midlothian,2021-03-31,0.09,0.02,0.00,0.00,0.00,0.00,0.00,inferred
Midlothian,2021-04-01,0.09,0.02,0.00,0.00,0.00,0.00,0.00,inferred
Midlothian,2021-04-02,0.09,0.02,0.00,0.00,0.00,0.00,0.00,inferred
Midlothian,2021-04-03,0.09,0.02,0.00,0.00,0.00,0.00,0.00,inferred
Midlothian,2021-04-04,0.09,0.02,0.00,0.00,0.00,0.00,0.00,inferred
Midlothian,2021-04-05,0.09,0.02,0.00,0.00,0.00,0.00,0.00,inferred
Midlothian,2021-04-06,0.25,0.11,0.04,0.01,0.00,0.00,0.00,inferred
Midlothian,2021-04-07,0.25,0.11,0.04,0.01,0.00,0.00,0.00,inferred
Midlothian,2021-04-08,0.25,0.11,0.04,0.01,0.00,0.00,0.00,inferred
Midlothian,2021-04-09,0.25,0.11,0.04,0.01,0.00,0.00,0.00,inferred
Midlothian,2021-04-10,0.25,0.11,0.04,0.01,0.00,0.00,0.00,inferred
Midlothian,2021-04-11,0.25,0.11,0.04,0.01,0.00,0.00,0.00,inferred
Midlothian,2021-04-12,0.25,0.11,0.04,0.01,0.00,0.00,0.00,inferred
Midlothian,2021-04-13,0.67,0.45,0.29,0.15,0.06,0.00,0.00,inferred
Midlothian,2021-04-14,0.67,0.45,0.29,0.15,0.06,0.00,0.00,inferred
Midlothian,2021-04-15,0.67,0.45,0.29,0.15,0.06,0.00,0.00,inferred
Midlothian,2021-04-16,0.67,0.45,0.29,0.15,0.06,0.00,0.00,inferred
Midlothian,2021-04-17,0.67,0.45,0.29,0.15,0.06,0.00,0.00,inferred
Midlothian,2021-04-18,0.67,0.45,0.29,0.15,0.06,0.00,0.00,inferred
Midlothian,2021-04-19,0.67,0.45,0.29,0.15,0.06,0.00,0.00,inferred
Midlothian,2021-04-20,0.75,0.53,0.32,0.16,0.08,0.00,0.00,inferred
Midlothian,2021-04-21,0.75,0.53,0.32,0.16,0.08,0.00,0.00,inferred
Midlothian,2021-04-22,0.75,0.53,0.32,0.16,0.08,0.00,0.00,inferred
Midlothian,2021-04-23,0.75,0.53,0.32,0.16,0.08,0.00,0.00,inferred
Midlothian,2021-04-24,0.75,0.53,0.32,0.16,0.08,0.00,0.00,inferred
Midlothian,2021-04-25,0.75,0.53,0.32,0.16,0.08,0.00,0.00,inferred
Midlothian,2021-04-26,0.75,0.53,0.32,0.16,0.08,0.00,0.00,inferred
Midlothian,2021-04-27,0.84,0.67,0.47,0.31,0.17,0.02,0.00,inferred
Midlothian,2021-04-28,0.84,0.67,0.47,0.31,0.17,0.02,0.00,inferred
Midlothian,2021-04-29,0.84,0.67,0.47,0.31,0.17,0.02,0.00,inferred
Midlothian,2021-04-30,0.84,0.67,0.47,0.31,0.17,0.02,0.00,inferred
Midlothian,2021-05-01,0.84,0.67,0.47,0.31,0.17,0.02,0.00,inferred
Midlothian,2021-05-02,0.84,0.67,0.47,0.31,0.17,0.02,0.00,inferred
Midlothian,2021-05-03,0.84,0.67,0.47,0.31,0.17,0.02,0.00,inferred
Midlothian,2021-05-04,0.98,0.94,0.85,0.72,0.57,0.15,0.00,inferred
Midlothian,2021-05-05,0.98,0.94,0.85,0.72,0.57,0.15,0.00,inferred
Midlothian,2021-05-06,0.98,0.94,0.85,0.72,0.57,0.15,0.00,inferred
Midlothian,2021-05-07,0.98,0.94,0.85,0.72,0.57,0.15,0.00,inferred
Midlothian,2021-05-08,0.98,0.94,0.85,0.72,0.57,0.15,0.00,inferred
Midlothian,2021-05-09,0.98,0.94,0.85,0.72,0.57,0.15,0.00,inferred
Midlothian,2021-05-10,0.98,0.94,0.85,0.72,0.57,0.15,0.00,inferred
Midlothian,2021-05-11,1.00,0.99,0.96,0.90,0.78,0.36,0.03,inferred
Midlothian,2021-05-12,1.00,0.99,0.96,0.90,0.78,0.36,0.03,inferred
Midlothian,2021-05-13,1.00,0.99,0.96,0.90,0.78,0.36,0.03,inferred
Midlothian,2021-05-14,1.00,0.99,0.96,0.90,0.78,0.36,0.03,inferred
Midlothian,2021-05-15,1.00,0.99,0.96,0.90,0.78,0.36,0.03,inferred
Midlothian,2021-05-16,1.00,0.99,0.96,0.90,0.78,0.36,0.03,inferred
Midlothian,2021-05-17,1.00,0.99,0.96,0.90,0.78,0.36,0.03,inferred
Midlothian,2021-05-18,1.00,1.00,1.00,0.99,0.97,0.73,0.14,inferred
Midlothian,2021-05-19,1.00,1.00,1.00,0.99,0.97,0.73,0.14,inferred
Midlothian,2021-05-20,1.00,1.00,1.00,0.99,0.97,0.73,0.14,inferred
Midlothian,2021-05-21,1.00,1.00,1.00,0.99,0.97,0.73,0.14,inferred
Midlothian,2021-05-22,1.00,1.00,1.00,0.99,0.97,0.73,0.14,inferred
Midlothian,2021-05-23,1.00,1.00,1.00,0.99,0.97,0.73,0.14,inferred
Midlothian,2021-05-24,1.00,1.00,1.00,0.99,0.97,0.73,0.14,inferred
Midlothian,2021-05-25,1.00,1.00,1.00,1.00,1.00,0.93,0.48,inferred
Midlothian,2021-05-26,1.00,1.00,1.00,1.00,1.00,0.93,0.48,inferred
Midlothian,2021-05-27,1.00,1.00,1.00,1.00,1.00,0.93,0.48,inferred
Midlothian,2021-05-28,1.00,1.00,1.00,1.00,1.00,0.93,0.48,inferred
Midlothian,2021-05-29,1.00,1.00,1.00,1.00,1.00,0.93,0.48,inferred
Midlothian,2021-05-30,1.00,1.00,1.00,1.00,1.00,0.93,0.48,inferred
Midlothian,2021-05-31,1.00,1.00,1.00,1.00,1.00,0.93,0.48,inferred
Midlothian,2021-06-01,1.00,1.00,0.97,0.92,0.80,0.31,0.01,inferred
Midlothian,2021-06-02,1.00,1.00,0.97,0.92,0.80,0.31,0.01,inferred
Midlothian,2021-06-03,1.00,1.00,0.97,0.92,0.80,0.31,0.01,inferred
Midlothian,2021-06-04,1.00,1.00,0.97,0.92,0.80,0.31,0.01,inferred
Midlothian,2021-06-05,1.00,1.00,0.97,0.92,0.80,0.31,0.01,inferred
Midlothian,2021-06-06,1.00,1.00,0.97,0.92,0.80,0.31,0.01,inferred
Midlothian,2021-06-07,1.00,1.00,0.97,0.92,0.80,0.31,0.01,inferred
Midlothian,2021-06-08,1.00,0.99,0.93,0.80,0.57,0.05,0.00,inferred
Midlothian,2021-06-09,1.00,0.99,0.93,0.80,0.57,0.05,0.00,inferred
Midlothian,2021-06-10,1.00,0.99,0.93,0.80,0.57,0.05,0.00,inferred
Midlothian,2021-06-11,1.00,0.99,0.93,0.80,0.57,0.05,0.00,inferred
Midlothian,2021-06-12,1.00,0.99,0.93,0.80,0.57,0.05,0.00,inferred
Midlothian,2021-06-13,1.00,0.99,0.93,0.80,0.57,0.05,0.00,inferred
Midlothian,2021-06-14,1.00,0.99,0.93,0.80,0.57,0.05,0.00,inferred
Midlothian,2021-06-15,1.00,1.00,1.00,1.00,1.00,1.00,0.78,inferred
Midlothian,2021-06-16,1.00,1.00,1.00,1.00,1.00,1.00,0.78,inferred
Midlothian,2021-06-17,1.00,1.00,1.00,1.00,1.00,1.00,0.78,inferred
Midlothian,2021-06-18,1.00,1.00,1.00,1.00,1.00,1.00,0.78,inferred
Midlothian,2021-06-19,1.00,1.00,1.00,1.00,1.00,1.00,0.78,inferred
Midlothian,2021-06-20,1.00,1.00,1.00,1.00,1.00,1.00,0.78,inferred
Midlothian,2021-06-21,1.00,1.00,1.00,1.00,1.00,1.00,0.78,inferred
Midlothian,2021-06-22,1.00,1.00,0.99,0.94,0.82,0.27,0.00,inferred
Midlothian,2021-06-23,1.00,1.00,0.99,0.94,0.82,0.27,0.00,inferred
Midlothian,2021-06-24,1.00,1.00,0.99,0.94,0.82,0.27,0.00,inferred
Midlothian,2021-06-25,1.00,1.00,0.99,0.94,0.82,0.27,0.00,inferred
Midlothian,2021-06-26,1.00,1.00,0.99,0.94,0.82,0.27,0.00,inferred
Midlothian,2021-06-27,1.00,1.00,0.99,0.94,0.82,0.27,0.00,inferred
Midlothian,2021-06-28,1.00,1.00,0.99,0.94,0.82,0.27,0.00,inferred
Midlothian,2021-06-29,0.36,0.19,0.09,0.04,0.02,0.00,0.00,inferred
Midlothian,2021-06-30,0.36,0.19,0.09,0.04,0.02,0.00,0.00,inferred
Midlothian,2021-07-01,0.36,0.19,0.09,0.04,0.02,0.00,0.00,inferred
Midlothian,2021-07-02,0.36,0.19,0.09,0.04,0.02,0.00,0.00,inferred
Midlothian,2021-07-03,0.36,0.19,0.09,0.04,0.02,0.00,0.00,inferred
Midlothian,2021-07-04,0.36,0.19,0.09,0.04,0.02,0.00,0.00,inferred
Midlothian,2021-07-05,0.36,0.19,0.09,0.04,0.02,0.00,0.00,inferred
Midlothian,2021-07-06,0.43,0.34,0.25,0.20,0.15,0.07,0.01,projected
Midlothian,2021-07-07,0.43,0.34,0.25,0.20,0.15,0.07,0.01,projected
Midlothian,2021-07-08,0.43,0.34,0.25,0.20,0.15,0.07,0.01,projected
Midlothian,2021-07-09,0.43,0.34,0.25,0.20,0.15,0.07,0.01,projected
Midlothian,2021-07-10,0.43,0.34,0.25,0.20,0.15,0.07,0.01,projected
Midlothian,2021-07-11,0.43,0.34,0.25,0.20,0.15,0.07,0.01,projected
Midlothian,2021-07-12,0.43,0.34,0.25,0.20,0.15,0.07,0.01,projected
Midlothian,2021-07-13,0.47,0.40,0.32,0.27,0.22,0.12,0.04,projected
Midlothian,2021-07-14,0.47,0.40,0.32,0.27,0.22,0.12,0.04,projected
Midlothian,2021-07-15,0.47,0.40,0.32,0.27,0.22,0.12,0.04,projected
Midlothian,2021-07-16,0.47,0.40,0.32,0.27,0.22,0.12,0.04,projected
Midlothian,2021-07-17,0.47,0.40,0.32,0.27,0.22,0.12,0.04,projected
Midlothian,2021-07-18,0.47,0.40,0.32,0.27,0.22,0.12,0.04,projected
Midlothian,2021-07-19,0.47,0.40,0.32,0.27,0.22,0.12,0.04,projected
Midlothian,2021-07-20,0.50,0.42,0.36,0.31,0.27,0.17,0.08,projected
Midlothian,2021-07-21,0.50,0.42,0.36,0.31,0.27,0.17,0.08,projected
Midlothian,2021-07-22,0.50,0.42,0.36,0.31,0.27,0.17,0.08,projected
Midlothian,2021-07-23,0.50,0.42,0.36,0.31,0.27,0.17,0.08,projected
Midlothian,2021-07-24,0.50,0.42,0.36,0.31,0.27,0.17,0.08,projected
Midlothian,2021-07-25,0.50,0.42,0.36,0.31,0.27,0.17,0.08,projected
Midlothian,2021-07-26,0.50,0.42,0.36,0.31,0.27,0.17,0.08,projected
Milton Keynes,2021-03-23,0.48,0.16,0.02,0.00,0.00,0.00,0.00,inferred
Milton Keynes,2021-03-24,0.48,0.16,0.02,0.00,0.00,0.00,0.00,inferred
Milton Keynes,2021-03-25,0.48,0.16,0.02,0.00,0.00,0.00,0.00,inferred
Milton Keynes,2021-03-26,0.48,0.16,0.02,0.00,0.00,0.00,0.00,inferred
Milton Keynes,2021-03-27,0.48,0.16,0.02,0.00,0.00,0.00,0.00,inferred
Milton Keynes,2021-03-28,0.48,0.16,0.02,0.00,0.00,0.00,0.00,inferred
Milton Keynes,2021-03-29,0.48,0.16,0.02,0.00,0.00,0.00,0.00,inferred
Milton Keynes,2021-03-30,0.72,0.39,0.14,0.02,0.00,0.00,0.00,inferred
Milton Keynes,2021-03-31,0.72,0.39,0.14,0.02,0.00,0.00,0.00,inferred
Milton Keynes,2021-04-01,0.72,0.39,0.14,0.02,0.00,0.00,0.00,inferred
Milton Keynes,2021-04-02,0.72,0.39,0.14,0.02,0.00,0.00,0.00,inferred
Milton Keynes,2021-04-03,0.72,0.39,0.14,0.02,0.00,0.00,0.00,inferred
Milton Keynes,2021-04-04,0.72,0.39,0.14,0.02,0.00,0.00,0.00,inferred
Milton Keynes,2021-04-05,0.72,0.39,0.14,0.02,0.00,0.00,0.00,inferred
Milton Keynes,2021-04-06,0.19,0.05,0.01,0.00,0.00,0.00,0.00,inferred
Milton Keynes,2021-04-07,0.19,0.05,0.01,0.00,0.00,0.00,0.00,inferred
Milton Keynes,2021-04-08,0.19,0.05,0.01,0.00,0.00,0.00,0.00,inferred
Milton Keynes,2021-04-09,0.19,0.05,0.01,0.00,0.00,0.00,0.00,inferred
Milton Keynes,2021-04-10,0.19,0.05,0.01,0.00,0.00,0.00,0.00,inferred
Milton Keynes,2021-04-11,0.19,0.05,0.01,0.00,0.00,0.00,0.00,inferred
Milton Keynes,2021-04-12,0.19,0.05,0.01,0.00,0.00,0.00,0.00,inferred
Milton Keynes,2021-04-13,0.36,0.13,0.03,0.01,0.00,0.00,0.00,inferred
Milton Keynes,2021-04-14,0.36,0.13,0.03,0.01,0.00,0.00,0.00,inferred
Milton Keynes,2021-04-15,0.36,0.13,0.03,0.01,0.00,0.00,0.00,inferred
Milton Keynes,2021-04-16,0.36,0.13,0.03,0.01,0.00,0.00,0.00,inferred
Milton Keynes,2021-04-17,0.36,0.13,0.03,0.01,0.00,0.00,0.00,inferred
Milton Keynes,2021-04-18,0.36,0.13,0.03,0.01,0.00,0.00,0.00,inferred
Milton Keynes,2021-04-19,0.36,0.13,0.03,0.01,0.00,0.00,0.00,inferred
Milton Keynes,2021-04-20,0.51,0.26,0.10,0.02,0.01,0.00,0.00,inferred
Milton Keynes,2021-04-21,0.51,0.26,0.10,0.02,0.01,0.00,0.00,inferred
Milton Keynes,2021-04-22,0.51,0.26,0.10,0.02,0.01,0.00,0.00,inferred
Milton Keynes,2021-04-23,0.51,0.26,0.10,0.02,0.01,0.00,0.00,inferred
Milton Keynes,2021-04-24,0.51,0.26,0.10,0.02,0.01,0.00,0.00,inferred
Milton Keynes,2021-04-25,0.51,0.26,0.10,0.02,0.01,0.00,0.00,inferred
Milton Keynes,2021-04-26,0.51,0.26,0.10,0.02,0.01,0.00,0.00,inferred
Milton Keynes,2021-04-27,0.95,0.86,0.70,0.48,0.28,0.02,0.00,inferred
Milton Keynes,2021-04-28,0.95,0.86,0.70,0.48,0.28,0.02,0.00,inferred
Milton Keynes,2021-04-29,0.95,0.86,0.70,0.48,0.28,0.02,0.00,inferred
Milton Keynes,2021-04-30,0.95,0.86,0.70,0.48,0.28,0.02,0.00,inferred
Milton Keynes,2021-05-01,0.95,0.86,0.70,0.48,0.28,0.02,0.00,inferred
Milton Keynes,2021-05-02,0.95,0.86,0.70,0.48,0.28,0.02,0.00,inferred
Milton Keynes,2021-05-03,0.95,0.86,0.70,0.48,0.28,0.02,0.00,inferred
Milton Keynes,2021-05-04,0.99,0.94,0.82,0.61,0.39,0.05,0.00,inferred
Milton Keynes,2021-05-05,0.99,0.94,0.82,0.61,0.39,0.05,0.00,inferred
Milton Keynes,2021-05-06,0.99,0.94,0.82,0.61,0.39,0.05,0.00,inferred
Milton Keynes,2021-05-07,0.99,0.94,0.82,0.61,0.39,0.05,0.00,inferred
Milton Keynes,2021-05-08,0.99,0.94,0.82,0.61,0.39,0.05,0.00,inferred
Milton Keynes,2021-05-09,0.99,0.94,0.82,0.61,0.39,0.05,0.00,inferred
Milton Keynes,2021-05-10,0.99,0.94,0.82,0.61,0.39,0.05,0.00,inferred
Milton Keynes,2021-05-11,0.99,0.97,0.88,0.70,0.49,0.05,0.00,inferred
Milton Keynes,2021-05-12,0.99,0.97,0.88,0.70,0.49,0.05,0.00,inferred
Milton Keynes,2021-05-13,0.99,0.97,0.88,0.70,0.49,0.05,0.00,inferred
Milton Keynes,2021-05-14,0.99,0.97,0.88,0.70,0.49,0.05,0.00,inferred
Milton Keynes,2021-05-15,0.99,0.97,0.88,0.70,0.49,0.05,0.00,inferred
Milton Keynes,2021-05-16,0.99,0.97,0.88,0.70,0.49,0.05,0.00,inferred
Milton Keynes,2021-05-17,0.99,0.97,0.88,0.70,0.49,0.05,0.00,inferred
Milton Keynes,2021-05-18,1.00,1.00,0.99,0.98,0.93,0.43,0.01,inferred
Milton Keynes,2021-05-19,1.00,1.00,0.99,0.98,0.93,0.43,0.01,inferred
Milton Keynes,2021-05-20,1.00,1.00,0.99,0.98,0.93,0.43,0.01,inferred
Milton Keynes,2021-05-21,1.00,1.00,0.99,0.98,0.93,0.43,0.01,inferred
Milton Keynes,2021-05-22,1.00,1.00,0.99,0.98,0.93,0.43,0.01,inferred
Milton Keynes,2021-05-23,1.00,1.00,0.99,0.98,0.93,0.43,0.01,inferred
Milton Keynes,2021-05-24,1.00,1.00,0.99,0.98,0.93,0.43,0.01,inferred
Milton Keynes,2021-05-25,1.00,1.00,1.00,0.99,0.96,0.55,0.03,inferred
Milton Keynes,2021-05-26,1.00,1.00,1.00,0.99,0.96,0.55,0.03,inferred
Milton Keynes,2021-05-27,1.00,1.00,1.00,0.99,0.96,0.55,0.03,inferred
Milton Keynes,2021-05-28,1.00,1.00,1.00,0.99,0.96,0.55,0.03,inferred
Milton Keynes,2021-05-29,1.00,1.00,1.00,0.99,0.96,0.55,0.03,inferred
Milton Keynes,2021-05-30,1.00,1.00,1.00,0.99,0.96,0.55,0.03,inferred
Milton Keynes,2021-05-31,1.00,1.00,1.00,0.99,0.96,0.55,0.03,inferred
Milton Keynes,2021-06-01,1.00,0.99,0.95,0.81,0.59,0.08,0.00,inferred
Milton Keynes,2021-06-02,1.00,0.99,0.95,0.81,0.59,0.08,0.00,inferred
Milton Keynes,2021-06-03,1.00,0.99,0.95,0.81,0.59,0.08,0.00,inferred
Milton Keynes,2021-06-04,1.00,0.99,0.95,0.81,0.59,0.08,0.00,inferred
Milton Keynes,2021-06-05,1.00,0.99,0.95,0.81,0.59,0.08,0.00,inferred
Milton Keynes,2021-06-06,1.00,0.99,0.95,0.81,0.59,0.08,0.00,inferred
Milton Keynes,2021-06-07,1.00,0.99,0.95,0.81,0.59,0.08,0.00,inferred
Milton Keynes,2021-06-08,0.99,0.96,0.79,0.50,0.25,0.00,0.00,inferred
Milton Keynes,2021-06-09,0.99,0.96,0.79,0.50,0.25,0.00,0.00,inferred
Milton Keynes,2021-06-10,0.99,0.96,0.79,0.50,0.25,0.00,0.00,inferred
Milton Keynes,2021-06-11,0.99,0.96,0.79,0.50,0.25,0.00,0.00,inferred
Milton Keynes,2021-06-12,0.99,0.96,0.79,0.50,0.25,0.00,0.00,inferred
Milton Keynes,2021-06-13,0.99,0.96,0.79,0.50,0.25,0.00,0.00,inferred
Milton Keynes,2021-06-14,0.99,0.96,0.79,0.50,0.25,0.00,0.00,inferred
Milton Keynes,2021-06-15,1.00,1.00,1.00,1.00,1.00,0.87,0.06,inferred
Milton Keynes,2021-06-16,1.00,1.00,1.00,1.00,1.00,0.87,0.06,inferred
Milton Keynes,2021-06-17,1.00,1.00,1.00,1.00,1.00,0.87,0.06,inferred
Milton Keynes,2021-06-18,1.00,1.00,1.00,1.00,1.00,0.87,0.06,inferred
Milton Keynes,2021-06-19,1.00,1.00,1.00,1.00,1.00,0.87,0.06,inferred
Milton Keynes,2021-06-20,1.00,1.00,1.00,1.00,1.00,0.87,0.06,inferred
Milton Keynes,2021-06-21,1.00,1.00,1.00,1.00,1.00,0.87,0.06,inferred
Milton Keynes,2021-06-22,1.00,1.00,1.00,1.00,1.00,0.97,0.63,inferred
Milton Keynes,2021-06-23,1.00,1.00,1.00,1.00,1.00,0.97,0.63,inferred
Milton Keynes,2021-06-24,1.00,1.00,1.00,1.00,1.00,0.97,0.63,inferred
Milton Keynes,2021-06-25,1.00,1.00,1.00,1.00,1.00,0.97,0.63,inferred
Milton Keynes,2021-06-26,1.00,1.00,1.00,1.00,1.00,0.97,0.63,inferred
Milton Keynes,2021-06-27,1.00,1.00,1.00,1.00,1.00,0.97,0.63,inferred
Milton Keynes,2021-06-28,1.00,1.00,1.00,1.00,1.00,0.97,0.63,inferred
Milton Keynes,2021-06-29,1.00,0.98,0.89,0.76,0.58,0.13,0.00,inferred
Milton Keynes,2021-06-30,1.00,0.98,0.89,0.76,0.58,0.13,0.00,inferred
Milton Keynes,2021-07-01,1.00,0.98,0.89,0.76,0.58,0.13,0.00,inferred
Milton Keynes,2021-07-02,1.00,0.98,0.89,0.76,0.58,0.13,0.00,inferred
Milton Keynes,2021-07-03,1.00,0.98,0.89,0.76,0.58,0.13,0.00,inferred
Milton Keynes,2021-07-04,1.00,0.98,0.89,0.76,0.58,0.13,0.00,inferred
Milton Keynes,2021-07-05,1.00,0.98,0.89,0.76,0.58,0.13,0.00,inferred
Milton Keynes,2021-07-06,0.96,0.90,0.82,0.70,0.59,0.24,0.04,projected
Milton Keynes,2021-07-07,0.96,0.90,0.82,0.70,0.59,0.24,0.04,projected
Milton Keynes,2021-07-08,0.96,0.90,0.82,0.70,0.59,0.24,0.04,projected
Milton Keynes,2021-07-09,0.96,0.90,0.82,0.70,0.59,0.24,0.04,projected
Milton Keynes,2021-07-10,0.96,0.90,0.82,0.70,0.59,0.24,0.04,projected
Milton Keynes,2021-07-11,0.96,0.90,0.82,0.70,0.59,0.24,0.04,projected
Milton Keynes,2021-07-12,0.96,0.90,0.82,0.70,0.59,0.24,0.04,projected
Milton Keynes,2021-07-13,0.95,0.90,0.82,0.71,0.60,0.31,0.08,projected
Milton Keynes,2021-07-14,0.95,0.90,0.82,0.71,0.60,0.31,0.08,projected
Milton Keynes,2021-07-15,0.95,0.90,0.82,0.71,0.60,0.31,0.08,projected
Milton Keynes,2021-07-16,0.95,0.90,0.82,0.71,0.60,0.31,0.08,projected
Milton Keynes,2021-07-17,0.95,0.90,0.82,0.71,0.60,0.31,0.08,projected
Milton Keynes,2021-07-18,0.95,0.90,0.82,0.71,0.60,0.31,0.08,projected
Milton Keynes,2021-07-19,0.95,0.90,0.82,0.71,0.60,0.31,0.08,projected
Milton Keynes,2021-07-20,0.95,0.91,0.82,0.74,0.62,0.35,0.12,projected
Milton Keynes,2021-07-21,0.95,0.91,0.82,0.74,0.62,0.35,0.12,projected
Milton Keynes,2021-07-22,0.95,0.91,0.82,0.74,0.62,0.35,0.12,projected
Milton Keynes,2021-07-23,0.95,0.91,0.82,0.74,0.62,0.35,0.12,projected
Milton Keynes,2021-07-24,0.95,0.91,0.82,0.74,0.62,0.35,0.12,projected
Milton Keynes,2021-07-25,0.95,0.91,0.82,0.74,0.62,0.35,0.12,projected
Milton Keynes,2021-07-26,0.95,0.91,0.82,0.74,0.62,0.35,0.12,projected
Mole Valley,2021-03-23,0.42,0.21,0.09,0.04,0.01,0.00,0.00,inferred
Mole Valley,2021-03-24,0.42,0.21,0.09,0.04,0.01,0.00,0.00,inferred
Mole Valley,2021-03-25,0.42,0.21,0.09,0.04,0.01,0.00,0.00,inferred
Mole Valley,2021-03-26,0.42,0.21,0.09,0.04,0.01,0.00,0.00,inferred
Mole Valley,2021-03-27,0.42,0.21,0.09,0.04,0.01,0.00,0.00,inferred
Mole Valley,2021-03-28,0.42,0.21,0.09,0.04,0.01,0.00,0.00,inferred
Mole Valley,2021-03-29,0.42,0.21,0.09,0.04,0.01,0.00,0.00,inferred
Mole Valley,2021-03-30,0.65,0.46,0.28,0.16,0.08,0.00,0.00,inferred
Mole Valley,2021-03-31,0.65,0.46,0.28,0.16,0.08,0.00,0.00,inferred
Mole Valley,2021-04-01,0.65,0.46,0.28,0.16,0.08,0.00,0.00,inferred
Mole Valley,2021-04-02,0.65,0.46,0.28,0.16,0.08,0.00,0.00,inferred
Mole Valley,2021-04-03,0.65,0.46,0.28,0.16,0.08,0.00,0.00,inferred
Mole Valley,2021-04-04,0.65,0.46,0.28,0.16,0.08,0.00,0.00,inferred
Mole Valley,2021-04-05,0.65,0.46,0.28,0.16,0.08,0.00,0.00,inferred
Mole Valley,2021-04-06,0.78,0.62,0.44,0.31,0.18,0.03,0.00,inferred
Mole Valley,2021-04-07,0.78,0.62,0.44,0.31,0.18,0.03,0.00,inferred
Mole Valley,2021-04-08,0.78,0.62,0.44,0.31,0.18,0.03,0.00,inferred
Mole Valley,2021-04-09,0.78,0.62,0.44,0.31,0.18,0.03,0.00,inferred
Mole Valley,2021-04-10,0.78,0.62,0.44,0.31,0.18,0.03,0.00,inferred
Mole Valley,2021-04-11,0.78,0.62,0.44,0.31,0.18,0.03,0.00,inferred
Mole Valley,2021-04-12,0.78,0.62,0.44,0.31,0.18,0.03,0.00,inferred
Mole Valley,2021-04-13,0.78,0.61,0.43,0.29,0.17,0.02,0.00,inferred
Mole Valley,2021-04-14,0.78,0.61,0.43,0.29,0.17,0.02,0.00,inferred
Mole Valley,2021-04-15,0.78,0.61,0.43,0.29,0.17,0.02,0.00,inferred
Mole Valley,2021-04-16,0.78,0.61,0.43,0.29,0.17,0.02,0.00,inferred
Mole Valley,2021-04-17,0.78,0.61,0.43,0.29,0.17,0.02,0.00,inferred
Mole Valley,2021-04-18,0.78,0.61,0.43,0.29,0.17,0.02,0.00,inferred
Mole Valley,2021-04-19,0.78,0.61,0.43,0.29,0.17,0.02,0.00,inferred
Mole Valley,2021-04-20,0.41,0.25,0.15,0.08,0.03,0.00,0.00,inferred
Mole Valley,2021-04-21,0.41,0.25,0.15,0.08,0.03,0.00,0.00,inferred
Mole Valley,2021-04-22,0.41,0.25,0.15,0.08,0.03,0.00,0.00,inferred
Mole Valley,2021-04-23,0.41,0.25,0.15,0.08,0.03,0.00,0.00,inferred
Mole Valley,2021-04-24,0.41,0.25,0.15,0.08,0.03,0.00,0.00,inferred
Mole Valley,2021-04-25,0.41,0.25,0.15,0.08,0.03,0.00,0.00,inferred
Mole Valley,2021-04-26,0.41,0.25,0.15,0.08,0.03,0.00,0.00,inferred
Mole Valley,2021-04-27,0.51,0.37,0.21,0.13,0.07,0.00,0.00,inferred
Mole Valley,2021-04-28,0.51,0.37,0.21,0.13,0.07,0.00,0.00,inferred
Mole Valley,2021-04-29,0.51,0.37,0.21,0.13,0.07,0.00,0.00,inferred
Mole Valley,2021-04-30,0.51,0.37,0.21,0.13,0.07,0.00,0.00,inferred
Mole Valley,2021-05-01,0.51,0.37,0.21,0.13,0.07,0.00,0.00,inferred
Mole Valley,2021-05-02,0.51,0.37,0.21,0.13,0.07,0.00,0.00,inferred
Mole Valley,2021-05-03,0.51,0.37,0.21,0.13,0.07,0.00,0.00,inferred
Mole Valley,2021-05-04,0.68,0.53,0.38,0.25,0.16,0.02,0.00,inferred
Mole Valley,2021-05-05,0.68,0.53,0.38,0.25,0.16,0.02,0.00,inferred
Mole Valley,2021-05-06,0.68,0.53,0.38,0.25,0.16,0.02,0.00,inferred
Mole Valley,2021-05-07,0.68,0.53,0.38,0.25,0.16,0.02,0.00,inferred
Mole Valley,2021-05-08,0.68,0.53,0.38,0.25,0.16,0.02,0.00,inferred
Mole Valley,2021-05-09,0.68,0.53,0.38,0.25,0.16,0.02,0.00,inferred
Mole Valley,2021-05-10,0.68,0.53,0.38,0.25,0.16,0.02,0.00,inferred
Mole Valley,2021-05-11,0.97,0.94,0.89,0.80,0.72,0.37,0.06,inferred
Mole Valley,2021-05-12,0.97,0.94,0.89,0.80,0.72,0.37,0.06,inferred
Mole Valley,2021-05-13,0.97,0.94,0.89,0.80,0.72,0.37,0.06,inferred
Mole Valley,2021-05-14,0.97,0.94,0.89,0.80,0.72,0.37,0.06,inferred
Mole Valley,2021-05-15,0.97,0.94,0.89,0.80,0.72,0.37,0.06,inferred
Mole Valley,2021-05-16,0.97,0.94,0.89,0.80,0.72,0.37,0.06,inferred
Mole Valley,2021-05-17,0.97,0.94,0.89,0.80,0.72,0.37,0.06,inferred
Mole Valley,2021-05-18,1.00,1.00,1.00,1.00,0.99,0.91,0.58,inferred
Mole Valley,2021-05-19,1.00,1.00,1.00,1.00,0.99,0.91,0.58,inferred
Mole Valley,2021-05-20,1.00,1.00,1.00,1.00,0.99,0.91,0.58,inferred
Mole Valley,2021-05-21,1.00,1.00,1.00,1.00,0.99,0.91,0.58,inferred
Mole Valley,2021-05-22,1.00,1.00,1.00,1.00,0.99,0.91,0.58,inferred
Mole Valley,2021-05-23,1.00,1.00,1.00,1.00,0.99,0.91,0.58,inferred
Mole Valley,2021-05-24,1.00,1.00,1.00,1.00,0.99,0.91,0.58,inferred
Mole Valley,2021-05-25,1.00,1.00,1.00,0.99,0.97,0.81,0.29,inferred
Mole Valley,2021-05-26,1.00,1.00,1.00,0.99,0.97,0.81,0.29,inferred
Mole Valley,2021-05-27,1.00,1.00,1.00,0.99,0.97,0.81,0.29,inferred
Mole Valley,2021-05-28,1.00,1.00,1.00,0.99,0.97,0.81,0.29,inferred
Mole Valley,2021-05-29,1.00,1.00,1.00,0.99,0.97,0.81,0.29,inferred
Mole Valley,2021-05-30,1.00,1.00,1.00,0.99,0.97,0.81,0.29,inferred
Mole Valley,2021-05-31,1.00,1.00,1.00,0.99,0.97,0.81,0.29,inferred
Mole Valley,2021-06-01,1.00,1.00,0.98,0.93,0.82,0.36,0.02,inferred
Mole Valley,2021-06-02,1.00,1.00,0.98,0.93,0.82,0.36,0.02,inferred
Mole Valley,2021-06-03,1.00,1.00,0.98,0.93,0.82,0.36,0.02,inferred
Mole Valley,2021-06-04,1.00,1.00,0.98,0.93,0.82,0.36,0.02,inferred
Mole Valley,2021-06-05,1.00,1.00,0.98,0.93,0.82,0.36,0.02,inferred
Mole Valley,2021-06-06,1.00,1.00,0.98,0.93,0.82,0.36,0.02,inferred
Mole Valley,2021-06-07,1.00,1.00,0.98,0.93,0.82,0.36,0.02,inferred
Mole Valley,2021-06-08,1.00,1.00,1.00,0.99,0.95,0.54,0.03,inferred
Mole Valley,2021-06-09,1.00,1.00,1.00,0.99,0.95,0.54,0.03,inferred
Mole Valley,2021-06-10,1.00,1.00,1.00,0.99,0.95,0.54,0.03,inferred
Mole Valley,2021-06-11,1.00,1.00,1.00,0.99,0.95,0.54,0.03,inferred
Mole Valley,2021-06-12,1.00,1.00,1.00,0.99,0.95,0.54,0.03,inferred
Mole Valley,2021-06-13,1.00,1.00,1.00,0.99,0.95,0.54,0.03,inferred
Mole Valley,2021-06-14,1.00,1.00,1.00,0.99,0.95,0.54,0.03,inferred
Mole Valley,2021-06-15,1.00,1.00,1.00,1.00,1.00,0.94,0.37,inferred
Mole Valley,2021-06-16,1.00,1.00,1.00,1.00,1.00,0.94,0.37,inferred
Mole Valley,2021-06-17,1.00,1.00,1.00,1.00,1.00,0.94,0.37,inferred
Mole Valley,2021-06-18,1.00,1.00,1.00,1.00,1.00,0.94,0.37,inferred
Mole Valley,2021-06-19,1.00,1.00,1.00,1.00,1.00,0.94,0.37,inferred
Mole Valley,2021-06-20,1.00,1.00,1.00,1.00,1.00,0.94,0.37,inferred
Mole Valley,2021-06-21,1.00,1.00,1.00,1.00,1.00,0.94,0.37,inferred
Mole Valley,2021-06-22,1.00,0.99,0.93,0.77,0.53,0.06,0.00,inferred
Mole Valley,2021-06-23,1.00,0.99,0.93,0.77,0.53,0.06,0.00,inferred
Mole Valley,2021-06-24,1.00,0.99,0.93,0.77,0.53,0.06,0.00,inferred
Mole Valley,2021-06-25,1.00,0.99,0.93,0.77,0.53,0.06,0.00,inferred
Mole Valley,2021-06-26,1.00,0.99,0.93,0.77,0.53,0.06,0.00,inferred
Mole Valley,2021-06-27,1.00,0.99,0.93,0.77,0.53,0.06,0.00,inferred
Mole Valley,2021-06-28,1.00,0.99,0.93,0.77,0.53,0.06,0.00,inferred
Mole Valley,2021-06-29,0.98,0.92,0.81,0.63,0.44,0.08,0.00,inferred
Mole Valley,2021-06-30,0.98,0.92,0.81,0.63,0.44,0.08,0.00,inferred
Mole Valley,2021-07-01,0.98,0.92,0.81,0.63,0.44,0.08,0.00,inferred
Mole Valley,2021-07-02,0.98,0.92,0.81,0.63,0.44,0.08,0.00,inferred
Mole Valley,2021-07-03,0.98,0.92,0.81,0.63,0.44,0.08,0.00,inferred
Mole Valley,2021-07-04,0.98,0.92,0.81,0.63,0.44,0.08,0.00,inferred
Mole Valley,2021-07-05,0.98,0.92,0.81,0.63,0.44,0.08,0.00,inferred
Mole Valley,2021-07-06,0.94,0.87,0.75,0.63,0.50,0.21,0.03,projected
Mole Valley,2021-07-07,0.94,0.87,0.75,0.63,0.50,0.21,0.03,projected
Mole Valley,2021-07-08,0.94,0.87,0.75,0.63,0.50,0.21,0.03,projected
Mole Valley,2021-07-09,0.94,0.87,0.75,0.63,0.50,0.21,0.03,projected
Mole Valley,2021-07-10,0.94,0.87,0.75,0.63,0.50,0.21,0.03,projected
Mole Valley,2021-07-11,0.94,0.87,0.75,0.63,0.50,0.21,0.03,projected
Mole Valley,2021-07-12,0.94,0.87,0.75,0.63,0.50,0.21,0.03,projected
Mole Valley,2021-07-13,0.92,0.86,0.77,0.66,0.55,0.27,0.06,projected
Mole Valley,2021-07-14,0.92,0.86,0.77,0.66,0.55,0.27,0.06,projected
Mole Valley,2021-07-15,0.92,0.86,0.77,0.66,0.55,0.27,0.06,projected
Mole Valley,2021-07-16,0.92,0.86,0.77,0.66,0.55,0.27,0.06,projected
Mole Valley,2021-07-17,0.92,0.86,0.77,0.66,0.55,0.27,0.06,projected
Mole Valley,2021-07-18,0.92,0.86,0.77,0.66,0.55,0.27,0.06,projected
Mole Valley,2021-07-19,0.92,0.86,0.77,0.66,0.55,0.27,0.06,projected
Mole Valley,2021-07-20,0.94,0.89,0.82,0.72,0.63,0.32,0.09,projected
Mole Valley,2021-07-21,0.94,0.89,0.82,0.72,0.63,0.32,0.09,projected
Mole Valley,2021-07-22,0.94,0.89,0.82,0.72,0.63,0.32,0.09,projected
Mole Valley,2021-07-23,0.94,0.89,0.82,0.72,0.63,0.32,0.09,projected
Mole Valley,2021-07-24,0.94,0.89,0.82,0.72,0.63,0.32,0.09,projected
Mole Valley,2021-07-25,0.94,0.89,0.82,0.72,0.63,0.32,0.09,projected
Mole Valley,2021-07-26,0.94,0.89,0.82,0.72,0.63,0.32,0.09,projected
Monmouthshire,2021-03-23,0.00,0.00,0.00,0.00,0.00,0.00,0.00,inferred
Monmouthshire,2021-03-24,0.00,0.00,0.00,0.00,0.00,0.00,0.00,inferred
Monmouthshire,2021-03-25,0.00,0.00,0.00,0.00,0.00,0.00,0.00,inferred
Monmouthshire,2021-03-26,0.00,0.00,0.00,0.00,0.00,0.00,0.00,inferred
Monmouthshire,2021-03-27,0.00,0.00,0.00,0.00,0.00,0.00,0.00,inferred
Monmouthshire,2021-03-28,0.00,0.00,0.00,0.00,0.00,0.00,0.00,inferred
Monmouthshire,2021-03-29,0.00,0.00,0.00,0.00,0.00,0.00,0.00,inferred
Monmouthshire,2021-03-30,0.07,0.03,0.01,0.00,0.00,0.00,0.00,inferred
Monmouthshire,2021-03-31,0.07,0.03,0.01,0.00,0.00,0.00,0.00,inferred
Monmouthshire,2021-04-01,0.07,0.03,0.01,0.00,0.00,0.00,0.00,inferred
Monmouthshire,2021-04-02,0.07,0.03,0.01,0.00,0.00,0.00,0.00,inferred
Monmouthshire,2021-04-03,0.07,0.03,0.01,0.00,0.00,0.00,0.00,inferred
Monmouthshire,2021-04-04,0.07,0.03,0.01,0.00,0.00,0.00,0.00,inferred
Monmouthshire,2021-04-05,0.07,0.03,0.01,0.00,0.00,0.00,0.00,inferred
Monmouthshire,2021-04-06,0.62,0.47,0.33,0.22,0.14,0.03,0.00,inferred
Monmouthshire,2021-04-07,0.62,0.47,0.33,0.22,0.14,0.03,0.00,inferred
Monmouthshire,2021-04-08,0.62,0.47,0.33,0.22,0.14,0.03,0.00,inferred
Monmouthshire,2021-04-09,0.62,0.47,0.33,0.22,0.14,0.03,0.00,inferred
Monmouthshire,2021-04-10,0.62,0.47,0.33,0.22,0.14,0.03,0.00,inferred
Monmouthshire,2021-04-11,0.62,0.47,0.33,0.22,0.14,0.03,0.00,inferred
Monmouthshire,2021-04-12,0.62,0.47,0.33,0.22,0.14,0.03,0.00,inferred
Monmouthshire,2021-04-13,0.76,0.64,0.49,0.36,0.26,0.07,0.00,inferred
Monmouthshire,2021-04-14,0.76,0.64,0.49,0.36,0.26,0.07,0.00,inferred
Monmouthshire,2021-04-15,0.76,0.64,0.49,0.36,0.26,0.07,0.00,inferred
Monmouthshire,2021-04-16,0.76,0.64,0.49,0.36,0.26,0.07,0.00,inferred
Monmouthshire,2021-04-17,0.76,0.64,0.49,0.36,0.26,0.07,0.00,inferred
Monmouthshire,2021-04-18,0.76,0.64,0.49,0.36,0.26,0.07,0.00,inferred
Monmouthshire,2021-04-19,0.76,0.64,0.49,0.36,0.26,0.07,0.00,inferred
Monmouthshire,2021-04-20,0.91,0.84,0.73,0.61,0.48,0.20,0.03,inferred
Monmouthshire,2021-04-21,0.91,0.84,0.73,0.61,0.48,0.20,0.03,inferred
Monmouthshire,2021-04-22,0.91,0.84,0.73,0.61,0.48,0.20,0.03,inferred
Monmouthshire,2021-04-23,0.91,0.84,0.73,0.61,0.48,0.20,0.03,inferred
Monmouthshire,2021-04-24,0.91,0.84,0.73,0.61,0.48,0.20,0.03,inferred
Monmouthshire,2021-04-25,0.91,0.84,0.73,0.61,0.48,0.20,0.03,inferred
Monmouthshire,2021-04-26,0.91,0.84,0.73,0.61,0.48,0.20,0.03,inferred
Monmouthshire,2021-04-27,0.90,0.82,0.71,0.59,0.49,0.21,0.02,inferred
Monmouthshire,2021-04-28,0.90,0.82,0.71,0.59,0.49,0.21,0.02,inferred
Monmouthshire,2021-04-29,0.90,0.82,0.71,0.59,0.49,0.21,0.02,inferred
Monmouthshire,2021-04-30,0.90,0.82,0.71,0.59,0.49,0.21,0.02,inferred
Monmouthshire,2021-05-01,0.90,0.82,0.71,0.59,0.49,0.21,0.02,inferred
Monmouthshire,2021-05-02,0.90,0.82,0.71,0.59,0.49,0.21,0.02,inferred
Monmouthshire,2021-05-03,0.90,0.82,0.71,0.59,0.49,0.21,0.02,inferred
Monmouthshire,2021-05-04,0.93,0.87,0.77,0.68,0.55,0.22,0.02,inferred
Monmouthshire,2021-05-05,0.93,0.87,0.77,0.68,0.55,0.22,0.02,inferred
Monmouthshire,2021-05-06,0.93,0.87,0.77,0.68,0.55,0.22,0.02,inferred
Monmouthshire,2021-05-07,0.93,0.87,0.77,0.68,0.55,0.22,0.02,inferred
Monmouthshire,2021-05-08,0.93,0.87,0.77,0.68,0.55,0.22,0.02,inferred
Monmouthshire,2021-05-09,0.93,0.87,0.77,0.68,0.55,0.22,0.02,inferred
Monmouthshire,2021-05-10,0.93,0.87,0.77,0.68,0.55,0.22,0.02,inferred
Monmouthshire,2021-05-11,0.95,0.89,0.79,0.67,0.54,0.21,0.03,inferred
Monmouthshire,2021-05-12,0.95,0.89,0.79,0.67,0.54,0.21,0.03,inferred
Monmouthshire,2021-05-13,0.95,0.89,0.79,0.67,0.54,0.21,0.03,inferred
Monmouthshire,2021-05-14,0.95,0.89,0.79,0.67,0.54,0.21,0.03,inferred
Monmouthshire,2021-05-15,0.95,0.89,0.79,0.67,0.54,0.21,0.03,inferred
Monmouthshire,2021-05-16,0.95,0.89,0.79,0.67,0.54,0.21,0.03,inferred
Monmouthshire,2021-05-17,0.95,0.89,0.79,0.67,0.54,0.21,0.03,inferred
Monmouthshire,2021-05-18,0.53,0.37,0.23,0.14,0.07,0.01,0.00,inferred
Monmouthshire,2021-05-19,0.53,0.37,0.23,0.14,0.07,0.01,0.00,inferred
Monmouthshire,2021-05-20,0.53,0.37,0.23,0.14,0.07,0.01,0.00,inferred
Monmouthshire,2021-05-21,0.53,0.37,0.23,0.14,0.07,0.01,0.00,inferred
Monmouthshire,2021-05-22,0.53,0.37,0.23,0.14,0.07,0.01,0.00,inferred
Monmouthshire,2021-05-23,0.53,0.37,0.23,0.14,0.07,0.01,0.00,inferred
Monmouthshire,2021-05-24,0.53,0.37,0.23,0.14,0.07,0.01,0.00,inferred
Monmouthshire,2021-05-25,0.83,0.72,0.60,0.45,0.33,0.10,0.00,inferred
Monmouthshire,2021-05-26,0.83,0.72,0.60,0.45,0.33,0.10,0.00,inferred
Monmouthshire,2021-05-27,0.83,0.72,0.60,0.45,0.33,0.10,0.00,inferred
Monmouthshire,2021-05-28,0.83,0.72,0.60,0.45,0.33,0.10,0.00,inferred
Monmouthshire,2021-05-29,0.83,0.72,0.60,0.45,0.33,0.10,0.00,inferred
Monmouthshire,2021-05-30,0.83,0.72,0.60,0.45,0.33,0.10,0.00,inferred
Monmouthshire,2021-05-31,0.83,0.72,0.60,0.45,0.33,0.10,0.00,inferred
Monmouthshire,2021-06-01,0.99,0.97,0.93,0.88,0.79,0.46,0.10,inferred
Monmouthshire,2021-06-02,0.99,0.97,0.93,0.88,0.79,0.46,0.10,inferred
Monmouthshire,2021-06-03,0.99,0.97,0.93,0.88,0.79,0.46,0.10,inferred
Monmouthshire,2021-06-04,0.99,0.97,0.93,0.88,0.79,0.46,0.10,inferred
Monmouthshire,2021-06-05,0.99,0.97,0.93,0.88,0.79,0.46,0.10,inferred
Monmouthshire,2021-06-06,0.99,0.97,0.93,0.88,0.79,0.46,0.10,inferred
Monmouthshire,2021-06-07,0.99,0.97,0.93,0.88,0.79,0.46,0.10,inferred
Monmouthshire,2021-06-08,1.00,0.99,0.98,0.96,0.92,0.68,0.21,inferred
Monmouthshire,2021-06-09,1.00,0.99,0.98,0.96,0.92,0.68,0.21,inferred
Monmouthshire,2021-06-10,1.00,0.99,0.98,0.96,0.92,0.68,0.21,inferred
Monmouthshire,2021-06-11,1.00,0.99,0.98,0.96,0.92,0.68,0.21,inferred
Monmouthshire,2021-06-12,1.00,0.99,0.98,0.96,0.92,0.68,0.21,inferred
Monmouthshire,2021-06-13,1.00,0.99,0.98,0.96,0.92,0.68,0.21,inferred
Monmouthshire,2021-06-14,1.00,0.99,0.98,0.96,0.92,0.68,0.21,inferred
Monmouthshire,2021-06-15,1.00,1.00,1.00,1.00,1.00,0.93,0.52,inferred
Monmouthshire,2021-06-16,1.00,1.00,1.00,1.00,1.00,0.93,0.52,inferred
Monmouthshire,2021-06-17,1.00,1.00,1.00,1.00,1.00,0.93,0.52,inferred
Monmouthshire,2021-06-18,1.00,1.00,1.00,1.00,1.00,0.93,0.52,inferred
Monmouthshire,2021-06-19,1.00,1.00,1.00,1.00,1.00,0.93,0.52,inferred
Monmouthshire,2021-06-20,1.00,1.00,1.00,1.00,1.00,0.93,0.52,inferred
Monmouthshire,2021-06-21,1.00,1.00,1.00,1.00,1.00,0.93,0.52,inferred
Monmouthshire,2021-06-22,1.00,1.00,1.00,1.00,1.00,0.98,0.76,inferred
Monmouthshire,2021-06-23,1.00,1.00,1.00,1.00,1.00,0.98,0.76,inferred
Monmouthshire,2021-06-24,1.00,1.00,1.00,1.00,1.00,0.98,0.76,inferred
Monmouthshire,2021-06-25,1.00,1.00,1.00,1.00,1.00,0.98,0.76,inferred
Monmouthshire,2021-06-26,1.00,1.00,1.00,1.00,1.00,0.98,0.76,inferred
Monmouthshire,2021-06-27,1.00,1.00,1.00,1.00,1.00,0.98,0.76,inferred
Monmouthshire,2021-06-28,1.00,1.00,1.00,1.00,1.00,0.98,0.76,inferred
Monmouthshire,2021-06-29,1.00,0.99,0.97,0.94,0.89,0.64,0.21,inferred
Monmouthshire,2021-06-30,1.00,0.99,0.97,0.94,0.89,0.64,0.21,inferred
Monmouthshire,2021-07-01,1.00,0.99,0.97,0.94,0.89,0.64,0.21,inferred
Monmouthshire,2021-07-02,1.00,0.99,0.97,0.94,0.89,0.64,0.21,inferred
Monmouthshire,2021-07-03,1.00,0.99,0.97,0.94,0.89,0.64,0.21,inferred
Monmouthshire,2021-07-04,1.00,0.99,0.97,0.94,0.89,0.64,0.21,inferred
Monmouthshire,2021-07-05,1.00,0.99,0.97,0.94,0.89,0.64,0.21,inferred
Monmouthshire,2021-07-06,0.98,0.96,0.92,0.87,0.80,0.56,0.26,projected
Monmouthshire,2021-07-07,0.98,0.96,0.92,0.87,0.80,0.56,0.26,projected
Monmouthshire,2021-07-08,0.98,0.96,0.92,0.87,0.80,0.56,0.26,projected
Monmouthshire,2021-07-09,0.98,0.96,0.92,0.87,0.80,0.56,0.26,projected
Monmouthshire,2021-07-10,0.98,0.96,0.92,0.87,0.80,0.56,0.26,projected
Monmouthshire,2021-07-11,0.98,0.96,0.92,0.87,0.80,0.56,0.26,projected
Monmouthshire,2021-07-12,0.98,0.96,0.92,0.87,0.80,0.56,0.26,projected
Monmouthshire,2021-07-13,0.97,0.94,0.89,0.84,0.77,0.53,0.25,projected
Monmouthshire,2021-07-14,0.97,0.94,0.89,0.84,0.77,0.53,0.25,projected
Monmouthshire,2021-07-15,0.97,0.94,0.89,0.84,0.77,0.53,0.25,projected
Monmouthshire,2021-07-16,0.97,0.94,0.89,0.84,0.77,0.53,0.25,projected
Monmouthshire,2021-07-17,0.97,0.94,0.89,0.84,0.77,0.53,0.25,projected
Monmouthshire,2021-07-18,0.97,0.94,0.89,0.84,0.77,0.53,0.25,projected
Monmouthshire,2021-07-19,0.97,0.94,0.89,0.84,0.77,0.53,0.25,projected
Monmouthshire,2021-07-20,0.96,0.92,0.88,0.82,0.75,0.56,0.27,projected
Monmouthshire,2021-07-21,0.96,0.92,0.88,0.82,0.75,0.56,0.27,projected
Monmouthshire,2021-07-22,0.96,0.92,0.88,0.82,0.75,0.56,0.27,projected
Monmouthshire,2021-07-23,0.96,0.92,0.88,0.82,0.75,0.56,0.27,projected
Monmouthshire,2021-07-24,0.96,0.92,0.88,0.82,0.75,0.56,0.27,projected
Monmouthshire,2021-07-25,0.96,0.92,0.88,0.82,0.75,0.56,0.27,projected
Monmouthshire,2021-07-26,0.96,0.92,0.88,0.82,0.75,0.56,0.27,projected
Moray,2021-03-23,0.34,0.12,0.03,0.01,0.00,0.00,0.00,inferred
Moray,2021-03-24,0.34,0.12,0.03,0.01,0.00,0.00,0.00,inferred
Moray,2021-03-25,0.34,0.12,0.03,0.01,0.00,0.00,0.00,inferred
Moray,2021-03-26,0.34,0.12,0.03,0.01,0.00,0.00,0.00,inferred
Moray,2021-03-27,0.34,0.12,0.03,0.01,0.00,0.00,0.00,inferred
Moray,2021-03-28,0.34,0.12,0.03,0.01,0.00,0.00,0.00,inferred
Moray,2021-03-29,0.34,0.12,0.03,0.01,0.00,0.00,0.00,inferred
Moray,2021-03-30,0.64,0.38,0.16,0.06,0.02,0.00,0.00,inferred
Moray,2021-03-31,0.64,0.38,0.16,0.06,0.02,0.00,0.00,inferred
Moray,2021-04-01,0.64,0.38,0.16,0.06,0.02,0.00,0.00,inferred
Moray,2021-04-02,0.64,0.38,0.16,0.06,0.02,0.00,0.00,inferred
Moray,2021-04-03,0.64,0.38,0.16,0.06,0.02,0.00,0.00,inferred
Moray,2021-04-04,0.64,0.38,0.16,0.06,0.02,0.00,0.00,inferred
Moray,2021-04-05,0.64,0.38,0.16,0.06,0.02,0.00,0.00,inferred
Moray,2021-04-06,0.65,0.41,0.20,0.09,0.02,0.00,0.00,inferred
Moray,2021-04-07,0.65,0.41,0.20,0.09,0.02,0.00,0.00,inferred
Moray,2021-04-08,0.65,0.41,0.20,0.09,0.02,0.00,0.00,inferred
Moray,2021-04-09,0.65,0.41,0.20,0.09,0.02,0.00,0.00,inferred
Moray,2021-04-10,0.65,0.41,0.20,0.09,0.02,0.00,0.00,inferred
Moray,2021-04-11,0.65,0.41,0.20,0.09,0.02,0.00,0.00,inferred
Moray,2021-04-12,0.65,0.41,0.20,0.09,0.02,0.00,0.00,inferred
Moray,2021-04-13,0.58,0.32,0.14,0.05,0.01,0.00,0.00,inferred
Moray,2021-04-14,0.58,0.32,0.14,0.05,0.01,0.00,0.00,inferred
Moray,2021-04-15,0.58,0.32,0.14,0.05,0.01,0.00,0.00,inferred
Moray,2021-04-16,0.58,0.32,0.14,0.05,0.01,0.00,0.00,inferred
Moray,2021-04-17,0.58,0.32,0.14,0.05,0.01,0.00,0.00,inferred
Moray,2021-04-18,0.58,0.32,0.14,0.05,0.01,0.00,0.00,inferred
Moray,2021-04-19,0.58,0.32,0.14,0.05,0.01,0.00,0.00,inferred
Moray,2021-04-20,0.92,0.80,0.63,0.43,0.26,0.02,0.00,inferred
Moray,2021-04-21,0.92,0.80,0.63,0.43,0.26,0.02,0.00,inferred
Moray,2021-04-22,0.92,0.80,0.63,0.43,0.26,0.02,0.00,inferred
Moray,2021-04-23,0.92,0.80,0.63,0.43,0.26,0.02,0.00,inferred
Moray,2021-04-24,0.92,0.80,0.63,0.43,0.26,0.02,0.00,inferred
Moray,2021-04-25,0.92,0.80,0.63,0.43,0.26,0.02,0.00,inferred
Moray,2021-04-26,0.92,0.80,0.63,0.43,0.26,0.02,0.00,inferred
Moray,2021-04-27,0.98,0.94,0.84,0.68,0.47,0.11,0.00,inferred
Moray,2021-04-28,0.98,0.94,0.84,0.68,0.47,0.11,0.00,inferred
Moray,2021-04-29,0.98,0.94,0.84,0.68,0.47,0.11,0.00,inferred
Moray,2021-04-30,0.98,0.94,0.84,0.68,0.47,0.11,0.00,inferred
Moray,2021-05-01,0.98,0.94,0.84,0.68,0.47,0.11,0.00,inferred
Moray,2021-05-02,0.98,0.94,0.84,0.68,0.47,0.11,0.00,inferred
Moray,2021-05-03,0.98,0.94,0.84,0.68,0.47,0.11,0.00,inferred
Moray,2021-05-04,0.39,0.19,0.08,0.03,0.01,0.00,0.00,inferred
Moray,2021-05-05,0.39,0.19,0.08,0.03,0.01,0.00,0.00,inferred
Moray,2021-05-06,0.39,0.19,0.08,0.03,0.01,0.00,0.00,inferred
Moray,2021-05-07,0.39,0.19,0.08,0.03,0.01,0.00,0.00,inferred
Moray,2021-05-08,0.39,0.19,0.08,0.03,0.01,0.00,0.00,inferred
Moray,2021-05-09,0.39,0.19,0.08,0.03,0.01,0.00,0.00,inferred
Moray,2021-05-10,0.39,0.19,0.08,0.03,0.01,0.00,0.00,inferred
Moray,2021-05-11,0.14,0.05,0.01,0.00,0.00,0.00,0.00,inferred
Moray,2021-05-12,0.14,0.05,0.01,0.00,0.00,0.00,0.00,inferred
Moray,2021-05-13,0.14,0.05,0.01,0.00,0.00,0.00,0.00,inferred
Moray,2021-05-14,0.14,0.05,0.01,0.00,0.00,0.00,0.00,inferred
Moray,2021-05-15,0.14,0.05,0.01,0.00,0.00,0.00,0.00,inferred
Moray,2021-05-16,0.14,0.05,0.01,0.00,0.00,0.00,0.00,inferred
Moray,2021-05-17,0.14,0.05,0.01,0.00,0.00,0.00,0.00,inferred
Moray,2021-05-18,0.73,0.52,0.32,0.16,0.06,0.00,0.00,inferred
Moray,2021-05-19,0.73,0.52,0.32,0.16,0.06,0.00,0.00,inferred
Moray,2021-05-20,0.73,0.52,0.32,0.16,0.06,0.00,0.00,inferred
Moray,2021-05-21,0.73,0.52,0.32,0.16,0.06,0.00,0.00,inferred
Moray,2021-05-22,0.73,0.52,0.32,0.16,0.06,0.00,0.00,inferred
Moray,2021-05-23,0.73,0.52,0.32,0.16,0.06,0.00,0.00,inferred
Moray,2021-05-24,0.73,0.52,0.32,0.16,0.06,0.00,0.00,inferred
Moray,2021-05-25,1.00,0.99,0.98,0.94,0.84,0.46,0.05,inferred
Moray,2021-05-26,1.00,0.99,0.98,0.94,0.84,0.46,0.05,inferred
Moray,2021-05-27,1.00,0.99,0.98,0.94,0.84,0.46,0.05,inferred
Moray,2021-05-28,1.00,0.99,0.98,0.94,0.84,0.46,0.05,inferred
Moray,2021-05-29,1.00,0.99,0.98,0.94,0.84,0.46,0.05,inferred
Moray,2021-05-30,1.00,0.99,0.98,0.94,0.84,0.46,0.05,inferred
Moray,2021-05-31,1.00,0.99,0.98,0.94,0.84,0.46,0.05,inferred
Moray,2021-06-01,1.00,1.00,1.00,0.99,0.98,0.80,0.23,inferred
Moray,2021-06-02,1.00,1.00,1.00,0.99,0.98,0.80,0.23,inferred
Moray,2021-06-03,1.00,1.00,1.00,0.99,0.98,0.80,0.23,inferred
Moray,2021-06-04,1.00,1.00,1.00,0.99,0.98,0.80,0.23,inferred
Moray,2021-06-05,1.00,1.00,1.00,0.99,0.98,0.80,0.23,inferred
Moray,2021-06-06,1.00,1.00,1.00,0.99,0.98,0.80,0.23,inferred
Moray,2021-06-07,1.00,1.00,1.00,0.99,0.98,0.80,0.23,inferred
Moray,2021-06-08,1.00,1.00,1.00,1.00,1.00,0.96,0.56,inferred
Moray,2021-06-09,1.00,1.00,1.00,1.00,1.00,0.96,0.56,inferred
Moray,2021-06-10,1.00,1.00,1.00,1.00,1.00,0.96,0.56,inferred
Moray,2021-06-11,1.00,1.00,1.00,1.00,1.00,0.96,0.56,inferred
Moray,2021-06-12,1.00,1.00,1.00,1.00,1.00,0.96,0.56,inferred
Moray,2021-06-13,1.00,1.00,1.00,1.00,1.00,0.96,0.56,inferred
Moray,2021-06-14,1.00,1.00,1.00,1.00,1.00,0.96,0.56,inferred
Moray,2021-06-15,1.00,1.00,1.00,1.00,1.00,1.00,0.81,inferred
Moray,2021-06-16,1.00,1.00,1.00,1.00,1.00,1.00,0.81,inferred
Moray,2021-06-17,1.00,1.00,1.00,1.00,1.00,1.00,0.81,inferred
Moray,2021-06-18,1.00,1.00,1.00,1.00,1.00,1.00,0.81,inferred
Moray,2021-06-19,1.00,1.00,1.00,1.00,1.00,1.00,0.81,inferred
Moray,2021-06-20,1.00,1.00,1.00,1.00,1.00,1.00,0.81,inferred
Moray,2021-06-21,1.00,1.00,1.00,1.00,1.00,1.00,0.81,inferred
Moray,2021-06-22,1.00,1.00,1.00,1.00,1.00,0.85,0.23,inferred
Moray,2021-06-23,1.00,1.00,1.00,1.00,1.00,0.85,0.23,inferred
Moray,2021-06-24,1.00,1.00,1.00,1.00,1.00,0.85,0.23,inferred
Moray,2021-06-25,1.00,1.00,1.00,1.00,1.00,0.85,0.23,inferred
Moray,2021-06-26,1.00,1.00,1.00,1.00,1.00,0.85,0.23,inferred
Moray,2021-06-27,1.00,1.00,1.00,1.00,1.00,0.85,0.23,inferred
Moray,2021-06-28,1.00,1.00,1.00,1.00,1.00,0.85,0.23,inferred
Moray,2021-06-29,0.75,0.59,0.41,0.28,0.17,0.02,0.00,inferred
Moray,2021-06-30,0.75,0.59,0.41,0.28,0.17,0.02,0.00,inferred
Moray,2021-07-01,0.75,0.59,0.41,0.28,0.17,0.02,0.00,inferred
Moray,2021-07-02,0.75,0.59,0.41,0.28,0.17,0.02,0.00,inferred
Moray,2021-07-03,0.75,0.59,0.41,0.28,0.17,0.02,0.00,inferred
Moray,2021-07-04,0.75,0.59,0.41,0.28,0.17,0.02,0.00,inferred
Moray,2021-07-05,0.75,0.59,0.41,0.28,0.17,0.02,0.00,inferred
Moray,2021-07-06,0.64,0.54,0.44,0.35,0.28,0.13,0.04,projected
Moray,2021-07-07,0.64,0.54,0.44,0.35,0.28,0.13,0.04,projected
Moray,2021-07-08,0.64,0.54,0.44,0.35,0.28,0.13,0.04,projected
Moray,2021-07-09,0.64,0.54,0.44,0.35,0.28,0.13,0.04,projected
Moray,2021-07-10,0.64,0.54,0.44,0.35,0.28,0.13,0.04,projected
Moray,2021-07-11,0.64,0.54,0.44,0.35,0.28,0.13,0.04,projected
Moray,2021-07-12,0.64,0.54,0.44,0.35,0.28,0.13,0.04,projected
Moray,2021-07-13,0.60,0.51,0.44,0.38,0.33,0.20,0.09,projected
Moray,2021-07-14,0.60,0.51,0.44,0.38,0.33,0.20,0.09,projected
Moray,2021-07-15,0.60,0.51,0.44,0.38,0.33,0.20,0.09,projected
Moray,2021-07-16,0.60,0.51,0.44,0.38,0.33,0.20,0.09,projected
Moray,2021-07-17,0.60,0.51,0.44,0.38,0.33,0.20,0.09,projected
Moray,2021-07-18,0.60,0.51,0.44,0.38,0.33,0.20,0.09,projected
Moray,2021-07-19,0.60,0.51,0.44,0.38,0.33,0.20,0.09,projected
Moray,2021-07-20,0.59,0.52,0.45,0.39,0.34,0.22,0.13,projected
Moray,2021-07-21,0.59,0.52,0.45,0.39,0.34,0.22,0.13,projected
Moray,2021-07-22,0.59,0.52,0.45,0.39,0.34,0.22,0.13,projected
Moray,2021-07-23,0.59,0.52,0.45,0.39,0.34,0.22,0.13,projected
Moray,2021-07-24,0.59,0.52,0.45,0.39,0.34,0.22,0.13,projected
Moray,2021-07-25,0.59,0.52,0.45,0.39,0.34,0.22,0.13,projected
Moray,2021-07-26,0.59,0.52,0.45,0.39,0.34,0.22,0.13,projected
Na h-Eileanan Siar,2021-03-23,0.26,0.17,0.11,0.07,0.04,0.01,0.00,inferred
Na h-Eileanan Siar,2021-03-24,0.26,0.17,0.11,0.07,0.04,0.01,0.00,inferred
Na h-Eileanan Siar,2021-03-25,0.26,0.17,0.11,0.07,0.04,0.01,0.00,inferred
Na h-Eileanan Siar,2021-03-26,0.26,0.17,0.11,0.07,0.04,0.01,0.00,inferred
Na h-Eileanan Siar,2021-03-27,0.26,0.17,0.11,0.07,0.04,0.01,0.00,inferred
Na h-Eileanan Siar,2021-03-28,0.26,0.17,0.11,0.07,0.04,0.01,0.00,inferred
Na h-Eileanan Siar,2021-03-29,0.26,0.17,0.11,0.07,0.04,0.01,0.00,inferred
Na h-Eileanan Siar,2021-03-30,0.54,0.41,0.32,0.22,0.16,0.04,0.00,inferred
Na h-Eileanan Siar,2021-03-31,0.54,0.41,0.32,0.22,0.16,0.04,0.00,inferred
Na h-Eileanan Siar,2021-04-01,0.54,0.41,0.32,0.22,0.16,0.04,0.00,inferred
Na h-Eileanan Siar,2021-04-02,0.54,0.41,0.32,0.22,0.16,0.04,0.00,inferred
Na h-Eileanan Siar,2021-04-03,0.54,0.41,0.32,0.22,0.16,0.04,0.00,inferred
Na h-Eileanan Siar,2021-04-04,0.54,0.41,0.32,0.22,0.16,0.04,0.00,inferred
Na h-Eileanan Siar,2021-04-05,0.54,0.41,0.32,0.22,0.16,0.04,0.00,inferred
Na h-Eileanan Siar,2021-04-06,0.65,0.51,0.39,0.30,0.21,0.06,0.01,inferred
Na h-Eileanan Siar,2021-04-07,0.65,0.51,0.39,0.30,0.21,0.06,0.01,inferred
Na h-Eileanan Siar,2021-04-08,0.65,0.51,0.39,0.30,0.21,0.06,0.01,inferred
Na h-Eileanan Siar,2021-04-09,0.65,0.51,0.39,0.30,0.21,0.06,0.01,inferred
Na h-Eileanan Siar,2021-04-10,0.65,0.51,0.39,0.30,0.21,0.06,0.01,inferred
Na h-Eileanan Siar,2021-04-11,0.65,0.51,0.39,0.30,0.21,0.06,0.01,inferred
Na h-Eileanan Siar,2021-04-12,0.65,0.51,0.39,0.30,0.21,0.06,0.01,inferred
Na h-Eileanan Siar,2021-04-13,0.71,0.58,0.47,0.37,0.28,0.10,0.02,inferred
Na h-Eileanan Siar,2021-04-14,0.71,0.58,0.47,0.37,0.28,0.10,0.02,inferred
Na h-Eileanan Siar,2021-04-15,0.71,0.58,0.47,0.37,0.28,0.10,0.02,inferred
Na h-Eileanan Siar,2021-04-16,0.71,0.58,0.47,0.37,0.28,0.10,0.02,inferred
Na h-Eileanan Siar,2021-04-17,0.71,0.58,0.47,0.37,0.28,0.10,0.02,inferred
Na h-Eileanan Siar,2021-04-18,0.71,0.58,0.47,0.37,0.28,0.10,0.02,inferred
Na h-Eileanan Siar,2021-04-19,0.71,0.58,0.47,0.37,0.28,0.10,0.02,inferred
Na h-Eileanan Siar,2021-04-20,0.79,0.68,0.58,0.46,0.38,0.15,0.02,inferred
Na h-Eileanan Siar,2021-04-21,0.79,0.68,0.58,0.46,0.38,0.15,0.02,inferred
Na h-Eileanan Siar,2021-04-22,0.79,0.68,0.58,0.46,0.38,0.15,0.02,inferred
Na h-Eileanan Siar,2021-04-23,0.79,0.68,0.58,0.46,0.38,0.15,0.02,inferred
Na h-Eileanan Siar,2021-04-24,0.79,0.68,0.58,0.46,0.38,0.15,0.02,inferred
Na h-Eileanan Siar,2021-04-25,0.79,0.68,0.58,0.46,0.38,0.15,0.02,inferred
Na h-Eileanan Siar,2021-04-26,0.79,0.68,0.58,0.46,0.38,0.15,0.02,inferred
Na h-Eileanan Siar,2021-04-27,0.85,0.77,0.67,0.57,0.47,0.22,0.04,inferred
Na h-Eileanan Siar,2021-04-28,0.85,0.77,0.67,0.57,0.47,0.22,0.04,inferred
Na h-Eileanan Siar,2021-04-29,0.85,0.77,0.67,0.57,0.47,0.22,0.04,inferred
Na h-Eileanan Siar,2021-04-30,0.85,0.77,0.67,0.57,0.47,0.22,0.04,inferred
Na h-Eileanan Siar,2021-05-01,0.85,0.77,0.67,0.57,0.47,0.22,0.04,inferred
Na h-Eileanan Siar,2021-05-02,0.85,0.77,0.67,0.57,0.47,0.22,0.04,inferred
Na h-Eileanan Siar,2021-05-03,0.85,0.77,0.67,0.57,0.47,0.22,0.04,inferred
Na h-Eileanan Siar,2021-05-04,0.91,0.84,0.76,0.68,0.57,0.31,0.10,inferred
Na h-Eileanan Siar,2021-05-05,0.91,0.84,0.76,0.68,0.57,0.31,0.10,inferred
Na h-Eileanan Siar,2021-05-06,0.91,0.84,0.76,0.68,0.57,0.31,0.10,inferred
Na h-Eileanan Siar,2021-05-07,0.91,0.84,0.76,0.68,0.57,0.31,0.10,inferred
Na h-Eileanan Siar,2021-05-08,0.91,0.84,0.76,0.68,0.57,0.31,0.10,inferred
Na h-Eileanan Siar,2021-05-09,0.91,0.84,0.76,0.68,0.57,0.31,0.10,inferred
Na h-Eileanan Siar,2021-05-10,0.91,0.84,0.76,0.68,0.57,0.31,0.10,inferred
Na h-Eileanan Siar,2021-05-11,0.81,0.73,0.61,0.50,0.40,0.17,0.03,inferred
Na h-Eileanan Siar,2021-05-12,0.81,0.73,0.61,0.50,0.40,0.17,0.03,inferred
Na h-Eileanan Siar,2021-05-13,0.81,0.73,0.61,0.50,0.40,0.17,0.03,inferred
Na h-Eileanan Siar,2021-05-14,0.81,0.73,0.61,0.50,0.40,0.17,0.03,inferred
Na h-Eileanan Siar,2021-05-15,0.81,0.73,0.61,0.50,0.40,0.17,0.03,inferred
Na h-Eileanan Siar,2021-05-16,0.81,0.73,0.61,0.50,0.40,0.17,0.03,inferred
Na h-Eileanan Siar,2021-05-17,0.81,0.73,0.61,0.50,0.40,0.17,0.03,inferred
Na h-Eileanan Siar,2021-05-18,0.81,0.71,0.60,0.48,0.38,0.17,0.03,inferred
Na h-Eileanan Siar,2021-05-19,0.81,0.71,0.60,0.48,0.38,0.17,0.03,inferred
Na h-Eileanan Siar,2021-05-20,0.81,0.71,0.60,0.48,0.38,0.17,0.03,inferred
Na h-Eileanan Siar,2021-05-21,0.81,0.71,0.60,0.48,0.38,0.17,0.03,inferred
Na h-Eileanan Siar,2021-05-22,0.81,0.71,0.60,0.48,0.38,0.17,0.03,inferred
Na h-Eileanan Siar,2021-05-23,0.81,0.71,0.60,0.48,0.38,0.17,0.03,inferred
Na h-Eileanan Siar,2021-05-24,0.81,0.71,0.60,0.48,0.38,0.17,0.03,inferred
Na h-Eileanan Siar,2021-05-25,0.87,0.80,0.71,0.62,0.53,0.27,0.06,inferred
Na h-Eileanan Siar,2021-05-26,0.87,0.80,0.71,0.62,0.53,0.27,0.06,inferred
Na h-Eileanan Siar,2021-05-27,0.87,0.80,0.71,0.62,0.53,0.27,0.06,inferred
Na h-Eileanan Siar,2021-05-28,0.87,0.80,0.71,0.62,0.53,0.27,0.06,inferred
Na h-Eileanan Siar,2021-05-29,0.87,0.80,0.71,0.62,0.53,0.27,0.06,inferred
Na h-Eileanan Siar,2021-05-30,0.87,0.80,0.71,0.62,0.53,0.27,0.06,inferred
Na h-Eileanan Siar,2021-05-31,0.87,0.80,0.71,0.62,0.53,0.27,0.06,inferred
Na h-Eileanan Siar,2021-06-01,0.85,0.77,0.69,0.58,0.47,0.22,0.04,inferred
Na h-Eileanan Siar,2021-06-02,0.85,0.77,0.69,0.58,0.47,0.22,0.04,inferred
Na h-Eileanan Siar,2021-06-03,0.85,0.77,0.69,0.58,0.47,0.22,0.04,inferred
Na h-Eileanan Siar,2021-06-04,0.85,0.77,0.69,0.58,0.47,0.22,0.04,inferred
Na h-Eileanan Siar,2021-06-05,0.85,0.77,0.69,0.58,0.47,0.22,0.04,inferred
Na h-Eileanan Siar,2021-06-06,0.85,0.77,0.69,0.58,0.47,0.22,0.04,inferred
Na h-Eileanan Siar,2021-06-07,0.85,0.77,0.69,0.58,0.47,0.22,0.04,inferred
Na h-Eileanan Siar,2021-06-08,0.88,0.81,0.73,0.63,0.54,0.28,0.08,inferred
Na h-Eileanan Siar,2021-06-09,0.88,0.81,0.73,0.63,0.54,0.28,0.08,inferred
Na h-Eileanan Siar,2021-06-10,0.88,0.81,0.73,0.63,0.54,0.28,0.08,inferred
Na h-Eileanan Siar,2021-06-11,0.88,0.81,0.73,0.63,0.54,0.28,0.08,inferred
Na h-Eileanan Siar,2021-06-12,0.88,0.81,0.73,0.63,0.54,0.28,0.08,inferred
Na h-Eileanan Siar,2021-06-13,0.88,0.81,0.73,0.63,0.54,0.28,0.08,inferred
Na h-Eileanan Siar,2021-06-14,0.88,0.81,0.73,0.63,0.54,0.28,0.08,inferred
Na h-Eileanan Siar,2021-06-15,0.91,0.86,0.80,0.72,0.62,0.37,0.09,inferred
Na h-Eileanan Siar,2021-06-16,0.91,0.86,0.80,0.72,0.62,0.37,0.09,inferred
Na h-Eileanan Siar,2021-06-17,0.91,0.86,0.80,0.72,0.62,0.37,0.09,inferred
Na h-Eileanan Siar,2021-06-18,0.91,0.86,0.80,0.72,0.62,0.37,0.09,inferred
Na h-Eileanan Siar,2021-06-19,0.91,0.86,0.80,0.72,0.62,0.37,0.09,inferred
Na h-Eileanan Siar,2021-06-20,0.91,0.86,0.80,0.72,0.62,0.37,0.09,inferred
Na h-Eileanan Siar,2021-06-21,0.91,0.86,0.80,0.72,0.62,0.37,0.09,inferred
Na h-Eileanan Siar,2021-06-22,1.00,0.98,0.97,0.95,0.92,0.78,0.45,inferred
Na h-Eileanan Siar,2021-06-23,1.00,0.98,0.97,0.95,0.92,0.78,0.45,inferred
Na h-Eileanan Siar,2021-06-24,1.00,0.98,0.97,0.95,0.92,0.78,0.45,inferred
Na h-Eileanan Siar,2021-06-25,1.00,0.98,0.97,0.95,0.92,0.78,0.45,inferred
Na h-Eileanan Siar,2021-06-26,1.00,0.98,0.97,0.95,0.92,0.78,0.45,inferred
Na h-Eileanan Siar,2021-06-27,1.00,0.98,0.97,0.95,0.92,0.78,0.45,inferred
Na h-Eileanan Siar,2021-06-28,1.00,0.98,0.97,0.95,0.92,0.78,0.45,inferred
Na h-Eileanan Siar,2021-06-29,0.93,0.89,0.83,0.77,0.72,0.55,0.31,inferred
Na h-Eileanan Siar,2021-06-30,0.93,0.89,0.83,0.77,0.72,0.55,0.31,inferred
Na h-Eileanan Siar,2021-07-01,0.93,0.89,0.83,0.77,0.72,0.55,0.31,inferred
Na h-Eileanan Siar,2021-07-02,0.93,0.89,0.83,0.77,0.72,0.55,0.31,inferred
Na h-Eileanan Siar,2021-07-03,0.93,0.89,0.83,0.77,0.72,0.55,0.31,inferred
Na h-Eileanan Siar,2021-07-04,0.93,0.89,0.83,0.77,0.72,0.55,0.31,inferred
Na h-Eileanan Siar,2021-07-05,0.93,0.89,0.83,0.77,0.72,0.55,0.31,inferred
Na h-Eileanan Siar,2021-07-06,0.85,0.79,0.73,0.67,0.61,0.44,0.25,projected
Na h-Eileanan Siar,2021-07-07,0.85,0.79,0.73,0.67,0.61,0.44,0.25,projected
Na h-Eileanan Siar,2021-07-08,0.85,0.79,0.73,0.67,0.61,0.44,0.25,projected
Na h-Eileanan Siar,2021-07-09,0.85,0.79,0.73,0.67,0.61,0.44,0.25,projected
Na h-Eileanan Siar,2021-07-10,0.85,0.79,0.73,0.67,0.61,0.44,0.25,projected
Na h-Eileanan Siar,2021-07-11,0.85,0.79,0.73,0.67,0.61,0.44,0.25,projected
Na h-Eileanan Siar,2021-07-12,0.85,0.79,0.73,0.67,0.61,0.44,0.25,projected
Na h-Eileanan Siar,2021-07-13,0.83,0.77,0.70,0.63,0.57,0.41,0.26,projected
Na h-Eileanan Siar,2021-07-14,0.83,0.77,0.70,0.63,0.57,0.41,0.26,projected
Na h-Eileanan Siar,2021-07-15,0.83,0.77,0.70,0.63,0.57,0.41,0.26,projected
Na h-Eileanan Siar,2021-07-16,0.83,0.77,0.70,0.63,0.57,0.41,0.26,projected
Na h-Eileanan Siar,2021-07-17,0.83,0.77,0.70,0.63,0.57,0.41,0.26,projected
Na h-Eileanan Siar,2021-07-18,0.83,0.77,0.70,0.63,0.57,0.41,0.26,projected
Na h-Eileanan Siar,2021-07-19,0.83,0.77,0.70,0.63,0.57,0.41,0.26,projected
Na h-Eileanan Siar,2021-07-20,0.82,0.74,0.68,0.63,0.57,0.43,0.29,projected
Na h-Eileanan Siar,2021-07-21,0.82,0.74,0.68,0.63,0.57,0.43,0.29,projected
Na h-Eileanan Siar,2021-07-22,0.82,0.74,0.68,0.63,0.57,0.43,0.29,projected
Na h-Eileanan Siar,2021-07-23,0.82,0.74,0.68,0.63,0.57,0.43,0.29,projected
Na h-Eileanan Siar,2021-07-24,0.82,0.74,0.68,0.63,0.57,0.43,0.29,projected
Na h-Eileanan Siar,2021-07-25,0.82,0.74,0.68,0.63,0.57,0.43,0.29,projected
Na h-Eileanan Siar,2021-07-26,0.82,0.74,0.68,0.63,0.57,0.43,0.29,projected
Neath Port Talbot,2021-03-23,0.00,0.00,0.00,0.00,0.00,0.00,0.00,inferred
Neath Port Talbot,2021-03-24,0.00,0.00,0.00,0.00,0.00,0.00,0.00,inferred
Neath Port Talbot,2021-03-25,0.00,0.00,0.00,0.00,0.00,0.00,0.00,inferred
Neath Port Talbot,2021-03-26,0.00,0.00,0.00,0.00,0.00,0.00,0.00,inferred
Neath Port Talbot,2021-03-27,0.00,0.00,0.00,0.00,0.00,0.00,0.00,inferred
Neath Port Talbot,2021-03-28,0.00,0.00,0.00,0.00,0.00,0.00,0.00,inferred
Neath Port Talbot,2021-03-29,0.00,0.00,0.00,0.00,0.00,0.00,0.00,inferred
Neath Port Talbot,2021-03-30,0.08,0.03,0.00,0.00,0.00,0.00,0.00,inferred
Neath Port Talbot,2021-03-31,0.08,0.03,0.00,0.00,0.00,0.00,0.00,inferred
Neath Port Talbot,2021-04-01,0.08,0.03,0.00,0.00,0.00,0.00,0.00,inferred
Neath Port Talbot,2021-04-02,0.08,0.03,0.00,0.00,0.00,0.00,0.00,inferred
Neath Port Talbot,2021-04-03,0.08,0.03,0.00,0.00,0.00,0.00,0.00,inferred
Neath Port Talbot,2021-04-04,0.08,0.03,0.00,0.00,0.00,0.00,0.00,inferred
Neath Port Talbot,2021-04-05,0.08,0.03,0.00,0.00,0.00,0.00,0.00,inferred
Neath Port Talbot,2021-04-06,0.52,0.31,0.16,0.07,0.03,0.00,0.00,inferred
Neath Port Talbot,2021-04-07,0.52,0.31,0.16,0.07,0.03,0.00,0.00,inferred
Neath Port Talbot,2021-04-08,0.52,0.31,0.16,0.07,0.03,0.00,0.00,inferred
Neath Port Talbot,2021-04-09,0.52,0.31,0.16,0.07,0.03,0.00,0.00,inferred
Neath Port Talbot,2021-04-10,0.52,0.31,0.16,0.07,0.03,0.00,0.00,inferred
Neath Port Talbot,2021-04-11,0.52,0.31,0.16,0.07,0.03,0.00,0.00,inferred
Neath Port Talbot,2021-04-12,0.52,0.31,0.16,0.07,0.03,0.00,0.00,inferred
Neath Port Talbot,2021-04-13,0.45,0.25,0.11,0.05,0.02,0.00,0.00,inferred
Neath Port Talbot,2021-04-14,0.45,0.25,0.11,0.05,0.02,0.00,0.00,inferred
Neath Port Talbot,2021-04-15,0.45,0.25,0.11,0.05,0.02,0.00,0.00,inferred
Neath Port Talbot,2021-04-16,0.45,0.25,0.11,0.05,0.02,0.00,0.00,inferred
Neath Port Talbot,2021-04-17,0.45,0.25,0.11,0.05,0.02,0.00,0.00,inferred
Neath Port Talbot,2021-04-18,0.45,0.25,0.11,0.05,0.02,0.00,0.00,inferred
Neath Port Talbot,2021-04-19,0.45,0.25,0.11,0.05,0.02,0.00,0.00,inferred
Neath Port Talbot,2021-04-20,0.19,0.08,0.03,0.01,0.00,0.00,0.00,inferred
Neath Port Talbot,2021-04-21,0.19,0.08,0.03,0.01,0.00,0.00,0.00,inferred
Neath Port Talbot,2021-04-22,0.19,0.08,0.03,0.01,0.00,0.00,0.00,inferred
Neath Port Talbot,2021-04-23,0.19,0.08,0.03,0.01,0.00,0.00,0.00,inferred
Neath Port Talbot,2021-04-24,0.19,0.08,0.03,0.01,0.00,0.00,0.00,inferred
Neath Port Talbot,2021-04-25,0.19,0.08,0.03,0.01,0.00,0.00,0.00,inferred
Neath Port Talbot,2021-04-26,0.19,0.08,0.03,0.01,0.00,0.00,0.00,inferred
Neath Port Talbot,2021-04-27,0.45,0.27,0.15,0.08,0.03,0.00,0.00,inferred
Neath Port Talbot,2021-04-28,0.45,0.27,0.15,0.08,0.03,0.00,0.00,inferred
Neath Port Talbot,2021-04-29,0.45,0.27,0.15,0.08,0.03,0.00,0.00,inferred
Neath Port Talbot,2021-04-30,0.45,0.27,0.15,0.08,0.03,0.00,0.00,inferred
Neath Port Talbot,2021-05-01,0.45,0.27,0.15,0.08,0.03,0.00,0.00,inferred
Neath Port Talbot,2021-05-02,0.45,0.27,0.15,0.08,0.03,0.00,0.00,inferred
Neath Port Talbot,2021-05-03,0.45,0.27,0.15,0.08,0.03,0.00,0.00,inferred
Neath Port Talbot,2021-05-04,0.93,0.85,0.72,0.58,0.44,0.12,0.00,inferred
Neath Port Talbot,2021-05-05,0.93,0.85,0.72,0.58,0.44,0.12,0.00,inferred
Neath Port Talbot,2021-05-06,0.93,0.85,0.72,0.58,0.44,0.12,0.00,inferred
Neath Port Talbot,2021-05-07,0.93,0.85,0.72,0.58,0.44,0.12,0.00,inferred
Neath Port Talbot,2021-05-08,0.93,0.85,0.72,0.58,0.44,0.12,0.00,inferred
Neath Port Talbot,2021-05-09,0.93,0.85,0.72,0.58,0.44,0.12,0.00,inferred
Neath Port Talbot,2021-05-10,0.93,0.85,0.72,0.58,0.44,0.12,0.00,inferred
Neath Port Talbot,2021-05-11,0.97,0.91,0.83,0.71,0.56,0.21,0.02,inferred
Neath Port Talbot,2021-05-12,0.97,0.91,0.83,0.71,0.56,0.21,0.02,inferred
Neath Port Talbot,2021-05-13,0.97,0.91,0.83,0.71,0.56,0.21,0.02,inferred
Neath Port Talbot,2021-05-14,0.97,0.91,0.83,0.71,0.56,0.21,0.02,inferred
Neath Port Talbot,2021-05-15,0.97,0.91,0.83,0.71,0.56,0.21,0.02,inferred
Neath Port Talbot,2021-05-16,0.97,0.91,0.83,0.71,0.56,0.21,0.02,inferred
Neath Port Talbot,2021-05-17,0.97,0.91,0.83,0.71,0.56,0.21,0.02,inferred
Neath Port Talbot,2021-05-18,0.87,0.74,0.58,0.41,0.27,0.05,0.00,inferred
Neath Port Talbot,2021-05-19,0.87,0.74,0.58,0.41,0.27,0.05,0.00,inferred
Neath Port Talbot,2021-05-20,0.87,0.74,0.58,0.41,0.27,0.05,0.00,inferred
Neath Port Talbot,2021-05-21,0.87,0.74,0.58,0.41,0.27,0.05,0.00,inferred
Neath Port Talbot,2021-05-22,0.87,0.74,0.58,0.41,0.27,0.05,0.00,inferred
Neath Port Talbot,2021-05-23,0.87,0.74,0.58,0.41,0.27,0.05,0.00,inferred
Neath Port Talbot,2021-05-24,0.87,0.74,0.58,0.41,0.27,0.05,0.00,inferred
Neath Port Talbot,2021-05-25,0.99,0.97,0.92,0.85,0.74,0.30,0.02,inferred
Neath Port Talbot,2021-05-26,0.99,0.97,0.92,0.85,0.74,0.30,0.02,inferred
Neath Port Talbot,2021-05-27,0.99,0.97,0.92,0.85,0.74,0.30,0.02,inferred
Neath Port Talbot,2021-05-28,0.99,0.97,0.92,0.85,0.74,0.30,0.02,inferred
Neath Port Talbot,2021-05-29,0.99,0.97,0.92,0.85,0.74,0.30,0.02,inferred
Neath Port Talbot,2021-05-30,0.99,0.97,0.92,0.85,0.74,0.30,0.02,inferred
Neath Port Talbot,2021-05-31,0.99,0.97,0.92,0.85,0.74,0.30,0.02,inferred
Neath Port Talbot,2021-06-01,1.00,0.99,0.96,0.89,0.79,0.36,0.04,inferred
Neath Port Talbot,2021-06-02,1.00,0.99,0.96,0.89,0.79,0.36,0.04,inferred
Neath Port Talbot,2021-06-03,1.00,0.99,0.96,0.89,0.79,0.36,0.04,inferred
Neath Port Talbot,2021-06-04,1.00,0.99,0.96,0.89,0.79,0.36,0.04,inferred
Neath Port Talbot,2021-06-05,1.00,0.99,0.96,0.89,0.79,0.36,0.04,inferred
Neath Port Talbot,2021-06-06,1.00,0.99,0.96,0.89,0.79,0.36,0.04,inferred
Neath Port Talbot,2021-06-07,1.00,0.99,0.96,0.89,0.79,0.36,0.04,inferred
Neath Port Talbot,2021-06-08,0.99,0.96,0.90,0.79,0.65,0.21,0.01,inferred
Neath Port Talbot,2021-06-09,0.99,0.96,0.90,0.79,0.65,0.21,0.01,inferred
Neath Port Talbot,2021-06-10,0.99,0.96,0.90,0.79,0.65,0.21,0.01,inferred
Neath Port Talbot,2021-06-11,0.99,0.96,0.90,0.79,0.65,0.21,0.01,inferred
Neath Port Talbot,2021-06-12,0.99,0.96,0.90,0.79,0.65,0.21,0.01,inferred
Neath Port Talbot,2021-06-13,0.99,0.96,0.90,0.79,0.65,0.21,0.01,inferred
Neath Port Talbot,2021-06-14,0.99,0.96,0.90,0.79,0.65,0.21,0.01,inferred
Neath Port Talbot,2021-06-15,1.00,1.00,0.99,0.98,0.94,0.54,0.05,inferred
Neath Port Talbot,2021-06-16,1.00,1.00,0.99,0.98,0.94,0.54,0.05,inferred
Neath Port Talbot,2021-06-17,1.00,1.00,0.99,0.98,0.94,0.54,0.05,inferred
Neath Port Talbot,2021-06-18,1.00,1.00,0.99,0.98,0.94,0.54,0.05,inferred
Neath Port Talbot,2021-06-19,1.00,1.00,0.99,0.98,0.94,0.54,0.05,inferred
Neath Port Talbot,2021-06-20,1.00,1.00,0.99,0.98,0.94,0.54,0.05,inferred
Neath Port Talbot,2021-06-21,1.00,1.00,0.99,0.98,0.94,0.54,0.05,inferred
Neath Port Talbot,2021-06-22,1.00,1.00,1.00,0.99,0.98,0.75,0.12,inferred
Neath Port Talbot,2021-06-23,1.00,1.00,1.00,0.99,0.98,0.75,0.12,inferred
Neath Port Talbot,2021-06-24,1.00,1.00,1.00,0.99,0.98,0.75,0.12,inferred
Neath Port Talbot,2021-06-25,1.00,1.00,1.00,0.99,0.98,0.75,0.12,inferred
Neath Port Talbot,2021-06-26,1.00,1.00,1.00,0.99,0.98,0.75,0.12,inferred
Neath Port Talbot,2021-06-27,1.00,1.00,1.00,0.99,0.98,0.75,0.12,inferred
Neath Port Talbot,2021-06-28,1.00,1.00,1.00,0.99,0.98,0.75,0.12,inferred
Neath Port Talbot,2021-06-29,1.00,0.99,0.98,0.95,0.90,0.65,0.22,inferred
Neath Port Talbot,2021-06-30,1.00,0.99,0.98,0.95,0.90,0.65,0.22,inferred
Neath Port Talbot,2021-07-01,1.00,0.99,0.98,0.95,0.90,0.65,0.22,inferred
Neath Port Talbot,2021-07-02,1.00,0.99,0.98,0.95,0.90,0.65,0.22,inferred
Neath Port Talbot,2021-07-03,1.00,0.99,0.98,0.95,0.90,0.65,0.22,inferred
Neath Port Talbot,2021-07-04,1.00,0.99,0.98,0.95,0.90,0.65,0.22,inferred
Neath Port Talbot,2021-07-05,1.00,0.99,0.98,0.95,0.90,0.65,0.22,inferred
Neath Port Talbot,2021-07-06,0.98,0.95,0.90,0.84,0.77,0.53,0.22,projected
Neath Port Talbot,2021-07-07,0.98,0.95,0.90,0.84,0.77,0.53,0.22,projected
Neath Port Talbot,2021-07-08,0.98,0.95,0.90,0.84,0.77,0.53,0.22,projected
Neath Port Talbot,2021-07-09,0.98,0.95,0.90,0.84,0.77,0.53,0.22,projected
Neath Port Talbot,2021-07-10,0.98,0.95,0.90,0.84,0.77,0.53,0.22,projected
Neath Port Talbot,2021-07-11,0.98,0.95,0.90,0.84,0.77,0.53,0.22,projected
Neath Port Talbot,2021-07-12,0.98,0.95,0.90,0.84,0.77,0.53,0.22,projected
Neath Port Talbot,2021-07-13,0.95,0.91,0.86,0.80,0.72,0.50,0.23,projected
Neath Port Talbot,2021-07-14,0.95,0.91,0.86,0.80,0.72,0.50,0.23,projected
Neath Port Talbot,2021-07-15,0.95,0.91,0.86,0.80,0.72,0.50,0.23,projected
Neath Port Talbot,2021-07-16,0.95,0.91,0.86,0.80,0.72,0.50,0.23,projected
Neath Port Talbot,2021-07-17,0.95,0.91,0.86,0.80,0.72,0.50,0.23,projected
Neath Port Talbot,2021-07-18,0.95,0.91,0.86,0.80,0.72,0.50,0.23,projected
Neath Port Talbot,2021-07-19,0.95,0.91,0.86,0.80,0.72,0.50,0.23,projected
Neath Port Talbot,2021-07-20,0.94,0.91,0.85,0.79,0.72,0.51,0.27,projected
Neath Port Talbot,2021-07-21,0.94,0.91,0.85,0.79,0.72,0.51,0.27,projected
Neath Port Talbot,2021-07-22,0.94,0.91,0.85,0.79,0.72,0.51,0.27,projected
Neath Port Talbot,2021-07-23,0.94,0.91,0.85,0.79,0.72,0.51,0.27,projected
Neath Port Talbot,2021-07-24,0.94,0.91,0.85,0.79,0.72,0.51,0.27,projected
Neath Port Talbot,2021-07-25,0.94,0.91,0.85,0.79,0.72,0.51,0.27,projected
Neath Port Talbot,2021-07-26,0.94,0.91,0.85,0.79,0.72,0.51,0.27,projected
New Forest,2021-03-23,0.23,0.07,0.02,0.00,0.00,0.00,0.00,inferred
New Forest,2021-03-24,0.23,0.07,0.02,0.00,0.00,0.00,0.00,inferred
New Forest,2021-03-25,0.23,0.07,0.02,0.00,0.00,0.00,0.00,inferred
New Forest,2021-03-26,0.23,0.07,0.02,0.00,0.00,0.00,0.00,inferred
New Forest,2021-03-27,0.23,0.07,0.02,0.00,0.00,0.00,0.00,inferred
New Forest,2021-03-28,0.23,0.07,0.02,0.00,0.00,0.00,0.00,inferred
New Forest,2021-03-29,0.23,0.07,0.02,0.00,0.00,0.00,0.00,inferred
New Forest,2021-03-30,0.42,0.20,0.08,0.03,0.01,0.00,0.00,inferred
New Forest,2021-03-31,0.42,0.20,0.08,0.03,0.01,0.00,0.00,inferred
New Forest,2021-04-01,0.42,0.20,0.08,0.03,0.01,0.00,0.00,inferred
New Forest,2021-04-02,0.42,0.20,0.08,0.03,0.01,0.00,0.00,inferred
New Forest,2021-04-03,0.42,0.20,0.08,0.03,0.01,0.00,0.00,inferred
New Forest,2021-04-04,0.42,0.20,0.08,0.03,0.01,0.00,0.00,inferred
New Forest,2021-04-05,0.42,0.20,0.08,0.03,0.01,0.00,0.00,inferred
New Forest,2021-04-06,0.74,0.51,0.31,0.16,0.07,0.00,0.00,inferred
New Forest,2021-04-07,0.74,0.51,0.31,0.16,0.07,0.00,0.00,inferred
New Forest,2021-04-08,0.74,0.51,0.31,0.16,0.07,0.00,0.00,inferred
New Forest,2021-04-09,0.74,0.51,0.31,0.16,0.07,0.00,0.00,inferred
New Forest,2021-04-10,0.74,0.51,0.31,0.16,0.07,0.00,0.00,inferred
New Forest,2021-04-11,0.74,0.51,0.31,0.16,0.07,0.00,0.00,inferred
New Forest,2021-04-12,0.74,0.51,0.31,0.16,0.07,0.00,0.00,inferred
New Forest,2021-04-13,0.60,0.38,0.22,0.10,0.04,0.00,0.00,inferred
New Forest,2021-04-14,0.60,0.38,0.22,0.10,0.04,0.00,0.00,inferred
New Forest,2021-04-15,0.60,0.38,0.22,0.10,0.04,0.00,0.00,inferred
New Forest,2021-04-16,0.60,0.38,0.22,0.10,0.04,0.00,0.00,inferred
New Forest,2021-04-17,0.60,0.38,0.22,0.10,0.04,0.00,0.00,inferred
New Forest,2021-04-18,0.60,0.38,0.22,0.10,0.04,0.00,0.00,inferred
New Forest,2021-04-19,0.60,0.38,0.22,0.10,0.04,0.00,0.00,inferred
New Forest,2021-04-20,0.28,0.14,0.05,0.02,0.01,0.00,0.00,inferred
New Forest,2021-04-21,0.28,0.14,0.05,0.02,0.01,0.00,0.00,inferred
New Forest,2021-04-22,0.28,0.14,0.05,0.02,0.01,0.00,0.00,inferred
New Forest,2021-04-23,0.28,0.14,0.05,0.02,0.01,0.00,0.00,inferred
New Forest,2021-04-24,0.28,0.14,0.05,0.02,0.01,0.00,0.00,inferred
New Forest,2021-04-25,0.28,0.14,0.05,0.02,0.01,0.00,0.00,inferred
New Forest,2021-04-26,0.28,0.14,0.05,0.02,0.01,0.00,0.00,inferred
New Forest,2021-04-27,0.53,0.33,0.20,0.11,0.05,0.00,0.00,inferred
New Forest,2021-04-28,0.53,0.33,0.20,0.11,0.05,0.00,0.00,inferred
New Forest,2021-04-29,0.53,0.33,0.20,0.11,0.05,0.00,0.00,inferred
New Forest,2021-04-30,0.53,0.33,0.20,0.11,0.05,0.00,0.00,inferred
New Forest,2021-05-01,0.53,0.33,0.20,0.11,0.05,0.00,0.00,inferred
New Forest,2021-05-02,0.53,0.33,0.20,0.11,0.05,0.00,0.00,inferred
New Forest,2021-05-03,0.53,0.33,0.20,0.11,0.05,0.00,0.00,inferred
New Forest,2021-05-04,0.54,0.37,0.23,0.12,0.06,0.00,0.00,inferred
New Forest,2021-05-05,0.54,0.37,0.23,0.12,0.06,0.00,0.00,inferred
New Forest,2021-05-06,0.54,0.37,0.23,0.12,0.06,0.00,0.00,inferred
New Forest,2021-05-07,0.54,0.37,0.23,0.12,0.06,0.00,0.00,inferred
New Forest,2021-05-08,0.54,0.37,0.23,0.12,0.06,0.00,0.00,inferred
New Forest,2021-05-09,0.54,0.37,0.23,0.12,0.06,0.00,0.00,inferred
New Forest,2021-05-10,0.54,0.37,0.23,0.12,0.06,0.00,0.00,inferred
New Forest,2021-05-11,0.61,0.42,0.27,0.16,0.09,0.01,0.00,inferred
New Forest,2021-05-12,0.61,0.42,0.27,0.16,0.09,0.01,0.00,inferred
New Forest,2021-05-13,0.61,0.42,0.27,0.16,0.09,0.01,0.00,inferred
New Forest,2021-05-14,0.61,0.42,0.27,0.16,0.09,0.01,0.00,inferred
New Forest,2021-05-15,0.61,0.42,0.27,0.16,0.09,0.01,0.00,inferred
New Forest,2021-05-16,0.61,0.42,0.27,0.16,0.09,0.01,0.00,inferred
New Forest,2021-05-17,0.61,0.42,0.27,0.16,0.09,0.01,0.00,inferred
New Forest,2021-05-18,0.81,0.65,0.51,0.37,0.25,0.05,0.00,inferred
New Forest,2021-05-19,0.81,0.65,0.51,0.37,0.25,0.05,0.00,inferred
New Forest,2021-05-20,0.81,0.65,0.51,0.37,0.25,0.05,0.00,inferred
New Forest,2021-05-21,0.81,0.65,0.51,0.37,0.25,0.05,0.00,inferred
New Forest,2021-05-22,0.81,0.65,0.51,0.37,0.25,0.05,0.00,inferred
New Forest,2021-05-23,0.81,0.65,0.51,0.37,0.25,0.05,0.00,inferred
New Forest,2021-05-24,0.81,0.65,0.51,0.37,0.25,0.05,0.00,inferred
New Forest,2021-05-25,1.00,1.00,0.99,0.98,0.96,0.78,0.26,inferred
New Forest,2021-05-26,1.00,1.00,0.99,0.98,0.96,0.78,0.26,inferred
New Forest,2021-05-27,1.00,1.00,0.99,0.98,0.96,0.78,0.26,inferred
New Forest,2021-05-28,1.00,1.00,0.99,0.98,0.96,0.78,0.26,inferred
New Forest,2021-05-29,1.00,1.00,0.99,0.98,0.96,0.78,0.26,inferred
New Forest,2021-05-30,1.00,1.00,0.99,0.98,0.96,0.78,0.26,inferred
New Forest,2021-05-31,1.00,1.00,0.99,0.98,0.96,0.78,0.26,inferred
New Forest,2021-06-01,1.00,1.00,1.00,1.00,1.00,0.99,0.80,inferred
New Forest,2021-06-02,1.00,1.00,1.00,1.00,1.00,0.99,0.80,inferred
New Forest,2021-06-03,1.00,1.00,1.00,1.00,1.00,0.99,0.80,inferred
New Forest,2021-06-04,1.00,1.00,1.00,1.00,1.00,0.99,0.80,inferred
New Forest,2021-06-05,1.00,1.00,1.00,1.00,1.00,0.99,0.80,inferred
New Forest,2021-06-06,1.00,1.00,1.00,1.00,1.00,0.99,0.80,inferred
New Forest,2021-06-07,1.00,1.00,1.00,1.00,1.00,0.99,0.80,inferred
New Forest,2021-06-08,1.00,1.00,1.00,0.99,0.97,0.76,0.21,inferred
New Forest,2021-06-09,1.00,1.00,1.00,0.99,0.97,0.76,0.21,inferred
New Forest,2021-06-10,1.00,1.00,1.00,0.99,0.97,0.76,0.21,inferred
New Forest,2021-06-11,1.00,1.00,1.00,0.99,0.97,0.76,0.21,inferred
New Forest,2021-06-12,1.00,1.00,1.00,0.99,0.97,0.76,0.21,inferred
New Forest,2021-06-13,1.00,1.00,1.00,0.99,0.97,0.76,0.21,inferred
New Forest,2021-06-14,1.00,1.00,1.00,0.99,0.97,0.76,0.21,inferred
New Forest,2021-06-15,1.00,1.00,1.00,1.00,1.00,0.91,0.26,inferred
New Forest,2021-06-16,1.00,1.00,1.00,1.00,1.00,0.91,0.26,inferred
New Forest,2021-06-17,1.00,1.00,1.00,1.00,1.00,0.91,0.26,inferred
New Forest,2021-06-18,1.00,1.00,1.00,1.00,1.00,0.91,0.26,inferred
New Forest,2021-06-19,1.00,1.00,1.00,1.00,1.00,0.91,0.26,inferred
New Forest,2021-06-20,1.00,1.00,1.00,1.00,1.00,0.91,0.26,inferred
New Forest,2021-06-21,1.00,1.00,1.00,1.00,1.00,0.91,0.26,inferred
New Forest,2021-06-22,1.00,1.00,1.00,1.00,1.00,0.96,0.47,inferred
New Forest,2021-06-23,1.00,1.00,1.00,1.00,1.00,0.96,0.47,inferred
New Forest,2021-06-24,1.00,1.00,1.00,1.00,1.00,0.96,0.47,inferred
New Forest,2021-06-25,1.00,1.00,1.00,1.00,1.00,0.96,0.47,inferred
New Forest,2021-06-26,1.00,1.00,1.00,1.00,1.00,0.96,0.47,inferred
New Forest,2021-06-27,1.00,1.00,1.00,1.00,1.00,0.96,0.47,inferred
New Forest,2021-06-28,1.00,1.00,1.00,1.00,1.00,0.96,0.47,inferred
New Forest,2021-06-29,1.00,1.00,0.98,0.94,0.86,0.48,0.06,inferred
New Forest,2021-06-30,1.00,1.00,0.98,0.94,0.86,0.48,0.06,inferred
New Forest,2021-07-01,1.00,1.00,0.98,0.94,0.86,0.48,0.06,inferred
New Forest,2021-07-02,1.00,1.00,0.98,0.94,0.86,0.48,0.06,inferred
New Forest,2021-07-03,1.00,1.00,0.98,0.94,0.86,0.48,0.06,inferred
New Forest,2021-07-04,1.00,1.00,0.98,0.94,0.86,0.48,0.06,inferred
New Forest,2021-07-05,1.00,1.00,0.98,0.94,0.86,0.48,0.06,inferred
New Forest,2021-07-06,0.99,0.96,0.92,0.84,0.76,0.45,0.11,projected
New Forest,2021-07-07,0.99,0.96,0.92,0.84,0.76,0.45,0.11,projected
New Forest,2021-07-08,0.99,0.96,0.92,0.84,0.76,0.45,0.11,projected
New Forest,2021-07-09,0.99,0.96,0.92,0.84,0.76,0.45,0.11,projected
New Forest,2021-07-10,0.99,0.96,0.92,0.84,0.76,0.45,0.11,projected
New Forest,2021-07-11,0.99,0.96,0.92,0.84,0.76,0.45,0.11,projected
New Forest,2021-07-12,0.99,0.96,0.92,0.84,0.76,0.45,0.11,projected
New Forest,2021-07-13,0.97,0.94,0.89,0.82,0.73,0.46,0.16,projected
New Forest,2021-07-14,0.97,0.94,0.89,0.82,0.73,0.46,0.16,projected
New Forest,2021-07-15,0.97,0.94,0.89,0.82,0.73,0.46,0.16,projected
New Forest,2021-07-16,0.97,0.94,0.89,0.82,0.73,0.46,0.16,projected
New Forest,2021-07-17,0.97,0.94,0.89,0.82,0.73,0.46,0.16,projected
New Forest,2021-07-18,0.97,0.94,0.89,0.82,0.73,0.46,0.16,projected
New Forest,2021-07-19,0.97,0.94,0.89,0.82,0.73,0.46,0.16,projected
New Forest,2021-07-20,0.96,0.93,0.88,0.81,0.72,0.46,0.17,projected
New Forest,2021-07-21,0.96,0.93,0.88,0.81,0.72,0.46,0.17,projected
New Forest,2021-07-22,0.96,0.93,0.88,0.81,0.72,0.46,0.17,projected
New Forest,2021-07-23,0.96,0.93,0.88,0.81,0.72,0.46,0.17,projected
New Forest,2021-07-24,0.96,0.93,0.88,0.81,0.72,0.46,0.17,projected
New Forest,2021-07-25,0.96,0.93,0.88,0.81,0.72,0.46,0.17,projected
New Forest,2021-07-26,0.96,0.93,0.88,0.81,0.72,0.46,0.17,projected
Newark and Sherwood,2021-03-23,0.00,0.00,0.00,0.00,0.00,0.00,0.00,inferred
Newark and Sherwood,2021-03-24,0.00,0.00,0.00,0.00,0.00,0.00,0.00,inferred
Newark and Sherwood,2021-03-25,0.00,0.00,0.00,0.00,0.00,0.00,0.00,inferred
Newark and Sherwood,2021-03-26,0.00,0.00,0.00,0.00,0.00,0.00,0.00,inferred
Newark and Sherwood,2021-03-27,0.00,0.00,0.00,0.00,0.00,0.00,0.00,inferred
Newark and Sherwood,2021-03-28,0.00,0.00,0.00,0.00,0.00,0.00,0.00,inferred
Newark and Sherwood,2021-03-29,0.00,0.00,0.00,0.00,0.00,0.00,0.00,inferred
Newark and Sherwood,2021-03-30,0.00,0.00,0.00,0.00,0.00,0.00,0.00,inferred
Newark and Sherwood,2021-03-31,0.00,0.00,0.00,0.00,0.00,0.00,0.00,inferred
Newark and Sherwood,2021-04-01,0.00,0.00,0.00,0.00,0.00,0.00,0.00,inferred
Newark and Sherwood,2021-04-02,0.00,0.00,0.00,0.00,0.00,0.00,0.00,inferred
Newark and Sherwood,2021-04-03,0.00,0.00,0.00,0.00,0.00,0.00,0.00,inferred
Newark and Sherwood,2021-04-04,0.00,0.00,0.00,0.00,0.00,0.00,0.00,inferred
Newark and Sherwood,2021-04-05,0.00,0.00,0.00,0.00,0.00,0.00,0.00,inferred
Newark and Sherwood,2021-04-06,0.11,0.03,0.01,0.00,0.00,0.00,0.00,inferred
Newark and Sherwood,2021-04-07,0.11,0.03,0.01,0.00,0.00,0.00,0.00,inferred
Newark and Sherwood,2021-04-08,0.11,0.03,0.01,0.00,0.00,0.00,0.00,inferred
Newark and Sherwood,2021-04-09,0.11,0.03,0.01,0.00,0.00,0.00,0.00,inferred
Newark and Sherwood,2021-04-10,0.11,0.03,0.01,0.00,0.00,0.00,0.00,inferred
Newark and Sherwood,2021-04-11,0.11,0.03,0.01,0.00,0.00,0.00,0.00,inferred
Newark and Sherwood,2021-04-12,0.11,0.03,0.01,0.00,0.00,0.00,0.00,inferred
Newark and Sherwood,2021-04-13,0.70,0.50,0.30,0.14,0.06,0.00,0.00,inferred
Newark and Sherwood,2021-04-14,0.70,0.50,0.30,0.14,0.06,0.00,0.00,inferred
Newark and Sherwood,2021-04-15,0.70,0.50,0.30,0.14,0.06,0.00,0.00,inferred
Newark and Sherwood,2021-04-16,0.70,0.50,0.30,0.14,0.06,0.00,0.00,inferred
Newark and Sherwood,2021-04-17,0.70,0.50,0.30,0.14,0.06,0.00,0.00,inferred
Newark and Sherwood,2021-04-18,0.70,0.50,0.30,0.14,0.06,0.00,0.00,inferred
Newark and Sherwood,2021-04-19,0.70,0.50,0.30,0.14,0.06,0.00,0.00,inferred
Newark and Sherwood,2021-04-20,0.79,0.62,0.41,0.23,0.12,0.02,0.00,inferred
Newark and Sherwood,2021-04-21,0.79,0.62,0.41,0.23,0.12,0.02,0.00,inferred
Newark and Sherwood,2021-04-22,0.79,0.62,0.41,0.23,0.12,0.02,0.00,inferred
Newark and Sherwood,2021-04-23,0.79,0.62,0.41,0.23,0.12,0.02,0.00,inferred
Newark and Sherwood,2021-04-24,0.79,0.62,0.41,0.23,0.12,0.02,0.00,inferred
Newark and Sherwood,2021-04-25,0.79,0.62,0.41,0.23,0.12,0.02,0.00,inferred
Newark and Sherwood,2021-04-26,0.79,0.62,0.41,0.23,0.12,0.02,0.00,inferred
Newark and Sherwood,2021-04-27,1.00,0.99,0.97,0.93,0.85,0.41,0.04,inferred
Newark and Sherwood,2021-04-28,1.00,0.99,0.97,0.93,0.85,0.41,0.04,inferred
Newark and Sherwood,2021-04-29,1.00,0.99,0.97,0.93,0.85,0.41,0.04,inferred
Newark and Sherwood,2021-04-30,1.00,0.99,0.97,0.93,0.85,0.41,0.04,inferred
Newark and Sherwood,2021-05-01,1.00,0.99,0.97,0.93,0.85,0.41,0.04,inferred
Newark and Sherwood,2021-05-02,1.00,0.99,0.97,0.93,0.85,0.41,0.04,inferred
Newark and Sherwood,2021-05-03,1.00,0.99,0.97,0.93,0.85,0.41,0.04,inferred
Newark and Sherwood,2021-05-04,0.95,0.86,0.70,0.50,0.32,0.04,0.00,inferred
Newark and Sherwood,2021-05-05,0.95,0.86,0.70,0.50,0.32,0.04,0.00,inferred
Newark and Sherwood,2021-05-06,0.95,0.86,0.70,0.50,0.32,0.04,0.00,inferred
Newark and Sherwood,2021-05-07,0.95,0.86,0.70,0.50,0.32,0.04,0.00,inferred
Newark and Sherwood,2021-05-08,0.95,0.86,0.70,0.50,0.32,0.04,0.00,inferred
Newark and Sherwood,2021-05-09,0.95,0.86,0.70,0.50,0.32,0.04,0.00,inferred
Newark and Sherwood,2021-05-10,0.95,0.86,0.70,0.50,0.32,0.04,0.00,inferred
Newark and Sherwood,2021-05-11,0.84,0.66,0.44,0.24,0.11,0.01,0.00,inferred
Newark and Sherwood,2021-05-12,0.84,0.66,0.44,0.24,0.11,0.01,0.00,inferred
Newark and Sherwood,2021-05-13,0.84,0.66,0.44,0.24,0.11,0.01,0.00,inferred
Newark and Sherwood,2021-05-14,0.84,0.66,0.44,0.24,0.11,0.01,0.00,inferred
Newark and Sherwood,2021-05-15,0.84,0.66,0.44,0.24,0.11,0.01,0.00,inferred
Newark and Sherwood,2021-05-16,0.84,0.66,0.44,0.24,0.11,0.01,0.00,inferred
Newark and Sherwood,2021-05-17,0.84,0.66,0.44,0.24,0.11,0.01,0.00,inferred
Newark and Sherwood,2021-05-18,0.81,0.61,0.38,0.21,0.09,0.00,0.00,inferred
Newark and Sherwood,2021-05-19,0.81,0.61,0.38,0.21,0.09,0.00,0.00,inferred
Newark and Sherwood,2021-05-20,0.81,0.61,0.38,0.21,0.09,0.00,0.00,inferred
Newark and Sherwood,2021-05-21,0.81,0.61,0.38,0.21,0.09,0.00,0.00,inferred
Newark and Sherwood,2021-05-22,0.81,0.61,0.38,0.21,0.09,0.00,0.00,inferred
Newark and Sherwood,2021-05-23,0.81,0.61,0.38,0.21,0.09,0.00,0.00,inferred
Newark and Sherwood,2021-05-24,0.81,0.61,0.38,0.21,0.09,0.00,0.00,inferred
Newark and Sherwood,2021-05-25,0.98,0.94,0.82,0.65,0.44,0.06,0.00,inferred
Newark and Sherwood,2021-05-26,0.98,0.94,0.82,0.65,0.44,0.06,0.00,inferred
Newark and Sherwood,2021-05-27,0.98,0.94,0.82,0.65,0.44,0.06,0.00,inferred
Newark and Sherwood,2021-05-28,0.98,0.94,0.82,0.65,0.44,0.06,0.00,inferred
Newark and Sherwood,2021-05-29,0.98,0.94,0.82,0.65,0.44,0.06,0.00,inferred
Newark and Sherwood,2021-05-30,0.98,0.94,0.82,0.65,0.44,0.06,0.00,inferred
Newark and Sherwood,2021-05-31,0.98,0.94,0.82,0.65,0.44,0.06,0.00,inferred
Newark and Sherwood,2021-06-01,0.98,0.94,0.82,0.66,0.46,0.07,0.00,inferred
Newark and Sherwood,2021-06-02,0.98,0.94,0.82,0.66,0.46,0.07,0.00,inferred
Newark and Sherwood,2021-06-03,0.98,0.94,0.82,0.66,0.46,0.07,0.00,inferred
Newark and Sherwood,2021-06-04,0.98,0.94,0.82,0.66,0.46,0.07,0.00,inferred
Newark and Sherwood,2021-06-05,0.98,0.94,0.82,0.66,0.46,0.07,0.00,inferred
Newark and Sherwood,2021-06-06,0.98,0.94,0.82,0.66,0.46,0.07,0.00,inferred
Newark and Sherwood,2021-06-07,0.98,0.94,0.82,0.66,0.46,0.07,0.00,inferred
Newark and Sherwood,2021-06-08,1.00,1.00,0.98,0.95,0.86,0.38,0.01,inferred
Newark and Sherwood,2021-06-09,1.00,1.00,0.98,0.95,0.86,0.38,0.01,inferred
Newark and Sherwood,2021-06-10,1.00,1.00,0.98,0.95,0.86,0.38,0.01,inferred
Newark and Sherwood,2021-06-11,1.00,1.00,0.98,0.95,0.86,0.38,0.01,inferred
Newark and Sherwood,2021-06-12,1.00,1.00,0.98,0.95,0.86,0.38,0.01,inferred
Newark and Sherwood,2021-06-13,1.00,1.00,0.98,0.95,0.86,0.38,0.01,inferred
Newark and Sherwood,2021-06-14,1.00,1.00,0.98,0.95,0.86,0.38,0.01,inferred
Newark and Sherwood,2021-06-15,1.00,1.00,1.00,1.00,1.00,0.93,0.30,inferred
Newark and Sherwood,2021-06-16,1.00,1.00,1.00,1.00,1.00,0.93,0.30,inferred
Newark and Sherwood,2021-06-17,1.00,1.00,1.00,1.00,1.00,0.93,0.30,inferred
Newark and Sherwood,2021-06-18,1.00,1.00,1.00,1.00,1.00,0.93,0.30,inferred
Newark and Sherwood,2021-06-19,1.00,1.00,1.00,1.00,1.00,0.93,0.30,inferred
Newark and Sherwood,2021-06-20,1.00,1.00,1.00,1.00,1.00,0.93,0.30,inferred
Newark and Sherwood,2021-06-21,1.00,1.00,1.00,1.00,1.00,0.93,0.30,inferred
Newark and Sherwood,2021-06-22,1.00,1.00,1.00,1.00,1.00,1.00,0.83,inferred
Newark and Sherwood,2021-06-23,1.00,1.00,1.00,1.00,1.00,1.00,0.83,inferred
Newark and Sherwood,2021-06-24,1.00,1.00,1.00,1.00,1.00,1.00,0.83,inferred
Newark and Sherwood,2021-06-25,1.00,1.00,1.00,1.00,1.00,1.00,0.83,inferred
Newark and Sherwood,2021-06-26,1.00,1.00,1.00,1.00,1.00,1.00,0.83,inferred
Newark and Sherwood,2021-06-27,1.00,1.00,1.00,1.00,1.00,1.00,0.83,inferred
Newark and Sherwood,2021-06-28,1.00,1.00,1.00,1.00,1.00,1.00,0.83,inferred
Newark and Sherwood,2021-06-29,1.00,1.00,1.00,1.00,0.99,0.91,0.51,inferred
Newark and Sherwood,2021-06-30,1.00,1.00,1.00,1.00,0.99,0.91,0.51,inferred
Newark and Sherwood,2021-07-01,1.00,1.00,1.00,1.00,0.99,0.91,0.51,inferred
Newark and Sherwood,2021-07-02,1.00,1.00,1.00,1.00,0.99,0.91,0.51,inferred
Newark and Sherwood,2021-07-03,1.00,1.00,1.00,1.00,0.99,0.91,0.51,inferred
Newark and Sherwood,2021-07-04,1.00,1.00,1.00,1.00,0.99,0.91,0.51,inferred
Newark and Sherwood,2021-07-05,1.00,1.00,1.00,1.00,0.99,0.91,0.51,inferred
Newark and Sherwood,2021-07-06,1.00,0.99,0.98,0.96,0.92,0.73,0.36,projected
Newark and Sherwood,2021-07-07,1.00,0.99,0.98,0.96,0.92,0.73,0.36,projected
Newark and Sherwood,2021-07-08,1.00,0.99,0.98,0.96,0.92,0.73,0.36,projected
Newark and Sherwood,2021-07-09,1.00,0.99,0.98,0.96,0.92,0.73,0.36,projected
Newark and Sherwood,2021-07-10,1.00,0.99,0.98,0.96,0.92,0.73,0.36,projected
Newark and Sherwood,2021-07-11,1.00,0.99,0.98,0.96,0.92,0.73,0.36,projected
Newark and Sherwood,2021-07-12,1.00,0.99,0.98,0.96,0.92,0.73,0.36,projected
Newark and Sherwood,2021-07-13,0.99,0.97,0.95,0.91,0.86,0.65,0.32,projected
Newark and Sherwood,2021-07-14,0.99,0.97,0.95,0.91,0.86,0.65,0.32,projected
Newark and Sherwood,2021-07-15,0.99,0.97,0.95,0.91,0.86,0.65,0.32,projected
Newark and Sherwood,2021-07-16,0.99,0.97,0.95,0.91,0.86,0.65,0.32,projected
Newark and Sherwood,2021-07-17,0.99,0.97,0.95,0.91,0.86,0.65,0.32,projected
Newark and Sherwood,2021-07-18,0.99,0.97,0.95,0.91,0.86,0.65,0.32,projected
Newark and Sherwood,2021-07-19,0.99,0.97,0.95,0.91,0.86,0.65,0.32,projected
Newark and Sherwood,2021-07-20,0.98,0.96,0.92,0.87,0.83,0.61,0.31,projected
Newark and Sherwood,2021-07-21,0.98,0.96,0.92,0.87,0.83,0.61,0.31,projected
Newark and Sherwood,2021-07-22,0.98,0.96,0.92,0.87,0.83,0.61,0.31,projected
Newark and Sherwood,2021-07-23,0.98,0.96,0.92,0.87,0.83,0.61,0.31,projected
Newark and Sherwood,2021-07-24,0.98,0.96,0.92,0.87,0.83,0.61,0.31,projected
Newark and Sherwood,2021-07-25,0.98,0.96,0.92,0.87,0.83,0.61,0.31,projected
Newark and Sherwood,2021-07-26,0.98,0.96,0.92,0.87,0.83,0.61,0.31,projected
Newcastle upon Tyne,2021-03-23,0.49,0.20,0.04,0.00,0.00,0.00,0.00,inferred
Newcastle upon Tyne,2021-03-24,0.49,0.20,0.04,0.00,0.00,0.00,0.00,inferred
Newcastle upon Tyne,2021-03-25,0.49,0.20,0.04,0.00,0.00,0.00,0.00,inferred
Newcastle upon Tyne,2021-03-26,0.49,0.20,0.04,0.00,0.00,0.00,0.00,inferred
Newcastle upon Tyne,2021-03-27,0.49,0.20,0.04,0.00,0.00,0.00,0.00,inferred
Newcastle upon Tyne,2021-03-28,0.49,0.20,0.04,0.00,0.00,0.00,0.00,inferred
Newcastle upon Tyne,2021-03-29,0.49,0.20,0.04,0.00,0.00,0.00,0.00,inferred
Newcastle upon Tyne,2021-03-30,0.42,0.16,0.04,0.00,0.00,0.00,0.00,inferred
Newcastle upon Tyne,2021-03-31,0.42,0.16,0.04,0.00,0.00,0.00,0.00,inferred
Newcastle upon Tyne,2021-04-01,0.42,0.16,0.04,0.00,0.00,0.00,0.00,inferred
Newcastle upon Tyne,2021-04-02,0.42,0.16,0.04,0.00,0.00,0.00,0.00,inferred
Newcastle upon Tyne,2021-04-03,0.42,0.16,0.04,0.00,0.00,0.00,0.00,inferred
Newcastle upon Tyne,2021-04-04,0.42,0.16,0.04,0.00,0.00,0.00,0.00,inferred
Newcastle upon Tyne,2021-04-05,0.42,0.16,0.04,0.00,0.00,0.00,0.00,inferred
Newcastle upon Tyne,2021-04-06,0.77,0.47,0.21,0.06,0.01,0.00,0.00,inferred
Newcastle upon Tyne,2021-04-07,0.77,0.47,0.21,0.06,0.01,0.00,0.00,inferred
Newcastle upon Tyne,2021-04-08,0.77,0.47,0.21,0.06,0.01,0.00,0.00,inferred
Newcastle upon Tyne,2021-04-09,0.77,0.47,0.21,0.06,0.01,0.00,0.00,inferred
Newcastle upon Tyne,2021-04-10,0.77,0.47,0.21,0.06,0.01,0.00,0.00,inferred
Newcastle upon Tyne,2021-04-11,0.77,0.47,0.21,0.06,0.01,0.00,0.00,inferred
Newcastle upon Tyne,2021-04-12,0.77,0.47,0.21,0.06,0.01,0.00,0.00,inferred
Newcastle upon Tyne,2021-04-13,0.87,0.64,0.36,0.13,0.03,0.00,0.00,inferred
Newcastle upon Tyne,2021-04-14,0.87,0.64,0.36,0.13,0.03,0.00,0.00,inferred
Newcastle upon Tyne,2021-04-15,0.87,0.64,0.36,0.13,0.03,0.00,0.00,inferred
Newcastle upon Tyne,2021-04-16,0.87,0.64,0.36,0.13,0.03,0.00,0.00,inferred
Newcastle upon Tyne,2021-04-17,0.87,0.64,0.36,0.13,0.03,0.00,0.00,inferred
Newcastle upon Tyne,2021-04-18,0.87,0.64,0.36,0.13,0.03,0.00,0.00,inferred
Newcastle upon Tyne,2021-04-19,0.87,0.64,0.36,0.13,0.03,0.00,0.00,inferred
Newcastle upon Tyne,2021-04-20,0.98,0.91,0.73,0.47,0.23,0.01,0.00,inferred
Newcastle upon Tyne,2021-04-21,0.98,0.91,0.73,0.47,0.23,0.01,0.00,inferred
Newcastle upon Tyne,2021-04-22,0.98,0.91,0.73,0.47,0.23,0.01,0.00,inferred
Newcastle upon Tyne,2021-04-23,0.98,0.91,0.73,0.47,0.23,0.01,0.00,inferred
Newcastle upon Tyne,2021-04-24,0.98,0.91,0.73,0.47,0.23,0.01,0.00,inferred
Newcastle upon Tyne,2021-04-25,0.98,0.91,0.73,0.47,0.23,0.01,0.00,inferred
Newcastle upon Tyne,2021-04-26,0.98,0.91,0.73,0.47,0.23,0.01,0.00,inferred
Newcastle upon Tyne,2021-04-27,0.99,0.96,0.84,0.62,0.35,0.01,0.00,inferred
Newcastle upon Tyne,2021-04-28,0.99,0.96,0.84,0.62,0.35,0.01,0.00,inferred
Newcastle upon Tyne,2021-04-29,0.99,0.96,0.84,0.62,0.35,0.01,0.00,inferred
Newcastle upon Tyne,2021-04-30,0.99,0.96,0.84,0.62,0.35,0.01,0.00,inferred
Newcastle upon Tyne,2021-05-01,0.99,0.96,0.84,0.62,0.35,0.01,0.00,inferred
Newcastle upon Tyne,2021-05-02,0.99,0.96,0.84,0.62,0.35,0.01,0.00,inferred
Newcastle upon Tyne,2021-05-03,0.99,0.96,0.84,0.62,0.35,0.01,0.00,inferred
Newcastle upon Tyne,2021-05-04,0.98,0.90,0.67,0.40,0.16,0.00,0.00,inferred
Newcastle upon Tyne,2021-05-05,0.98,0.90,0.67,0.40,0.16,0.00,0.00,inferred
Newcastle upon Tyne,2021-05-06,0.98,0.90,0.67,0.40,0.16,0.00,0.00,inferred
Newcastle upon Tyne,2021-05-07,0.98,0.90,0.67,0.40,0.16,0.00,0.00,inferred
Newcastle upon Tyne,2021-05-08,0.98,0.90,0.67,0.40,0.16,0.00,0.00,inferred
Newcastle upon Tyne,2021-05-09,0.98,0.90,0.67,0.40,0.16,0.00,0.00,inferred
Newcastle upon Tyne,2021-05-10,0.98,0.90,0.67,0.40,0.16,0.00,0.00,inferred
Newcastle upon Tyne,2021-05-11,0.89,0.66,0.37,0.14,0.04,0.00,0.00,inferred
Newcastle upon Tyne,2021-05-12,0.89,0.66,0.37,0.14,0.04,0.00,0.00,inferred
Newcastle upon Tyne,2021-05-13,0.89,0.66,0.37,0.14,0.04,0.00,0.00,inferred
Newcastle upon Tyne,2021-05-14,0.89,0.66,0.37,0.14,0.04,0.00,0.00,inferred
Newcastle upon Tyne,2021-05-15,0.89,0.66,0.37,0.14,0.04,0.00,0.00,inferred
Newcastle upon Tyne,2021-05-16,0.89,0.66,0.37,0.14,0.04,0.00,0.00,inferred
Newcastle upon Tyne,2021-05-17,0.89,0.66,0.37,0.14,0.04,0.00,0.00,inferred
Newcastle upon Tyne,2021-05-18,0.99,0.96,0.84,0.60,0.32,0.02,0.00,inferred
Newcastle upon Tyne,2021-05-19,0.99,0.96,0.84,0.60,0.32,0.02,0.00,inferred
Newcastle upon Tyne,2021-05-20,0.99,0.96,0.84,0.60,0.32,0.02,0.00,inferred
Newcastle upon Tyne,2021-05-21,0.99,0.96,0.84,0.60,0.32,0.02,0.00,inferred
Newcastle upon Tyne,2021-05-22,0.99,0.96,0.84,0.60,0.32,0.02,0.00,inferred
Newcastle upon Tyne,2021-05-23,0.99,0.96,0.84,0.60,0.32,0.02,0.00,inferred
Newcastle upon Tyne,2021-05-24,0.99,0.96,0.84,0.60,0.32,0.02,0.00,inferred
Newcastle upon Tyne,2021-05-25,1.00,1.00,1.00,1.00,0.99,0.72,0.03,inferred
Newcastle upon Tyne,2021-05-26,1.00,1.00,1.00,1.00,0.99,0.72,0.03,inferred
Newcastle upon Tyne,2021-05-27,1.00,1.00,1.00,1.00,0.99,0.72,0.03,inferred
Newcastle upon Tyne,2021-05-28,1.00,1.00,1.00,1.00,0.99,0.72,0.03,inferred
Newcastle upon Tyne,2021-05-29,1.00,1.00,1.00,1.00,0.99,0.72,0.03,inferred
Newcastle upon Tyne,2021-05-30,1.00,1.00,1.00,1.00,0.99,0.72,0.03,inferred
Newcastle upon Tyne,2021-05-31,1.00,1.00,1.00,1.00,0.99,0.72,0.03,inferred
Newcastle upon Tyne,2021-06-01,1.00,1.00,1.00,1.00,1.00,0.99,0.56,inferred
Newcastle upon Tyne,2021-06-02,1.00,1.00,1.00,1.00,1.00,0.99,0.56,inferred
Newcastle upon Tyne,2021-06-03,1.00,1.00,1.00,1.00,1.00,0.99,0.56,inferred
Newcastle upon Tyne,2021-06-04,1.00,1.00,1.00,1.00,1.00,0.99,0.56,inferred
Newcastle upon Tyne,2021-06-05,1.00,1.00,1.00,1.00,1.00,0.99,0.56,inferred
Newcastle upon Tyne,2021-06-06,1.00,1.00,1.00,1.00,1.00,0.99,0.56,inferred
Newcastle upon Tyne,2021-06-07,1.00,1.00,1.00,1.00,1.00,0.99,0.56,inferred
Newcastle upon Tyne,2021-06-08,1.00,1.00,1.00,1.00,1.00,0.96,0.49,inferred
Newcastle upon Tyne,2021-06-09,1.00,1.00,1.00,1.00,1.00,0.96,0.49,inferred
Newcastle upon Tyne,2021-06-10,1.00,1.00,1.00,1.00,1.00,0.96,0.49,inferred
Newcastle upon Tyne,2021-06-11,1.00,1.00,1.00,1.00,1.00,0.96,0.49,inferred
Newcastle upon Tyne,2021-06-12,1.00,1.00,1.00,1.00,1.00,0.96,0.49,inferred
Newcastle upon Tyne,2021-06-13,1.00,1.00,1.00,1.00,1.00,0.96,0.49,inferred
Newcastle upon Tyne,2021-06-14,1.00,1.00,1.00,1.00,1.00,0.96,0.49,inferred
Newcastle upon Tyne,2021-06-15,1.00,1.00,1.00,1.00,1.00,0.95,0.31,inferred
Newcastle upon Tyne,2021-06-16,1.00,1.00,1.00,1.00,1.00,0.95,0.31,inferred
Newcastle upon Tyne,2021-06-17,1.00,1.00,1.00,1.00,1.00,0.95,0.31,inferred
Newcastle upon Tyne,2021-06-18,1.00,1.00,1.00,1.00,1.00,0.95,0.31,inferred
Newcastle upon Tyne,2021-06-19,1.00,1.00,1.00,1.00,1.00,0.95,0.31,inferred
Newcastle upon Tyne,2021-06-20,1.00,1.00,1.00,1.00,1.00,0.95,0.31,inferred
Newcastle upon Tyne,2021-06-21,1.00,1.00,1.00,1.00,1.00,0.95,0.31,inferred
Newcastle upon Tyne,2021-06-22,1.00,1.00,1.00,1.00,0.99,0.58,0.00,inferred
Newcastle upon Tyne,2021-06-23,1.00,1.00,1.00,1.00,0.99,0.58,0.00,inferred
Newcastle upon Tyne,2021-06-24,1.00,1.00,1.00,1.00,0.99,0.58,0.00,inferred
Newcastle upon Tyne,2021-06-25,1.00,1.00,1.00,1.00,0.99,0.58,0.00,inferred
Newcastle upon Tyne,2021-06-26,1.00,1.00,1.00,1.00,0.99,0.58,0.00,inferred
Newcastle upon Tyne,2021-06-27,1.00,1.00,1.00,1.00,0.99,0.58,0.00,inferred
Newcastle upon Tyne,2021-06-28,1.00,1.00,1.00,1.00,0.99,0.58,0.00,inferred
Newcastle upon Tyne,2021-06-29,0.99,0.94,0.80,0.54,0.28,0.01,0.00,inferred
Newcastle upon Tyne,2021-06-30,0.99,0.94,0.80,0.54,0.28,0.01,0.00,inferred
Newcastle upon Tyne,2021-07-01,0.99,0.94,0.80,0.54,0.28,0.01,0.00,inferred
Newcastle upon Tyne,2021-07-02,0.99,0.94,0.80,0.54,0.28,0.01,0.00,inferred
Newcastle upon Tyne,2021-07-03,0.99,0.94,0.80,0.54,0.28,0.01,0.00,inferred
Newcastle upon Tyne,2021-07-04,0.99,0.94,0.80,0.54,0.28,0.01,0.00,inferred
Newcastle upon Tyne,2021-07-05,0.99,0.94,0.80,0.54,0.28,0.01,0.00,inferred
Newcastle upon Tyne,2021-07-06,0.92,0.82,0.68,0.54,0.42,0.15,0.01,projected
Newcastle upon Tyne,2021-07-07,0.92,0.82,0.68,0.54,0.42,0.15,0.01,projected
Newcastle upon Tyne,2021-07-08,0.92,0.82,0.68,0.54,0.42,0.15,0.01,projected
Newcastle upon Tyne,2021-07-09,0.92,0.82,0.68,0.54,0.42,0.15,0.01,projected
Newcastle upon Tyne,2021-07-10,0.92,0.82,0.68,0.54,0.42,0.15,0.01,projected
Newcastle upon Tyne,2021-07-11,0.92,0.82,0.68,0.54,0.42,0.15,0.01,projected
Newcastle upon Tyne,2021-07-12,0.92,0.82,0.68,0.54,0.42,0.15,0.01,projected
Newcastle upon Tyne,2021-07-13,0.89,0.81,0.70,0.58,0.48,0.22,0.04,projected
Newcastle upon Tyne,2021-07-14,0.89,0.81,0.70,0.58,0.48,0.22,0.04,projected
Newcastle upon Tyne,2021-07-15,0.89,0.81,0.70,0.58,0.48,0.22,0.04,projected
Newcastle upon Tyne,2021-07-16,0.89,0.81,0.70,0.58,0.48,0.22,0.04,projected
Newcastle upon Tyne,2021-07-17,0.89,0.81,0.70,0.58,0.48,0.22,0.04,projected
Newcastle upon Tyne,2021-07-18,0.89,0.81,0.70,0.58,0.48,0.22,0.04,projected
Newcastle upon Tyne,2021-07-19,0.89,0.81,0.70,0.58,0.48,0.22,0.04,projected
Newcastle upon Tyne,2021-07-20,0.89,0.82,0.74,0.65,0.54,0.31,0.09,projected
Newcastle upon Tyne,2021-07-21,0.89,0.82,0.74,0.65,0.54,0.31,0.09,projected
Newcastle upon Tyne,2021-07-22,0.89,0.82,0.74,0.65,0.54,0.31,0.09,projected
Newcastle upon Tyne,2021-07-23,0.89,0.82,0.74,0.65,0.54,0.31,0.09,projected
Newcastle upon Tyne,2021-07-24,0.89,0.82,0.74,0.65,0.54,0.31,0.09,projected
Newcastle upon Tyne,2021-07-25,0.89,0.82,0.74,0.65,0.54,0.31,0.09,projected
Newcastle upon Tyne,2021-07-26,0.89,0.82,0.74,0.65,0.54,0.31,0.09,projected
Newcastle-under-Lyme,2021-03-23,0.06,0.01,0.00,0.00,0.00,0.00,0.00,inferred
Newcastle-under-Lyme,2021-03-24,0.06,0.01,0.00,0.00,0.00,0.00,0.00,inferred
Newcastle-under-Lyme,2021-03-25,0.06,0.01,0.00,0.00,0.00,0.00,0.00,inferred
Newcastle-under-Lyme,2021-03-26,0.06,0.01,0.00,0.00,0.00,0.00,0.00,inferred
Newcastle-under-Lyme,2021-03-27,0.06,0.01,0.00,0.00,0.00,0.00,0.00,inferred
Newcastle-under-Lyme,2021-03-28,0.06,0.01,0.00,0.00,0.00,0.00,0.00,inferred
Newcastle-under-Lyme,2021-03-29,0.06,0.01,0.00,0.00,0.00,0.00,0.00,inferred
Newcastle-under-Lyme,2021-03-30,0.47,0.25,0.11,0.03,0.01,0.00,0.00,inferred
Newcastle-under-Lyme,2021-03-31,0.47,0.25,0.11,0.03,0.01,0.00,0.00,inferred
Newcastle-under-Lyme,2021-04-01,0.47,0.25,0.11,0.03,0.01,0.00,0.00,inferred
Newcastle-under-Lyme,2021-04-02,0.47,0.25,0.11,0.03,0.01,0.00,0.00,inferred
Newcastle-under-Lyme,2021-04-03,0.47,0.25,0.11,0.03,0.01,0.00,0.00,inferred
Newcastle-under-Lyme,2021-04-04,0.47,0.25,0.11,0.03,0.01,0.00,0.00,inferred
Newcastle-under-Lyme,2021-04-05,0.47,0.25,0.11,0.03,0.01,0.00,0.00,inferred
Newcastle-under-Lyme,2021-04-06,0.80,0.58,0.38,0.20,0.08,0.00,0.00,inferred
Newcastle-under-Lyme,2021-04-07,0.80,0.58,0.38,0.20,0.08,0.00,0.00,inferred
Newcastle-under-Lyme,2021-04-08,0.80,0.58,0.38,0.20,0.08,0.00,0.00,inferred
Newcastle-under-Lyme,2021-04-09,0.80,0.58,0.38,0.20,0.08,0.00,0.00,inferred
Newcastle-under-Lyme,2021-04-10,0.80,0.58,0.38,0.20,0.08,0.00,0.00,inferred
Newcastle-under-Lyme,2021-04-11,0.80,0.58,0.38,0.20,0.08,0.00,0.00,inferred
Newcastle-under-Lyme,2021-04-12,0.80,0.58,0.38,0.20,0.08,0.00,0.00,inferred
Newcastle-under-Lyme,2021-04-13,0.22,0.09,0.03,0.01,0.01,0.00,0.00,inferred
Newcastle-under-Lyme,2021-04-14,0.22,0.09,0.03,0.01,0.01,0.00,0.00,inferred
Newcastle-under-Lyme,2021-04-15,0.22,0.09,0.03,0.01,0.01,0.00,0.00,inferred
Newcastle-under-Lyme,2021-04-16,0.22,0.09,0.03,0.01,0.01,0.00,0.00,inferred
Newcastle-under-Lyme,2021-04-17,0.22,0.09,0.03,0.01,0.01,0.00,0.00,inferred
Newcastle-under-Lyme,2021-04-18,0.22,0.09,0.03,0.01,0.01,0.00,0.00,inferred
Newcastle-under-Lyme,2021-04-19,0.22,0.09,0.03,0.01,0.01,0.00,0.00,inferred
Newcastle-under-Lyme,2021-04-20,0.25,0.12,0.05,0.02,0.01,0.00,0.00,inferred
Newcastle-under-Lyme,2021-04-21,0.25,0.12,0.05,0.02,0.01,0.00,0.00,inferred
Newcastle-under-Lyme,2021-04-22,0.25,0.12,0.05,0.02,0.01,0.00,0.00,inferred
Newcastle-under-Lyme,2021-04-23,0.25,0.12,0.05,0.02,0.01,0.00,0.00,inferred
Newcastle-under-Lyme,2021-04-24,0.25,0.12,0.05,0.02,0.01,0.00,0.00,inferred
Newcastle-under-Lyme,2021-04-25,0.25,0.12,0.05,0.02,0.01,0.00,0.00,inferred
Newcastle-under-Lyme,2021-04-26,0.25,0.12,0.05,0.02,0.01,0.00,0.00,inferred
Newcastle-under-Lyme,2021-04-27,0.51,0.33,0.18,0.10,0.05,0.01,0.00,inferred
Newcastle-under-Lyme,2021-04-28,0.51,0.33,0.18,0.10,0.05,0.01,0.00,inferred
Newcastle-under-Lyme,2021-04-29,0.51,0.33,0.18,0.10,0.05,0.01,0.00,inferred
Newcastle-under-Lyme,2021-04-30,0.51,0.33,0.18,0.10,0.05,0.01,0.00,inferred
Newcastle-under-Lyme,2021-05-01,0.51,0.33,0.18,0.10,0.05,0.01,0.00,inferred
Newcastle-under-Lyme,2021-05-02,0.51,0.33,0.18,0.10,0.05,0.01,0.00,inferred
Newcastle-under-Lyme,2021-05-03,0.51,0.33,0.18,0.10,0.05,0.01,0.00,inferred
Newcastle-under-Lyme,2021-05-04,0.63,0.46,0.29,0.16,0.09,0.01,0.00,inferred
Newcastle-under-Lyme,2021-05-05,0.63,0.46,0.29,0.16,0.09,0.01,0.00,inferred
Newcastle-under-Lyme,2021-05-06,0.63,0.46,0.29,0.16,0.09,0.01,0.00,inferred
Newcastle-under-Lyme,2021-05-07,0.63,0.46,0.29,0.16,0.09,0.01,0.00,inferred
Newcastle-under-Lyme,2021-05-08,0.63,0.46,0.29,0.16,0.09,0.01,0.00,inferred
Newcastle-under-Lyme,2021-05-09,0.63,0.46,0.29,0.16,0.09,0.01,0.00,inferred
Newcastle-under-Lyme,2021-05-10,0.63,0.46,0.29,0.16,0.09,0.01,0.00,inferred
Newcastle-under-Lyme,2021-05-11,0.56,0.40,0.26,0.16,0.09,0.01,0.00,inferred
Newcastle-under-Lyme,2021-05-12,0.56,0.40,0.26,0.16,0.09,0.01,0.00,inferred
Newcastle-under-Lyme,2021-05-13,0.56,0.40,0.26,0.16,0.09,0.01,0.00,inferred
Newcastle-under-Lyme,2021-05-14,0.56,0.40,0.26,0.16,0.09,0.01,0.00,inferred
Newcastle-under-Lyme,2021-05-15,0.56,0.40,0.26,0.16,0.09,0.01,0.00,inferred
Newcastle-under-Lyme,2021-05-16,0.56,0.40,0.26,0.16,0.09,0.01,0.00,inferred
Newcastle-under-Lyme,2021-05-17,0.56,0.40,0.26,0.16,0.09,0.01,0.00,inferred
Newcastle-under-Lyme,2021-05-18,1.00,0.99,0.97,0.94,0.88,0.61,0.16,inferred
Newcastle-under-Lyme,2021-05-19,1.00,0.99,0.97,0.94,0.88,0.61,0.16,inferred
Newcastle-under-Lyme,2021-05-20,1.00,0.99,0.97,0.94,0.88,0.61,0.16,inferred
Newcastle-under-Lyme,2021-05-21,1.00,0.99,0.97,0.94,0.88,0.61,0.16,inferred
Newcastle-under-Lyme,2021-05-22,1.00,0.99,0.97,0.94,0.88,0.61,0.16,inferred
Newcastle-under-Lyme,2021-05-23,1.00,0.99,0.97,0.94,0.88,0.61,0.16,inferred
Newcastle-under-Lyme,2021-05-24,1.00,0.99,0.97,0.94,0.88,0.61,0.16,inferred
Newcastle-under-Lyme,2021-05-25,1.00,1.00,1.00,1.00,1.00,0.98,0.74,inferred
Newcastle-under-Lyme,2021-05-26,1.00,1.00,1.00,1.00,1.00,0.98,0.74,inferred
Newcastle-under-Lyme,2021-05-27,1.00,1.00,1.00,1.00,1.00,0.98,0.74,inferred
Newcastle-under-Lyme,2021-05-28,1.00,1.00,1.00,1.00,1.00,0.98,0.74,inferred
Newcastle-under-Lyme,2021-05-29,1.00,1.00,1.00,1.00,1.00,0.98,0.74,inferred
Newcastle-under-Lyme,2021-05-30,1.00,1.00,1.00,1.00,1.00,0.98,0.74,inferred
Newcastle-under-Lyme,2021-05-31,1.00,1.00,1.00,1.00,1.00,0.98,0.74,inferred
Newcastle-under-Lyme,2021-06-01,1.00,1.00,1.00,1.00,1.00,0.96,0.68,inferred
Newcastle-under-Lyme,2021-06-02,1.00,1.00,1.00,1.00,1.00,0.96,0.68,inferred
Newcastle-under-Lyme,2021-06-03,1.00,1.00,1.00,1.00,1.00,0.96,0.68,inferred
Newcastle-under-Lyme,2021-06-04,1.00,1.00,1.00,1.00,1.00,0.96,0.68,inferred
Newcastle-under-Lyme,2021-06-05,1.00,1.00,1.00,1.00,1.00,0.96,0.68,inferred
Newcastle-under-Lyme,2021-06-06,1.00,1.00,1.00,1.00,1.00,0.96,0.68,inferred
Newcastle-under-Lyme,2021-06-07,1.00,1.00,1.00,1.00,1.00,0.96,0.68,inferred
Newcastle-under-Lyme,2021-06-08,1.00,1.00,1.00,0.98,0.93,0.58,0.07,inferred
Newcastle-under-Lyme,2021-06-09,1.00,1.00,1.00,0.98,0.93,0.58,0.07,inferred
Newcastle-under-Lyme,2021-06-10,1.00,1.00,1.00,0.98,0.93,0.58,0.07,inferred
Newcastle-under-Lyme,2021-06-11,1.00,1.00,1.00,0.98,0.93,0.58,0.07,inferred
Newcastle-under-Lyme,2021-06-12,1.00,1.00,1.00,0.98,0.93,0.58,0.07,inferred
Newcastle-under-Lyme,2021-06-13,1.00,1.00,1.00,0.98,0.93,0.58,0.07,inferred
Newcastle-under-Lyme,2021-06-14,1.00,1.00,1.00,0.98,0.93,0.58,0.07,inferred
Newcastle-under-Lyme,2021-06-15,1.00,1.00,1.00,1.00,0.97,0.50,0.01,inferred
Newcastle-under-Lyme,2021-06-16,1.00,1.00,1.00,1.00,0.97,0.50,0.01,inferred
Newcastle-under-Lyme,2021-06-17,1.00,1.00,1.00,1.00,0.97,0.50,0.01,inferred
Newcastle-under-Lyme,2021-06-18,1.00,1.00,1.00,1.00,0.97,0.50,0.01,inferred
Newcastle-under-Lyme,2021-06-19,1.00,1.00,1.00,1.00,0.97,0.50,0.01,inferred
Newcastle-under-Lyme,2021-06-20,1.00,1.00,1.00,1.00,0.97,0.50,0.01,inferred
Newcastle-under-Lyme,2021-06-21,1.00,1.00,1.00,1.00,0.97,0.50,0.01,inferred
Newcastle-under-Lyme,2021-06-22,1.00,1.00,1.00,1.00,1.00,0.96,0.49,inferred
Newcastle-under-Lyme,2021-06-23,1.00,1.00,1.00,1.00,1.00,0.96,0.49,inferred
Newcastle-under-Lyme,2021-06-24,1.00,1.00,1.00,1.00,1.00,0.96,0.49,inferred
Newcastle-under-Lyme,2021-06-25,1.00,1.00,1.00,1.00,1.00,0.96,0.49,inferred
Newcastle-under-Lyme,2021-06-26,1.00,1.00,1.00,1.00,1.00,0.96,0.49,inferred
Newcastle-under-Lyme,2021-06-27,1.00,1.00,1.00,1.00,1.00,0.96,0.49,inferred
Newcastle-under-Lyme,2021-06-28,1.00,1.00,1.00,1.00,1.00,0.96,0.49,inferred
Newcastle-under-Lyme,2021-06-29,1.00,1.00,0.98,0.95,0.88,0.54,0.08,inferred
Newcastle-under-Lyme,2021-06-30,1.00,1.00,0.98,0.95,0.88,0.54,0.08,inferred
Newcastle-under-Lyme,2021-07-01,1.00,1.00,0.98,0.95,0.88,0.54,0.08,inferred
Newcastle-under-Lyme,2021-07-02,1.00,1.00,0.98,0.95,0.88,0.54,0.08,inferred
Newcastle-under-Lyme,2021-07-03,1.00,1.00,0.98,0.95,0.88,0.54,0.08,inferred
Newcastle-under-Lyme,2021-07-04,1.00,1.00,0.98,0.95,0.88,0.54,0.08,inferred
Newcastle-under-Lyme,2021-07-05,1.00,1.00,0.98,0.95,0.88,0.54,0.08,inferred
Newcastle-under-Lyme,2021-07-06,0.98,0.97,0.91,0.85,0.76,0.47,0.14,projected
Newcastle-under-Lyme,2021-07-07,0.98,0.97,0.91,0.85,0.76,0.47,0.14,projected
Newcastle-under-Lyme,2021-07-08,0.98,0.97,0.91,0.85,0.76,0.47,0.14,projected
Newcastle-under-Lyme,2021-07-09,0.98,0.97,0.91,0.85,0.76,0.47,0.14,projected
Newcastle-under-Lyme,2021-07-10,0.98,0.97,0.91,0.85,0.76,0.47,0.14,projected
Newcastle-under-Lyme,2021-07-11,0.98,0.97,0.91,0.85,0.76,0.47,0.14,projected
Newcastle-under-Lyme,2021-07-12,0.98,0.97,0.91,0.85,0.76,0.47,0.14,projected
Newcastle-under-Lyme,2021-07-13,0.97,0.92,0.87,0.79,0.71,0.44,0.17,projected
Newcastle-under-Lyme,2021-07-14,0.97,0.92,0.87,0.79,0.71,0.44,0.17,projected
Newcastle-under-Lyme,2021-07-15,0.97,0.92,0.87,0.79,0.71,0.44,0.17,projected
Newcastle-under-Lyme,2021-07-16,0.97,0.92,0.87,0.79,0.71,0.44,0.17,projected
Newcastle-under-Lyme,2021-07-17,0.97,0.92,0.87,0.79,0.71,0.44,0.17,projected
Newcastle-under-Lyme,2021-07-18,0.97,0.92,0.87,0.79,0.71,0.44,0.17,projected
Newcastle-under-Lyme,2021-07-19,0.97,0.92,0.87,0.79,0.71,0.44,0.17,projected
Newcastle-under-Lyme,2021-07-20,0.94,0.89,0.83,0.75,0.65,0.43,0.20,projected
Newcastle-under-Lyme,2021-07-21,0.94,0.89,0.83,0.75,0.65,0.43,0.20,projected
Newcastle-under-Lyme,2021-07-22,0.94,0.89,0.83,0.75,0.65,0.43,0.20,projected
Newcastle-under-Lyme,2021-07-23,0.94,0.89,0.83,0.75,0.65,0.43,0.20,projected
Newcastle-under-Lyme,2021-07-24,0.94,0.89,0.83,0.75,0.65,0.43,0.20,projected
Newcastle-under-Lyme,2021-07-25,0.94,0.89,0.83,0.75,0.65,0.43,0.20,projected
Newcastle-under-Lyme,2021-07-26,0.94,0.89,0.83,0.75,0.65,0.43,0.20,projected
Newham,2021-03-23,0.59,0.13,0.01,0.00,0.00,0.00,0.00,inferred
Newham,2021-03-24,0.59,0.13,0.01,0.00,0.00,0.00,0.00,inferred
Newham,2021-03-25,0.59,0.13,0.01,0.00,0.00,0.00,0.00,inferred
Newham,2021-03-26,0.59,0.13,0.01,0.00,0.00,0.00,0.00,inferred
Newham,2021-03-27,0.59,0.13,0.01,0.00,0.00,0.00,0.00,inferred
Newham,2021-03-28,0.59,0.13,0.01,0.00,0.00,0.00,0.00,inferred
Newham,2021-03-29,0.59,0.13,0.01,0.00,0.00,0.00,0.00,inferred
Newham,2021-03-30,1.00,0.98,0.88,0.60,0.25,0.00,0.00,inferred
Newham,2021-03-31,1.00,0.98,0.88,0.60,0.25,0.00,0.00,inferred
Newham,2021-04-01,1.00,0.98,0.88,0.60,0.25,0.00,0.00,inferred
Newham,2021-04-02,1.00,0.98,0.88,0.60,0.25,0.00,0.00,inferred
Newham,2021-04-03,1.00,0.98,0.88,0.60,0.25,0.00,0.00,inferred
Newham,2021-04-04,1.00,0.98,0.88,0.60,0.25,0.00,0.00,inferred
Newham,2021-04-05,1.00,0.98,0.88,0.60,0.25,0.00,0.00,inferred
Newham,2021-04-06,0.96,0.73,0.31,0.07,0.01,0.00,0.00,inferred
Newham,2021-04-07,0.96,0.73,0.31,0.07,0.01,0.00,0.00,inferred
Newham,2021-04-08,0.96,0.73,0.31,0.07,0.01,0.00,0.00,inferred
Newham,2021-04-09,0.96,0.73,0.31,0.07,0.01,0.00,0.00,inferred
Newham,2021-04-10,0.96,0.73,0.31,0.07,0.01,0.00,0.00,inferred
Newham,2021-04-11,0.96,0.73,0.31,0.07,0.01,0.00,0.00,inferred
Newham,2021-04-12,0.96,0.73,0.31,0.07,0.01,0.00,0.00,inferred
Newham,2021-04-13,0.62,0.19,0.03,0.00,0.00,0.00,0.00,inferred
Newham,2021-04-14,0.62,0.19,0.03,0.00,0.00,0.00,0.00,inferred
Newham,2021-04-15,0.62,0.19,0.03,0.00,0.00,0.00,0.00,inferred
Newham,2021-04-16,0.62,0.19,0.03,0.00,0.00,0.00,0.00,inferred
Newham,2021-04-17,0.62,0.19,0.03,0.00,0.00,0.00,0.00,inferred
Newham,2021-04-18,0.62,0.19,0.03,0.00,0.00,0.00,0.00,inferred
Newham,2021-04-19,0.62,0.19,0.03,0.00,0.00,0.00,0.00,inferred
Newham,2021-04-20,0.00,0.00,0.00,0.00,0.00,0.00,0.00,inferred
Newham,2021-04-21,0.00,0.00,0.00,0.00,0.00,0.00,0.00,inferred
Newham,2021-04-22,0.00,0.00,0.00,0.00,0.00,0.00,0.00,inferred
Newham,2021-04-23,0.00,0.00,0.00,0.00,0.00,0.00,0.00,inferred
Newham,2021-04-24,0.00,0.00,0.00,0.00,0.00,0.00,0.00,inferred
Newham,2021-04-25,0.00,0.00,0.00,0.00,0.00,0.00,0.00,inferred
Newham,2021-04-26,0.00,0.00,0.00,0.00,0.00,0.00,0.00,inferred
Newham,2021-04-27,0.23,0.07,0.02,0.00,0.00,0.00,0.00,inferred
Newham,2021-04-28,0.23,0.07,0.02,0.00,0.00,0.00,0.00,inferred
Newham,2021-04-29,0.23,0.07,0.02,0.00,0.00,0.00,0.00,inferred
Newham,2021-04-30,0.23,0.07,0.02,0.00,0.00,0.00,0.00,inferred
Newham,2021-05-01,0.23,0.07,0.02,0.00,0.00,0.00,0.00,inferred
Newham,2021-05-02,0.23,0.07,0.02,0.00,0.00,0.00,0.00,inferred
Newham,2021-05-03,0.23,0.07,0.02,0.00,0.00,0.00,0.00,inferred
Newham,2021-05-04,0.89,0.69,0.41,0.18,0.06,0.00,0.00,inferred
Newham,2021-05-05,0.89,0.69,0.41,0.18,0.06,0.00,0.00,inferred
Newham,2021-05-06,0.89,0.69,0.41,0.18,0.06,0.00,0.00,inferred
Newham,2021-05-07,0.89,0.69,0.41,0.18,0.06,0.00,0.00,inferred
Newham,2021-05-08,0.89,0.69,0.41,0.18,0.06,0.00,0.00,inferred
Newham,2021-05-09,0.89,0.69,0.41,0.18,0.06,0.00,0.00,inferred
Newham,2021-05-10,0.89,0.69,0.41,0.18,0.06,0.00,0.00,inferred
Newham,2021-05-11,1.00,0.99,0.94,0.82,0.57,0.05,0.00,inferred
Newham,2021-05-12,1.00,0.99,0.94,0.82,0.57,0.05,0.00,inferred
Newham,2021-05-13,1.00,0.99,0.94,0.82,0.57,0.05,0.00,inferred
Newham,2021-05-14,1.00,0.99,0.94,0.82,0.57,0.05,0.00,inferred
Newham,2021-05-15,1.00,0.99,0.94,0.82,0.57,0.05,0.00,inferred
Newham,2021-05-16,1.00,0.99,0.94,0.82,0.57,0.05,0.00,inferred
Newham,2021-05-17,1.00,0.99,0.94,0.82,0.57,0.05,0.00,inferred
Newham,2021-05-18,1.00,1.00,1.00,1.00,0.97,0.46,0.00,inferred
Newham,2021-05-19,1.00,1.00,1.00,1.00,0.97,0.46,0.00,inferred
Newham,2021-05-20,1.00,1.00,1.00,1.00,0.97,0.46,0.00,inferred
Newham,2021-05-21,1.00,1.00,1.00,1.00,0.97,0.46,0.00,inferred
Newham,2021-05-22,1.00,1.00,1.00,1.00,0.97,0.46,0.00,inferred
Newham,2021-05-23,1.00,1.00,1.00,1.00,0.97,0.46,0.00,inferred
Newham,2021-05-24,1.00,1.00,1.00,1.00,0.97,0.46,0.00,inferred
Newham,2021-05-25,1.00,1.00,1.00,1.00,1.00,0.89,0.13,inferred
Newham,2021-05-26,1.00,1.00,1.00,1.00,1.00,0.89,0.13,inferred
Newham,2021-05-27,1.00,1.00,1.00,1.00,1.00,0.89,0.13,inferred
Newham,2021-05-28,1.00,1.00,1.00,1.00,1.00,0.89,0.13,inferred
Newham,2021-05-29,1.00,1.00,1.00,1.00,1.00,0.89,0.13,inferred
Newham,2021-05-30,1.00,1.00,1.00,1.00,1.00,0.89,0.13,inferred
Newham,2021-05-31,1.00,1.00,1.00,1.00,1.00,0.89,0.13,inferred
Newham,2021-06-01,1.00,1.00,1.00,0.98,0.91,0.31,0.00,inferred
Newham,2021-06-02,1.00,1.00,1.00,0.98,0.91,0.31,0.00,inferred
Newham,2021-06-03,1.00,1.00,1.00,0.98,0.91,0.31,0.00,inferred
Newham,2021-06-04,1.00,1.00,1.00,0.98,0.91,0.31,0.00,inferred
Newham,2021-06-05,1.00,1.00,1.00,0.98,0.91,0.31,0.00,inferred
Newham,2021-06-06,1.00,1.00,1.00,0.98,0.91,0.31,0.00,inferred
Newham,2021-06-07,1.00,1.00,1.00,0.98,0.91,0.31,0.00,inferred
Newham,2021-06-08,1.00,1.00,1.00,0.94,0.69,0.03,0.00,inferred
Newham,2021-06-09,1.00,1.00,1.00,0.94,0.69,0.03,0.00,inferred
Newham,2021-06-10,1.00,1.00,1.00,0.94,0.69,0.03,0.00,inferred
Newham,2021-06-11,1.00,1.00,1.00,0.94,0.69,0.03,0.00,inferred
Newham,2021-06-12,1.00,1.00,1.00,0.94,0.69,0.03,0.00,inferred
Newham,2021-06-13,1.00,1.00,1.00,0.94,0.69,0.03,0.00,inferred
Newham,2021-06-14,1.00,1.00,1.00,0.94,0.69,0.03,0.00,inferred
Newham,2021-06-15,1.00,1.00,1.00,1.00,1.00,0.94,0.04,inferred
Newham,2021-06-16,1.00,1.00,1.00,1.00,1.00,0.94,0.04,inferred
Newham,2021-06-17,1.00,1.00,1.00,1.00,1.00,0.94,0.04,inferred
Newham,2021-06-18,1.00,1.00,1.00,1.00,1.00,0.94,0.04,inferred
Newham,2021-06-19,1.00,1.00,1.00,1.00,1.00,0.94,0.04,inferred
Newham,2021-06-20,1.00,1.00,1.00,1.00,1.00,0.94,0.04,inferred
Newham,2021-06-21,1.00,1.00,1.00,1.00,1.00,0.94,0.04,inferred
Newham,2021-06-22,1.00,1.00,1.00,1.00,1.00,0.68,0.01,inferred
Newham,2021-06-23,1.00,1.00,1.00,1.00,1.00,0.68,0.01,inferred
Newham,2021-06-24,1.00,1.00,1.00,1.00,1.00,0.68,0.01,inferred
Newham,2021-06-25,1.00,1.00,1.00,1.00,1.00,0.68,0.01,inferred
Newham,2021-06-26,1.00,1.00,1.00,1.00,1.00,0.68,0.01,inferred
Newham,2021-06-27,1.00,1.00,1.00,1.00,1.00,0.68,0.01,inferred
Newham,2021-06-28,1.00,1.00,1.00,1.00,1.00,0.68,0.01,inferred
Newham,2021-06-29,1.00,1.00,0.97,0.89,0.67,0.10,0.00,inferred
Newham,2021-06-30,1.00,1.00,0.97,0.89,0.67,0.10,0.00,inferred
Newham,2021-07-01,1.00,1.00,0.97,0.89,0.67,0.10,0.00,inferred
Newham,2021-07-02,1.00,1.00,0.97,0.89,0.67,0.10,0.00,inferred
Newham,2021-07-03,1.00,1.00,0.97,0.89,0.67,0.10,0.00,inferred
Newham,2021-07-04,1.00,1.00,0.97,0.89,0.67,0.10,0.00,inferred
Newham,2021-07-05,1.00,1.00,0.97,0.89,0.67,0.10,0.00,inferred
Newham,2021-07-06,1.00,0.96,0.89,0.75,0.61,0.21,0.01,projected
Newham,2021-07-07,1.00,0.96,0.89,0.75,0.61,0.21,0.01,projected
Newham,2021-07-08,1.00,0.96,0.89,0.75,0.61,0.21,0.01,projected
Newham,2021-07-09,1.00,0.96,0.89,0.75,0.61,0.21,0.01,projected
Newham,2021-07-10,1.00,0.96,0.89,0.75,0.61,0.21,0.01,projected
Newham,2021-07-11,1.00,0.96,0.89,0.75,0.61,0.21,0.01,projected
Newham,2021-07-12,1.00,0.96,0.89,0.75,0.61,0.21,0.01,projected
Newham,2021-07-13,0.98,0.94,0.86,0.75,0.61,0.23,0.03,projected
Newham,2021-07-14,0.98,0.94,0.86,0.75,0.61,0.23,0.03,projected
Newham,2021-07-15,0.98,0.94,0.86,0.75,0.61,0.23,0.03,projected
Newham,2021-07-16,0.98,0.94,0.86,0.75,0.61,0.23,0.03,projected
Newham,2021-07-17,0.98,0.94,0.86,0.75,0.61,0.23,0.03,projected
Newham,2021-07-18,0.98,0.94,0.86,0.75,0.61,0.23,0.03,projected
Newham,2021-07-19,0.98,0.94,0.86,0.75,0.61,0.23,0.03,projected
Newham,2021-07-20,0.97,0.93,0.86,0.74,0.62,0.25,0.04,projected
Newham,2021-07-21,0.97,0.93,0.86,0.74,0.62,0.25,0.04,projected
Newham,2021-07-22,0.97,0.93,0.86,0.74,0.62,0.25,0.04,projected
Newham,2021-07-23,0.97,0.93,0.86,0.74,0.62,0.25,0.04,projected
Newham,2021-07-24,0.97,0.93,0.86,0.74,0.62,0.25,0.04,projected
Newham,2021-07-25,0.97,0.93,0.86,0.74,0.62,0.25,0.04,projected
Newham,2021-07-26,0.97,0.93,0.86,0.74,0.62,0.25,0.04,projected
Newport,2021-03-23,0.11,0.02,0.00,0.00,0.00,0.00,0.00,inferred
Newport,2021-03-24,0.11,0.02,0.00,0.00,0.00,0.00,0.00,inferred
Newport,2021-03-25,0.11,0.02,0.00,0.00,0.00,0.00,0.00,inferred
Newport,2021-03-26,0.11,0.02,0.00,0.00,0.00,0.00,0.00,inferred
Newport,2021-03-27,0.11,0.02,0.00,0.00,0.00,0.00,0.00,inferred
Newport,2021-03-28,0.11,0.02,0.00,0.00,0.00,0.00,0.00,inferred
Newport,2021-03-29,0.11,0.02,0.00,0.00,0.00,0.00,0.00,inferred
Newport,2021-03-30,0.92,0.79,0.60,0.40,0.22,0.02,0.00,inferred
Newport,2021-03-31,0.92,0.79,0.60,0.40,0.22,0.02,0.00,inferred
Newport,2021-04-01,0.92,0.79,0.60,0.40,0.22,0.02,0.00,inferred
Newport,2021-04-02,0.92,0.79,0.60,0.40,0.22,0.02,0.00,inferred
Newport,2021-04-03,0.92,0.79,0.60,0.40,0.22,0.02,0.00,inferred
Newport,2021-04-04,0.92,0.79,0.60,0.40,0.22,0.02,0.00,inferred
Newport,2021-04-05,0.92,0.79,0.60,0.40,0.22,0.02,0.00,inferred
Newport,2021-04-06,0.96,0.88,0.73,0.55,0.36,0.05,0.00,inferred
Newport,2021-04-07,0.96,0.88,0.73,0.55,0.36,0.05,0.00,inferred
Newport,2021-04-08,0.96,0.88,0.73,0.55,0.36,0.05,0.00,inferred
Newport,2021-04-09,0.96,0.88,0.73,0.55,0.36,0.05,0.00,inferred
Newport,2021-04-10,0.96,0.88,0.73,0.55,0.36,0.05,0.00,inferred
Newport,2021-04-11,0.96,0.88,0.73,0.55,0.36,0.05,0.00,inferred
Newport,2021-04-12,0.96,0.88,0.73,0.55,0.36,0.05,0.00,inferred
Newport,2021-04-13,0.95,0.84,0.69,0.48,0.30,0.02,0.00,inferred
Newport,2021-04-14,0.95,0.84,0.69,0.48,0.30,0.02,0.00,inferred
Newport,2021-04-15,0.95,0.84,0.69,0.48,0.30,0.02,0.00,inferred
Newport,2021-04-16,0.95,0.84,0.69,0.48,0.30,0.02,0.00,inferred
Newport,2021-04-17,0.95,0.84,0.69,0.48,0.30,0.02,0.00,inferred
Newport,2021-04-18,0.95,0.84,0.69,0.48,0.30,0.02,0.00,inferred
Newport,2021-04-19,0.95,0.84,0.69,0.48,0.30,0.02,0.00,inferred
Newport,2021-04-20,0.89,0.73,0.52,0.30,0.17,0.01,0.00,inferred
Newport,2021-04-21,0.89,0.73,0.52,0.30,0.17,0.01,0.00,inferred
Newport,2021-04-22,0.89,0.73,0.52,0.30,0.17,0.01,0.00,inferred
Newport,2021-04-23,0.89,0.73,0.52,0.30,0.17,0.01,0.00,inferred
Newport,2021-04-24,0.89,0.73,0.52,0.30,0.17,0.01,0.00,inferred
Newport,2021-04-25,0.89,0.73,0.52,0.30,0.17,0.01,0.00,inferred
Newport,2021-04-26,0.89,0.73,0.52,0.30,0.17,0.01,0.00,inferred
Newport,2021-04-27,0.93,0.80,0.60,0.38,0.21,0.02,0.00,inferred
Newport,2021-04-28,0.93,0.80,0.60,0.38,0.21,0.02,0.00,inferred
Newport,2021-04-29,0.93,0.80,0.60,0.38,0.21,0.02,0.00,inferred
Newport,2021-04-30,0.93,0.80,0.60,0.38,0.21,0.02,0.00,inferred
Newport,2021-05-01,0.93,0.80,0.60,0.38,0.21,0.02,0.00,inferred
Newport,2021-05-02,0.93,0.80,0.60,0.38,0.21,0.02,0.00,inferred
Newport,2021-05-03,0.93,0.80,0.60,0.38,0.21,0.02,0.00,inferred
Newport,2021-05-04,0.59,0.32,0.15,0.05,0.02,0.00,0.00,inferred
Newport,2021-05-05,0.59,0.32,0.15,0.05,0.02,0.00,0.00,inferred
Newport,2021-05-06,0.59,0.32,0.15,0.05,0.02,0.00,0.00,inferred
Newport,2021-05-07,0.59,0.32,0.15,0.05,0.02,0.00,0.00,inferred
Newport,2021-05-08,0.59,0.32,0.15,0.05,0.02,0.00,0.00,inferred
Newport,2021-05-09,0.59,0.32,0.15,0.05,0.02,0.00,0.00,inferred
Newport,2021-05-10,0.59,0.32,0.15,0.05,0.02,0.00,0.00,inferred
Newport,2021-05-11,0.03,0.01,0.00,0.00,0.00,0.00,0.00,inferred
Newport,2021-05-12,0.03,0.01,0.00,0.00,0.00,0.00,0.00,inferred
Newport,2021-05-13,0.03,0.01,0.00,0.00,0.00,0.00,0.00,inferred
Newport,2021-05-14,0.03,0.01,0.00,0.00,0.00,0.00,0.00,inferred
Newport,2021-05-15,0.03,0.01,0.00,0.00,0.00,0.00,0.00,inferred
Newport,2021-05-16,0.03,0.01,0.00,0.00,0.00,0.00,0.00,inferred
Newport,2021-05-17,0.03,0.01,0.00,0.00,0.00,0.00,0.00,inferred
Newport,2021-05-18,0.27,0.14,0.06,0.02,0.01,0.00,0.00,inferred
Newport,2021-05-19,0.27,0.14,0.06,0.02,0.01,0.00,0.00,inferred
Newport,2021-05-20,0.27,0.14,0.06,0.02,0.01,0.00,0.00,inferred
Newport,2021-05-21,0.27,0.14,0.06,0.02,0.01,0.00,0.00,inferred
Newport,2021-05-22,0.27,0.14,0.06,0.02,0.01,0.00,0.00,inferred
Newport,2021-05-23,0.27,0.14,0.06,0.02,0.01,0.00,0.00,inferred
Newport,2021-05-24,0.27,0.14,0.06,0.02,0.01,0.00,0.00,inferred
Newport,2021-05-25,0.92,0.81,0.66,0.49,0.34,0.07,0.00,inferred
Newport,2021-05-26,0.92,0.81,0.66,0.49,0.34,0.07,0.00,inferred
Newport,2021-05-27,0.92,0.81,0.66,0.49,0.34,0.07,0.00,inferred
Newport,2021-05-28,0.92,0.81,0.66,0.49,0.34,0.07,0.00,inferred
Newport,2021-05-29,0.92,0.81,0.66,0.49,0.34,0.07,0.00,inferred
Newport,2021-05-30,0.92,0.81,0.66,0.49,0.34,0.07,0.00,inferred
Newport,2021-05-31,0.92,0.81,0.66,0.49,0.34,0.07,0.00,inferred
Newport,2021-06-01,0.94,0.85,0.72,0.56,0.41,0.10,0.00,inferred
Newport,2021-06-02,0.94,0.85,0.72,0.56,0.41,0.10,0.00,inferred
Newport,2021-06-03,0.94,0.85,0.72,0.56,0.41,0.10,0.00,inferred
Newport,2021-06-04,0.94,0.85,0.72,0.56,0.41,0.10,0.00,inferred
Newport,2021-06-05,0.94,0.85,0.72,0.56,0.41,0.10,0.00,inferred
Newport,2021-06-06,0.94,0.85,0.72,0.56,0.41,0.10,0.00,inferred
Newport,2021-06-07,0.94,0.85,0.72,0.56,0.41,0.10,0.00,inferred
Newport,2021-06-08,0.96,0.90,0.80,0.67,0.53,0.15,0.00,inferred
Newport,2021-06-09,0.96,0.90,0.80,0.67,0.53,0.15,0.00,inferred
Newport,2021-06-10,0.96,0.90,0.80,0.67,0.53,0.15,0.00,inferred
Newport,2021-06-11,0.96,0.90,0.80,0.67,0.53,0.15,0.00,inferred
Newport,2021-06-12,0.96,0.90,0.80,0.67,0.53,0.15,0.00,inferred
Newport,2021-06-13,0.96,0.90,0.80,0.67,0.53,0.15,0.00,inferred
Newport,2021-06-14,0.96,0.90,0.80,0.67,0.53,0.15,0.00,inferred
Newport,2021-06-15,1.00,1.00,1.00,1.00,0.99,0.83,0.27,inferred
Newport,2021-06-16,1.00,1.00,1.00,1.00,0.99,0.83,0.27,inferred
Newport,2021-06-17,1.00,1.00,1.00,1.00,0.99,0.83,0.27,inferred
Newport,2021-06-18,1.00,1.00,1.00,1.00,0.99,0.83,0.27,inferred
Newport,2021-06-19,1.00,1.00,1.00,1.00,0.99,0.83,0.27,inferred
Newport,2021-06-20,1.00,1.00,1.00,1.00,0.99,0.83,0.27,inferred
Newport,2021-06-21,1.00,1.00,1.00,1.00,0.99,0.83,0.27,inferred
Newport,2021-06-22,1.00,1.00,1.00,1.00,1.00,1.00,0.95,inferred
Newport,2021-06-23,1.00,1.00,1.00,1.00,1.00,1.00,0.95,inferred
Newport,2021-06-24,1.00,1.00,1.00,1.00,1.00,1.00,0.95,inferred
Newport,2021-06-25,1.00,1.00,1.00,1.00,1.00,1.00,0.95,inferred
Newport,2021-06-26,1.00,1.00,1.00,1.00,1.00,1.00,0.95,inferred
Newport,2021-06-27,1.00,1.00,1.00,1.00,1.00,1.00,0.95,inferred
Newport,2021-06-28,1.00,1.00,1.00,1.00,1.00,1.00,0.95,inferred
Newport,2021-06-29,1.00,1.00,1.00,1.00,0.99,0.93,0.63,inferred
Newport,2021-06-30,1.00,1.00,1.00,1.00,0.99,0.93,0.63,inferred
Newport,2021-07-01,1.00,1.00,1.00,1.00,0.99,0.93,0.63,inferred
Newport,2021-07-02,1.00,1.00,1.00,1.00,0.99,0.93,0.63,inferred
Newport,2021-07-03,1.00,1.00,1.00,1.00,0.99,0.93,0.63,inferred
Newport,2021-07-04,1.00,1.00,1.00,1.00,0.99,0.93,0.63,inferred
Newport,2021-07-05,1.00,1.00,1.00,1.00,0.99,0.93,0.63,inferred
Newport,2021-07-06,1.00,0.99,0.98,0.96,0.93,0.77,0.47,projected
Newport,2021-07-07,1.00,0.99,0.98,0.96,0.93,0.77,0.47,projected
Newport,2021-07-08,1.00,0.99,0.98,0.96,0.93,0.77,0.47,projected
Newport,2021-07-09,1.00,0.99,0.98,0.96,0.93,0.77,0.47,projected
Newport,2021-07-10,1.00,0.99,0.98,0.96,0.93,0.77,0.47,projected
Newport,2021-07-11,1.00,0.99,0.98,0.96,0.93,0.77,0.47,projected
Newport,2021-07-12,1.00,0.99,0.98,0.96,0.93,0.77,0.47,projected
Newport,2021-07-13,0.99,0.96,0.94,0.90,0.86,0.69,0.40,projected
Newport,2021-07-14,0.99,0.96,0.94,0.90,0.86,0.69,0.40,projected
Newport,2021-07-15,0.99,0.96,0.94,0.90,0.86,0.69,0.40,projected
Newport,2021-07-16,0.99,0.96,0.94,0.90,0.86,0.69,0.40,projected
Newport,2021-07-17,0.99,0.96,0.94,0.90,0.86,0.69,0.40,projected
Newport,2021-07-18,0.99,0.96,0.94,0.90,0.86,0.69,0.40,projected
Newport,2021-07-19,0.99,0.96,0.94,0.90,0.86,0.69,0.40,projected
Newport,2021-07-20,0.98,0.94,0.91,0.87,0.82,0.64,0.37,projected
Newport,2021-07-21,0.98,0.94,0.91,0.87,0.82,0.64,0.37,projected
Newport,2021-07-22,0.98,0.94,0.91,0.87,0.82,0.64,0.37,projected
Newport,2021-07-23,0.98,0.94,0.91,0.87,0.82,0.64,0.37,projected
Newport,2021-07-24,0.98,0.94,0.91,0.87,0.82,0.64,0.37,projected
Newport,2021-07-25,0.98,0.94,0.91,0.87,0.82,0.64,0.37,projected
Newport,2021-07-26,0.98,0.94,0.91,0.87,0.82,0.64,0.37,projected
North Ayrshire,2021-03-23,0.20,0.04,0.00,0.00,0.00,0.00,0.00,inferred
North Ayrshire,2021-03-24,0.20,0.04,0.00,0.00,0.00,0.00,0.00,inferred
North Ayrshire,2021-03-25,0.20,0.04,0.00,0.00,0.00,0.00,0.00,inferred
North Ayrshire,2021-03-26,0.20,0.04,0.00,0.00,0.00,0.00,0.00,inferred
North Ayrshire,2021-03-27,0.20,0.04,0.00,0.00,0.00,0.00,0.00,inferred
North Ayrshire,2021-03-28,0.20,0.04,0.00,0.00,0.00,0.00,0.00,inferred
North Ayrshire,2021-03-29,0.20,0.04,0.00,0.00,0.00,0.00,0.00,inferred
North Ayrshire,2021-03-30,0.05,0.01,0.00,0.00,0.00,0.00,0.00,inferred
North Ayrshire,2021-03-31,0.05,0.01,0.00,0.00,0.00,0.00,0.00,inferred
North Ayrshire,2021-04-01,0.05,0.01,0.00,0.00,0.00,0.00,0.00,inferred
North Ayrshire,2021-04-02,0.05,0.01,0.00,0.00,0.00,0.00,0.00,inferred
North Ayrshire,2021-04-03,0.05,0.01,0.00,0.00,0.00,0.00,0.00,inferred
North Ayrshire,2021-04-04,0.05,0.01,0.00,0.00,0.00,0.00,0.00,inferred
North Ayrshire,2021-04-05,0.05,0.01,0.00,0.00,0.00,0.00,0.00,inferred
North Ayrshire,2021-04-06,0.62,0.41,0.24,0.12,0.06,0.00,0.00,inferred
North Ayrshire,2021-04-07,0.62,0.41,0.24,0.12,0.06,0.00,0.00,inferred
North Ayrshire,2021-04-08,0.62,0.41,0.24,0.12,0.06,0.00,0.00,inferred
North Ayrshire,2021-04-09,0.62,0.41,0.24,0.12,0.06,0.00,0.00,inferred
North Ayrshire,2021-04-10,0.62,0.41,0.24,0.12,0.06,0.00,0.00,inferred
North Ayrshire,2021-04-11,0.62,0.41,0.24,0.12,0.06,0.00,0.00,inferred
North Ayrshire,2021-04-12,0.62,0.41,0.24,0.12,0.06,0.00,0.00,inferred
North Ayrshire,2021-04-13,0.99,0.95,0.88,0.76,0.59,0.15,0.00,inferred
North Ayrshire,2021-04-14,0.99,0.95,0.88,0.76,0.59,0.15,0.00,inferred
North Ayrshire,2021-04-15,0.99,0.95,0.88,0.76,0.59,0.15,0.00,inferred
North Ayrshire,2021-04-16,0.99,0.95,0.88,0.76,0.59,0.15,0.00,inferred
North Ayrshire,2021-04-17,0.99,0.95,0.88,0.76,0.59,0.15,0.00,inferred
North Ayrshire,2021-04-18,0.99,0.95,0.88,0.76,0.59,0.15,0.00,inferred
North Ayrshire,2021-04-19,0.99,0.95,0.88,0.76,0.59,0.15,0.00,inferred
North Ayrshire,2021-04-20,0.41,0.21,0.09,0.03,0.01,0.00,0.00,inferred
North Ayrshire,2021-04-21,0.41,0.21,0.09,0.03,0.01,0.00,0.00,inferred
North Ayrshire,2021-04-22,0.41,0.21,0.09,0.03,0.01,0.00,0.00,inferred
North Ayrshire,2021-04-23,0.41,0.21,0.09,0.03,0.01,0.00,0.00,inferred
North Ayrshire,2021-04-24,0.41,0.21,0.09,0.03,0.01,0.00,0.00,inferred
North Ayrshire,2021-04-25,0.41,0.21,0.09,0.03,0.01,0.00,0.00,inferred
North Ayrshire,2021-04-26,0.41,0.21,0.09,0.03,0.01,0.00,0.00,inferred
North Ayrshire,2021-04-27,0.57,0.34,0.16,0.06,0.02,0.00,0.00,inferred
North Ayrshire,2021-04-28,0.57,0.34,0.16,0.06,0.02,0.00,0.00,inferred
North Ayrshire,2021-04-29,0.57,0.34,0.16,0.06,0.02,0.00,0.00,inferred
North Ayrshire,2021-04-30,0.57,0.34,0.16,0.06,0.02,0.00,0.00,inferred
North Ayrshire,2021-05-01,0.57,0.34,0.16,0.06,0.02,0.00,0.00,inferred
North Ayrshire,2021-05-02,0.57,0.34,0.16,0.06,0.02,0.00,0.00,inferred
North Ayrshire,2021-05-03,0.57,0.34,0.16,0.06,0.02,0.00,0.00,inferred
North Ayrshire,2021-05-04,0.81,0.64,0.43,0.26,0.13,0.01,0.00,inferred
North Ayrshire,2021-05-05,0.81,0.64,0.43,0.26,0.13,0.01,0.00,inferred
North Ayrshire,2021-05-06,0.81,0.64,0.43,0.26,0.13,0.01,0.00,inferred
North Ayrshire,2021-05-07,0.81,0.64,0.43,0.26,0.13,0.01,0.00,inferred
North Ayrshire,2021-05-08,0.81,0.64,0.43,0.26,0.13,0.01,0.00,inferred
North Ayrshire,2021-05-09,0.81,0.64,0.43,0.26,0.13,0.01,0.00,inferred
North Ayrshire,2021-05-10,0.81,0.64,0.43,0.26,0.13,0.01,0.00,inferred
North Ayrshire,2021-05-11,0.99,0.98,0.95,0.87,0.75,0.32,0.01,inferred
North Ayrshire,2021-05-12,0.99,0.98,0.95,0.87,0.75,0.32,0.01,inferred
North Ayrshire,2021-05-13,0.99,0.98,0.95,0.87,0.75,0.32,0.01,inferred
North Ayrshire,2021-05-14,0.99,0.98,0.95,0.87,0.75,0.32,0.01,inferred
North Ayrshire,2021-05-15,0.99,0.98,0.95,0.87,0.75,0.32,0.01,inferred
North Ayrshire,2021-05-16,0.99,0.98,0.95,0.87,0.75,0.32,0.01,inferred
North Ayrshire,2021-05-17,0.99,0.98,0.95,0.87,0.75,0.32,0.01,inferred
North Ayrshire,2021-05-18,1.00,1.00,1.00,1.00,1.00,0.97,0.60,inferred
North Ayrshire,2021-05-19,1.00,1.00,1.00,1.00,1.00,0.97,0.60,inferred
North Ayrshire,2021-05-20,1.00,1.00,1.00,1.00,1.00,0.97,0.60,inferred
North Ayrshire,2021-05-21,1.00,1.00,1.00,1.00,1.00,0.97,0.60,inferred
North Ayrshire,2021-05-22,1.00,1.00,1.00,1.00,1.00,0.97,0.60,inferred
North Ayrshire,2021-05-23,1.00,1.00,1.00,1.00,1.00,0.97,0.60,inferred
North Ayrshire,2021-05-24,1.00,1.00,1.00,1.00,1.00,0.97,0.60,inferred
North Ayrshire,2021-05-25,1.00,1.00,1.00,1.00,1.00,0.91,0.45,inferred
North Ayrshire,2021-05-26,1.00,1.00,1.00,1.00,1.00,0.91,0.45,inferred
North Ayrshire,2021-05-27,1.00,1.00,1.00,1.00,1.00,0.91,0.45,inferred
North Ayrshire,2021-05-28,1.00,1.00,1.00,1.00,1.00,0.91,0.45,inferred
North Ayrshire,2021-05-29,1.00,1.00,1.00,1.00,1.00,0.91,0.45,inferred
North Ayrshire,2021-05-30,1.00,1.00,1.00,1.00,1.00,0.91,0.45,inferred
North Ayrshire,2021-05-31,1.00,1.00,1.00,1.00,1.00,0.91,0.45,inferred
North Ayrshire,2021-06-01,1.00,1.00,0.97,0.87,0.69,0.14,0.00,inferred
North Ayrshire,2021-06-02,1.00,1.00,0.97,0.87,0.69,0.14,0.00,inferred
North Ayrshire,2021-06-03,1.00,1.00,0.97,0.87,0.69,0.14,0.00,inferred
North Ayrshire,2021-06-04,1.00,1.00,0.97,0.87,0.69,0.14,0.00,inferred
North Ayrshire,2021-06-05,1.00,1.00,0.97,0.87,0.69,0.14,0.00,inferred
North Ayrshire,2021-06-06,1.00,1.00,0.97,0.87,0.69,0.14,0.00,inferred
North Ayrshire,2021-06-07,1.00,1.00,0.97,0.87,0.69,0.14,0.00,inferred
North Ayrshire,2021-06-08,1.00,1.00,0.99,0.92,0.75,0.11,0.00,inferred
North Ayrshire,2021-06-09,1.00,1.00,0.99,0.92,0.75,0.11,0.00,inferred
North Ayrshire,2021-06-10,1.00,1.00,0.99,0.92,0.75,0.11,0.00,inferred
North Ayrshire,2021-06-11,1.00,1.00,0.99,0.92,0.75,0.11,0.00,inferred
North Ayrshire,2021-06-12,1.00,1.00,0.99,0.92,0.75,0.11,0.00,inferred
North Ayrshire,2021-06-13,1.00,1.00,0.99,0.92,0.75,0.11,0.00,inferred
North Ayrshire,2021-06-14,1.00,1.00,0.99,0.92,0.75,0.11,0.00,inferred
North Ayrshire,2021-06-15,1.00,1.00,1.00,1.00,0.97,0.43,0.00,inferred
North Ayrshire,2021-06-16,1.00,1.00,1.00,1.00,0.97,0.43,0.00,inferred
North Ayrshire,2021-06-17,1.00,1.00,1.00,1.00,0.97,0.43,0.00,inferred
North Ayrshire,2021-06-18,1.00,1.00,1.00,1.00,0.97,0.43,0.00,inferred
North Ayrshire,2021-06-19,1.00,1.00,1.00,1.00,0.97,0.43,0.00,inferred
North Ayrshire,2021-06-20,1.00,1.00,1.00,1.00,0.97,0.43,0.00,inferred
North Ayrshire,2021-06-21,1.00,1.00,1.00,1.00,0.97,0.43,0.00,inferred
North Ayrshire,2021-06-22,1.00,1.00,0.95,0.81,0.54,0.02,0.00,inferred
North Ayrshire,2021-06-23,1.00,1.00,0.95,0.81,0.54,0.02,0.00,inferred
North Ayrshire,2021-06-24,1.00,1.00,0.95,0.81,0.54,0.02,0.00,inferred
North Ayrshire,2021-06-25,1.00,1.00,0.95,0.81,0.54,0.02,0.00,inferred
North Ayrshire,2021-06-26,1.00,1.00,0.95,0.81,0.54,0.02,0.00,inferred
North Ayrshire,2021-06-27,1.00,1.00,0.95,0.81,0.54,0.02,0.00,inferred
North Ayrshire,2021-06-28,1.00,1.00,0.95,0.81,0.54,0.02,0.00,inferred
North Ayrshire,2021-06-29,0.42,0.24,0.12,0.04,0.02,0.00,0.00,inferred
North Ayrshire,2021-06-30,0.42,0.24,0.12,0.04,0.02,0.00,0.00,inferred
North Ayrshire,2021-07-01,0.42,0.24,0.12,0.04,0.02,0.00,0.00,inferred
North Ayrshire,2021-07-02,0.42,0.24,0.12,0.04,0.02,0.00,0.00,inferred
North Ayrshire,2021-07-03,0.42,0.24,0.12,0.04,0.02,0.00,0.00,inferred
North Ayrshire,2021-07-04,0.42,0.24,0.12,0.04,0.02,0.00,0.00,inferred
North Ayrshire,2021-07-05,0.42,0.24,0.12,0.04,0.02,0.00,0.00,inferred
North Ayrshire,2021-07-06,0.48,0.38,0.29,0.22,0.17,0.07,0.02,projected
North Ayrshire,2021-07-07,0.48,0.38,0.29,0.22,0.17,0.07,0.02,projected
North Ayrshire,2021-07-08,0.48,0.38,0.29,0.22,0.17,0.07,0.02,projected
North Ayrshire,2021-07-09,0.48,0.38,0.29,0.22,0.17,0.07,0.02,projected
North Ayrshire,2021-07-10,0.48,0.38,0.29,0.22,0.17,0.07,0.02,projected
North Ayrshire,2021-07-11,0.48,0.38,0.29,0.22,0.17,0.07,0.02,projected
North Ayrshire,2021-07-12,0.48,0.38,0.29,0.22,0.17,0.07,0.02,projected
North Ayrshire,2021-07-13,0.50,0.42,0.35,0.28,0.23,0.13,0.06,projected
North Ayrshire,2021-07-14,0.50,0.42,0.35,0.28,0.23,0.13,0.06,projected
North Ayrshire,2021-07-15,0.50,0.42,0.35,0.28,0.23,0.13,0.06,projected
North Ayrshire,2021-07-16,0.50,0.42,0.35,0.28,0.23,0.13,0.06,projected
North Ayrshire,2021-07-17,0.50,0.42,0.35,0.28,0.23,0.13,0.06,projected
North Ayrshire,2021-07-18,0.50,0.42,0.35,0.28,0.23,0.13,0.06,projected
North Ayrshire,2021-07-19,0.50,0.42,0.35,0.28,0.23,0.13,0.06,projected
North Ayrshire,2021-07-20,0.52,0.45,0.38,0.32,0.27,0.18,0.10,projected
North Ayrshire,2021-07-21,0.52,0.45,0.38,0.32,0.27,0.18,0.10,projected
North Ayrshire,2021-07-22,0.52,0.45,0.38,0.32,0.27,0.18,0.10,projected
North Ayrshire,2021-07-23,0.52,0.45,0.38,0.32,0.27,0.18,0.10,projected
North Ayrshire,2021-07-24,0.52,0.45,0.38,0.32,0.27,0.18,0.10,projected
North Ayrshire,2021-07-25,0.52,0.45,0.38,0.32,0.27,0.18,0.10,projected
North Ayrshire,2021-07-26,0.52,0.45,0.38,0.32,0.27,0.18,0.10,projected
North Devon,2021-03-23,0.66,0.50,0.35,0.23,0.15,0.02,0.00,inferred
North Devon,2021-03-24,0.66,0.50,0.35,0.23,0.15,0.02,0.00,inferred
North Devon,2021-03-25,0.66,0.50,0.35,0.23,0.15,0.02,0.00,inferred
North Devon,2021-03-26,0.66,0.50,0.35,0.23,0.15,0.02,0.00,inferred
North Devon,2021-03-27,0.66,0.50,0.35,0.23,0.15,0.02,0.00,inferred
North Devon,2021-03-28,0.66,0.50,0.35,0.23,0.15,0.02,0.00,inferred
North Devon,2021-03-29,0.66,0.50,0.35,0.23,0.15,0.02,0.00,inferred
North Devon,2021-03-30,0.49,0.36,0.24,0.14,0.08,0.01,0.00,inferred
North Devon,2021-03-31,0.49,0.36,0.24,0.14,0.08,0.01,0.00,inferred
North Devon,2021-04-01,0.49,0.36,0.24,0.14,0.08,0.01,0.00,inferred
North Devon,2021-04-02,0.49,0.36,0.24,0.14,0.08,0.01,0.00,inferred
North Devon,2021-04-03,0.49,0.36,0.24,0.14,0.08,0.01,0.00,inferred
North Devon,2021-04-04,0.49,0.36,0.24,0.14,0.08,0.01,0.00,inferred
North Devon,2021-04-05,0.49,0.36,0.24,0.14,0.08,0.01,0.00,inferred
North Devon,2021-04-06,0.93,0.85,0.76,0.65,0.52,0.21,0.03,inferred
North Devon,2021-04-07,0.93,0.85,0.76,0.65,0.52,0.21,0.03,inferred
North Devon,2021-04-08,0.93,0.85,0.76,0.65,0.52,0.21,0.03,inferred
North Devon,2021-04-09,0.93,0.85,0.76,0.65,0.52,0.21,0.03,inferred
North Devon,2021-04-10,0.93,0.85,0.76,0.65,0.52,0.21,0.03,inferred
North Devon,2021-04-11,0.93,0.85,0.76,0.65,0.52,0.21,0.03,inferred
North Devon,2021-04-12,0.93,0.85,0.76,0.65,0.52,0.21,0.03,inferred
North Devon,2021-04-13,0.97,0.93,0.85,0.75,0.64,0.32,0.05,inferred
North Devon,2021-04-14,0.97,0.93,0.85,0.75,0.64,0.32,0.05,inferred
North Devon,2021-04-15,0.97,0.93,0.85,0.75,0.64,0.32,0.05,inferred
North Devon,2021-04-16,0.97,0.93,0.85,0.75,0.64,0.32,0.05,inferred
North Devon,2021-04-17,0.97,0.93,0.85,0.75,0.64,0.32,0.05,inferred
North Devon,2021-04-18,0.97,0.93,0.85,0.75,0.64,0.32,0.05,inferred
North Devon,2021-04-19,0.97,0.93,0.85,0.75,0.64,0.32,0.05,inferred
North Devon,2021-04-20,0.73,0.58,0.44,0.29,0.18,0.04,0.00,inferred
North Devon,2021-04-21,0.73,0.58,0.44,0.29,0.18,0.04,0.00,inferred
North Devon,2021-04-22,0.73,0.58,0.44,0.29,0.18,0.04,0.00,inferred
North Devon,2021-04-23,0.73,0.58,0.44,0.29,0.18,0.04,0.00,inferred
North Devon,2021-04-24,0.73,0.58,0.44,0.29,0.18,0.04,0.00,inferred
North Devon,2021-04-25,0.73,0.58,0.44,0.29,0.18,0.04,0.00,inferred
North Devon,2021-04-26,0.73,0.58,0.44,0.29,0.18,0.04,0.00,inferred
North Devon,2021-04-27,0.56,0.40,0.25,0.16,0.09,0.01,0.00,inferred
North Devon,2021-04-28,0.56,0.40,0.25,0.16,0.09,0.01,0.00,inferred
North Devon,2021-04-29,0.56,0.40,0.25,0.16,0.09,0.01,0.00,inferred
North Devon,2021-04-30,0.56,0.40,0.25,0.16,0.09,0.01,0.00,inferred
North Devon,2021-05-01,0.56,0.40,0.25,0.16,0.09,0.01,0.00,inferred
North Devon,2021-05-02,0.56,0.40,0.25,0.16,0.09,0.01,0.00,inferred
North Devon,2021-05-03,0.56,0.40,0.25,0.16,0.09,0.01,0.00,inferred
North Devon,2021-05-04,0.72,0.59,0.42,0.29,0.18,0.04,0.00,inferred
North Devon,2021-05-05,0.72,0.59,0.42,0.29,0.18,0.04,0.00,inferred
North Devon,2021-05-06,0.72,0.59,0.42,0.29,0.18,0.04,0.00,inferred
North Devon,2021-05-07,0.72,0.59,0.42,0.29,0.18,0.04,0.00,inferred
North Devon,2021-05-08,0.72,0.59,0.42,0.29,0.18,0.04,0.00,inferred
North Devon,2021-05-09,0.72,0.59,0.42,0.29,0.18,0.04,0.00,inferred
North Devon,2021-05-10,0.72,0.59,0.42,0.29,0.18,0.04,0.00,inferred
North Devon,2021-05-11,0.83,0.71,0.57,0.40,0.28,0.07,0.01,inferred
North Devon,2021-05-12,0.83,0.71,0.57,0.40,0.28,0.07,0.01,inferred
North Devon,2021-05-13,0.83,0.71,0.57,0.40,0.28,0.07,0.01,inferred
North Devon,2021-05-14,0.83,0.71,0.57,0.40,0.28,0.07,0.01,inferred
North Devon,2021-05-15,0.83,0.71,0.57,0.40,0.28,0.07,0.01,inferred
North Devon,2021-05-16,0.83,0.71,0.57,0.40,0.28,0.07,0.01,inferred
North Devon,2021-05-17,0.83,0.71,0.57,0.40,0.28,0.07,0.01,inferred
North Devon,2021-05-18,0.67,0.53,0.39,0.26,0.15,0.03,0.00,inferred
North Devon,2021-05-19,0.67,0.53,0.39,0.26,0.15,0.03,0.00,inferred
North Devon,2021-05-20,0.67,0.53,0.39,0.26,0.15,0.03,0.00,inferred
North Devon,2021-05-21,0.67,0.53,0.39,0.26,0.15,0.03,0.00,inferred
North Devon,2021-05-22,0.67,0.53,0.39,0.26,0.15,0.03,0.00,inferred
North Devon,2021-05-23,0.67,0.53,0.39,0.26,0.15,0.03,0.00,inferred
North Devon,2021-05-24,0.67,0.53,0.39,0.26,0.15,0.03,0.00,inferred
North Devon,2021-05-25,0.96,0.93,0.86,0.77,0.66,0.31,0.06,inferred
North Devon,2021-05-26,0.96,0.93,0.86,0.77,0.66,0.31,0.06,inferred
North Devon,2021-05-27,0.96,0.93,0.86,0.77,0.66,0.31,0.06,inferred
North Devon,2021-05-28,0.96,0.93,0.86,0.77,0.66,0.31,0.06,inferred
North Devon,2021-05-29,0.96,0.93,0.86,0.77,0.66,0.31,0.06,inferred
North Devon,2021-05-30,0.96,0.93,0.86,0.77,0.66,0.31,0.06,inferred
North Devon,2021-05-31,0.96,0.93,0.86,0.77,0.66,0.31,0.06,inferred
North Devon,2021-06-01,1.00,1.00,1.00,0.99,0.97,0.84,0.40,inferred
North Devon,2021-06-02,1.00,1.00,1.00,0.99,0.97,0.84,0.40,inferred
North Devon,2021-06-03,1.00,1.00,1.00,0.99,0.97,0.84,0.40,inferred
North Devon,2021-06-04,1.00,1.00,1.00,0.99,0.97,0.84,0.40,inferred
North Devon,2021-06-05,1.00,1.00,1.00,0.99,0.97,0.84,0.40,inferred
North Devon,2021-06-06,1.00,1.00,1.00,0.99,0.97,0.84,0.40,inferred
North Devon,2021-06-07,1.00,1.00,1.00,0.99,0.97,0.84,0.40,inferred
North Devon,2021-06-08,1.00,1.00,1.00,0.99,0.98,0.90,0.49,inferred
North Devon,2021-06-09,1.00,1.00,1.00,0.99,0.98,0.90,0.49,inferred
North Devon,2021-06-10,1.00,1.00,1.00,0.99,0.98,0.90,0.49,inferred
North Devon,2021-06-11,1.00,1.00,1.00,0.99,0.98,0.90,0.49,inferred
North Devon,2021-06-12,1.00,1.00,1.00,0.99,0.98,0.90,0.49,inferred
North Devon,2021-06-13,1.00,1.00,1.00,0.99,0.98,0.90,0.49,inferred
North Devon,2021-06-14,1.00,1.00,1.00,0.99,0.98,0.90,0.49,inferred
North Devon,2021-06-15,1.00,1.00,1.00,0.98,0.95,0.68,0.16,inferred
North Devon,2021-06-16,1.00,1.00,1.00,0.98,0.95,0.68,0.16,inferred
North Devon,2021-06-17,1.00,1.00,1.00,0.98,0.95,0.68,0.16,inferred
North Devon,2021-06-18,1.00,1.00,1.00,0.98,0.95,0.68,0.16,inferred
North Devon,2021-06-19,1.00,1.00,1.00,0.98,0.95,0.68,0.16,inferred
North Devon,2021-06-20,1.00,1.00,1.00,0.98,0.95,0.68,0.16,inferred
North Devon,2021-06-21,1.00,1.00,1.00,0.98,0.95,0.68,0.16,inferred
North Devon,2021-06-22,1.00,1.00,1.00,0.99,0.96,0.70,0.14,inferred
North Devon,2021-06-23,1.00,1.00,1.00,0.99,0.96,0.70,0.14,inferred
North Devon,2021-06-24,1.00,1.00,1.00,0.99,0.96,0.70,0.14,inferred
North Devon,2021-06-25,1.00,1.00,1.00,0.99,0.96,0.70,0.14,inferred
North Devon,2021-06-26,1.00,1.00,1.00,0.99,0.96,0.70,0.14,inferred
North Devon,2021-06-27,1.00,1.00,1.00,0.99,0.96,0.70,0.14,inferred
North Devon,2021-06-28,1.00,1.00,1.00,0.99,0.96,0.70,0.14,inferred
North Devon,2021-06-29,0.99,0.98,0.96,0.91,0.84,0.55,0.16,inferred
North Devon,2021-06-30,0.99,0.98,0.96,0.91,0.84,0.55,0.16,inferred
North Devon,2021-07-01,0.99,0.98,0.96,0.91,0.84,0.55,0.16,inferred
North Devon,2021-07-02,0.99,0.98,0.96,0.91,0.84,0.55,0.16,inferred
North Devon,2021-07-03,0.99,0.98,0.96,0.91,0.84,0.55,0.16,inferred
North Devon,2021-07-04,0.99,0.98,0.96,0.91,0.84,0.55,0.16,inferred
North Devon,2021-07-05,0.99,0.98,0.96,0.91,0.84,0.55,0.16,inferred
North Devon,2021-07-06,0.93,0.89,0.83,0.77,0.70,0.46,0.21,projected
North Devon,2021-07-07,0.93,0.89,0.83,0.77,0.70,0.46,0.21,projected
North Devon,2021-07-08,0.93,0.89,0.83,0.77,0.70,0.46,0.21,projected
North Devon,2021-07-09,0.93,0.89,0.83,0.77,0.70,0.46,0.21,projected
North Devon,2021-07-10,0.93,0.89,0.83,0.77,0.70,0.46,0.21,projected
North Devon,2021-07-11,0.93,0.89,0.83,0.77,0.70,0.46,0.21,projected
North Devon,2021-07-12,0.93,0.89,0.83,0.77,0.70,0.46,0.21,projected
North Devon,2021-07-13,0.90,0.84,0.79,0.72,0.65,0.43,0.22,projected
North Devon,2021-07-14,0.90,0.84,0.79,0.72,0.65,0.43,0.22,projected
North Devon,2021-07-15,0.90,0.84,0.79,0.72,0.65,0.43,0.22,projected
North Devon,2021-07-16,0.90,0.84,0.79,0.72,0.65,0.43,0.22,projected
North Devon,2021-07-17,0.90,0.84,0.79,0.72,0.65,0.43,0.22,projected
North Devon,2021-07-18,0.90,0.84,0.79,0.72,0.65,0.43,0.22,projected
North Devon,2021-07-19,0.90,0.84,0.79,0.72,0.65,0.43,0.22,projected
North Devon,2021-07-20,0.88,0.84,0.79,0.71,0.65,0.45,0.25,projected
North Devon,2021-07-21,0.88,0.84,0.79,0.71,0.65,0.45,0.25,projected
North Devon,2021-07-22,0.88,0.84,0.79,0.71,0.65,0.45,0.25,projected
North Devon,2021-07-23,0.88,0.84,0.79,0.71,0.65,0.45,0.25,projected
North Devon,2021-07-24,0.88,0.84,0.79,0.71,0.65,0.45,0.25,projected
North Devon,2021-07-25,0.88,0.84,0.79,0.71,0.65,0.45,0.25,projected
North Devon,2021-07-26,0.88,0.84,0.79,0.71,0.65,0.45,0.25,projected
North East Derbyshire,2021-03-23,0.93,0.79,0.55,0.29,0.12,0.00,0.00,inferred
North East Derbyshire,2021-03-24,0.93,0.79,0.55,0.29,0.12,0.00,0.00,inferred
North East Derbyshire,2021-03-25,0.93,0.79,0.55,0.29,0.12,0.00,0.00,inferred
North East Derbyshire,2021-03-26,0.93,0.79,0.55,0.29,0.12,0.00,0.00,inferred
North East Derbyshire,2021-03-27,0.93,0.79,0.55,0.29,0.12,0.00,0.00,inferred
North East Derbyshire,2021-03-28,0.93,0.79,0.55,0.29,0.12,0.00,0.00,inferred
North East Derbyshire,2021-03-29,0.93,0.79,0.55,0.29,0.12,0.00,0.00,inferred
North East Derbyshire,2021-03-30,0.93,0.78,0.54,0.30,0.14,0.01,0.00,inferred
North East Derbyshire,2021-03-31,0.93,0.78,0.54,0.30,0.14,0.01,0.00,inferred
North East Derbyshire,2021-04-01,0.93,0.78,0.54,0.30,0.14,0.01,0.00,inferred
North East Derbyshire,2021-04-02,0.93,0.78,0.54,0.30,0.14,0.01,0.00,inferred
North East Derbyshire,2021-04-03,0.93,0.78,0.54,0.30,0.14,0.01,0.00,inferred
North East Derbyshire,2021-04-04,0.93,0.78,0.54,0.30,0.14,0.01,0.00,inferred
North East Derbyshire,2021-04-05,0.93,0.78,0.54,0.30,0.14,0.01,0.00,inferred
North East Derbyshire,2021-04-06,0.26,0.10,0.03,0.01,0.00,0.00,0.00,inferred
North East Derbyshire,2021-04-07,0.26,0.10,0.03,0.01,0.00,0.00,0.00,inferred
North East Derbyshire,2021-04-08,0.26,0.10,0.03,0.01,0.00,0.00,0.00,inferred
North East Derbyshire,2021-04-09,0.26,0.10,0.03,0.01,0.00,0.00,0.00,inferred
North East Derbyshire,2021-04-10,0.26,0.10,0.03,0.01,0.00,0.00,0.00,inferred
North East Derbyshire,2021-04-11,0.26,0.10,0.03,0.01,0.00,0.00,0.00,inferred
North East Derbyshire,2021-04-12,0.26,0.10,0.03,0.01,0.00,0.00,0.00,inferred
North East Derbyshire,2021-04-13,0.39,0.18,0.07,0.02,0.01,0.00,0.00,inferred
North East Derbyshire,2021-04-14,0.39,0.18,0.07,0.02,0.01,0.00,0.00,inferred
North East Derbyshire,2021-04-15,0.39,0.18,0.07,0.02,0.01,0.00,0.00,inferred
North East Derbyshire,2021-04-16,0.39,0.18,0.07,0.02,0.01,0.00,0.00,inferred
North East Derbyshire,2021-04-17,0.39,0.18,0.07,0.02,0.01,0.00,0.00,inferred
North East Derbyshire,2021-04-18,0.39,0.18,0.07,0.02,0.01,0.00,0.00,inferred
North East Derbyshire,2021-04-19,0.39,0.18,0.07,0.02,0.01,0.00,0.00,inferred
North East Derbyshire,2021-04-20,0.35,0.18,0.08,0.03,0.01,0.00,0.00,inferred
North East Derbyshire,2021-04-21,0.35,0.18,0.08,0.03,0.01,0.00,0.00,inferred
North East Derbyshire,2021-04-22,0.35,0.18,0.08,0.03,0.01,0.00,0.00,inferred
North East Derbyshire,2021-04-23,0.35,0.18,0.08,0.03,0.01,0.00,0.00,inferred
North East Derbyshire,2021-04-24,0.35,0.18,0.08,0.03,0.01,0.00,0.00,inferred
North East Derbyshire,2021-04-25,0.35,0.18,0.08,0.03,0.01,0.00,0.00,inferred
North East Derbyshire,2021-04-26,0.35,0.18,0.08,0.03,0.01,0.00,0.00,inferred
North East Derbyshire,2021-04-27,0.73,0.55,0.35,0.20,0.09,0.01,0.00,inferred
North East Derbyshire,2021-04-28,0.73,0.55,0.35,0.20,0.09,0.01,0.00,inferred
North East Derbyshire,2021-04-29,0.73,0.55,0.35,0.20,0.09,0.01,0.00,inferred
North East Derbyshire,2021-04-30,0.73,0.55,0.35,0.20,0.09,0.01,0.00,inferred
North East Derbyshire,2021-05-01,0.73,0.55,0.35,0.20,0.09,0.01,0.00,inferred
North East Derbyshire,2021-05-02,0.73,0.55,0.35,0.20,0.09,0.01,0.00,inferred
North East Derbyshire,2021-05-03,0.73,0.55,0.35,0.20,0.09,0.01,0.00,inferred
North East Derbyshire,2021-05-04,0.27,0.13,0.05,0.02,0.01,0.00,0.00,inferred
North East Derbyshire,2021-05-05,0.27,0.13,0.05,0.02,0.01,0.00,0.00,inferred
North East Derbyshire,2021-05-06,0.27,0.13,0.05,0.02,0.01,0.00,0.00,inferred
North East Derbyshire,2021-05-07,0.27,0.13,0.05,0.02,0.01,0.00,0.00,inferred
North East Derbyshire,2021-05-08,0.27,0.13,0.05,0.02,0.01,0.00,0.00,inferred
North East Derbyshire,2021-05-09,0.27,0.13,0.05,0.02,0.01,0.00,0.00,inferred
North East Derbyshire,2021-05-10,0.27,0.13,0.05,0.02,0.01,0.00,0.00,inferred
North East Derbyshire,2021-05-11,0.33,0.19,0.10,0.06,0.02,0.00,0.00,inferred
North East Derbyshire,2021-05-12,0.33,0.19,0.10,0.06,0.02,0.00,0.00,inferred
North East Derbyshire,2021-05-13,0.33,0.19,0.10,0.06,0.02,0.00,0.00,inferred
North East Derbyshire,2021-05-14,0.33,0.19,0.10,0.06,0.02,0.00,0.00,inferred
North East Derbyshire,2021-05-15,0.33,0.19,0.10,0.06,0.02,0.00,0.00,inferred
North East Derbyshire,2021-05-16,0.33,0.19,0.10,0.06,0.02,0.00,0.00,inferred
North East Derbyshire,2021-05-17,0.33,0.19,0.10,0.06,0.02,0.00,0.00,inferred
North East Derbyshire,2021-05-18,0.73,0.56,0.39,0.26,0.17,0.03,0.00,inferred
North East Derbyshire,2021-05-19,0.73,0.56,0.39,0.26,0.17,0.03,0.00,inferred
North East Derbyshire,2021-05-20,0.73,0.56,0.39,0.26,0.17,0.03,0.00,inferred
North East Derbyshire,2021-05-21,0.73,0.56,0.39,0.26,0.17,0.03,0.00,inferred
North East Derbyshire,2021-05-22,0.73,0.56,0.39,0.26,0.17,0.03,0.00,inferred
North East Derbyshire,2021-05-23,0.73,0.56,0.39,0.26,0.17,0.03,0.00,inferred
North East Derbyshire,2021-05-24,0.73,0.56,0.39,0.26,0.17,0.03,0.00,inferred
North East Derbyshire,2021-05-25,1.00,1.00,0.99,0.98,0.95,0.73,0.22,inferred
North East Derbyshire,2021-05-26,1.00,1.00,0.99,0.98,0.95,0.73,0.22,inferred
North East Derbyshire,2021-05-27,1.00,1.00,0.99,0.98,0.95,0.73,0.22,inferred
North East Derbyshire,2021-05-28,1.00,1.00,0.99,0.98,0.95,0.73,0.22,inferred
North East Derbyshire,2021-05-29,1.00,1.00,0.99,0.98,0.95,0.73,0.22,inferred
North East Derbyshire,2021-05-30,1.00,1.00,0.99,0.98,0.95,0.73,0.22,inferred
North East Derbyshire,2021-05-31,1.00,1.00,0.99,0.98,0.95,0.73,0.22,inferred
North East Derbyshire,2021-06-01,1.00,0.99,0.98,0.94,0.89,0.58,0.13,inferred
North East Derbyshire,2021-06-02,1.00,0.99,0.98,0.94,0.89,0.58,0.13,inferred
North East Derbyshire,2021-06-03,1.00,0.99,0.98,0.94,0.89,0.58,0.13,inferred
North East Derbyshire,2021-06-04,1.00,0.99,0.98,0.94,0.89,0.58,0.13,inferred
North East Derbyshire,2021-06-05,1.00,0.99,0.98,0.94,0.89,0.58,0.13,inferred
North East Derbyshire,2021-06-06,1.00,0.99,0.98,0.94,0.89,0.58,0.13,inferred
North East Derbyshire,2021-06-07,1.00,0.99,0.98,0.94,0.89,0.58,0.13,inferred
North East Derbyshire,2021-06-08,1.00,1.00,1.00,1.00,0.99,0.88,0.40,inferred
North East Derbyshire,2021-06-09,1.00,1.00,1.00,1.00,0.99,0.88,0.40,inferred
North East Derbyshire,2021-06-10,1.00,1.00,1.00,1.00,0.99,0.88,0.40,inferred
North East Derbyshire,2021-06-11,1.00,1.00,1.00,1.00,0.99,0.88,0.40,inferred
North East Derbyshire,2021-06-12,1.00,1.00,1.00,1.00,0.99,0.88,0.40,inferred
North East Derbyshire,2021-06-13,1.00,1.00,1.00,1.00,0.99,0.88,0.40,inferred
North East Derbyshire,2021-06-14,1.00,1.00,1.00,1.00,0.99,0.88,0.40,inferred
North East Derbyshire,2021-06-15,1.00,1.00,1.00,1.00,1.00,0.99,0.74,inferred
North East Derbyshire,2021-06-16,1.00,1.00,1.00,1.00,1.00,0.99,0.74,inferred
North East Derbyshire,2021-06-17,1.00,1.00,1.00,1.00,1.00,0.99,0.74,inferred
North East Derbyshire,2021-06-18,1.00,1.00,1.00,1.00,1.00,0.99,0.74,inferred
North East Derbyshire,2021-06-19,1.00,1.00,1.00,1.00,1.00,0.99,0.74,inferred
North East Derbyshire,2021-06-20,1.00,1.00,1.00,1.00,1.00,0.99,0.74,inferred
North East Derbyshire,2021-06-21,1.00,1.00,1.00,1.00,1.00,0.99,0.74,inferred
North East Derbyshire,2021-06-22,1.00,1.00,1.00,1.00,1.00,0.81,0.17,inferred
North East Derbyshire,2021-06-23,1.00,1.00,1.00,1.00,1.00,0.81,0.17,inferred
North East Derbyshire,2021-06-24,1.00,1.00,1.00,1.00,1.00,0.81,0.17,inferred
North East Derbyshire,2021-06-25,1.00,1.00,1.00,1.00,1.00,0.81,0.17,inferred
North East Derbyshire,2021-06-26,1.00,1.00,1.00,1.00,1.00,0.81,0.17,inferred
North East Derbyshire,2021-06-27,1.00,1.00,1.00,1.00,1.00,0.81,0.17,inferred
North East Derbyshire,2021-06-28,1.00,1.00,1.00,1.00,1.00,0.81,0.17,inferred
North East Derbyshire,2021-06-29,1.00,1.00,1.00,0.99,0.96,0.73,0.20,inferred
North East Derbyshire,2021-06-30,1.00,1.00,1.00,0.99,0.96,0.73,0.20,inferred
North East Derbyshire,2021-07-01,1.00,1.00,1.00,0.99,0.96,0.73,0.20,inferred
North East Derbyshire,2021-07-02,1.00,1.00,1.00,0.99,0.96,0.73,0.20,inferred
North East Derbyshire,2021-07-03,1.00,1.00,1.00,0.99,0.96,0.73,0.20,inferred
North East Derbyshire,2021-07-04,1.00,1.00,1.00,0.99,0.96,0.73,0.20,inferred
North East Derbyshire,2021-07-05,1.00,1.00,1.00,0.99,0.96,0.73,0.20,inferred
North East Derbyshire,2021-07-06,0.99,0.98,0.96,0.91,0.85,0.58,0.23,projected
North East Derbyshire,2021-07-07,0.99,0.98,0.96,0.91,0.85,0.58,0.23,projected
North East Derbyshire,2021-07-08,0.99,0.98,0.96,0.91,0.85,0.58,0.23,projected
North East Derbyshire,2021-07-09,0.99,0.98,0.96,0.91,0.85,0.58,0.23,projected
North East Derbyshire,2021-07-10,0.99,0.98,0.96,0.91,0.85,0.58,0.23,projected
North East Derbyshire,2021-07-11,0.99,0.98,0.96,0.91,0.85,0.58,0.23,projected
North East Derbyshire,2021-07-12,0.99,0.98,0.96,0.91,0.85,0.58,0.23,projected
North East Derbyshire,2021-07-13,0.98,0.96,0.92,0.86,0.79,0.53,0.23,projected
North East Derbyshire,2021-07-14,0.98,0.96,0.92,0.86,0.79,0.53,0.23,projected
North East Derbyshire,2021-07-15,0.98,0.96,0.92,0.86,0.79,0.53,0.23,projected
North East Derbyshire,2021-07-16,0.98,0.96,0.92,0.86,0.79,0.53,0.23,projected
North East Derbyshire,2021-07-17,0.98,0.96,0.92,0.86,0.79,0.53,0.23,projected
North East Derbyshire,2021-07-18,0.98,0.96,0.92,0.86,0.79,0.53,0.23,projected
North East Derbyshire,2021-07-19,0.98,0.96,0.92,0.86,0.79,0.53,0.23,projected
North East Derbyshire,2021-07-20,0.97,0.94,0.91,0.84,0.78,0.52,0.22,projected
North East Derbyshire,2021-07-21,0.97,0.94,0.91,0.84,0.78,0.52,0.22,projected
North East Derbyshire,2021-07-22,0.97,0.94,0.91,0.84,0.78,0.52,0.22,projected
North East Derbyshire,2021-07-23,0.97,0.94,0.91,0.84,0.78,0.52,0.22,projected
North East Derbyshire,2021-07-24,0.97,0.94,0.91,0.84,0.78,0.52,0.22,projected
North East Derbyshire,2021-07-25,0.97,0.94,0.91,0.84,0.78,0.52,0.22,projected
North East Derbyshire,2021-07-26,0.97,0.94,0.91,0.84,0.78,0.52,0.22,projected
North East Lincolnshire,2021-03-23,0.05,0.00,0.00,0.00,0.00,0.00,0.00,inferred
North East Lincolnshire,2021-03-24,0.05,0.00,0.00,0.00,0.00,0.00,0.00,inferred
North East Lincolnshire,2021-03-25,0.05,0.00,0.00,0.00,0.00,0.00,0.00,inferred
North East Lincolnshire,2021-03-26,0.05,0.00,0.00,0.00,0.00,0.00,0.00,inferred
North East Lincolnshire,2021-03-27,0.05,0.00,0.00,0.00,0.00,0.00,0.00,inferred
North East Lincolnshire,2021-03-28,0.05,0.00,0.00,0.00,0.00,0.00,0.00,inferred
North East Lincolnshire,2021-03-29,0.05,0.00,0.00,0.00,0.00,0.00,0.00,inferred
North East Lincolnshire,2021-03-30,0.04,0.01,0.00,0.00,0.00,0.00,0.00,inferred
North East Lincolnshire,2021-03-31,0.04,0.01,0.00,0.00,0.00,0.00,0.00,inferred
North East Lincolnshire,2021-04-01,0.04,0.01,0.00,0.00,0.00,0.00,0.00,inferred
North East Lincolnshire,2021-04-02,0.04,0.01,0.00,0.00,0.00,0.00,0.00,inferred
North East Lincolnshire,2021-04-03,0.04,0.01,0.00,0.00,0.00,0.00,0.00,inferred
North East Lincolnshire,2021-04-04,0.04,0.01,0.00,0.00,0.00,0.00,0.00,inferred
North East Lincolnshire,2021-04-05,0.04,0.01,0.00,0.00,0.00,0.00,0.00,inferred
North East Lincolnshire,2021-04-06,0.02,0.00,0.00,0.00,0.00,0.00,0.00,inferred
North East Lincolnshire,2021-04-07,0.02,0.00,0.00,0.00,0.00,0.00,0.00,inferred
North East Lincolnshire,2021-04-08,0.02,0.00,0.00,0.00,0.00,0.00,0.00,inferred
North East Lincolnshire,2021-04-09,0.02,0.00,0.00,0.00,0.00,0.00,0.00,inferred
North East Lincolnshire,2021-04-10,0.02,0.00,0.00,0.00,0.00,0.00,0.00,inferred
North East Lincolnshire,2021-04-11,0.02,0.00,0.00,0.00,0.00,0.00,0.00,inferred
North East Lincolnshire,2021-04-12,0.02,0.00,0.00,0.00,0.00,0.00,0.00,inferred
North East Lincolnshire,2021-04-13,0.15,0.05,0.01,0.00,0.00,0.00,0.00,inferred
North East Lincolnshire,2021-04-14,0.15,0.05,0.01,0.00,0.00,0.00,0.00,inferred
North East Lincolnshire,2021-04-15,0.15,0.05,0.01,0.00,0.00,0.00,0.00,inferred
North East Lincolnshire,2021-04-16,0.15,0.05,0.01,0.00,0.00,0.00,0.00,inferred
North East Lincolnshire,2021-04-17,0.15,0.05,0.01,0.00,0.00,0.00,0.00,inferred
North East Lincolnshire,2021-04-18,0.15,0.05,0.01,0.00,0.00,0.00,0.00,inferred
North East Lincolnshire,2021-04-19,0.15,0.05,0.01,0.00,0.00,0.00,0.00,inferred
North East Lincolnshire,2021-04-20,0.40,0.22,0.10,0.03,0.01,0.00,0.00,inferred
North East Lincolnshire,2021-04-21,0.40,0.22,0.10,0.03,0.01,0.00,0.00,inferred
North East Lincolnshire,2021-04-22,0.40,0.22,0.10,0.03,0.01,0.00,0.00,inferred
North East Lincolnshire,2021-04-23,0.40,0.22,0.10,0.03,0.01,0.00,0.00,inferred
North East Lincolnshire,2021-04-24,0.40,0.22,0.10,0.03,0.01,0.00,0.00,inferred
North East Lincolnshire,2021-04-25,0.40,0.22,0.10,0.03,0.01,0.00,0.00,inferred
North East Lincolnshire,2021-04-26,0.40,0.22,0.10,0.03,0.01,0.00,0.00,inferred
North East Lincolnshire,2021-04-27,0.68,0.48,0.28,0.15,0.08,0.00,0.00,inferred
North East Lincolnshire,2021-04-28,0.68,0.48,0.28,0.15,0.08,0.00,0.00,inferred
North East Lincolnshire,2021-04-29,0.68,0.48,0.28,0.15,0.08,0.00,0.00,inferred
North East Lincolnshire,2021-04-30,0.68,0.48,0.28,0.15,0.08,0.00,0.00,inferred
North East Lincolnshire,2021-05-01,0.68,0.48,0.28,0.15,0.08,0.00,0.00,inferred
North East Lincolnshire,2021-05-02,0.68,0.48,0.28,0.15,0.08,0.00,0.00,inferred
North East Lincolnshire,2021-05-03,0.68,0.48,0.28,0.15,0.08,0.00,0.00,inferred
North East Lincolnshire,2021-05-04,0.87,0.70,0.50,0.32,0.18,0.01,0.00,inferred
North East Lincolnshire,2021-05-05,0.87,0.70,0.50,0.32,0.18,0.01,0.00,inferred
North East Lincolnshire,2021-05-06,0.87,0.70,0.50,0.32,0.18,0.01,0.00,inferred
North East Lincolnshire,2021-05-07,0.87,0.70,0.50,0.32,0.18,0.01,0.00,inferred
North East Lincolnshire,2021-05-08,0.87,0.70,0.50,0.32,0.18,0.01,0.00,inferred
North East Lincolnshire,2021-05-09,0.87,0.70,0.50,0.32,0.18,0.01,0.00,inferred
North East Lincolnshire,2021-05-10,0.87,0.70,0.50,0.32,0.18,0.01,0.00,inferred
North East Lincolnshire,2021-05-11,0.87,0.74,0.54,0.35,0.20,0.02,0.00,inferred
North East Lincolnshire,2021-05-12,0.87,0.74,0.54,0.35,0.20,0.02,0.00,inferred
North East Lincolnshire,2021-05-13,0.87,0.74,0.54,0.35,0.20,0.02,0.00,inferred
North East Lincolnshire,2021-05-14,0.87,0.74,0.54,0.35,0.20,0.02,0.00,inferred
North East Lincolnshire,2021-05-15,0.87,0.74,0.54,0.35,0.20,0.02,0.00,inferred
North East Lincolnshire,2021-05-16,0.87,0.74,0.54,0.35,0.20,0.02,0.00,inferred
North East Lincolnshire,2021-05-17,0.87,0.74,0.54,0.35,0.20,0.02,0.00,inferred
North East Lincolnshire,2021-05-18,0.98,0.95,0.89,0.78,0.64,0.19,0.01,inferred
North East Lincolnshire,2021-05-19,0.98,0.95,0.89,0.78,0.64,0.19,0.01,inferred
North East Lincolnshire,2021-05-20,0.98,0.95,0.89,0.78,0.64,0.19,0.01,inferred
North East Lincolnshire,2021-05-21,0.98,0.95,0.89,0.78,0.64,0.19,0.01,inferred
North East Lincolnshire,2021-05-22,0.98,0.95,0.89,0.78,0.64,0.19,0.01,inferred
North East Lincolnshire,2021-05-23,0.98,0.95,0.89,0.78,0.64,0.19,0.01,inferred
North East Lincolnshire,2021-05-24,0.98,0.95,0.89,0.78,0.64,0.19,0.01,inferred
North East Lincolnshire,2021-05-25,1.00,1.00,1.00,1.00,1.00,1.00,0.84,inferred
North East Lincolnshire,2021-05-26,1.00,1.00,1.00,1.00,1.00,1.00,0.84,inferred
North East Lincolnshire,2021-05-27,1.00,1.00,1.00,1.00,1.00,1.00,0.84,inferred
North East Lincolnshire,2021-05-28,1.00,1.00,1.00,1.00,1.00,1.00,0.84,inferred
North East Lincolnshire,2021-05-29,1.00,1.00,1.00,1.00,1.00,1.00,0.84,inferred
North East Lincolnshire,2021-05-30,1.00,1.00,1.00,1.00,1.00,1.00,0.84,inferred
North East Lincolnshire,2021-05-31,1.00,1.00,1.00,1.00,1.00,1.00,0.84,inferred
North East Lincolnshire,2021-06-01,1.00,1.00,1.00,1.00,1.00,0.98,0.73,inferred
North East Lincolnshire,2021-06-02,1.00,1.00,1.00,1.00,1.00,0.98,0.73,inferred
North East Lincolnshire,2021-06-03,1.00,1.00,1.00,1.00,1.00,0.98,0.73,inferred
North East Lincolnshire,2021-06-04,1.00,1.00,1.00,1.00,1.00,0.98,0.73,inferred
North East Lincolnshire,2021-06-05,1.00,1.00,1.00,1.00,1.00,0.98,0.73,inferred
North East Lincolnshire,2021-06-06,1.00,1.00,1.00,1.00,1.00,0.98,0.73,inferred
North East Lincolnshire,2021-06-07,1.00,1.00,1.00,1.00,1.00,0.98,0.73,inferred
North East Lincolnshire,2021-06-08,1.00,1.00,1.00,1.00,1.00,0.93,0.33,inferred
North East Lincolnshire,2021-06-09,1.00,1.00,1.00,1.00,1.00,0.93,0.33,inferred
North East Lincolnshire,2021-06-10,1.00,1.00,1.00,1.00,1.00,0.93,0.33,inferred
North East Lincolnshire,2021-06-11,1.00,1.00,1.00,1.00,1.00,0.93,0.33,inferred
North East Lincolnshire,2021-06-12,1.00,1.00,1.00,1.00,1.00,0.93,0.33,inferred
North East Lincolnshire,2021-06-13,1.00,1.00,1.00,1.00,1.00,0.93,0.33,inferred
North East Lincolnshire,2021-06-14,1.00,1.00,1.00,1.00,1.00,0.93,0.33,inferred
North East Lincolnshire,2021-06-15,1.00,1.00,1.00,1.00,1.00,0.99,0.65,inferred
North East Lincolnshire,2021-06-16,1.00,1.00,1.00,1.00,1.00,0.99,0.65,inferred
North East Lincolnshire,2021-06-17,1.00,1.00,1.00,1.00,1.00,0.99,0.65,inferred
North East Lincolnshire,2021-06-18,1.00,1.00,1.00,1.00,1.00,0.99,0.65,inferred
North East Lincolnshire,2021-06-19,1.00,1.00,1.00,1.00,1.00,0.99,0.65,inferred
North East Lincolnshire,2021-06-20,1.00,1.00,1.00,1.00,1.00,0.99,0.65,inferred
North East Lincolnshire,2021-06-21,1.00,1.00,1.00,1.00,1.00,0.99,0.65,inferred
North East Lincolnshire,2021-06-22,1.00,1.00,1.00,1.00,1.00,1.00,0.79,inferred
North East Lincolnshire,2021-06-23,1.00,1.00,1.00,1.00,1.00,1.00,0.79,inferred
North East Lincolnshire,2021-06-24,1.00,1.00,1.00,1.00,1.00,1.00,0.79,inferred
North East Lincolnshire,2021-06-25,1.00,1.00,1.00,1.00,1.00,1.00,0.79,inferred
North East Lincolnshire,2021-06-26,1.00,1.00,1.00,1.00,1.00,1.00,0.79,inferred
North East Lincolnshire,2021-06-27,1.00,1.00,1.00,1.00,1.00,1.00,0.79,inferred
North East Lincolnshire,2021-06-28,1.00,1.00,1.00,1.00,1.00,1.00,0.79,inferred
North East Lincolnshire,2021-06-29,1.00,1.00,0.98,0.93,0.83,0.34,0.01,inferred
North East Lincolnshire,2021-06-30,1.00,1.00,0.98,0.93,0.83,0.34,0.01,inferred
North East Lincolnshire,2021-07-01,1.00,1.00,0.98,0.93,0.83,0.34,0.01,inferred
North East Lincolnshire,2021-07-02,1.00,1.00,0.98,0.93,0.83,0.34,0.01,inferred
North East Lincolnshire,2021-07-03,1.00,1.00,0.98,0.93,0.83,0.34,0.01,inferred
North East Lincolnshire,2021-07-04,1.00,1.00,0.98,0.93,0.83,0.34,0.01,inferred
North East Lincolnshire,2021-07-05,1.00,1.00,0.98,0.93,0.83,0.34,0.01,inferred
North East Lincolnshire,2021-07-06,0.97,0.94,0.86,0.77,0.67,0.36,0.10,projected
North East Lincolnshire,2021-07-07,0.97,0.94,0.86,0.77,0.67,0.36,0.10,projected
North East Lincolnshire,2021-07-08,0.97,0.94,0.86,0.77,0.67,0.36,0.10,projected
North East Lincolnshire,2021-07-09,0.97,0.94,0.86,0.77,0.67,0.36,0.10,projected
North East Lincolnshire,2021-07-10,0.97,0.94,0.86,0.77,0.67,0.36,0.10,projected
North East Lincolnshire,2021-07-11,0.97,0.94,0.86,0.77,0.67,0.36,0.10,projected
North East Lincolnshire,2021-07-12,0.97,0.94,0.86,0.77,0.67,0.36,0.10,projected
North East Lincolnshire,2021-07-13,0.94,0.88,0.80,0.71,0.61,0.37,0.13,projected
North East Lincolnshire,2021-07-14,0.94,0.88,0.80,0.71,0.61,0.37,0.13,projected
North East Lincolnshire,2021-07-15,0.94,0.88,0.80,0.71,0.61,0.37,0.13,projected
North East Lincolnshire,2021-07-16,0.94,0.88,0.80,0.71,0.61,0.37,0.13,projected
North East Lincolnshire,2021-07-17,0.94,0.88,0.80,0.71,0.61,0.37,0.13,projected
North East Lincolnshire,2021-07-18,0.94,0.88,0.80,0.71,0.61,0.37,0.13,projected
North East Lincolnshire,2021-07-19,0.94,0.88,0.80,0.71,0.61,0.37,0.13,projected
North East Lincolnshire,2021-07-20,0.91,0.85,0.78,0.69,0.61,0.38,0.17,projected
North East Lincolnshire,2021-07-21,0.91,0.85,0.78,0.69,0.61,0.38,0.17,projected
North East Lincolnshire,2021-07-22,0.91,0.85,0.78,0.69,0.61,0.38,0.17,projected
North East Lincolnshire,2021-07-23,0.91,0.85,0.78,0.69,0.61,0.38,0.17,projected
North East Lincolnshire,2021-07-24,0.91,0.85,0.78,0.69,0.61,0.38,0.17,projected
North East Lincolnshire,2021-07-25,0.91,0.85,0.78,0.69,0.61,0.38,0.17,projected
North East Lincolnshire,2021-07-26,0.91,0.85,0.78,0.69,0.61,0.38,0.17,projected
North Hertfordshire,2021-03-23,0.01,0.00,0.00,0.00,0.00,0.00,0.00,inferred
North Hertfordshire,2021-03-24,0.01,0.00,0.00,0.00,0.00,0.00,0.00,inferred
North Hertfordshire,2021-03-25,0.01,0.00,0.00,0.00,0.00,0.00,0.00,inferred
North Hertfordshire,2021-03-26,0.01,0.00,0.00,0.00,0.00,0.00,0.00,inferred
North Hertfordshire,2021-03-27,0.01,0.00,0.00,0.00,0.00,0.00,0.00,inferred
North Hertfordshire,2021-03-28,0.01,0.00,0.00,0.00,0.00,0.00,0.00,inferred
North Hertfordshire,2021-03-29,0.01,0.00,0.00,0.00,0.00,0.00,0.00,inferred
North Hertfordshire,2021-03-30,0.27,0.11,0.03,0.01,0.00,0.00,0.00,inferred
North Hertfordshire,2021-03-31,0.27,0.11,0.03,0.01,0.00,0.00,0.00,inferred
North Hertfordshire,2021-04-01,0.27,0.11,0.03,0.01,0.00,0.00,0.00,inferred
North Hertfordshire,2021-04-02,0.27,0.11,0.03,0.01,0.00,0.00,0.00,inferred
North Hertfordshire,2021-04-03,0.27,0.11,0.03,0.01,0.00,0.00,0.00,inferred
North Hertfordshire,2021-04-04,0.27,0.11,0.03,0.01,0.00,0.00,0.00,inferred
North Hertfordshire,2021-04-05,0.27,0.11,0.03,0.01,0.00,0.00,0.00,inferred
North Hertfordshire,2021-04-06,0.52,0.32,0.17,0.08,0.03,0.00,0.00,inferred
North Hertfordshire,2021-04-07,0.52,0.32,0.17,0.08,0.03,0.00,0.00,inferred
North Hertfordshire,2021-04-08,0.52,0.32,0.17,0.08,0.03,0.00,0.00,inferred
North Hertfordshire,2021-04-09,0.52,0.32,0.17,0.08,0.03,0.00,0.00,inferred
North Hertfordshire,2021-04-10,0.52,0.32,0.17,0.08,0.03,0.00,0.00,inferred
North Hertfordshire,2021-04-11,0.52,0.32,0.17,0.08,0.03,0.00,0.00,inferred
North Hertfordshire,2021-04-12,0.52,0.32,0.17,0.08,0.03,0.00,0.00,inferred
North Hertfordshire,2021-04-13,0.76,0.57,0.38,0.24,0.13,0.00,0.00,inferred
North Hertfordshire,2021-04-14,0.76,0.57,0.38,0.24,0.13,0.00,0.00,inferred
North Hertfordshire,2021-04-15,0.76,0.57,0.38,0.24,0.13,0.00,0.00,inferred
North Hertfordshire,2021-04-16,0.76,0.57,0.38,0.24,0.13,0.00,0.00,inferred
North Hertfordshire,2021-04-17,0.76,0.57,0.38,0.24,0.13,0.00,0.00,inferred
North Hertfordshire,2021-04-18,0.76,0.57,0.38,0.24,0.13,0.00,0.00,inferred
North Hertfordshire,2021-04-19,0.76,0.57,0.38,0.24,0.13,0.00,0.00,inferred
North Hertfordshire,2021-04-20,0.55,0.35,0.18,0.09,0.04,0.00,0.00,inferred
North Hertfordshire,2021-04-21,0.55,0.35,0.18,0.09,0.04,0.00,0.00,inferred
North Hertfordshire,2021-04-22,0.55,0.35,0.18,0.09,0.04,0.00,0.00,inferred
North Hertfordshire,2021-04-23,0.55,0.35,0.18,0.09,0.04,0.00,0.00,inferred
North Hertfordshire,2021-04-24,0.55,0.35,0.18,0.09,0.04,0.00,0.00,inferred
North Hertfordshire,2021-04-25,0.55,0.35,0.18,0.09,0.04,0.00,0.00,inferred
North Hertfordshire,2021-04-26,0.55,0.35,0.18,0.09,0.04,0.00,0.00,inferred
North Hertfordshire,2021-04-27,0.54,0.35,0.20,0.10,0.04,0.00,0.00,inferred
North Hertfordshire,2021-04-28,0.54,0.35,0.20,0.10,0.04,0.00,0.00,inferred
North Hertfordshire,2021-04-29,0.54,0.35,0.20,0.10,0.04,0.00,0.00,inferred
North Hertfordshire,2021-04-30,0.54,0.35,0.20,0.10,0.04,0.00,0.00,inferred
North Hertfordshire,2021-05-01,0.54,0.35,0.20,0.10,0.04,0.00,0.00,inferred
North Hertfordshire,2021-05-02,0.54,0.35,0.20,0.10,0.04,0.00,0.00,inferred
North Hertfordshire,2021-05-03,0.54,0.35,0.20,0.10,0.04,0.00,0.00,inferred
North Hertfordshire,2021-05-04,0.71,0.54,0.38,0.24,0.13,0.01,0.00,inferred
North Hertfordshire,2021-05-05,0.71,0.54,0.38,0.24,0.13,0.01,0.00,inferred
North Hertfordshire,2021-05-06,0.71,0.54,0.38,0.24,0.13,0.01,0.00,inferred
North Hertfordshire,2021-05-07,0.71,0.54,0.38,0.24,0.13,0.01,0.00,inferred
North Hertfordshire,2021-05-08,0.71,0.54,0.38,0.24,0.13,0.01,0.00,inferred
North Hertfordshire,2021-05-09,0.71,0.54,0.38,0.24,0.13,0.01,0.00,inferred
North Hertfordshire,2021-05-10,0.71,0.54,0.38,0.24,0.13,0.01,0.00,inferred
North Hertfordshire,2021-05-11,0.93,0.85,0.74,0.61,0.45,0.13,0.01,inferred
North Hertfordshire,2021-05-12,0.93,0.85,0.74,0.61,0.45,0.13,0.01,inferred
North Hertfordshire,2021-05-13,0.93,0.85,0.74,0.61,0.45,0.13,0.01,inferred
North Hertfordshire,2021-05-14,0.93,0.85,0.74,0.61,0.45,0.13,0.01,inferred
North Hertfordshire,2021-05-15,0.93,0.85,0.74,0.61,0.45,0.13,0.01,inferred
North Hertfordshire,2021-05-16,0.93,0.85,0.74,0.61,0.45,0.13,0.01,inferred
North Hertfordshire,2021-05-17,0.93,0.85,0.74,0.61,0.45,0.13,0.01,inferred
North Hertfordshire,2021-05-18,1.00,0.99,0.98,0.96,0.89,0.56,0.10,inferred
North Hertfordshire,2021-05-19,1.00,0.99,0.98,0.96,0.89,0.56,0.10,inferred
North Hertfordshire,2021-05-20,1.00,0.99,0.98,0.96,0.89,0.56,0.10,inferred
North Hertfordshire,2021-05-21,1.00,0.99,0.98,0.96,0.89,0.56,0.10,inferred
North Hertfordshire,2021-05-22,1.00,0.99,0.98,0.96,0.89,0.56,0.10,inferred
North Hertfordshire,2021-05-23,1.00,0.99,0.98,0.96,0.89,0.56,0.10,inferred
North Hertfordshire,2021-05-24,1.00,0.99,0.98,0.96,0.89,0.56,0.10,inferred
North Hertfordshire,2021-05-25,1.00,1.00,1.00,0.99,0.98,0.80,0.24,inferred
North Hertfordshire,2021-05-26,1.00,1.00,1.00,0.99,0.98,0.80,0.24,inferred
North Hertfordshire,2021-05-27,1.00,1.00,1.00,0.99,0.98,0.80,0.24,inferred
North Hertfordshire,2021-05-28,1.00,1.00,1.00,0.99,0.98,0.80,0.24,inferred
North Hertfordshire,2021-05-29,1.00,1.00,1.00,0.99,0.98,0.80,0.24,inferred
North Hertfordshire,2021-05-30,1.00,1.00,1.00,0.99,0.98,0.80,0.24,inferred
North Hertfordshire,2021-05-31,1.00,1.00,1.00,0.99,0.98,0.80,0.24,inferred
North Hertfordshire,2021-06-01,1.00,1.00,0.99,0.98,0.94,0.56,0.06,inferred
North Hertfordshire,2021-06-02,1.00,1.00,0.99,0.98,0.94,0.56,0.06,inferred
North Hertfordshire,2021-06-03,1.00,1.00,0.99,0.98,0.94,0.56,0.06,inferred
North Hertfordshire,2021-06-04,1.00,1.00,0.99,0.98,0.94,0.56,0.06,inferred
North Hertfordshire,2021-06-05,1.00,1.00,0.99,0.98,0.94,0.56,0.06,inferred
North Hertfordshire,2021-06-06,1.00,1.00,0.99,0.98,0.94,0.56,0.06,inferred
North Hertfordshire,2021-06-07,1.00,1.00,0.99,0.98,0.94,0.56,0.06,inferred
North Hertfordshire,2021-06-08,1.00,1.00,1.00,1.00,1.00,0.86,0.16,inferred
North Hertfordshire,2021-06-09,1.00,1.00,1.00,1.00,1.00,0.86,0.16,inferred
North Hertfordshire,2021-06-10,1.00,1.00,1.00,1.00,1.00,0.86,0.16,inferred
North Hertfordshire,2021-06-11,1.00,1.00,1.00,1.00,1.00,0.86,0.16,inferred
North Hertfordshire,2021-06-12,1.00,1.00,1.00,1.00,1.00,0.86,0.16,inferred
North Hertfordshire,2021-06-13,1.00,1.00,1.00,1.00,1.00,0.86,0.16,inferred
North Hertfordshire,2021-06-14,1.00,1.00,1.00,1.00,1.00,0.86,0.16,inferred
North Hertfordshire,2021-06-15,1.00,1.00,1.00,1.00,1.00,0.99,0.74,inferred
North Hertfordshire,2021-06-16,1.00,1.00,1.00,1.00,1.00,0.99,0.74,inferred
North Hertfordshire,2021-06-17,1.00,1.00,1.00,1.00,1.00,0.99,0.74,inferred
North Hertfordshire,2021-06-18,1.00,1.00,1.00,1.00,1.00,0.99,0.74,inferred
North Hertfordshire,2021-06-19,1.00,1.00,1.00,1.00,1.00,0.99,0.74,inferred
North Hertfordshire,2021-06-20,1.00,1.00,1.00,1.00,1.00,0.99,0.74,inferred
North Hertfordshire,2021-06-21,1.00,1.00,1.00,1.00,1.00,0.99,0.74,inferred
North Hertfordshire,2021-06-22,1.00,1.00,1.00,0.98,0.90,0.37,0.01,inferred
North Hertfordshire,2021-06-23,1.00,1.00,1.00,0.98,0.90,0.37,0.01,inferred
North Hertfordshire,2021-06-24,1.00,1.00,1.00,0.98,0.90,0.37,0.01,inferred
North Hertfordshire,2021-06-25,1.00,1.00,1.00,0.98,0.90,0.37,0.01,inferred
North Hertfordshire,2021-06-26,1.00,1.00,1.00,0.98,0.90,0.37,0.01,inferred
North Hertfordshire,2021-06-27,1.00,1.00,1.00,0.98,0.90,0.37,0.01,inferred
North Hertfordshire,2021-06-28,1.00,1.00,1.00,0.98,0.90,0.37,0.01,inferred
North Hertfordshire,2021-06-29,0.99,0.95,0.86,0.70,0.50,0.08,0.00,inferred
North Hertfordshire,2021-06-30,0.99,0.95,0.86,0.70,0.50,0.08,0.00,inferred
North Hertfordshire,2021-07-01,0.99,0.95,0.86,0.70,0.50,0.08,0.00,inferred
North Hertfordshire,2021-07-02,0.99,0.95,0.86,0.70,0.50,0.08,0.00,inferred
North Hertfordshire,2021-07-03,0.99,0.95,0.86,0.70,0.50,0.08,0.00,inferred
North Hertfordshire,2021-07-04,0.99,0.95,0.86,0.70,0.50,0.08,0.00,inferred
North Hertfordshire,2021-07-05,0.99,0.95,0.86,0.70,0.50,0.08,0.00,inferred
North Hertfordshire,2021-07-06,0.98,0.92,0.82,0.71,0.56,0.22,0.03,projected
North Hertfordshire,2021-07-07,0.98,0.92,0.82,0.71,0.56,0.22,0.03,projected
North Hertfordshire,2021-07-08,0.98,0.92,0.82,0.71,0.56,0.22,0.03,projected
North Hertfordshire,2021-07-09,0.98,0.92,0.82,0.71,0.56,0.22,0.03,projected
North Hertfordshire,2021-07-10,0.98,0.92,0.82,0.71,0.56,0.22,0.03,projected
North Hertfordshire,2021-07-11,0.98,0.92,0.82,0.71,0.56,0.22,0.03,projected
North Hertfordshire,2021-07-12,0.98,0.92,0.82,0.71,0.56,0.22,0.03,projected
North Hertfordshire,2021-07-13,0.96,0.92,0.84,0.74,0.61,0.28,0.06,projected
North Hertfordshire,2021-07-14,0.96,0.92,0.84,0.74,0.61,0.28,0.06,projected
North Hertfordshire,2021-07-15,0.96,0.92,0.84,0.74,0.61,0.28,0.06,projected
North Hertfordshire,2021-07-16,0.96,0.92,0.84,0.74,0.61,0.28,0.06,projected
North Hertfordshire,2021-07-17,0.96,0.92,0.84,0.74,0.61,0.28,0.06,projected
North Hertfordshire,2021-07-18,0.96,0.92,0.84,0.74,0.61,0.28,0.06,projected
North Hertfordshire,2021-07-19,0.96,0.92,0.84,0.74,0.61,0.28,0.06,projected
North Hertfordshire,2021-07-20,0.97,0.93,0.87,0.77,0.66,0.33,0.09,projected
North Hertfordshire,2021-07-21,0.97,0.93,0.87,0.77,0.66,0.33,0.09,projected
North Hertfordshire,2021-07-22,0.97,0.93,0.87,0.77,0.66,0.33,0.09,projected
North Hertfordshire,2021-07-23,0.97,0.93,0.87,0.77,0.66,0.33,0.09,projected
North Hertfordshire,2021-07-24,0.97,0.93,0.87,0.77,0.66,0.33,0.09,projected
North Hertfordshire,2021-07-25,0.97,0.93,0.87,0.77,0.66,0.33,0.09,projected
North Hertfordshire,2021-07-26,0.97,0.93,0.87,0.77,0.66,0.33,0.09,projected
North Kesteven,2021-03-23,0.02,0.00,0.00,0.00,0.00,0.00,0.00,inferred
North Kesteven,2021-03-24,0.02,0.00,0.00,0.00,0.00,0.00,0.00,inferred
North Kesteven,2021-03-25,0.02,0.00,0.00,0.00,0.00,0.00,0.00,inferred
North Kesteven,2021-03-26,0.02,0.00,0.00,0.00,0.00,0.00,0.00,inferred
North Kesteven,2021-03-27,0.02,0.00,0.00,0.00,0.00,0.00,0.00,inferred
North Kesteven,2021-03-28,0.02,0.00,0.00,0.00,0.00,0.00,0.00,inferred
North Kesteven,2021-03-29,0.02,0.00,0.00,0.00,0.00,0.00,0.00,inferred
North Kesteven,2021-03-30,0.12,0.04,0.01,0.00,0.00,0.00,0.00,inferred
North Kesteven,2021-03-31,0.12,0.04,0.01,0.00,0.00,0.00,0.00,inferred
North Kesteven,2021-04-01,0.12,0.04,0.01,0.00,0.00,0.00,0.00,inferred
North Kesteven,2021-04-02,0.12,0.04,0.01,0.00,0.00,0.00,0.00,inferred
North Kesteven,2021-04-03,0.12,0.04,0.01,0.00,0.00,0.00,0.00,inferred
North Kesteven,2021-04-04,0.12,0.04,0.01,0.00,0.00,0.00,0.00,inferred
North Kesteven,2021-04-05,0.12,0.04,0.01,0.00,0.00,0.00,0.00,inferred
North Kesteven,2021-04-06,0.55,0.36,0.21,0.11,0.05,0.00,0.00,inferred
North Kesteven,2021-04-07,0.55,0.36,0.21,0.11,0.05,0.00,0.00,inferred
North Kesteven,2021-04-08,0.55,0.36,0.21,0.11,0.05,0.00,0.00,inferred
North Kesteven,2021-04-09,0.55,0.36,0.21,0.11,0.05,0.00,0.00,inferred
North Kesteven,2021-04-10,0.55,0.36,0.21,0.11,0.05,0.00,0.00,inferred
North Kesteven,2021-04-11,0.55,0.36,0.21,0.11,0.05,0.00,0.00,inferred
North Kesteven,2021-04-12,0.55,0.36,0.21,0.11,0.05,0.00,0.00,inferred
North Kesteven,2021-04-13,0.98,0.96,0.88,0.77,0.62,0.20,0.01,inferred
North Kesteven,2021-04-14,0.98,0.96,0.88,0.77,0.62,0.20,0.01,inferred
North Kesteven,2021-04-15,0.98,0.96,0.88,0.77,0.62,0.20,0.01,inferred
North Kesteven,2021-04-16,0.98,0.96,0.88,0.77,0.62,0.20,0.01,inferred
North Kesteven,2021-04-17,0.98,0.96,0.88,0.77,0.62,0.20,0.01,inferred
North Kesteven,2021-04-18,0.98,0.96,0.88,0.77,0.62,0.20,0.01,inferred
North Kesteven,2021-04-19,0.98,0.96,0.88,0.77,0.62,0.20,0.01,inferred
North Kesteven,2021-04-20,0.76,0.57,0.36,0.21,0.11,0.01,0.00,inferred
North Kesteven,2021-04-21,0.76,0.57,0.36,0.21,0.11,0.01,0.00,inferred
North Kesteven,2021-04-22,0.76,0.57,0.36,0.21,0.11,0.01,0.00,inferred
North Kesteven,2021-04-23,0.76,0.57,0.36,0.21,0.11,0.01,0.00,inferred
North Kesteven,2021-04-24,0.76,0.57,0.36,0.21,0.11,0.01,0.00,inferred
North Kesteven,2021-04-25,0.76,0.57,0.36,0.21,0.11,0.01,0.00,inferred
North Kesteven,2021-04-26,0.76,0.57,0.36,0.21,0.11,0.01,0.00,inferred
North Kesteven,2021-04-27,0.71,0.51,0.32,0.18,0.09,0.00,0.00,inferred
North Kesteven,2021-04-28,0.71,0.51,0.32,0.18,0.09,0.00,0.00,inferred
North Kesteven,2021-04-29,0.71,0.51,0.32,0.18,0.09,0.00,0.00,inferred
North Kesteven,2021-04-30,0.71,0.51,0.32,0.18,0.09,0.00,0.00,inferred
North Kesteven,2021-05-01,0.71,0.51,0.32,0.18,0.09,0.00,0.00,inferred
North Kesteven,2021-05-02,0.71,0.51,0.32,0.18,0.09,0.00,0.00,inferred
North Kesteven,2021-05-03,0.71,0.51,0.32,0.18,0.09,0.00,0.00,inferred
North Kesteven,2021-05-04,0.26,0.14,0.06,0.02,0.01,0.00,0.00,inferred
North Kesteven,2021-05-05,0.26,0.14,0.06,0.02,0.01,0.00,0.00,inferred
North Kesteven,2021-05-06,0.26,0.14,0.06,0.02,0.01,0.00,0.00,inferred
North Kesteven,2021-05-07,0.26,0.14,0.06,0.02,0.01,0.00,0.00,inferred
North Kesteven,2021-05-08,0.26,0.14,0.06,0.02,0.01,0.00,0.00,inferred
North Kesteven,2021-05-09,0.26,0.14,0.06,0.02,0.01,0.00,0.00,inferred
North Kesteven,2021-05-10,0.26,0.14,0.06,0.02,0.01,0.00,0.00,inferred
North Kesteven,2021-05-11,0.57,0.37,0.22,0.12,0.06,0.01,0.00,inferred
North Kesteven,2021-05-12,0.57,0.37,0.22,0.12,0.06,0.01,0.00,inferred
North Kesteven,2021-05-13,0.57,0.37,0.22,0.12,0.06,0.01,0.00,inferred
North Kesteven,2021-05-14,0.57,0.37,0.22,0.12,0.06,0.01,0.00,inferred
North Kesteven,2021-05-15,0.57,0.37,0.22,0.12,0.06,0.01,0.00,inferred
North Kesteven,2021-05-16,0.57,0.37,0.22,0.12,0.06,0.01,0.00,inferred
North Kesteven,2021-05-17,0.57,0.37,0.22,0.12,0.06,0.01,0.00,inferred
North Kesteven,2021-05-18,0.61,0.45,0.29,0.18,0.10,0.01,0.00,inferred
North Kesteven,2021-05-19,0.61,0.45,0.29,0.18,0.10,0.01,0.00,inferred
North Kesteven,2021-05-20,0.61,0.45,0.29,0.18,0.10,0.01,0.00,inferred
North Kesteven,2021-05-21,0.61,0.45,0.29,0.18,0.10,0.01,0.00,inferred
North Kesteven,2021-05-22,0.61,0.45,0.29,0.18,0.10,0.01,0.00,inferred
North Kesteven,2021-05-23,0.61,0.45,0.29,0.18,0.10,0.01,0.00,inferred
North Kesteven,2021-05-24,0.61,0.45,0.29,0.18,0.10,0.01,0.00,inferred
North Kesteven,2021-05-25,0.99,0.97,0.93,0.87,0.78,0.43,0.06,inferred
North Kesteven,2021-05-26,0.99,0.97,0.93,0.87,0.78,0.43,0.06,inferred
North Kesteven,2021-05-27,0.99,0.97,0.93,0.87,0.78,0.43,0.06,inferred
North Kesteven,2021-05-28,0.99,0.97,0.93,0.87,0.78,0.43,0.06,inferred
North Kesteven,2021-05-29,0.99,0.97,0.93,0.87,0.78,0.43,0.06,inferred
North Kesteven,2021-05-30,0.99,0.97,0.93,0.87,0.78,0.43,0.06,inferred
North Kesteven,2021-05-31,0.99,0.97,0.93,0.87,0.78,0.43,0.06,inferred
North Kesteven,2021-06-01,1.00,1.00,0.98,0.96,0.92,0.63,0.14,inferred
North Kesteven,2021-06-02,1.00,1.00,0.98,0.96,0.92,0.63,0.14,inferred
North Kesteven,2021-06-03,1.00,1.00,0.98,0.96,0.92,0.63,0.14,inferred
North Kesteven,2021-06-04,1.00,1.00,0.98,0.96,0.92,0.63,0.14,inferred
North Kesteven,2021-06-05,1.00,1.00,0.98,0.96,0.92,0.63,0.14,inferred
North Kesteven,2021-06-06,1.00,1.00,0.98,0.96,0.92,0.63,0.14,inferred
North Kesteven,2021-06-07,1.00,1.00,0.98,0.96,0.92,0.63,0.14,inferred
North Kesteven,2021-06-08,1.00,1.00,1.00,0.99,0.97,0.74,0.20,inferred
North Kesteven,2021-06-09,1.00,1.00,1.00,0.99,0.97,0.74,0.20,inferred
North Kesteven,2021-06-10,1.00,1.00,1.00,0.99,0.97,0.74,0.20,inferred
North Kesteven,2021-06-11,1.00,1.00,1.00,0.99,0.97,0.74,0.20,inferred
North Kesteven,2021-06-12,1.00,1.00,1.00,0.99,0.97,0.74,0.20,inferred
North Kesteven,2021-06-13,1.00,1.00,1.00,0.99,0.97,0.74,0.20,inferred
North Kesteven,2021-06-14,1.00,1.00,1.00,0.99,0.97,0.74,0.20,inferred
North Kesteven,2021-06-15,1.00,1.00,1.00,1.00,1.00,0.97,0.62,inferred
North Kesteven,2021-06-16,1.00,1.00,1.00,1.00,1.00,0.97,0.62,inferred
North Kesteven,2021-06-17,1.00,1.00,1.00,1.00,1.00,0.97,0.62,inferred
North Kesteven,2021-06-18,1.00,1.00,1.00,1.00,1.00,0.97,0.62,inferred
North Kesteven,2021-06-19,1.00,1.00,1.00,1.00,1.00,0.97,0.62,inferred
North Kesteven,2021-06-20,1.00,1.00,1.00,1.00,1.00,0.97,0.62,inferred
North Kesteven,2021-06-21,1.00,1.00,1.00,1.00,1.00,0.97,0.62,inferred
North Kesteven,2021-06-22,1.00,1.00,1.00,1.00,1.00,0.99,0.65,inferred
North Kesteven,2021-06-23,1.00,1.00,1.00,1.00,1.00,0.99,0.65,inferred
North Kesteven,2021-06-24,1.00,1.00,1.00,1.00,1.00,0.99,0.65,inferred
North Kesteven,2021-06-25,1.00,1.00,1.00,1.00,1.00,0.99,0.65,inferred
North Kesteven,2021-06-26,1.00,1.00,1.00,1.00,1.00,0.99,0.65,inferred
North Kesteven,2021-06-27,1.00,1.00,1.00,1.00,1.00,0.99,0.65,inferred
North Kesteven,2021-06-28,1.00,1.00,1.00,1.00,1.00,0.99,0.65,inferred
North Kesteven,2021-06-29,1.00,1.00,1.00,1.00,1.00,0.95,0.63,inferred
North Kesteven,2021-06-30,1.00,1.00,1.00,1.00,1.00,0.95,0.63,inferred
North Kesteven,2021-07-01,1.00,1.00,1.00,1.00,1.00,0.95,0.63,inferred
North Kesteven,2021-07-02,1.00,1.00,1.00,1.00,1.00,0.95,0.63,inferred
North Kesteven,2021-07-03,1.00,1.00,1.00,1.00,1.00,0.95,0.63,inferred
North Kesteven,2021-07-04,1.00,1.00,1.00,1.00,1.00,0.95,0.63,inferred
North Kesteven,2021-07-05,1.00,1.00,1.00,1.00,1.00,0.95,0.63,inferred
North Kesteven,2021-07-06,1.00,1.00,0.98,0.98,0.95,0.83,0.46,projected
North Kesteven,2021-07-07,1.00,1.00,0.98,0.98,0.95,0.83,0.46,projected
North Kesteven,2021-07-08,1.00,1.00,0.98,0.98,0.95,0.83,0.46,projected
North Kesteven,2021-07-09,1.00,1.00,0.98,0.98,0.95,0.83,0.46,projected
North Kesteven,2021-07-10,1.00,1.00,0.98,0.98,0.95,0.83,0.46,projected
North Kesteven,2021-07-11,1.00,1.00,0.98,0.98,0.95,0.83,0.46,projected
North Kesteven,2021-07-12,1.00,1.00,0.98,0.98,0.95,0.83,0.46,projected
North Kesteven,2021-07-13,1.00,0.99,0.97,0.95,0.91,0.74,0.41,projected
North Kesteven,2021-07-14,1.00,0.99,0.97,0.95,0.91,0.74,0.41,projected
North Kesteven,2021-07-15,1.00,0.99,0.97,0.95,0.91,0.74,0.41,projected
North Kesteven,2021-07-16,1.00,0.99,0.97,0.95,0.91,0.74,0.41,projected
North Kesteven,2021-07-17,1.00,0.99,0.97,0.95,0.91,0.74,0.41,projected
North Kesteven,2021-07-18,1.00,0.99,0.97,0.95,0.91,0.74,0.41,projected
North Kesteven,2021-07-19,1.00,0.99,0.97,0.95,0.91,0.74,0.41,projected
North Kesteven,2021-07-20,0.99,0.98,0.95,0.91,0.87,0.67,0.37,projected
North Kesteven,2021-07-21,0.99,0.98,0.95,0.91,0.87,0.67,0.37,projected
North Kesteven,2021-07-22,0.99,0.98,0.95,0.91,0.87,0.67,0.37,projected
North Kesteven,2021-07-23,0.99,0.98,0.95,0.91,0.87,0.67,0.37,projected
North Kesteven,2021-07-24,0.99,0.98,0.95,0.91,0.87,0.67,0.37,projected
North Kesteven,2021-07-25,0.99,0.98,0.95,0.91,0.87,0.67,0.37,projected
North Kesteven,2021-07-26,0.99,0.98,0.95,0.91,0.87,0.67,0.37,projected
North Lanarkshire,2021-03-23,0.18,0.03,0.00,0.00,0.00,0.00,0.00,inferred
North Lanarkshire,2021-03-24,0.18,0.03,0.00,0.00,0.00,0.00,0.00,inferred
North Lanarkshire,2021-03-25,0.18,0.03,0.00,0.00,0.00,0.00,0.00,inferred
North Lanarkshire,2021-03-26,0.18,0.03,0.00,0.00,0.00,0.00,0.00,inferred
North Lanarkshire,2021-03-27,0.18,0.03,0.00,0.00,0.00,0.00,0.00,inferred
North Lanarkshire,2021-03-28,0.18,0.03,0.00,0.00,0.00,0.00,0.00,inferred
North Lanarkshire,2021-03-29,0.18,0.03,0.00,0.00,0.00,0.00,0.00,inferred
North Lanarkshire,2021-03-30,0.18,0.04,0.01,0.00,0.00,0.00,0.00,inferred
North Lanarkshire,2021-03-31,0.18,0.04,0.01,0.00,0.00,0.00,0.00,inferred
North Lanarkshire,2021-04-01,0.18,0.04,0.01,0.00,0.00,0.00,0.00,inferred
North Lanarkshire,2021-04-02,0.18,0.04,0.01,0.00,0.00,0.00,0.00,inferred
North Lanarkshire,2021-04-03,0.18,0.04,0.01,0.00,0.00,0.00,0.00,inferred
North Lanarkshire,2021-04-04,0.18,0.04,0.01,0.00,0.00,0.00,0.00,inferred
North Lanarkshire,2021-04-05,0.18,0.04,0.01,0.00,0.00,0.00,0.00,inferred
North Lanarkshire,2021-04-06,0.82,0.60,0.34,0.14,0.04,0.00,0.00,inferred
North Lanarkshire,2021-04-07,0.82,0.60,0.34,0.14,0.04,0.00,0.00,inferred
North Lanarkshire,2021-04-08,0.82,0.60,0.34,0.14,0.04,0.00,0.00,inferred
North Lanarkshire,2021-04-09,0.82,0.60,0.34,0.14,0.04,0.00,0.00,inferred
North Lanarkshire,2021-04-10,0.82,0.60,0.34,0.14,0.04,0.00,0.00,inferred
North Lanarkshire,2021-04-11,0.82,0.60,0.34,0.14,0.04,0.00,0.00,inferred
North Lanarkshire,2021-04-12,0.82,0.60,0.34,0.14,0.04,0.00,0.00,inferred
North Lanarkshire,2021-04-13,0.45,0.19,0.06,0.02,0.00,0.00,0.00,inferred
North Lanarkshire,2021-04-14,0.45,0.19,0.06,0.02,0.00,0.00,0.00,inferred
North Lanarkshire,2021-04-15,0.45,0.19,0.06,0.02,0.00,0.00,0.00,inferred
North Lanarkshire,2021-04-16,0.45,0.19,0.06,0.02,0.00,0.00,0.00,inferred
North Lanarkshire,2021-04-17,0.45,0.19,0.06,0.02,0.00,0.00,0.00,inferred
North Lanarkshire,2021-04-18,0.45,0.19,0.06,0.02,0.00,0.00,0.00,inferred
North Lanarkshire,2021-04-19,0.45,0.19,0.06,0.02,0.00,0.00,0.00,inferred
North Lanarkshire,2021-04-20,0.09,0.02,0.00,0.00,0.00,0.00,0.00,inferred
North Lanarkshire,2021-04-21,0.09,0.02,0.00,0.00,0.00,0.00,0.00,inferred
North Lanarkshire,2021-04-22,0.09,0.02,0.00,0.00,0.00,0.00,0.00,inferred
North Lanarkshire,2021-04-23,0.09,0.02,0.00,0.00,0.00,0.00,0.00,inferred
North Lanarkshire,2021-04-24,0.09,0.02,0.00,0.00,0.00,0.00,0.00,inferred
North Lanarkshire,2021-04-25,0.09,0.02,0.00,0.00,0.00,0.00,0.00,inferred
North Lanarkshire,2021-04-26,0.09,0.02,0.00,0.00,0.00,0.00,0.00,inferred
North Lanarkshire,2021-04-27,0.78,0.57,0.35,0.19,0.08,0.00,0.00,inferred
North Lanarkshire,2021-04-28,0.78,0.57,0.35,0.19,0.08,0.00,0.00,inferred
North Lanarkshire,2021-04-29,0.78,0.57,0.35,0.19,0.08,0.00,0.00,inferred
North Lanarkshire,2021-04-30,0.78,0.57,0.35,0.19,0.08,0.00,0.00,inferred
North Lanarkshire,2021-05-01,0.78,0.57,0.35,0.19,0.08,0.00,0.00,inferred
North Lanarkshire,2021-05-02,0.78,0.57,0.35,0.19,0.08,0.00,0.00,inferred
North Lanarkshire,2021-05-03,0.78,0.57,0.35,0.19,0.08,0.00,0.00,inferred
North Lanarkshire,2021-05-04,0.99,0.98,0.93,0.81,0.64,0.15,0.00,inferred
North Lanarkshire,2021-05-05,0.99,0.98,0.93,0.81,0.64,0.15,0.00,inferred
North Lanarkshire,2021-05-06,0.99,0.98,0.93,0.81,0.64,0.15,0.00,inferred
North Lanarkshire,2021-05-07,0.99,0.98,0.93,0.81,0.64,0.15,0.00,inferred
North Lanarkshire,2021-05-08,0.99,0.98,0.93,0.81,0.64,0.15,0.00,inferred
North Lanarkshire,2021-05-09,0.99,0.98,0.93,0.81,0.64,0.15,0.00,inferred
North Lanarkshire,2021-05-10,0.99,0.98,0.93,0.81,0.64,0.15,0.00,inferred
North Lanarkshire,2021-05-11,0.99,0.96,0.87,0.73,0.52,0.09,0.00,inferred
North Lanarkshire,2021-05-12,0.99,0.96,0.87,0.73,0.52,0.09,0.00,inferred
North Lanarkshire,2021-05-13,0.99,0.96,0.87,0.73,0.52,0.09,0.00,inferred
North Lanarkshire,2021-05-14,0.99,0.96,0.87,0.73,0.52,0.09,0.00,inferred
North Lanarkshire,2021-05-15,0.99,0.96,0.87,0.73,0.52,0.09,0.00,inferred
North Lanarkshire,2021-05-16,0.99,0.96,0.87,0.73,0.52,0.09,0.00,inferred
North Lanarkshire,2021-05-17,0.99,0.96,0.87,0.73,0.52,0.09,0.00,inferred
North Lanarkshire,2021-05-18,1.00,1.00,1.00,0.98,0.95,0.62,0.06,inferred
North Lanarkshire,2021-05-19,1.00,1.00,1.00,0.98,0.95,0.62,0.06,inferred
North Lanarkshire,2021-05-20,1.00,1.00,1.00,0.98,0.95,0.62,0.06,inferred
North Lanarkshire,2021-05-21,1.00,1.00,1.00,0.98,0.95,0.62,0.06,inferred
North Lanarkshire,2021-05-22,1.00,1.00,1.00,0.98,0.95,0.62,0.06,inferred
North Lanarkshire,2021-05-23,1.00,1.00,1.00,0.98,0.95,0.62,0.06,inferred
North Lanarkshire,2021-05-24,1.00,1.00,1.00,0.98,0.95,0.62,0.06,inferred
North Lanarkshire,2021-05-25,1.00,0.99,0.94,0.83,0.66,0.15,0.00,inferred
North Lanarkshire,2021-05-26,1.00,0.99,0.94,0.83,0.66,0.15,0.00,inferred
North Lanarkshire,2021-05-27,1.00,0.99,0.94,0.83,0.66,0.15,0.00,inferred
North Lanarkshire,2021-05-28,1.00,0.99,0.94,0.83,0.66,0.15,0.00,inferred
North Lanarkshire,2021-05-29,1.00,0.99,0.94,0.83,0.66,0.15,0.00,inferred
North Lanarkshire,2021-05-30,1.00,0.99,0.94,0.83,0.66,0.15,0.00,inferred
North Lanarkshire,2021-05-31,1.00,0.99,0.94,0.83,0.66,0.15,0.00,inferred
North Lanarkshire,2021-06-01,1.00,0.97,0.90,0.70,0.46,0.04,0.00,inferred
North Lanarkshire,2021-06-02,1.00,0.97,0.90,0.70,0.46,0.04,0.00,inferred
North Lanarkshire,2021-06-03,1.00,0.97,0.90,0.70,0.46,0.04,0.00,inferred
North Lanarkshire,2021-06-04,1.00,0.97,0.90,0.70,0.46,0.04,0.00,inferred
North Lanarkshire,2021-06-05,1.00,0.97,0.90,0.70,0.46,0.04,0.00,inferred
North Lanarkshire,2021-06-06,1.00,0.97,0.90,0.70,0.46,0.04,0.00,inferred
North Lanarkshire,2021-06-07,1.00,0.97,0.90,0.70,0.46,0.04,0.00,inferred
North Lanarkshire,2021-06-08,1.00,1.00,1.00,0.97,0.89,0.26,0.00,inferred
North Lanarkshire,2021-06-09,1.00,1.00,1.00,0.97,0.89,0.26,0.00,inferred
North Lanarkshire,2021-06-10,1.00,1.00,1.00,0.97,0.89,0.26,0.00,inferred
North Lanarkshire,2021-06-11,1.00,1.00,1.00,0.97,0.89,0.26,0.00,inferred
North Lanarkshire,2021-06-12,1.00,1.00,1.00,0.97,0.89,0.26,0.00,inferred
North Lanarkshire,2021-06-13,1.00,1.00,1.00,0.97,0.89,0.26,0.00,inferred
North Lanarkshire,2021-06-14,1.00,1.00,1.00,0.97,0.89,0.26,0.00,inferred
North Lanarkshire,2021-06-15,1.00,1.00,1.00,1.00,1.00,0.99,0.51,inferred
North Lanarkshire,2021-06-16,1.00,1.00,1.00,1.00,1.00,0.99,0.51,inferred
North Lanarkshire,2021-06-17,1.00,1.00,1.00,1.00,1.00,0.99,0.51,inferred
North Lanarkshire,2021-06-18,1.00,1.00,1.00,1.00,1.00,0.99,0.51,inferred
North Lanarkshire,2021-06-19,1.00,1.00,1.00,1.00,1.00,0.99,0.51,inferred
North Lanarkshire,2021-06-20,1.00,1.00,1.00,1.00,1.00,0.99,0.51,inferred
North Lanarkshire,2021-06-21,1.00,1.00,1.00,1.00,1.00,0.99,0.51,inferred
North Lanarkshire,2021-06-22,1.00,1.00,1.00,0.96,0.85,0.30,0.00,inferred
North Lanarkshire,2021-06-23,1.00,1.00,1.00,0.96,0.85,0.30,0.00,inferred
North Lanarkshire,2021-06-24,1.00,1.00,1.00,0.96,0.85,0.30,0.00,inferred
North Lanarkshire,2021-06-25,1.00,1.00,1.00,0.96,0.85,0.30,0.00,inferred
North Lanarkshire,2021-06-26,1.00,1.00,1.00,0.96,0.85,0.30,0.00,inferred
North Lanarkshire,2021-06-27,1.00,1.00,1.00,0.96,0.85,0.30,0.00,inferred
North Lanarkshire,2021-06-28,1.00,1.00,1.00,0.96,0.85,0.30,0.00,inferred
North Lanarkshire,2021-06-29,0.49,0.30,0.16,0.07,0.03,0.00,0.00,inferred
North Lanarkshire,2021-06-30,0.49,0.30,0.16,0.07,0.03,0.00,0.00,inferred
North Lanarkshire,2021-07-01,0.49,0.30,0.16,0.07,0.03,0.00,0.00,inferred
North Lanarkshire,2021-07-02,0.49,0.30,0.16,0.07,0.03,0.00,0.00,inferred
North Lanarkshire,2021-07-03,0.49,0.30,0.16,0.07,0.03,0.00,0.00,inferred
North Lanarkshire,2021-07-04,0.49,0.30,0.16,0.07,0.03,0.00,0.00,inferred
North Lanarkshire,2021-07-05,0.49,0.30,0.16,0.07,0.03,0.00,0.00,inferred
North Lanarkshire,2021-07-06,0.52,0.39,0.30,0.23,0.18,0.08,0.02,projected
North Lanarkshire,2021-07-07,0.52,0.39,0.30,0.23,0.18,0.08,0.02,projected
North Lanarkshire,2021-07-08,0.52,0.39,0.30,0.23,0.18,0.08,0.02,projected
North Lanarkshire,2021-07-09,0.52,0.39,0.30,0.23,0.18,0.08,0.02,projected
North Lanarkshire,2021-07-10,0.52,0.39,0.30,0.23,0.18,0.08,0.02,projected
North Lanarkshire,2021-07-11,0.52,0.39,0.30,0.23,0.18,0.08,0.02,projected
North Lanarkshire,2021-07-12,0.52,0.39,0.30,0.23,0.18,0.08,0.02,projected
North Lanarkshire,2021-07-13,0.50,0.41,0.34,0.28,0.23,0.13,0.04,projected
North Lanarkshire,2021-07-14,0.50,0.41,0.34,0.28,0.23,0.13,0.04,projected
North Lanarkshire,2021-07-15,0.50,0.41,0.34,0.28,0.23,0.13,0.04,projected
North Lanarkshire,2021-07-16,0.50,0.41,0.34,0.28,0.23,0.13,0.04,projected
North Lanarkshire,2021-07-17,0.50,0.41,0.34,0.28,0.23,0.13,0.04,projected
North Lanarkshire,2021-07-18,0.50,0.41,0.34,0.28,0.23,0.13,0.04,projected
North Lanarkshire,2021-07-19,0.50,0.41,0.34,0.28,0.23,0.13,0.04,projected
North Lanarkshire,2021-07-20,0.53,0.45,0.39,0.32,0.26,0.16,0.08,projected
North Lanarkshire,2021-07-21,0.53,0.45,0.39,0.32,0.26,0.16,0.08,projected
North Lanarkshire,2021-07-22,0.53,0.45,0.39,0.32,0.26,0.16,0.08,projected
North Lanarkshire,2021-07-23,0.53,0.45,0.39,0.32,0.26,0.16,0.08,projected
North Lanarkshire,2021-07-24,0.53,0.45,0.39,0.32,0.26,0.16,0.08,projected
North Lanarkshire,2021-07-25,0.53,0.45,0.39,0.32,0.26,0.16,0.08,projected
North Lanarkshire,2021-07-26,0.53,0.45,0.39,0.32,0.26,0.16,0.08,projected
North Lincolnshire,2021-03-23,0.01,0.00,0.00,0.00,0.00,0.00,0.00,inferred
North Lincolnshire,2021-03-24,0.01,0.00,0.00,0.00,0.00,0.00,0.00,inferred
North Lincolnshire,2021-03-25,0.01,0.00,0.00,0.00,0.00,0.00,0.00,inferred
North Lincolnshire,2021-03-26,0.01,0.00,0.00,0.00,0.00,0.00,0.00,inferred
North Lincolnshire,2021-03-27,0.01,0.00,0.00,0.00,0.00,0.00,0.00,inferred
North Lincolnshire,2021-03-28,0.01,0.00,0.00,0.00,0.00,0.00,0.00,inferred
North Lincolnshire,2021-03-29,0.01,0.00,0.00,0.00,0.00,0.00,0.00,inferred
North Lincolnshire,2021-03-30,0.46,0.16,0.03,0.00,0.00,0.00,0.00,inferred
North Lincolnshire,2021-03-31,0.46,0.16,0.03,0.00,0.00,0.00,0.00,inferred
North Lincolnshire,2021-04-01,0.46,0.16,0.03,0.00,0.00,0.00,0.00,inferred
North Lincolnshire,2021-04-02,0.46,0.16,0.03,0.00,0.00,0.00,0.00,inferred
North Lincolnshire,2021-04-03,0.46,0.16,0.03,0.00,0.00,0.00,0.00,inferred
North Lincolnshire,2021-04-04,0.46,0.16,0.03,0.00,0.00,0.00,0.00,inferred
North Lincolnshire,2021-04-05,0.46,0.16,0.03,0.00,0.00,0.00,0.00,inferred
North Lincolnshire,2021-04-06,0.63,0.33,0.11,0.02,0.00,0.00,0.00,inferred
North Lincolnshire,2021-04-07,0.63,0.33,0.11,0.02,0.00,0.00,0.00,inferred
North Lincolnshire,2021-04-08,0.63,0.33,0.11,0.02,0.00,0.00,0.00,inferred
North Lincolnshire,2021-04-09,0.63,0.33,0.11,0.02,0.00,0.00,0.00,inferred
North Lincolnshire,2021-04-10,0.63,0.33,0.11,0.02,0.00,0.00,0.00,inferred
North Lincolnshire,2021-04-11,0.63,0.33,0.11,0.02,0.00,0.00,0.00,inferred
North Lincolnshire,2021-04-12,0.63,0.33,0.11,0.02,0.00,0.00,0.00,inferred
North Lincolnshire,2021-04-13,0.98,0.90,0.69,0.40,0.19,0.00,0.00,inferred
North Lincolnshire,2021-04-14,0.98,0.90,0.69,0.40,0.19,0.00,0.00,inferred
North Lincolnshire,2021-04-15,0.98,0.90,0.69,0.40,0.19,0.00,0.00,inferred
North Lincolnshire,2021-04-16,0.98,0.90,0.69,0.40,0.19,0.00,0.00,inferred
North Lincolnshire,2021-04-17,0.98,0.90,0.69,0.40,0.19,0.00,0.00,inferred
North Lincolnshire,2021-04-18,0.98,0.90,0.69,0.40,0.19,0.00,0.00,inferred
North Lincolnshire,2021-04-19,0.98,0.90,0.69,0.40,0.19,0.00,0.00,inferred
North Lincolnshire,2021-04-20,0.81,0.51,0.23,0.07,0.02,0.00,0.00,inferred
North Lincolnshire,2021-04-21,0.81,0.51,0.23,0.07,0.02,0.00,0.00,inferred
North Lincolnshire,2021-04-22,0.81,0.51,0.23,0.07,0.02,0.00,0.00,inferred
North Lincolnshire,2021-04-23,0.81,0.51,0.23,0.07,0.02,0.00,0.00,inferred
North Lincolnshire,2021-04-24,0.81,0.51,0.23,0.07,0.02,0.00,0.00,inferred
North Lincolnshire,2021-04-25,0.81,0.51,0.23,0.07,0.02,0.00,0.00,inferred
North Lincolnshire,2021-04-26,0.81,0.51,0.23,0.07,0.02,0.00,0.00,inferred
North Lincolnshire,2021-04-27,0.31,0.11,0.02,0.00,0.00,0.00,0.00,inferred
North Lincolnshire,2021-04-28,0.31,0.11,0.02,0.00,0.00,0.00,0.00,inferred
North Lincolnshire,2021-04-29,0.31,0.11,0.02,0.00,0.00,0.00,0.00,inferred
North Lincolnshire,2021-04-30,0.31,0.11,0.02,0.00,0.00,0.00,0.00,inferred
North Lincolnshire,2021-05-01,0.31,0.11,0.02,0.00,0.00,0.00,0.00,inferred
North Lincolnshire,2021-05-02,0.31,0.11,0.02,0.00,0.00,0.00,0.00,inferred
North Lincolnshire,2021-05-03,0.31,0.11,0.02,0.00,0.00,0.00,0.00,inferred
North Lincolnshire,2021-05-04,0.11,0.03,0.00,0.00,0.00,0.00,0.00,inferred
North Lincolnshire,2021-05-05,0.11,0.03,0.00,0.00,0.00,0.00,0.00,inferred
North Lincolnshire,2021-05-06,0.11,0.03,0.00,0.00,0.00,0.00,0.00,inferred
North Lincolnshire,2021-05-07,0.11,0.03,0.00,0.00,0.00,0.00,0.00,inferred
North Lincolnshire,2021-05-08,0.11,0.03,0.00,0.00,0.00,0.00,0.00,inferred
North Lincolnshire,2021-05-09,0.11,0.03,0.00,0.00,0.00,0.00,0.00,inferred
North Lincolnshire,2021-05-10,0.11,0.03,0.00,0.00,0.00,0.00,0.00,inferred
North Lincolnshire,2021-05-11,0.13,0.03,0.01,0.00,0.00,0.00,0.00,inferred
North Lincolnshire,2021-05-12,0.13,0.03,0.01,0.00,0.00,0.00,0.00,inferred
North Lincolnshire,2021-05-13,0.13,0.03,0.01,0.00,0.00,0.00,0.00,inferred
North Lincolnshire,2021-05-14,0.13,0.03,0.01,0.00,0.00,0.00,0.00,inferred
North Lincolnshire,2021-05-15,0.13,0.03,0.01,0.00,0.00,0.00,0.00,inferred
North Lincolnshire,2021-05-16,0.13,0.03,0.01,0.00,0.00,0.00,0.00,inferred
North Lincolnshire,2021-05-17,0.13,0.03,0.01,0.00,0.00,0.00,0.00,inferred
North Lincolnshire,2021-05-18,0.33,0.15,0.06,0.02,0.01,0.00,0.00,inferred
North Lincolnshire,2021-05-19,0.33,0.15,0.06,0.02,0.01,0.00,0.00,inferred
North Lincolnshire,2021-05-20,0.33,0.15,0.06,0.02,0.01,0.00,0.00,inferred
North Lincolnshire,2021-05-21,0.33,0.15,0.06,0.02,0.01,0.00,0.00,inferred
North Lincolnshire,2021-05-22,0.33,0.15,0.06,0.02,0.01,0.00,0.00,inferred
North Lincolnshire,2021-05-23,0.33,0.15,0.06,0.02,0.01,0.00,0.00,inferred
North Lincolnshire,2021-05-24,0.33,0.15,0.06,0.02,0.01,0.00,0.00,inferred
North Lincolnshire,2021-05-25,0.93,0.83,0.66,0.45,0.25,0.03,0.00,inferred
North Lincolnshire,2021-05-26,0.93,0.83,0.66,0.45,0.25,0.03,0.00,inferred
North Lincolnshire,2021-05-27,0.93,0.83,0.66,0.45,0.25,0.03,0.00,inferred
North Lincolnshire,2021-05-28,0.93,0.83,0.66,0.45,0.25,0.03,0.00,inferred
North Lincolnshire,2021-05-29,0.93,0.83,0.66,0.45,0.25,0.03,0.00,inferred
North Lincolnshire,2021-05-30,0.93,0.83,0.66,0.45,0.25,0.03,0.00,inferred
North Lincolnshire,2021-05-31,0.93,0.83,0.66,0.45,0.25,0.03,0.00,inferred
North Lincolnshire,2021-06-01,0.93,0.84,0.67,0.45,0.27,0.03,0.00,inferred
North Lincolnshire,2021-06-02,0.93,0.84,0.67,0.45,0.27,0.03,0.00,inferred
North Lincolnshire,2021-06-03,0.93,0.84,0.67,0.45,0.27,0.03,0.00,inferred
North Lincolnshire,2021-06-04,0.93,0.84,0.67,0.45,0.27,0.03,0.00,inferred
North Lincolnshire,2021-06-05,0.93,0.84,0.67,0.45,0.27,0.03,0.00,inferred
North Lincolnshire,2021-06-06,0.93,0.84,0.67,0.45,0.27,0.03,0.00,inferred
North Lincolnshire,2021-06-07,0.93,0.84,0.67,0.45,0.27,0.03,0.00,inferred
North Lincolnshire,2021-06-08,1.00,1.00,0.99,0.97,0.92,0.52,0.05,inferred
North Lincolnshire,2021-06-09,1.00,1.00,0.99,0.97,0.92,0.52,0.05,inferred
North Lincolnshire,2021-06-10,1.00,1.00,0.99,0.97,0.92,0.52,0.05,inferred
North Lincolnshire,2021-06-11,1.00,1.00,0.99,0.97,0.92,0.52,0.05,inferred
North Lincolnshire,2021-06-12,1.00,1.00,0.99,0.97,0.92,0.52,0.05,inferred
North Lincolnshire,2021-06-13,1.00,1.00,0.99,0.97,0.92,0.52,0.05,inferred
North Lincolnshire,2021-06-14,1.00,1.00,0.99,0.97,0.92,0.52,0.05,inferred
North Lincolnshire,2021-06-15,1.00,1.00,1.00,1.00,1.00,0.99,0.70,inferred
North Lincolnshire,2021-06-16,1.00,1.00,1.00,1.00,1.00,0.99,0.70,inferred
North Lincolnshire,2021-06-17,1.00,1.00,1.00,1.00,1.00,0.99,0.70,inferred
North Lincolnshire,2021-06-18,1.00,1.00,1.00,1.00,1.00,0.99,0.70,inferred
North Lincolnshire,2021-06-19,1.00,1.00,1.00,1.00,1.00,0.99,0.70,inferred
North Lincolnshire,2021-06-20,1.00,1.00,1.00,1.00,1.00,0.99,0.70,inferred
North Lincolnshire,2021-06-21,1.00,1.00,1.00,1.00,1.00,0.99,0.70,inferred
North Lincolnshire,2021-06-22,1.00,1.00,1.00,1.00,1.00,1.00,0.92,inferred
North Lincolnshire,2021-06-23,1.00,1.00,1.00,1.00,1.00,1.00,0.92,inferred
North Lincolnshire,2021-06-24,1.00,1.00,1.00,1.00,1.00,1.00,0.92,inferred
North Lincolnshire,2021-06-25,1.00,1.00,1.00,1.00,1.00,1.00,0.92,inferred
North Lincolnshire,2021-06-26,1.00,1.00,1.00,1.00,1.00,1.00,0.92,inferred
North Lincolnshire,2021-06-27,1.00,1.00,1.00,1.00,1.00,1.00,0.92,inferred
North Lincolnshire,2021-06-28,1.00,1.00,1.00,1.00,1.00,1.00,0.92,inferred
North Lincolnshire,2021-06-29,1.00,1.00,1.00,1.00,0.99,0.95,0.65,inferred
North Lincolnshire,2021-06-30,1.00,1.00,1.00,1.00,0.99,0.95,0.65,inferred
North Lincolnshire,2021-07-01,1.00,1.00,1.00,1.00,0.99,0.95,0.65,inferred
North Lincolnshire,2021-07-02,1.00,1.00,1.00,1.00,0.99,0.95,0.65,inferred
North Lincolnshire,2021-07-03,1.00,1.00,1.00,1.00,0.99,0.95,0.65,inferred
North Lincolnshire,2021-07-04,1.00,1.00,1.00,1.00,0.99,0.95,0.65,inferred
North Lincolnshire,2021-07-05,1.00,1.00,1.00,1.00,0.99,0.95,0.65,inferred
North Lincolnshire,2021-07-06,1.00,1.00,0.99,0.97,0.95,0.83,0.50,projected
North Lincolnshire,2021-07-07,1.00,1.00,0.99,0.97,0.95,0.83,0.50,projected
North Lincolnshire,2021-07-08,1.00,1.00,0.99,0.97,0.95,0.83,0.50,projected
North Lincolnshire,2021-07-09,1.00,1.00,0.99,0.97,0.95,0.83,0.50,projected
North Lincolnshire,2021-07-10,1.00,1.00,0.99,0.97,0.95,0.83,0.50,projected
North Lincolnshire,2021-07-11,1.00,1.00,0.99,0.97,0.95,0.83,0.50,projected
North Lincolnshire,2021-07-12,1.00,1.00,0.99,0.97,0.95,0.83,0.50,projected
North Lincolnshire,2021-07-13,1.00,0.98,0.96,0.93,0.89,0.73,0.43,projected
North Lincolnshire,2021-07-14,1.00,0.98,0.96,0.93,0.89,0.73,0.43,projected
North Lincolnshire,2021-07-15,1.00,0.98,0.96,0.93,0.89,0.73,0.43,projected
North Lincolnshire,2021-07-16,1.00,0.98,0.96,0.93,0.89,0.73,0.43,projected
North Lincolnshire,2021-07-17,1.00,0.98,0.96,0.93,0.89,0.73,0.43,projected
North Lincolnshire,2021-07-18,1.00,0.98,0.96,0.93,0.89,0.73,0.43,projected
North Lincolnshire,2021-07-19,1.00,0.98,0.96,0.93,0.89,0.73,0.43,projected
North Lincolnshire,2021-07-20,0.99,0.98,0.95,0.91,0.86,0.68,0.38,projected
North Lincolnshire,2021-07-21,0.99,0.98,0.95,0.91,0.86,0.68,0.38,projected
North Lincolnshire,2021-07-22,0.99,0.98,0.95,0.91,0.86,0.68,0.38,projected
North Lincolnshire,2021-07-23,0.99,0.98,0.95,0.91,0.86,0.68,0.38,projected
North Lincolnshire,2021-07-24,0.99,0.98,0.95,0.91,0.86,0.68,0.38,projected
North Lincolnshire,2021-07-25,0.99,0.98,0.95,0.91,0.86,0.68,0.38,projected
North Lincolnshire,2021-07-26,0.99,0.98,0.95,0.91,0.86,0.68,0.38,projected
North Norfolk,2021-03-23,0.19,0.07,0.03,0.01,0.00,0.00,0.00,inferred
North Norfolk,2021-03-24,0.19,0.07,0.03,0.01,0.00,0.00,0.00,inferred
North Norfolk,2021-03-25,0.19,0.07,0.03,0.01,0.00,0.00,0.00,inferred
North Norfolk,2021-03-26,0.19,0.07,0.03,0.01,0.00,0.00,0.00,inferred
North Norfolk,2021-03-27,0.19,0.07,0.03,0.01,0.00,0.00,0.00,inferred
North Norfolk,2021-03-28,0.19,0.07,0.03,0.01,0.00,0.00,0.00,inferred
North Norfolk,2021-03-29,0.19,0.07,0.03,0.01,0.00,0.00,0.00,inferred
North Norfolk,2021-03-30,0.54,0.36,0.21,0.10,0.05,0.01,0.00,inferred
North Norfolk,2021-03-31,0.54,0.36,0.21,0.10,0.05,0.01,0.00,inferred
North Norfolk,2021-04-01,0.54,0.36,0.21,0.10,0.05,0.01,0.00,inferred
North Norfolk,2021-04-02,0.54,0.36,0.21,0.10,0.05,0.01,0.00,inferred
North Norfolk,2021-04-03,0.54,0.36,0.21,0.10,0.05,0.01,0.00,inferred
North Norfolk,2021-04-04,0.54,0.36,0.21,0.10,0.05,0.01,0.00,inferred
North Norfolk,2021-04-05,0.54,0.36,0.21,0.10,0.05,0.01,0.00,inferred
North Norfolk,2021-04-06,0.97,0.92,0.84,0.73,0.59,0.22,0.02,inferred
North Norfolk,2021-04-07,0.97,0.92,0.84,0.73,0.59,0.22,0.02,inferred
North Norfolk,2021-04-08,0.97,0.92,0.84,0.73,0.59,0.22,0.02,inferred
North Norfolk,2021-04-09,0.97,0.92,0.84,0.73,0.59,0.22,0.02,inferred
North Norfolk,2021-04-10,0.97,0.92,0.84,0.73,0.59,0.22,0.02,inferred
North Norfolk,2021-04-11,0.97,0.92,0.84,0.73,0.59,0.22,0.02,inferred
North Norfolk,2021-04-12,0.97,0.92,0.84,0.73,0.59,0.22,0.02,inferred
North Norfolk,2021-04-13,0.93,0.83,0.71,0.56,0.40,0.10,0.00,inferred
North Norfolk,2021-04-14,0.93,0.83,0.71,0.56,0.40,0.10,0.00,inferred
North Norfolk,2021-04-15,0.93,0.83,0.71,0.56,0.40,0.10,0.00,inferred
North Norfolk,2021-04-16,0.93,0.83,0.71,0.56,0.40,0.10,0.00,inferred
North Norfolk,2021-04-17,0.93,0.83,0.71,0.56,0.40,0.10,0.00,inferred
North Norfolk,2021-04-18,0.93,0.83,0.71,0.56,0.40,0.10,0.00,inferred
North Norfolk,2021-04-19,0.93,0.83,0.71,0.56,0.40,0.10,0.00,inferred
North Norfolk,2021-04-20,0.56,0.39,0.23,0.13,0.07,0.00,0.00,inferred
North Norfolk,2021-04-21,0.56,0.39,0.23,0.13,0.07,0.00,0.00,inferred
North Norfolk,2021-04-22,0.56,0.39,0.23,0.13,0.07,0.00,0.00,inferred
North Norfolk,2021-04-23,0.56,0.39,0.23,0.13,0.07,0.00,0.00,inferred
North Norfolk,2021-04-24,0.56,0.39,0.23,0.13,0.07,0.00,0.00,inferred
North Norfolk,2021-04-25,0.56,0.39,0.23,0.13,0.07,0.00,0.00,inferred
North Norfolk,2021-04-26,0.56,0.39,0.23,0.13,0.07,0.00,0.00,inferred
North Norfolk,2021-04-27,0.75,0.59,0.41,0.26,0.16,0.02,0.00,inferred
North Norfolk,2021-04-28,0.75,0.59,0.41,0.26,0.16,0.02,0.00,inferred
North Norfolk,2021-04-29,0.75,0.59,0.41,0.26,0.16,0.02,0.00,inferred
North Norfolk,2021-04-30,0.75,0.59,0.41,0.26,0.16,0.02,0.00,inferred
North Norfolk,2021-05-01,0.75,0.59,0.41,0.26,0.16,0.02,0.00,inferred
North Norfolk,2021-05-02,0.75,0.59,0.41,0.26,0.16,0.02,0.00,inferred
North Norfolk,2021-05-03,0.75,0.59,0.41,0.26,0.16,0.02,0.00,inferred
North Norfolk,2021-05-04,0.46,0.29,0.18,0.09,0.04,0.00,0.00,inferred
North Norfolk,2021-05-05,0.46,0.29,0.18,0.09,0.04,0.00,0.00,inferred
North Norfolk,2021-05-06,0.46,0.29,0.18,0.09,0.04,0.00,0.00,inferred
North Norfolk,2021-05-07,0.46,0.29,0.18,0.09,0.04,0.00,0.00,inferred
North Norfolk,2021-05-08,0.46,0.29,0.18,0.09,0.04,0.00,0.00,inferred
North Norfolk,2021-05-09,0.46,0.29,0.18,0.09,0.04,0.00,0.00,inferred
North Norfolk,2021-05-10,0.46,0.29,0.18,0.09,0.04,0.00,0.00,inferred
North Norfolk,2021-05-11,0.73,0.57,0.43,0.29,0.18,0.03,0.00,inferred
North Norfolk,2021-05-12,0.73,0.57,0.43,0.29,0.18,0.03,0.00,inferred
North Norfolk,2021-05-13,0.73,0.57,0.43,0.29,0.18,0.03,0.00,inferred
North Norfolk,2021-05-14,0.73,0.57,0.43,0.29,0.18,0.03,0.00,inferred
North Norfolk,2021-05-15,0.73,0.57,0.43,0.29,0.18,0.03,0.00,inferred
North Norfolk,2021-05-16,0.73,0.57,0.43,0.29,0.18,0.03,0.00,inferred
North Norfolk,2021-05-17,0.73,0.57,0.43,0.29,0.18,0.03,0.00,inferred
North Norfolk,2021-05-18,0.88,0.78,0.64,0.49,0.35,0.09,0.00,inferred
North Norfolk,2021-05-19,0.88,0.78,0.64,0.49,0.35,0.09,0.00,inferred
North Norfolk,2021-05-20,0.88,0.78,0.64,0.49,0.35,0.09,0.00,inferred
North Norfolk,2021-05-21,0.88,0.78,0.64,0.49,0.35,0.09,0.00,inferred
North Norfolk,2021-05-22,0.88,0.78,0.64,0.49,0.35,0.09,0.00,inferred
North Norfolk,2021-05-23,0.88,0.78,0.64,0.49,0.35,0.09,0.00,inferred
North Norfolk,2021-05-24,0.88,0.78,0.64,0.49,0.35,0.09,0.00,inferred
North Norfolk,2021-05-25,0.91,0.82,0.69,0.54,0.39,0.11,0.00,inferred
North Norfolk,2021-05-26,0.91,0.82,0.69,0.54,0.39,0.11,0.00,inferred
North Norfolk,2021-05-27,0.91,0.82,0.69,0.54,0.39,0.11,0.00,inferred
North Norfolk,2021-05-28,0.91,0.82,0.69,0.54,0.39,0.11,0.00,inferred
North Norfolk,2021-05-29,0.91,0.82,0.69,0.54,0.39,0.11,0.00,inferred
North Norfolk,2021-05-30,0.91,0.82,0.69,0.54,0.39,0.11,0.00,inferred
North Norfolk,2021-05-31,0.91,0.82,0.69,0.54,0.39,0.11,0.00,inferred
North Norfolk,2021-06-01,0.94,0.87,0.76,0.63,0.46,0.15,0.01,inferred
North Norfolk,2021-06-02,0.94,0.87,0.76,0.63,0.46,0.15,0.01,inferred
North Norfolk,2021-06-03,0.94,0.87,0.76,0.63,0.46,0.15,0.01,inferred
North Norfolk,2021-06-04,0.94,0.87,0.76,0.63,0.46,0.15,0.01,inferred
North Norfolk,2021-06-05,0.94,0.87,0.76,0.63,0.46,0.15,0.01,inferred
North Norfolk,2021-06-06,0.94,0.87,0.76,0.63,0.46,0.15,0.01,inferred
North Norfolk,2021-06-07,0.94,0.87,0.76,0.63,0.46,0.15,0.01,inferred
North Norfolk,2021-06-08,0.96,0.91,0.82,0.69,0.55,0.17,0.01,inferred
North Norfolk,2021-06-09,0.96,0.91,0.82,0.69,0.55,0.17,0.01,inferred
North Norfolk,2021-06-10,0.96,0.91,0.82,0.69,0.55,0.17,0.01,inferred
North Norfolk,2021-06-11,0.96,0.91,0.82,0.69,0.55,0.17,0.01,inferred
North Norfolk,2021-06-12,0.96,0.91,0.82,0.69,0.55,0.17,0.01,inferred
North Norfolk,2021-06-13,0.96,0.91,0.82,0.69,0.55,0.17,0.01,inferred
North Norfolk,2021-06-14,0.96,0.91,0.82,0.69,0.55,0.17,0.01,inferred
North Norfolk,2021-06-15,0.99,0.98,0.95,0.89,0.81,0.41,0.04,inferred
North Norfolk,2021-06-16,0.99,0.98,0.95,0.89,0.81,0.41,0.04,inferred
North Norfolk,2021-06-17,0.99,0.98,0.95,0.89,0.81,0.41,0.04,inferred
North Norfolk,2021-06-18,0.99,0.98,0.95,0.89,0.81,0.41,0.04,inferred
North Norfolk,2021-06-19,0.99,0.98,0.95,0.89,0.81,0.41,0.04,inferred
North Norfolk,2021-06-20,0.99,0.98,0.95,0.89,0.81,0.41,0.04,inferred
North Norfolk,2021-06-21,0.99,0.98,0.95,0.89,0.81,0.41,0.04,inferred
North Norfolk,2021-06-22,1.00,1.00,1.00,1.00,0.99,0.86,0.35,inferred
North Norfolk,2021-06-23,1.00,1.00,1.00,1.00,0.99,0.86,0.35,inferred
North Norfolk,2021-06-24,1.00,1.00,1.00,1.00,0.99,0.86,0.35,inferred
North Norfolk,2021-06-25,1.00,1.00,1.00,1.00,0.99,0.86,0.35,inferred
North Norfolk,2021-06-26,1.00,1.00,1.00,1.00,0.99,0.86,0.35,inferred
North Norfolk,2021-06-27,1.00,1.00,1.00,1.00,0.99,0.86,0.35,inferred
North Norfolk,2021-06-28,1.00,1.00,1.00,1.00,0.99,0.86,0.35,inferred
North Norfolk,2021-06-29,1.00,0.99,0.98,0.96,0.91,0.67,0.23,inferred
North Norfolk,2021-06-30,1.00,0.99,0.98,0.96,0.91,0.67,0.23,inferred
North Norfolk,2021-07-01,1.00,0.99,0.98,0.96,0.91,0.67,0.23,inferred
North Norfolk,2021-07-02,1.00,0.99,0.98,0.96,0.91,0.67,0.23,inferred
North Norfolk,2021-07-03,1.00,0.99,0.98,0.96,0.91,0.67,0.23,inferred
North Norfolk,2021-07-04,1.00,0.99,0.98,0.96,0.91,0.67,0.23,inferred
North Norfolk,2021-07-05,1.00,0.99,0.98,0.96,0.91,0.67,0.23,inferred
North Norfolk,2021-07-06,1.00,0.99,0.98,0.95,0.91,0.71,0.30,projected
North Norfolk,2021-07-07,1.00,0.99,0.98,0.95,0.91,0.71,0.30,projected
North Norfolk,2021-07-08,1.00,0.99,0.98,0.95,0.91,0.71,0.30,projected
North Norfolk,2021-07-09,1.00,0.99,0.98,0.95,0.91,0.71,0.30,projected
North Norfolk,2021-07-10,1.00,0.99,0.98,0.95,0.91,0.71,0.30,projected
North Norfolk,2021-07-11,1.00,0.99,0.98,0.95,0.91,0.71,0.30,projected
North Norfolk,2021-07-12,1.00,0.99,0.98,0.95,0.91,0.71,0.30,projected
North Norfolk,2021-07-13,1.00,0.99,0.98,0.95,0.92,0.75,0.34,projected
North Norfolk,2021-07-14,1.00,0.99,0.98,0.95,0.92,0.75,0.34,projected
North Norfolk,2021-07-15,1.00,0.99,0.98,0.95,0.92,0.75,0.34,projected
North Norfolk,2021-07-16,1.00,0.99,0.98,0.95,0.92,0.75,0.34,projected
North Norfolk,2021-07-17,1.00,0.99,0.98,0.95,0.92,0.75,0.34,projected
North Norfolk,2021-07-18,1.00,0.99,0.98,0.95,0.92,0.75,0.34,projected
North Norfolk,2021-07-19,1.00,0.99,0.98,0.95,0.92,0.75,0.34,projected
North Norfolk,2021-07-20,1.00,0.99,0.98,0.96,0.92,0.75,0.39,projected
North Norfolk,2021-07-21,1.00,0.99,0.98,0.96,0.92,0.75,0.39,projected
North Norfolk,2021-07-22,1.00,0.99,0.98,0.96,0.92,0.75,0.39,projected
North Norfolk,2021-07-23,1.00,0.99,0.98,0.96,0.92,0.75,0.39,projected
North Norfolk,2021-07-24,1.00,0.99,0.98,0.96,0.92,0.75,0.39,projected
North Norfolk,2021-07-25,1.00,0.99,0.98,0.96,0.92,0.75,0.39,projected
North Norfolk,2021-07-26,1.00,0.99,0.98,0.96,0.92,0.75,0.39,projected
North Somerset,2021-03-23,0.15,0.04,0.01,0.00,0.00,0.00,0.00,inferred
North Somerset,2021-03-24,0.15,0.04,0.01,0.00,0.00,0.00,0.00,inferred
North Somerset,2021-03-25,0.15,0.04,0.01,0.00,0.00,0.00,0.00,inferred
North Somerset,2021-03-26,0.15,0.04,0.01,0.00,0.00,0.00,0.00,inferred
North Somerset,2021-03-27,0.15,0.04,0.01,0.00,0.00,0.00,0.00,inferred
North Somerset,2021-03-28,0.15,0.04,0.01,0.00,0.00,0.00,0.00,inferred
North Somerset,2021-03-29,0.15,0.04,0.01,0.00,0.00,0.00,0.00,inferred
North Somerset,2021-03-30,0.73,0.52,0.32,0.16,0.07,0.00,0.00,inferred
North Somerset,2021-03-31,0.73,0.52,0.32,0.16,0.07,0.00,0.00,inferred
North Somerset,2021-04-01,0.73,0.52,0.32,0.16,0.07,0.00,0.00,inferred
North Somerset,2021-04-02,0.73,0.52,0.32,0.16,0.07,0.00,0.00,inferred
North Somerset,2021-04-03,0.73,0.52,0.32,0.16,0.07,0.00,0.00,inferred
North Somerset,2021-04-04,0.73,0.52,0.32,0.16,0.07,0.00,0.00,inferred
North Somerset,2021-04-05,0.73,0.52,0.32,0.16,0.07,0.00,0.00,inferred
North Somerset,2021-04-06,0.96,0.89,0.77,0.59,0.39,0.07,0.00,inferred
North Somerset,2021-04-07,0.96,0.89,0.77,0.59,0.39,0.07,0.00,inferred
North Somerset,2021-04-08,0.96,0.89,0.77,0.59,0.39,0.07,0.00,inferred
North Somerset,2021-04-09,0.96,0.89,0.77,0.59,0.39,0.07,0.00,inferred
North Somerset,2021-04-10,0.96,0.89,0.77,0.59,0.39,0.07,0.00,inferred
North Somerset,2021-04-11,0.96,0.89,0.77,0.59,0.39,0.07,0.00,inferred
North Somerset,2021-04-12,0.96,0.89,0.77,0.59,0.39,0.07,0.00,inferred
North Somerset,2021-04-13,0.66,0.46,0.27,0.13,0.06,0.00,0.00,inferred
North Somerset,2021-04-14,0.66,0.46,0.27,0.13,0.06,0.00,0.00,inferred
North Somerset,2021-04-15,0.66,0.46,0.27,0.13,0.06,0.00,0.00,inferred
North Somerset,2021-04-16,0.66,0.46,0.27,0.13,0.06,0.00,0.00,inferred
North Somerset,2021-04-17,0.66,0.46,0.27,0.13,0.06,0.00,0.00,inferred
North Somerset,2021-04-18,0.66,0.46,0.27,0.13,0.06,0.00,0.00,inferred
North Somerset,2021-04-19,0.66,0.46,0.27,0.13,0.06,0.00,0.00,inferred
North Somerset,2021-04-20,0.53,0.34,0.18,0.08,0.02,0.00,0.00,inferred
North Somerset,2021-04-21,0.53,0.34,0.18,0.08,0.02,0.00,0.00,inferred
North Somerset,2021-04-22,0.53,0.34,0.18,0.08,0.02,0.00,0.00,inferred
North Somerset,2021-04-23,0.53,0.34,0.18,0.08,0.02,0.00,0.00,inferred
North Somerset,2021-04-24,0.53,0.34,0.18,0.08,0.02,0.00,0.00,inferred
North Somerset,2021-04-25,0.53,0.34,0.18,0.08,0.02,0.00,0.00,inferred
North Somerset,2021-04-26,0.53,0.34,0.18,0.08,0.02,0.00,0.00,inferred
North Somerset,2021-04-27,0.67,0.46,0.28,0.13,0.06,0.00,0.00,inferred
North Somerset,2021-04-28,0.67,0.46,0.28,0.13,0.06,0.00,0.00,inferred
North Somerset,2021-04-29,0.67,0.46,0.28,0.13,0.06,0.00,0.00,inferred
North Somerset,2021-04-30,0.67,0.46,0.28,0.13,0.06,0.00,0.00,inferred
North Somerset,2021-05-01,0.67,0.46,0.28,0.13,0.06,0.00,0.00,inferred
North Somerset,2021-05-02,0.67,0.46,0.28,0.13,0.06,0.00,0.00,inferred
North Somerset,2021-05-03,0.67,0.46,0.28,0.13,0.06,0.00,0.00,inferred
North Somerset,2021-05-04,0.26,0.13,0.05,0.02,0.01,0.00,0.00,inferred
North Somerset,2021-05-05,0.26,0.13,0.05,0.02,0.01,0.00,0.00,inferred
North Somerset,2021-05-06,0.26,0.13,0.05,0.02,0.01,0.00,0.00,inferred
North Somerset,2021-05-07,0.26,0.13,0.05,0.02,0.01,0.00,0.00,inferred
North Somerset,2021-05-08,0.26,0.13,0.05,0.02,0.01,0.00,0.00,inferred
North Somerset,2021-05-09,0.26,0.13,0.05,0.02,0.01,0.00,0.00,inferred
North Somerset,2021-05-10,0.26,0.13,0.05,0.02,0.01,0.00,0.00,inferred
North Somerset,2021-05-11,0.69,0.49,0.32,0.19,0.10,0.01,0.00,inferred
North Somerset,2021-05-12,0.69,0.49,0.32,0.19,0.10,0.01,0.00,inferred
North Somerset,2021-05-13,0.69,0.49,0.32,0.19,0.10,0.01,0.00,inferred
North Somerset,2021-05-14,0.69,0.49,0.32,0.19,0.10,0.01,0.00,inferred
North Somerset,2021-05-15,0.69,0.49,0.32,0.19,0.10,0.01,0.00,inferred
North Somerset,2021-05-16,0.69,0.49,0.32,0.19,0.10,0.01,0.00,inferred
North Somerset,2021-05-17,0.69,0.49,0.32,0.19,0.10,0.01,0.00,inferred
North Somerset,2021-05-18,0.93,0.85,0.74,0.60,0.45,0.10,0.00,inferred
North Somerset,2021-05-19,0.93,0.85,0.74,0.60,0.45,0.10,0.00,inferred
North Somerset,2021-05-20,0.93,0.85,0.74,0.60,0.45,0.10,0.00,inferred
North Somerset,2021-05-21,0.93,0.85,0.74,0.60,0.45,0.10,0.00,inferred
North Somerset,2021-05-22,0.93,0.85,0.74,0.60,0.45,0.10,0.00,inferred
North Somerset,2021-05-23,0.93,0.85,0.74,0.60,0.45,0.10,0.00,inferred
North Somerset,2021-05-24,0.93,0.85,0.74,0.60,0.45,0.10,0.00,inferred
North Somerset,2021-05-25,1.00,1.00,1.00,1.00,1.00,0.96,0.59,inferred
North Somerset,2021-05-26,1.00,1.00,1.00,1.00,1.00,0.96,0.59,inferred
North Somerset,2021-05-27,1.00,1.00,1.00,1.00,1.00,0.96,0.59,inferred
North Somerset,2021-05-28,1.00,1.00,1.00,1.00,1.00,0.96,0.59,inferred
North Somerset,2021-05-29,1.00,1.00,1.00,1.00,1.00,0.96,0.59,inferred
North Somerset,2021-05-30,1.00,1.00,1.00,1.00,1.00,0.96,0.59,inferred
North Somerset,2021-05-31,1.00,1.00,1.00,1.00,1.00,0.96,0.59,inferred
North Somerset,2021-06-01,1.00,1.00,1.00,1.00,1.00,0.99,0.87,inferred
North Somerset,2021-06-02,1.00,1.00,1.00,1.00,1.00,0.99,0.87,inferred
North Somerset,2021-06-03,1.00,1.00,1.00,1.00,1.00,0.99,0.87,inferred
North Somerset,2021-06-04,1.00,1.00,1.00,1.00,1.00,0.99,0.87,inferred
North Somerset,2021-06-05,1.00,1.00,1.00,1.00,1.00,0.99,0.87,inferred
North Somerset,2021-06-06,1.00,1.00,1.00,1.00,1.00,0.99,0.87,inferred
North Somerset,2021-06-07,1.00,1.00,1.00,1.00,1.00,0.99,0.87,inferred
North Somerset,2021-06-08,1.00,1.00,1.00,0.99,0.98,0.76,0.17,inferred
North Somerset,2021-06-09,1.00,1.00,1.00,0.99,0.98,0.76,0.17,inferred
North Somerset,2021-06-10,1.00,1.00,1.00,0.99,0.98,0.76,0.17,inferred
North Somerset,2021-06-11,1.00,1.00,1.00,0.99,0.98,0.76,0.17,inferred
North Somerset,2021-06-12,1.00,1.00,1.00,0.99,0.98,0.76,0.17,inferred
North Somerset,2021-06-13,1.00,1.00,1.00,0.99,0.98,0.76,0.17,inferred
North Somerset,2021-06-14,1.00,1.00,1.00,0.99,0.98,0.76,0.17,inferred
North Somerset,2021-06-15,1.00,1.00,1.00,1.00,1.00,0.82,0.10,inferred
North Somerset,2021-06-16,1.00,1.00,1.00,1.00,1.00,0.82,0.10,inferred
North Somerset,2021-06-17,1.00,1.00,1.00,1.00,1.00,0.82,0.10,inferred
North Somerset,2021-06-18,1.00,1.00,1.00,1.00,1.00,0.82,0.10,inferred
North Somerset,2021-06-19,1.00,1.00,1.00,1.00,1.00,0.82,0.10,inferred
North Somerset,2021-06-20,1.00,1.00,1.00,1.00,1.00,0.82,0.10,inferred
North Somerset,2021-06-21,1.00,1.00,1.00,1.00,1.00,0.82,0.10,inferred
North Somerset,2021-06-22,1.00,1.00,1.00,1.00,1.00,0.96,0.47,inferred
North Somerset,2021-06-23,1.00,1.00,1.00,1.00,1.00,0.96,0.47,inferred
North Somerset,2021-06-24,1.00,1.00,1.00,1.00,1.00,0.96,0.47,inferred
North Somerset,2021-06-25,1.00,1.00,1.00,1.00,1.00,0.96,0.47,inferred
North Somerset,2021-06-26,1.00,1.00,1.00,1.00,1.00,0.96,0.47,inferred
North Somerset,2021-06-27,1.00,1.00,1.00,1.00,1.00,0.96,0.47,inferred
North Somerset,2021-06-28,1.00,1.00,1.00,1.00,1.00,0.96,0.47,inferred
North Somerset,2021-06-29,0.97,0.90,0.77,0.62,0.45,0.10,0.00,inferred
North Somerset,2021-06-30,0.97,0.90,0.77,0.62,0.45,0.10,0.00,inferred
North Somerset,2021-07-01,0.97,0.90,0.77,0.62,0.45,0.10,0.00,inferred
North Somerset,2021-07-02,0.97,0.90,0.77,0.62,0.45,0.10,0.00,inferred
North Somerset,2021-07-03,0.97,0.90,0.77,0.62,0.45,0.10,0.00,inferred
North Somerset,2021-07-04,0.97,0.90,0.77,0.62,0.45,0.10,0.00,inferred
North Somerset,2021-07-05,0.97,0.90,0.77,0.62,0.45,0.10,0.00,inferred
North Somerset,2021-07-06,0.87,0.78,0.68,0.57,0.46,0.23,0.06,projected
North Somerset,2021-07-07,0.87,0.78,0.68,0.57,0.46,0.23,0.06,projected
North Somerset,2021-07-08,0.87,0.78,0.68,0.57,0.46,0.23,0.06,projected
North Somerset,2021-07-09,0.87,0.78,0.68,0.57,0.46,0.23,0.06,projected
North Somerset,2021-07-10,0.87,0.78,0.68,0.57,0.46,0.23,0.06,projected
North Somerset,2021-07-11,0.87,0.78,0.68,0.57,0.46,0.23,0.06,projected
North Somerset,2021-07-12,0.87,0.78,0.68,0.57,0.46,0.23,0.06,projected
North Somerset,2021-07-13,0.84,0.76,0.67,0.57,0.48,0.29,0.11,projected
North Somerset,2021-07-14,0.84,0.76,0.67,0.57,0.48,0.29,0.11,projected
North Somerset,2021-07-15,0.84,0.76,0.67,0.57,0.48,0.29,0.11,projected
North Somerset,2021-07-16,0.84,0.76,0.67,0.57,0.48,0.29,0.11,projected
North Somerset,2021-07-17,0.84,0.76,0.67,0.57,0.48,0.29,0.11,projected
North Somerset,2021-07-18,0.84,0.76,0.67,0.57,0.48,0.29,0.11,projected
North Somerset,2021-07-19,0.84,0.76,0.67,0.57,0.48,0.29,0.11,projected
North Somerset,2021-07-20,0.84,0.77,0.68,0.60,0.53,0.33,0.14,projected
North Somerset,2021-07-21,0.84,0.77,0.68,0.60,0.53,0.33,0.14,projected
North Somerset,2021-07-22,0.84,0.77,0.68,0.60,0.53,0.33,0.14,projected
North Somerset,2021-07-23,0.84,0.77,0.68,0.60,0.53,0.33,0.14,projected
North Somerset,2021-07-24,0.84,0.77,0.68,0.60,0.53,0.33,0.14,projected
North Somerset,2021-07-25,0.84,0.77,0.68,0.60,0.53,0.33,0.14,projected
North Somerset,2021-07-26,0.84,0.77,0.68,0.60,0.53,0.33,0.14,projected
North Tyneside,2021-03-23,0.17,0.03,0.00,0.00,0.00,0.00,0.00,inferred
North Tyneside,2021-03-24,0.17,0.03,0.00,0.00,0.00,0.00,0.00,inferred
North Tyneside,2021-03-25,0.17,0.03,0.00,0.00,0.00,0.00,0.00,inferred
North Tyneside,2021-03-26,0.17,0.03,0.00,0.00,0.00,0.00,0.00,inferred
North Tyneside,2021-03-27,0.17,0.03,0.00,0.00,0.00,0.00,0.00,inferred
North Tyneside,2021-03-28,0.17,0.03,0.00,0.00,0.00,0.00,0.00,inferred
North Tyneside,2021-03-29,0.17,0.03,0.00,0.00,0.00,0.00,0.00,inferred
North Tyneside,2021-03-30,0.13,0.02,0.00,0.00,0.00,0.00,0.00,inferred
North Tyneside,2021-03-31,0.13,0.02,0.00,0.00,0.00,0.00,0.00,inferred
North Tyneside,2021-04-01,0.13,0.02,0.00,0.00,0.00,0.00,0.00,inferred
North Tyneside,2021-04-02,0.13,0.02,0.00,0.00,0.00,0.00,0.00,inferred
North Tyneside,2021-04-03,0.13,0.02,0.00,0.00,0.00,0.00,0.00,inferred
North Tyneside,2021-04-04,0.13,0.02,0.00,0.00,0.00,0.00,0.00,inferred
North Tyneside,2021-04-05,0.13,0.02,0.00,0.00,0.00,0.00,0.00,inferred
North Tyneside,2021-04-06,0.14,0.04,0.01,0.00,0.00,0.00,0.00,inferred
North Tyneside,2021-04-07,0.14,0.04,0.01,0.00,0.00,0.00,0.00,inferred
North Tyneside,2021-04-08,0.14,0.04,0.01,0.00,0.00,0.00,0.00,inferred
North Tyneside,2021-04-09,0.14,0.04,0.01,0.00,0.00,0.00,0.00,inferred
North Tyneside,2021-04-10,0.14,0.04,0.01,0.00,0.00,0.00,0.00,inferred
North Tyneside,2021-04-11,0.14,0.04,0.01,0.00,0.00,0.00,0.00,inferred
North Tyneside,2021-04-12,0.14,0.04,0.01,0.00,0.00,0.00,0.00,inferred
North Tyneside,2021-04-13,0.69,0.42,0.20,0.08,0.03,0.00,0.00,inferred
North Tyneside,2021-04-14,0.69,0.42,0.20,0.08,0.03,0.00,0.00,inferred
North Tyneside,2021-04-15,0.69,0.42,0.20,0.08,0.03,0.00,0.00,inferred
North Tyneside,2021-04-16,0.69,0.42,0.20,0.08,0.03,0.00,0.00,inferred
North Tyneside,2021-04-17,0.69,0.42,0.20,0.08,0.03,0.00,0.00,inferred
North Tyneside,2021-04-18,0.69,0.42,0.20,0.08,0.03,0.00,0.00,inferred
North Tyneside,2021-04-19,0.69,0.42,0.20,0.08,0.03,0.00,0.00,inferred
North Tyneside,2021-04-20,0.82,0.63,0.39,0.21,0.09,0.00,0.00,inferred
North Tyneside,2021-04-21,0.82,0.63,0.39,0.21,0.09,0.00,0.00,inferred
North Tyneside,2021-04-22,0.82,0.63,0.39,0.21,0.09,0.00,0.00,inferred
North Tyneside,2021-04-23,0.82,0.63,0.39,0.21,0.09,0.00,0.00,inferred
North Tyneside,2021-04-24,0.82,0.63,0.39,0.21,0.09,0.00,0.00,inferred
North Tyneside,2021-04-25,0.82,0.63,0.39,0.21,0.09,0.00,0.00,inferred
North Tyneside,2021-04-26,0.82,0.63,0.39,0.21,0.09,0.00,0.00,inferred
North Tyneside,2021-04-27,1.00,1.00,0.98,0.94,0.84,0.34,0.01,inferred
North Tyneside,2021-04-28,1.00,1.00,0.98,0.94,0.84,0.34,0.01,inferred
North Tyneside,2021-04-29,1.00,1.00,0.98,0.94,0.84,0.34,0.01,inferred
North Tyneside,2021-04-30,1.00,1.00,0.98,0.94,0.84,0.34,0.01,inferred
North Tyneside,2021-05-01,1.00,1.00,0.98,0.94,0.84,0.34,0.01,inferred
North Tyneside,2021-05-02,1.00,1.00,0.98,0.94,0.84,0.34,0.01,inferred
North Tyneside,2021-05-03,1.00,1.00,0.98,0.94,0.84,0.34,0.01,inferred
North Tyneside,2021-05-04,1.00,1.00,1.00,0.98,0.94,0.53,0.03,inferred
North Tyneside,2021-05-05,1.00,1.00,1.00,0.98,0.94,0.53,0.03,inferred
North Tyneside,2021-05-06,1.00,1.00,1.00,0.98,0.94,0.53,0.03,inferred
North Tyneside,2021-05-07,1.00,1.00,1.00,0.98,0.94,0.53,0.03,inferred
North Tyneside,2021-05-08,1.00,1.00,1.00,0.98,0.94,0.53,0.03,inferred
North Tyneside,2021-05-09,1.00,1.00,1.00,0.98,0.94,0.53,0.03,inferred
North Tyneside,2021-05-10,1.00,1.00,1.00,0.98,0.94,0.53,0.03,inferred
North Tyneside,2021-05-11,1.00,0.99,0.94,0.79,0.57,0.08,0.00,inferred
North Tyneside,2021-05-12,1.00,0.99,0.94,0.79,0.57,0.08,0.00,inferred
North Tyneside,2021-05-13,1.00,0.99,0.94,0.79,0.57,0.08,0.00,inferred
North Tyneside,2021-05-14,1.00,0.99,0.94,0.79,0.57,0.08,0.00,inferred
North Tyneside,2021-05-15,1.00,0.99,0.94,0.79,0.57,0.08,0.00,inferred
North Tyneside,2021-05-16,1.00,0.99,0.94,0.79,0.57,0.08,0.00,inferred
North Tyneside,2021-05-17,1.00,0.99,0.94,0.79,0.57,0.08,0.00,inferred
North Tyneside,2021-05-18,1.00,1.00,0.98,0.91,0.74,0.13,0.00,inferred
North Tyneside,2021-05-19,1.00,1.00,0.98,0.91,0.74,0.13,0.00,inferred
North Tyneside,2021-05-20,1.00,1.00,0.98,0.91,0.74,0.13,0.00,inferred
North Tyneside,2021-05-21,1.00,1.00,0.98,0.91,0.74,0.13,0.00,inferred
North Tyneside,2021-05-22,1.00,1.00,0.98,0.91,0.74,0.13,0.00,inferred
North Tyneside,2021-05-23,1.00,1.00,0.98,0.91,0.74,0.13,0.00,inferred
North Tyneside,2021-05-24,1.00,1.00,0.98,0.91,0.74,0.13,0.00,inferred
North Tyneside,2021-05-25,1.00,1.00,1.00,0.99,0.92,0.31,0.00,inferred
North Tyneside,2021-05-26,1.00,1.00,1.00,0.99,0.92,0.31,0.00,inferred
North Tyneside,2021-05-27,1.00,1.00,1.00,0.99,0.92,0.31,0.00,inferred
North Tyneside,2021-05-28,1.00,1.00,1.00,0.99,0.92,0.31,0.00,inferred
North Tyneside,2021-05-29,1.00,1.00,1.00,0.99,0.92,0.31,0.00,inferred
North Tyneside,2021-05-30,1.00,1.00,1.00,0.99,0.92,0.31,0.00,inferred
North Tyneside,2021-05-31,1.00,1.00,1.00,0.99,0.92,0.31,0.00,inferred
North Tyneside,2021-06-01,1.00,1.00,1.00,1.00,1.00,0.97,0.38,inferred
North Tyneside,2021-06-02,1.00,1.00,1.00,1.00,1.00,0.97,0.38,inferred
North Tyneside,2021-06-03,1.00,1.00,1.00,1.00,1.00,0.97,0.38,inferred
North Tyneside,2021-06-04,1.00,1.00,1.00,1.00,1.00,0.97,0.38,inferred
North Tyneside,2021-06-05,1.00,1.00,1.00,1.00,1.00,0.97,0.38,inferred
North Tyneside,2021-06-06,1.00,1.00,1.00,1.00,1.00,0.97,0.38,inferred
North Tyneside,2021-06-07,1.00,1.00,1.00,1.00,1.00,0.97,0.38,inferred
North Tyneside,2021-06-08,1.00,1.00,1.00,1.00,1.00,0.86,0.13,inferred
North Tyneside,2021-06-09,1.00,1.00,1.00,1.00,1.00,0.86,0.13,inferred
North Tyneside,2021-06-10,1.00,1.00,1.00,1.00,1.00,0.86,0.13,inferred
North Tyneside,2021-06-11,1.00,1.00,1.00,1.00,1.00,0.86,0.13,inferred
North Tyneside,2021-06-12,1.00,1.00,1.00,1.00,1.00,0.86,0.13,inferred
North Tyneside,2021-06-13,1.00,1.00,1.00,1.00,1.00,0.86,0.13,inferred
North Tyneside,2021-06-14,1.00,1.00,1.00,1.00,1.00,0.86,0.13,inferred
North Tyneside,2021-06-15,1.00,1.00,1.00,1.00,1.00,0.91,0.15,inferred
North Tyneside,2021-06-16,1.00,1.00,1.00,1.00,1.00,0.91,0.15,inferred
North Tyneside,2021-06-17,1.00,1.00,1.00,1.00,1.00,0.91,0.15,inferred
North Tyneside,2021-06-18,1.00,1.00,1.00,1.00,1.00,0.91,0.15,inferred
North Tyneside,2021-06-19,1.00,1.00,1.00,1.00,1.00,0.91,0.15,inferred
North Tyneside,2021-06-20,1.00,1.00,1.00,1.00,1.00,0.91,0.15,inferred
North Tyneside,2021-06-21,1.00,1.00,1.00,1.00,1.00,0.91,0.15,inferred
North Tyneside,2021-06-22,1.00,1.00,1.00,1.00,0.98,0.49,0.00,inferred
North Tyneside,2021-06-23,1.00,1.00,1.00,1.00,0.98,0.49,0.00,inferred
North Tyneside,2021-06-24,1.00,1.00,1.00,1.00,0.98,0.49,0.00,inferred
North Tyneside,2021-06-25,1.00,1.00,1.00,1.00,0.98,0.49,0.00,inferred
North Tyneside,2021-06-26,1.00,1.00,1.00,1.00,0.98,0.49,0.00,inferred
North Tyneside,2021-06-27,1.00,1.00,1.00,1.00,0.98,0.49,0.00,inferred
North Tyneside,2021-06-28,1.00,1.00,1.00,1.00,0.98,0.49,0.00,inferred
North Tyneside,2021-06-29,1.00,0.96,0.84,0.60,0.33,0.02,0.00,inferred
North Tyneside,2021-06-30,1.00,0.96,0.84,0.60,0.33,0.02,0.00,inferred
North Tyneside,2021-07-01,1.00,0.96,0.84,0.60,0.33,0.02,0.00,inferred
North Tyneside,2021-07-02,1.00,0.96,0.84,0.60,0.33,0.02,0.00,inferred
North Tyneside,2021-07-03,1.00,0.96,0.84,0.60,0.33,0.02,0.00,inferred
North Tyneside,2021-07-04,1.00,0.96,0.84,0.60,0.33,0.02,0.00,inferred
North Tyneside,2021-07-05,1.00,0.96,0.84,0.60,0.33,0.02,0.00,inferred
North Tyneside,2021-07-06,0.92,0.84,0.71,0.57,0.43,0.16,0.02,projected
North Tyneside,2021-07-07,0.92,0.84,0.71,0.57,0.43,0.16,0.02,projected
North Tyneside,2021-07-08,0.92,0.84,0.71,0.57,0.43,0.16,0.02,projected
North Tyneside,2021-07-09,0.92,0.84,0.71,0.57,0.43,0.16,0.02,projected
North Tyneside,2021-07-10,0.92,0.84,0.71,0.57,0.43,0.16,0.02,projected
North Tyneside,2021-07-11,0.92,0.84,0.71,0.57,0.43,0.16,0.02,projected
North Tyneside,2021-07-12,0.92,0.84,0.71,0.57,0.43,0.16,0.02,projected
North Tyneside,2021-07-13,0.89,0.80,0.69,0.58,0.47,0.22,0.06,projected
North Tyneside,2021-07-14,0.89,0.80,0.69,0.58,0.47,0.22,0.06,projected
North Tyneside,2021-07-15,0.89,0.80,0.69,0.58,0.47,0.22,0.06,projected
North Tyneside,2021-07-16,0.89,0.80,0.69,0.58,0.47,0.22,0.06,projected
North Tyneside,2021-07-17,0.89,0.80,0.69,0.58,0.47,0.22,0.06,projected
North Tyneside,2021-07-18,0.89,0.80,0.69,0.58,0.47,0.22,0.06,projected
North Tyneside,2021-07-19,0.89,0.80,0.69,0.58,0.47,0.22,0.06,projected
North Tyneside,2021-07-20,0.88,0.81,0.72,0.63,0.53,0.29,0.10,projected
North Tyneside,2021-07-21,0.88,0.81,0.72,0.63,0.53,0.29,0.10,projected
North Tyneside,2021-07-22,0.88,0.81,0.72,0.63,0.53,0.29,0.10,projected
North Tyneside,2021-07-23,0.88,0.81,0.72,0.63,0.53,0.29,0.10,projected
North Tyneside,2021-07-24,0.88,0.81,0.72,0.63,0.53,0.29,0.10,projected
North Tyneside,2021-07-25,0.88,0.81,0.72,0.63,0.53,0.29,0.10,projected
North Tyneside,2021-07-26,0.88,0.81,0.72,0.63,0.53,0.29,0.10,projected
North Warwickshire,2021-03-23,0.00,0.00,0.00,0.00,0.00,0.00,0.00,inferred
North Warwickshire,2021-03-24,0.00,0.00,0.00,0.00,0.00,0.00,0.00,inferred
North Warwickshire,2021-03-25,0.00,0.00,0.00,0.00,0.00,0.00,0.00,inferred
North Warwickshire,2021-03-26,0.00,0.00,0.00,0.00,0.00,0.00,0.00,inferred
North Warwickshire,2021-03-27,0.00,0.00,0.00,0.00,0.00,0.00,0.00,inferred
North Warwickshire,2021-03-28,0.00,0.00,0.00,0.00,0.00,0.00,0.00,inferred
North Warwickshire,2021-03-29,0.00,0.00,0.00,0.00,0.00,0.00,0.00,inferred
North Warwickshire,2021-03-30,0.03,0.01,0.00,0.00,0.00,0.00,0.00,inferred
North Warwickshire,2021-03-31,0.03,0.01,0.00,0.00,0.00,0.00,0.00,inferred
North Warwickshire,2021-04-01,0.03,0.01,0.00,0.00,0.00,0.00,0.00,inferred
North Warwickshire,2021-04-02,0.03,0.01,0.00,0.00,0.00,0.00,0.00,inferred
North Warwickshire,2021-04-03,0.03,0.01,0.00,0.00,0.00,0.00,0.00,inferred
North Warwickshire,2021-04-04,0.03,0.01,0.00,0.00,0.00,0.00,0.00,inferred
North Warwickshire,2021-04-05,0.03,0.01,0.00,0.00,0.00,0.00,0.00,inferred
North Warwickshire,2021-04-06,0.05,0.02,0.01,0.00,0.00,0.00,0.00,inferred
North Warwickshire,2021-04-07,0.05,0.02,0.01,0.00,0.00,0.00,0.00,inferred
North Warwickshire,2021-04-08,0.05,0.02,0.01,0.00,0.00,0.00,0.00,inferred
North Warwickshire,2021-04-09,0.05,0.02,0.01,0.00,0.00,0.00,0.00,inferred
North Warwickshire,2021-04-10,0.05,0.02,0.01,0.00,0.00,0.00,0.00,inferred
North Warwickshire,2021-04-11,0.05,0.02,0.01,0.00,0.00,0.00,0.00,inferred
North Warwickshire,2021-04-12,0.05,0.02,0.01,0.00,0.00,0.00,0.00,inferred
North Warwickshire,2021-04-13,0.08,0.03,0.01,0.00,0.00,0.00,0.00,inferred
North Warwickshire,2021-04-14,0.08,0.03,0.01,0.00,0.00,0.00,0.00,inferred
North Warwickshire,2021-04-15,0.08,0.03,0.01,0.00,0.00,0.00,0.00,inferred
North Warwickshire,2021-04-16,0.08,0.03,0.01,0.00,0.00,0.00,0.00,inferred
North Warwickshire,2021-04-17,0.08,0.03,0.01,0.00,0.00,0.00,0.00,inferred
North Warwickshire,2021-04-18,0.08,0.03,0.01,0.00,0.00,0.00,0.00,inferred
North Warwickshire,2021-04-19,0.08,0.03,0.01,0.00,0.00,0.00,0.00,inferred
North Warwickshire,2021-04-20,0.55,0.39,0.23,0.14,0.07,0.01,0.00,inferred
North Warwickshire,2021-04-21,0.55,0.39,0.23,0.14,0.07,0.01,0.00,inferred
North Warwickshire,2021-04-22,0.55,0.39,0.23,0.14,0.07,0.01,0.00,inferred
North Warwickshire,2021-04-23,0.55,0.39,0.23,0.14,0.07,0.01,0.00,inferred
North Warwickshire,2021-04-24,0.55,0.39,0.23,0.14,0.07,0.01,0.00,inferred
North Warwickshire,2021-04-25,0.55,0.39,0.23,0.14,0.07,0.01,0.00,inferred
North Warwickshire,2021-04-26,0.55,0.39,0.23,0.14,0.07,0.01,0.00,inferred
North Warwickshire,2021-04-27,0.69,0.53,0.39,0.24,0.14,0.01,0.00,inferred
North Warwickshire,2021-04-28,0.69,0.53,0.39,0.24,0.14,0.01,0.00,inferred
North Warwickshire,2021-04-29,0.69,0.53,0.39,0.24,0.14,0.01,0.00,inferred
North Warwickshire,2021-04-30,0.69,0.53,0.39,0.24,0.14,0.01,0.00,inferred
North Warwickshire,2021-05-01,0.69,0.53,0.39,0.24,0.14,0.01,0.00,inferred
North Warwickshire,2021-05-02,0.69,0.53,0.39,0.24,0.14,0.01,0.00,inferred
North Warwickshire,2021-05-03,0.69,0.53,0.39,0.24,0.14,0.01,0.00,inferred
North Warwickshire,2021-05-04,0.49,0.33,0.19,0.10,0.05,0.01,0.00,inferred
North Warwickshire,2021-05-05,0.49,0.33,0.19,0.10,0.05,0.01,0.00,inferred
North Warwickshire,2021-05-06,0.49,0.33,0.19,0.10,0.05,0.01,0.00,inferred
North Warwickshire,2021-05-07,0.49,0.33,0.19,0.10,0.05,0.01,0.00,inferred
North Warwickshire,2021-05-08,0.49,0.33,0.19,0.10,0.05,0.01,0.00,inferred
North Warwickshire,2021-05-09,0.49,0.33,0.19,0.10,0.05,0.01,0.00,inferred
North Warwickshire,2021-05-10,0.49,0.33,0.19,0.10,0.05,0.01,0.00,inferred
North Warwickshire,2021-05-11,0.76,0.60,0.46,0.30,0.20,0.04,0.00,inferred
North Warwickshire,2021-05-12,0.76,0.60,0.46,0.30,0.20,0.04,0.00,inferred
North Warwickshire,2021-05-13,0.76,0.60,0.46,0.30,0.20,0.04,0.00,inferred
North Warwickshire,2021-05-14,0.76,0.60,0.46,0.30,0.20,0.04,0.00,inferred
North Warwickshire,2021-05-15,0.76,0.60,0.46,0.30,0.20,0.04,0.00,inferred
North Warwickshire,2021-05-16,0.76,0.60,0.46,0.30,0.20,0.04,0.00,inferred
North Warwickshire,2021-05-17,0.76,0.60,0.46,0.30,0.20,0.04,0.00,inferred
North Warwickshire,2021-05-18,0.94,0.89,0.81,0.71,0.59,0.24,0.02,inferred
North Warwickshire,2021-05-19,0.94,0.89,0.81,0.71,0.59,0.24,0.02,inferred
North Warwickshire,2021-05-20,0.94,0.89,0.81,0.71,0.59,0.24,0.02,inferred
North Warwickshire,2021-05-21,0.94,0.89,0.81,0.71,0.59,0.24,0.02,inferred
North Warwickshire,2021-05-22,0.94,0.89,0.81,0.71,0.59,0.24,0.02,inferred
North Warwickshire,2021-05-23,0.94,0.89,0.81,0.71,0.59,0.24,0.02,inferred
North Warwickshire,2021-05-24,0.94,0.89,0.81,0.71,0.59,0.24,0.02,inferred
North Warwickshire,2021-05-25,1.00,1.00,0.99,0.97,0.94,0.74,0.28,inferred
North Warwickshire,2021-05-26,1.00,1.00,0.99,0.97,0.94,0.74,0.28,inferred
North Warwickshire,2021-05-27,1.00,1.00,0.99,0.97,0.94,0.74,0.28,inferred
North Warwickshire,2021-05-28,1.00,1.00,0.99,0.97,0.94,0.74,0.28,inferred
North Warwickshire,2021-05-29,1.00,1.00,0.99,0.97,0.94,0.74,0.28,inferred
North Warwickshire,2021-05-30,1.00,1.00,0.99,0.97,0.94,0.74,0.28,inferred
North Warwickshire,2021-05-31,1.00,1.00,0.99,0.97,0.94,0.74,0.28,inferred
North Warwickshire,2021-06-01,0.99,0.97,0.93,0.85,0.74,0.35,0.06,inferred
North Warwickshire,2021-06-02,0.99,0.97,0.93,0.85,0.74,0.35,0.06,inferred
North Warwickshire,2021-06-03,0.99,0.97,0.93,0.85,0.74,0.35,0.06,inferred
North Warwickshire,2021-06-04,0.99,0.97,0.93,0.85,0.74,0.35,0.06,inferred
North Warwickshire,2021-06-05,0.99,0.97,0.93,0.85,0.74,0.35,0.06,inferred
North Warwickshire,2021-06-06,0.99,0.97,0.93,0.85,0.74,0.35,0.06,inferred
North Warwickshire,2021-06-07,0.99,0.97,0.93,0.85,0.74,0.35,0.06,inferred
North Warwickshire,2021-06-08,1.00,1.00,1.00,1.00,0.98,0.81,0.26,inferred
North Warwickshire,2021-06-09,1.00,1.00,1.00,1.00,0.98,0.81,0.26,inferred
North Warwickshire,2021-06-10,1.00,1.00,1.00,1.00,0.98,0.81,0.26,inferred
North Warwickshire,2021-06-11,1.00,1.00,1.00,1.00,0.98,0.81,0.26,inferred
North Warwickshire,2021-06-12,1.00,1.00,1.00,1.00,0.98,0.81,0.26,inferred
North Warwickshire,2021-06-13,1.00,1.00,1.00,1.00,0.98,0.81,0.26,inferred
North Warwickshire,2021-06-14,1.00,1.00,1.00,1.00,0.98,0.81,0.26,inferred
North Warwickshire,2021-06-15,1.00,1.00,1.00,1.00,1.00,1.00,0.97,inferred
North Warwickshire,2021-06-16,1.00,1.00,1.00,1.00,1.00,1.00,0.97,inferred
North Warwickshire,2021-06-17,1.00,1.00,1.00,1.00,1.00,1.00,0.97,inferred
North Warwickshire,2021-06-18,1.00,1.00,1.00,1.00,1.00,1.00,0.97,inferred
North Warwickshire,2021-06-19,1.00,1.00,1.00,1.00,1.00,1.00,0.97,inferred
North Warwickshire,2021-06-20,1.00,1.00,1.00,1.00,1.00,1.00,0.97,inferred
North Warwickshire,2021-06-21,1.00,1.00,1.00,1.00,1.00,1.00,0.97,inferred
North Warwickshire,2021-06-22,1.00,1.00,1.00,1.00,1.00,0.98,0.76,inferred
North Warwickshire,2021-06-23,1.00,1.00,1.00,1.00,1.00,0.98,0.76,inferred
North Warwickshire,2021-06-24,1.00,1.00,1.00,1.00,1.00,0.98,0.76,inferred
North Warwickshire,2021-06-25,1.00,1.00,1.00,1.00,1.00,0.98,0.76,inferred
North Warwickshire,2021-06-26,1.00,1.00,1.00,1.00,1.00,0.98,0.76,inferred
North Warwickshire,2021-06-27,1.00,1.00,1.00,1.00,1.00,0.98,0.76,inferred
North Warwickshire,2021-06-28,1.00,1.00,1.00,1.00,1.00,0.98,0.76,inferred
North Warwickshire,2021-06-29,1.00,1.00,0.98,0.95,0.88,0.51,0.08,inferred
North Warwickshire,2021-06-30,1.00,1.00,0.98,0.95,0.88,0.51,0.08,inferred
North Warwickshire,2021-07-01,1.00,1.00,0.98,0.95,0.88,0.51,0.08,inferred
North Warwickshire,2021-07-02,1.00,1.00,0.98,0.95,0.88,0.51,0.08,inferred
North Warwickshire,2021-07-03,1.00,1.00,0.98,0.95,0.88,0.51,0.08,inferred
North Warwickshire,2021-07-04,1.00,1.00,0.98,0.95,0.88,0.51,0.08,inferred
North Warwickshire,2021-07-05,1.00,1.00,0.98,0.95,0.88,0.51,0.08,inferred
North Warwickshire,2021-07-06,0.98,0.94,0.88,0.78,0.69,0.42,0.11,projected
North Warwickshire,2021-07-07,0.98,0.94,0.88,0.78,0.69,0.42,0.11,projected
North Warwickshire,2021-07-08,0.98,0.94,0.88,0.78,0.69,0.42,0.11,projected
North Warwickshire,2021-07-09,0.98,0.94,0.88,0.78,0.69,0.42,0.11,projected
North Warwickshire,2021-07-10,0.98,0.94,0.88,0.78,0.69,0.42,0.11,projected
North Warwickshire,2021-07-11,0.98,0.94,0.88,0.78,0.69,0.42,0.11,projected
North Warwickshire,2021-07-12,0.98,0.94,0.88,0.78,0.69,0.42,0.11,projected
North Warwickshire,2021-07-13,0.94,0.89,0.83,0.74,0.63,0.37,0.13,projected
North Warwickshire,2021-07-14,0.94,0.89,0.83,0.74,0.63,0.37,0.13,projected
North Warwickshire,2021-07-15,0.94,0.89,0.83,0.74,0.63,0.37,0.13,projected
North Warwickshire,2021-07-16,0.94,0.89,0.83,0.74,0.63,0.37,0.13,projected
North Warwickshire,2021-07-17,0.94,0.89,0.83,0.74,0.63,0.37,0.13,projected
North Warwickshire,2021-07-18,0.94,0.89,0.83,0.74,0.63,0.37,0.13,projected
North Warwickshire,2021-07-19,0.94,0.89,0.83,0.74,0.63,0.37,0.13,projected
North Warwickshire,2021-07-20,0.93,0.86,0.78,0.70,0.61,0.37,0.13,projected
North Warwickshire,2021-07-21,0.93,0.86,0.78,0.70,0.61,0.37,0.13,projected
North Warwickshire,2021-07-22,0.93,0.86,0.78,0.70,0.61,0.37,0.13,projected
North Warwickshire,2021-07-23,0.93,0.86,0.78,0.70,0.61,0.37,0.13,projected
North Warwickshire,2021-07-24,0.93,0.86,0.78,0.70,0.61,0.37,0.13,projected
North Warwickshire,2021-07-25,0.93,0.86,0.78,0.70,0.61,0.37,0.13,projected
North Warwickshire,2021-07-26,0.93,0.86,0.78,0.70,0.61,0.37,0.13,projected
North West Leicestershire,2021-03-23,0.00,0.00,0.00,0.00,0.00,0.00,0.00,inferred
North West Leicestershire,2021-03-24,0.00,0.00,0.00,0.00,0.00,0.00,0.00,inferred
North West Leicestershire,2021-03-25,0.00,0.00,0.00,0.00,0.00,0.00,0.00,inferred
North West Leicestershire,2021-03-26,0.00,0.00,0.00,0.00,0.00,0.00,0.00,inferred
North West Leicestershire,2021-03-27,0.00,0.00,0.00,0.00,0.00,0.00,0.00,inferred
North West Leicestershire,2021-03-28,0.00,0.00,0.00,0.00,0.00,0.00,0.00,inferred
North West Leicestershire,2021-03-29,0.00,0.00,0.00,0.00,0.00,0.00,0.00,inferred
North West Leicestershire,2021-03-30,0.27,0.10,0.03,0.00,0.00,0.00,0.00,inferred
North West Leicestershire,2021-03-31,0.27,0.10,0.03,0.00,0.00,0.00,0.00,inferred
North West Leicestershire,2021-04-01,0.27,0.10,0.03,0.00,0.00,0.00,0.00,inferred
North West Leicestershire,2021-04-02,0.27,0.10,0.03,0.00,0.00,0.00,0.00,inferred
North West Leicestershire,2021-04-03,0.27,0.10,0.03,0.00,0.00,0.00,0.00,inferred
North West Leicestershire,2021-04-04,0.27,0.10,0.03,0.00,0.00,0.00,0.00,inferred
North West Leicestershire,2021-04-05,0.27,0.10,0.03,0.00,0.00,0.00,0.00,inferred
North West Leicestershire,2021-04-06,0.23,0.09,0.03,0.01,0.00,0.00,0.00,inferred
North West Leicestershire,2021-04-07,0.23,0.09,0.03,0.01,0.00,0.00,0.00,inferred
North West Leicestershire,2021-04-08,0.23,0.09,0.03,0.01,0.00,0.00,0.00,inferred
North West Leicestershire,2021-04-09,0.23,0.09,0.03,0.01,0.00,0.00,0.00,inferred
North West Leicestershire,2021-04-10,0.23,0.09,0.03,0.01,0.00,0.00,0.00,inferred
North West Leicestershire,2021-04-11,0.23,0.09,0.03,0.01,0.00,0.00,0.00,inferred
North West Leicestershire,2021-04-12,0.23,0.09,0.03,0.01,0.00,0.00,0.00,inferred
North West Leicestershire,2021-04-13,0.42,0.23,0.11,0.04,0.01,0.00,0.00,inferred
North West Leicestershire,2021-04-14,0.42,0.23,0.11,0.04,0.01,0.00,0.00,inferred
North West Leicestershire,2021-04-15,0.42,0.23,0.11,0.04,0.01,0.00,0.00,inferred
North West Leicestershire,2021-04-16,0.42,0.23,0.11,0.04,0.01,0.00,0.00,inferred
North West Leicestershire,2021-04-17,0.42,0.23,0.11,0.04,0.01,0.00,0.00,inferred
North West Leicestershire,2021-04-18,0.42,0.23,0.11,0.04,0.01,0.00,0.00,inferred
North West Leicestershire,2021-04-19,0.42,0.23,0.11,0.04,0.01,0.00,0.00,inferred
North West Leicestershire,2021-04-20,0.43,0.25,0.13,0.05,0.02,0.00,0.00,inferred
North West Leicestershire,2021-04-21,0.43,0.25,0.13,0.05,0.02,0.00,0.00,inferred
North West Leicestershire,2021-04-22,0.43,0.25,0.13,0.05,0.02,0.00,0.00,inferred
North West Leicestershire,2021-04-23,0.43,0.25,0.13,0.05,0.02,0.00,0.00,inferred
North West Leicestershire,2021-04-24,0.43,0.25,0.13,0.05,0.02,0.00,0.00,inferred
North West Leicestershire,2021-04-25,0.43,0.25,0.13,0.05,0.02,0.00,0.00,inferred
North West Leicestershire,2021-04-26,0.43,0.25,0.13,0.05,0.02,0.00,0.00,inferred
North West Leicestershire,2021-04-27,0.69,0.53,0.35,0.22,0.13,0.02,0.00,inferred
North West Leicestershire,2021-04-28,0.69,0.53,0.35,0.22,0.13,0.02,0.00,inferred
North West Leicestershire,2021-04-29,0.69,0.53,0.35,0.22,0.13,0.02,0.00,inferred
North West Leicestershire,2021-04-30,0.69,0.53,0.35,0.22,0.13,0.02,0.00,inferred
North West Leicestershire,2021-05-01,0.69,0.53,0.35,0.22,0.13,0.02,0.00,inferred
North West Leicestershire,2021-05-02,0.69,0.53,0.35,0.22,0.13,0.02,0.00,inferred
North West Leicestershire,2021-05-03,0.69,0.53,0.35,0.22,0.13,0.02,0.00,inferred
North West Leicestershire,2021-05-04,0.87,0.74,0.61,0.46,0.29,0.06,0.00,inferred
North West Leicestershire,2021-05-05,0.87,0.74,0.61,0.46,0.29,0.06,0.00,inferred
North West Leicestershire,2021-05-06,0.87,0.74,0.61,0.46,0.29,0.06,0.00,inferred
North West Leicestershire,2021-05-07,0.87,0.74,0.61,0.46,0.29,0.06,0.00,inferred
North West Leicestershire,2021-05-08,0.87,0.74,0.61,0.46,0.29,0.06,0.00,inferred
North West Leicestershire,2021-05-09,0.87,0.74,0.61,0.46,0.29,0.06,0.00,inferred
North West Leicestershire,2021-05-10,0.87,0.74,0.61,0.46,0.29,0.06,0.00,inferred
North West Leicestershire,2021-05-11,0.99,0.97,0.93,0.85,0.73,0.29,0.02,inferred
North West Leicestershire,2021-05-12,0.99,0.97,0.93,0.85,0.73,0.29,0.02,inferred
North West Leicestershire,2021-05-13,0.99,0.97,0.93,0.85,0.73,0.29,0.02,inferred
North West Leicestershire,2021-05-14,0.99,0.97,0.93,0.85,0.73,0.29,0.02,inferred
North West Leicestershire,2021-05-15,0.99,0.97,0.93,0.85,0.73,0.29,0.02,inferred
North West Leicestershire,2021-05-16,0.99,0.97,0.93,0.85,0.73,0.29,0.02,inferred
North West Leicestershire,2021-05-17,0.99,0.97,0.93,0.85,0.73,0.29,0.02,inferred
North West Leicestershire,2021-05-18,0.98,0.95,0.87,0.76,0.61,0.18,0.01,inferred
North West Leicestershire,2021-05-19,0.98,0.95,0.87,0.76,0.61,0.18,0.01,inferred
North West Leicestershire,2021-05-20,0.98,0.95,0.87,0.76,0.61,0.18,0.01,inferred
North West Leicestershire,2021-05-21,0.98,0.95,0.87,0.76,0.61,0.18,0.01,inferred
North West Leicestershire,2021-05-22,0.98,0.95,0.87,0.76,0.61,0.18,0.01,inferred
North West Leicestershire,2021-05-23,0.98,0.95,0.87,0.76,0.61,0.18,0.01,inferred
North West Leicestershire,2021-05-24,0.98,0.95,0.87,0.76,0.61,0.18,0.01,inferred
North West Leicestershire,2021-05-25,0.95,0.86,0.72,0.56,0.40,0.10,0.00,inferred
North West Leicestershire,2021-05-26,0.95,0.86,0.72,0.56,0.40,0.10,0.00,inferred
North West Leicestershire,2021-05-27,0.95,0.86,0.72,0.56,0.40,0.10,0.00,inferred
North West Leicestershire,2021-05-28,0.95,0.86,0.72,0.56,0.40,0.10,0.00,inferred
North West Leicestershire,2021-05-29,0.95,0.86,0.72,0.56,0.40,0.10,0.00,inferred
North West Leicestershire,2021-05-30,0.95,0.86,0.72,0.56,0.40,0.10,0.00,inferred
North West Leicestershire,2021-05-31,0.95,0.86,0.72,0.56,0.40,0.10,0.00,inferred
North West Leicestershire,2021-06-01,1.00,0.99,0.97,0.92,0.84,0.40,0.03,inferred
North West Leicestershire,2021-06-02,1.00,0.99,0.97,0.92,0.84,0.40,0.03,inferred
North West Leicestershire,2021-06-03,1.00,0.99,0.97,0.92,0.84,0.40,0.03,inferred
North West Leicestershire,2021-06-04,1.00,0.99,0.97,0.92,0.84,0.40,0.03,inferred
North West Leicestershire,2021-06-05,1.00,0.99,0.97,0.92,0.84,0.40,0.03,inferred
North West Leicestershire,2021-06-06,1.00,0.99,0.97,0.92,0.84,0.40,0.03,inferred
North West Leicestershire,2021-06-07,1.00,0.99,0.97,0.92,0.84,0.40,0.03,inferred
North West Leicestershire,2021-06-08,1.00,1.00,1.00,0.99,0.98,0.69,0.10,inferred
North West Leicestershire,2021-06-09,1.00,1.00,1.00,0.99,0.98,0.69,0.10,inferred
North West Leicestershire,2021-06-10,1.00,1.00,1.00,0.99,0.98,0.69,0.10,inferred
North West Leicestershire,2021-06-11,1.00,1.00,1.00,0.99,0.98,0.69,0.10,inferred
North West Leicestershire,2021-06-12,1.00,1.00,1.00,0.99,0.98,0.69,0.10,inferred
North West Leicestershire,2021-06-13,1.00,1.00,1.00,0.99,0.98,0.69,0.10,inferred
North West Leicestershire,2021-06-14,1.00,1.00,1.00,0.99,0.98,0.69,0.10,inferred
North West Leicestershire,2021-06-15,1.00,1.00,1.00,1.00,1.00,0.99,0.63,inferred
North West Leicestershire,2021-06-16,1.00,1.00,1.00,1.00,1.00,0.99,0.63,inferred
North West Leicestershire,2021-06-17,1.00,1.00,1.00,1.00,1.00,0.99,0.63,inferred
North West Leicestershire,2021-06-18,1.00,1.00,1.00,1.00,1.00,0.99,0.63,inferred
North West Leicestershire,2021-06-19,1.00,1.00,1.00,1.00,1.00,0.99,0.63,inferred
North West Leicestershire,2021-06-20,1.00,1.00,1.00,1.00,1.00,0.99,0.63,inferred
North West Leicestershire,2021-06-21,1.00,1.00,1.00,1.00,1.00,0.99,0.63,inferred
North West Leicestershire,2021-06-22,1.00,1.00,1.00,1.00,1.00,1.00,0.90,inferred
North West Leicestershire,2021-06-23,1.00,1.00,1.00,1.00,1.00,1.00,0.90,inferred
North West Leicestershire,2021-06-24,1.00,1.00,1.00,1.00,1.00,1.00,0.90,inferred
North West Leicestershire,2021-06-25,1.00,1.00,1.00,1.00,1.00,1.00,0.90,inferred
North West Leicestershire,2021-06-26,1.00,1.00,1.00,1.00,1.00,1.00,0.90,inferred
North West Leicestershire,2021-06-27,1.00,1.00,1.00,1.00,1.00,1.00,0.90,inferred
North West Leicestershire,2021-06-28,1.00,1.00,1.00,1.00,1.00,1.00,0.90,inferred
North West Leicestershire,2021-06-29,1.00,1.00,1.00,1.00,0.99,0.87,0.46,inferred
North West Leicestershire,2021-06-30,1.00,1.00,1.00,1.00,0.99,0.87,0.46,inferred
North West Leicestershire,2021-07-01,1.00,1.00,1.00,1.00,0.99,0.87,0.46,inferred
North West Leicestershire,2021-07-02,1.00,1.00,1.00,1.00,0.99,0.87,0.46,inferred
North West Leicestershire,2021-07-03,1.00,1.00,1.00,1.00,0.99,0.87,0.46,inferred
North West Leicestershire,2021-07-04,1.00,1.00,1.00,1.00,0.99,0.87,0.46,inferred
North West Leicestershire,2021-07-05,1.00,1.00,1.00,1.00,0.99,0.87,0.46,inferred
North West Leicestershire,2021-07-06,1.00,0.99,0.98,0.95,0.90,0.69,0.33,projected
North West Leicestershire,2021-07-07,1.00,0.99,0.98,0.95,0.90,0.69,0.33,projected
North West Leicestershire,2021-07-08,1.00,0.99,0.98,0.95,0.90,0.69,0.33,projected
North West Leicestershire,2021-07-09,1.00,0.99,0.98,0.95,0.90,0.69,0.33,projected
North West Leicestershire,2021-07-10,1.00,0.99,0.98,0.95,0.90,0.69,0.33,projected
North West Leicestershire,2021-07-11,1.00,0.99,0.98,0.95,0.90,0.69,0.33,projected
North West Leicestershire,2021-07-12,1.00,0.99,0.98,0.95,0.90,0.69,0.33,projected
North West Leicestershire,2021-07-13,0.98,0.97,0.93,0.88,0.82,0.59,0.29,projected
North West Leicestershire,2021-07-14,0.98,0.97,0.93,0.88,0.82,0.59,0.29,projected
North West Leicestershire,2021-07-15,0.98,0.97,0.93,0.88,0.82,0.59,0.29,projected
North West Leicestershire,2021-07-16,0.98,0.97,0.93,0.88,0.82,0.59,0.29,projected
North West Leicestershire,2021-07-17,0.98,0.97,0.93,0.88,0.82,0.59,0.29,projected
North West Leicestershire,2021-07-18,0.98,0.97,0.93,0.88,0.82,0.59,0.29,projected
North West Leicestershire,2021-07-19,0.98,0.97,0.93,0.88,0.82,0.59,0.29,projected
North West Leicestershire,2021-07-20,0.97,0.94,0.89,0.83,0.77,0.55,0.26,projected
North West Leicestershire,2021-07-21,0.97,0.94,0.89,0.83,0.77,0.55,0.26,projected
North West Leicestershire,2021-07-22,0.97,0.94,0.89,0.83,0.77,0.55,0.26,projected
North West Leicestershire,2021-07-23,0.97,0.94,0.89,0.83,0.77,0.55,0.26,projected
North West Leicestershire,2021-07-24,0.97,0.94,0.89,0.83,0.77,0.55,0.26,projected
North West Leicestershire,2021-07-25,0.97,0.94,0.89,0.83,0.77,0.55,0.26,projected
North West Leicestershire,2021-07-26,0.97,0.94,0.89,0.83,0.77,0.55,0.26,projected
Northampton,2021-03-23,0.52,0.15,0.02,0.00,0.00,0.00,0.00,inferred
Northampton,2021-03-24,0.52,0.15,0.02,0.00,0.00,0.00,0.00,inferred
Northampton,2021-03-25,0.52,0.15,0.02,0.00,0.00,0.00,0.00,inferred
Northampton,2021-03-26,0.52,0.15,0.02,0.00,0.00,0.00,0.00,inferred
Northampton,2021-03-27,0.52,0.15,0.02,0.00,0.00,0.00,0.00,inferred
Northampton,2021-03-28,0.52,0.15,0.02,0.00,0.00,0.00,0.00,inferred
Northampton,2021-03-29,0.52,0.15,0.02,0.00,0.00,0.00,0.00,inferred
Northampton,2021-03-30,0.78,0.44,0.16,0.04,0.00,0.00,0.00,inferred
Northampton,2021-03-31,0.78,0.44,0.16,0.04,0.00,0.00,0.00,inferred
Northampton,2021-04-01,0.78,0.44,0.16,0.04,0.00,0.00,0.00,inferred
Northampton,2021-04-02,0.78,0.44,0.16,0.04,0.00,0.00,0.00,inferred
Northampton,2021-04-03,0.78,0.44,0.16,0.04,0.00,0.00,0.00,inferred
Northampton,2021-04-04,0.78,0.44,0.16,0.04,0.00,0.00,0.00,inferred
Northampton,2021-04-05,0.78,0.44,0.16,0.04,0.00,0.00,0.00,inferred
Northampton,2021-04-06,0.55,0.26,0.07,0.02,0.00,0.00,0.00,inferred
Northampton,2021-04-07,0.55,0.26,0.07,0.02,0.00,0.00,0.00,inferred
Northampton,2021-04-08,0.55,0.26,0.07,0.02,0.00,0.00,0.00,inferred
Northampton,2021-04-09,0.55,0.26,0.07,0.02,0.00,0.00,0.00,inferred
Northampton,2021-04-10,0.55,0.26,0.07,0.02,0.00,0.00,0.00,inferred
Northampton,2021-04-11,0.55,0.26,0.07,0.02,0.00,0.00,0.00,inferred
Northampton,2021-04-12,0.55,0.26,0.07,0.02,0.00,0.00,0.00,inferred
Northampton,2021-04-13,0.29,0.09,0.02,0.00,0.00,0.00,0.00,inferred
Northampton,2021-04-14,0.29,0.09,0.02,0.00,0.00,0.00,0.00,inferred
Northampton,2021-04-15,0.29,0.09,0.02,0.00,0.00,0.00,0.00,inferred
Northampton,2021-04-16,0.29,0.09,0.02,0.00,0.00,0.00,0.00,inferred
Northampton,2021-04-17,0.29,0.09,0.02,0.00,0.00,0.00,0.00,inferred
Northampton,2021-04-18,0.29,0.09,0.02,0.00,0.00,0.00,0.00,inferred
Northampton,2021-04-19,0.29,0.09,0.02,0.00,0.00,0.00,0.00,inferred
Northampton,2021-04-20,0.30,0.13,0.04,0.01,0.00,0.00,0.00,inferred
Northampton,2021-04-21,0.30,0.13,0.04,0.01,0.00,0.00,0.00,inferred
Northampton,2021-04-22,0.30,0.13,0.04,0.01,0.00,0.00,0.00,inferred
Northampton,2021-04-23,0.30,0.13,0.04,0.01,0.00,0.00,0.00,inferred
Northampton,2021-04-24,0.30,0.13,0.04,0.01,0.00,0.00,0.00,inferred
Northampton,2021-04-25,0.30,0.13,0.04,0.01,0.00,0.00,0.00,inferred
Northampton,2021-04-26,0.30,0.13,0.04,0.01,0.00,0.00,0.00,inferred
Northampton,2021-04-27,0.76,0.50,0.23,0.08,0.02,0.00,0.00,inferred
Northampton,2021-04-28,0.76,0.50,0.23,0.08,0.02,0.00,0.00,inferred
Northampton,2021-04-29,0.76,0.50,0.23,0.08,0.02,0.00,0.00,inferred
Northampton,2021-04-30,0.76,0.50,0.23,0.08,0.02,0.00,0.00,inferred
Northampton,2021-05-01,0.76,0.50,0.23,0.08,0.02,0.00,0.00,inferred
Northampton,2021-05-02,0.76,0.50,0.23,0.08,0.02,0.00,0.00,inferred
Northampton,2021-05-03,0.76,0.50,0.23,0.08,0.02,0.00,0.00,inferred
Northampton,2021-05-04,0.13,0.03,0.01,0.00,0.00,0.00,0.00,inferred
Northampton,2021-05-05,0.13,0.03,0.01,0.00,0.00,0.00,0.00,inferred
Northampton,2021-05-06,0.13,0.03,0.01,0.00,0.00,0.00,0.00,inferred
Northampton,2021-05-07,0.13,0.03,0.01,0.00,0.00,0.00,0.00,inferred
Northampton,2021-05-08,0.13,0.03,0.01,0.00,0.00,0.00,0.00,inferred
Northampton,2021-05-09,0.13,0.03,0.01,0.00,0.00,0.00,0.00,inferred
Northampton,2021-05-10,0.13,0.03,0.01,0.00,0.00,0.00,0.00,inferred
Northampton,2021-05-11,0.56,0.33,0.15,0.05,0.01,0.00,0.00,inferred
Northampton,2021-05-12,0.56,0.33,0.15,0.05,0.01,0.00,0.00,inferred
Northampton,2021-05-13,0.56,0.33,0.15,0.05,0.01,0.00,0.00,inferred
Northampton,2021-05-14,0.56,0.33,0.15,0.05,0.01,0.00,0.00,inferred
Northampton,2021-05-15,0.56,0.33,0.15,0.05,0.01,0.00,0.00,inferred
Northampton,2021-05-16,0.56,0.33,0.15,0.05,0.01,0.00,0.00,inferred
Northampton,2021-05-17,0.56,0.33,0.15,0.05,0.01,0.00,0.00,inferred
Northampton,2021-05-18,0.93,0.83,0.67,0.47,0.29,0.04,0.00,inferred
Northampton,2021-05-19,0.93,0.83,0.67,0.47,0.29,0.04,0.00,inferred
Northampton,2021-05-20,0.93,0.83,0.67,0.47,0.29,0.04,0.00,inferred
Northampton,2021-05-21,0.93,0.83,0.67,0.47,0.29,0.04,0.00,inferred
Northampton,2021-05-22,0.93,0.83,0.67,0.47,0.29,0.04,0.00,inferred
Northampton,2021-05-23,0.93,0.83,0.67,0.47,0.29,0.04,0.00,inferred
Northampton,2021-05-24,0.93,0.83,0.67,0.47,0.29,0.04,0.00,inferred
Northampton,2021-05-25,1.00,1.00,1.00,1.00,1.00,0.98,0.63,inferred
Northampton,2021-05-26,1.00,1.00,1.00,1.00,1.00,0.98,0.63,inferred
Northampton,2021-05-27,1.00,1.00,1.00,1.00,1.00,0.98,0.63,inferred
Northampton,2021-05-28,1.00,1.00,1.00,1.00,1.00,0.98,0.63,inferred
Northampton,2021-05-29,1.00,1.00,1.00,1.00,1.00,0.98,0.63,inferred
Northampton,2021-05-30,1.00,1.00,1.00,1.00,1.00,0.98,0.63,inferred
Northampton,2021-05-31,1.00,1.00,1.00,1.00,1.00,0.98,0.63,inferred
Northampton,2021-06-01,1.00,1.00,1.00,0.98,0.94,0.64,0.12,inferred
Northampton,2021-06-02,1.00,1.00,1.00,0.98,0.94,0.64,0.12,inferred
Northampton,2021-06-03,1.00,1.00,1.00,0.98,0.94,0.64,0.12,inferred
Northampton,2021-06-04,1.00,1.00,1.00,0.98,0.94,0.64,0.12,inferred
Northampton,2021-06-05,1.00,1.00,1.00,0.98,0.94,0.64,0.12,inferred
Northampton,2021-06-06,1.00,1.00,1.00,0.98,0.94,0.64,0.12,inferred
Northampton,2021-06-07,1.00,1.00,1.00,0.98,0.94,0.64,0.12,inferred
Northampton,2021-06-08,0.65,0.34,0.13,0.05,0.01,0.00,0.00,inferred
Northampton,2021-06-09,0.65,0.34,0.13,0.05,0.01,0.00,0.00,inferred
Northampton,2021-06-10,0.65,0.34,0.13,0.05,0.01,0.00,0.00,inferred
Northampton,2021-06-11,0.65,0.34,0.13,0.05,0.01,0.00,0.00,inferred
Northampton,2021-06-12,0.65,0.34,0.13,0.05,0.01,0.00,0.00,inferred
Northampton,2021-06-13,0.65,0.34,0.13,0.05,0.01,0.00,0.00,inferred
Northampton,2021-06-14,0.65,0.34,0.13,0.05,0.01,0.00,0.00,inferred
Northampton,2021-06-15,1.00,1.00,0.97,0.86,0.67,0.10,0.00,inferred
Northampton,2021-06-16,1.00,1.00,0.97,0.86,0.67,0.10,0.00,inferred
Northampton,2021-06-17,1.00,1.00,0.97,0.86,0.67,0.10,0.00,inferred
Northampton,2021-06-18,1.00,1.00,0.97,0.86,0.67,0.10,0.00,inferred
Northampton,2021-06-19,1.00,1.00,0.97,0.86,0.67,0.10,0.00,inferred
Northampton,2021-06-20,1.00,1.00,0.97,0.86,0.67,0.10,0.00,inferred
Northampton,2021-06-21,1.00,1.00,0.97,0.86,0.67,0.10,0.00,inferred
Northampton,2021-06-22,1.00,1.00,1.00,1.00,1.00,0.96,0.40,inferred
Northampton,2021-06-23,1.00,1.00,1.00,1.00,1.00,0.96,0.40,inferred
Northampton,2021-06-24,1.00,1.00,1.00,1.00,1.00,0.96,0.40,inferred
Northampton,2021-06-25,1.00,1.00,1.00,1.00,1.00,0.96,0.40,inferred
Northampton,2021-06-26,1.00,1.00,1.00,1.00,1.00,0.96,0.40,inferred
Northampton,2021-06-27,1.00,1.00,1.00,1.00,1.00,0.96,0.40,inferred
Northampton,2021-06-28,1.00,1.00,1.00,1.00,1.00,0.96,0.40,inferred
Northampton,2021-06-29,1.00,0.98,0.94,0.87,0.76,0.33,0.03,inferred
Northampton,2021-06-30,1.00,0.98,0.94,0.87,0.76,0.33,0.03,inferred
Northampton,2021-07-01,1.00,0.98,0.94,0.87,0.76,0.33,0.03,inferred
Northampton,2021-07-02,1.00,0.98,0.94,0.87,0.76,0.33,0.03,inferred
Northampton,2021-07-03,1.00,0.98,0.94,0.87,0.76,0.33,0.03,inferred
Northampton,2021-07-04,1.00,0.98,0.94,0.87,0.76,0.33,0.03,inferred
Northampton,2021-07-05,1.00,0.98,0.94,0.87,0.76,0.33,0.03,inferred
Northampton,2021-07-06,0.97,0.93,0.88,0.80,0.69,0.37,0.09,projected
Northampton,2021-07-07,0.97,0.93,0.88,0.80,0.69,0.37,0.09,projected
Northampton,2021-07-08,0.97,0.93,0.88,0.80,0.69,0.37,0.09,projected
Northampton,2021-07-09,0.97,0.93,0.88,0.80,0.69,0.37,0.09,projected
Northampton,2021-07-10,0.97,0.93,0.88,0.80,0.69,0.37,0.09,projected
Northampton,2021-07-11,0.97,0.93,0.88,0.80,0.69,0.37,0.09,projected
Northampton,2021-07-12,0.97,0.93,0.88,0.80,0.69,0.37,0.09,projected
Northampton,2021-07-13,0.97,0.93,0.86,0.78,0.67,0.38,0.13,projected
Northampton,2021-07-14,0.97,0.93,0.86,0.78,0.67,0.38,0.13,projected
Northampton,2021-07-15,0.97,0.93,0.86,0.78,0.67,0.38,0.13,projected
Northampton,2021-07-16,0.97,0.93,0.86,0.78,0.67,0.38,0.13,projected
Northampton,2021-07-17,0.97,0.93,0.86,0.78,0.67,0.38,0.13,projected
Northampton,2021-07-18,0.97,0.93,0.86,0.78,0.67,0.38,0.13,projected
Northampton,2021-07-19,0.97,0.93,0.86,0.78,0.67,0.38,0.13,projected
Northampton,2021-07-20,0.96,0.92,0.86,0.79,0.69,0.43,0.17,projected
Northampton,2021-07-21,0.96,0.92,0.86,0.79,0.69,0.43,0.17,projected
Northampton,2021-07-22,0.96,0.92,0.86,0.79,0.69,0.43,0.17,projected
Northampton,2021-07-23,0.96,0.92,0.86,0.79,0.69,0.43,0.17,projected
Northampton,2021-07-24,0.96,0.92,0.86,0.79,0.69,0.43,0.17,projected
Northampton,2021-07-25,0.96,0.92,0.86,0.79,0.69,0.43,0.17,projected
Northampton,2021-07-26,0.96,0.92,0.86,0.79,0.69,0.43,0.17,projected
Northumberland,2021-03-23,0.02,0.00,0.00,0.00,0.00,0.00,0.00,inferred
Northumberland,2021-03-24,0.02,0.00,0.00,0.00,0.00,0.00,0.00,inferred
Northumberland,2021-03-25,0.02,0.00,0.00,0.00,0.00,0.00,0.00,inferred
Northumberland,2021-03-26,0.02,0.00,0.00,0.00,0.00,0.00,0.00,inferred
Northumberland,2021-03-27,0.02,0.00,0.00,0.00,0.00,0.00,0.00,inferred
Northumberland,2021-03-28,0.02,0.00,0.00,0.00,0.00,0.00,0.00,inferred
Northumberland,2021-03-29,0.02,0.00,0.00,0.00,0.00,0.00,0.00,inferred
Northumberland,2021-03-30,0.24,0.05,0.01,0.00,0.00,0.00,0.00,inferred
Northumberland,2021-03-31,0.24,0.05,0.01,0.00,0.00,0.00,0.00,inferred
Northumberland,2021-04-01,0.24,0.05,0.01,0.00,0.00,0.00,0.00,inferred
Northumberland,2021-04-02,0.24,0.05,0.01,0.00,0.00,0.00,0.00,inferred
Northumberland,2021-04-03,0.24,0.05,0.01,0.00,0.00,0.00,0.00,inferred
Northumberland,2021-04-04,0.24,0.05,0.01,0.00,0.00,0.00,0.00,inferred
Northumberland,2021-04-05,0.24,0.05,0.01,0.00,0.00,0.00,0.00,inferred
Northumberland,2021-04-06,0.20,0.05,0.01,0.00,0.00,0.00,0.00,inferred
Northumberland,2021-04-07,0.20,0.05,0.01,0.00,0.00,0.00,0.00,inferred
Northumberland,2021-04-08,0.20,0.05,0.01,0.00,0.00,0.00,0.00,inferred
Northumberland,2021-04-09,0.20,0.05,0.01,0.00,0.00,0.00,0.00,inferred
Northumberland,2021-04-10,0.20,0.05,0.01,0.00,0.00,0.00,0.00,inferred
Northumberland,2021-04-11,0.20,0.05,0.01,0.00,0.00,0.00,0.00,inferred
Northumberland,2021-04-12,0.20,0.05,0.01,0.00,0.00,0.00,0.00,inferred
Northumberland,2021-04-13,0.36,0.16,0.05,0.01,0.00,0.00,0.00,inferred
Northumberland,2021-04-14,0.36,0.16,0.05,0.01,0.00,0.00,0.00,inferred
Northumberland,2021-04-15,0.36,0.16,0.05,0.01,0.00,0.00,0.00,inferred
Northumberland,2021-04-16,0.36,0.16,0.05,0.01,0.00,0.00,0.00,inferred
Northumberland,2021-04-17,0.36,0.16,0.05,0.01,0.00,0.00,0.00,inferred
Northumberland,2021-04-18,0.36,0.16,0.05,0.01,0.00,0.00,0.00,inferred
Northumberland,2021-04-19,0.36,0.16,0.05,0.01,0.00,0.00,0.00,inferred
Northumberland,2021-04-20,0.68,0.46,0.25,0.11,0.04,0.00,0.00,inferred
Northumberland,2021-04-21,0.68,0.46,0.25,0.11,0.04,0.00,0.00,inferred
Northumberland,2021-04-22,0.68,0.46,0.25,0.11,0.04,0.00,0.00,inferred
Northumberland,2021-04-23,0.68,0.46,0.25,0.11,0.04,0.00,0.00,inferred
Northumberland,2021-04-24,0.68,0.46,0.25,0.11,0.04,0.00,0.00,inferred
Northumberland,2021-04-25,0.68,0.46,0.25,0.11,0.04,0.00,0.00,inferred
Northumberland,2021-04-26,0.68,0.46,0.25,0.11,0.04,0.00,0.00,inferred
Northumberland,2021-04-27,0.89,0.73,0.51,0.30,0.16,0.01,0.00,inferred
Northumberland,2021-04-28,0.89,0.73,0.51,0.30,0.16,0.01,0.00,inferred
Northumberland,2021-04-29,0.89,0.73,0.51,0.30,0.16,0.01,0.00,inferred
Northumberland,2021-04-30,0.89,0.73,0.51,0.30,0.16,0.01,0.00,inferred
Northumberland,2021-05-01,0.89,0.73,0.51,0.30,0.16,0.01,0.00,inferred
Northumberland,2021-05-02,0.89,0.73,0.51,0.30,0.16,0.01,0.00,inferred
Northumberland,2021-05-03,0.89,0.73,0.51,0.30,0.16,0.01,0.00,inferred
Northumberland,2021-05-04,0.76,0.52,0.29,0.14,0.06,0.00,0.00,inferred
Northumberland,2021-05-05,0.76,0.52,0.29,0.14,0.06,0.00,0.00,inferred
Northumberland,2021-05-06,0.76,0.52,0.29,0.14,0.06,0.00,0.00,inferred
Northumberland,2021-05-07,0.76,0.52,0.29,0.14,0.06,0.00,0.00,inferred
Northumberland,2021-05-08,0.76,0.52,0.29,0.14,0.06,0.00,0.00,inferred
Northumberland,2021-05-09,0.76,0.52,0.29,0.14,0.06,0.00,0.00,inferred
Northumberland,2021-05-10,0.76,0.52,0.29,0.14,0.06,0.00,0.00,inferred
Northumberland,2021-05-11,0.59,0.39,0.21,0.08,0.02,0.00,0.00,inferred
Northumberland,2021-05-12,0.59,0.39,0.21,0.08,0.02,0.00,0.00,inferred
Northumberland,2021-05-13,0.59,0.39,0.21,0.08,0.02,0.00,0.00,inferred
Northumberland,2021-05-14,0.59,0.39,0.21,0.08,0.02,0.00,0.00,inferred
Northumberland,2021-05-15,0.59,0.39,0.21,0.08,0.02,0.00,0.00,inferred
Northumberland,2021-05-16,0.59,0.39,0.21,0.08,0.02,0.00,0.00,inferred
Northumberland,2021-05-17,0.59,0.39,0.21,0.08,0.02,0.00,0.00,inferred
Northumberland,2021-05-18,1.00,1.00,0.99,0.98,0.94,0.58,0.06,inferred
Northumberland,2021-05-19,1.00,1.00,0.99,0.98,0.94,0.58,0.06,inferred
Northumberland,2021-05-20,1.00,1.00,0.99,0.98,0.94,0.58,0.06,inferred
Northumberland,2021-05-21,1.00,1.00,0.99,0.98,0.94,0.58,0.06,inferred
Northumberland,2021-05-22,1.00,1.00,0.99,0.98,0.94,0.58,0.06,inferred
Northumberland,2021-05-23,1.00,1.00,0.99,0.98,0.94,0.58,0.06,inferred
Northumberland,2021-05-24,1.00,1.00,0.99,0.98,0.94,0.58,0.06,inferred
Northumberland,2021-05-25,1.00,1.00,1.00,1.00,1.00,1.00,0.97,inferred
Northumberland,2021-05-26,1.00,1.00,1.00,1.00,1.00,1.00,0.97,inferred
Northumberland,2021-05-27,1.00,1.00,1.00,1.00,1.00,1.00,0.97,inferred
Northumberland,2021-05-28,1.00,1.00,1.00,1.00,1.00,1.00,0.97,inferred
Northumberland,2021-05-29,1.00,1.00,1.00,1.00,1.00,1.00,0.97,inferred
Northumberland,2021-05-30,1.00,1.00,1.00,1.00,1.00,1.00,0.97,inferred
Northumberland,2021-05-31,1.00,1.00,1.00,1.00,1.00,1.00,0.97,inferred
Northumberland,2021-06-01,1.00,1.00,1.00,1.00,1.00,0.98,0.77,inferred
Northumberland,2021-06-02,1.00,1.00,1.00,1.00,1.00,0.98,0.77,inferred
Northumberland,2021-06-03,1.00,1.00,1.00,1.00,1.00,0.98,0.77,inferred
Northumberland,2021-06-04,1.00,1.00,1.00,1.00,1.00,0.98,0.77,inferred
Northumberland,2021-06-05,1.00,1.00,1.00,1.00,1.00,0.98,0.77,inferred
Northumberland,2021-06-06,1.00,1.00,1.00,1.00,1.00,0.98,0.77,inferred
Northumberland,2021-06-07,1.00,1.00,1.00,1.00,1.00,0.98,0.77,inferred
Northumberland,2021-06-08,1.00,1.00,0.96,0.83,0.62,0.09,0.00,inferred
Northumberland,2021-06-09,1.00,1.00,0.96,0.83,0.62,0.09,0.00,inferred
Northumberland,2021-06-10,1.00,1.00,0.96,0.83,0.62,0.09,0.00,inferred
Northumberland,2021-06-11,1.00,1.00,0.96,0.83,0.62,0.09,0.00,inferred
Northumberland,2021-06-12,1.00,1.00,0.96,0.83,0.62,0.09,0.00,inferred
Northumberland,2021-06-13,1.00,1.00,0.96,0.83,0.62,0.09,0.00,inferred
Northumberland,2021-06-14,1.00,1.00,0.96,0.83,0.62,0.09,0.00,inferred
Northumberland,2021-06-15,1.00,1.00,1.00,1.00,1.00,0.93,0.10,inferred
Northumberland,2021-06-16,1.00,1.00,1.00,1.00,1.00,0.93,0.10,inferred
Northumberland,2021-06-17,1.00,1.00,1.00,1.00,1.00,0.93,0.10,inferred
Northumberland,2021-06-18,1.00,1.00,1.00,1.00,1.00,0.93,0.10,inferred
Northumberland,2021-06-19,1.00,1.00,1.00,1.00,1.00,0.93,0.10,inferred
Northumberland,2021-06-20,1.00,1.00,1.00,1.00,1.00,0.93,0.10,inferred
Northumberland,2021-06-21,1.00,1.00,1.00,1.00,1.00,0.93,0.10,inferred
Northumberland,2021-06-22,1.00,1.00,1.00,1.00,1.00,0.89,0.17,inferred
Northumberland,2021-06-23,1.00,1.00,1.00,1.00,1.00,0.89,0.17,inferred
Northumberland,2021-06-24,1.00,1.00,1.00,1.00,1.00,0.89,0.17,inferred
Northumberland,2021-06-25,1.00,1.00,1.00,1.00,1.00,0.89,0.17,inferred
Northumberland,2021-06-26,1.00,1.00,1.00,1.00,1.00,0.89,0.17,inferred
Northumberland,2021-06-27,1.00,1.00,1.00,1.00,1.00,0.89,0.17,inferred
Northumberland,2021-06-28,1.00,1.00,1.00,1.00,1.00,0.89,0.17,inferred
Northumberland,2021-06-29,1.00,1.00,0.98,0.92,0.82,0.29,0.01,inferred
Northumberland,2021-06-30,1.00,1.00,0.98,0.92,0.82,0.29,0.01,inferred
Northumberland,2021-07-01,1.00,1.00,0.98,0.92,0.82,0.29,0.01,inferred
Northumberland,2021-07-02,1.00,1.00,0.98,0.92,0.82,0.29,0.01,inferred
Northumberland,2021-07-03,1.00,1.00,0.98,0.92,0.82,0.29,0.01,inferred
Northumberland,2021-07-04,1.00,1.00,0.98,0.92,0.82,0.29,0.01,inferred
Northumberland,2021-07-05,1.00,1.00,0.98,0.92,0.82,0.29,0.01,inferred
Northumberland,2021-07-06,0.98,0.93,0.87,0.78,0.67,0.33,0.07,projected
Northumberland,2021-07-07,0.98,0.93,0.87,0.78,0.67,0.33,0.07,projected
Northumberland,2021-07-08,0.98,0.93,0.87,0.78,0.67,0.33,0.07,projected
Northumberland,2021-07-09,0.98,0.93,0.87,0.78,0.67,0.33,0.07,projected
Northumberland,2021-07-10,0.98,0.93,0.87,0.78,0.67,0.33,0.07,projected
Northumberland,2021-07-11,0.98,0.93,0.87,0.78,0.67,0.33,0.07,projected
Northumberland,2021-07-12,0.98,0.93,0.87,0.78,0.67,0.33,0.07,projected
Northumberland,2021-07-13,0.94,0.87,0.79,0.69,0.58,0.33,0.10,projected
Northumberland,2021-07-14,0.94,0.87,0.79,0.69,0.58,0.33,0.10,projected
Northumberland,2021-07-15,0.94,0.87,0.79,0.69,0.58,0.33,0.10,projected
Northumberland,2021-07-16,0.94,0.87,0.79,0.69,0.58,0.33,0.10,projected
Northumberland,2021-07-17,0.94,0.87,0.79,0.69,0.58,0.33,0.10,projected
Northumberland,2021-07-18,0.94,0.87,0.79,0.69,0.58,0.33,0.10,projected
Northumberland,2021-07-19,0.94,0.87,0.79,0.69,0.58,0.33,0.10,projected
Northumberland,2021-07-20,0.93,0.87,0.78,0.69,0.60,0.34,0.12,projected
Northumberland,2021-07-21,0.93,0.87,0.78,0.69,0.60,0.34,0.12,projected
Northumberland,2021-07-22,0.93,0.87,0.78,0.69,0.60,0.34,0.12,projected
Northumberland,2021-07-23,0.93,0.87,0.78,0.69,0.60,0.34,0.12,projected
Northumberland,2021-07-24,0.93,0.87,0.78,0.69,0.60,0.34,0.12,projected
Northumberland,2021-07-25,0.93,0.87,0.78,0.69,0.60,0.34,0.12,projected
Northumberland,2021-07-26,0.93,0.87,0.78,0.69,0.60,0.34,0.12,projected
Norwich,2021-03-23,0.01,0.00,0.00,0.00,0.00,0.00,0.00,inferred
Norwich,2021-03-24,0.01,0.00,0.00,0.00,0.00,0.00,0.00,inferred
Norwich,2021-03-25,0.01,0.00,0.00,0.00,0.00,0.00,0.00,inferred
Norwich,2021-03-26,0.01,0.00,0.00,0.00,0.00,0.00,0.00,inferred
Norwich,2021-03-27,0.01,0.00,0.00,0.00,0.00,0.00,0.00,inferred
Norwich,2021-03-28,0.01,0.00,0.00,0.00,0.00,0.00,0.00,inferred
Norwich,2021-03-29,0.01,0.00,0.00,0.00,0.00,0.00,0.00,inferred
Norwich,2021-03-30,0.25,0.11,0.03,0.01,0.00,0.00,0.00,inferred
Norwich,2021-03-31,0.25,0.11,0.03,0.01,0.00,0.00,0.00,inferred
Norwich,2021-04-01,0.25,0.11,0.03,0.01,0.00,0.00,0.00,inferred
Norwich,2021-04-02,0.25,0.11,0.03,0.01,0.00,0.00,0.00,inferred
Norwich,2021-04-03,0.25,0.11,0.03,0.01,0.00,0.00,0.00,inferred
Norwich,2021-04-04,0.25,0.11,0.03,0.01,0.00,0.00,0.00,inferred
Norwich,2021-04-05,0.25,0.11,0.03,0.01,0.00,0.00,0.00,inferred
Norwich,2021-04-06,0.57,0.38,0.23,0.12,0.05,0.00,0.00,inferred
Norwich,2021-04-07,0.57,0.38,0.23,0.12,0.05,0.00,0.00,inferred
Norwich,2021-04-08,0.57,0.38,0.23,0.12,0.05,0.00,0.00,inferred
Norwich,2021-04-09,0.57,0.38,0.23,0.12,0.05,0.00,0.00,inferred
Norwich,2021-04-10,0.57,0.38,0.23,0.12,0.05,0.00,0.00,inferred
Norwich,2021-04-11,0.57,0.38,0.23,0.12,0.05,0.00,0.00,inferred
Norwich,2021-04-12,0.57,0.38,0.23,0.12,0.05,0.00,0.00,inferred
Norwich,2021-04-13,0.98,0.95,0.90,0.83,0.70,0.29,0.02,inferred
Norwich,2021-04-14,0.98,0.95,0.90,0.83,0.70,0.29,0.02,inferred
Norwich,2021-04-15,0.98,0.95,0.90,0.83,0.70,0.29,0.02,inferred
Norwich,2021-04-16,0.98,0.95,0.90,0.83,0.70,0.29,0.02,inferred
Norwich,2021-04-17,0.98,0.95,0.90,0.83,0.70,0.29,0.02,inferred
Norwich,2021-04-18,0.98,0.95,0.90,0.83,0.70,0.29,0.02,inferred
Norwich,2021-04-19,0.98,0.95,0.90,0.83,0.70,0.29,0.02,inferred
Norwich,2021-04-20,0.97,0.94,0.85,0.74,0.59,0.17,0.01,inferred
Norwich,2021-04-21,0.97,0.94,0.85,0.74,0.59,0.17,0.01,inferred
Norwich,2021-04-22,0.97,0.94,0.85,0.74,0.59,0.17,0.01,inferred
Norwich,2021-04-23,0.97,0.94,0.85,0.74,0.59,0.17,0.01,inferred
Norwich,2021-04-24,0.97,0.94,0.85,0.74,0.59,0.17,0.01,inferred
Norwich,2021-04-25,0.97,0.94,0.85,0.74,0.59,0.17,0.01,inferred
Norwich,2021-04-26,0.97,0.94,0.85,0.74,0.59,0.17,0.01,inferred
Norwich,2021-04-27,0.84,0.71,0.52,0.34,0.18,0.02,0.00,inferred
Norwich,2021-04-28,0.84,0.71,0.52,0.34,0.18,0.02,0.00,inferred
Norwich,2021-04-29,0.84,0.71,0.52,0.34,0.18,0.02,0.00,inferred
Norwich,2021-04-30,0.84,0.71,0.52,0.34,0.18,0.02,0.00,inferred
Norwich,2021-05-01,0.84,0.71,0.52,0.34,0.18,0.02,0.00,inferred
Norwich,2021-05-02,0.84,0.71,0.52,0.34,0.18,0.02,0.00,inferred
Norwich,2021-05-03,0.84,0.71,0.52,0.34,0.18,0.02,0.00,inferred
Norwich,2021-05-04,0.78,0.58,0.38,0.21,0.11,0.01,0.00,inferred
Norwich,2021-05-05,0.78,0.58,0.38,0.21,0.11,0.01,0.00,inferred
Norwich,2021-05-06,0.78,0.58,0.38,0.21,0.11,0.01,0.00,inferred
Norwich,2021-05-07,0.78,0.58,0.38,0.21,0.11,0.01,0.00,inferred
Norwich,2021-05-08,0.78,0.58,0.38,0.21,0.11,0.01,0.00,inferred
Norwich,2021-05-09,0.78,0.58,0.38,0.21,0.11,0.01,0.00,inferred
Norwich,2021-05-10,0.78,0.58,0.38,0.21,0.11,0.01,0.00,inferred
Norwich,2021-05-11,0.81,0.64,0.43,0.25,0.13,0.01,0.00,inferred
Norwich,2021-05-12,0.81,0.64,0.43,0.25,0.13,0.01,0.00,inferred
Norwich,2021-05-13,0.81,0.64,0.43,0.25,0.13,0.01,0.00,inferred
Norwich,2021-05-14,0.81,0.64,0.43,0.25,0.13,0.01,0.00,inferred
Norwich,2021-05-15,0.81,0.64,0.43,0.25,0.13,0.01,0.00,inferred
Norwich,2021-05-16,0.81,0.64,0.43,0.25,0.13,0.01,0.00,inferred
Norwich,2021-05-17,0.81,0.64,0.43,0.25,0.13,0.01,0.00,inferred
Norwich,2021-05-18,0.57,0.38,0.22,0.11,0.06,0.00,0.00,inferred
Norwich,2021-05-19,0.57,0.38,0.22,0.11,0.06,0.00,0.00,inferred
Norwich,2021-05-20,0.57,0.38,0.22,0.11,0.06,0.00,0.00,inferred
Norwich,2021-05-21,0.57,0.38,0.22,0.11,0.06,0.00,0.00,inferred
Norwich,2021-05-22,0.57,0.38,0.22,0.11,0.06,0.00,0.00,inferred
Norwich,2021-05-23,0.57,0.38,0.22,0.11,0.06,0.00,0.00,inferred
Norwich,2021-05-24,0.57,0.38,0.22,0.11,0.06,0.00,0.00,inferred
Norwich,2021-05-25,0.97,0.92,0.83,0.70,0.55,0.16,0.00,inferred
Norwich,2021-05-26,0.97,0.92,0.83,0.70,0.55,0.16,0.00,inferred
Norwich,2021-05-27,0.97,0.92,0.83,0.70,0.55,0.16,0.00,inferred
Norwich,2021-05-28,0.97,0.92,0.83,0.70,0.55,0.16,0.00,inferred
Norwich,2021-05-29,0.97,0.92,0.83,0.70,0.55,0.16,0.00,inferred
Norwich,2021-05-30,0.97,0.92,0.83,0.70,0.55,0.16,0.00,inferred
Norwich,2021-05-31,0.97,0.92,0.83,0.70,0.55,0.16,0.00,inferred
Norwich,2021-06-01,1.00,0.99,0.95,0.89,0.78,0.34,0.02,inferred
Norwich,2021-06-02,1.00,0.99,0.95,0.89,0.78,0.34,0.02,inferred
Norwich,2021-06-03,1.00,0.99,0.95,0.89,0.78,0.34,0.02,inferred
Norwich,2021-06-04,1.00,0.99,0.95,0.89,0.78,0.34,0.02,inferred
Norwich,2021-06-05,1.00,0.99,0.95,0.89,0.78,0.34,0.02,inferred
Norwich,2021-06-06,1.00,0.99,0.95,0.89,0.78,0.34,0.02,inferred
Norwich,2021-06-07,1.00,0.99,0.95,0.89,0.78,0.34,0.02,inferred
Norwich,2021-06-08,1.00,1.00,0.99,0.96,0.90,0.47,0.04,inferred
Norwich,2021-06-09,1.00,1.00,0.99,0.96,0.90,0.47,0.04,inferred
Norwich,2021-06-10,1.00,1.00,0.99,0.96,0.90,0.47,0.04,inferred
Norwich,2021-06-11,1.00,1.00,0.99,0.96,0.90,0.47,0.04,inferred
Norwich,2021-06-12,1.00,1.00,0.99,0.96,0.90,0.47,0.04,inferred
Norwich,2021-06-13,1.00,1.00,0.99,0.96,0.90,0.47,0.04,inferred
Norwich,2021-06-14,1.00,1.00,0.99,0.96,0.90,0.47,0.04,inferred
Norwich,2021-06-15,1.00,1.00,1.00,1.00,1.00,0.92,0.33,inferred
Norwich,2021-06-16,1.00,1.00,1.00,1.00,1.00,0.92,0.33,inferred
Norwich,2021-06-17,1.00,1.00,1.00,1.00,1.00,0.92,0.33,inferred
Norwich,2021-06-18,1.00,1.00,1.00,1.00,1.00,0.92,0.33,inferred
Norwich,2021-06-19,1.00,1.00,1.00,1.00,1.00,0.92,0.33,inferred
Norwich,2021-06-20,1.00,1.00,1.00,1.00,1.00,0.92,0.33,inferred
Norwich,2021-06-21,1.00,1.00,1.00,1.00,1.00,0.92,0.33,inferred
Norwich,2021-06-22,1.00,1.00,1.00,1.00,1.00,0.96,0.55,inferred
Norwich,2021-06-23,1.00,1.00,1.00,1.00,1.00,0.96,0.55,inferred
Norwich,2021-06-24,1.00,1.00,1.00,1.00,1.00,0.96,0.55,inferred
Norwich,2021-06-25,1.00,1.00,1.00,1.00,1.00,0.96,0.55,inferred
Norwich,2021-06-26,1.00,1.00,1.00,1.00,1.00,0.96,0.55,inferred
Norwich,2021-06-27,1.00,1.00,1.00,1.00,1.00,0.96,0.55,inferred
Norwich,2021-06-28,1.00,1.00,1.00,1.00,1.00,0.96,0.55,inferred
Norwich,2021-06-29,1.00,1.00,1.00,1.00,1.00,0.94,0.58,inferred
Norwich,2021-06-30,1.00,1.00,1.00,1.00,1.00,0.94,0.58,inferred
Norwich,2021-07-01,1.00,1.00,1.00,1.00,1.00,0.94,0.58,inferred
Norwich,2021-07-02,1.00,1.00,1.00,1.00,1.00,0.94,0.58,inferred
Norwich,2021-07-03,1.00,1.00,1.00,1.00,1.00,0.94,0.58,inferred
Norwich,2021-07-04,1.00,1.00,1.00,1.00,1.00,0.94,0.58,inferred
Norwich,2021-07-05,1.00,1.00,1.00,1.00,1.00,0.94,0.58,inferred
Norwich,2021-07-06,1.00,1.00,0.99,0.98,0.96,0.84,0.45,projected
Norwich,2021-07-07,1.00,1.00,0.99,0.98,0.96,0.84,0.45,projected
Norwich,2021-07-08,1.00,1.00,0.99,0.98,0.96,0.84,0.45,projected
Norwich,2021-07-09,1.00,1.00,0.99,0.98,0.96,0.84,0.45,projected
Norwich,2021-07-10,1.00,1.00,0.99,0.98,0.96,0.84,0.45,projected
Norwich,2021-07-11,1.00,1.00,0.99,0.98,0.96,0.84,0.45,projected
Norwich,2021-07-12,1.00,1.00,0.99,0.98,0.96,0.84,0.45,projected
Norwich,2021-07-13,1.00,0.99,0.98,0.97,0.94,0.76,0.41,projected
Norwich,2021-07-14,1.00,0.99,0.98,0.97,0.94,0.76,0.41,projected
Norwich,2021-07-15,1.00,0.99,0.98,0.97,0.94,0.76,0.41,projected
Norwich,2021-07-16,1.00,0.99,0.98,0.97,0.94,0.76,0.41,projected
Norwich,2021-07-17,1.00,0.99,0.98,0.97,0.94,0.76,0.41,projected
Norwich,2021-07-18,1.00,0.99,0.98,0.97,0.94,0.76,0.41,projected
Norwich,2021-07-19,1.00,0.99,0.98,0.97,0.94,0.76,0.41,projected
Norwich,2021-07-20,1.00,0.99,0.97,0.94,0.90,0.72,0.37,projected
Norwich,2021-07-21,1.00,0.99,0.97,0.94,0.90,0.72,0.37,projected
Norwich,2021-07-22,1.00,0.99,0.97,0.94,0.90,0.72,0.37,projected
Norwich,2021-07-23,1.00,0.99,0.97,0.94,0.90,0.72,0.37,projected
Norwich,2021-07-24,1.00,0.99,0.97,0.94,0.90,0.72,0.37,projected
Norwich,2021-07-25,1.00,0.99,0.97,0.94,0.90,0.72,0.37,projected
Norwich,2021-07-26,1.00,0.99,0.97,0.94,0.90,0.72,0.37,projected
Nottingham,2021-03-23,0.01,0.00,0.00,0.00,0.00,0.00,0.00,inferred
Nottingham,2021-03-24,0.01,0.00,0.00,0.00,0.00,0.00,0.00,inferred
Nottingham,2021-03-25,0.01,0.00,0.00,0.00,0.00,0.00,0.00,inferred
Nottingham,2021-03-26,0.01,0.00,0.00,0.00,0.00,0.00,0.00,inferred
Nottingham,2021-03-27,0.01,0.00,0.00,0.00,0.00,0.00,0.00,inferred
Nottingham,2021-03-28,0.01,0.00,0.00,0.00,0.00,0.00,0.00,inferred
Nottingham,2021-03-29,0.01,0.00,0.00,0.00,0.00,0.00,0.00,inferred
Nottingham,2021-03-30,0.59,0.25,0.06,0.01,0.00,0.00,0.00,inferred
Nottingham,2021-03-31,0.59,0.25,0.06,0.01,0.00,0.00,0.00,inferred
Nottingham,2021-04-01,0.59,0.25,0.06,0.01,0.00,0.00,0.00,inferred
Nottingham,2021-04-02,0.59,0.25,0.06,0.01,0.00,0.00,0.00,inferred
Nottingham,2021-04-03,0.59,0.25,0.06,0.01,0.00,0.00,0.00,inferred
Nottingham,2021-04-04,0.59,0.25,0.06,0.01,0.00,0.00,0.00,inferred
Nottingham,2021-04-05,0.59,0.25,0.06,0.01,0.00,0.00,0.00,inferred
Nottingham,2021-04-06,0.41,0.16,0.03,0.01,0.00,0.00,0.00,inferred
Nottingham,2021-04-07,0.41,0.16,0.03,0.01,0.00,0.00,0.00,inferred
Nottingham,2021-04-08,0.41,0.16,0.03,0.01,0.00,0.00,0.00,inferred
Nottingham,2021-04-09,0.41,0.16,0.03,0.01,0.00,0.00,0.00,inferred
Nottingham,2021-04-10,0.41,0.16,0.03,0.01,0.00,0.00,0.00,inferred
Nottingham,2021-04-11,0.41,0.16,0.03,0.01,0.00,0.00,0.00,inferred
Nottingham,2021-04-12,0.41,0.16,0.03,0.01,0.00,0.00,0.00,inferred
Nottingham,2021-04-13,0.85,0.61,0.32,0.12,0.04,0.00,0.00,inferred
Nottingham,2021-04-14,0.85,0.61,0.32,0.12,0.04,0.00,0.00,inferred
Nottingham,2021-04-15,0.85,0.61,0.32,0.12,0.04,0.00,0.00,inferred
Nottingham,2021-04-16,0.85,0.61,0.32,0.12,0.04,0.00,0.00,inferred
Nottingham,2021-04-17,0.85,0.61,0.32,0.12,0.04,0.00,0.00,inferred
Nottingham,2021-04-18,0.85,0.61,0.32,0.12,0.04,0.00,0.00,inferred
Nottingham,2021-04-19,0.85,0.61,0.32,0.12,0.04,0.00,0.00,inferred
Nottingham,2021-04-20,0.97,0.86,0.64,0.35,0.14,0.00,0.00,inferred
Nottingham,2021-04-21,0.97,0.86,0.64,0.35,0.14,0.00,0.00,inferred
Nottingham,2021-04-22,0.97,0.86,0.64,0.35,0.14,0.00,0.00,inferred
Nottingham,2021-04-23,0.97,0.86,0.64,0.35,0.14,0.00,0.00,inferred
Nottingham,2021-04-24,0.97,0.86,0.64,0.35,0.14,0.00,0.00,inferred
Nottingham,2021-04-25,0.97,0.86,0.64,0.35,0.14,0.00,0.00,inferred
Nottingham,2021-04-26,0.97,0.86,0.64,0.35,0.14,0.00,0.00,inferred
Nottingham,2021-04-27,1.00,1.00,0.98,0.89,0.74,0.15,0.00,inferred
Nottingham,2021-04-28,1.00,1.00,0.98,0.89,0.74,0.15,0.00,inferred
Nottingham,2021-04-29,1.00,1.00,0.98,0.89,0.74,0.15,0.00,inferred
Nottingham,2021-04-30,1.00,1.00,0.98,0.89,0.74,0.15,0.00,inferred
Nottingham,2021-05-01,1.00,1.00,0.98,0.89,0.74,0.15,0.00,inferred
Nottingham,2021-05-02,1.00,1.00,0.98,0.89,0.74,0.15,0.00,inferred
Nottingham,2021-05-03,1.00,1.00,0.98,0.89,0.74,0.15,0.00,inferred
Nottingham,2021-05-04,0.46,0.19,0.05,0.01,0.00,0.00,0.00,inferred
Nottingham,2021-05-05,0.46,0.19,0.05,0.01,0.00,0.00,0.00,inferred
Nottingham,2021-05-06,0.46,0.19,0.05,0.01,0.00,0.00,0.00,inferred
Nottingham,2021-05-07,0.46,0.19,0.05,0.01,0.00,0.00,0.00,inferred
Nottingham,2021-05-08,0.46,0.19,0.05,0.01,0.00,0.00,0.00,inferred
Nottingham,2021-05-09,0.46,0.19,0.05,0.01,0.00,0.00,0.00,inferred
Nottingham,2021-05-10,0.46,0.19,0.05,0.01,0.00,0.00,0.00,inferred
Nottingham,2021-05-11,0.55,0.26,0.08,0.01,0.00,0.00,0.00,inferred
Nottingham,2021-05-12,0.55,0.26,0.08,0.01,0.00,0.00,0.00,inferred
Nottingham,2021-05-13,0.55,0.26,0.08,0.01,0.00,0.00,0.00,inferred
Nottingham,2021-05-14,0.55,0.26,0.08,0.01,0.00,0.00,0.00,inferred
Nottingham,2021-05-15,0.55,0.26,0.08,0.01,0.00,0.00,0.00,inferred
Nottingham,2021-05-16,0.55,0.26,0.08,0.01,0.00,0.00,0.00,inferred
Nottingham,2021-05-17,0.55,0.26,0.08,0.01,0.00,0.00,0.00,inferred
Nottingham,2021-05-18,0.98,0.92,0.74,0.51,0.27,0.01,0.00,inferred
Nottingham,2021-05-19,0.98,0.92,0.74,0.51,0.27,0.01,0.00,inferred
Nottingham,2021-05-20,0.98,0.92,0.74,0.51,0.27,0.01,0.00,inferred
Nottingham,2021-05-21,0.98,0.92,0.74,0.51,0.27,0.01,0.00,inferred
Nottingham,2021-05-22,0.98,0.92,0.74,0.51,0.27,0.01,0.00,inferred
Nottingham,2021-05-23,0.98,0.92,0.74,0.51,0.27,0.01,0.00,inferred
Nottingham,2021-05-24,0.98,0.92,0.74,0.51,0.27,0.01,0.00,inferred
Nottingham,2021-05-25,1.00,1.00,1.00,1.00,1.00,0.94,0.25,inferred
Nottingham,2021-05-26,1.00,1.00,1.00,1.00,1.00,0.94,0.25,inferred
Nottingham,2021-05-27,1.00,1.00,1.00,1.00,1.00,0.94,0.25,inferred
Nottingham,2021-05-28,1.00,1.00,1.00,1.00,1.00,0.94,0.25,inferred
Nottingham,2021-05-29,1.00,1.00,1.00,1.00,1.00,0.94,0.25,inferred
Nottingham,2021-05-30,1.00,1.00,1.00,1.00,1.00,0.94,0.25,inferred
Nottingham,2021-05-31,1.00,1.00,1.00,1.00,1.00,0.94,0.25,inferred
Nottingham,2021-06-01,1.00,1.00,1.00,1.00,1.00,0.90,0.30,inferred
Nottingham,2021-06-02,1.00,1.00,1.00,1.00,1.00,0.90,0.30,inferred
Nottingham,2021-06-03,1.00,1.00,1.00,1.00,1.00,0.90,0.30,inferred
Nottingham,2021-06-04,1.00,1.00,1.00,1.00,1.00,0.90,0.30,inferred
Nottingham,2021-06-05,1.00,1.00,1.00,1.00,1.00,0.90,0.30,inferred
Nottingham,2021-06-06,1.00,1.00,1.00,1.00,1.00,0.90,0.30,inferred
Nottingham,2021-06-07,1.00,1.00,1.00,1.00,1.00,0.90,0.30,inferred
Nottingham,2021-06-08,1.00,1.00,1.00,1.00,1.00,0.81,0.10,inferred
Nottingham,2021-06-09,1.00,1.00,1.00,1.00,1.00,0.81,0.10,inferred
Nottingham,2021-06-10,1.00,1.00,1.00,1.00,1.00,0.81,0.10,inferred
Nottingham,2021-06-11,1.00,1.00,1.00,1.00,1.00,0.81,0.10,inferred
Nottingham,2021-06-12,1.00,1.00,1.00,1.00,1.00,0.81,0.10,inferred
Nottingham,2021-06-13,1.00,1.00,1.00,1.00,1.00,0.81,0.10,inferred
Nottingham,2021-06-14,1.00,1.00,1.00,1.00,1.00,0.81,0.10,inferred
Nottingham,2021-06-15,1.00,1.00,1.00,1.00,1.00,0.99,0.48,inferred
Nottingham,2021-06-16,1.00,1.00,1.00,1.00,1.00,0.99,0.48,inferred
Nottingham,2021-06-17,1.00,1.00,1.00,1.00,1.00,0.99,0.48,inferred
Nottingham,2021-06-18,1.00,1.00,1.00,1.00,1.00,0.99,0.48,inferred
Nottingham,2021-06-19,1.00,1.00,1.00,1.00,1.00,0.99,0.48,inferred
Nottingham,2021-06-20,1.00,1.00,1.00,1.00,1.00,0.99,0.48,inferred
Nottingham,2021-06-21,1.00,1.00,1.00,1.00,1.00,0.99,0.48,inferred
Nottingham,2021-06-22,1.00,1.00,1.00,1.00,0.98,0.60,0.01,inferred
Nottingham,2021-06-23,1.00,1.00,1.00,1.00,0.98,0.60,0.01,inferred
Nottingham,2021-06-24,1.00,1.00,1.00,1.00,0.98,0.60,0.01,inferred
Nottingham,2021-06-25,1.00,1.00,1.00,1.00,0.98,0.60,0.01,inferred
Nottingham,2021-06-26,1.00,1.00,1.00,1.00,0.98,0.60,0.01,inferred
Nottingham,2021-06-27,1.00,1.00,1.00,1.00,0.98,0.60,0.01,inferred
Nottingham,2021-06-28,1.00,1.00,1.00,1.00,0.98,0.60,0.01,inferred
Nottingham,2021-06-29,1.00,0.98,0.89,0.70,0.48,0.05,0.00,inferred
Nottingham,2021-06-30,1.00,0.98,0.89,0.70,0.48,0.05,0.00,inferred
Nottingham,2021-07-01,1.00,0.98,0.89,0.70,0.48,0.05,0.00,inferred
Nottingham,2021-07-02,1.00,0.98,0.89,0.70,0.48,0.05,0.00,inferred
Nottingham,2021-07-03,1.00,0.98,0.89,0.70,0.48,0.05,0.00,inferred
Nottingham,2021-07-04,1.00,0.98,0.89,0.70,0.48,0.05,0.00,inferred
Nottingham,2021-07-05,1.00,0.98,0.89,0.70,0.48,0.05,0.00,inferred
Nottingham,2021-07-06,0.94,0.88,0.78,0.65,0.51,0.21,0.02,projected
Nottingham,2021-07-07,0.94,0.88,0.78,0.65,0.51,0.21,0.02,projected
Nottingham,2021-07-08,0.94,0.88,0.78,0.65,0.51,0.21,0.02,projected
Nottingham,2021-07-09,0.94,0.88,0.78,0.65,0.51,0.21,0.02,projected
Nottingham,2021-07-10,0.94,0.88,0.78,0.65,0.51,0.21,0.02,projected
Nottingham,2021-07-11,0.94,0.88,0.78,0.65,0.51,0.21,0.02,projected
Nottingham,2021-07-12,0.94,0.88,0.78,0.65,0.51,0.21,0.02,projected
Nottingham,2021-07-13,0.91,0.85,0.75,0.65,0.55,0.28,0.07,projected
Nottingham,2021-07-14,0.91,0.85,0.75,0.65,0.55,0.28,0.07,projected
Nottingham,2021-07-15,0.91,0.85,0.75,0.65,0.55,0.28,0.07,projected
Nottingham,2021-07-16,0.91,0.85,0.75,0.65,0.55,0.28,0.07,projected
Nottingham,2021-07-17,0.91,0.85,0.75,0.65,0.55,0.28,0.07,projected
Nottingham,2021-07-18,0.91,0.85,0.75,0.65,0.55,0.28,0.07,projected
Nottingham,2021-07-19,0.91,0.85,0.75,0.65,0.55,0.28,0.07,projected
Nottingham,2021-07-20,0.91,0.84,0.76,0.67,0.57,0.34,0.12,projected
Nottingham,2021-07-21,0.91,0.84,0.76,0.67,0.57,0.34,0.12,projected
Nottingham,2021-07-22,0.91,0.84,0.76,0.67,0.57,0.34,0.12,projected
Nottingham,2021-07-23,0.91,0.84,0.76,0.67,0.57,0.34,0.12,projected
Nottingham,2021-07-24,0.91,0.84,0.76,0.67,0.57,0.34,0.12,projected
Nottingham,2021-07-25,0.91,0.84,0.76,0.67,0.57,0.34,0.12,projected
Nottingham,2021-07-26,0.91,0.84,0.76,0.67,0.57,0.34,0.12,projected
Nuneaton and Bedworth,2021-03-23,0.27,0.08,0.02,0.00,0.00,0.00,0.00,inferred
Nuneaton and Bedworth,2021-03-24,0.27,0.08,0.02,0.00,0.00,0.00,0.00,inferred
Nuneaton and Bedworth,2021-03-25,0.27,0.08,0.02,0.00,0.00,0.00,0.00,inferred
Nuneaton and Bedworth,2021-03-26,0.27,0.08,0.02,0.00,0.00,0.00,0.00,inferred
Nuneaton and Bedworth,2021-03-27,0.27,0.08,0.02,0.00,0.00,0.00,0.00,inferred
Nuneaton and Bedworth,2021-03-28,0.27,0.08,0.02,0.00,0.00,0.00,0.00,inferred
Nuneaton and Bedworth,2021-03-29,0.27,0.08,0.02,0.00,0.00,0.00,0.00,inferred
Nuneaton and Bedworth,2021-03-30,0.69,0.45,0.22,0.08,0.02,0.00,0.00,inferred
Nuneaton and Bedworth,2021-03-31,0.69,0.45,0.22,0.08,0.02,0.00,0.00,inferred
Nuneaton and Bedworth,2021-04-01,0.69,0.45,0.22,0.08,0.02,0.00,0.00,inferred
Nuneaton and Bedworth,2021-04-02,0.69,0.45,0.22,0.08,0.02,0.00,0.00,inferred
Nuneaton and Bedworth,2021-04-03,0.69,0.45,0.22,0.08,0.02,0.00,0.00,inferred
Nuneaton and Bedworth,2021-04-04,0.69,0.45,0.22,0.08,0.02,0.00,0.00,inferred
Nuneaton and Bedworth,2021-04-05,0.69,0.45,0.22,0.08,0.02,0.00,0.00,inferred
Nuneaton and Bedworth,2021-04-06,0.83,0.60,0.35,0.15,0.06,0.00,0.00,inferred
Nuneaton and Bedworth,2021-04-07,0.83,0.60,0.35,0.15,0.06,0.00,0.00,inferred
Nuneaton and Bedworth,2021-04-08,0.83,0.60,0.35,0.15,0.06,0.00,0.00,inferred
Nuneaton and Bedworth,2021-04-09,0.83,0.60,0.35,0.15,0.06,0.00,0.00,inferred
Nuneaton and Bedworth,2021-04-10,0.83,0.60,0.35,0.15,0.06,0.00,0.00,inferred
Nuneaton and Bedworth,2021-04-11,0.83,0.60,0.35,0.15,0.06,0.00,0.00,inferred
Nuneaton and Bedworth,2021-04-12,0.83,0.60,0.35,0.15,0.06,0.00,0.00,inferred
Nuneaton and Bedworth,2021-04-13,0.90,0.75,0.49,0.26,0.11,0.00,0.00,inferred
Nuneaton and Bedworth,2021-04-14,0.90,0.75,0.49,0.26,0.11,0.00,0.00,inferred
Nuneaton and Bedworth,2021-04-15,0.90,0.75,0.49,0.26,0.11,0.00,0.00,inferred
Nuneaton and Bedworth,2021-04-16,0.90,0.75,0.49,0.26,0.11,0.00,0.00,inferred
Nuneaton and Bedworth,2021-04-17,0.90,0.75,0.49,0.26,0.11,0.00,0.00,inferred
Nuneaton and Bedworth,2021-04-18,0.90,0.75,0.49,0.26,0.11,0.00,0.00,inferred
Nuneaton and Bedworth,2021-04-19,0.90,0.75,0.49,0.26,0.11,0.00,0.00,inferred
Nuneaton and Bedworth,2021-04-20,0.75,0.48,0.23,0.10,0.05,0.00,0.00,inferred
Nuneaton and Bedworth,2021-04-21,0.75,0.48,0.23,0.10,0.05,0.00,0.00,inferred
Nuneaton and Bedworth,2021-04-22,0.75,0.48,0.23,0.10,0.05,0.00,0.00,inferred
Nuneaton and Bedworth,2021-04-23,0.75,0.48,0.23,0.10,0.05,0.00,0.00,inferred
Nuneaton and Bedworth,2021-04-24,0.75,0.48,0.23,0.10,0.05,0.00,0.00,inferred
Nuneaton and Bedworth,2021-04-25,0.75,0.48,0.23,0.10,0.05,0.00,0.00,inferred
Nuneaton and Bedworth,2021-04-26,0.75,0.48,0.23,0.10,0.05,0.00,0.00,inferred
Nuneaton and Bedworth,2021-04-27,0.40,0.17,0.05,0.02,0.00,0.00,0.00,inferred
Nuneaton and Bedworth,2021-04-28,0.40,0.17,0.05,0.02,0.00,0.00,0.00,inferred
Nuneaton and Bedworth,2021-04-29,0.40,0.17,0.05,0.02,0.00,0.00,0.00,inferred
Nuneaton and Bedworth,2021-04-30,0.40,0.17,0.05,0.02,0.00,0.00,0.00,inferred
Nuneaton and Bedworth,2021-05-01,0.40,0.17,0.05,0.02,0.00,0.00,0.00,inferred
Nuneaton and Bedworth,2021-05-02,0.40,0.17,0.05,0.02,0.00,0.00,0.00,inferred
Nuneaton and Bedworth,2021-05-03,0.40,0.17,0.05,0.02,0.00,0.00,0.00,inferred
Nuneaton and Bedworth,2021-05-04,0.21,0.08,0.02,0.00,0.00,0.00,0.00,inferred
Nuneaton and Bedworth,2021-05-05,0.21,0.08,0.02,0.00,0.00,0.00,0.00,inferred
Nuneaton and Bedworth,2021-05-06,0.21,0.08,0.02,0.00,0.00,0.00,0.00,inferred
Nuneaton and Bedworth,2021-05-07,0.21,0.08,0.02,0.00,0.00,0.00,0.00,inferred
Nuneaton and Bedworth,2021-05-08,0.21,0.08,0.02,0.00,0.00,0.00,0.00,inferred
Nuneaton and Bedworth,2021-05-09,0.21,0.08,0.02,0.00,0.00,0.00,0.00,inferred
Nuneaton and Bedworth,2021-05-10,0.21,0.08,0.02,0.00,0.00,0.00,0.00,inferred
Nuneaton and Bedworth,2021-05-11,0.82,0.64,0.44,0.27,0.14,0.01,0.00,inferred
Nuneaton and Bedworth,2021-05-12,0.82,0.64,0.44,0.27,0.14,0.01,0.00,inferred
Nuneaton and Bedworth,2021-05-13,0.82,0.64,0.44,0.27,0.14,0.01,0.00,inferred
Nuneaton and Bedworth,2021-05-14,0.82,0.64,0.44,0.27,0.14,0.01,0.00,inferred
Nuneaton and Bedworth,2021-05-15,0.82,0.64,0.44,0.27,0.14,0.01,0.00,inferred
Nuneaton and Bedworth,2021-05-16,0.82,0.64,0.44,0.27,0.14,0.01,0.00,inferred
Nuneaton and Bedworth,2021-05-17,0.82,0.64,0.44,0.27,0.14,0.01,0.00,inferred
Nuneaton and Bedworth,2021-05-18,1.00,1.00,1.00,0.99,0.97,0.69,0.10,inferred
Nuneaton and Bedworth,2021-05-19,1.00,1.00,1.00,0.99,0.97,0.69,0.10,inferred
Nuneaton and Bedworth,2021-05-20,1.00,1.00,1.00,0.99,0.97,0.69,0.10,inferred
Nuneaton and Bedworth,2021-05-21,1.00,1.00,1.00,0.99,0.97,0.69,0.10,inferred
Nuneaton and Bedworth,2021-05-22,1.00,1.00,1.00,0.99,0.97,0.69,0.10,inferred
Nuneaton and Bedworth,2021-05-23,1.00,1.00,1.00,0.99,0.97,0.69,0.10,inferred
Nuneaton and Bedworth,2021-05-24,1.00,1.00,1.00,0.99,0.97,0.69,0.10,inferred
Nuneaton and Bedworth,2021-05-25,1.00,1.00,1.00,1.00,1.00,0.95,0.44,inferred
Nuneaton and Bedworth,2021-05-26,1.00,1.00,1.00,1.00,1.00,0.95,0.44,inferred
Nuneaton and Bedworth,2021-05-27,1.00,1.00,1.00,1.00,1.00,0.95,0.44,inferred
Nuneaton and Bedworth,2021-05-28,1.00,1.00,1.00,1.00,1.00,0.95,0.44,inferred
Nuneaton and Bedworth,2021-05-29,1.00,1.00,1.00,1.00,1.00,0.95,0.44,inferred
Nuneaton and Bedworth,2021-05-30,1.00,1.00,1.00,1.00,1.00,0.95,0.44,inferred
Nuneaton and Bedworth,2021-05-31,1.00,1.00,1.00,1.00,1.00,0.95,0.44,inferred
Nuneaton and Bedworth,2021-06-01,1.00,1.00,1.00,0.99,0.95,0.66,0.11,inferred
Nuneaton and Bedworth,2021-06-02,1.00,1.00,1.00,0.99,0.95,0.66,0.11,inferred
Nuneaton and Bedworth,2021-06-03,1.00,1.00,1.00,0.99,0.95,0.66,0.11,inferred
Nuneaton and Bedworth,2021-06-04,1.00,1.00,1.00,0.99,0.95,0.66,0.11,inferred
Nuneaton and Bedworth,2021-06-05,1.00,1.00,1.00,0.99,0.95,0.66,0.11,inferred
Nuneaton and Bedworth,2021-06-06,1.00,1.00,1.00,0.99,0.95,0.66,0.11,inferred
Nuneaton and Bedworth,2021-06-07,1.00,1.00,1.00,0.99,0.95,0.66,0.11,inferred
Nuneaton and Bedworth,2021-06-08,0.99,0.91,0.71,0.44,0.21,0.01,0.00,inferred
Nuneaton and Bedworth,2021-06-09,0.99,0.91,0.71,0.44,0.21,0.01,0.00,inferred
Nuneaton and Bedworth,2021-06-10,0.99,0.91,0.71,0.44,0.21,0.01,0.00,inferred
Nuneaton and Bedworth,2021-06-11,0.99,0.91,0.71,0.44,0.21,0.01,0.00,inferred
Nuneaton and Bedworth,2021-06-12,0.99,0.91,0.71,0.44,0.21,0.01,0.00,inferred
Nuneaton and Bedworth,2021-06-13,0.99,0.91,0.71,0.44,0.21,0.01,0.00,inferred
Nuneaton and Bedworth,2021-06-14,0.99,0.91,0.71,0.44,0.21,0.01,0.00,inferred
Nuneaton and Bedworth,2021-06-15,1.00,1.00,1.00,0.97,0.85,0.16,0.00,inferred
Nuneaton and Bedworth,2021-06-16,1.00,1.00,1.00,0.97,0.85,0.16,0.00,inferred
Nuneaton and Bedworth,2021-06-17,1.00,1.00,1.00,0.97,0.85,0.16,0.00,inferred
Nuneaton and Bedworth,2021-06-18,1.00,1.00,1.00,0.97,0.85,0.16,0.00,inferred
Nuneaton and Bedworth,2021-06-19,1.00,1.00,1.00,0.97,0.85,0.16,0.00,inferred
Nuneaton and Bedworth,2021-06-20,1.00,1.00,1.00,0.97,0.85,0.16,0.00,inferred
Nuneaton and Bedworth,2021-06-21,1.00,1.00,1.00,0.97,0.85,0.16,0.00,inferred
Nuneaton and Bedworth,2021-06-22,1.00,1.00,1.00,1.00,1.00,1.00,0.66,inferred
Nuneaton and Bedworth,2021-06-23,1.00,1.00,1.00,1.00,1.00,1.00,0.66,inferred
Nuneaton and Bedworth,2021-06-24,1.00,1.00,1.00,1.00,1.00,1.00,0.66,inferred
Nuneaton and Bedworth,2021-06-25,1.00,1.00,1.00,1.00,1.00,1.00,0.66,inferred
Nuneaton and Bedworth,2021-06-26,1.00,1.00,1.00,1.00,1.00,1.00,0.66,inferred
Nuneaton and Bedworth,2021-06-27,1.00,1.00,1.00,1.00,1.00,1.00,0.66,inferred
Nuneaton and Bedworth,2021-06-28,1.00,1.00,1.00,1.00,1.00,1.00,0.66,inferred
Nuneaton and Bedworth,2021-06-29,1.00,1.00,1.00,0.99,0.94,0.62,0.12,inferred
Nuneaton and Bedworth,2021-06-30,1.00,1.00,1.00,0.99,0.94,0.62,0.12,inferred
Nuneaton and Bedworth,2021-07-01,1.00,1.00,1.00,0.99,0.94,0.62,0.12,inferred
Nuneaton and Bedworth,2021-07-02,1.00,1.00,1.00,0.99,0.94,0.62,0.12,inferred
Nuneaton and Bedworth,2021-07-03,1.00,1.00,1.00,0.99,0.94,0.62,0.12,inferred
Nuneaton and Bedworth,2021-07-04,1.00,1.00,1.00,0.99,0.94,0.62,0.12,inferred
Nuneaton and Bedworth,2021-07-05,1.00,1.00,1.00,0.99,0.94,0.62,0.12,inferred
Nuneaton and Bedworth,2021-07-06,0.99,0.96,0.93,0.87,0.79,0.48,0.16,projected
Nuneaton and Bedworth,2021-07-07,0.99,0.96,0.93,0.87,0.79,0.48,0.16,projected
Nuneaton and Bedworth,2021-07-08,0.99,0.96,0.93,0.87,0.79,0.48,0.16,projected
Nuneaton and Bedworth,2021-07-09,0.99,0.96,0.93,0.87,0.79,0.48,0.16,projected
Nuneaton and Bedworth,2021-07-10,0.99,0.96,0.93,0.87,0.79,0.48,0.16,projected
Nuneaton and Bedworth,2021-07-11,0.99,0.96,0.93,0.87,0.79,0.48,0.16,projected
Nuneaton and Bedworth,2021-07-12,0.99,0.96,0.93,0.87,0.79,0.48,0.16,projected
Nuneaton and Bedworth,2021-07-13,0.97,0.93,0.85,0.80,0.70,0.45,0.18,projected
Nuneaton and Bedworth,2021-07-14,0.97,0.93,0.85,0.80,0.70,0.45,0.18,projected
Nuneaton and Bedworth,2021-07-15,0.97,0.93,0.85,0.80,0.70,0.45,0.18,projected
Nuneaton and Bedworth,2021-07-16,0.97,0.93,0.85,0.80,0.70,0.45,0.18,projected
Nuneaton and Bedworth,2021-07-17,0.97,0.93,0.85,0.80,0.70,0.45,0.18,projected
Nuneaton and Bedworth,2021-07-18,0.97,0.93,0.85,0.80,0.70,0.45,0.18,projected
Nuneaton and Bedworth,2021-07-19,0.97,0.93,0.85,0.80,0.70,0.45,0.18,projected
Nuneaton and Bedworth,2021-07-20,0.94,0.89,0.83,0.76,0.67,0.43,0.19,projected
Nuneaton and Bedworth,2021-07-21,0.94,0.89,0.83,0.76,0.67,0.43,0.19,projected
Nuneaton and Bedworth,2021-07-22,0.94,0.89,0.83,0.76,0.67,0.43,0.19,projected
Nuneaton and Bedworth,2021-07-23,0.94,0.89,0.83,0.76,0.67,0.43,0.19,projected
Nuneaton and Bedworth,2021-07-24,0.94,0.89,0.83,0.76,0.67,0.43,0.19,projected
Nuneaton and Bedworth,2021-07-25,0.94,0.89,0.83,0.76,0.67,0.43,0.19,projected
Nuneaton and Bedworth,2021-07-26,0.94,0.89,0.83,0.76,0.67,0.43,0.19,projected
Oadby and Wigston,2021-03-23,0.47,0.22,0.07,0.02,0.00,0.00,0.00,inferred
Oadby and Wigston,2021-03-24,0.47,0.22,0.07,0.02,0.00,0.00,0.00,inferred
Oadby and Wigston,2021-03-25,0.47,0.22,0.07,0.02,0.00,0.00,0.00,inferred
Oadby and Wigston,2021-03-26,0.47,0.22,0.07,0.02,0.00,0.00,0.00,inferred
Oadby and Wigston,2021-03-27,0.47,0.22,0.07,0.02,0.00,0.00,0.00,inferred
Oadby and Wigston,2021-03-28,0.47,0.22,0.07,0.02,0.00,0.00,0.00,inferred
Oadby and Wigston,2021-03-29,0.47,0.22,0.07,0.02,0.00,0.00,0.00,inferred
Oadby and Wigston,2021-03-30,0.34,0.16,0.06,0.02,0.01,0.00,0.00,inferred
Oadby and Wigston,2021-03-31,0.34,0.16,0.06,0.02,0.01,0.00,0.00,inferred
Oadby and Wigston,2021-04-01,0.34,0.16,0.06,0.02,0.01,0.00,0.00,inferred
Oadby and Wigston,2021-04-02,0.34,0.16,0.06,0.02,0.01,0.00,0.00,inferred
Oadby and Wigston,2021-04-03,0.34,0.16,0.06,0.02,0.01,0.00,0.00,inferred
Oadby and Wigston,2021-04-04,0.34,0.16,0.06,0.02,0.01,0.00,0.00,inferred
Oadby and Wigston,2021-04-05,0.34,0.16,0.06,0.02,0.01,0.00,0.00,inferred
Oadby and Wigston,2021-04-06,0.12,0.04,0.02,0.00,0.00,0.00,0.00,inferred
Oadby and Wigston,2021-04-07,0.12,0.04,0.02,0.00,0.00,0.00,0.00,inferred
Oadby and Wigston,2021-04-08,0.12,0.04,0.02,0.00,0.00,0.00,0.00,inferred
Oadby and Wigston,2021-04-09,0.12,0.04,0.02,0.00,0.00,0.00,0.00,inferred
Oadby and Wigston,2021-04-10,0.12,0.04,0.02,0.00,0.00,0.00,0.00,inferred
Oadby and Wigston,2021-04-11,0.12,0.04,0.02,0.00,0.00,0.00,0.00,inferred
Oadby and Wigston,2021-04-12,0.12,0.04,0.02,0.00,0.00,0.00,0.00,inferred
Oadby and Wigston,2021-04-13,0.37,0.22,0.11,0.04,0.02,0.00,0.00,inferred
Oadby and Wigston,2021-04-14,0.37,0.22,0.11,0.04,0.02,0.00,0.00,inferred
Oadby and Wigston,2021-04-15,0.37,0.22,0.11,0.04,0.02,0.00,0.00,inferred
Oadby and Wigston,2021-04-16,0.37,0.22,0.11,0.04,0.02,0.00,0.00,inferred
Oadby and Wigston,2021-04-17,0.37,0.22,0.11,0.04,0.02,0.00,0.00,inferred
Oadby and Wigston,2021-04-18,0.37,0.22,0.11,0.04,0.02,0.00,0.00,inferred
Oadby and Wigston,2021-04-19,0.37,0.22,0.11,0.04,0.02,0.00,0.00,inferred
Oadby and Wigston,2021-04-20,0.54,0.36,0.19,0.10,0.04,0.00,0.00,inferred
Oadby and Wigston,2021-04-21,0.54,0.36,0.19,0.10,0.04,0.00,0.00,inferred
Oadby and Wigston,2021-04-22,0.54,0.36,0.19,0.10,0.04,0.00,0.00,inferred
Oadby and Wigston,2021-04-23,0.54,0.36,0.19,0.10,0.04,0.00,0.00,inferred
Oadby and Wigston,2021-04-24,0.54,0.36,0.19,0.10,0.04,0.00,0.00,inferred
Oadby and Wigston,2021-04-25,0.54,0.36,0.19,0.10,0.04,0.00,0.00,inferred
Oadby and Wigston,2021-04-26,0.54,0.36,0.19,0.10,0.04,0.00,0.00,inferred
Oadby and Wigston,2021-04-27,0.72,0.55,0.39,0.25,0.14,0.02,0.00,inferred
Oadby and Wigston,2021-04-28,0.72,0.55,0.39,0.25,0.14,0.02,0.00,inferred
Oadby and Wigston,2021-04-29,0.72,0.55,0.39,0.25,0.14,0.02,0.00,inferred
Oadby and Wigston,2021-04-30,0.72,0.55,0.39,0.25,0.14,0.02,0.00,inferred
Oadby and Wigston,2021-05-01,0.72,0.55,0.39,0.25,0.14,0.02,0.00,inferred
Oadby and Wigston,2021-05-02,0.72,0.55,0.39,0.25,0.14,0.02,0.00,inferred
Oadby and Wigston,2021-05-03,0.72,0.55,0.39,0.25,0.14,0.02,0.00,inferred
Oadby and Wigston,2021-05-04,0.70,0.53,0.38,0.25,0.15,0.02,0.00,inferred
Oadby and Wigston,2021-05-05,0.70,0.53,0.38,0.25,0.15,0.02,0.00,inferred
Oadby and Wigston,2021-05-06,0.70,0.53,0.38,0.25,0.15,0.02,0.00,inferred
Oadby and Wigston,2021-05-07,0.70,0.53,0.38,0.25,0.15,0.02,0.00,inferred
Oadby and Wigston,2021-05-08,0.70,0.53,0.38,0.25,0.15,0.02,0.00,inferred
Oadby and Wigston,2021-05-09,0.70,0.53,0.38,0.25,0.15,0.02,0.00,inferred
Oadby and Wigston,2021-05-10,0.70,0.53,0.38,0.25,0.15,0.02,0.00,inferred
Oadby and Wigston,2021-05-11,0.88,0.78,0.64,0.48,0.36,0.11,0.00,inferred
Oadby and Wigston,2021-05-12,0.88,0.78,0.64,0.48,0.36,0.11,0.00,inferred
Oadby and Wigston,2021-05-13,0.88,0.78,0.64,0.48,0.36,0.11,0.00,inferred
Oadby and Wigston,2021-05-14,0.88,0.78,0.64,0.48,0.36,0.11,0.00,inferred
Oadby and Wigston,2021-05-15,0.88,0.78,0.64,0.48,0.36,0.11,0.00,inferred
Oadby and Wigston,2021-05-16,0.88,0.78,0.64,0.48,0.36,0.11,0.00,inferred
Oadby and Wigston,2021-05-17,0.88,0.78,0.64,0.48,0.36,0.11,0.00,inferred
Oadby and Wigston,2021-05-18,0.99,0.97,0.94,0.89,0.80,0.46,0.08,inferred
Oadby and Wigston,2021-05-19,0.99,0.97,0.94,0.89,0.80,0.46,0.08,inferred
Oadby and Wigston,2021-05-20,0.99,0.97,0.94,0.89,0.80,0.46,0.08,inferred
Oadby and Wigston,2021-05-21,0.99,0.97,0.94,0.89,0.80,0.46,0.08,inferred
Oadby and Wigston,2021-05-22,0.99,0.97,0.94,0.89,0.80,0.46,0.08,inferred
Oadby and Wigston,2021-05-23,0.99,0.97,0.94,0.89,0.80,0.46,0.08,inferred
Oadby and Wigston,2021-05-24,0.99,0.97,0.94,0.89,0.80,0.46,0.08,inferred
Oadby and Wigston,2021-05-25,1.00,1.00,1.00,1.00,0.99,0.85,0.34,inferred
Oadby and Wigston,2021-05-26,1.00,1.00,1.00,1.00,0.99,0.85,0.34,inferred
Oadby and Wigston,2021-05-27,1.00,1.00,1.00,1.00,0.99,0.85,0.34,inferred
Oadby and Wigston,2021-05-28,1.00,1.00,1.00,1.00,0.99,0.85,0.34,inferred
Oadby and Wigston,2021-05-29,1.00,1.00,1.00,1.00,0.99,0.85,0.34,inferred
Oadby and Wigston,2021-05-30,1.00,1.00,1.00,1.00,0.99,0.85,0.34,inferred
Oadby and Wigston,2021-05-31,1.00,1.00,1.00,1.00,0.99,0.85,0.34,inferred
Oadby and Wigston,2021-06-01,1.00,1.00,0.99,0.94,0.87,0.49,0.07,inferred
Oadby and Wigston,2021-06-02,1.00,1.00,0.99,0.94,0.87,0.49,0.07,inferred
Oadby and Wigston,2021-06-03,1.00,1.00,0.99,0.94,0.87,0.49,0.07,inferred
Oadby and Wigston,2021-06-04,1.00,1.00,0.99,0.94,0.87,0.49,0.07,inferred
Oadby and Wigston,2021-06-05,1.00,1.00,0.99,0.94,0.87,0.49,0.07,inferred
Oadby and Wigston,2021-06-06,1.00,1.00,0.99,0.94,0.87,0.49,0.07,inferred
Oadby and Wigston,2021-06-07,1.00,1.00,0.99,0.94,0.87,0.49,0.07,inferred
Oadby and Wigston,2021-06-08,1.00,1.00,0.99,0.98,0.93,0.52,0.03,inferred
Oadby and Wigston,2021-06-09,1.00,1.00,0.99,0.98,0.93,0.52,0.03,inferred
Oadby and Wigston,2021-06-10,1.00,1.00,0.99,0.98,0.93,0.52,0.03,inferred
Oadby and Wigston,2021-06-11,1.00,1.00,0.99,0.98,0.93,0.52,0.03,inferred
Oadby and Wigston,2021-06-12,1.00,1.00,0.99,0.98,0.93,0.52,0.03,inferred
Oadby and Wigston,2021-06-13,1.00,1.00,0.99,0.98,0.93,0.52,0.03,inferred
Oadby and Wigston,2021-06-14,1.00,1.00,0.99,0.98,0.93,0.52,0.03,inferred
Oadby and Wigston,2021-06-15,1.00,1.00,1.00,0.99,0.98,0.65,0.05,inferred
Oadby and Wigston,2021-06-16,1.00,1.00,1.00,0.99,0.98,0.65,0.05,inferred
Oadby and Wigston,2021-06-17,1.00,1.00,1.00,0.99,0.98,0.65,0.05,inferred
Oadby and Wigston,2021-06-18,1.00,1.00,1.00,0.99,0.98,0.65,0.05,inferred
Oadby and Wigston,2021-06-19,1.00,1.00,1.00,0.99,0.98,0.65,0.05,inferred
Oadby and Wigston,2021-06-20,1.00,1.00,1.00,0.99,0.98,0.65,0.05,inferred
Oadby and Wigston,2021-06-21,1.00,1.00,1.00,0.99,0.98,0.65,0.05,inferred
Oadby and Wigston,2021-06-22,1.00,1.00,1.00,0.99,0.94,0.48,0.02,inferred
Oadby and Wigston,2021-06-23,1.00,1.00,1.00,0.99,0.94,0.48,0.02,inferred
Oadby and Wigston,2021-06-24,1.00,1.00,1.00,0.99,0.94,0.48,0.02,inferred
Oadby and Wigston,2021-06-25,1.00,1.00,1.00,0.99,0.94,0.48,0.02,inferred
Oadby and Wigston,2021-06-26,1.00,1.00,1.00,0.99,0.94,0.48,0.02,inferred
Oadby and Wigston,2021-06-27,1.00,1.00,1.00,0.99,0.94,0.48,0.02,inferred
Oadby and Wigston,2021-06-28,1.00,1.00,1.00,0.99,0.94,0.48,0.02,inferred
Oadby and Wigston,2021-06-29,0.97,0.92,0.82,0.67,0.50,0.12,0.00,inferred
Oadby and Wigston,2021-06-30,0.97,0.92,0.82,0.67,0.50,0.12,0.00,inferred
Oadby and Wigston,2021-07-01,0.97,0.92,0.82,0.67,0.50,0.12,0.00,inferred
Oadby and Wigston,2021-07-02,0.97,0.92,0.82,0.67,0.50,0.12,0.00,inferred
Oadby and Wigston,2021-07-03,0.97,0.92,0.82,0.67,0.50,0.12,0.00,inferred
Oadby and Wigston,2021-07-04,0.97,0.92,0.82,0.67,0.50,0.12,0.00,inferred
Oadby and Wigston,2021-07-05,0.97,0.92,0.82,0.67,0.50,0.12,0.00,inferred
Oadby and Wigston,2021-07-06,0.91,0.83,0.73,0.61,0.48,0.21,0.04,projected
Oadby and Wigston,2021-07-07,0.91,0.83,0.73,0.61,0.48,0.21,0.04,projected
Oadby and Wigston,2021-07-08,0.91,0.83,0.73,0.61,0.48,0.21,0.04,projected
Oadby and Wigston,2021-07-09,0.91,0.83,0.73,0.61,0.48,0.21,0.04,projected
Oadby and Wigston,2021-07-10,0.91,0.83,0.73,0.61,0.48,0.21,0.04,projected
Oadby and Wigston,2021-07-11,0.91,0.83,0.73,0.61,0.48,0.21,0.04,projected
Oadby and Wigston,2021-07-12,0.91,0.83,0.73,0.61,0.48,0.21,0.04,projected
Oadby and Wigston,2021-07-13,0.90,0.82,0.70,0.61,0.50,0.26,0.07,projected
Oadby and Wigston,2021-07-14,0.90,0.82,0.70,0.61,0.50,0.26,0.07,projected
Oadby and Wigston,2021-07-15,0.90,0.82,0.70,0.61,0.50,0.26,0.07,projected
Oadby and Wigston,2021-07-16,0.90,0.82,0.70,0.61,0.50,0.26,0.07,projected
Oadby and Wigston,2021-07-17,0.90,0.82,0.70,0.61,0.50,0.26,0.07,projected
Oadby and Wigston,2021-07-18,0.90,0.82,0.70,0.61,0.50,0.26,0.07,projected
Oadby and Wigston,2021-07-19,0.90,0.82,0.70,0.61,0.50,0.26,0.07,projected
Oadby and Wigston,2021-07-20,0.90,0.83,0.74,0.65,0.55,0.31,0.11,projected
Oadby and Wigston,2021-07-21,0.90,0.83,0.74,0.65,0.55,0.31,0.11,projected
Oadby and Wigston,2021-07-22,0.90,0.83,0.74,0.65,0.55,0.31,0.11,projected
Oadby and Wigston,2021-07-23,0.90,0.83,0.74,0.65,0.55,0.31,0.11,projected
Oadby and Wigston,2021-07-24,0.90,0.83,0.74,0.65,0.55,0.31,0.11,projected
Oadby and Wigston,2021-07-25,0.90,0.83,0.74,0.65,0.55,0.31,0.11,projected
Oadby and Wigston,2021-07-26,0.90,0.83,0.74,0.65,0.55,0.31,0.11,projected
Oldham,2021-03-23,0.04,0.00,0.00,0.00,0.00,0.00,0.00,inferred
Oldham,2021-03-24,0.04,0.00,0.00,0.00,0.00,0.00,0.00,inferred
Oldham,2021-03-25,0.04,0.00,0.00,0.00,0.00,0.00,0.00,inferred
Oldham,2021-03-26,0.04,0.00,0.00,0.00,0.00,0.00,0.00,inferred
Oldham,2021-03-27,0.04,0.00,0.00,0.00,0.00,0.00,0.00,inferred
Oldham,2021-03-28,0.04,0.00,0.00,0.00,0.00,0.00,0.00,inferred
Oldham,2021-03-29,0.04,0.00,0.00,0.00,0.00,0.00,0.00,inferred
Oldham,2021-03-30,0.56,0.22,0.04,0.01,0.00,0.00,0.00,inferred
Oldham,2021-03-31,0.56,0.22,0.04,0.01,0.00,0.00,0.00,inferred
Oldham,2021-04-01,0.56,0.22,0.04,0.01,0.00,0.00,0.00,inferred
Oldham,2021-04-02,0.56,0.22,0.04,0.01,0.00,0.00,0.00,inferred
Oldham,2021-04-03,0.56,0.22,0.04,0.01,0.00,0.00,0.00,inferred
Oldham,2021-04-04,0.56,0.22,0.04,0.01,0.00,0.00,0.00,inferred
Oldham,2021-04-05,0.56,0.22,0.04,0.01,0.00,0.00,0.00,inferred
Oldham,2021-04-06,0.23,0.05,0.01,0.00,0.00,0.00,0.00,inferred
Oldham,2021-04-07,0.23,0.05,0.01,0.00,0.00,0.00,0.00,inferred
Oldham,2021-04-08,0.23,0.05,0.01,0.00,0.00,0.00,0.00,inferred
Oldham,2021-04-09,0.23,0.05,0.01,0.00,0.00,0.00,0.00,inferred
Oldham,2021-04-10,0.23,0.05,0.01,0.00,0.00,0.00,0.00,inferred
Oldham,2021-04-11,0.23,0.05,0.01,0.00,0.00,0.00,0.00,inferred
Oldham,2021-04-12,0.23,0.05,0.01,0.00,0.00,0.00,0.00,inferred
Oldham,2021-04-13,0.27,0.08,0.02,0.00,0.00,0.00,0.00,inferred
Oldham,2021-04-14,0.27,0.08,0.02,0.00,0.00,0.00,0.00,inferred
Oldham,2021-04-15,0.27,0.08,0.02,0.00,0.00,0.00,0.00,inferred
Oldham,2021-04-16,0.27,0.08,0.02,0.00,0.00,0.00,0.00,inferred
Oldham,2021-04-17,0.27,0.08,0.02,0.00,0.00,0.00,0.00,inferred
Oldham,2021-04-18,0.27,0.08,0.02,0.00,0.00,0.00,0.00,inferred
Oldham,2021-04-19,0.27,0.08,0.02,0.00,0.00,0.00,0.00,inferred
Oldham,2021-04-20,0.33,0.12,0.02,0.00,0.00,0.00,0.00,inferred
Oldham,2021-04-21,0.33,0.12,0.02,0.00,0.00,0.00,0.00,inferred
Oldham,2021-04-22,0.33,0.12,0.02,0.00,0.00,0.00,0.00,inferred
Oldham,2021-04-23,0.33,0.12,0.02,0.00,0.00,0.00,0.00,inferred
Oldham,2021-04-24,0.33,0.12,0.02,0.00,0.00,0.00,0.00,inferred
Oldham,2021-04-25,0.33,0.12,0.02,0.00,0.00,0.00,0.00,inferred
Oldham,2021-04-26,0.33,0.12,0.02,0.00,0.00,0.00,0.00,inferred
Oldham,2021-04-27,0.63,0.35,0.14,0.03,0.00,0.00,0.00,inferred
Oldham,2021-04-28,0.63,0.35,0.14,0.03,0.00,0.00,0.00,inferred
Oldham,2021-04-29,0.63,0.35,0.14,0.03,0.00,0.00,0.00,inferred
Oldham,2021-04-30,0.63,0.35,0.14,0.03,0.00,0.00,0.00,inferred
Oldham,2021-05-01,0.63,0.35,0.14,0.03,0.00,0.00,0.00,inferred
Oldham,2021-05-02,0.63,0.35,0.14,0.03,0.00,0.00,0.00,inferred
Oldham,2021-05-03,0.63,0.35,0.14,0.03,0.00,0.00,0.00,inferred
Oldham,2021-05-04,0.76,0.50,0.25,0.10,0.03,0.00,0.00,inferred
Oldham,2021-05-05,0.76,0.50,0.25,0.10,0.03,0.00,0.00,inferred
Oldham,2021-05-06,0.76,0.50,0.25,0.10,0.03,0.00,0.00,inferred
Oldham,2021-05-07,0.76,0.50,0.25,0.10,0.03,0.00,0.00,inferred
Oldham,2021-05-08,0.76,0.50,0.25,0.10,0.03,0.00,0.00,inferred
Oldham,2021-05-09,0.76,0.50,0.25,0.10,0.03,0.00,0.00,inferred
Oldham,2021-05-10,0.76,0.50,0.25,0.10,0.03,0.00,0.00,inferred
Oldham,2021-05-11,1.00,1.00,1.00,0.99,0.96,0.51,0.02,inferred
Oldham,2021-05-12,1.00,1.00,1.00,0.99,0.96,0.51,0.02,inferred
Oldham,2021-05-13,1.00,1.00,1.00,0.99,0.96,0.51,0.02,inferred
Oldham,2021-05-14,1.00,1.00,1.00,0.99,0.96,0.51,0.02,inferred
Oldham,2021-05-15,1.00,1.00,1.00,0.99,0.96,0.51,0.02,inferred
Oldham,2021-05-16,1.00,1.00,1.00,0.99,0.96,0.51,0.02,inferred
Oldham,2021-05-17,1.00,1.00,1.00,0.99,0.96,0.51,0.02,inferred
Oldham,2021-05-18,1.00,1.00,1.00,1.00,1.00,0.94,0.43,inferred
Oldham,2021-05-19,1.00,1.00,1.00,1.00,1.00,0.94,0.43,inferred
Oldham,2021-05-20,1.00,1.00,1.00,1.00,1.00,0.94,0.43,inferred
Oldham,2021-05-21,1.00,1.00,1.00,1.00,1.00,0.94,0.43,inferred
Oldham,2021-05-22,1.00,1.00,1.00,1.00,1.00,0.94,0.43,inferred
Oldham,2021-05-23,1.00,1.00,1.00,1.00,1.00,0.94,0.43,inferred
Oldham,2021-05-24,1.00,1.00,1.00,1.00,1.00,0.94,0.43,inferred
Oldham,2021-05-25,1.00,1.00,1.00,1.00,1.00,0.92,0.28,inferred
Oldham,2021-05-26,1.00,1.00,1.00,1.00,1.00,0.92,0.28,inferred
Oldham,2021-05-27,1.00,1.00,1.00,1.00,1.00,0.92,0.28,inferred
Oldham,2021-05-28,1.00,1.00,1.00,1.00,1.00,0.92,0.28,inferred
Oldham,2021-05-29,1.00,1.00,1.00,1.00,1.00,0.92,0.28,inferred
Oldham,2021-05-30,1.00,1.00,1.00,1.00,1.00,0.92,0.28,inferred
Oldham,2021-05-31,1.00,1.00,1.00,1.00,1.00,0.92,0.28,inferred
Oldham,2021-06-01,1.00,1.00,1.00,1.00,0.96,0.53,0.02,inferred
Oldham,2021-06-02,1.00,1.00,1.00,1.00,0.96,0.53,0.02,inferred
Oldham,2021-06-03,1.00,1.00,1.00,1.00,0.96,0.53,0.02,inferred
Oldham,2021-06-04,1.00,1.00,1.00,1.00,0.96,0.53,0.02,inferred
Oldham,2021-06-05,1.00,1.00,1.00,1.00,0.96,0.53,0.02,inferred
Oldham,2021-06-06,1.00,1.00,1.00,1.00,0.96,0.53,0.02,inferred
Oldham,2021-06-07,1.00,1.00,1.00,1.00,0.96,0.53,0.02,inferred
Oldham,2021-06-08,1.00,1.00,1.00,0.97,0.83,0.13,0.00,inferred
Oldham,2021-06-09,1.00,1.00,1.00,0.97,0.83,0.13,0.00,inferred
Oldham,2021-06-10,1.00,1.00,1.00,0.97,0.83,0.13,0.00,inferred
Oldham,2021-06-11,1.00,1.00,1.00,0.97,0.83,0.13,0.00,inferred
Oldham,2021-06-12,1.00,1.00,1.00,0.97,0.83,0.13,0.00,inferred
Oldham,2021-06-13,1.00,1.00,1.00,0.97,0.83,0.13,0.00,inferred
Oldham,2021-06-14,1.00,1.00,1.00,0.97,0.83,0.13,0.00,inferred
Oldham,2021-06-15,1.00,1.00,1.00,1.00,1.00,0.85,0.01,inferred
Oldham,2021-06-16,1.00,1.00,1.00,1.00,1.00,0.85,0.01,inferred
Oldham,2021-06-17,1.00,1.00,1.00,1.00,1.00,0.85,0.01,inferred
Oldham,2021-06-18,1.00,1.00,1.00,1.00,1.00,0.85,0.01,inferred
Oldham,2021-06-19,1.00,1.00,1.00,1.00,1.00,0.85,0.01,inferred
Oldham,2021-06-20,1.00,1.00,1.00,1.00,1.00,0.85,0.01,inferred
Oldham,2021-06-21,1.00,1.00,1.00,1.00,1.00,0.85,0.01,inferred
Oldham,2021-06-22,1.00,1.00,1.00,1.00,1.00,0.78,0.04,inferred
Oldham,2021-06-23,1.00,1.00,1.00,1.00,1.00,0.78,0.04,inferred
Oldham,2021-06-24,1.00,1.00,1.00,1.00,1.00,0.78,0.04,inferred
Oldham,2021-06-25,1.00,1.00,1.00,1.00,1.00,0.78,0.04,inferred
Oldham,2021-06-26,1.00,1.00,1.00,1.00,1.00,0.78,0.04,inferred
Oldham,2021-06-27,1.00,1.00,1.00,1.00,1.00,0.78,0.04,inferred
Oldham,2021-06-28,1.00,1.00,1.00,1.00,1.00,0.78,0.04,inferred
Oldham,2021-06-29,0.93,0.76,0.51,0.25,0.11,0.00,0.00,inferred
Oldham,2021-06-30,0.93,0.76,0.51,0.25,0.11,0.00,0.00,inferred
Oldham,2021-07-01,0.93,0.76,0.51,0.25,0.11,0.00,0.00,inferred
Oldham,2021-07-02,0.93,0.76,0.51,0.25,0.11,0.00,0.00,inferred
Oldham,2021-07-03,0.93,0.76,0.51,0.25,0.11,0.00,0.00,inferred
Oldham,2021-07-04,0.93,0.76,0.51,0.25,0.11,0.00,0.00,inferred
Oldham,2021-07-05,0.93,0.76,0.51,0.25,0.11,0.00,0.00,inferred
Oldham,2021-07-06,0.78,0.64,0.50,0.36,0.25,0.07,0.01,projected
Oldham,2021-07-07,0.78,0.64,0.50,0.36,0.25,0.07,0.01,projected
Oldham,2021-07-08,0.78,0.64,0.50,0.36,0.25,0.07,0.01,projected
Oldham,2021-07-09,0.78,0.64,0.50,0.36,0.25,0.07,0.01,projected
Oldham,2021-07-10,0.78,0.64,0.50,0.36,0.25,0.07,0.01,projected
Oldham,2021-07-11,0.78,0.64,0.50,0.36,0.25,0.07,0.01,projected
Oldham,2021-07-12,0.78,0.64,0.50,0.36,0.25,0.07,0.01,projected
Oldham,2021-07-13,0.71,0.58,0.46,0.36,0.27,0.11,0.03,projected
Oldham,2021-07-14,0.71,0.58,0.46,0.36,0.27,0.11,0.03,projected
Oldham,2021-07-15,0.71,0.58,0.46,0.36,0.27,0.11,0.03,projected
Oldham,2021-07-16,0.71,0.58,0.46,0.36,0.27,0.11,0.03,projected
Oldham,2021-07-17,0.71,0.58,0.46,0.36,0.27,0.11,0.03,projected
Oldham,2021-07-18,0.71,0.58,0.46,0.36,0.27,0.11,0.03,projected
Oldham,2021-07-19,0.71,0.58,0.46,0.36,0.27,0.11,0.03,projected
Oldham,2021-07-20,0.71,0.60,0.49,0.41,0.32,0.15,0.04,projected
Oldham,2021-07-21,0.71,0.60,0.49,0.41,0.32,0.15,0.04,projected
Oldham,2021-07-22,0.71,0.60,0.49,0.41,0.32,0.15,0.04,projected
Oldham,2021-07-23,0.71,0.60,0.49,0.41,0.32,0.15,0.04,projected
Oldham,2021-07-24,0.71,0.60,0.49,0.41,0.32,0.15,0.04,projected
Oldham,2021-07-25,0.71,0.60,0.49,0.41,0.32,0.15,0.04,projected
Oldham,2021-07-26,0.71,0.60,0.49,0.41,0.32,0.15,0.04,projected
Orkney,2021-03-23,0.96,0.94,0.91,0.86,0.80,0.61,0.32,inferred
Orkney,2021-03-24,0.96,0.94,0.91,0.86,0.80,0.61,0.32,inferred
Orkney,2021-03-25,0.96,0.94,0.91,0.86,0.80,0.61,0.32,inferred
Orkney,2021-03-26,0.96,0.94,0.91,0.86,0.80,0.61,0.32,inferred
Orkney,2021-03-27,0.96,0.94,0.91,0.86,0.80,0.61,0.32,inferred
Orkney,2021-03-28,0.96,0.94,0.91,0.86,0.80,0.61,0.32,inferred
Orkney,2021-03-29,0.96,0.94,0.91,0.86,0.80,0.61,0.32,inferred
Orkney,2021-03-30,0.92,0.86,0.79,0.70,0.62,0.37,0.13,inferred
Orkney,2021-03-31,0.92,0.86,0.79,0.70,0.62,0.37,0.13,inferred
Orkney,2021-04-01,0.92,0.86,0.79,0.70,0.62,0.37,0.13,inferred
Orkney,2021-04-02,0.92,0.86,0.79,0.70,0.62,0.37,0.13,inferred
Orkney,2021-04-03,0.92,0.86,0.79,0.70,0.62,0.37,0.13,inferred
Orkney,2021-04-04,0.92,0.86,0.79,0.70,0.62,0.37,0.13,inferred
Orkney,2021-04-05,0.92,0.86,0.79,0.70,0.62,0.37,0.13,inferred
Orkney,2021-04-06,0.86,0.78,0.69,0.59,0.48,0.24,0.04,inferred
Orkney,2021-04-07,0.86,0.78,0.69,0.59,0.48,0.24,0.04,inferred
Orkney,2021-04-08,0.86,0.78,0.69,0.59,0.48,0.24,0.04,inferred
Orkney,2021-04-09,0.86,0.78,0.69,0.59,0.48,0.24,0.04,inferred
Orkney,2021-04-10,0.86,0.78,0.69,0.59,0.48,0.24,0.04,inferred
Orkney,2021-04-11,0.86,0.78,0.69,0.59,0.48,0.24,0.04,inferred
Orkney,2021-04-12,0.86,0.78,0.69,0.59,0.48,0.24,0.04,inferred
Orkney,2021-04-13,0.86,0.77,0.67,0.57,0.46,0.22,0.05,inferred
Orkney,2021-04-14,0.86,0.77,0.67,0.57,0.46,0.22,0.05,inferred
Orkney,2021-04-15,0.86,0.77,0.67,0.57,0.46,0.22,0.05,inferred
Orkney,2021-04-16,0.86,0.77,0.67,0.57,0.46,0.22,0.05,inferred
Orkney,2021-04-17,0.86,0.77,0.67,0.57,0.46,0.22,0.05,inferred
Orkney,2021-04-18,0.86,0.77,0.67,0.57,0.46,0.22,0.05,inferred
Orkney,2021-04-19,0.86,0.77,0.67,0.57,0.46,0.22,0.05,inferred
Orkney,2021-04-20,0.70,0.58,0.46,0.34,0.26,0.09,0.01,inferred
Orkney,2021-04-21,0.70,0.58,0.46,0.34,0.26,0.09,0.01,inferred
Orkney,2021-04-22,0.70,0.58,0.46,0.34,0.26,0.09,0.01,inferred
Orkney,2021-04-23,0.70,0.58,0.46,0.34,0.26,0.09,0.01,inferred
Orkney,2021-04-24,0.70,0.58,0.46,0.34,0.26,0.09,0.01,inferred
Orkney,2021-04-25,0.70,0.58,0.46,0.34,0.26,0.09,0.01,inferred
Orkney,2021-04-26,0.70,0.58,0.46,0.34,0.26,0.09,0.01,inferred
Orkney,2021-04-27,0.71,0.60,0.48,0.37,0.28,0.12,0.02,inferred
Orkney,2021-04-28,0.71,0.60,0.48,0.37,0.28,0.12,0.02,inferred
Orkney,2021-04-29,0.71,0.60,0.48,0.37,0.28,0.12,0.02,inferred
Orkney,2021-04-30,0.71,0.60,0.48,0.37,0.28,0.12,0.02,inferred
Orkney,2021-05-01,0.71,0.60,0.48,0.37,0.28,0.12,0.02,inferred
Orkney,2021-05-02,0.71,0.60,0.48,0.37,0.28,0.12,0.02,inferred
Orkney,2021-05-03,0.71,0.60,0.48,0.37,0.28,0.12,0.02,inferred
Orkney,2021-05-04,0.79,0.69,0.58,0.47,0.37,0.15,0.03,inferred
Orkney,2021-05-05,0.79,0.69,0.58,0.47,0.37,0.15,0.03,inferred
Orkney,2021-05-06,0.79,0.69,0.58,0.47,0.37,0.15,0.03,inferred
Orkney,2021-05-07,0.79,0.69,0.58,0.47,0.37,0.15,0.03,inferred
Orkney,2021-05-08,0.79,0.69,0.58,0.47,0.37,0.15,0.03,inferred
Orkney,2021-05-09,0.79,0.69,0.58,0.47,0.37,0.15,0.03,inferred
Orkney,2021-05-10,0.79,0.69,0.58,0.47,0.37,0.15,0.03,inferred
Orkney,2021-05-11,0.76,0.66,0.54,0.43,0.34,0.16,0.02,inferred
Orkney,2021-05-12,0.76,0.66,0.54,0.43,0.34,0.16,0.02,inferred
Orkney,2021-05-13,0.76,0.66,0.54,0.43,0.34,0.16,0.02,inferred
Orkney,2021-05-14,0.76,0.66,0.54,0.43,0.34,0.16,0.02,inferred
Orkney,2021-05-15,0.76,0.66,0.54,0.43,0.34,0.16,0.02,inferred
Orkney,2021-05-16,0.76,0.66,0.54,0.43,0.34,0.16,0.02,inferred
Orkney,2021-05-17,0.76,0.66,0.54,0.43,0.34,0.16,0.02,inferred
Orkney,2021-05-18,0.85,0.76,0.67,0.53,0.46,0.22,0.05,inferred
Orkney,2021-05-19,0.85,0.76,0.67,0.53,0.46,0.22,0.05,inferred
Orkney,2021-05-20,0.85,0.76,0.67,0.53,0.46,0.22,0.05,inferred
Orkney,2021-05-21,0.85,0.76,0.67,0.53,0.46,0.22,0.05,inferred
Orkney,2021-05-22,0.85,0.76,0.67,0.53,0.46,0.22,0.05,inferred
Orkney,2021-05-23,0.85,0.76,0.67,0.53,0.46,0.22,0.05,inferred
Orkney,2021-05-24,0.85,0.76,0.67,0.53,0.46,0.22,0.05,inferred
Orkney,2021-05-25,0.92,0.88,0.80,0.72,0.63,0.35,0.11,inferred
Orkney,2021-05-26,0.92,0.88,0.80,0.72,0.63,0.35,0.11,inferred
Orkney,2021-05-27,0.92,0.88,0.80,0.72,0.63,0.35,0.11,inferred
Orkney,2021-05-28,0.92,0.88,0.80,0.72,0.63,0.35,0.11,inferred
Orkney,2021-05-29,0.92,0.88,0.80,0.72,0.63,0.35,0.11,inferred
Orkney,2021-05-30,0.92,0.88,0.80,0.72,0.63,0.35,0.11,inferred
Orkney,2021-05-31,0.92,0.88,0.80,0.72,0.63,0.35,0.11,inferred
Orkney,2021-06-01,0.93,0.86,0.77,0.68,0.58,0.31,0.07,inferred
Orkney,2021-06-02,0.93,0.86,0.77,0.68,0.58,0.31,0.07,inferred
Orkney,2021-06-03,0.93,0.86,0.77,0.68,0.58,0.31,0.07,inferred
Orkney,2021-06-04,0.93,0.86,0.77,0.68,0.58,0.31,0.07,inferred
Orkney,2021-06-05,0.93,0.86,0.77,0.68,0.58,0.31,0.07,inferred
Orkney,2021-06-06,0.93,0.86,0.77,0.68,0.58,0.31,0.07,inferred
Orkney,2021-06-07,0.93,0.86,0.77,0.68,0.58,0.31,0.07,inferred
Orkney,2021-06-08,0.98,0.96,0.93,0.89,0.84,0.61,0.27,inferred
Orkney,2021-06-09,0.98,0.96,0.93,0.89,0.84,0.61,0.27,inferred
Orkney,2021-06-10,0.98,0.96,0.93,0.89,0.84,0.61,0.27,inferred
Orkney,2021-06-11,0.98,0.96,0.93,0.89,0.84,0.61,0.27,inferred
Orkney,2021-06-12,0.98,0.96,0.93,0.89,0.84,0.61,0.27,inferred
Orkney,2021-06-13,0.98,0.96,0.93,0.89,0.84,0.61,0.27,inferred
Orkney,2021-06-14,0.98,0.96,0.93,0.89,0.84,0.61,0.27,inferred
Orkney,2021-06-15,0.99,0.98,0.96,0.93,0.89,0.69,0.32,inferred
Orkney,2021-06-16,0.99,0.98,0.96,0.93,0.89,0.69,0.32,inferred
Orkney,2021-06-17,0.99,0.98,0.96,0.93,0.89,0.69,0.32,inferred
Orkney,2021-06-18,0.99,0.98,0.96,0.93,0.89,0.69,0.32,inferred
Orkney,2021-06-19,0.99,0.98,0.96,0.93,0.89,0.69,0.32,inferred
Orkney,2021-06-20,0.99,0.98,0.96,0.93,0.89,0.69,0.32,inferred
Orkney,2021-06-21,0.99,0.98,0.96,0.93,0.89,0.69,0.32,inferred
Orkney,2021-06-22,0.97,0.94,0.90,0.84,0.77,0.52,0.22,inferred
Orkney,2021-06-23,0.97,0.94,0.90,0.84,0.77,0.52,0.22,inferred
Orkney,2021-06-24,0.97,0.94,0.90,0.84,0.77,0.52,0.22,inferred
Orkney,2021-06-25,0.97,0.94,0.90,0.84,0.77,0.52,0.22,inferred
Orkney,2021-06-26,0.97,0.94,0.90,0.84,0.77,0.52,0.22,inferred
Orkney,2021-06-27,0.97,0.94,0.90,0.84,0.77,0.52,0.22,inferred
Orkney,2021-06-28,0.97,0.94,0.90,0.84,0.77,0.52,0.22,inferred
Orkney,2021-06-29,0.81,0.74,0.67,0.58,0.50,0.32,0.13,inferred
Orkney,2021-06-30,0.81,0.74,0.67,0.58,0.50,0.32,0.13,inferred
Orkney,2021-07-01,0.81,0.74,0.67,0.58,0.50,0.32,0.13,inferred
Orkney,2021-07-02,0.81,0.74,0.67,0.58,0.50,0.32,0.13,inferred
Orkney,2021-07-03,0.81,0.74,0.67,0.58,0.50,0.32,0.13,inferred
Orkney,2021-07-04,0.81,0.74,0.67,0.58,0.50,0.32,0.13,inferred
Orkney,2021-07-05,0.81,0.74,0.67,0.58,0.50,0.32,0.13,inferred
Orkney,2021-07-06,0.78,0.72,0.65,0.58,0.51,0.34,0.18,projected
Orkney,2021-07-07,0.78,0.72,0.65,0.58,0.51,0.34,0.18,projected
Orkney,2021-07-08,0.78,0.72,0.65,0.58,0.51,0.34,0.18,projected
Orkney,2021-07-09,0.78,0.72,0.65,0.58,0.51,0.34,0.18,projected
Orkney,2021-07-10,0.78,0.72,0.65,0.58,0.51,0.34,0.18,projected
Orkney,2021-07-11,0.78,0.72,0.65,0.58,0.51,0.34,0.18,projected
Orkney,2021-07-12,0.78,0.72,0.65,0.58,0.51,0.34,0.18,projected
Orkney,2021-07-13,0.76,0.70,0.63,0.57,0.52,0.36,0.21,projected
Orkney,2021-07-14,0.76,0.70,0.63,0.57,0.52,0.36,0.21,projected
Orkney,2021-07-15,0.76,0.70,0.63,0.57,0.52,0.36,0.21,projected
Orkney,2021-07-16,0.76,0.70,0.63,0.57,0.52,0.36,0.21,projected
Orkney,2021-07-17,0.76,0.70,0.63,0.57,0.52,0.36,0.21,projected
Orkney,2021-07-18,0.76,0.70,0.63,0.57,0.52,0.36,0.21,projected
Orkney,2021-07-19,0.76,0.70,0.63,0.57,0.52,0.36,0.21,projected
Orkney,2021-07-20,0.78,0.71,0.64,0.58,0.52,0.38,0.22,projected
Orkney,2021-07-21,0.78,0.71,0.64,0.58,0.52,0.38,0.22,projected
Orkney,2021-07-22,0.78,0.71,0.64,0.58,0.52,0.38,0.22,projected
Orkney,2021-07-23,0.78,0.71,0.64,0.58,0.52,0.38,0.22,projected
Orkney,2021-07-24,0.78,0.71,0.64,0.58,0.52,0.38,0.22,projected
Orkney,2021-07-25,0.78,0.71,0.64,0.58,0.52,0.38,0.22,projected
Orkney,2021-07-26,0.78,0.71,0.64,0.58,0.52,0.38,0.22,projected
Orkney Islands,2021-03-23,0.96,0.94,0.91,0.86,0.80,0.61,0.32,inferred
Orkney Islands,2021-03-24,0.96,0.94,0.91,0.86,0.80,0.61,0.32,inferred
Orkney Islands,2021-03-25,0.96,0.94,0.91,0.86,0.80,0.61,0.32,inferred
Orkney Islands,2021-03-26,0.96,0.94,0.91,0.86,0.80,0.61,0.32,inferred
Orkney Islands,2021-03-27,0.96,0.94,0.91,0.86,0.80,0.61,0.32,inferred
Orkney Islands,2021-03-28,0.96,0.94,0.91,0.86,0.80,0.61,0.32,inferred
Orkney Islands,2021-03-29,0.96,0.94,0.91,0.86,0.80,0.61,0.32,inferred
Orkney Islands,2021-03-30,0.92,0.86,0.79,0.70,0.62,0.37,0.13,inferred
Orkney Islands,2021-03-31,0.92,0.86,0.79,0.70,0.62,0.37,0.13,inferred
Orkney Islands,2021-04-01,0.92,0.86,0.79,0.70,0.62,0.37,0.13,inferred
Orkney Islands,2021-04-02,0.92,0.86,0.79,0.70,0.62,0.37,0.13,inferred
Orkney Islands,2021-04-03,0.92,0.86,0.79,0.70,0.62,0.37,0.13,inferred
Orkney Islands,2021-04-04,0.92,0.86,0.79,0.70,0.62,0.37,0.13,inferred
Orkney Islands,2021-04-05,0.92,0.86,0.79,0.70,0.62,0.37,0.13,inferred
Orkney Islands,2021-04-06,0.86,0.78,0.69,0.59,0.48,0.24,0.04,inferred
Orkney Islands,2021-04-07,0.86,0.78,0.69,0.59,0.48,0.24,0.04,inferred
Orkney Islands,2021-04-08,0.86,0.78,0.69,0.59,0.48,0.24,0.04,inferred
Orkney Islands,2021-04-09,0.86,0.78,0.69,0.59,0.48,0.24,0.04,inferred
Orkney Islands,2021-04-10,0.86,0.78,0.69,0.59,0.48,0.24,0.04,inferred
Orkney Islands,2021-04-11,0.86,0.78,0.69,0.59,0.48,0.24,0.04,inferred
Orkney Islands,2021-04-12,0.86,0.78,0.69,0.59,0.48,0.24,0.04,inferred
Orkney Islands,2021-04-13,0.86,0.77,0.67,0.57,0.46,0.22,0.05,inferred
Orkney Islands,2021-04-14,0.86,0.77,0.67,0.57,0.46,0.22,0.05,inferred
Orkney Islands,2021-04-15,0.86,0.77,0.67,0.57,0.46,0.22,0.05,inferred
Orkney Islands,2021-04-16,0.86,0.77,0.67,0.57,0.46,0.22,0.05,inferred
Orkney Islands,2021-04-17,0.86,0.77,0.67,0.57,0.46,0.22,0.05,inferred
Orkney Islands,2021-04-18,0.86,0.77,0.67,0.57,0.46,0.22,0.05,inferred
Orkney Islands,2021-04-19,0.86,0.77,0.67,0.57,0.46,0.22,0.05,inferred
Orkney Islands,2021-04-20,0.70,0.58,0.46,0.34,0.26,0.09,0.01,inferred
Orkney Islands,2021-04-21,0.70,0.58,0.46,0.34,0.26,0.09,0.01,inferred
Orkney Islands,2021-04-22,0.70,0.58,0.46,0.34,0.26,0.09,0.01,inferred
Orkney Islands,2021-04-23,0.70,0.58,0.46,0.34,0.26,0.09,0.01,inferred
Orkney Islands,2021-04-24,0.70,0.58,0.46,0.34,0.26,0.09,0.01,inferred
Orkney Islands,2021-04-25,0.70,0.58,0.46,0.34,0.26,0.09,0.01,inferred
Orkney Islands,2021-04-26,0.70,0.58,0.46,0.34,0.26,0.09,0.01,inferred
Orkney Islands,2021-04-27,0.71,0.60,0.48,0.37,0.28,0.12,0.02,inferred
Orkney Islands,2021-04-28,0.71,0.60,0.48,0.37,0.28,0.12,0.02,inferred
Orkney Islands,2021-04-29,0.71,0.60,0.48,0.37,0.28,0.12,0.02,inferred
Orkney Islands,2021-04-30,0.71,0.60,0.48,0.37,0.28,0.12,0.02,inferred
Orkney Islands,2021-05-01,0.71,0.60,0.48,0.37,0.28,0.12,0.02,inferred
Orkney Islands,2021-05-02,0.71,0.60,0.48,0.37,0.28,0.12,0.02,inferred
Orkney Islands,2021-05-03,0.71,0.60,0.48,0.37,0.28,0.12,0.02,inferred
Orkney Islands,2021-05-04,0.79,0.69,0.58,0.47,0.37,0.15,0.03,inferred
Orkney Islands,2021-05-05,0.79,0.69,0.58,0.47,0.37,0.15,0.03,inferred
Orkney Islands,2021-05-06,0.79,0.69,0.58,0.47,0.37,0.15,0.03,inferred
Orkney Islands,2021-05-07,0.79,0.69,0.58,0.47,0.37,0.15,0.03,inferred
Orkney Islands,2021-05-08,0.79,0.69,0.58,0.47,0.37,0.15,0.03,inferred
Orkney Islands,2021-05-09,0.79,0.69,0.58,0.47,0.37,0.15,0.03,inferred
Orkney Islands,2021-05-10,0.79,0.69,0.58,0.47,0.37,0.15,0.03,inferred
Orkney Islands,2021-05-11,0.76,0.66,0.54,0.43,0.34,0.16,0.02,inferred
Orkney Islands,2021-05-12,0.76,0.66,0.54,0.43,0.34,0.16,0.02,inferred
Orkney Islands,2021-05-13,0.76,0.66,0.54,0.43,0.34,0.16,0.02,inferred
Orkney Islands,2021-05-14,0.76,0.66,0.54,0.43,0.34,0.16,0.02,inferred
Orkney Islands,2021-05-15,0.76,0.66,0.54,0.43,0.34,0.16,0.02,inferred
Orkney Islands,2021-05-16,0.76,0.66,0.54,0.43,0.34,0.16,0.02,inferred
Orkney Islands,2021-05-17,0.76,0.66,0.54,0.43,0.34,0.16,0.02,inferred
Orkney Islands,2021-05-18,0.85,0.76,0.67,0.53,0.46,0.22,0.05,inferred
Orkney Islands,2021-05-19,0.85,0.76,0.67,0.53,0.46,0.22,0.05,inferred
Orkney Islands,2021-05-20,0.85,0.76,0.67,0.53,0.46,0.22,0.05,inferred
Orkney Islands,2021-05-21,0.85,0.76,0.67,0.53,0.46,0.22,0.05,inferred
Orkney Islands,2021-05-22,0.85,0.76,0.67,0.53,0.46,0.22,0.05,inferred
Orkney Islands,2021-05-23,0.85,0.76,0.67,0.53,0.46,0.22,0.05,inferred
Orkney Islands,2021-05-24,0.85,0.76,0.67,0.53,0.46,0.22,0.05,inferred
Orkney Islands,2021-05-25,0.92,0.88,0.80,0.72,0.63,0.35,0.11,inferred
Orkney Islands,2021-05-26,0.92,0.88,0.80,0.72,0.63,0.35,0.11,inferred
Orkney Islands,2021-05-27,0.92,0.88,0.80,0.72,0.63,0.35,0.11,inferred
Orkney Islands,2021-05-28,0.92,0.88,0.80,0.72,0.63,0.35,0.11,inferred
Orkney Islands,2021-05-29,0.92,0.88,0.80,0.72,0.63,0.35,0.11,inferred
Orkney Islands,2021-05-30,0.92,0.88,0.80,0.72,0.63,0.35,0.11,inferred
Orkney Islands,2021-05-31,0.92,0.88,0.80,0.72,0.63,0.35,0.11,inferred
Orkney Islands,2021-06-01,0.93,0.86,0.77,0.68,0.58,0.31,0.07,inferred
Orkney Islands,2021-06-02,0.93,0.86,0.77,0.68,0.58,0.31,0.07,inferred
Orkney Islands,2021-06-03,0.93,0.86,0.77,0.68,0.58,0.31,0.07,inferred
Orkney Islands,2021-06-04,0.93,0.86,0.77,0.68,0.58,0.31,0.07,inferred
Orkney Islands,2021-06-05,0.93,0.86,0.77,0.68,0.58,0.31,0.07,inferred
Orkney Islands,2021-06-06,0.93,0.86,0.77,0.68,0.58,0.31,0.07,inferred
Orkney Islands,2021-06-07,0.93,0.86,0.77,0.68,0.58,0.31,0.07,inferred
Orkney Islands,2021-06-08,0.98,0.96,0.93,0.89,0.84,0.61,0.27,inferred
Orkney Islands,2021-06-09,0.98,0.96,0.93,0.89,0.84,0.61,0.27,inferred
Orkney Islands,2021-06-10,0.98,0.96,0.93,0.89,0.84,0.61,0.27,inferred
Orkney Islands,2021-06-11,0.98,0.96,0.93,0.89,0.84,0.61,0.27,inferred
Orkney Islands,2021-06-12,0.98,0.96,0.93,0.89,0.84,0.61,0.27,inferred
Orkney Islands,2021-06-13,0.98,0.96,0.93,0.89,0.84,0.61,0.27,inferred
Orkney Islands,2021-06-14,0.98,0.96,0.93,0.89,0.84,0.61,0.27,inferred
Orkney Islands,2021-06-15,0.99,0.98,0.96,0.93,0.89,0.69,0.32,inferred
Orkney Islands,2021-06-16,0.99,0.98,0.96,0.93,0.89,0.69,0.32,inferred
Orkney Islands,2021-06-17,0.99,0.98,0.96,0.93,0.89,0.69,0.32,inferred
Orkney Islands,2021-06-18,0.99,0.98,0.96,0.93,0.89,0.69,0.32,inferred
Orkney Islands,2021-06-19,0.99,0.98,0.96,0.93,0.89,0.69,0.32,inferred
Orkney Islands,2021-06-20,0.99,0.98,0.96,0.93,0.89,0.69,0.32,inferred
Orkney Islands,2021-06-21,0.99,0.98,0.96,0.93,0.89,0.69,0.32,inferred
Orkney Islands,2021-06-22,0.97,0.94,0.90,0.84,0.77,0.52,0.22,inferred
Orkney Islands,2021-06-23,0.97,0.94,0.90,0.84,0.77,0.52,0.22,inferred
Orkney Islands,2021-06-24,0.97,0.94,0.90,0.84,0.77,0.52,0.22,inferred
Orkney Islands,2021-06-25,0.97,0.94,0.90,0.84,0.77,0.52,0.22,inferred
Orkney Islands,2021-06-26,0.97,0.94,0.90,0.84,0.77,0.52,0.22,inferred
Orkney Islands,2021-06-27,0.97,0.94,0.90,0.84,0.77,0.52,0.22,inferred
Orkney Islands,2021-06-28,0.97,0.94,0.90,0.84,0.77,0.52,0.22,inferred
Orkney Islands,2021-06-29,0.81,0.74,0.67,0.58,0.50,0.32,0.13,inferred
Orkney Islands,2021-06-30,0.81,0.74,0.67,0.58,0.50,0.32,0.13,inferred
Orkney Islands,2021-07-01,0.81,0.74,0.67,0.58,0.50,0.32,0.13,inferred
Orkney Islands,2021-07-02,0.81,0.74,0.67,0.58,0.50,0.32,0.13,inferred
Orkney Islands,2021-07-03,0.81,0.74,0.67,0.58,0.50,0.32,0.13,inferred
Orkney Islands,2021-07-04,0.81,0.74,0.67,0.58,0.50,0.32,0.13,inferred
Orkney Islands,2021-07-05,0.81,0.74,0.67,0.58,0.50,0.32,0.13,inferred
Orkney Islands,2021-07-06,0.78,0.72,0.65,0.58,0.51,0.34,0.18,projected
Orkney Islands,2021-07-07,0.78,0.72,0.65,0.58,0.51,0.34,0.18,projected
Orkney Islands,2021-07-08,0.78,0.72,0.65,0.58,0.51,0.34,0.18,projected
Orkney Islands,2021-07-09,0.78,0.72,0.65,0.58,0.51,0.34,0.18,projected
Orkney Islands,2021-07-10,0.78,0.72,0.65,0.58,0.51,0.34,0.18,projected
Orkney Islands,2021-07-11,0.78,0.72,0.65,0.58,0.51,0.34,0.18,projected
Orkney Islands,2021-07-12,0.78,0.72,0.65,0.58,0.51,0.34,0.18,projected
Orkney Islands,2021-07-13,0.76,0.70,0.63,0.57,0.52,0.36,0.21,projected
Orkney Islands,2021-07-14,0.76,0.70,0.63,0.57,0.52,0.36,0.21,projected
Orkney Islands,2021-07-15,0.76,0.70,0.63,0.57,0.52,0.36,0.21,projected
Orkney Islands,2021-07-16,0.76,0.70,0.63,0.57,0.52,0.36,0.21,projected
Orkney Islands,2021-07-17,0.76,0.70,0.63,0.57,0.52,0.36,0.21,projected
Orkney Islands,2021-07-18,0.76,0.70,0.63,0.57,0.52,0.36,0.21,projected
Orkney Islands,2021-07-19,0.76,0.70,0.63,0.57,0.52,0.36,0.21,projected
Orkney Islands,2021-07-20,0.78,0.71,0.64,0.58,0.52,0.38,0.22,projected
Orkney Islands,2021-07-21,0.78,0.71,0.64,0.58,0.52,0.38,0.22,projected
Orkney Islands,2021-07-22,0.78,0.71,0.64,0.58,0.52,0.38,0.22,projected
Orkney Islands,2021-07-23,0.78,0.71,0.64,0.58,0.52,0.38,0.22,projected
Orkney Islands,2021-07-24,0.78,0.71,0.64,0.58,0.52,0.38,0.22,projected
Orkney Islands,2021-07-25,0.78,0.71,0.64,0.58,0.52,0.38,0.22,projected
Orkney Islands,2021-07-26,0.78,0.71,0.64,0.58,0.52,0.38,0.22,projected
Oxford,2021-03-23,0.60,0.30,0.11,0.03,0.01,0.00,0.00,inferred
Oxford,2021-03-24,0.60,0.30,0.11,0.03,0.01,0.00,0.00,inferred
Oxford,2021-03-25,0.60,0.30,0.11,0.03,0.01,0.00,0.00,inferred
Oxford,2021-03-26,0.60,0.30,0.11,0.03,0.01,0.00,0.00,inferred
Oxford,2021-03-27,0.60,0.30,0.11,0.03,0.01,0.00,0.00,inferred
Oxford,2021-03-28,0.60,0.30,0.11,0.03,0.01,0.00,0.00,inferred
Oxford,2021-03-29,0.60,0.30,0.11,0.03,0.01,0.00,0.00,inferred
Oxford,2021-03-30,0.66,0.39,0.16,0.05,0.01,0.00,0.00,inferred
Oxford,2021-03-31,0.66,0.39,0.16,0.05,0.01,0.00,0.00,inferred
Oxford,2021-04-01,0.66,0.39,0.16,0.05,0.01,0.00,0.00,inferred
Oxford,2021-04-02,0.66,0.39,0.16,0.05,0.01,0.00,0.00,inferred
Oxford,2021-04-03,0.66,0.39,0.16,0.05,0.01,0.00,0.00,inferred
Oxford,2021-04-04,0.66,0.39,0.16,0.05,0.01,0.00,0.00,inferred
Oxford,2021-04-05,0.66,0.39,0.16,0.05,0.01,0.00,0.00,inferred
Oxford,2021-04-06,0.54,0.30,0.13,0.04,0.01,0.00,0.00,inferred
Oxford,2021-04-07,0.54,0.30,0.13,0.04,0.01,0.00,0.00,inferred
Oxford,2021-04-08,0.54,0.30,0.13,0.04,0.01,0.00,0.00,inferred
Oxford,2021-04-09,0.54,0.30,0.13,0.04,0.01,0.00,0.00,inferred
Oxford,2021-04-10,0.54,0.30,0.13,0.04,0.01,0.00,0.00,inferred
Oxford,2021-04-11,0.54,0.30,0.13,0.04,0.01,0.00,0.00,inferred
Oxford,2021-04-12,0.54,0.30,0.13,0.04,0.01,0.00,0.00,inferred
Oxford,2021-04-13,0.71,0.43,0.23,0.10,0.03,0.00,0.00,inferred
Oxford,2021-04-14,0.71,0.43,0.23,0.10,0.03,0.00,0.00,inferred
Oxford,2021-04-15,0.71,0.43,0.23,0.10,0.03,0.00,0.00,inferred
Oxford,2021-04-16,0.71,0.43,0.23,0.10,0.03,0.00,0.00,inferred
Oxford,2021-04-17,0.71,0.43,0.23,0.10,0.03,0.00,0.00,inferred
Oxford,2021-04-18,0.71,0.43,0.23,0.10,0.03,0.00,0.00,inferred
Oxford,2021-04-19,0.71,0.43,0.23,0.10,0.03,0.00,0.00,inferred
Oxford,2021-04-20,0.68,0.42,0.20,0.08,0.03,0.00,0.00,inferred
Oxford,2021-04-21,0.68,0.42,0.20,0.08,0.03,0.00,0.00,inferred
Oxford,2021-04-22,0.68,0.42,0.20,0.08,0.03,0.00,0.00,inferred
Oxford,2021-04-23,0.68,0.42,0.20,0.08,0.03,0.00,0.00,inferred
Oxford,2021-04-24,0.68,0.42,0.20,0.08,0.03,0.00,0.00,inferred
Oxford,2021-04-25,0.68,0.42,0.20,0.08,0.03,0.00,0.00,inferred
Oxford,2021-04-26,0.68,0.42,0.20,0.08,0.03,0.00,0.00,inferred
Oxford,2021-04-27,0.26,0.10,0.03,0.01,0.00,0.00,0.00,inferred
Oxford,2021-04-28,0.26,0.10,0.03,0.01,0.00,0.00,0.00,inferred
Oxford,2021-04-29,0.26,0.10,0.03,0.01,0.00,0.00,0.00,inferred
Oxford,2021-04-30,0.26,0.10,0.03,0.01,0.00,0.00,0.00,inferred
Oxford,2021-05-01,0.26,0.10,0.03,0.01,0.00,0.00,0.00,inferred
Oxford,2021-05-02,0.26,0.10,0.03,0.01,0.00,0.00,0.00,inferred
Oxford,2021-05-03,0.26,0.10,0.03,0.01,0.00,0.00,0.00,inferred
Oxford,2021-05-04,0.44,0.23,0.11,0.04,0.01,0.00,0.00,inferred
Oxford,2021-05-05,0.44,0.23,0.11,0.04,0.01,0.00,0.00,inferred
Oxford,2021-05-06,0.44,0.23,0.11,0.04,0.01,0.00,0.00,inferred
Oxford,2021-05-07,0.44,0.23,0.11,0.04,0.01,0.00,0.00,inferred
Oxford,2021-05-08,0.44,0.23,0.11,0.04,0.01,0.00,0.00,inferred
Oxford,2021-05-09,0.44,0.23,0.11,0.04,0.01,0.00,0.00,inferred
Oxford,2021-05-10,0.44,0.23,0.11,0.04,0.01,0.00,0.00,inferred
Oxford,2021-05-11,0.94,0.85,0.73,0.55,0.38,0.07,0.00,inferred
Oxford,2021-05-12,0.94,0.85,0.73,0.55,0.38,0.07,0.00,inferred
Oxford,2021-05-13,0.94,0.85,0.73,0.55,0.38,0.07,0.00,inferred
Oxford,2021-05-14,0.94,0.85,0.73,0.55,0.38,0.07,0.00,inferred
Oxford,2021-05-15,0.94,0.85,0.73,0.55,0.38,0.07,0.00,inferred
Oxford,2021-05-16,0.94,0.85,0.73,0.55,0.38,0.07,0.00,inferred
Oxford,2021-05-17,0.94,0.85,0.73,0.55,0.38,0.07,0.00,inferred
Oxford,2021-05-18,1.00,1.00,1.00,1.00,0.99,0.84,0.24,inferred
Oxford,2021-05-19,1.00,1.00,1.00,1.00,0.99,0.84,0.24,inferred
Oxford,2021-05-20,1.00,1.00,1.00,1.00,0.99,0.84,0.24,inferred
Oxford,2021-05-21,1.00,1.00,1.00,1.00,0.99,0.84,0.24,inferred
Oxford,2021-05-22,1.00,1.00,1.00,1.00,0.99,0.84,0.24,inferred
Oxford,2021-05-23,1.00,1.00,1.00,1.00,0.99,0.84,0.24,inferred
Oxford,2021-05-24,1.00,1.00,1.00,1.00,0.99,0.84,0.24,inferred
Oxford,2021-05-25,1.00,1.00,1.00,1.00,0.98,0.79,0.23,inferred
Oxford,2021-05-26,1.00,1.00,1.00,1.00,0.98,0.79,0.23,inferred
Oxford,2021-05-27,1.00,1.00,1.00,1.00,0.98,0.79,0.23,inferred
Oxford,2021-05-28,1.00,1.00,1.00,1.00,0.98,0.79,0.23,inferred
Oxford,2021-05-29,1.00,1.00,1.00,1.00,0.98,0.79,0.23,inferred
Oxford,2021-05-30,1.00,1.00,1.00,1.00,0.98,0.79,0.23,inferred
Oxford,2021-05-31,1.00,1.00,1.00,1.00,0.98,0.79,0.23,inferred
Oxford,2021-06-01,0.99,0.97,0.88,0.72,0.51,0.10,0.00,inferred
Oxford,2021-06-02,0.99,0.97,0.88,0.72,0.51,0.10,0.00,inferred
Oxford,2021-06-03,0.99,0.97,0.88,0.72,0.51,0.10,0.00,inferred
Oxford,2021-06-04,0.99,0.97,0.88,0.72,0.51,0.10,0.00,inferred
Oxford,2021-06-05,0.99,0.97,0.88,0.72,0.51,0.10,0.00,inferred
Oxford,2021-06-06,0.99,0.97,0.88,0.72,0.51,0.10,0.00,inferred
Oxford,2021-06-07,0.99,0.97,0.88,0.72,0.51,0.10,0.00,inferred
Oxford,2021-06-08,1.00,1.00,1.00,0.99,0.94,0.47,0.02,inferred
Oxford,2021-06-09,1.00,1.00,1.00,0.99,0.94,0.47,0.02,inferred
Oxford,2021-06-10,1.00,1.00,1.00,0.99,0.94,0.47,0.02,inferred
Oxford,2021-06-11,1.00,1.00,1.00,0.99,0.94,0.47,0.02,inferred
Oxford,2021-06-12,1.00,1.00,1.00,0.99,0.94,0.47,0.02,inferred
Oxford,2021-06-13,1.00,1.00,1.00,0.99,0.94,0.47,0.02,inferred
Oxford,2021-06-14,1.00,1.00,1.00,0.99,0.94,0.47,0.02,inferred
Oxford,2021-06-15,1.00,1.00,1.00,1.00,1.00,1.00,0.99,inferred
Oxford,2021-06-16,1.00,1.00,1.00,1.00,1.00,1.00,0.99,inferred
Oxford,2021-06-17,1.00,1.00,1.00,1.00,1.00,1.00,0.99,inferred
Oxford,2021-06-18,1.00,1.00,1.00,1.00,1.00,1.00,0.99,inferred
Oxford,2021-06-19,1.00,1.00,1.00,1.00,1.00,1.00,0.99,inferred
Oxford,2021-06-20,1.00,1.00,1.00,1.00,1.00,1.00,0.99,inferred
Oxford,2021-06-21,1.00,1.00,1.00,1.00,1.00,1.00,0.99,inferred
Oxford,2021-06-22,1.00,1.00,1.00,1.00,1.00,0.89,0.53,inferred
Oxford,2021-06-23,1.00,1.00,1.00,1.00,1.00,0.89,0.53,inferred
Oxford,2021-06-24,1.00,1.00,1.00,1.00,1.00,0.89,0.53,inferred
Oxford,2021-06-25,1.00,1.00,1.00,1.00,1.00,0.89,0.53,inferred
Oxford,2021-06-26,1.00,1.00,1.00,1.00,1.00,0.89,0.53,inferred
Oxford,2021-06-27,1.00,1.00,1.00,1.00,1.00,0.89,0.53,inferred
Oxford,2021-06-28,1.00,1.00,1.00,1.00,1.00,0.89,0.53,inferred
Oxford,2021-06-29,0.91,0.78,0.58,0.36,0.21,0.02,0.00,inferred
Oxford,2021-06-30,0.91,0.78,0.58,0.36,0.21,0.02,0.00,inferred
Oxford,2021-07-01,0.91,0.78,0.58,0.36,0.21,0.02,0.00,inferred
Oxford,2021-07-02,0.91,0.78,0.58,0.36,0.21,0.02,0.00,inferred
Oxford,2021-07-03,0.91,0.78,0.58,0.36,0.21,0.02,0.00,inferred
Oxford,2021-07-04,0.91,0.78,0.58,0.36,0.21,0.02,0.00,inferred
Oxford,2021-07-05,0.91,0.78,0.58,0.36,0.21,0.02,0.00,inferred
Oxford,2021-07-06,0.85,0.71,0.56,0.42,0.30,0.09,0.01,projected
Oxford,2021-07-07,0.85,0.71,0.56,0.42,0.30,0.09,0.01,projected
Oxford,2021-07-08,0.85,0.71,0.56,0.42,0.30,0.09,0.01,projected
Oxford,2021-07-09,0.85,0.71,0.56,0.42,0.30,0.09,0.01,projected
Oxford,2021-07-10,0.85,0.71,0.56,0.42,0.30,0.09,0.01,projected
Oxford,2021-07-11,0.85,0.71,0.56,0.42,0.30,0.09,0.01,projected
Oxford,2021-07-12,0.85,0.71,0.56,0.42,0.30,0.09,0.01,projected
Oxford,2021-07-13,0.83,0.71,0.58,0.46,0.37,0.15,0.03,projected
Oxford,2021-07-14,0.83,0.71,0.58,0.46,0.37,0.15,0.03,projected
Oxford,2021-07-15,0.83,0.71,0.58,0.46,0.37,0.15,0.03,projected
Oxford,2021-07-16,0.83,0.71,0.58,0.46,0.37,0.15,0.03,projected
Oxford,2021-07-17,0.83,0.71,0.58,0.46,0.37,0.15,0.03,projected
Oxford,2021-07-18,0.83,0.71,0.58,0.46,0.37,0.15,0.03,projected
Oxford,2021-07-19,0.83,0.71,0.58,0.46,0.37,0.15,0.03,projected
Oxford,2021-07-20,0.83,0.74,0.63,0.50,0.42,0.19,0.05,projected
Oxford,2021-07-21,0.83,0.74,0.63,0.50,0.42,0.19,0.05,projected
Oxford,2021-07-22,0.83,0.74,0.63,0.50,0.42,0.19,0.05,projected
Oxford,2021-07-23,0.83,0.74,0.63,0.50,0.42,0.19,0.05,projected
Oxford,2021-07-24,0.83,0.74,0.63,0.50,0.42,0.19,0.05,projected
Oxford,2021-07-25,0.83,0.74,0.63,0.50,0.42,0.19,0.05,projected
Oxford,2021-07-26,0.83,0.74,0.63,0.50,0.42,0.19,0.05,projected
Pembrokeshire,2021-03-23,0.07,0.01,0.00,0.00,0.00,0.00,0.00,inferred
Pembrokeshire,2021-03-24,0.07,0.01,0.00,0.00,0.00,0.00,0.00,inferred
Pembrokeshire,2021-03-25,0.07,0.01,0.00,0.00,0.00,0.00,0.00,inferred
Pembrokeshire,2021-03-26,0.07,0.01,0.00,0.00,0.00,0.00,0.00,inferred
Pembrokeshire,2021-03-27,0.07,0.01,0.00,0.00,0.00,0.00,0.00,inferred
Pembrokeshire,2021-03-28,0.07,0.01,0.00,0.00,0.00,0.00,0.00,inferred
Pembrokeshire,2021-03-29,0.07,0.01,0.00,0.00,0.00,0.00,0.00,inferred
Pembrokeshire,2021-03-30,0.07,0.03,0.01,0.00,0.00,0.00,0.00,inferred
Pembrokeshire,2021-03-31,0.07,0.03,0.01,0.00,0.00,0.00,0.00,inferred
Pembrokeshire,2021-04-01,0.07,0.03,0.01,0.00,0.00,0.00,0.00,inferred
Pembrokeshire,2021-04-02,0.07,0.03,0.01,0.00,0.00,0.00,0.00,inferred
Pembrokeshire,2021-04-03,0.07,0.03,0.01,0.00,0.00,0.00,0.00,inferred
Pembrokeshire,2021-04-04,0.07,0.03,0.01,0.00,0.00,0.00,0.00,inferred
Pembrokeshire,2021-04-05,0.07,0.03,0.01,0.00,0.00,0.00,0.00,inferred
Pembrokeshire,2021-04-06,0.16,0.07,0.03,0.01,0.00,0.00,0.00,inferred
Pembrokeshire,2021-04-07,0.16,0.07,0.03,0.01,0.00,0.00,0.00,inferred
Pembrokeshire,2021-04-08,0.16,0.07,0.03,0.01,0.00,0.00,0.00,inferred
Pembrokeshire,2021-04-09,0.16,0.07,0.03,0.01,0.00,0.00,0.00,inferred
Pembrokeshire,2021-04-10,0.16,0.07,0.03,0.01,0.00,0.00,0.00,inferred
Pembrokeshire,2021-04-11,0.16,0.07,0.03,0.01,0.00,0.00,0.00,inferred
Pembrokeshire,2021-04-12,0.16,0.07,0.03,0.01,0.00,0.00,0.00,inferred
Pembrokeshire,2021-04-13,0.78,0.66,0.51,0.37,0.24,0.06,0.00,inferred
Pembrokeshire,2021-04-14,0.78,0.66,0.51,0.37,0.24,0.06,0.00,inferred
Pembrokeshire,2021-04-15,0.78,0.66,0.51,0.37,0.24,0.06,0.00,inferred
Pembrokeshire,2021-04-16,0.78,0.66,0.51,0.37,0.24,0.06,0.00,inferred
Pembrokeshire,2021-04-17,0.78,0.66,0.51,0.37,0.24,0.06,0.00,inferred
Pembrokeshire,2021-04-18,0.78,0.66,0.51,0.37,0.24,0.06,0.00,inferred
Pembrokeshire,2021-04-19,0.78,0.66,0.51,0.37,0.24,0.06,0.00,inferred
Pembrokeshire,2021-04-20,0.96,0.91,0.82,0.72,0.58,0.23,0.02,inferred
Pembrokeshire,2021-04-21,0.96,0.91,0.82,0.72,0.58,0.23,0.02,inferred
Pembrokeshire,2021-04-22,0.96,0.91,0.82,0.72,0.58,0.23,0.02,inferred
Pembrokeshire,2021-04-23,0.96,0.91,0.82,0.72,0.58,0.23,0.02,inferred
Pembrokeshire,2021-04-24,0.96,0.91,0.82,0.72,0.58,0.23,0.02,inferred
Pembrokeshire,2021-04-25,0.96,0.91,0.82,0.72,0.58,0.23,0.02,inferred
Pembrokeshire,2021-04-26,0.96,0.91,0.82,0.72,0.58,0.23,0.02,inferred
Pembrokeshire,2021-04-27,0.58,0.41,0.26,0.15,0.09,0.01,0.00,inferred
Pembrokeshire,2021-04-28,0.58,0.41,0.26,0.15,0.09,0.01,0.00,inferred
Pembrokeshire,2021-04-29,0.58,0.41,0.26,0.15,0.09,0.01,0.00,inferred
Pembrokeshire,2021-04-30,0.58,0.41,0.26,0.15,0.09,0.01,0.00,inferred
Pembrokeshire,2021-05-01,0.58,0.41,0.26,0.15,0.09,0.01,0.00,inferred
Pembrokeshire,2021-05-02,0.58,0.41,0.26,0.15,0.09,0.01,0.00,inferred
Pembrokeshire,2021-05-03,0.58,0.41,0.26,0.15,0.09,0.01,0.00,inferred
Pembrokeshire,2021-05-04,0.62,0.45,0.30,0.20,0.12,0.02,0.00,inferred
Pembrokeshire,2021-05-05,0.62,0.45,0.30,0.20,0.12,0.02,0.00,inferred
Pembrokeshire,2021-05-06,0.62,0.45,0.30,0.20,0.12,0.02,0.00,inferred
Pembrokeshire,2021-05-07,0.62,0.45,0.30,0.20,0.12,0.02,0.00,inferred
Pembrokeshire,2021-05-08,0.62,0.45,0.30,0.20,0.12,0.02,0.00,inferred
Pembrokeshire,2021-05-09,0.62,0.45,0.30,0.20,0.12,0.02,0.00,inferred
Pembrokeshire,2021-05-10,0.62,0.45,0.30,0.20,0.12,0.02,0.00,inferred
Pembrokeshire,2021-05-11,0.70,0.53,0.38,0.27,0.17,0.04,0.00,inferred
Pembrokeshire,2021-05-12,0.70,0.53,0.38,0.27,0.17,0.04,0.00,inferred
Pembrokeshire,2021-05-13,0.70,0.53,0.38,0.27,0.17,0.04,0.00,inferred
Pembrokeshire,2021-05-14,0.70,0.53,0.38,0.27,0.17,0.04,0.00,inferred
Pembrokeshire,2021-05-15,0.70,0.53,0.38,0.27,0.17,0.04,0.00,inferred
Pembrokeshire,2021-05-16,0.70,0.53,0.38,0.27,0.17,0.04,0.00,inferred
Pembrokeshire,2021-05-17,0.70,0.53,0.38,0.27,0.17,0.04,0.00,inferred
Pembrokeshire,2021-05-18,0.98,0.95,0.91,0.84,0.72,0.39,0.06,inferred
Pembrokeshire,2021-05-19,0.98,0.95,0.91,0.84,0.72,0.39,0.06,inferred
Pembrokeshire,2021-05-20,0.98,0.95,0.91,0.84,0.72,0.39,0.06,inferred
Pembrokeshire,2021-05-21,0.98,0.95,0.91,0.84,0.72,0.39,0.06,inferred
Pembrokeshire,2021-05-22,0.98,0.95,0.91,0.84,0.72,0.39,0.06,inferred
Pembrokeshire,2021-05-23,0.98,0.95,0.91,0.84,0.72,0.39,0.06,inferred
Pembrokeshire,2021-05-24,0.98,0.95,0.91,0.84,0.72,0.39,0.06,inferred
Pembrokeshire,2021-05-25,1.00,1.00,0.99,0.97,0.94,0.71,0.23,inferred
Pembrokeshire,2021-05-26,1.00,1.00,0.99,0.97,0.94,0.71,0.23,inferred
Pembrokeshire,2021-05-27,1.00,1.00,0.99,0.97,0.94,0.71,0.23,inferred
Pembrokeshire,2021-05-28,1.00,1.00,0.99,0.97,0.94,0.71,0.23,inferred
Pembrokeshire,2021-05-29,1.00,1.00,0.99,0.97,0.94,0.71,0.23,inferred
Pembrokeshire,2021-05-30,1.00,1.00,0.99,0.97,0.94,0.71,0.23,inferred
Pembrokeshire,2021-05-31,1.00,1.00,0.99,0.97,0.94,0.71,0.23,inferred
Pembrokeshire,2021-06-01,1.00,1.00,1.00,0.99,0.98,0.85,0.34,inferred
Pembrokeshire,2021-06-02,1.00,1.00,1.00,0.99,0.98,0.85,0.34,inferred
Pembrokeshire,2021-06-03,1.00,1.00,1.00,0.99,0.98,0.85,0.34,inferred
Pembrokeshire,2021-06-04,1.00,1.00,1.00,0.99,0.98,0.85,0.34,inferred
Pembrokeshire,2021-06-05,1.00,1.00,1.00,0.99,0.98,0.85,0.34,inferred
Pembrokeshire,2021-06-06,1.00,1.00,1.00,0.99,0.98,0.85,0.34,inferred
Pembrokeshire,2021-06-07,1.00,1.00,1.00,0.99,0.98,0.85,0.34,inferred
Pembrokeshire,2021-06-08,1.00,1.00,0.99,0.95,0.89,0.50,0.07,inferred
Pembrokeshire,2021-06-09,1.00,1.00,0.99,0.95,0.89,0.50,0.07,inferred
Pembrokeshire,2021-06-10,1.00,1.00,0.99,0.95,0.89,0.50,0.07,inferred
Pembrokeshire,2021-06-11,1.00,1.00,0.99,0.95,0.89,0.50,0.07,inferred
Pembrokeshire,2021-06-12,1.00,1.00,0.99,0.95,0.89,0.50,0.07,inferred
Pembrokeshire,2021-06-13,1.00,1.00,0.99,0.95,0.89,0.50,0.07,inferred
Pembrokeshire,2021-06-14,1.00,1.00,0.99,0.95,0.89,0.50,0.07,inferred
Pembrokeshire,2021-06-15,0.99,0.98,0.91,0.80,0.63,0.16,0.00,inferred
Pembrokeshire,2021-06-16,0.99,0.98,0.91,0.80,0.63,0.16,0.00,inferred
Pembrokeshire,2021-06-17,0.99,0.98,0.91,0.80,0.63,0.16,0.00,inferred
Pembrokeshire,2021-06-18,0.99,0.98,0.91,0.80,0.63,0.16,0.00,inferred
Pembrokeshire,2021-06-19,0.99,0.98,0.91,0.80,0.63,0.16,0.00,inferred
Pembrokeshire,2021-06-20,0.99,0.98,0.91,0.80,0.63,0.16,0.00,inferred
Pembrokeshire,2021-06-21,0.99,0.98,0.91,0.80,0.63,0.16,0.00,inferred
Pembrokeshire,2021-06-22,0.99,0.96,0.87,0.72,0.50,0.09,0.00,inferred
Pembrokeshire,2021-06-23,0.99,0.96,0.87,0.72,0.50,0.09,0.00,inferred
Pembrokeshire,2021-06-24,0.99,0.96,0.87,0.72,0.50,0.09,0.00,inferred
Pembrokeshire,2021-06-25,0.99,0.96,0.87,0.72,0.50,0.09,0.00,inferred
Pembrokeshire,2021-06-26,0.99,0.96,0.87,0.72,0.50,0.09,0.00,inferred
Pembrokeshire,2021-06-27,0.99,0.96,0.87,0.72,0.50,0.09,0.00,inferred
Pembrokeshire,2021-06-28,0.99,0.96,0.87,0.72,0.50,0.09,0.00,inferred
Pembrokeshire,2021-06-29,0.96,0.92,0.85,0.76,0.66,0.30,0.04,inferred
Pembrokeshire,2021-06-30,0.96,0.92,0.85,0.76,0.66,0.30,0.04,inferred
Pembrokeshire,2021-07-01,0.96,0.92,0.85,0.76,0.66,0.30,0.04,inferred
Pembrokeshire,2021-07-02,0.96,0.92,0.85,0.76,0.66,0.30,0.04,inferred
Pembrokeshire,2021-07-03,0.96,0.92,0.85,0.76,0.66,0.30,0.04,inferred
Pembrokeshire,2021-07-04,0.96,0.92,0.85,0.76,0.66,0.30,0.04,inferred
Pembrokeshire,2021-07-05,0.96,0.92,0.85,0.76,0.66,0.30,0.04,inferred
Pembrokeshire,2021-07-06,0.90,0.84,0.76,0.67,0.58,0.32,0.10,projected
Pembrokeshire,2021-07-07,0.90,0.84,0.76,0.67,0.58,0.32,0.10,projected
Pembrokeshire,2021-07-08,0.90,0.84,0.76,0.67,0.58,0.32,0.10,projected
Pembrokeshire,2021-07-09,0.90,0.84,0.76,0.67,0.58,0.32,0.10,projected
Pembrokeshire,2021-07-10,0.90,0.84,0.76,0.67,0.58,0.32,0.10,projected
Pembrokeshire,2021-07-11,0.90,0.84,0.76,0.67,0.58,0.32,0.10,projected
Pembrokeshire,2021-07-12,0.90,0.84,0.76,0.67,0.58,0.32,0.10,projected
Pembrokeshire,2021-07-13,0.88,0.82,0.74,0.66,0.57,0.36,0.14,projected
Pembrokeshire,2021-07-14,0.88,0.82,0.74,0.66,0.57,0.36,0.14,projected
Pembrokeshire,2021-07-15,0.88,0.82,0.74,0.66,0.57,0.36,0.14,projected
Pembrokeshire,2021-07-16,0.88,0.82,0.74,0.66,0.57,0.36,0.14,projected
Pembrokeshire,2021-07-17,0.88,0.82,0.74,0.66,0.57,0.36,0.14,projected
Pembrokeshire,2021-07-18,0.88,0.82,0.74,0.66,0.57,0.36,0.14,projected
Pembrokeshire,2021-07-19,0.88,0.82,0.74,0.66,0.57,0.36,0.14,projected
Pembrokeshire,2021-07-20,0.87,0.81,0.74,0.65,0.57,0.36,0.16,projected
Pembrokeshire,2021-07-21,0.87,0.81,0.74,0.65,0.57,0.36,0.16,projected
Pembrokeshire,2021-07-22,0.87,0.81,0.74,0.65,0.57,0.36,0.16,projected
Pembrokeshire,2021-07-23,0.87,0.81,0.74,0.65,0.57,0.36,0.16,projected
Pembrokeshire,2021-07-24,0.87,0.81,0.74,0.65,0.57,0.36,0.16,projected
Pembrokeshire,2021-07-25,0.87,0.81,0.74,0.65,0.57,0.36,0.16,projected
Pembrokeshire,2021-07-26,0.87,0.81,0.74,0.65,0.57,0.36,0.16,projected
Pendle,2021-03-23,0.43,0.20,0.07,0.02,0.00,0.00,0.00,inferred
Pendle,2021-03-24,0.43,0.20,0.07,0.02,0.00,0.00,0.00,inferred
Pendle,2021-03-25,0.43,0.20,0.07,0.02,0.00,0.00,0.00,inferred
Pendle,2021-03-26,0.43,0.20,0.07,0.02,0.00,0.00,0.00,inferred
Pendle,2021-03-27,0.43,0.20,0.07,0.02,0.00,0.00,0.00,inferred
Pendle,2021-03-28,0.43,0.20,0.07,0.02,0.00,0.00,0.00,inferred
Pendle,2021-03-29,0.43,0.20,0.07,0.02,0.00,0.00,0.00,inferred
Pendle,2021-03-30,0.51,0.28,0.15,0.06,0.02,0.00,0.00,inferred
Pendle,2021-03-31,0.51,0.28,0.15,0.06,0.02,0.00,0.00,inferred
Pendle,2021-04-01,0.51,0.28,0.15,0.06,0.02,0.00,0.00,inferred
Pendle,2021-04-02,0.51,0.28,0.15,0.06,0.02,0.00,0.00,inferred
Pendle,2021-04-03,0.51,0.28,0.15,0.06,0.02,0.00,0.00,inferred
Pendle,2021-04-04,0.51,0.28,0.15,0.06,0.02,0.00,0.00,inferred
Pendle,2021-04-05,0.51,0.28,0.15,0.06,0.02,0.00,0.00,inferred
Pendle,2021-04-06,0.46,0.28,0.14,0.06,0.03,0.00,0.00,inferred
Pendle,2021-04-07,0.46,0.28,0.14,0.06,0.03,0.00,0.00,inferred
Pendle,2021-04-08,0.46,0.28,0.14,0.06,0.03,0.00,0.00,inferred
Pendle,2021-04-09,0.46,0.28,0.14,0.06,0.03,0.00,0.00,inferred
Pendle,2021-04-10,0.46,0.28,0.14,0.06,0.03,0.00,0.00,inferred
Pendle,2021-04-11,0.46,0.28,0.14,0.06,0.03,0.00,0.00,inferred
Pendle,2021-04-12,0.46,0.28,0.14,0.06,0.03,0.00,0.00,inferred
Pendle,2021-04-13,0.85,0.70,0.50,0.33,0.18,0.02,0.00,inferred
Pendle,2021-04-14,0.85,0.70,0.50,0.33,0.18,0.02,0.00,inferred
Pendle,2021-04-15,0.85,0.70,0.50,0.33,0.18,0.02,0.00,inferred
Pendle,2021-04-16,0.85,0.70,0.50,0.33,0.18,0.02,0.00,inferred
Pendle,2021-04-17,0.85,0.70,0.50,0.33,0.18,0.02,0.00,inferred
Pendle,2021-04-18,0.85,0.70,0.50,0.33,0.18,0.02,0.00,inferred
Pendle,2021-04-19,0.85,0.70,0.50,0.33,0.18,0.02,0.00,inferred
Pendle,2021-04-20,0.83,0.67,0.49,0.33,0.21,0.02,0.00,inferred
Pendle,2021-04-21,0.83,0.67,0.49,0.33,0.21,0.02,0.00,inferred
Pendle,2021-04-22,0.83,0.67,0.49,0.33,0.21,0.02,0.00,inferred
Pendle,2021-04-23,0.83,0.67,0.49,0.33,0.21,0.02,0.00,inferred
Pendle,2021-04-24,0.83,0.67,0.49,0.33,0.21,0.02,0.00,inferred
Pendle,2021-04-25,0.83,0.67,0.49,0.33,0.21,0.02,0.00,inferred
Pendle,2021-04-26,0.83,0.67,0.49,0.33,0.21,0.02,0.00,inferred
Pendle,2021-04-27,0.99,0.96,0.90,0.80,0.66,0.23,0.01,inferred
Pendle,2021-04-28,0.99,0.96,0.90,0.80,0.66,0.23,0.01,inferred
Pendle,2021-04-29,0.99,0.96,0.90,0.80,0.66,0.23,0.01,inferred
Pendle,2021-04-30,0.99,0.96,0.90,0.80,0.66,0.23,0.01,inferred
Pendle,2021-05-01,0.99,0.96,0.90,0.80,0.66,0.23,0.01,inferred
Pendle,2021-05-02,0.99,0.96,0.90,0.80,0.66,0.23,0.01,inferred
Pendle,2021-05-03,0.99,0.96,0.90,0.80,0.66,0.23,0.01,inferred
Pendle,2021-05-04,0.99,0.97,0.92,0.83,0.69,0.25,0.01,inferred
Pendle,2021-05-05,0.99,0.97,0.92,0.83,0.69,0.25,0.01,inferred
Pendle,2021-05-06,0.99,0.97,0.92,0.83,0.69,0.25,0.01,inferred
Pendle,2021-05-07,0.99,0.97,0.92,0.83,0.69,0.25,0.01,inferred
Pendle,2021-05-08,0.99,0.97,0.92,0.83,0.69,0.25,0.01,inferred
Pendle,2021-05-09,0.99,0.97,0.92,0.83,0.69,0.25,0.01,inferred
Pendle,2021-05-10,0.99,0.97,0.92,0.83,0.69,0.25,0.01,inferred
Pendle,2021-05-11,1.00,1.00,0.98,0.95,0.89,0.45,0.04,inferred
Pendle,2021-05-12,1.00,1.00,0.98,0.95,0.89,0.45,0.04,inferred
Pendle,2021-05-13,1.00,1.00,0.98,0.95,0.89,0.45,0.04,inferred
Pendle,2021-05-14,1.00,1.00,0.98,0.95,0.89,0.45,0.04,inferred
Pendle,2021-05-15,1.00,1.00,0.98,0.95,0.89,0.45,0.04,inferred
Pendle,2021-05-16,1.00,1.00,0.98,0.95,0.89,0.45,0.04,inferred
Pendle,2021-05-17,1.00,1.00,0.98,0.95,0.89,0.45,0.04,inferred
Pendle,2021-05-18,1.00,1.00,1.00,1.00,0.99,0.83,0.24,inferred
Pendle,2021-05-19,1.00,1.00,1.00,1.00,0.99,0.83,0.24,inferred
Pendle,2021-05-20,1.00,1.00,1.00,1.00,0.99,0.83,0.24,inferred
Pendle,2021-05-21,1.00,1.00,1.00,1.00,0.99,0.83,0.24,inferred
Pendle,2021-05-22,1.00,1.00,1.00,1.00,0.99,0.83,0.24,inferred
Pendle,2021-05-23,1.00,1.00,1.00,1.00,0.99,0.83,0.24,inferred
Pendle,2021-05-24,1.00,1.00,1.00,1.00,0.99,0.83,0.24,inferred
Pendle,2021-05-25,1.00,1.00,1.00,1.00,1.00,0.99,0.69,inferred
Pendle,2021-05-26,1.00,1.00,1.00,1.00,1.00,0.99,0.69,inferred
Pendle,2021-05-27,1.00,1.00,1.00,1.00,1.00,0.99,0.69,inferred
Pendle,2021-05-28,1.00,1.00,1.00,1.00,1.00,0.99,0.69,inferred
Pendle,2021-05-29,1.00,1.00,1.00,1.00,1.00,0.99,0.69,inferred
Pendle,2021-05-30,1.00,1.00,1.00,1.00,1.00,0.99,0.69,inferred
Pendle,2021-05-31,1.00,1.00,1.00,1.00,1.00,0.99,0.69,inferred
Pendle,2021-06-01,1.00,1.00,1.00,1.00,0.97,0.66,0.09,inferred
Pendle,2021-06-02,1.00,1.00,1.00,1.00,0.97,0.66,0.09,inferred
Pendle,2021-06-03,1.00,1.00,1.00,1.00,0.97,0.66,0.09,inferred
Pendle,2021-06-04,1.00,1.00,1.00,1.00,0.97,0.66,0.09,inferred
Pendle,2021-06-05,1.00,1.00,1.00,1.00,0.97,0.66,0.09,inferred
Pendle,2021-06-06,1.00,1.00,1.00,1.00,0.97,0.66,0.09,inferred
Pendle,2021-06-07,1.00,1.00,1.00,1.00,0.97,0.66,0.09,inferred
Pendle,2021-06-08,0.99,0.87,0.58,0.27,0.09,0.00,0.00,inferred
Pendle,2021-06-09,0.99,0.87,0.58,0.27,0.09,0.00,0.00,inferred
Pendle,2021-06-10,0.99,0.87,0.58,0.27,0.09,0.00,0.00,inferred
Pendle,2021-06-11,0.99,0.87,0.58,0.27,0.09,0.00,0.00,inferred
Pendle,2021-06-12,0.99,0.87,0.58,0.27,0.09,0.00,0.00,inferred
Pendle,2021-06-13,0.99,0.87,0.58,0.27,0.09,0.00,0.00,inferred
Pendle,2021-06-14,0.99,0.87,0.58,0.27,0.09,0.00,0.00,inferred
Pendle,2021-06-15,1.00,0.99,0.94,0.70,0.36,0.00,0.00,inferred
Pendle,2021-06-16,1.00,0.99,0.94,0.70,0.36,0.00,0.00,inferred
Pendle,2021-06-17,1.00,0.99,0.94,0.70,0.36,0.00,0.00,inferred
Pendle,2021-06-18,1.00,0.99,0.94,0.70,0.36,0.00,0.00,inferred
Pendle,2021-06-19,1.00,0.99,0.94,0.70,0.36,0.00,0.00,inferred
Pendle,2021-06-20,1.00,0.99,0.94,0.70,0.36,0.00,0.00,inferred
Pendle,2021-06-21,1.00,0.99,0.94,0.70,0.36,0.00,0.00,inferred
Pendle,2021-06-22,0.99,0.91,0.61,0.26,0.06,0.00,0.00,inferred
Pendle,2021-06-23,0.99,0.91,0.61,0.26,0.06,0.00,0.00,inferred
Pendle,2021-06-24,0.99,0.91,0.61,0.26,0.06,0.00,0.00,inferred
Pendle,2021-06-25,0.99,0.91,0.61,0.26,0.06,0.00,0.00,inferred
Pendle,2021-06-26,0.99,0.91,0.61,0.26,0.06,0.00,0.00,inferred
Pendle,2021-06-27,0.99,0.91,0.61,0.26,0.06,0.00,0.00,inferred
Pendle,2021-06-28,0.99,0.91,0.61,0.26,0.06,0.00,0.00,inferred
Pendle,2021-06-29,0.76,0.54,0.31,0.16,0.07,0.00,0.00,inferred
Pendle,2021-06-30,0.76,0.54,0.31,0.16,0.07,0.00,0.00,inferred
Pendle,2021-07-01,0.76,0.54,0.31,0.16,0.07,0.00,0.00,inferred
Pendle,2021-07-02,0.76,0.54,0.31,0.16,0.07,0.00,0.00,inferred
Pendle,2021-07-03,0.76,0.54,0.31,0.16,0.07,0.00,0.00,inferred
Pendle,2021-07-04,0.76,0.54,0.31,0.16,0.07,0.00,0.00,inferred
Pendle,2021-07-05,0.76,0.54,0.31,0.16,0.07,0.00,0.00,inferred
Pendle,2021-07-06,0.70,0.55,0.39,0.27,0.19,0.05,0.00,projected
Pendle,2021-07-07,0.70,0.55,0.39,0.27,0.19,0.05,0.00,projected
Pendle,2021-07-08,0.70,0.55,0.39,0.27,0.19,0.05,0.00,projected
Pendle,2021-07-09,0.70,0.55,0.39,0.27,0.19,0.05,0.00,projected
Pendle,2021-07-10,0.70,0.55,0.39,0.27,0.19,0.05,0.00,projected
Pendle,2021-07-11,0.70,0.55,0.39,0.27,0.19,0.05,0.00,projected
Pendle,2021-07-12,0.70,0.55,0.39,0.27,0.19,0.05,0.00,projected
Pendle,2021-07-13,0.66,0.54,0.41,0.33,0.25,0.10,0.02,projected
Pendle,2021-07-14,0.66,0.54,0.41,0.33,0.25,0.10,0.02,projected
Pendle,2021-07-15,0.66,0.54,0.41,0.33,0.25,0.10,0.02,projected
Pendle,2021-07-16,0.66,0.54,0.41,0.33,0.25,0.10,0.02,projected
Pendle,2021-07-17,0.66,0.54,0.41,0.33,0.25,0.10,0.02,projected
Pendle,2021-07-18,0.66,0.54,0.41,0.33,0.25,0.10,0.02,projected
Pendle,2021-07-19,0.66,0.54,0.41,0.33,0.25,0.10,0.02,projected
Pendle,2021-07-20,0.69,0.58,0.47,0.37,0.30,0.13,0.04,projected
Pendle,2021-07-21,0.69,0.58,0.47,0.37,0.30,0.13,0.04,projected
Pendle,2021-07-22,0.69,0.58,0.47,0.37,0.30,0.13,0.04,projected
Pendle,2021-07-23,0.69,0.58,0.47,0.37,0.30,0.13,0.04,projected
Pendle,2021-07-24,0.69,0.58,0.47,0.37,0.30,0.13,0.04,projected
Pendle,2021-07-25,0.69,0.58,0.47,0.37,0.30,0.13,0.04,projected
Pendle,2021-07-26,0.69,0.58,0.47,0.37,0.30,0.13,0.04,projected
Perth and Kinross,2021-03-23,0.44,0.17,0.05,0.01,0.00,0.00,0.00,inferred
Perth and Kinross,2021-03-24,0.44,0.17,0.05,0.01,0.00,0.00,0.00,inferred
Perth and Kinross,2021-03-25,0.44,0.17,0.05,0.01,0.00,0.00,0.00,inferred
Perth and Kinross,2021-03-26,0.44,0.17,0.05,0.01,0.00,0.00,0.00,inferred
Perth and Kinross,2021-03-27,0.44,0.17,0.05,0.01,0.00,0.00,0.00,inferred
Perth and Kinross,2021-03-28,0.44,0.17,0.05,0.01,0.00,0.00,0.00,inferred
Perth and Kinross,2021-03-29,0.44,0.17,0.05,0.01,0.00,0.00,0.00,inferred
Perth and Kinross,2021-03-30,0.14,0.05,0.01,0.00,0.00,0.00,0.00,inferred
Perth and Kinross,2021-03-31,0.14,0.05,0.01,0.00,0.00,0.00,0.00,inferred
Perth and Kinross,2021-04-01,0.14,0.05,0.01,0.00,0.00,0.00,0.00,inferred
Perth and Kinross,2021-04-02,0.14,0.05,0.01,0.00,0.00,0.00,0.00,inferred
Perth and Kinross,2021-04-03,0.14,0.05,0.01,0.00,0.00,0.00,0.00,inferred
Perth and Kinross,2021-04-04,0.14,0.05,0.01,0.00,0.00,0.00,0.00,inferred
Perth and Kinross,2021-04-05,0.14,0.05,0.01,0.00,0.00,0.00,0.00,inferred
Perth and Kinross,2021-04-06,0.42,0.22,0.08,0.03,0.01,0.00,0.00,inferred
Perth and Kinross,2021-04-07,0.42,0.22,0.08,0.03,0.01,0.00,0.00,inferred
Perth and Kinross,2021-04-08,0.42,0.22,0.08,0.03,0.01,0.00,0.00,inferred
Perth and Kinross,2021-04-09,0.42,0.22,0.08,0.03,0.01,0.00,0.00,inferred
Perth and Kinross,2021-04-10,0.42,0.22,0.08,0.03,0.01,0.00,0.00,inferred
Perth and Kinross,2021-04-11,0.42,0.22,0.08,0.03,0.01,0.00,0.00,inferred
Perth and Kinross,2021-04-12,0.42,0.22,0.08,0.03,0.01,0.00,0.00,inferred
Perth and Kinross,2021-04-13,0.48,0.24,0.10,0.03,0.01,0.00,0.00,inferred
Perth and Kinross,2021-04-14,0.48,0.24,0.10,0.03,0.01,0.00,0.00,inferred
Perth and Kinross,2021-04-15,0.48,0.24,0.10,0.03,0.01,0.00,0.00,inferred
Perth and Kinross,2021-04-16,0.48,0.24,0.10,0.03,0.01,0.00,0.00,inferred
Perth and Kinross,2021-04-17,0.48,0.24,0.10,0.03,0.01,0.00,0.00,inferred
Perth and Kinross,2021-04-18,0.48,0.24,0.10,0.03,0.01,0.00,0.00,inferred
Perth and Kinross,2021-04-19,0.48,0.24,0.10,0.03,0.01,0.00,0.00,inferred
Perth and Kinross,2021-04-20,0.19,0.07,0.03,0.01,0.00,0.00,0.00,inferred
Perth and Kinross,2021-04-21,0.19,0.07,0.03,0.01,0.00,0.00,0.00,inferred
Perth and Kinross,2021-04-22,0.19,0.07,0.03,0.01,0.00,0.00,0.00,inferred
Perth and Kinross,2021-04-23,0.19,0.07,0.03,0.01,0.00,0.00,0.00,inferred
Perth and Kinross,2021-04-24,0.19,0.07,0.03,0.01,0.00,0.00,0.00,inferred
Perth and Kinross,2021-04-25,0.19,0.07,0.03,0.01,0.00,0.00,0.00,inferred
Perth and Kinross,2021-04-26,0.19,0.07,0.03,0.01,0.00,0.00,0.00,inferred
Perth and Kinross,2021-04-27,0.59,0.42,0.25,0.13,0.06,0.00,0.00,inferred
Perth and Kinross,2021-04-28,0.59,0.42,0.25,0.13,0.06,0.00,0.00,inferred
Perth and Kinross,2021-04-29,0.59,0.42,0.25,0.13,0.06,0.00,0.00,inferred
Perth and Kinross,2021-04-30,0.59,0.42,0.25,0.13,0.06,0.00,0.00,inferred
Perth and Kinross,2021-05-01,0.59,0.42,0.25,0.13,0.06,0.00,0.00,inferred
Perth and Kinross,2021-05-02,0.59,0.42,0.25,0.13,0.06,0.00,0.00,inferred
Perth and Kinross,2021-05-03,0.59,0.42,0.25,0.13,0.06,0.00,0.00,inferred
Perth and Kinross,2021-05-04,0.98,0.95,0.89,0.78,0.64,0.22,0.01,inferred
Perth and Kinross,2021-05-05,0.98,0.95,0.89,0.78,0.64,0.22,0.01,inferred
Perth and Kinross,2021-05-06,0.98,0.95,0.89,0.78,0.64,0.22,0.01,inferred
Perth and Kinross,2021-05-07,0.98,0.95,0.89,0.78,0.64,0.22,0.01,inferred
Perth and Kinross,2021-05-08,0.98,0.95,0.89,0.78,0.64,0.22,0.01,inferred
Perth and Kinross,2021-05-09,0.98,0.95,0.89,0.78,0.64,0.22,0.01,inferred
Perth and Kinross,2021-05-10,0.98,0.95,0.89,0.78,0.64,0.22,0.01,inferred
Perth and Kinross,2021-05-11,1.00,0.99,0.98,0.94,0.88,0.55,0.08,inferred
Perth and Kinross,2021-05-12,1.00,0.99,0.98,0.94,0.88,0.55,0.08,inferred
Perth and Kinross,2021-05-13,1.00,0.99,0.98,0.94,0.88,0.55,0.08,inferred
Perth and Kinross,2021-05-14,1.00,0.99,0.98,0.94,0.88,0.55,0.08,inferred
Perth and Kinross,2021-05-15,1.00,0.99,0.98,0.94,0.88,0.55,0.08,inferred
Perth and Kinross,2021-05-16,1.00,0.99,0.98,0.94,0.88,0.55,0.08,inferred
Perth and Kinross,2021-05-17,1.00,0.99,0.98,0.94,0.88,0.55,0.08,inferred
Perth and Kinross,2021-05-18,1.00,1.00,1.00,1.00,0.99,0.90,0.44,inferred
Perth and Kinross,2021-05-19,1.00,1.00,1.00,1.00,0.99,0.90,0.44,inferred
Perth and Kinross,2021-05-20,1.00,1.00,1.00,1.00,0.99,0.90,0.44,inferred
Perth and Kinross,2021-05-21,1.00,1.00,1.00,1.00,0.99,0.90,0.44,inferred
Perth and Kinross,2021-05-22,1.00,1.00,1.00,1.00,0.99,0.90,0.44,inferred
Perth and Kinross,2021-05-23,1.00,1.00,1.00,1.00,0.99,0.90,0.44,inferred
Perth and Kinross,2021-05-24,1.00,1.00,1.00,1.00,0.99,0.90,0.44,inferred
Perth and Kinross,2021-05-25,1.00,1.00,1.00,1.00,1.00,1.00,0.86,inferred
Perth and Kinross,2021-05-26,1.00,1.00,1.00,1.00,1.00,1.00,0.86,inferred
Perth and Kinross,2021-05-27,1.00,1.00,1.00,1.00,1.00,1.00,0.86,inferred
Perth and Kinross,2021-05-28,1.00,1.00,1.00,1.00,1.00,1.00,0.86,inferred
Perth and Kinross,2021-05-29,1.00,1.00,1.00,1.00,1.00,1.00,0.86,inferred
Perth and Kinross,2021-05-30,1.00,1.00,1.00,1.00,1.00,1.00,0.86,inferred
Perth and Kinross,2021-05-31,1.00,1.00,1.00,1.00,1.00,1.00,0.86,inferred
Perth and Kinross,2021-06-01,1.00,1.00,1.00,0.98,0.92,0.60,0.08,inferred
Perth and Kinross,2021-06-02,1.00,1.00,1.00,0.98,0.92,0.60,0.08,inferred
Perth and Kinross,2021-06-03,1.00,1.00,1.00,0.98,0.92,0.60,0.08,inferred
Perth and Kinross,2021-06-04,1.00,1.00,1.00,0.98,0.92,0.60,0.08,inferred
Perth and Kinross,2021-06-05,1.00,1.00,1.00,0.98,0.92,0.60,0.08,inferred
Perth and Kinross,2021-06-06,1.00,1.00,1.00,0.98,0.92,0.60,0.08,inferred
Perth and Kinross,2021-06-07,1.00,1.00,1.00,0.98,0.92,0.60,0.08,inferred
Perth and Kinross,2021-06-08,0.91,0.67,0.36,0.13,0.04,0.00,0.00,inferred
Perth and Kinross,2021-06-09,0.91,0.67,0.36,0.13,0.04,0.00,0.00,inferred
Perth and Kinross,2021-06-10,0.91,0.67,0.36,0.13,0.04,0.00,0.00,inferred
Perth and Kinross,2021-06-11,0.91,0.67,0.36,0.13,0.04,0.00,0.00,inferred
Perth and Kinross,2021-06-12,0.91,0.67,0.36,0.13,0.04,0.00,0.00,inferred
Perth and Kinross,2021-06-13,0.91,0.67,0.36,0.13,0.04,0.00,0.00,inferred
Perth and Kinross,2021-06-14,0.91,0.67,0.36,0.13,0.04,0.00,0.00,inferred
Perth and Kinross,2021-06-15,1.00,1.00,1.00,1.00,1.00,1.00,0.62,inferred
Perth and Kinross,2021-06-16,1.00,1.00,1.00,1.00,1.00,1.00,0.62,inferred
Perth and Kinross,2021-06-17,1.00,1.00,1.00,1.00,1.00,1.00,0.62,inferred
Perth and Kinross,2021-06-18,1.00,1.00,1.00,1.00,1.00,1.00,0.62,inferred
Perth and Kinross,2021-06-19,1.00,1.00,1.00,1.00,1.00,1.00,0.62,inferred
Perth and Kinross,2021-06-20,1.00,1.00,1.00,1.00,1.00,1.00,0.62,inferred
Perth and Kinross,2021-06-21,1.00,1.00,1.00,1.00,1.00,1.00,0.62,inferred
Perth and Kinross,2021-06-22,1.00,1.00,1.00,1.00,1.00,0.86,0.22,inferred
Perth and Kinross,2021-06-23,1.00,1.00,1.00,1.00,1.00,0.86,0.22,inferred
Perth and Kinross,2021-06-24,1.00,1.00,1.00,1.00,1.00,0.86,0.22,inferred
Perth and Kinross,2021-06-25,1.00,1.00,1.00,1.00,1.00,0.86,0.22,inferred
Perth and Kinross,2021-06-26,1.00,1.00,1.00,1.00,1.00,0.86,0.22,inferred
Perth and Kinross,2021-06-27,1.00,1.00,1.00,1.00,1.00,0.86,0.22,inferred
Perth and Kinross,2021-06-28,1.00,1.00,1.00,1.00,1.00,0.86,0.22,inferred
Perth and Kinross,2021-06-29,0.19,0.08,0.03,0.01,0.00,0.00,0.00,inferred
Perth and Kinross,2021-06-30,0.19,0.08,0.03,0.01,0.00,0.00,0.00,inferred
Perth and Kinross,2021-07-01,0.19,0.08,0.03,0.01,0.00,0.00,0.00,inferred
Perth and Kinross,2021-07-02,0.19,0.08,0.03,0.01,0.00,0.00,0.00,inferred
Perth and Kinross,2021-07-03,0.19,0.08,0.03,0.01,0.00,0.00,0.00,inferred
Perth and Kinross,2021-07-04,0.19,0.08,0.03,0.01,0.00,0.00,0.00,inferred
Perth and Kinross,2021-07-05,0.19,0.08,0.03,0.01,0.00,0.00,0.00,inferred
Perth and Kinross,2021-07-06,0.36,0.27,0.20,0.14,0.10,0.04,0.01,projected
Perth and Kinross,2021-07-07,0.36,0.27,0.20,0.14,0.10,0.04,0.01,projected
Perth and Kinross,2021-07-08,0.36,0.27,0.20,0.14,0.10,0.04,0.01,projected
Perth and Kinross,2021-07-09,0.36,0.27,0.20,0.14,0.10,0.04,0.01,projected
Perth and Kinross,2021-07-10,0.36,0.27,0.20,0.14,0.10,0.04,0.01,projected
Perth and Kinross,2021-07-11,0.36,0.27,0.20,0.14,0.10,0.04,0.01,projected
Perth and Kinross,2021-07-12,0.36,0.27,0.20,0.14,0.10,0.04,0.01,projected
Perth and Kinross,2021-07-13,0.40,0.33,0.27,0.22,0.18,0.09,0.04,projected
Perth and Kinross,2021-07-14,0.40,0.33,0.27,0.22,0.18,0.09,0.04,projected
Perth and Kinross,2021-07-15,0.40,0.33,0.27,0.22,0.18,0.09,0.04,projected
Perth and Kinross,2021-07-16,0.40,0.33,0.27,0.22,0.18,0.09,0.04,projected
Perth and Kinross,2021-07-17,0.40,0.33,0.27,0.22,0.18,0.09,0.04,projected
Perth and Kinross,2021-07-18,0.40,0.33,0.27,0.22,0.18,0.09,0.04,projected
Perth and Kinross,2021-07-19,0.40,0.33,0.27,0.22,0.18,0.09,0.04,projected
Perth and Kinross,2021-07-20,0.45,0.39,0.32,0.27,0.23,0.13,0.06,projected
Perth and Kinross,2021-07-21,0.45,0.39,0.32,0.27,0.23,0.13,0.06,projected
Perth and Kinross,2021-07-22,0.45,0.39,0.32,0.27,0.23,0.13,0.06,projected
Perth and Kinross,2021-07-23,0.45,0.39,0.32,0.27,0.23,0.13,0.06,projected
Perth and Kinross,2021-07-24,0.45,0.39,0.32,0.27,0.23,0.13,0.06,projected
Perth and Kinross,2021-07-25,0.45,0.39,0.32,0.27,0.23,0.13,0.06,projected
Perth and Kinross,2021-07-26,0.45,0.39,0.32,0.27,0.23,0.13,0.06,projected
Peterborough,2021-03-23,0.20,0.02,0.00,0.00,0.00,0.00,0.00,inferred
Peterborough,2021-03-24,0.20,0.02,0.00,0.00,0.00,0.00,0.00,inferred
Peterborough,2021-03-25,0.20,0.02,0.00,0.00,0.00,0.00,0.00,inferred
Peterborough,2021-03-26,0.20,0.02,0.00,0.00,0.00,0.00,0.00,inferred
Peterborough,2021-03-27,0.20,0.02,0.00,0.00,0.00,0.00,0.00,inferred
Peterborough,2021-03-28,0.20,0.02,0.00,0.00,0.00,0.00,0.00,inferred
Peterborough,2021-03-29,0.20,0.02,0.00,0.00,0.00,0.00,0.00,inferred
Peterborough,2021-03-30,0.78,0.37,0.10,0.01,0.00,0.00,0.00,inferred
Peterborough,2021-03-31,0.78,0.37,0.10,0.01,0.00,0.00,0.00,inferred
Peterborough,2021-04-01,0.78,0.37,0.10,0.01,0.00,0.00,0.00,inferred
Peterborough,2021-04-02,0.78,0.37,0.10,0.01,0.00,0.00,0.00,inferred
Peterborough,2021-04-03,0.78,0.37,0.10,0.01,0.00,0.00,0.00,inferred
Peterborough,2021-04-04,0.78,0.37,0.10,0.01,0.00,0.00,0.00,inferred
Peterborough,2021-04-05,0.78,0.37,0.10,0.01,0.00,0.00,0.00,inferred
Peterborough,2021-04-06,0.44,0.13,0.02,0.00,0.00,0.00,0.00,inferred
Peterborough,2021-04-07,0.44,0.13,0.02,0.00,0.00,0.00,0.00,inferred
Peterborough,2021-04-08,0.44,0.13,0.02,0.00,0.00,0.00,0.00,inferred
Peterborough,2021-04-09,0.44,0.13,0.02,0.00,0.00,0.00,0.00,inferred
Peterborough,2021-04-10,0.44,0.13,0.02,0.00,0.00,0.00,0.00,inferred
Peterborough,2021-04-11,0.44,0.13,0.02,0.00,0.00,0.00,0.00,inferred
Peterborough,2021-04-12,0.44,0.13,0.02,0.00,0.00,0.00,0.00,inferred
Peterborough,2021-04-13,0.68,0.33,0.10,0.02,0.00,0.00,0.00,inferred
Peterborough,2021-04-14,0.68,0.33,0.10,0.02,0.00,0.00,0.00,inferred
Peterborough,2021-04-15,0.68,0.33,0.10,0.02,0.00,0.00,0.00,inferred
Peterborough,2021-04-16,0.68,0.33,0.10,0.02,0.00,0.00,0.00,inferred
Peterborough,2021-04-17,0.68,0.33,0.10,0.02,0.00,0.00,0.00,inferred
Peterborough,2021-04-18,0.68,0.33,0.10,0.02,0.00,0.00,0.00,inferred
Peterborough,2021-04-19,0.68,0.33,0.10,0.02,0.00,0.00,0.00,inferred
Peterborough,2021-04-20,0.69,0.36,0.11,0.02,0.00,0.00,0.00,inferred
Peterborough,2021-04-21,0.69,0.36,0.11,0.02,0.00,0.00,0.00,inferred
Peterborough,2021-04-22,0.69,0.36,0.11,0.02,0.00,0.00,0.00,inferred
Peterborough,2021-04-23,0.69,0.36,0.11,0.02,0.00,0.00,0.00,inferred
Peterborough,2021-04-24,0.69,0.36,0.11,0.02,0.00,0.00,0.00,inferred
Peterborough,2021-04-25,0.69,0.36,0.11,0.02,0.00,0.00,0.00,inferred
Peterborough,2021-04-26,0.69,0.36,0.11,0.02,0.00,0.00,0.00,inferred
Peterborough,2021-04-27,0.36,0.11,0.02,0.00,0.00,0.00,0.00,inferred
Peterborough,2021-04-28,0.36,0.11,0.02,0.00,0.00,0.00,0.00,inferred
Peterborough,2021-04-29,0.36,0.11,0.02,0.00,0.00,0.00,0.00,inferred
Peterborough,2021-04-30,0.36,0.11,0.02,0.00,0.00,0.00,0.00,inferred
Peterborough,2021-05-01,0.36,0.11,0.02,0.00,0.00,0.00,0.00,inferred
Peterborough,2021-05-02,0.36,0.11,0.02,0.00,0.00,0.00,0.00,inferred
Peterborough,2021-05-03,0.36,0.11,0.02,0.00,0.00,0.00,0.00,inferred
Peterborough,2021-05-04,0.41,0.15,0.04,0.01,0.00,0.00,0.00,inferred
Peterborough,2021-05-05,0.41,0.15,0.04,0.01,0.00,0.00,0.00,inferred
Peterborough,2021-05-06,0.41,0.15,0.04,0.01,0.00,0.00,0.00,inferred
Peterborough,2021-05-07,0.41,0.15,0.04,0.01,0.00,0.00,0.00,inferred
Peterborough,2021-05-08,0.41,0.15,0.04,0.01,0.00,0.00,0.00,inferred
Peterborough,2021-05-09,0.41,0.15,0.04,0.01,0.00,0.00,0.00,inferred
Peterborough,2021-05-10,0.41,0.15,0.04,0.01,0.00,0.00,0.00,inferred
Peterborough,2021-05-11,0.56,0.27,0.09,0.02,0.00,0.00,0.00,inferred
Peterborough,2021-05-12,0.56,0.27,0.09,0.02,0.00,0.00,0.00,inferred
Peterborough,2021-05-13,0.56,0.27,0.09,0.02,0.00,0.00,0.00,inferred
Peterborough,2021-05-14,0.56,0.27,0.09,0.02,0.00,0.00,0.00,inferred
Peterborough,2021-05-15,0.56,0.27,0.09,0.02,0.00,0.00,0.00,inferred
Peterborough,2021-05-16,0.56,0.27,0.09,0.02,0.00,0.00,0.00,inferred
Peterborough,2021-05-17,0.56,0.27,0.09,0.02,0.00,0.00,0.00,inferred
Peterborough,2021-05-18,0.50,0.24,0.10,0.03,0.01,0.00,0.00,inferred
Peterborough,2021-05-19,0.50,0.24,0.10,0.03,0.01,0.00,0.00,inferred
Peterborough,2021-05-20,0.50,0.24,0.10,0.03,0.01,0.00,0.00,inferred
Peterborough,2021-05-21,0.50,0.24,0.10,0.03,0.01,0.00,0.00,inferred
Peterborough,2021-05-22,0.50,0.24,0.10,0.03,0.01,0.00,0.00,inferred
Peterborough,2021-05-23,0.50,0.24,0.10,0.03,0.01,0.00,0.00,inferred
Peterborough,2021-05-24,0.50,0.24,0.10,0.03,0.01,0.00,0.00,inferred
Peterborough,2021-05-25,0.97,0.92,0.77,0.57,0.34,0.02,0.00,inferred
Peterborough,2021-05-26,0.97,0.92,0.77,0.57,0.34,0.02,0.00,inferred
Peterborough,2021-05-27,0.97,0.92,0.77,0.57,0.34,0.02,0.00,inferred
Peterborough,2021-05-28,0.97,0.92,0.77,0.57,0.34,0.02,0.00,inferred
Peterborough,2021-05-29,0.97,0.92,0.77,0.57,0.34,0.02,0.00,inferred
Peterborough,2021-05-30,0.97,0.92,0.77,0.57,0.34,0.02,0.00,inferred
Peterborough,2021-05-31,0.97,0.92,0.77,0.57,0.34,0.02,0.00,inferred
Peterborough,2021-06-01,1.00,1.00,0.99,0.94,0.82,0.27,0.00,inferred
Peterborough,2021-06-02,1.00,1.00,0.99,0.94,0.82,0.27,0.00,inferred
Peterborough,2021-06-03,1.00,1.00,0.99,0.94,0.82,0.27,0.00,inferred
Peterborough,2021-06-04,1.00,1.00,0.99,0.94,0.82,0.27,0.00,inferred
Peterborough,2021-06-05,1.00,1.00,0.99,0.94,0.82,0.27,0.00,inferred
Peterborough,2021-06-06,1.00,1.00,0.99,0.94,0.82,0.27,0.00,inferred
Peterborough,2021-06-07,1.00,1.00,0.99,0.94,0.82,0.27,0.00,inferred
Peterborough,2021-06-08,1.00,1.00,1.00,0.98,0.92,0.44,0.01,inferred
Peterborough,2021-06-09,1.00,1.00,1.00,0.98,0.92,0.44,0.01,inferred
Peterborough,2021-06-10,1.00,1.00,1.00,0.98,0.92,0.44,0.01,inferred
Peterborough,2021-06-11,1.00,1.00,1.00,0.98,0.92,0.44,0.01,inferred
Peterborough,2021-06-12,1.00,1.00,1.00,0.98,0.92,0.44,0.01,inferred
Peterborough,2021-06-13,1.00,1.00,1.00,0.98,0.92,0.44,0.01,inferred
Peterborough,2021-06-14,1.00,1.00,1.00,0.98,0.92,0.44,0.01,inferred
Peterborough,2021-06-15,1.00,1.00,1.00,1.00,1.00,0.90,0.21,inferred
Peterborough,2021-06-16,1.00,1.00,1.00,1.00,1.00,0.90,0.21,inferred
Peterborough,2021-06-17,1.00,1.00,1.00,1.00,1.00,0.90,0.21,inferred
Peterborough,2021-06-18,1.00,1.00,1.00,1.00,1.00,0.90,0.21,inferred
Peterborough,2021-06-19,1.00,1.00,1.00,1.00,1.00,0.90,0.21,inferred
Peterborough,2021-06-20,1.00,1.00,1.00,1.00,1.00,0.90,0.21,inferred
Peterborough,2021-06-21,1.00,1.00,1.00,1.00,1.00,0.90,0.21,inferred
Peterborough,2021-06-22,1.00,1.00,1.00,1.00,1.00,0.95,0.45,inferred
Peterborough,2021-06-23,1.00,1.00,1.00,1.00,1.00,0.95,0.45,inferred
Peterborough,2021-06-24,1.00,1.00,1.00,1.00,1.00,0.95,0.45,inferred
Peterborough,2021-06-25,1.00,1.00,1.00,1.00,1.00,0.95,0.45,inferred
Peterborough,2021-06-26,1.00,1.00,1.00,1.00,1.00,0.95,0.45,inferred
Peterborough,2021-06-27,1.00,1.00,1.00,1.00,1.00,0.95,0.45,inferred
Peterborough,2021-06-28,1.00,1.00,1.00,1.00,1.00,0.95,0.45,inferred
Peterborough,2021-06-29,1.00,1.00,1.00,0.97,0.93,0.63,0.11,inferred
Peterborough,2021-06-30,1.00,1.00,1.00,0.97,0.93,0.63,0.11,inferred
Peterborough,2021-07-01,1.00,1.00,1.00,0.97,0.93,0.63,0.11,inferred
Peterborough,2021-07-02,1.00,1.00,1.00,0.97,0.93,0.63,0.11,inferred
Peterborough,2021-07-03,1.00,1.00,1.00,0.97,0.93,0.63,0.11,inferred
Peterborough,2021-07-04,1.00,1.00,1.00,0.97,0.93,0.63,0.11,inferred
Peterborough,2021-07-05,1.00,1.00,1.00,0.97,0.93,0.63,0.11,inferred
Peterborough,2021-07-06,0.99,0.98,0.95,0.90,0.83,0.54,0.16,projected
Peterborough,2021-07-07,0.99,0.98,0.95,0.90,0.83,0.54,0.16,projected
Peterborough,2021-07-08,0.99,0.98,0.95,0.90,0.83,0.54,0.16,projected
Peterborough,2021-07-09,0.99,0.98,0.95,0.90,0.83,0.54,0.16,projected
Peterborough,2021-07-10,0.99,0.98,0.95,0.90,0.83,0.54,0.16,projected
Peterborough,2021-07-11,0.99,0.98,0.95,0.90,0.83,0.54,0.16,projected
Peterborough,2021-07-12,0.99,0.98,0.95,0.90,0.83,0.54,0.16,projected
Peterborough,2021-07-13,0.98,0.96,0.91,0.86,0.78,0.51,0.19,projected
Peterborough,2021-07-14,0.98,0.96,0.91,0.86,0.78,0.51,0.19,projected
Peterborough,2021-07-15,0.98,0.96,0.91,0.86,0.78,0.51,0.19,projected
Peterborough,2021-07-16,0.98,0.96,0.91,0.86,0.78,0.51,0.19,projected
Peterborough,2021-07-17,0.98,0.96,0.91,0.86,0.78,0.51,0.19,projected
Peterborough,2021-07-18,0.98,0.96,0.91,0.86,0.78,0.51,0.19,projected
Peterborough,2021-07-19,0.98,0.96,0.91,0.86,0.78,0.51,0.19,projected
Peterborough,2021-07-20,0.97,0.95,0.90,0.84,0.76,0.49,0.19,projected
Peterborough,2021-07-21,0.97,0.95,0.90,0.84,0.76,0.49,0.19,projected
Peterborough,2021-07-22,0.97,0.95,0.90,0.84,0.76,0.49,0.19,projected
Peterborough,2021-07-23,0.97,0.95,0.90,0.84,0.76,0.49,0.19,projected
Peterborough,2021-07-24,0.97,0.95,0.90,0.84,0.76,0.49,0.19,projected
Peterborough,2021-07-25,0.97,0.95,0.90,0.84,0.76,0.49,0.19,projected
Peterborough,2021-07-26,0.97,0.95,0.90,0.84,0.76,0.49,0.19,projected
Plymouth,2021-03-23,0.00,0.00,0.00,0.00,0.00,0.00,0.00,inferred
Plymouth,2021-03-24,0.00,0.00,0.00,0.00,0.00,0.00,0.00,inferred
Plymouth,2021-03-25,0.00,0.00,0.00,0.00,0.00,0.00,0.00,inferred
Plymouth,2021-03-26,0.00,0.00,0.00,0.00,0.00,0.00,0.00,inferred
Plymouth,2021-03-27,0.00,0.00,0.00,0.00,0.00,0.00,0.00,inferred
Plymouth,2021-03-28,0.00,0.00,0.00,0.00,0.00,0.00,0.00,inferred
Plymouth,2021-03-29,0.00,0.00,0.00,0.00,0.00,0.00,0.00,inferred
Plymouth,2021-03-30,0.02,0.00,0.00,0.00,0.00,0.00,0.00,inferred
Plymouth,2021-03-31,0.02,0.00,0.00,0.00,0.00,0.00,0.00,inferred
Plymouth,2021-04-01,0.02,0.00,0.00,0.00,0.00,0.00,0.00,inferred
Plymouth,2021-04-02,0.02,0.00,0.00,0.00,0.00,0.00,0.00,inferred
Plymouth,2021-04-03,0.02,0.00,0.00,0.00,0.00,0.00,0.00,inferred
Plymouth,2021-04-04,0.02,0.00,0.00,0.00,0.00,0.00,0.00,inferred
Plymouth,2021-04-05,0.02,0.00,0.00,0.00,0.00,0.00,0.00,inferred
Plymouth,2021-04-06,0.57,0.39,0.23,0.12,0.05,0.00,0.00,inferred
Plymouth,2021-04-07,0.57,0.39,0.23,0.12,0.05,0.00,0.00,inferred
Plymouth,2021-04-08,0.57,0.39,0.23,0.12,0.05,0.00,0.00,inferred
Plymouth,2021-04-09,0.57,0.39,0.23,0.12,0.05,0.00,0.00,inferred
Plymouth,2021-04-10,0.57,0.39,0.23,0.12,0.05,0.00,0.00,inferred
Plymouth,2021-04-11,0.57,0.39,0.23,0.12,0.05,0.00,0.00,inferred
Plymouth,2021-04-12,0.57,0.39,0.23,0.12,0.05,0.00,0.00,inferred
Plymouth,2021-04-13,0.99,0.98,0.95,0.88,0.78,0.36,0.02,inferred
Plymouth,2021-04-14,0.99,0.98,0.95,0.88,0.78,0.36,0.02,inferred
Plymouth,2021-04-15,0.99,0.98,0.95,0.88,0.78,0.36,0.02,inferred
Plymouth,2021-04-16,0.99,0.98,0.95,0.88,0.78,0.36,0.02,inferred
Plymouth,2021-04-17,0.99,0.98,0.95,0.88,0.78,0.36,0.02,inferred
Plymouth,2021-04-18,0.99,0.98,0.95,0.88,0.78,0.36,0.02,inferred
Plymouth,2021-04-19,0.99,0.98,0.95,0.88,0.78,0.36,0.02,inferred
Plymouth,2021-04-20,0.99,0.96,0.91,0.79,0.64,0.20,0.01,inferred
Plymouth,2021-04-21,0.99,0.96,0.91,0.79,0.64,0.20,0.01,inferred
Plymouth,2021-04-22,0.99,0.96,0.91,0.79,0.64,0.20,0.01,inferred
Plymouth,2021-04-23,0.99,0.96,0.91,0.79,0.64,0.20,0.01,inferred
Plymouth,2021-04-24,0.99,0.96,0.91,0.79,0.64,0.20,0.01,inferred
Plymouth,2021-04-25,0.99,0.96,0.91,0.79,0.64,0.20,0.01,inferred
Plymouth,2021-04-26,0.99,0.96,0.91,0.79,0.64,0.20,0.01,inferred
Plymouth,2021-04-27,0.96,0.88,0.72,0.53,0.36,0.07,0.00,inferred
Plymouth,2021-04-28,0.96,0.88,0.72,0.53,0.36,0.07,0.00,inferred
Plymouth,2021-04-29,0.96,0.88,0.72,0.53,0.36,0.07,0.00,inferred
Plymouth,2021-04-30,0.96,0.88,0.72,0.53,0.36,0.07,0.00,inferred
Plymouth,2021-05-01,0.96,0.88,0.72,0.53,0.36,0.07,0.00,inferred
Plymouth,2021-05-02,0.96,0.88,0.72,0.53,0.36,0.07,0.00,inferred
Plymouth,2021-05-03,0.96,0.88,0.72,0.53,0.36,0.07,0.00,inferred
Plymouth,2021-05-04,0.22,0.07,0.02,0.00,0.00,0.00,0.00,inferred
Plymouth,2021-05-05,0.22,0.07,0.02,0.00,0.00,0.00,0.00,inferred
Plymouth,2021-05-06,0.22,0.07,0.02,0.00,0.00,0.00,0.00,inferred
Plymouth,2021-05-07,0.22,0.07,0.02,0.00,0.00,0.00,0.00,inferred
Plymouth,2021-05-08,0.22,0.07,0.02,0.00,0.00,0.00,0.00,inferred
Plymouth,2021-05-09,0.22,0.07,0.02,0.00,0.00,0.00,0.00,inferred
Plymouth,2021-05-10,0.22,0.07,0.02,0.00,0.00,0.00,0.00,inferred
Plymouth,2021-05-11,0.38,0.20,0.09,0.03,0.01,0.00,0.00,inferred
Plymouth,2021-05-12,0.38,0.20,0.09,0.03,0.01,0.00,0.00,inferred
Plymouth,2021-05-13,0.38,0.20,0.09,0.03,0.01,0.00,0.00,inferred
Plymouth,2021-05-14,0.38,0.20,0.09,0.03,0.01,0.00,0.00,inferred
Plymouth,2021-05-15,0.38,0.20,0.09,0.03,0.01,0.00,0.00,inferred
Plymouth,2021-05-16,0.38,0.20,0.09,0.03,0.01,0.00,0.00,inferred
Plymouth,2021-05-17,0.38,0.20,0.09,0.03,0.01,0.00,0.00,inferred
Plymouth,2021-05-18,0.90,0.80,0.64,0.46,0.30,0.05,0.00,inferred
Plymouth,2021-05-19,0.90,0.80,0.64,0.46,0.30,0.05,0.00,inferred
Plymouth,2021-05-20,0.90,0.80,0.64,0.46,0.30,0.05,0.00,inferred
Plymouth,2021-05-21,0.90,0.80,0.64,0.46,0.30,0.05,0.00,inferred
Plymouth,2021-05-22,0.90,0.80,0.64,0.46,0.30,0.05,0.00,inferred
Plymouth,2021-05-23,0.90,0.80,0.64,0.46,0.30,0.05,0.00,inferred
Plymouth,2021-05-24,0.90,0.80,0.64,0.46,0.30,0.05,0.00,inferred
Plymouth,2021-05-25,1.00,1.00,1.00,0.99,0.96,0.72,0.15,inferred
Plymouth,2021-05-26,1.00,1.00,1.00,0.99,0.96,0.72,0.15,inferred
Plymouth,2021-05-27,1.00,1.00,1.00,0.99,0.96,0.72,0.15,inferred
Plymouth,2021-05-28,1.00,1.00,1.00,0.99,0.96,0.72,0.15,inferred
Plymouth,2021-05-29,1.00,1.00,1.00,0.99,0.96,0.72,0.15,inferred
Plymouth,2021-05-30,1.00,1.00,1.00,0.99,0.96,0.72,0.15,inferred
Plymouth,2021-05-31,1.00,1.00,1.00,0.99,0.96,0.72,0.15,inferred
Plymouth,2021-06-01,1.00,1.00,1.00,1.00,0.99,0.83,0.28,inferred
Plymouth,2021-06-02,1.00,1.00,1.00,1.00,0.99,0.83,0.28,inferred
Plymouth,2021-06-03,1.00,1.00,1.00,1.00,0.99,0.83,0.28,inferred
Plymouth,2021-06-04,1.00,1.00,1.00,1.00,0.99,0.83,0.28,inferred
Plymouth,2021-06-05,1.00,1.00,1.00,1.00,0.99,0.83,0.28,inferred
Plymouth,2021-06-06,1.00,1.00,1.00,1.00,0.99,0.83,0.28,inferred
Plymouth,2021-06-07,1.00,1.00,1.00,1.00,0.99,0.83,0.28,inferred
Plymouth,2021-06-08,1.00,1.00,1.00,1.00,1.00,0.93,0.42,inferred
Plymouth,2021-06-09,1.00,1.00,1.00,1.00,1.00,0.93,0.42,inferred
Plymouth,2021-06-10,1.00,1.00,1.00,1.00,1.00,0.93,0.42,inferred
Plymouth,2021-06-11,1.00,1.00,1.00,1.00,1.00,0.93,0.42,inferred
Plymouth,2021-06-12,1.00,1.00,1.00,1.00,1.00,0.93,0.42,inferred
Plymouth,2021-06-13,1.00,1.00,1.00,1.00,1.00,0.93,0.42,inferred
Plymouth,2021-06-14,1.00,1.00,1.00,1.00,1.00,0.93,0.42,inferred
Plymouth,2021-06-15,1.00,1.00,1.00,0.99,0.94,0.52,0.03,inferred
Plymouth,2021-06-16,1.00,1.00,1.00,0.99,0.94,0.52,0.03,inferred
Plymouth,2021-06-17,1.00,1.00,1.00,0.99,0.94,0.52,0.03,inferred
Plymouth,2021-06-18,1.00,1.00,1.00,0.99,0.94,0.52,0.03,inferred
Plymouth,2021-06-19,1.00,1.00,1.00,0.99,0.94,0.52,0.03,inferred
Plymouth,2021-06-20,1.00,1.00,1.00,0.99,0.94,0.52,0.03,inferred
Plymouth,2021-06-21,1.00,1.00,1.00,0.99,0.94,0.52,0.03,inferred
Plymouth,2021-06-22,1.00,1.00,1.00,1.00,1.00,0.99,0.75,inferred
Plymouth,2021-06-23,1.00,1.00,1.00,1.00,1.00,0.99,0.75,inferred
Plymouth,2021-06-24,1.00,1.00,1.00,1.00,1.00,0.99,0.75,inferred
Plymouth,2021-06-25,1.00,1.00,1.00,1.00,1.00,0.99,0.75,inferred
Plymouth,2021-06-26,1.00,1.00,1.00,1.00,1.00,0.99,0.75,inferred
Plymouth,2021-06-27,1.00,1.00,1.00,1.00,1.00,0.99,0.75,inferred
Plymouth,2021-06-28,1.00,1.00,1.00,1.00,1.00,0.99,0.75,inferred
Plymouth,2021-06-29,1.00,1.00,1.00,1.00,1.00,0.96,0.65,inferred
Plymouth,2021-06-30,1.00,1.00,1.00,1.00,1.00,0.96,0.65,inferred
Plymouth,2021-07-01,1.00,1.00,1.00,1.00,1.00,0.96,0.65,inferred
Plymouth,2021-07-02,1.00,1.00,1.00,1.00,1.00,0.96,0.65,inferred
Plymouth,2021-07-03,1.00,1.00,1.00,1.00,1.00,0.96,0.65,inferred
Plymouth,2021-07-04,1.00,1.00,1.00,1.00,1.00,0.96,0.65,inferred
Plymouth,2021-07-05,1.00,1.00,1.00,1.00,1.00,0.96,0.65,inferred
Plymouth,2021-07-06,0.99,0.99,0.98,0.96,0.94,0.79,0.49,projected
Plymouth,2021-07-07,0.99,0.99,0.98,0.96,0.94,0.79,0.49,projected
Plymouth,2021-07-08,0.99,0.99,0.98,0.96,0.94,0.79,0.49,projected
Plymouth,2021-07-09,0.99,0.99,0.98,0.96,0.94,0.79,0.49,projected
Plymouth,2021-07-10,0.99,0.99,0.98,0.96,0.94,0.79,0.49,projected
Plymouth,2021-07-11,0.99,0.99,0.98,0.96,0.94,0.79,0.49,projected
Plymouth,2021-07-12,0.99,0.99,0.98,0.96,0.94,0.79,0.49,projected
Plymouth,2021-07-13,0.98,0.96,0.93,0.90,0.86,0.71,0.45,projected
Plymouth,2021-07-14,0.98,0.96,0.93,0.90,0.86,0.71,0.45,projected
Plymouth,2021-07-15,0.98,0.96,0.93,0.90,0.86,0.71,0.45,projected
Plymouth,2021-07-16,0.98,0.96,0.93,0.90,0.86,0.71,0.45,projected
Plymouth,2021-07-17,0.98,0.96,0.93,0.90,0.86,0.71,0.45,projected
Plymouth,2021-07-18,0.98,0.96,0.93,0.90,0.86,0.71,0.45,projected
Plymouth,2021-07-19,0.98,0.96,0.93,0.90,0.86,0.71,0.45,projected
Plymouth,2021-07-20,0.95,0.92,0.89,0.84,0.80,0.65,0.40,projected
Plymouth,2021-07-21,0.95,0.92,0.89,0.84,0.80,0.65,0.40,projected
Plymouth,2021-07-22,0.95,0.92,0.89,0.84,0.80,0.65,0.40,projected
Plymouth,2021-07-23,0.95,0.92,0.89,0.84,0.80,0.65,0.40,projected
Plymouth,2021-07-24,0.95,0.92,0.89,0.84,0.80,0.65,0.40,projected
Plymouth,2021-07-25,0.95,0.92,0.89,0.84,0.80,0.65,0.40,projected
Plymouth,2021-07-26,0.95,0.92,0.89,0.84,0.80,0.65,0.40,projected
Portsmouth,2021-03-23,0.03,0.00,0.00,0.00,0.00,0.00,0.00,inferred
Portsmouth,2021-03-24,0.03,0.00,0.00,0.00,0.00,0.00,0.00,inferred
Portsmouth,2021-03-25,0.03,0.00,0.00,0.00,0.00,0.00,0.00,inferred
Portsmouth,2021-03-26,0.03,0.00,0.00,0.00,0.00,0.00,0.00,inferred
Portsmouth,2021-03-27,0.03,0.00,0.00,0.00,0.00,0.00,0.00,inferred
Portsmouth,2021-03-28,0.03,0.00,0.00,0.00,0.00,0.00,0.00,inferred
Portsmouth,2021-03-29,0.03,0.00,0.00,0.00,0.00,0.00,0.00,inferred
Portsmouth,2021-03-30,0.46,0.22,0.08,0.02,0.00,0.00,0.00,inferred
Portsmouth,2021-03-31,0.46,0.22,0.08,0.02,0.00,0.00,0.00,inferred
Portsmouth,2021-04-01,0.46,0.22,0.08,0.02,0.00,0.00,0.00,inferred
Portsmouth,2021-04-02,0.46,0.22,0.08,0.02,0.00,0.00,0.00,inferred
Portsmouth,2021-04-03,0.46,0.22,0.08,0.02,0.00,0.00,0.00,inferred
Portsmouth,2021-04-04,0.46,0.22,0.08,0.02,0.00,0.00,0.00,inferred
Portsmouth,2021-04-05,0.46,0.22,0.08,0.02,0.00,0.00,0.00,inferred
Portsmouth,2021-04-06,0.54,0.30,0.12,0.05,0.01,0.00,0.00,inferred
Portsmouth,2021-04-07,0.54,0.30,0.12,0.05,0.01,0.00,0.00,inferred
Portsmouth,2021-04-08,0.54,0.30,0.12,0.05,0.01,0.00,0.00,inferred
Portsmouth,2021-04-09,0.54,0.30,0.12,0.05,0.01,0.00,0.00,inferred
Portsmouth,2021-04-10,0.54,0.30,0.12,0.05,0.01,0.00,0.00,inferred
Portsmouth,2021-04-11,0.54,0.30,0.12,0.05,0.01,0.00,0.00,inferred
Portsmouth,2021-04-12,0.54,0.30,0.12,0.05,0.01,0.00,0.00,inferred
Portsmouth,2021-04-13,0.67,0.43,0.23,0.12,0.05,0.00,0.00,inferred
Portsmouth,2021-04-14,0.67,0.43,0.23,0.12,0.05,0.00,0.00,inferred
Portsmouth,2021-04-15,0.67,0.43,0.23,0.12,0.05,0.00,0.00,inferred
Portsmouth,2021-04-16,0.67,0.43,0.23,0.12,0.05,0.00,0.00,inferred
Portsmouth,2021-04-17,0.67,0.43,0.23,0.12,0.05,0.00,0.00,inferred
Portsmouth,2021-04-18,0.67,0.43,0.23,0.12,0.05,0.00,0.00,inferred
Portsmouth,2021-04-19,0.67,0.43,0.23,0.12,0.05,0.00,0.00,inferred
Portsmouth,2021-04-20,0.79,0.59,0.36,0.20,0.10,0.00,0.00,inferred
Portsmouth,2021-04-21,0.79,0.59,0.36,0.20,0.10,0.00,0.00,inferred
Portsmouth,2021-04-22,0.79,0.59,0.36,0.20,0.10,0.00,0.00,inferred
Portsmouth,2021-04-23,0.79,0.59,0.36,0.20,0.10,0.00,0.00,inferred
Portsmouth,2021-04-24,0.79,0.59,0.36,0.20,0.10,0.00,0.00,inferred
Portsmouth,2021-04-25,0.79,0.59,0.36,0.20,0.10,0.00,0.00,inferred
Portsmouth,2021-04-26,0.79,0.59,0.36,0.20,0.10,0.00,0.00,inferred
Portsmouth,2021-04-27,0.96,0.89,0.76,0.59,0.39,0.06,0.00,inferred
Portsmouth,2021-04-28,0.96,0.89,0.76,0.59,0.39,0.06,0.00,inferred
Portsmouth,2021-04-29,0.96,0.89,0.76,0.59,0.39,0.06,0.00,inferred
Portsmouth,2021-04-30,0.96,0.89,0.76,0.59,0.39,0.06,0.00,inferred
Portsmouth,2021-05-01,0.96,0.89,0.76,0.59,0.39,0.06,0.00,inferred
Portsmouth,2021-05-02,0.96,0.89,0.76,0.59,0.39,0.06,0.00,inferred
Portsmouth,2021-05-03,0.96,0.89,0.76,0.59,0.39,0.06,0.00,inferred
Portsmouth,2021-05-04,1.00,1.00,0.98,0.95,0.88,0.41,0.02,inferred
Portsmouth,2021-05-05,1.00,1.00,0.98,0.95,0.88,0.41,0.02,inferred
Portsmouth,2021-05-06,1.00,1.00,0.98,0.95,0.88,0.41,0.02,inferred
Portsmouth,2021-05-07,1.00,1.00,0.98,0.95,0.88,0.41,0.02,inferred
Portsmouth,2021-05-08,1.00,1.00,0.98,0.95,0.88,0.41,0.02,inferred
Portsmouth,2021-05-09,1.00,1.00,0.98,0.95,0.88,0.41,0.02,inferred
Portsmouth,2021-05-10,1.00,1.00,0.98,0.95,0.88,0.41,0.02,inferred
Portsmouth,2021-05-11,0.99,0.96,0.88,0.73,0.52,0.11,0.00,inferred
Portsmouth,2021-05-12,0.99,0.96,0.88,0.73,0.52,0.11,0.00,inferred
Portsmouth,2021-05-13,0.99,0.96,0.88,0.73,0.52,0.11,0.00,inferred
Portsmouth,2021-05-14,0.99,0.96,0.88,0.73,0.52,0.11,0.00,inferred
Portsmouth,2021-05-15,0.99,0.96,0.88,0.73,0.52,0.11,0.00,inferred
Portsmouth,2021-05-16,0.99,0.96,0.88,0.73,0.52,0.11,0.00,inferred
Portsmouth,2021-05-17,0.99,0.96,0.88,0.73,0.52,0.11,0.00,inferred
Portsmouth,2021-05-18,0.96,0.84,0.64,0.40,0.20,0.02,0.00,inferred
Portsmouth,2021-05-19,0.96,0.84,0.64,0.40,0.20,0.02,0.00,inferred
Portsmouth,2021-05-20,0.96,0.84,0.64,0.40,0.20,0.02,0.00,inferred
Portsmouth,2021-05-21,0.96,0.84,0.64,0.40,0.20,0.02,0.00,inferred
Portsmouth,2021-05-22,0.96,0.84,0.64,0.40,0.20,0.02,0.00,inferred
Portsmouth,2021-05-23,0.96,0.84,0.64,0.40,0.20,0.02,0.00,inferred
Portsmouth,2021-05-24,0.96,0.84,0.64,0.40,0.20,0.02,0.00,inferred
Portsmouth,2021-05-25,0.97,0.87,0.71,0.48,0.26,0.02,0.00,inferred
Portsmouth,2021-05-26,0.97,0.87,0.71,0.48,0.26,0.02,0.00,inferred
Portsmouth,2021-05-27,0.97,0.87,0.71,0.48,0.26,0.02,0.00,inferred
Portsmouth,2021-05-28,0.97,0.87,0.71,0.48,0.26,0.02,0.00,inferred
Portsmouth,2021-05-29,0.97,0.87,0.71,0.48,0.26,0.02,0.00,inferred
Portsmouth,2021-05-30,0.97,0.87,0.71,0.48,0.26,0.02,0.00,inferred
Portsmouth,2021-05-31,0.97,0.87,0.71,0.48,0.26,0.02,0.00,inferred
Portsmouth,2021-06-01,1.00,1.00,1.00,1.00,0.99,0.85,0.14,inferred
Portsmouth,2021-06-02,1.00,1.00,1.00,1.00,0.99,0.85,0.14,inferred
Portsmouth,2021-06-03,1.00,1.00,1.00,1.00,0.99,0.85,0.14,inferred
Portsmouth,2021-06-04,1.00,1.00,1.00,1.00,0.99,0.85,0.14,inferred
Portsmouth,2021-06-05,1.00,1.00,1.00,1.00,0.99,0.85,0.14,inferred
Portsmouth,2021-06-06,1.00,1.00,1.00,1.00,0.99,0.85,0.14,inferred
Portsmouth,2021-06-07,1.00,1.00,1.00,1.00,0.99,0.85,0.14,inferred
Portsmouth,2021-06-08,1.00,1.00,1.00,1.00,1.00,0.98,0.56,inferred
Portsmouth,2021-06-09,1.00,1.00,1.00,1.00,1.00,0.98,0.56,inferred
Portsmouth,2021-06-10,1.00,1.00,1.00,1.00,1.00,0.98,0.56,inferred
Portsmouth,2021-06-11,1.00,1.00,1.00,1.00,1.00,0.98,0.56,inferred
Portsmouth,2021-06-12,1.00,1.00,1.00,1.00,1.00,0.98,0.56,inferred
Portsmouth,2021-06-13,1.00,1.00,1.00,1.00,1.00,0.98,0.56,inferred
Portsmouth,2021-06-14,1.00,1.00,1.00,1.00,1.00,0.98,0.56,inferred
Portsmouth,2021-06-15,1.00,1.00,1.00,1.00,0.98,0.74,0.07,inferred
Portsmouth,2021-06-16,1.00,1.00,1.00,1.00,0.98,0.74,0.07,inferred
Portsmouth,2021-06-17,1.00,1.00,1.00,1.00,0.98,0.74,0.07,inferred
Portsmouth,2021-06-18,1.00,1.00,1.00,1.00,0.98,0.74,0.07,inferred
Portsmouth,2021-06-19,1.00,1.00,1.00,1.00,0.98,0.74,0.07,inferred
Portsmouth,2021-06-20,1.00,1.00,1.00,1.00,0.98,0.74,0.07,inferred
Portsmouth,2021-06-21,1.00,1.00,1.00,1.00,0.98,0.74,0.07,inferred
Portsmouth,2021-06-22,1.00,1.00,1.00,0.98,0.88,0.25,0.00,inferred
Portsmouth,2021-06-23,1.00,1.00,1.00,0.98,0.88,0.25,0.00,inferred
Portsmouth,2021-06-24,1.00,1.00,1.00,0.98,0.88,0.25,0.00,inferred
Portsmouth,2021-06-25,1.00,1.00,1.00,0.98,0.88,0.25,0.00,inferred
Portsmouth,2021-06-26,1.00,1.00,1.00,0.98,0.88,0.25,0.00,inferred
Portsmouth,2021-06-27,1.00,1.00,1.00,0.98,0.88,0.25,0.00,inferred
Portsmouth,2021-06-28,1.00,1.00,1.00,0.98,0.88,0.25,0.00,inferred
Portsmouth,2021-06-29,0.99,0.95,0.84,0.69,0.49,0.09,0.00,inferred
Portsmouth,2021-06-30,0.99,0.95,0.84,0.69,0.49,0.09,0.00,inferred
Portsmouth,2021-07-01,0.99,0.95,0.84,0.69,0.49,0.09,0.00,inferred
Portsmouth,2021-07-02,0.99,0.95,0.84,0.69,0.49,0.09,0.00,inferred
Portsmouth,2021-07-03,0.99,0.95,0.84,0.69,0.49,0.09,0.00,inferred
Portsmouth,2021-07-04,0.99,0.95,0.84,0.69,0.49,0.09,0.00,inferred
Portsmouth,2021-07-05,0.99,0.95,0.84,0.69,0.49,0.09,0.00,inferred
Portsmouth,2021-07-06,0.94,0.88,0.77,0.65,0.52,0.21,0.03,projected
Portsmouth,2021-07-07,0.94,0.88,0.77,0.65,0.52,0.21,0.03,projected
Portsmouth,2021-07-08,0.94,0.88,0.77,0.65,0.52,0.21,0.03,projected
Portsmouth,2021-07-09,0.94,0.88,0.77,0.65,0.52,0.21,0.03,projected
Portsmouth,2021-07-10,0.94,0.88,0.77,0.65,0.52,0.21,0.03,projected
Portsmouth,2021-07-11,0.94,0.88,0.77,0.65,0.52,0.21,0.03,projected
Portsmouth,2021-07-12,0.94,0.88,0.77,0.65,0.52,0.21,0.03,projected
Portsmouth,2021-07-13,0.92,0.85,0.76,0.67,0.56,0.27,0.07,projected
Portsmouth,2021-07-14,0.92,0.85,0.76,0.67,0.56,0.27,0.07,projected
Portsmouth,2021-07-15,0.92,0.85,0.76,0.67,0.56,0.27,0.07,projected
Portsmouth,2021-07-16,0.92,0.85,0.76,0.67,0.56,0.27,0.07,projected
Portsmouth,2021-07-17,0.92,0.85,0.76,0.67,0.56,0.27,0.07,projected
Portsmouth,2021-07-18,0.92,0.85,0.76,0.67,0.56,0.27,0.07,projected
Portsmouth,2021-07-19,0.92,0.85,0.76,0.67,0.56,0.27,0.07,projected
Portsmouth,2021-07-20,0.92,0.86,0.79,0.69,0.60,0.33,0.10,projected
Portsmouth,2021-07-21,0.92,0.86,0.79,0.69,0.60,0.33,0.10,projected
Portsmouth,2021-07-22,0.92,0.86,0.79,0.69,0.60,0.33,0.10,projected
Portsmouth,2021-07-23,0.92,0.86,0.79,0.69,0.60,0.33,0.10,projected
Portsmouth,2021-07-24,0.92,0.86,0.79,0.69,0.60,0.33,0.10,projected
Portsmouth,2021-07-25,0.92,0.86,0.79,0.69,0.60,0.33,0.10,projected
Portsmouth,2021-07-26,0.92,0.86,0.79,0.69,0.60,0.33,0.10,projected
Powys,2021-03-23,0.66,0.46,0.26,0.12,0.05,0.00,0.00,inferred
Powys,2021-03-24,0.66,0.46,0.26,0.12,0.05,0.00,0.00,inferred
Powys,2021-03-25,0.66,0.46,0.26,0.12,0.05,0.00,0.00,inferred
Powys,2021-03-26,0.66,0.46,0.26,0.12,0.05,0.00,0.00,inferred
Powys,2021-03-27,0.66,0.46,0.26,0.12,0.05,0.00,0.00,inferred
Powys,2021-03-28,0.66,0.46,0.26,0.12,0.05,0.00,0.00,inferred
Powys,2021-03-29,0.66,0.46,0.26,0.12,0.05,0.00,0.00,inferred
Powys,2021-03-30,0.94,0.87,0.73,0.56,0.39,0.09,0.00,inferred
Powys,2021-03-31,0.94,0.87,0.73,0.56,0.39,0.09,0.00,inferred
Powys,2021-04-01,0.94,0.87,0.73,0.56,0.39,0.09,0.00,inferred
Powys,2021-04-02,0.94,0.87,0.73,0.56,0.39,0.09,0.00,inferred
Powys,2021-04-03,0.94,0.87,0.73,0.56,0.39,0.09,0.00,inferred
Powys,2021-04-04,0.94,0.87,0.73,0.56,0.39,0.09,0.00,inferred
Powys,2021-04-05,0.94,0.87,0.73,0.56,0.39,0.09,0.00,inferred
Powys,2021-04-06,0.84,0.68,0.51,0.34,0.20,0.02,0.00,inferred
Powys,2021-04-07,0.84,0.68,0.51,0.34,0.20,0.02,0.00,inferred
Powys,2021-04-08,0.84,0.68,0.51,0.34,0.20,0.02,0.00,inferred
Powys,2021-04-09,0.84,0.68,0.51,0.34,0.20,0.02,0.00,inferred
Powys,2021-04-10,0.84,0.68,0.51,0.34,0.20,0.02,0.00,inferred
Powys,2021-04-11,0.84,0.68,0.51,0.34,0.20,0.02,0.00,inferred
Powys,2021-04-12,0.84,0.68,0.51,0.34,0.20,0.02,0.00,inferred
Powys,2021-04-13,0.27,0.13,0.06,0.02,0.01,0.00,0.00,inferred
Powys,2021-04-14,0.27,0.13,0.06,0.02,0.01,0.00,0.00,inferred
Powys,2021-04-15,0.27,0.13,0.06,0.02,0.01,0.00,0.00,inferred
Powys,2021-04-16,0.27,0.13,0.06,0.02,0.01,0.00,0.00,inferred
Powys,2021-04-17,0.27,0.13,0.06,0.02,0.01,0.00,0.00,inferred
Powys,2021-04-18,0.27,0.13,0.06,0.02,0.01,0.00,0.00,inferred
Powys,2021-04-19,0.27,0.13,0.06,0.02,0.01,0.00,0.00,inferred
Powys,2021-04-20,0.32,0.19,0.09,0.05,0.02,0.00,0.00,inferred
Powys,2021-04-21,0.32,0.19,0.09,0.05,0.02,0.00,0.00,inferred
Powys,2021-04-22,0.32,0.19,0.09,0.05,0.02,0.00,0.00,inferred
Powys,2021-04-23,0.32,0.19,0.09,0.05,0.02,0.00,0.00,inferred
Powys,2021-04-24,0.32,0.19,0.09,0.05,0.02,0.00,0.00,inferred
Powys,2021-04-25,0.32,0.19,0.09,0.05,0.02,0.00,0.00,inferred
Powys,2021-04-26,0.32,0.19,0.09,0.05,0.02,0.00,0.00,inferred
Powys,2021-04-27,0.63,0.46,0.29,0.18,0.10,0.01,0.00,inferred
Powys,2021-04-28,0.63,0.46,0.29,0.18,0.10,0.01,0.00,inferred
Powys,2021-04-29,0.63,0.46,0.29,0.18,0.10,0.01,0.00,inferred
Powys,2021-04-30,0.63,0.46,0.29,0.18,0.10,0.01,0.00,inferred
Powys,2021-05-01,0.63,0.46,0.29,0.18,0.10,0.01,0.00,inferred
Powys,2021-05-02,0.63,0.46,0.29,0.18,0.10,0.01,0.00,inferred
Powys,2021-05-03,0.63,0.46,0.29,0.18,0.10,0.01,0.00,inferred
Powys,2021-05-04,0.30,0.16,0.09,0.04,0.01,0.00,0.00,inferred
Powys,2021-05-05,0.30,0.16,0.09,0.04,0.01,0.00,0.00,inferred
Powys,2021-05-06,0.30,0.16,0.09,0.04,0.01,0.00,0.00,inferred
Powys,2021-05-07,0.30,0.16,0.09,0.04,0.01,0.00,0.00,inferred
Powys,2021-05-08,0.30,0.16,0.09,0.04,0.01,0.00,0.00,inferred
Powys,2021-05-09,0.30,0.16,0.09,0.04,0.01,0.00,0.00,inferred
Powys,2021-05-10,0.30,0.16,0.09,0.04,0.01,0.00,0.00,inferred
Powys,2021-05-11,0.41,0.28,0.16,0.09,0.05,0.01,0.00,inferred
Powys,2021-05-12,0.41,0.28,0.16,0.09,0.05,0.01,0.00,inferred
Powys,2021-05-13,0.41,0.28,0.16,0.09,0.05,0.01,0.00,inferred
Powys,2021-05-14,0.41,0.28,0.16,0.09,0.05,0.01,0.00,inferred
Powys,2021-05-15,0.41,0.28,0.16,0.09,0.05,0.01,0.00,inferred
Powys,2021-05-16,0.41,0.28,0.16,0.09,0.05,0.01,0.00,inferred
Powys,2021-05-17,0.41,0.28,0.16,0.09,0.05,0.01,0.00,inferred
Powys,2021-05-18,0.83,0.73,0.59,0.45,0.34,0.12,0.01,inferred
Powys,2021-05-19,0.83,0.73,0.59,0.45,0.34,0.12,0.01,inferred
Powys,2021-05-20,0.83,0.73,0.59,0.45,0.34,0.12,0.01,inferred
Powys,2021-05-21,0.83,0.73,0.59,0.45,0.34,0.12,0.01,inferred
Powys,2021-05-22,0.83,0.73,0.59,0.45,0.34,0.12,0.01,inferred
Powys,2021-05-23,0.83,0.73,0.59,0.45,0.34,0.12,0.01,inferred
Powys,2021-05-24,0.83,0.73,0.59,0.45,0.34,0.12,0.01,inferred
Powys,2021-05-25,0.97,0.93,0.85,0.76,0.66,0.36,0.07,inferred
Powys,2021-05-26,0.97,0.93,0.85,0.76,0.66,0.36,0.07,inferred
Powys,2021-05-27,0.97,0.93,0.85,0.76,0.66,0.36,0.07,inferred
Powys,2021-05-28,0.97,0.93,0.85,0.76,0.66,0.36,0.07,inferred
Powys,2021-05-29,0.97,0.93,0.85,0.76,0.66,0.36,0.07,inferred
Powys,2021-05-30,0.97,0.93,0.85,0.76,0.66,0.36,0.07,inferred
Powys,2021-05-31,0.97,0.93,0.85,0.76,0.66,0.36,0.07,inferred
Powys,2021-06-01,1.00,1.00,0.98,0.97,0.94,0.75,0.30,inferred
Powys,2021-06-02,1.00,1.00,0.98,0.97,0.94,0.75,0.30,inferred
Powys,2021-06-03,1.00,1.00,0.98,0.97,0.94,0.75,0.30,inferred
Powys,2021-06-04,1.00,1.00,0.98,0.97,0.94,0.75,0.30,inferred
Powys,2021-06-05,1.00,1.00,0.98,0.97,0.94,0.75,0.30,inferred
Powys,2021-06-06,1.00,1.00,0.98,0.97,0.94,0.75,0.30,inferred
Powys,2021-06-07,1.00,1.00,0.98,0.97,0.94,0.75,0.30,inferred
Powys,2021-06-08,1.00,1.00,1.00,0.99,0.98,0.86,0.42,inferred
Powys,2021-06-09,1.00,1.00,1.00,0.99,0.98,0.86,0.42,inferred
Powys,2021-06-10,1.00,1.00,1.00,0.99,0.98,0.86,0.42,inferred
Powys,2021-06-11,1.00,1.00,1.00,0.99,0.98,0.86,0.42,inferred
Powys,2021-06-12,1.00,1.00,1.00,0.99,0.98,0.86,0.42,inferred
Powys,2021-06-13,1.00,1.00,1.00,0.99,0.98,0.86,0.42,inferred
Powys,2021-06-14,1.00,1.00,1.00,0.99,0.98,0.86,0.42,inferred
Powys,2021-06-15,1.00,1.00,1.00,0.99,0.98,0.86,0.36,inferred
Powys,2021-06-16,1.00,1.00,1.00,0.99,0.98,0.86,0.36,inferred
Powys,2021-06-17,1.00,1.00,1.00,0.99,0.98,0.86,0.36,inferred
Powys,2021-06-18,1.00,1.00,1.00,0.99,0.98,0.86,0.36,inferred
Powys,2021-06-19,1.00,1.00,1.00,0.99,0.98,0.86,0.36,inferred
Powys,2021-06-20,1.00,1.00,1.00,0.99,0.98,0.86,0.36,inferred
Powys,2021-06-21,1.00,1.00,1.00,0.99,0.98,0.86,0.36,inferred
Powys,2021-06-22,1.00,1.00,1.00,1.00,1.00,0.99,0.83,inferred
Powys,2021-06-23,1.00,1.00,1.00,1.00,1.00,0.99,0.83,inferred
Powys,2021-06-24,1.00,1.00,1.00,1.00,1.00,0.99,0.83,inferred
Powys,2021-06-25,1.00,1.00,1.00,1.00,1.00,0.99,0.83,inferred
Powys,2021-06-26,1.00,1.00,1.00,1.00,1.00,0.99,0.83,inferred
Powys,2021-06-27,1.00,1.00,1.00,1.00,1.00,0.99,0.83,inferred
Powys,2021-06-28,1.00,1.00,1.00,1.00,1.00,0.99,0.83,inferred
Powys,2021-06-29,1.00,1.00,1.00,0.99,0.96,0.82,0.42,inferred
Powys,2021-06-30,1.00,1.00,1.00,0.99,0.96,0.82,0.42,inferred
Powys,2021-07-01,1.00,1.00,1.00,0.99,0.96,0.82,0.42,inferred
Powys,2021-07-02,1.00,1.00,1.00,0.99,0.96,0.82,0.42,inferred
Powys,2021-07-03,1.00,1.00,1.00,0.99,0.96,0.82,0.42,inferred
Powys,2021-07-04,1.00,1.00,1.00,0.99,0.96,0.82,0.42,inferred
Powys,2021-07-05,1.00,1.00,1.00,0.99,0.96,0.82,0.42,inferred
Powys,2021-07-06,0.99,0.98,0.96,0.92,0.87,0.68,0.36,projected
Powys,2021-07-07,0.99,0.98,0.96,0.92,0.87,0.68,0.36,projected
Powys,2021-07-08,0.99,0.98,0.96,0.92,0.87,0.68,0.36,projected
Powys,2021-07-09,0.99,0.98,0.96,0.92,0.87,0.68,0.36,projected
Powys,2021-07-10,0.99,0.98,0.96,0.92,0.87,0.68,0.36,projected
Powys,2021-07-11,0.99,0.98,0.96,0.92,0.87,0.68,0.36,projected
Powys,2021-07-12,0.99,0.98,0.96,0.92,0.87,0.68,0.36,projected
Powys,2021-07-13,0.97,0.95,0.91,0.87,0.81,0.62,0.35,projected
Powys,2021-07-14,0.97,0.95,0.91,0.87,0.81,0.62,0.35,projected
Powys,2021-07-15,0.97,0.95,0.91,0.87,0.81,0.62,0.35,projected
Powys,2021-07-16,0.97,0.95,0.91,0.87,0.81,0.62,0.35,projected
Powys,2021-07-17,0.97,0.95,0.91,0.87,0.81,0.62,0.35,projected
Powys,2021-07-18,0.97,0.95,0.91,0.87,0.81,0.62,0.35,projected
Powys,2021-07-19,0.97,0.95,0.91,0.87,0.81,0.62,0.35,projected
Powys,2021-07-20,0.95,0.93,0.88,0.82,0.75,0.56,0.32,projected
Powys,2021-07-21,0.95,0.93,0.88,0.82,0.75,0.56,0.32,projected
Powys,2021-07-22,0.95,0.93,0.88,0.82,0.75,0.56,0.32,projected
Powys,2021-07-23,0.95,0.93,0.88,0.82,0.75,0.56,0.32,projected
Powys,2021-07-24,0.95,0.93,0.88,0.82,0.75,0.56,0.32,projected
Powys,2021-07-25,0.95,0.93,0.88,0.82,0.75,0.56,0.32,projected
Powys,2021-07-26,0.95,0.93,0.88,0.82,0.75,0.56,0.32,projected
Preston,2021-03-23,0.01,0.00,0.00,0.00,0.00,0.00,0.00,inferred
Preston,2021-03-24,0.01,0.00,0.00,0.00,0.00,0.00,0.00,inferred
Preston,2021-03-25,0.01,0.00,0.00,0.00,0.00,0.00,0.00,inferred
Preston,2021-03-26,0.01,0.00,0.00,0.00,0.00,0.00,0.00,inferred
Preston,2021-03-27,0.01,0.00,0.00,0.00,0.00,0.00,0.00,inferred
Preston,2021-03-28,0.01,0.00,0.00,0.00,0.00,0.00,0.00,inferred
Preston,2021-03-29,0.01,0.00,0.00,0.00,0.00,0.00,0.00,inferred
Preston,2021-03-30,0.11,0.02,0.00,0.00,0.00,0.00,0.00,inferred
Preston,2021-03-31,0.11,0.02,0.00,0.00,0.00,0.00,0.00,inferred
Preston,2021-04-01,0.11,0.02,0.00,0.00,0.00,0.00,0.00,inferred
Preston,2021-04-02,0.11,0.02,0.00,0.00,0.00,0.00,0.00,inferred
Preston,2021-04-03,0.11,0.02,0.00,0.00,0.00,0.00,0.00,inferred
Preston,2021-04-04,0.11,0.02,0.00,0.00,0.00,0.00,0.00,inferred
Preston,2021-04-05,0.11,0.02,0.00,0.00,0.00,0.00,0.00,inferred
Preston,2021-04-06,0.21,0.08,0.02,0.01,0.00,0.00,0.00,inferred
Preston,2021-04-07,0.21,0.08,0.02,0.01,0.00,0.00,0.00,inferred
Preston,2021-04-08,0.21,0.08,0.02,0.01,0.00,0.00,0.00,inferred
Preston,2021-04-09,0.21,0.08,0.02,0.01,0.00,0.00,0.00,inferred
Preston,2021-04-10,0.21,0.08,0.02,0.01,0.00,0.00,0.00,inferred
Preston,2021-04-11,0.21,0.08,0.02,0.01,0.00,0.00,0.00,inferred
Preston,2021-04-12,0.21,0.08,0.02,0.01,0.00,0.00,0.00,inferred
Preston,2021-04-13,0.88,0.74,0.50,0.27,0.13,0.01,0.00,inferred
Preston,2021-04-14,0.88,0.74,0.50,0.27,0.13,0.01,0.00,inferred
Preston,2021-04-15,0.88,0.74,0.50,0.27,0.13,0.01,0.00,inferred
Preston,2021-04-16,0.88,0.74,0.50,0.27,0.13,0.01,0.00,inferred
Preston,2021-04-17,0.88,0.74,0.50,0.27,0.13,0.01,0.00,inferred
Preston,2021-04-18,0.88,0.74,0.50,0.27,0.13,0.01,0.00,inferred
Preston,2021-04-19,0.88,0.74,0.50,0.27,0.13,0.01,0.00,inferred
Preston,2021-04-20,0.93,0.81,0.64,0.39,0.21,0.01,0.00,inferred
Preston,2021-04-21,0.93,0.81,0.64,0.39,0.21,0.01,0.00,inferred
Preston,2021-04-22,0.93,0.81,0.64,0.39,0.21,0.01,0.00,inferred
Preston,2021-04-23,0.93,0.81,0.64,0.39,0.21,0.01,0.00,inferred
Preston,2021-04-24,0.93,0.81,0.64,0.39,0.21,0.01,0.00,inferred
Preston,2021-04-25,0.93,0.81,0.64,0.39,0.21,0.01,0.00,inferred
Preston,2021-04-26,0.93,0.81,0.64,0.39,0.21,0.01,0.00,inferred
Preston,2021-04-27,0.86,0.66,0.42,0.22,0.10,0.00,0.00,inferred
Preston,2021-04-28,0.86,0.66,0.42,0.22,0.10,0.00,0.00,inferred
Preston,2021-04-29,0.86,0.66,0.42,0.22,0.10,0.00,0.00,inferred
Preston,2021-04-30,0.86,0.66,0.42,0.22,0.10,0.00,0.00,inferred
Preston,2021-05-01,0.86,0.66,0.42,0.22,0.10,0.00,0.00,inferred
Preston,2021-05-02,0.86,0.66,0.42,0.22,0.10,0.00,0.00,inferred
Preston,2021-05-03,0.86,0.66,0.42,0.22,0.10,0.00,0.00,inferred
Preston,2021-05-04,1.00,0.98,0.91,0.76,0.56,0.08,0.00,inferred
Preston,2021-05-05,1.00,0.98,0.91,0.76,0.56,0.08,0.00,inferred
Preston,2021-05-06,1.00,0.98,0.91,0.76,0.56,0.08,0.00,inferred
Preston,2021-05-07,1.00,0.98,0.91,0.76,0.56,0.08,0.00,inferred
Preston,2021-05-08,1.00,0.98,0.91,0.76,0.56,0.08,0.00,inferred
Preston,2021-05-09,1.00,0.98,0.91,0.76,0.56,0.08,0.00,inferred
Preston,2021-05-10,1.00,0.98,0.91,0.76,0.56,0.08,0.00,inferred
Preston,2021-05-11,1.00,1.00,1.00,0.99,0.95,0.54,0.02,inferred
Preston,2021-05-12,1.00,1.00,1.00,0.99,0.95,0.54,0.02,inferred
Preston,2021-05-13,1.00,1.00,1.00,0.99,0.95,0.54,0.02,inferred
Preston,2021-05-14,1.00,1.00,1.00,0.99,0.95,0.54,0.02,inferred
Preston,2021-05-15,1.00,1.00,1.00,0.99,0.95,0.54,0.02,inferred
Preston,2021-05-16,1.00,1.00,1.00,0.99,0.95,0.54,0.02,inferred
Preston,2021-05-17,1.00,1.00,1.00,0.99,0.95,0.54,0.02,inferred
Preston,2021-05-18,1.00,1.00,1.00,1.00,1.00,0.97,0.63,inferred
Preston,2021-05-19,1.00,1.00,1.00,1.00,1.00,0.97,0.63,inferred
Preston,2021-05-20,1.00,1.00,1.00,1.00,1.00,0.97,0.63,inferred
Preston,2021-05-21,1.00,1.00,1.00,1.00,1.00,0.97,0.63,inferred
Preston,2021-05-22,1.00,1.00,1.00,1.00,1.00,0.97,0.63,inferred
Preston,2021-05-23,1.00,1.00,1.00,1.00,1.00,0.97,0.63,inferred
Preston,2021-05-24,1.00,1.00,1.00,1.00,1.00,0.97,0.63,inferred
Preston,2021-05-25,1.00,1.00,1.00,1.00,1.00,0.93,0.31,inferred
Preston,2021-05-26,1.00,1.00,1.00,1.00,1.00,0.93,0.31,inferred
Preston,2021-05-27,1.00,1.00,1.00,1.00,1.00,0.93,0.31,inferred
Preston,2021-05-28,1.00,1.00,1.00,1.00,1.00,0.93,0.31,inferred
Preston,2021-05-29,1.00,1.00,1.00,1.00,1.00,0.93,0.31,inferred
Preston,2021-05-30,1.00,1.00,1.00,1.00,1.00,0.93,0.31,inferred
Preston,2021-05-31,1.00,1.00,1.00,1.00,1.00,0.93,0.31,inferred
Preston,2021-06-01,1.00,1.00,0.99,0.93,0.76,0.16,0.00,inferred
Preston,2021-06-02,1.00,1.00,0.99,0.93,0.76,0.16,0.00,inferred
Preston,2021-06-03,1.00,1.00,0.99,0.93,0.76,0.16,0.00,inferred
Preston,2021-06-04,1.00,1.00,0.99,0.93,0.76,0.16,0.00,inferred
Preston,2021-06-05,1.00,1.00,0.99,0.93,0.76,0.16,0.00,inferred
Preston,2021-06-06,1.00,1.00,0.99,0.93,0.76,0.16,0.00,inferred
Preston,2021-06-07,1.00,1.00,0.99,0.93,0.76,0.16,0.00,inferred
Preston,2021-06-08,1.00,0.92,0.58,0.21,0.05,0.00,0.00,inferred
Preston,2021-06-09,1.00,0.92,0.58,0.21,0.05,0.00,0.00,inferred
Preston,2021-06-10,1.00,0.92,0.58,0.21,0.05,0.00,0.00,inferred
Preston,2021-06-11,1.00,0.92,0.58,0.21,0.05,0.00,0.00,inferred
Preston,2021-06-12,1.00,0.92,0.58,0.21,0.05,0.00,0.00,inferred
Preston,2021-06-13,1.00,0.92,0.58,0.21,0.05,0.00,0.00,inferred
Preston,2021-06-14,1.00,0.92,0.58,0.21,0.05,0.00,0.00,inferred
Preston,2021-06-15,1.00,1.00,0.96,0.73,0.31,0.00,0.00,inferred
Preston,2021-06-16,1.00,1.00,0.96,0.73,0.31,0.00,0.00,inferred
Preston,2021-06-17,1.00,1.00,0.96,0.73,0.31,0.00,0.00,inferred
Preston,2021-06-18,1.00,1.00,0.96,0.73,0.31,0.00,0.00,inferred
Preston,2021-06-19,1.00,1.00,0.96,0.73,0.31,0.00,0.00,inferred
Preston,2021-06-20,1.00,1.00,0.96,0.73,0.31,0.00,0.00,inferred
Preston,2021-06-21,1.00,1.00,0.96,0.73,0.31,0.00,0.00,inferred
Preston,2021-06-22,0.99,0.86,0.46,0.11,0.01,0.00,0.00,inferred
Preston,2021-06-23,0.99,0.86,0.46,0.11,0.01,0.00,0.00,inferred
Preston,2021-06-24,0.99,0.86,0.46,0.11,0.01,0.00,0.00,inferred
Preston,2021-06-25,0.99,0.86,0.46,0.11,0.01,0.00,0.00,inferred
Preston,2021-06-26,0.99,0.86,0.46,0.11,0.01,0.00,0.00,inferred
Preston,2021-06-27,0.99,0.86,0.46,0.11,0.01,0.00,0.00,inferred
Preston,2021-06-28,0.99,0.86,0.46,0.11,0.01,0.00,0.00,inferred
Preston,2021-06-29,0.63,0.36,0.15,0.05,0.01,0.00,0.00,inferred
Preston,2021-06-30,0.63,0.36,0.15,0.05,0.01,0.00,0.00,inferred
Preston,2021-07-01,0.63,0.36,0.15,0.05,0.01,0.00,0.00,inferred
Preston,2021-07-02,0.63,0.36,0.15,0.05,0.01,0.00,0.00,inferred
Preston,2021-07-03,0.63,0.36,0.15,0.05,0.01,0.00,0.00,inferred
Preston,2021-07-04,0.63,0.36,0.15,0.05,0.01,0.00,0.00,inferred
Preston,2021-07-05,0.63,0.36,0.15,0.05,0.01,0.00,0.00,inferred
Preston,2021-07-06,0.64,0.49,0.34,0.21,0.13,0.04,0.00,projected
Preston,2021-07-07,0.64,0.49,0.34,0.21,0.13,0.04,0.00,projected
Preston,2021-07-08,0.64,0.49,0.34,0.21,0.13,0.04,0.00,projected
Preston,2021-07-09,0.64,0.49,0.34,0.21,0.13,0.04,0.00,projected
Preston,2021-07-10,0.64,0.49,0.34,0.21,0.13,0.04,0.00,projected
Preston,2021-07-11,0.64,0.49,0.34,0.21,0.13,0.04,0.00,projected
Preston,2021-07-12,0.64,0.49,0.34,0.21,0.13,0.04,0.00,projected
Preston,2021-07-13,0.66,0.55,0.42,0.31,0.23,0.07,0.02,projected
Preston,2021-07-14,0.66,0.55,0.42,0.31,0.23,0.07,0.02,projected
Preston,2021-07-15,0.66,0.55,0.42,0.31,0.23,0.07,0.02,projected
Preston,2021-07-16,0.66,0.55,0.42,0.31,0.23,0.07,0.02,projected
Preston,2021-07-17,0.66,0.55,0.42,0.31,0.23,0.07,0.02,projected
Preston,2021-07-18,0.66,0.55,0.42,0.31,0.23,0.07,0.02,projected
Preston,2021-07-19,0.66,0.55,0.42,0.31,0.23,0.07,0.02,projected
Preston,2021-07-20,0.73,0.61,0.50,0.40,0.30,0.14,0.03,projected
Preston,2021-07-21,0.73,0.61,0.50,0.40,0.30,0.14,0.03,projected
Preston,2021-07-22,0.73,0.61,0.50,0.40,0.30,0.14,0.03,projected
Preston,2021-07-23,0.73,0.61,0.50,0.40,0.30,0.14,0.03,projected
Preston,2021-07-24,0.73,0.61,0.50,0.40,0.30,0.14,0.03,projected
Preston,2021-07-25,0.73,0.61,0.50,0.40,0.30,0.14,0.03,projected
Preston,2021-07-26,0.73,0.61,0.50,0.40,0.30,0.14,0.03,projected
Reading,2021-03-23,0.38,0.14,0.03,0.01,0.00,0.00,0.00,inferred
Reading,2021-03-24,0.38,0.14,0.03,0.01,0.00,0.00,0.00,inferred
Reading,2021-03-25,0.38,0.14,0.03,0.01,0.00,0.00,0.00,inferred
Reading,2021-03-26,0.38,0.14,0.03,0.01,0.00,0.00,0.00,inferred
Reading,2021-03-27,0.38,0.14,0.03,0.01,0.00,0.00,0.00,inferred
Reading,2021-03-28,0.38,0.14,0.03,0.01,0.00,0.00,0.00,inferred
Reading,2021-03-29,0.38,0.14,0.03,0.01,0.00,0.00,0.00,inferred
Reading,2021-03-30,0.91,0.72,0.46,0.23,0.09,0.00,0.00,inferred
Reading,2021-03-31,0.91,0.72,0.46,0.23,0.09,0.00,0.00,inferred
Reading,2021-04-01,0.91,0.72,0.46,0.23,0.09,0.00,0.00,inferred
Reading,2021-04-02,0.91,0.72,0.46,0.23,0.09,0.00,0.00,inferred
Reading,2021-04-03,0.91,0.72,0.46,0.23,0.09,0.00,0.00,inferred
Reading,2021-04-04,0.91,0.72,0.46,0.23,0.09,0.00,0.00,inferred
Reading,2021-04-05,0.91,0.72,0.46,0.23,0.09,0.00,0.00,inferred
Reading,2021-04-06,0.76,0.53,0.31,0.12,0.04,0.00,0.00,inferred
Reading,2021-04-07,0.76,0.53,0.31,0.12,0.04,0.00,0.00,inferred
Reading,2021-04-08,0.76,0.53,0.31,0.12,0.04,0.00,0.00,inferred
Reading,2021-04-09,0.76,0.53,0.31,0.12,0.04,0.00,0.00,inferred
Reading,2021-04-10,0.76,0.53,0.31,0.12,0.04,0.00,0.00,inferred
Reading,2021-04-11,0.76,0.53,0.31,0.12,0.04,0.00,0.00,inferred
Reading,2021-04-12,0.76,0.53,0.31,0.12,0.04,0.00,0.00,inferred
Reading,2021-04-13,0.86,0.67,0.43,0.22,0.11,0.01,0.00,inferred
Reading,2021-04-14,0.86,0.67,0.43,0.22,0.11,0.01,0.00,inferred
Reading,2021-04-15,0.86,0.67,0.43,0.22,0.11,0.01,0.00,inferred
Reading,2021-04-16,0.86,0.67,0.43,0.22,0.11,0.01,0.00,inferred
Reading,2021-04-17,0.86,0.67,0.43,0.22,0.11,0.01,0.00,inferred
Reading,2021-04-18,0.86,0.67,0.43,0.22,0.11,0.01,0.00,inferred
Reading,2021-04-19,0.86,0.67,0.43,0.22,0.11,0.01,0.00,inferred
Reading,2021-04-20,0.81,0.59,0.36,0.20,0.08,0.00,0.00,inferred
Reading,2021-04-21,0.81,0.59,0.36,0.20,0.08,0.00,0.00,inferred
Reading,2021-04-22,0.81,0.59,0.36,0.20,0.08,0.00,0.00,inferred
Reading,2021-04-23,0.81,0.59,0.36,0.20,0.08,0.00,0.00,inferred
Reading,2021-04-24,0.81,0.59,0.36,0.20,0.08,0.00,0.00,inferred
Reading,2021-04-25,0.81,0.59,0.36,0.20,0.08,0.00,0.00,inferred
Reading,2021-04-26,0.81,0.59,0.36,0.20,0.08,0.00,0.00,inferred
Reading,2021-04-27,0.81,0.59,0.37,0.19,0.09,0.00,0.00,inferred
Reading,2021-04-28,0.81,0.59,0.37,0.19,0.09,0.00,0.00,inferred
Reading,2021-04-29,0.81,0.59,0.37,0.19,0.09,0.00,0.00,inferred
Reading,2021-04-30,0.81,0.59,0.37,0.19,0.09,0.00,0.00,inferred
Reading,2021-05-01,0.81,0.59,0.37,0.19,0.09,0.00,0.00,inferred
Reading,2021-05-02,0.81,0.59,0.37,0.19,0.09,0.00,0.00,inferred
Reading,2021-05-03,0.81,0.59,0.37,0.19,0.09,0.00,0.00,inferred
Reading,2021-05-04,0.99,0.96,0.90,0.76,0.57,0.10,0.00,inferred
Reading,2021-05-05,0.99,0.96,0.90,0.76,0.57,0.10,0.00,inferred
Reading,2021-05-06,0.99,0.96,0.90,0.76,0.57,0.10,0.00,inferred
Reading,2021-05-07,0.99,0.96,0.90,0.76,0.57,0.10,0.00,inferred
Reading,2021-05-08,0.99,0.96,0.90,0.76,0.57,0.10,0.00,inferred
Reading,2021-05-09,0.99,0.96,0.90,0.76,0.57,0.10,0.00,inferred
Reading,2021-05-10,0.99,0.96,0.90,0.76,0.57,0.10,0.00,inferred
Reading,2021-05-11,1.00,1.00,1.00,1.00,0.99,0.77,0.08,inferred
Reading,2021-05-12,1.00,1.00,1.00,1.00,0.99,0.77,0.08,inferred
Reading,2021-05-13,1.00,1.00,1.00,1.00,0.99,0.77,0.08,inferred
Reading,2021-05-14,1.00,1.00,1.00,1.00,0.99,0.77,0.08,inferred
Reading,2021-05-15,1.00,1.00,1.00,1.00,0.99,0.77,0.08,inferred
Reading,2021-05-16,1.00,1.00,1.00,1.00,0.99,0.77,0.08,inferred
Reading,2021-05-17,1.00,1.00,1.00,1.00,0.99,0.77,0.08,inferred
Reading,2021-05-18,1.00,1.00,1.00,1.00,1.00,0.93,0.38,inferred
Reading,2021-05-19,1.00,1.00,1.00,1.00,1.00,0.93,0.38,inferred
Reading,2021-05-20,1.00,1.00,1.00,1.00,1.00,0.93,0.38,inferred
Reading,2021-05-21,1.00,1.00,1.00,1.00,1.00,0.93,0.38,inferred
Reading,2021-05-22,1.00,1.00,1.00,1.00,1.00,0.93,0.38,inferred
Reading,2021-05-23,1.00,1.00,1.00,1.00,1.00,0.93,0.38,inferred
Reading,2021-05-24,1.00,1.00,1.00,1.00,1.00,0.93,0.38,inferred
Reading,2021-05-25,1.00,0.99,0.96,0.83,0.63,0.10,0.00,inferred
Reading,2021-05-26,1.00,0.99,0.96,0.83,0.63,0.10,0.00,inferred
Reading,2021-05-27,1.00,0.99,0.96,0.83,0.63,0.10,0.00,inferred
Reading,2021-05-28,1.00,0.99,0.96,0.83,0.63,0.10,0.00,inferred
Reading,2021-05-29,1.00,0.99,0.96,0.83,0.63,0.10,0.00,inferred
Reading,2021-05-30,1.00,0.99,0.96,0.83,0.63,0.10,0.00,inferred
Reading,2021-05-31,1.00,0.99,0.96,0.83,0.63,0.10,0.00,inferred
Reading,2021-06-01,1.00,0.97,0.88,0.61,0.31,0.00,0.00,inferred
Reading,2021-06-02,1.00,0.97,0.88,0.61,0.31,0.00,0.00,inferred
Reading,2021-06-03,1.00,0.97,0.88,0.61,0.31,0.00,0.00,inferred
Reading,2021-06-04,1.00,0.97,0.88,0.61,0.31,0.00,0.00,inferred
Reading,2021-06-05,1.00,0.97,0.88,0.61,0.31,0.00,0.00,inferred
Reading,2021-06-06,1.00,0.97,0.88,0.61,0.31,0.00,0.00,inferred
Reading,2021-06-07,1.00,0.97,0.88,0.61,0.31,0.00,0.00,inferred
Reading,2021-06-08,1.00,1.00,0.95,0.75,0.44,0.02,0.00,inferred
Reading,2021-06-09,1.00,1.00,0.95,0.75,0.44,0.02,0.00,inferred
Reading,2021-06-10,1.00,1.00,0.95,0.75,0.44,0.02,0.00,inferred
Reading,2021-06-11,1.00,1.00,0.95,0.75,0.44,0.02,0.00,inferred
Reading,2021-06-12,1.00,1.00,0.95,0.75,0.44,0.02,0.00,inferred
Reading,2021-06-13,1.00,1.00,0.95,0.75,0.44,0.02,0.00,inferred
Reading,2021-06-14,1.00,1.00,0.95,0.75,0.44,0.02,0.00,inferred
Reading,2021-06-15,1.00,1.00,1.00,1.00,1.00,0.80,0.02,inferred
Reading,2021-06-16,1.00,1.00,1.00,1.00,1.00,0.80,0.02,inferred
Reading,2021-06-17,1.00,1.00,1.00,1.00,1.00,0.80,0.02,inferred
Reading,2021-06-18,1.00,1.00,1.00,1.00,1.00,0.80,0.02,inferred
Reading,2021-06-19,1.00,1.00,1.00,1.00,1.00,0.80,0.02,inferred
Reading,2021-06-20,1.00,1.00,1.00,1.00,1.00,0.80,0.02,inferred
Reading,2021-06-21,1.00,1.00,1.00,1.00,1.00,0.80,0.02,inferred
Reading,2021-06-22,1.00,1.00,0.95,0.81,0.58,0.05,0.00,inferred
Reading,2021-06-23,1.00,1.00,0.95,0.81,0.58,0.05,0.00,inferred
Reading,2021-06-24,1.00,1.00,0.95,0.81,0.58,0.05,0.00,inferred
Reading,2021-06-25,1.00,1.00,0.95,0.81,0.58,0.05,0.00,inferred
Reading,2021-06-26,1.00,1.00,0.95,0.81,0.58,0.05,0.00,inferred
Reading,2021-06-27,1.00,1.00,0.95,0.81,0.58,0.05,0.00,inferred
Reading,2021-06-28,1.00,1.00,0.95,0.81,0.58,0.05,0.00,inferred
Reading,2021-06-29,0.78,0.55,0.30,0.14,0.05,0.00,0.00,inferred
Reading,2021-06-30,0.78,0.55,0.30,0.14,0.05,0.00,0.00,inferred
Reading,2021-07-01,0.78,0.55,0.30,0.14,0.05,0.00,0.00,inferred
Reading,2021-07-02,0.78,0.55,0.30,0.14,0.05,0.00,0.00,inferred
Reading,2021-07-03,0.78,0.55,0.30,0.14,0.05,0.00,0.00,inferred
Reading,2021-07-04,0.78,0.55,0.30,0.14,0.05,0.00,0.00,inferred
Reading,2021-07-05,0.78,0.55,0.30,0.14,0.05,0.00,0.00,inferred
Reading,2021-07-06,0.78,0.62,0.48,0.33,0.22,0.06,0.00,projected
Reading,2021-07-07,0.78,0.62,0.48,0.33,0.22,0.06,0.00,projected
Reading,2021-07-08,0.78,0.62,0.48,0.33,0.22,0.06,0.00,projected
Reading,2021-07-09,0.78,0.62,0.48,0.33,0.22,0.06,0.00,projected
Reading,2021-07-10,0.78,0.62,0.48,0.33,0.22,0.06,0.00,projected
Reading,2021-07-11,0.78,0.62,0.48,0.33,0.22,0.06,0.00,projected
Reading,2021-07-12,0.78,0.62,0.48,0.33,0.22,0.06,0.00,projected
Reading,2021-07-13,0.83,0.70,0.57,0.44,0.33,0.11,0.02,projected
Reading,2021-07-14,0.83,0.70,0.57,0.44,0.33,0.11,0.02,projected
Reading,2021-07-15,0.83,0.70,0.57,0.44,0.33,0.11,0.02,projected
Reading,2021-07-16,0.83,0.70,0.57,0.44,0.33,0.11,0.02,projected
Reading,2021-07-17,0.83,0.70,0.57,0.44,0.33,0.11,0.02,projected
Reading,2021-07-18,0.83,0.70,0.57,0.44,0.33,0.11,0.02,projected
Reading,2021-07-19,0.83,0.70,0.57,0.44,0.33,0.11,0.02,projected
Reading,2021-07-20,0.88,0.78,0.67,0.55,0.43,0.18,0.04,projected
Reading,2021-07-21,0.88,0.78,0.67,0.55,0.43,0.18,0.04,projected
Reading,2021-07-22,0.88,0.78,0.67,0.55,0.43,0.18,0.04,projected
Reading,2021-07-23,0.88,0.78,0.67,0.55,0.43,0.18,0.04,projected
Reading,2021-07-24,0.88,0.78,0.67,0.55,0.43,0.18,0.04,projected
Reading,2021-07-25,0.88,0.78,0.67,0.55,0.43,0.18,0.04,projected
Reading,2021-07-26,0.88,0.78,0.67,0.55,0.43,0.18,0.04,projected
Redbridge,2021-03-23,0.13,0.01,0.00,0.00,0.00,0.00,0.00,inferred
Redbridge,2021-03-24,0.13,0.01,0.00,0.00,0.00,0.00,0.00,inferred
Redbridge,2021-03-25,0.13,0.01,0.00,0.00,0.00,0.00,0.00,inferred
Redbridge,2021-03-26,0.13,0.01,0.00,0.00,0.00,0.00,0.00,inferred
Redbridge,2021-03-27,0.13,0.01,0.00,0.00,0.00,0.00,0.00,inferred
Redbridge,2021-03-28,0.13,0.01,0.00,0.00,0.00,0.00,0.00,inferred
Redbridge,2021-03-29,0.13,0.01,0.00,0.00,0.00,0.00,0.00,inferred
Redbridge,2021-03-30,0.97,0.80,0.47,0.17,0.04,0.00,0.00,inferred
Redbridge,2021-03-31,0.97,0.80,0.47,0.17,0.04,0.00,0.00,inferred
Redbridge,2021-04-01,0.97,0.80,0.47,0.17,0.04,0.00,0.00,inferred
Redbridge,2021-04-02,0.97,0.80,0.47,0.17,0.04,0.00,0.00,inferred
Redbridge,2021-04-03,0.97,0.80,0.47,0.17,0.04,0.00,0.00,inferred
Redbridge,2021-04-04,0.97,0.80,0.47,0.17,0.04,0.00,0.00,inferred
Redbridge,2021-04-05,0.97,0.80,0.47,0.17,0.04,0.00,0.00,inferred
Redbridge,2021-04-06,0.90,0.62,0.26,0.06,0.00,0.00,0.00,inferred
Redbridge,2021-04-07,0.90,0.62,0.26,0.06,0.00,0.00,0.00,inferred
Redbridge,2021-04-08,0.90,0.62,0.26,0.06,0.00,0.00,0.00,inferred
Redbridge,2021-04-09,0.90,0.62,0.26,0.06,0.00,0.00,0.00,inferred
Redbridge,2021-04-10,0.90,0.62,0.26,0.06,0.00,0.00,0.00,inferred
Redbridge,2021-04-11,0.90,0.62,0.26,0.06,0.00,0.00,0.00,inferred
Redbridge,2021-04-12,0.90,0.62,0.26,0.06,0.00,0.00,0.00,inferred
Redbridge,2021-04-13,0.54,0.19,0.04,0.00,0.00,0.00,0.00,inferred
Redbridge,2021-04-14,0.54,0.19,0.04,0.00,0.00,0.00,0.00,inferred
Redbridge,2021-04-15,0.54,0.19,0.04,0.00,0.00,0.00,0.00,inferred
Redbridge,2021-04-16,0.54,0.19,0.04,0.00,0.00,0.00,0.00,inferred
Redbridge,2021-04-17,0.54,0.19,0.04,0.00,0.00,0.00,0.00,inferred
Redbridge,2021-04-18,0.54,0.19,0.04,0.00,0.00,0.00,0.00,inferred
Redbridge,2021-04-19,0.54,0.19,0.04,0.00,0.00,0.00,0.00,inferred
Redbridge,2021-04-20,0.07,0.01,0.00,0.00,0.00,0.00,0.00,inferred
Redbridge,2021-04-21,0.07,0.01,0.00,0.00,0.00,0.00,0.00,inferred
Redbridge,2021-04-22,0.07,0.01,0.00,0.00,0.00,0.00,0.00,inferred
Redbridge,2021-04-23,0.07,0.01,0.00,0.00,0.00,0.00,0.00,inferred
Redbridge,2021-04-24,0.07,0.01,0.00,0.00,0.00,0.00,0.00,inferred
Redbridge,2021-04-25,0.07,0.01,0.00,0.00,0.00,0.00,0.00,inferred
Redbridge,2021-04-26,0.07,0.01,0.00,0.00,0.00,0.00,0.00,inferred
Redbridge,2021-04-27,0.57,0.28,0.10,0.03,0.01,0.00,0.00,inferred
Redbridge,2021-04-28,0.57,0.28,0.10,0.03,0.01,0.00,0.00,inferred
Redbridge,2021-04-29,0.57,0.28,0.10,0.03,0.01,0.00,0.00,inferred
Redbridge,2021-04-30,0.57,0.28,0.10,0.03,0.01,0.00,0.00,inferred
Redbridge,2021-05-01,0.57,0.28,0.10,0.03,0.01,0.00,0.00,inferred
Redbridge,2021-05-02,0.57,0.28,0.10,0.03,0.01,0.00,0.00,inferred
Redbridge,2021-05-03,0.57,0.28,0.10,0.03,0.01,0.00,0.00,inferred
Redbridge,2021-05-04,0.66,0.37,0.13,0.04,0.01,0.00,0.00,inferred
Redbridge,2021-05-05,0.66,0.37,0.13,0.04,0.01,0.00,0.00,inferred
Redbridge,2021-05-06,0.66,0.37,0.13,0.04,0.01,0.00,0.00,inferred
Redbridge,2021-05-07,0.66,0.37,0.13,0.04,0.01,0.00,0.00,inferred
Redbridge,2021-05-08,0.66,0.37,0.13,0.04,0.01,0.00,0.00,inferred
Redbridge,2021-05-09,0.66,0.37,0.13,0.04,0.01,0.00,0.00,inferred
Redbridge,2021-05-10,0.66,0.37,0.13,0.04,0.01,0.00,0.00,inferred
Redbridge,2021-05-11,0.97,0.91,0.73,0.49,0.25,0.01,0.00,inferred
Redbridge,2021-05-12,0.97,0.91,0.73,0.49,0.25,0.01,0.00,inferred
Redbridge,2021-05-13,0.97,0.91,0.73,0.49,0.25,0.01,0.00,inferred
Redbridge,2021-05-14,0.97,0.91,0.73,0.49,0.25,0.01,0.00,inferred
Redbridge,2021-05-15,0.97,0.91,0.73,0.49,0.25,0.01,0.00,inferred
Redbridge,2021-05-16,0.97,0.91,0.73,0.49,0.25,0.01,0.00,inferred
Redbridge,2021-05-17,0.97,0.91,0.73,0.49,0.25,0.01,0.00,inferred
Redbridge,2021-05-18,1.00,1.00,0.98,0.90,0.75,0.16,0.00,inferred
Redbridge,2021-05-19,1.00,1.00,0.98,0.90,0.75,0.16,0.00,inferred
Redbridge,2021-05-20,1.00,1.00,0.98,0.90,0.75,0.16,0.00,inferred
Redbridge,2021-05-21,1.00,1.00,0.98,0.90,0.75,0.16,0.00,inferred
Redbridge,2021-05-22,1.00,1.00,0.98,0.90,0.75,0.16,0.00,inferred
Redbridge,2021-05-23,1.00,1.00,0.98,0.90,0.75,0.16,0.00,inferred
Redbridge,2021-05-24,1.00,1.00,0.98,0.90,0.75,0.16,0.00,inferred
Redbridge,2021-05-25,1.00,1.00,1.00,1.00,0.99,0.79,0.07,inferred
Redbridge,2021-05-26,1.00,1.00,1.00,1.00,0.99,0.79,0.07,inferred
Redbridge,2021-05-27,1.00,1.00,1.00,1.00,0.99,0.79,0.07,inferred
Redbridge,2021-05-28,1.00,1.00,1.00,1.00,0.99,0.79,0.07,inferred
Redbridge,2021-05-29,1.00,1.00,1.00,1.00,0.99,0.79,0.07,inferred
Redbridge,2021-05-30,1.00,1.00,1.00,1.00,0.99,0.79,0.07,inferred
Redbridge,2021-05-31,1.00,1.00,1.00,1.00,0.99,0.79,0.07,inferred
Redbridge,2021-06-01,1.00,1.00,1.00,0.99,0.93,0.43,0.01,inferred
Redbridge,2021-06-02,1.00,1.00,1.00,0.99,0.93,0.43,0.01,inferred
Redbridge,2021-06-03,1.00,1.00,1.00,0.99,0.93,0.43,0.01,inferred
Redbridge,2021-06-04,1.00,1.00,1.00,0.99,0.93,0.43,0.01,inferred
Redbridge,2021-06-05,1.00,1.00,1.00,0.99,0.93,0.43,0.01,inferred
Redbridge,2021-06-06,1.00,1.00,1.00,0.99,0.93,0.43,0.01,inferred
Redbridge,2021-06-07,1.00,1.00,1.00,0.99,0.93,0.43,0.01,inferred
Redbridge,2021-06-08,1.00,1.00,1.00,0.99,0.91,0.22,0.00,inferred
Redbridge,2021-06-09,1.00,1.00,1.00,0.99,0.91,0.22,0.00,inferred
Redbridge,2021-06-10,1.00,1.00,1.00,0.99,0.91,0.22,0.00,inferred
Redbridge,2021-06-11,1.00,1.00,1.00,0.99,0.91,0.22,0.00,inferred
Redbridge,2021-06-12,1.00,1.00,1.00,0.99,0.91,0.22,0.00,inferred
Redbridge,2021-06-13,1.00,1.00,1.00,0.99,0.91,0.22,0.00,inferred
Redbridge,2021-06-14,1.00,1.00,1.00,0.99,0.91,0.22,0.00,inferred
Redbridge,2021-06-15,1.00,1.00,1.00,1.00,1.00,0.97,0.28,inferred
Redbridge,2021-06-16,1.00,1.00,1.00,1.00,1.00,0.97,0.28,inferred
Redbridge,2021-06-17,1.00,1.00,1.00,1.00,1.00,0.97,0.28,inferred
Redbridge,2021-06-18,1.00,1.00,1.00,1.00,1.00,0.97,0.28,inferred
Redbridge,2021-06-19,1.00,1.00,1.00,1.00,1.00,0.97,0.28,inferred
Redbridge,2021-06-20,1.00,1.00,1.00,1.00,1.00,0.97,0.28,inferred
Redbridge,2021-06-21,1.00,1.00,1.00,1.00,1.00,0.97,0.28,inferred
Redbridge,2021-06-22,1.00,1.00,1.00,1.00,1.00,0.84,0.09,inferred
Redbridge,2021-06-23,1.00,1.00,1.00,1.00,1.00,0.84,0.09,inferred
Redbridge,2021-06-24,1.00,1.00,1.00,1.00,1.00,0.84,0.09,inferred
Redbridge,2021-06-25,1.00,1.00,1.00,1.00,1.00,0.84,0.09,inferred
Redbridge,2021-06-26,1.00,1.00,1.00,1.00,1.00,0.84,0.09,inferred
Redbridge,2021-06-27,1.00,1.00,1.00,1.00,1.00,0.84,0.09,inferred
Redbridge,2021-06-28,1.00,1.00,1.00,1.00,1.00,0.84,0.09,inferred
Redbridge,2021-06-29,1.00,1.00,1.00,0.98,0.90,0.39,0.01,inferred
Redbridge,2021-06-30,1.00,1.00,1.00,0.98,0.90,0.39,0.01,inferred
Redbridge,2021-07-01,1.00,1.00,1.00,0.98,0.90,0.39,0.01,inferred
Redbridge,2021-07-02,1.00,1.00,1.00,0.98,0.90,0.39,0.01,inferred
Redbridge,2021-07-03,1.00,1.00,1.00,0.98,0.90,0.39,0.01,inferred
Redbridge,2021-07-04,1.00,1.00,1.00,0.98,0.90,0.39,0.01,inferred
Redbridge,2021-07-05,1.00,1.00,1.00,0.98,0.90,0.39,0.01,inferred
Redbridge,2021-07-06,1.00,0.99,0.96,0.89,0.79,0.36,0.04,projected
Redbridge,2021-07-07,1.00,0.99,0.96,0.89,0.79,0.36,0.04,projected
Redbridge,2021-07-08,1.00,0.99,0.96,0.89,0.79,0.36,0.04,projected
Redbridge,2021-07-09,1.00,0.99,0.96,0.89,0.79,0.36,0.04,projected
Redbridge,2021-07-10,1.00,0.99,0.96,0.89,0.79,0.36,0.04,projected
Redbridge,2021-07-11,1.00,0.99,0.96,0.89,0.79,0.36,0.04,projected
Redbridge,2021-07-12,1.00,0.99,0.96,0.89,0.79,0.36,0.04,projected
Redbridge,2021-07-13,0.99,0.98,0.93,0.84,0.74,0.36,0.06,projected
Redbridge,2021-07-14,0.99,0.98,0.93,0.84,0.74,0.36,0.06,projected
Redbridge,2021-07-15,0.99,0.98,0.93,0.84,0.74,0.36,0.06,projected
Redbridge,2021-07-16,0.99,0.98,0.93,0.84,0.74,0.36,0.06,projected
Redbridge,2021-07-17,0.99,0.98,0.93,0.84,0.74,0.36,0.06,projected
Redbridge,2021-07-18,0.99,0.98,0.93,0.84,0.74,0.36,0.06,projected
Redbridge,2021-07-19,0.99,0.98,0.93,0.84,0.74,0.36,0.06,projected
Redbridge,2021-07-20,0.99,0.96,0.91,0.83,0.72,0.36,0.08,projected
Redbridge,2021-07-21,0.99,0.96,0.91,0.83,0.72,0.36,0.08,projected
Redbridge,2021-07-22,0.99,0.96,0.91,0.83,0.72,0.36,0.08,projected
Redbridge,2021-07-23,0.99,0.96,0.91,0.83,0.72,0.36,0.08,projected
Redbridge,2021-07-24,0.99,0.96,0.91,0.83,0.72,0.36,0.08,projected
Redbridge,2021-07-25,0.99,0.96,0.91,0.83,0.72,0.36,0.08,projected
Redbridge,2021-07-26,0.99,0.96,0.91,0.83,0.72,0.36,0.08,projected
Redcar and Cleveland,2021-03-23,0.09,0.01,0.00,0.00,0.00,0.00,0.00,inferred
Redcar and Cleveland,2021-03-24,0.09,0.01,0.00,0.00,0.00,0.00,0.00,inferred
Redcar and Cleveland,2021-03-25,0.09,0.01,0.00,0.00,0.00,0.00,0.00,inferred
Redcar and Cleveland,2021-03-26,0.09,0.01,0.00,0.00,0.00,0.00,0.00,inferred
Redcar and Cleveland,2021-03-27,0.09,0.01,0.00,0.00,0.00,0.00,0.00,inferred
Redcar and Cleveland,2021-03-28,0.09,0.01,0.00,0.00,0.00,0.00,0.00,inferred
Redcar and Cleveland,2021-03-29,0.09,0.01,0.00,0.00,0.00,0.00,0.00,inferred
Redcar and Cleveland,2021-03-30,0.25,0.09,0.03,0.01,0.00,0.00,0.00,inferred
Redcar and Cleveland,2021-03-31,0.25,0.09,0.03,0.01,0.00,0.00,0.00,inferred
Redcar and Cleveland,2021-04-01,0.25,0.09,0.03,0.01,0.00,0.00,0.00,inferred
Redcar and Cleveland,2021-04-02,0.25,0.09,0.03,0.01,0.00,0.00,0.00,inferred
Redcar and Cleveland,2021-04-03,0.25,0.09,0.03,0.01,0.00,0.00,0.00,inferred
Redcar and Cleveland,2021-04-04,0.25,0.09,0.03,0.01,0.00,0.00,0.00,inferred
Redcar and Cleveland,2021-04-05,0.25,0.09,0.03,0.01,0.00,0.00,0.00,inferred
Redcar and Cleveland,2021-04-06,0.41,0.20,0.09,0.03,0.01,0.00,0.00,inferred
Redcar and Cleveland,2021-04-07,0.41,0.20,0.09,0.03,0.01,0.00,0.00,inferred
Redcar and Cleveland,2021-04-08,0.41,0.20,0.09,0.03,0.01,0.00,0.00,inferred
Redcar and Cleveland,2021-04-09,0.41,0.20,0.09,0.03,0.01,0.00,0.00,inferred
Redcar and Cleveland,2021-04-10,0.41,0.20,0.09,0.03,0.01,0.00,0.00,inferred
Redcar and Cleveland,2021-04-11,0.41,0.20,0.09,0.03,0.01,0.00,0.00,inferred
Redcar and Cleveland,2021-04-12,0.41,0.20,0.09,0.03,0.01,0.00,0.00,inferred
Redcar and Cleveland,2021-04-13,0.55,0.34,0.16,0.07,0.03,0.00,0.00,inferred
Redcar and Cleveland,2021-04-14,0.55,0.34,0.16,0.07,0.03,0.00,0.00,inferred
Redcar and Cleveland,2021-04-15,0.55,0.34,0.16,0.07,0.03,0.00,0.00,inferred
Redcar and Cleveland,2021-04-16,0.55,0.34,0.16,0.07,0.03,0.00,0.00,inferred
Redcar and Cleveland,2021-04-17,0.55,0.34,0.16,0.07,0.03,0.00,0.00,inferred
Redcar and Cleveland,2021-04-18,0.55,0.34,0.16,0.07,0.03,0.00,0.00,inferred
Redcar and Cleveland,2021-04-19,0.55,0.34,0.16,0.07,0.03,0.00,0.00,inferred
Redcar and Cleveland,2021-04-20,0.72,0.54,0.35,0.19,0.10,0.01,0.00,inferred
Redcar and Cleveland,2021-04-21,0.72,0.54,0.35,0.19,0.10,0.01,0.00,inferred
Redcar and Cleveland,2021-04-22,0.72,0.54,0.35,0.19,0.10,0.01,0.00,inferred
Redcar and Cleveland,2021-04-23,0.72,0.54,0.35,0.19,0.10,0.01,0.00,inferred
Redcar and Cleveland,2021-04-24,0.72,0.54,0.35,0.19,0.10,0.01,0.00,inferred
Redcar and Cleveland,2021-04-25,0.72,0.54,0.35,0.19,0.10,0.01,0.00,inferred
Redcar and Cleveland,2021-04-26,0.72,0.54,0.35,0.19,0.10,0.01,0.00,inferred
Redcar and Cleveland,2021-04-27,0.88,0.74,0.58,0.39,0.24,0.03,0.00,inferred
Redcar and Cleveland,2021-04-28,0.88,0.74,0.58,0.39,0.24,0.03,0.00,inferred
Redcar and Cleveland,2021-04-29,0.88,0.74,0.58,0.39,0.24,0.03,0.00,inferred
Redcar and Cleveland,2021-04-30,0.88,0.74,0.58,0.39,0.24,0.03,0.00,inferred
Redcar and Cleveland,2021-05-01,0.88,0.74,0.58,0.39,0.24,0.03,0.00,inferred
Redcar and Cleveland,2021-05-02,0.88,0.74,0.58,0.39,0.24,0.03,0.00,inferred
Redcar and Cleveland,2021-05-03,0.88,0.74,0.58,0.39,0.24,0.03,0.00,inferred
Redcar and Cleveland,2021-05-04,0.67,0.47,0.30,0.18,0.09,0.01,0.00,inferred
Redcar and Cleveland,2021-05-05,0.67,0.47,0.30,0.18,0.09,0.01,0.00,inferred
Redcar and Cleveland,2021-05-06,0.67,0.47,0.30,0.18,0.09,0.01,0.00,inferred
Redcar and Cleveland,2021-05-07,0.67,0.47,0.30,0.18,0.09,0.01,0.00,inferred
Redcar and Cleveland,2021-05-08,0.67,0.47,0.30,0.18,0.09,0.01,0.00,inferred
Redcar and Cleveland,2021-05-09,0.67,0.47,0.30,0.18,0.09,0.01,0.00,inferred
Redcar and Cleveland,2021-05-10,0.67,0.47,0.30,0.18,0.09,0.01,0.00,inferred
Redcar and Cleveland,2021-05-11,0.83,0.67,0.50,0.33,0.21,0.03,0.00,inferred
Redcar and Cleveland,2021-05-12,0.83,0.67,0.50,0.33,0.21,0.03,0.00,inferred
Redcar and Cleveland,2021-05-13,0.83,0.67,0.50,0.33,0.21,0.03,0.00,inferred
Redcar and Cleveland,2021-05-14,0.83,0.67,0.50,0.33,0.21,0.03,0.00,inferred
Redcar and Cleveland,2021-05-15,0.83,0.67,0.50,0.33,0.21,0.03,0.00,inferred
Redcar and Cleveland,2021-05-16,0.83,0.67,0.50,0.33,0.21,0.03,0.00,inferred
Redcar and Cleveland,2021-05-17,0.83,0.67,0.50,0.33,0.21,0.03,0.00,inferred
Redcar and Cleveland,2021-05-18,0.87,0.74,0.56,0.38,0.24,0.04,0.00,inferred
Redcar and Cleveland,2021-05-19,0.87,0.74,0.56,0.38,0.24,0.04,0.00,inferred
Redcar and Cleveland,2021-05-20,0.87,0.74,0.56,0.38,0.24,0.04,0.00,inferred
Redcar and Cleveland,2021-05-21,0.87,0.74,0.56,0.38,0.24,0.04,0.00,inferred
Redcar and Cleveland,2021-05-22,0.87,0.74,0.56,0.38,0.24,0.04,0.00,inferred
Redcar and Cleveland,2021-05-23,0.87,0.74,0.56,0.38,0.24,0.04,0.00,inferred
Redcar and Cleveland,2021-05-24,0.87,0.74,0.56,0.38,0.24,0.04,0.00,inferred
Redcar and Cleveland,2021-05-25,0.98,0.96,0.90,0.81,0.68,0.26,0.01,inferred
Redcar and Cleveland,2021-05-26,0.98,0.96,0.90,0.81,0.68,0.26,0.01,inferred
Redcar and Cleveland,2021-05-27,0.98,0.96,0.90,0.81,0.68,0.26,0.01,inferred
Redcar and Cleveland,2021-05-28,0.98,0.96,0.90,0.81,0.68,0.26,0.01,inferred
Redcar and Cleveland,2021-05-29,0.98,0.96,0.90,0.81,0.68,0.26,0.01,inferred
Redcar and Cleveland,2021-05-30,0.98,0.96,0.90,0.81,0.68,0.26,0.01,inferred
Redcar and Cleveland,2021-05-31,0.98,0.96,0.90,0.81,0.68,0.26,0.01,inferred
Redcar and Cleveland,2021-06-01,1.00,1.00,1.00,1.00,0.99,0.91,0.43,inferred
Redcar and Cleveland,2021-06-02,1.00,1.00,1.00,1.00,0.99,0.91,0.43,inferred
Redcar and Cleveland,2021-06-03,1.00,1.00,1.00,1.00,0.99,0.91,0.43,inferred
Redcar and Cleveland,2021-06-04,1.00,1.00,1.00,1.00,0.99,0.91,0.43,inferred
Redcar and Cleveland,2021-06-05,1.00,1.00,1.00,1.00,0.99,0.91,0.43,inferred
Redcar and Cleveland,2021-06-06,1.00,1.00,1.00,1.00,0.99,0.91,0.43,inferred
Redcar and Cleveland,2021-06-07,1.00,1.00,1.00,1.00,0.99,0.91,0.43,inferred
Redcar and Cleveland,2021-06-08,1.00,1.00,1.00,1.00,1.00,0.95,0.51,inferred
Redcar and Cleveland,2021-06-09,1.00,1.00,1.00,1.00,1.00,0.95,0.51,inferred
Redcar and Cleveland,2021-06-10,1.00,1.00,1.00,1.00,1.00,0.95,0.51,inferred
Redcar and Cleveland,2021-06-11,1.00,1.00,1.00,1.00,1.00,0.95,0.51,inferred
Redcar and Cleveland,2021-06-12,1.00,1.00,1.00,1.00,1.00,0.95,0.51,inferred
Redcar and Cleveland,2021-06-13,1.00,1.00,1.00,1.00,1.00,0.95,0.51,inferred
Redcar and Cleveland,2021-06-14,1.00,1.00,1.00,1.00,1.00,0.95,0.51,inferred
Redcar and Cleveland,2021-06-15,1.00,1.00,1.00,1.00,1.00,1.00,0.98,inferred
Redcar and Cleveland,2021-06-16,1.00,1.00,1.00,1.00,1.00,1.00,0.98,inferred
Redcar and Cleveland,2021-06-17,1.00,1.00,1.00,1.00,1.00,1.00,0.98,inferred
Redcar and Cleveland,2021-06-18,1.00,1.00,1.00,1.00,1.00,1.00,0.98,inferred
Redcar and Cleveland,2021-06-19,1.00,1.00,1.00,1.00,1.00,1.00,0.98,inferred
Redcar and Cleveland,2021-06-20,1.00,1.00,1.00,1.00,1.00,1.00,0.98,inferred
Redcar and Cleveland,2021-06-21,1.00,1.00,1.00,1.00,1.00,1.00,0.98,inferred
Redcar and Cleveland,2021-06-22,1.00,1.00,1.00,1.00,1.00,0.99,0.77,inferred
Redcar and Cleveland,2021-06-23,1.00,1.00,1.00,1.00,1.00,0.99,0.77,inferred
Redcar and Cleveland,2021-06-24,1.00,1.00,1.00,1.00,1.00,0.99,0.77,inferred
Redcar and Cleveland,2021-06-25,1.00,1.00,1.00,1.00,1.00,0.99,0.77,inferred
Redcar and Cleveland,2021-06-26,1.00,1.00,1.00,1.00,1.00,0.99,0.77,inferred
Redcar and Cleveland,2021-06-27,1.00,1.00,1.00,1.00,1.00,0.99,0.77,inferred
Redcar and Cleveland,2021-06-28,1.00,1.00,1.00,1.00,1.00,0.99,0.77,inferred
Redcar and Cleveland,2021-06-29,1.00,1.00,1.00,1.00,0.99,0.90,0.44,inferred
Redcar and Cleveland,2021-06-30,1.00,1.00,1.00,1.00,0.99,0.90,0.44,inferred
Redcar and Cleveland,2021-07-01,1.00,1.00,1.00,1.00,0.99,0.90,0.44,inferred
Redcar and Cleveland,2021-07-02,1.00,1.00,1.00,1.00,0.99,0.90,0.44,inferred
Redcar and Cleveland,2021-07-03,1.00,1.00,1.00,1.00,0.99,0.90,0.44,inferred
Redcar and Cleveland,2021-07-04,1.00,1.00,1.00,1.00,0.99,0.90,0.44,inferred
Redcar and Cleveland,2021-07-05,1.00,1.00,1.00,1.00,0.99,0.90,0.44,inferred
Redcar and Cleveland,2021-07-06,1.00,1.00,0.99,0.97,0.94,0.76,0.38,projected
Redcar and Cleveland,2021-07-07,1.00,1.00,0.99,0.97,0.94,0.76,0.38,projected
Redcar and Cleveland,2021-07-08,1.00,1.00,0.99,0.97,0.94,0.76,0.38,projected
Redcar and Cleveland,2021-07-09,1.00,1.00,0.99,0.97,0.94,0.76,0.38,projected
Redcar and Cleveland,2021-07-10,1.00,1.00,0.99,0.97,0.94,0.76,0.38,projected
Redcar and Cleveland,2021-07-11,1.00,1.00,0.99,0.97,0.94,0.76,0.38,projected
Redcar and Cleveland,2021-07-12,1.00,1.00,0.99,0.97,0.94,0.76,0.38,projected
Redcar and Cleveland,2021-07-13,1.00,0.98,0.97,0.93,0.89,0.67,0.37,projected
Redcar and Cleveland,2021-07-14,1.00,0.98,0.97,0.93,0.89,0.67,0.37,projected
Redcar and Cleveland,2021-07-15,1.00,0.98,0.97,0.93,0.89,0.67,0.37,projected
Redcar and Cleveland,2021-07-16,1.00,0.98,0.97,0.93,0.89,0.67,0.37,projected
Redcar and Cleveland,2021-07-17,1.00,0.98,0.97,0.93,0.89,0.67,0.37,projected
Redcar and Cleveland,2021-07-18,1.00,0.98,0.97,0.93,0.89,0.67,0.37,projected
Redcar and Cleveland,2021-07-19,1.00,0.98,0.97,0.93,0.89,0.67,0.37,projected
Redcar and Cleveland,2021-07-20,0.98,0.96,0.93,0.89,0.83,0.66,0.37,projected
Redcar and Cleveland,2021-07-21,0.98,0.96,0.93,0.89,0.83,0.66,0.37,projected
Redcar and Cleveland,2021-07-22,0.98,0.96,0.93,0.89,0.83,0.66,0.37,projected
Redcar and Cleveland,2021-07-23,0.98,0.96,0.93,0.89,0.83,0.66,0.37,projected
Redcar and Cleveland,2021-07-24,0.98,0.96,0.93,0.89,0.83,0.66,0.37,projected
Redcar and Cleveland,2021-07-25,0.98,0.96,0.93,0.89,0.83,0.66,0.37,projected
Redcar and Cleveland,2021-07-26,0.98,0.96,0.93,0.89,0.83,0.66,0.37,projected
Redditch,2021-03-23,0.00,0.00,0.00,0.00,0.00,0.00,0.00,inferred
Redditch,2021-03-24,0.00,0.00,0.00,0.00,0.00,0.00,0.00,inferred
Redditch,2021-03-25,0.00,0.00,0.00,0.00,0.00,0.00,0.00,inferred
Redditch,2021-03-26,0.00,0.00,0.00,0.00,0.00,0.00,0.00,inferred
Redditch,2021-03-27,0.00,0.00,0.00,0.00,0.00,0.00,0.00,inferred
Redditch,2021-03-28,0.00,0.00,0.00,0.00,0.00,0.00,0.00,inferred
Redditch,2021-03-29,0.00,0.00,0.00,0.00,0.00,0.00,0.00,inferred
Redditch,2021-03-30,0.01,0.00,0.00,0.00,0.00,0.00,0.00,inferred
Redditch,2021-03-31,0.01,0.00,0.00,0.00,0.00,0.00,0.00,inferred
Redditch,2021-04-01,0.01,0.00,0.00,0.00,0.00,0.00,0.00,inferred
Redditch,2021-04-02,0.01,0.00,0.00,0.00,0.00,0.00,0.00,inferred
Redditch,2021-04-03,0.01,0.00,0.00,0.00,0.00,0.00,0.00,inferred
Redditch,2021-04-04,0.01,0.00,0.00,0.00,0.00,0.00,0.00,inferred
Redditch,2021-04-05,0.01,0.00,0.00,0.00,0.00,0.00,0.00,inferred
Redditch,2021-04-06,0.16,0.07,0.03,0.02,0.01,0.00,0.00,inferred
Redditch,2021-04-07,0.16,0.07,0.03,0.02,0.01,0.00,0.00,inferred
Redditch,2021-04-08,0.16,0.07,0.03,0.02,0.01,0.00,0.00,inferred
Redditch,2021-04-09,0.16,0.07,0.03,0.02,0.01,0.00,0.00,inferred
Redditch,2021-04-10,0.16,0.07,0.03,0.02,0.01,0.00,0.00,inferred
Redditch,2021-04-11,0.16,0.07,0.03,0.02,0.01,0.00,0.00,inferred
Redditch,2021-04-12,0.16,0.07,0.03,0.02,0.01,0.00,0.00,inferred
Redditch,2021-04-13,0.56,0.37,0.21,0.10,0.05,0.00,0.00,inferred
Redditch,2021-04-14,0.56,0.37,0.21,0.10,0.05,0.00,0.00,inferred
Redditch,2021-04-15,0.56,0.37,0.21,0.10,0.05,0.00,0.00,inferred
Redditch,2021-04-16,0.56,0.37,0.21,0.10,0.05,0.00,0.00,inferred
Redditch,2021-04-17,0.56,0.37,0.21,0.10,0.05,0.00,0.00,inferred
Redditch,2021-04-18,0.56,0.37,0.21,0.10,0.05,0.00,0.00,inferred
Redditch,2021-04-19,0.56,0.37,0.21,0.10,0.05,0.00,0.00,inferred
Redditch,2021-04-20,0.54,0.35,0.20,0.11,0.04,0.00,0.00,inferred
Redditch,2021-04-21,0.54,0.35,0.20,0.11,0.04,0.00,0.00,inferred
Redditch,2021-04-22,0.54,0.35,0.20,0.11,0.04,0.00,0.00,inferred
Redditch,2021-04-23,0.54,0.35,0.20,0.11,0.04,0.00,0.00,inferred
Redditch,2021-04-24,0.54,0.35,0.20,0.11,0.04,0.00,0.00,inferred
Redditch,2021-04-25,0.54,0.35,0.20,0.11,0.04,0.00,0.00,inferred
Redditch,2021-04-26,0.54,0.35,0.20,0.11,0.04,0.00,0.00,inferred
Redditch,2021-04-27,0.65,0.45,0.30,0.17,0.10,0.01,0.00,inferred
Redditch,2021-04-28,0.65,0.45,0.30,0.17,0.10,0.01,0.00,inferred
Redditch,2021-04-29,0.65,0.45,0.30,0.17,0.10,0.01,0.00,inferred
Redditch,2021-04-30,0.65,0.45,0.30,0.17,0.10,0.01,0.00,inferred
Redditch,2021-05-01,0.65,0.45,0.30,0.17,0.10,0.01,0.00,inferred
Redditch,2021-05-02,0.65,0.45,0.30,0.17,0.10,0.01,0.00,inferred
Redditch,2021-05-03,0.65,0.45,0.30,0.17,0.10,0.01,0.00,inferred
Redditch,2021-05-04,0.82,0.70,0.57,0.43,0.29,0.06,0.00,inferred
Redditch,2021-05-05,0.82,0.70,0.57,0.43,0.29,0.06,0.00,inferred
Redditch,2021-05-06,0.82,0.70,0.57,0.43,0.29,0.06,0.00,inferred
Redditch,2021-05-07,0.82,0.70,0.57,0.43,0.29,0.06,0.00,inferred
Redditch,2021-05-08,0.82,0.70,0.57,0.43,0.29,0.06,0.00,inferred
Redditch,2021-05-09,0.82,0.70,0.57,0.43,0.29,0.06,0.00,inferred
Redditch,2021-05-10,0.82,0.70,0.57,0.43,0.29,0.06,0.00,inferred
Redditch,2021-05-11,0.98,0.95,0.90,0.83,0.73,0.35,0.04,inferred
Redditch,2021-05-12,0.98,0.95,0.90,0.83,0.73,0.35,0.04,inferred
Redditch,2021-05-13,0.98,0.95,0.90,0.83,0.73,0.35,0.04,inferred
Redditch,2021-05-14,0.98,0.95,0.90,0.83,0.73,0.35,0.04,inferred
Redditch,2021-05-15,0.98,0.95,0.90,0.83,0.73,0.35,0.04,inferred
Redditch,2021-05-16,0.98,0.95,0.90,0.83,0.73,0.35,0.04,inferred
Redditch,2021-05-17,0.98,0.95,0.90,0.83,0.73,0.35,0.04,inferred
Redditch,2021-05-18,1.00,1.00,1.00,0.99,0.98,0.81,0.24,inferred
Redditch,2021-05-19,1.00,1.00,1.00,0.99,0.98,0.81,0.24,inferred
Redditch,2021-05-20,1.00,1.00,1.00,0.99,0.98,0.81,0.24,inferred
Redditch,2021-05-21,1.00,1.00,1.00,0.99,0.98,0.81,0.24,inferred
Redditch,2021-05-22,1.00,1.00,1.00,0.99,0.98,0.81,0.24,inferred
Redditch,2021-05-23,1.00,1.00,1.00,0.99,0.98,0.81,0.24,inferred
Redditch,2021-05-24,1.00,1.00,1.00,0.99,0.98,0.81,0.24,inferred
Redditch,2021-05-25,1.00,0.99,0.96,0.89,0.79,0.37,0.03,inferred
Redditch,2021-05-26,1.00,0.99,0.96,0.89,0.79,0.37,0.03,inferred
Redditch,2021-05-27,1.00,0.99,0.96,0.89,0.79,0.37,0.03,inferred
Redditch,2021-05-28,1.00,0.99,0.96,0.89,0.79,0.37,0.03,inferred
Redditch,2021-05-29,1.00,0.99,0.96,0.89,0.79,0.37,0.03,inferred
Redditch,2021-05-30,1.00,0.99,0.96,0.89,0.79,0.37,0.03,inferred
Redditch,2021-05-31,1.00,0.99,0.96,0.89,0.79,0.37,0.03,inferred
Redditch,2021-06-01,0.51,0.29,0.13,0.06,0.02,0.00,0.00,inferred
Redditch,2021-06-02,0.51,0.29,0.13,0.06,0.02,0.00,0.00,inferred
Redditch,2021-06-03,0.51,0.29,0.13,0.06,0.02,0.00,0.00,inferred
Redditch,2021-06-04,0.51,0.29,0.13,0.06,0.02,0.00,0.00,inferred
Redditch,2021-06-05,0.51,0.29,0.13,0.06,0.02,0.00,0.00,inferred
Redditch,2021-06-06,0.51,0.29,0.13,0.06,0.02,0.00,0.00,inferred
Redditch,2021-06-07,0.51,0.29,0.13,0.06,0.02,0.00,0.00,inferred
Redditch,2021-06-08,0.93,0.84,0.69,0.51,0.34,0.04,0.00,inferred
Redditch,2021-06-09,0.93,0.84,0.69,0.51,0.34,0.04,0.00,inferred
Redditch,2021-06-10,0.93,0.84,0.69,0.51,0.34,0.04,0.00,inferred
Redditch,2021-06-11,0.93,0.84,0.69,0.51,0.34,0.04,0.00,inferred
Redditch,2021-06-12,0.93,0.84,0.69,0.51,0.34,0.04,0.00,inferred
Redditch,2021-06-13,0.93,0.84,0.69,0.51,0.34,0.04,0.00,inferred
Redditch,2021-06-14,0.93,0.84,0.69,0.51,0.34,0.04,0.00,inferred
Redditch,2021-06-15,1.00,1.00,1.00,1.00,1.00,0.98,0.52,inferred
Redditch,2021-06-16,1.00,1.00,1.00,1.00,1.00,0.98,0.52,inferred
Redditch,2021-06-17,1.00,1.00,1.00,1.00,1.00,0.98,0.52,inferred
Redditch,2021-06-18,1.00,1.00,1.00,1.00,1.00,0.98,0.52,inferred
Redditch,2021-06-19,1.00,1.00,1.00,1.00,1.00,0.98,0.52,inferred
Redditch,2021-06-20,1.00,1.00,1.00,1.00,1.00,0.98,0.52,inferred
Redditch,2021-06-21,1.00,1.00,1.00,1.00,1.00,0.98,0.52,inferred
Redditch,2021-06-22,1.00,1.00,1.00,1.00,1.00,1.00,0.85,inferred
Redditch,2021-06-23,1.00,1.00,1.00,1.00,1.00,1.00,0.85,inferred
Redditch,2021-06-24,1.00,1.00,1.00,1.00,1.00,1.00,0.85,inferred
Redditch,2021-06-25,1.00,1.00,1.00,1.00,1.00,1.00,0.85,inferred
Redditch,2021-06-26,1.00,1.00,1.00,1.00,1.00,1.00,0.85,inferred
Redditch,2021-06-27,1.00,1.00,1.00,1.00,1.00,1.00,0.85,inferred
Redditch,2021-06-28,1.00,1.00,1.00,1.00,1.00,1.00,0.85,inferred
Redditch,2021-06-29,1.00,0.99,0.97,0.93,0.86,0.51,0.09,inferred
Redditch,2021-06-30,1.00,0.99,0.97,0.93,0.86,0.51,0.09,inferred
Redditch,2021-07-01,1.00,0.99,0.97,0.93,0.86,0.51,0.09,inferred
Redditch,2021-07-02,1.00,0.99,0.97,0.93,0.86,0.51,0.09,inferred
Redditch,2021-07-03,1.00,0.99,0.97,0.93,0.86,0.51,0.09,inferred
Redditch,2021-07-04,1.00,0.99,0.97,0.93,0.86,0.51,0.09,inferred
Redditch,2021-07-05,1.00,0.99,0.97,0.93,0.86,0.51,0.09,inferred
Redditch,2021-07-06,0.98,0.95,0.89,0.83,0.73,0.43,0.14,projected
Redditch,2021-07-07,0.98,0.95,0.89,0.83,0.73,0.43,0.14,projected
Redditch,2021-07-08,0.98,0.95,0.89,0.83,0.73,0.43,0.14,projected
Redditch,2021-07-09,0.98,0.95,0.89,0.83,0.73,0.43,0.14,projected
Redditch,2021-07-10,0.98,0.95,0.89,0.83,0.73,0.43,0.14,projected
Redditch,2021-07-11,0.98,0.95,0.89,0.83,0.73,0.43,0.14,projected
Redditch,2021-07-12,0.98,0.95,0.89,0.83,0.73,0.43,0.14,projected
Redditch,2021-07-13,0.95,0.92,0.86,0.78,0.69,0.41,0.14,projected
Redditch,2021-07-14,0.95,0.92,0.86,0.78,0.69,0.41,0.14,projected
Redditch,2021-07-15,0.95,0.92,0.86,0.78,0.69,0.41,0.14,projected
Redditch,2021-07-16,0.95,0.92,0.86,0.78,0.69,0.41,0.14,projected
Redditch,2021-07-17,0.95,0.92,0.86,0.78,0.69,0.41,0.14,projected
Redditch,2021-07-18,0.95,0.92,0.86,0.78,0.69,0.41,0.14,projected
Redditch,2021-07-19,0.95,0.92,0.86,0.78,0.69,0.41,0.14,projected
Redditch,2021-07-20,0.95,0.90,0.83,0.74,0.66,0.42,0.16,projected
Redditch,2021-07-21,0.95,0.90,0.83,0.74,0.66,0.42,0.16,projected
Redditch,2021-07-22,0.95,0.90,0.83,0.74,0.66,0.42,0.16,projected
Redditch,2021-07-23,0.95,0.90,0.83,0.74,0.66,0.42,0.16,projected
Redditch,2021-07-24,0.95,0.90,0.83,0.74,0.66,0.42,0.16,projected
Redditch,2021-07-25,0.95,0.90,0.83,0.74,0.66,0.42,0.16,projected
Redditch,2021-07-26,0.95,0.90,0.83,0.74,0.66,0.42,0.16,projected
Reigate and Banstead,2021-03-23,0.11,0.03,0.01,0.00,0.00,0.00,0.00,inferred
Reigate and Banstead,2021-03-24,0.11,0.03,0.01,0.00,0.00,0.00,0.00,inferred
Reigate and Banstead,2021-03-25,0.11,0.03,0.01,0.00,0.00,0.00,0.00,inferred
Reigate and Banstead,2021-03-26,0.11,0.03,0.01,0.00,0.00,0.00,0.00,inferred
Reigate and Banstead,2021-03-27,0.11,0.03,0.01,0.00,0.00,0.00,0.00,inferred
Reigate and Banstead,2021-03-28,0.11,0.03,0.01,0.00,0.00,0.00,0.00,inferred
Reigate and Banstead,2021-03-29,0.11,0.03,0.01,0.00,0.00,0.00,0.00,inferred
Reigate and Banstead,2021-03-30,0.42,0.22,0.09,0.03,0.01,0.00,0.00,inferred
Reigate and Banstead,2021-03-31,0.42,0.22,0.09,0.03,0.01,0.00,0.00,inferred
Reigate and Banstead,2021-04-01,0.42,0.22,0.09,0.03,0.01,0.00,0.00,inferred
Reigate and Banstead,2021-04-02,0.42,0.22,0.09,0.03,0.01,0.00,0.00,inferred
Reigate and Banstead,2021-04-03,0.42,0.22,0.09,0.03,0.01,0.00,0.00,inferred
Reigate and Banstead,2021-04-04,0.42,0.22,0.09,0.03,0.01,0.00,0.00,inferred
Reigate and Banstead,2021-04-05,0.42,0.22,0.09,0.03,0.01,0.00,0.00,inferred
Reigate and Banstead,2021-04-06,0.81,0.66,0.49,0.32,0.19,0.02,0.00,inferred
Reigate and Banstead,2021-04-07,0.81,0.66,0.49,0.32,0.19,0.02,0.00,inferred
Reigate and Banstead,2021-04-08,0.81,0.66,0.49,0.32,0.19,0.02,0.00,inferred
Reigate and Banstead,2021-04-09,0.81,0.66,0.49,0.32,0.19,0.02,0.00,inferred
Reigate and Banstead,2021-04-10,0.81,0.66,0.49,0.32,0.19,0.02,0.00,inferred
Reigate and Banstead,2021-04-11,0.81,0.66,0.49,0.32,0.19,0.02,0.00,inferred
Reigate and Banstead,2021-04-12,0.81,0.66,0.49,0.32,0.19,0.02,0.00,inferred
Reigate and Banstead,2021-04-13,0.89,0.75,0.60,0.43,0.27,0.03,0.00,inferred
Reigate and Banstead,2021-04-14,0.89,0.75,0.60,0.43,0.27,0.03,0.00,inferred
Reigate and Banstead,2021-04-15,0.89,0.75,0.60,0.43,0.27,0.03,0.00,inferred
Reigate and Banstead,2021-04-16,0.89,0.75,0.60,0.43,0.27,0.03,0.00,inferred
Reigate and Banstead,2021-04-17,0.89,0.75,0.60,0.43,0.27,0.03,0.00,inferred
Reigate and Banstead,2021-04-18,0.89,0.75,0.60,0.43,0.27,0.03,0.00,inferred
Reigate and Banstead,2021-04-19,0.89,0.75,0.60,0.43,0.27,0.03,0.00,inferred
Reigate and Banstead,2021-04-20,0.85,0.71,0.51,0.32,0.20,0.02,0.00,inferred
Reigate and Banstead,2021-04-21,0.85,0.71,0.51,0.32,0.20,0.02,0.00,inferred
Reigate and Banstead,2021-04-22,0.85,0.71,0.51,0.32,0.20,0.02,0.00,inferred
Reigate and Banstead,2021-04-23,0.85,0.71,0.51,0.32,0.20,0.02,0.00,inferred
Reigate and Banstead,2021-04-24,0.85,0.71,0.51,0.32,0.20,0.02,0.00,inferred
Reigate and Banstead,2021-04-25,0.85,0.71,0.51,0.32,0.20,0.02,0.00,inferred
Reigate and Banstead,2021-04-26,0.85,0.71,0.51,0.32,0.20,0.02,0.00,inferred
Reigate and Banstead,2021-04-27,0.75,0.58,0.38,0.24,0.14,0.01,0.00,inferred
Reigate and Banstead,2021-04-28,0.75,0.58,0.38,0.24,0.14,0.01,0.00,inferred
Reigate and Banstead,2021-04-29,0.75,0.58,0.38,0.24,0.14,0.01,0.00,inferred
Reigate and Banstead,2021-04-30,0.75,0.58,0.38,0.24,0.14,0.01,0.00,inferred
Reigate and Banstead,2021-05-01,0.75,0.58,0.38,0.24,0.14,0.01,0.00,inferred
Reigate and Banstead,2021-05-02,0.75,0.58,0.38,0.24,0.14,0.01,0.00,inferred
Reigate and Banstead,2021-05-03,0.75,0.58,0.38,0.24,0.14,0.01,0.00,inferred
Reigate and Banstead,2021-05-04,0.98,0.92,0.86,0.74,0.57,0.17,0.01,inferred
Reigate and Banstead,2021-05-05,0.98,0.92,0.86,0.74,0.57,0.17,0.01,inferred
Reigate and Banstead,2021-05-06,0.98,0.92,0.86,0.74,0.57,0.17,0.01,inferred
Reigate and Banstead,2021-05-07,0.98,0.92,0.86,0.74,0.57,0.17,0.01,inferred
Reigate and Banstead,2021-05-08,0.98,0.92,0.86,0.74,0.57,0.17,0.01,inferred
Reigate and Banstead,2021-05-09,0.98,0.92,0.86,0.74,0.57,0.17,0.01,inferred
Reigate and Banstead,2021-05-10,0.98,0.92,0.86,0.74,0.57,0.17,0.01,inferred
Reigate and Banstead,2021-05-11,1.00,1.00,1.00,1.00,1.00,0.99,0.72,inferred
Reigate and Banstead,2021-05-12,1.00,1.00,1.00,1.00,1.00,0.99,0.72,inferred
Reigate and Banstead,2021-05-13,1.00,1.00,1.00,1.00,1.00,0.99,0.72,inferred
Reigate and Banstead,2021-05-14,1.00,1.00,1.00,1.00,1.00,0.99,0.72,inferred
Reigate and Banstead,2021-05-15,1.00,1.00,1.00,1.00,1.00,0.99,0.72,inferred
Reigate and Banstead,2021-05-16,1.00,1.00,1.00,1.00,1.00,0.99,0.72,inferred
Reigate and Banstead,2021-05-17,1.00,1.00,1.00,1.00,1.00,0.99,0.72,inferred
Reigate and Banstead,2021-05-18,1.00,1.00,1.00,1.00,1.00,0.95,0.58,inferred
Reigate and Banstead,2021-05-19,1.00,1.00,1.00,1.00,1.00,0.95,0.58,inferred
Reigate and Banstead,2021-05-20,1.00,1.00,1.00,1.00,1.00,0.95,0.58,inferred
Reigate and Banstead,2021-05-21,1.00,1.00,1.00,1.00,1.00,0.95,0.58,inferred
Reigate and Banstead,2021-05-22,1.00,1.00,1.00,1.00,1.00,0.95,0.58,inferred
Reigate and Banstead,2021-05-23,1.00,1.00,1.00,1.00,1.00,0.95,0.58,inferred
Reigate and Banstead,2021-05-24,1.00,1.00,1.00,1.00,1.00,0.95,0.58,inferred
Reigate and Banstead,2021-05-25,1.00,1.00,0.99,0.93,0.80,0.28,0.01,inferred
Reigate and Banstead,2021-05-26,1.00,1.00,0.99,0.93,0.80,0.28,0.01,inferred
Reigate and Banstead,2021-05-27,1.00,1.00,0.99,0.93,0.80,0.28,0.01,inferred
Reigate and Banstead,2021-05-28,1.00,1.00,0.99,0.93,0.80,0.28,0.01,inferred
Reigate and Banstead,2021-05-29,1.00,1.00,0.99,0.93,0.80,0.28,0.01,inferred
Reigate and Banstead,2021-05-30,1.00,1.00,0.99,0.93,0.80,0.28,0.01,inferred
Reigate and Banstead,2021-05-31,1.00,1.00,0.99,0.93,0.80,0.28,0.01,inferred
Reigate and Banstead,2021-06-01,0.44,0.16,0.03,0.00,0.00,0.00,0.00,inferred
Reigate and Banstead,2021-06-02,0.44,0.16,0.03,0.00,0.00,0.00,0.00,inferred
Reigate and Banstead,2021-06-03,0.44,0.16,0.03,0.00,0.00,0.00,0.00,inferred
Reigate and Banstead,2021-06-04,0.44,0.16,0.03,0.00,0.00,0.00,0.00,inferred
Reigate and Banstead,2021-06-05,0.44,0.16,0.03,0.00,0.00,0.00,0.00,inferred
Reigate and Banstead,2021-06-06,0.44,0.16,0.03,0.00,0.00,0.00,0.00,inferred
Reigate and Banstead,2021-06-07,0.44,0.16,0.03,0.00,0.00,0.00,0.00,inferred
Reigate and Banstead,2021-06-08,0.59,0.26,0.06,0.01,0.00,0.00,0.00,inferred
Reigate and Banstead,2021-06-09,0.59,0.26,0.06,0.01,0.00,0.00,0.00,inferred
Reigate and Banstead,2021-06-10,0.59,0.26,0.06,0.01,0.00,0.00,0.00,inferred
Reigate and Banstead,2021-06-11,0.59,0.26,0.06,0.01,0.00,0.00,0.00,inferred
Reigate and Banstead,2021-06-12,0.59,0.26,0.06,0.01,0.00,0.00,0.00,inferred
Reigate and Banstead,2021-06-13,0.59,0.26,0.06,0.01,0.00,0.00,0.00,inferred
Reigate and Banstead,2021-06-14,0.59,0.26,0.06,0.01,0.00,0.00,0.00,inferred
Reigate and Banstead,2021-06-15,1.00,1.00,1.00,1.00,1.00,0.89,0.05,inferred
Reigate and Banstead,2021-06-16,1.00,1.00,1.00,1.00,1.00,0.89,0.05,inferred
Reigate and Banstead,2021-06-17,1.00,1.00,1.00,1.00,1.00,0.89,0.05,inferred
Reigate and Banstead,2021-06-18,1.00,1.00,1.00,1.00,1.00,0.89,0.05,inferred
Reigate and Banstead,2021-06-19,1.00,1.00,1.00,1.00,1.00,0.89,0.05,inferred
Reigate and Banstead,2021-06-20,1.00,1.00,1.00,1.00,1.00,0.89,0.05,inferred
Reigate and Banstead,2021-06-21,1.00,1.00,1.00,1.00,1.00,0.89,0.05,inferred
Reigate and Banstead,2021-06-22,1.00,1.00,1.00,1.00,1.00,0.92,0.24,inferred
Reigate and Banstead,2021-06-23,1.00,1.00,1.00,1.00,1.00,0.92,0.24,inferred
Reigate and Banstead,2021-06-24,1.00,1.00,1.00,1.00,1.00,0.92,0.24,inferred
Reigate and Banstead,2021-06-25,1.00,1.00,1.00,1.00,1.00,0.92,0.24,inferred
Reigate and Banstead,2021-06-26,1.00,1.00,1.00,1.00,1.00,0.92,0.24,inferred
Reigate and Banstead,2021-06-27,1.00,1.00,1.00,1.00,1.00,0.92,0.24,inferred
Reigate and Banstead,2021-06-28,1.00,1.00,1.00,1.00,1.00,0.92,0.24,inferred
Reigate and Banstead,2021-06-29,1.00,1.00,0.98,0.95,0.89,0.49,0.05,inferred
Reigate and Banstead,2021-06-30,1.00,1.00,0.98,0.95,0.89,0.49,0.05,inferred
Reigate and Banstead,2021-07-01,1.00,1.00,0.98,0.95,0.89,0.49,0.05,inferred
Reigate and Banstead,2021-07-02,1.00,1.00,0.98,0.95,0.89,0.49,0.05,inferred
Reigate and Banstead,2021-07-03,1.00,1.00,0.98,0.95,0.89,0.49,0.05,inferred
Reigate and Banstead,2021-07-04,1.00,1.00,0.98,0.95,0.89,0.49,0.05,inferred
Reigate and Banstead,2021-07-05,1.00,1.00,0.98,0.95,0.89,0.49,0.05,inferred
Reigate and Banstead,2021-07-06,0.98,0.95,0.90,0.82,0.73,0.41,0.11,projected
Reigate and Banstead,2021-07-07,0.98,0.95,0.90,0.82,0.73,0.41,0.11,projected
Reigate and Banstead,2021-07-08,0.98,0.95,0.90,0.82,0.73,0.41,0.11,projected
Reigate and Banstead,2021-07-09,0.98,0.95,0.90,0.82,0.73,0.41,0.11,projected
Reigate and Banstead,2021-07-10,0.98,0.95,0.90,0.82,0.73,0.41,0.11,projected
Reigate and Banstead,2021-07-11,0.98,0.95,0.90,0.82,0.73,0.41,0.11,projected
Reigate and Banstead,2021-07-12,0.98,0.95,0.90,0.82,0.73,0.41,0.11,projected
Reigate and Banstead,2021-07-13,0.97,0.93,0.85,0.77,0.67,0.40,0.11,projected
Reigate and Banstead,2021-07-14,0.97,0.93,0.85,0.77,0.67,0.40,0.11,projected
Reigate and Banstead,2021-07-15,0.97,0.93,0.85,0.77,0.67,0.40,0.11,projected
Reigate and Banstead,2021-07-16,0.97,0.93,0.85,0.77,0.67,0.40,0.11,projected
Reigate and Banstead,2021-07-17,0.97,0.93,0.85,0.77,0.67,0.40,0.11,projected
Reigate and Banstead,2021-07-18,0.97,0.93,0.85,0.77,0.67,0.40,0.11,projected
Reigate and Banstead,2021-07-19,0.97,0.93,0.85,0.77,0.67,0.40,0.11,projected
Reigate and Banstead,2021-07-20,0.96,0.91,0.85,0.76,0.67,0.37,0.13,projected
Reigate and Banstead,2021-07-21,0.96,0.91,0.85,0.76,0.67,0.37,0.13,projected
Reigate and Banstead,2021-07-22,0.96,0.91,0.85,0.76,0.67,0.37,0.13,projected
Reigate and Banstead,2021-07-23,0.96,0.91,0.85,0.76,0.67,0.37,0.13,projected
Reigate and Banstead,2021-07-24,0.96,0.91,0.85,0.76,0.67,0.37,0.13,projected
Reigate and Banstead,2021-07-25,0.96,0.91,0.85,0.76,0.67,0.37,0.13,projected
Reigate and Banstead,2021-07-26,0.96,0.91,0.85,0.76,0.67,0.37,0.13,projected
Renfrewshire,2021-03-23,0.41,0.08,0.01,0.00,0.00,0.00,0.00,inferred
Renfrewshire,2021-03-24,0.41,0.08,0.01,0.00,0.00,0.00,0.00,inferred
Renfrewshire,2021-03-25,0.41,0.08,0.01,0.00,0.00,0.00,0.00,inferred
Renfrewshire,2021-03-26,0.41,0.08,0.01,0.00,0.00,0.00,0.00,inferred
Renfrewshire,2021-03-27,0.41,0.08,0.01,0.00,0.00,0.00,0.00,inferred
Renfrewshire,2021-03-28,0.41,0.08,0.01,0.00,0.00,0.00,0.00,inferred
Renfrewshire,2021-03-29,0.41,0.08,0.01,0.00,0.00,0.00,0.00,inferred
Renfrewshire,2021-03-30,0.33,0.10,0.02,0.00,0.00,0.00,0.00,inferred
Renfrewshire,2021-03-31,0.33,0.10,0.02,0.00,0.00,0.00,0.00,inferred
Renfrewshire,2021-04-01,0.33,0.10,0.02,0.00,0.00,0.00,0.00,inferred
Renfrewshire,2021-04-02,0.33,0.10,0.02,0.00,0.00,0.00,0.00,inferred
Renfrewshire,2021-04-03,0.33,0.10,0.02,0.00,0.00,0.00,0.00,inferred
Renfrewshire,2021-04-04,0.33,0.10,0.02,0.00,0.00,0.00,0.00,inferred
Renfrewshire,2021-04-05,0.33,0.10,0.02,0.00,0.00,0.00,0.00,inferred
Renfrewshire,2021-04-06,0.65,0.33,0.11,0.02,0.00,0.00,0.00,inferred
Renfrewshire,2021-04-07,0.65,0.33,0.11,0.02,0.00,0.00,0.00,inferred
Renfrewshire,2021-04-08,0.65,0.33,0.11,0.02,0.00,0.00,0.00,inferred
Renfrewshire,2021-04-09,0.65,0.33,0.11,0.02,0.00,0.00,0.00,inferred
Renfrewshire,2021-04-10,0.65,0.33,0.11,0.02,0.00,0.00,0.00,inferred
Renfrewshire,2021-04-11,0.65,0.33,0.11,0.02,0.00,0.00,0.00,inferred
Renfrewshire,2021-04-12,0.65,0.33,0.11,0.02,0.00,0.00,0.00,inferred
Renfrewshire,2021-04-13,0.19,0.04,0.00,0.00,0.00,0.00,0.00,inferred
Renfrewshire,2021-04-14,0.19,0.04,0.00,0.00,0.00,0.00,0.00,inferred
Renfrewshire,2021-04-15,0.19,0.04,0.00,0.00,0.00,0.00,0.00,inferred
Renfrewshire,2021-04-16,0.19,0.04,0.00,0.00,0.00,0.00,0.00,inferred
Renfrewshire,2021-04-17,0.19,0.04,0.00,0.00,0.00,0.00,0.00,inferred
Renfrewshire,2021-04-18,0.19,0.04,0.00,0.00,0.00,0.00,0.00,inferred
Renfrewshire,2021-04-19,0.19,0.04,0.00,0.00,0.00,0.00,0.00,inferred
Renfrewshire,2021-04-20,0.29,0.09,0.02,0.00,0.00,0.00,0.00,inferred
Renfrewshire,2021-04-21,0.29,0.09,0.02,0.00,0.00,0.00,0.00,inferred
Renfrewshire,2021-04-22,0.29,0.09,0.02,0.00,0.00,0.00,0.00,inferred
Renfrewshire,2021-04-23,0.29,0.09,0.02,0.00,0.00,0.00,0.00,inferred
Renfrewshire,2021-04-24,0.29,0.09,0.02,0.00,0.00,0.00,0.00,inferred
Renfrewshire,2021-04-25,0.29,0.09,0.02,0.00,0.00,0.00,0.00,inferred
Renfrewshire,2021-04-26,0.29,0.09,0.02,0.00,0.00,0.00,0.00,inferred
Renfrewshire,2021-04-27,0.99,0.96,0.88,0.74,0.56,0.10,0.00,inferred
Renfrewshire,2021-04-28,0.99,0.96,0.88,0.74,0.56,0.10,0.00,inferred
Renfrewshire,2021-04-29,0.99,0.96,0.88,0.74,0.56,0.10,0.00,inferred
Renfrewshire,2021-04-30,0.99,0.96,0.88,0.74,0.56,0.10,0.00,inferred
Renfrewshire,2021-05-01,0.99,0.96,0.88,0.74,0.56,0.10,0.00,inferred
Renfrewshire,2021-05-02,0.99,0.96,0.88,0.74,0.56,0.10,0.00,inferred
Renfrewshire,2021-05-03,0.99,0.96,0.88,0.74,0.56,0.10,0.00,inferred
Renfrewshire,2021-05-04,1.00,1.00,1.00,1.00,1.00,0.95,0.48,inferred
Renfrewshire,2021-05-05,1.00,1.00,1.00,1.00,1.00,0.95,0.48,inferred
Renfrewshire,2021-05-06,1.00,1.00,1.00,1.00,1.00,0.95,0.48,inferred
Renfrewshire,2021-05-07,1.00,1.00,1.00,1.00,1.00,0.95,0.48,inferred
Renfrewshire,2021-05-08,1.00,1.00,1.00,1.00,1.00,0.95,0.48,inferred
Renfrewshire,2021-05-09,1.00,1.00,1.00,1.00,1.00,0.95,0.48,inferred
Renfrewshire,2021-05-10,1.00,1.00,1.00,1.00,1.00,0.95,0.48,inferred
Renfrewshire,2021-05-11,1.00,1.00,1.00,0.99,0.97,0.65,0.06,inferred
Renfrewshire,2021-05-12,1.00,1.00,1.00,0.99,0.97,0.65,0.06,inferred
Renfrewshire,2021-05-13,1.00,1.00,1.00,0.99,0.97,0.65,0.06,inferred
Renfrewshire,2021-05-14,1.00,1.00,1.00,0.99,0.97,0.65,0.06,inferred
Renfrewshire,2021-05-15,1.00,1.00,1.00,0.99,0.97,0.65,0.06,inferred
Renfrewshire,2021-05-16,1.00,1.00,1.00,0.99,0.97,0.65,0.06,inferred
Renfrewshire,2021-05-17,1.00,1.00,1.00,0.99,0.97,0.65,0.06,inferred
Renfrewshire,2021-05-18,1.00,0.98,0.89,0.65,0.39,0.01,0.00,inferred
Renfrewshire,2021-05-19,1.00,0.98,0.89,0.65,0.39,0.01,0.00,inferred
Renfrewshire,2021-05-20,1.00,0.98,0.89,0.65,0.39,0.01,0.00,inferred
Renfrewshire,2021-05-21,1.00,0.98,0.89,0.65,0.39,0.01,0.00,inferred
Renfrewshire,2021-05-22,1.00,0.98,0.89,0.65,0.39,0.01,0.00,inferred
Renfrewshire,2021-05-23,1.00,0.98,0.89,0.65,0.39,0.01,0.00,inferred
Renfrewshire,2021-05-24,1.00,0.98,0.89,0.65,0.39,0.01,0.00,inferred
Renfrewshire,2021-05-25,1.00,0.99,0.90,0.65,0.32,0.00,0.00,inferred
Renfrewshire,2021-05-26,1.00,0.99,0.90,0.65,0.32,0.00,0.00,inferred
Renfrewshire,2021-05-27,1.00,0.99,0.90,0.65,0.32,0.00,0.00,inferred
Renfrewshire,2021-05-28,1.00,0.99,0.90,0.65,0.32,0.00,0.00,inferred
Renfrewshire,2021-05-29,1.00,0.99,0.90,0.65,0.32,0.00,0.00,inferred
Renfrewshire,2021-05-30,1.00,0.99,0.90,0.65,0.32,0.00,0.00,inferred
Renfrewshire,2021-05-31,1.00,0.99,0.90,0.65,0.32,0.00,0.00,inferred
Renfrewshire,2021-06-01,1.00,0.95,0.76,0.39,0.15,0.00,0.00,inferred
Renfrewshire,2021-06-02,1.00,0.95,0.76,0.39,0.15,0.00,0.00,inferred
Renfrewshire,2021-06-03,1.00,0.95,0.76,0.39,0.15,0.00,0.00,inferred
Renfrewshire,2021-06-04,1.00,0.95,0.76,0.39,0.15,0.00,0.00,inferred
Renfrewshire,2021-06-05,1.00,0.95,0.76,0.39,0.15,0.00,0.00,inferred
Renfrewshire,2021-06-06,1.00,0.95,0.76,0.39,0.15,0.00,0.00,inferred
Renfrewshire,2021-06-07,1.00,0.95,0.76,0.39,0.15,0.00,0.00,inferred
Renfrewshire,2021-06-08,1.00,0.98,0.89,0.60,0.27,0.00,0.00,inferred
Renfrewshire,2021-06-09,1.00,0.98,0.89,0.60,0.27,0.00,0.00,inferred
Renfrewshire,2021-06-10,1.00,0.98,0.89,0.60,0.27,0.00,0.00,inferred
Renfrewshire,2021-06-11,1.00,0.98,0.89,0.60,0.27,0.00,0.00,inferred
Renfrewshire,2021-06-12,1.00,0.98,0.89,0.60,0.27,0.00,0.00,inferred
Renfrewshire,2021-06-13,1.00,0.98,0.89,0.60,0.27,0.00,0.00,inferred
Renfrewshire,2021-06-14,1.00,0.98,0.89,0.60,0.27,0.00,0.00,inferred
Renfrewshire,2021-06-15,1.00,1.00,1.00,1.00,1.00,1.00,0.66,inferred
Renfrewshire,2021-06-16,1.00,1.00,1.00,1.00,1.00,1.00,0.66,inferred
Renfrewshire,2021-06-17,1.00,1.00,1.00,1.00,1.00,1.00,0.66,inferred
Renfrewshire,2021-06-18,1.00,1.00,1.00,1.00,1.00,1.00,0.66,inferred
Renfrewshire,2021-06-19,1.00,1.00,1.00,1.00,1.00,1.00,0.66,inferred
Renfrewshire,2021-06-20,1.00,1.00,1.00,1.00,1.00,1.00,0.66,inferred
Renfrewshire,2021-06-21,1.00,1.00,1.00,1.00,1.00,1.00,0.66,inferred
Renfrewshire,2021-06-22,1.00,1.00,1.00,1.00,1.00,0.77,0.10,inferred
Renfrewshire,2021-06-23,1.00,1.00,1.00,1.00,1.00,0.77,0.10,inferred
Renfrewshire,2021-06-24,1.00,1.00,1.00,1.00,1.00,0.77,0.10,inferred
Renfrewshire,2021-06-25,1.00,1.00,1.00,1.00,1.00,0.77,0.10,inferred
Renfrewshire,2021-06-26,1.00,1.00,1.00,1.00,1.00,0.77,0.10,inferred
Renfrewshire,2021-06-27,1.00,1.00,1.00,1.00,1.00,0.77,0.10,inferred
Renfrewshire,2021-06-28,1.00,1.00,1.00,1.00,1.00,0.77,0.10,inferred
Renfrewshire,2021-06-29,0.10,0.03,0.01,0.00,0.00,0.00,0.00,inferred
Renfrewshire,2021-06-30,0.10,0.03,0.01,0.00,0.00,0.00,0.00,inferred
Renfrewshire,2021-07-01,0.10,0.03,0.01,0.00,0.00,0.00,0.00,inferred
Renfrewshire,2021-07-02,0.10,0.03,0.01,0.00,0.00,0.00,0.00,inferred
Renfrewshire,2021-07-03,0.10,0.03,0.01,0.00,0.00,0.00,0.00,inferred
Renfrewshire,2021-07-04,0.10,0.03,0.01,0.00,0.00,0.00,0.00,inferred
Renfrewshire,2021-07-05,0.10,0.03,0.01,0.00,0.00,0.00,0.00,inferred
Renfrewshire,2021-07-06,0.30,0.21,0.15,0.10,0.07,0.03,0.01,projected
Renfrewshire,2021-07-07,0.30,0.21,0.15,0.10,0.07,0.03,0.01,projected
Renfrewshire,2021-07-08,0.30,0.21,0.15,0.10,0.07,0.03,0.01,projected
Renfrewshire,2021-07-09,0.30,0.21,0.15,0.10,0.07,0.03,0.01,projected
Renfrewshire,2021-07-10,0.30,0.21,0.15,0.10,0.07,0.03,0.01,projected
Renfrewshire,2021-07-11,0.30,0.21,0.15,0.10,0.07,0.03,0.01,projected
Renfrewshire,2021-07-12,0.30,0.21,0.15,0.10,0.07,0.03,0.01,projected
Renfrewshire,2021-07-13,0.36,0.28,0.22,0.18,0.14,0.07,0.02,projected
Renfrewshire,2021-07-14,0.36,0.28,0.22,0.18,0.14,0.07,0.02,projected
Renfrewshire,2021-07-15,0.36,0.28,0.22,0.18,0.14,0.07,0.02,projected
Renfrewshire,2021-07-16,0.36,0.28,0.22,0.18,0.14,0.07,0.02,projected
Renfrewshire,2021-07-17,0.36,0.28,0.22,0.18,0.14,0.07,0.02,projected
Renfrewshire,2021-07-18,0.36,0.28,0.22,0.18,0.14,0.07,0.02,projected
Renfrewshire,2021-07-19,0.36,0.28,0.22,0.18,0.14,0.07,0.02,projected
Renfrewshire,2021-07-20,0.42,0.34,0.30,0.24,0.20,0.12,0.06,projected
Renfrewshire,2021-07-21,0.42,0.34,0.30,0.24,0.20,0.12,0.06,projected
Renfrewshire,2021-07-22,0.42,0.34,0.30,0.24,0.20,0.12,0.06,projected
Renfrewshire,2021-07-23,0.42,0.34,0.30,0.24,0.20,0.12,0.06,projected
Renfrewshire,2021-07-24,0.42,0.34,0.30,0.24,0.20,0.12,0.06,projected
Renfrewshire,2021-07-25,0.42,0.34,0.30,0.24,0.20,0.12,0.06,projected
Renfrewshire,2021-07-26,0.42,0.34,0.30,0.24,0.20,0.12,0.06,projected
Rhondda Cynon Taf,2021-03-23,0.81,0.57,0.28,0.09,0.02,0.00,0.00,inferred
Rhondda Cynon Taf,2021-03-24,0.81,0.57,0.28,0.09,0.02,0.00,0.00,inferred
Rhondda Cynon Taf,2021-03-25,0.81,0.57,0.28,0.09,0.02,0.00,0.00,inferred
Rhondda Cynon Taf,2021-03-26,0.81,0.57,0.28,0.09,0.02,0.00,0.00,inferred
Rhondda Cynon Taf,2021-03-27,0.81,0.57,0.28,0.09,0.02,0.00,0.00,inferred
Rhondda Cynon Taf,2021-03-28,0.81,0.57,0.28,0.09,0.02,0.00,0.00,inferred
Rhondda Cynon Taf,2021-03-29,0.81,0.57,0.28,0.09,0.02,0.00,0.00,inferred
Rhondda Cynon Taf,2021-03-30,0.82,0.60,0.34,0.15,0.05,0.00,0.00,inferred
Rhondda Cynon Taf,2021-03-31,0.82,0.60,0.34,0.15,0.05,0.00,0.00,inferred
Rhondda Cynon Taf,2021-04-01,0.82,0.60,0.34,0.15,0.05,0.00,0.00,inferred
Rhondda Cynon Taf,2021-04-02,0.82,0.60,0.34,0.15,0.05,0.00,0.00,inferred
Rhondda Cynon Taf,2021-04-03,0.82,0.60,0.34,0.15,0.05,0.00,0.00,inferred
Rhondda Cynon Taf,2021-04-04,0.82,0.60,0.34,0.15,0.05,0.00,0.00,inferred
Rhondda Cynon Taf,2021-04-05,0.82,0.60,0.34,0.15,0.05,0.00,0.00,inferred
Rhondda Cynon Taf,2021-04-06,0.14,0.04,0.01,0.00,0.00,0.00,0.00,inferred
Rhondda Cynon Taf,2021-04-07,0.14,0.04,0.01,0.00,0.00,0.00,0.00,inferred
Rhondda Cynon Taf,2021-04-08,0.14,0.04,0.01,0.00,0.00,0.00,0.00,inferred
Rhondda Cynon Taf,2021-04-09,0.14,0.04,0.01,0.00,0.00,0.00,0.00,inferred
Rhondda Cynon Taf,2021-04-10,0.14,0.04,0.01,0.00,0.00,0.00,0.00,inferred
Rhondda Cynon Taf,2021-04-11,0.14,0.04,0.01,0.00,0.00,0.00,0.00,inferred
Rhondda Cynon Taf,2021-04-12,0.14,0.04,0.01,0.00,0.00,0.00,0.00,inferred
Rhondda Cynon Taf,2021-04-13,0.18,0.07,0.03,0.01,0.00,0.00,0.00,inferred
Rhondda Cynon Taf,2021-04-14,0.18,0.07,0.03,0.01,0.00,0.00,0.00,inferred
Rhondda Cynon Taf,2021-04-15,0.18,0.07,0.03,0.01,0.00,0.00,0.00,inferred
Rhondda Cynon Taf,2021-04-16,0.18,0.07,0.03,0.01,0.00,0.00,0.00,inferred
Rhondda Cynon Taf,2021-04-17,0.18,0.07,0.03,0.01,0.00,0.00,0.00,inferred
Rhondda Cynon Taf,2021-04-18,0.18,0.07,0.03,0.01,0.00,0.00,0.00,inferred
Rhondda Cynon Taf,2021-04-19,0.18,0.07,0.03,0.01,0.00,0.00,0.00,inferred
Rhondda Cynon Taf,2021-04-20,0.54,0.33,0.18,0.09,0.03,0.00,0.00,inferred
Rhondda Cynon Taf,2021-04-21,0.54,0.33,0.18,0.09,0.03,0.00,0.00,inferred
Rhondda Cynon Taf,2021-04-22,0.54,0.33,0.18,0.09,0.03,0.00,0.00,inferred
Rhondda Cynon Taf,2021-04-23,0.54,0.33,0.18,0.09,0.03,0.00,0.00,inferred
Rhondda Cynon Taf,2021-04-24,0.54,0.33,0.18,0.09,0.03,0.00,0.00,inferred
Rhondda Cynon Taf,2021-04-25,0.54,0.33,0.18,0.09,0.03,0.00,0.00,inferred
Rhondda Cynon Taf,2021-04-26,0.54,0.33,0.18,0.09,0.03,0.00,0.00,inferred
Rhondda Cynon Taf,2021-04-27,0.39,0.22,0.11,0.05,0.02,0.00,0.00,inferred
Rhondda Cynon Taf,2021-04-28,0.39,0.22,0.11,0.05,0.02,0.00,0.00,inferred
Rhondda Cynon Taf,2021-04-29,0.39,0.22,0.11,0.05,0.02,0.00,0.00,inferred
Rhondda Cynon Taf,2021-04-30,0.39,0.22,0.11,0.05,0.02,0.00,0.00,inferred
Rhondda Cynon Taf,2021-05-01,0.39,0.22,0.11,0.05,0.02,0.00,0.00,inferred
Rhondda Cynon Taf,2021-05-02,0.39,0.22,0.11,0.05,0.02,0.00,0.00,inferred
Rhondda Cynon Taf,2021-05-03,0.39,0.22,0.11,0.05,0.02,0.00,0.00,inferred
Rhondda Cynon Taf,2021-05-04,0.43,0.25,0.13,0.06,0.02,0.00,0.00,inferred
Rhondda Cynon Taf,2021-05-05,0.43,0.25,0.13,0.06,0.02,0.00,0.00,inferred
Rhondda Cynon Taf,2021-05-06,0.43,0.25,0.13,0.06,0.02,0.00,0.00,inferred
Rhondda Cynon Taf,2021-05-07,0.43,0.25,0.13,0.06,0.02,0.00,0.00,inferred
Rhondda Cynon Taf,2021-05-08,0.43,0.25,0.13,0.06,0.02,0.00,0.00,inferred
Rhondda Cynon Taf,2021-05-09,0.43,0.25,0.13,0.06,0.02,0.00,0.00,inferred
Rhondda Cynon Taf,2021-05-10,0.43,0.25,0.13,0.06,0.02,0.00,0.00,inferred
Rhondda Cynon Taf,2021-05-11,0.71,0.54,0.38,0.23,0.13,0.02,0.00,inferred
Rhondda Cynon Taf,2021-05-12,0.71,0.54,0.38,0.23,0.13,0.02,0.00,inferred
Rhondda Cynon Taf,2021-05-13,0.71,0.54,0.38,0.23,0.13,0.02,0.00,inferred
Rhondda Cynon Taf,2021-05-14,0.71,0.54,0.38,0.23,0.13,0.02,0.00,inferred
Rhondda Cynon Taf,2021-05-15,0.71,0.54,0.38,0.23,0.13,0.02,0.00,inferred
Rhondda Cynon Taf,2021-05-16,0.71,0.54,0.38,0.23,0.13,0.02,0.00,inferred
Rhondda Cynon Taf,2021-05-17,0.71,0.54,0.38,0.23,0.13,0.02,0.00,inferred
Rhondda Cynon Taf,2021-05-18,0.64,0.48,0.32,0.20,0.12,0.01,0.00,inferred
Rhondda Cynon Taf,2021-05-19,0.64,0.48,0.32,0.20,0.12,0.01,0.00,inferred
Rhondda Cynon Taf,2021-05-20,0.64,0.48,0.32,0.20,0.12,0.01,0.00,inferred
Rhondda Cynon Taf,2021-05-21,0.64,0.48,0.32,0.20,0.12,0.01,0.00,inferred
Rhondda Cynon Taf,2021-05-22,0.64,0.48,0.32,0.20,0.12,0.01,0.00,inferred
Rhondda Cynon Taf,2021-05-23,0.64,0.48,0.32,0.20,0.12,0.01,0.00,inferred
Rhondda Cynon Taf,2021-05-24,0.64,0.48,0.32,0.20,0.12,0.01,0.00,inferred
Rhondda Cynon Taf,2021-05-25,0.99,0.98,0.95,0.89,0.82,0.48,0.08,inferred
Rhondda Cynon Taf,2021-05-26,0.99,0.98,0.95,0.89,0.82,0.48,0.08,inferred
Rhondda Cynon Taf,2021-05-27,0.99,0.98,0.95,0.89,0.82,0.48,0.08,inferred
Rhondda Cynon Taf,2021-05-28,0.99,0.98,0.95,0.89,0.82,0.48,0.08,inferred
Rhondda Cynon Taf,2021-05-29,0.99,0.98,0.95,0.89,0.82,0.48,0.08,inferred
Rhondda Cynon Taf,2021-05-30,0.99,0.98,0.95,0.89,0.82,0.48,0.08,inferred
Rhondda Cynon Taf,2021-05-31,0.99,0.98,0.95,0.89,0.82,0.48,0.08,inferred
Rhondda Cynon Taf,2021-06-01,1.00,1.00,0.99,0.97,0.93,0.70,0.21,inferred
Rhondda Cynon Taf,2021-06-02,1.00,1.00,0.99,0.97,0.93,0.70,0.21,inferred
Rhondda Cynon Taf,2021-06-03,1.00,1.00,0.99,0.97,0.93,0.70,0.21,inferred
Rhondda Cynon Taf,2021-06-04,1.00,1.00,0.99,0.97,0.93,0.70,0.21,inferred
Rhondda Cynon Taf,2021-06-05,1.00,1.00,0.99,0.97,0.93,0.70,0.21,inferred
Rhondda Cynon Taf,2021-06-06,1.00,1.00,0.99,0.97,0.93,0.70,0.21,inferred
Rhondda Cynon Taf,2021-06-07,1.00,1.00,0.99,0.97,0.93,0.70,0.21,inferred
Rhondda Cynon Taf,2021-06-08,1.00,1.00,1.00,1.00,0.98,0.85,0.33,inferred
Rhondda Cynon Taf,2021-06-09,1.00,1.00,1.00,1.00,0.98,0.85,0.33,inferred
Rhondda Cynon Taf,2021-06-10,1.00,1.00,1.00,1.00,0.98,0.85,0.33,inferred
Rhondda Cynon Taf,2021-06-11,1.00,1.00,1.00,1.00,0.98,0.85,0.33,inferred
Rhondda Cynon Taf,2021-06-12,1.00,1.00,1.00,1.00,0.98,0.85,0.33,inferred
Rhondda Cynon Taf,2021-06-13,1.00,1.00,1.00,1.00,0.98,0.85,0.33,inferred
Rhondda Cynon Taf,2021-06-14,1.00,1.00,1.00,1.00,0.98,0.85,0.33,inferred
Rhondda Cynon Taf,2021-06-15,1.00,1.00,1.00,1.00,1.00,1.00,0.98,inferred
Rhondda Cynon Taf,2021-06-16,1.00,1.00,1.00,1.00,1.00,1.00,0.98,inferred
Rhondda Cynon Taf,2021-06-17,1.00,1.00,1.00,1.00,1.00,1.00,0.98,inferred
Rhondda Cynon Taf,2021-06-18,1.00,1.00,1.00,1.00,1.00,1.00,0.98,inferred
Rhondda Cynon Taf,2021-06-19,1.00,1.00,1.00,1.00,1.00,1.00,0.98,inferred
Rhondda Cynon Taf,2021-06-20,1.00,1.00,1.00,1.00,1.00,1.00,0.98,inferred
Rhondda Cynon Taf,2021-06-21,1.00,1.00,1.00,1.00,1.00,1.00,0.98,inferred
Rhondda Cynon Taf,2021-06-22,1.00,1.00,1.00,1.00,1.00,0.87,0.38,inferred
Rhondda Cynon Taf,2021-06-23,1.00,1.00,1.00,1.00,1.00,0.87,0.38,inferred
Rhondda Cynon Taf,2021-06-24,1.00,1.00,1.00,1.00,1.00,0.87,0.38,inferred
Rhondda Cynon Taf,2021-06-25,1.00,1.00,1.00,1.00,1.00,0.87,0.38,inferred
Rhondda Cynon Taf,2021-06-26,1.00,1.00,1.00,1.00,1.00,0.87,0.38,inferred
Rhondda Cynon Taf,2021-06-27,1.00,1.00,1.00,1.00,1.00,0.87,0.38,inferred
Rhondda Cynon Taf,2021-06-28,1.00,1.00,1.00,1.00,1.00,0.87,0.38,inferred
Rhondda Cynon Taf,2021-06-29,1.00,0.99,0.96,0.90,0.79,0.39,0.04,inferred
Rhondda Cynon Taf,2021-06-30,1.00,0.99,0.96,0.90,0.79,0.39,0.04,inferred
Rhondda Cynon Taf,2021-07-01,1.00,0.99,0.96,0.90,0.79,0.39,0.04,inferred
Rhondda Cynon Taf,2021-07-02,1.00,0.99,0.96,0.90,0.79,0.39,0.04,inferred
Rhondda Cynon Taf,2021-07-03,1.00,0.99,0.96,0.90,0.79,0.39,0.04,inferred
Rhondda Cynon Taf,2021-07-04,1.00,0.99,0.96,0.90,0.79,0.39,0.04,inferred
Rhondda Cynon Taf,2021-07-05,1.00,0.99,0.96,0.90,0.79,0.39,0.04,inferred
Rhondda Cynon Taf,2021-07-06,0.95,0.91,0.84,0.76,0.66,0.41,0.13,projected
Rhondda Cynon Taf,2021-07-07,0.95,0.91,0.84,0.76,0.66,0.41,0.13,projected
Rhondda Cynon Taf,2021-07-08,0.95,0.91,0.84,0.76,0.66,0.41,0.13,projected
Rhondda Cynon Taf,2021-07-09,0.95,0.91,0.84,0.76,0.66,0.41,0.13,projected
Rhondda Cynon Taf,2021-07-10,0.95,0.91,0.84,0.76,0.66,0.41,0.13,projected
Rhondda Cynon Taf,2021-07-11,0.95,0.91,0.84,0.76,0.66,0.41,0.13,projected
Rhondda Cynon Taf,2021-07-12,0.95,0.91,0.84,0.76,0.66,0.41,0.13,projected
Rhondda Cynon Taf,2021-07-13,0.93,0.87,0.81,0.72,0.64,0.41,0.17,projected
Rhondda Cynon Taf,2021-07-14,0.93,0.87,0.81,0.72,0.64,0.41,0.17,projected
Rhondda Cynon Taf,2021-07-15,0.93,0.87,0.81,0.72,0.64,0.41,0.17,projected
Rhondda Cynon Taf,2021-07-16,0.93,0.87,0.81,0.72,0.64,0.41,0.17,projected
Rhondda Cynon Taf,2021-07-17,0.93,0.87,0.81,0.72,0.64,0.41,0.17,projected
Rhondda Cynon Taf,2021-07-18,0.93,0.87,0.81,0.72,0.64,0.41,0.17,projected
Rhondda Cynon Taf,2021-07-19,0.93,0.87,0.81,0.72,0.64,0.41,0.17,projected
Rhondda Cynon Taf,2021-07-20,0.93,0.89,0.82,0.74,0.68,0.45,0.20,projected
Rhondda Cynon Taf,2021-07-21,0.93,0.89,0.82,0.74,0.68,0.45,0.20,projected
Rhondda Cynon Taf,2021-07-22,0.93,0.89,0.82,0.74,0.68,0.45,0.20,projected
Rhondda Cynon Taf,2021-07-23,0.93,0.89,0.82,0.74,0.68,0.45,0.20,projected
Rhondda Cynon Taf,2021-07-24,0.93,0.89,0.82,0.74,0.68,0.45,0.20,projected
Rhondda Cynon Taf,2021-07-25,0.93,0.89,0.82,0.74,0.68,0.45,0.20,projected
Rhondda Cynon Taf,2021-07-26,0.93,0.89,0.82,0.74,0.68,0.45,0.20,projected
Ribble Valley,2021-03-23,0.04,0.01,0.00,0.00,0.00,0.00,0.00,inferred
Ribble Valley,2021-03-24,0.04,0.01,0.00,0.00,0.00,0.00,0.00,inferred
Ribble Valley,2021-03-25,0.04,0.01,0.00,0.00,0.00,0.00,0.00,inferred
Ribble Valley,2021-03-26,0.04,0.01,0.00,0.00,0.00,0.00,0.00,inferred
Ribble Valley,2021-03-27,0.04,0.01,0.00,0.00,0.00,0.00,0.00,inferred
Ribble Valley,2021-03-28,0.04,0.01,0.00,0.00,0.00,0.00,0.00,inferred
Ribble Valley,2021-03-29,0.04,0.01,0.00,0.00,0.00,0.00,0.00,inferred
Ribble Valley,2021-03-30,0.07,0.03,0.01,0.00,0.00,0.00,0.00,inferred
Ribble Valley,2021-03-31,0.07,0.03,0.01,0.00,0.00,0.00,0.00,inferred
Ribble Valley,2021-04-01,0.07,0.03,0.01,0.00,0.00,0.00,0.00,inferred
Ribble Valley,2021-04-02,0.07,0.03,0.01,0.00,0.00,0.00,0.00,inferred
Ribble Valley,2021-04-03,0.07,0.03,0.01,0.00,0.00,0.00,0.00,inferred
Ribble Valley,2021-04-04,0.07,0.03,0.01,0.00,0.00,0.00,0.00,inferred
Ribble Valley,2021-04-05,0.07,0.03,0.01,0.00,0.00,0.00,0.00,inferred
Ribble Valley,2021-04-06,0.20,0.10,0.05,0.02,0.01,0.00,0.00,inferred
Ribble Valley,2021-04-07,0.20,0.10,0.05,0.02,0.01,0.00,0.00,inferred
Ribble Valley,2021-04-08,0.20,0.10,0.05,0.02,0.01,0.00,0.00,inferred
Ribble Valley,2021-04-09,0.20,0.10,0.05,0.02,0.01,0.00,0.00,inferred
Ribble Valley,2021-04-10,0.20,0.10,0.05,0.02,0.01,0.00,0.00,inferred
Ribble Valley,2021-04-11,0.20,0.10,0.05,0.02,0.01,0.00,0.00,inferred
Ribble Valley,2021-04-12,0.20,0.10,0.05,0.02,0.01,0.00,0.00,inferred
Ribble Valley,2021-04-13,0.77,0.63,0.49,0.34,0.22,0.05,0.00,inferred
Ribble Valley,2021-04-14,0.77,0.63,0.49,0.34,0.22,0.05,0.00,inferred
Ribble Valley,2021-04-15,0.77,0.63,0.49,0.34,0.22,0.05,0.00,inferred
Ribble Valley,2021-04-16,0.77,0.63,0.49,0.34,0.22,0.05,0.00,inferred
Ribble Valley,2021-04-17,0.77,0.63,0.49,0.34,0.22,0.05,0.00,inferred
Ribble Valley,2021-04-18,0.77,0.63,0.49,0.34,0.22,0.05,0.00,inferred
Ribble Valley,2021-04-19,0.77,0.63,0.49,0.34,0.22,0.05,0.00,inferred
Ribble Valley,2021-04-20,0.82,0.71,0.57,0.44,0.31,0.09,0.00,inferred
Ribble Valley,2021-04-21,0.82,0.71,0.57,0.44,0.31,0.09,0.00,inferred
Ribble Valley,2021-04-22,0.82,0.71,0.57,0.44,0.31,0.09,0.00,inferred
Ribble Valley,2021-04-23,0.82,0.71,0.57,0.44,0.31,0.09,0.00,inferred
Ribble Valley,2021-04-24,0.82,0.71,0.57,0.44,0.31,0.09,0.00,inferred
Ribble Valley,2021-04-25,0.82,0.71,0.57,0.44,0.31,0.09,0.00,inferred
Ribble Valley,2021-04-26,0.82,0.71,0.57,0.44,0.31,0.09,0.00,inferred
Ribble Valley,2021-04-27,0.92,0.84,0.73,0.59,0.46,0.17,0.01,inferred
Ribble Valley,2021-04-28,0.92,0.84,0.73,0.59,0.46,0.17,0.01,inferred
Ribble Valley,2021-04-29,0.92,0.84,0.73,0.59,0.46,0.17,0.01,inferred
Ribble Valley,2021-04-30,0.92,0.84,0.73,0.59,0.46,0.17,0.01,inferred
Ribble Valley,2021-05-01,0.92,0.84,0.73,0.59,0.46,0.17,0.01,inferred
Ribble Valley,2021-05-02,0.92,0.84,0.73,0.59,0.46,0.17,0.01,inferred
Ribble Valley,2021-05-03,0.92,0.84,0.73,0.59,0.46,0.17,0.01,inferred
Ribble Valley,2021-05-04,0.97,0.92,0.84,0.73,0.62,0.27,0.03,inferred
Ribble Valley,2021-05-05,0.97,0.92,0.84,0.73,0.62,0.27,0.03,inferred
Ribble Valley,2021-05-06,0.97,0.92,0.84,0.73,0.62,0.27,0.03,inferred
Ribble Valley,2021-05-07,0.97,0.92,0.84,0.73,0.62,0.27,0.03,inferred
Ribble Valley,2021-05-08,0.97,0.92,0.84,0.73,0.62,0.27,0.03,inferred
Ribble Valley,2021-05-09,0.97,0.92,0.84,0.73,0.62,0.27,0.03,inferred
Ribble Valley,2021-05-10,0.97,0.92,0.84,0.73,0.62,0.27,0.03,inferred
Ribble Valley,2021-05-11,1.00,1.00,1.00,1.00,0.99,0.92,0.56,inferred
Ribble Valley,2021-05-12,1.00,1.00,1.00,1.00,0.99,0.92,0.56,inferred
Ribble Valley,2021-05-13,1.00,1.00,1.00,1.00,0.99,0.92,0.56,inferred
Ribble Valley,2021-05-14,1.00,1.00,1.00,1.00,0.99,0.92,0.56,inferred
Ribble Valley,2021-05-15,1.00,1.00,1.00,1.00,0.99,0.92,0.56,inferred
Ribble Valley,2021-05-16,1.00,1.00,1.00,1.00,0.99,0.92,0.56,inferred
Ribble Valley,2021-05-17,1.00,1.00,1.00,1.00,0.99,0.92,0.56,inferred
Ribble Valley,2021-05-18,1.00,1.00,1.00,1.00,1.00,1.00,0.91,inferred
Ribble Valley,2021-05-19,1.00,1.00,1.00,1.00,1.00,1.00,0.91,inferred
Ribble Valley,2021-05-20,1.00,1.00,1.00,1.00,1.00,1.00,0.91,inferred
Ribble Valley,2021-05-21,1.00,1.00,1.00,1.00,1.00,1.00,0.91,inferred
Ribble Valley,2021-05-22,1.00,1.00,1.00,1.00,1.00,1.00,0.91,inferred
Ribble Valley,2021-05-23,1.00,1.00,1.00,1.00,1.00,1.00,0.91,inferred
Ribble Valley,2021-05-24,1.00,1.00,1.00,1.00,1.00,1.00,0.91,inferred
Ribble Valley,2021-05-25,1.00,1.00,1.00,1.00,1.00,1.00,0.86,inferred
Ribble Valley,2021-05-26,1.00,1.00,1.00,1.00,1.00,1.00,0.86,inferred
Ribble Valley,2021-05-27,1.00,1.00,1.00,1.00,1.00,1.00,0.86,inferred
Ribble Valley,2021-05-28,1.00,1.00,1.00,1.00,1.00,1.00,0.86,inferred
Ribble Valley,2021-05-29,1.00,1.00,1.00,1.00,1.00,1.00,0.86,inferred
Ribble Valley,2021-05-30,1.00,1.00,1.00,1.00,1.00,1.00,0.86,inferred
Ribble Valley,2021-05-31,1.00,1.00,1.00,1.00,1.00,1.00,0.86,inferred
Ribble Valley,2021-06-01,1.00,1.00,0.99,0.95,0.83,0.42,0.01,inferred
Ribble Valley,2021-06-02,1.00,1.00,0.99,0.95,0.83,0.42,0.01,inferred
Ribble Valley,2021-06-03,1.00,1.00,0.99,0.95,0.83,0.42,0.01,inferred
Ribble Valley,2021-06-04,1.00,1.00,0.99,0.95,0.83,0.42,0.01,inferred
Ribble Valley,2021-06-05,1.00,1.00,0.99,0.95,0.83,0.42,0.01,inferred
Ribble Valley,2021-06-06,1.00,1.00,0.99,0.95,0.83,0.42,0.01,inferred
Ribble Valley,2021-06-07,1.00,1.00,0.99,0.95,0.83,0.42,0.01,inferred
Ribble Valley,2021-06-08,0.77,0.37,0.10,0.02,0.00,0.00,0.00,inferred
Ribble Valley,2021-06-09,0.77,0.37,0.10,0.02,0.00,0.00,0.00,inferred
Ribble Valley,2021-06-10,0.77,0.37,0.10,0.02,0.00,0.00,0.00,inferred
Ribble Valley,2021-06-11,0.77,0.37,0.10,0.02,0.00,0.00,0.00,inferred
Ribble Valley,2021-06-12,0.77,0.37,0.10,0.02,0.00,0.00,0.00,inferred
Ribble Valley,2021-06-13,0.77,0.37,0.10,0.02,0.00,0.00,0.00,inferred
Ribble Valley,2021-06-14,0.77,0.37,0.10,0.02,0.00,0.00,0.00,inferred
Ribble Valley,2021-06-15,0.96,0.77,0.43,0.13,0.02,0.00,0.00,inferred
Ribble Valley,2021-06-16,0.96,0.77,0.43,0.13,0.02,0.00,0.00,inferred
Ribble Valley,2021-06-17,0.96,0.77,0.43,0.13,0.02,0.00,0.00,inferred
Ribble Valley,2021-06-18,0.96,0.77,0.43,0.13,0.02,0.00,0.00,inferred
Ribble Valley,2021-06-19,0.96,0.77,0.43,0.13,0.02,0.00,0.00,inferred
Ribble Valley,2021-06-20,0.96,0.77,0.43,0.13,0.02,0.00,0.00,inferred
Ribble Valley,2021-06-21,0.96,0.77,0.43,0.13,0.02,0.00,0.00,inferred
Ribble Valley,2021-06-22,0.98,0.87,0.58,0.25,0.06,0.00,0.00,inferred
Ribble Valley,2021-06-23,0.98,0.87,0.58,0.25,0.06,0.00,0.00,inferred
Ribble Valley,2021-06-24,0.98,0.87,0.58,0.25,0.06,0.00,0.00,inferred
Ribble Valley,2021-06-25,0.98,0.87,0.58,0.25,0.06,0.00,0.00,inferred
Ribble Valley,2021-06-26,0.98,0.87,0.58,0.25,0.06,0.00,0.00,inferred
Ribble Valley,2021-06-27,0.98,0.87,0.58,0.25,0.06,0.00,0.00,inferred
Ribble Valley,2021-06-28,0.98,0.87,0.58,0.25,0.06,0.00,0.00,inferred
Ribble Valley,2021-06-29,0.66,0.44,0.24,0.11,0.05,0.00,0.00,inferred
Ribble Valley,2021-06-30,0.66,0.44,0.24,0.11,0.05,0.00,0.00,inferred
Ribble Valley,2021-07-01,0.66,0.44,0.24,0.11,0.05,0.00,0.00,inferred
Ribble Valley,2021-07-02,0.66,0.44,0.24,0.11,0.05,0.00,0.00,inferred
Ribble Valley,2021-07-03,0.66,0.44,0.24,0.11,0.05,0.00,0.00,inferred
Ribble Valley,2021-07-04,0.66,0.44,0.24,0.11,0.05,0.00,0.00,inferred
Ribble Valley,2021-07-05,0.66,0.44,0.24,0.11,0.05,0.00,0.00,inferred
Ribble Valley,2021-07-06,0.62,0.47,0.33,0.23,0.15,0.04,0.00,projected
Ribble Valley,2021-07-07,0.62,0.47,0.33,0.23,0.15,0.04,0.00,projected
Ribble Valley,2021-07-08,0.62,0.47,0.33,0.23,0.15,0.04,0.00,projected
Ribble Valley,2021-07-09,0.62,0.47,0.33,0.23,0.15,0.04,0.00,projected
Ribble Valley,2021-07-10,0.62,0.47,0.33,0.23,0.15,0.04,0.00,projected
Ribble Valley,2021-07-11,0.62,0.47,0.33,0.23,0.15,0.04,0.00,projected
Ribble Valley,2021-07-12,0.62,0.47,0.33,0.23,0.15,0.04,0.00,projected
Ribble Valley,2021-07-13,0.64,0.51,0.39,0.28,0.21,0.06,0.01,projected
Ribble Valley,2021-07-14,0.64,0.51,0.39,0.28,0.21,0.06,0.01,projected
Ribble Valley,2021-07-15,0.64,0.51,0.39,0.28,0.21,0.06,0.01,projected
Ribble Valley,2021-07-16,0.64,0.51,0.39,0.28,0.21,0.06,0.01,projected
Ribble Valley,2021-07-17,0.64,0.51,0.39,0.28,0.21,0.06,0.01,projected
Ribble Valley,2021-07-18,0.64,0.51,0.39,0.28,0.21,0.06,0.01,projected
Ribble Valley,2021-07-19,0.64,0.51,0.39,0.28,0.21,0.06,0.01,projected
Ribble Valley,2021-07-20,0.70,0.58,0.45,0.35,0.26,0.10,0.02,projected
Ribble Valley,2021-07-21,0.70,0.58,0.45,0.35,0.26,0.10,0.02,projected
Ribble Valley,2021-07-22,0.70,0.58,0.45,0.35,0.26,0.10,0.02,projected
Ribble Valley,2021-07-23,0.70,0.58,0.45,0.35,0.26,0.10,0.02,projected
Ribble Valley,2021-07-24,0.70,0.58,0.45,0.35,0.26,0.10,0.02,projected
Ribble Valley,2021-07-25,0.70,0.58,0.45,0.35,0.26,0.10,0.02,projected
Ribble Valley,2021-07-26,0.70,0.58,0.45,0.35,0.26,0.10,0.02,projected
Richmond upon Thames,2021-03-23,0.20,0.04,0.01,0.00,0.00,0.00,0.00,inferred
Richmond upon Thames,2021-03-24,0.20,0.04,0.01,0.00,0.00,0.00,0.00,inferred
Richmond upon Thames,2021-03-25,0.20,0.04,0.01,0.00,0.00,0.00,0.00,inferred
Richmond upon Thames,2021-03-26,0.20,0.04,0.01,0.00,0.00,0.00,0.00,inferred
Richmond upon Thames,2021-03-27,0.20,0.04,0.01,0.00,0.00,0.00,0.00,inferred
Richmond upon Thames,2021-03-28,0.20,0.04,0.01,0.00,0.00,0.00,0.00,inferred
Richmond upon Thames,2021-03-29,0.20,0.04,0.01,0.00,0.00,0.00,0.00,inferred
Richmond upon Thames,2021-03-30,0.73,0.40,0.16,0.05,0.01,0.00,0.00,inferred
Richmond upon Thames,2021-03-31,0.73,0.40,0.16,0.05,0.01,0.00,0.00,inferred
Richmond upon Thames,2021-04-01,0.73,0.40,0.16,0.05,0.01,0.00,0.00,inferred
Richmond upon Thames,2021-04-02,0.73,0.40,0.16,0.05,0.01,0.00,0.00,inferred
Richmond upon Thames,2021-04-03,0.73,0.40,0.16,0.05,0.01,0.00,0.00,inferred
Richmond upon Thames,2021-04-04,0.73,0.40,0.16,0.05,0.01,0.00,0.00,inferred
Richmond upon Thames,2021-04-05,0.73,0.40,0.16,0.05,0.01,0.00,0.00,inferred
Richmond upon Thames,2021-04-06,0.78,0.52,0.26,0.10,0.03,0.00,0.00,inferred
Richmond upon Thames,2021-04-07,0.78,0.52,0.26,0.10,0.03,0.00,0.00,inferred
Richmond upon Thames,2021-04-08,0.78,0.52,0.26,0.10,0.03,0.00,0.00,inferred
Richmond upon Thames,2021-04-09,0.78,0.52,0.26,0.10,0.03,0.00,0.00,inferred
Richmond upon Thames,2021-04-10,0.78,0.52,0.26,0.10,0.03,0.00,0.00,inferred
Richmond upon Thames,2021-04-11,0.78,0.52,0.26,0.10,0.03,0.00,0.00,inferred
Richmond upon Thames,2021-04-12,0.78,0.52,0.26,0.10,0.03,0.00,0.00,inferred
Richmond upon Thames,2021-04-13,0.88,0.67,0.39,0.18,0.06,0.00,0.00,inferred
Richmond upon Thames,2021-04-14,0.88,0.67,0.39,0.18,0.06,0.00,0.00,inferred
Richmond upon Thames,2021-04-15,0.88,0.67,0.39,0.18,0.06,0.00,0.00,inferred
Richmond upon Thames,2021-04-16,0.88,0.67,0.39,0.18,0.06,0.00,0.00,inferred
Richmond upon Thames,2021-04-17,0.88,0.67,0.39,0.18,0.06,0.00,0.00,inferred
Richmond upon Thames,2021-04-18,0.88,0.67,0.39,0.18,0.06,0.00,0.00,inferred
Richmond upon Thames,2021-04-19,0.88,0.67,0.39,0.18,0.06,0.00,0.00,inferred
Richmond upon Thames,2021-04-20,0.44,0.21,0.08,0.02,0.00,0.00,0.00,inferred
Richmond upon Thames,2021-04-21,0.44,0.21,0.08,0.02,0.00,0.00,0.00,inferred
Richmond upon Thames,2021-04-22,0.44,0.21,0.08,0.02,0.00,0.00,0.00,inferred
Richmond upon Thames,2021-04-23,0.44,0.21,0.08,0.02,0.00,0.00,0.00,inferred
Richmond upon Thames,2021-04-24,0.44,0.21,0.08,0.02,0.00,0.00,0.00,inferred
Richmond upon Thames,2021-04-25,0.44,0.21,0.08,0.02,0.00,0.00,0.00,inferred
Richmond upon Thames,2021-04-26,0.44,0.21,0.08,0.02,0.00,0.00,0.00,inferred
Richmond upon Thames,2021-04-27,0.75,0.52,0.29,0.13,0.05,0.00,0.00,inferred
Richmond upon Thames,2021-04-28,0.75,0.52,0.29,0.13,0.05,0.00,0.00,inferred
Richmond upon Thames,2021-04-29,0.75,0.52,0.29,0.13,0.05,0.00,0.00,inferred
Richmond upon Thames,2021-04-30,0.75,0.52,0.29,0.13,0.05,0.00,0.00,inferred
Richmond upon Thames,2021-05-01,0.75,0.52,0.29,0.13,0.05,0.00,0.00,inferred
Richmond upon Thames,2021-05-02,0.75,0.52,0.29,0.13,0.05,0.00,0.00,inferred
Richmond upon Thames,2021-05-03,0.75,0.52,0.29,0.13,0.05,0.00,0.00,inferred
Richmond upon Thames,2021-05-04,0.70,0.46,0.26,0.11,0.04,0.00,0.00,inferred
Richmond upon Thames,2021-05-05,0.70,0.46,0.26,0.11,0.04,0.00,0.00,inferred
Richmond upon Thames,2021-05-06,0.70,0.46,0.26,0.11,0.04,0.00,0.00,inferred
Richmond upon Thames,2021-05-07,0.70,0.46,0.26,0.11,0.04,0.00,0.00,inferred
Richmond upon Thames,2021-05-08,0.70,0.46,0.26,0.11,0.04,0.00,0.00,inferred
Richmond upon Thames,2021-05-09,0.70,0.46,0.26,0.11,0.04,0.00,0.00,inferred
Richmond upon Thames,2021-05-10,0.70,0.46,0.26,0.11,0.04,0.00,0.00,inferred
Richmond upon Thames,2021-05-11,0.98,0.91,0.80,0.62,0.41,0.06,0.00,inferred
Richmond upon Thames,2021-05-12,0.98,0.91,0.80,0.62,0.41,0.06,0.00,inferred
Richmond upon Thames,2021-05-13,0.98,0.91,0.80,0.62,0.41,0.06,0.00,inferred
Richmond upon Thames,2021-05-14,0.98,0.91,0.80,0.62,0.41,0.06,0.00,inferred
Richmond upon Thames,2021-05-15,0.98,0.91,0.80,0.62,0.41,0.06,0.00,inferred
Richmond upon Thames,2021-05-16,0.98,0.91,0.80,0.62,0.41,0.06,0.00,inferred
Richmond upon Thames,2021-05-17,0.98,0.91,0.80,0.62,0.41,0.06,0.00,inferred
Richmond upon Thames,2021-05-18,1.00,1.00,1.00,0.99,0.96,0.65,0.05,inferred
Richmond upon Thames,2021-05-19,1.00,1.00,1.00,0.99,0.96,0.65,0.05,inferred
Richmond upon Thames,2021-05-20,1.00,1.00,1.00,0.99,0.96,0.65,0.05,inferred
Richmond upon Thames,2021-05-21,1.00,1.00,1.00,0.99,0.96,0.65,0.05,inferred
Richmond upon Thames,2021-05-22,1.00,1.00,1.00,0.99,0.96,0.65,0.05,inferred
Richmond upon Thames,2021-05-23,1.00,1.00,1.00,0.99,0.96,0.65,0.05,inferred
Richmond upon Thames,2021-05-24,1.00,1.00,1.00,0.99,0.96,0.65,0.05,inferred
Richmond upon Thames,2021-05-25,1.00,1.00,1.00,1.00,1.00,0.91,0.27,inferred
Richmond upon Thames,2021-05-26,1.00,1.00,1.00,1.00,1.00,0.91,0.27,inferred
Richmond upon Thames,2021-05-27,1.00,1.00,1.00,1.00,1.00,0.91,0.27,inferred
Richmond upon Thames,2021-05-28,1.00,1.00,1.00,1.00,1.00,0.91,0.27,inferred
Richmond upon Thames,2021-05-29,1.00,1.00,1.00,1.00,1.00,0.91,0.27,inferred
Richmond upon Thames,2021-05-30,1.00,1.00,1.00,1.00,1.00,0.91,0.27,inferred
Richmond upon Thames,2021-05-31,1.00,1.00,1.00,1.00,1.00,0.91,0.27,inferred
Richmond upon Thames,2021-06-01,1.00,1.00,1.00,0.99,0.97,0.59,0.02,inferred
Richmond upon Thames,2021-06-02,1.00,1.00,1.00,0.99,0.97,0.59,0.02,inferred
Richmond upon Thames,2021-06-03,1.00,1.00,1.00,0.99,0.97,0.59,0.02,inferred
Richmond upon Thames,2021-06-04,1.00,1.00,1.00,0.99,0.97,0.59,0.02,inferred
Richmond upon Thames,2021-06-05,1.00,1.00,1.00,0.99,0.97,0.59,0.02,inferred
Richmond upon Thames,2021-06-06,1.00,1.00,1.00,0.99,0.97,0.59,0.02,inferred
Richmond upon Thames,2021-06-07,1.00,1.00,1.00,0.99,0.97,0.59,0.02,inferred
Richmond upon Thames,2021-06-08,1.00,1.00,1.00,0.97,0.84,0.13,0.00,inferred
Richmond upon Thames,2021-06-09,1.00,1.00,1.00,0.97,0.84,0.13,0.00,inferred
Richmond upon Thames,2021-06-10,1.00,1.00,1.00,0.97,0.84,0.13,0.00,inferred
Richmond upon Thames,2021-06-11,1.00,1.00,1.00,0.97,0.84,0.13,0.00,inferred
Richmond upon Thames,2021-06-12,1.00,1.00,1.00,0.97,0.84,0.13,0.00,inferred
Richmond upon Thames,2021-06-13,1.00,1.00,1.00,0.97,0.84,0.13,0.00,inferred
Richmond upon Thames,2021-06-14,1.00,1.00,1.00,0.97,0.84,0.13,0.00,inferred
Richmond upon Thames,2021-06-15,1.00,1.00,1.00,1.00,1.00,0.93,0.10,inferred
Richmond upon Thames,2021-06-16,1.00,1.00,1.00,1.00,1.00,0.93,0.10,inferred
Richmond upon Thames,2021-06-17,1.00,1.00,1.00,1.00,1.00,0.93,0.10,inferred
Richmond upon Thames,2021-06-18,1.00,1.00,1.00,1.00,1.00,0.93,0.10,inferred
Richmond upon Thames,2021-06-19,1.00,1.00,1.00,1.00,1.00,0.93,0.10,inferred
Richmond upon Thames,2021-06-20,1.00,1.00,1.00,1.00,1.00,0.93,0.10,inferred
Richmond upon Thames,2021-06-21,1.00,1.00,1.00,1.00,1.00,0.93,0.10,inferred
Richmond upon Thames,2021-06-22,1.00,1.00,1.00,1.00,0.97,0.53,0.00,inferred
Richmond upon Thames,2021-06-23,1.00,1.00,1.00,1.00,0.97,0.53,0.00,inferred
Richmond upon Thames,2021-06-24,1.00,1.00,1.00,1.00,0.97,0.53,0.00,inferred
Richmond upon Thames,2021-06-25,1.00,1.00,1.00,1.00,0.97,0.53,0.00,inferred
Richmond upon Thames,2021-06-26,1.00,1.00,1.00,1.00,0.97,0.53,0.00,inferred
Richmond upon Thames,2021-06-27,1.00,1.00,1.00,1.00,0.97,0.53,0.00,inferred
Richmond upon Thames,2021-06-28,1.00,1.00,1.00,1.00,0.97,0.53,0.00,inferred
Richmond upon Thames,2021-06-29,1.00,0.98,0.91,0.74,0.50,0.04,0.00,inferred
Richmond upon Thames,2021-06-30,1.00,0.98,0.91,0.74,0.50,0.04,0.00,inferred
Richmond upon Thames,2021-07-01,1.00,0.98,0.91,0.74,0.50,0.04,0.00,inferred
Richmond upon Thames,2021-07-02,1.00,0.98,0.91,0.74,0.50,0.04,0.00,inferred
Richmond upon Thames,2021-07-03,1.00,0.98,0.91,0.74,0.50,0.04,0.00,inferred
Richmond upon Thames,2021-07-04,1.00,0.98,0.91,0.74,0.50,0.04,0.00,inferred
Richmond upon Thames,2021-07-05,1.00,0.98,0.91,0.74,0.50,0.04,0.00,inferred
Richmond upon Thames,2021-07-06,0.98,0.94,0.84,0.70,0.52,0.15,0.01,projected
Richmond upon Thames,2021-07-07,0.98,0.94,0.84,0.70,0.52,0.15,0.01,projected
Richmond upon Thames,2021-07-08,0.98,0.94,0.84,0.70,0.52,0.15,0.01,projected
Richmond upon Thames,2021-07-09,0.98,0.94,0.84,0.70,0.52,0.15,0.01,projected
Richmond upon Thames,2021-07-10,0.98,0.94,0.84,0.70,0.52,0.15,0.01,projected
Richmond upon Thames,2021-07-11,0.98,0.94,0.84,0.70,0.52,0.15,0.01,projected
Richmond upon Thames,2021-07-12,0.98,0.94,0.84,0.70,0.52,0.15,0.01,projected
Richmond upon Thames,2021-07-13,0.97,0.92,0.83,0.68,0.53,0.19,0.02,projected
Richmond upon Thames,2021-07-14,0.97,0.92,0.83,0.68,0.53,0.19,0.02,projected
Richmond upon Thames,2021-07-15,0.97,0.92,0.83,0.68,0.53,0.19,0.02,projected
Richmond upon Thames,2021-07-16,0.97,0.92,0.83,0.68,0.53,0.19,0.02,projected
Richmond upon Thames,2021-07-17,0.97,0.92,0.83,0.68,0.53,0.19,0.02,projected
Richmond upon Thames,2021-07-18,0.97,0.92,0.83,0.68,0.53,0.19,0.02,projected
Richmond upon Thames,2021-07-19,0.97,0.92,0.83,0.68,0.53,0.19,0.02,projected
Richmond upon Thames,2021-07-20,0.97,0.91,0.81,0.70,0.56,0.22,0.03,projected
Richmond upon Thames,2021-07-21,0.97,0.91,0.81,0.70,0.56,0.22,0.03,projected
Richmond upon Thames,2021-07-22,0.97,0.91,0.81,0.70,0.56,0.22,0.03,projected
Richmond upon Thames,2021-07-23,0.97,0.91,0.81,0.70,0.56,0.22,0.03,projected
Richmond upon Thames,2021-07-24,0.97,0.91,0.81,0.70,0.56,0.22,0.03,projected
Richmond upon Thames,2021-07-25,0.97,0.91,0.81,0.70,0.56,0.22,0.03,projected
Richmond upon Thames,2021-07-26,0.97,0.91,0.81,0.70,0.56,0.22,0.03,projected
Richmondshire,2021-03-23,0.28,0.13,0.05,0.01,0.00,0.00,0.00,inferred
Richmondshire,2021-03-24,0.28,0.13,0.05,0.01,0.00,0.00,0.00,inferred
Richmondshire,2021-03-25,0.28,0.13,0.05,0.01,0.00,0.00,0.00,inferred
Richmondshire,2021-03-26,0.28,0.13,0.05,0.01,0.00,0.00,0.00,inferred
Richmondshire,2021-03-27,0.28,0.13,0.05,0.01,0.00,0.00,0.00,inferred
Richmondshire,2021-03-28,0.28,0.13,0.05,0.01,0.00,0.00,0.00,inferred
Richmondshire,2021-03-29,0.28,0.13,0.05,0.01,0.00,0.00,0.00,inferred
Richmondshire,2021-03-30,0.40,0.25,0.12,0.05,0.02,0.00,0.00,inferred
Richmondshire,2021-03-31,0.40,0.25,0.12,0.05,0.02,0.00,0.00,inferred
Richmondshire,2021-04-01,0.40,0.25,0.12,0.05,0.02,0.00,0.00,inferred
Richmondshire,2021-04-02,0.40,0.25,0.12,0.05,0.02,0.00,0.00,inferred
Richmondshire,2021-04-03,0.40,0.25,0.12,0.05,0.02,0.00,0.00,inferred
Richmondshire,2021-04-04,0.40,0.25,0.12,0.05,0.02,0.00,0.00,inferred
Richmondshire,2021-04-05,0.40,0.25,0.12,0.05,0.02,0.00,0.00,inferred
Richmondshire,2021-04-06,0.60,0.43,0.27,0.15,0.08,0.01,0.00,inferred
Richmondshire,2021-04-07,0.60,0.43,0.27,0.15,0.08,0.01,0.00,inferred
Richmondshire,2021-04-08,0.60,0.43,0.27,0.15,0.08,0.01,0.00,inferred
Richmondshire,2021-04-09,0.60,0.43,0.27,0.15,0.08,0.01,0.00,inferred
Richmondshire,2021-04-10,0.60,0.43,0.27,0.15,0.08,0.01,0.00,inferred
Richmondshire,2021-04-11,0.60,0.43,0.27,0.15,0.08,0.01,0.00,inferred
Richmondshire,2021-04-12,0.60,0.43,0.27,0.15,0.08,0.01,0.00,inferred
Richmondshire,2021-04-13,0.78,0.64,0.47,0.33,0.21,0.04,0.00,inferred
Richmondshire,2021-04-14,0.78,0.64,0.47,0.33,0.21,0.04,0.00,inferred
Richmondshire,2021-04-15,0.78,0.64,0.47,0.33,0.21,0.04,0.00,inferred
Richmondshire,2021-04-16,0.78,0.64,0.47,0.33,0.21,0.04,0.00,inferred
Richmondshire,2021-04-17,0.78,0.64,0.47,0.33,0.21,0.04,0.00,inferred
Richmondshire,2021-04-18,0.78,0.64,0.47,0.33,0.21,0.04,0.00,inferred
Richmondshire,2021-04-19,0.78,0.64,0.47,0.33,0.21,0.04,0.00,inferred
Richmondshire,2021-04-20,0.68,0.51,0.36,0.23,0.14,0.02,0.00,inferred
Richmondshire,2021-04-21,0.68,0.51,0.36,0.23,0.14,0.02,0.00,inferred
Richmondshire,2021-04-22,0.68,0.51,0.36,0.23,0.14,0.02,0.00,inferred
Richmondshire,2021-04-23,0.68,0.51,0.36,0.23,0.14,0.02,0.00,inferred
Richmondshire,2021-04-24,0.68,0.51,0.36,0.23,0.14,0.02,0.00,inferred
Richmondshire,2021-04-25,0.68,0.51,0.36,0.23,0.14,0.02,0.00,inferred
Richmondshire,2021-04-26,0.68,0.51,0.36,0.23,0.14,0.02,0.00,inferred
Richmondshire,2021-04-27,0.64,0.48,0.32,0.20,0.12,0.02,0.00,inferred
Richmondshire,2021-04-28,0.64,0.48,0.32,0.20,0.12,0.02,0.00,inferred
Richmondshire,2021-04-29,0.64,0.48,0.32,0.20,0.12,0.02,0.00,inferred
Richmondshire,2021-04-30,0.64,0.48,0.32,0.20,0.12,0.02,0.00,inferred
Richmondshire,2021-05-01,0.64,0.48,0.32,0.20,0.12,0.02,0.00,inferred
Richmondshire,2021-05-02,0.64,0.48,0.32,0.20,0.12,0.02,0.00,inferred
Richmondshire,2021-05-03,0.64,0.48,0.32,0.20,0.12,0.02,0.00,inferred
Richmondshire,2021-05-04,0.39,0.25,0.14,0.07,0.04,0.00,0.00,inferred
Richmondshire,2021-05-05,0.39,0.25,0.14,0.07,0.04,0.00,0.00,inferred
Richmondshire,2021-05-06,0.39,0.25,0.14,0.07,0.04,0.00,0.00,inferred
Richmondshire,2021-05-07,0.39,0.25,0.14,0.07,0.04,0.00,0.00,inferred
Richmondshire,2021-05-08,0.39,0.25,0.14,0.07,0.04,0.00,0.00,inferred
Richmondshire,2021-05-09,0.39,0.25,0.14,0.07,0.04,0.00,0.00,inferred
Richmondshire,2021-05-10,0.39,0.25,0.14,0.07,0.04,0.00,0.00,inferred
Richmondshire,2021-05-11,0.58,0.41,0.28,0.17,0.09,0.01,0.00,inferred
Richmondshire,2021-05-12,0.58,0.41,0.28,0.17,0.09,0.01,0.00,inferred
Richmondshire,2021-05-13,0.58,0.41,0.28,0.17,0.09,0.01,0.00,inferred
Richmondshire,2021-05-14,0.58,0.41,0.28,0.17,0.09,0.01,0.00,inferred
Richmondshire,2021-05-15,0.58,0.41,0.28,0.17,0.09,0.01,0.00,inferred
Richmondshire,2021-05-16,0.58,0.41,0.28,0.17,0.09,0.01,0.00,inferred
Richmondshire,2021-05-17,0.58,0.41,0.28,0.17,0.09,0.01,0.00,inferred
Richmondshire,2021-05-18,0.82,0.72,0.60,0.48,0.37,0.12,0.01,inferred
Richmondshire,2021-05-19,0.82,0.72,0.60,0.48,0.37,0.12,0.01,inferred
Richmondshire,2021-05-20,0.82,0.72,0.60,0.48,0.37,0.12,0.01,inferred
Richmondshire,2021-05-21,0.82,0.72,0.60,0.48,0.37,0.12,0.01,inferred
Richmondshire,2021-05-22,0.82,0.72,0.60,0.48,0.37,0.12,0.01,inferred
Richmondshire,2021-05-23,0.82,0.72,0.60,0.48,0.37,0.12,0.01,inferred
Richmondshire,2021-05-24,0.82,0.72,0.60,0.48,0.37,0.12,0.01,inferred
Richmondshire,2021-05-25,1.00,1.00,0.99,0.99,0.98,0.89,0.48,inferred
Richmondshire,2021-05-26,1.00,1.00,0.99,0.99,0.98,0.89,0.48,inferred
Richmondshire,2021-05-27,1.00,1.00,0.99,0.99,0.98,0.89,0.48,inferred
Richmondshire,2021-05-28,1.00,1.00,0.99,0.99,0.98,0.89,0.48,inferred
Richmondshire,2021-05-29,1.00,1.00,0.99,0.99,0.98,0.89,0.48,inferred
Richmondshire,2021-05-30,1.00,1.00,0.99,0.99,0.98,0.89,0.48,inferred
Richmondshire,2021-05-31,1.00,1.00,0.99,0.99,0.98,0.89,0.48,inferred
Richmondshire,2021-06-01,1.00,1.00,1.00,1.00,0.99,0.94,0.65,inferred
Richmondshire,2021-06-02,1.00,1.00,1.00,1.00,0.99,0.94,0.65,inferred
Richmondshire,2021-06-03,1.00,1.00,1.00,1.00,0.99,0.94,0.65,inferred
Richmondshire,2021-06-04,1.00,1.00,1.00,1.00,0.99,0.94,0.65,inferred
Richmondshire,2021-06-05,1.00,1.00,1.00,1.00,0.99,0.94,0.65,inferred
Richmondshire,2021-06-06,1.00,1.00,1.00,1.00,0.99,0.94,0.65,inferred
Richmondshire,2021-06-07,1.00,1.00,1.00,1.00,0.99,0.94,0.65,inferred
Richmondshire,2021-06-08,1.00,1.00,1.00,1.00,1.00,1.00,0.85,inferred
Richmondshire,2021-06-09,1.00,1.00,1.00,1.00,1.00,1.00,0.85,inferred
Richmondshire,2021-06-10,1.00,1.00,1.00,1.00,1.00,1.00,0.85,inferred
Richmondshire,2021-06-11,1.00,1.00,1.00,1.00,1.00,1.00,0.85,inferred
Richmondshire,2021-06-12,1.00,1.00,1.00,1.00,1.00,1.00,0.85,inferred
Richmondshire,2021-06-13,1.00,1.00,1.00,1.00,1.00,1.00,0.85,inferred
Richmondshire,2021-06-14,1.00,1.00,1.00,1.00,1.00,1.00,0.85,inferred
Richmondshire,2021-06-15,1.00,1.00,1.00,1.00,0.99,0.90,0.36,inferred
Richmondshire,2021-06-16,1.00,1.00,1.00,1.00,0.99,0.90,0.36,inferred
Richmondshire,2021-06-17,1.00,1.00,1.00,1.00,0.99,0.90,0.36,inferred
Richmondshire,2021-06-18,1.00,1.00,1.00,1.00,0.99,0.90,0.36,inferred
Richmondshire,2021-06-19,1.00,1.00,1.00,1.00,0.99,0.90,0.36,inferred
Richmondshire,2021-06-20,1.00,1.00,1.00,1.00,0.99,0.90,0.36,inferred
Richmondshire,2021-06-21,1.00,1.00,1.00,1.00,0.99,0.90,0.36,inferred
Richmondshire,2021-06-22,1.00,1.00,0.97,0.89,0.74,0.21,0.00,inferred
Richmondshire,2021-06-23,1.00,1.00,0.97,0.89,0.74,0.21,0.00,inferred
Richmondshire,2021-06-24,1.00,1.00,0.97,0.89,0.74,0.21,0.00,inferred
Richmondshire,2021-06-25,1.00,1.00,0.97,0.89,0.74,0.21,0.00,inferred
Richmondshire,2021-06-26,1.00,1.00,0.97,0.89,0.74,0.21,0.00,inferred
Richmondshire,2021-06-27,1.00,1.00,0.97,0.89,0.74,0.21,0.00,inferred
Richmondshire,2021-06-28,1.00,1.00,0.97,0.89,0.74,0.21,0.00,inferred
Richmondshire,2021-06-29,0.93,0.83,0.67,0.49,0.33,0.07,0.00,inferred
Richmondshire,2021-06-30,0.93,0.83,0.67,0.49,0.33,0.07,0.00,inferred
Richmondshire,2021-07-01,0.93,0.83,0.67,0.49,0.33,0.07,0.00,inferred
Richmondshire,2021-07-02,0.93,0.83,0.67,0.49,0.33,0.07,0.00,inferred
Richmondshire,2021-07-03,0.93,0.83,0.67,0.49,0.33,0.07,0.00,inferred
Richmondshire,2021-07-04,0.93,0.83,0.67,0.49,0.33,0.07,0.00,inferred
Richmondshire,2021-07-05,0.93,0.83,0.67,0.49,0.33,0.07,0.00,inferred
Richmondshire,2021-07-06,0.89,0.79,0.68,0.55,0.42,0.18,0.03,projected
Richmondshire,2021-07-07,0.89,0.79,0.68,0.55,0.42,0.18,0.03,projected
Richmondshire,2021-07-08,0.89,0.79,0.68,0.55,0.42,0.18,0.03,projected
Richmondshire,2021-07-09,0.89,0.79,0.68,0.55,0.42,0.18,0.03,projected
Richmondshire,2021-07-10,0.89,0.79,0.68,0.55,0.42,0.18,0.03,projected
Richmondshire,2021-07-11,0.89,0.79,0.68,0.55,0.42,0.18,0.03,projected
Richmondshire,2021-07-12,0.89,0.79,0.68,0.55,0.42,0.18,0.03,projected
Richmondshire,2021-07-13,0.90,0.82,0.72,0.60,0.48,0.25,0.06,projected
Richmondshire,2021-07-14,0.90,0.82,0.72,0.60,0.48,0.25,0.06,projected
Richmondshire,2021-07-15,0.90,0.82,0.72,0.60,0.48,0.25,0.06,projected
Richmondshire,2021-07-16,0.90,0.82,0.72,0.60,0.48,0.25,0.06,projected
Richmondshire,2021-07-17,0.90,0.82,0.72,0.60,0.48,0.25,0.06,projected
Richmondshire,2021-07-18,0.90,0.82,0.72,0.60,0.48,0.25,0.06,projected
Richmondshire,2021-07-19,0.90,0.82,0.72,0.60,0.48,0.25,0.06,projected
Richmondshire,2021-07-20,0.92,0.88,0.80,0.70,0.60,0.33,0.10,projected
Richmondshire,2021-07-21,0.92,0.88,0.80,0.70,0.60,0.33,0.10,projected
Richmondshire,2021-07-22,0.92,0.88,0.80,0.70,0.60,0.33,0.10,projected
Richmondshire,2021-07-23,0.92,0.88,0.80,0.70,0.60,0.33,0.10,projected
Richmondshire,2021-07-24,0.92,0.88,0.80,0.70,0.60,0.33,0.10,projected
Richmondshire,2021-07-25,0.92,0.88,0.80,0.70,0.60,0.33,0.10,projected
Richmondshire,2021-07-26,0.92,0.88,0.80,0.70,0.60,0.33,0.10,projected
Rochdale,2021-03-23,0.13,0.01,0.00,0.00,0.00,0.00,0.00,inferred
Rochdale,2021-03-24,0.13,0.01,0.00,0.00,0.00,0.00,0.00,inferred
Rochdale,2021-03-25,0.13,0.01,0.00,0.00,0.00,0.00,0.00,inferred
Rochdale,2021-03-26,0.13,0.01,0.00,0.00,0.00,0.00,0.00,inferred
Rochdale,2021-03-27,0.13,0.01,0.00,0.00,0.00,0.00,0.00,inferred
Rochdale,2021-03-28,0.13,0.01,0.00,0.00,0.00,0.00,0.00,inferred
Rochdale,2021-03-29,0.13,0.01,0.00,0.00,0.00,0.00,0.00,inferred
Rochdale,2021-03-30,0.49,0.15,0.03,0.00,0.00,0.00,0.00,inferred
Rochdale,2021-03-31,0.49,0.15,0.03,0.00,0.00,0.00,0.00,inferred
Rochdale,2021-04-01,0.49,0.15,0.03,0.00,0.00,0.00,0.00,inferred
Rochdale,2021-04-02,0.49,0.15,0.03,0.00,0.00,0.00,0.00,inferred
Rochdale,2021-04-03,0.49,0.15,0.03,0.00,0.00,0.00,0.00,inferred
Rochdale,2021-04-04,0.49,0.15,0.03,0.00,0.00,0.00,0.00,inferred
Rochdale,2021-04-05,0.49,0.15,0.03,0.00,0.00,0.00,0.00,inferred
Rochdale,2021-04-06,0.10,0.01,0.00,0.00,0.00,0.00,0.00,inferred
Rochdale,2021-04-07,0.10,0.01,0.00,0.00,0.00,0.00,0.00,inferred
Rochdale,2021-04-08,0.10,0.01,0.00,0.00,0.00,0.00,0.00,inferred
Rochdale,2021-04-09,0.10,0.01,0.00,0.00,0.00,0.00,0.00,inferred
Rochdale,2021-04-10,0.10,0.01,0.00,0.00,0.00,0.00,0.00,inferred
Rochdale,2021-04-11,0.10,0.01,0.00,0.00,0.00,0.00,0.00,inferred
Rochdale,2021-04-12,0.10,0.01,0.00,0.00,0.00,0.00,0.00,inferred
Rochdale,2021-04-13,0.47,0.21,0.06,0.02,0.00,0.00,0.00,inferred
Rochdale,2021-04-14,0.47,0.21,0.06,0.02,0.00,0.00,0.00,inferred
Rochdale,2021-04-15,0.47,0.21,0.06,0.02,0.00,0.00,0.00,inferred
Rochdale,2021-04-16,0.47,0.21,0.06,0.02,0.00,0.00,0.00,inferred
Rochdale,2021-04-17,0.47,0.21,0.06,0.02,0.00,0.00,0.00,inferred
Rochdale,2021-04-18,0.47,0.21,0.06,0.02,0.00,0.00,0.00,inferred
Rochdale,2021-04-19,0.47,0.21,0.06,0.02,0.00,0.00,0.00,inferred
Rochdale,2021-04-20,0.93,0.77,0.47,0.21,0.08,0.00,0.00,inferred
Rochdale,2021-04-21,0.93,0.77,0.47,0.21,0.08,0.00,0.00,inferred
Rochdale,2021-04-22,0.93,0.77,0.47,0.21,0.08,0.00,0.00,inferred
Rochdale,2021-04-23,0.93,0.77,0.47,0.21,0.08,0.00,0.00,inferred
Rochdale,2021-04-24,0.93,0.77,0.47,0.21,0.08,0.00,0.00,inferred
Rochdale,2021-04-25,0.93,0.77,0.47,0.21,0.08,0.00,0.00,inferred
Rochdale,2021-04-26,0.93,0.77,0.47,0.21,0.08,0.00,0.00,inferred
Rochdale,2021-04-27,1.00,0.96,0.86,0.61,0.34,0.02,0.00,inferred
Rochdale,2021-04-28,1.00,0.96,0.86,0.61,0.34,0.02,0.00,inferred
Rochdale,2021-04-29,1.00,0.96,0.86,0.61,0.34,0.02,0.00,inferred
Rochdale,2021-04-30,1.00,0.96,0.86,0.61,0.34,0.02,0.00,inferred
Rochdale,2021-05-01,1.00,0.96,0.86,0.61,0.34,0.02,0.00,inferred
Rochdale,2021-05-02,1.00,0.96,0.86,0.61,0.34,0.02,0.00,inferred
Rochdale,2021-05-03,1.00,0.96,0.86,0.61,0.34,0.02,0.00,inferred
Rochdale,2021-05-04,0.98,0.91,0.71,0.42,0.18,0.00,0.00,inferred
Rochdale,2021-05-05,0.98,0.91,0.71,0.42,0.18,0.00,0.00,inferred
Rochdale,2021-05-06,0.98,0.91,0.71,0.42,0.18,0.00,0.00,inferred
Rochdale,2021-05-07,0.98,0.91,0.71,0.42,0.18,0.00,0.00,inferred
Rochdale,2021-05-08,0.98,0.91,0.71,0.42,0.18,0.00,0.00,inferred
Rochdale,2021-05-09,0.98,0.91,0.71,0.42,0.18,0.00,0.00,inferred
Rochdale,2021-05-10,0.98,0.91,0.71,0.42,0.18,0.00,0.00,inferred
Rochdale,2021-05-11,1.00,1.00,1.00,0.98,0.90,0.28,0.00,inferred
Rochdale,2021-05-12,1.00,1.00,1.00,0.98,0.90,0.28,0.00,inferred
Rochdale,2021-05-13,1.00,1.00,1.00,0.98,0.90,0.28,0.00,inferred
Rochdale,2021-05-14,1.00,1.00,1.00,0.98,0.90,0.28,0.00,inferred
Rochdale,2021-05-15,1.00,1.00,1.00,0.98,0.90,0.28,0.00,inferred
Rochdale,2021-05-16,1.00,1.00,1.00,0.98,0.90,0.28,0.00,inferred
Rochdale,2021-05-17,1.00,1.00,1.00,0.98,0.90,0.28,0.00,inferred
Rochdale,2021-05-18,1.00,1.00,1.00,1.00,1.00,0.86,0.12,inferred
Rochdale,2021-05-19,1.00,1.00,1.00,1.00,1.00,0.86,0.12,inferred
Rochdale,2021-05-20,1.00,1.00,1.00,1.00,1.00,0.86,0.12,inferred
Rochdale,2021-05-21,1.00,1.00,1.00,1.00,1.00,0.86,0.12,inferred
Rochdale,2021-05-22,1.00,1.00,1.00,1.00,1.00,0.86,0.12,inferred
Rochdale,2021-05-23,1.00,1.00,1.00,1.00,1.00,0.86,0.12,inferred
Rochdale,2021-05-24,1.00,1.00,1.00,1.00,1.00,0.86,0.12,inferred
Rochdale,2021-05-25,1.00,1.00,1.00,1.00,1.00,0.90,0.18,inferred
Rochdale,2021-05-26,1.00,1.00,1.00,1.00,1.00,0.90,0.18,inferred
Rochdale,2021-05-27,1.00,1.00,1.00,1.00,1.00,0.90,0.18,inferred
Rochdale,2021-05-28,1.00,1.00,1.00,1.00,1.00,0.90,0.18,inferred
Rochdale,2021-05-29,1.00,1.00,1.00,1.00,1.00,0.90,0.18,inferred
Rochdale,2021-05-30,1.00,1.00,1.00,1.00,1.00,0.90,0.18,inferred
Rochdale,2021-05-31,1.00,1.00,1.00,1.00,1.00,0.90,0.18,inferred
Rochdale,2021-06-01,1.00,1.00,1.00,0.96,0.79,0.17,0.00,inferred
Rochdale,2021-06-02,1.00,1.00,1.00,0.96,0.79,0.17,0.00,inferred
Rochdale,2021-06-03,1.00,1.00,1.00,0.96,0.79,0.17,0.00,inferred
Rochdale,2021-06-04,1.00,1.00,1.00,0.96,0.79,0.17,0.00,inferred
Rochdale,2021-06-05,1.00,1.00,1.00,0.96,0.79,0.17,0.00,inferred
Rochdale,2021-06-06,1.00,1.00,1.00,0.96,0.79,0.17,0.00,inferred
Rochdale,2021-06-07,1.00,1.00,1.00,0.96,0.79,0.17,0.00,inferred
Rochdale,2021-06-08,1.00,1.00,0.97,0.74,0.35,0.00,0.00,inferred
Rochdale,2021-06-09,1.00,1.00,0.97,0.74,0.35,0.00,0.00,inferred
Rochdale,2021-06-10,1.00,1.00,0.97,0.74,0.35,0.00,0.00,inferred
Rochdale,2021-06-11,1.00,1.00,0.97,0.74,0.35,0.00,0.00,inferred
Rochdale,2021-06-12,1.00,1.00,0.97,0.74,0.35,0.00,0.00,inferred
Rochdale,2021-06-13,1.00,1.00,0.97,0.74,0.35,0.00,0.00,inferred
Rochdale,2021-06-14,1.00,1.00,0.97,0.74,0.35,0.00,0.00,inferred
Rochdale,2021-06-15,1.00,1.00,1.00,1.00,1.00,0.56,0.00,inferred
Rochdale,2021-06-16,1.00,1.00,1.00,1.00,1.00,0.56,0.00,inferred
Rochdale,2021-06-17,1.00,1.00,1.00,1.00,1.00,0.56,0.00,inferred
Rochdale,2021-06-18,1.00,1.00,1.00,1.00,1.00,0.56,0.00,inferred
Rochdale,2021-06-19,1.00,1.00,1.00,1.00,1.00,0.56,0.00,inferred
Rochdale,2021-06-20,1.00,1.00,1.00,1.00,1.00,0.56,0.00,inferred
Rochdale,2021-06-21,1.00,1.00,1.00,1.00,1.00,0.56,0.00,inferred
Rochdale,2021-06-22,1.00,1.00,1.00,1.00,0.98,0.51,0.00,inferred
Rochdale,2021-06-23,1.00,1.00,1.00,1.00,0.98,0.51,0.00,inferred
Rochdale,2021-06-24,1.00,1.00,1.00,1.00,0.98,0.51,0.00,inferred
Rochdale,2021-06-25,1.00,1.00,1.00,1.00,0.98,0.51,0.00,inferred
Rochdale,2021-06-26,1.00,1.00,1.00,1.00,0.98,0.51,0.00,inferred
Rochdale,2021-06-27,1.00,1.00,1.00,1.00,0.98,0.51,0.00,inferred
Rochdale,2021-06-28,1.00,1.00,1.00,1.00,0.98,0.51,0.00,inferred
Rochdale,2021-06-29,0.85,0.60,0.33,0.13,0.03,0.00,0.00,inferred
Rochdale,2021-06-30,0.85,0.60,0.33,0.13,0.03,0.00,0.00,inferred
Rochdale,2021-07-01,0.85,0.60,0.33,0.13,0.03,0.00,0.00,inferred
Rochdale,2021-07-02,0.85,0.60,0.33,0.13,0.03,0.00,0.00,inferred
Rochdale,2021-07-03,0.85,0.60,0.33,0.13,0.03,0.00,0.00,inferred
Rochdale,2021-07-04,0.85,0.60,0.33,0.13,0.03,0.00,0.00,inferred
Rochdale,2021-07-05,0.85,0.60,0.33,0.13,0.03,0.00,0.00,inferred
Rochdale,2021-07-06,0.69,0.54,0.38,0.27,0.17,0.05,0.00,projected
Rochdale,2021-07-07,0.69,0.54,0.38,0.27,0.17,0.05,0.00,projected
Rochdale,2021-07-08,0.69,0.54,0.38,0.27,0.17,0.05,0.00,projected
Rochdale,2021-07-09,0.69,0.54,0.38,0.27,0.17,0.05,0.00,projected
Rochdale,2021-07-10,0.69,0.54,0.38,0.27,0.17,0.05,0.00,projected
Rochdale,2021-07-11,0.69,0.54,0.38,0.27,0.17,0.05,0.00,projected
Rochdale,2021-07-12,0.69,0.54,0.38,0.27,0.17,0.05,0.00,projected
Rochdale,2021-07-13,0.67,0.53,0.39,0.29,0.21,0.07,0.01,projected
Rochdale,2021-07-14,0.67,0.53,0.39,0.29,0.21,0.07,0.01,projected
Rochdale,2021-07-15,0.67,0.53,0.39,0.29,0.21,0.07,0.01,projected
Rochdale,2021-07-16,0.67,0.53,0.39,0.29,0.21,0.07,0.01,projected
Rochdale,2021-07-17,0.67,0.53,0.39,0.29,0.21,0.07,0.01,projected
Rochdale,2021-07-18,0.67,0.53,0.39,0.29,0.21,0.07,0.01,projected
Rochdale,2021-07-19,0.67,0.53,0.39,0.29,0.21,0.07,0.01,projected
Rochdale,2021-07-20,0.67,0.56,0.45,0.36,0.28,0.13,0.03,projected
Rochdale,2021-07-21,0.67,0.56,0.45,0.36,0.28,0.13,0.03,projected
Rochdale,2021-07-22,0.67,0.56,0.45,0.36,0.28,0.13,0.03,projected
Rochdale,2021-07-23,0.67,0.56,0.45,0.36,0.28,0.13,0.03,projected
Rochdale,2021-07-24,0.67,0.56,0.45,0.36,0.28,0.13,0.03,projected
Rochdale,2021-07-25,0.67,0.56,0.45,0.36,0.28,0.13,0.03,projected
Rochdale,2021-07-26,0.67,0.56,0.45,0.36,0.28,0.13,0.03,projected
Rochford,2021-03-23,0.01,0.00,0.00,0.00,0.00,0.00,0.00,inferred
Rochford,2021-03-24,0.01,0.00,0.00,0.00,0.00,0.00,0.00,inferred
Rochford,2021-03-25,0.01,0.00,0.00,0.00,0.00,0.00,0.00,inferred
Rochford,2021-03-26,0.01,0.00,0.00,0.00,0.00,0.00,0.00,inferred
Rochford,2021-03-27,0.01,0.00,0.00,0.00,0.00,0.00,0.00,inferred
Rochford,2021-03-28,0.01,0.00,0.00,0.00,0.00,0.00,0.00,inferred
Rochford,2021-03-29,0.01,0.00,0.00,0.00,0.00,0.00,0.00,inferred
Rochford,2021-03-30,0.40,0.20,0.08,0.03,0.01,0.00,0.00,inferred
Rochford,2021-03-31,0.40,0.20,0.08,0.03,0.01,0.00,0.00,inferred
Rochford,2021-04-01,0.40,0.20,0.08,0.03,0.01,0.00,0.00,inferred
Rochford,2021-04-02,0.40,0.20,0.08,0.03,0.01,0.00,0.00,inferred
Rochford,2021-04-03,0.40,0.20,0.08,0.03,0.01,0.00,0.00,inferred
Rochford,2021-04-04,0.40,0.20,0.08,0.03,0.01,0.00,0.00,inferred
Rochford,2021-04-05,0.40,0.20,0.08,0.03,0.01,0.00,0.00,inferred
Rochford,2021-04-06,0.21,0.10,0.04,0.01,0.00,0.00,0.00,inferred
Rochford,2021-04-07,0.21,0.10,0.04,0.01,0.00,0.00,0.00,inferred
Rochford,2021-04-08,0.21,0.10,0.04,0.01,0.00,0.00,0.00,inferred
Rochford,2021-04-09,0.21,0.10,0.04,0.01,0.00,0.00,0.00,inferred
Rochford,2021-04-10,0.21,0.10,0.04,0.01,0.00,0.00,0.00,inferred
Rochford,2021-04-11,0.21,0.10,0.04,0.01,0.00,0.00,0.00,inferred
Rochford,2021-04-12,0.21,0.10,0.04,0.01,0.00,0.00,0.00,inferred
Rochford,2021-04-13,0.48,0.31,0.19,0.10,0.05,0.00,0.00,inferred
Rochford,2021-04-14,0.48,0.31,0.19,0.10,0.05,0.00,0.00,inferred
Rochford,2021-04-15,0.48,0.31,0.19,0.10,0.05,0.00,0.00,inferred
Rochford,2021-04-16,0.48,0.31,0.19,0.10,0.05,0.00,0.00,inferred
Rochford,2021-04-17,0.48,0.31,0.19,0.10,0.05,0.00,0.00,inferred
Rochford,2021-04-18,0.48,0.31,0.19,0.10,0.05,0.00,0.00,inferred
Rochford,2021-04-19,0.48,0.31,0.19,0.10,0.05,0.00,0.00,inferred
Rochford,2021-04-20,0.50,0.32,0.19,0.10,0.05,0.00,0.00,inferred
Rochford,2021-04-21,0.50,0.32,0.19,0.10,0.05,0.00,0.00,inferred
Rochford,2021-04-22,0.50,0.32,0.19,0.10,0.05,0.00,0.00,inferred
Rochford,2021-04-23,0.50,0.32,0.19,0.10,0.05,0.00,0.00,inferred
Rochford,2021-04-24,0.50,0.32,0.19,0.10,0.05,0.00,0.00,inferred
Rochford,2021-04-25,0.50,0.32,0.19,0.10,0.05,0.00,0.00,inferred
Rochford,2021-04-26,0.50,0.32,0.19,0.10,0.05,0.00,0.00,inferred
Rochford,2021-04-27,0.70,0.55,0.41,0.27,0.18,0.03,0.00,inferred
Rochford,2021-04-28,0.70,0.55,0.41,0.27,0.18,0.03,0.00,inferred
Rochford,2021-04-29,0.70,0.55,0.41,0.27,0.18,0.03,0.00,inferred
Rochford,2021-04-30,0.70,0.55,0.41,0.27,0.18,0.03,0.00,inferred
Rochford,2021-05-01,0.70,0.55,0.41,0.27,0.18,0.03,0.00,inferred
Rochford,2021-05-02,0.70,0.55,0.41,0.27,0.18,0.03,0.00,inferred
Rochford,2021-05-03,0.70,0.55,0.41,0.27,0.18,0.03,0.00,inferred
Rochford,2021-05-04,0.73,0.56,0.42,0.29,0.20,0.03,0.00,inferred
Rochford,2021-05-05,0.73,0.56,0.42,0.29,0.20,0.03,0.00,inferred
Rochford,2021-05-06,0.73,0.56,0.42,0.29,0.20,0.03,0.00,inferred
Rochford,2021-05-07,0.73,0.56,0.42,0.29,0.20,0.03,0.00,inferred
Rochford,2021-05-08,0.73,0.56,0.42,0.29,0.20,0.03,0.00,inferred
Rochford,2021-05-09,0.73,0.56,0.42,0.29,0.20,0.03,0.00,inferred
Rochford,2021-05-10,0.73,0.56,0.42,0.29,0.20,0.03,0.00,inferred
Rochford,2021-05-11,0.71,0.57,0.44,0.31,0.20,0.04,0.00,inferred
Rochford,2021-05-12,0.71,0.57,0.44,0.31,0.20,0.04,0.00,inferred
Rochford,2021-05-13,0.71,0.57,0.44,0.31,0.20,0.04,0.00,inferred
Rochford,2021-05-14,0.71,0.57,0.44,0.31,0.20,0.04,0.00,inferred
Rochford,2021-05-15,0.71,0.57,0.44,0.31,0.20,0.04,0.00,inferred
Rochford,2021-05-16,0.71,0.57,0.44,0.31,0.20,0.04,0.00,inferred
Rochford,2021-05-17,0.71,0.57,0.44,0.31,0.20,0.04,0.00,inferred
Rochford,2021-05-18,0.94,0.89,0.82,0.72,0.60,0.30,0.05,inferred
Rochford,2021-05-19,0.94,0.89,0.82,0.72,0.60,0.30,0.05,inferred
Rochford,2021-05-20,0.94,0.89,0.82,0.72,0.60,0.30,0.05,inferred
Rochford,2021-05-21,0.94,0.89,0.82,0.72,0.60,0.30,0.05,inferred
Rochford,2021-05-22,0.94,0.89,0.82,0.72,0.60,0.30,0.05,inferred
Rochford,2021-05-23,0.94,0.89,0.82,0.72,0.60,0.30,0.05,inferred
Rochford,2021-05-24,0.94,0.89,0.82,0.72,0.60,0.30,0.05,inferred
Rochford,2021-05-25,1.00,0.99,0.98,0.95,0.91,0.71,0.25,inferred
Rochford,2021-05-26,1.00,0.99,0.98,0.95,0.91,0.71,0.25,inferred
Rochford,2021-05-27,1.00,0.99,0.98,0.95,0.91,0.71,0.25,inferred
Rochford,2021-05-28,1.00,0.99,0.98,0.95,0.91,0.71,0.25,inferred
Rochford,2021-05-29,1.00,0.99,0.98,0.95,0.91,0.71,0.25,inferred
Rochford,2021-05-30,1.00,0.99,0.98,0.95,0.91,0.71,0.25,inferred
Rochford,2021-05-31,1.00,0.99,0.98,0.95,0.91,0.71,0.25,inferred
Rochford,2021-06-01,1.00,0.99,0.99,0.97,0.94,0.70,0.21,inferred
Rochford,2021-06-02,1.00,0.99,0.99,0.97,0.94,0.70,0.21,inferred
Rochford,2021-06-03,1.00,0.99,0.99,0.97,0.94,0.70,0.21,inferred
Rochford,2021-06-04,1.00,0.99,0.99,0.97,0.94,0.70,0.21,inferred
Rochford,2021-06-05,1.00,0.99,0.99,0.97,0.94,0.70,0.21,inferred
Rochford,2021-06-06,1.00,0.99,0.99,0.97,0.94,0.70,0.21,inferred
Rochford,2021-06-07,1.00,0.99,0.99,0.97,0.94,0.70,0.21,inferred
Rochford,2021-06-08,1.00,1.00,1.00,0.98,0.94,0.68,0.14,inferred
Rochford,2021-06-09,1.00,1.00,1.00,0.98,0.94,0.68,0.14,inferred
Rochford,2021-06-10,1.00,1.00,1.00,0.98,0.94,0.68,0.14,inferred
Rochford,2021-06-11,1.00,1.00,1.00,0.98,0.94,0.68,0.14,inferred
Rochford,2021-06-12,1.00,1.00,1.00,0.98,0.94,0.68,0.14,inferred
Rochford,2021-06-13,1.00,1.00,1.00,0.98,0.94,0.68,0.14,inferred
Rochford,2021-06-14,1.00,1.00,1.00,0.98,0.94,0.68,0.14,inferred
Rochford,2021-06-15,1.00,1.00,1.00,1.00,1.00,0.98,0.60,inferred
Rochford,2021-06-16,1.00,1.00,1.00,1.00,1.00,0.98,0.60,inferred
Rochford,2021-06-17,1.00,1.00,1.00,1.00,1.00,0.98,0.60,inferred
Rochford,2021-06-18,1.00,1.00,1.00,1.00,1.00,0.98,0.60,inferred
Rochford,2021-06-19,1.00,1.00,1.00,1.00,1.00,0.98,0.60,inferred
Rochford,2021-06-20,1.00,1.00,1.00,1.00,1.00,0.98,0.60,inferred
Rochford,2021-06-21,1.00,1.00,1.00,1.00,1.00,0.98,0.60,inferred
Rochford,2021-06-22,1.00,1.00,1.00,1.00,1.00,1.00,0.88,inferred
Rochford,2021-06-23,1.00,1.00,1.00,1.00,1.00,1.00,0.88,inferred
Rochford,2021-06-24,1.00,1.00,1.00,1.00,1.00,1.00,0.88,inferred
Rochford,2021-06-25,1.00,1.00,1.00,1.00,1.00,1.00,0.88,inferred
Rochford,2021-06-26,1.00,1.00,1.00,1.00,1.00,1.00,0.88,inferred
Rochford,2021-06-27,1.00,1.00,1.00,1.00,1.00,1.00,0.88,inferred
Rochford,2021-06-28,1.00,1.00,1.00,1.00,1.00,1.00,0.88,inferred
Rochford,2021-06-29,1.00,1.00,1.00,1.00,1.00,0.97,0.71,inferred
Rochford,2021-06-30,1.00,1.00,1.00,1.00,1.00,0.97,0.71,inferred
Rochford,2021-07-01,1.00,1.00,1.00,1.00,1.00,0.97,0.71,inferred
Rochford,2021-07-02,1.00,1.00,1.00,1.00,1.00,0.97,0.71,inferred
Rochford,2021-07-03,1.00,1.00,1.00,1.00,1.00,0.97,0.71,inferred
Rochford,2021-07-04,1.00,1.00,1.00,1.00,1.00,0.97,0.71,inferred
Rochford,2021-07-05,1.00,1.00,1.00,1.00,1.00,0.97,0.71,inferred
Rochford,2021-07-06,1.00,1.00,1.00,1.00,0.99,0.89,0.54,projected
Rochford,2021-07-07,1.00,1.00,1.00,1.00,0.99,0.89,0.54,projected
Rochford,2021-07-08,1.00,1.00,1.00,1.00,0.99,0.89,0.54,projected
Rochford,2021-07-09,1.00,1.00,1.00,1.00,0.99,0.89,0.54,projected
Rochford,2021-07-10,1.00,1.00,1.00,1.00,0.99,0.89,0.54,projected
Rochford,2021-07-11,1.00,1.00,1.00,1.00,0.99,0.89,0.54,projected
Rochford,2021-07-12,1.00,1.00,1.00,1.00,0.99,0.89,0.54,projected
Rochford,2021-07-13,1.00,1.00,0.99,0.97,0.95,0.81,0.45,projected
Rochford,2021-07-14,1.00,1.00,0.99,0.97,0.95,0.81,0.45,projected
Rochford,2021-07-15,1.00,1.00,0.99,0.97,0.95,0.81,0.45,projected
Rochford,2021-07-16,1.00,1.00,0.99,0.97,0.95,0.81,0.45,projected
Rochford,2021-07-17,1.00,1.00,0.99,0.97,0.95,0.81,0.45,projected
Rochford,2021-07-18,1.00,1.00,0.99,0.97,0.95,0.81,0.45,projected
Rochford,2021-07-19,1.00,1.00,0.99,0.97,0.95,0.81,0.45,projected
Rochford,2021-07-20,1.00,0.99,0.98,0.96,0.92,0.73,0.42,projected
Rochford,2021-07-21,1.00,0.99,0.98,0.96,0.92,0.73,0.42,projected
Rochford,2021-07-22,1.00,0.99,0.98,0.96,0.92,0.73,0.42,projected
Rochford,2021-07-23,1.00,0.99,0.98,0.96,0.92,0.73,0.42,projected
Rochford,2021-07-24,1.00,0.99,0.98,0.96,0.92,0.73,0.42,projected
Rochford,2021-07-25,1.00,0.99,0.98,0.96,0.92,0.73,0.42,projected
Rochford,2021-07-26,1.00,0.99,0.98,0.96,0.92,0.73,0.42,projected
Rossendale,2021-03-23,0.08,0.02,0.00,0.00,0.00,0.00,0.00,inferred
Rossendale,2021-03-24,0.08,0.02,0.00,0.00,0.00,0.00,0.00,inferred
Rossendale,2021-03-25,0.08,0.02,0.00,0.00,0.00,0.00,0.00,inferred
Rossendale,2021-03-26,0.08,0.02,0.00,0.00,0.00,0.00,0.00,inferred
Rossendale,2021-03-27,0.08,0.02,0.00,0.00,0.00,0.00,0.00,inferred
Rossendale,2021-03-28,0.08,0.02,0.00,0.00,0.00,0.00,0.00,inferred
Rossendale,2021-03-29,0.08,0.02,0.00,0.00,0.00,0.00,0.00,inferred
Rossendale,2021-03-30,0.18,0.07,0.02,0.00,0.00,0.00,0.00,inferred
Rossendale,2021-03-31,0.18,0.07,0.02,0.00,0.00,0.00,0.00,inferred
Rossendale,2021-04-01,0.18,0.07,0.02,0.00,0.00,0.00,0.00,inferred
Rossendale,2021-04-02,0.18,0.07,0.02,0.00,0.00,0.00,0.00,inferred
Rossendale,2021-04-03,0.18,0.07,0.02,0.00,0.00,0.00,0.00,inferred
Rossendale,2021-04-04,0.18,0.07,0.02,0.00,0.00,0.00,0.00,inferred
Rossendale,2021-04-05,0.18,0.07,0.02,0.00,0.00,0.00,0.00,inferred
Rossendale,2021-04-06,0.36,0.20,0.10,0.05,0.02,0.00,0.00,inferred
Rossendale,2021-04-07,0.36,0.20,0.10,0.05,0.02,0.00,0.00,inferred
Rossendale,2021-04-08,0.36,0.20,0.10,0.05,0.02,0.00,0.00,inferred
Rossendale,2021-04-09,0.36,0.20,0.10,0.05,0.02,0.00,0.00,inferred
Rossendale,2021-04-10,0.36,0.20,0.10,0.05,0.02,0.00,0.00,inferred
Rossendale,2021-04-11,0.36,0.20,0.10,0.05,0.02,0.00,0.00,inferred
Rossendale,2021-04-12,0.36,0.20,0.10,0.05,0.02,0.00,0.00,inferred
Rossendale,2021-04-13,0.75,0.59,0.44,0.30,0.18,0.03,0.00,inferred
Rossendale,2021-04-14,0.75,0.59,0.44,0.30,0.18,0.03,0.00,inferred
Rossendale,2021-04-15,0.75,0.59,0.44,0.30,0.18,0.03,0.00,inferred
Rossendale,2021-04-16,0.75,0.59,0.44,0.30,0.18,0.03,0.00,inferred
Rossendale,2021-04-17,0.75,0.59,0.44,0.30,0.18,0.03,0.00,inferred
Rossendale,2021-04-18,0.75,0.59,0.44,0.30,0.18,0.03,0.00,inferred
Rossendale,2021-04-19,0.75,0.59,0.44,0.30,0.18,0.03,0.00,inferred
Rossendale,2021-04-20,0.88,0.76,0.62,0.47,0.33,0.07,0.00,inferred
Rossendale,2021-04-21,0.88,0.76,0.62,0.47,0.33,0.07,0.00,inferred
Rossendale,2021-04-22,0.88,0.76,0.62,0.47,0.33,0.07,0.00,inferred
Rossendale,2021-04-23,0.88,0.76,0.62,0.47,0.33,0.07,0.00,inferred
Rossendale,2021-04-24,0.88,0.76,0.62,0.47,0.33,0.07,0.00,inferred
Rossendale,2021-04-25,0.88,0.76,0.62,0.47,0.33,0.07,0.00,inferred
Rossendale,2021-04-26,0.88,0.76,0.62,0.47,0.33,0.07,0.00,inferred
Rossendale,2021-04-27,0.98,0.95,0.90,0.81,0.69,0.30,0.03,inferred
Rossendale,2021-04-28,0.98,0.95,0.90,0.81,0.69,0.30,0.03,inferred
Rossendale,2021-04-29,0.98,0.95,0.90,0.81,0.69,0.30,0.03,inferred
Rossendale,2021-04-30,0.98,0.95,0.90,0.81,0.69,0.30,0.03,inferred
Rossendale,2021-05-01,0.98,0.95,0.90,0.81,0.69,0.30,0.03,inferred
Rossendale,2021-05-02,0.98,0.95,0.90,0.81,0.69,0.30,0.03,inferred
Rossendale,2021-05-03,0.98,0.95,0.90,0.81,0.69,0.30,0.03,inferred
Rossendale,2021-05-04,1.00,1.00,1.00,1.00,0.99,0.90,0.43,inferred
Rossendale,2021-05-05,1.00,1.00,1.00,1.00,0.99,0.90,0.43,inferred
Rossendale,2021-05-06,1.00,1.00,1.00,1.00,0.99,0.90,0.43,inferred
Rossendale,2021-05-07,1.00,1.00,1.00,1.00,0.99,0.90,0.43,inferred
Rossendale,2021-05-08,1.00,1.00,1.00,1.00,0.99,0.90,0.43,inferred
Rossendale,2021-05-09,1.00,1.00,1.00,1.00,0.99,0.90,0.43,inferred
Rossendale,2021-05-10,1.00,1.00,1.00,1.00,0.99,0.90,0.43,inferred
Rossendale,2021-05-11,1.00,1.00,1.00,1.00,1.00,1.00,0.93,inferred
Rossendale,2021-05-12,1.00,1.00,1.00,1.00,1.00,1.00,0.93,inferred
Rossendale,2021-05-13,1.00,1.00,1.00,1.00,1.00,1.00,0.93,inferred
Rossendale,2021-05-14,1.00,1.00,1.00,1.00,1.00,1.00,0.93,inferred
Rossendale,2021-05-15,1.00,1.00,1.00,1.00,1.00,1.00,0.93,inferred
Rossendale,2021-05-16,1.00,1.00,1.00,1.00,1.00,1.00,0.93,inferred
Rossendale,2021-05-17,1.00,1.00,1.00,1.00,1.00,1.00,0.93,inferred
Rossendale,2021-05-18,1.00,1.00,1.00,1.00,1.00,0.89,0.45,inferred
Rossendale,2021-05-19,1.00,1.00,1.00,1.00,1.00,0.89,0.45,inferred
Rossendale,2021-05-20,1.00,1.00,1.00,1.00,1.00,0.89,0.45,inferred
Rossendale,2021-05-21,1.00,1.00,1.00,1.00,1.00,0.89,0.45,inferred
Rossendale,2021-05-22,1.00,1.00,1.00,1.00,1.00,0.89,0.45,inferred
Rossendale,2021-05-23,1.00,1.00,1.00,1.00,1.00,0.89,0.45,inferred
Rossendale,2021-05-24,1.00,1.00,1.00,1.00,1.00,0.89,0.45,inferred
Rossendale,2021-05-25,1.00,1.00,1.00,0.97,0.87,0.24,0.00,inferred
Rossendale,2021-05-26,1.00,1.00,1.00,0.97,0.87,0.24,0.00,inferred
Rossendale,2021-05-27,1.00,1.00,1.00,0.97,0.87,0.24,0.00,inferred
Rossendale,2021-05-28,1.00,1.00,1.00,0.97,0.87,0.24,0.00,inferred
Rossendale,2021-05-29,1.00,1.00,1.00,0.97,0.87,0.24,0.00,inferred
Rossendale,2021-05-30,1.00,1.00,1.00,0.97,0.87,0.24,0.00,inferred
Rossendale,2021-05-31,1.00,1.00,1.00,0.97,0.87,0.24,0.00,inferred
Rossendale,2021-06-01,0.99,0.86,0.54,0.22,0.07,0.00,0.00,inferred
Rossendale,2021-06-02,0.99,0.86,0.54,0.22,0.07,0.00,0.00,inferred
Rossendale,2021-06-03,0.99,0.86,0.54,0.22,0.07,0.00,0.00,inferred
Rossendale,2021-06-04,0.99,0.86,0.54,0.22,0.07,0.00,0.00,inferred
Rossendale,2021-06-05,0.99,0.86,0.54,0.22,0.07,0.00,0.00,inferred
Rossendale,2021-06-06,0.99,0.86,0.54,0.22,0.07,0.00,0.00,inferred
Rossendale,2021-06-07,0.99,0.86,0.54,0.22,0.07,0.00,0.00,inferred
Rossendale,2021-06-08,0.97,0.82,0.45,0.14,0.02,0.00,0.00,inferred
Rossendale,2021-06-09,0.97,0.82,0.45,0.14,0.02,0.00,0.00,inferred
Rossendale,2021-06-10,0.97,0.82,0.45,0.14,0.02,0.00,0.00,inferred
Rossendale,2021-06-11,0.97,0.82,0.45,0.14,0.02,0.00,0.00,inferred
Rossendale,2021-06-12,0.97,0.82,0.45,0.14,0.02,0.00,0.00,inferred
Rossendale,2021-06-13,0.97,0.82,0.45,0.14,0.02,0.00,0.00,inferred
Rossendale,2021-06-14,0.97,0.82,0.45,0.14,0.02,0.00,0.00,inferred
Rossendale,2021-06-15,1.00,1.00,1.00,1.00,0.95,0.22,0.00,inferred
Rossendale,2021-06-16,1.00,1.00,1.00,1.00,0.95,0.22,0.00,inferred
Rossendale,2021-06-17,1.00,1.00,1.00,1.00,0.95,0.22,0.00,inferred
Rossendale,2021-06-18,1.00,1.00,1.00,1.00,0.95,0.22,0.00,inferred
Rossendale,2021-06-19,1.00,1.00,1.00,1.00,0.95,0.22,0.00,inferred
Rossendale,2021-06-20,1.00,1.00,1.00,1.00,0.95,0.22,0.00,inferred
Rossendale,2021-06-21,1.00,1.00,1.00,1.00,0.95,0.22,0.00,inferred
Rossendale,2021-06-22,1.00,1.00,1.00,0.97,0.86,0.17,0.00,inferred
Rossendale,2021-06-23,1.00,1.00,1.00,0.97,0.86,0.17,0.00,inferred
Rossendale,2021-06-24,1.00,1.00,1.00,0.97,0.86,0.17,0.00,inferred
Rossendale,2021-06-25,1.00,1.00,1.00,0.97,0.86,0.17,0.00,inferred
Rossendale,2021-06-26,1.00,1.00,1.00,0.97,0.86,0.17,0.00,inferred
Rossendale,2021-06-27,1.00,1.00,1.00,0.97,0.86,0.17,0.00,inferred
Rossendale,2021-06-28,1.00,1.00,1.00,0.97,0.86,0.17,0.00,inferred
Rossendale,2021-06-29,0.83,0.61,0.37,0.20,0.09,0.00,0.00,inferred
Rossendale,2021-06-30,0.83,0.61,0.37,0.20,0.09,0.00,0.00,inferred
Rossendale,2021-07-01,0.83,0.61,0.37,0.20,0.09,0.00,0.00,inferred
Rossendale,2021-07-02,0.83,0.61,0.37,0.20,0.09,0.00,0.00,inferred
Rossendale,2021-07-03,0.83,0.61,0.37,0.20,0.09,0.00,0.00,inferred
Rossendale,2021-07-04,0.83,0.61,0.37,0.20,0.09,0.00,0.00,inferred
Rossendale,2021-07-05,0.83,0.61,0.37,0.20,0.09,0.00,0.00,inferred
Rossendale,2021-07-06,0.71,0.56,0.41,0.29,0.20,0.05,0.01,projected
Rossendale,2021-07-07,0.71,0.56,0.41,0.29,0.20,0.05,0.01,projected
Rossendale,2021-07-08,0.71,0.56,0.41,0.29,0.20,0.05,0.01,projected
Rossendale,2021-07-09,0.71,0.56,0.41,0.29,0.20,0.05,0.01,projected
Rossendale,2021-07-10,0.71,0.56,0.41,0.29,0.20,0.05,0.01,projected
Rossendale,2021-07-11,0.71,0.56,0.41,0.29,0.20,0.05,0.01,projected
Rossendale,2021-07-12,0.71,0.56,0.41,0.29,0.20,0.05,0.01,projected
Rossendale,2021-07-13,0.67,0.55,0.42,0.32,0.24,0.09,0.02,projected
Rossendale,2021-07-14,0.67,0.55,0.42,0.32,0.24,0.09,0.02,projected
Rossendale,2021-07-15,0.67,0.55,0.42,0.32,0.24,0.09,0.02,projected
Rossendale,2021-07-16,0.67,0.55,0.42,0.32,0.24,0.09,0.02,projected
Rossendale,2021-07-17,0.67,0.55,0.42,0.32,0.24,0.09,0.02,projected
Rossendale,2021-07-18,0.67,0.55,0.42,0.32,0.24,0.09,0.02,projected
Rossendale,2021-07-19,0.67,0.55,0.42,0.32,0.24,0.09,0.02,projected
Rossendale,2021-07-20,0.67,0.56,0.47,0.36,0.28,0.13,0.04,projected
Rossendale,2021-07-21,0.67,0.56,0.47,0.36,0.28,0.13,0.04,projected
Rossendale,2021-07-22,0.67,0.56,0.47,0.36,0.28,0.13,0.04,projected
Rossendale,2021-07-23,0.67,0.56,0.47,0.36,0.28,0.13,0.04,projected
Rossendale,2021-07-24,0.67,0.56,0.47,0.36,0.28,0.13,0.04,projected
Rossendale,2021-07-25,0.67,0.56,0.47,0.36,0.28,0.13,0.04,projected
Rossendale,2021-07-26,0.67,0.56,0.47,0.36,0.28,0.13,0.04,projected
Rother,2021-03-23,0.12,0.05,0.02,0.00,0.00,0.00,0.00,inferred
Rother,2021-03-24,0.12,0.05,0.02,0.00,0.00,0.00,0.00,inferred
Rother,2021-03-25,0.12,0.05,0.02,0.00,0.00,0.00,0.00,inferred
Rother,2021-03-26,0.12,0.05,0.02,0.00,0.00,0.00,0.00,inferred
Rother,2021-03-27,0.12,0.05,0.02,0.00,0.00,0.00,0.00,inferred
Rother,2021-03-28,0.12,0.05,0.02,0.00,0.00,0.00,0.00,inferred
Rother,2021-03-29,0.12,0.05,0.02,0.00,0.00,0.00,0.00,inferred
Rother,2021-03-30,0.27,0.14,0.07,0.03,0.01,0.00,0.00,inferred
Rother,2021-03-31,0.27,0.14,0.07,0.03,0.01,0.00,0.00,inferred
Rother,2021-04-01,0.27,0.14,0.07,0.03,0.01,0.00,0.00,inferred
Rother,2021-04-02,0.27,0.14,0.07,0.03,0.01,0.00,0.00,inferred
Rother,2021-04-03,0.27,0.14,0.07,0.03,0.01,0.00,0.00,inferred
Rother,2021-04-04,0.27,0.14,0.07,0.03,0.01,0.00,0.00,inferred
Rother,2021-04-05,0.27,0.14,0.07,0.03,0.01,0.00,0.00,inferred
Rother,2021-04-06,0.84,0.73,0.60,0.46,0.34,0.12,0.01,inferred
Rother,2021-04-07,0.84,0.73,0.60,0.46,0.34,0.12,0.01,inferred
Rother,2021-04-08,0.84,0.73,0.60,0.46,0.34,0.12,0.01,inferred
Rother,2021-04-09,0.84,0.73,0.60,0.46,0.34,0.12,0.01,inferred
Rother,2021-04-10,0.84,0.73,0.60,0.46,0.34,0.12,0.01,inferred
Rother,2021-04-11,0.84,0.73,0.60,0.46,0.34,0.12,0.01,inferred
Rother,2021-04-12,0.84,0.73,0.60,0.46,0.34,0.12,0.01,inferred
Rother,2021-04-13,0.90,0.81,0.70,0.60,0.46,0.18,0.02,inferred
Rother,2021-04-14,0.90,0.81,0.70,0.60,0.46,0.18,0.02,inferred
Rother,2021-04-15,0.90,0.81,0.70,0.60,0.46,0.18,0.02,inferred
Rother,2021-04-16,0.90,0.81,0.70,0.60,0.46,0.18,0.02,inferred
Rother,2021-04-17,0.90,0.81,0.70,0.60,0.46,0.18,0.02,inferred
Rother,2021-04-18,0.90,0.81,0.70,0.60,0.46,0.18,0.02,inferred
Rother,2021-04-19,0.90,0.81,0.70,0.60,0.46,0.18,0.02,inferred
Rother,2021-04-20,0.82,0.70,0.55,0.40,0.28,0.08,0.00,inferred
Rother,2021-04-21,0.82,0.70,0.55,0.40,0.28,0.08,0.00,inferred
Rother,2021-04-22,0.82,0.70,0.55,0.40,0.28,0.08,0.00,inferred
Rother,2021-04-23,0.82,0.70,0.55,0.40,0.28,0.08,0.00,inferred
Rother,2021-04-24,0.82,0.70,0.55,0.40,0.28,0.08,0.00,inferred
Rother,2021-04-25,0.82,0.70,0.55,0.40,0.28,0.08,0.00,inferred
Rother,2021-04-26,0.82,0.70,0.55,0.40,0.28,0.08,0.00,inferred
Rother,2021-04-27,0.78,0.63,0.48,0.34,0.24,0.05,0.00,inferred
Rother,2021-04-28,0.78,0.63,0.48,0.34,0.24,0.05,0.00,inferred
Rother,2021-04-29,0.78,0.63,0.48,0.34,0.24,0.05,0.00,inferred
Rother,2021-04-30,0.78,0.63,0.48,0.34,0.24,0.05,0.00,inferred
Rother,2021-05-01,0.78,0.63,0.48,0.34,0.24,0.05,0.00,inferred
Rother,2021-05-02,0.78,0.63,0.48,0.34,0.24,0.05,0.00,inferred
Rother,2021-05-03,0.78,0.63,0.48,0.34,0.24,0.05,0.00,inferred
Rother,2021-05-04,0.79,0.66,0.50,0.35,0.22,0.05,0.00,inferred
Rother,2021-05-05,0.79,0.66,0.50,0.35,0.22,0.05,0.00,inferred
Rother,2021-05-06,0.79,0.66,0.50,0.35,0.22,0.05,0.00,inferred
Rother,2021-05-07,0.79,0.66,0.50,0.35,0.22,0.05,0.00,inferred
Rother,2021-05-08,0.79,0.66,0.50,0.35,0.22,0.05,0.00,inferred
Rother,2021-05-09,0.79,0.66,0.50,0.35,0.22,0.05,0.00,inferred
Rother,2021-05-10,0.79,0.66,0.50,0.35,0.22,0.05,0.00,inferred
Rother,2021-05-11,0.70,0.56,0.42,0.29,0.18,0.04,0.00,inferred
Rother,2021-05-12,0.70,0.56,0.42,0.29,0.18,0.04,0.00,inferred
Rother,2021-05-13,0.70,0.56,0.42,0.29,0.18,0.04,0.00,inferred
Rother,2021-05-14,0.70,0.56,0.42,0.29,0.18,0.04,0.00,inferred
Rother,2021-05-15,0.70,0.56,0.42,0.29,0.18,0.04,0.00,inferred
Rother,2021-05-16,0.70,0.56,0.42,0.29,0.18,0.04,0.00,inferred
Rother,2021-05-17,0.70,0.56,0.42,0.29,0.18,0.04,0.00,inferred
Rother,2021-05-18,0.96,0.91,0.85,0.76,0.63,0.32,0.03,inferred
Rother,2021-05-19,0.96,0.91,0.85,0.76,0.63,0.32,0.03,inferred
Rother,2021-05-20,0.96,0.91,0.85,0.76,0.63,0.32,0.03,inferred
Rother,2021-05-21,0.96,0.91,0.85,0.76,0.63,0.32,0.03,inferred
Rother,2021-05-22,0.96,0.91,0.85,0.76,0.63,0.32,0.03,inferred
Rother,2021-05-23,0.96,0.91,0.85,0.76,0.63,0.32,0.03,inferred
Rother,2021-05-24,0.96,0.91,0.85,0.76,0.63,0.32,0.03,inferred
Rother,2021-05-25,0.97,0.93,0.86,0.77,0.64,0.29,0.03,inferred
Rother,2021-05-26,0.97,0.93,0.86,0.77,0.64,0.29,0.03,inferred
Rother,2021-05-27,0.97,0.93,0.86,0.77,0.64,0.29,0.03,inferred
Rother,2021-05-28,0.97,0.93,0.86,0.77,0.64,0.29,0.03,inferred
Rother,2021-05-29,0.97,0.93,0.86,0.77,0.64,0.29,0.03,inferred
Rother,2021-05-30,0.97,0.93,0.86,0.77,0.64,0.29,0.03,inferred
Rother,2021-05-31,0.97,0.93,0.86,0.77,0.64,0.29,0.03,inferred
Rother,2021-06-01,1.00,0.99,0.98,0.94,0.89,0.63,0.16,inferred
Rother,2021-06-02,1.00,0.99,0.98,0.94,0.89,0.63,0.16,inferred
Rother,2021-06-03,1.00,0.99,0.98,0.94,0.89,0.63,0.16,inferred
Rother,2021-06-04,1.00,0.99,0.98,0.94,0.89,0.63,0.16,inferred
Rother,2021-06-05,1.00,0.99,0.98,0.94,0.89,0.63,0.16,inferred
Rother,2021-06-06,1.00,0.99,0.98,0.94,0.89,0.63,0.16,inferred
Rother,2021-06-07,1.00,0.99,0.98,0.94,0.89,0.63,0.16,inferred
Rother,2021-06-08,1.00,0.99,0.98,0.94,0.87,0.56,0.11,inferred
Rother,2021-06-09,1.00,0.99,0.98,0.94,0.87,0.56,0.11,inferred
Rother,2021-06-10,1.00,0.99,0.98,0.94,0.87,0.56,0.11,inferred
Rother,2021-06-11,1.00,0.99,0.98,0.94,0.87,0.56,0.11,inferred
Rother,2021-06-12,1.00,0.99,0.98,0.94,0.87,0.56,0.11,inferred
Rother,2021-06-13,1.00,0.99,0.98,0.94,0.87,0.56,0.11,inferred
Rother,2021-06-14,1.00,0.99,0.98,0.94,0.87,0.56,0.11,inferred
Rother,2021-06-15,1.00,1.00,1.00,1.00,1.00,1.00,0.90,inferred
Rother,2021-06-16,1.00,1.00,1.00,1.00,1.00,1.00,0.90,inferred
Rother,2021-06-17,1.00,1.00,1.00,1.00,1.00,1.00,0.90,inferred
Rother,2021-06-18,1.00,1.00,1.00,1.00,1.00,1.00,0.90,inferred
Rother,2021-06-19,1.00,1.00,1.00,1.00,1.00,1.00,0.90,inferred
Rother,2021-06-20,1.00,1.00,1.00,1.00,1.00,1.00,0.90,inferred
Rother,2021-06-21,1.00,1.00,1.00,1.00,1.00,1.00,0.90,inferred
Rother,2021-06-22,1.00,1.00,1.00,1.00,1.00,0.99,0.86,inferred
Rother,2021-06-23,1.00,1.00,1.00,1.00,1.00,0.99,0.86,inferred
Rother,2021-06-24,1.00,1.00,1.00,1.00,1.00,0.99,0.86,inferred
Rother,2021-06-25,1.00,1.00,1.00,1.00,1.00,0.99,0.86,inferred
Rother,2021-06-26,1.00,1.00,1.00,1.00,1.00,0.99,0.86,inferred
Rother,2021-06-27,1.00,1.00,1.00,1.00,1.00,0.99,0.86,inferred
Rother,2021-06-28,1.00,1.00,1.00,1.00,1.00,0.99,0.86,inferred
Rother,2021-06-29,1.00,1.00,1.00,0.99,0.98,0.83,0.36,inferred
Rother,2021-06-30,1.00,1.00,1.00,0.99,0.98,0.83,0.36,inferred
Rother,2021-07-01,1.00,1.00,1.00,0.99,0.98,0.83,0.36,inferred
Rother,2021-07-02,1.00,1.00,1.00,0.99,0.98,0.83,0.36,inferred
Rother,2021-07-03,1.00,1.00,1.00,0.99,0.98,0.83,0.36,inferred
Rother,2021-07-04,1.00,1.00,1.00,0.99,0.98,0.83,0.36,inferred
Rother,2021-07-05,1.00,1.00,1.00,0.99,0.98,0.83,0.36,inferred
Rother,2021-07-06,1.00,0.99,0.98,0.95,0.92,0.70,0.33,projected
Rother,2021-07-07,1.00,0.99,0.98,0.95,0.92,0.70,0.33,projected
Rother,2021-07-08,1.00,0.99,0.98,0.95,0.92,0.70,0.33,projected
Rother,2021-07-09,1.00,0.99,0.98,0.95,0.92,0.70,0.33,projected
Rother,2021-07-10,1.00,0.99,0.98,0.95,0.92,0.70,0.33,projected
Rother,2021-07-11,1.00,0.99,0.98,0.95,0.92,0.70,0.33,projected
Rother,2021-07-12,1.00,0.99,0.98,0.95,0.92,0.70,0.33,projected
Rother,2021-07-13,1.00,0.98,0.95,0.91,0.86,0.65,0.33,projected
Rother,2021-07-14,1.00,0.98,0.95,0.91,0.86,0.65,0.33,projected
Rother,2021-07-15,1.00,0.98,0.95,0.91,0.86,0.65,0.33,projected
Rother,2021-07-16,1.00,0.98,0.95,0.91,0.86,0.65,0.33,projected
Rother,2021-07-17,1.00,0.98,0.95,0.91,0.86,0.65,0.33,projected
Rother,2021-07-18,1.00,0.98,0.95,0.91,0.86,0.65,0.33,projected
Rother,2021-07-19,1.00,0.98,0.95,0.91,0.86,0.65,0.33,projected
Rother,2021-07-20,0.99,0.96,0.93,0.89,0.83,0.62,0.32,projected
Rother,2021-07-21,0.99,0.96,0.93,0.89,0.83,0.62,0.32,projected
Rother,2021-07-22,0.99,0.96,0.93,0.89,0.83,0.62,0.32,projected
Rother,2021-07-23,0.99,0.96,0.93,0.89,0.83,0.62,0.32,projected
Rother,2021-07-24,0.99,0.96,0.93,0.89,0.83,0.62,0.32,projected
Rother,2021-07-25,0.99,0.96,0.93,0.89,0.83,0.62,0.32,projected
Rother,2021-07-26,0.99,0.96,0.93,0.89,0.83,0.62,0.32,projected
Rotherham,2021-03-23,0.00,0.00,0.00,0.00,0.00,0.00,0.00,inferred
Rotherham,2021-03-24,0.00,0.00,0.00,0.00,0.00,0.00,0.00,inferred
Rotherham,2021-03-25,0.00,0.00,0.00,0.00,0.00,0.00,0.00,inferred
Rotherham,2021-03-26,0.00,0.00,0.00,0.00,0.00,0.00,0.00,inferred
Rotherham,2021-03-27,0.00,0.00,0.00,0.00,0.00,0.00,0.00,inferred
Rotherham,2021-03-28,0.00,0.00,0.00,0.00,0.00,0.00,0.00,inferred
Rotherham,2021-03-29,0.00,0.00,0.00,0.00,0.00,0.00,0.00,inferred
Rotherham,2021-03-30,0.53,0.18,0.03,0.00,0.00,0.00,0.00,inferred
Rotherham,2021-03-31,0.53,0.18,0.03,0.00,0.00,0.00,0.00,inferred
Rotherham,2021-04-01,0.53,0.18,0.03,0.00,0.00,0.00,0.00,inferred
Rotherham,2021-04-02,0.53,0.18,0.03,0.00,0.00,0.00,0.00,inferred
Rotherham,2021-04-03,0.53,0.18,0.03,0.00,0.00,0.00,0.00,inferred
Rotherham,2021-04-04,0.53,0.18,0.03,0.00,0.00,0.00,0.00,inferred
Rotherham,2021-04-05,0.53,0.18,0.03,0.00,0.00,0.00,0.00,inferred
Rotherham,2021-04-06,0.11,0.02,0.00,0.00,0.00,0.00,0.00,inferred
Rotherham,2021-04-07,0.11,0.02,0.00,0.00,0.00,0.00,0.00,inferred
Rotherham,2021-04-08,0.11,0.02,0.00,0.00,0.00,0.00,0.00,inferred
Rotherham,2021-04-09,0.11,0.02,0.00,0.00,0.00,0.00,0.00,inferred
Rotherham,2021-04-10,0.11,0.02,0.00,0.00,0.00,0.00,0.00,inferred
Rotherham,2021-04-11,0.11,0.02,0.00,0.00,0.00,0.00,0.00,inferred
Rotherham,2021-04-12,0.11,0.02,0.00,0.00,0.00,0.00,0.00,inferred
Rotherham,2021-04-13,0.44,0.14,0.02,0.00,0.00,0.00,0.00,inferred
Rotherham,2021-04-14,0.44,0.14,0.02,0.00,0.00,0.00,0.00,inferred
Rotherham,2021-04-15,0.44,0.14,0.02,0.00,0.00,0.00,0.00,inferred
Rotherham,2021-04-16,0.44,0.14,0.02,0.00,0.00,0.00,0.00,inferred
Rotherham,2021-04-17,0.44,0.14,0.02,0.00,0.00,0.00,0.00,inferred
Rotherham,2021-04-18,0.44,0.14,0.02,0.00,0.00,0.00,0.00,inferred
Rotherham,2021-04-19,0.44,0.14,0.02,0.00,0.00,0.00,0.00,inferred
Rotherham,2021-04-20,0.41,0.15,0.03,0.01,0.00,0.00,0.00,inferred
Rotherham,2021-04-21,0.41,0.15,0.03,0.01,0.00,0.00,0.00,inferred
Rotherham,2021-04-22,0.41,0.15,0.03,0.01,0.00,0.00,0.00,inferred
Rotherham,2021-04-23,0.41,0.15,0.03,0.01,0.00,0.00,0.00,inferred
Rotherham,2021-04-24,0.41,0.15,0.03,0.01,0.00,0.00,0.00,inferred
Rotherham,2021-04-25,0.41,0.15,0.03,0.01,0.00,0.00,0.00,inferred
Rotherham,2021-04-26,0.41,0.15,0.03,0.01,0.00,0.00,0.00,inferred
Rotherham,2021-04-27,0.82,0.54,0.24,0.07,0.01,0.00,0.00,inferred
Rotherham,2021-04-28,0.82,0.54,0.24,0.07,0.01,0.00,0.00,inferred
Rotherham,2021-04-29,0.82,0.54,0.24,0.07,0.01,0.00,0.00,inferred
Rotherham,2021-04-30,0.82,0.54,0.24,0.07,0.01,0.00,0.00,inferred
Rotherham,2021-05-01,0.82,0.54,0.24,0.07,0.01,0.00,0.00,inferred
Rotherham,2021-05-02,0.82,0.54,0.24,0.07,0.01,0.00,0.00,inferred
Rotherham,2021-05-03,0.82,0.54,0.24,0.07,0.01,0.00,0.00,inferred
Rotherham,2021-05-04,0.41,0.15,0.03,0.00,0.00,0.00,0.00,inferred
Rotherham,2021-05-05,0.41,0.15,0.03,0.00,0.00,0.00,0.00,inferred
Rotherham,2021-05-06,0.41,0.15,0.03,0.00,0.00,0.00,0.00,inferred
Rotherham,2021-05-07,0.41,0.15,0.03,0.00,0.00,0.00,0.00,inferred
Rotherham,2021-05-08,0.41,0.15,0.03,0.00,0.00,0.00,0.00,inferred
Rotherham,2021-05-09,0.41,0.15,0.03,0.00,0.00,0.00,0.00,inferred
Rotherham,2021-05-10,0.41,0.15,0.03,0.00,0.00,0.00,0.00,inferred
Rotherham,2021-05-11,0.67,0.37,0.15,0.04,0.01,0.00,0.00,inferred
Rotherham,2021-05-12,0.67,0.37,0.15,0.04,0.01,0.00,0.00,inferred
Rotherham,2021-05-13,0.67,0.37,0.15,0.04,0.01,0.00,0.00,inferred
Rotherham,2021-05-14,0.67,0.37,0.15,0.04,0.01,0.00,0.00,inferred
Rotherham,2021-05-15,0.67,0.37,0.15,0.04,0.01,0.00,0.00,inferred
Rotherham,2021-05-16,0.67,0.37,0.15,0.04,0.01,0.00,0.00,inferred
Rotherham,2021-05-17,0.67,0.37,0.15,0.04,0.01,0.00,0.00,inferred
Rotherham,2021-05-18,0.89,0.70,0.42,0.18,0.06,0.00,0.00,inferred
Rotherham,2021-05-19,0.89,0.70,0.42,0.18,0.06,0.00,0.00,inferred
Rotherham,2021-05-20,0.89,0.70,0.42,0.18,0.06,0.00,0.00,inferred
Rotherham,2021-05-21,0.89,0.70,0.42,0.18,0.06,0.00,0.00,inferred
Rotherham,2021-05-22,0.89,0.70,0.42,0.18,0.06,0.00,0.00,inferred
Rotherham,2021-05-23,0.89,0.70,0.42,0.18,0.06,0.00,0.00,inferred
Rotherham,2021-05-24,0.89,0.70,0.42,0.18,0.06,0.00,0.00,inferred
Rotherham,2021-05-25,0.99,0.96,0.85,0.65,0.40,0.03,0.00,inferred
Rotherham,2021-05-26,0.99,0.96,0.85,0.65,0.40,0.03,0.00,inferred
Rotherham,2021-05-27,0.99,0.96,0.85,0.65,0.40,0.03,0.00,inferred
Rotherham,2021-05-28,0.99,0.96,0.85,0.65,0.40,0.03,0.00,inferred
Rotherham,2021-05-29,0.99,0.96,0.85,0.65,0.40,0.03,0.00,inferred
Rotherham,2021-05-30,0.99,0.96,0.85,0.65,0.40,0.03,0.00,inferred
Rotherham,2021-05-31,0.99,0.96,0.85,0.65,0.40,0.03,0.00,inferred
Rotherham,2021-06-01,1.00,1.00,0.99,0.95,0.87,0.27,0.00,inferred
Rotherham,2021-06-02,1.00,1.00,0.99,0.95,0.87,0.27,0.00,inferred
Rotherham,2021-06-03,1.00,1.00,0.99,0.95,0.87,0.27,0.00,inferred
Rotherham,2021-06-04,1.00,1.00,0.99,0.95,0.87,0.27,0.00,inferred
Rotherham,2021-06-05,1.00,1.00,0.99,0.95,0.87,0.27,0.00,inferred
Rotherham,2021-06-06,1.00,1.00,0.99,0.95,0.87,0.27,0.00,inferred
Rotherham,2021-06-07,1.00,1.00,0.99,0.95,0.87,0.27,0.00,inferred
Rotherham,2021-06-08,1.00,1.00,1.00,1.00,0.99,0.73,0.07,inferred
Rotherham,2021-06-09,1.00,1.00,1.00,1.00,0.99,0.73,0.07,inferred
Rotherham,2021-06-10,1.00,1.00,1.00,1.00,0.99,0.73,0.07,inferred
Rotherham,2021-06-11,1.00,1.00,1.00,1.00,0.99,0.73,0.07,inferred
Rotherham,2021-06-12,1.00,1.00,1.00,1.00,0.99,0.73,0.07,inferred
Rotherham,2021-06-13,1.00,1.00,1.00,1.00,0.99,0.73,0.07,inferred
Rotherham,2021-06-14,1.00,1.00,1.00,1.00,0.99,0.73,0.07,inferred
Rotherham,2021-06-15,1.00,1.00,1.00,1.00,1.00,0.98,0.51,inferred
Rotherham,2021-06-16,1.00,1.00,1.00,1.00,1.00,0.98,0.51,inferred
Rotherham,2021-06-17,1.00,1.00,1.00,1.00,1.00,0.98,0.51,inferred
Rotherham,2021-06-18,1.00,1.00,1.00,1.00,1.00,0.98,0.51,inferred
Rotherham,2021-06-19,1.00,1.00,1.00,1.00,1.00,0.98,0.51,inferred
Rotherham,2021-06-20,1.00,1.00,1.00,1.00,1.00,0.98,0.51,inferred
Rotherham,2021-06-21,1.00,1.00,1.00,1.00,1.00,0.98,0.51,inferred
Rotherham,2021-06-22,1.00,1.00,1.00,1.00,1.00,0.96,0.49,inferred
Rotherham,2021-06-23,1.00,1.00,1.00,1.00,1.00,0.96,0.49,inferred
Rotherham,2021-06-24,1.00,1.00,1.00,1.00,1.00,0.96,0.49,inferred
Rotherham,2021-06-25,1.00,1.00,1.00,1.00,1.00,0.96,0.49,inferred
Rotherham,2021-06-26,1.00,1.00,1.00,1.00,1.00,0.96,0.49,inferred
Rotherham,2021-06-27,1.00,1.00,1.00,1.00,1.00,0.96,0.49,inferred
Rotherham,2021-06-28,1.00,1.00,1.00,1.00,1.00,0.96,0.49,inferred
Rotherham,2021-06-29,1.00,1.00,1.00,0.99,0.97,0.73,0.14,inferred
Rotherham,2021-06-30,1.00,1.00,1.00,0.99,0.97,0.73,0.14,inferred
Rotherham,2021-07-01,1.00,1.00,1.00,0.99,0.97,0.73,0.14,inferred
Rotherham,2021-07-02,1.00,1.00,1.00,0.99,0.97,0.73,0.14,inferred
Rotherham,2021-07-03,1.00,1.00,1.00,0.99,0.97,0.73,0.14,inferred
Rotherham,2021-07-04,1.00,1.00,1.00,0.99,0.97,0.73,0.14,inferred
Rotherham,2021-07-05,1.00,1.00,1.00,0.99,0.97,0.73,0.14,inferred
Rotherham,2021-07-06,1.00,0.98,0.96,0.92,0.86,0.59,0.20,projected
Rotherham,2021-07-07,1.00,0.98,0.96,0.92,0.86,0.59,0.20,projected
Rotherham,2021-07-08,1.00,0.98,0.96,0.92,0.86,0.59,0.20,projected
Rotherham,2021-07-09,1.00,0.98,0.96,0.92,0.86,0.59,0.20,projected
Rotherham,2021-07-10,1.00,0.98,0.96,0.92,0.86,0.59,0.20,projected
Rotherham,2021-07-11,1.00,0.98,0.96,0.92,0.86,0.59,0.20,projected
Rotherham,2021-07-12,1.00,0.98,0.96,0.92,0.86,0.59,0.20,projected
Rotherham,2021-07-13,0.98,0.96,0.93,0.87,0.80,0.55,0.23,projected
Rotherham,2021-07-14,0.98,0.96,0.93,0.87,0.80,0.55,0.23,projected
Rotherham,2021-07-15,0.98,0.96,0.93,0.87,0.80,0.55,0.23,projected
Rotherham,2021-07-16,0.98,0.96,0.93,0.87,0.80,0.55,0.23,projected
Rotherham,2021-07-17,0.98,0.96,0.93,0.87,0.80,0.55,0.23,projected
Rotherham,2021-07-18,0.98,0.96,0.93,0.87,0.80,0.55,0.23,projected
Rotherham,2021-07-19,0.98,0.96,0.93,0.87,0.80,0.55,0.23,projected
Rotherham,2021-07-20,0.98,0.95,0.91,0.85,0.77,0.56,0.26,projected
Rotherham,2021-07-21,0.98,0.95,0.91,0.85,0.77,0.56,0.26,projected
Rotherham,2021-07-22,0.98,0.95,0.91,0.85,0.77,0.56,0.26,projected
Rotherham,2021-07-23,0.98,0.95,0.91,0.85,0.77,0.56,0.26,projected
Rotherham,2021-07-24,0.98,0.95,0.91,0.85,0.77,0.56,0.26,projected
Rotherham,2021-07-25,0.98,0.95,0.91,0.85,0.77,0.56,0.26,projected
Rotherham,2021-07-26,0.98,0.95,0.91,0.85,0.77,0.56,0.26,projected
Rugby,2021-03-23,0.11,0.02,0.00,0.00,0.00,0.00,0.00,inferred
Rugby,2021-03-24,0.11,0.02,0.00,0.00,0.00,0.00,0.00,inferred
Rugby,2021-03-25,0.11,0.02,0.00,0.00,0.00,0.00,0.00,inferred
Rugby,2021-03-26,0.11,0.02,0.00,0.00,0.00,0.00,0.00,inferred
Rugby,2021-03-27,0.11,0.02,0.00,0.00,0.00,0.00,0.00,inferred
Rugby,2021-03-28,0.11,0.02,0.00,0.00,0.00,0.00,0.00,inferred
Rugby,2021-03-29,0.11,0.02,0.00,0.00,0.00,0.00,0.00,inferred
Rugby,2021-03-30,0.32,0.12,0.02,0.01,0.00,0.00,0.00,inferred
Rugby,2021-03-31,0.32,0.12,0.02,0.01,0.00,0.00,0.00,inferred
Rugby,2021-04-01,0.32,0.12,0.02,0.01,0.00,0.00,0.00,inferred
Rugby,2021-04-02,0.32,0.12,0.02,0.01,0.00,0.00,0.00,inferred
Rugby,2021-04-03,0.32,0.12,0.02,0.01,0.00,0.00,0.00,inferred
Rugby,2021-04-04,0.32,0.12,0.02,0.01,0.00,0.00,0.00,inferred
Rugby,2021-04-05,0.32,0.12,0.02,0.01,0.00,0.00,0.00,inferred
Rugby,2021-04-06,0.55,0.32,0.14,0.05,0.01,0.00,0.00,inferred
Rugby,2021-04-07,0.55,0.32,0.14,0.05,0.01,0.00,0.00,inferred
Rugby,2021-04-08,0.55,0.32,0.14,0.05,0.01,0.00,0.00,inferred
Rugby,2021-04-09,0.55,0.32,0.14,0.05,0.01,0.00,0.00,inferred
Rugby,2021-04-10,0.55,0.32,0.14,0.05,0.01,0.00,0.00,inferred
Rugby,2021-04-11,0.55,0.32,0.14,0.05,0.01,0.00,0.00,inferred
Rugby,2021-04-12,0.55,0.32,0.14,0.05,0.01,0.00,0.00,inferred
Rugby,2021-04-13,0.97,0.87,0.69,0.45,0.24,0.01,0.00,inferred
Rugby,2021-04-14,0.97,0.87,0.69,0.45,0.24,0.01,0.00,inferred
Rugby,2021-04-15,0.97,0.87,0.69,0.45,0.24,0.01,0.00,inferred
Rugby,2021-04-16,0.97,0.87,0.69,0.45,0.24,0.01,0.00,inferred
Rugby,2021-04-17,0.97,0.87,0.69,0.45,0.24,0.01,0.00,inferred
Rugby,2021-04-18,0.97,0.87,0.69,0.45,0.24,0.01,0.00,inferred
Rugby,2021-04-19,0.97,0.87,0.69,0.45,0.24,0.01,0.00,inferred
Rugby,2021-04-20,0.64,0.38,0.17,0.07,0.02,0.00,0.00,inferred
Rugby,2021-04-21,0.64,0.38,0.17,0.07,0.02,0.00,0.00,inferred
Rugby,2021-04-22,0.64,0.38,0.17,0.07,0.02,0.00,0.00,inferred
Rugby,2021-04-23,0.64,0.38,0.17,0.07,0.02,0.00,0.00,inferred
Rugby,2021-04-24,0.64,0.38,0.17,0.07,0.02,0.00,0.00,inferred
Rugby,2021-04-25,0.64,0.38,0.17,0.07,0.02,0.00,0.00,inferred
Rugby,2021-04-26,0.64,0.38,0.17,0.07,0.02,0.00,0.00,inferred
Rugby,2021-04-27,0.77,0.55,0.30,0.13,0.05,0.00,0.00,inferred
Rugby,2021-04-28,0.77,0.55,0.30,0.13,0.05,0.00,0.00,inferred
Rugby,2021-04-29,0.77,0.55,0.30,0.13,0.05,0.00,0.00,inferred
Rugby,2021-04-30,0.77,0.55,0.30,0.13,0.05,0.00,0.00,inferred
Rugby,2021-05-01,0.77,0.55,0.30,0.13,0.05,0.00,0.00,inferred
Rugby,2021-05-02,0.77,0.55,0.30,0.13,0.05,0.00,0.00,inferred
Rugby,2021-05-03,0.77,0.55,0.30,0.13,0.05,0.00,0.00,inferred
Rugby,2021-05-04,0.16,0.05,0.01,0.00,0.00,0.00,0.00,inferred
Rugby,2021-05-05,0.16,0.05,0.01,0.00,0.00,0.00,0.00,inferred
Rugby,2021-05-06,0.16,0.05,0.01,0.00,0.00,0.00,0.00,inferred
Rugby,2021-05-07,0.16,0.05,0.01,0.00,0.00,0.00,0.00,inferred
Rugby,2021-05-08,0.16,0.05,0.01,0.00,0.00,0.00,0.00,inferred
Rugby,2021-05-09,0.16,0.05,0.01,0.00,0.00,0.00,0.00,inferred
Rugby,2021-05-10,0.16,0.05,0.01,0.00,0.00,0.00,0.00,inferred
Rugby,2021-05-11,0.18,0.08,0.02,0.00,0.00,0.00,0.00,inferred
Rugby,2021-05-12,0.18,0.08,0.02,0.00,0.00,0.00,0.00,inferred
Rugby,2021-05-13,0.18,0.08,0.02,0.00,0.00,0.00,0.00,inferred
Rugby,2021-05-14,0.18,0.08,0.02,0.00,0.00,0.00,0.00,inferred
Rugby,2021-05-15,0.18,0.08,0.02,0.00,0.00,0.00,0.00,inferred
Rugby,2021-05-16,0.18,0.08,0.02,0.00,0.00,0.00,0.00,inferred
Rugby,2021-05-17,0.18,0.08,0.02,0.00,0.00,0.00,0.00,inferred
Rugby,2021-05-18,0.92,0.82,0.67,0.51,0.32,0.06,0.00,inferred
Rugby,2021-05-19,0.92,0.82,0.67,0.51,0.32,0.06,0.00,inferred
Rugby,2021-05-20,0.92,0.82,0.67,0.51,0.32,0.06,0.00,inferred
Rugby,2021-05-21,0.92,0.82,0.67,0.51,0.32,0.06,0.00,inferred
Rugby,2021-05-22,0.92,0.82,0.67,0.51,0.32,0.06,0.00,inferred
Rugby,2021-05-23,0.92,0.82,0.67,0.51,0.32,0.06,0.00,inferred
Rugby,2021-05-24,0.92,0.82,0.67,0.51,0.32,0.06,0.00,inferred
Rugby,2021-05-25,1.00,1.00,1.00,1.00,0.98,0.83,0.23,inferred
Rugby,2021-05-26,1.00,1.00,1.00,1.00,0.98,0.83,0.23,inferred
Rugby,2021-05-27,1.00,1.00,1.00,1.00,0.98,0.83,0.23,inferred
Rugby,2021-05-28,1.00,1.00,1.00,1.00,0.98,0.83,0.23,inferred
Rugby,2021-05-29,1.00,1.00,1.00,1.00,0.98,0.83,0.23,inferred
Rugby,2021-05-30,1.00,1.00,1.00,1.00,0.98,0.83,0.23,inferred
Rugby,2021-05-31,1.00,1.00,1.00,1.00,0.98,0.83,0.23,inferred
Rugby,2021-06-01,1.00,0.99,0.96,0.90,0.79,0.35,0.02,inferred
Rugby,2021-06-02,1.00,0.99,0.96,0.90,0.79,0.35,0.02,inferred
Rugby,2021-06-03,1.00,0.99,0.96,0.90,0.79,0.35,0.02,inferred
Rugby,2021-06-04,1.00,0.99,0.96,0.90,0.79,0.35,0.02,inferred
Rugby,2021-06-05,1.00,0.99,0.96,0.90,0.79,0.35,0.02,inferred
Rugby,2021-06-06,1.00,0.99,0.96,0.90,0.79,0.35,0.02,inferred
Rugby,2021-06-07,1.00,0.99,0.96,0.90,0.79,0.35,0.02,inferred
Rugby,2021-06-08,1.00,1.00,1.00,1.00,0.99,0.72,0.09,inferred
Rugby,2021-06-09,1.00,1.00,1.00,1.00,0.99,0.72,0.09,inferred
Rugby,2021-06-10,1.00,1.00,1.00,1.00,0.99,0.72,0.09,inferred
Rugby,2021-06-11,1.00,1.00,1.00,1.00,0.99,0.72,0.09,inferred
Rugby,2021-06-12,1.00,1.00,1.00,1.00,0.99,0.72,0.09,inferred
Rugby,2021-06-13,1.00,1.00,1.00,1.00,0.99,0.72,0.09,inferred
Rugby,2021-06-14,1.00,1.00,1.00,1.00,0.99,0.72,0.09,inferred
Rugby,2021-06-15,1.00,1.00,1.00,1.00,1.00,0.97,0.49,inferred
Rugby,2021-06-16,1.00,1.00,1.00,1.00,1.00,0.97,0.49,inferred
Rugby,2021-06-17,1.00,1.00,1.00,1.00,1.00,0.97,0.49,inferred
Rugby,2021-06-18,1.00,1.00,1.00,1.00,1.00,0.97,0.49,inferred
Rugby,2021-06-19,1.00,1.00,1.00,1.00,1.00,0.97,0.49,inferred
Rugby,2021-06-20,1.00,1.00,1.00,1.00,1.00,0.97,0.49,inferred
Rugby,2021-06-21,1.00,1.00,1.00,1.00,1.00,0.97,0.49,inferred
Rugby,2021-06-22,1.00,1.00,1.00,1.00,1.00,0.93,0.41,inferred
Rugby,2021-06-23,1.00,1.00,1.00,1.00,1.00,0.93,0.41,inferred
Rugby,2021-06-24,1.00,1.00,1.00,1.00,1.00,0.93,0.41,inferred
Rugby,2021-06-25,1.00,1.00,1.00,1.00,1.00,0.93,0.41,inferred
Rugby,2021-06-26,1.00,1.00,1.00,1.00,1.00,0.93,0.41,inferred
Rugby,2021-06-27,1.00,1.00,1.00,1.00,1.00,0.93,0.41,inferred
Rugby,2021-06-28,1.00,1.00,1.00,1.00,1.00,0.93,0.41,inferred
Rugby,2021-06-29,1.00,0.99,0.96,0.89,0.79,0.34,0.03,inferred
Rugby,2021-06-30,1.00,0.99,0.96,0.89,0.79,0.34,0.03,inferred
Rugby,2021-07-01,1.00,0.99,0.96,0.89,0.79,0.34,0.03,inferred
Rugby,2021-07-02,1.00,0.99,0.96,0.89,0.79,0.34,0.03,inferred
Rugby,2021-07-03,1.00,0.99,0.96,0.89,0.79,0.34,0.03,inferred
Rugby,2021-07-04,1.00,0.99,0.96,0.89,0.79,0.34,0.03,inferred
Rugby,2021-07-05,1.00,0.99,0.96,0.89,0.79,0.34,0.03,inferred
Rugby,2021-07-06,0.97,0.92,0.85,0.76,0.65,0.34,0.09,projected
Rugby,2021-07-07,0.97,0.92,0.85,0.76,0.65,0.34,0.09,projected
Rugby,2021-07-08,0.97,0.92,0.85,0.76,0.65,0.34,0.09,projected
Rugby,2021-07-09,0.97,0.92,0.85,0.76,0.65,0.34,0.09,projected
Rugby,2021-07-10,0.97,0.92,0.85,0.76,0.65,0.34,0.09,projected
Rugby,2021-07-11,0.97,0.92,0.85,0.76,0.65,0.34,0.09,projected
Rugby,2021-07-12,0.97,0.92,0.85,0.76,0.65,0.34,0.09,projected
Rugby,2021-07-13,0.95,0.88,0.82,0.71,0.62,0.36,0.13,projected
Rugby,2021-07-14,0.95,0.88,0.82,0.71,0.62,0.36,0.13,projected
Rugby,2021-07-15,0.95,0.88,0.82,0.71,0.62,0.36,0.13,projected
Rugby,2021-07-16,0.95,0.88,0.82,0.71,0.62,0.36,0.13,projected
Rugby,2021-07-17,0.95,0.88,0.82,0.71,0.62,0.36,0.13,projected
Rugby,2021-07-18,0.95,0.88,0.82,0.71,0.62,0.36,0.13,projected
Rugby,2021-07-19,0.95,0.88,0.82,0.71,0.62,0.36,0.13,projected
Rugby,2021-07-20,0.93,0.87,0.80,0.71,0.63,0.37,0.14,projected
Rugby,2021-07-21,0.93,0.87,0.80,0.71,0.63,0.37,0.14,projected
Rugby,2021-07-22,0.93,0.87,0.80,0.71,0.63,0.37,0.14,projected
Rugby,2021-07-23,0.93,0.87,0.80,0.71,0.63,0.37,0.14,projected
Rugby,2021-07-24,0.93,0.87,0.80,0.71,0.63,0.37,0.14,projected
Rugby,2021-07-25,0.93,0.87,0.80,0.71,0.63,0.37,0.14,projected
Rugby,2021-07-26,0.93,0.87,0.80,0.71,0.63,0.37,0.14,projected
Runnymede,2021-03-23,0.01,0.00,0.00,0.00,0.00,0.00,0.00,inferred
Runnymede,2021-03-24,0.01,0.00,0.00,0.00,0.00,0.00,0.00,inferred
Runnymede,2021-03-25,0.01,0.00,0.00,0.00,0.00,0.00,0.00,inferred
Runnymede,2021-03-26,0.01,0.00,0.00,0.00,0.00,0.00,0.00,inferred
Runnymede,2021-03-27,0.01,0.00,0.00,0.00,0.00,0.00,0.00,inferred
Runnymede,2021-03-28,0.01,0.00,0.00,0.00,0.00,0.00,0.00,inferred
Runnymede,2021-03-29,0.01,0.00,0.00,0.00,0.00,0.00,0.00,inferred
Runnymede,2021-03-30,0.43,0.23,0.11,0.05,0.01,0.00,0.00,inferred
Runnymede,2021-03-31,0.43,0.23,0.11,0.05,0.01,0.00,0.00,inferred
Runnymede,2021-04-01,0.43,0.23,0.11,0.05,0.01,0.00,0.00,inferred
Runnymede,2021-04-02,0.43,0.23,0.11,0.05,0.01,0.00,0.00,inferred
Runnymede,2021-04-03,0.43,0.23,0.11,0.05,0.01,0.00,0.00,inferred
Runnymede,2021-04-04,0.43,0.23,0.11,0.05,0.01,0.00,0.00,inferred
Runnymede,2021-04-05,0.43,0.23,0.11,0.05,0.01,0.00,0.00,inferred
Runnymede,2021-04-06,0.56,0.39,0.24,0.13,0.07,0.01,0.00,inferred
Runnymede,2021-04-07,0.56,0.39,0.24,0.13,0.07,0.01,0.00,inferred
Runnymede,2021-04-08,0.56,0.39,0.24,0.13,0.07,0.01,0.00,inferred
Runnymede,2021-04-09,0.56,0.39,0.24,0.13,0.07,0.01,0.00,inferred
Runnymede,2021-04-10,0.56,0.39,0.24,0.13,0.07,0.01,0.00,inferred
Runnymede,2021-04-11,0.56,0.39,0.24,0.13,0.07,0.01,0.00,inferred
Runnymede,2021-04-12,0.56,0.39,0.24,0.13,0.07,0.01,0.00,inferred
Runnymede,2021-04-13,0.83,0.68,0.49,0.33,0.20,0.03,0.00,inferred
Runnymede,2021-04-14,0.83,0.68,0.49,0.33,0.20,0.03,0.00,inferred
Runnymede,2021-04-15,0.83,0.68,0.49,0.33,0.20,0.03,0.00,inferred
Runnymede,2021-04-16,0.83,0.68,0.49,0.33,0.20,0.03,0.00,inferred
Runnymede,2021-04-17,0.83,0.68,0.49,0.33,0.20,0.03,0.00,inferred
Runnymede,2021-04-18,0.83,0.68,0.49,0.33,0.20,0.03,0.00,inferred
Runnymede,2021-04-19,0.83,0.68,0.49,0.33,0.20,0.03,0.00,inferred
Runnymede,2021-04-20,0.17,0.07,0.03,0.00,0.00,0.00,0.00,inferred
Runnymede,2021-04-21,0.17,0.07,0.03,0.00,0.00,0.00,0.00,inferred
Runnymede,2021-04-22,0.17,0.07,0.03,0.00,0.00,0.00,0.00,inferred
Runnymede,2021-04-23,0.17,0.07,0.03,0.00,0.00,0.00,0.00,inferred
Runnymede,2021-04-24,0.17,0.07,0.03,0.00,0.00,0.00,0.00,inferred
Runnymede,2021-04-25,0.17,0.07,0.03,0.00,0.00,0.00,0.00,inferred
Runnymede,2021-04-26,0.17,0.07,0.03,0.00,0.00,0.00,0.00,inferred
Runnymede,2021-04-27,0.41,0.26,0.14,0.07,0.04,0.00,0.00,inferred
Runnymede,2021-04-28,0.41,0.26,0.14,0.07,0.04,0.00,0.00,inferred
Runnymede,2021-04-29,0.41,0.26,0.14,0.07,0.04,0.00,0.00,inferred
Runnymede,2021-04-30,0.41,0.26,0.14,0.07,0.04,0.00,0.00,inferred
Runnymede,2021-05-01,0.41,0.26,0.14,0.07,0.04,0.00,0.00,inferred
Runnymede,2021-05-02,0.41,0.26,0.14,0.07,0.04,0.00,0.00,inferred
Runnymede,2021-05-03,0.41,0.26,0.14,0.07,0.04,0.00,0.00,inferred
Runnymede,2021-05-04,0.39,0.24,0.14,0.08,0.04,0.00,0.00,inferred
Runnymede,2021-05-05,0.39,0.24,0.14,0.08,0.04,0.00,0.00,inferred
Runnymede,2021-05-06,0.39,0.24,0.14,0.08,0.04,0.00,0.00,inferred
Runnymede,2021-05-07,0.39,0.24,0.14,0.08,0.04,0.00,0.00,inferred
Runnymede,2021-05-08,0.39,0.24,0.14,0.08,0.04,0.00,0.00,inferred
Runnymede,2021-05-09,0.39,0.24,0.14,0.08,0.04,0.00,0.00,inferred
Runnymede,2021-05-10,0.39,0.24,0.14,0.08,0.04,0.00,0.00,inferred
Runnymede,2021-05-11,0.92,0.85,0.76,0.66,0.53,0.22,0.03,inferred
Runnymede,2021-05-12,0.92,0.85,0.76,0.66,0.53,0.22,0.03,inferred
Runnymede,2021-05-13,0.92,0.85,0.76,0.66,0.53,0.22,0.03,inferred
Runnymede,2021-05-14,0.92,0.85,0.76,0.66,0.53,0.22,0.03,inferred
Runnymede,2021-05-15,0.92,0.85,0.76,0.66,0.53,0.22,0.03,inferred
Runnymede,2021-05-16,0.92,0.85,0.76,0.66,0.53,0.22,0.03,inferred
Runnymede,2021-05-17,0.92,0.85,0.76,0.66,0.53,0.22,0.03,inferred
Runnymede,2021-05-18,1.00,1.00,0.99,0.99,0.98,0.87,0.48,inferred
Runnymede,2021-05-19,1.00,1.00,0.99,0.99,0.98,0.87,0.48,inferred
Runnymede,2021-05-20,1.00,1.00,0.99,0.99,0.98,0.87,0.48,inferred
Runnymede,2021-05-21,1.00,1.00,0.99,0.99,0.98,0.87,0.48,inferred
Runnymede,2021-05-22,1.00,1.00,0.99,0.99,0.98,0.87,0.48,inferred
Runnymede,2021-05-23,1.00,1.00,0.99,0.99,0.98,0.87,0.48,inferred
Runnymede,2021-05-24,1.00,1.00,0.99,0.99,0.98,0.87,0.48,inferred
Runnymede,2021-05-25,1.00,1.00,1.00,1.00,0.99,0.90,0.50,inferred
Runnymede,2021-05-26,1.00,1.00,1.00,1.00,0.99,0.90,0.50,inferred
Runnymede,2021-05-27,1.00,1.00,1.00,1.00,0.99,0.90,0.50,inferred
Runnymede,2021-05-28,1.00,1.00,1.00,1.00,0.99,0.90,0.50,inferred
Runnymede,2021-05-29,1.00,1.00,1.00,1.00,0.99,0.90,0.50,inferred
Runnymede,2021-05-30,1.00,1.00,1.00,1.00,0.99,0.90,0.50,inferred
Runnymede,2021-05-31,1.00,1.00,1.00,1.00,0.99,0.90,0.50,inferred
Runnymede,2021-06-01,1.00,1.00,1.00,0.99,0.97,0.71,0.15,inferred
Runnymede,2021-06-02,1.00,1.00,1.00,0.99,0.97,0.71,0.15,inferred
Runnymede,2021-06-03,1.00,1.00,1.00,0.99,0.97,0.71,0.15,inferred
Runnymede,2021-06-04,1.00,1.00,1.00,0.99,0.97,0.71,0.15,inferred
Runnymede,2021-06-05,1.00,1.00,1.00,0.99,0.97,0.71,0.15,inferred
Runnymede,2021-06-06,1.00,1.00,1.00,0.99,0.97,0.71,0.15,inferred
Runnymede,2021-06-07,1.00,1.00,1.00,0.99,0.97,0.71,0.15,inferred
Runnymede,2021-06-08,0.99,0.96,0.86,0.69,0.47,0.08,0.00,inferred
Runnymede,2021-06-09,0.99,0.96,0.86,0.69,0.47,0.08,0.00,inferred
Runnymede,2021-06-10,0.99,0.96,0.86,0.69,0.47,0.08,0.00,inferred
Runnymede,2021-06-11,0.99,0.96,0.86,0.69,0.47,0.08,0.00,inferred
Runnymede,2021-06-12,0.99,0.96,0.86,0.69,0.47,0.08,0.00,inferred
Runnymede,2021-06-13,0.99,0.96,0.86,0.69,0.47,0.08,0.00,inferred
Runnymede,2021-06-14,0.99,0.96,0.86,0.69,0.47,0.08,0.00,inferred
Runnymede,2021-06-15,1.00,1.00,1.00,1.00,1.00,0.78,0.07,inferred
Runnymede,2021-06-16,1.00,1.00,1.00,1.00,1.00,0.78,0.07,inferred
Runnymede,2021-06-17,1.00,1.00,1.00,1.00,1.00,0.78,0.07,inferred
Runnymede,2021-06-18,1.00,1.00,1.00,1.00,1.00,0.78,0.07,inferred
Runnymede,2021-06-19,1.00,1.00,1.00,1.00,1.00,0.78,0.07,inferred
Runnymede,2021-06-20,1.00,1.00,1.00,1.00,1.00,0.78,0.07,inferred
Runnymede,2021-06-21,1.00,1.00,1.00,1.00,1.00,0.78,0.07,inferred
Runnymede,2021-06-22,1.00,1.00,1.00,1.00,1.00,0.91,0.27,inferred
Runnymede,2021-06-23,1.00,1.00,1.00,1.00,1.00,0.91,0.27,inferred
Runnymede,2021-06-24,1.00,1.00,1.00,1.00,1.00,0.91,0.27,inferred
Runnymede,2021-06-25,1.00,1.00,1.00,1.00,1.00,0.91,0.27,inferred
Runnymede,2021-06-26,1.00,1.00,1.00,1.00,1.00,0.91,0.27,inferred
Runnymede,2021-06-27,1.00,1.00,1.00,1.00,1.00,0.91,0.27,inferred
Runnymede,2021-06-28,1.00,1.00,1.00,1.00,1.00,0.91,0.27,inferred
Runnymede,2021-06-29,1.00,1.00,1.00,1.00,0.98,0.83,0.31,inferred
Runnymede,2021-06-30,1.00,1.00,1.00,1.00,0.98,0.83,0.31,inferred
Runnymede,2021-07-01,1.00,1.00,1.00,1.00,0.98,0.83,0.31,inferred
Runnymede,2021-07-02,1.00,1.00,1.00,1.00,0.98,0.83,0.31,inferred
Runnymede,2021-07-03,1.00,1.00,1.00,1.00,0.98,0.83,0.31,inferred
Runnymede,2021-07-04,1.00,1.00,1.00,1.00,0.98,0.83,0.31,inferred
Runnymede,2021-07-05,1.00,1.00,1.00,1.00,0.98,0.83,0.31,inferred
Runnymede,2021-07-06,0.99,0.99,0.97,0.94,0.89,0.63,0.23,projected
Runnymede,2021-07-07,0.99,0.99,0.97,0.94,0.89,0.63,0.23,projected
Runnymede,2021-07-08,0.99,0.99,0.97,0.94,0.89,0.63,0.23,projected
Runnymede,2021-07-09,0.99,0.99,0.97,0.94,0.89,0.63,0.23,projected
Runnymede,2021-07-10,0.99,0.99,0.97,0.94,0.89,0.63,0.23,projected
Runnymede,2021-07-11,0.99,0.99,0.97,0.94,0.89,0.63,0.23,projected
Runnymede,2021-07-12,0.99,0.99,0.97,0.94,0.89,0.63,0.23,projected
Runnymede,2021-07-13,0.99,0.96,0.92,0.86,0.79,0.52,0.19,projected
Runnymede,2021-07-14,0.99,0.96,0.92,0.86,0.79,0.52,0.19,projected
Runnymede,2021-07-15,0.99,0.96,0.92,0.86,0.79,0.52,0.19,projected
Runnymede,2021-07-16,0.99,0.96,0.92,0.86,0.79,0.52,0.19,projected
Runnymede,2021-07-17,0.99,0.96,0.92,0.86,0.79,0.52,0.19,projected
Runnymede,2021-07-18,0.99,0.96,0.92,0.86,0.79,0.52,0.19,projected
Runnymede,2021-07-19,0.99,0.96,0.92,0.86,0.79,0.52,0.19,projected
Runnymede,2021-07-20,0.97,0.94,0.89,0.81,0.73,0.49,0.20,projected
Runnymede,2021-07-21,0.97,0.94,0.89,0.81,0.73,0.49,0.20,projected
Runnymede,2021-07-22,0.97,0.94,0.89,0.81,0.73,0.49,0.20,projected
Runnymede,2021-07-23,0.97,0.94,0.89,0.81,0.73,0.49,0.20,projected
Runnymede,2021-07-24,0.97,0.94,0.89,0.81,0.73,0.49,0.20,projected
Runnymede,2021-07-25,0.97,0.94,0.89,0.81,0.73,0.49,0.20,projected
Runnymede,2021-07-26,0.97,0.94,0.89,0.81,0.73,0.49,0.20,projected
Rushcliffe,2021-03-23,0.04,0.01,0.00,0.00,0.00,0.00,0.00,inferred
Rushcliffe,2021-03-24,0.04,0.01,0.00,0.00,0.00,0.00,0.00,inferred
Rushcliffe,2021-03-25,0.04,0.01,0.00,0.00,0.00,0.00,0.00,inferred
Rushcliffe,2021-03-26,0.04,0.01,0.00,0.00,0.00,0.00,0.00,inferred
Rushcliffe,2021-03-27,0.04,0.01,0.00,0.00,0.00,0.00,0.00,inferred
Rushcliffe,2021-03-28,0.04,0.01,0.00,0.00,0.00,0.00,0.00,inferred
Rushcliffe,2021-03-29,0.04,0.01,0.00,0.00,0.00,0.00,0.00,inferred
Rushcliffe,2021-03-30,0.23,0.11,0.04,0.02,0.01,0.00,0.00,inferred
Rushcliffe,2021-03-31,0.23,0.11,0.04,0.02,0.01,0.00,0.00,inferred
Rushcliffe,2021-04-01,0.23,0.11,0.04,0.02,0.01,0.00,0.00,inferred
Rushcliffe,2021-04-02,0.23,0.11,0.04,0.02,0.01,0.00,0.00,inferred
Rushcliffe,2021-04-03,0.23,0.11,0.04,0.02,0.01,0.00,0.00,inferred
Rushcliffe,2021-04-04,0.23,0.11,0.04,0.02,0.01,0.00,0.00,inferred
Rushcliffe,2021-04-05,0.23,0.11,0.04,0.02,0.01,0.00,0.00,inferred
Rushcliffe,2021-04-06,0.72,0.54,0.38,0.24,0.14,0.02,0.00,inferred
Rushcliffe,2021-04-07,0.72,0.54,0.38,0.24,0.14,0.02,0.00,inferred
Rushcliffe,2021-04-08,0.72,0.54,0.38,0.24,0.14,0.02,0.00,inferred
Rushcliffe,2021-04-09,0.72,0.54,0.38,0.24,0.14,0.02,0.00,inferred
Rushcliffe,2021-04-10,0.72,0.54,0.38,0.24,0.14,0.02,0.00,inferred
Rushcliffe,2021-04-11,0.72,0.54,0.38,0.24,0.14,0.02,0.00,inferred
Rushcliffe,2021-04-12,0.72,0.54,0.38,0.24,0.14,0.02,0.00,inferred
Rushcliffe,2021-04-13,0.81,0.64,0.47,0.29,0.19,0.03,0.00,inferred
Rushcliffe,2021-04-14,0.81,0.64,0.47,0.29,0.19,0.03,0.00,inferred
Rushcliffe,2021-04-15,0.81,0.64,0.47,0.29,0.19,0.03,0.00,inferred
Rushcliffe,2021-04-16,0.81,0.64,0.47,0.29,0.19,0.03,0.00,inferred
Rushcliffe,2021-04-17,0.81,0.64,0.47,0.29,0.19,0.03,0.00,inferred
Rushcliffe,2021-04-18,0.81,0.64,0.47,0.29,0.19,0.03,0.00,inferred
Rushcliffe,2021-04-19,0.81,0.64,0.47,0.29,0.19,0.03,0.00,inferred
Rushcliffe,2021-04-20,0.78,0.64,0.48,0.31,0.20,0.04,0.00,inferred
Rushcliffe,2021-04-21,0.78,0.64,0.48,0.31,0.20,0.04,0.00,inferred
Rushcliffe,2021-04-22,0.78,0.64,0.48,0.31,0.20,0.04,0.00,inferred
Rushcliffe,2021-04-23,0.78,0.64,0.48,0.31,0.20,0.04,0.00,inferred
Rushcliffe,2021-04-24,0.78,0.64,0.48,0.31,0.20,0.04,0.00,inferred
Rushcliffe,2021-04-25,0.78,0.64,0.48,0.31,0.20,0.04,0.00,inferred
Rushcliffe,2021-04-26,0.78,0.64,0.48,0.31,0.20,0.04,0.00,inferred
Rushcliffe,2021-04-27,0.99,0.97,0.93,0.85,0.74,0.37,0.05,inferred
Rushcliffe,2021-04-28,0.99,0.97,0.93,0.85,0.74,0.37,0.05,inferred
Rushcliffe,2021-04-29,0.99,0.97,0.93,0.85,0.74,0.37,0.05,inferred
Rushcliffe,2021-04-30,0.99,0.97,0.93,0.85,0.74,0.37,0.05,inferred
Rushcliffe,2021-05-01,0.99,0.97,0.93,0.85,0.74,0.37,0.05,inferred
Rushcliffe,2021-05-02,0.99,0.97,0.93,0.85,0.74,0.37,0.05,inferred
Rushcliffe,2021-05-03,0.99,0.97,0.93,0.85,0.74,0.37,0.05,inferred
Rushcliffe,2021-05-04,0.90,0.80,0.65,0.48,0.34,0.07,0.00,inferred
Rushcliffe,2021-05-05,0.90,0.80,0.65,0.48,0.34,0.07,0.00,inferred
Rushcliffe,2021-05-06,0.90,0.80,0.65,0.48,0.34,0.07,0.00,inferred
Rushcliffe,2021-05-07,0.90,0.80,0.65,0.48,0.34,0.07,0.00,inferred
Rushcliffe,2021-05-08,0.90,0.80,0.65,0.48,0.34,0.07,0.00,inferred
Rushcliffe,2021-05-09,0.90,0.80,0.65,0.48,0.34,0.07,0.00,inferred
Rushcliffe,2021-05-10,0.90,0.80,0.65,0.48,0.34,0.07,0.00,inferred
Rushcliffe,2021-05-11,0.86,0.72,0.55,0.37,0.23,0.03,0.00,inferred
Rushcliffe,2021-05-12,0.86,0.72,0.55,0.37,0.23,0.03,0.00,inferred
Rushcliffe,2021-05-13,0.86,0.72,0.55,0.37,0.23,0.03,0.00,inferred
Rushcliffe,2021-05-14,0.86,0.72,0.55,0.37,0.23,0.03,0.00,inferred
Rushcliffe,2021-05-15,0.86,0.72,0.55,0.37,0.23,0.03,0.00,inferred
Rushcliffe,2021-05-16,0.86,0.72,0.55,0.37,0.23,0.03,0.00,inferred
Rushcliffe,2021-05-17,0.86,0.72,0.55,0.37,0.23,0.03,0.00,inferred
Rushcliffe,2021-05-18,0.94,0.87,0.74,0.57,0.40,0.08,0.00,inferred
Rushcliffe,2021-05-19,0.94,0.87,0.74,0.57,0.40,0.08,0.00,inferred
Rushcliffe,2021-05-20,0.94,0.87,0.74,0.57,0.40,0.08,0.00,inferred
Rushcliffe,2021-05-21,0.94,0.87,0.74,0.57,0.40,0.08,0.00,inferred
Rushcliffe,2021-05-22,0.94,0.87,0.74,0.57,0.40,0.08,0.00,inferred
Rushcliffe,2021-05-23,0.94,0.87,0.74,0.57,0.40,0.08,0.00,inferred
Rushcliffe,2021-05-24,0.94,0.87,0.74,0.57,0.40,0.08,0.00,inferred
Rushcliffe,2021-05-25,1.00,1.00,1.00,1.00,1.00,0.99,0.76,inferred
Rushcliffe,2021-05-26,1.00,1.00,1.00,1.00,1.00,0.99,0.76,inferred
Rushcliffe,2021-05-27,1.00,1.00,1.00,1.00,1.00,0.99,0.76,inferred
Rushcliffe,2021-05-28,1.00,1.00,1.00,1.00,1.00,0.99,0.76,inferred
Rushcliffe,2021-05-29,1.00,1.00,1.00,1.00,1.00,0.99,0.76,inferred
Rushcliffe,2021-05-30,1.00,1.00,1.00,1.00,1.00,0.99,0.76,inferred
Rushcliffe,2021-05-31,1.00,1.00,1.00,1.00,1.00,0.99,0.76,inferred
Rushcliffe,2021-06-01,1.00,1.00,1.00,1.00,1.00,0.99,0.75,inferred
Rushcliffe,2021-06-02,1.00,1.00,1.00,1.00,1.00,0.99,0.75,inferred
Rushcliffe,2021-06-03,1.00,1.00,1.00,1.00,1.00,0.99,0.75,inferred
Rushcliffe,2021-06-04,1.00,1.00,1.00,1.00,1.00,0.99,0.75,inferred
Rushcliffe,2021-06-05,1.00,1.00,1.00,1.00,1.00,0.99,0.75,inferred
Rushcliffe,2021-06-06,1.00,1.00,1.00,1.00,1.00,0.99,0.75,inferred
Rushcliffe,2021-06-07,1.00,1.00,1.00,1.00,1.00,0.99,0.75,inferred
Rushcliffe,2021-06-08,1.00,1.00,1.00,1.00,0.98,0.67,0.09,inferred
Rushcliffe,2021-06-09,1.00,1.00,1.00,1.00,0.98,0.67,0.09,inferred
Rushcliffe,2021-06-10,1.00,1.00,1.00,1.00,0.98,0.67,0.09,inferred
Rushcliffe,2021-06-11,1.00,1.00,1.00,1.00,0.98,0.67,0.09,inferred
Rushcliffe,2021-06-12,1.00,1.00,1.00,1.00,0.98,0.67,0.09,inferred
Rushcliffe,2021-06-13,1.00,1.00,1.00,1.00,0.98,0.67,0.09,inferred
Rushcliffe,2021-06-14,1.00,1.00,1.00,1.00,0.98,0.67,0.09,inferred
Rushcliffe,2021-06-15,1.00,1.00,1.00,1.00,0.99,0.72,0.02,inferred
Rushcliffe,2021-06-16,1.00,1.00,1.00,1.00,0.99,0.72,0.02,inferred
Rushcliffe,2021-06-17,1.00,1.00,1.00,1.00,0.99,0.72,0.02,inferred
Rushcliffe,2021-06-18,1.00,1.00,1.00,1.00,0.99,0.72,0.02,inferred
Rushcliffe,2021-06-19,1.00,1.00,1.00,1.00,0.99,0.72,0.02,inferred
Rushcliffe,2021-06-20,1.00,1.00,1.00,1.00,0.99,0.72,0.02,inferred
Rushcliffe,2021-06-21,1.00,1.00,1.00,1.00,0.99,0.72,0.02,inferred
Rushcliffe,2021-06-22,1.00,1.00,1.00,1.00,1.00,0.87,0.14,inferred
Rushcliffe,2021-06-23,1.00,1.00,1.00,1.00,1.00,0.87,0.14,inferred
Rushcliffe,2021-06-24,1.00,1.00,1.00,1.00,1.00,0.87,0.14,inferred
Rushcliffe,2021-06-25,1.00,1.00,1.00,1.00,1.00,0.87,0.14,inferred
Rushcliffe,2021-06-26,1.00,1.00,1.00,1.00,1.00,0.87,0.14,inferred
Rushcliffe,2021-06-27,1.00,1.00,1.00,1.00,1.00,0.87,0.14,inferred
Rushcliffe,2021-06-28,1.00,1.00,1.00,1.00,1.00,0.87,0.14,inferred
Rushcliffe,2021-06-29,1.00,1.00,0.98,0.94,0.84,0.40,0.02,inferred
Rushcliffe,2021-06-30,1.00,1.00,0.98,0.94,0.84,0.40,0.02,inferred
Rushcliffe,2021-07-01,1.00,1.00,0.98,0.94,0.84,0.40,0.02,inferred
Rushcliffe,2021-07-02,1.00,1.00,0.98,0.94,0.84,0.40,0.02,inferred
Rushcliffe,2021-07-03,1.00,1.00,0.98,0.94,0.84,0.40,0.02,inferred
Rushcliffe,2021-07-04,1.00,1.00,0.98,0.94,0.84,0.40,0.02,inferred
Rushcliffe,2021-07-05,1.00,1.00,0.98,0.94,0.84,0.40,0.02,inferred
Rushcliffe,2021-07-06,0.98,0.95,0.89,0.81,0.70,0.37,0.09,projected
Rushcliffe,2021-07-07,0.98,0.95,0.89,0.81,0.70,0.37,0.09,projected
Rushcliffe,2021-07-08,0.98,0.95,0.89,0.81,0.70,0.37,0.09,projected
Rushcliffe,2021-07-09,0.98,0.95,0.89,0.81,0.70,0.37,0.09,projected
Rushcliffe,2021-07-10,0.98,0.95,0.89,0.81,0.70,0.37,0.09,projected
Rushcliffe,2021-07-11,0.98,0.95,0.89,0.81,0.70,0.37,0.09,projected
Rushcliffe,2021-07-12,0.98,0.95,0.89,0.81,0.70,0.37,0.09,projected
Rushcliffe,2021-07-13,0.96,0.91,0.86,0.76,0.67,0.39,0.13,projected
Rushcliffe,2021-07-14,0.96,0.91,0.86,0.76,0.67,0.39,0.13,projected
Rushcliffe,2021-07-15,0.96,0.91,0.86,0.76,0.67,0.39,0.13,projected
Rushcliffe,2021-07-16,0.96,0.91,0.86,0.76,0.67,0.39,0.13,projected
Rushcliffe,2021-07-17,0.96,0.91,0.86,0.76,0.67,0.39,0.13,projected
Rushcliffe,2021-07-18,0.96,0.91,0.86,0.76,0.67,0.39,0.13,projected
Rushcliffe,2021-07-19,0.96,0.91,0.86,0.76,0.67,0.39,0.13,projected
Rushcliffe,2021-07-20,0.94,0.90,0.83,0.74,0.66,0.41,0.14,projected
Rushcliffe,2021-07-21,0.94,0.90,0.83,0.74,0.66,0.41,0.14,projected
Rushcliffe,2021-07-22,0.94,0.90,0.83,0.74,0.66,0.41,0.14,projected
Rushcliffe,2021-07-23,0.94,0.90,0.83,0.74,0.66,0.41,0.14,projected
Rushcliffe,2021-07-24,0.94,0.90,0.83,0.74,0.66,0.41,0.14,projected
Rushcliffe,2021-07-25,0.94,0.90,0.83,0.74,0.66,0.41,0.14,projected
Rushcliffe,2021-07-26,0.94,0.90,0.83,0.74,0.66,0.41,0.14,projected
Rushmoor,2021-03-23,0.22,0.09,0.03,0.01,0.00,0.00,0.00,inferred
Rushmoor,2021-03-24,0.22,0.09,0.03,0.01,0.00,0.00,0.00,inferred
Rushmoor,2021-03-25,0.22,0.09,0.03,0.01,0.00,0.00,0.00,inferred
Rushmoor,2021-03-26,0.22,0.09,0.03,0.01,0.00,0.00,0.00,inferred
Rushmoor,2021-03-27,0.22,0.09,0.03,0.01,0.00,0.00,0.00,inferred
Rushmoor,2021-03-28,0.22,0.09,0.03,0.01,0.00,0.00,0.00,inferred
Rushmoor,2021-03-29,0.22,0.09,0.03,0.01,0.00,0.00,0.00,inferred
Rushmoor,2021-03-30,0.74,0.53,0.34,0.19,0.10,0.00,0.00,inferred
Rushmoor,2021-03-31,0.74,0.53,0.34,0.19,0.10,0.00,0.00,inferred
Rushmoor,2021-04-01,0.74,0.53,0.34,0.19,0.10,0.00,0.00,inferred
Rushmoor,2021-04-02,0.74,0.53,0.34,0.19,0.10,0.00,0.00,inferred
Rushmoor,2021-04-03,0.74,0.53,0.34,0.19,0.10,0.00,0.00,inferred
Rushmoor,2021-04-04,0.74,0.53,0.34,0.19,0.10,0.00,0.00,inferred
Rushmoor,2021-04-05,0.74,0.53,0.34,0.19,0.10,0.00,0.00,inferred
Rushmoor,2021-04-06,0.65,0.45,0.29,0.17,0.09,0.01,0.00,inferred
Rushmoor,2021-04-07,0.65,0.45,0.29,0.17,0.09,0.01,0.00,inferred
Rushmoor,2021-04-08,0.65,0.45,0.29,0.17,0.09,0.01,0.00,inferred
Rushmoor,2021-04-09,0.65,0.45,0.29,0.17,0.09,0.01,0.00,inferred
Rushmoor,2021-04-10,0.65,0.45,0.29,0.17,0.09,0.01,0.00,inferred
Rushmoor,2021-04-11,0.65,0.45,0.29,0.17,0.09,0.01,0.00,inferred
Rushmoor,2021-04-12,0.65,0.45,0.29,0.17,0.09,0.01,0.00,inferred
Rushmoor,2021-04-13,0.78,0.61,0.44,0.28,0.17,0.02,0.00,inferred
Rushmoor,2021-04-14,0.78,0.61,0.44,0.28,0.17,0.02,0.00,inferred
Rushmoor,2021-04-15,0.78,0.61,0.44,0.28,0.17,0.02,0.00,inferred
Rushmoor,2021-04-16,0.78,0.61,0.44,0.28,0.17,0.02,0.00,inferred
Rushmoor,2021-04-17,0.78,0.61,0.44,0.28,0.17,0.02,0.00,inferred
Rushmoor,2021-04-18,0.78,0.61,0.44,0.28,0.17,0.02,0.00,inferred
Rushmoor,2021-04-19,0.78,0.61,0.44,0.28,0.17,0.02,0.00,inferred
Rushmoor,2021-04-20,0.89,0.77,0.63,0.45,0.31,0.06,0.00,inferred
Rushmoor,2021-04-21,0.89,0.77,0.63,0.45,0.31,0.06,0.00,inferred
Rushmoor,2021-04-22,0.89,0.77,0.63,0.45,0.31,0.06,0.00,inferred
Rushmoor,2021-04-23,0.89,0.77,0.63,0.45,0.31,0.06,0.00,inferred
Rushmoor,2021-04-24,0.89,0.77,0.63,0.45,0.31,0.06,0.00,inferred
Rushmoor,2021-04-25,0.89,0.77,0.63,0.45,0.31,0.06,0.00,inferred
Rushmoor,2021-04-26,0.89,0.77,0.63,0.45,0.31,0.06,0.00,inferred
Rushmoor,2021-04-27,0.99,0.98,0.94,0.86,0.75,0.34,0.02,inferred
Rushmoor,2021-04-28,0.99,0.98,0.94,0.86,0.75,0.34,0.02,inferred
Rushmoor,2021-04-29,0.99,0.98,0.94,0.86,0.75,0.34,0.02,inferred
Rushmoor,2021-04-30,0.99,0.98,0.94,0.86,0.75,0.34,0.02,inferred
Rushmoor,2021-05-01,0.99,0.98,0.94,0.86,0.75,0.34,0.02,inferred
Rushmoor,2021-05-02,0.99,0.98,0.94,0.86,0.75,0.34,0.02,inferred
Rushmoor,2021-05-03,0.99,0.98,0.94,0.86,0.75,0.34,0.02,inferred
Rushmoor,2021-05-04,0.95,0.88,0.73,0.55,0.39,0.08,0.00,inferred
Rushmoor,2021-05-05,0.95,0.88,0.73,0.55,0.39,0.08,0.00,inferred
Rushmoor,2021-05-06,0.95,0.88,0.73,0.55,0.39,0.08,0.00,inferred
Rushmoor,2021-05-07,0.95,0.88,0.73,0.55,0.39,0.08,0.00,inferred
Rushmoor,2021-05-08,0.95,0.88,0.73,0.55,0.39,0.08,0.00,inferred
Rushmoor,2021-05-09,0.95,0.88,0.73,0.55,0.39,0.08,0.00,inferred
Rushmoor,2021-05-10,0.95,0.88,0.73,0.55,0.39,0.08,0.00,inferred
Rushmoor,2021-05-11,0.99,0.98,0.92,0.83,0.67,0.19,0.01,inferred
Rushmoor,2021-05-12,0.99,0.98,0.92,0.83,0.67,0.19,0.01,inferred
Rushmoor,2021-05-13,0.99,0.98,0.92,0.83,0.67,0.19,0.01,inferred
Rushmoor,2021-05-14,0.99,0.98,0.92,0.83,0.67,0.19,0.01,inferred
Rushmoor,2021-05-15,0.99,0.98,0.92,0.83,0.67,0.19,0.01,inferred
Rushmoor,2021-05-16,0.99,0.98,0.92,0.83,0.67,0.19,0.01,inferred
Rushmoor,2021-05-17,0.99,0.98,0.92,0.83,0.67,0.19,0.01,inferred
Rushmoor,2021-05-18,1.00,1.00,1.00,0.99,0.95,0.64,0.08,inferred
Rushmoor,2021-05-19,1.00,1.00,1.00,0.99,0.95,0.64,0.08,inferred
Rushmoor,2021-05-20,1.00,1.00,1.00,0.99,0.95,0.64,0.08,inferred
Rushmoor,2021-05-21,1.00,1.00,1.00,0.99,0.95,0.64,0.08,inferred
Rushmoor,2021-05-22,1.00,1.00,1.00,0.99,0.95,0.64,0.08,inferred
Rushmoor,2021-05-23,1.00,1.00,1.00,0.99,0.95,0.64,0.08,inferred
Rushmoor,2021-05-24,1.00,1.00,1.00,0.99,0.95,0.64,0.08,inferred
Rushmoor,2021-05-25,0.99,0.97,0.90,0.77,0.59,0.13,0.00,inferred
Rushmoor,2021-05-26,0.99,0.97,0.90,0.77,0.59,0.13,0.00,inferred
Rushmoor,2021-05-27,0.99,0.97,0.90,0.77,0.59,0.13,0.00,inferred
Rushmoor,2021-05-28,0.99,0.97,0.90,0.77,0.59,0.13,0.00,inferred
Rushmoor,2021-05-29,0.99,0.97,0.90,0.77,0.59,0.13,0.00,inferred
Rushmoor,2021-05-30,0.99,0.97,0.90,0.77,0.59,0.13,0.00,inferred
Rushmoor,2021-05-31,0.99,0.97,0.90,0.77,0.59,0.13,0.00,inferred
Rushmoor,2021-06-01,0.99,0.94,0.82,0.63,0.37,0.03,0.00,inferred
Rushmoor,2021-06-02,0.99,0.94,0.82,0.63,0.37,0.03,0.00,inferred
Rushmoor,2021-06-03,0.99,0.94,0.82,0.63,0.37,0.03,0.00,inferred
Rushmoor,2021-06-04,0.99,0.94,0.82,0.63,0.37,0.03,0.00,inferred
Rushmoor,2021-06-05,0.99,0.94,0.82,0.63,0.37,0.03,0.00,inferred
Rushmoor,2021-06-06,0.99,0.94,0.82,0.63,0.37,0.03,0.00,inferred
Rushmoor,2021-06-07,0.99,0.94,0.82,0.63,0.37,0.03,0.00,inferred
Rushmoor,2021-06-08,0.92,0.75,0.49,0.23,0.09,0.00,0.00,inferred
Rushmoor,2021-06-09,0.92,0.75,0.49,0.23,0.09,0.00,0.00,inferred
Rushmoor,2021-06-10,0.92,0.75,0.49,0.23,0.09,0.00,0.00,inferred
Rushmoor,2021-06-11,0.92,0.75,0.49,0.23,0.09,0.00,0.00,inferred
Rushmoor,2021-06-12,0.92,0.75,0.49,0.23,0.09,0.00,0.00,inferred
Rushmoor,2021-06-13,0.92,0.75,0.49,0.23,0.09,0.00,0.00,inferred
Rushmoor,2021-06-14,0.92,0.75,0.49,0.23,0.09,0.00,0.00,inferred
Rushmoor,2021-06-15,1.00,1.00,1.00,1.00,0.99,0.72,0.04,inferred
Rushmoor,2021-06-16,1.00,1.00,1.00,1.00,0.99,0.72,0.04,inferred
Rushmoor,2021-06-17,1.00,1.00,1.00,1.00,0.99,0.72,0.04,inferred
Rushmoor,2021-06-18,1.00,1.00,1.00,1.00,0.99,0.72,0.04,inferred
Rushmoor,2021-06-19,1.00,1.00,1.00,1.00,0.99,0.72,0.04,inferred
Rushmoor,2021-06-20,1.00,1.00,1.00,1.00,0.99,0.72,0.04,inferred
Rushmoor,2021-06-21,1.00,1.00,1.00,1.00,0.99,0.72,0.04,inferred
Rushmoor,2021-06-22,1.00,1.00,1.00,1.00,1.00,0.86,0.16,inferred
Rushmoor,2021-06-23,1.00,1.00,1.00,1.00,1.00,0.86,0.16,inferred
Rushmoor,2021-06-24,1.00,1.00,1.00,1.00,1.00,0.86,0.16,inferred
Rushmoor,2021-06-25,1.00,1.00,1.00,1.00,1.00,0.86,0.16,inferred
Rushmoor,2021-06-26,1.00,1.00,1.00,1.00,1.00,0.86,0.16,inferred
Rushmoor,2021-06-27,1.00,1.00,1.00,1.00,1.00,0.86,0.16,inferred
Rushmoor,2021-06-28,1.00,1.00,1.00,1.00,1.00,0.86,0.16,inferred
Rushmoor,2021-06-29,1.00,0.99,0.97,0.93,0.84,0.42,0.04,inferred
Rushmoor,2021-06-30,1.00,0.99,0.97,0.93,0.84,0.42,0.04,inferred
Rushmoor,2021-07-01,1.00,0.99,0.97,0.93,0.84,0.42,0.04,inferred
Rushmoor,2021-07-02,1.00,0.99,0.97,0.93,0.84,0.42,0.04,inferred
Rushmoor,2021-07-03,1.00,0.99,0.97,0.93,0.84,0.42,0.04,inferred
Rushmoor,2021-07-04,1.00,0.99,0.97,0.93,0.84,0.42,0.04,inferred
Rushmoor,2021-07-05,1.00,0.99,0.97,0.93,0.84,0.42,0.04,inferred
Rushmoor,2021-07-06,0.98,0.96,0.91,0.84,0.73,0.40,0.10,projected
Rushmoor,2021-07-07,0.98,0.96,0.91,0.84,0.73,0.40,0.10,projected
Rushmoor,2021-07-08,0.98,0.96,0.91,0.84,0.73,0.40,0.10,projected
Rushmoor,2021-07-09,0.98,0.96,0.91,0.84,0.73,0.40,0.10,projected
Rushmoor,2021-07-10,0.98,0.96,0.91,0.84,0.73,0.40,0.10,projected
Rushmoor,2021-07-11,0.98,0.96,0.91,0.84,0.73,0.40,0.10,projected
Rushmoor,2021-07-12,0.98,0.96,0.91,0.84,0.73,0.40,0.10,projected
Rushmoor,2021-07-13,0.97,0.92,0.86,0.78,0.69,0.40,0.14,projected
Rushmoor,2021-07-14,0.97,0.92,0.86,0.78,0.69,0.40,0.14,projected
Rushmoor,2021-07-15,0.97,0.92,0.86,0.78,0.69,0.40,0.14,projected
Rushmoor,2021-07-16,0.97,0.92,0.86,0.78,0.69,0.40,0.14,projected
Rushmoor,2021-07-17,0.97,0.92,0.86,0.78,0.69,0.40,0.14,projected
Rushmoor,2021-07-18,0.97,0.92,0.86,0.78,0.69,0.40,0.14,projected
Rushmoor,2021-07-19,0.97,0.92,0.86,0.78,0.69,0.40,0.14,projected
Rushmoor,2021-07-20,0.97,0.93,0.86,0.79,0.69,0.41,0.16,projected
Rushmoor,2021-07-21,0.97,0.93,0.86,0.79,0.69,0.41,0.16,projected
Rushmoor,2021-07-22,0.97,0.93,0.86,0.79,0.69,0.41,0.16,projected
Rushmoor,2021-07-23,0.97,0.93,0.86,0.79,0.69,0.41,0.16,projected
Rushmoor,2021-07-24,0.97,0.93,0.86,0.79,0.69,0.41,0.16,projected
Rushmoor,2021-07-25,0.97,0.93,0.86,0.79,0.69,0.41,0.16,projected
Rushmoor,2021-07-26,0.97,0.93,0.86,0.79,0.69,0.41,0.16,projected
Rutland,2021-03-23,0.21,0.08,0.03,0.01,0.00,0.00,0.00,inferred
Rutland,2021-03-24,0.21,0.08,0.03,0.01,0.00,0.00,0.00,inferred
Rutland,2021-03-25,0.21,0.08,0.03,0.01,0.00,0.00,0.00,inferred
Rutland,2021-03-26,0.21,0.08,0.03,0.01,0.00,0.00,0.00,inferred
Rutland,2021-03-27,0.21,0.08,0.03,0.01,0.00,0.00,0.00,inferred
Rutland,2021-03-28,0.21,0.08,0.03,0.01,0.00,0.00,0.00,inferred
Rutland,2021-03-29,0.21,0.08,0.03,0.01,0.00,0.00,0.00,inferred
Rutland,2021-03-30,0.22,0.10,0.04,0.02,0.00,0.00,0.00,inferred
Rutland,2021-03-31,0.22,0.10,0.04,0.02,0.00,0.00,0.00,inferred
Rutland,2021-04-01,0.22,0.10,0.04,0.02,0.00,0.00,0.00,inferred
Rutland,2021-04-02,0.22,0.10,0.04,0.02,0.00,0.00,0.00,inferred
Rutland,2021-04-03,0.22,0.10,0.04,0.02,0.00,0.00,0.00,inferred
Rutland,2021-04-04,0.22,0.10,0.04,0.02,0.00,0.00,0.00,inferred
Rutland,2021-04-05,0.22,0.10,0.04,0.02,0.00,0.00,0.00,inferred
Rutland,2021-04-06,0.20,0.09,0.04,0.02,0.01,0.00,0.00,inferred
Rutland,2021-04-07,0.20,0.09,0.04,0.02,0.01,0.00,0.00,inferred
Rutland,2021-04-08,0.20,0.09,0.04,0.02,0.01,0.00,0.00,inferred
Rutland,2021-04-09,0.20,0.09,0.04,0.02,0.01,0.00,0.00,inferred
Rutland,2021-04-10,0.20,0.09,0.04,0.02,0.01,0.00,0.00,inferred
Rutland,2021-04-11,0.20,0.09,0.04,0.02,0.01,0.00,0.00,inferred
Rutland,2021-04-12,0.20,0.09,0.04,0.02,0.01,0.00,0.00,inferred
Rutland,2021-04-13,0.72,0.57,0.42,0.30,0.19,0.04,0.00,inferred
Rutland,2021-04-14,0.72,0.57,0.42,0.30,0.19,0.04,0.00,inferred
Rutland,2021-04-15,0.72,0.57,0.42,0.30,0.19,0.04,0.00,inferred
Rutland,2021-04-16,0.72,0.57,0.42,0.30,0.19,0.04,0.00,inferred
Rutland,2021-04-17,0.72,0.57,0.42,0.30,0.19,0.04,0.00,inferred
Rutland,2021-04-18,0.72,0.57,0.42,0.30,0.19,0.04,0.00,inferred
Rutland,2021-04-19,0.72,0.57,0.42,0.30,0.19,0.04,0.00,inferred
Rutland,2021-04-20,0.79,0.64,0.49,0.32,0.22,0.04,0.00,inferred
Rutland,2021-04-21,0.79,0.64,0.49,0.32,0.22,0.04,0.00,inferred
Rutland,2021-04-22,0.79,0.64,0.49,0.32,0.22,0.04,0.00,inferred
Rutland,2021-04-23,0.79,0.64,0.49,0.32,0.22,0.04,0.00,inferred
Rutland,2021-04-24,0.79,0.64,0.49,0.32,0.22,0.04,0.00,inferred
Rutland,2021-04-25,0.79,0.64,0.49,0.32,0.22,0.04,0.00,inferred
Rutland,2021-04-26,0.79,0.64,0.49,0.32,0.22,0.04,0.00,inferred
Rutland,2021-04-27,0.73,0.59,0.43,0.31,0.19,0.04,0.00,inferred
Rutland,2021-04-28,0.73,0.59,0.43,0.31,0.19,0.04,0.00,inferred
Rutland,2021-04-29,0.73,0.59,0.43,0.31,0.19,0.04,0.00,inferred
Rutland,2021-04-30,0.73,0.59,0.43,0.31,0.19,0.04,0.00,inferred
Rutland,2021-05-01,0.73,0.59,0.43,0.31,0.19,0.04,0.00,inferred
Rutland,2021-05-02,0.73,0.59,0.43,0.31,0.19,0.04,0.00,inferred
Rutland,2021-05-03,0.73,0.59,0.43,0.31,0.19,0.04,0.00,inferred
Rutland,2021-05-04,0.70,0.53,0.38,0.24,0.15,0.02,0.00,inferred
Rutland,2021-05-05,0.70,0.53,0.38,0.24,0.15,0.02,0.00,inferred
Rutland,2021-05-06,0.70,0.53,0.38,0.24,0.15,0.02,0.00,inferred
Rutland,2021-05-07,0.70,0.53,0.38,0.24,0.15,0.02,0.00,inferred
Rutland,2021-05-08,0.70,0.53,0.38,0.24,0.15,0.02,0.00,inferred
Rutland,2021-05-09,0.70,0.53,0.38,0.24,0.15,0.02,0.00,inferred
Rutland,2021-05-10,0.70,0.53,0.38,0.24,0.15,0.02,0.00,inferred
Rutland,2021-05-11,0.53,0.38,0.25,0.15,0.08,0.01,0.00,inferred
Rutland,2021-05-12,0.53,0.38,0.25,0.15,0.08,0.01,0.00,inferred
Rutland,2021-05-13,0.53,0.38,0.25,0.15,0.08,0.01,0.00,inferred
Rutland,2021-05-14,0.53,0.38,0.25,0.15,0.08,0.01,0.00,inferred
Rutland,2021-05-15,0.53,0.38,0.25,0.15,0.08,0.01,0.00,inferred
Rutland,2021-05-16,0.53,0.38,0.25,0.15,0.08,0.01,0.00,inferred
Rutland,2021-05-17,0.53,0.38,0.25,0.15,0.08,0.01,0.00,inferred
Rutland,2021-05-18,0.84,0.72,0.57,0.43,0.32,0.09,0.00,inferred
Rutland,2021-05-19,0.84,0.72,0.57,0.43,0.32,0.09,0.00,inferred
Rutland,2021-05-20,0.84,0.72,0.57,0.43,0.32,0.09,0.00,inferred
Rutland,2021-05-21,0.84,0.72,0.57,0.43,0.32,0.09,0.00,inferred
Rutland,2021-05-22,0.84,0.72,0.57,0.43,0.32,0.09,0.00,inferred
Rutland,2021-05-23,0.84,0.72,0.57,0.43,0.32,0.09,0.00,inferred
Rutland,2021-05-24,0.84,0.72,0.57,0.43,0.32,0.09,0.00,inferred
Rutland,2021-05-25,0.85,0.75,0.62,0.48,0.35,0.11,0.01,inferred
Rutland,2021-05-26,0.85,0.75,0.62,0.48,0.35,0.11,0.01,inferred
Rutland,2021-05-27,0.85,0.75,0.62,0.48,0.35,0.11,0.01,inferred
Rutland,2021-05-28,0.85,0.75,0.62,0.48,0.35,0.11,0.01,inferred
Rutland,2021-05-29,0.85,0.75,0.62,0.48,0.35,0.11,0.01,inferred
Rutland,2021-05-30,0.85,0.75,0.62,0.48,0.35,0.11,0.01,inferred
Rutland,2021-05-31,0.85,0.75,0.62,0.48,0.35,0.11,0.01,inferred
Rutland,2021-06-01,0.99,0.98,0.96,0.92,0.87,0.62,0.19,inferred
Rutland,2021-06-02,0.99,0.98,0.96,0.92,0.87,0.62,0.19,inferred
Rutland,2021-06-03,0.99,0.98,0.96,0.92,0.87,0.62,0.19,inferred
Rutland,2021-06-04,0.99,0.98,0.96,0.92,0.87,0.62,0.19,inferred
Rutland,2021-06-05,0.99,0.98,0.96,0.92,0.87,0.62,0.19,inferred
Rutland,2021-06-06,0.99,0.98,0.96,0.92,0.87,0.62,0.19,inferred
Rutland,2021-06-07,0.99,0.98,0.96,0.92,0.87,0.62,0.19,inferred
Rutland,2021-06-08,1.00,1.00,1.00,1.00,1.00,0.96,0.66,inferred
Rutland,2021-06-09,1.00,1.00,1.00,1.00,1.00,0.96,0.66,inferred
Rutland,2021-06-10,1.00,1.00,1.00,1.00,1.00,0.96,0.66,inferred
Rutland,2021-06-11,1.00,1.00,1.00,1.00,1.00,0.96,0.66,inferred
Rutland,2021-06-12,1.00,1.00,1.00,1.00,1.00,0.96,0.66,inferred
Rutland,2021-06-13,1.00,1.00,1.00,1.00,1.00,0.96,0.66,inferred
Rutland,2021-06-14,1.00,1.00,1.00,1.00,1.00,0.96,0.66,inferred
Rutland,2021-06-15,1.00,1.00,1.00,1.00,1.00,0.92,0.47,inferred
Rutland,2021-06-16,1.00,1.00,1.00,1.00,1.00,0.92,0.47,inferred
Rutland,2021-06-17,1.00,1.00,1.00,1.00,1.00,0.92,0.47,inferred
Rutland,2021-06-18,1.00,1.00,1.00,1.00,1.00,0.92,0.47,inferred
Rutland,2021-06-19,1.00,1.00,1.00,1.00,1.00,0.92,0.47,inferred
Rutland,2021-06-20,1.00,1.00,1.00,1.00,1.00,0.92,0.47,inferred
Rutland,2021-06-21,1.00,1.00,1.00,1.00,1.00,0.92,0.47,inferred
Rutland,2021-06-22,1.00,1.00,1.00,0.99,0.96,0.72,0.15,inferred
Rutland,2021-06-23,1.00,1.00,1.00,0.99,0.96,0.72,0.15,inferred
Rutland,2021-06-24,1.00,1.00,1.00,0.99,0.96,0.72,0.15,inferred
Rutland,2021-06-25,1.00,1.00,1.00,0.99,0.96,0.72,0.15,inferred
Rutland,2021-06-26,1.00,1.00,1.00,0.99,0.96,0.72,0.15,inferred
Rutland,2021-06-27,1.00,1.00,1.00,0.99,0.96,0.72,0.15,inferred
Rutland,2021-06-28,1.00,1.00,1.00,0.99,0.96,0.72,0.15,inferred
Rutland,2021-06-29,0.94,0.87,0.76,0.62,0.48,0.16,0.01,inferred
Rutland,2021-06-30,0.94,0.87,0.76,0.62,0.48,0.16,0.01,inferred
Rutland,2021-07-01,0.94,0.87,0.76,0.62,0.48,0.16,0.01,inferred
Rutland,2021-07-02,0.94,0.87,0.76,0.62,0.48,0.16,0.01,inferred
Rutland,2021-07-03,0.94,0.87,0.76,0.62,0.48,0.16,0.01,inferred
Rutland,2021-07-04,0.94,0.87,0.76,0.62,0.48,0.16,0.01,inferred
Rutland,2021-07-05,0.94,0.87,0.76,0.62,0.48,0.16,0.01,inferred
Rutland,2021-07-06,0.94,0.87,0.77,0.66,0.55,0.26,0.06,projected
Rutland,2021-07-07,0.94,0.87,0.77,0.66,0.55,0.26,0.06,projected
Rutland,2021-07-08,0.94,0.87,0.77,0.66,0.55,0.26,0.06,projected
Rutland,2021-07-09,0.94,0.87,0.77,0.66,0.55,0.26,0.06,projected
Rutland,2021-07-10,0.94,0.87,0.77,0.66,0.55,0.26,0.06,projected
Rutland,2021-07-11,0.94,0.87,0.77,0.66,0.55,0.26,0.06,projected
Rutland,2021-07-12,0.94,0.87,0.77,0.66,0.55,0.26,0.06,projected
Rutland,2021-07-13,0.92,0.86,0.79,0.70,0.58,0.30,0.11,projected
Rutland,2021-07-14,0.92,0.86,0.79,0.70,0.58,0.30,0.11,projected
Rutland,2021-07-15,0.92,0.86,0.79,0.70,0.58,0.30,0.11,projected
Rutland,2021-07-16,0.92,0.86,0.79,0.70,0.58,0.30,0.11,projected
Rutland,2021-07-17,0.92,0.86,0.79,0.70,0.58,0.30,0.11,projected
Rutland,2021-07-18,0.92,0.86,0.79,0.70,0.58,0.30,0.11,projected
Rutland,2021-07-19,0.92,0.86,0.79,0.70,0.58,0.30,0.11,projected
Rutland,2021-07-20,0.95,0.89,0.82,0.74,0.65,0.39,0.13,projected
Rutland,2021-07-21,0.95,0.89,0.82,0.74,0.65,0.39,0.13,projected
Rutland,2021-07-22,0.95,0.89,0.82,0.74,0.65,0.39,0.13,projected
Rutland,2021-07-23,0.95,0.89,0.82,0.74,0.65,0.39,0.13,projected
Rutland,2021-07-24,0.95,0.89,0.82,0.74,0.65,0.39,0.13,projected
Rutland,2021-07-25,0.95,0.89,0.82,0.74,0.65,0.39,0.13,projected
Rutland,2021-07-26,0.95,0.89,0.82,0.74,0.65,0.39,0.13,projected
Ryedale,2021-03-23,0.63,0.46,0.31,0.18,0.09,0.01,0.00,inferred
Ryedale,2021-03-24,0.63,0.46,0.31,0.18,0.09,0.01,0.00,inferred
Ryedale,2021-03-25,0.63,0.46,0.31,0.18,0.09,0.01,0.00,inferred
Ryedale,2021-03-26,0.63,0.46,0.31,0.18,0.09,0.01,0.00,inferred
Ryedale,2021-03-27,0.63,0.46,0.31,0.18,0.09,0.01,0.00,inferred
Ryedale,2021-03-28,0.63,0.46,0.31,0.18,0.09,0.01,0.00,inferred
Ryedale,2021-03-29,0.63,0.46,0.31,0.18,0.09,0.01,0.00,inferred
Ryedale,2021-03-30,0.93,0.85,0.73,0.60,0.45,0.11,0.00,inferred
Ryedale,2021-03-31,0.93,0.85,0.73,0.60,0.45,0.11,0.00,inferred
Ryedale,2021-04-01,0.93,0.85,0.73,0.60,0.45,0.11,0.00,inferred
Ryedale,2021-04-02,0.93,0.85,0.73,0.60,0.45,0.11,0.00,inferred
Ryedale,2021-04-03,0.93,0.85,0.73,0.60,0.45,0.11,0.00,inferred
Ryedale,2021-04-04,0.93,0.85,0.73,0.60,0.45,0.11,0.00,inferred
Ryedale,2021-04-05,0.93,0.85,0.73,0.60,0.45,0.11,0.00,inferred
Ryedale,2021-04-06,0.59,0.43,0.28,0.17,0.09,0.01,0.00,inferred
Ryedale,2021-04-07,0.59,0.43,0.28,0.17,0.09,0.01,0.00,inferred
Ryedale,2021-04-08,0.59,0.43,0.28,0.17,0.09,0.01,0.00,inferred
Ryedale,2021-04-09,0.59,0.43,0.28,0.17,0.09,0.01,0.00,inferred
Ryedale,2021-04-10,0.59,0.43,0.28,0.17,0.09,0.01,0.00,inferred
Ryedale,2021-04-11,0.59,0.43,0.28,0.17,0.09,0.01,0.00,inferred
Ryedale,2021-04-12,0.59,0.43,0.28,0.17,0.09,0.01,0.00,inferred
Ryedale,2021-04-13,0.58,0.42,0.28,0.17,0.10,0.01,0.00,inferred
Ryedale,2021-04-14,0.58,0.42,0.28,0.17,0.10,0.01,0.00,inferred
Ryedale,2021-04-15,0.58,0.42,0.28,0.17,0.10,0.01,0.00,inferred
Ryedale,2021-04-16,0.58,0.42,0.28,0.17,0.10,0.01,0.00,inferred
Ryedale,2021-04-17,0.58,0.42,0.28,0.17,0.10,0.01,0.00,inferred
Ryedale,2021-04-18,0.58,0.42,0.28,0.17,0.10,0.01,0.00,inferred
Ryedale,2021-04-19,0.58,0.42,0.28,0.17,0.10,0.01,0.00,inferred
Ryedale,2021-04-20,0.52,0.35,0.23,0.13,0.06,0.00,0.00,inferred
Ryedale,2021-04-21,0.52,0.35,0.23,0.13,0.06,0.00,0.00,inferred
Ryedale,2021-04-22,0.52,0.35,0.23,0.13,0.06,0.00,0.00,inferred
Ryedale,2021-04-23,0.52,0.35,0.23,0.13,0.06,0.00,0.00,inferred
Ryedale,2021-04-24,0.52,0.35,0.23,0.13,0.06,0.00,0.00,inferred
Ryedale,2021-04-25,0.52,0.35,0.23,0.13,0.06,0.00,0.00,inferred
Ryedale,2021-04-26,0.52,0.35,0.23,0.13,0.06,0.00,0.00,inferred
Ryedale,2021-04-27,0.17,0.09,0.05,0.02,0.01,0.00,0.00,inferred
Ryedale,2021-04-28,0.17,0.09,0.05,0.02,0.01,0.00,0.00,inferred
Ryedale,2021-04-29,0.17,0.09,0.05,0.02,0.01,0.00,0.00,inferred
Ryedale,2021-04-30,0.17,0.09,0.05,0.02,0.01,0.00,0.00,inferred
Ryedale,2021-05-01,0.17,0.09,0.05,0.02,0.01,0.00,0.00,inferred
Ryedale,2021-05-02,0.17,0.09,0.05,0.02,0.01,0.00,0.00,inferred
Ryedale,2021-05-03,0.17,0.09,0.05,0.02,0.01,0.00,0.00,inferred
Ryedale,2021-05-04,0.31,0.19,0.11,0.06,0.03,0.00,0.00,inferred
Ryedale,2021-05-05,0.31,0.19,0.11,0.06,0.03,0.00,0.00,inferred
Ryedale,2021-05-06,0.31,0.19,0.11,0.06,0.03,0.00,0.00,inferred
Ryedale,2021-05-07,0.31,0.19,0.11,0.06,0.03,0.00,0.00,inferred
Ryedale,2021-05-08,0.31,0.19,0.11,0.06,0.03,0.00,0.00,inferred
Ryedale,2021-05-09,0.31,0.19,0.11,0.06,0.03,0.00,0.00,inferred
Ryedale,2021-05-10,0.31,0.19,0.11,0.06,0.03,0.00,0.00,inferred
Ryedale,2021-05-11,0.57,0.44,0.33,0.23,0.16,0.03,0.00,inferred
Ryedale,2021-05-12,0.57,0.44,0.33,0.23,0.16,0.03,0.00,inferred
Ryedale,2021-05-13,0.57,0.44,0.33,0.23,0.16,0.03,0.00,inferred
Ryedale,2021-05-14,0.57,0.44,0.33,0.23,0.16,0.03,0.00,inferred
Ryedale,2021-05-15,0.57,0.44,0.33,0.23,0.16,0.03,0.00,inferred
Ryedale,2021-05-16,0.57,0.44,0.33,0.23,0.16,0.03,0.00,inferred
Ryedale,2021-05-17,0.57,0.44,0.33,0.23,0.16,0.03,0.00,inferred
Ryedale,2021-05-18,0.88,0.80,0.70,0.60,0.49,0.24,0.04,inferred
Ryedale,2021-05-19,0.88,0.80,0.70,0.60,0.49,0.24,0.04,inferred
Ryedale,2021-05-20,0.88,0.80,0.70,0.60,0.49,0.24,0.04,inferred
Ryedale,2021-05-21,0.88,0.80,0.70,0.60,0.49,0.24,0.04,inferred
Ryedale,2021-05-22,0.88,0.80,0.70,0.60,0.49,0.24,0.04,inferred
Ryedale,2021-05-23,0.88,0.80,0.70,0.60,0.49,0.24,0.04,inferred
Ryedale,2021-05-24,0.88,0.80,0.70,0.60,0.49,0.24,0.04,inferred
Ryedale,2021-05-25,0.99,0.99,0.97,0.94,0.91,0.71,0.33,inferred
Ryedale,2021-05-26,0.99,0.99,0.97,0.94,0.91,0.71,0.33,inferred
Ryedale,2021-05-27,0.99,0.99,0.97,0.94,0.91,0.71,0.33,inferred
Ryedale,2021-05-28,0.99,0.99,0.97,0.94,0.91,0.71,0.33,inferred
Ryedale,2021-05-29,0.99,0.99,0.97,0.94,0.91,0.71,0.33,inferred
Ryedale,2021-05-30,0.99,0.99,0.97,0.94,0.91,0.71,0.33,inferred
Ryedale,2021-05-31,0.99,0.99,0.97,0.94,0.91,0.71,0.33,inferred
Ryedale,2021-06-01,1.00,1.00,1.00,1.00,0.98,0.90,0.55,inferred
Ryedale,2021-06-02,1.00,1.00,1.00,1.00,0.98,0.90,0.55,inferred
Ryedale,2021-06-03,1.00,1.00,1.00,1.00,0.98,0.90,0.55,inferred
Ryedale,2021-06-04,1.00,1.00,1.00,1.00,0.98,0.90,0.55,inferred
Ryedale,2021-06-05,1.00,1.00,1.00,1.00,0.98,0.90,0.55,inferred
Ryedale,2021-06-06,1.00,1.00,1.00,1.00,0.98,0.90,0.55,inferred
Ryedale,2021-06-07,1.00,1.00,1.00,1.00,0.98,0.90,0.55,inferred
Ryedale,2021-06-08,1.00,1.00,1.00,0.99,0.97,0.83,0.41,inferred
Ryedale,2021-06-09,1.00,1.00,1.00,0.99,0.97,0.83,0.41,inferred
Ryedale,2021-06-10,1.00,1.00,1.00,0.99,0.97,0.83,0.41,inferred
Ryedale,2021-06-11,1.00,1.00,1.00,0.99,0.97,0.83,0.41,inferred
Ryedale,2021-06-12,1.00,1.00,1.00,0.99,0.97,0.83,0.41,inferred
Ryedale,2021-06-13,1.00,1.00,1.00,0.99,0.97,0.83,0.41,inferred
Ryedale,2021-06-14,1.00,1.00,1.00,0.99,0.97,0.83,0.41,inferred
Ryedale,2021-06-15,1.00,1.00,1.00,1.00,1.00,0.99,0.78,inferred
Ryedale,2021-06-16,1.00,1.00,1.00,1.00,1.00,0.99,0.78,inferred
Ryedale,2021-06-17,1.00,1.00,1.00,1.00,1.00,0.99,0.78,inferred
Ryedale,2021-06-18,1.00,1.00,1.00,1.00,1.00,0.99,0.78,inferred
Ryedale,2021-06-19,1.00,1.00,1.00,1.00,1.00,0.99,0.78,inferred
Ryedale,2021-06-20,1.00,1.00,1.00,1.00,1.00,0.99,0.78,inferred
Ryedale,2021-06-21,1.00,1.00,1.00,1.00,1.00,0.99,0.78,inferred
Ryedale,2021-06-22,1.00,1.00,1.00,0.98,0.94,0.67,0.15,inferred
Ryedale,2021-06-23,1.00,1.00,1.00,0.98,0.94,0.67,0.15,inferred
Ryedale,2021-06-24,1.00,1.00,1.00,0.98,0.94,0.67,0.15,inferred
Ryedale,2021-06-25,1.00,1.00,1.00,0.98,0.94,0.67,0.15,inferred
Ryedale,2021-06-26,1.00,1.00,1.00,0.98,0.94,0.67,0.15,inferred
Ryedale,2021-06-27,1.00,1.00,1.00,0.98,0.94,0.67,0.15,inferred
Ryedale,2021-06-28,1.00,1.00,1.00,0.98,0.94,0.67,0.15,inferred
Ryedale,2021-06-29,0.95,0.90,0.80,0.67,0.53,0.19,0.02,inferred
Ryedale,2021-06-30,0.95,0.90,0.80,0.67,0.53,0.19,0.02,inferred
Ryedale,2021-07-01,0.95,0.90,0.80,0.67,0.53,0.19,0.02,inferred
Ryedale,2021-07-02,0.95,0.90,0.80,0.67,0.53,0.19,0.02,inferred
Ryedale,2021-07-03,0.95,0.90,0.80,0.67,0.53,0.19,0.02,inferred
Ryedale,2021-07-04,0.95,0.90,0.80,0.67,0.53,0.19,0.02,inferred
Ryedale,2021-07-05,0.95,0.90,0.80,0.67,0.53,0.19,0.02,inferred
Ryedale,2021-07-06,0.93,0.86,0.77,0.65,0.54,0.27,0.05,projected
Ryedale,2021-07-07,0.93,0.86,0.77,0.65,0.54,0.27,0.05,projected
Ryedale,2021-07-08,0.93,0.86,0.77,0.65,0.54,0.27,0.05,projected
Ryedale,2021-07-09,0.93,0.86,0.77,0.65,0.54,0.27,0.05,projected
Ryedale,2021-07-10,0.93,0.86,0.77,0.65,0.54,0.27,0.05,projected
Ryedale,2021-07-11,0.93,0.86,0.77,0.65,0.54,0.27,0.05,projected
Ryedale,2021-07-12,0.93,0.86,0.77,0.65,0.54,0.27,0.05,projected
Ryedale,2021-07-13,0.91,0.86,0.77,0.67,0.56,0.29,0.09,projected
Ryedale,2021-07-14,0.91,0.86,0.77,0.67,0.56,0.29,0.09,projected
Ryedale,2021-07-15,0.91,0.86,0.77,0.67,0.56,0.29,0.09,projected
Ryedale,2021-07-16,0.91,0.86,0.77,0.67,0.56,0.29,0.09,projected
Ryedale,2021-07-17,0.91,0.86,0.77,0.67,0.56,0.29,0.09,projected
Ryedale,2021-07-18,0.91,0.86,0.77,0.67,0.56,0.29,0.09,projected
Ryedale,2021-07-19,0.91,0.86,0.77,0.67,0.56,0.29,0.09,projected
Ryedale,2021-07-20,0.93,0.88,0.81,0.73,0.63,0.38,0.12,projected
Ryedale,2021-07-21,0.93,0.88,0.81,0.73,0.63,0.38,0.12,projected
Ryedale,2021-07-22,0.93,0.88,0.81,0.73,0.63,0.38,0.12,projected
Ryedale,2021-07-23,0.93,0.88,0.81,0.73,0.63,0.38,0.12,projected
Ryedale,2021-07-24,0.93,0.88,0.81,0.73,0.63,0.38,0.12,projected
Ryedale,2021-07-25,0.93,0.88,0.81,0.73,0.63,0.38,0.12,projected
Ryedale,2021-07-26,0.93,0.88,0.81,0.73,0.63,0.38,0.12,projected
Salford,2021-03-23,0.00,0.00,0.00,0.00,0.00,0.00,0.00,inferred
Salford,2021-03-24,0.00,0.00,0.00,0.00,0.00,0.00,0.00,inferred
Salford,2021-03-25,0.00,0.00,0.00,0.00,0.00,0.00,0.00,inferred
Salford,2021-03-26,0.00,0.00,0.00,0.00,0.00,0.00,0.00,inferred
Salford,2021-03-27,0.00,0.00,0.00,0.00,0.00,0.00,0.00,inferred
Salford,2021-03-28,0.00,0.00,0.00,0.00,0.00,0.00,0.00,inferred
Salford,2021-03-29,0.00,0.00,0.00,0.00,0.00,0.00,0.00,inferred
Salford,2021-03-30,0.43,0.15,0.04,0.00,0.00,0.00,0.00,inferred
Salford,2021-03-31,0.43,0.15,0.04,0.00,0.00,0.00,0.00,inferred
Salford,2021-04-01,0.43,0.15,0.04,0.00,0.00,0.00,0.00,inferred
Salford,2021-04-02,0.43,0.15,0.04,0.00,0.00,0.00,0.00,inferred
Salford,2021-04-03,0.43,0.15,0.04,0.00,0.00,0.00,0.00,inferred
Salford,2021-04-04,0.43,0.15,0.04,0.00,0.00,0.00,0.00,inferred
Salford,2021-04-05,0.43,0.15,0.04,0.00,0.00,0.00,0.00,inferred
Salford,2021-04-06,0.46,0.16,0.04,0.01,0.00,0.00,0.00,inferred
Salford,2021-04-07,0.46,0.16,0.04,0.01,0.00,0.00,0.00,inferred
Salford,2021-04-08,0.46,0.16,0.04,0.01,0.00,0.00,0.00,inferred
Salford,2021-04-09,0.46,0.16,0.04,0.01,0.00,0.00,0.00,inferred
Salford,2021-04-10,0.46,0.16,0.04,0.01,0.00,0.00,0.00,inferred
Salford,2021-04-11,0.46,0.16,0.04,0.01,0.00,0.00,0.00,inferred
Salford,2021-04-12,0.46,0.16,0.04,0.01,0.00,0.00,0.00,inferred
Salford,2021-04-13,0.95,0.81,0.56,0.29,0.11,0.00,0.00,inferred
Salford,2021-04-14,0.95,0.81,0.56,0.29,0.11,0.00,0.00,inferred
Salford,2021-04-15,0.95,0.81,0.56,0.29,0.11,0.00,0.00,inferred
Salford,2021-04-16,0.95,0.81,0.56,0.29,0.11,0.00,0.00,inferred
Salford,2021-04-17,0.95,0.81,0.56,0.29,0.11,0.00,0.00,inferred
Salford,2021-04-18,0.95,0.81,0.56,0.29,0.11,0.00,0.00,inferred
Salford,2021-04-19,0.95,0.81,0.56,0.29,0.11,0.00,0.00,inferred
Salford,2021-04-20,0.86,0.61,0.33,0.10,0.03,0.00,0.00,inferred
Salford,2021-04-21,0.86,0.61,0.33,0.10,0.03,0.00,0.00,inferred
Salford,2021-04-22,0.86,0.61,0.33,0.10,0.03,0.00,0.00,inferred
Salford,2021-04-23,0.86,0.61,0.33,0.10,0.03,0.00,0.00,inferred
Salford,2021-04-24,0.86,0.61,0.33,0.10,0.03,0.00,0.00,inferred
Salford,2021-04-25,0.86,0.61,0.33,0.10,0.03,0.00,0.00,inferred
Salford,2021-04-26,0.86,0.61,0.33,0.10,0.03,0.00,0.00,inferred
Salford,2021-04-27,0.82,0.54,0.26,0.08,0.02,0.00,0.00,inferred
Salford,2021-04-28,0.82,0.54,0.26,0.08,0.02,0.00,0.00,inferred
Salford,2021-04-29,0.82,0.54,0.26,0.08,0.02,0.00,0.00,inferred
Salford,2021-04-30,0.82,0.54,0.26,0.08,0.02,0.00,0.00,inferred
Salford,2021-05-01,0.82,0.54,0.26,0.08,0.02,0.00,0.00,inferred
Salford,2021-05-02,0.82,0.54,0.26,0.08,0.02,0.00,0.00,inferred
Salford,2021-05-03,0.82,0.54,0.26,0.08,0.02,0.00,0.00,inferred
Salford,2021-05-04,0.93,0.76,0.52,0.25,0.09,0.00,0.00,inferred
Salford,2021-05-05,0.93,0.76,0.52,0.25,0.09,0.00,0.00,inferred
Salford,2021-05-06,0.93,0.76,0.52,0.25,0.09,0.00,0.00,inferred
Salford,2021-05-07,0.93,0.76,0.52,0.25,0.09,0.00,0.00,inferred
Salford,2021-05-08,0.93,0.76,0.52,0.25,0.09,0.00,0.00,inferred
Salford,2021-05-09,0.93,0.76,0.52,0.25,0.09,0.00,0.00,inferred
Salford,2021-05-10,0.93,0.76,0.52,0.25,0.09,0.00,0.00,inferred
Salford,2021-05-11,1.00,1.00,1.00,1.00,0.98,0.63,0.03,inferred
Salford,2021-05-12,1.00,1.00,1.00,1.00,0.98,0.63,0.03,inferred
Salford,2021-05-13,1.00,1.00,1.00,1.00,0.98,0.63,0.03,inferred
Salford,2021-05-14,1.00,1.00,1.00,1.00,0.98,0.63,0.03,inferred
Salford,2021-05-15,1.00,1.00,1.00,1.00,0.98,0.63,0.03,inferred
Salford,2021-05-16,1.00,1.00,1.00,1.00,0.98,0.63,0.03,inferred
Salford,2021-05-17,1.00,1.00,1.00,1.00,0.98,0.63,0.03,inferred
Salford,2021-05-18,1.00,1.00,1.00,1.00,1.00,1.00,0.90,inferred
Salford,2021-05-19,1.00,1.00,1.00,1.00,1.00,1.00,0.90,inferred
Salford,2021-05-20,1.00,1.00,1.00,1.00,1.00,1.00,0.90,inferred
Salford,2021-05-21,1.00,1.00,1.00,1.00,1.00,1.00,0.90,inferred
Salford,2021-05-22,1.00,1.00,1.00,1.00,1.00,1.00,0.90,inferred
Salford,2021-05-23,1.00,1.00,1.00,1.00,1.00,1.00,0.90,inferred
Salford,2021-05-24,1.00,1.00,1.00,1.00,1.00,1.00,0.90,inferred
Salford,2021-05-25,1.00,1.00,1.00,1.00,1.00,1.00,0.81,inferred
Salford,2021-05-26,1.00,1.00,1.00,1.00,1.00,1.00,0.81,inferred
Salford,2021-05-27,1.00,1.00,1.00,1.00,1.00,1.00,0.81,inferred
Salford,2021-05-28,1.00,1.00,1.00,1.00,1.00,1.00,0.81,inferred
Salford,2021-05-29,1.00,1.00,1.00,1.00,1.00,1.00,0.81,inferred
Salford,2021-05-30,1.00,1.00,1.00,1.00,1.00,1.00,0.81,inferred
Salford,2021-05-31,1.00,1.00,1.00,1.00,1.00,1.00,0.81,inferred
Salford,2021-06-01,1.00,1.00,0.98,0.86,0.66,0.11,0.00,inferred
Salford,2021-06-02,1.00,1.00,0.98,0.86,0.66,0.11,0.00,inferred
Salford,2021-06-03,1.00,1.00,0.98,0.86,0.66,0.11,0.00,inferred
Salford,2021-06-04,1.00,1.00,0.98,0.86,0.66,0.11,0.00,inferred
Salford,2021-06-05,1.00,1.00,0.98,0.86,0.66,0.11,0.00,inferred
Salford,2021-06-06,1.00,1.00,0.98,0.86,0.66,0.11,0.00,inferred
Salford,2021-06-07,1.00,1.00,0.98,0.86,0.66,0.11,0.00,inferred
Salford,2021-06-08,1.00,0.99,0.75,0.24,0.02,0.00,0.00,inferred
Salford,2021-06-09,1.00,0.99,0.75,0.24,0.02,0.00,0.00,inferred
Salford,2021-06-10,1.00,0.99,0.75,0.24,0.02,0.00,0.00,inferred
Salford,2021-06-11,1.00,0.99,0.75,0.24,0.02,0.00,0.00,inferred
Salford,2021-06-12,1.00,0.99,0.75,0.24,0.02,0.00,0.00,inferred
Salford,2021-06-13,1.00,0.99,0.75,0.24,0.02,0.00,0.00,inferred
Salford,2021-06-14,1.00,0.99,0.75,0.24,0.02,0.00,0.00,inferred
Salford,2021-06-15,1.00,1.00,1.00,1.00,0.98,0.08,0.00,inferred
Salford,2021-06-16,1.00,1.00,1.00,1.00,0.98,0.08,0.00,inferred
Salford,2021-06-17,1.00,1.00,1.00,1.00,0.98,0.08,0.00,inferred
Salford,2021-06-18,1.00,1.00,1.00,1.00,0.98,0.08,0.00,inferred
Salford,2021-06-19,1.00,1.00,1.00,1.00,0.98,0.08,0.00,inferred
Salford,2021-06-20,1.00,1.00,1.00,1.00,0.98,0.08,0.00,inferred
Salford,2021-06-21,1.00,1.00,1.00,1.00,0.98,0.08,0.00,inferred
Salford,2021-06-22,1.00,1.00,0.97,0.70,0.26,0.00,0.00,inferred
Salford,2021-06-23,1.00,1.00,0.97,0.70,0.26,0.00,0.00,inferred
Salford,2021-06-24,1.00,1.00,0.97,0.70,0.26,0.00,0.00,inferred
Salford,2021-06-25,1.00,1.00,0.97,0.70,0.26,0.00,0.00,inferred
Salford,2021-06-26,1.00,1.00,0.97,0.70,0.26,0.00,0.00,inferred
Salford,2021-06-27,1.00,1.00,0.97,0.70,0.26,0.00,0.00,inferred
Salford,2021-06-28,1.00,1.00,0.97,0.70,0.26,0.00,0.00,inferred
Salford,2021-06-29,0.43,0.14,0.03,0.00,0.00,0.00,0.00,inferred
Salford,2021-06-30,0.43,0.14,0.03,0.00,0.00,0.00,0.00,inferred
Salford,2021-07-01,0.43,0.14,0.03,0.00,0.00,0.00,0.00,inferred
Salford,2021-07-02,0.43,0.14,0.03,0.00,0.00,0.00,0.00,inferred
Salford,2021-07-03,0.43,0.14,0.03,0.00,0.00,0.00,0.00,inferred
Salford,2021-07-04,0.43,0.14,0.03,0.00,0.00,0.00,0.00,inferred
Salford,2021-07-05,0.43,0.14,0.03,0.00,0.00,0.00,0.00,inferred
Salford,2021-07-06,0.50,0.32,0.21,0.13,0.07,0.01,0.00,projected
Salford,2021-07-07,0.50,0.32,0.21,0.13,0.07,0.01,0.00,projected
Salford,2021-07-08,0.50,0.32,0.21,0.13,0.07,0.01,0.00,projected
Salford,2021-07-09,0.50,0.32,0.21,0.13,0.07,0.01,0.00,projected
Salford,2021-07-10,0.50,0.32,0.21,0.13,0.07,0.01,0.00,projected
Salford,2021-07-11,0.50,0.32,0.21,0.13,0.07,0.01,0.00,projected
Salford,2021-07-12,0.50,0.32,0.21,0.13,0.07,0.01,0.00,projected
Salford,2021-07-13,0.53,0.39,0.30,0.20,0.14,0.05,0.01,projected
Salford,2021-07-14,0.53,0.39,0.30,0.20,0.14,0.05,0.01,projected
Salford,2021-07-15,0.53,0.39,0.30,0.20,0.14,0.05,0.01,projected
Salford,2021-07-16,0.53,0.39,0.30,0.20,0.14,0.05,0.01,projected
Salford,2021-07-17,0.53,0.39,0.30,0.20,0.14,0.05,0.01,projected
Salford,2021-07-18,0.53,0.39,0.30,0.20,0.14,0.05,0.01,projected
Salford,2021-07-19,0.53,0.39,0.30,0.20,0.14,0.05,0.01,projected
Salford,2021-07-20,0.60,0.47,0.36,0.27,0.21,0.09,0.03,projected
Salford,2021-07-21,0.60,0.47,0.36,0.27,0.21,0.09,0.03,projected
Salford,2021-07-22,0.60,0.47,0.36,0.27,0.21,0.09,0.03,projected
Salford,2021-07-23,0.60,0.47,0.36,0.27,0.21,0.09,0.03,projected
Salford,2021-07-24,0.60,0.47,0.36,0.27,0.21,0.09,0.03,projected
Salford,2021-07-25,0.60,0.47,0.36,0.27,0.21,0.09,0.03,projected
Salford,2021-07-26,0.60,0.47,0.36,0.27,0.21,0.09,0.03,projected
Sandwell,2021-03-23,0.00,0.00,0.00,0.00,0.00,0.00,0.00,inferred
Sandwell,2021-03-24,0.00,0.00,0.00,0.00,0.00,0.00,0.00,inferred
Sandwell,2021-03-25,0.00,0.00,0.00,0.00,0.00,0.00,0.00,inferred
Sandwell,2021-03-26,0.00,0.00,0.00,0.00,0.00,0.00,0.00,inferred
Sandwell,2021-03-27,0.00,0.00,0.00,0.00,0.00,0.00,0.00,inferred
Sandwell,2021-03-28,0.00,0.00,0.00,0.00,0.00,0.00,0.00,inferred
Sandwell,2021-03-29,0.00,0.00,0.00,0.00,0.00,0.00,0.00,inferred
Sandwell,2021-03-30,0.37,0.12,0.02,0.00,0.00,0.00,0.00,inferred
Sandwell,2021-03-31,0.37,0.12,0.02,0.00,0.00,0.00,0.00,inferred
Sandwell,2021-04-01,0.37,0.12,0.02,0.00,0.00,0.00,0.00,inferred
Sandwell,2021-04-02,0.37,0.12,0.02,0.00,0.00,0.00,0.00,inferred
Sandwell,2021-04-03,0.37,0.12,0.02,0.00,0.00,0.00,0.00,inferred
Sandwell,2021-04-04,0.37,0.12,0.02,0.00,0.00,0.00,0.00,inferred
Sandwell,2021-04-05,0.37,0.12,0.02,0.00,0.00,0.00,0.00,inferred
Sandwell,2021-04-06,0.61,0.28,0.07,0.01,0.00,0.00,0.00,inferred
Sandwell,2021-04-07,0.61,0.28,0.07,0.01,0.00,0.00,0.00,inferred
Sandwell,2021-04-08,0.61,0.28,0.07,0.01,0.00,0.00,0.00,inferred
Sandwell,2021-04-09,0.61,0.28,0.07,0.01,0.00,0.00,0.00,inferred
Sandwell,2021-04-10,0.61,0.28,0.07,0.01,0.00,0.00,0.00,inferred
Sandwell,2021-04-11,0.61,0.28,0.07,0.01,0.00,0.00,0.00,inferred
Sandwell,2021-04-12,0.61,0.28,0.07,0.01,0.00,0.00,0.00,inferred
Sandwell,2021-04-13,0.51,0.18,0.03,0.00,0.00,0.00,0.00,inferred
Sandwell,2021-04-14,0.51,0.18,0.03,0.00,0.00,0.00,0.00,inferred
Sandwell,2021-04-15,0.51,0.18,0.03,0.00,0.00,0.00,0.00,inferred
Sandwell,2021-04-16,0.51,0.18,0.03,0.00,0.00,0.00,0.00,inferred
Sandwell,2021-04-17,0.51,0.18,0.03,0.00,0.00,0.00,0.00,inferred
Sandwell,2021-04-18,0.51,0.18,0.03,0.00,0.00,0.00,0.00,inferred
Sandwell,2021-04-19,0.51,0.18,0.03,0.00,0.00,0.00,0.00,inferred
Sandwell,2021-04-20,0.24,0.06,0.01,0.00,0.00,0.00,0.00,inferred
Sandwell,2021-04-21,0.24,0.06,0.01,0.00,0.00,0.00,0.00,inferred
Sandwell,2021-04-22,0.24,0.06,0.01,0.00,0.00,0.00,0.00,inferred
Sandwell,2021-04-23,0.24,0.06,0.01,0.00,0.00,0.00,0.00,inferred
Sandwell,2021-04-24,0.24,0.06,0.01,0.00,0.00,0.00,0.00,inferred
Sandwell,2021-04-25,0.24,0.06,0.01,0.00,0.00,0.00,0.00,inferred
Sandwell,2021-04-26,0.24,0.06,0.01,0.00,0.00,0.00,0.00,inferred
Sandwell,2021-04-27,0.78,0.50,0.22,0.06,0.01,0.00,0.00,inferred
Sandwell,2021-04-28,0.78,0.50,0.22,0.06,0.01,0.00,0.00,inferred
Sandwell,2021-04-29,0.78,0.50,0.22,0.06,0.01,0.00,0.00,inferred
Sandwell,2021-04-30,0.78,0.50,0.22,0.06,0.01,0.00,0.00,inferred
Sandwell,2021-05-01,0.78,0.50,0.22,0.06,0.01,0.00,0.00,inferred
Sandwell,2021-05-02,0.78,0.50,0.22,0.06,0.01,0.00,0.00,inferred
Sandwell,2021-05-03,0.78,0.50,0.22,0.06,0.01,0.00,0.00,inferred
Sandwell,2021-05-04,0.71,0.41,0.16,0.05,0.01,0.00,0.00,inferred
Sandwell,2021-05-05,0.71,0.41,0.16,0.05,0.01,0.00,0.00,inferred
Sandwell,2021-05-06,0.71,0.41,0.16,0.05,0.01,0.00,0.00,inferred
Sandwell,2021-05-07,0.71,0.41,0.16,0.05,0.01,0.00,0.00,inferred
Sandwell,2021-05-08,0.71,0.41,0.16,0.05,0.01,0.00,0.00,inferred
Sandwell,2021-05-09,0.71,0.41,0.16,0.05,0.01,0.00,0.00,inferred
Sandwell,2021-05-10,0.71,0.41,0.16,0.05,0.01,0.00,0.00,inferred
Sandwell,2021-05-11,0.92,0.69,0.40,0.18,0.06,0.00,0.00,inferred
Sandwell,2021-05-12,0.92,0.69,0.40,0.18,0.06,0.00,0.00,inferred
Sandwell,2021-05-13,0.92,0.69,0.40,0.18,0.06,0.00,0.00,inferred
Sandwell,2021-05-14,0.92,0.69,0.40,0.18,0.06,0.00,0.00,inferred
Sandwell,2021-05-15,0.92,0.69,0.40,0.18,0.06,0.00,0.00,inferred
Sandwell,2021-05-16,0.92,0.69,0.40,0.18,0.06,0.00,0.00,inferred
Sandwell,2021-05-17,0.92,0.69,0.40,0.18,0.06,0.00,0.00,inferred
Sandwell,2021-05-18,1.00,0.99,0.94,0.80,0.57,0.06,0.00,inferred
Sandwell,2021-05-19,1.00,0.99,0.94,0.80,0.57,0.06,0.00,inferred
Sandwell,2021-05-20,1.00,0.99,0.94,0.80,0.57,0.06,0.00,inferred
Sandwell,2021-05-21,1.00,0.99,0.94,0.80,0.57,0.06,0.00,inferred
Sandwell,2021-05-22,1.00,0.99,0.94,0.80,0.57,0.06,0.00,inferred
Sandwell,2021-05-23,1.00,0.99,0.94,0.80,0.57,0.06,0.00,inferred
Sandwell,2021-05-24,1.00,0.99,0.94,0.80,0.57,0.06,0.00,inferred
Sandwell,2021-05-25,1.00,1.00,1.00,1.00,0.99,0.75,0.07,inferred
Sandwell,2021-05-26,1.00,1.00,1.00,1.00,0.99,0.75,0.07,inferred
Sandwell,2021-05-27,1.00,1.00,1.00,1.00,0.99,0.75,0.07,inferred
Sandwell,2021-05-28,1.00,1.00,1.00,1.00,0.99,0.75,0.07,inferred
Sandwell,2021-05-29,1.00,1.00,1.00,1.00,0.99,0.75,0.07,inferred
Sandwell,2021-05-30,1.00,1.00,1.00,1.00,0.99,0.75,0.07,inferred
Sandwell,2021-05-31,1.00,1.00,1.00,1.00,0.99,0.75,0.07,inferred
Sandwell,2021-06-01,1.00,1.00,0.98,0.89,0.69,0.11,0.00,inferred
Sandwell,2021-06-02,1.00,1.00,0.98,0.89,0.69,0.11,0.00,inferred
Sandwell,2021-06-03,1.00,1.00,0.98,0.89,0.69,0.11,0.00,inferred
Sandwell,2021-06-04,1.00,1.00,0.98,0.89,0.69,0.11,0.00,inferred
Sandwell,2021-06-05,1.00,1.00,0.98,0.89,0.69,0.11,0.00,inferred
Sandwell,2021-06-06,1.00,1.00,0.98,0.89,0.69,0.11,0.00,inferred
Sandwell,2021-06-07,1.00,1.00,0.98,0.89,0.69,0.11,0.00,inferred
Sandwell,2021-06-08,1.00,1.00,1.00,0.99,0.95,0.32,0.00,inferred
Sandwell,2021-06-09,1.00,1.00,1.00,0.99,0.95,0.32,0.00,inferred
Sandwell,2021-06-10,1.00,1.00,1.00,0.99,0.95,0.32,0.00,inferred
Sandwell,2021-06-11,1.00,1.00,1.00,0.99,0.95,0.32,0.00,inferred
Sandwell,2021-06-12,1.00,1.00,1.00,0.99,0.95,0.32,0.00,inferred
Sandwell,2021-06-13,1.00,1.00,1.00,0.99,0.95,0.32,0.00,inferred
Sandwell,2021-06-14,1.00,1.00,1.00,0.99,0.95,0.32,0.00,inferred
Sandwell,2021-06-15,1.00,1.00,1.00,1.00,1.00,1.00,0.76,inferred
Sandwell,2021-06-16,1.00,1.00,1.00,1.00,1.00,1.00,0.76,inferred
Sandwell,2021-06-17,1.00,1.00,1.00,1.00,1.00,1.00,0.76,inferred
Sandwell,2021-06-18,1.00,1.00,1.00,1.00,1.00,1.00,0.76,inferred
Sandwell,2021-06-19,1.00,1.00,1.00,1.00,1.00,1.00,0.76,inferred
Sandwell,2021-06-20,1.00,1.00,1.00,1.00,1.00,1.00,0.76,inferred
Sandwell,2021-06-21,1.00,1.00,1.00,1.00,1.00,1.00,0.76,inferred
Sandwell,2021-06-22,1.00,1.00,1.00,1.00,1.00,0.94,0.45,inferred
Sandwell,2021-06-23,1.00,1.00,1.00,1.00,1.00,0.94,0.45,inferred
Sandwell,2021-06-24,1.00,1.00,1.00,1.00,1.00,0.94,0.45,inferred
Sandwell,2021-06-25,1.00,1.00,1.00,1.00,1.00,0.94,0.45,inferred
Sandwell,2021-06-26,1.00,1.00,1.00,1.00,1.00,0.94,0.45,inferred
Sandwell,2021-06-27,1.00,1.00,1.00,1.00,1.00,0.94,0.45,inferred
Sandwell,2021-06-28,1.00,1.00,1.00,1.00,1.00,0.94,0.45,inferred
Sandwell,2021-06-29,1.00,1.00,0.99,0.95,0.87,0.46,0.02,inferred
Sandwell,2021-06-30,1.00,1.00,0.99,0.95,0.87,0.46,0.02,inferred
Sandwell,2021-07-01,1.00,1.00,0.99,0.95,0.87,0.46,0.02,inferred
Sandwell,2021-07-02,1.00,1.00,0.99,0.95,0.87,0.46,0.02,inferred
Sandwell,2021-07-03,1.00,1.00,0.99,0.95,0.87,0.46,0.02,inferred
Sandwell,2021-07-04,1.00,1.00,0.99,0.95,0.87,0.46,0.02,inferred
Sandwell,2021-07-05,1.00,1.00,0.99,0.95,0.87,0.46,0.02,inferred
Sandwell,2021-07-06,0.99,0.96,0.90,0.81,0.70,0.39,0.08,projected
Sandwell,2021-07-07,0.99,0.96,0.90,0.81,0.70,0.39,0.08,projected
Sandwell,2021-07-08,0.99,0.96,0.90,0.81,0.70,0.39,0.08,projected
Sandwell,2021-07-09,0.99,0.96,0.90,0.81,0.70,0.39,0.08,projected
Sandwell,2021-07-10,0.99,0.96,0.90,0.81,0.70,0.39,0.08,projected
Sandwell,2021-07-11,0.99,0.96,0.90,0.81,0.70,0.39,0.08,projected
Sandwell,2021-07-12,0.99,0.96,0.90,0.81,0.70,0.39,0.08,projected
Sandwell,2021-07-13,0.95,0.89,0.82,0.73,0.63,0.39,0.13,projected
Sandwell,2021-07-14,0.95,0.89,0.82,0.73,0.63,0.39,0.13,projected
Sandwell,2021-07-15,0.95,0.89,0.82,0.73,0.63,0.39,0.13,projected
Sandwell,2021-07-16,0.95,0.89,0.82,0.73,0.63,0.39,0.13,projected
Sandwell,2021-07-17,0.95,0.89,0.82,0.73,0.63,0.39,0.13,projected
Sandwell,2021-07-18,0.95,0.89,0.82,0.73,0.63,0.39,0.13,projected
Sandwell,2021-07-19,0.95,0.89,0.82,0.73,0.63,0.39,0.13,projected
Sandwell,2021-07-20,0.91,0.85,0.77,0.69,0.60,0.38,0.15,projected
Sandwell,2021-07-21,0.91,0.85,0.77,0.69,0.60,0.38,0.15,projected
Sandwell,2021-07-22,0.91,0.85,0.77,0.69,0.60,0.38,0.15,projected
Sandwell,2021-07-23,0.91,0.85,0.77,0.69,0.60,0.38,0.15,projected
Sandwell,2021-07-24,0.91,0.85,0.77,0.69,0.60,0.38,0.15,projected
Sandwell,2021-07-25,0.91,0.85,0.77,0.69,0.60,0.38,0.15,projected
Sandwell,2021-07-26,0.91,0.85,0.77,0.69,0.60,0.38,0.15,projected
Scarborough,2021-03-23,0.41,0.16,0.05,0.01,0.00,0.00,0.00,inferred
Scarborough,2021-03-24,0.41,0.16,0.05,0.01,0.00,0.00,0.00,inferred
Scarborough,2021-03-25,0.41,0.16,0.05,0.01,0.00,0.00,0.00,inferred
Scarborough,2021-03-26,0.41,0.16,0.05,0.01,0.00,0.00,0.00,inferred
Scarborough,2021-03-27,0.41,0.16,0.05,0.01,0.00,0.00,0.00,inferred
Scarborough,2021-03-28,0.41,0.16,0.05,0.01,0.00,0.00,0.00,inferred
Scarborough,2021-03-29,0.41,0.16,0.05,0.01,0.00,0.00,0.00,inferred
Scarborough,2021-03-30,0.08,0.03,0.00,0.00,0.00,0.00,0.00,inferred
Scarborough,2021-03-31,0.08,0.03,0.00,0.00,0.00,0.00,0.00,inferred
Scarborough,2021-04-01,0.08,0.03,0.00,0.00,0.00,0.00,0.00,inferred
Scarborough,2021-04-02,0.08,0.03,0.00,0.00,0.00,0.00,0.00,inferred
Scarborough,2021-04-03,0.08,0.03,0.00,0.00,0.00,0.00,0.00,inferred
Scarborough,2021-04-04,0.08,0.03,0.00,0.00,0.00,0.00,0.00,inferred
Scarborough,2021-04-05,0.08,0.03,0.00,0.00,0.00,0.00,0.00,inferred
Scarborough,2021-04-06,0.43,0.24,0.10,0.04,0.02,0.00,0.00,inferred
Scarborough,2021-04-07,0.43,0.24,0.10,0.04,0.02,0.00,0.00,inferred
Scarborough,2021-04-08,0.43,0.24,0.10,0.04,0.02,0.00,0.00,inferred
Scarborough,2021-04-09,0.43,0.24,0.10,0.04,0.02,0.00,0.00,inferred
Scarborough,2021-04-10,0.43,0.24,0.10,0.04,0.02,0.00,0.00,inferred
Scarborough,2021-04-11,0.43,0.24,0.10,0.04,0.02,0.00,0.00,inferred
Scarborough,2021-04-12,0.43,0.24,0.10,0.04,0.02,0.00,0.00,inferred
Scarborough,2021-04-13,0.55,0.33,0.16,0.06,0.03,0.00,0.00,inferred
Scarborough,2021-04-14,0.55,0.33,0.16,0.06,0.03,0.00,0.00,inferred
Scarborough,2021-04-15,0.55,0.33,0.16,0.06,0.03,0.00,0.00,inferred
Scarborough,2021-04-16,0.55,0.33,0.16,0.06,0.03,0.00,0.00,inferred
Scarborough,2021-04-17,0.55,0.33,0.16,0.06,0.03,0.00,0.00,inferred
Scarborough,2021-04-18,0.55,0.33,0.16,0.06,0.03,0.00,0.00,inferred
Scarborough,2021-04-19,0.55,0.33,0.16,0.06,0.03,0.00,0.00,inferred
Scarborough,2021-04-20,0.37,0.20,0.09,0.03,0.01,0.00,0.00,inferred
Scarborough,2021-04-21,0.37,0.20,0.09,0.03,0.01,0.00,0.00,inferred
Scarborough,2021-04-22,0.37,0.20,0.09,0.03,0.01,0.00,0.00,inferred
Scarborough,2021-04-23,0.37,0.20,0.09,0.03,0.01,0.00,0.00,inferred
Scarborough,2021-04-24,0.37,0.20,0.09,0.03,0.01,0.00,0.00,inferred
Scarborough,2021-04-25,0.37,0.20,0.09,0.03,0.01,0.00,0.00,inferred
Scarborough,2021-04-26,0.37,0.20,0.09,0.03,0.01,0.00,0.00,inferred
Scarborough,2021-04-27,0.60,0.40,0.24,0.13,0.07,0.00,0.00,inferred
Scarborough,2021-04-28,0.60,0.40,0.24,0.13,0.07,0.00,0.00,inferred
Scarborough,2021-04-29,0.60,0.40,0.24,0.13,0.07,0.00,0.00,inferred
Scarborough,2021-04-30,0.60,0.40,0.24,0.13,0.07,0.00,0.00,inferred
Scarborough,2021-05-01,0.60,0.40,0.24,0.13,0.07,0.00,0.00,inferred
Scarborough,2021-05-02,0.60,0.40,0.24,0.13,0.07,0.00,0.00,inferred
Scarborough,2021-05-03,0.60,0.40,0.24,0.13,0.07,0.00,0.00,inferred
Scarborough,2021-05-04,0.72,0.54,0.37,0.22,0.12,0.02,0.00,inferred
Scarborough,2021-05-05,0.72,0.54,0.37,0.22,0.12,0.02,0.00,inferred
Scarborough,2021-05-06,0.72,0.54,0.37,0.22,0.12,0.02,0.00,inferred
Scarborough,2021-05-07,0.72,0.54,0.37,0.22,0.12,0.02,0.00,inferred
Scarborough,2021-05-08,0.72,0.54,0.37,0.22,0.12,0.02,0.00,inferred
Scarborough,2021-05-09,0.72,0.54,0.37,0.22,0.12,0.02,0.00,inferred
Scarborough,2021-05-10,0.72,0.54,0.37,0.22,0.12,0.02,0.00,inferred
Scarborough,2021-05-11,0.83,0.69,0.53,0.38,0.24,0.03,0.00,inferred
Scarborough,2021-05-12,0.83,0.69,0.53,0.38,0.24,0.03,0.00,inferred
Scarborough,2021-05-13,0.83,0.69,0.53,0.38,0.24,0.03,0.00,inferred
Scarborough,2021-05-14,0.83,0.69,0.53,0.38,0.24,0.03,0.00,inferred
Scarborough,2021-05-15,0.83,0.69,0.53,0.38,0.24,0.03,0.00,inferred
Scarborough,2021-05-16,0.83,0.69,0.53,0.38,0.24,0.03,0.00,inferred
Scarborough,2021-05-17,0.83,0.69,0.53,0.38,0.24,0.03,0.00,inferred
Scarborough,2021-05-18,0.96,0.91,0.82,0.70,0.56,0.16,0.01,inferred
Scarborough,2021-05-19,0.96,0.91,0.82,0.70,0.56,0.16,0.01,inferred
Scarborough,2021-05-20,0.96,0.91,0.82,0.70,0.56,0.16,0.01,inferred
Scarborough,2021-05-21,0.96,0.91,0.82,0.70,0.56,0.16,0.01,inferred
Scarborough,2021-05-22,0.96,0.91,0.82,0.70,0.56,0.16,0.01,inferred
Scarborough,2021-05-23,0.96,0.91,0.82,0.70,0.56,0.16,0.01,inferred
Scarborough,2021-05-24,0.96,0.91,0.82,0.70,0.56,0.16,0.01,inferred
Scarborough,2021-05-25,0.85,0.72,0.55,0.38,0.24,0.05,0.00,inferred
Scarborough,2021-05-26,0.85,0.72,0.55,0.38,0.24,0.05,0.00,inferred
Scarborough,2021-05-27,0.85,0.72,0.55,0.38,0.24,0.05,0.00,inferred
Scarborough,2021-05-28,0.85,0.72,0.55,0.38,0.24,0.05,0.00,inferred
Scarborough,2021-05-29,0.85,0.72,0.55,0.38,0.24,0.05,0.00,inferred
Scarborough,2021-05-30,0.85,0.72,0.55,0.38,0.24,0.05,0.00,inferred
Scarborough,2021-05-31,0.85,0.72,0.55,0.38,0.24,0.05,0.00,inferred
Scarborough,2021-06-01,0.99,0.97,0.92,0.84,0.72,0.33,0.02,inferred
Scarborough,2021-06-02,0.99,0.97,0.92,0.84,0.72,0.33,0.02,inferred
Scarborough,2021-06-03,0.99,0.97,0.92,0.84,0.72,0.33,0.02,inferred
Scarborough,2021-06-04,0.99,0.97,0.92,0.84,0.72,0.33,0.02,inferred
Scarborough,2021-06-05,0.99,0.97,0.92,0.84,0.72,0.33,0.02,inferred
Scarborough,2021-06-06,0.99,0.97,0.92,0.84,0.72,0.33,0.02,inferred
Scarborough,2021-06-07,0.99,0.97,0.92,0.84,0.72,0.33,0.02,inferred
Scarborough,2021-06-08,1.00,1.00,1.00,1.00,1.00,0.91,0.41,inferred
Scarborough,2021-06-09,1.00,1.00,1.00,1.00,1.00,0.91,0.41,inferred
Scarborough,2021-06-10,1.00,1.00,1.00,1.00,1.00,0.91,0.41,inferred
Scarborough,2021-06-11,1.00,1.00,1.00,1.00,1.00,0.91,0.41,inferred
Scarborough,2021-06-12,1.00,1.00,1.00,1.00,1.00,0.91,0.41,inferred
Scarborough,2021-06-13,1.00,1.00,1.00,1.00,1.00,0.91,0.41,inferred
Scarborough,2021-06-14,1.00,1.00,1.00,1.00,1.00,0.91,0.41,inferred
Scarborough,2021-06-15,1.00,1.00,1.00,1.00,1.00,1.00,0.99,inferred
Scarborough,2021-06-16,1.00,1.00,1.00,1.00,1.00,1.00,0.99,inferred
Scarborough,2021-06-17,1.00,1.00,1.00,1.00,1.00,1.00,0.99,inferred
Scarborough,2021-06-18,1.00,1.00,1.00,1.00,1.00,1.00,0.99,inferred
Scarborough,2021-06-19,1.00,1.00,1.00,1.00,1.00,1.00,0.99,inferred
Scarborough,2021-06-20,1.00,1.00,1.00,1.00,1.00,1.00,0.99,inferred
Scarborough,2021-06-21,1.00,1.00,1.00,1.00,1.00,1.00,0.99,inferred
Scarborough,2021-06-22,1.00,1.00,1.00,0.98,0.93,0.60,0.08,inferred
Scarborough,2021-06-23,1.00,1.00,1.00,0.98,0.93,0.60,0.08,inferred
Scarborough,2021-06-24,1.00,1.00,1.00,0.98,0.93,0.60,0.08,inferred
Scarborough,2021-06-25,1.00,1.00,1.00,0.98,0.93,0.60,0.08,inferred
Scarborough,2021-06-26,1.00,1.00,1.00,0.98,0.93,0.60,0.08,inferred
Scarborough,2021-06-27,1.00,1.00,1.00,0.98,0.93,0.60,0.08,inferred
Scarborough,2021-06-28,1.00,1.00,1.00,0.98,0.93,0.60,0.08,inferred
Scarborough,2021-06-29,0.99,0.98,0.93,0.85,0.74,0.33,0.04,inferred
Scarborough,2021-06-30,0.99,0.98,0.93,0.85,0.74,0.33,0.04,inferred
Scarborough,2021-07-01,0.99,0.98,0.93,0.85,0.74,0.33,0.04,inferred
Scarborough,2021-07-02,0.99,0.98,0.93,0.85,0.74,0.33,0.04,inferred
Scarborough,2021-07-03,0.99,0.98,0.93,0.85,0.74,0.33,0.04,inferred
Scarborough,2021-07-04,0.99,0.98,0.93,0.85,0.74,0.33,0.04,inferred
Scarborough,2021-07-05,0.99,0.98,0.93,0.85,0.74,0.33,0.04,inferred
Scarborough,2021-07-06,0.95,0.91,0.84,0.76,0.66,0.36,0.08,projected
Scarborough,2021-07-07,0.95,0.91,0.84,0.76,0.66,0.36,0.08,projected
Scarborough,2021-07-08,0.95,0.91,0.84,0.76,0.66,0.36,0.08,projected
Scarborough,2021-07-09,0.95,0.91,0.84,0.76,0.66,0.36,0.08,projected
Scarborough,2021-07-10,0.95,0.91,0.84,0.76,0.66,0.36,0.08,projected
Scarborough,2021-07-11,0.95,0.91,0.84,0.76,0.66,0.36,0.08,projected
Scarborough,2021-07-12,0.95,0.91,0.84,0.76,0.66,0.36,0.08,projected
Scarborough,2021-07-13,0.94,0.87,0.80,0.72,0.63,0.36,0.13,projected
Scarborough,2021-07-14,0.94,0.87,0.80,0.72,0.63,0.36,0.13,projected
Scarborough,2021-07-15,0.94,0.87,0.80,0.72,0.63,0.36,0.13,projected
Scarborough,2021-07-16,0.94,0.87,0.80,0.72,0.63,0.36,0.13,projected
Scarborough,2021-07-17,0.94,0.87,0.80,0.72,0.63,0.36,0.13,projected
Scarborough,2021-07-18,0.94,0.87,0.80,0.72,0.63,0.36,0.13,projected
Scarborough,2021-07-19,0.94,0.87,0.80,0.72,0.63,0.36,0.13,projected
Scarborough,2021-07-20,0.93,0.88,0.80,0.71,0.64,0.39,0.16,projected
Scarborough,2021-07-21,0.93,0.88,0.80,0.71,0.64,0.39,0.16,projected
Scarborough,2021-07-22,0.93,0.88,0.80,0.71,0.64,0.39,0.16,projected
Scarborough,2021-07-23,0.93,0.88,0.80,0.71,0.64,0.39,0.16,projected
Scarborough,2021-07-24,0.93,0.88,0.80,0.71,0.64,0.39,0.16,projected
Scarborough,2021-07-25,0.93,0.88,0.80,0.71,0.64,0.39,0.16,projected
Scarborough,2021-07-26,0.93,0.88,0.80,0.71,0.64,0.39,0.16,projected
Scottish Borders,2021-03-23,0.28,0.16,0.09,0.05,0.03,0.00,0.00,inferred
Scottish Borders,2021-03-24,0.28,0.16,0.09,0.05,0.03,0.00,0.00,inferred
Scottish Borders,2021-03-25,0.28,0.16,0.09,0.05,0.03,0.00,0.00,inferred
Scottish Borders,2021-03-26,0.28,0.16,0.09,0.05,0.03,0.00,0.00,inferred
Scottish Borders,2021-03-27,0.28,0.16,0.09,0.05,0.03,0.00,0.00,inferred
Scottish Borders,2021-03-28,0.28,0.16,0.09,0.05,0.03,0.00,0.00,inferred
Scottish Borders,2021-03-29,0.28,0.16,0.09,0.05,0.03,0.00,0.00,inferred
Scottish Borders,2021-03-30,0.34,0.21,0.13,0.08,0.04,0.00,0.00,inferred
Scottish Borders,2021-03-31,0.34,0.21,0.13,0.08,0.04,0.00,0.00,inferred
Scottish Borders,2021-04-01,0.34,0.21,0.13,0.08,0.04,0.00,0.00,inferred
Scottish Borders,2021-04-02,0.34,0.21,0.13,0.08,0.04,0.00,0.00,inferred
Scottish Borders,2021-04-03,0.34,0.21,0.13,0.08,0.04,0.00,0.00,inferred
Scottish Borders,2021-04-04,0.34,0.21,0.13,0.08,0.04,0.00,0.00,inferred
Scottish Borders,2021-04-05,0.34,0.21,0.13,0.08,0.04,0.00,0.00,inferred
Scottish Borders,2021-04-06,0.53,0.40,0.30,0.19,0.12,0.02,0.00,inferred
Scottish Borders,2021-04-07,0.53,0.40,0.30,0.19,0.12,0.02,0.00,inferred
Scottish Borders,2021-04-08,0.53,0.40,0.30,0.19,0.12,0.02,0.00,inferred
Scottish Borders,2021-04-09,0.53,0.40,0.30,0.19,0.12,0.02,0.00,inferred
Scottish Borders,2021-04-10,0.53,0.40,0.30,0.19,0.12,0.02,0.00,inferred
Scottish Borders,2021-04-11,0.53,0.40,0.30,0.19,0.12,0.02,0.00,inferred
Scottish Borders,2021-04-12,0.53,0.40,0.30,0.19,0.12,0.02,0.00,inferred
Scottish Borders,2021-04-13,0.58,0.43,0.30,0.20,0.13,0.03,0.00,inferred
Scottish Borders,2021-04-14,0.58,0.43,0.30,0.20,0.13,0.03,0.00,inferred
Scottish Borders,2021-04-15,0.58,0.43,0.30,0.20,0.13,0.03,0.00,inferred
Scottish Borders,2021-04-16,0.58,0.43,0.30,0.20,0.13,0.03,0.00,inferred
Scottish Borders,2021-04-17,0.58,0.43,0.30,0.20,0.13,0.03,0.00,inferred
Scottish Borders,2021-04-18,0.58,0.43,0.30,0.20,0.13,0.03,0.00,inferred
Scottish Borders,2021-04-19,0.58,0.43,0.30,0.20,0.13,0.03,0.00,inferred
Scottish Borders,2021-04-20,0.88,0.80,0.70,0.61,0.50,0.23,0.04,inferred
Scottish Borders,2021-04-21,0.88,0.80,0.70,0.61,0.50,0.23,0.04,inferred
Scottish Borders,2021-04-22,0.88,0.80,0.70,0.61,0.50,0.23,0.04,inferred
Scottish Borders,2021-04-23,0.88,0.80,0.70,0.61,0.50,0.23,0.04,inferred
Scottish Borders,2021-04-24,0.88,0.80,0.70,0.61,0.50,0.23,0.04,inferred
Scottish Borders,2021-04-25,0.88,0.80,0.70,0.61,0.50,0.23,0.04,inferred
Scottish Borders,2021-04-26,0.88,0.80,0.70,0.61,0.50,0.23,0.04,inferred
Scottish Borders,2021-04-27,0.81,0.71,0.59,0.47,0.36,0.12,0.02,inferred
Scottish Borders,2021-04-28,0.81,0.71,0.59,0.47,0.36,0.12,0.02,inferred
Scottish Borders,2021-04-29,0.81,0.71,0.59,0.47,0.36,0.12,0.02,inferred
Scottish Borders,2021-04-30,0.81,0.71,0.59,0.47,0.36,0.12,0.02,inferred
Scottish Borders,2021-05-01,0.81,0.71,0.59,0.47,0.36,0.12,0.02,inferred
Scottish Borders,2021-05-02,0.81,0.71,0.59,0.47,0.36,0.12,0.02,inferred
Scottish Borders,2021-05-03,0.81,0.71,0.59,0.47,0.36,0.12,0.02,inferred
Scottish Borders,2021-05-04,0.80,0.70,0.58,0.46,0.35,0.14,0.02,inferred
Scottish Borders,2021-05-05,0.80,0.70,0.58,0.46,0.35,0.14,0.02,inferred
Scottish Borders,2021-05-06,0.80,0.70,0.58,0.46,0.35,0.14,0.02,inferred
Scottish Borders,2021-05-07,0.80,0.70,0.58,0.46,0.35,0.14,0.02,inferred
Scottish Borders,2021-05-08,0.80,0.70,0.58,0.46,0.35,0.14,0.02,inferred
Scottish Borders,2021-05-09,0.80,0.70,0.58,0.46,0.35,0.14,0.02,inferred
Scottish Borders,2021-05-10,0.80,0.70,0.58,0.46,0.35,0.14,0.02,inferred
Scottish Borders,2021-05-11,0.88,0.81,0.71,0.60,0.48,0.21,0.04,inferred
Scottish Borders,2021-05-12,0.88,0.81,0.71,0.60,0.48,0.21,0.04,inferred
Scottish Borders,2021-05-13,0.88,0.81,0.71,0.60,0.48,0.21,0.04,inferred
Scottish Borders,2021-05-14,0.88,0.81,0.71,0.60,0.48,0.21,0.04,inferred
Scottish Borders,2021-05-15,0.88,0.81,0.71,0.60,0.48,0.21,0.04,inferred
Scottish Borders,2021-05-16,0.88,0.81,0.71,0.60,0.48,0.21,0.04,inferred
Scottish Borders,2021-05-17,0.88,0.81,0.71,0.60,0.48,0.21,0.04,inferred
Scottish Borders,2021-05-18,0.96,0.90,0.84,0.75,0.66,0.35,0.09,inferred
Scottish Borders,2021-05-19,0.96,0.90,0.84,0.75,0.66,0.35,0.09,inferred
Scottish Borders,2021-05-20,0.96,0.90,0.84,0.75,0.66,0.35,0.09,inferred
Scottish Borders,2021-05-21,0.96,0.90,0.84,0.75,0.66,0.35,0.09,inferred
Scottish Borders,2021-05-22,0.96,0.90,0.84,0.75,0.66,0.35,0.09,inferred
Scottish Borders,2021-05-23,0.96,0.90,0.84,0.75,0.66,0.35,0.09,inferred
Scottish Borders,2021-05-24,0.96,0.90,0.84,0.75,0.66,0.35,0.09,inferred
Scottish Borders,2021-05-25,1.00,1.00,1.00,1.00,0.99,0.94,0.67,inferred
Scottish Borders,2021-05-26,1.00,1.00,1.00,1.00,0.99,0.94,0.67,inferred
Scottish Borders,2021-05-27,1.00,1.00,1.00,1.00,0.99,0.94,0.67,inferred
Scottish Borders,2021-05-28,1.00,1.00,1.00,1.00,0.99,0.94,0.67,inferred
Scottish Borders,2021-05-29,1.00,1.00,1.00,1.00,0.99,0.94,0.67,inferred
Scottish Borders,2021-05-30,1.00,1.00,1.00,1.00,0.99,0.94,0.67,inferred
Scottish Borders,2021-05-31,1.00,1.00,1.00,1.00,0.99,0.94,0.67,inferred
Scottish Borders,2021-06-01,1.00,1.00,1.00,1.00,1.00,0.97,0.78,inferred
Scottish Borders,2021-06-02,1.00,1.00,1.00,1.00,1.00,0.97,0.78,inferred
Scottish Borders,2021-06-03,1.00,1.00,1.00,1.00,1.00,0.97,0.78,inferred
Scottish Borders,2021-06-04,1.00,1.00,1.00,1.00,1.00,0.97,0.78,inferred
Scottish Borders,2021-06-05,1.00,1.00,1.00,1.00,1.00,0.97,0.78,inferred
Scottish Borders,2021-06-06,1.00,1.00,1.00,1.00,1.00,0.97,0.78,inferred
Scottish Borders,2021-06-07,1.00,1.00,1.00,1.00,1.00,0.97,0.78,inferred
Scottish Borders,2021-06-08,1.00,1.00,1.00,1.00,1.00,0.94,0.56,inferred
Scottish Borders,2021-06-09,1.00,1.00,1.00,1.00,1.00,0.94,0.56,inferred
Scottish Borders,2021-06-10,1.00,1.00,1.00,1.00,1.00,0.94,0.56,inferred
Scottish Borders,2021-06-11,1.00,1.00,1.00,1.00,1.00,0.94,0.56,inferred
Scottish Borders,2021-06-12,1.00,1.00,1.00,1.00,1.00,0.94,0.56,inferred
Scottish Borders,2021-06-13,1.00,1.00,1.00,1.00,1.00,0.94,0.56,inferred
Scottish Borders,2021-06-14,1.00,1.00,1.00,1.00,1.00,0.94,0.56,inferred
Scottish Borders,2021-06-15,1.00,1.00,1.00,1.00,1.00,0.97,0.71,inferred
Scottish Borders,2021-06-16,1.00,1.00,1.00,1.00,1.00,0.97,0.71,inferred
Scottish Borders,2021-06-17,1.00,1.00,1.00,1.00,1.00,0.97,0.71,inferred
Scottish Borders,2021-06-18,1.00,1.00,1.00,1.00,1.00,0.97,0.71,inferred
Scottish Borders,2021-06-19,1.00,1.00,1.00,1.00,1.00,0.97,0.71,inferred
Scottish Borders,2021-06-20,1.00,1.00,1.00,1.00,1.00,0.97,0.71,inferred
Scottish Borders,2021-06-21,1.00,1.00,1.00,1.00,1.00,0.97,0.71,inferred
Scottish Borders,2021-06-22,1.00,0.99,0.92,0.79,0.59,0.13,0.00,inferred
Scottish Borders,2021-06-23,1.00,0.99,0.92,0.79,0.59,0.13,0.00,inferred
Scottish Borders,2021-06-24,1.00,0.99,0.92,0.79,0.59,0.13,0.00,inferred
Scottish Borders,2021-06-25,1.00,0.99,0.92,0.79,0.59,0.13,0.00,inferred
Scottish Borders,2021-06-26,1.00,0.99,0.92,0.79,0.59,0.13,0.00,inferred
Scottish Borders,2021-06-27,1.00,0.99,0.92,0.79,0.59,0.13,0.00,inferred
Scottish Borders,2021-06-28,1.00,0.99,0.92,0.79,0.59,0.13,0.00,inferred
Scottish Borders,2021-06-29,0.79,0.67,0.52,0.40,0.28,0.07,0.00,inferred
Scottish Borders,2021-06-30,0.79,0.67,0.52,0.40,0.28,0.07,0.00,inferred
Scottish Borders,2021-07-01,0.79,0.67,0.52,0.40,0.28,0.07,0.00,inferred
Scottish Borders,2021-07-02,0.79,0.67,0.52,0.40,0.28,0.07,0.00,inferred
Scottish Borders,2021-07-03,0.79,0.67,0.52,0.40,0.28,0.07,0.00,inferred
Scottish Borders,2021-07-04,0.79,0.67,0.52,0.40,0.28,0.07,0.00,inferred
Scottish Borders,2021-07-05,0.79,0.67,0.52,0.40,0.28,0.07,0.00,inferred
Scottish Borders,2021-07-06,0.71,0.61,0.51,0.43,0.35,0.20,0.08,projected
Scottish Borders,2021-07-07,0.71,0.61,0.51,0.43,0.35,0.20,0.08,projected
Scottish Borders,2021-07-08,0.71,0.61,0.51,0.43,0.35,0.20,0.08,projected
Scottish Borders,2021-07-09,0.71,0.61,0.51,0.43,0.35,0.20,0.08,projected
Scottish Borders,2021-07-10,0.71,0.61,0.51,0.43,0.35,0.20,0.08,projected
Scottish Borders,2021-07-11,0.71,0.61,0.51,0.43,0.35,0.20,0.08,projected
Scottish Borders,2021-07-12,0.71,0.61,0.51,0.43,0.35,0.20,0.08,projected
Scottish Borders,2021-07-13,0.65,0.57,0.50,0.44,0.39,0.28,0.13,projected
Scottish Borders,2021-07-14,0.65,0.57,0.50,0.44,0.39,0.28,0.13,projected
Scottish Borders,2021-07-15,0.65,0.57,0.50,0.44,0.39,0.28,0.13,projected
Scottish Borders,2021-07-16,0.65,0.57,0.50,0.44,0.39,0.28,0.13,projected
Scottish Borders,2021-07-17,0.65,0.57,0.50,0.44,0.39,0.28,0.13,projected
Scottish Borders,2021-07-18,0.65,0.57,0.50,0.44,0.39,0.28,0.13,projected
Scottish Borders,2021-07-19,0.65,0.57,0.50,0.44,0.39,0.28,0.13,projected
Scottish Borders,2021-07-20,0.65,0.58,0.53,0.47,0.43,0.31,0.18,projected
Scottish Borders,2021-07-21,0.65,0.58,0.53,0.47,0.43,0.31,0.18,projected
Scottish Borders,2021-07-22,0.65,0.58,0.53,0.47,0.43,0.31,0.18,projected
Scottish Borders,2021-07-23,0.65,0.58,0.53,0.47,0.43,0.31,0.18,projected
Scottish Borders,2021-07-24,0.65,0.58,0.53,0.47,0.43,0.31,0.18,projected
Scottish Borders,2021-07-25,0.65,0.58,0.53,0.47,0.43,0.31,0.18,projected
Scottish Borders,2021-07-26,0.65,0.58,0.53,0.47,0.43,0.31,0.18,projected
Sedgemoor,2021-03-23,0.02,0.00,0.00,0.00,0.00,0.00,0.00,inferred
Sedgemoor,2021-03-24,0.02,0.00,0.00,0.00,0.00,0.00,0.00,inferred
Sedgemoor,2021-03-25,0.02,0.00,0.00,0.00,0.00,0.00,0.00,inferred
Sedgemoor,2021-03-26,0.02,0.00,0.00,0.00,0.00,0.00,0.00,inferred
Sedgemoor,2021-03-27,0.02,0.00,0.00,0.00,0.00,0.00,0.00,inferred
Sedgemoor,2021-03-28,0.02,0.00,0.00,0.00,0.00,0.00,0.00,inferred
Sedgemoor,2021-03-29,0.02,0.00,0.00,0.00,0.00,0.00,0.00,inferred
Sedgemoor,2021-03-30,0.13,0.03,0.01,0.00,0.00,0.00,0.00,inferred
Sedgemoor,2021-03-31,0.13,0.03,0.01,0.00,0.00,0.00,0.00,inferred
Sedgemoor,2021-04-01,0.13,0.03,0.01,0.00,0.00,0.00,0.00,inferred
Sedgemoor,2021-04-02,0.13,0.03,0.01,0.00,0.00,0.00,0.00,inferred
Sedgemoor,2021-04-03,0.13,0.03,0.01,0.00,0.00,0.00,0.00,inferred
Sedgemoor,2021-04-04,0.13,0.03,0.01,0.00,0.00,0.00,0.00,inferred
Sedgemoor,2021-04-05,0.13,0.03,0.01,0.00,0.00,0.00,0.00,inferred
Sedgemoor,2021-04-06,0.77,0.60,0.40,0.23,0.13,0.01,0.00,inferred
Sedgemoor,2021-04-07,0.77,0.60,0.40,0.23,0.13,0.01,0.00,inferred
Sedgemoor,2021-04-08,0.77,0.60,0.40,0.23,0.13,0.01,0.00,inferred
Sedgemoor,2021-04-09,0.77,0.60,0.40,0.23,0.13,0.01,0.00,inferred
Sedgemoor,2021-04-10,0.77,0.60,0.40,0.23,0.13,0.01,0.00,inferred
Sedgemoor,2021-04-11,0.77,0.60,0.40,0.23,0.13,0.01,0.00,inferred
Sedgemoor,2021-04-12,0.77,0.60,0.40,0.23,0.13,0.01,0.00,inferred
Sedgemoor,2021-04-13,0.94,0.85,0.72,0.56,0.39,0.07,0.00,inferred
Sedgemoor,2021-04-14,0.94,0.85,0.72,0.56,0.39,0.07,0.00,inferred
Sedgemoor,2021-04-15,0.94,0.85,0.72,0.56,0.39,0.07,0.00,inferred
Sedgemoor,2021-04-16,0.94,0.85,0.72,0.56,0.39,0.07,0.00,inferred
Sedgemoor,2021-04-17,0.94,0.85,0.72,0.56,0.39,0.07,0.00,inferred
Sedgemoor,2021-04-18,0.94,0.85,0.72,0.56,0.39,0.07,0.00,inferred
Sedgemoor,2021-04-19,0.94,0.85,0.72,0.56,0.39,0.07,0.00,inferred
Sedgemoor,2021-04-20,0.98,0.92,0.83,0.68,0.50,0.11,0.00,inferred
Sedgemoor,2021-04-21,0.98,0.92,0.83,0.68,0.50,0.11,0.00,inferred
Sedgemoor,2021-04-22,0.98,0.92,0.83,0.68,0.50,0.11,0.00,inferred
Sedgemoor,2021-04-23,0.98,0.92,0.83,0.68,0.50,0.11,0.00,inferred
Sedgemoor,2021-04-24,0.98,0.92,0.83,0.68,0.50,0.11,0.00,inferred
Sedgemoor,2021-04-25,0.98,0.92,0.83,0.68,0.50,0.11,0.00,inferred
Sedgemoor,2021-04-26,0.98,0.92,0.83,0.68,0.50,0.11,0.00,inferred
Sedgemoor,2021-04-27,0.64,0.42,0.25,0.13,0.06,0.00,0.00,inferred
Sedgemoor,2021-04-28,0.64,0.42,0.25,0.13,0.06,0.00,0.00,inferred
Sedgemoor,2021-04-29,0.64,0.42,0.25,0.13,0.06,0.00,0.00,inferred
Sedgemoor,2021-04-30,0.64,0.42,0.25,0.13,0.06,0.00,0.00,inferred
Sedgemoor,2021-05-01,0.64,0.42,0.25,0.13,0.06,0.00,0.00,inferred
Sedgemoor,2021-05-02,0.64,0.42,0.25,0.13,0.06,0.00,0.00,inferred
Sedgemoor,2021-05-03,0.64,0.42,0.25,0.13,0.06,0.00,0.00,inferred
Sedgemoor,2021-05-04,0.08,0.02,0.01,0.00,0.00,0.00,0.00,inferred
Sedgemoor,2021-05-05,0.08,0.02,0.01,0.00,0.00,0.00,0.00,inferred
Sedgemoor,2021-05-06,0.08,0.02,0.01,0.00,0.00,0.00,0.00,inferred
Sedgemoor,2021-05-07,0.08,0.02,0.01,0.00,0.00,0.00,0.00,inferred
Sedgemoor,2021-05-08,0.08,0.02,0.01,0.00,0.00,0.00,0.00,inferred
Sedgemoor,2021-05-09,0.08,0.02,0.01,0.00,0.00,0.00,0.00,inferred
Sedgemoor,2021-05-10,0.08,0.02,0.01,0.00,0.00,0.00,0.00,inferred
Sedgemoor,2021-05-11,0.13,0.05,0.01,0.00,0.00,0.00,0.00,inferred
Sedgemoor,2021-05-12,0.13,0.05,0.01,0.00,0.00,0.00,0.00,inferred
Sedgemoor,2021-05-13,0.13,0.05,0.01,0.00,0.00,0.00,0.00,inferred
Sedgemoor,2021-05-14,0.13,0.05,0.01,0.00,0.00,0.00,0.00,inferred
Sedgemoor,2021-05-15,0.13,0.05,0.01,0.00,0.00,0.00,0.00,inferred
Sedgemoor,2021-05-16,0.13,0.05,0.01,0.00,0.00,0.00,0.00,inferred
Sedgemoor,2021-05-17,0.13,0.05,0.01,0.00,0.00,0.00,0.00,inferred
Sedgemoor,2021-05-18,0.37,0.21,0.12,0.06,0.03,0.00,0.00,inferred
Sedgemoor,2021-05-19,0.37,0.21,0.12,0.06,0.03,0.00,0.00,inferred
Sedgemoor,2021-05-20,0.37,0.21,0.12,0.06,0.03,0.00,0.00,inferred
Sedgemoor,2021-05-21,0.37,0.21,0.12,0.06,0.03,0.00,0.00,inferred
Sedgemoor,2021-05-22,0.37,0.21,0.12,0.06,0.03,0.00,0.00,inferred
Sedgemoor,2021-05-23,0.37,0.21,0.12,0.06,0.03,0.00,0.00,inferred
Sedgemoor,2021-05-24,0.37,0.21,0.12,0.06,0.03,0.00,0.00,inferred
Sedgemoor,2021-05-25,1.00,0.98,0.97,0.94,0.88,0.61,0.16,inferred
Sedgemoor,2021-05-26,1.00,0.98,0.97,0.94,0.88,0.61,0.16,inferred
Sedgemoor,2021-05-27,1.00,0.98,0.97,0.94,0.88,0.61,0.16,inferred
Sedgemoor,2021-05-28,1.00,0.98,0.97,0.94,0.88,0.61,0.16,inferred
Sedgemoor,2021-05-29,1.00,0.98,0.97,0.94,0.88,0.61,0.16,inferred
Sedgemoor,2021-05-30,1.00,0.98,0.97,0.94,0.88,0.61,0.16,inferred
Sedgemoor,2021-05-31,1.00,0.98,0.97,0.94,0.88,0.61,0.16,inferred
Sedgemoor,2021-06-01,1.00,1.00,1.00,1.00,0.99,0.94,0.61,inferred
Sedgemoor,2021-06-02,1.00,1.00,1.00,1.00,0.99,0.94,0.61,inferred
Sedgemoor,2021-06-03,1.00,1.00,1.00,1.00,0.99,0.94,0.61,inferred
Sedgemoor,2021-06-04,1.00,1.00,1.00,1.00,0.99,0.94,0.61,inferred
Sedgemoor,2021-06-05,1.00,1.00,1.00,1.00,0.99,0.94,0.61,inferred
Sedgemoor,2021-06-06,1.00,1.00,1.00,1.00,0.99,0.94,0.61,inferred
Sedgemoor,2021-06-07,1.00,1.00,1.00,1.00,0.99,0.94,0.61,inferred
Sedgemoor,2021-06-08,1.00,1.00,1.00,1.00,1.00,0.96,0.65,inferred
Sedgemoor,2021-06-09,1.00,1.00,1.00,1.00,1.00,0.96,0.65,inferred
Sedgemoor,2021-06-10,1.00,1.00,1.00,1.00,1.00,0.96,0.65,inferred
Sedgemoor,2021-06-11,1.00,1.00,1.00,1.00,1.00,0.96,0.65,inferred
Sedgemoor,2021-06-12,1.00,1.00,1.00,1.00,1.00,0.96,0.65,inferred
Sedgemoor,2021-06-13,1.00,1.00,1.00,1.00,1.00,0.96,0.65,inferred
Sedgemoor,2021-06-14,1.00,1.00,1.00,1.00,1.00,0.96,0.65,inferred
Sedgemoor,2021-06-15,1.00,1.00,0.98,0.94,0.84,0.44,0.03,inferred
Sedgemoor,2021-06-16,1.00,1.00,0.98,0.94,0.84,0.44,0.03,inferred
Sedgemoor,2021-06-17,1.00,1.00,0.98,0.94,0.84,0.44,0.03,inferred
Sedgemoor,2021-06-18,1.00,1.00,0.98,0.94,0.84,0.44,0.03,inferred
Sedgemoor,2021-06-19,1.00,1.00,0.98,0.94,0.84,0.44,0.03,inferred
Sedgemoor,2021-06-20,1.00,1.00,0.98,0.94,0.84,0.44,0.03,inferred
Sedgemoor,2021-06-21,1.00,1.00,0.98,0.94,0.84,0.44,0.03,inferred
Sedgemoor,2021-06-22,1.00,0.98,0.92,0.76,0.54,0.09,0.00,inferred
Sedgemoor,2021-06-23,1.00,0.98,0.92,0.76,0.54,0.09,0.00,inferred
Sedgemoor,2021-06-24,1.00,0.98,0.92,0.76,0.54,0.09,0.00,inferred
Sedgemoor,2021-06-25,1.00,0.98,0.92,0.76,0.54,0.09,0.00,inferred
Sedgemoor,2021-06-26,1.00,0.98,0.92,0.76,0.54,0.09,0.00,inferred
Sedgemoor,2021-06-27,1.00,0.98,0.92,0.76,0.54,0.09,0.00,inferred
Sedgemoor,2021-06-28,1.00,0.98,0.92,0.76,0.54,0.09,0.00,inferred
Sedgemoor,2021-06-29,0.92,0.84,0.73,0.59,0.46,0.16,0.01,inferred
Sedgemoor,2021-06-30,0.92,0.84,0.73,0.59,0.46,0.16,0.01,inferred
Sedgemoor,2021-07-01,0.92,0.84,0.73,0.59,0.46,0.16,0.01,inferred
Sedgemoor,2021-07-02,0.92,0.84,0.73,0.59,0.46,0.16,0.01,inferred
Sedgemoor,2021-07-03,0.92,0.84,0.73,0.59,0.46,0.16,0.01,inferred
Sedgemoor,2021-07-04,0.92,0.84,0.73,0.59,0.46,0.16,0.01,inferred
Sedgemoor,2021-07-05,0.92,0.84,0.73,0.59,0.46,0.16,0.01,inferred
Sedgemoor,2021-07-06,0.87,0.78,0.68,0.58,0.47,0.24,0.07,projected
Sedgemoor,2021-07-07,0.87,0.78,0.68,0.58,0.47,0.24,0.07,projected
Sedgemoor,2021-07-08,0.87,0.78,0.68,0.58,0.47,0.24,0.07,projected
Sedgemoor,2021-07-09,0.87,0.78,0.68,0.58,0.47,0.24,0.07,projected
Sedgemoor,2021-07-10,0.87,0.78,0.68,0.58,0.47,0.24,0.07,projected
Sedgemoor,2021-07-11,0.87,0.78,0.68,0.58,0.47,0.24,0.07,projected
Sedgemoor,2021-07-12,0.87,0.78,0.68,0.58,0.47,0.24,0.07,projected
Sedgemoor,2021-07-13,0.85,0.78,0.69,0.61,0.52,0.30,0.12,projected
Sedgemoor,2021-07-14,0.85,0.78,0.69,0.61,0.52,0.30,0.12,projected
Sedgemoor,2021-07-15,0.85,0.78,0.69,0.61,0.52,0.30,0.12,projected
Sedgemoor,2021-07-16,0.85,0.78,0.69,0.61,0.52,0.30,0.12,projected
Sedgemoor,2021-07-17,0.85,0.78,0.69,0.61,0.52,0.30,0.12,projected
Sedgemoor,2021-07-18,0.85,0.78,0.69,0.61,0.52,0.30,0.12,projected
Sedgemoor,2021-07-19,0.85,0.78,0.69,0.61,0.52,0.30,0.12,projected
Sedgemoor,2021-07-20,0.86,0.81,0.73,0.65,0.57,0.35,0.16,projected
Sedgemoor,2021-07-21,0.86,0.81,0.73,0.65,0.57,0.35,0.16,projected
Sedgemoor,2021-07-22,0.86,0.81,0.73,0.65,0.57,0.35,0.16,projected
Sedgemoor,2021-07-23,0.86,0.81,0.73,0.65,0.57,0.35,0.16,projected
Sedgemoor,2021-07-24,0.86,0.81,0.73,0.65,0.57,0.35,0.16,projected
Sedgemoor,2021-07-25,0.86,0.81,0.73,0.65,0.57,0.35,0.16,projected
Sedgemoor,2021-07-26,0.86,0.81,0.73,0.65,0.57,0.35,0.16,projected
Sefton,2021-03-23,0.15,0.03,0.00,0.00,0.00,0.00,0.00,inferred
Sefton,2021-03-24,0.15,0.03,0.00,0.00,0.00,0.00,0.00,inferred
Sefton,2021-03-25,0.15,0.03,0.00,0.00,0.00,0.00,0.00,inferred
Sefton,2021-03-26,0.15,0.03,0.00,0.00,0.00,0.00,0.00,inferred
Sefton,2021-03-27,0.15,0.03,0.00,0.00,0.00,0.00,0.00,inferred
Sefton,2021-03-28,0.15,0.03,0.00,0.00,0.00,0.00,0.00,inferred
Sefton,2021-03-29,0.15,0.03,0.00,0.00,0.00,0.00,0.00,inferred
Sefton,2021-03-30,0.59,0.31,0.10,0.02,0.00,0.00,0.00,inferred
Sefton,2021-03-31,0.59,0.31,0.10,0.02,0.00,0.00,0.00,inferred
Sefton,2021-04-01,0.59,0.31,0.10,0.02,0.00,0.00,0.00,inferred
Sefton,2021-04-02,0.59,0.31,0.10,0.02,0.00,0.00,0.00,inferred
Sefton,2021-04-03,0.59,0.31,0.10,0.02,0.00,0.00,0.00,inferred
Sefton,2021-04-04,0.59,0.31,0.10,0.02,0.00,0.00,0.00,inferred
Sefton,2021-04-05,0.59,0.31,0.10,0.02,0.00,0.00,0.00,inferred
Sefton,2021-04-06,0.76,0.48,0.23,0.09,0.02,0.00,0.00,inferred
Sefton,2021-04-07,0.76,0.48,0.23,0.09,0.02,0.00,0.00,inferred
Sefton,2021-04-08,0.76,0.48,0.23,0.09,0.02,0.00,0.00,inferred
Sefton,2021-04-09,0.76,0.48,0.23,0.09,0.02,0.00,0.00,inferred
Sefton,2021-04-10,0.76,0.48,0.23,0.09,0.02,0.00,0.00,inferred
Sefton,2021-04-11,0.76,0.48,0.23,0.09,0.02,0.00,0.00,inferred
Sefton,2021-04-12,0.76,0.48,0.23,0.09,0.02,0.00,0.00,inferred
Sefton,2021-04-13,0.96,0.87,0.68,0.42,0.23,0.01,0.00,inferred
Sefton,2021-04-14,0.96,0.87,0.68,0.42,0.23,0.01,0.00,inferred
Sefton,2021-04-15,0.96,0.87,0.68,0.42,0.23,0.01,0.00,inferred
Sefton,2021-04-16,0.96,0.87,0.68,0.42,0.23,0.01,0.00,inferred
Sefton,2021-04-17,0.96,0.87,0.68,0.42,0.23,0.01,0.00,inferred
Sefton,2021-04-18,0.96,0.87,0.68,0.42,0.23,0.01,0.00,inferred
Sefton,2021-04-19,0.96,0.87,0.68,0.42,0.23,0.01,0.00,inferred
Sefton,2021-04-20,1.00,1.00,0.99,0.97,0.90,0.38,0.01,inferred
Sefton,2021-04-21,1.00,1.00,0.99,0.97,0.90,0.38,0.01,inferred
Sefton,2021-04-22,1.00,1.00,0.99,0.97,0.90,0.38,0.01,inferred
Sefton,2021-04-23,1.00,1.00,0.99,0.97,0.90,0.38,0.01,inferred
Sefton,2021-04-24,1.00,1.00,0.99,0.97,0.90,0.38,0.01,inferred
Sefton,2021-04-25,1.00,1.00,0.99,0.97,0.90,0.38,0.01,inferred
Sefton,2021-04-26,1.00,1.00,0.99,0.97,0.90,0.38,0.01,inferred
Sefton,2021-04-27,1.00,1.00,1.00,0.99,0.94,0.56,0.04,inferred
Sefton,2021-04-28,1.00,1.00,1.00,0.99,0.94,0.56,0.04,inferred
Sefton,2021-04-29,1.00,1.00,1.00,0.99,0.94,0.56,0.04,inferred
Sefton,2021-04-30,1.00,1.00,1.00,0.99,0.94,0.56,0.04,inferred
Sefton,2021-05-01,1.00,1.00,1.00,0.99,0.94,0.56,0.04,inferred
Sefton,2021-05-02,1.00,1.00,1.00,0.99,0.94,0.56,0.04,inferred
Sefton,2021-05-03,1.00,1.00,1.00,0.99,0.94,0.56,0.04,inferred
Sefton,2021-05-04,0.03,0.00,0.00,0.00,0.00,0.00,0.00,inferred
Sefton,2021-05-05,0.03,0.00,0.00,0.00,0.00,0.00,0.00,inferred
Sefton,2021-05-06,0.03,0.00,0.00,0.00,0.00,0.00,0.00,inferred
Sefton,2021-05-07,0.03,0.00,0.00,0.00,0.00,0.00,0.00,inferred
Sefton,2021-05-08,0.03,0.00,0.00,0.00,0.00,0.00,0.00,inferred
Sefton,2021-05-09,0.03,0.00,0.00,0.00,0.00,0.00,0.00,inferred
Sefton,2021-05-10,0.03,0.00,0.00,0.00,0.00,0.00,0.00,inferred
Sefton,2021-05-11,0.04,0.01,0.00,0.00,0.00,0.00,0.00,inferred
Sefton,2021-05-12,0.04,0.01,0.00,0.00,0.00,0.00,0.00,inferred
Sefton,2021-05-13,0.04,0.01,0.00,0.00,0.00,0.00,0.00,inferred
Sefton,2021-05-14,0.04,0.01,0.00,0.00,0.00,0.00,0.00,inferred
Sefton,2021-05-15,0.04,0.01,0.00,0.00,0.00,0.00,0.00,inferred
Sefton,2021-05-16,0.04,0.01,0.00,0.00,0.00,0.00,0.00,inferred
Sefton,2021-05-17,0.04,0.01,0.00,0.00,0.00,0.00,0.00,inferred
Sefton,2021-05-18,1.00,0.96,0.88,0.71,0.49,0.08,0.00,inferred
Sefton,2021-05-19,1.00,0.96,0.88,0.71,0.49,0.08,0.00,inferred
Sefton,2021-05-20,1.00,0.96,0.88,0.71,0.49,0.08,0.00,inferred
Sefton,2021-05-21,1.00,0.96,0.88,0.71,0.49,0.08,0.00,inferred
Sefton,2021-05-22,1.00,0.96,0.88,0.71,0.49,0.08,0.00,inferred
Sefton,2021-05-23,1.00,0.96,0.88,0.71,0.49,0.08,0.00,inferred
Sefton,2021-05-24,1.00,0.96,0.88,0.71,0.49,0.08,0.00,inferred
Sefton,2021-05-25,1.00,1.00,1.00,1.00,1.00,1.00,0.92,inferred
Sefton,2021-05-26,1.00,1.00,1.00,1.00,1.00,1.00,0.92,inferred
Sefton,2021-05-27,1.00,1.00,1.00,1.00,1.00,1.00,0.92,inferred
Sefton,2021-05-28,1.00,1.00,1.00,1.00,1.00,1.00,0.92,inferred
Sefton,2021-05-29,1.00,1.00,1.00,1.00,1.00,1.00,0.92,inferred
Sefton,2021-05-30,1.00,1.00,1.00,1.00,1.00,1.00,0.92,inferred
Sefton,2021-05-31,1.00,1.00,1.00,1.00,1.00,1.00,0.92,inferred
Sefton,2021-06-01,1.00,1.00,1.00,1.00,1.00,1.00,0.83,inferred
Sefton,2021-06-02,1.00,1.00,1.00,1.00,1.00,1.00,0.83,inferred
Sefton,2021-06-03,1.00,1.00,1.00,1.00,1.00,1.00,0.83,inferred
Sefton,2021-06-04,1.00,1.00,1.00,1.00,1.00,1.00,0.83,inferred
Sefton,2021-06-05,1.00,1.00,1.00,1.00,1.00,1.00,0.83,inferred
Sefton,2021-06-06,1.00,1.00,1.00,1.00,1.00,1.00,0.83,inferred
Sefton,2021-06-07,1.00,1.00,1.00,1.00,1.00,1.00,0.83,inferred
Sefton,2021-06-08,1.00,1.00,1.00,1.00,0.98,0.61,0.03,inferred
Sefton,2021-06-09,1.00,1.00,1.00,1.00,0.98,0.61,0.03,inferred
Sefton,2021-06-10,1.00,1.00,1.00,1.00,0.98,0.61,0.03,inferred
Sefton,2021-06-11,1.00,1.00,1.00,1.00,0.98,0.61,0.03,inferred
Sefton,2021-06-12,1.00,1.00,1.00,1.00,0.98,0.61,0.03,inferred
Sefton,2021-06-13,1.00,1.00,1.00,1.00,0.98,0.61,0.03,inferred
Sefton,2021-06-14,1.00,1.00,1.00,1.00,0.98,0.61,0.03,inferred
Sefton,2021-06-15,1.00,1.00,1.00,1.00,1.00,0.84,0.04,inferred
Sefton,2021-06-16,1.00,1.00,1.00,1.00,1.00,0.84,0.04,inferred
Sefton,2021-06-17,1.00,1.00,1.00,1.00,1.00,0.84,0.04,inferred
Sefton,2021-06-18,1.00,1.00,1.00,1.00,1.00,0.84,0.04,inferred
Sefton,2021-06-19,1.00,1.00,1.00,1.00,1.00,0.84,0.04,inferred
Sefton,2021-06-20,1.00,1.00,1.00,1.00,1.00,0.84,0.04,inferred
Sefton,2021-06-21,1.00,1.00,1.00,1.00,1.00,0.84,0.04,inferred
Sefton,2021-06-22,1.00,1.00,1.00,1.00,1.00,0.70,0.01,inferred
Sefton,2021-06-23,1.00,1.00,1.00,1.00,1.00,0.70,0.01,inferred
Sefton,2021-06-24,1.00,1.00,1.00,1.00,1.00,0.70,0.01,inferred
Sefton,2021-06-25,1.00,1.00,1.00,1.00,1.00,0.70,0.01,inferred
Sefton,2021-06-26,1.00,1.00,1.00,1.00,1.00,0.70,0.01,inferred
Sefton,2021-06-27,1.00,1.00,1.00,1.00,1.00,0.70,0.01,inferred
Sefton,2021-06-28,1.00,1.00,1.00,1.00,1.00,0.70,0.01,inferred
Sefton,2021-06-29,0.65,0.36,0.12,0.03,0.01,0.00,0.00,inferred
Sefton,2021-06-30,0.65,0.36,0.12,0.03,0.01,0.00,0.00,inferred
Sefton,2021-07-01,0.65,0.36,0.12,0.03,0.01,0.00,0.00,inferred
Sefton,2021-07-02,0.65,0.36,0.12,0.03,0.01,0.00,0.00,inferred
Sefton,2021-07-03,0.65,0.36,0.12,0.03,0.01,0.00,0.00,inferred
Sefton,2021-07-04,0.65,0.36,0.12,0.03,0.01,0.00,0.00,inferred
Sefton,2021-07-05,0.65,0.36,0.12,0.03,0.01,0.00,0.00,inferred
Sefton,2021-07-06,0.59,0.43,0.29,0.19,0.12,0.03,0.00,projected
Sefton,2021-07-07,0.59,0.43,0.29,0.19,0.12,0.03,0.00,projected
Sefton,2021-07-08,0.59,0.43,0.29,0.19,0.12,0.03,0.00,projected
Sefton,2021-07-09,0.59,0.43,0.29,0.19,0.12,0.03,0.00,projected
Sefton,2021-07-10,0.59,0.43,0.29,0.19,0.12,0.03,0.00,projected
Sefton,2021-07-11,0.59,0.43,0.29,0.19,0.12,0.03,0.00,projected
Sefton,2021-07-12,0.59,0.43,0.29,0.19,0.12,0.03,0.00,projected
Sefton,2021-07-13,0.60,0.45,0.34,0.23,0.17,0.07,0.01,projected
Sefton,2021-07-14,0.60,0.45,0.34,0.23,0.17,0.07,0.01,projected
Sefton,2021-07-15,0.60,0.45,0.34,0.23,0.17,0.07,0.01,projected
Sefton,2021-07-16,0.60,0.45,0.34,0.23,0.17,0.07,0.01,projected
Sefton,2021-07-17,0.60,0.45,0.34,0.23,0.17,0.07,0.01,projected
Sefton,2021-07-18,0.60,0.45,0.34,0.23,0.17,0.07,0.01,projected
Sefton,2021-07-19,0.60,0.45,0.34,0.23,0.17,0.07,0.01,projected
Sefton,2021-07-20,0.63,0.51,0.40,0.31,0.23,0.10,0.03,projected
Sefton,2021-07-21,0.63,0.51,0.40,0.31,0.23,0.10,0.03,projected
Sefton,2021-07-22,0.63,0.51,0.40,0.31,0.23,0.10,0.03,projected
Sefton,2021-07-23,0.63,0.51,0.40,0.31,0.23,0.10,0.03,projected
Sefton,2021-07-24,0.63,0.51,0.40,0.31,0.23,0.10,0.03,projected
Sefton,2021-07-25,0.63,0.51,0.40,0.31,0.23,0.10,0.03,projected
Sefton,2021-07-26,0.63,0.51,0.40,0.31,0.23,0.10,0.03,projected
Selby,2021-03-23,0.11,0.03,0.01,0.00,0.00,0.00,0.00,inferred
Selby,2021-03-24,0.11,0.03,0.01,0.00,0.00,0.00,0.00,inferred
Selby,2021-03-25,0.11,0.03,0.01,0.00,0.00,0.00,0.00,inferred
Selby,2021-03-26,0.11,0.03,0.01,0.00,0.00,0.00,0.00,inferred
Selby,2021-03-27,0.11,0.03,0.01,0.00,0.00,0.00,0.00,inferred
Selby,2021-03-28,0.11,0.03,0.01,0.00,0.00,0.00,0.00,inferred
Selby,2021-03-29,0.11,0.03,0.01,0.00,0.00,0.00,0.00,inferred
Selby,2021-03-30,0.67,0.43,0.20,0.07,0.02,0.00,0.00,inferred
Selby,2021-03-31,0.67,0.43,0.20,0.07,0.02,0.00,0.00,inferred
Selby,2021-04-01,0.67,0.43,0.20,0.07,0.02,0.00,0.00,inferred
Selby,2021-04-02,0.67,0.43,0.20,0.07,0.02,0.00,0.00,inferred
Selby,2021-04-03,0.67,0.43,0.20,0.07,0.02,0.00,0.00,inferred
Selby,2021-04-04,0.67,0.43,0.20,0.07,0.02,0.00,0.00,inferred
Selby,2021-04-05,0.67,0.43,0.20,0.07,0.02,0.00,0.00,inferred
Selby,2021-04-06,0.98,0.92,0.80,0.61,0.37,0.04,0.00,inferred
Selby,2021-04-07,0.98,0.92,0.80,0.61,0.37,0.04,0.00,inferred
Selby,2021-04-08,0.98,0.92,0.80,0.61,0.37,0.04,0.00,inferred
Selby,2021-04-09,0.98,0.92,0.80,0.61,0.37,0.04,0.00,inferred
Selby,2021-04-10,0.98,0.92,0.80,0.61,0.37,0.04,0.00,inferred
Selby,2021-04-11,0.98,0.92,0.80,0.61,0.37,0.04,0.00,inferred
Selby,2021-04-12,0.98,0.92,0.80,0.61,0.37,0.04,0.00,inferred
Selby,2021-04-13,1.00,1.00,0.99,0.95,0.87,0.39,0.02,inferred
Selby,2021-04-14,1.00,1.00,0.99,0.95,0.87,0.39,0.02,inferred
Selby,2021-04-15,1.00,1.00,0.99,0.95,0.87,0.39,0.02,inferred
Selby,2021-04-16,1.00,1.00,0.99,0.95,0.87,0.39,0.02,inferred
Selby,2021-04-17,1.00,1.00,0.99,0.95,0.87,0.39,0.02,inferred
Selby,2021-04-18,1.00,1.00,0.99,0.95,0.87,0.39,0.02,inferred
Selby,2021-04-19,1.00,1.00,0.99,0.95,0.87,0.39,0.02,inferred
Selby,2021-04-20,0.71,0.44,0.20,0.09,0.02,0.00,0.00,inferred
Selby,2021-04-21,0.71,0.44,0.20,0.09,0.02,0.00,0.00,inferred
Selby,2021-04-22,0.71,0.44,0.20,0.09,0.02,0.00,0.00,inferred
Selby,2021-04-23,0.71,0.44,0.20,0.09,0.02,0.00,0.00,inferred
Selby,2021-04-24,0.71,0.44,0.20,0.09,0.02,0.00,0.00,inferred
Selby,2021-04-25,0.71,0.44,0.20,0.09,0.02,0.00,0.00,inferred
Selby,2021-04-26,0.71,0.44,0.20,0.09,0.02,0.00,0.00,inferred
Selby,2021-04-27,0.66,0.39,0.17,0.06,0.01,0.00,0.00,inferred
Selby,2021-04-28,0.66,0.39,0.17,0.06,0.01,0.00,0.00,inferred
Selby,2021-04-29,0.66,0.39,0.17,0.06,0.01,0.00,0.00,inferred
Selby,2021-04-30,0.66,0.39,0.17,0.06,0.01,0.00,0.00,inferred
Selby,2021-05-01,0.66,0.39,0.17,0.06,0.01,0.00,0.00,inferred
Selby,2021-05-02,0.66,0.39,0.17,0.06,0.01,0.00,0.00,inferred
Selby,2021-05-03,0.66,0.39,0.17,0.06,0.01,0.00,0.00,inferred
Selby,2021-05-04,0.23,0.08,0.02,0.00,0.00,0.00,0.00,inferred
Selby,2021-05-05,0.23,0.08,0.02,0.00,0.00,0.00,0.00,inferred
Selby,2021-05-06,0.23,0.08,0.02,0.00,0.00,0.00,0.00,inferred
Selby,2021-05-07,0.23,0.08,0.02,0.00,0.00,0.00,0.00,inferred
Selby,2021-05-08,0.23,0.08,0.02,0.00,0.00,0.00,0.00,inferred
Selby,2021-05-09,0.23,0.08,0.02,0.00,0.00,0.00,0.00,inferred
Selby,2021-05-10,0.23,0.08,0.02,0.00,0.00,0.00,0.00,inferred
Selby,2021-05-11,0.21,0.07,0.02,0.01,0.00,0.00,0.00,inferred
Selby,2021-05-12,0.21,0.07,0.02,0.01,0.00,0.00,0.00,inferred
Selby,2021-05-13,0.21,0.07,0.02,0.01,0.00,0.00,0.00,inferred
Selby,2021-05-14,0.21,0.07,0.02,0.01,0.00,0.00,0.00,inferred
Selby,2021-05-15,0.21,0.07,0.02,0.01,0.00,0.00,0.00,inferred
Selby,2021-05-16,0.21,0.07,0.02,0.01,0.00,0.00,0.00,inferred
Selby,2021-05-17,0.21,0.07,0.02,0.01,0.00,0.00,0.00,inferred
Selby,2021-05-18,0.55,0.35,0.19,0.10,0.04,0.00,0.00,inferred
Selby,2021-05-19,0.55,0.35,0.19,0.10,0.04,0.00,0.00,inferred
Selby,2021-05-20,0.55,0.35,0.19,0.10,0.04,0.00,0.00,inferred
Selby,2021-05-21,0.55,0.35,0.19,0.10,0.04,0.00,0.00,inferred
Selby,2021-05-22,0.55,0.35,0.19,0.10,0.04,0.00,0.00,inferred
Selby,2021-05-23,0.55,0.35,0.19,0.10,0.04,0.00,0.00,inferred
Selby,2021-05-24,0.55,0.35,0.19,0.10,0.04,0.00,0.00,inferred
Selby,2021-05-25,1.00,1.00,1.00,0.99,0.97,0.74,0.14,inferred
Selby,2021-05-26,1.00,1.00,1.00,0.99,0.97,0.74,0.14,inferred
Selby,2021-05-27,1.00,1.00,1.00,0.99,0.97,0.74,0.14,inferred
Selby,2021-05-28,1.00,1.00,1.00,0.99,0.97,0.74,0.14,inferred
Selby,2021-05-29,1.00,1.00,1.00,0.99,0.97,0.74,0.14,inferred
Selby,2021-05-30,1.00,1.00,1.00,0.99,0.97,0.74,0.14,inferred
Selby,2021-05-31,1.00,1.00,1.00,0.99,0.97,0.74,0.14,inferred
Selby,2021-06-01,1.00,1.00,0.99,0.98,0.95,0.61,0.07,inferred
Selby,2021-06-02,1.00,1.00,0.99,0.98,0.95,0.61,0.07,inferred
Selby,2021-06-03,1.00,1.00,0.99,0.98,0.95,0.61,0.07,inferred
Selby,2021-06-04,1.00,1.00,0.99,0.98,0.95,0.61,0.07,inferred
Selby,2021-06-05,1.00,1.00,0.99,0.98,0.95,0.61,0.07,inferred
Selby,2021-06-06,1.00,1.00,0.99,0.98,0.95,0.61,0.07,inferred
Selby,2021-06-07,1.00,1.00,0.99,0.98,0.95,0.61,0.07,inferred
Selby,2021-06-08,1.00,1.00,1.00,1.00,0.99,0.77,0.14,inferred
Selby,2021-06-09,1.00,1.00,1.00,1.00,0.99,0.77,0.14,inferred
Selby,2021-06-10,1.00,1.00,1.00,1.00,0.99,0.77,0.14,inferred
Selby,2021-06-11,1.00,1.00,1.00,1.00,0.99,0.77,0.14,inferred
Selby,2021-06-12,1.00,1.00,1.00,1.00,0.99,0.77,0.14,inferred
Selby,2021-06-13,1.00,1.00,1.00,1.00,0.99,0.77,0.14,inferred
Selby,2021-06-14,1.00,1.00,1.00,1.00,0.99,0.77,0.14,inferred
Selby,2021-06-15,1.00,1.00,1.00,0.99,0.98,0.60,0.04,inferred
Selby,2021-06-16,1.00,1.00,1.00,0.99,0.98,0.60,0.04,inferred
Selby,2021-06-17,1.00,1.00,1.00,0.99,0.98,0.60,0.04,inferred
Selby,2021-06-18,1.00,1.00,1.00,0.99,0.98,0.60,0.04,inferred
Selby,2021-06-19,1.00,1.00,1.00,0.99,0.98,0.60,0.04,inferred
Selby,2021-06-20,1.00,1.00,1.00,0.99,0.98,0.60,0.04,inferred
Selby,2021-06-21,1.00,1.00,1.00,0.99,0.98,0.60,0.04,inferred
Selby,2021-06-22,1.00,1.00,1.00,1.00,0.99,0.75,0.07,inferred
Selby,2021-06-23,1.00,1.00,1.00,1.00,0.99,0.75,0.07,inferred
Selby,2021-06-24,1.00,1.00,1.00,1.00,0.99,0.75,0.07,inferred
Selby,2021-06-25,1.00,1.00,1.00,1.00,0.99,0.75,0.07,inferred
Selby,2021-06-26,1.00,1.00,1.00,1.00,0.99,0.75,0.07,inferred
Selby,2021-06-27,1.00,1.00,1.00,1.00,0.99,0.75,0.07,inferred
Selby,2021-06-28,1.00,1.00,1.00,1.00,0.99,0.75,0.07,inferred
Selby,2021-06-29,1.00,1.00,0.99,0.97,0.91,0.60,0.11,inferred
Selby,2021-06-30,1.00,1.00,0.99,0.97,0.91,0.60,0.11,inferred
Selby,2021-07-01,1.00,1.00,0.99,0.97,0.91,0.60,0.11,inferred
Selby,2021-07-02,1.00,1.00,0.99,0.97,0.91,0.60,0.11,inferred
Selby,2021-07-03,1.00,1.00,0.99,0.97,0.91,0.60,0.11,inferred
Selby,2021-07-04,1.00,1.00,0.99,0.97,0.91,0.60,0.11,inferred
Selby,2021-07-05,1.00,1.00,0.99,0.97,0.91,0.60,0.11,inferred
Selby,2021-07-06,0.98,0.96,0.91,0.86,0.78,0.47,0.16,projected
Selby,2021-07-07,0.98,0.96,0.91,0.86,0.78,0.47,0.16,projected
Selby,2021-07-08,0.98,0.96,0.91,0.86,0.78,0.47,0.16,projected
Selby,2021-07-09,0.98,0.96,0.91,0.86,0.78,0.47,0.16,projected
Selby,2021-07-10,0.98,0.96,0.91,0.86,0.78,0.47,0.16,projected
Selby,2021-07-11,0.98,0.96,0.91,0.86,0.78,0.47,0.16,projected
Selby,2021-07-12,0.98,0.96,0.91,0.86,0.78,0.47,0.16,projected
Selby,2021-07-13,0.96,0.92,0.87,0.79,0.72,0.44,0.16,projected
Selby,2021-07-14,0.96,0.92,0.87,0.79,0.72,0.44,0.16,projected
Selby,2021-07-15,0.96,0.92,0.87,0.79,0.72,0.44,0.16,projected
Selby,2021-07-16,0.96,0.92,0.87,0.79,0.72,0.44,0.16,projected
Selby,2021-07-17,0.96,0.92,0.87,0.79,0.72,0.44,0.16,projected
Selby,2021-07-18,0.96,0.92,0.87,0.79,0.72,0.44,0.16,projected
Selby,2021-07-19,0.96,0.92,0.87,0.79,0.72,0.44,0.16,projected
Selby,2021-07-20,0.96,0.92,0.86,0.77,0.69,0.45,0.19,projected
Selby,2021-07-21,0.96,0.92,0.86,0.77,0.69,0.45,0.19,projected
Selby,2021-07-22,0.96,0.92,0.86,0.77,0.69,0.45,0.19,projected
Selby,2021-07-23,0.96,0.92,0.86,0.77,0.69,0.45,0.19,projected
Selby,2021-07-24,0.96,0.92,0.86,0.77,0.69,0.45,0.19,projected
Selby,2021-07-25,0.96,0.92,0.86,0.77,0.69,0.45,0.19,projected
Selby,2021-07-26,0.96,0.92,0.86,0.77,0.69,0.45,0.19,projected
Sevenoaks,2021-03-23,0.50,0.27,0.12,0.05,0.02,0.00,0.00,inferred
Sevenoaks,2021-03-24,0.50,0.27,0.12,0.05,0.02,0.00,0.00,inferred
Sevenoaks,2021-03-25,0.50,0.27,0.12,0.05,0.02,0.00,0.00,inferred
Sevenoaks,2021-03-26,0.50,0.27,0.12,0.05,0.02,0.00,0.00,inferred
Sevenoaks,2021-03-27,0.50,0.27,0.12,0.05,0.02,0.00,0.00,inferred
Sevenoaks,2021-03-28,0.50,0.27,0.12,0.05,0.02,0.00,0.00,inferred
Sevenoaks,2021-03-29,0.50,0.27,0.12,0.05,0.02,0.00,0.00,inferred
Sevenoaks,2021-03-30,0.66,0.47,0.29,0.15,0.07,0.00,0.00,inferred
Sevenoaks,2021-03-31,0.66,0.47,0.29,0.15,0.07,0.00,0.00,inferred
Sevenoaks,2021-04-01,0.66,0.47,0.29,0.15,0.07,0.00,0.00,inferred
Sevenoaks,2021-04-02,0.66,0.47,0.29,0.15,0.07,0.00,0.00,inferred
Sevenoaks,2021-04-03,0.66,0.47,0.29,0.15,0.07,0.00,0.00,inferred
Sevenoaks,2021-04-04,0.66,0.47,0.29,0.15,0.07,0.00,0.00,inferred
Sevenoaks,2021-04-05,0.66,0.47,0.29,0.15,0.07,0.00,0.00,inferred
Sevenoaks,2021-04-06,0.84,0.71,0.51,0.35,0.20,0.03,0.00,inferred
Sevenoaks,2021-04-07,0.84,0.71,0.51,0.35,0.20,0.03,0.00,inferred
Sevenoaks,2021-04-08,0.84,0.71,0.51,0.35,0.20,0.03,0.00,inferred
Sevenoaks,2021-04-09,0.84,0.71,0.51,0.35,0.20,0.03,0.00,inferred
Sevenoaks,2021-04-10,0.84,0.71,0.51,0.35,0.20,0.03,0.00,inferred
Sevenoaks,2021-04-11,0.84,0.71,0.51,0.35,0.20,0.03,0.00,inferred
Sevenoaks,2021-04-12,0.84,0.71,0.51,0.35,0.20,0.03,0.00,inferred
Sevenoaks,2021-04-13,0.85,0.71,0.53,0.36,0.23,0.03,0.00,inferred
Sevenoaks,2021-04-14,0.85,0.71,0.53,0.36,0.23,0.03,0.00,inferred
Sevenoaks,2021-04-15,0.85,0.71,0.53,0.36,0.23,0.03,0.00,inferred
Sevenoaks,2021-04-16,0.85,0.71,0.53,0.36,0.23,0.03,0.00,inferred
Sevenoaks,2021-04-17,0.85,0.71,0.53,0.36,0.23,0.03,0.00,inferred
Sevenoaks,2021-04-18,0.85,0.71,0.53,0.36,0.23,0.03,0.00,inferred
Sevenoaks,2021-04-19,0.85,0.71,0.53,0.36,0.23,0.03,0.00,inferred
Sevenoaks,2021-04-20,0.82,0.66,0.48,0.30,0.18,0.02,0.00,inferred
Sevenoaks,2021-04-21,0.82,0.66,0.48,0.30,0.18,0.02,0.00,inferred
Sevenoaks,2021-04-22,0.82,0.66,0.48,0.30,0.18,0.02,0.00,inferred
Sevenoaks,2021-04-23,0.82,0.66,0.48,0.30,0.18,0.02,0.00,inferred
Sevenoaks,2021-04-24,0.82,0.66,0.48,0.30,0.18,0.02,0.00,inferred
Sevenoaks,2021-04-25,0.82,0.66,0.48,0.30,0.18,0.02,0.00,inferred
Sevenoaks,2021-04-26,0.82,0.66,0.48,0.30,0.18,0.02,0.00,inferred
Sevenoaks,2021-04-27,0.26,0.13,0.06,0.03,0.01,0.00,0.00,inferred
Sevenoaks,2021-04-28,0.26,0.13,0.06,0.03,0.01,0.00,0.00,inferred
Sevenoaks,2021-04-29,0.26,0.13,0.06,0.03,0.01,0.00,0.00,inferred
Sevenoaks,2021-04-30,0.26,0.13,0.06,0.03,0.01,0.00,0.00,inferred
Sevenoaks,2021-05-01,0.26,0.13,0.06,0.03,0.01,0.00,0.00,inferred
Sevenoaks,2021-05-02,0.26,0.13,0.06,0.03,0.01,0.00,0.00,inferred
Sevenoaks,2021-05-03,0.26,0.13,0.06,0.03,0.01,0.00,0.00,inferred
Sevenoaks,2021-05-04,0.60,0.44,0.29,0.16,0.09,0.01,0.00,inferred
Sevenoaks,2021-05-05,0.60,0.44,0.29,0.16,0.09,0.01,0.00,inferred
Sevenoaks,2021-05-06,0.60,0.44,0.29,0.16,0.09,0.01,0.00,inferred
Sevenoaks,2021-05-07,0.60,0.44,0.29,0.16,0.09,0.01,0.00,inferred
Sevenoaks,2021-05-08,0.60,0.44,0.29,0.16,0.09,0.01,0.00,inferred
Sevenoaks,2021-05-09,0.60,0.44,0.29,0.16,0.09,0.01,0.00,inferred
Sevenoaks,2021-05-10,0.60,0.44,0.29,0.16,0.09,0.01,0.00,inferred
Sevenoaks,2021-05-11,0.99,0.98,0.94,0.87,0.78,0.42,0.04,inferred
Sevenoaks,2021-05-12,0.99,0.98,0.94,0.87,0.78,0.42,0.04,inferred
Sevenoaks,2021-05-13,0.99,0.98,0.94,0.87,0.78,0.42,0.04,inferred
Sevenoaks,2021-05-14,0.99,0.98,0.94,0.87,0.78,0.42,0.04,inferred
Sevenoaks,2021-05-15,0.99,0.98,0.94,0.87,0.78,0.42,0.04,inferred
Sevenoaks,2021-05-16,0.99,0.98,0.94,0.87,0.78,0.42,0.04,inferred
Sevenoaks,2021-05-17,0.99,0.98,0.94,0.87,0.78,0.42,0.04,inferred
Sevenoaks,2021-05-18,1.00,1.00,1.00,0.99,0.97,0.80,0.27,inferred
Sevenoaks,2021-05-19,1.00,1.00,1.00,0.99,0.97,0.80,0.27,inferred
Sevenoaks,2021-05-20,1.00,1.00,1.00,0.99,0.97,0.80,0.27,inferred
Sevenoaks,2021-05-21,1.00,1.00,1.00,0.99,0.97,0.80,0.27,inferred
Sevenoaks,2021-05-22,1.00,1.00,1.00,0.99,0.97,0.80,0.27,inferred
Sevenoaks,2021-05-23,1.00,1.00,1.00,0.99,0.97,0.80,0.27,inferred
Sevenoaks,2021-05-24,1.00,1.00,1.00,0.99,0.97,0.80,0.27,inferred
Sevenoaks,2021-05-25,1.00,1.00,0.99,0.98,0.95,0.69,0.14,inferred
Sevenoaks,2021-05-26,1.00,1.00,0.99,0.98,0.95,0.69,0.14,inferred
Sevenoaks,2021-05-27,1.00,1.00,0.99,0.98,0.95,0.69,0.14,inferred
Sevenoaks,2021-05-28,1.00,1.00,0.99,0.98,0.95,0.69,0.14,inferred
Sevenoaks,2021-05-29,1.00,1.00,0.99,0.98,0.95,0.69,0.14,inferred
Sevenoaks,2021-05-30,1.00,1.00,0.99,0.98,0.95,0.69,0.14,inferred
Sevenoaks,2021-05-31,1.00,1.00,0.99,0.98,0.95,0.69,0.14,inferred
Sevenoaks,2021-06-01,1.00,0.98,0.92,0.79,0.62,0.16,0.00,inferred
Sevenoaks,2021-06-02,1.00,0.98,0.92,0.79,0.62,0.16,0.00,inferred
Sevenoaks,2021-06-03,1.00,0.98,0.92,0.79,0.62,0.16,0.00,inferred
Sevenoaks,2021-06-04,1.00,0.98,0.92,0.79,0.62,0.16,0.00,inferred
Sevenoaks,2021-06-05,1.00,0.98,0.92,0.79,0.62,0.16,0.00,inferred
Sevenoaks,2021-06-06,1.00,0.98,0.92,0.79,0.62,0.16,0.00,inferred
Sevenoaks,2021-06-07,1.00,0.98,0.92,0.79,0.62,0.16,0.00,inferred
Sevenoaks,2021-06-08,1.00,0.97,0.91,0.76,0.56,0.08,0.00,inferred
Sevenoaks,2021-06-09,1.00,0.97,0.91,0.76,0.56,0.08,0.00,inferred
Sevenoaks,2021-06-10,1.00,0.97,0.91,0.76,0.56,0.08,0.00,inferred
Sevenoaks,2021-06-11,1.00,0.97,0.91,0.76,0.56,0.08,0.00,inferred
Sevenoaks,2021-06-12,1.00,0.97,0.91,0.76,0.56,0.08,0.00,inferred
Sevenoaks,2021-06-13,1.00,0.97,0.91,0.76,0.56,0.08,0.00,inferred
Sevenoaks,2021-06-14,1.00,0.97,0.91,0.76,0.56,0.08,0.00,inferred
Sevenoaks,2021-06-15,1.00,1.00,1.00,1.00,1.00,0.95,0.30,inferred
Sevenoaks,2021-06-16,1.00,1.00,1.00,1.00,1.00,0.95,0.30,inferred
Sevenoaks,2021-06-17,1.00,1.00,1.00,1.00,1.00,0.95,0.30,inferred
Sevenoaks,2021-06-18,1.00,1.00,1.00,1.00,1.00,0.95,0.30,inferred
Sevenoaks,2021-06-19,1.00,1.00,1.00,1.00,1.00,0.95,0.30,inferred
Sevenoaks,2021-06-20,1.00,1.00,1.00,1.00,1.00,0.95,0.30,inferred
Sevenoaks,2021-06-21,1.00,1.00,1.00,1.00,1.00,0.95,0.30,inferred
Sevenoaks,2021-06-22,1.00,1.00,1.00,1.00,1.00,0.92,0.35,inferred
Sevenoaks,2021-06-23,1.00,1.00,1.00,1.00,1.00,0.92,0.35,inferred
Sevenoaks,2021-06-24,1.00,1.00,1.00,1.00,1.00,0.92,0.35,inferred
Sevenoaks,2021-06-25,1.00,1.00,1.00,1.00,1.00,0.92,0.35,inferred
Sevenoaks,2021-06-26,1.00,1.00,1.00,1.00,1.00,0.92,0.35,inferred
Sevenoaks,2021-06-27,1.00,1.00,1.00,1.00,1.00,0.92,0.35,inferred
Sevenoaks,2021-06-28,1.00,1.00,1.00,1.00,1.00,0.92,0.35,inferred
Sevenoaks,2021-06-29,1.00,1.00,0.99,0.98,0.94,0.65,0.15,inferred
Sevenoaks,2021-06-30,1.00,1.00,0.99,0.98,0.94,0.65,0.15,inferred
Sevenoaks,2021-07-01,1.00,1.00,0.99,0.98,0.94,0.65,0.15,inferred
Sevenoaks,2021-07-02,1.00,1.00,0.99,0.98,0.94,0.65,0.15,inferred
Sevenoaks,2021-07-03,1.00,1.00,0.99,0.98,0.94,0.65,0.15,inferred
Sevenoaks,2021-07-04,1.00,1.00,0.99,0.98,0.94,0.65,0.15,inferred
Sevenoaks,2021-07-05,1.00,1.00,0.99,0.98,0.94,0.65,0.15,inferred
Sevenoaks,2021-07-06,1.00,0.99,0.97,0.91,0.83,0.55,0.18,projected
Sevenoaks,2021-07-07,1.00,0.99,0.97,0.91,0.83,0.55,0.18,projected
Sevenoaks,2021-07-08,1.00,0.99,0.97,0.91,0.83,0.55,0.18,projected
Sevenoaks,2021-07-09,1.00,0.99,0.97,0.91,0.83,0.55,0.18,projected
Sevenoaks,2021-07-10,1.00,0.99,0.97,0.91,0.83,0.55,0.18,projected
Sevenoaks,2021-07-11,1.00,0.99,0.97,0.91,0.83,0.55,0.18,projected
Sevenoaks,2021-07-12,1.00,0.99,0.97,0.91,0.83,0.55,0.18,projected
Sevenoaks,2021-07-13,0.98,0.96,0.92,0.87,0.80,0.51,0.18,projected
Sevenoaks,2021-07-14,0.98,0.96,0.92,0.87,0.80,0.51,0.18,projected
Sevenoaks,2021-07-15,0.98,0.96,0.92,0.87,0.80,0.51,0.18,projected
Sevenoaks,2021-07-16,0.98,0.96,0.92,0.87,0.80,0.51,0.18,projected
Sevenoaks,2021-07-17,0.98,0.96,0.92,0.87,0.80,0.51,0.18,projected
Sevenoaks,2021-07-18,0.98,0.96,0.92,0.87,0.80,0.51,0.18,projected
Sevenoaks,2021-07-19,0.98,0.96,0.92,0.87,0.80,0.51,0.18,projected
Sevenoaks,2021-07-20,0.98,0.95,0.91,0.84,0.78,0.49,0.19,projected
Sevenoaks,2021-07-21,0.98,0.95,0.91,0.84,0.78,0.49,0.19,projected
Sevenoaks,2021-07-22,0.98,0.95,0.91,0.84,0.78,0.49,0.19,projected
Sevenoaks,2021-07-23,0.98,0.95,0.91,0.84,0.78,0.49,0.19,projected
Sevenoaks,2021-07-24,0.98,0.95,0.91,0.84,0.78,0.49,0.19,projected
Sevenoaks,2021-07-25,0.98,0.95,0.91,0.84,0.78,0.49,0.19,projected
Sevenoaks,2021-07-26,0.98,0.95,0.91,0.84,0.78,0.49,0.19,projected
Sheffield,2021-03-23,0.07,0.00,0.00,0.00,0.00,0.00,0.00,inferred
Sheffield,2021-03-24,0.07,0.00,0.00,0.00,0.00,0.00,0.00,inferred
Sheffield,2021-03-25,0.07,0.00,0.00,0.00,0.00,0.00,0.00,inferred
Sheffield,2021-03-26,0.07,0.00,0.00,0.00,0.00,0.00,0.00,inferred
Sheffield,2021-03-27,0.07,0.00,0.00,0.00,0.00,0.00,0.00,inferred
Sheffield,2021-03-28,0.07,0.00,0.00,0.00,0.00,0.00,0.00,inferred
Sheffield,2021-03-29,0.07,0.00,0.00,0.00,0.00,0.00,0.00,inferred
Sheffield,2021-03-30,0.19,0.03,0.00,0.00,0.00,0.00,0.00,inferred
Sheffield,2021-03-31,0.19,0.03,0.00,0.00,0.00,0.00,0.00,inferred
Sheffield,2021-04-01,0.19,0.03,0.00,0.00,0.00,0.00,0.00,inferred
Sheffield,2021-04-02,0.19,0.03,0.00,0.00,0.00,0.00,0.00,inferred
Sheffield,2021-04-03,0.19,0.03,0.00,0.00,0.00,0.00,0.00,inferred
Sheffield,2021-04-04,0.19,0.03,0.00,0.00,0.00,0.00,0.00,inferred
Sheffield,2021-04-05,0.19,0.03,0.00,0.00,0.00,0.00,0.00,inferred
Sheffield,2021-04-06,0.07,0.01,0.00,0.00,0.00,0.00,0.00,inferred
Sheffield,2021-04-07,0.07,0.01,0.00,0.00,0.00,0.00,0.00,inferred
Sheffield,2021-04-08,0.07,0.01,0.00,0.00,0.00,0.00,0.00,inferred
Sheffield,2021-04-09,0.07,0.01,0.00,0.00,0.00,0.00,0.00,inferred
Sheffield,2021-04-10,0.07,0.01,0.00,0.00,0.00,0.00,0.00,inferred
Sheffield,2021-04-11,0.07,0.01,0.00,0.00,0.00,0.00,0.00,inferred
Sheffield,2021-04-12,0.07,0.01,0.00,0.00,0.00,0.00,0.00,inferred
Sheffield,2021-04-13,0.80,0.42,0.10,0.01,0.00,0.00,0.00,inferred
Sheffield,2021-04-14,0.80,0.42,0.10,0.01,0.00,0.00,0.00,inferred
Sheffield,2021-04-15,0.80,0.42,0.10,0.01,0.00,0.00,0.00,inferred
Sheffield,2021-04-16,0.80,0.42,0.10,0.01,0.00,0.00,0.00,inferred
Sheffield,2021-04-17,0.80,0.42,0.10,0.01,0.00,0.00,0.00,inferred
Sheffield,2021-04-18,0.80,0.42,0.10,0.01,0.00,0.00,0.00,inferred
Sheffield,2021-04-19,0.80,0.42,0.10,0.01,0.00,0.00,0.00,inferred
Sheffield,2021-04-20,1.00,0.94,0.67,0.29,0.06,0.00,0.00,inferred
Sheffield,2021-04-21,1.00,0.94,0.67,0.29,0.06,0.00,0.00,inferred
Sheffield,2021-04-22,1.00,0.94,0.67,0.29,0.06,0.00,0.00,inferred
Sheffield,2021-04-23,1.00,0.94,0.67,0.29,0.06,0.00,0.00,inferred
Sheffield,2021-04-24,1.00,0.94,0.67,0.29,0.06,0.00,0.00,inferred
Sheffield,2021-04-25,1.00,0.94,0.67,0.29,0.06,0.00,0.00,inferred
Sheffield,2021-04-26,1.00,0.94,0.67,0.29,0.06,0.00,0.00,inferred
Sheffield,2021-04-27,1.00,0.92,0.60,0.22,0.05,0.00,0.00,inferred
Sheffield,2021-04-28,1.00,0.92,0.60,0.22,0.05,0.00,0.00,inferred
Sheffield,2021-04-29,1.00,0.92,0.60,0.22,0.05,0.00,0.00,inferred
Sheffield,2021-04-30,1.00,0.92,0.60,0.22,0.05,0.00,0.00,inferred
Sheffield,2021-05-01,1.00,0.92,0.60,0.22,0.05,0.00,0.00,inferred
Sheffield,2021-05-02,1.00,0.92,0.60,0.22,0.05,0.00,0.00,inferred
Sheffield,2021-05-03,1.00,0.92,0.60,0.22,0.05,0.00,0.00,inferred
Sheffield,2021-05-04,0.53,0.14,0.02,0.00,0.00,0.00,0.00,inferred
Sheffield,2021-05-05,0.53,0.14,0.02,0.00,0.00,0.00,0.00,inferred
Sheffield,2021-05-06,0.53,0.14,0.02,0.00,0.00,0.00,0.00,inferred
Sheffield,2021-05-07,0.53,0.14,0.02,0.00,0.00,0.00,0.00,inferred
Sheffield,2021-05-08,0.53,0.14,0.02,0.00,0.00,0.00,0.00,inferred
Sheffield,2021-05-09,0.53,0.14,0.02,0.00,0.00,0.00,0.00,inferred
Sheffield,2021-05-10,0.53,0.14,0.02,0.00,0.00,0.00,0.00,inferred
Sheffield,2021-05-11,0.49,0.14,0.01,0.00,0.00,0.00,0.00,inferred
Sheffield,2021-05-12,0.49,0.14,0.01,0.00,0.00,0.00,0.00,inferred
Sheffield,2021-05-13,0.49,0.14,0.01,0.00,0.00,0.00,0.00,inferred
Sheffield,2021-05-14,0.49,0.14,0.01,0.00,0.00,0.00,0.00,inferred
Sheffield,2021-05-15,0.49,0.14,0.01,0.00,0.00,0.00,0.00,inferred
Sheffield,2021-05-16,0.49,0.14,0.01,0.00,0.00,0.00,0.00,inferred
Sheffield,2021-05-17,0.49,0.14,0.01,0.00,0.00,0.00,0.00,inferred
Sheffield,2021-05-18,0.43,0.12,0.01,0.00,0.00,0.00,0.00,inferred
Sheffield,2021-05-19,0.43,0.12,0.01,0.00,0.00,0.00,0.00,inferred
Sheffield,2021-05-20,0.43,0.12,0.01,0.00,0.00,0.00,0.00,inferred
Sheffield,2021-05-21,0.43,0.12,0.01,0.00,0.00,0.00,0.00,inferred
Sheffield,2021-05-22,0.43,0.12,0.01,0.00,0.00,0.00,0.00,inferred
Sheffield,2021-05-23,0.43,0.12,0.01,0.00,0.00,0.00,0.00,inferred
Sheffield,2021-05-24,0.43,0.12,0.01,0.00,0.00,0.00,0.00,inferred
Sheffield,2021-05-25,1.00,0.97,0.87,0.62,0.30,0.00,0.00,inferred
Sheffield,2021-05-26,1.00,0.97,0.87,0.62,0.30,0.00,0.00,inferred
Sheffield,2021-05-27,1.00,0.97,0.87,0.62,0.30,0.00,0.00,inferred
Sheffield,2021-05-28,1.00,0.97,0.87,0.62,0.30,0.00,0.00,inferred
Sheffield,2021-05-29,1.00,0.97,0.87,0.62,0.30,0.00,0.00,inferred
Sheffield,2021-05-30,1.00,0.97,0.87,0.62,0.30,0.00,0.00,inferred
Sheffield,2021-05-31,1.00,0.97,0.87,0.62,0.30,0.00,0.00,inferred
Sheffield,2021-06-01,1.00,1.00,1.00,1.00,0.97,0.40,0.00,inferred
Sheffield,2021-06-02,1.00,1.00,1.00,1.00,0.97,0.40,0.00,inferred
Sheffield,2021-06-03,1.00,1.00,1.00,1.00,0.97,0.40,0.00,inferred
Sheffield,2021-06-04,1.00,1.00,1.00,1.00,0.97,0.40,0.00,inferred
Sheffield,2021-06-05,1.00,1.00,1.00,1.00,0.97,0.40,0.00,inferred
Sheffield,2021-06-06,1.00,1.00,1.00,1.00,0.97,0.40,0.00,inferred
Sheffield,2021-06-07,1.00,1.00,1.00,1.00,0.97,0.40,0.00,inferred
Sheffield,2021-06-08,1.00,1.00,1.00,1.00,1.00,0.85,0.07,inferred
Sheffield,2021-06-09,1.00,1.00,1.00,1.00,1.00,0.85,0.07,inferred
Sheffield,2021-06-10,1.00,1.00,1.00,1.00,1.00,0.85,0.07,inferred
Sheffield,2021-06-11,1.00,1.00,1.00,1.00,1.00,0.85,0.07,inferred
Sheffield,2021-06-12,1.00,1.00,1.00,1.00,1.00,0.85,0.07,inferred
Sheffield,2021-06-13,1.00,1.00,1.00,1.00,1.00,0.85,0.07,inferred
Sheffield,2021-06-14,1.00,1.00,1.00,1.00,1.00,0.85,0.07,inferred
Sheffield,2021-06-15,1.00,1.00,1.00,1.00,1.00,1.00,0.88,inferred
Sheffield,2021-06-16,1.00,1.00,1.00,1.00,1.00,1.00,0.88,inferred
Sheffield,2021-06-17,1.00,1.00,1.00,1.00,1.00,1.00,0.88,inferred
Sheffield,2021-06-18,1.00,1.00,1.00,1.00,1.00,1.00,0.88,inferred
Sheffield,2021-06-19,1.00,1.00,1.00,1.00,1.00,1.00,0.88,inferred
Sheffield,2021-06-20,1.00,1.00,1.00,1.00,1.00,1.00,0.88,inferred
Sheffield,2021-06-21,1.00,1.00,1.00,1.00,1.00,1.00,0.88,inferred
Sheffield,2021-06-22,1.00,1.00,1.00,1.00,1.00,0.88,0.22,inferred
Sheffield,2021-06-23,1.00,1.00,1.00,1.00,1.00,0.88,0.22,inferred
Sheffield,2021-06-24,1.00,1.00,1.00,1.00,1.00,0.88,0.22,inferred
Sheffield,2021-06-25,1.00,1.00,1.00,1.00,1.00,0.88,0.22,inferred
Sheffield,2021-06-26,1.00,1.00,1.00,1.00,1.00,0.88,0.22,inferred
Sheffield,2021-06-27,1.00,1.00,1.00,1.00,1.00,0.88,0.22,inferred
Sheffield,2021-06-28,1.00,1.00,1.00,1.00,1.00,0.88,0.22,inferred
Sheffield,2021-06-29,1.00,0.99,0.97,0.87,0.70,0.13,0.00,inferred
Sheffield,2021-06-30,1.00,0.99,0.97,0.87,0.70,0.13,0.00,inferred
Sheffield,2021-07-01,1.00,0.99,0.97,0.87,0.70,0.13,0.00,inferred
Sheffield,2021-07-02,1.00,0.99,0.97,0.87,0.70,0.13,0.00,inferred
Sheffield,2021-07-03,1.00,0.99,0.97,0.87,0.70,0.13,0.00,inferred
Sheffield,2021-07-04,1.00,0.99,0.97,0.87,0.70,0.13,0.00,inferred
Sheffield,2021-07-05,1.00,0.99,0.97,0.87,0.70,0.13,0.00,inferred
Sheffield,2021-07-06,0.97,0.91,0.83,0.72,0.60,0.28,0.05,projected
Sheffield,2021-07-07,0.97,0.91,0.83,0.72,0.60,0.28,0.05,projected
Sheffield,2021-07-08,0.97,0.91,0.83,0.72,0.60,0.28,0.05,projected
Sheffield,2021-07-09,0.97,0.91,0.83,0.72,0.60,0.28,0.05,projected
Sheffield,2021-07-10,0.97,0.91,0.83,0.72,0.60,0.28,0.05,projected
Sheffield,2021-07-11,0.97,0.91,0.83,0.72,0.60,0.28,0.05,projected
Sheffield,2021-07-12,0.97,0.91,0.83,0.72,0.60,0.28,0.05,projected
Sheffield,2021-07-13,0.94,0.88,0.80,0.71,0.61,0.33,0.11,projected
Sheffield,2021-07-14,0.94,0.88,0.80,0.71,0.61,0.33,0.11,projected
Sheffield,2021-07-15,0.94,0.88,0.80,0.71,0.61,0.33,0.11,projected
Sheffield,2021-07-16,0.94,0.88,0.80,0.71,0.61,0.33,0.11,projected
Sheffield,2021-07-17,0.94,0.88,0.80,0.71,0.61,0.33,0.11,projected
Sheffield,2021-07-18,0.94,0.88,0.80,0.71,0.61,0.33,0.11,projected
Sheffield,2021-07-19,0.94,0.88,0.80,0.71,0.61,0.33,0.11,projected
Sheffield,2021-07-20,0.93,0.86,0.80,0.71,0.62,0.39,0.14,projected
Sheffield,2021-07-21,0.93,0.86,0.80,0.71,0.62,0.39,0.14,projected
Sheffield,2021-07-22,0.93,0.86,0.80,0.71,0.62,0.39,0.14,projected
Sheffield,2021-07-23,0.93,0.86,0.80,0.71,0.62,0.39,0.14,projected
Sheffield,2021-07-24,0.93,0.86,0.80,0.71,0.62,0.39,0.14,projected
Sheffield,2021-07-25,0.93,0.86,0.80,0.71,0.62,0.39,0.14,projected
Sheffield,2021-07-26,0.93,0.86,0.80,0.71,0.62,0.39,0.14,projected
Shetland,2021-03-23,0.05,0.02,0.01,0.00,0.00,0.00,0.00,inferred
Shetland,2021-03-24,0.05,0.02,0.01,0.00,0.00,0.00,0.00,inferred
Shetland,2021-03-25,0.05,0.02,0.01,0.00,0.00,0.00,0.00,inferred
Shetland,2021-03-26,0.05,0.02,0.01,0.00,0.00,0.00,0.00,inferred
Shetland,2021-03-27,0.05,0.02,0.01,0.00,0.00,0.00,0.00,inferred
Shetland,2021-03-28,0.05,0.02,0.01,0.00,0.00,0.00,0.00,inferred
Shetland,2021-03-29,0.05,0.02,0.01,0.00,0.00,0.00,0.00,inferred
Shetland,2021-03-30,0.16,0.09,0.05,0.03,0.01,0.00,0.00,inferred
Shetland,2021-03-31,0.16,0.09,0.05,0.03,0.01,0.00,0.00,inferred
Shetland,2021-04-01,0.16,0.09,0.05,0.03,0.01,0.00,0.00,inferred
Shetland,2021-04-02,0.16,0.09,0.05,0.03,0.01,0.00,0.00,inferred
Shetland,2021-04-03,0.16,0.09,0.05,0.03,0.01,0.00,0.00,inferred
Shetland,2021-04-04,0.16,0.09,0.05,0.03,0.01,0.00,0.00,inferred
Shetland,2021-04-05,0.16,0.09,0.05,0.03,0.01,0.00,0.00,inferred
Shetland,2021-04-06,0.35,0.23,0.15,0.08,0.05,0.01,0.00,inferred
Shetland,2021-04-07,0.35,0.23,0.15,0.08,0.05,0.01,0.00,inferred
Shetland,2021-04-08,0.35,0.23,0.15,0.08,0.05,0.01,0.00,inferred
Shetland,2021-04-09,0.35,0.23,0.15,0.08,0.05,0.01,0.00,inferred
Shetland,2021-04-10,0.35,0.23,0.15,0.08,0.05,0.01,0.00,inferred
Shetland,2021-04-11,0.35,0.23,0.15,0.08,0.05,0.01,0.00,inferred
Shetland,2021-04-12,0.35,0.23,0.15,0.08,0.05,0.01,0.00,inferred
Shetland,2021-04-13,0.41,0.30,0.20,0.13,0.08,0.01,0.00,inferred
Shetland,2021-04-14,0.41,0.30,0.20,0.13,0.08,0.01,0.00,inferred
Shetland,2021-04-15,0.41,0.30,0.20,0.13,0.08,0.01,0.00,inferred
Shetland,2021-04-16,0.41,0.30,0.20,0.13,0.08,0.01,0.00,inferred
Shetland,2021-04-17,0.41,0.30,0.20,0.13,0.08,0.01,0.00,inferred
Shetland,2021-04-18,0.41,0.30,0.20,0.13,0.08,0.01,0.00,inferred
Shetland,2021-04-19,0.41,0.30,0.20,0.13,0.08,0.01,0.00,inferred
Shetland,2021-04-20,0.59,0.45,0.34,0.25,0.17,0.05,0.01,inferred
Shetland,2021-04-21,0.59,0.45,0.34,0.25,0.17,0.05,0.01,inferred
Shetland,2021-04-22,0.59,0.45,0.34,0.25,0.17,0.05,0.01,inferred
Shetland,2021-04-23,0.59,0.45,0.34,0.25,0.17,0.05,0.01,inferred
Shetland,2021-04-24,0.59,0.45,0.34,0.25,0.17,0.05,0.01,inferred
Shetland,2021-04-25,0.59,0.45,0.34,0.25,0.17,0.05,0.01,inferred
Shetland,2021-04-26,0.59,0.45,0.34,0.25,0.17,0.05,0.01,inferred
Shetland,2021-04-27,0.71,0.60,0.48,0.37,0.27,0.10,0.02,inferred
Shetland,2021-04-28,0.71,0.60,0.48,0.37,0.27,0.10,0.02,inferred
Shetland,2021-04-29,0.71,0.60,0.48,0.37,0.27,0.10,0.02,inferred
Shetland,2021-04-30,0.71,0.60,0.48,0.37,0.27,0.10,0.02,inferred
Shetland,2021-05-01,0.71,0.60,0.48,0.37,0.27,0.10,0.02,inferred
Shetland,2021-05-02,0.71,0.60,0.48,0.37,0.27,0.10,0.02,inferred
Shetland,2021-05-03,0.71,0.60,0.48,0.37,0.27,0.10,0.02,inferred
Shetland,2021-05-04,0.83,0.73,0.62,0.52,0.41,0.19,0.03,inferred
Shetland,2021-05-05,0.83,0.73,0.62,0.52,0.41,0.19,0.03,inferred
Shetland,2021-05-06,0.83,0.73,0.62,0.52,0.41,0.19,0.03,inferred
Shetland,2021-05-07,0.83,0.73,0.62,0.52,0.41,0.19,0.03,inferred
Shetland,2021-05-08,0.83,0.73,0.62,0.52,0.41,0.19,0.03,inferred
Shetland,2021-05-09,0.83,0.73,0.62,0.52,0.41,0.19,0.03,inferred
Shetland,2021-05-10,0.83,0.73,0.62,0.52,0.41,0.19,0.03,inferred
Shetland,2021-05-11,0.86,0.78,0.67,0.57,0.47,0.25,0.06,inferred
Shetland,2021-05-12,0.86,0.78,0.67,0.57,0.47,0.25,0.06,inferred
Shetland,2021-05-13,0.86,0.78,0.67,0.57,0.47,0.25,0.06,inferred
Shetland,2021-05-14,0.86,0.78,0.67,0.57,0.47,0.25,0.06,inferred
Shetland,2021-05-15,0.86,0.78,0.67,0.57,0.47,0.25,0.06,inferred
Shetland,2021-05-16,0.86,0.78,0.67,0.57,0.47,0.25,0.06,inferred
Shetland,2021-05-17,0.86,0.78,0.67,0.57,0.47,0.25,0.06,inferred
Shetland,2021-05-18,0.89,0.82,0.73,0.63,0.54,0.30,0.07,inferred
Shetland,2021-05-19,0.89,0.82,0.73,0.63,0.54,0.30,0.07,inferred
Shetland,2021-05-20,0.89,0.82,0.73,0.63,0.54,0.30,0.07,inferred
Shetland,2021-05-21,0.89,0.82,0.73,0.63,0.54,0.30,0.07,inferred
Shetland,2021-05-22,0.89,0.82,0.73,0.63,0.54,0.30,0.07,inferred
Shetland,2021-05-23,0.89,0.82,0.73,0.63,0.54,0.30,0.07,inferred
Shetland,2021-05-24,0.89,0.82,0.73,0.63,0.54,0.30,0.07,inferred
Shetland,2021-05-25,0.96,0.92,0.88,0.82,0.75,0.50,0.19,inferred
Shetland,2021-05-26,0.96,0.92,0.88,0.82,0.75,0.50,0.19,inferred
Shetland,2021-05-27,0.96,0.92,0.88,0.82,0.75,0.50,0.19,inferred
Shetland,2021-05-28,0.96,0.92,0.88,0.82,0.75,0.50,0.19,inferred
Shetland,2021-05-29,0.96,0.92,0.88,0.82,0.75,0.50,0.19,inferred
Shetland,2021-05-30,0.96,0.92,0.88,0.82,0.75,0.50,0.19,inferred
Shetland,2021-05-31,0.96,0.92,0.88,0.82,0.75,0.50,0.19,inferred
Shetland,2021-06-01,0.92,0.86,0.79,0.69,0.62,0.36,0.10,inferred
Shetland,2021-06-02,0.92,0.86,0.79,0.69,0.62,0.36,0.10,inferred
Shetland,2021-06-03,0.92,0.86,0.79,0.69,0.62,0.36,0.10,inferred
Shetland,2021-06-04,0.92,0.86,0.79,0.69,0.62,0.36,0.10,inferred
Shetland,2021-06-05,0.92,0.86,0.79,0.69,0.62,0.36,0.10,inferred
Shetland,2021-06-06,0.92,0.86,0.79,0.69,0.62,0.36,0.10,inferred
Shetland,2021-06-07,0.92,0.86,0.79,0.69,0.62,0.36,0.10,inferred
Shetland,2021-06-08,0.99,0.98,0.96,0.94,0.89,0.72,0.39,inferred
Shetland,2021-06-09,0.99,0.98,0.96,0.94,0.89,0.72,0.39,inferred
Shetland,2021-06-10,0.99,0.98,0.96,0.94,0.89,0.72,0.39,inferred
Shetland,2021-06-11,0.99,0.98,0.96,0.94,0.89,0.72,0.39,inferred
Shetland,2021-06-12,0.99,0.98,0.96,0.94,0.89,0.72,0.39,inferred
Shetland,2021-06-13,0.99,0.98,0.96,0.94,0.89,0.72,0.39,inferred
Shetland,2021-06-14,0.99,0.98,0.96,0.94,0.89,0.72,0.39,inferred
Shetland,2021-06-15,0.99,0.98,0.97,0.94,0.90,0.72,0.37,inferred
Shetland,2021-06-16,0.99,0.98,0.97,0.94,0.90,0.72,0.37,inferred
Shetland,2021-06-17,0.99,0.98,0.97,0.94,0.90,0.72,0.37,inferred
Shetland,2021-06-18,0.99,0.98,0.97,0.94,0.90,0.72,0.37,inferred
Shetland,2021-06-19,0.99,0.98,0.97,0.94,0.90,0.72,0.37,inferred
Shetland,2021-06-20,0.99,0.98,0.97,0.94,0.90,0.72,0.37,inferred
Shetland,2021-06-21,0.99,0.98,0.97,0.94,0.90,0.72,0.37,inferred
Shetland,2021-06-22,0.92,0.86,0.79,0.70,0.60,0.33,0.11,inferred
Shetland,2021-06-23,0.92,0.86,0.79,0.70,0.60,0.33,0.11,inferred
Shetland,2021-06-24,0.92,0.86,0.79,0.70,0.60,0.33,0.11,inferred
Shetland,2021-06-25,0.92,0.86,0.79,0.70,0.60,0.33,0.11,inferred
Shetland,2021-06-26,0.92,0.86,0.79,0.70,0.60,0.33,0.11,inferred
Shetland,2021-06-27,0.92,0.86,0.79,0.70,0.60,0.33,0.11,inferred
Shetland,2021-06-28,0.92,0.86,0.79,0.70,0.60,0.33,0.11,inferred
Shetland,2021-06-29,0.83,0.76,0.68,0.60,0.54,0.34,0.14,inferred
Shetland,2021-06-30,0.83,0.76,0.68,0.60,0.54,0.34,0.14,inferred
Shetland,2021-07-01,0.83,0.76,0.68,0.60,0.54,0.34,0.14,inferred
Shetland,2021-07-02,0.83,0.76,0.68,0.60,0.54,0.34,0.14,inferred
Shetland,2021-07-03,0.83,0.76,0.68,0.60,0.54,0.34,0.14,inferred
Shetland,2021-07-04,0.83,0.76,0.68,0.60,0.54,0.34,0.14,inferred
Shetland,2021-07-05,0.83,0.76,0.68,0.60,0.54,0.34,0.14,inferred
Shetland,2021-07-06,0.78,0.71,0.63,0.57,0.50,0.36,0.19,projected
Shetland,2021-07-07,0.78,0.71,0.63,0.57,0.50,0.36,0.19,projected
Shetland,2021-07-08,0.78,0.71,0.63,0.57,0.50,0.36,0.19,projected
Shetland,2021-07-09,0.78,0.71,0.63,0.57,0.50,0.36,0.19,projected
Shetland,2021-07-10,0.78,0.71,0.63,0.57,0.50,0.36,0.19,projected
Shetland,2021-07-11,0.78,0.71,0.63,0.57,0.50,0.36,0.19,projected
Shetland,2021-07-12,0.78,0.71,0.63,0.57,0.50,0.36,0.19,projected
Shetland,2021-07-13,0.77,0.70,0.63,0.57,0.51,0.38,0.22,projected
Shetland,2021-07-14,0.77,0.70,0.63,0.57,0.51,0.38,0.22,projected
Shetland,2021-07-15,0.77,0.70,0.63,0.57,0.51,0.38,0.22,projected
Shetland,2021-07-16,0.77,0.70,0.63,0.57,0.51,0.38,0.22,projected
Shetland,2021-07-17,0.77,0.70,0.63,0.57,0.51,0.38,0.22,projected
Shetland,2021-07-18,0.77,0.70,0.63,0.57,0.51,0.38,0.22,projected
Shetland,2021-07-19,0.77,0.70,0.63,0.57,0.51,0.38,0.22,projected
Shetland,2021-07-20,0.78,0.72,0.64,0.58,0.52,0.39,0.24,projected
Shetland,2021-07-21,0.78,0.72,0.64,0.58,0.52,0.39,0.24,projected
Shetland,2021-07-22,0.78,0.72,0.64,0.58,0.52,0.39,0.24,projected
Shetland,2021-07-23,0.78,0.72,0.64,0.58,0.52,0.39,0.24,projected
Shetland,2021-07-24,0.78,0.72,0.64,0.58,0.52,0.39,0.24,projected
Shetland,2021-07-25,0.78,0.72,0.64,0.58,0.52,0.39,0.24,projected
Shetland,2021-07-26,0.78,0.72,0.64,0.58,0.52,0.39,0.24,projected
Shetland Islands,2021-03-23,0.05,0.02,0.01,0.00,0.00,0.00,0.00,inferred
Shetland Islands,2021-03-24,0.05,0.02,0.01,0.00,0.00,0.00,0.00,inferred
Shetland Islands,2021-03-25,0.05,0.02,0.01,0.00,0.00,0.00,0.00,inferred
Shetland Islands,2021-03-26,0.05,0.02,0.01,0.00,0.00,0.00,0.00,inferred
Shetland Islands,2021-03-27,0.05,0.02,0.01,0.00,0.00,0.00,0.00,inferred
Shetland Islands,2021-03-28,0.05,0.02,0.01,0.00,0.00,0.00,0.00,inferred
Shetland Islands,2021-03-29,0.05,0.02,0.01,0.00,0.00,0.00,0.00,inferred
Shetland Islands,2021-03-30,0.16,0.09,0.05,0.03,0.01,0.00,0.00,inferred
Shetland Islands,2021-03-31,0.16,0.09,0.05,0.03,0.01,0.00,0.00,inferred
Shetland Islands,2021-04-01,0.16,0.09,0.05,0.03,0.01,0.00,0.00,inferred
Shetland Islands,2021-04-02,0.16,0.09,0.05,0.03,0.01,0.00,0.00,inferred
Shetland Islands,2021-04-03,0.16,0.09,0.05,0.03,0.01,0.00,0.00,inferred
Shetland Islands,2021-04-04,0.16,0.09,0.05,0.03,0.01,0.00,0.00,inferred
Shetland Islands,2021-04-05,0.16,0.09,0.05,0.03,0.01,0.00,0.00,inferred
Shetland Islands,2021-04-06,0.35,0.23,0.15,0.08,0.05,0.01,0.00,inferred
Shetland Islands,2021-04-07,0.35,0.23,0.15,0.08,0.05,0.01,0.00,inferred
Shetland Islands,2021-04-08,0.35,0.23,0.15,0.08,0.05,0.01,0.00,inferred
Shetland Islands,2021-04-09,0.35,0.23,0.15,0.08,0.05,0.01,0.00,inferred
Shetland Islands,2021-04-10,0.35,0.23,0.15,0.08,0.05,0.01,0.00,inferred
Shetland Islands,2021-04-11,0.35,0.23,0.15,0.08,0.05,0.01,0.00,inferred
Shetland Islands,2021-04-12,0.35,0.23,0.15,0.08,0.05,0.01,0.00,inferred
Shetland Islands,2021-04-13,0.41,0.30,0.20,0.13,0.08,0.01,0.00,inferred
Shetland Islands,2021-04-14,0.41,0.30,0.20,0.13,0.08,0.01,0.00,inferred
Shetland Islands,2021-04-15,0.41,0.30,0.20,0.13,0.08,0.01,0.00,inferred
Shetland Islands,2021-04-16,0.41,0.30,0.20,0.13,0.08,0.01,0.00,inferred
Shetland Islands,2021-04-17,0.41,0.30,0.20,0.13,0.08,0.01,0.00,inferred
Shetland Islands,2021-04-18,0.41,0.30,0.20,0.13,0.08,0.01,0.00,inferred
Shetland Islands,2021-04-19,0.41,0.30,0.20,0.13,0.08,0.01,0.00,inferred
Shetland Islands,2021-04-20,0.59,0.45,0.34,0.25,0.17,0.05,0.01,inferred
Shetland Islands,2021-04-21,0.59,0.45,0.34,0.25,0.17,0.05,0.01,inferred
Shetland Islands,2021-04-22,0.59,0.45,0.34,0.25,0.17,0.05,0.01,inferred
Shetland Islands,2021-04-23,0.59,0.45,0.34,0.25,0.17,0.05,0.01,inferred
Shetland Islands,2021-04-24,0.59,0.45,0.34,0.25,0.17,0.05,0.01,inferred
Shetland Islands,2021-04-25,0.59,0.45,0.34,0.25,0.17,0.05,0.01,inferred
Shetland Islands,2021-04-26,0.59,0.45,0.34,0.25,0.17,0.05,0.01,inferred
Shetland Islands,2021-04-27,0.71,0.60,0.48,0.37,0.27,0.10,0.02,inferred
Shetland Islands,2021-04-28,0.71,0.60,0.48,0.37,0.27,0.10,0.02,inferred
Shetland Islands,2021-04-29,0.71,0.60,0.48,0.37,0.27,0.10,0.02,inferred
Shetland Islands,2021-04-30,0.71,0.60,0.48,0.37,0.27,0.10,0.02,inferred
Shetland Islands,2021-05-01,0.71,0.60,0.48,0.37,0.27,0.10,0.02,inferred
Shetland Islands,2021-05-02,0.71,0.60,0.48,0.37,0.27,0.10,0.02,inferred
Shetland Islands,2021-05-03,0.71,0.60,0.48,0.37,0.27,0.10,0.02,inferred
Shetland Islands,2021-05-04,0.83,0.73,0.62,0.52,0.41,0.19,0.03,inferred
Shetland Islands,2021-05-05,0.83,0.73,0.62,0.52,0.41,0.19,0.03,inferred
Shetland Islands,2021-05-06,0.83,0.73,0.62,0.52,0.41,0.19,0.03,inferred
Shetland Islands,2021-05-07,0.83,0.73,0.62,0.52,0.41,0.19,0.03,inferred
Shetland Islands,2021-05-08,0.83,0.73,0.62,0.52,0.41,0.19,0.03,inferred
Shetland Islands,2021-05-09,0.83,0.73,0.62,0.52,0.41,0.19,0.03,inferred
Shetland Islands,2021-05-10,0.83,0.73,0.62,0.52,0.41,0.19,0.03,inferred
Shetland Islands,2021-05-11,0.86,0.78,0.67,0.57,0.47,0.25,0.06,inferred
Shetland Islands,2021-05-12,0.86,0.78,0.67,0.57,0.47,0.25,0.06,inferred
Shetland Islands,2021-05-13,0.86,0.78,0.67,0.57,0.47,0.25,0.06,inferred
Shetland Islands,2021-05-14,0.86,0.78,0.67,0.57,0.47,0.25,0.06,inferred
Shetland Islands,2021-05-15,0.86,0.78,0.67,0.57,0.47,0.25,0.06,inferred
Shetland Islands,2021-05-16,0.86,0.78,0.67,0.57,0.47,0.25,0.06,inferred
Shetland Islands,2021-05-17,0.86,0.78,0.67,0.57,0.47,0.25,0.06,inferred
Shetland Islands,2021-05-18,0.89,0.82,0.73,0.63,0.54,0.30,0.07,inferred
Shetland Islands,2021-05-19,0.89,0.82,0.73,0.63,0.54,0.30,0.07,inferred
Shetland Islands,2021-05-20,0.89,0.82,0.73,0.63,0.54,0.30,0.07,inferred
Shetland Islands,2021-05-21,0.89,0.82,0.73,0.63,0.54,0.30,0.07,inferred
Shetland Islands,2021-05-22,0.89,0.82,0.73,0.63,0.54,0.30,0.07,inferred
Shetland Islands,2021-05-23,0.89,0.82,0.73,0.63,0.54,0.30,0.07,inferred
Shetland Islands,2021-05-24,0.89,0.82,0.73,0.63,0.54,0.30,0.07,inferred
Shetland Islands,2021-05-25,0.96,0.92,0.88,0.82,0.75,0.50,0.19,inferred
Shetland Islands,2021-05-26,0.96,0.92,0.88,0.82,0.75,0.50,0.19,inferred
Shetland Islands,2021-05-27,0.96,0.92,0.88,0.82,0.75,0.50,0.19,inferred
Shetland Islands,2021-05-28,0.96,0.92,0.88,0.82,0.75,0.50,0.19,inferred
Shetland Islands,2021-05-29,0.96,0.92,0.88,0.82,0.75,0.50,0.19,inferred
Shetland Islands,2021-05-30,0.96,0.92,0.88,0.82,0.75,0.50,0.19,inferred
Shetland Islands,2021-05-31,0.96,0.92,0.88,0.82,0.75,0.50,0.19,inferred
Shetland Islands,2021-06-01,0.92,0.86,0.79,0.69,0.62,0.36,0.10,inferred
Shetland Islands,2021-06-02,0.92,0.86,0.79,0.69,0.62,0.36,0.10,inferred
Shetland Islands,2021-06-03,0.92,0.86,0.79,0.69,0.62,0.36,0.10,inferred
Shetland Islands,2021-06-04,0.92,0.86,0.79,0.69,0.62,0.36,0.10,inferred
Shetland Islands,2021-06-05,0.92,0.86,0.79,0.69,0.62,0.36,0.10,inferred
Shetland Islands,2021-06-06,0.92,0.86,0.79,0.69,0.62,0.36,0.10,inferred
Shetland Islands,2021-06-07,0.92,0.86,0.79,0.69,0.62,0.36,0.10,inferred
Shetland Islands,2021-06-08,0.99,0.98,0.96,0.94,0.89,0.72,0.39,inferred
Shetland Islands,2021-06-09,0.99,0.98,0.96,0.94,0.89,0.72,0.39,inferred
Shetland Islands,2021-06-10,0.99,0.98,0.96,0.94,0.89,0.72,0.39,inferred
Shetland Islands,2021-06-11,0.99,0.98,0.96,0.94,0.89,0.72,0.39,inferred
Shetland Islands,2021-06-12,0.99,0.98,0.96,0.94,0.89,0.72,0.39,inferred
Shetland Islands,2021-06-13,0.99,0.98,0.96,0.94,0.89,0.72,0.39,inferred
Shetland Islands,2021-06-14,0.99,0.98,0.96,0.94,0.89,0.72,0.39,inferred
Shetland Islands,2021-06-15,0.99,0.98,0.97,0.94,0.90,0.72,0.37,inferred
Shetland Islands,2021-06-16,0.99,0.98,0.97,0.94,0.90,0.72,0.37,inferred
Shetland Islands,2021-06-17,0.99,0.98,0.97,0.94,0.90,0.72,0.37,inferred
Shetland Islands,2021-06-18,0.99,0.98,0.97,0.94,0.90,0.72,0.37,inferred
Shetland Islands,2021-06-19,0.99,0.98,0.97,0.94,0.90,0.72,0.37,inferred
Shetland Islands,2021-06-20,0.99,0.98,0.97,0.94,0.90,0.72,0.37,inferred
Shetland Islands,2021-06-21,0.99,0.98,0.97,0.94,0.90,0.72,0.37,inferred
Shetland Islands,2021-06-22,0.92,0.86,0.79,0.70,0.60,0.33,0.11,inferred
Shetland Islands,2021-06-23,0.92,0.86,0.79,0.70,0.60,0.33,0.11,inferred
Shetland Islands,2021-06-24,0.92,0.86,0.79,0.70,0.60,0.33,0.11,inferred
Shetland Islands,2021-06-25,0.92,0.86,0.79,0.70,0.60,0.33,0.11,inferred
Shetland Islands,2021-06-26,0.92,0.86,0.79,0.70,0.60,0.33,0.11,inferred
Shetland Islands,2021-06-27,0.92,0.86,0.79,0.70,0.60,0.33,0.11,inferred
Shetland Islands,2021-06-28,0.92,0.86,0.79,0.70,0.60,0.33,0.11,inferred
Shetland Islands,2021-06-29,0.83,0.76,0.68,0.60,0.54,0.34,0.14,inferred
Shetland Islands,2021-06-30,0.83,0.76,0.68,0.60,0.54,0.34,0.14,inferred
Shetland Islands,2021-07-01,0.83,0.76,0.68,0.60,0.54,0.34,0.14,inferred
Shetland Islands,2021-07-02,0.83,0.76,0.68,0.60,0.54,0.34,0.14,inferred
Shetland Islands,2021-07-03,0.83,0.76,0.68,0.60,0.54,0.34,0.14,inferred
Shetland Islands,2021-07-04,0.83,0.76,0.68,0.60,0.54,0.34,0.14,inferred
Shetland Islands,2021-07-05,0.83,0.76,0.68,0.60,0.54,0.34,0.14,inferred
Shetland Islands,2021-07-06,0.78,0.71,0.63,0.57,0.50,0.36,0.19,projected
Shetland Islands,2021-07-07,0.78,0.71,0.63,0.57,0.50,0.36,0.19,projected
Shetland Islands,2021-07-08,0.78,0.71,0.63,0.57,0.50,0.36,0.19,projected
Shetland Islands,2021-07-09,0.78,0.71,0.63,0.57,0.50,0.36,0.19,projected
Shetland Islands,2021-07-10,0.78,0.71,0.63,0.57,0.50,0.36,0.19,projected
Shetland Islands,2021-07-11,0.78,0.71,0.63,0.57,0.50,0.36,0.19,projected
Shetland Islands,2021-07-12,0.78,0.71,0.63,0.57,0.50,0.36,0.19,projected
Shetland Islands,2021-07-13,0.77,0.70,0.63,0.57,0.51,0.38,0.22,projected
Shetland Islands,2021-07-14,0.77,0.70,0.63,0.57,0.51,0.38,0.22,projected
Shetland Islands,2021-07-15,0.77,0.70,0.63,0.57,0.51,0.38,0.22,projected
Shetland Islands,2021-07-16,0.77,0.70,0.63,0.57,0.51,0.38,0.22,projected
Shetland Islands,2021-07-17,0.77,0.70,0.63,0.57,0.51,0.38,0.22,projected
Shetland Islands,2021-07-18,0.77,0.70,0.63,0.57,0.51,0.38,0.22,projected
Shetland Islands,2021-07-19,0.77,0.70,0.63,0.57,0.51,0.38,0.22,projected
Shetland Islands,2021-07-20,0.78,0.72,0.64,0.58,0.52,0.39,0.24,projected
Shetland Islands,2021-07-21,0.78,0.72,0.64,0.58,0.52,0.39,0.24,projected
Shetland Islands,2021-07-22,0.78,0.72,0.64,0.58,0.52,0.39,0.24,projected
Shetland Islands,2021-07-23,0.78,0.72,0.64,0.58,0.52,0.39,0.24,projected
Shetland Islands,2021-07-24,0.78,0.72,0.64,0.58,0.52,0.39,0.24,projected
Shetland Islands,2021-07-25,0.78,0.72,0.64,0.58,0.52,0.39,0.24,projected
Shetland Islands,2021-07-26,0.78,0.72,0.64,0.58,0.52,0.39,0.24,projected
Shropshire,2021-03-23,0.02,0.00,0.00,0.00,0.00,0.00,0.00,inferred
Shropshire,2021-03-24,0.02,0.00,0.00,0.00,0.00,0.00,0.00,inferred
Shropshire,2021-03-25,0.02,0.00,0.00,0.00,0.00,0.00,0.00,inferred
Shropshire,2021-03-26,0.02,0.00,0.00,0.00,0.00,0.00,0.00,inferred
Shropshire,2021-03-27,0.02,0.00,0.00,0.00,0.00,0.00,0.00,inferred
Shropshire,2021-03-28,0.02,0.00,0.00,0.00,0.00,0.00,0.00,inferred
Shropshire,2021-03-29,0.02,0.00,0.00,0.00,0.00,0.00,0.00,inferred
Shropshire,2021-03-30,0.24,0.09,0.03,0.00,0.00,0.00,0.00,inferred
Shropshire,2021-03-31,0.24,0.09,0.03,0.00,0.00,0.00,0.00,inferred
Shropshire,2021-04-01,0.24,0.09,0.03,0.00,0.00,0.00,0.00,inferred
Shropshire,2021-04-02,0.24,0.09,0.03,0.00,0.00,0.00,0.00,inferred
Shropshire,2021-04-03,0.24,0.09,0.03,0.00,0.00,0.00,0.00,inferred
Shropshire,2021-04-04,0.24,0.09,0.03,0.00,0.00,0.00,0.00,inferred
Shropshire,2021-04-05,0.24,0.09,0.03,0.00,0.00,0.00,0.00,inferred
Shropshire,2021-04-06,0.98,0.91,0.77,0.58,0.40,0.06,0.00,inferred
Shropshire,2021-04-07,0.98,0.91,0.77,0.58,0.40,0.06,0.00,inferred
Shropshire,2021-04-08,0.98,0.91,0.77,0.58,0.40,0.06,0.00,inferred
Shropshire,2021-04-09,0.98,0.91,0.77,0.58,0.40,0.06,0.00,inferred
Shropshire,2021-04-10,0.98,0.91,0.77,0.58,0.40,0.06,0.00,inferred
Shropshire,2021-04-11,0.98,0.91,0.77,0.58,0.40,0.06,0.00,inferred
Shropshire,2021-04-12,0.98,0.91,0.77,0.58,0.40,0.06,0.00,inferred
Shropshire,2021-04-13,0.99,0.96,0.88,0.74,0.56,0.10,0.00,inferred
Shropshire,2021-04-14,0.99,0.96,0.88,0.74,0.56,0.10,0.00,inferred
Shropshire,2021-04-15,0.99,0.96,0.88,0.74,0.56,0.10,0.00,inferred
Shropshire,2021-04-16,0.99,0.96,0.88,0.74,0.56,0.10,0.00,inferred
Shropshire,2021-04-17,0.99,0.96,0.88,0.74,0.56,0.10,0.00,inferred
Shropshire,2021-04-18,0.99,0.96,0.88,0.74,0.56,0.10,0.00,inferred
Shropshire,2021-04-19,0.99,0.96,0.88,0.74,0.56,0.10,0.00,inferred
Shropshire,2021-04-20,0.94,0.84,0.64,0.40,0.21,0.01,0.00,inferred
Shropshire,2021-04-21,0.94,0.84,0.64,0.40,0.21,0.01,0.00,inferred
Shropshire,2021-04-22,0.94,0.84,0.64,0.40,0.21,0.01,0.00,inferred
Shropshire,2021-04-23,0.94,0.84,0.64,0.40,0.21,0.01,0.00,inferred
Shropshire,2021-04-24,0.94,0.84,0.64,0.40,0.21,0.01,0.00,inferred
Shropshire,2021-04-25,0.94,0.84,0.64,0.40,0.21,0.01,0.00,inferred
Shropshire,2021-04-26,0.94,0.84,0.64,0.40,0.21,0.01,0.00,inferred
Shropshire,2021-04-27,0.32,0.12,0.04,0.01,0.00,0.00,0.00,inferred
Shropshire,2021-04-28,0.32,0.12,0.04,0.01,0.00,0.00,0.00,inferred
Shropshire,2021-04-29,0.32,0.12,0.04,0.01,0.00,0.00,0.00,inferred
Shropshire,2021-04-30,0.32,0.12,0.04,0.01,0.00,0.00,0.00,inferred
Shropshire,2021-05-01,0.32,0.12,0.04,0.01,0.00,0.00,0.00,inferred
Shropshire,2021-05-02,0.32,0.12,0.04,0.01,0.00,0.00,0.00,inferred
Shropshire,2021-05-03,0.32,0.12,0.04,0.01,0.00,0.00,0.00,inferred
Shropshire,2021-05-04,0.09,0.03,0.01,0.00,0.00,0.00,0.00,inferred
Shropshire,2021-05-05,0.09,0.03,0.01,0.00,0.00,0.00,0.00,inferred
Shropshire,2021-05-06,0.09,0.03,0.01,0.00,0.00,0.00,0.00,inferred
Shropshire,2021-05-07,0.09,0.03,0.01,0.00,0.00,0.00,0.00,inferred
Shropshire,2021-05-08,0.09,0.03,0.01,0.00,0.00,0.00,0.00,inferred
Shropshire,2021-05-09,0.09,0.03,0.01,0.00,0.00,0.00,0.00,inferred
Shropshire,2021-05-10,0.09,0.03,0.01,0.00,0.00,0.00,0.00,inferred
Shropshire,2021-05-11,0.46,0.27,0.12,0.06,0.02,0.00,0.00,inferred
Shropshire,2021-05-12,0.46,0.27,0.12,0.06,0.02,0.00,0.00,inferred
Shropshire,2021-05-13,0.46,0.27,0.12,0.06,0.02,0.00,0.00,inferred
Shropshire,2021-05-14,0.46,0.27,0.12,0.06,0.02,0.00,0.00,inferred
Shropshire,2021-05-15,0.46,0.27,0.12,0.06,0.02,0.00,0.00,inferred
Shropshire,2021-05-16,0.46,0.27,0.12,0.06,0.02,0.00,0.00,inferred
Shropshire,2021-05-17,0.46,0.27,0.12,0.06,0.02,0.00,0.00,inferred
Shropshire,2021-05-18,0.97,0.90,0.80,0.66,0.49,0.12,0.00,inferred
Shropshire,2021-05-19,0.97,0.90,0.80,0.66,0.49,0.12,0.00,inferred
Shropshire,2021-05-20,0.97,0.90,0.80,0.66,0.49,0.12,0.00,inferred
Shropshire,2021-05-21,0.97,0.90,0.80,0.66,0.49,0.12,0.00,inferred
Shropshire,2021-05-22,0.97,0.90,0.80,0.66,0.49,0.12,0.00,inferred
Shropshire,2021-05-23,0.97,0.90,0.80,0.66,0.49,0.12,0.00,inferred
Shropshire,2021-05-24,0.97,0.90,0.80,0.66,0.49,0.12,0.00,inferred
Shropshire,2021-05-25,1.00,1.00,1.00,1.00,0.98,0.82,0.22,inferred
Shropshire,2021-05-26,1.00,1.00,1.00,1.00,0.98,0.82,0.22,inferred
Shropshire,2021-05-27,1.00,1.00,1.00,1.00,0.98,0.82,0.22,inferred
Shropshire,2021-05-28,1.00,1.00,1.00,1.00,0.98,0.82,0.22,inferred
Shropshire,2021-05-29,1.00,1.00,1.00,1.00,0.98,0.82,0.22,inferred
Shropshire,2021-05-30,1.00,1.00,1.00,1.00,0.98,0.82,0.22,inferred
Shropshire,2021-05-31,1.00,1.00,1.00,1.00,0.98,0.82,0.22,inferred
Shropshire,2021-06-01,1.00,1.00,1.00,1.00,1.00,0.87,0.28,inferred
Shropshire,2021-06-02,1.00,1.00,1.00,1.00,1.00,0.87,0.28,inferred
Shropshire,2021-06-03,1.00,1.00,1.00,1.00,1.00,0.87,0.28,inferred
Shropshire,2021-06-04,1.00,1.00,1.00,1.00,1.00,0.87,0.28,inferred
Shropshire,2021-06-05,1.00,1.00,1.00,1.00,1.00,0.87,0.28,inferred
Shropshire,2021-06-06,1.00,1.00,1.00,1.00,1.00,0.87,0.28,inferred
Shropshire,2021-06-07,1.00,1.00,1.00,1.00,1.00,0.87,0.28,inferred
Shropshire,2021-06-08,1.00,1.00,1.00,1.00,1.00,0.93,0.27,inferred
Shropshire,2021-06-09,1.00,1.00,1.00,1.00,1.00,0.93,0.27,inferred
Shropshire,2021-06-10,1.00,1.00,1.00,1.00,1.00,0.93,0.27,inferred
Shropshire,2021-06-11,1.00,1.00,1.00,1.00,1.00,0.93,0.27,inferred
Shropshire,2021-06-12,1.00,1.00,1.00,1.00,1.00,0.93,0.27,inferred
Shropshire,2021-06-13,1.00,1.00,1.00,1.00,1.00,0.93,0.27,inferred
Shropshire,2021-06-14,1.00,1.00,1.00,1.00,1.00,0.93,0.27,inferred
Shropshire,2021-06-15,1.00,1.00,1.00,1.00,1.00,1.00,0.85,inferred
Shropshire,2021-06-16,1.00,1.00,1.00,1.00,1.00,1.00,0.85,inferred
Shropshire,2021-06-17,1.00,1.00,1.00,1.00,1.00,1.00,0.85,inferred
Shropshire,2021-06-18,1.00,1.00,1.00,1.00,1.00,1.00,0.85,inferred
Shropshire,2021-06-19,1.00,1.00,1.00,1.00,1.00,1.00,0.85,inferred
Shropshire,2021-06-20,1.00,1.00,1.00,1.00,1.00,1.00,0.85,inferred
Shropshire,2021-06-21,1.00,1.00,1.00,1.00,1.00,1.00,0.85,inferred
Shropshire,2021-06-22,1.00,1.00,1.00,1.00,0.97,0.62,0.04,inferred
Shropshire,2021-06-23,1.00,1.00,1.00,1.00,0.97,0.62,0.04,inferred
Shropshire,2021-06-24,1.00,1.00,1.00,1.00,0.97,0.62,0.04,inferred
Shropshire,2021-06-25,1.00,1.00,1.00,1.00,0.97,0.62,0.04,inferred
Shropshire,2021-06-26,1.00,1.00,1.00,1.00,0.97,0.62,0.04,inferred
Shropshire,2021-06-27,1.00,1.00,1.00,1.00,0.97,0.62,0.04,inferred
Shropshire,2021-06-28,1.00,1.00,1.00,1.00,0.97,0.62,0.04,inferred
Shropshire,2021-06-29,0.98,0.92,0.79,0.58,0.38,0.05,0.00,inferred
Shropshire,2021-06-30,0.98,0.92,0.79,0.58,0.38,0.05,0.00,inferred
Shropshire,2021-07-01,0.98,0.92,0.79,0.58,0.38,0.05,0.00,inferred
Shropshire,2021-07-02,0.98,0.92,0.79,0.58,0.38,0.05,0.00,inferred
Shropshire,2021-07-03,0.98,0.92,0.79,0.58,0.38,0.05,0.00,inferred
Shropshire,2021-07-04,0.98,0.92,0.79,0.58,0.38,0.05,0.00,inferred
Shropshire,2021-07-05,0.98,0.92,0.79,0.58,0.38,0.05,0.00,inferred
Shropshire,2021-07-06,0.92,0.84,0.73,0.58,0.46,0.18,0.02,projected
Shropshire,2021-07-07,0.92,0.84,0.73,0.58,0.46,0.18,0.02,projected
Shropshire,2021-07-08,0.92,0.84,0.73,0.58,0.46,0.18,0.02,projected
Shropshire,2021-07-09,0.92,0.84,0.73,0.58,0.46,0.18,0.02,projected
Shropshire,2021-07-10,0.92,0.84,0.73,0.58,0.46,0.18,0.02,projected
Shropshire,2021-07-11,0.92,0.84,0.73,0.58,0.46,0.18,0.02,projected
Shropshire,2021-07-12,0.92,0.84,0.73,0.58,0.46,0.18,0.02,projected
Shropshire,2021-07-13,0.90,0.83,0.73,0.61,0.51,0.25,0.06,projected
Shropshire,2021-07-14,0.90,0.83,0.73,0.61,0.51,0.25,0.06,projected
Shropshire,2021-07-15,0.90,0.83,0.73,0.61,0.51,0.25,0.06,projected
Shropshire,2021-07-16,0.90,0.83,0.73,0.61,0.51,0.25,0.06,projected
Shropshire,2021-07-17,0.90,0.83,0.73,0.61,0.51,0.25,0.06,projected
Shropshire,2021-07-18,0.90,0.83,0.73,0.61,0.51,0.25,0.06,projected
Shropshire,2021-07-19,0.90,0.83,0.73,0.61,0.51,0.25,0.06,projected
Shropshire,2021-07-20,0.92,0.85,0.76,0.65,0.55,0.29,0.10,projected
Shropshire,2021-07-21,0.92,0.85,0.76,0.65,0.55,0.29,0.10,projected
Shropshire,2021-07-22,0.92,0.85,0.76,0.65,0.55,0.29,0.10,projected
Shropshire,2021-07-23,0.92,0.85,0.76,0.65,0.55,0.29,0.10,projected
Shropshire,2021-07-24,0.92,0.85,0.76,0.65,0.55,0.29,0.10,projected
Shropshire,2021-07-25,0.92,0.85,0.76,0.65,0.55,0.29,0.10,projected
Shropshire,2021-07-26,0.92,0.85,0.76,0.65,0.55,0.29,0.10,projected
Slough,2021-03-23,0.62,0.21,0.03,0.00,0.00,0.00,0.00,inferred
Slough,2021-03-24,0.62,0.21,0.03,0.00,0.00,0.00,0.00,inferred
Slough,2021-03-25,0.62,0.21,0.03,0.00,0.00,0.00,0.00,inferred
Slough,2021-03-26,0.62,0.21,0.03,0.00,0.00,0.00,0.00,inferred
Slough,2021-03-27,0.62,0.21,0.03,0.00,0.00,0.00,0.00,inferred
Slough,2021-03-28,0.62,0.21,0.03,0.00,0.00,0.00,0.00,inferred
Slough,2021-03-29,0.62,0.21,0.03,0.00,0.00,0.00,0.00,inferred
Slough,2021-03-30,0.94,0.75,0.43,0.15,0.03,0.00,0.00,inferred
Slough,2021-03-31,0.94,0.75,0.43,0.15,0.03,0.00,0.00,inferred
Slough,2021-04-01,0.94,0.75,0.43,0.15,0.03,0.00,0.00,inferred
Slough,2021-04-02,0.94,0.75,0.43,0.15,0.03,0.00,0.00,inferred
Slough,2021-04-03,0.94,0.75,0.43,0.15,0.03,0.00,0.00,inferred
Slough,2021-04-04,0.94,0.75,0.43,0.15,0.03,0.00,0.00,inferred
Slough,2021-04-05,0.94,0.75,0.43,0.15,0.03,0.00,0.00,inferred
Slough,2021-04-06,0.69,0.33,0.10,0.02,0.00,0.00,0.00,inferred
Slough,2021-04-07,0.69,0.33,0.10,0.02,0.00,0.00,0.00,inferred
Slough,2021-04-08,0.69,0.33,0.10,0.02,0.00,0.00,0.00,inferred
Slough,2021-04-09,0.69,0.33,0.10,0.02,0.00,0.00,0.00,inferred
Slough,2021-04-10,0.69,0.33,0.10,0.02,0.00,0.00,0.00,inferred
Slough,2021-04-11,0.69,0.33,0.10,0.02,0.00,0.00,0.00,inferred
Slough,2021-04-12,0.69,0.33,0.10,0.02,0.00,0.00,0.00,inferred
Slough,2021-04-13,0.71,0.36,0.11,0.02,0.00,0.00,0.00,inferred
Slough,2021-04-14,0.71,0.36,0.11,0.02,0.00,0.00,0.00,inferred
Slough,2021-04-15,0.71,0.36,0.11,0.02,0.00,0.00,0.00,inferred
Slough,2021-04-16,0.71,0.36,0.11,0.02,0.00,0.00,0.00,inferred
Slough,2021-04-17,0.71,0.36,0.11,0.02,0.00,0.00,0.00,inferred
Slough,2021-04-18,0.71,0.36,0.11,0.02,0.00,0.00,0.00,inferred
Slough,2021-04-19,0.71,0.36,0.11,0.02,0.00,0.00,0.00,inferred
Slough,2021-04-20,0.15,0.03,0.01,0.00,0.00,0.00,0.00,inferred
Slough,2021-04-21,0.15,0.03,0.01,0.00,0.00,0.00,0.00,inferred
Slough,2021-04-22,0.15,0.03,0.01,0.00,0.00,0.00,0.00,inferred
Slough,2021-04-23,0.15,0.03,0.01,0.00,0.00,0.00,0.00,inferred
Slough,2021-04-24,0.15,0.03,0.01,0.00,0.00,0.00,0.00,inferred
Slough,2021-04-25,0.15,0.03,0.01,0.00,0.00,0.00,0.00,inferred
Slough,2021-04-26,0.15,0.03,0.01,0.00,0.00,0.00,0.00,inferred
Slough,2021-04-27,0.29,0.09,0.02,0.00,0.00,0.00,0.00,inferred
Slough,2021-04-28,0.29,0.09,0.02,0.00,0.00,0.00,0.00,inferred
Slough,2021-04-29,0.29,0.09,0.02,0.00,0.00,0.00,0.00,inferred
Slough,2021-04-30,0.29,0.09,0.02,0.00,0.00,0.00,0.00,inferred
Slough,2021-05-01,0.29,0.09,0.02,0.00,0.00,0.00,0.00,inferred
Slough,2021-05-02,0.29,0.09,0.02,0.00,0.00,0.00,0.00,inferred
Slough,2021-05-03,0.29,0.09,0.02,0.00,0.00,0.00,0.00,inferred
Slough,2021-05-04,0.72,0.45,0.23,0.08,0.03,0.00,0.00,inferred
Slough,2021-05-05,0.72,0.45,0.23,0.08,0.03,0.00,0.00,inferred
Slough,2021-05-06,0.72,0.45,0.23,0.08,0.03,0.00,0.00,inferred
Slough,2021-05-07,0.72,0.45,0.23,0.08,0.03,0.00,0.00,inferred
Slough,2021-05-08,0.72,0.45,0.23,0.08,0.03,0.00,0.00,inferred
Slough,2021-05-09,0.72,0.45,0.23,0.08,0.03,0.00,0.00,inferred
Slough,2021-05-10,0.72,0.45,0.23,0.08,0.03,0.00,0.00,inferred
Slough,2021-05-11,1.00,1.00,0.97,0.92,0.79,0.21,0.00,inferred
Slough,2021-05-12,1.00,1.00,0.97,0.92,0.79,0.21,0.00,inferred
Slough,2021-05-13,1.00,1.00,0.97,0.92,0.79,0.21,0.00,inferred
Slough,2021-05-14,1.00,1.00,0.97,0.92,0.79,0.21,0.00,inferred
Slough,2021-05-15,1.00,1.00,0.97,0.92,0.79,0.21,0.00,inferred
Slough,2021-05-16,1.00,1.00,0.97,0.92,0.79,0.21,0.00,inferred
Slough,2021-05-17,1.00,1.00,0.97,0.92,0.79,0.21,0.00,inferred
Slough,2021-05-18,1.00,1.00,1.00,1.00,0.99,0.77,0.09,inferred
Slough,2021-05-19,1.00,1.00,1.00,1.00,0.99,0.77,0.09,inferred
Slough,2021-05-20,1.00,1.00,1.00,1.00,0.99,0.77,0.09,inferred
Slough,2021-05-21,1.00,1.00,1.00,1.00,0.99,0.77,0.09,inferred
Slough,2021-05-22,1.00,1.00,1.00,1.00,0.99,0.77,0.09,inferred
Slough,2021-05-23,1.00,1.00,1.00,1.00,0.99,0.77,0.09,inferred
Slough,2021-05-24,1.00,1.00,1.00,1.00,0.99,0.77,0.09,inferred
Slough,2021-05-25,1.00,1.00,0.98,0.91,0.73,0.16,0.00,inferred
Slough,2021-05-26,1.00,1.00,0.98,0.91,0.73,0.16,0.00,inferred
Slough,2021-05-27,1.00,1.00,0.98,0.91,0.73,0.16,0.00,inferred
Slough,2021-05-28,1.00,1.00,0.98,0.91,0.73,0.16,0.00,inferred
Slough,2021-05-29,1.00,1.00,0.98,0.91,0.73,0.16,0.00,inferred
Slough,2021-05-30,1.00,1.00,0.98,0.91,0.73,0.16,0.00,inferred
Slough,2021-05-31,1.00,1.00,0.98,0.91,0.73,0.16,0.00,inferred
Slough,2021-06-01,0.91,0.66,0.31,0.11,0.03,0.00,0.00,inferred
Slough,2021-06-02,0.91,0.66,0.31,0.11,0.03,0.00,0.00,inferred
Slough,2021-06-03,0.91,0.66,0.31,0.11,0.03,0.00,0.00,inferred
Slough,2021-06-04,0.91,0.66,0.31,0.11,0.03,0.00,0.00,inferred
Slough,2021-06-05,0.91,0.66,0.31,0.11,0.03,0.00,0.00,inferred
Slough,2021-06-06,0.91,0.66,0.31,0.11,0.03,0.00,0.00,inferred
Slough,2021-06-07,0.91,0.66,0.31,0.11,0.03,0.00,0.00,inferred
Slough,2021-06-08,0.90,0.62,0.31,0.09,0.01,0.00,0.00,inferred
Slough,2021-06-09,0.90,0.62,0.31,0.09,0.01,0.00,0.00,inferred
Slough,2021-06-10,0.90,0.62,0.31,0.09,0.01,0.00,0.00,inferred
Slough,2021-06-11,0.90,0.62,0.31,0.09,0.01,0.00,0.00,inferred
Slough,2021-06-12,0.90,0.62,0.31,0.09,0.01,0.00,0.00,inferred
Slough,2021-06-13,0.90,0.62,0.31,0.09,0.01,0.00,0.00,inferred
Slough,2021-06-14,0.90,0.62,0.31,0.09,0.01,0.00,0.00,inferred
Slough,2021-06-15,1.00,1.00,1.00,0.98,0.91,0.19,0.00,inferred
Slough,2021-06-16,1.00,1.00,1.00,0.98,0.91,0.19,0.00,inferred
Slough,2021-06-17,1.00,1.00,1.00,0.98,0.91,0.19,0.00,inferred
Slough,2021-06-18,1.00,1.00,1.00,0.98,0.91,0.19,0.00,inferred
Slough,2021-06-19,1.00,1.00,1.00,0.98,0.91,0.19,0.00,inferred
Slough,2021-06-20,1.00,1.00,1.00,0.98,0.91,0.19,0.00,inferred
Slough,2021-06-21,1.00,1.00,1.00,0.98,0.91,0.19,0.00,inferred
Slough,2021-06-22,1.00,1.00,1.00,0.98,0.90,0.27,0.00,inferred
Slough,2021-06-23,1.00,1.00,1.00,0.98,0.90,0.27,0.00,inferred
Slough,2021-06-24,1.00,1.00,1.00,0.98,0.90,0.27,0.00,inferred
Slough,2021-06-25,1.00,1.00,1.00,0.98,0.90,0.27,0.00,inferred
Slough,2021-06-26,1.00,1.00,1.00,0.98,0.90,0.27,0.00,inferred
Slough,2021-06-27,1.00,1.00,1.00,0.98,0.90,0.27,0.00,inferred
Slough,2021-06-28,1.00,1.00,1.00,0.98,0.90,0.27,0.00,inferred
Slough,2021-06-29,1.00,0.98,0.96,0.89,0.76,0.27,0.01,inferred
Slough,2021-06-30,1.00,0.98,0.96,0.89,0.76,0.27,0.01,inferred
Slough,2021-07-01,1.00,0.98,0.96,0.89,0.76,0.27,0.01,inferred
Slough,2021-07-02,1.00,0.98,0.96,0.89,0.76,0.27,0.01,inferred
Slough,2021-07-03,1.00,0.98,0.96,0.89,0.76,0.27,0.01,inferred
Slough,2021-07-04,1.00,0.98,0.96,0.89,0.76,0.27,0.01,inferred
Slough,2021-07-05,1.00,0.98,0.96,0.89,0.76,0.27,0.01,inferred
Slough,2021-07-06,0.97,0.94,0.87,0.78,0.66,0.33,0.07,projected
Slough,2021-07-07,0.97,0.94,0.87,0.78,0.66,0.33,0.07,projected
Slough,2021-07-08,0.97,0.94,0.87,0.78,0.66,0.33,0.07,projected
Slough,2021-07-09,0.97,0.94,0.87,0.78,0.66,0.33,0.07,projected
Slough,2021-07-10,0.97,0.94,0.87,0.78,0.66,0.33,0.07,projected
Slough,2021-07-11,0.97,0.94,0.87,0.78,0.66,0.33,0.07,projected
Slough,2021-07-12,0.97,0.94,0.87,0.78,0.66,0.33,0.07,projected
Slough,2021-07-13,0.96,0.92,0.84,0.73,0.62,0.35,0.10,projected
Slough,2021-07-14,0.96,0.92,0.84,0.73,0.62,0.35,0.10,projected
Slough,2021-07-15,0.96,0.92,0.84,0.73,0.62,0.35,0.10,projected
Slough,2021-07-16,0.96,0.92,0.84,0.73,0.62,0.35,0.10,projected
Slough,2021-07-17,0.96,0.92,0.84,0.73,0.62,0.35,0.10,projected
Slough,2021-07-18,0.96,0.92,0.84,0.73,0.62,0.35,0.10,projected
Slough,2021-07-19,0.96,0.92,0.84,0.73,0.62,0.35,0.10,projected
Slough,2021-07-20,0.97,0.93,0.86,0.77,0.67,0.37,0.12,projected
Slough,2021-07-21,0.97,0.93,0.86,0.77,0.67,0.37,0.12,projected
Slough,2021-07-22,0.97,0.93,0.86,0.77,0.67,0.37,0.12,projected
Slough,2021-07-23,0.97,0.93,0.86,0.77,0.67,0.37,0.12,projected
Slough,2021-07-24,0.97,0.93,0.86,0.77,0.67,0.37,0.12,projected
Slough,2021-07-25,0.97,0.93,0.86,0.77,0.67,0.37,0.12,projected
Slough,2021-07-26,0.97,0.93,0.86,0.77,0.67,0.37,0.12,projected
Solihull,2021-03-23,0.03,0.00,0.00,0.00,0.00,0.00,0.00,inferred
Solihull,2021-03-24,0.03,0.00,0.00,0.00,0.00,0.00,0.00,inferred
Solihull,2021-03-25,0.03,0.00,0.00,0.00,0.00,0.00,0.00,inferred
Solihull,2021-03-26,0.03,0.00,0.00,0.00,0.00,0.00,0.00,inferred
Solihull,2021-03-27,0.03,0.00,0.00,0.00,0.00,0.00,0.00,inferred
Solihull,2021-03-28,0.03,0.00,0.00,0.00,0.00,0.00,0.00,inferred
Solihull,2021-03-29,0.03,0.00,0.00,0.00,0.00,0.00,0.00,inferred
Solihull,2021-03-30,0.17,0.04,0.01,0.00,0.00,0.00,0.00,inferred
Solihull,2021-03-31,0.17,0.04,0.01,0.00,0.00,0.00,0.00,inferred
Solihull,2021-04-01,0.17,0.04,0.01,0.00,0.00,0.00,0.00,inferred
Solihull,2021-04-02,0.17,0.04,0.01,0.00,0.00,0.00,0.00,inferred
Solihull,2021-04-03,0.17,0.04,0.01,0.00,0.00,0.00,0.00,inferred
Solihull,2021-04-04,0.17,0.04,0.01,0.00,0.00,0.00,0.00,inferred
Solihull,2021-04-05,0.17,0.04,0.01,0.00,0.00,0.00,0.00,inferred
Solihull,2021-04-06,0.30,0.12,0.04,0.01,0.00,0.00,0.00,inferred
Solihull,2021-04-07,0.30,0.12,0.04,0.01,0.00,0.00,0.00,inferred
Solihull,2021-04-08,0.30,0.12,0.04,0.01,0.00,0.00,0.00,inferred
Solihull,2021-04-09,0.30,0.12,0.04,0.01,0.00,0.00,0.00,inferred
Solihull,2021-04-10,0.30,0.12,0.04,0.01,0.00,0.00,0.00,inferred
Solihull,2021-04-11,0.30,0.12,0.04,0.01,0.00,0.00,0.00,inferred
Solihull,2021-04-12,0.30,0.12,0.04,0.01,0.00,0.00,0.00,inferred
Solihull,2021-04-13,0.43,0.20,0.07,0.02,0.00,0.00,0.00,inferred
Solihull,2021-04-14,0.43,0.20,0.07,0.02,0.00,0.00,0.00,inferred
Solihull,2021-04-15,0.43,0.20,0.07,0.02,0.00,0.00,0.00,inferred
Solihull,2021-04-16,0.43,0.20,0.07,0.02,0.00,0.00,0.00,inferred
Solihull,2021-04-17,0.43,0.20,0.07,0.02,0.00,0.00,0.00,inferred
Solihull,2021-04-18,0.43,0.20,0.07,0.02,0.00,0.00,0.00,inferred
Solihull,2021-04-19,0.43,0.20,0.07,0.02,0.00,0.00,0.00,inferred
Solihull,2021-04-20,0.75,0.54,0.31,0.15,0.06,0.00,0.00,inferred
Solihull,2021-04-21,0.75,0.54,0.31,0.15,0.06,0.00,0.00,inferred
Solihull,2021-04-22,0.75,0.54,0.31,0.15,0.06,0.00,0.00,inferred
Solihull,2021-04-23,0.75,0.54,0.31,0.15,0.06,0.00,0.00,inferred
Solihull,2021-04-24,0.75,0.54,0.31,0.15,0.06,0.00,0.00,inferred
Solihull,2021-04-25,0.75,0.54,0.31,0.15,0.06,0.00,0.00,inferred
Solihull,2021-04-26,0.75,0.54,0.31,0.15,0.06,0.00,0.00,inferred
Solihull,2021-04-27,0.71,0.48,0.26,0.13,0.05,0.00,0.00,inferred
Solihull,2021-04-28,0.71,0.48,0.26,0.13,0.05,0.00,0.00,inferred
Solihull,2021-04-29,0.71,0.48,0.26,0.13,0.05,0.00,0.00,inferred
Solihull,2021-04-30,0.71,0.48,0.26,0.13,0.05,0.00,0.00,inferred
Solihull,2021-05-01,0.71,0.48,0.26,0.13,0.05,0.00,0.00,inferred
Solihull,2021-05-02,0.71,0.48,0.26,0.13,0.05,0.00,0.00,inferred
Solihull,2021-05-03,0.71,0.48,0.26,0.13,0.05,0.00,0.00,inferred
Solihull,2021-05-04,0.79,0.59,0.38,0.19,0.08,0.00,0.00,inferred
Solihull,2021-05-05,0.79,0.59,0.38,0.19,0.08,0.00,0.00,inferred
Solihull,2021-05-06,0.79,0.59,0.38,0.19,0.08,0.00,0.00,inferred
Solihull,2021-05-07,0.79,0.59,0.38,0.19,0.08,0.00,0.00,inferred
Solihull,2021-05-08,0.79,0.59,0.38,0.19,0.08,0.00,0.00,inferred
Solihull,2021-05-09,0.79,0.59,0.38,0.19,0.08,0.00,0.00,inferred
Solihull,2021-05-10,0.79,0.59,0.38,0.19,0.08,0.00,0.00,inferred
Solihull,2021-05-11,0.92,0.79,0.62,0.43,0.27,0.03,0.00,inferred
Solihull,2021-05-12,0.92,0.79,0.62,0.43,0.27,0.03,0.00,inferred
Solihull,2021-05-13,0.92,0.79,0.62,0.43,0.27,0.03,0.00,inferred
Solihull,2021-05-14,0.92,0.79,0.62,0.43,0.27,0.03,0.00,inferred
Solihull,2021-05-15,0.92,0.79,0.62,0.43,0.27,0.03,0.00,inferred
Solihull,2021-05-16,0.92,0.79,0.62,0.43,0.27,0.03,0.00,inferred
Solihull,2021-05-17,0.92,0.79,0.62,0.43,0.27,0.03,0.00,inferred
Solihull,2021-05-18,1.00,1.00,1.00,1.00,0.98,0.78,0.16,inferred
Solihull,2021-05-19,1.00,1.00,1.00,1.00,0.98,0.78,0.16,inferred
Solihull,2021-05-20,1.00,1.00,1.00,1.00,0.98,0.78,0.16,inferred
Solihull,2021-05-21,1.00,1.00,1.00,1.00,0.98,0.78,0.16,inferred
Solihull,2021-05-22,1.00,1.00,1.00,1.00,0.98,0.78,0.16,inferred
Solihull,2021-05-23,1.00,1.00,1.00,1.00,0.98,0.78,0.16,inferred
Solihull,2021-05-24,1.00,1.00,1.00,1.00,0.98,0.78,0.16,inferred
Solihull,2021-05-25,1.00,1.00,1.00,1.00,1.00,0.95,0.42,inferred
Solihull,2021-05-26,1.00,1.00,1.00,1.00,1.00,0.95,0.42,inferred
Solihull,2021-05-27,1.00,1.00,1.00,1.00,1.00,0.95,0.42,inferred
Solihull,2021-05-28,1.00,1.00,1.00,1.00,1.00,0.95,0.42,inferred
Solihull,2021-05-29,1.00,1.00,1.00,1.00,1.00,0.95,0.42,inferred
Solihull,2021-05-30,1.00,1.00,1.00,1.00,1.00,0.95,0.42,inferred
Solihull,2021-05-31,1.00,1.00,1.00,1.00,1.00,0.95,0.42,inferred
Solihull,2021-06-01,1.00,1.00,1.00,1.00,0.99,0.80,0.16,inferred
Solihull,2021-06-02,1.00,1.00,1.00,1.00,0.99,0.80,0.16,inferred
Solihull,2021-06-03,1.00,1.00,1.00,1.00,0.99,0.80,0.16,inferred
Solihull,2021-06-04,1.00,1.00,1.00,1.00,0.99,0.80,0.16,inferred
Solihull,2021-06-05,1.00,1.00,1.00,1.00,0.99,0.80,0.16,inferred
Solihull,2021-06-06,1.00,1.00,1.00,1.00,0.99,0.80,0.16,inferred
Solihull,2021-06-07,1.00,1.00,1.00,1.00,0.99,0.80,0.16,inferred
Solihull,2021-06-08,1.00,1.00,1.00,1.00,0.99,0.73,0.05,inferred
Solihull,2021-06-09,1.00,1.00,1.00,1.00,0.99,0.73,0.05,inferred
Solihull,2021-06-10,1.00,1.00,1.00,1.00,0.99,0.73,0.05,inferred
Solihull,2021-06-11,1.00,1.00,1.00,1.00,0.99,0.73,0.05,inferred
Solihull,2021-06-12,1.00,1.00,1.00,1.00,0.99,0.73,0.05,inferred
Solihull,2021-06-13,1.00,1.00,1.00,1.00,0.99,0.73,0.05,inferred
Solihull,2021-06-14,1.00,1.00,1.00,1.00,0.99,0.73,0.05,inferred
Solihull,2021-06-15,1.00,1.00,1.00,1.00,1.00,1.00,0.75,inferred
Solihull,2021-06-16,1.00,1.00,1.00,1.00,1.00,1.00,0.75,inferred
Solihull,2021-06-17,1.00,1.00,1.00,1.00,1.00,1.00,0.75,inferred
Solihull,2021-06-18,1.00,1.00,1.00,1.00,1.00,1.00,0.75,inferred
Solihull,2021-06-19,1.00,1.00,1.00,1.00,1.00,1.00,0.75,inferred
Solihull,2021-06-20,1.00,1.00,1.00,1.00,1.00,1.00,0.75,inferred
Solihull,2021-06-21,1.00,1.00,1.00,1.00,1.00,1.00,0.75,inferred
Solihull,2021-06-22,1.00,1.00,1.00,1.00,1.00,0.91,0.32,inferred
Solihull,2021-06-23,1.00,1.00,1.00,1.00,1.00,0.91,0.32,inferred
Solihull,2021-06-24,1.00,1.00,1.00,1.00,1.00,0.91,0.32,inferred
Solihull,2021-06-25,1.00,1.00,1.00,1.00,1.00,0.91,0.32,inferred
Solihull,2021-06-26,1.00,1.00,1.00,1.00,1.00,0.91,0.32,inferred
Solihull,2021-06-27,1.00,1.00,1.00,1.00,1.00,0.91,0.32,inferred
Solihull,2021-06-28,1.00,1.00,1.00,1.00,1.00,0.91,0.32,inferred
Solihull,2021-06-29,1.00,0.98,0.89,0.74,0.54,0.09,0.00,inferred
Solihull,2021-06-30,1.00,0.98,0.89,0.74,0.54,0.09,0.00,inferred
Solihull,2021-07-01,1.00,0.98,0.89,0.74,0.54,0.09,0.00,inferred
Solihull,2021-07-02,1.00,0.98,0.89,0.74,0.54,0.09,0.00,inferred
Solihull,2021-07-03,1.00,0.98,0.89,0.74,0.54,0.09,0.00,inferred
Solihull,2021-07-04,1.00,0.98,0.89,0.74,0.54,0.09,0.00,inferred
Solihull,2021-07-05,1.00,0.98,0.89,0.74,0.54,0.09,0.00,inferred
Solihull,2021-07-06,0.94,0.88,0.77,0.63,0.50,0.21,0.04,projected
Solihull,2021-07-07,0.94,0.88,0.77,0.63,0.50,0.21,0.04,projected
Solihull,2021-07-08,0.94,0.88,0.77,0.63,0.50,0.21,0.04,projected
Solihull,2021-07-09,0.94,0.88,0.77,0.63,0.50,0.21,0.04,projected
Solihull,2021-07-10,0.94,0.88,0.77,0.63,0.50,0.21,0.04,projected
Solihull,2021-07-11,0.94,0.88,0.77,0.63,0.50,0.21,0.04,projected
Solihull,2021-07-12,0.94,0.88,0.77,0.63,0.50,0.21,0.04,projected
Solihull,2021-07-13,0.90,0.82,0.72,0.60,0.50,0.25,0.08,projected
Solihull,2021-07-14,0.90,0.82,0.72,0.60,0.50,0.25,0.08,projected
Solihull,2021-07-15,0.90,0.82,0.72,0.60,0.50,0.25,0.08,projected
Solihull,2021-07-16,0.90,0.82,0.72,0.60,0.50,0.25,0.08,projected
Solihull,2021-07-17,0.90,0.82,0.72,0.60,0.50,0.25,0.08,projected
Solihull,2021-07-18,0.90,0.82,0.72,0.60,0.50,0.25,0.08,projected
Solihull,2021-07-19,0.90,0.82,0.72,0.60,0.50,0.25,0.08,projected
Solihull,2021-07-20,0.88,0.80,0.69,0.60,0.50,0.28,0.10,projected
Solihull,2021-07-21,0.88,0.80,0.69,0.60,0.50,0.28,0.10,projected
Solihull,2021-07-22,0.88,0.80,0.69,0.60,0.50,0.28,0.10,projected
Solihull,2021-07-23,0.88,0.80,0.69,0.60,0.50,0.28,0.10,projected
Solihull,2021-07-24,0.88,0.80,0.69,0.60,0.50,0.28,0.10,projected
Solihull,2021-07-25,0.88,0.80,0.69,0.60,0.50,0.28,0.10,projected
Solihull,2021-07-26,0.88,0.80,0.69,0.60,0.50,0.28,0.10,projected
Somerset West and Taunton,2021-03-23,0.44,0.22,0.09,0.03,0.01,0.00,0.00,inferred
Somerset West and Taunton,2021-03-24,0.44,0.22,0.09,0.03,0.01,0.00,0.00,inferred
Somerset West and Taunton,2021-03-25,0.44,0.22,0.09,0.03,0.01,0.00,0.00,inferred
Somerset West and Taunton,2021-03-26,0.44,0.22,0.09,0.03,0.01,0.00,0.00,inferred
Somerset West and Taunton,2021-03-27,0.44,0.22,0.09,0.03,0.01,0.00,0.00,inferred
Somerset West and Taunton,2021-03-28,0.44,0.22,0.09,0.03,0.01,0.00,0.00,inferred
Somerset West and Taunton,2021-03-29,0.44,0.22,0.09,0.03,0.01,0.00,0.00,inferred
Somerset West and Taunton,2021-03-30,0.47,0.28,0.14,0.06,0.02,0.00,0.00,inferred
Somerset West and Taunton,2021-03-31,0.47,0.28,0.14,0.06,0.02,0.00,0.00,inferred
Somerset West and Taunton,2021-04-01,0.47,0.28,0.14,0.06,0.02,0.00,0.00,inferred
Somerset West and Taunton,2021-04-02,0.47,0.28,0.14,0.06,0.02,0.00,0.00,inferred
Somerset West and Taunton,2021-04-03,0.47,0.28,0.14,0.06,0.02,0.00,0.00,inferred
Somerset West and Taunton,2021-04-04,0.47,0.28,0.14,0.06,0.02,0.00,0.00,inferred
Somerset West and Taunton,2021-04-05,0.47,0.28,0.14,0.06,0.02,0.00,0.00,inferred
Somerset West and Taunton,2021-04-06,0.71,0.50,0.32,0.18,0.09,0.01,0.00,inferred
Somerset West and Taunton,2021-04-07,0.71,0.50,0.32,0.18,0.09,0.01,0.00,inferred
Somerset West and Taunton,2021-04-08,0.71,0.50,0.32,0.18,0.09,0.01,0.00,inferred
Somerset West and Taunton,2021-04-09,0.71,0.50,0.32,0.18,0.09,0.01,0.00,inferred
Somerset West and Taunton,2021-04-10,0.71,0.50,0.32,0.18,0.09,0.01,0.00,inferred
Somerset West and Taunton,2021-04-11,0.71,0.50,0.32,0.18,0.09,0.01,0.00,inferred
Somerset West and Taunton,2021-04-12,0.71,0.50,0.32,0.18,0.09,0.01,0.00,inferred
Somerset West and Taunton,2021-04-13,0.74,0.55,0.38,0.23,0.12,0.01,0.00,inferred
Somerset West and Taunton,2021-04-14,0.74,0.55,0.38,0.23,0.12,0.01,0.00,inferred
Somerset West and Taunton,2021-04-15,0.74,0.55,0.38,0.23,0.12,0.01,0.00,inferred
Somerset West and Taunton,2021-04-16,0.74,0.55,0.38,0.23,0.12,0.01,0.00,inferred
Somerset West and Taunton,2021-04-17,0.74,0.55,0.38,0.23,0.12,0.01,0.00,inferred
Somerset West and Taunton,2021-04-18,0.74,0.55,0.38,0.23,0.12,0.01,0.00,inferred
Somerset West and Taunton,2021-04-19,0.74,0.55,0.38,0.23,0.12,0.01,0.00,inferred
Somerset West and Taunton,2021-04-20,0.42,0.24,0.12,0.05,0.02,0.00,0.00,inferred
Somerset West and Taunton,2021-04-21,0.42,0.24,0.12,0.05,0.02,0.00,0.00,inferred
Somerset West and Taunton,2021-04-22,0.42,0.24,0.12,0.05,0.02,0.00,0.00,inferred
Somerset West and Taunton,2021-04-23,0.42,0.24,0.12,0.05,0.02,0.00,0.00,inferred
Somerset West and Taunton,2021-04-24,0.42,0.24,0.12,0.05,0.02,0.00,0.00,inferred
Somerset West and Taunton,2021-04-25,0.42,0.24,0.12,0.05,0.02,0.00,0.00,inferred
Somerset West and Taunton,2021-04-26,0.42,0.24,0.12,0.05,0.02,0.00,0.00,inferred
Somerset West and Taunton,2021-04-27,0.51,0.33,0.19,0.10,0.05,0.00,0.00,inferred
Somerset West and Taunton,2021-04-28,0.51,0.33,0.19,0.10,0.05,0.00,0.00,inferred
Somerset West and Taunton,2021-04-29,0.51,0.33,0.19,0.10,0.05,0.00,0.00,inferred
Somerset West and Taunton,2021-04-30,0.51,0.33,0.19,0.10,0.05,0.00,0.00,inferred
Somerset West and Taunton,2021-05-01,0.51,0.33,0.19,0.10,0.05,0.00,0.00,inferred
Somerset West and Taunton,2021-05-02,0.51,0.33,0.19,0.10,0.05,0.00,0.00,inferred
Somerset West and Taunton,2021-05-03,0.51,0.33,0.19,0.10,0.05,0.00,0.00,inferred
Somerset West and Taunton,2021-05-04,0.55,0.37,0.23,0.13,0.07,0.01,0.00,inferred
Somerset West and Taunton,2021-05-05,0.55,0.37,0.23,0.13,0.07,0.01,0.00,inferred
Somerset West and Taunton,2021-05-06,0.55,0.37,0.23,0.13,0.07,0.01,0.00,inferred
Somerset West and Taunton,2021-05-07,0.55,0.37,0.23,0.13,0.07,0.01,0.00,inferred
Somerset West and Taunton,2021-05-08,0.55,0.37,0.23,0.13,0.07,0.01,0.00,inferred
Somerset West and Taunton,2021-05-09,0.55,0.37,0.23,0.13,0.07,0.01,0.00,inferred
Somerset West and Taunton,2021-05-10,0.55,0.37,0.23,0.13,0.07,0.01,0.00,inferred
Somerset West and Taunton,2021-05-11,0.56,0.40,0.25,0.16,0.08,0.01,0.00,inferred
Somerset West and Taunton,2021-05-12,0.56,0.40,0.25,0.16,0.08,0.01,0.00,inferred
Somerset West and Taunton,2021-05-13,0.56,0.40,0.25,0.16,0.08,0.01,0.00,inferred
Somerset West and Taunton,2021-05-14,0.56,0.40,0.25,0.16,0.08,0.01,0.00,inferred
Somerset West and Taunton,2021-05-15,0.56,0.40,0.25,0.16,0.08,0.01,0.00,inferred
Somerset West and Taunton,2021-05-16,0.56,0.40,0.25,0.16,0.08,0.01,0.00,inferred
Somerset West and Taunton,2021-05-17,0.56,0.40,0.25,0.16,0.08,0.01,0.00,inferred
Somerset West and Taunton,2021-05-18,0.68,0.53,0.38,0.25,0.16,0.02,0.00,inferred
Somerset West and Taunton,2021-05-19,0.68,0.53,0.38,0.25,0.16,0.02,0.00,inferred
Somerset West and Taunton,2021-05-20,0.68,0.53,0.38,0.25,0.16,0.02,0.00,inferred
Somerset West and Taunton,2021-05-21,0.68,0.53,0.38,0.25,0.16,0.02,0.00,inferred
Somerset West and Taunton,2021-05-22,0.68,0.53,0.38,0.25,0.16,0.02,0.00,inferred
Somerset West and Taunton,2021-05-23,0.68,0.53,0.38,0.25,0.16,0.02,0.00,inferred
Somerset West and Taunton,2021-05-24,0.68,0.53,0.38,0.25,0.16,0.02,0.00,inferred
Somerset West and Taunton,2021-05-25,0.99,0.98,0.94,0.90,0.83,0.53,0.13,inferred
Somerset West and Taunton,2021-05-26,0.99,0.98,0.94,0.90,0.83,0.53,0.13,inferred
Somerset West and Taunton,2021-05-27,0.99,0.98,0.94,0.90,0.83,0.53,0.13,inferred
Somerset West and Taunton,2021-05-28,0.99,0.98,0.94,0.90,0.83,0.53,0.13,inferred
Somerset West and Taunton,2021-05-29,0.99,0.98,0.94,0.90,0.83,0.53,0.13,inferred
Somerset West and Taunton,2021-05-30,0.99,0.98,0.94,0.90,0.83,0.53,0.13,inferred
Somerset West and Taunton,2021-05-31,0.99,0.98,0.94,0.90,0.83,0.53,0.13,inferred
Somerset West and Taunton,2021-06-01,1.00,1.00,1.00,1.00,1.00,1.00,0.88,inferred
Somerset West and Taunton,2021-06-02,1.00,1.00,1.00,1.00,1.00,1.00,0.88,inferred
Somerset West and Taunton,2021-06-03,1.00,1.00,1.00,1.00,1.00,1.00,0.88,inferred
Somerset West and Taunton,2021-06-04,1.00,1.00,1.00,1.00,1.00,1.00,0.88,inferred
Somerset West and Taunton,2021-06-05,1.00,1.00,1.00,1.00,1.00,1.00,0.88,inferred
Somerset West and Taunton,2021-06-06,1.00,1.00,1.00,1.00,1.00,1.00,0.88,inferred
Somerset West and Taunton,2021-06-07,1.00,1.00,1.00,1.00,1.00,1.00,0.88,inferred
Somerset West and Taunton,2021-06-08,1.00,1.00,1.00,1.00,1.00,0.99,0.84,inferred
Somerset West and Taunton,2021-06-09,1.00,1.00,1.00,1.00,1.00,0.99,0.84,inferred
Somerset West and Taunton,2021-06-10,1.00,1.00,1.00,1.00,1.00,0.99,0.84,inferred
Somerset West and Taunton,2021-06-11,1.00,1.00,1.00,1.00,1.00,0.99,0.84,inferred
Somerset West and Taunton,2021-06-12,1.00,1.00,1.00,1.00,1.00,0.99,0.84,inferred
Somerset West and Taunton,2021-06-13,1.00,1.00,1.00,1.00,1.00,0.99,0.84,inferred
Somerset West and Taunton,2021-06-14,1.00,1.00,1.00,1.00,1.00,0.99,0.84,inferred
Somerset West and Taunton,2021-06-15,1.00,1.00,1.00,1.00,0.96,0.70,0.14,inferred
Somerset West and Taunton,2021-06-16,1.00,1.00,1.00,1.00,0.96,0.70,0.14,inferred
Somerset West and Taunton,2021-06-17,1.00,1.00,1.00,1.00,0.96,0.70,0.14,inferred
Somerset West and Taunton,2021-06-18,1.00,1.00,1.00,1.00,0.96,0.70,0.14,inferred
Somerset West and Taunton,2021-06-19,1.00,1.00,1.00,1.00,0.96,0.70,0.14,inferred
Somerset West and Taunton,2021-06-20,1.00,1.00,1.00,1.00,0.96,0.70,0.14,inferred
Somerset West and Taunton,2021-06-21,1.00,1.00,1.00,1.00,0.96,0.70,0.14,inferred
Somerset West and Taunton,2021-06-22,0.99,0.95,0.77,0.52,0.29,0.01,0.00,inferred
Somerset West and Taunton,2021-06-23,0.99,0.95,0.77,0.52,0.29,0.01,0.00,inferred
Somerset West and Taunton,2021-06-24,0.99,0.95,0.77,0.52,0.29,0.01,0.00,inferred
Somerset West and Taunton,2021-06-25,0.99,0.95,0.77,0.52,0.29,0.01,0.00,inferred
Somerset West and Taunton,2021-06-26,0.99,0.95,0.77,0.52,0.29,0.01,0.00,inferred
Somerset West and Taunton,2021-06-27,0.99,0.95,0.77,0.52,0.29,0.01,0.00,inferred
Somerset West and Taunton,2021-06-28,0.99,0.95,0.77,0.52,0.29,0.01,0.00,inferred
Somerset West and Taunton,2021-06-29,0.86,0.75,0.58,0.42,0.29,0.07,0.00,inferred
Somerset West and Taunton,2021-06-30,0.86,0.75,0.58,0.42,0.29,0.07,0.00,inferred
Somerset West and Taunton,2021-07-01,0.86,0.75,0.58,0.42,0.29,0.07,0.00,inferred
Somerset West and Taunton,2021-07-02,0.86,0.75,0.58,0.42,0.29,0.07,0.00,inferred
Somerset West and Taunton,2021-07-03,0.86,0.75,0.58,0.42,0.29,0.07,0.00,inferred
Somerset West and Taunton,2021-07-04,0.86,0.75,0.58,0.42,0.29,0.07,0.00,inferred
Somerset West and Taunton,2021-07-05,0.86,0.75,0.58,0.42,0.29,0.07,0.00,inferred
Somerset West and Taunton,2021-07-06,0.78,0.69,0.58,0.47,0.38,0.19,0.04,projected
Somerset West and Taunton,2021-07-07,0.78,0.69,0.58,0.47,0.38,0.19,0.04,projected
Somerset West and Taunton,2021-07-08,0.78,0.69,0.58,0.47,0.38,0.19,0.04,projected
Somerset West and Taunton,2021-07-09,0.78,0.69,0.58,0.47,0.38,0.19,0.04,projected
Somerset West and Taunton,2021-07-10,0.78,0.69,0.58,0.47,0.38,0.19,0.04,projected
Somerset West and Taunton,2021-07-11,0.78,0.69,0.58,0.47,0.38,0.19,0.04,projected
Somerset West and Taunton,2021-07-12,0.78,0.69,0.58,0.47,0.38,0.19,0.04,projected
Somerset West and Taunton,2021-07-13,0.80,0.71,0.61,0.52,0.44,0.24,0.08,projected
Somerset West and Taunton,2021-07-14,0.80,0.71,0.61,0.52,0.44,0.24,0.08,projected
Somerset West and Taunton,2021-07-15,0.80,0.71,0.61,0.52,0.44,0.24,0.08,projected
Somerset West and Taunton,2021-07-16,0.80,0.71,0.61,0.52,0.44,0.24,0.08,projected
Somerset West and Taunton,2021-07-17,0.80,0.71,0.61,0.52,0.44,0.24,0.08,projected
Somerset West and Taunton,2021-07-18,0.80,0.71,0.61,0.52,0.44,0.24,0.08,projected
Somerset West and Taunton,2021-07-19,0.80,0.71,0.61,0.52,0.44,0.24,0.08,projected
Somerset West and Taunton,2021-07-20,0.86,0.79,0.71,0.63,0.54,0.32,0.13,projected
Somerset West and Taunton,2021-07-21,0.86,0.79,0.71,0.63,0.54,0.32,0.13,projected
Somerset West and Taunton,2021-07-22,0.86,0.79,0.71,0.63,0.54,0.32,0.13,projected
Somerset West and Taunton,2021-07-23,0.86,0.79,0.71,0.63,0.54,0.32,0.13,projected
Somerset West and Taunton,2021-07-24,0.86,0.79,0.71,0.63,0.54,0.32,0.13,projected
Somerset West and Taunton,2021-07-25,0.86,0.79,0.71,0.63,0.54,0.32,0.13,projected
Somerset West and Taunton,2021-07-26,0.86,0.79,0.71,0.63,0.54,0.32,0.13,projected
South Ayrshire,2021-03-23,0.20,0.04,0.00,0.00,0.00,0.00,0.00,inferred
South Ayrshire,2021-03-24,0.20,0.04,0.00,0.00,0.00,0.00,0.00,inferred
South Ayrshire,2021-03-25,0.20,0.04,0.00,0.00,0.00,0.00,0.00,inferred
South Ayrshire,2021-03-26,0.20,0.04,0.00,0.00,0.00,0.00,0.00,inferred
South Ayrshire,2021-03-27,0.20,0.04,0.00,0.00,0.00,0.00,0.00,inferred
South Ayrshire,2021-03-28,0.20,0.04,0.00,0.00,0.00,0.00,0.00,inferred
South Ayrshire,2021-03-29,0.20,0.04,0.00,0.00,0.00,0.00,0.00,inferred
South Ayrshire,2021-03-30,0.05,0.01,0.00,0.00,0.00,0.00,0.00,inferred
South Ayrshire,2021-03-31,0.05,0.01,0.00,0.00,0.00,0.00,0.00,inferred
South Ayrshire,2021-04-01,0.05,0.01,0.00,0.00,0.00,0.00,0.00,inferred
South Ayrshire,2021-04-02,0.05,0.01,0.00,0.00,0.00,0.00,0.00,inferred
South Ayrshire,2021-04-03,0.05,0.01,0.00,0.00,0.00,0.00,0.00,inferred
South Ayrshire,2021-04-04,0.05,0.01,0.00,0.00,0.00,0.00,0.00,inferred
South Ayrshire,2021-04-05,0.05,0.01,0.00,0.00,0.00,0.00,0.00,inferred
South Ayrshire,2021-04-06,0.62,0.41,0.24,0.12,0.06,0.00,0.00,inferred
South Ayrshire,2021-04-07,0.62,0.41,0.24,0.12,0.06,0.00,0.00,inferred
South Ayrshire,2021-04-08,0.62,0.41,0.24,0.12,0.06,0.00,0.00,inferred
South Ayrshire,2021-04-09,0.62,0.41,0.24,0.12,0.06,0.00,0.00,inferred
South Ayrshire,2021-04-10,0.62,0.41,0.24,0.12,0.06,0.00,0.00,inferred
South Ayrshire,2021-04-11,0.62,0.41,0.24,0.12,0.06,0.00,0.00,inferred
South Ayrshire,2021-04-12,0.62,0.41,0.24,0.12,0.06,0.00,0.00,inferred
South Ayrshire,2021-04-13,0.99,0.95,0.88,0.76,0.59,0.15,0.00,inferred
South Ayrshire,2021-04-14,0.99,0.95,0.88,0.76,0.59,0.15,0.00,inferred
South Ayrshire,2021-04-15,0.99,0.95,0.88,0.76,0.59,0.15,0.00,inferred
South Ayrshire,2021-04-16,0.99,0.95,0.88,0.76,0.59,0.15,0.00,inferred
South Ayrshire,2021-04-17,0.99,0.95,0.88,0.76,0.59,0.15,0.00,inferred
South Ayrshire,2021-04-18,0.99,0.95,0.88,0.76,0.59,0.15,0.00,inferred
South Ayrshire,2021-04-19,0.99,0.95,0.88,0.76,0.59,0.15,0.00,inferred
South Ayrshire,2021-04-20,0.41,0.21,0.09,0.03,0.01,0.00,0.00,inferred
South Ayrshire,2021-04-21,0.41,0.21,0.09,0.03,0.01,0.00,0.00,inferred
South Ayrshire,2021-04-22,0.41,0.21,0.09,0.03,0.01,0.00,0.00,inferred
South Ayrshire,2021-04-23,0.41,0.21,0.09,0.03,0.01,0.00,0.00,inferred
South Ayrshire,2021-04-24,0.41,0.21,0.09,0.03,0.01,0.00,0.00,inferred
South Ayrshire,2021-04-25,0.41,0.21,0.09,0.03,0.01,0.00,0.00,inferred
South Ayrshire,2021-04-26,0.41,0.21,0.09,0.03,0.01,0.00,0.00,inferred
South Ayrshire,2021-04-27,0.57,0.34,0.16,0.06,0.02,0.00,0.00,inferred
South Ayrshire,2021-04-28,0.57,0.34,0.16,0.06,0.02,0.00,0.00,inferred
South Ayrshire,2021-04-29,0.57,0.34,0.16,0.06,0.02,0.00,0.00,inferred
South Ayrshire,2021-04-30,0.57,0.34,0.16,0.06,0.02,0.00,0.00,inferred
South Ayrshire,2021-05-01,0.57,0.34,0.16,0.06,0.02,0.00,0.00,inferred
South Ayrshire,2021-05-02,0.57,0.34,0.16,0.06,0.02,0.00,0.00,inferred
South Ayrshire,2021-05-03,0.57,0.34,0.16,0.06,0.02,0.00,0.00,inferred
South Ayrshire,2021-05-04,0.81,0.64,0.43,0.26,0.13,0.01,0.00,inferred
South Ayrshire,2021-05-05,0.81,0.64,0.43,0.26,0.13,0.01,0.00,inferred
South Ayrshire,2021-05-06,0.81,0.64,0.43,0.26,0.13,0.01,0.00,inferred
South Ayrshire,2021-05-07,0.81,0.64,0.43,0.26,0.13,0.01,0.00,inferred
South Ayrshire,2021-05-08,0.81,0.64,0.43,0.26,0.13,0.01,0.00,inferred
South Ayrshire,2021-05-09,0.81,0.64,0.43,0.26,0.13,0.01,0.00,inferred
South Ayrshire,2021-05-10,0.81,0.64,0.43,0.26,0.13,0.01,0.00,inferred
South Ayrshire,2021-05-11,0.99,0.98,0.95,0.87,0.75,0.32,0.01,inferred
South Ayrshire,2021-05-12,0.99,0.98,0.95,0.87,0.75,0.32,0.01,inferred
South Ayrshire,2021-05-13,0.99,0.98,0.95,0.87,0.75,0.32,0.01,inferred
South Ayrshire,2021-05-14,0.99,0.98,0.95,0.87,0.75,0.32,0.01,inferred
South Ayrshire,2021-05-15,0.99,0.98,0.95,0.87,0.75,0.32,0.01,inferred
South Ayrshire,2021-05-16,0.99,0.98,0.95,0.87,0.75,0.32,0.01,inferred
South Ayrshire,2021-05-17,0.99,0.98,0.95,0.87,0.75,0.32,0.01,inferred
South Ayrshire,2021-05-18,1.00,1.00,1.00,1.00,1.00,0.97,0.60,inferred
South Ayrshire,2021-05-19,1.00,1.00,1.00,1.00,1.00,0.97,0.60,inferred
South Ayrshire,2021-05-20,1.00,1.00,1.00,1.00,1.00,0.97,0.60,inferred
South Ayrshire,2021-05-21,1.00,1.00,1.00,1.00,1.00,0.97,0.60,inferred
South Ayrshire,2021-05-22,1.00,1.00,1.00,1.00,1.00,0.97,0.60,inferred
South Ayrshire,2021-05-23,1.00,1.00,1.00,1.00,1.00,0.97,0.60,inferred
South Ayrshire,2021-05-24,1.00,1.00,1.00,1.00,1.00,0.97,0.60,inferred
South Ayrshire,2021-05-25,1.00,1.00,1.00,1.00,1.00,0.91,0.45,inferred
South Ayrshire,2021-05-26,1.00,1.00,1.00,1.00,1.00,0.91,0.45,inferred
South Ayrshire,2021-05-27,1.00,1.00,1.00,1.00,1.00,0.91,0.45,inferred
South Ayrshire,2021-05-28,1.00,1.00,1.00,1.00,1.00,0.91,0.45,inferred
South Ayrshire,2021-05-29,1.00,1.00,1.00,1.00,1.00,0.91,0.45,inferred
South Ayrshire,2021-05-30,1.00,1.00,1.00,1.00,1.00,0.91,0.45,inferred
South Ayrshire,2021-05-31,1.00,1.00,1.00,1.00,1.00,0.91,0.45,inferred
South Ayrshire,2021-06-01,1.00,1.00,0.97,0.87,0.69,0.14,0.00,inferred
South Ayrshire,2021-06-02,1.00,1.00,0.97,0.87,0.69,0.14,0.00,inferred
South Ayrshire,2021-06-03,1.00,1.00,0.97,0.87,0.69,0.14,0.00,inferred
South Ayrshire,2021-06-04,1.00,1.00,0.97,0.87,0.69,0.14,0.00,inferred
South Ayrshire,2021-06-05,1.00,1.00,0.97,0.87,0.69,0.14,0.00,inferred
South Ayrshire,2021-06-06,1.00,1.00,0.97,0.87,0.69,0.14,0.00,inferred
South Ayrshire,2021-06-07,1.00,1.00,0.97,0.87,0.69,0.14,0.00,inferred
South Ayrshire,2021-06-08,1.00,1.00,0.99,0.92,0.75,0.11,0.00,inferred
South Ayrshire,2021-06-09,1.00,1.00,0.99,0.92,0.75,0.11,0.00,inferred
South Ayrshire,2021-06-10,1.00,1.00,0.99,0.92,0.75,0.11,0.00,inferred
South Ayrshire,2021-06-11,1.00,1.00,0.99,0.92,0.75,0.11,0.00,inferred
South Ayrshire,2021-06-12,1.00,1.00,0.99,0.92,0.75,0.11,0.00,inferred
South Ayrshire,2021-06-13,1.00,1.00,0.99,0.92,0.75,0.11,0.00,inferred
South Ayrshire,2021-06-14,1.00,1.00,0.99,0.92,0.75,0.11,0.00,inferred
South Ayrshire,2021-06-15,1.00,1.00,1.00,1.00,0.97,0.43,0.00,inferred
South Ayrshire,2021-06-16,1.00,1.00,1.00,1.00,0.97,0.43,0.00,inferred
South Ayrshire,2021-06-17,1.00,1.00,1.00,1.00,0.97,0.43,0.00,inferred
South Ayrshire,2021-06-18,1.00,1.00,1.00,1.00,0.97,0.43,0.00,inferred
South Ayrshire,2021-06-19,1.00,1.00,1.00,1.00,0.97,0.43,0.00,inferred
South Ayrshire,2021-06-20,1.00,1.00,1.00,1.00,0.97,0.43,0.00,inferred
South Ayrshire,2021-06-21,1.00,1.00,1.00,1.00,0.97,0.43,0.00,inferred
South Ayrshire,2021-06-22,1.00,1.00,0.95,0.81,0.54,0.02,0.00,inferred
South Ayrshire,2021-06-23,1.00,1.00,0.95,0.81,0.54,0.02,0.00,inferred
South Ayrshire,2021-06-24,1.00,1.00,0.95,0.81,0.54,0.02,0.00,inferred
South Ayrshire,2021-06-25,1.00,1.00,0.95,0.81,0.54,0.02,0.00,inferred
South Ayrshire,2021-06-26,1.00,1.00,0.95,0.81,0.54,0.02,0.00,inferred
South Ayrshire,2021-06-27,1.00,1.00,0.95,0.81,0.54,0.02,0.00,inferred
South Ayrshire,2021-06-28,1.00,1.00,0.95,0.81,0.54,0.02,0.00,inferred
South Ayrshire,2021-06-29,0.42,0.24,0.12,0.04,0.02,0.00,0.00,inferred
South Ayrshire,2021-06-30,0.42,0.24,0.12,0.04,0.02,0.00,0.00,inferred
South Ayrshire,2021-07-01,0.42,0.24,0.12,0.04,0.02,0.00,0.00,inferred
South Ayrshire,2021-07-02,0.42,0.24,0.12,0.04,0.02,0.00,0.00,inferred
South Ayrshire,2021-07-03,0.42,0.24,0.12,0.04,0.02,0.00,0.00,inferred
South Ayrshire,2021-07-04,0.42,0.24,0.12,0.04,0.02,0.00,0.00,inferred
South Ayrshire,2021-07-05,0.42,0.24,0.12,0.04,0.02,0.00,0.00,inferred
South Ayrshire,2021-07-06,0.48,0.38,0.29,0.22,0.17,0.07,0.02,projected
South Ayrshire,2021-07-07,0.48,0.38,0.29,0.22,0.17,0.07,0.02,projected
South Ayrshire,2021-07-08,0.48,0.38,0.29,0.22,0.17,0.07,0.02,projected
South Ayrshire,2021-07-09,0.48,0.38,0.29,0.22,0.17,0.07,0.02,projected
South Ayrshire,2021-07-10,0.48,0.38,0.29,0.22,0.17,0.07,0.02,projected
South Ayrshire,2021-07-11,0.48,0.38,0.29,0.22,0.17,0.07,0.02,projected
South Ayrshire,2021-07-12,0.48,0.38,0.29,0.22,0.17,0.07,0.02,projected
South Ayrshire,2021-07-13,0.50,0.42,0.35,0.28,0.23,0.13,0.06,projected
South Ayrshire,2021-07-14,0.50,0.42,0.35,0.28,0.23,0.13,0.06,projected
South Ayrshire,2021-07-15,0.50,0.42,0.35,0.28,0.23,0.13,0.06,projected
South Ayrshire,2021-07-16,0.50,0.42,0.35,0.28,0.23,0.13,0.06,projected
South Ayrshire,2021-07-17,0.50,0.42,0.35,0.28,0.23,0.13,0.06,projected
South Ayrshire,2021-07-18,0.50,0.42,0.35,0.28,0.23,0.13,0.06,projected
South Ayrshire,2021-07-19,0.50,0.42,0.35,0.28,0.23,0.13,0.06,projected
South Ayrshire,2021-07-20,0.52,0.45,0.38,0.32,0.27,0.18,0.10,projected
South Ayrshire,2021-07-21,0.52,0.45,0.38,0.32,0.27,0.18,0.10,projected
South Ayrshire,2021-07-22,0.52,0.45,0.38,0.32,0.27,0.18,0.10,projected
South Ayrshire,2021-07-23,0.52,0.45,0.38,0.32,0.27,0.18,0.10,projected
South Ayrshire,2021-07-24,0.52,0.45,0.38,0.32,0.27,0.18,0.10,projected
South Ayrshire,2021-07-25,0.52,0.45,0.38,0.32,0.27,0.18,0.10,projected
South Ayrshire,2021-07-26,0.52,0.45,0.38,0.32,0.27,0.18,0.10,projected
South Cambridgeshire,2021-03-23,0.04,0.01,0.00,0.00,0.00,0.00,0.00,inferred
South Cambridgeshire,2021-03-24,0.04,0.01,0.00,0.00,0.00,0.00,0.00,inferred
South Cambridgeshire,2021-03-25,0.04,0.01,0.00,0.00,0.00,0.00,0.00,inferred
South Cambridgeshire,2021-03-26,0.04,0.01,0.00,0.00,0.00,0.00,0.00,inferred
South Cambridgeshire,2021-03-27,0.04,0.01,0.00,0.00,0.00,0.00,0.00,inferred
South Cambridgeshire,2021-03-28,0.04,0.01,0.00,0.00,0.00,0.00,0.00,inferred
South Cambridgeshire,2021-03-29,0.04,0.01,0.00,0.00,0.00,0.00,0.00,inferred
South Cambridgeshire,2021-03-30,0.80,0.56,0.33,0.16,0.06,0.00,0.00,inferred
South Cambridgeshire,2021-03-31,0.80,0.56,0.33,0.16,0.06,0.00,0.00,inferred
South Cambridgeshire,2021-04-01,0.80,0.56,0.33,0.16,0.06,0.00,0.00,inferred
South Cambridgeshire,2021-04-02,0.80,0.56,0.33,0.16,0.06,0.00,0.00,inferred
South Cambridgeshire,2021-04-03,0.80,0.56,0.33,0.16,0.06,0.00,0.00,inferred
South Cambridgeshire,2021-04-04,0.80,0.56,0.33,0.16,0.06,0.00,0.00,inferred
South Cambridgeshire,2021-04-05,0.80,0.56,0.33,0.16,0.06,0.00,0.00,inferred
South Cambridgeshire,2021-04-06,0.91,0.76,0.57,0.37,0.21,0.01,0.00,inferred
South Cambridgeshire,2021-04-07,0.91,0.76,0.57,0.37,0.21,0.01,0.00,inferred
South Cambridgeshire,2021-04-08,0.91,0.76,0.57,0.37,0.21,0.01,0.00,inferred
South Cambridgeshire,2021-04-09,0.91,0.76,0.57,0.37,0.21,0.01,0.00,inferred
South Cambridgeshire,2021-04-10,0.91,0.76,0.57,0.37,0.21,0.01,0.00,inferred
South Cambridgeshire,2021-04-11,0.91,0.76,0.57,0.37,0.21,0.01,0.00,inferred
South Cambridgeshire,2021-04-12,0.91,0.76,0.57,0.37,0.21,0.01,0.00,inferred
South Cambridgeshire,2021-04-13,0.86,0.68,0.46,0.26,0.12,0.01,0.00,inferred
South Cambridgeshire,2021-04-14,0.86,0.68,0.46,0.26,0.12,0.01,0.00,inferred
South Cambridgeshire,2021-04-15,0.86,0.68,0.46,0.26,0.12,0.01,0.00,inferred
South Cambridgeshire,2021-04-16,0.86,0.68,0.46,0.26,0.12,0.01,0.00,inferred
South Cambridgeshire,2021-04-17,0.86,0.68,0.46,0.26,0.12,0.01,0.00,inferred
South Cambridgeshire,2021-04-18,0.86,0.68,0.46,0.26,0.12,0.01,0.00,inferred
South Cambridgeshire,2021-04-19,0.86,0.68,0.46,0.26,0.12,0.01,0.00,inferred
South Cambridgeshire,2021-04-20,0.25,0.11,0.04,0.01,0.00,0.00,0.00,inferred
South Cambridgeshire,2021-04-21,0.25,0.11,0.04,0.01,0.00,0.00,0.00,inferred
South Cambridgeshire,2021-04-22,0.25,0.11,0.04,0.01,0.00,0.00,0.00,inferred
South Cambridgeshire,2021-04-23,0.25,0.11,0.04,0.01,0.00,0.00,0.00,inferred
South Cambridgeshire,2021-04-24,0.25,0.11,0.04,0.01,0.00,0.00,0.00,inferred
South Cambridgeshire,2021-04-25,0.25,0.11,0.04,0.01,0.00,0.00,0.00,inferred
South Cambridgeshire,2021-04-26,0.25,0.11,0.04,0.01,0.00,0.00,0.00,inferred
South Cambridgeshire,2021-04-27,0.24,0.11,0.04,0.01,0.00,0.00,0.00,inferred
South Cambridgeshire,2021-04-28,0.24,0.11,0.04,0.01,0.00,0.00,0.00,inferred
South Cambridgeshire,2021-04-29,0.24,0.11,0.04,0.01,0.00,0.00,0.00,inferred
South Cambridgeshire,2021-04-30,0.24,0.11,0.04,0.01,0.00,0.00,0.00,inferred
South Cambridgeshire,2021-05-01,0.24,0.11,0.04,0.01,0.00,0.00,0.00,inferred
South Cambridgeshire,2021-05-02,0.24,0.11,0.04,0.01,0.00,0.00,0.00,inferred
South Cambridgeshire,2021-05-03,0.24,0.11,0.04,0.01,0.00,0.00,0.00,inferred
South Cambridgeshire,2021-05-04,0.43,0.26,0.13,0.06,0.02,0.00,0.00,inferred
South Cambridgeshire,2021-05-05,0.43,0.26,0.13,0.06,0.02,0.00,0.00,inferred
South Cambridgeshire,2021-05-06,0.43,0.26,0.13,0.06,0.02,0.00,0.00,inferred
South Cambridgeshire,2021-05-07,0.43,0.26,0.13,0.06,0.02,0.00,0.00,inferred
South Cambridgeshire,2021-05-08,0.43,0.26,0.13,0.06,0.02,0.00,0.00,inferred
South Cambridgeshire,2021-05-09,0.43,0.26,0.13,0.06,0.02,0.00,0.00,inferred
South Cambridgeshire,2021-05-10,0.43,0.26,0.13,0.06,0.02,0.00,0.00,inferred
South Cambridgeshire,2021-05-11,0.55,0.37,0.22,0.12,0.06,0.01,0.00,inferred
South Cambridgeshire,2021-05-12,0.55,0.37,0.22,0.12,0.06,0.01,0.00,inferred
South Cambridgeshire,2021-05-13,0.55,0.37,0.22,0.12,0.06,0.01,0.00,inferred
South Cambridgeshire,2021-05-14,0.55,0.37,0.22,0.12,0.06,0.01,0.00,inferred
South Cambridgeshire,2021-05-15,0.55,0.37,0.22,0.12,0.06,0.01,0.00,inferred
South Cambridgeshire,2021-05-16,0.55,0.37,0.22,0.12,0.06,0.01,0.00,inferred
South Cambridgeshire,2021-05-17,0.55,0.37,0.22,0.12,0.06,0.01,0.00,inferred
South Cambridgeshire,2021-05-18,0.97,0.93,0.88,0.78,0.66,0.28,0.03,inferred
South Cambridgeshire,2021-05-19,0.97,0.93,0.88,0.78,0.66,0.28,0.03,inferred
South Cambridgeshire,2021-05-20,0.97,0.93,0.88,0.78,0.66,0.28,0.03,inferred
South Cambridgeshire,2021-05-21,0.97,0.93,0.88,0.78,0.66,0.28,0.03,inferred
South Cambridgeshire,2021-05-22,0.97,0.93,0.88,0.78,0.66,0.28,0.03,inferred
South Cambridgeshire,2021-05-23,0.97,0.93,0.88,0.78,0.66,0.28,0.03,inferred
South Cambridgeshire,2021-05-24,0.97,0.93,0.88,0.78,0.66,0.28,0.03,inferred
South Cambridgeshire,2021-05-25,1.00,1.00,0.99,0.98,0.96,0.78,0.23,inferred
South Cambridgeshire,2021-05-26,1.00,1.00,0.99,0.98,0.96,0.78,0.23,inferred
South Cambridgeshire,2021-05-27,1.00,1.00,0.99,0.98,0.96,0.78,0.23,inferred
South Cambridgeshire,2021-05-28,1.00,1.00,0.99,0.98,0.96,0.78,0.23,inferred
South Cambridgeshire,2021-05-29,1.00,1.00,0.99,0.98,0.96,0.78,0.23,inferred
South Cambridgeshire,2021-05-30,1.00,1.00,0.99,0.98,0.96,0.78,0.23,inferred
South Cambridgeshire,2021-05-31,1.00,1.00,0.99,0.98,0.96,0.78,0.23,inferred
South Cambridgeshire,2021-06-01,1.00,1.00,1.00,1.00,1.00,0.92,0.46,inferred
South Cambridgeshire,2021-06-02,1.00,1.00,1.00,1.00,1.00,0.92,0.46,inferred
South Cambridgeshire,2021-06-03,1.00,1.00,1.00,1.00,1.00,0.92,0.46,inferred
South Cambridgeshire,2021-06-04,1.00,1.00,1.00,1.00,1.00,0.92,0.46,inferred
South Cambridgeshire,2021-06-05,1.00,1.00,1.00,1.00,1.00,0.92,0.46,inferred
South Cambridgeshire,2021-06-06,1.00,1.00,1.00,1.00,1.00,0.92,0.46,inferred
South Cambridgeshire,2021-06-07,1.00,1.00,1.00,1.00,1.00,0.92,0.46,inferred
South Cambridgeshire,2021-06-08,1.00,1.00,1.00,1.00,0.99,0.86,0.26,inferred
South Cambridgeshire,2021-06-09,1.00,1.00,1.00,1.00,0.99,0.86,0.26,inferred
South Cambridgeshire,2021-06-10,1.00,1.00,1.00,1.00,0.99,0.86,0.26,inferred
South Cambridgeshire,2021-06-11,1.00,1.00,1.00,1.00,0.99,0.86,0.26,inferred
South Cambridgeshire,2021-06-12,1.00,1.00,1.00,1.00,0.99,0.86,0.26,inferred
South Cambridgeshire,2021-06-13,1.00,1.00,1.00,1.00,0.99,0.86,0.26,inferred
South Cambridgeshire,2021-06-14,1.00,1.00,1.00,1.00,0.99,0.86,0.26,inferred
South Cambridgeshire,2021-06-15,1.00,1.00,1.00,1.00,1.00,0.98,0.63,inferred
South Cambridgeshire,2021-06-16,1.00,1.00,1.00,1.00,1.00,0.98,0.63,inferred
South Cambridgeshire,2021-06-17,1.00,1.00,1.00,1.00,1.00,0.98,0.63,inferred
South Cambridgeshire,2021-06-18,1.00,1.00,1.00,1.00,1.00,0.98,0.63,inferred
South Cambridgeshire,2021-06-19,1.00,1.00,1.00,1.00,1.00,0.98,0.63,inferred
South Cambridgeshire,2021-06-20,1.00,1.00,1.00,1.00,1.00,0.98,0.63,inferred
South Cambridgeshire,2021-06-21,1.00,1.00,1.00,1.00,1.00,0.98,0.63,inferred
South Cambridgeshire,2021-06-22,1.00,1.00,1.00,1.00,0.99,0.72,0.07,inferred
South Cambridgeshire,2021-06-23,1.00,1.00,1.00,1.00,0.99,0.72,0.07,inferred
South Cambridgeshire,2021-06-24,1.00,1.00,1.00,1.00,0.99,0.72,0.07,inferred
South Cambridgeshire,2021-06-25,1.00,1.00,1.00,1.00,0.99,0.72,0.07,inferred
South Cambridgeshire,2021-06-26,1.00,1.00,1.00,1.00,0.99,0.72,0.07,inferred
South Cambridgeshire,2021-06-27,1.00,1.00,1.00,1.00,0.99,0.72,0.07,inferred
South Cambridgeshire,2021-06-28,1.00,1.00,1.00,1.00,0.99,0.72,0.07,inferred
South Cambridgeshire,2021-06-29,1.00,0.98,0.94,0.85,0.70,0.24,0.01,inferred
South Cambridgeshire,2021-06-30,1.00,0.98,0.94,0.85,0.70,0.24,0.01,inferred
South Cambridgeshire,2021-07-01,1.00,0.98,0.94,0.85,0.70,0.24,0.01,inferred
South Cambridgeshire,2021-07-02,1.00,0.98,0.94,0.85,0.70,0.24,0.01,inferred
South Cambridgeshire,2021-07-03,1.00,0.98,0.94,0.85,0.70,0.24,0.01,inferred
South Cambridgeshire,2021-07-04,1.00,0.98,0.94,0.85,0.70,0.24,0.01,inferred
South Cambridgeshire,2021-07-05,1.00,0.98,0.94,0.85,0.70,0.24,0.01,inferred
South Cambridgeshire,2021-07-06,0.97,0.93,0.84,0.74,0.61,0.26,0.04,projected
South Cambridgeshire,2021-07-07,0.97,0.93,0.84,0.74,0.61,0.26,0.04,projected
South Cambridgeshire,2021-07-08,0.97,0.93,0.84,0.74,0.61,0.26,0.04,projected
South Cambridgeshire,2021-07-09,0.97,0.93,0.84,0.74,0.61,0.26,0.04,projected
South Cambridgeshire,2021-07-10,0.97,0.93,0.84,0.74,0.61,0.26,0.04,projected
South Cambridgeshire,2021-07-11,0.97,0.93,0.84,0.74,0.61,0.26,0.04,projected
South Cambridgeshire,2021-07-12,0.97,0.93,0.84,0.74,0.61,0.26,0.04,projected
South Cambridgeshire,2021-07-13,0.97,0.92,0.83,0.72,0.60,0.30,0.07,projected
South Cambridgeshire,2021-07-14,0.97,0.92,0.83,0.72,0.60,0.30,0.07,projected
South Cambridgeshire,2021-07-15,0.97,0.92,0.83,0.72,0.60,0.30,0.07,projected
South Cambridgeshire,2021-07-16,0.97,0.92,0.83,0.72,0.60,0.30,0.07,projected
South Cambridgeshire,2021-07-17,0.97,0.92,0.83,0.72,0.60,0.30,0.07,projected
South Cambridgeshire,2021-07-18,0.97,0.92,0.83,0.72,0.60,0.30,0.07,projected
South Cambridgeshire,2021-07-19,0.97,0.92,0.83,0.72,0.60,0.30,0.07,projected
South Cambridgeshire,2021-07-20,0.97,0.92,0.85,0.76,0.65,0.32,0.08,projected
South Cambridgeshire,2021-07-21,0.97,0.92,0.85,0.76,0.65,0.32,0.08,projected
South Cambridgeshire,2021-07-22,0.97,0.92,0.85,0.76,0.65,0.32,0.08,projected
South Cambridgeshire,2021-07-23,0.97,0.92,0.85,0.76,0.65,0.32,0.08,projected
South Cambridgeshire,2021-07-24,0.97,0.92,0.85,0.76,0.65,0.32,0.08,projected
South Cambridgeshire,2021-07-25,0.97,0.92,0.85,0.76,0.65,0.32,0.08,projected
South Cambridgeshire,2021-07-26,0.97,0.92,0.85,0.76,0.65,0.32,0.08,projected
South Derbyshire,2021-03-23,0.00,0.00,0.00,0.00,0.00,0.00,0.00,inferred
South Derbyshire,2021-03-24,0.00,0.00,0.00,0.00,0.00,0.00,0.00,inferred
South Derbyshire,2021-03-25,0.00,0.00,0.00,0.00,0.00,0.00,0.00,inferred
South Derbyshire,2021-03-26,0.00,0.00,0.00,0.00,0.00,0.00,0.00,inferred
South Derbyshire,2021-03-27,0.00,0.00,0.00,0.00,0.00,0.00,0.00,inferred
South Derbyshire,2021-03-28,0.00,0.00,0.00,0.00,0.00,0.00,0.00,inferred
South Derbyshire,2021-03-29,0.00,0.00,0.00,0.00,0.00,0.00,0.00,inferred
South Derbyshire,2021-03-30,0.03,0.01,0.00,0.00,0.00,0.00,0.00,inferred
South Derbyshire,2021-03-31,0.03,0.01,0.00,0.00,0.00,0.00,0.00,inferred
South Derbyshire,2021-04-01,0.03,0.01,0.00,0.00,0.00,0.00,0.00,inferred
South Derbyshire,2021-04-02,0.03,0.01,0.00,0.00,0.00,0.00,0.00,inferred
South Derbyshire,2021-04-03,0.03,0.01,0.00,0.00,0.00,0.00,0.00,inferred
South Derbyshire,2021-04-04,0.03,0.01,0.00,0.00,0.00,0.00,0.00,inferred
South Derbyshire,2021-04-05,0.03,0.01,0.00,0.00,0.00,0.00,0.00,inferred
South Derbyshire,2021-04-06,0.17,0.07,0.02,0.00,0.00,0.00,0.00,inferred
South Derbyshire,2021-04-07,0.17,0.07,0.02,0.00,0.00,0.00,0.00,inferred
South Derbyshire,2021-04-08,0.17,0.07,0.02,0.00,0.00,0.00,0.00,inferred
South Derbyshire,2021-04-09,0.17,0.07,0.02,0.00,0.00,0.00,0.00,inferred
South Derbyshire,2021-04-10,0.17,0.07,0.02,0.00,0.00,0.00,0.00,inferred
South Derbyshire,2021-04-11,0.17,0.07,0.02,0.00,0.00,0.00,0.00,inferred
South Derbyshire,2021-04-12,0.17,0.07,0.02,0.00,0.00,0.00,0.00,inferred
South Derbyshire,2021-04-13,0.71,0.51,0.32,0.18,0.09,0.01,0.00,inferred
South Derbyshire,2021-04-14,0.71,0.51,0.32,0.18,0.09,0.01,0.00,inferred
South Derbyshire,2021-04-15,0.71,0.51,0.32,0.18,0.09,0.01,0.00,inferred
South Derbyshire,2021-04-16,0.71,0.51,0.32,0.18,0.09,0.01,0.00,inferred
South Derbyshire,2021-04-17,0.71,0.51,0.32,0.18,0.09,0.01,0.00,inferred
South Derbyshire,2021-04-18,0.71,0.51,0.32,0.18,0.09,0.01,0.00,inferred
South Derbyshire,2021-04-19,0.71,0.51,0.32,0.18,0.09,0.01,0.00,inferred
South Derbyshire,2021-04-20,0.72,0.54,0.36,0.22,0.12,0.01,0.00,inferred
South Derbyshire,2021-04-21,0.72,0.54,0.36,0.22,0.12,0.01,0.00,inferred
South Derbyshire,2021-04-22,0.72,0.54,0.36,0.22,0.12,0.01,0.00,inferred
South Derbyshire,2021-04-23,0.72,0.54,0.36,0.22,0.12,0.01,0.00,inferred
South Derbyshire,2021-04-24,0.72,0.54,0.36,0.22,0.12,0.01,0.00,inferred
South Derbyshire,2021-04-25,0.72,0.54,0.36,0.22,0.12,0.01,0.00,inferred
South Derbyshire,2021-04-26,0.72,0.54,0.36,0.22,0.12,0.01,0.00,inferred
South Derbyshire,2021-04-27,0.87,0.73,0.56,0.39,0.25,0.04,0.00,inferred
South Derbyshire,2021-04-28,0.87,0.73,0.56,0.39,0.25,0.04,0.00,inferred
South Derbyshire,2021-04-29,0.87,0.73,0.56,0.39,0.25,0.04,0.00,inferred
South Derbyshire,2021-04-30,0.87,0.73,0.56,0.39,0.25,0.04,0.00,inferred
South Derbyshire,2021-05-01,0.87,0.73,0.56,0.39,0.25,0.04,0.00,inferred
South Derbyshire,2021-05-02,0.87,0.73,0.56,0.39,0.25,0.04,0.00,inferred
South Derbyshire,2021-05-03,0.87,0.73,0.56,0.39,0.25,0.04,0.00,inferred
South Derbyshire,2021-05-04,0.29,0.15,0.06,0.03,0.01,0.00,0.00,inferred
South Derbyshire,2021-05-05,0.29,0.15,0.06,0.03,0.01,0.00,0.00,inferred
South Derbyshire,2021-05-06,0.29,0.15,0.06,0.03,0.01,0.00,0.00,inferred
South Derbyshire,2021-05-07,0.29,0.15,0.06,0.03,0.01,0.00,0.00,inferred
South Derbyshire,2021-05-08,0.29,0.15,0.06,0.03,0.01,0.00,0.00,inferred
South Derbyshire,2021-05-09,0.29,0.15,0.06,0.03,0.01,0.00,0.00,inferred
South Derbyshire,2021-05-10,0.29,0.15,0.06,0.03,0.01,0.00,0.00,inferred
South Derbyshire,2021-05-11,0.30,0.16,0.08,0.03,0.02,0.00,0.00,inferred
South Derbyshire,2021-05-12,0.30,0.16,0.08,0.03,0.02,0.00,0.00,inferred
South Derbyshire,2021-05-13,0.30,0.16,0.08,0.03,0.02,0.00,0.00,inferred
South Derbyshire,2021-05-14,0.30,0.16,0.08,0.03,0.02,0.00,0.00,inferred
South Derbyshire,2021-05-15,0.30,0.16,0.08,0.03,0.02,0.00,0.00,inferred
South Derbyshire,2021-05-16,0.30,0.16,0.08,0.03,0.02,0.00,0.00,inferred
South Derbyshire,2021-05-17,0.30,0.16,0.08,0.03,0.02,0.00,0.00,inferred
South Derbyshire,2021-05-18,0.81,0.69,0.55,0.41,0.30,0.09,0.00,inferred
South Derbyshire,2021-05-19,0.81,0.69,0.55,0.41,0.30,0.09,0.00,inferred
South Derbyshire,2021-05-20,0.81,0.69,0.55,0.41,0.30,0.09,0.00,inferred
South Derbyshire,2021-05-21,0.81,0.69,0.55,0.41,0.30,0.09,0.00,inferred
South Derbyshire,2021-05-22,0.81,0.69,0.55,0.41,0.30,0.09,0.00,inferred
South Derbyshire,2021-05-23,0.81,0.69,0.55,0.41,0.30,0.09,0.00,inferred
South Derbyshire,2021-05-24,0.81,0.69,0.55,0.41,0.30,0.09,0.00,inferred
South Derbyshire,2021-05-25,1.00,1.00,0.99,0.98,0.96,0.82,0.33,inferred
South Derbyshire,2021-05-26,1.00,1.00,0.99,0.98,0.96,0.82,0.33,inferred
South Derbyshire,2021-05-27,1.00,1.00,0.99,0.98,0.96,0.82,0.33,inferred
South Derbyshire,2021-05-28,1.00,1.00,0.99,0.98,0.96,0.82,0.33,inferred
South Derbyshire,2021-05-29,1.00,1.00,0.99,0.98,0.96,0.82,0.33,inferred
South Derbyshire,2021-05-30,1.00,1.00,0.99,0.98,0.96,0.82,0.33,inferred
South Derbyshire,2021-05-31,1.00,1.00,0.99,0.98,0.96,0.82,0.33,inferred
South Derbyshire,2021-06-01,1.00,1.00,0.99,0.96,0.92,0.63,0.16,inferred
South Derbyshire,2021-06-02,1.00,1.00,0.99,0.96,0.92,0.63,0.16,inferred
South Derbyshire,2021-06-03,1.00,1.00,0.99,0.96,0.92,0.63,0.16,inferred
South Derbyshire,2021-06-04,1.00,1.00,0.99,0.96,0.92,0.63,0.16,inferred
South Derbyshire,2021-06-05,1.00,1.00,0.99,0.96,0.92,0.63,0.16,inferred
South Derbyshire,2021-06-06,1.00,1.00,0.99,0.96,0.92,0.63,0.16,inferred
South Derbyshire,2021-06-07,1.00,1.00,0.99,0.96,0.92,0.63,0.16,inferred
South Derbyshire,2021-06-08,1.00,1.00,0.99,0.98,0.96,0.74,0.15,inferred
South Derbyshire,2021-06-09,1.00,1.00,0.99,0.98,0.96,0.74,0.15,inferred
South Derbyshire,2021-06-10,1.00,1.00,0.99,0.98,0.96,0.74,0.15,inferred
South Derbyshire,2021-06-11,1.00,1.00,0.99,0.98,0.96,0.74,0.15,inferred
South Derbyshire,2021-06-12,1.00,1.00,0.99,0.98,0.96,0.74,0.15,inferred
South Derbyshire,2021-06-13,1.00,1.00,0.99,0.98,0.96,0.74,0.15,inferred
South Derbyshire,2021-06-14,1.00,1.00,0.99,0.98,0.96,0.74,0.15,inferred
South Derbyshire,2021-06-15,1.00,1.00,1.00,1.00,1.00,1.00,0.94,inferred
South Derbyshire,2021-06-16,1.00,1.00,1.00,1.00,1.00,1.00,0.94,inferred
South Derbyshire,2021-06-17,1.00,1.00,1.00,1.00,1.00,1.00,0.94,inferred
South Derbyshire,2021-06-18,1.00,1.00,1.00,1.00,1.00,1.00,0.94,inferred
South Derbyshire,2021-06-19,1.00,1.00,1.00,1.00,1.00,1.00,0.94,inferred
South Derbyshire,2021-06-20,1.00,1.00,1.00,1.00,1.00,1.00,0.94,inferred
South Derbyshire,2021-06-21,1.00,1.00,1.00,1.00,1.00,1.00,0.94,inferred
South Derbyshire,2021-06-22,1.00,1.00,1.00,1.00,1.00,0.95,0.58,inferred
South Derbyshire,2021-06-23,1.00,1.00,1.00,1.00,1.00,0.95,0.58,inferred
South Derbyshire,2021-06-24,1.00,1.00,1.00,1.00,1.00,0.95,0.58,inferred
South Derbyshire,2021-06-25,1.00,1.00,1.00,1.00,1.00,0.95,0.58,inferred
South Derbyshire,2021-06-26,1.00,1.00,1.00,1.00,1.00,0.95,0.58,inferred
South Derbyshire,2021-06-27,1.00,1.00,1.00,1.00,1.00,0.95,0.58,inferred
South Derbyshire,2021-06-28,1.00,1.00,1.00,1.00,1.00,0.95,0.58,inferred
South Derbyshire,2021-06-29,1.00,1.00,1.00,0.98,0.93,0.65,0.16,inferred
South Derbyshire,2021-06-30,1.00,1.00,1.00,0.98,0.93,0.65,0.16,inferred
South Derbyshire,2021-07-01,1.00,1.00,1.00,0.98,0.93,0.65,0.16,inferred
South Derbyshire,2021-07-02,1.00,1.00,1.00,0.98,0.93,0.65,0.16,inferred
South Derbyshire,2021-07-03,1.00,1.00,1.00,0.98,0.93,0.65,0.16,inferred
South Derbyshire,2021-07-04,1.00,1.00,1.00,0.98,0.93,0.65,0.16,inferred
South Derbyshire,2021-07-05,1.00,1.00,1.00,0.98,0.93,0.65,0.16,inferred
South Derbyshire,2021-07-06,0.99,0.97,0.93,0.88,0.80,0.54,0.18,projected
South Derbyshire,2021-07-07,0.99,0.97,0.93,0.88,0.80,0.54,0.18,projected
South Derbyshire,2021-07-08,0.99,0.97,0.93,0.88,0.80,0.54,0.18,projected
South Derbyshire,2021-07-09,0.99,0.97,0.93,0.88,0.80,0.54,0.18,projected
South Derbyshire,2021-07-10,0.99,0.97,0.93,0.88,0.80,0.54,0.18,projected
South Derbyshire,2021-07-11,0.99,0.97,0.93,0.88,0.80,0.54,0.18,projected
South Derbyshire,2021-07-12,0.99,0.97,0.93,0.88,0.80,0.54,0.18,projected
South Derbyshire,2021-07-13,0.98,0.95,0.90,0.83,0.74,0.50,0.19,projected
South Derbyshire,2021-07-14,0.98,0.95,0.90,0.83,0.74,0.50,0.19,projected
South Derbyshire,2021-07-15,0.98,0.95,0.90,0.83,0.74,0.50,0.19,projected
South Derbyshire,2021-07-16,0.98,0.95,0.90,0.83,0.74,0.50,0.19,projected
South Derbyshire,2021-07-17,0.98,0.95,0.90,0.83,0.74,0.50,0.19,projected
South Derbyshire,2021-07-18,0.98,0.95,0.90,0.83,0.74,0.50,0.19,projected
South Derbyshire,2021-07-19,0.98,0.95,0.90,0.83,0.74,0.50,0.19,projected
South Derbyshire,2021-07-20,0.97,0.93,0.88,0.80,0.72,0.48,0.20,projected
South Derbyshire,2021-07-21,0.97,0.93,0.88,0.80,0.72,0.48,0.20,projected
South Derbyshire,2021-07-22,0.97,0.93,0.88,0.80,0.72,0.48,0.20,projected
South Derbyshire,2021-07-23,0.97,0.93,0.88,0.80,0.72,0.48,0.20,projected
South Derbyshire,2021-07-24,0.97,0.93,0.88,0.80,0.72,0.48,0.20,projected
South Derbyshire,2021-07-25,0.97,0.93,0.88,0.80,0.72,0.48,0.20,projected
South Derbyshire,2021-07-26,0.97,0.93,0.88,0.80,0.72,0.48,0.20,projected
South Gloucestershire,2021-03-23,0.02,0.00,0.00,0.00,0.00,0.00,0.00,inferred
South Gloucestershire,2021-03-24,0.02,0.00,0.00,0.00,0.00,0.00,0.00,inferred
South Gloucestershire,2021-03-25,0.02,0.00,0.00,0.00,0.00,0.00,0.00,inferred
South Gloucestershire,2021-03-26,0.02,0.00,0.00,0.00,0.00,0.00,0.00,inferred
South Gloucestershire,2021-03-27,0.02,0.00,0.00,0.00,0.00,0.00,0.00,inferred
South Gloucestershire,2021-03-28,0.02,0.00,0.00,0.00,0.00,0.00,0.00,inferred
South Gloucestershire,2021-03-29,0.02,0.00,0.00,0.00,0.00,0.00,0.00,inferred
South Gloucestershire,2021-03-30,0.68,0.41,0.18,0.06,0.02,0.00,0.00,inferred
South Gloucestershire,2021-03-31,0.68,0.41,0.18,0.06,0.02,0.00,0.00,inferred
South Gloucestershire,2021-04-01,0.68,0.41,0.18,0.06,0.02,0.00,0.00,inferred
South Gloucestershire,2021-04-02,0.68,0.41,0.18,0.06,0.02,0.00,0.00,inferred
South Gloucestershire,2021-04-03,0.68,0.41,0.18,0.06,0.02,0.00,0.00,inferred
South Gloucestershire,2021-04-04,0.68,0.41,0.18,0.06,0.02,0.00,0.00,inferred
South Gloucestershire,2021-04-05,0.68,0.41,0.18,0.06,0.02,0.00,0.00,inferred
South Gloucestershire,2021-04-06,0.62,0.38,0.18,0.07,0.03,0.00,0.00,inferred
South Gloucestershire,2021-04-07,0.62,0.38,0.18,0.07,0.03,0.00,0.00,inferred
South Gloucestershire,2021-04-08,0.62,0.38,0.18,0.07,0.03,0.00,0.00,inferred
South Gloucestershire,2021-04-09,0.62,0.38,0.18,0.07,0.03,0.00,0.00,inferred
South Gloucestershire,2021-04-10,0.62,0.38,0.18,0.07,0.03,0.00,0.00,inferred
South Gloucestershire,2021-04-11,0.62,0.38,0.18,0.07,0.03,0.00,0.00,inferred
South Gloucestershire,2021-04-12,0.62,0.38,0.18,0.07,0.03,0.00,0.00,inferred
South Gloucestershire,2021-04-13,0.80,0.59,0.36,0.18,0.07,0.00,0.00,inferred
South Gloucestershire,2021-04-14,0.80,0.59,0.36,0.18,0.07,0.00,0.00,inferred
South Gloucestershire,2021-04-15,0.80,0.59,0.36,0.18,0.07,0.00,0.00,inferred
South Gloucestershire,2021-04-16,0.80,0.59,0.36,0.18,0.07,0.00,0.00,inferred
South Gloucestershire,2021-04-17,0.80,0.59,0.36,0.18,0.07,0.00,0.00,inferred
South Gloucestershire,2021-04-18,0.80,0.59,0.36,0.18,0.07,0.00,0.00,inferred
South Gloucestershire,2021-04-19,0.80,0.59,0.36,0.18,0.07,0.00,0.00,inferred
South Gloucestershire,2021-04-20,0.19,0.08,0.02,0.00,0.00,0.00,0.00,inferred
South Gloucestershire,2021-04-21,0.19,0.08,0.02,0.00,0.00,0.00,0.00,inferred
South Gloucestershire,2021-04-22,0.19,0.08,0.02,0.00,0.00,0.00,0.00,inferred
South Gloucestershire,2021-04-23,0.19,0.08,0.02,0.00,0.00,0.00,0.00,inferred
South Gloucestershire,2021-04-24,0.19,0.08,0.02,0.00,0.00,0.00,0.00,inferred
South Gloucestershire,2021-04-25,0.19,0.08,0.02,0.00,0.00,0.00,0.00,inferred
South Gloucestershire,2021-04-26,0.19,0.08,0.02,0.00,0.00,0.00,0.00,inferred
South Gloucestershire,2021-04-27,0.85,0.68,0.46,0.28,0.15,0.01,0.00,inferred
South Gloucestershire,2021-04-28,0.85,0.68,0.46,0.28,0.15,0.01,0.00,inferred
South Gloucestershire,2021-04-29,0.85,0.68,0.46,0.28,0.15,0.01,0.00,inferred
South Gloucestershire,2021-04-30,0.85,0.68,0.46,0.28,0.15,0.01,0.00,inferred
South Gloucestershire,2021-05-01,0.85,0.68,0.46,0.28,0.15,0.01,0.00,inferred
South Gloucestershire,2021-05-02,0.85,0.68,0.46,0.28,0.15,0.01,0.00,inferred
South Gloucestershire,2021-05-03,0.85,0.68,0.46,0.28,0.15,0.01,0.00,inferred
South Gloucestershire,2021-05-04,0.58,0.36,0.18,0.08,0.03,0.00,0.00,inferred
South Gloucestershire,2021-05-05,0.58,0.36,0.18,0.08,0.03,0.00,0.00,inferred
South Gloucestershire,2021-05-06,0.58,0.36,0.18,0.08,0.03,0.00,0.00,inferred
South Gloucestershire,2021-05-07,0.58,0.36,0.18,0.08,0.03,0.00,0.00,inferred
South Gloucestershire,2021-05-08,0.58,0.36,0.18,0.08,0.03,0.00,0.00,inferred
South Gloucestershire,2021-05-09,0.58,0.36,0.18,0.08,0.03,0.00,0.00,inferred
South Gloucestershire,2021-05-10,0.58,0.36,0.18,0.08,0.03,0.00,0.00,inferred
South Gloucestershire,2021-05-11,0.87,0.71,0.51,0.33,0.18,0.02,0.00,inferred
South Gloucestershire,2021-05-12,0.87,0.71,0.51,0.33,0.18,0.02,0.00,inferred
South Gloucestershire,2021-05-13,0.87,0.71,0.51,0.33,0.18,0.02,0.00,inferred
South Gloucestershire,2021-05-14,0.87,0.71,0.51,0.33,0.18,0.02,0.00,inferred
South Gloucestershire,2021-05-15,0.87,0.71,0.51,0.33,0.18,0.02,0.00,inferred
South Gloucestershire,2021-05-16,0.87,0.71,0.51,0.33,0.18,0.02,0.00,inferred
South Gloucestershire,2021-05-17,0.87,0.71,0.51,0.33,0.18,0.02,0.00,inferred
South Gloucestershire,2021-05-18,0.93,0.84,0.68,0.50,0.33,0.06,0.00,inferred
South Gloucestershire,2021-05-19,0.93,0.84,0.68,0.50,0.33,0.06,0.00,inferred
South Gloucestershire,2021-05-20,0.93,0.84,0.68,0.50,0.33,0.06,0.00,inferred
South Gloucestershire,2021-05-21,0.93,0.84,0.68,0.50,0.33,0.06,0.00,inferred
South Gloucestershire,2021-05-22,0.93,0.84,0.68,0.50,0.33,0.06,0.00,inferred
South Gloucestershire,2021-05-23,0.93,0.84,0.68,0.50,0.33,0.06,0.00,inferred
South Gloucestershire,2021-05-24,0.93,0.84,0.68,0.50,0.33,0.06,0.00,inferred
South Gloucestershire,2021-05-25,1.00,1.00,1.00,1.00,1.00,0.97,0.54,inferred
South Gloucestershire,2021-05-26,1.00,1.00,1.00,1.00,1.00,0.97,0.54,inferred
South Gloucestershire,2021-05-27,1.00,1.00,1.00,1.00,1.00,0.97,0.54,inferred
South Gloucestershire,2021-05-28,1.00,1.00,1.00,1.00,1.00,0.97,0.54,inferred
South Gloucestershire,2021-05-29,1.00,1.00,1.00,1.00,1.00,0.97,0.54,inferred
South Gloucestershire,2021-05-30,1.00,1.00,1.00,1.00,1.00,0.97,0.54,inferred
South Gloucestershire,2021-05-31,1.00,1.00,1.00,1.00,1.00,0.97,0.54,inferred
South Gloucestershire,2021-06-01,1.00,1.00,1.00,1.00,1.00,1.00,0.90,inferred
South Gloucestershire,2021-06-02,1.00,1.00,1.00,1.00,1.00,1.00,0.90,inferred
South Gloucestershire,2021-06-03,1.00,1.00,1.00,1.00,1.00,1.00,0.90,inferred
South Gloucestershire,2021-06-04,1.00,1.00,1.00,1.00,1.00,1.00,0.90,inferred
South Gloucestershire,2021-06-05,1.00,1.00,1.00,1.00,1.00,1.00,0.90,inferred
South Gloucestershire,2021-06-06,1.00,1.00,1.00,1.00,1.00,1.00,0.90,inferred
South Gloucestershire,2021-06-07,1.00,1.00,1.00,1.00,1.00,1.00,0.90,inferred
South Gloucestershire,2021-06-08,1.00,1.00,1.00,1.00,0.99,0.77,0.16,inferred
South Gloucestershire,2021-06-09,1.00,1.00,1.00,1.00,0.99,0.77,0.16,inferred
South Gloucestershire,2021-06-10,1.00,1.00,1.00,1.00,0.99,0.77,0.16,inferred
South Gloucestershire,2021-06-11,1.00,1.00,1.00,1.00,0.99,0.77,0.16,inferred
South Gloucestershire,2021-06-12,1.00,1.00,1.00,1.00,0.99,0.77,0.16,inferred
South Gloucestershire,2021-06-13,1.00,1.00,1.00,1.00,0.99,0.77,0.16,inferred
South Gloucestershire,2021-06-14,1.00,1.00,1.00,1.00,0.99,0.77,0.16,inferred
South Gloucestershire,2021-06-15,1.00,1.00,1.00,1.00,1.00,0.82,0.08,inferred
South Gloucestershire,2021-06-16,1.00,1.00,1.00,1.00,1.00,0.82,0.08,inferred
South Gloucestershire,2021-06-17,1.00,1.00,1.00,1.00,1.00,0.82,0.08,inferred
South Gloucestershire,2021-06-18,1.00,1.00,1.00,1.00,1.00,0.82,0.08,inferred
South Gloucestershire,2021-06-19,1.00,1.00,1.00,1.00,1.00,0.82,0.08,inferred
South Gloucestershire,2021-06-20,1.00,1.00,1.00,1.00,1.00,0.82,0.08,inferred
South Gloucestershire,2021-06-21,1.00,1.00,1.00,1.00,1.00,0.82,0.08,inferred
South Gloucestershire,2021-06-22,1.00,1.00,1.00,1.00,1.00,0.92,0.19,inferred
South Gloucestershire,2021-06-23,1.00,1.00,1.00,1.00,1.00,0.92,0.19,inferred
South Gloucestershire,2021-06-24,1.00,1.00,1.00,1.00,1.00,0.92,0.19,inferred
South Gloucestershire,2021-06-25,1.00,1.00,1.00,1.00,1.00,0.92,0.19,inferred
South Gloucestershire,2021-06-26,1.00,1.00,1.00,1.00,1.00,0.92,0.19,inferred
South Gloucestershire,2021-06-27,1.00,1.00,1.00,1.00,1.00,0.92,0.19,inferred
South Gloucestershire,2021-06-28,1.00,1.00,1.00,1.00,1.00,0.92,0.19,inferred
South Gloucestershire,2021-06-29,1.00,0.99,0.97,0.92,0.82,0.43,0.03,inferred
South Gloucestershire,2021-06-30,1.00,0.99,0.97,0.92,0.82,0.43,0.03,inferred
South Gloucestershire,2021-07-01,1.00,0.99,0.97,0.92,0.82,0.43,0.03,inferred
South Gloucestershire,2021-07-02,1.00,0.99,0.97,0.92,0.82,0.43,0.03,inferred
South Gloucestershire,2021-07-03,1.00,0.99,0.97,0.92,0.82,0.43,0.03,inferred
South Gloucestershire,2021-07-04,1.00,0.99,0.97,0.92,0.82,0.43,0.03,inferred
South Gloucestershire,2021-07-05,1.00,0.99,0.97,0.92,0.82,0.43,0.03,inferred
South Gloucestershire,2021-07-06,0.95,0.90,0.84,0.75,0.65,0.38,0.12,projected
South Gloucestershire,2021-07-07,0.95,0.90,0.84,0.75,0.65,0.38,0.12,projected
South Gloucestershire,2021-07-08,0.95,0.90,0.84,0.75,0.65,0.38,0.12,projected
South Gloucestershire,2021-07-09,0.95,0.90,0.84,0.75,0.65,0.38,0.12,projected
South Gloucestershire,2021-07-10,0.95,0.90,0.84,0.75,0.65,0.38,0.12,projected
South Gloucestershire,2021-07-11,0.95,0.90,0.84,0.75,0.65,0.38,0.12,projected
South Gloucestershire,2021-07-12,0.95,0.90,0.84,0.75,0.65,0.38,0.12,projected
South Gloucestershire,2021-07-13,0.90,0.83,0.76,0.67,0.59,0.37,0.16,projected
South Gloucestershire,2021-07-14,0.90,0.83,0.76,0.67,0.59,0.37,0.16,projected
South Gloucestershire,2021-07-15,0.90,0.83,0.76,0.67,0.59,0.37,0.16,projected
South Gloucestershire,2021-07-16,0.90,0.83,0.76,0.67,0.59,0.37,0.16,projected
South Gloucestershire,2021-07-17,0.90,0.83,0.76,0.67,0.59,0.37,0.16,projected
South Gloucestershire,2021-07-18,0.90,0.83,0.76,0.67,0.59,0.37,0.16,projected
South Gloucestershire,2021-07-19,0.90,0.83,0.76,0.67,0.59,0.37,0.16,projected
South Gloucestershire,2021-07-20,0.86,0.80,0.72,0.65,0.57,0.38,0.20,projected
South Gloucestershire,2021-07-21,0.86,0.80,0.72,0.65,0.57,0.38,0.20,projected
South Gloucestershire,2021-07-22,0.86,0.80,0.72,0.65,0.57,0.38,0.20,projected
South Gloucestershire,2021-07-23,0.86,0.80,0.72,0.65,0.57,0.38,0.20,projected
South Gloucestershire,2021-07-24,0.86,0.80,0.72,0.65,0.57,0.38,0.20,projected
South Gloucestershire,2021-07-25,0.86,0.80,0.72,0.65,0.57,0.38,0.20,projected
South Gloucestershire,2021-07-26,0.86,0.80,0.72,0.65,0.57,0.38,0.20,projected
South Hams,2021-03-23,0.38,0.23,0.12,0.06,0.03,0.00,0.00,inferred
South Hams,2021-03-24,0.38,0.23,0.12,0.06,0.03,0.00,0.00,inferred
South Hams,2021-03-25,0.38,0.23,0.12,0.06,0.03,0.00,0.00,inferred
South Hams,2021-03-26,0.38,0.23,0.12,0.06,0.03,0.00,0.00,inferred
South Hams,2021-03-27,0.38,0.23,0.12,0.06,0.03,0.00,0.00,inferred
South Hams,2021-03-28,0.38,0.23,0.12,0.06,0.03,0.00,0.00,inferred
South Hams,2021-03-29,0.38,0.23,0.12,0.06,0.03,0.00,0.00,inferred
South Hams,2021-03-30,0.40,0.24,0.13,0.07,0.03,0.00,0.00,inferred
South Hams,2021-03-31,0.40,0.24,0.13,0.07,0.03,0.00,0.00,inferred
South Hams,2021-04-01,0.40,0.24,0.13,0.07,0.03,0.00,0.00,inferred
South Hams,2021-04-02,0.40,0.24,0.13,0.07,0.03,0.00,0.00,inferred
South Hams,2021-04-03,0.40,0.24,0.13,0.07,0.03,0.00,0.00,inferred
South Hams,2021-04-04,0.40,0.24,0.13,0.07,0.03,0.00,0.00,inferred
South Hams,2021-04-05,0.40,0.24,0.13,0.07,0.03,0.00,0.00,inferred
South Hams,2021-04-06,0.65,0.50,0.36,0.25,0.16,0.04,0.00,inferred
South Hams,2021-04-07,0.65,0.50,0.36,0.25,0.16,0.04,0.00,inferred
South Hams,2021-04-08,0.65,0.50,0.36,0.25,0.16,0.04,0.00,inferred
South Hams,2021-04-09,0.65,0.50,0.36,0.25,0.16,0.04,0.00,inferred
South Hams,2021-04-10,0.65,0.50,0.36,0.25,0.16,0.04,0.00,inferred
South Hams,2021-04-11,0.65,0.50,0.36,0.25,0.16,0.04,0.00,inferred
South Hams,2021-04-12,0.65,0.50,0.36,0.25,0.16,0.04,0.00,inferred
South Hams,2021-04-13,0.96,0.91,0.84,0.75,0.64,0.33,0.07,inferred
South Hams,2021-04-14,0.96,0.91,0.84,0.75,0.64,0.33,0.07,inferred
South Hams,2021-04-15,0.96,0.91,0.84,0.75,0.64,0.33,0.07,inferred
South Hams,2021-04-16,0.96,0.91,0.84,0.75,0.64,0.33,0.07,inferred
South Hams,2021-04-17,0.96,0.91,0.84,0.75,0.64,0.33,0.07,inferred
South Hams,2021-04-18,0.96,0.91,0.84,0.75,0.64,0.33,0.07,inferred
South Hams,2021-04-19,0.96,0.91,0.84,0.75,0.64,0.33,0.07,inferred
South Hams,2021-04-20,0.99,0.97,0.94,0.88,0.80,0.47,0.10,inferred
South Hams,2021-04-21,0.99,0.97,0.94,0.88,0.80,0.47,0.10,inferred
South Hams,2021-04-22,0.99,0.97,0.94,0.88,0.80,0.47,0.10,inferred
South Hams,2021-04-23,0.99,0.97,0.94,0.88,0.80,0.47,0.10,inferred
South Hams,2021-04-24,0.99,0.97,0.94,0.88,0.80,0.47,0.10,inferred
South Hams,2021-04-25,0.99,0.97,0.94,0.88,0.80,0.47,0.10,inferred
South Hams,2021-04-26,0.99,0.97,0.94,0.88,0.80,0.47,0.10,inferred
South Hams,2021-04-27,0.97,0.93,0.86,0.76,0.64,0.29,0.04,inferred
South Hams,2021-04-28,0.97,0.93,0.86,0.76,0.64,0.29,0.04,inferred
South Hams,2021-04-29,0.97,0.93,0.86,0.76,0.64,0.29,0.04,inferred
South Hams,2021-04-30,0.97,0.93,0.86,0.76,0.64,0.29,0.04,inferred
South Hams,2021-05-01,0.97,0.93,0.86,0.76,0.64,0.29,0.04,inferred
South Hams,2021-05-02,0.97,0.93,0.86,0.76,0.64,0.29,0.04,inferred
South Hams,2021-05-03,0.97,0.93,0.86,0.76,0.64,0.29,0.04,inferred
South Hams,2021-05-04,0.87,0.74,0.58,0.40,0.27,0.05,0.00,inferred
South Hams,2021-05-05,0.87,0.74,0.58,0.40,0.27,0.05,0.00,inferred
South Hams,2021-05-06,0.87,0.74,0.58,0.40,0.27,0.05,0.00,inferred
South Hams,2021-05-07,0.87,0.74,0.58,0.40,0.27,0.05,0.00,inferred
South Hams,2021-05-08,0.87,0.74,0.58,0.40,0.27,0.05,0.00,inferred
South Hams,2021-05-09,0.87,0.74,0.58,0.40,0.27,0.05,0.00,inferred
South Hams,2021-05-10,0.87,0.74,0.58,0.40,0.27,0.05,0.00,inferred
South Hams,2021-05-11,0.74,0.59,0.42,0.27,0.17,0.03,0.00,inferred
South Hams,2021-05-12,0.74,0.59,0.42,0.27,0.17,0.03,0.00,inferred
South Hams,2021-05-13,0.74,0.59,0.42,0.27,0.17,0.03,0.00,inferred
South Hams,2021-05-14,0.74,0.59,0.42,0.27,0.17,0.03,0.00,inferred
South Hams,2021-05-15,0.74,0.59,0.42,0.27,0.17,0.03,0.00,inferred
South Hams,2021-05-16,0.74,0.59,0.42,0.27,0.17,0.03,0.00,inferred
South Hams,2021-05-17,0.74,0.59,0.42,0.27,0.17,0.03,0.00,inferred
South Hams,2021-05-18,0.21,0.09,0.04,0.01,0.00,0.00,0.00,inferred
South Hams,2021-05-19,0.21,0.09,0.04,0.01,0.00,0.00,0.00,inferred
South Hams,2021-05-20,0.21,0.09,0.04,0.01,0.00,0.00,0.00,inferred
South Hams,2021-05-21,0.21,0.09,0.04,0.01,0.00,0.00,0.00,inferred
South Hams,2021-05-22,0.21,0.09,0.04,0.01,0.00,0.00,0.00,inferred
South Hams,2021-05-23,0.21,0.09,0.04,0.01,0.00,0.00,0.00,inferred
South Hams,2021-05-24,0.21,0.09,0.04,0.01,0.00,0.00,0.00,inferred
South Hams,2021-05-25,0.64,0.49,0.33,0.22,0.13,0.02,0.00,inferred
South Hams,2021-05-26,0.64,0.49,0.33,0.22,0.13,0.02,0.00,inferred
South Hams,2021-05-27,0.64,0.49,0.33,0.22,0.13,0.02,0.00,inferred
South Hams,2021-05-28,0.64,0.49,0.33,0.22,0.13,0.02,0.00,inferred
South Hams,2021-05-29,0.64,0.49,0.33,0.22,0.13,0.02,0.00,inferred
South Hams,2021-05-30,0.64,0.49,0.33,0.22,0.13,0.02,0.00,inferred
South Hams,2021-05-31,0.64,0.49,0.33,0.22,0.13,0.02,0.00,inferred
South Hams,2021-06-01,0.98,0.95,0.91,0.84,0.73,0.37,0.06,inferred
South Hams,2021-06-02,0.98,0.95,0.91,0.84,0.73,0.37,0.06,inferred
South Hams,2021-06-03,0.98,0.95,0.91,0.84,0.73,0.37,0.06,inferred
South Hams,2021-06-04,0.98,0.95,0.91,0.84,0.73,0.37,0.06,inferred
South Hams,2021-06-05,0.98,0.95,0.91,0.84,0.73,0.37,0.06,inferred
South Hams,2021-06-06,0.98,0.95,0.91,0.84,0.73,0.37,0.06,inferred
South Hams,2021-06-07,0.98,0.95,0.91,0.84,0.73,0.37,0.06,inferred
South Hams,2021-06-08,1.00,1.00,0.99,0.98,0.95,0.75,0.29,inferred
South Hams,2021-06-09,1.00,1.00,0.99,0.98,0.95,0.75,0.29,inferred
South Hams,2021-06-10,1.00,1.00,0.99,0.98,0.95,0.75,0.29,inferred
South Hams,2021-06-11,1.00,1.00,0.99,0.98,0.95,0.75,0.29,inferred
South Hams,2021-06-12,1.00,1.00,0.99,0.98,0.95,0.75,0.29,inferred
South Hams,2021-06-13,1.00,1.00,0.99,0.98,0.95,0.75,0.29,inferred
South Hams,2021-06-14,1.00,1.00,0.99,0.98,0.95,0.75,0.29,inferred
South Hams,2021-06-15,1.00,1.00,1.00,1.00,1.00,0.98,0.70,inferred
South Hams,2021-06-16,1.00,1.00,1.00,1.00,1.00,0.98,0.70,inferred
South Hams,2021-06-17,1.00,1.00,1.00,1.00,1.00,0.98,0.70,inferred
South Hams,2021-06-18,1.00,1.00,1.00,1.00,1.00,0.98,0.70,inferred
South Hams,2021-06-19,1.00,1.00,1.00,1.00,1.00,0.98,0.70,inferred
South Hams,2021-06-20,1.00,1.00,1.00,1.00,1.00,0.98,0.70,inferred
South Hams,2021-06-21,1.00,1.00,1.00,1.00,1.00,0.98,0.70,inferred
South Hams,2021-06-22,1.00,1.00,1.00,1.00,1.00,0.99,0.81,inferred
South Hams,2021-06-23,1.00,1.00,1.00,1.00,1.00,0.99,0.81,inferred
South Hams,2021-06-24,1.00,1.00,1.00,1.00,1.00,0.99,0.81,inferred
South Hams,2021-06-25,1.00,1.00,1.00,1.00,1.00,0.99,0.81,inferred
South Hams,2021-06-26,1.00,1.00,1.00,1.00,1.00,0.99,0.81,inferred
South Hams,2021-06-27,1.00,1.00,1.00,1.00,1.00,0.99,0.81,inferred
South Hams,2021-06-28,1.00,1.00,1.00,1.00,1.00,0.99,0.81,inferred
South Hams,2021-06-29,0.99,0.99,0.97,0.93,0.88,0.60,0.16,inferred
South Hams,2021-06-30,0.99,0.99,0.97,0.93,0.88,0.60,0.16,inferred
South Hams,2021-07-01,0.99,0.99,0.97,0.93,0.88,0.60,0.16,inferred
South Hams,2021-07-02,0.99,0.99,0.97,0.93,0.88,0.60,0.16,inferred
South Hams,2021-07-03,0.99,0.99,0.97,0.93,0.88,0.60,0.16,inferred
South Hams,2021-07-04,0.99,0.99,0.97,0.93,0.88,0.60,0.16,inferred
South Hams,2021-07-05,0.99,0.99,0.97,0.93,0.88,0.60,0.16,inferred
South Hams,2021-07-06,0.98,0.96,0.92,0.88,0.81,0.57,0.28,projected
South Hams,2021-07-07,0.98,0.96,0.92,0.88,0.81,0.57,0.28,projected
South Hams,2021-07-08,0.98,0.96,0.92,0.88,0.81,0.57,0.28,projected
South Hams,2021-07-09,0.98,0.96,0.92,0.88,0.81,0.57,0.28,projected
South Hams,2021-07-10,0.98,0.96,0.92,0.88,0.81,0.57,0.28,projected
South Hams,2021-07-11,0.98,0.96,0.92,0.88,0.81,0.57,0.28,projected
South Hams,2021-07-12,0.98,0.96,0.92,0.88,0.81,0.57,0.28,projected
South Hams,2021-07-13,0.97,0.95,0.90,0.85,0.80,0.61,0.33,projected
South Hams,2021-07-14,0.97,0.95,0.90,0.85,0.80,0.61,0.33,projected
South Hams,2021-07-15,0.97,0.95,0.90,0.85,0.80,0.61,0.33,projected
South Hams,2021-07-16,0.97,0.95,0.90,0.85,0.80,0.61,0.33,projected
South Hams,2021-07-17,0.97,0.95,0.90,0.85,0.80,0.61,0.33,projected
South Hams,2021-07-18,0.97,0.95,0.90,0.85,0.80,0.61,0.33,projected
South Hams,2021-07-19,0.97,0.95,0.90,0.85,0.80,0.61,0.33,projected
South Hams,2021-07-20,0.96,0.94,0.90,0.86,0.80,0.64,0.37,projected
South Hams,2021-07-21,0.96,0.94,0.90,0.86,0.80,0.64,0.37,projected
South Hams,2021-07-22,0.96,0.94,0.90,0.86,0.80,0.64,0.37,projected
South Hams,2021-07-23,0.96,0.94,0.90,0.86,0.80,0.64,0.37,projected
South Hams,2021-07-24,0.96,0.94,0.90,0.86,0.80,0.64,0.37,projected
South Hams,2021-07-25,0.96,0.94,0.90,0.86,0.80,0.64,0.37,projected
South Hams,2021-07-26,0.96,0.94,0.90,0.86,0.80,0.64,0.37,projected
South Holland,2021-03-23,0.09,0.01,0.00,0.00,0.00,0.00,0.00,inferred
South Holland,2021-03-24,0.09,0.01,0.00,0.00,0.00,0.00,0.00,inferred
South Holland,2021-03-25,0.09,0.01,0.00,0.00,0.00,0.00,0.00,inferred
South Holland,2021-03-26,0.09,0.01,0.00,0.00,0.00,0.00,0.00,inferred
South Holland,2021-03-27,0.09,0.01,0.00,0.00,0.00,0.00,0.00,inferred
South Holland,2021-03-28,0.09,0.01,0.00,0.00,0.00,0.00,0.00,inferred
South Holland,2021-03-29,0.09,0.01,0.00,0.00,0.00,0.00,0.00,inferred
South Holland,2021-03-30,0.35,0.11,0.02,0.00,0.00,0.00,0.00,inferred
South Holland,2021-03-31,0.35,0.11,0.02,0.00,0.00,0.00,0.00,inferred
South Holland,2021-04-01,0.35,0.11,0.02,0.00,0.00,0.00,0.00,inferred
South Holland,2021-04-02,0.35,0.11,0.02,0.00,0.00,0.00,0.00,inferred
South Holland,2021-04-03,0.35,0.11,0.02,0.00,0.00,0.00,0.00,inferred
South Holland,2021-04-04,0.35,0.11,0.02,0.00,0.00,0.00,0.00,inferred
South Holland,2021-04-05,0.35,0.11,0.02,0.00,0.00,0.00,0.00,inferred
South Holland,2021-04-06,0.12,0.03,0.00,0.00,0.00,0.00,0.00,inferred
South Holland,2021-04-07,0.12,0.03,0.00,0.00,0.00,0.00,0.00,inferred
South Holland,2021-04-08,0.12,0.03,0.00,0.00,0.00,0.00,0.00,inferred
South Holland,2021-04-09,0.12,0.03,0.00,0.00,0.00,0.00,0.00,inferred
South Holland,2021-04-10,0.12,0.03,0.00,0.00,0.00,0.00,0.00,inferred
South Holland,2021-04-11,0.12,0.03,0.00,0.00,0.00,0.00,0.00,inferred
South Holland,2021-04-12,0.12,0.03,0.00,0.00,0.00,0.00,0.00,inferred
South Holland,2021-04-13,0.50,0.28,0.12,0.04,0.01,0.00,0.00,inferred
South Holland,2021-04-14,0.50,0.28,0.12,0.04,0.01,0.00,0.00,inferred
South Holland,2021-04-15,0.50,0.28,0.12,0.04,0.01,0.00,0.00,inferred
South Holland,2021-04-16,0.50,0.28,0.12,0.04,0.01,0.00,0.00,inferred
South Holland,2021-04-17,0.50,0.28,0.12,0.04,0.01,0.00,0.00,inferred
South Holland,2021-04-18,0.50,0.28,0.12,0.04,0.01,0.00,0.00,inferred
South Holland,2021-04-19,0.50,0.28,0.12,0.04,0.01,0.00,0.00,inferred
South Holland,2021-04-20,0.99,0.94,0.81,0.62,0.40,0.05,0.00,inferred
South Holland,2021-04-21,0.99,0.94,0.81,0.62,0.40,0.05,0.00,inferred
South Holland,2021-04-22,0.99,0.94,0.81,0.62,0.40,0.05,0.00,inferred
South Holland,2021-04-23,0.99,0.94,0.81,0.62,0.40,0.05,0.00,inferred
South Holland,2021-04-24,0.99,0.94,0.81,0.62,0.40,0.05,0.00,inferred
South Holland,2021-04-25,0.99,0.94,0.81,0.62,0.40,0.05,0.00,inferred
South Holland,2021-04-26,0.99,0.94,0.81,0.62,0.40,0.05,0.00,inferred
South Holland,2021-04-27,0.88,0.68,0.45,0.22,0.10,0.00,0.00,inferred
South Holland,2021-04-28,0.88,0.68,0.45,0.22,0.10,0.00,0.00,inferred
South Holland,2021-04-29,0.88,0.68,0.45,0.22,0.10,0.00,0.00,inferred
South Holland,2021-04-30,0.88,0.68,0.45,0.22,0.10,0.00,0.00,inferred
South Holland,2021-05-01,0.88,0.68,0.45,0.22,0.10,0.00,0.00,inferred
South Holland,2021-05-02,0.88,0.68,0.45,0.22,0.10,0.00,0.00,inferred
South Holland,2021-05-03,0.88,0.68,0.45,0.22,0.10,0.00,0.00,inferred
South Holland,2021-05-04,0.89,0.69,0.45,0.23,0.10,0.01,0.00,inferred
South Holland,2021-05-05,0.89,0.69,0.45,0.23,0.10,0.01,0.00,inferred
South Holland,2021-05-06,0.89,0.69,0.45,0.23,0.10,0.01,0.00,inferred
South Holland,2021-05-07,0.89,0.69,0.45,0.23,0.10,0.01,0.00,inferred
South Holland,2021-05-08,0.89,0.69,0.45,0.23,0.10,0.01,0.00,inferred
South Holland,2021-05-09,0.89,0.69,0.45,0.23,0.10,0.01,0.00,inferred
South Holland,2021-05-10,0.89,0.69,0.45,0.23,0.10,0.01,0.00,inferred
South Holland,2021-05-11,0.70,0.43,0.22,0.09,0.03,0.00,0.00,inferred
South Holland,2021-05-12,0.70,0.43,0.22,0.09,0.03,0.00,0.00,inferred
South Holland,2021-05-13,0.70,0.43,0.22,0.09,0.03,0.00,0.00,inferred
South Holland,2021-05-14,0.70,0.43,0.22,0.09,0.03,0.00,0.00,inferred
South Holland,2021-05-15,0.70,0.43,0.22,0.09,0.03,0.00,0.00,inferred
South Holland,2021-05-16,0.70,0.43,0.22,0.09,0.03,0.00,0.00,inferred
South Holland,2021-05-17,0.70,0.43,0.22,0.09,0.03,0.00,0.00,inferred
South Holland,2021-05-18,0.53,0.26,0.11,0.04,0.01,0.00,0.00,inferred
South Holland,2021-05-19,0.53,0.26,0.11,0.04,0.01,0.00,0.00,inferred
South Holland,2021-05-20,0.53,0.26,0.11,0.04,0.01,0.00,0.00,inferred
South Holland,2021-05-21,0.53,0.26,0.11,0.04,0.01,0.00,0.00,inferred
South Holland,2021-05-22,0.53,0.26,0.11,0.04,0.01,0.00,0.00,inferred
South Holland,2021-05-23,0.53,0.26,0.11,0.04,0.01,0.00,0.00,inferred
South Holland,2021-05-24,0.53,0.26,0.11,0.04,0.01,0.00,0.00,inferred
South Holland,2021-05-25,0.55,0.30,0.14,0.05,0.01,0.00,0.00,inferred
South Holland,2021-05-26,0.55,0.30,0.14,0.05,0.01,0.00,0.00,inferred
South Holland,2021-05-27,0.55,0.30,0.14,0.05,0.01,0.00,0.00,inferred
South Holland,2021-05-28,0.55,0.30,0.14,0.05,0.01,0.00,0.00,inferred
South Holland,2021-05-29,0.55,0.30,0.14,0.05,0.01,0.00,0.00,inferred
South Holland,2021-05-30,0.55,0.30,0.14,0.05,0.01,0.00,0.00,inferred
South Holland,2021-05-31,0.55,0.30,0.14,0.05,0.01,0.00,0.00,inferred
South Holland,2021-06-01,0.74,0.53,0.33,0.16,0.08,0.00,0.00,inferred
South Holland,2021-06-02,0.74,0.53,0.33,0.16,0.08,0.00,0.00,inferred
South Holland,2021-06-03,0.74,0.53,0.33,0.16,0.08,0.00,0.00,inferred
South Holland,2021-06-04,0.74,0.53,0.33,0.16,0.08,0.00,0.00,inferred
South Holland,2021-06-05,0.74,0.53,0.33,0.16,0.08,0.00,0.00,inferred
South Holland,2021-06-06,0.74,0.53,0.33,0.16,0.08,0.00,0.00,inferred
South Holland,2021-06-07,0.74,0.53,0.33,0.16,0.08,0.00,0.00,inferred
South Holland,2021-06-08,0.99,0.96,0.90,0.80,0.65,0.16,0.00,inferred
South Holland,2021-06-09,0.99,0.96,0.90,0.80,0.65,0.16,0.00,inferred
South Holland,2021-06-10,0.99,0.96,0.90,0.80,0.65,0.16,0.00,inferred
South Holland,2021-06-11,0.99,0.96,0.90,0.80,0.65,0.16,0.00,inferred
South Holland,2021-06-12,0.99,0.96,0.90,0.80,0.65,0.16,0.00,inferred
South Holland,2021-06-13,0.99,0.96,0.90,0.80,0.65,0.16,0.00,inferred
South Holland,2021-06-14,0.99,0.96,0.90,0.80,0.65,0.16,0.00,inferred
South Holland,2021-06-15,1.00,1.00,1.00,0.99,0.96,0.68,0.09,inferred
South Holland,2021-06-16,1.00,1.00,1.00,0.99,0.96,0.68,0.09,inferred
South Holland,2021-06-17,1.00,1.00,1.00,0.99,0.96,0.68,0.09,inferred
South Holland,2021-06-18,1.00,1.00,1.00,0.99,0.96,0.68,0.09,inferred
South Holland,2021-06-19,1.00,1.00,1.00,0.99,0.96,0.68,0.09,inferred
South Holland,2021-06-20,1.00,1.00,1.00,0.99,0.96,0.68,0.09,inferred
South Holland,2021-06-21,1.00,1.00,1.00,0.99,0.96,0.68,0.09,inferred
South Holland,2021-06-22,0.98,0.91,0.76,0.58,0.39,0.06,0.00,inferred
South Holland,2021-06-23,0.98,0.91,0.76,0.58,0.39,0.06,0.00,inferred
South Holland,2021-06-24,0.98,0.91,0.76,0.58,0.39,0.06,0.00,inferred
South Holland,2021-06-25,0.98,0.91,0.76,0.58,0.39,0.06,0.00,inferred
South Holland,2021-06-26,0.98,0.91,0.76,0.58,0.39,0.06,0.00,inferred
South Holland,2021-06-27,0.98,0.91,0.76,0.58,0.39,0.06,0.00,inferred
South Holland,2021-06-28,0.98,0.91,0.76,0.58,0.39,0.06,0.00,inferred
South Holland,2021-06-29,0.91,0.83,0.70,0.57,0.42,0.14,0.01,inferred
South Holland,2021-06-30,0.91,0.83,0.70,0.57,0.42,0.14,0.01,inferred
South Holland,2021-07-01,0.91,0.83,0.70,0.57,0.42,0.14,0.01,inferred
South Holland,2021-07-02,0.91,0.83,0.70,0.57,0.42,0.14,0.01,inferred
South Holland,2021-07-03,0.91,0.83,0.70,0.57,0.42,0.14,0.01,inferred
South Holland,2021-07-04,0.91,0.83,0.70,0.57,0.42,0.14,0.01,inferred
South Holland,2021-07-05,0.91,0.83,0.70,0.57,0.42,0.14,0.01,inferred
South Holland,2021-07-06,0.91,0.85,0.76,0.65,0.55,0.26,0.06,projected
South Holland,2021-07-07,0.91,0.85,0.76,0.65,0.55,0.26,0.06,projected
South Holland,2021-07-08,0.91,0.85,0.76,0.65,0.55,0.26,0.06,projected
South Holland,2021-07-09,0.91,0.85,0.76,0.65,0.55,0.26,0.06,projected
South Holland,2021-07-10,0.91,0.85,0.76,0.65,0.55,0.26,0.06,projected
South Holland,2021-07-11,0.91,0.85,0.76,0.65,0.55,0.26,0.06,projected
South Holland,2021-07-12,0.91,0.85,0.76,0.65,0.55,0.26,0.06,projected
South Holland,2021-07-13,0.94,0.90,0.83,0.75,0.66,0.38,0.09,projected
South Holland,2021-07-14,0.94,0.90,0.83,0.75,0.66,0.38,0.09,projected
South Holland,2021-07-15,0.94,0.90,0.83,0.75,0.66,0.38,0.09,projected
South Holland,2021-07-16,0.94,0.90,0.83,0.75,0.66,0.38,0.09,projected
South Holland,2021-07-17,0.94,0.90,0.83,0.75,0.66,0.38,0.09,projected
South Holland,2021-07-18,0.94,0.90,0.83,0.75,0.66,0.38,0.09,projected
South Holland,2021-07-19,0.94,0.90,0.83,0.75,0.66,0.38,0.09,projected
South Holland,2021-07-20,0.97,0.95,0.91,0.85,0.78,0.51,0.18,projected
South Holland,2021-07-21,0.97,0.95,0.91,0.85,0.78,0.51,0.18,projected
South Holland,2021-07-22,0.97,0.95,0.91,0.85,0.78,0.51,0.18,projected
South Holland,2021-07-23,0.97,0.95,0.91,0.85,0.78,0.51,0.18,projected
South Holland,2021-07-24,0.97,0.95,0.91,0.85,0.78,0.51,0.18,projected
South Holland,2021-07-25,0.97,0.95,0.91,0.85,0.78,0.51,0.18,projected
South Holland,2021-07-26,0.97,0.95,0.91,0.85,0.78,0.51,0.18,projected
South Kesteven,2021-03-23,0.00,0.00,0.00,0.00,0.00,0.00,0.00,inferred
South Kesteven,2021-03-24,0.00,0.00,0.00,0.00,0.00,0.00,0.00,inferred
South Kesteven,2021-03-25,0.00,0.00,0.00,0.00,0.00,0.00,0.00,inferred
South Kesteven,2021-03-26,0.00,0.00,0.00,0.00,0.00,0.00,0.00,inferred
South Kesteven,2021-03-27,0.00,0.00,0.00,0.00,0.00,0.00,0.00,inferred
South Kesteven,2021-03-28,0.00,0.00,0.00,0.00,0.00,0.00,0.00,inferred
South Kesteven,2021-03-29,0.00,0.00,0.00,0.00,0.00,0.00,0.00,inferred
South Kesteven,2021-03-30,0.07,0.01,0.00,0.00,0.00,0.00,0.00,inferred
South Kesteven,2021-03-31,0.07,0.01,0.00,0.00,0.00,0.00,0.00,inferred
South Kesteven,2021-04-01,0.07,0.01,0.00,0.00,0.00,0.00,0.00,inferred
South Kesteven,2021-04-02,0.07,0.01,0.00,0.00,0.00,0.00,0.00,inferred
South Kesteven,2021-04-03,0.07,0.01,0.00,0.00,0.00,0.00,0.00,inferred
South Kesteven,2021-04-04,0.07,0.01,0.00,0.00,0.00,0.00,0.00,inferred
South Kesteven,2021-04-05,0.07,0.01,0.00,0.00,0.00,0.00,0.00,inferred
South Kesteven,2021-04-06,0.03,0.01,0.00,0.00,0.00,0.00,0.00,inferred
South Kesteven,2021-04-07,0.03,0.01,0.00,0.00,0.00,0.00,0.00,inferred
South Kesteven,2021-04-08,0.03,0.01,0.00,0.00,0.00,0.00,0.00,inferred
South Kesteven,2021-04-09,0.03,0.01,0.00,0.00,0.00,0.00,0.00,inferred
South Kesteven,2021-04-10,0.03,0.01,0.00,0.00,0.00,0.00,0.00,inferred
South Kesteven,2021-04-11,0.03,0.01,0.00,0.00,0.00,0.00,0.00,inferred
South Kesteven,2021-04-12,0.03,0.01,0.00,0.00,0.00,0.00,0.00,inferred
South Kesteven,2021-04-13,0.14,0.06,0.02,0.01,0.00,0.00,0.00,inferred
South Kesteven,2021-04-14,0.14,0.06,0.02,0.01,0.00,0.00,0.00,inferred
South Kesteven,2021-04-15,0.14,0.06,0.02,0.01,0.00,0.00,0.00,inferred
South Kesteven,2021-04-16,0.14,0.06,0.02,0.01,0.00,0.00,0.00,inferred
South Kesteven,2021-04-17,0.14,0.06,0.02,0.01,0.00,0.00,0.00,inferred
South Kesteven,2021-04-18,0.14,0.06,0.02,0.01,0.00,0.00,0.00,inferred
South Kesteven,2021-04-19,0.14,0.06,0.02,0.01,0.00,0.00,0.00,inferred
South Kesteven,2021-04-20,0.90,0.78,0.58,0.40,0.20,0.02,0.00,inferred
South Kesteven,2021-04-21,0.90,0.78,0.58,0.40,0.20,0.02,0.00,inferred
South Kesteven,2021-04-22,0.90,0.78,0.58,0.40,0.20,0.02,0.00,inferred
South Kesteven,2021-04-23,0.90,0.78,0.58,0.40,0.20,0.02,0.00,inferred
South Kesteven,2021-04-24,0.90,0.78,0.58,0.40,0.20,0.02,0.00,inferred
South Kesteven,2021-04-25,0.90,0.78,0.58,0.40,0.20,0.02,0.00,inferred
South Kesteven,2021-04-26,0.90,0.78,0.58,0.40,0.20,0.02,0.00,inferred
South Kesteven,2021-04-27,0.66,0.45,0.25,0.12,0.05,0.00,0.00,inferred
South Kesteven,2021-04-28,0.66,0.45,0.25,0.12,0.05,0.00,0.00,inferred
South Kesteven,2021-04-29,0.66,0.45,0.25,0.12,0.05,0.00,0.00,inferred
South Kesteven,2021-04-30,0.66,0.45,0.25,0.12,0.05,0.00,0.00,inferred
South Kesteven,2021-05-01,0.66,0.45,0.25,0.12,0.05,0.00,0.00,inferred
South Kesteven,2021-05-02,0.66,0.45,0.25,0.12,0.05,0.00,0.00,inferred
South Kesteven,2021-05-03,0.66,0.45,0.25,0.12,0.05,0.00,0.00,inferred
South Kesteven,2021-05-04,0.58,0.35,0.19,0.09,0.03,0.00,0.00,inferred
South Kesteven,2021-05-05,0.58,0.35,0.19,0.09,0.03,0.00,0.00,inferred
South Kesteven,2021-05-06,0.58,0.35,0.19,0.09,0.03,0.00,0.00,inferred
South Kesteven,2021-05-07,0.58,0.35,0.19,0.09,0.03,0.00,0.00,inferred
South Kesteven,2021-05-08,0.58,0.35,0.19,0.09,0.03,0.00,0.00,inferred
South Kesteven,2021-05-09,0.58,0.35,0.19,0.09,0.03,0.00,0.00,inferred
South Kesteven,2021-05-10,0.58,0.35,0.19,0.09,0.03,0.00,0.00,inferred
South Kesteven,2021-05-11,0.89,0.75,0.57,0.37,0.22,0.02,0.00,inferred
South Kesteven,2021-05-12,0.89,0.75,0.57,0.37,0.22,0.02,0.00,inferred
South Kesteven,2021-05-13,0.89,0.75,0.57,0.37,0.22,0.02,0.00,inferred
South Kesteven,2021-05-14,0.89,0.75,0.57,0.37,0.22,0.02,0.00,inferred
South Kesteven,2021-05-15,0.89,0.75,0.57,0.37,0.22,0.02,0.00,inferred
South Kesteven,2021-05-16,0.89,0.75,0.57,0.37,0.22,0.02,0.00,inferred
South Kesteven,2021-05-17,0.89,0.75,0.57,0.37,0.22,0.02,0.00,inferred
South Kesteven,2021-05-18,0.59,0.38,0.21,0.10,0.04,0.00,0.00,inferred
South Kesteven,2021-05-19,0.59,0.38,0.21,0.10,0.04,0.00,0.00,inferred
South Kesteven,2021-05-20,0.59,0.38,0.21,0.10,0.04,0.00,0.00,inferred
South Kesteven,2021-05-21,0.59,0.38,0.21,0.10,0.04,0.00,0.00,inferred
South Kesteven,2021-05-22,0.59,0.38,0.21,0.10,0.04,0.00,0.00,inferred
South Kesteven,2021-05-23,0.59,0.38,0.21,0.10,0.04,0.00,0.00,inferred
South Kesteven,2021-05-24,0.59,0.38,0.21,0.10,0.04,0.00,0.00,inferred
South Kesteven,2021-05-25,0.96,0.88,0.77,0.63,0.45,0.11,0.00,inferred
South Kesteven,2021-05-26,0.96,0.88,0.77,0.63,0.45,0.11,0.00,inferred
South Kesteven,2021-05-27,0.96,0.88,0.77,0.63,0.45,0.11,0.00,inferred
South Kesteven,2021-05-28,0.96,0.88,0.77,0.63,0.45,0.11,0.00,inferred
South Kesteven,2021-05-29,0.96,0.88,0.77,0.63,0.45,0.11,0.00,inferred
South Kesteven,2021-05-30,0.96,0.88,0.77,0.63,0.45,0.11,0.00,inferred
South Kesteven,2021-05-31,0.96,0.88,0.77,0.63,0.45,0.11,0.00,inferred
South Kesteven,2021-06-01,1.00,1.00,1.00,0.99,0.97,0.73,0.14,inferred
South Kesteven,2021-06-02,1.00,1.00,1.00,0.99,0.97,0.73,0.14,inferred
South Kesteven,2021-06-03,1.00,1.00,1.00,0.99,0.97,0.73,0.14,inferred
South Kesteven,2021-06-04,1.00,1.00,1.00,0.99,0.97,0.73,0.14,inferred
South Kesteven,2021-06-05,1.00,1.00,1.00,0.99,0.97,0.73,0.14,inferred
South Kesteven,2021-06-06,1.00,1.00,1.00,0.99,0.97,0.73,0.14,inferred
South Kesteven,2021-06-07,1.00,1.00,1.00,0.99,0.97,0.73,0.14,inferred
South Kesteven,2021-06-08,1.00,1.00,0.98,0.94,0.85,0.40,0.03,inferred
South Kesteven,2021-06-09,1.00,1.00,0.98,0.94,0.85,0.40,0.03,inferred
South Kesteven,2021-06-10,1.00,1.00,0.98,0.94,0.85,0.40,0.03,inferred
South Kesteven,2021-06-11,1.00,1.00,0.98,0.94,0.85,0.40,0.03,inferred
South Kesteven,2021-06-12,1.00,1.00,0.98,0.94,0.85,0.40,0.03,inferred
South Kesteven,2021-06-13,1.00,1.00,0.98,0.94,0.85,0.40,0.03,inferred
South Kesteven,2021-06-14,1.00,1.00,0.98,0.94,0.85,0.40,0.03,inferred
South Kesteven,2021-06-15,1.00,1.00,1.00,1.00,0.98,0.72,0.10,inferred
South Kesteven,2021-06-16,1.00,1.00,1.00,1.00,0.98,0.72,0.10,inferred
South Kesteven,2021-06-17,1.00,1.00,1.00,1.00,0.98,0.72,0.10,inferred
South Kesteven,2021-06-18,1.00,1.00,1.00,1.00,0.98,0.72,0.10,inferred
South Kesteven,2021-06-19,1.00,1.00,1.00,1.00,0.98,0.72,0.10,inferred
South Kesteven,2021-06-20,1.00,1.00,1.00,1.00,0.98,0.72,0.10,inferred
South Kesteven,2021-06-21,1.00,1.00,1.00,1.00,0.98,0.72,0.10,inferred
South Kesteven,2021-06-22,1.00,1.00,1.00,1.00,1.00,0.95,0.49,inferred
South Kesteven,2021-06-23,1.00,1.00,1.00,1.00,1.00,0.95,0.49,inferred
South Kesteven,2021-06-24,1.00,1.00,1.00,1.00,1.00,0.95,0.49,inferred
South Kesteven,2021-06-25,1.00,1.00,1.00,1.00,1.00,0.95,0.49,inferred
South Kesteven,2021-06-26,1.00,1.00,1.00,1.00,1.00,0.95,0.49,inferred
South Kesteven,2021-06-27,1.00,1.00,1.00,1.00,1.00,0.95,0.49,inferred
South Kesteven,2021-06-28,1.00,1.00,1.00,1.00,1.00,0.95,0.49,inferred
South Kesteven,2021-06-29,1.00,1.00,1.00,0.99,0.98,0.83,0.32,inferred
South Kesteven,2021-06-30,1.00,1.00,1.00,0.99,0.98,0.83,0.32,inferred
South Kesteven,2021-07-01,1.00,1.00,1.00,0.99,0.98,0.83,0.32,inferred
South Kesteven,2021-07-02,1.00,1.00,1.00,0.99,0.98,0.83,0.32,inferred
South Kesteven,2021-07-03,1.00,1.00,1.00,0.99,0.98,0.83,0.32,inferred
South Kesteven,2021-07-04,1.00,1.00,1.00,0.99,0.98,0.83,0.32,inferred
South Kesteven,2021-07-05,1.00,1.00,1.00,0.99,0.98,0.83,0.32,inferred
South Kesteven,2021-07-06,1.00,0.99,0.98,0.94,0.89,0.69,0.30,projected
South Kesteven,2021-07-07,1.00,0.99,0.98,0.94,0.89,0.69,0.30,projected
South Kesteven,2021-07-08,1.00,0.99,0.98,0.94,0.89,0.69,0.30,projected
South Kesteven,2021-07-09,1.00,0.99,0.98,0.94,0.89,0.69,0.30,projected
South Kesteven,2021-07-10,1.00,0.99,0.98,0.94,0.89,0.69,0.30,projected
South Kesteven,2021-07-11,1.00,0.99,0.98,0.94,0.89,0.69,0.30,projected
South Kesteven,2021-07-12,1.00,0.99,0.98,0.94,0.89,0.69,0.30,projected
South Kesteven,2021-07-13,0.99,0.97,0.95,0.90,0.84,0.61,0.28,projected
South Kesteven,2021-07-14,0.99,0.97,0.95,0.90,0.84,0.61,0.28,projected
South Kesteven,2021-07-15,0.99,0.97,0.95,0.90,0.84,0.61,0.28,projected
South Kesteven,2021-07-16,0.99,0.97,0.95,0.90,0.84,0.61,0.28,projected
South Kesteven,2021-07-17,0.99,0.97,0.95,0.90,0.84,0.61,0.28,projected
South Kesteven,2021-07-18,0.99,0.97,0.95,0.90,0.84,0.61,0.28,projected
South Kesteven,2021-07-19,0.99,0.97,0.95,0.90,0.84,0.61,0.28,projected
South Kesteven,2021-07-20,0.98,0.96,0.92,0.88,0.81,0.59,0.29,projected
South Kesteven,2021-07-21,0.98,0.96,0.92,0.88,0.81,0.59,0.29,projected
South Kesteven,2021-07-22,0.98,0.96,0.92,0.88,0.81,0.59,0.29,projected
South Kesteven,2021-07-23,0.98,0.96,0.92,0.88,0.81,0.59,0.29,projected
South Kesteven,2021-07-24,0.98,0.96,0.92,0.88,0.81,0.59,0.29,projected
South Kesteven,2021-07-25,0.98,0.96,0.92,0.88,0.81,0.59,0.29,projected
South Kesteven,2021-07-26,0.98,0.96,0.92,0.88,0.81,0.59,0.29,projected
South Lakeland,2021-03-23,0.61,0.41,0.25,0.14,0.07,0.00,0.00,inferred
South Lakeland,2021-03-24,0.61,0.41,0.25,0.14,0.07,0.00,0.00,inferred
South Lakeland,2021-03-25,0.61,0.41,0.25,0.14,0.07,0.00,0.00,inferred
South Lakeland,2021-03-26,0.61,0.41,0.25,0.14,0.07,0.00,0.00,inferred
South Lakeland,2021-03-27,0.61,0.41,0.25,0.14,0.07,0.00,0.00,inferred
South Lakeland,2021-03-28,0.61,0.41,0.25,0.14,0.07,0.00,0.00,inferred
South Lakeland,2021-03-29,0.61,0.41,0.25,0.14,0.07,0.00,0.00,inferred
South Lakeland,2021-03-30,0.83,0.69,0.52,0.38,0.24,0.05,0.00,inferred
South Lakeland,2021-03-31,0.83,0.69,0.52,0.38,0.24,0.05,0.00,inferred
South Lakeland,2021-04-01,0.83,0.69,0.52,0.38,0.24,0.05,0.00,inferred
South Lakeland,2021-04-02,0.83,0.69,0.52,0.38,0.24,0.05,0.00,inferred
South Lakeland,2021-04-03,0.83,0.69,0.52,0.38,0.24,0.05,0.00,inferred
South Lakeland,2021-04-04,0.83,0.69,0.52,0.38,0.24,0.05,0.00,inferred
South Lakeland,2021-04-05,0.83,0.69,0.52,0.38,0.24,0.05,0.00,inferred
South Lakeland,2021-04-06,0.98,0.94,0.87,0.76,0.62,0.22,0.01,inferred
South Lakeland,2021-04-07,0.98,0.94,0.87,0.76,0.62,0.22,0.01,inferred
South Lakeland,2021-04-08,0.98,0.94,0.87,0.76,0.62,0.22,0.01,inferred
South Lakeland,2021-04-09,0.98,0.94,0.87,0.76,0.62,0.22,0.01,inferred
South Lakeland,2021-04-10,0.98,0.94,0.87,0.76,0.62,0.22,0.01,inferred
South Lakeland,2021-04-11,0.98,0.94,0.87,0.76,0.62,0.22,0.01,inferred
South Lakeland,2021-04-12,0.98,0.94,0.87,0.76,0.62,0.22,0.01,inferred
South Lakeland,2021-04-13,0.54,0.35,0.19,0.10,0.05,0.00,0.00,inferred
South Lakeland,2021-04-14,0.54,0.35,0.19,0.10,0.05,0.00,0.00,inferred
South Lakeland,2021-04-15,0.54,0.35,0.19,0.10,0.05,0.00,0.00,inferred
South Lakeland,2021-04-16,0.54,0.35,0.19,0.10,0.05,0.00,0.00,inferred
South Lakeland,2021-04-17,0.54,0.35,0.19,0.10,0.05,0.00,0.00,inferred
South Lakeland,2021-04-18,0.54,0.35,0.19,0.10,0.05,0.00,0.00,inferred
South Lakeland,2021-04-19,0.54,0.35,0.19,0.10,0.05,0.00,0.00,inferred
South Lakeland,2021-04-20,0.37,0.22,0.11,0.06,0.02,0.00,0.00,inferred
South Lakeland,2021-04-21,0.37,0.22,0.11,0.06,0.02,0.00,0.00,inferred
South Lakeland,2021-04-22,0.37,0.22,0.11,0.06,0.02,0.00,0.00,inferred
South Lakeland,2021-04-23,0.37,0.22,0.11,0.06,0.02,0.00,0.00,inferred
South Lakeland,2021-04-24,0.37,0.22,0.11,0.06,0.02,0.00,0.00,inferred
South Lakeland,2021-04-25,0.37,0.22,0.11,0.06,0.02,0.00,0.00,inferred
South Lakeland,2021-04-26,0.37,0.22,0.11,0.06,0.02,0.00,0.00,inferred
South Lakeland,2021-04-27,0.45,0.30,0.18,0.10,0.05,0.00,0.00,inferred
South Lakeland,2021-04-28,0.45,0.30,0.18,0.10,0.05,0.00,0.00,inferred
South Lakeland,2021-04-29,0.45,0.30,0.18,0.10,0.05,0.00,0.00,inferred
South Lakeland,2021-04-30,0.45,0.30,0.18,0.10,0.05,0.00,0.00,inferred
South Lakeland,2021-05-01,0.45,0.30,0.18,0.10,0.05,0.00,0.00,inferred
South Lakeland,2021-05-02,0.45,0.30,0.18,0.10,0.05,0.00,0.00,inferred
South Lakeland,2021-05-03,0.45,0.30,0.18,0.10,0.05,0.00,0.00,inferred
South Lakeland,2021-05-04,0.83,0.69,0.54,0.41,0.27,0.06,0.00,inferred
South Lakeland,2021-05-05,0.83,0.69,0.54,0.41,0.27,0.06,0.00,inferred
South Lakeland,2021-05-06,0.83,0.69,0.54,0.41,0.27,0.06,0.00,inferred
South Lakeland,2021-05-07,0.83,0.69,0.54,0.41,0.27,0.06,0.00,inferred
South Lakeland,2021-05-08,0.83,0.69,0.54,0.41,0.27,0.06,0.00,inferred
South Lakeland,2021-05-09,0.83,0.69,0.54,0.41,0.27,0.06,0.00,inferred
South Lakeland,2021-05-10,0.83,0.69,0.54,0.41,0.27,0.06,0.00,inferred
South Lakeland,2021-05-11,0.83,0.70,0.55,0.39,0.26,0.06,0.00,inferred
South Lakeland,2021-05-12,0.83,0.70,0.55,0.39,0.26,0.06,0.00,inferred
South Lakeland,2021-05-13,0.83,0.70,0.55,0.39,0.26,0.06,0.00,inferred
South Lakeland,2021-05-14,0.83,0.70,0.55,0.39,0.26,0.06,0.00,inferred
South Lakeland,2021-05-15,0.83,0.70,0.55,0.39,0.26,0.06,0.00,inferred
South Lakeland,2021-05-16,0.83,0.70,0.55,0.39,0.26,0.06,0.00,inferred
South Lakeland,2021-05-17,0.83,0.70,0.55,0.39,0.26,0.06,0.00,inferred
South Lakeland,2021-05-18,0.87,0.76,0.65,0.49,0.36,0.12,0.01,inferred
South Lakeland,2021-05-19,0.87,0.76,0.65,0.49,0.36,0.12,0.01,inferred
South Lakeland,2021-05-20,0.87,0.76,0.65,0.49,0.36,0.12,0.01,inferred
South Lakeland,2021-05-21,0.87,0.76,0.65,0.49,0.36,0.12,0.01,inferred
South Lakeland,2021-05-22,0.87,0.76,0.65,0.49,0.36,0.12,0.01,inferred
South Lakeland,2021-05-23,0.87,0.76,0.65,0.49,0.36,0.12,0.01,inferred
South Lakeland,2021-05-24,0.87,0.76,0.65,0.49,0.36,0.12,0.01,inferred
South Lakeland,2021-05-25,1.00,1.00,0.99,0.98,0.96,0.79,0.32,inferred
South Lakeland,2021-05-26,1.00,1.00,0.99,0.98,0.96,0.79,0.32,inferred
South Lakeland,2021-05-27,1.00,1.00,0.99,0.98,0.96,0.79,0.32,inferred
South Lakeland,2021-05-28,1.00,1.00,0.99,0.98,0.96,0.79,0.32,inferred
South Lakeland,2021-05-29,1.00,1.00,0.99,0.98,0.96,0.79,0.32,inferred
South Lakeland,2021-05-30,1.00,1.00,0.99,0.98,0.96,0.79,0.32,inferred
South Lakeland,2021-05-31,1.00,1.00,0.99,0.98,0.96,0.79,0.32,inferred
South Lakeland,2021-06-01,1.00,1.00,1.00,1.00,1.00,1.00,0.90,inferred
South Lakeland,2021-06-02,1.00,1.00,1.00,1.00,1.00,1.00,0.90,inferred
South Lakeland,2021-06-03,1.00,1.00,1.00,1.00,1.00,1.00,0.90,inferred
South Lakeland,2021-06-04,1.00,1.00,1.00,1.00,1.00,1.00,0.90,inferred
South Lakeland,2021-06-05,1.00,1.00,1.00,1.00,1.00,1.00,0.90,inferred
South Lakeland,2021-06-06,1.00,1.00,1.00,1.00,1.00,1.00,0.90,inferred
South Lakeland,2021-06-07,1.00,1.00,1.00,1.00,1.00,1.00,0.90,inferred
South Lakeland,2021-06-08,1.00,1.00,1.00,1.00,1.00,0.93,0.54,inferred
South Lakeland,2021-06-09,1.00,1.00,1.00,1.00,1.00,0.93,0.54,inferred
South Lakeland,2021-06-10,1.00,1.00,1.00,1.00,1.00,0.93,0.54,inferred
South Lakeland,2021-06-11,1.00,1.00,1.00,1.00,1.00,0.93,0.54,inferred
South Lakeland,2021-06-12,1.00,1.00,1.00,1.00,1.00,0.93,0.54,inferred
South Lakeland,2021-06-13,1.00,1.00,1.00,1.00,1.00,0.93,0.54,inferred
South Lakeland,2021-06-14,1.00,1.00,1.00,1.00,1.00,0.93,0.54,inferred
South Lakeland,2021-06-15,1.00,1.00,1.00,1.00,0.99,0.79,0.14,inferred
South Lakeland,2021-06-16,1.00,1.00,1.00,1.00,0.99,0.79,0.14,inferred
South Lakeland,2021-06-17,1.00,1.00,1.00,1.00,0.99,0.79,0.14,inferred
South Lakeland,2021-06-18,1.00,1.00,1.00,1.00,0.99,0.79,0.14,inferred
South Lakeland,2021-06-19,1.00,1.00,1.00,1.00,0.99,0.79,0.14,inferred
South Lakeland,2021-06-20,1.00,1.00,1.00,1.00,0.99,0.79,0.14,inferred
South Lakeland,2021-06-21,1.00,1.00,1.00,1.00,0.99,0.79,0.14,inferred
South Lakeland,2021-06-22,1.00,1.00,1.00,1.00,0.96,0.60,0.04,inferred
South Lakeland,2021-06-23,1.00,1.00,1.00,1.00,0.96,0.60,0.04,inferred
South Lakeland,2021-06-24,1.00,1.00,1.00,1.00,0.96,0.60,0.04,inferred
South Lakeland,2021-06-25,1.00,1.00,1.00,1.00,0.96,0.60,0.04,inferred
South Lakeland,2021-06-26,1.00,1.00,1.00,1.00,0.96,0.60,0.04,inferred
South Lakeland,2021-06-27,1.00,1.00,1.00,1.00,0.96,0.60,0.04,inferred
South Lakeland,2021-06-28,1.00,1.00,1.00,1.00,0.96,0.60,0.04,inferred
South Lakeland,2021-06-29,0.98,0.94,0.85,0.72,0.54,0.15,0.01,inferred
South Lakeland,2021-06-30,0.98,0.94,0.85,0.72,0.54,0.15,0.01,inferred
South Lakeland,2021-07-01,0.98,0.94,0.85,0.72,0.54,0.15,0.01,inferred
South Lakeland,2021-07-02,0.98,0.94,0.85,0.72,0.54,0.15,0.01,inferred
South Lakeland,2021-07-03,0.98,0.94,0.85,0.72,0.54,0.15,0.01,inferred
South Lakeland,2021-07-04,0.98,0.94,0.85,0.72,0.54,0.15,0.01,inferred
South Lakeland,2021-07-05,0.98,0.94,0.85,0.72,0.54,0.15,0.01,inferred
South Lakeland,2021-07-06,0.92,0.85,0.76,0.64,0.52,0.25,0.05,projected
South Lakeland,2021-07-07,0.92,0.85,0.76,0.64,0.52,0.25,0.05,projected
South Lakeland,2021-07-08,0.92,0.85,0.76,0.64,0.52,0.25,0.05,projected
South Lakeland,2021-07-09,0.92,0.85,0.76,0.64,0.52,0.25,0.05,projected
South Lakeland,2021-07-10,0.92,0.85,0.76,0.64,0.52,0.25,0.05,projected
South Lakeland,2021-07-11,0.92,0.85,0.76,0.64,0.52,0.25,0.05,projected
South Lakeland,2021-07-12,0.92,0.85,0.76,0.64,0.52,0.25,0.05,projected
South Lakeland,2021-07-13,0.90,0.83,0.74,0.62,0.51,0.26,0.09,projected
South Lakeland,2021-07-14,0.90,0.83,0.74,0.62,0.51,0.26,0.09,projected
South Lakeland,2021-07-15,0.90,0.83,0.74,0.62,0.51,0.26,0.09,projected
South Lakeland,2021-07-16,0.90,0.83,0.74,0.62,0.51,0.26,0.09,projected
South Lakeland,2021-07-17,0.90,0.83,0.74,0.62,0.51,0.26,0.09,projected
South Lakeland,2021-07-18,0.90,0.83,0.74,0.62,0.51,0.26,0.09,projected
South Lakeland,2021-07-19,0.90,0.83,0.74,0.62,0.51,0.26,0.09,projected
South Lakeland,2021-07-20,0.90,0.83,0.74,0.65,0.56,0.32,0.12,projected
South Lakeland,2021-07-21,0.90,0.83,0.74,0.65,0.56,0.32,0.12,projected
South Lakeland,2021-07-22,0.90,0.83,0.74,0.65,0.56,0.32,0.12,projected
South Lakeland,2021-07-23,0.90,0.83,0.74,0.65,0.56,0.32,0.12,projected
South Lakeland,2021-07-24,0.90,0.83,0.74,0.65,0.56,0.32,0.12,projected
South Lakeland,2021-07-25,0.90,0.83,0.74,0.65,0.56,0.32,0.12,projected
South Lakeland,2021-07-26,0.90,0.83,0.74,0.65,0.56,0.32,0.12,projected
South Lanarkshire,2021-03-23,0.18,0.03,0.00,0.00,0.00,0.00,0.00,inferred
South Lanarkshire,2021-03-24,0.18,0.03,0.00,0.00,0.00,0.00,0.00,inferred
South Lanarkshire,2021-03-25,0.18,0.03,0.00,0.00,0.00,0.00,0.00,inferred
South Lanarkshire,2021-03-26,0.18,0.03,0.00,0.00,0.00,0.00,0.00,inferred
South Lanarkshire,2021-03-27,0.18,0.03,0.00,0.00,0.00,0.00,0.00,inferred
South Lanarkshire,2021-03-28,0.18,0.03,0.00,0.00,0.00,0.00,0.00,inferred
South Lanarkshire,2021-03-29,0.18,0.03,0.00,0.00,0.00,0.00,0.00,inferred
South Lanarkshire,2021-03-30,0.18,0.04,0.01,0.00,0.00,0.00,0.00,inferred
South Lanarkshire,2021-03-31,0.18,0.04,0.01,0.00,0.00,0.00,0.00,inferred
South Lanarkshire,2021-04-01,0.18,0.04,0.01,0.00,0.00,0.00,0.00,inferred
South Lanarkshire,2021-04-02,0.18,0.04,0.01,0.00,0.00,0.00,0.00,inferred
South Lanarkshire,2021-04-03,0.18,0.04,0.01,0.00,0.00,0.00,0.00,inferred
South Lanarkshire,2021-04-04,0.18,0.04,0.01,0.00,0.00,0.00,0.00,inferred
South Lanarkshire,2021-04-05,0.18,0.04,0.01,0.00,0.00,0.00,0.00,inferred
South Lanarkshire,2021-04-06,0.82,0.60,0.34,0.14,0.04,0.00,0.00,inferred
South Lanarkshire,2021-04-07,0.82,0.60,0.34,0.14,0.04,0.00,0.00,inferred
South Lanarkshire,2021-04-08,0.82,0.60,0.34,0.14,0.04,0.00,0.00,inferred
South Lanarkshire,2021-04-09,0.82,0.60,0.34,0.14,0.04,0.00,0.00,inferred
South Lanarkshire,2021-04-10,0.82,0.60,0.34,0.14,0.04,0.00,0.00,inferred
South Lanarkshire,2021-04-11,0.82,0.60,0.34,0.14,0.04,0.00,0.00,inferred
South Lanarkshire,2021-04-12,0.82,0.60,0.34,0.14,0.04,0.00,0.00,inferred
South Lanarkshire,2021-04-13,0.45,0.19,0.06,0.02,0.00,0.00,0.00,inferred
South Lanarkshire,2021-04-14,0.45,0.19,0.06,0.02,0.00,0.00,0.00,inferred
South Lanarkshire,2021-04-15,0.45,0.19,0.06,0.02,0.00,0.00,0.00,inferred
South Lanarkshire,2021-04-16,0.45,0.19,0.06,0.02,0.00,0.00,0.00,inferred
South Lanarkshire,2021-04-17,0.45,0.19,0.06,0.02,0.00,0.00,0.00,inferred
South Lanarkshire,2021-04-18,0.45,0.19,0.06,0.02,0.00,0.00,0.00,inferred
South Lanarkshire,2021-04-19,0.45,0.19,0.06,0.02,0.00,0.00,0.00,inferred
South Lanarkshire,2021-04-20,0.09,0.02,0.00,0.00,0.00,0.00,0.00,inferred
South Lanarkshire,2021-04-21,0.09,0.02,0.00,0.00,0.00,0.00,0.00,inferred
South Lanarkshire,2021-04-22,0.09,0.02,0.00,0.00,0.00,0.00,0.00,inferred
South Lanarkshire,2021-04-23,0.09,0.02,0.00,0.00,0.00,0.00,0.00,inferred
South Lanarkshire,2021-04-24,0.09,0.02,0.00,0.00,0.00,0.00,0.00,inferred
South Lanarkshire,2021-04-25,0.09,0.02,0.00,0.00,0.00,0.00,0.00,inferred
South Lanarkshire,2021-04-26,0.09,0.02,0.00,0.00,0.00,0.00,0.00,inferred
South Lanarkshire,2021-04-27,0.78,0.57,0.35,0.19,0.08,0.00,0.00,inferred
South Lanarkshire,2021-04-28,0.78,0.57,0.35,0.19,0.08,0.00,0.00,inferred
South Lanarkshire,2021-04-29,0.78,0.57,0.35,0.19,0.08,0.00,0.00,inferred
South Lanarkshire,2021-04-30,0.78,0.57,0.35,0.19,0.08,0.00,0.00,inferred
South Lanarkshire,2021-05-01,0.78,0.57,0.35,0.19,0.08,0.00,0.00,inferred
South Lanarkshire,2021-05-02,0.78,0.57,0.35,0.19,0.08,0.00,0.00,inferred
South Lanarkshire,2021-05-03,0.78,0.57,0.35,0.19,0.08,0.00,0.00,inferred
South Lanarkshire,2021-05-04,0.99,0.98,0.93,0.81,0.64,0.15,0.00,inferred
South Lanarkshire,2021-05-05,0.99,0.98,0.93,0.81,0.64,0.15,0.00,inferred
South Lanarkshire,2021-05-06,0.99,0.98,0.93,0.81,0.64,0.15,0.00,inferred
South Lanarkshire,2021-05-07,0.99,0.98,0.93,0.81,0.64,0.15,0.00,inferred
South Lanarkshire,2021-05-08,0.99,0.98,0.93,0.81,0.64,0.15,0.00,inferred
South Lanarkshire,2021-05-09,0.99,0.98,0.93,0.81,0.64,0.15,0.00,inferred
South Lanarkshire,2021-05-10,0.99,0.98,0.93,0.81,0.64,0.15,0.00,inferred
South Lanarkshire,2021-05-11,0.99,0.96,0.87,0.73,0.52,0.09,0.00,inferred
South Lanarkshire,2021-05-12,0.99,0.96,0.87,0.73,0.52,0.09,0.00,inferred
South Lanarkshire,2021-05-13,0.99,0.96,0.87,0.73,0.52,0.09,0.00,inferred
South Lanarkshire,2021-05-14,0.99,0.96,0.87,0.73,0.52,0.09,0.00,inferred
South Lanarkshire,2021-05-15,0.99,0.96,0.87,0.73,0.52,0.09,0.00,inferred
South Lanarkshire,2021-05-16,0.99,0.96,0.87,0.73,0.52,0.09,0.00,inferred
South Lanarkshire,2021-05-17,0.99,0.96,0.87,0.73,0.52,0.09,0.00,inferred
South Lanarkshire,2021-05-18,1.00,1.00,1.00,0.98,0.95,0.62,0.06,inferred
South Lanarkshire,2021-05-19,1.00,1.00,1.00,0.98,0.95,0.62,0.06,inferred
South Lanarkshire,2021-05-20,1.00,1.00,1.00,0.98,0.95,0.62,0.06,inferred
South Lanarkshire,2021-05-21,1.00,1.00,1.00,0.98,0.95,0.62,0.06,inferred
South Lanarkshire,2021-05-22,1.00,1.00,1.00,0.98,0.95,0.62,0.06,inferred
South Lanarkshire,2021-05-23,1.00,1.00,1.00,0.98,0.95,0.62,0.06,inferred
South Lanarkshire,2021-05-24,1.00,1.00,1.00,0.98,0.95,0.62,0.06,inferred
South Lanarkshire,2021-05-25,1.00,0.99,0.94,0.83,0.66,0.15,0.00,inferred
South Lanarkshire,2021-05-26,1.00,0.99,0.94,0.83,0.66,0.15,0.00,inferred
South Lanarkshire,2021-05-27,1.00,0.99,0.94,0.83,0.66,0.15,0.00,inferred
South Lanarkshire,2021-05-28,1.00,0.99,0.94,0.83,0.66,0.15,0.00,inferred
South Lanarkshire,2021-05-29,1.00,0.99,0.94,0.83,0.66,0.15,0.00,inferred
South Lanarkshire,2021-05-30,1.00,0.99,0.94,0.83,0.66,0.15,0.00,inferred
South Lanarkshire,2021-05-31,1.00,0.99,0.94,0.83,0.66,0.15,0.00,inferred
South Lanarkshire,2021-06-01,1.00,0.97,0.90,0.70,0.46,0.04,0.00,inferred
South Lanarkshire,2021-06-02,1.00,0.97,0.90,0.70,0.46,0.04,0.00,inferred
South Lanarkshire,2021-06-03,1.00,0.97,0.90,0.70,0.46,0.04,0.00,inferred
South Lanarkshire,2021-06-04,1.00,0.97,0.90,0.70,0.46,0.04,0.00,inferred
South Lanarkshire,2021-06-05,1.00,0.97,0.90,0.70,0.46,0.04,0.00,inferred
South Lanarkshire,2021-06-06,1.00,0.97,0.90,0.70,0.46,0.04,0.00,inferred
South Lanarkshire,2021-06-07,1.00,0.97,0.90,0.70,0.46,0.04,0.00,inferred
South Lanarkshire,2021-06-08,1.00,1.00,1.00,0.97,0.89,0.26,0.00,inferred
South Lanarkshire,2021-06-09,1.00,1.00,1.00,0.97,0.89,0.26,0.00,inferred
South Lanarkshire,2021-06-10,1.00,1.00,1.00,0.97,0.89,0.26,0.00,inferred
South Lanarkshire,2021-06-11,1.00,1.00,1.00,0.97,0.89,0.26,0.00,inferred
South Lanarkshire,2021-06-12,1.00,1.00,1.00,0.97,0.89,0.26,0.00,inferred
South Lanarkshire,2021-06-13,1.00,1.00,1.00,0.97,0.89,0.26,0.00,inferred
South Lanarkshire,2021-06-14,1.00,1.00,1.00,0.97,0.89,0.26,0.00,inferred
South Lanarkshire,2021-06-15,1.00,1.00,1.00,1.00,1.00,0.99,0.51,inferred
South Lanarkshire,2021-06-16,1.00,1.00,1.00,1.00,1.00,0.99,0.51,inferred
South Lanarkshire,2021-06-17,1.00,1.00,1.00,1.00,1.00,0.99,0.51,inferred
South Lanarkshire,2021-06-18,1.00,1.00,1.00,1.00,1.00,0.99,0.51,inferred
South Lanarkshire,2021-06-19,1.00,1.00,1.00,1.00,1.00,0.99,0.51,inferred
South Lanarkshire,2021-06-20,1.00,1.00,1.00,1.00,1.00,0.99,0.51,inferred
South Lanarkshire,2021-06-21,1.00,1.00,1.00,1.00,1.00,0.99,0.51,inferred
South Lanarkshire,2021-06-22,1.00,1.00,1.00,0.96,0.85,0.30,0.00,inferred
South Lanarkshire,2021-06-23,1.00,1.00,1.00,0.96,0.85,0.30,0.00,inferred
South Lanarkshire,2021-06-24,1.00,1.00,1.00,0.96,0.85,0.30,0.00,inferred
South Lanarkshire,2021-06-25,1.00,1.00,1.00,0.96,0.85,0.30,0.00,inferred
South Lanarkshire,2021-06-26,1.00,1.00,1.00,0.96,0.85,0.30,0.00,inferred
South Lanarkshire,2021-06-27,1.00,1.00,1.00,0.96,0.85,0.30,0.00,inferred
South Lanarkshire,2021-06-28,1.00,1.00,1.00,0.96,0.85,0.30,0.00,inferred
South Lanarkshire,2021-06-29,0.49,0.30,0.16,0.07,0.03,0.00,0.00,inferred
South Lanarkshire,2021-06-30,0.49,0.30,0.16,0.07,0.03,0.00,0.00,inferred
South Lanarkshire,2021-07-01,0.49,0.30,0.16,0.07,0.03,0.00,0.00,inferred
South Lanarkshire,2021-07-02,0.49,0.30,0.16,0.07,0.03,0.00,0.00,inferred
South Lanarkshire,2021-07-03,0.49,0.30,0.16,0.07,0.03,0.00,0.00,inferred
South Lanarkshire,2021-07-04,0.49,0.30,0.16,0.07,0.03,0.00,0.00,inferred
South Lanarkshire,2021-07-05,0.49,0.30,0.16,0.07,0.03,0.00,0.00,inferred
South Lanarkshire,2021-07-06,0.52,0.39,0.30,0.23,0.18,0.08,0.02,projected
South Lanarkshire,2021-07-07,0.52,0.39,0.30,0.23,0.18,0.08,0.02,projected
South Lanarkshire,2021-07-08,0.52,0.39,0.30,0.23,0.18,0.08,0.02,projected
South Lanarkshire,2021-07-09,0.52,0.39,0.30,0.23,0.18,0.08,0.02,projected
South Lanarkshire,2021-07-10,0.52,0.39,0.30,0.23,0.18,0.08,0.02,projected
South Lanarkshire,2021-07-11,0.52,0.39,0.30,0.23,0.18,0.08,0.02,projected
South Lanarkshire,2021-07-12,0.52,0.39,0.30,0.23,0.18,0.08,0.02,projected
South Lanarkshire,2021-07-13,0.50,0.41,0.34,0.28,0.23,0.13,0.04,projected
South Lanarkshire,2021-07-14,0.50,0.41,0.34,0.28,0.23,0.13,0.04,projected
South Lanarkshire,2021-07-15,0.50,0.41,0.34,0.28,0.23,0.13,0.04,projected
South Lanarkshire,2021-07-16,0.50,0.41,0.34,0.28,0.23,0.13,0.04,projected
South Lanarkshire,2021-07-17,0.50,0.41,0.34,0.28,0.23,0.13,0.04,projected
South Lanarkshire,2021-07-18,0.50,0.41,0.34,0.28,0.23,0.13,0.04,projected
South Lanarkshire,2021-07-19,0.50,0.41,0.34,0.28,0.23,0.13,0.04,projected
South Lanarkshire,2021-07-20,0.53,0.45,0.39,0.32,0.26,0.16,0.08,projected
South Lanarkshire,2021-07-21,0.53,0.45,0.39,0.32,0.26,0.16,0.08,projected
South Lanarkshire,2021-07-22,0.53,0.45,0.39,0.32,0.26,0.16,0.08,projected
South Lanarkshire,2021-07-23,0.53,0.45,0.39,0.32,0.26,0.16,0.08,projected
South Lanarkshire,2021-07-24,0.53,0.45,0.39,0.32,0.26,0.16,0.08,projected
South Lanarkshire,2021-07-25,0.53,0.45,0.39,0.32,0.26,0.16,0.08,projected
South Lanarkshire,2021-07-26,0.53,0.45,0.39,0.32,0.26,0.16,0.08,projected
South Norfolk,2021-03-23,0.69,0.49,0.26,0.12,0.03,0.00,0.00,inferred
South Norfolk,2021-03-24,0.69,0.49,0.26,0.12,0.03,0.00,0.00,inferred
South Norfolk,2021-03-25,0.69,0.49,0.26,0.12,0.03,0.00,0.00,inferred
South Norfolk,2021-03-26,0.69,0.49,0.26,0.12,0.03,0.00,0.00,inferred
South Norfolk,2021-03-27,0.69,0.49,0.26,0.12,0.03,0.00,0.00,inferred
South Norfolk,2021-03-28,0.69,0.49,0.26,0.12,0.03,0.00,0.00,inferred
South Norfolk,2021-03-29,0.69,0.49,0.26,0.12,0.03,0.00,0.00,inferred
South Norfolk,2021-03-30,0.54,0.31,0.13,0.05,0.01,0.00,0.00,inferred
South Norfolk,2021-03-31,0.54,0.31,0.13,0.05,0.01,0.00,0.00,inferred
South Norfolk,2021-04-01,0.54,0.31,0.13,0.05,0.01,0.00,0.00,inferred
South Norfolk,2021-04-02,0.54,0.31,0.13,0.05,0.01,0.00,0.00,inferred
South Norfolk,2021-04-03,0.54,0.31,0.13,0.05,0.01,0.00,0.00,inferred
South Norfolk,2021-04-04,0.54,0.31,0.13,0.05,0.01,0.00,0.00,inferred
South Norfolk,2021-04-05,0.54,0.31,0.13,0.05,0.01,0.00,0.00,inferred
South Norfolk,2021-04-06,0.44,0.23,0.11,0.05,0.02,0.00,0.00,inferred
South Norfolk,2021-04-07,0.44,0.23,0.11,0.05,0.02,0.00,0.00,inferred
South Norfolk,2021-04-08,0.44,0.23,0.11,0.05,0.02,0.00,0.00,inferred
South Norfolk,2021-04-09,0.44,0.23,0.11,0.05,0.02,0.00,0.00,inferred
South Norfolk,2021-04-10,0.44,0.23,0.11,0.05,0.02,0.00,0.00,inferred
South Norfolk,2021-04-11,0.44,0.23,0.11,0.05,0.02,0.00,0.00,inferred
South Norfolk,2021-04-12,0.44,0.23,0.11,0.05,0.02,0.00,0.00,inferred
South Norfolk,2021-04-13,0.87,0.73,0.56,0.39,0.24,0.03,0.00,inferred
South Norfolk,2021-04-14,0.87,0.73,0.56,0.39,0.24,0.03,0.00,inferred
South Norfolk,2021-04-15,0.87,0.73,0.56,0.39,0.24,0.03,0.00,inferred
South Norfolk,2021-04-16,0.87,0.73,0.56,0.39,0.24,0.03,0.00,inferred
South Norfolk,2021-04-17,0.87,0.73,0.56,0.39,0.24,0.03,0.00,inferred
South Norfolk,2021-04-18,0.87,0.73,0.56,0.39,0.24,0.03,0.00,inferred
South Norfolk,2021-04-19,0.87,0.73,0.56,0.39,0.24,0.03,0.00,inferred
South Norfolk,2021-04-20,0.92,0.82,0.66,0.48,0.32,0.04,0.00,inferred
South Norfolk,2021-04-21,0.92,0.82,0.66,0.48,0.32,0.04,0.00,inferred
South Norfolk,2021-04-22,0.92,0.82,0.66,0.48,0.32,0.04,0.00,inferred
South Norfolk,2021-04-23,0.92,0.82,0.66,0.48,0.32,0.04,0.00,inferred
South Norfolk,2021-04-24,0.92,0.82,0.66,0.48,0.32,0.04,0.00,inferred
South Norfolk,2021-04-25,0.92,0.82,0.66,0.48,0.32,0.04,0.00,inferred
South Norfolk,2021-04-26,0.92,0.82,0.66,0.48,0.32,0.04,0.00,inferred
South Norfolk,2021-04-27,0.79,0.61,0.43,0.25,0.13,0.01,0.00,inferred
South Norfolk,2021-04-28,0.79,0.61,0.43,0.25,0.13,0.01,0.00,inferred
South Norfolk,2021-04-29,0.79,0.61,0.43,0.25,0.13,0.01,0.00,inferred
South Norfolk,2021-04-30,0.79,0.61,0.43,0.25,0.13,0.01,0.00,inferred
South Norfolk,2021-05-01,0.79,0.61,0.43,0.25,0.13,0.01,0.00,inferred
South Norfolk,2021-05-02,0.79,0.61,0.43,0.25,0.13,0.01,0.00,inferred
South Norfolk,2021-05-03,0.79,0.61,0.43,0.25,0.13,0.01,0.00,inferred
South Norfolk,2021-05-04,0.29,0.14,0.06,0.02,0.01,0.00,0.00,inferred
South Norfolk,2021-05-05,0.29,0.14,0.06,0.02,0.01,0.00,0.00,inferred
South Norfolk,2021-05-06,0.29,0.14,0.06,0.02,0.01,0.00,0.00,inferred
South Norfolk,2021-05-07,0.29,0.14,0.06,0.02,0.01,0.00,0.00,inferred
South Norfolk,2021-05-08,0.29,0.14,0.06,0.02,0.01,0.00,0.00,inferred
South Norfolk,2021-05-09,0.29,0.14,0.06,0.02,0.01,0.00,0.00,inferred
South Norfolk,2021-05-10,0.29,0.14,0.06,0.02,0.01,0.00,0.00,inferred
South Norfolk,2021-05-11,0.33,0.18,0.08,0.03,0.01,0.00,0.00,inferred
South Norfolk,2021-05-12,0.33,0.18,0.08,0.03,0.01,0.00,0.00,inferred
South Norfolk,2021-05-13,0.33,0.18,0.08,0.03,0.01,0.00,0.00,inferred
South Norfolk,2021-05-14,0.33,0.18,0.08,0.03,0.01,0.00,0.00,inferred
South Norfolk,2021-05-15,0.33,0.18,0.08,0.03,0.01,0.00,0.00,inferred
South Norfolk,2021-05-16,0.33,0.18,0.08,0.03,0.01,0.00,0.00,inferred
South Norfolk,2021-05-17,0.33,0.18,0.08,0.03,0.01,0.00,0.00,inferred
South Norfolk,2021-05-18,0.72,0.55,0.39,0.25,0.15,0.02,0.00,inferred
South Norfolk,2021-05-19,0.72,0.55,0.39,0.25,0.15,0.02,0.00,inferred
South Norfolk,2021-05-20,0.72,0.55,0.39,0.25,0.15,0.02,0.00,inferred
South Norfolk,2021-05-21,0.72,0.55,0.39,0.25,0.15,0.02,0.00,inferred
South Norfolk,2021-05-22,0.72,0.55,0.39,0.25,0.15,0.02,0.00,inferred
South Norfolk,2021-05-23,0.72,0.55,0.39,0.25,0.15,0.02,0.00,inferred
South Norfolk,2021-05-24,0.72,0.55,0.39,0.25,0.15,0.02,0.00,inferred
South Norfolk,2021-05-25,0.99,0.98,0.95,0.91,0.83,0.47,0.07,inferred
South Norfolk,2021-05-26,0.99,0.98,0.95,0.91,0.83,0.47,0.07,inferred
South Norfolk,2021-05-27,0.99,0.98,0.95,0.91,0.83,0.47,0.07,inferred
South Norfolk,2021-05-28,0.99,0.98,0.95,0.91,0.83,0.47,0.07,inferred
South Norfolk,2021-05-29,0.99,0.98,0.95,0.91,0.83,0.47,0.07,inferred
South Norfolk,2021-05-30,0.99,0.98,0.95,0.91,0.83,0.47,0.07,inferred
South Norfolk,2021-05-31,0.99,0.98,0.95,0.91,0.83,0.47,0.07,inferred
South Norfolk,2021-06-01,1.00,0.99,0.97,0.92,0.84,0.45,0.05,inferred
South Norfolk,2021-06-02,1.00,0.99,0.97,0.92,0.84,0.45,0.05,inferred
South Norfolk,2021-06-03,1.00,0.99,0.97,0.92,0.84,0.45,0.05,inferred
South Norfolk,2021-06-04,1.00,0.99,0.97,0.92,0.84,0.45,0.05,inferred
South Norfolk,2021-06-05,1.00,0.99,0.97,0.92,0.84,0.45,0.05,inferred
South Norfolk,2021-06-06,1.00,0.99,0.97,0.92,0.84,0.45,0.05,inferred
South Norfolk,2021-06-07,1.00,0.99,0.97,0.92,0.84,0.45,0.05,inferred
South Norfolk,2021-06-08,1.00,0.99,0.98,0.94,0.87,0.49,0.05,inferred
South Norfolk,2021-06-09,1.00,0.99,0.98,0.94,0.87,0.49,0.05,inferred
South Norfolk,2021-06-10,1.00,0.99,0.98,0.94,0.87,0.49,0.05,inferred
South Norfolk,2021-06-11,1.00,0.99,0.98,0.94,0.87,0.49,0.05,inferred
South Norfolk,2021-06-12,1.00,0.99,0.98,0.94,0.87,0.49,0.05,inferred
South Norfolk,2021-06-13,1.00,0.99,0.98,0.94,0.87,0.49,0.05,inferred
South Norfolk,2021-06-14,1.00,0.99,0.98,0.94,0.87,0.49,0.05,inferred
South Norfolk,2021-06-15,1.00,1.00,1.00,1.00,0.98,0.74,0.12,inferred
South Norfolk,2021-06-16,1.00,1.00,1.00,1.00,0.98,0.74,0.12,inferred
South Norfolk,2021-06-17,1.00,1.00,1.00,1.00,0.98,0.74,0.12,inferred
South Norfolk,2021-06-18,1.00,1.00,1.00,1.00,0.98,0.74,0.12,inferred
South Norfolk,2021-06-19,1.00,1.00,1.00,1.00,0.98,0.74,0.12,inferred
South Norfolk,2021-06-20,1.00,1.00,1.00,1.00,0.98,0.74,0.12,inferred
South Norfolk,2021-06-21,1.00,1.00,1.00,1.00,0.98,0.74,0.12,inferred
South Norfolk,2021-06-22,1.00,1.00,1.00,1.00,1.00,0.93,0.41,inferred
South Norfolk,2021-06-23,1.00,1.00,1.00,1.00,1.00,0.93,0.41,inferred
South Norfolk,2021-06-24,1.00,1.00,1.00,1.00,1.00,0.93,0.41,inferred
South Norfolk,2021-06-25,1.00,1.00,1.00,1.00,1.00,0.93,0.41,inferred
South Norfolk,2021-06-26,1.00,1.00,1.00,1.00,1.00,0.93,0.41,inferred
South Norfolk,2021-06-27,1.00,1.00,1.00,1.00,1.00,0.93,0.41,inferred
South Norfolk,2021-06-28,1.00,1.00,1.00,1.00,1.00,0.93,0.41,inferred
South Norfolk,2021-06-29,1.00,1.00,1.00,1.00,0.99,0.87,0.43,inferred
South Norfolk,2021-06-30,1.00,1.00,1.00,1.00,0.99,0.87,0.43,inferred
South Norfolk,2021-07-01,1.00,1.00,1.00,1.00,0.99,0.87,0.43,inferred
South Norfolk,2021-07-02,1.00,1.00,1.00,1.00,0.99,0.87,0.43,inferred
South Norfolk,2021-07-03,1.00,1.00,1.00,1.00,0.99,0.87,0.43,inferred
South Norfolk,2021-07-04,1.00,1.00,1.00,1.00,0.99,0.87,0.43,inferred
South Norfolk,2021-07-05,1.00,1.00,1.00,1.00,0.99,0.87,0.43,inferred
South Norfolk,2021-07-06,1.00,1.00,0.99,0.97,0.95,0.79,0.38,projected
South Norfolk,2021-07-07,1.00,1.00,0.99,0.97,0.95,0.79,0.38,projected
South Norfolk,2021-07-08,1.00,1.00,0.99,0.97,0.95,0.79,0.38,projected
South Norfolk,2021-07-09,1.00,1.00,0.99,0.97,0.95,0.79,0.38,projected
South Norfolk,2021-07-10,1.00,1.00,0.99,0.97,0.95,0.79,0.38,projected
South Norfolk,2021-07-11,1.00,1.00,0.99,0.97,0.95,0.79,0.38,projected
South Norfolk,2021-07-12,1.00,1.00,0.99,0.97,0.95,0.79,0.38,projected
South Norfolk,2021-07-13,1.00,1.00,0.99,0.97,0.93,0.74,0.38,projected
South Norfolk,2021-07-14,1.00,1.00,0.99,0.97,0.93,0.74,0.38,projected
South Norfolk,2021-07-15,1.00,1.00,0.99,0.97,0.93,0.74,0.38,projected
South Norfolk,2021-07-16,1.00,1.00,0.99,0.97,0.93,0.74,0.38,projected
South Norfolk,2021-07-17,1.00,1.00,0.99,0.97,0.93,0.74,0.38,projected
South Norfolk,2021-07-18,1.00,1.00,0.99,0.97,0.93,0.74,0.38,projected
South Norfolk,2021-07-19,1.00,1.00,0.99,0.97,0.93,0.74,0.38,projected
South Norfolk,2021-07-20,1.00,0.99,0.98,0.96,0.92,0.74,0.37,projected
South Norfolk,2021-07-21,1.00,0.99,0.98,0.96,0.92,0.74,0.37,projected
South Norfolk,2021-07-22,1.00,0.99,0.98,0.96,0.92,0.74,0.37,projected
South Norfolk,2021-07-23,1.00,0.99,0.98,0.96,0.92,0.74,0.37,projected
South Norfolk,2021-07-24,1.00,0.99,0.98,0.96,0.92,0.74,0.37,projected
South Norfolk,2021-07-25,1.00,0.99,0.98,0.96,0.92,0.74,0.37,projected
South Norfolk,2021-07-26,1.00,0.99,0.98,0.96,0.92,0.74,0.37,projected
South Northamptonshire,2021-03-23,0.77,0.56,0.34,0.17,0.07,0.00,0.00,inferred
South Northamptonshire,2021-03-24,0.77,0.56,0.34,0.17,0.07,0.00,0.00,inferred
South Northamptonshire,2021-03-25,0.77,0.56,0.34,0.17,0.07,0.00,0.00,inferred
South Northamptonshire,2021-03-26,0.77,0.56,0.34,0.17,0.07,0.00,0.00,inferred
South Northamptonshire,2021-03-27,0.77,0.56,0.34,0.17,0.07,0.00,0.00,inferred
South Northamptonshire,2021-03-28,0.77,0.56,0.34,0.17,0.07,0.00,0.00,inferred
South Northamptonshire,2021-03-29,0.77,0.56,0.34,0.17,0.07,0.00,0.00,inferred
South Northamptonshire,2021-03-30,0.65,0.42,0.25,0.13,0.06,0.00,0.00,inferred
South Northamptonshire,2021-03-31,0.65,0.42,0.25,0.13,0.06,0.00,0.00,inferred
South Northamptonshire,2021-04-01,0.65,0.42,0.25,0.13,0.06,0.00,0.00,inferred
South Northamptonshire,2021-04-02,0.65,0.42,0.25,0.13,0.06,0.00,0.00,inferred
South Northamptonshire,2021-04-03,0.65,0.42,0.25,0.13,0.06,0.00,0.00,inferred
South Northamptonshire,2021-04-04,0.65,0.42,0.25,0.13,0.06,0.00,0.00,inferred
South Northamptonshire,2021-04-05,0.65,0.42,0.25,0.13,0.06,0.00,0.00,inferred
South Northamptonshire,2021-04-06,0.70,0.50,0.31,0.16,0.08,0.00,0.00,inferred
South Northamptonshire,2021-04-07,0.70,0.50,0.31,0.16,0.08,0.00,0.00,inferred
South Northamptonshire,2021-04-08,0.70,0.50,0.31,0.16,0.08,0.00,0.00,inferred
South Northamptonshire,2021-04-09,0.70,0.50,0.31,0.16,0.08,0.00,0.00,inferred
South Northamptonshire,2021-04-10,0.70,0.50,0.31,0.16,0.08,0.00,0.00,inferred
South Northamptonshire,2021-04-11,0.70,0.50,0.31,0.16,0.08,0.00,0.00,inferred
South Northamptonshire,2021-04-12,0.70,0.50,0.31,0.16,0.08,0.00,0.00,inferred
South Northamptonshire,2021-04-13,0.70,0.52,0.33,0.18,0.10,0.01,0.00,inferred
South Northamptonshire,2021-04-14,0.70,0.52,0.33,0.18,0.10,0.01,0.00,inferred
South Northamptonshire,2021-04-15,0.70,0.52,0.33,0.18,0.10,0.01,0.00,inferred
South Northamptonshire,2021-04-16,0.70,0.52,0.33,0.18,0.10,0.01,0.00,inferred
South Northamptonshire,2021-04-17,0.70,0.52,0.33,0.18,0.10,0.01,0.00,inferred
South Northamptonshire,2021-04-18,0.70,0.52,0.33,0.18,0.10,0.01,0.00,inferred
South Northamptonshire,2021-04-19,0.70,0.52,0.33,0.18,0.10,0.01,0.00,inferred
South Northamptonshire,2021-04-20,0.99,0.95,0.88,0.76,0.63,0.20,0.01,inferred
South Northamptonshire,2021-04-21,0.99,0.95,0.88,0.76,0.63,0.20,0.01,inferred
South Northamptonshire,2021-04-22,0.99,0.95,0.88,0.76,0.63,0.20,0.01,inferred
South Northamptonshire,2021-04-23,0.99,0.95,0.88,0.76,0.63,0.20,0.01,inferred
South Northamptonshire,2021-04-24,0.99,0.95,0.88,0.76,0.63,0.20,0.01,inferred
South Northamptonshire,2021-04-25,0.99,0.95,0.88,0.76,0.63,0.20,0.01,inferred
South Northamptonshire,2021-04-26,0.99,0.95,0.88,0.76,0.63,0.20,0.01,inferred
South Northamptonshire,2021-04-27,0.99,0.95,0.87,0.74,0.56,0.16,0.00,inferred
South Northamptonshire,2021-04-28,0.99,0.95,0.87,0.74,0.56,0.16,0.00,inferred
South Northamptonshire,2021-04-29,0.99,0.95,0.87,0.74,0.56,0.16,0.00,inferred
South Northamptonshire,2021-04-30,0.99,0.95,0.87,0.74,0.56,0.16,0.00,inferred
South Northamptonshire,2021-05-01,0.99,0.95,0.87,0.74,0.56,0.16,0.00,inferred
South Northamptonshire,2021-05-02,0.99,0.95,0.87,0.74,0.56,0.16,0.00,inferred
South Northamptonshire,2021-05-03,0.99,0.95,0.87,0.74,0.56,0.16,0.00,inferred
South Northamptonshire,2021-05-04,0.30,0.14,0.05,0.02,0.00,0.00,0.00,inferred
South Northamptonshire,2021-05-05,0.30,0.14,0.05,0.02,0.00,0.00,0.00,inferred
South Northamptonshire,2021-05-06,0.30,0.14,0.05,0.02,0.00,0.00,0.00,inferred
South Northamptonshire,2021-05-07,0.30,0.14,0.05,0.02,0.00,0.00,0.00,inferred
South Northamptonshire,2021-05-08,0.30,0.14,0.05,0.02,0.00,0.00,0.00,inferred
South Northamptonshire,2021-05-09,0.30,0.14,0.05,0.02,0.00,0.00,0.00,inferred
South Northamptonshire,2021-05-10,0.30,0.14,0.05,0.02,0.00,0.00,0.00,inferred
South Northamptonshire,2021-05-11,0.36,0.19,0.09,0.04,0.01,0.00,0.00,inferred
South Northamptonshire,2021-05-12,0.36,0.19,0.09,0.04,0.01,0.00,0.00,inferred
South Northamptonshire,2021-05-13,0.36,0.19,0.09,0.04,0.01,0.00,0.00,inferred
South Northamptonshire,2021-05-14,0.36,0.19,0.09,0.04,0.01,0.00,0.00,inferred
South Northamptonshire,2021-05-15,0.36,0.19,0.09,0.04,0.01,0.00,0.00,inferred
South Northamptonshire,2021-05-16,0.36,0.19,0.09,0.04,0.01,0.00,0.00,inferred
South Northamptonshire,2021-05-17,0.36,0.19,0.09,0.04,0.01,0.00,0.00,inferred
South Northamptonshire,2021-05-18,0.98,0.94,0.86,0.76,0.62,0.22,0.02,inferred
South Northamptonshire,2021-05-19,0.98,0.94,0.86,0.76,0.62,0.22,0.02,inferred
South Northamptonshire,2021-05-20,0.98,0.94,0.86,0.76,0.62,0.22,0.02,inferred
South Northamptonshire,2021-05-21,0.98,0.94,0.86,0.76,0.62,0.22,0.02,inferred
South Northamptonshire,2021-05-22,0.98,0.94,0.86,0.76,0.62,0.22,0.02,inferred
South Northamptonshire,2021-05-23,0.98,0.94,0.86,0.76,0.62,0.22,0.02,inferred
South Northamptonshire,2021-05-24,0.98,0.94,0.86,0.76,0.62,0.22,0.02,inferred
South Northamptonshire,2021-05-25,1.00,1.00,1.00,1.00,0.99,0.88,0.34,inferred
South Northamptonshire,2021-05-26,1.00,1.00,1.00,1.00,0.99,0.88,0.34,inferred
South Northamptonshire,2021-05-27,1.00,1.00,1.00,1.00,0.99,0.88,0.34,inferred
South Northamptonshire,2021-05-28,1.00,1.00,1.00,1.00,0.99,0.88,0.34,inferred
South Northamptonshire,2021-05-29,1.00,1.00,1.00,1.00,0.99,0.88,0.34,inferred
South Northamptonshire,2021-05-30,1.00,1.00,1.00,1.00,0.99,0.88,0.34,inferred
South Northamptonshire,2021-05-31,1.00,1.00,1.00,1.00,0.99,0.88,0.34,inferred
South Northamptonshire,2021-06-01,0.99,0.96,0.88,0.74,0.58,0.16,0.01,inferred
South Northamptonshire,2021-06-02,0.99,0.96,0.88,0.74,0.58,0.16,0.01,inferred
South Northamptonshire,2021-06-03,0.99,0.96,0.88,0.74,0.58,0.16,0.01,inferred
South Northamptonshire,2021-06-04,0.99,0.96,0.88,0.74,0.58,0.16,0.01,inferred
South Northamptonshire,2021-06-05,0.99,0.96,0.88,0.74,0.58,0.16,0.01,inferred
South Northamptonshire,2021-06-06,0.99,0.96,0.88,0.74,0.58,0.16,0.01,inferred
South Northamptonshire,2021-06-07,0.99,0.96,0.88,0.74,0.58,0.16,0.01,inferred
South Northamptonshire,2021-06-08,0.97,0.91,0.76,0.56,0.33,0.03,0.00,inferred
South Northamptonshire,2021-06-09,0.97,0.91,0.76,0.56,0.33,0.03,0.00,inferred
South Northamptonshire,2021-06-10,0.97,0.91,0.76,0.56,0.33,0.03,0.00,inferred
South Northamptonshire,2021-06-11,0.97,0.91,0.76,0.56,0.33,0.03,0.00,inferred
South Northamptonshire,2021-06-12,0.97,0.91,0.76,0.56,0.33,0.03,0.00,inferred
South Northamptonshire,2021-06-13,0.97,0.91,0.76,0.56,0.33,0.03,0.00,inferred
South Northamptonshire,2021-06-14,0.97,0.91,0.76,0.56,0.33,0.03,0.00,inferred
South Northamptonshire,2021-06-15,1.00,1.00,1.00,0.98,0.93,0.51,0.02,inferred
South Northamptonshire,2021-06-16,1.00,1.00,1.00,0.98,0.93,0.51,0.02,inferred
South Northamptonshire,2021-06-17,1.00,1.00,1.00,0.98,0.93,0.51,0.02,inferred
South Northamptonshire,2021-06-18,1.00,1.00,1.00,0.98,0.93,0.51,0.02,inferred
South Northamptonshire,2021-06-19,1.00,1.00,1.00,0.98,0.93,0.51,0.02,inferred
South Northamptonshire,2021-06-20,1.00,1.00,1.00,0.98,0.93,0.51,0.02,inferred
South Northamptonshire,2021-06-21,1.00,1.00,1.00,0.98,0.93,0.51,0.02,inferred
South Northamptonshire,2021-06-22,1.00,1.00,1.00,1.00,1.00,1.00,0.91,inferred
South Northamptonshire,2021-06-23,1.00,1.00,1.00,1.00,1.00,1.00,0.91,inferred
South Northamptonshire,2021-06-24,1.00,1.00,1.00,1.00,1.00,1.00,0.91,inferred
South Northamptonshire,2021-06-25,1.00,1.00,1.00,1.00,1.00,1.00,0.91,inferred
South Northamptonshire,2021-06-26,1.00,1.00,1.00,1.00,1.00,1.00,0.91,inferred
South Northamptonshire,2021-06-27,1.00,1.00,1.00,1.00,1.00,1.00,0.91,inferred
South Northamptonshire,2021-06-28,1.00,1.00,1.00,1.00,1.00,1.00,0.91,inferred
South Northamptonshire,2021-06-29,1.00,1.00,1.00,1.00,0.99,0.85,0.44,inferred
South Northamptonshire,2021-06-30,1.00,1.00,1.00,1.00,0.99,0.85,0.44,inferred
South Northamptonshire,2021-07-01,1.00,1.00,1.00,1.00,0.99,0.85,0.44,inferred
South Northamptonshire,2021-07-02,1.00,1.00,1.00,1.00,0.99,0.85,0.44,inferred
South Northamptonshire,2021-07-03,1.00,1.00,1.00,1.00,0.99,0.85,0.44,inferred
South Northamptonshire,2021-07-04,1.00,1.00,1.00,1.00,0.99,0.85,0.44,inferred
South Northamptonshire,2021-07-05,1.00,1.00,1.00,1.00,0.99,0.85,0.44,inferred
South Northamptonshire,2021-07-06,1.00,0.99,0.97,0.94,0.90,0.67,0.31,projected
South Northamptonshire,2021-07-07,1.00,0.99,0.97,0.94,0.90,0.67,0.31,projected
South Northamptonshire,2021-07-08,1.00,0.99,0.97,0.94,0.90,0.67,0.31,projected
South Northamptonshire,2021-07-09,1.00,0.99,0.97,0.94,0.90,0.67,0.31,projected
South Northamptonshire,2021-07-10,1.00,0.99,0.97,0.94,0.90,0.67,0.31,projected
South Northamptonshire,2021-07-11,1.00,0.99,0.97,0.94,0.90,0.67,0.31,projected
South Northamptonshire,2021-07-12,1.00,0.99,0.97,0.94,0.90,0.67,0.31,projected
South Northamptonshire,2021-07-13,0.98,0.96,0.92,0.87,0.80,0.57,0.27,projected
South Northamptonshire,2021-07-14,0.98,0.96,0.92,0.87,0.80,0.57,0.27,projected
South Northamptonshire,2021-07-15,0.98,0.96,0.92,0.87,0.80,0.57,0.27,projected
South Northamptonshire,2021-07-16,0.98,0.96,0.92,0.87,0.80,0.57,0.27,projected
South Northamptonshire,2021-07-17,0.98,0.96,0.92,0.87,0.80,0.57,0.27,projected
South Northamptonshire,2021-07-18,0.98,0.96,0.92,0.87,0.80,0.57,0.27,projected
South Northamptonshire,2021-07-19,0.98,0.96,0.92,0.87,0.80,0.57,0.27,projected
South Northamptonshire,2021-07-20,0.98,0.94,0.90,0.84,0.77,0.54,0.26,projected
South Northamptonshire,2021-07-21,0.98,0.94,0.90,0.84,0.77,0.54,0.26,projected
South Northamptonshire,2021-07-22,0.98,0.94,0.90,0.84,0.77,0.54,0.26,projected
South Northamptonshire,2021-07-23,0.98,0.94,0.90,0.84,0.77,0.54,0.26,projected
South Northamptonshire,2021-07-24,0.98,0.94,0.90,0.84,0.77,0.54,0.26,projected
South Northamptonshire,2021-07-25,0.98,0.94,0.90,0.84,0.77,0.54,0.26,projected
South Northamptonshire,2021-07-26,0.98,0.94,0.90,0.84,0.77,0.54,0.26,projected
South Oxfordshire,2021-03-23,0.17,0.04,0.00,0.00,0.00,0.00,0.00,inferred
South Oxfordshire,2021-03-24,0.17,0.04,0.00,0.00,0.00,0.00,0.00,inferred
South Oxfordshire,2021-03-25,0.17,0.04,0.00,0.00,0.00,0.00,0.00,inferred
South Oxfordshire,2021-03-26,0.17,0.04,0.00,0.00,0.00,0.00,0.00,inferred
South Oxfordshire,2021-03-27,0.17,0.04,0.00,0.00,0.00,0.00,0.00,inferred
South Oxfordshire,2021-03-28,0.17,0.04,0.00,0.00,0.00,0.00,0.00,inferred
South Oxfordshire,2021-03-29,0.17,0.04,0.00,0.00,0.00,0.00,0.00,inferred
South Oxfordshire,2021-03-30,0.14,0.04,0.02,0.00,0.00,0.00,0.00,inferred
South Oxfordshire,2021-03-31,0.14,0.04,0.02,0.00,0.00,0.00,0.00,inferred
South Oxfordshire,2021-04-01,0.14,0.04,0.02,0.00,0.00,0.00,0.00,inferred
South Oxfordshire,2021-04-02,0.14,0.04,0.02,0.00,0.00,0.00,0.00,inferred
South Oxfordshire,2021-04-03,0.14,0.04,0.02,0.00,0.00,0.00,0.00,inferred
South Oxfordshire,2021-04-04,0.14,0.04,0.02,0.00,0.00,0.00,0.00,inferred
South Oxfordshire,2021-04-05,0.14,0.04,0.02,0.00,0.00,0.00,0.00,inferred
South Oxfordshire,2021-04-06,0.23,0.09,0.03,0.01,0.00,0.00,0.00,inferred
South Oxfordshire,2021-04-07,0.23,0.09,0.03,0.01,0.00,0.00,0.00,inferred
South Oxfordshire,2021-04-08,0.23,0.09,0.03,0.01,0.00,0.00,0.00,inferred
South Oxfordshire,2021-04-09,0.23,0.09,0.03,0.01,0.00,0.00,0.00,inferred
South Oxfordshire,2021-04-10,0.23,0.09,0.03,0.01,0.00,0.00,0.00,inferred
South Oxfordshire,2021-04-11,0.23,0.09,0.03,0.01,0.00,0.00,0.00,inferred
South Oxfordshire,2021-04-12,0.23,0.09,0.03,0.01,0.00,0.00,0.00,inferred
South Oxfordshire,2021-04-13,0.41,0.22,0.11,0.05,0.02,0.00,0.00,inferred
South Oxfordshire,2021-04-14,0.41,0.22,0.11,0.05,0.02,0.00,0.00,inferred
South Oxfordshire,2021-04-15,0.41,0.22,0.11,0.05,0.02,0.00,0.00,inferred
South Oxfordshire,2021-04-16,0.41,0.22,0.11,0.05,0.02,0.00,0.00,inferred
South Oxfordshire,2021-04-17,0.41,0.22,0.11,0.05,0.02,0.00,0.00,inferred
South Oxfordshire,2021-04-18,0.41,0.22,0.11,0.05,0.02,0.00,0.00,inferred
South Oxfordshire,2021-04-19,0.41,0.22,0.11,0.05,0.02,0.00,0.00,inferred
South Oxfordshire,2021-04-20,0.55,0.34,0.18,0.08,0.03,0.00,0.00,inferred
South Oxfordshire,2021-04-21,0.55,0.34,0.18,0.08,0.03,0.00,0.00,inferred
South Oxfordshire,2021-04-22,0.55,0.34,0.18,0.08,0.03,0.00,0.00,inferred
South Oxfordshire,2021-04-23,0.55,0.34,0.18,0.08,0.03,0.00,0.00,inferred
South Oxfordshire,2021-04-24,0.55,0.34,0.18,0.08,0.03,0.00,0.00,inferred
South Oxfordshire,2021-04-25,0.55,0.34,0.18,0.08,0.03,0.00,0.00,inferred
South Oxfordshire,2021-04-26,0.55,0.34,0.18,0.08,0.03,0.00,0.00,inferred
South Oxfordshire,2021-04-27,0.51,0.31,0.17,0.09,0.04,0.00,0.00,inferred
South Oxfordshire,2021-04-28,0.51,0.31,0.17,0.09,0.04,0.00,0.00,inferred
South Oxfordshire,2021-04-29,0.51,0.31,0.17,0.09,0.04,0.00,0.00,inferred
South Oxfordshire,2021-04-30,0.51,0.31,0.17,0.09,0.04,0.00,0.00,inferred
South Oxfordshire,2021-05-01,0.51,0.31,0.17,0.09,0.04,0.00,0.00,inferred
South Oxfordshire,2021-05-02,0.51,0.31,0.17,0.09,0.04,0.00,0.00,inferred
South Oxfordshire,2021-05-03,0.51,0.31,0.17,0.09,0.04,0.00,0.00,inferred
South Oxfordshire,2021-05-04,0.66,0.48,0.32,0.19,0.11,0.01,0.00,inferred
South Oxfordshire,2021-05-05,0.66,0.48,0.32,0.19,0.11,0.01,0.00,inferred
South Oxfordshire,2021-05-06,0.66,0.48,0.32,0.19,0.11,0.01,0.00,inferred
South Oxfordshire,2021-05-07,0.66,0.48,0.32,0.19,0.11,0.01,0.00,inferred
South Oxfordshire,2021-05-08,0.66,0.48,0.32,0.19,0.11,0.01,0.00,inferred
South Oxfordshire,2021-05-09,0.66,0.48,0.32,0.19,0.11,0.01,0.00,inferred
South Oxfordshire,2021-05-10,0.66,0.48,0.32,0.19,0.11,0.01,0.00,inferred
South Oxfordshire,2021-05-11,0.99,0.98,0.96,0.91,0.84,0.50,0.09,inferred
South Oxfordshire,2021-05-12,0.99,0.98,0.96,0.91,0.84,0.50,0.09,inferred
South Oxfordshire,2021-05-13,0.99,0.98,0.96,0.91,0.84,0.50,0.09,inferred
South Oxfordshire,2021-05-14,0.99,0.98,0.96,0.91,0.84,0.50,0.09,inferred
South Oxfordshire,2021-05-15,0.99,0.98,0.96,0.91,0.84,0.50,0.09,inferred
South Oxfordshire,2021-05-16,0.99,0.98,0.96,0.91,0.84,0.50,0.09,inferred
South Oxfordshire,2021-05-17,0.99,0.98,0.96,0.91,0.84,0.50,0.09,inferred
South Oxfordshire,2021-05-18,1.00,1.00,1.00,1.00,1.00,0.98,0.79,inferred
South Oxfordshire,2021-05-19,1.00,1.00,1.00,1.00,1.00,0.98,0.79,inferred
South Oxfordshire,2021-05-20,1.00,1.00,1.00,1.00,1.00,0.98,0.79,inferred
South Oxfordshire,2021-05-21,1.00,1.00,1.00,1.00,1.00,0.98,0.79,inferred
South Oxfordshire,2021-05-22,1.00,1.00,1.00,1.00,1.00,0.98,0.79,inferred
South Oxfordshire,2021-05-23,1.00,1.00,1.00,1.00,1.00,0.98,0.79,inferred
South Oxfordshire,2021-05-24,1.00,1.00,1.00,1.00,1.00,0.98,0.79,inferred
South Oxfordshire,2021-05-25,1.00,1.00,1.00,0.99,0.97,0.74,0.24,inferred
South Oxfordshire,2021-05-26,1.00,1.00,1.00,0.99,0.97,0.74,0.24,inferred
South Oxfordshire,2021-05-27,1.00,1.00,1.00,0.99,0.97,0.74,0.24,inferred
South Oxfordshire,2021-05-28,1.00,1.00,1.00,0.99,0.97,0.74,0.24,inferred
South Oxfordshire,2021-05-29,1.00,1.00,1.00,0.99,0.97,0.74,0.24,inferred
South Oxfordshire,2021-05-30,1.00,1.00,1.00,0.99,0.97,0.74,0.24,inferred
South Oxfordshire,2021-05-31,1.00,1.00,1.00,0.99,0.97,0.74,0.24,inferred
South Oxfordshire,2021-06-01,0.87,0.68,0.43,0.20,0.09,0.00,0.00,inferred
South Oxfordshire,2021-06-02,0.87,0.68,0.43,0.20,0.09,0.00,0.00,inferred
South Oxfordshire,2021-06-03,0.87,0.68,0.43,0.20,0.09,0.00,0.00,inferred
South Oxfordshire,2021-06-04,0.87,0.68,0.43,0.20,0.09,0.00,0.00,inferred
South Oxfordshire,2021-06-05,0.87,0.68,0.43,0.20,0.09,0.00,0.00,inferred
South Oxfordshire,2021-06-06,0.87,0.68,0.43,0.20,0.09,0.00,0.00,inferred
South Oxfordshire,2021-06-07,0.87,0.68,0.43,0.20,0.09,0.00,0.00,inferred
South Oxfordshire,2021-06-08,1.00,0.99,0.96,0.85,0.66,0.13,0.00,inferred
South Oxfordshire,2021-06-09,1.00,0.99,0.96,0.85,0.66,0.13,0.00,inferred
South Oxfordshire,2021-06-10,1.00,0.99,0.96,0.85,0.66,0.13,0.00,inferred
South Oxfordshire,2021-06-11,1.00,0.99,0.96,0.85,0.66,0.13,0.00,inferred
South Oxfordshire,2021-06-12,1.00,0.99,0.96,0.85,0.66,0.13,0.00,inferred
South Oxfordshire,2021-06-13,1.00,0.99,0.96,0.85,0.66,0.13,0.00,inferred
South Oxfordshire,2021-06-14,1.00,0.99,0.96,0.85,0.66,0.13,0.00,inferred
South Oxfordshire,2021-06-15,1.00,1.00,1.00,1.00,1.00,0.99,0.46,inferred
South Oxfordshire,2021-06-16,1.00,1.00,1.00,1.00,1.00,0.99,0.46,inferred
South Oxfordshire,2021-06-17,1.00,1.00,1.00,1.00,1.00,0.99,0.46,inferred
South Oxfordshire,2021-06-18,1.00,1.00,1.00,1.00,1.00,0.99,0.46,inferred
South Oxfordshire,2021-06-19,1.00,1.00,1.00,1.00,1.00,0.99,0.46,inferred
South Oxfordshire,2021-06-20,1.00,1.00,1.00,1.00,1.00,0.99,0.46,inferred
South Oxfordshire,2021-06-21,1.00,1.00,1.00,1.00,1.00,0.99,0.46,inferred
South Oxfordshire,2021-06-22,1.00,1.00,1.00,1.00,0.99,0.83,0.20,inferred
South Oxfordshire,2021-06-23,1.00,1.00,1.00,1.00,0.99,0.83,0.20,inferred
South Oxfordshire,2021-06-24,1.00,1.00,1.00,1.00,0.99,0.83,0.20,inferred
South Oxfordshire,2021-06-25,1.00,1.00,1.00,1.00,0.99,0.83,0.20,inferred
South Oxfordshire,2021-06-26,1.00,1.00,1.00,1.00,0.99,0.83,0.20,inferred
South Oxfordshire,2021-06-27,1.00,1.00,1.00,1.00,0.99,0.83,0.20,inferred
South Oxfordshire,2021-06-28,1.00,1.00,1.00,1.00,0.99,0.83,0.20,inferred
South Oxfordshire,2021-06-29,0.96,0.87,0.71,0.53,0.36,0.05,0.00,inferred
South Oxfordshire,2021-06-30,0.96,0.87,0.71,0.53,0.36,0.05,0.00,inferred
South Oxfordshire,2021-07-01,0.96,0.87,0.71,0.53,0.36,0.05,0.00,inferred
South Oxfordshire,2021-07-02,0.96,0.87,0.71,0.53,0.36,0.05,0.00,inferred
South Oxfordshire,2021-07-03,0.96,0.87,0.71,0.53,0.36,0.05,0.00,inferred
South Oxfordshire,2021-07-04,0.96,0.87,0.71,0.53,0.36,0.05,0.00,inferred
South Oxfordshire,2021-07-05,0.96,0.87,0.71,0.53,0.36,0.05,0.00,inferred
South Oxfordshire,2021-07-06,0.91,0.82,0.69,0.54,0.41,0.15,0.02,projected
South Oxfordshire,2021-07-07,0.91,0.82,0.69,0.54,0.41,0.15,0.02,projected
South Oxfordshire,2021-07-08,0.91,0.82,0.69,0.54,0.41,0.15,0.02,projected
South Oxfordshire,2021-07-09,0.91,0.82,0.69,0.54,0.41,0.15,0.02,projected
South Oxfordshire,2021-07-10,0.91,0.82,0.69,0.54,0.41,0.15,0.02,projected
South Oxfordshire,2021-07-11,0.91,0.82,0.69,0.54,0.41,0.15,0.02,projected
South Oxfordshire,2021-07-12,0.91,0.82,0.69,0.54,0.41,0.15,0.02,projected
South Oxfordshire,2021-07-13,0.91,0.82,0.71,0.59,0.47,0.23,0.05,projected
South Oxfordshire,2021-07-14,0.91,0.82,0.71,0.59,0.47,0.23,0.05,projected
South Oxfordshire,2021-07-15,0.91,0.82,0.71,0.59,0.47,0.23,0.05,projected
South Oxfordshire,2021-07-16,0.91,0.82,0.71,0.59,0.47,0.23,0.05,projected
South Oxfordshire,2021-07-17,0.91,0.82,0.71,0.59,0.47,0.23,0.05,projected
South Oxfordshire,2021-07-18,0.91,0.82,0.71,0.59,0.47,0.23,0.05,projected
South Oxfordshire,2021-07-19,0.91,0.82,0.71,0.59,0.47,0.23,0.05,projected
South Oxfordshire,2021-07-20,0.92,0.85,0.76,0.65,0.54,0.28,0.07,projected
South Oxfordshire,2021-07-21,0.92,0.85,0.76,0.65,0.54,0.28,0.07,projected
South Oxfordshire,2021-07-22,0.92,0.85,0.76,0.65,0.54,0.28,0.07,projected
South Oxfordshire,2021-07-23,0.92,0.85,0.76,0.65,0.54,0.28,0.07,projected
South Oxfordshire,2021-07-24,0.92,0.85,0.76,0.65,0.54,0.28,0.07,projected
South Oxfordshire,2021-07-25,0.92,0.85,0.76,0.65,0.54,0.28,0.07,projected
South Oxfordshire,2021-07-26,0.92,0.85,0.76,0.65,0.54,0.28,0.07,projected
South Ribble,2021-03-23,0.18,0.04,0.01,0.00,0.00,0.00,0.00,inferred
South Ribble,2021-03-24,0.18,0.04,0.01,0.00,0.00,0.00,0.00,inferred
South Ribble,2021-03-25,0.18,0.04,0.01,0.00,0.00,0.00,0.00,inferred
South Ribble,2021-03-26,0.18,0.04,0.01,0.00,0.00,0.00,0.00,inferred
South Ribble,2021-03-27,0.18,0.04,0.01,0.00,0.00,0.00,0.00,inferred
South Ribble,2021-03-28,0.18,0.04,0.01,0.00,0.00,0.00,0.00,inferred
South Ribble,2021-03-29,0.18,0.04,0.01,0.00,0.00,0.00,0.00,inferred
South Ribble,2021-03-30,0.43,0.19,0.07,0.02,0.00,0.00,0.00,inferred
South Ribble,2021-03-31,0.43,0.19,0.07,0.02,0.00,0.00,0.00,inferred
South Ribble,2021-04-01,0.43,0.19,0.07,0.02,0.00,0.00,0.00,inferred
South Ribble,2021-04-02,0.43,0.19,0.07,0.02,0.00,0.00,0.00,inferred
South Ribble,2021-04-03,0.43,0.19,0.07,0.02,0.00,0.00,0.00,inferred
South Ribble,2021-04-04,0.43,0.19,0.07,0.02,0.00,0.00,0.00,inferred
South Ribble,2021-04-05,0.43,0.19,0.07,0.02,0.00,0.00,0.00,inferred
South Ribble,2021-04-06,0.08,0.03,0.01,0.00,0.00,0.00,0.00,inferred
South Ribble,2021-04-07,0.08,0.03,0.01,0.00,0.00,0.00,0.00,inferred
South Ribble,2021-04-08,0.08,0.03,0.01,0.00,0.00,0.00,0.00,inferred
South Ribble,2021-04-09,0.08,0.03,0.01,0.00,0.00,0.00,0.00,inferred
South Ribble,2021-04-10,0.08,0.03,0.01,0.00,0.00,0.00,0.00,inferred
South Ribble,2021-04-11,0.08,0.03,0.01,0.00,0.00,0.00,0.00,inferred
South Ribble,2021-04-12,0.08,0.03,0.01,0.00,0.00,0.00,0.00,inferred
South Ribble,2021-04-13,0.58,0.36,0.20,0.10,0.04,0.00,0.00,inferred
South Ribble,2021-04-14,0.58,0.36,0.20,0.10,0.04,0.00,0.00,inferred
South Ribble,2021-04-15,0.58,0.36,0.20,0.10,0.04,0.00,0.00,inferred
South Ribble,2021-04-16,0.58,0.36,0.20,0.10,0.04,0.00,0.00,inferred
South Ribble,2021-04-17,0.58,0.36,0.20,0.10,0.04,0.00,0.00,inferred
South Ribble,2021-04-18,0.58,0.36,0.20,0.10,0.04,0.00,0.00,inferred
South Ribble,2021-04-19,0.58,0.36,0.20,0.10,0.04,0.00,0.00,inferred
South Ribble,2021-04-20,0.70,0.50,0.32,0.18,0.08,0.01,0.00,inferred
South Ribble,2021-04-21,0.70,0.50,0.32,0.18,0.08,0.01,0.00,inferred
South Ribble,2021-04-22,0.70,0.50,0.32,0.18,0.08,0.01,0.00,inferred
South Ribble,2021-04-23,0.70,0.50,0.32,0.18,0.08,0.01,0.00,inferred
South Ribble,2021-04-24,0.70,0.50,0.32,0.18,0.08,0.01,0.00,inferred
South Ribble,2021-04-25,0.70,0.50,0.32,0.18,0.08,0.01,0.00,inferred
South Ribble,2021-04-26,0.70,0.50,0.32,0.18,0.08,0.01,0.00,inferred
South Ribble,2021-04-27,0.89,0.79,0.61,0.45,0.29,0.05,0.00,inferred
South Ribble,2021-04-28,0.89,0.79,0.61,0.45,0.29,0.05,0.00,inferred
South Ribble,2021-04-29,0.89,0.79,0.61,0.45,0.29,0.05,0.00,inferred
South Ribble,2021-04-30,0.89,0.79,0.61,0.45,0.29,0.05,0.00,inferred
South Ribble,2021-05-01,0.89,0.79,0.61,0.45,0.29,0.05,0.00,inferred
South Ribble,2021-05-02,0.89,0.79,0.61,0.45,0.29,0.05,0.00,inferred
South Ribble,2021-05-03,0.89,0.79,0.61,0.45,0.29,0.05,0.00,inferred
South Ribble,2021-05-04,0.98,0.94,0.86,0.73,0.58,0.17,0.01,inferred
South Ribble,2021-05-05,0.98,0.94,0.86,0.73,0.58,0.17,0.01,inferred
South Ribble,2021-05-06,0.98,0.94,0.86,0.73,0.58,0.17,0.01,inferred
South Ribble,2021-05-07,0.98,0.94,0.86,0.73,0.58,0.17,0.01,inferred
South Ribble,2021-05-08,0.98,0.94,0.86,0.73,0.58,0.17,0.01,inferred
South Ribble,2021-05-09,0.98,0.94,0.86,0.73,0.58,0.17,0.01,inferred
South Ribble,2021-05-10,0.98,0.94,0.86,0.73,0.58,0.17,0.01,inferred
South Ribble,2021-05-11,1.00,1.00,1.00,0.99,0.99,0.85,0.28,inferred
South Ribble,2021-05-12,1.00,1.00,1.00,0.99,0.99,0.85,0.28,inferred
South Ribble,2021-05-13,1.00,1.00,1.00,0.99,0.99,0.85,0.28,inferred
South Ribble,2021-05-14,1.00,1.00,1.00,0.99,0.99,0.85,0.28,inferred
South Ribble,2021-05-15,1.00,1.00,1.00,0.99,0.99,0.85,0.28,inferred
South Ribble,2021-05-16,1.00,1.00,1.00,0.99,0.99,0.85,0.28,inferred
South Ribble,2021-05-17,1.00,1.00,1.00,0.99,0.99,0.85,0.28,inferred
South Ribble,2021-05-18,1.00,1.00,1.00,1.00,1.00,1.00,0.90,inferred
South Ribble,2021-05-19,1.00,1.00,1.00,1.00,1.00,1.00,0.90,inferred
South Ribble,2021-05-20,1.00,1.00,1.00,1.00,1.00,1.00,0.90,inferred
South Ribble,2021-05-21,1.00,1.00,1.00,1.00,1.00,1.00,0.90,inferred
South Ribble,2021-05-22,1.00,1.00,1.00,1.00,1.00,1.00,0.90,inferred
South Ribble,2021-05-23,1.00,1.00,1.00,1.00,1.00,1.00,0.90,inferred
South Ribble,2021-05-24,1.00,1.00,1.00,1.00,1.00,1.00,0.90,inferred
South Ribble,2021-05-25,1.00,1.00,1.00,1.00,1.00,1.00,0.84,inferred
South Ribble,2021-05-26,1.00,1.00,1.00,1.00,1.00,1.00,0.84,inferred
South Ribble,2021-05-27,1.00,1.00,1.00,1.00,1.00,1.00,0.84,inferred
South Ribble,2021-05-28,1.00,1.00,1.00,1.00,1.00,1.00,0.84,inferred
South Ribble,2021-05-29,1.00,1.00,1.00,1.00,1.00,1.00,0.84,inferred
South Ribble,2021-05-30,1.00,1.00,1.00,1.00,1.00,1.00,0.84,inferred
South Ribble,2021-05-31,1.00,1.00,1.00,1.00,1.00,1.00,0.84,inferred
South Ribble,2021-06-01,1.00,0.97,0.83,0.61,0.39,0.03,0.00,inferred
South Ribble,2021-06-02,1.00,0.97,0.83,0.61,0.39,0.03,0.00,inferred
South Ribble,2021-06-03,1.00,0.97,0.83,0.61,0.39,0.03,0.00,inferred
South Ribble,2021-06-04,1.00,0.97,0.83,0.61,0.39,0.03,0.00,inferred
South Ribble,2021-06-05,1.00,0.97,0.83,0.61,0.39,0.03,0.00,inferred
South Ribble,2021-06-06,1.00,0.97,0.83,0.61,0.39,0.03,0.00,inferred
South Ribble,2021-06-07,1.00,0.97,0.83,0.61,0.39,0.03,0.00,inferred
South Ribble,2021-06-08,0.95,0.72,0.27,0.06,0.01,0.00,0.00,inferred
South Ribble,2021-06-09,0.95,0.72,0.27,0.06,0.01,0.00,0.00,inferred
South Ribble,2021-06-10,0.95,0.72,0.27,0.06,0.01,0.00,0.00,inferred
South Ribble,2021-06-11,0.95,0.72,0.27,0.06,0.01,0.00,0.00,inferred
South Ribble,2021-06-12,0.95,0.72,0.27,0.06,0.01,0.00,0.00,inferred
South Ribble,2021-06-13,0.95,0.72,0.27,0.06,0.01,0.00,0.00,inferred
South Ribble,2021-06-14,0.95,0.72,0.27,0.06,0.01,0.00,0.00,inferred
South Ribble,2021-06-15,1.00,0.99,0.95,0.71,0.33,0.00,0.00,inferred
South Ribble,2021-06-16,1.00,0.99,0.95,0.71,0.33,0.00,0.00,inferred
South Ribble,2021-06-17,1.00,0.99,0.95,0.71,0.33,0.00,0.00,inferred
South Ribble,2021-06-18,1.00,0.99,0.95,0.71,0.33,0.00,0.00,inferred
South Ribble,2021-06-19,1.00,0.99,0.95,0.71,0.33,0.00,0.00,inferred
South Ribble,2021-06-20,1.00,0.99,0.95,0.71,0.33,0.00,0.00,inferred
South Ribble,2021-06-21,1.00,0.99,0.95,0.71,0.33,0.00,0.00,inferred
South Ribble,2021-06-22,0.99,0.84,0.46,0.12,0.02,0.00,0.00,inferred
South Ribble,2021-06-23,0.99,0.84,0.46,0.12,0.02,0.00,0.00,inferred
South Ribble,2021-06-24,0.99,0.84,0.46,0.12,0.02,0.00,0.00,inferred
South Ribble,2021-06-25,0.99,0.84,0.46,0.12,0.02,0.00,0.00,inferred
South Ribble,2021-06-26,0.99,0.84,0.46,0.12,0.02,0.00,0.00,inferred
South Ribble,2021-06-27,0.99,0.84,0.46,0.12,0.02,0.00,0.00,inferred
South Ribble,2021-06-28,0.99,0.84,0.46,0.12,0.02,0.00,0.00,inferred
South Ribble,2021-06-29,0.32,0.12,0.04,0.00,0.00,0.00,0.00,inferred
South Ribble,2021-06-30,0.32,0.12,0.04,0.00,0.00,0.00,0.00,inferred
South Ribble,2021-07-01,0.32,0.12,0.04,0.00,0.00,0.00,0.00,inferred
South Ribble,2021-07-02,0.32,0.12,0.04,0.00,0.00,0.00,0.00,inferred
South Ribble,2021-07-03,0.32,0.12,0.04,0.00,0.00,0.00,0.00,inferred
South Ribble,2021-07-04,0.32,0.12,0.04,0.00,0.00,0.00,0.00,inferred
South Ribble,2021-07-05,0.32,0.12,0.04,0.00,0.00,0.00,0.00,inferred
South Ribble,2021-07-06,0.47,0.32,0.21,0.14,0.08,0.02,0.00,projected
South Ribble,2021-07-07,0.47,0.32,0.21,0.14,0.08,0.02,0.00,projected
South Ribble,2021-07-08,0.47,0.32,0.21,0.14,0.08,0.02,0.00,projected
South Ribble,2021-07-09,0.47,0.32,0.21,0.14,0.08,0.02,0.00,projected
South Ribble,2021-07-10,0.47,0.32,0.21,0.14,0.08,0.02,0.00,projected
South Ribble,2021-07-11,0.47,0.32,0.21,0.14,0.08,0.02,0.00,projected
South Ribble,2021-07-12,0.47,0.32,0.21,0.14,0.08,0.02,0.00,projected
South Ribble,2021-07-13,0.55,0.43,0.30,0.21,0.14,0.04,0.01,projected
South Ribble,2021-07-14,0.55,0.43,0.30,0.21,0.14,0.04,0.01,projected
South Ribble,2021-07-15,0.55,0.43,0.30,0.21,0.14,0.04,0.01,projected
South Ribble,2021-07-16,0.55,0.43,0.30,0.21,0.14,0.04,0.01,projected
South Ribble,2021-07-17,0.55,0.43,0.30,0.21,0.14,0.04,0.01,projected
South Ribble,2021-07-18,0.55,0.43,0.30,0.21,0.14,0.04,0.01,projected
South Ribble,2021-07-19,0.55,0.43,0.30,0.21,0.14,0.04,0.01,projected
South Ribble,2021-07-20,0.65,0.53,0.42,0.31,0.24,0.09,0.02,projected
South Ribble,2021-07-21,0.65,0.53,0.42,0.31,0.24,0.09,0.02,projected
South Ribble,2021-07-22,0.65,0.53,0.42,0.31,0.24,0.09,0.02,projected
South Ribble,2021-07-23,0.65,0.53,0.42,0.31,0.24,0.09,0.02,projected
South Ribble,2021-07-24,0.65,0.53,0.42,0.31,0.24,0.09,0.02,projected
South Ribble,2021-07-25,0.65,0.53,0.42,0.31,0.24,0.09,0.02,projected
South Ribble,2021-07-26,0.65,0.53,0.42,0.31,0.24,0.09,0.02,projected
South Somerset,2021-03-23,0.00,0.00,0.00,0.00,0.00,0.00,0.00,inferred
South Somerset,2021-03-24,0.00,0.00,0.00,0.00,0.00,0.00,0.00,inferred
South Somerset,2021-03-25,0.00,0.00,0.00,0.00,0.00,0.00,0.00,inferred
South Somerset,2021-03-26,0.00,0.00,0.00,0.00,0.00,0.00,0.00,inferred
South Somerset,2021-03-27,0.00,0.00,0.00,0.00,0.00,0.00,0.00,inferred
South Somerset,2021-03-28,0.00,0.00,0.00,0.00,0.00,0.00,0.00,inferred
South Somerset,2021-03-29,0.00,0.00,0.00,0.00,0.00,0.00,0.00,inferred
South Somerset,2021-03-30,0.01,0.00,0.00,0.00,0.00,0.00,0.00,inferred
South Somerset,2021-03-31,0.01,0.00,0.00,0.00,0.00,0.00,0.00,inferred
South Somerset,2021-04-01,0.01,0.00,0.00,0.00,0.00,0.00,0.00,inferred
South Somerset,2021-04-02,0.01,0.00,0.00,0.00,0.00,0.00,0.00,inferred
South Somerset,2021-04-03,0.01,0.00,0.00,0.00,0.00,0.00,0.00,inferred
South Somerset,2021-04-04,0.01,0.00,0.00,0.00,0.00,0.00,0.00,inferred
South Somerset,2021-04-05,0.01,0.00,0.00,0.00,0.00,0.00,0.00,inferred
South Somerset,2021-04-06,0.22,0.11,0.04,0.02,0.01,0.00,0.00,inferred
South Somerset,2021-04-07,0.22,0.11,0.04,0.02,0.01,0.00,0.00,inferred
South Somerset,2021-04-08,0.22,0.11,0.04,0.02,0.01,0.00,0.00,inferred
South Somerset,2021-04-09,0.22,0.11,0.04,0.02,0.01,0.00,0.00,inferred
South Somerset,2021-04-10,0.22,0.11,0.04,0.02,0.01,0.00,0.00,inferred
South Somerset,2021-04-11,0.22,0.11,0.04,0.02,0.01,0.00,0.00,inferred
South Somerset,2021-04-12,0.22,0.11,0.04,0.02,0.01,0.00,0.00,inferred
South Somerset,2021-04-13,0.28,0.13,0.05,0.02,0.01,0.00,0.00,inferred
South Somerset,2021-04-14,0.28,0.13,0.05,0.02,0.01,0.00,0.00,inferred
South Somerset,2021-04-15,0.28,0.13,0.05,0.02,0.01,0.00,0.00,inferred
South Somerset,2021-04-16,0.28,0.13,0.05,0.02,0.01,0.00,0.00,inferred
South Somerset,2021-04-17,0.28,0.13,0.05,0.02,0.01,0.00,0.00,inferred
South Somerset,2021-04-18,0.28,0.13,0.05,0.02,0.01,0.00,0.00,inferred
South Somerset,2021-04-19,0.28,0.13,0.05,0.02,0.01,0.00,0.00,inferred
South Somerset,2021-04-20,0.50,0.32,0.19,0.10,0.05,0.00,0.00,inferred
South Somerset,2021-04-21,0.50,0.32,0.19,0.10,0.05,0.00,0.00,inferred
South Somerset,2021-04-22,0.50,0.32,0.19,0.10,0.05,0.00,0.00,inferred
South Somerset,2021-04-23,0.50,0.32,0.19,0.10,0.05,0.00,0.00,inferred
South Somerset,2021-04-24,0.50,0.32,0.19,0.10,0.05,0.00,0.00,inferred
South Somerset,2021-04-25,0.50,0.32,0.19,0.10,0.05,0.00,0.00,inferred
South Somerset,2021-04-26,0.50,0.32,0.19,0.10,0.05,0.00,0.00,inferred
South Somerset,2021-04-27,0.31,0.17,0.08,0.04,0.01,0.00,0.00,inferred
South Somerset,2021-04-28,0.31,0.17,0.08,0.04,0.01,0.00,0.00,inferred
South Somerset,2021-04-29,0.31,0.17,0.08,0.04,0.01,0.00,0.00,inferred
South Somerset,2021-04-30,0.31,0.17,0.08,0.04,0.01,0.00,0.00,inferred
South Somerset,2021-05-01,0.31,0.17,0.08,0.04,0.01,0.00,0.00,inferred
South Somerset,2021-05-02,0.31,0.17,0.08,0.04,0.01,0.00,0.00,inferred
South Somerset,2021-05-03,0.31,0.17,0.08,0.04,0.01,0.00,0.00,inferred
South Somerset,2021-05-04,0.18,0.09,0.04,0.01,0.01,0.00,0.00,inferred
South Somerset,2021-05-05,0.18,0.09,0.04,0.01,0.01,0.00,0.00,inferred
South Somerset,2021-05-06,0.18,0.09,0.04,0.01,0.01,0.00,0.00,inferred
South Somerset,2021-05-07,0.18,0.09,0.04,0.01,0.01,0.00,0.00,inferred
South Somerset,2021-05-08,0.18,0.09,0.04,0.01,0.01,0.00,0.00,inferred
South Somerset,2021-05-09,0.18,0.09,0.04,0.01,0.01,0.00,0.00,inferred
South Somerset,2021-05-10,0.18,0.09,0.04,0.01,0.01,0.00,0.00,inferred
South Somerset,2021-05-11,0.45,0.30,0.19,0.12,0.07,0.01,0.00,inferred
South Somerset,2021-05-12,0.45,0.30,0.19,0.12,0.07,0.01,0.00,inferred
South Somerset,2021-05-13,0.45,0.30,0.19,0.12,0.07,0.01,0.00,inferred
South Somerset,2021-05-14,0.45,0.30,0.19,0.12,0.07,0.01,0.00,inferred
South Somerset,2021-05-15,0.45,0.30,0.19,0.12,0.07,0.01,0.00,inferred
South Somerset,2021-05-16,0.45,0.30,0.19,0.12,0.07,0.01,0.00,inferred
South Somerset,2021-05-17,0.45,0.30,0.19,0.12,0.07,0.01,0.00,inferred
South Somerset,2021-05-18,0.87,0.76,0.64,0.52,0.40,0.13,0.02,inferred
South Somerset,2021-05-19,0.87,0.76,0.64,0.52,0.40,0.13,0.02,inferred
South Somerset,2021-05-20,0.87,0.76,0.64,0.52,0.40,0.13,0.02,inferred
South Somerset,2021-05-21,0.87,0.76,0.64,0.52,0.40,0.13,0.02,inferred
South Somerset,2021-05-22,0.87,0.76,0.64,0.52,0.40,0.13,0.02,inferred
South Somerset,2021-05-23,0.87,0.76,0.64,0.52,0.40,0.13,0.02,inferred
South Somerset,2021-05-24,0.87,0.76,0.64,0.52,0.40,0.13,0.02,inferred
South Somerset,2021-05-25,0.99,0.98,0.95,0.92,0.87,0.62,0.21,inferred
South Somerset,2021-05-26,0.99,0.98,0.95,0.92,0.87,0.62,0.21,inferred
South Somerset,2021-05-27,0.99,0.98,0.95,0.92,0.87,0.62,0.21,inferred
South Somerset,2021-05-28,0.99,0.98,0.95,0.92,0.87,0.62,0.21,inferred
South Somerset,2021-05-29,0.99,0.98,0.95,0.92,0.87,0.62,0.21,inferred
South Somerset,2021-05-30,0.99,0.98,0.95,0.92,0.87,0.62,0.21,inferred
South Somerset,2021-05-31,0.99,0.98,0.95,0.92,0.87,0.62,0.21,inferred
South Somerset,2021-06-01,1.00,1.00,1.00,1.00,0.99,0.96,0.70,inferred
South Somerset,2021-06-02,1.00,1.00,1.00,1.00,0.99,0.96,0.70,inferred
South Somerset,2021-06-03,1.00,1.00,1.00,1.00,0.99,0.96,0.70,inferred
South Somerset,2021-06-04,1.00,1.00,1.00,1.00,0.99,0.96,0.70,inferred
South Somerset,2021-06-05,1.00,1.00,1.00,1.00,0.99,0.96,0.70,inferred
South Somerset,2021-06-06,1.00,1.00,1.00,1.00,0.99,0.96,0.70,inferred
South Somerset,2021-06-07,1.00,1.00,1.00,1.00,0.99,0.96,0.70,inferred
South Somerset,2021-06-08,1.00,1.00,1.00,0.99,0.97,0.80,0.34,inferred
South Somerset,2021-06-09,1.00,1.00,1.00,0.99,0.97,0.80,0.34,inferred
South Somerset,2021-06-10,1.00,1.00,1.00,0.99,0.97,0.80,0.34,inferred
South Somerset,2021-06-11,1.00,1.00,1.00,0.99,0.97,0.80,0.34,inferred
South Somerset,2021-06-12,1.00,1.00,1.00,0.99,0.97,0.80,0.34,inferred
South Somerset,2021-06-13,1.00,1.00,1.00,0.99,0.97,0.80,0.34,inferred
South Somerset,2021-06-14,1.00,1.00,1.00,0.99,0.97,0.80,0.34,inferred
South Somerset,2021-06-15,1.00,1.00,1.00,1.00,1.00,0.94,0.50,inferred
South Somerset,2021-06-16,1.00,1.00,1.00,1.00,1.00,0.94,0.50,inferred
South Somerset,2021-06-17,1.00,1.00,1.00,1.00,1.00,0.94,0.50,inferred
South Somerset,2021-06-18,1.00,1.00,1.00,1.00,1.00,0.94,0.50,inferred
South Somerset,2021-06-19,1.00,1.00,1.00,1.00,1.00,0.94,0.50,inferred
South Somerset,2021-06-20,1.00,1.00,1.00,1.00,1.00,0.94,0.50,inferred
South Somerset,2021-06-21,1.00,1.00,1.00,1.00,1.00,0.94,0.50,inferred
South Somerset,2021-06-22,1.00,1.00,1.00,1.00,1.00,0.84,0.25,inferred
South Somerset,2021-06-23,1.00,1.00,1.00,1.00,1.00,0.84,0.25,inferred
South Somerset,2021-06-24,1.00,1.00,1.00,1.00,1.00,0.84,0.25,inferred
South Somerset,2021-06-25,1.00,1.00,1.00,1.00,1.00,0.84,0.25,inferred
South Somerset,2021-06-26,1.00,1.00,1.00,1.00,1.00,0.84,0.25,inferred
South Somerset,2021-06-27,1.00,1.00,1.00,1.00,1.00,0.84,0.25,inferred
South Somerset,2021-06-28,1.00,1.00,1.00,1.00,1.00,0.84,0.25,inferred
South Somerset,2021-06-29,1.00,0.99,0.98,0.96,0.92,0.72,0.31,inferred
South Somerset,2021-06-30,1.00,0.99,0.98,0.96,0.92,0.72,0.31,inferred
South Somerset,2021-07-01,1.00,0.99,0.98,0.96,0.92,0.72,0.31,inferred
South Somerset,2021-07-02,1.00,0.99,0.98,0.96,0.92,0.72,0.31,inferred
South Somerset,2021-07-03,1.00,0.99,0.98,0.96,0.92,0.72,0.31,inferred
South Somerset,2021-07-04,1.00,0.99,0.98,0.96,0.92,0.72,0.31,inferred
South Somerset,2021-07-05,1.00,0.99,0.98,0.96,0.92,0.72,0.31,inferred
South Somerset,2021-07-06,0.97,0.95,0.91,0.86,0.80,0.58,0.30,projected
South Somerset,2021-07-07,0.97,0.95,0.91,0.86,0.80,0.58,0.30,projected
South Somerset,2021-07-08,0.97,0.95,0.91,0.86,0.80,0.58,0.30,projected
South Somerset,2021-07-09,0.97,0.95,0.91,0.86,0.80,0.58,0.30,projected
South Somerset,2021-07-10,0.97,0.95,0.91,0.86,0.80,0.58,0.30,projected
South Somerset,2021-07-11,0.97,0.95,0.91,0.86,0.80,0.58,0.30,projected
South Somerset,2021-07-12,0.97,0.95,0.91,0.86,0.80,0.58,0.30,projected
South Somerset,2021-07-13,0.93,0.90,0.86,0.80,0.74,0.52,0.29,projected
South Somerset,2021-07-14,0.93,0.90,0.86,0.80,0.74,0.52,0.29,projected
South Somerset,2021-07-15,0.93,0.90,0.86,0.80,0.74,0.52,0.29,projected
South Somerset,2021-07-16,0.93,0.90,0.86,0.80,0.74,0.52,0.29,projected
South Somerset,2021-07-17,0.93,0.90,0.86,0.80,0.74,0.52,0.29,projected
South Somerset,2021-07-18,0.93,0.90,0.86,0.80,0.74,0.52,0.29,projected
South Somerset,2021-07-19,0.93,0.90,0.86,0.80,0.74,0.52,0.29,projected
South Somerset,2021-07-20,0.93,0.89,0.84,0.78,0.72,0.52,0.29,projected
South Somerset,2021-07-21,0.93,0.89,0.84,0.78,0.72,0.52,0.29,projected
South Somerset,2021-07-22,0.93,0.89,0.84,0.78,0.72,0.52,0.29,projected
South Somerset,2021-07-23,0.93,0.89,0.84,0.78,0.72,0.52,0.29,projected
South Somerset,2021-07-24,0.93,0.89,0.84,0.78,0.72,0.52,0.29,projected
South Somerset,2021-07-25,0.93,0.89,0.84,0.78,0.72,0.52,0.29,projected
South Somerset,2021-07-26,0.93,0.89,0.84,0.78,0.72,0.52,0.29,projected
South Staffordshire,2021-03-23,0.00,0.00,0.00,0.00,0.00,0.00,0.00,inferred
South Staffordshire,2021-03-24,0.00,0.00,0.00,0.00,0.00,0.00,0.00,inferred
South Staffordshire,2021-03-25,0.00,0.00,0.00,0.00,0.00,0.00,0.00,inferred
South Staffordshire,2021-03-26,0.00,0.00,0.00,0.00,0.00,0.00,0.00,inferred
South Staffordshire,2021-03-27,0.00,0.00,0.00,0.00,0.00,0.00,0.00,inferred
South Staffordshire,2021-03-28,0.00,0.00,0.00,0.00,0.00,0.00,0.00,inferred
South Staffordshire,2021-03-29,0.00,0.00,0.00,0.00,0.00,0.00,0.00,inferred
South Staffordshire,2021-03-30,0.18,0.06,0.02,0.01,0.00,0.00,0.00,inferred
South Staffordshire,2021-03-31,0.18,0.06,0.02,0.01,0.00,0.00,0.00,inferred
South Staffordshire,2021-04-01,0.18,0.06,0.02,0.01,0.00,0.00,0.00,inferred
South Staffordshire,2021-04-02,0.18,0.06,0.02,0.01,0.00,0.00,0.00,inferred
South Staffordshire,2021-04-03,0.18,0.06,0.02,0.01,0.00,0.00,0.00,inferred
South Staffordshire,2021-04-04,0.18,0.06,0.02,0.01,0.00,0.00,0.00,inferred
South Staffordshire,2021-04-05,0.18,0.06,0.02,0.01,0.00,0.00,0.00,inferred
South Staffordshire,2021-04-06,0.62,0.43,0.28,0.16,0.08,0.01,0.00,inferred
South Staffordshire,2021-04-07,0.62,0.43,0.28,0.16,0.08,0.01,0.00,inferred
South Staffordshire,2021-04-08,0.62,0.43,0.28,0.16,0.08,0.01,0.00,inferred
South Staffordshire,2021-04-09,0.62,0.43,0.28,0.16,0.08,0.01,0.00,inferred
South Staffordshire,2021-04-10,0.62,0.43,0.28,0.16,0.08,0.01,0.00,inferred
South Staffordshire,2021-04-11,0.62,0.43,0.28,0.16,0.08,0.01,0.00,inferred
South Staffordshire,2021-04-12,0.62,0.43,0.28,0.16,0.08,0.01,0.00,inferred
South Staffordshire,2021-04-13,0.88,0.75,0.59,0.41,0.26,0.03,0.00,inferred
South Staffordshire,2021-04-14,0.88,0.75,0.59,0.41,0.26,0.03,0.00,inferred
South Staffordshire,2021-04-15,0.88,0.75,0.59,0.41,0.26,0.03,0.00,inferred
South Staffordshire,2021-04-16,0.88,0.75,0.59,0.41,0.26,0.03,0.00,inferred
South Staffordshire,2021-04-17,0.88,0.75,0.59,0.41,0.26,0.03,0.00,inferred
South Staffordshire,2021-04-18,0.88,0.75,0.59,0.41,0.26,0.03,0.00,inferred
South Staffordshire,2021-04-19,0.88,0.75,0.59,0.41,0.26,0.03,0.00,inferred
South Staffordshire,2021-04-20,0.74,0.57,0.38,0.22,0.12,0.01,0.00,inferred
South Staffordshire,2021-04-21,0.74,0.57,0.38,0.22,0.12,0.01,0.00,inferred
South Staffordshire,2021-04-22,0.74,0.57,0.38,0.22,0.12,0.01,0.00,inferred
South Staffordshire,2021-04-23,0.74,0.57,0.38,0.22,0.12,0.01,0.00,inferred
South Staffordshire,2021-04-24,0.74,0.57,0.38,0.22,0.12,0.01,0.00,inferred
South Staffordshire,2021-04-25,0.74,0.57,0.38,0.22,0.12,0.01,0.00,inferred
South Staffordshire,2021-04-26,0.74,0.57,0.38,0.22,0.12,0.01,0.00,inferred
South Staffordshire,2021-04-27,0.36,0.20,0.10,0.04,0.02,0.00,0.00,inferred
South Staffordshire,2021-04-28,0.36,0.20,0.10,0.04,0.02,0.00,0.00,inferred
South Staffordshire,2021-04-29,0.36,0.20,0.10,0.04,0.02,0.00,0.00,inferred
South Staffordshire,2021-04-30,0.36,0.20,0.10,0.04,0.02,0.00,0.00,inferred
South Staffordshire,2021-05-01,0.36,0.20,0.10,0.04,0.02,0.00,0.00,inferred
South Staffordshire,2021-05-02,0.36,0.20,0.10,0.04,0.02,0.00,0.00,inferred
South Staffordshire,2021-05-03,0.36,0.20,0.10,0.04,0.02,0.00,0.00,inferred
South Staffordshire,2021-05-04,0.58,0.41,0.27,0.16,0.08,0.01,0.00,inferred
South Staffordshire,2021-05-05,0.58,0.41,0.27,0.16,0.08,0.01,0.00,inferred
South Staffordshire,2021-05-06,0.58,0.41,0.27,0.16,0.08,0.01,0.00,inferred
South Staffordshire,2021-05-07,0.58,0.41,0.27,0.16,0.08,0.01,0.00,inferred
South Staffordshire,2021-05-08,0.58,0.41,0.27,0.16,0.08,0.01,0.00,inferred
South Staffordshire,2021-05-09,0.58,0.41,0.27,0.16,0.08,0.01,0.00,inferred
South Staffordshire,2021-05-10,0.58,0.41,0.27,0.16,0.08,0.01,0.00,inferred
South Staffordshire,2021-05-11,0.85,0.75,0.60,0.44,0.32,0.07,0.00,inferred
South Staffordshire,2021-05-12,0.85,0.75,0.60,0.44,0.32,0.07,0.00,inferred
South Staffordshire,2021-05-13,0.85,0.75,0.60,0.44,0.32,0.07,0.00,inferred
South Staffordshire,2021-05-14,0.85,0.75,0.60,0.44,0.32,0.07,0.00,inferred
South Staffordshire,2021-05-15,0.85,0.75,0.60,0.44,0.32,0.07,0.00,inferred
South Staffordshire,2021-05-16,0.85,0.75,0.60,0.44,0.32,0.07,0.00,inferred
South Staffordshire,2021-05-17,0.85,0.75,0.60,0.44,0.32,0.07,0.00,inferred
South Staffordshire,2021-05-18,0.96,0.93,0.86,0.76,0.64,0.27,0.02,inferred
South Staffordshire,2021-05-19,0.96,0.93,0.86,0.76,0.64,0.27,0.02,inferred
South Staffordshire,2021-05-20,0.96,0.93,0.86,0.76,0.64,0.27,0.02,inferred
South Staffordshire,2021-05-21,0.96,0.93,0.86,0.76,0.64,0.27,0.02,inferred
South Staffordshire,2021-05-22,0.96,0.93,0.86,0.76,0.64,0.27,0.02,inferred
South Staffordshire,2021-05-23,0.96,0.93,0.86,0.76,0.64,0.27,0.02,inferred
South Staffordshire,2021-05-24,0.96,0.93,0.86,0.76,0.64,0.27,0.02,inferred
South Staffordshire,2021-05-25,1.00,1.00,1.00,0.99,0.99,0.87,0.36,inferred
South Staffordshire,2021-05-26,1.00,1.00,1.00,0.99,0.99,0.87,0.36,inferred
South Staffordshire,2021-05-27,1.00,1.00,1.00,0.99,0.99,0.87,0.36,inferred
South Staffordshire,2021-05-28,1.00,1.00,1.00,0.99,0.99,0.87,0.36,inferred
South Staffordshire,2021-05-29,1.00,1.00,1.00,0.99,0.99,0.87,0.36,inferred
South Staffordshire,2021-05-30,1.00,1.00,1.00,0.99,0.99,0.87,0.36,inferred
South Staffordshire,2021-05-31,1.00,1.00,1.00,0.99,0.99,0.87,0.36,inferred
South Staffordshire,2021-06-01,1.00,1.00,1.00,0.99,0.98,0.79,0.25,inferred
South Staffordshire,2021-06-02,1.00,1.00,1.00,0.99,0.98,0.79,0.25,inferred
South Staffordshire,2021-06-03,1.00,1.00,1.00,0.99,0.98,0.79,0.25,inferred
South Staffordshire,2021-06-04,1.00,1.00,1.00,0.99,0.98,0.79,0.25,inferred
South Staffordshire,2021-06-05,1.00,1.00,1.00,0.99,0.98,0.79,0.25,inferred
South Staffordshire,2021-06-06,1.00,1.00,1.00,0.99,0.98,0.79,0.25,inferred
South Staffordshire,2021-06-07,1.00,1.00,1.00,0.99,0.98,0.79,0.25,inferred
South Staffordshire,2021-06-08,1.00,1.00,0.99,0.96,0.89,0.49,0.04,inferred
South Staffordshire,2021-06-09,1.00,1.00,0.99,0.96,0.89,0.49,0.04,inferred
South Staffordshire,2021-06-10,1.00,1.00,0.99,0.96,0.89,0.49,0.04,inferred
South Staffordshire,2021-06-11,1.00,1.00,0.99,0.96,0.89,0.49,0.04,inferred
South Staffordshire,2021-06-12,1.00,1.00,0.99,0.96,0.89,0.49,0.04,inferred
South Staffordshire,2021-06-13,1.00,1.00,0.99,0.96,0.89,0.49,0.04,inferred
South Staffordshire,2021-06-14,1.00,1.00,0.99,0.96,0.89,0.49,0.04,inferred
South Staffordshire,2021-06-15,1.00,1.00,1.00,1.00,1.00,0.86,0.17,inferred
South Staffordshire,2021-06-16,1.00,1.00,1.00,1.00,1.00,0.86,0.17,inferred
South Staffordshire,2021-06-17,1.00,1.00,1.00,1.00,1.00,0.86,0.17,inferred
South Staffordshire,2021-06-18,1.00,1.00,1.00,1.00,1.00,0.86,0.17,inferred
South Staffordshire,2021-06-19,1.00,1.00,1.00,1.00,1.00,0.86,0.17,inferred
South Staffordshire,2021-06-20,1.00,1.00,1.00,1.00,1.00,0.86,0.17,inferred
South Staffordshire,2021-06-21,1.00,1.00,1.00,1.00,1.00,0.86,0.17,inferred
South Staffordshire,2021-06-22,1.00,1.00,1.00,1.00,1.00,0.90,0.22,inferred
South Staffordshire,2021-06-23,1.00,1.00,1.00,1.00,1.00,0.90,0.22,inferred
South Staffordshire,2021-06-24,1.00,1.00,1.00,1.00,1.00,0.90,0.22,inferred
South Staffordshire,2021-06-25,1.00,1.00,1.00,1.00,1.00,0.90,0.22,inferred
South Staffordshire,2021-06-26,1.00,1.00,1.00,1.00,1.00,0.90,0.22,inferred
South Staffordshire,2021-06-27,1.00,1.00,1.00,1.00,1.00,0.90,0.22,inferred
South Staffordshire,2021-06-28,1.00,1.00,1.00,1.00,1.00,0.90,0.22,inferred
South Staffordshire,2021-06-29,1.00,0.99,0.96,0.91,0.80,0.38,0.03,inferred
South Staffordshire,2021-06-30,1.00,0.99,0.96,0.91,0.80,0.38,0.03,inferred
South Staffordshire,2021-07-01,1.00,0.99,0.96,0.91,0.80,0.38,0.03,inferred
South Staffordshire,2021-07-02,1.00,0.99,0.96,0.91,0.80,0.38,0.03,inferred
South Staffordshire,2021-07-03,1.00,0.99,0.96,0.91,0.80,0.38,0.03,inferred
South Staffordshire,2021-07-04,1.00,0.99,0.96,0.91,0.80,0.38,0.03,inferred
South Staffordshire,2021-07-05,1.00,0.99,0.96,0.91,0.80,0.38,0.03,inferred
South Staffordshire,2021-07-06,0.98,0.94,0.88,0.80,0.68,0.36,0.08,projected
South Staffordshire,2021-07-07,0.98,0.94,0.88,0.80,0.68,0.36,0.08,projected
South Staffordshire,2021-07-08,0.98,0.94,0.88,0.80,0.68,0.36,0.08,projected
South Staffordshire,2021-07-09,0.98,0.94,0.88,0.80,0.68,0.36,0.08,projected
South Staffordshire,2021-07-10,0.98,0.94,0.88,0.80,0.68,0.36,0.08,projected
South Staffordshire,2021-07-11,0.98,0.94,0.88,0.80,0.68,0.36,0.08,projected
South Staffordshire,2021-07-12,0.98,0.94,0.88,0.80,0.68,0.36,0.08,projected
South Staffordshire,2021-07-13,0.96,0.91,0.84,0.77,0.67,0.38,0.12,projected
South Staffordshire,2021-07-14,0.96,0.91,0.84,0.77,0.67,0.38,0.12,projected
South Staffordshire,2021-07-15,0.96,0.91,0.84,0.77,0.67,0.38,0.12,projected
South Staffordshire,2021-07-16,0.96,0.91,0.84,0.77,0.67,0.38,0.12,projected
South Staffordshire,2021-07-17,0.96,0.91,0.84,0.77,0.67,0.38,0.12,projected
South Staffordshire,2021-07-18,0.96,0.91,0.84,0.77,0.67,0.38,0.12,projected
South Staffordshire,2021-07-19,0.96,0.91,0.84,0.77,0.67,0.38,0.12,projected
South Staffordshire,2021-07-20,0.94,0.89,0.83,0.76,0.68,0.42,0.15,projected
South Staffordshire,2021-07-21,0.94,0.89,0.83,0.76,0.68,0.42,0.15,projected
South Staffordshire,2021-07-22,0.94,0.89,0.83,0.76,0.68,0.42,0.15,projected
South Staffordshire,2021-07-23,0.94,0.89,0.83,0.76,0.68,0.42,0.15,projected
South Staffordshire,2021-07-24,0.94,0.89,0.83,0.76,0.68,0.42,0.15,projected
South Staffordshire,2021-07-25,0.94,0.89,0.83,0.76,0.68,0.42,0.15,projected
South Staffordshire,2021-07-26,0.94,0.89,0.83,0.76,0.68,0.42,0.15,projected
South Tyneside,2021-03-23,0.02,0.00,0.00,0.00,0.00,0.00,0.00,inferred
South Tyneside,2021-03-24,0.02,0.00,0.00,0.00,0.00,0.00,0.00,inferred
South Tyneside,2021-03-25,0.02,0.00,0.00,0.00,0.00,0.00,0.00,inferred
South Tyneside,2021-03-26,0.02,0.00,0.00,0.00,0.00,0.00,0.00,inferred
South Tyneside,2021-03-27,0.02,0.00,0.00,0.00,0.00,0.00,0.00,inferred
South Tyneside,2021-03-28,0.02,0.00,0.00,0.00,0.00,0.00,0.00,inferred
South Tyneside,2021-03-29,0.02,0.00,0.00,0.00,0.00,0.00,0.00,inferred
South Tyneside,2021-03-30,0.06,0.01,0.00,0.00,0.00,0.00,0.00,inferred
South Tyneside,2021-03-31,0.06,0.01,0.00,0.00,0.00,0.00,0.00,inferred
South Tyneside,2021-04-01,0.06,0.01,0.00,0.00,0.00,0.00,0.00,inferred
South Tyneside,2021-04-02,0.06,0.01,0.00,0.00,0.00,0.00,0.00,inferred
South Tyneside,2021-04-03,0.06,0.01,0.00,0.00,0.00,0.00,0.00,inferred
South Tyneside,2021-04-04,0.06,0.01,0.00,0.00,0.00,0.00,0.00,inferred
South Tyneside,2021-04-05,0.06,0.01,0.00,0.00,0.00,0.00,0.00,inferred
South Tyneside,2021-04-06,0.63,0.42,0.25,0.13,0.05,0.00,0.00,inferred
South Tyneside,2021-04-07,0.63,0.42,0.25,0.13,0.05,0.00,0.00,inferred
South Tyneside,2021-04-08,0.63,0.42,0.25,0.13,0.05,0.00,0.00,inferred
South Tyneside,2021-04-09,0.63,0.42,0.25,0.13,0.05,0.00,0.00,inferred
South Tyneside,2021-04-10,0.63,0.42,0.25,0.13,0.05,0.00,0.00,inferred
South Tyneside,2021-04-11,0.63,0.42,0.25,0.13,0.05,0.00,0.00,inferred
South Tyneside,2021-04-12,0.63,0.42,0.25,0.13,0.05,0.00,0.00,inferred
South Tyneside,2021-04-13,0.73,0.53,0.33,0.17,0.07,0.01,0.00,inferred
South Tyneside,2021-04-14,0.73,0.53,0.33,0.17,0.07,0.01,0.00,inferred
South Tyneside,2021-04-15,0.73,0.53,0.33,0.17,0.07,0.01,0.00,inferred
South Tyneside,2021-04-16,0.73,0.53,0.33,0.17,0.07,0.01,0.00,inferred
South Tyneside,2021-04-17,0.73,0.53,0.33,0.17,0.07,0.01,0.00,inferred
South Tyneside,2021-04-18,0.73,0.53,0.33,0.17,0.07,0.01,0.00,inferred
South Tyneside,2021-04-19,0.73,0.53,0.33,0.17,0.07,0.01,0.00,inferred
South Tyneside,2021-04-20,0.55,0.33,0.17,0.08,0.04,0.00,0.00,inferred
South Tyneside,2021-04-21,0.55,0.33,0.17,0.08,0.04,0.00,0.00,inferred
South Tyneside,2021-04-22,0.55,0.33,0.17,0.08,0.04,0.00,0.00,inferred
South Tyneside,2021-04-23,0.55,0.33,0.17,0.08,0.04,0.00,0.00,inferred
South Tyneside,2021-04-24,0.55,0.33,0.17,0.08,0.04,0.00,0.00,inferred
South Tyneside,2021-04-25,0.55,0.33,0.17,0.08,0.04,0.00,0.00,inferred
South Tyneside,2021-04-26,0.55,0.33,0.17,0.08,0.04,0.00,0.00,inferred
South Tyneside,2021-04-27,0.93,0.80,0.64,0.46,0.30,0.05,0.00,inferred
South Tyneside,2021-04-28,0.93,0.80,0.64,0.46,0.30,0.05,0.00,inferred
South Tyneside,2021-04-29,0.93,0.80,0.64,0.46,0.30,0.05,0.00,inferred
South Tyneside,2021-04-30,0.93,0.80,0.64,0.46,0.30,0.05,0.00,inferred
South Tyneside,2021-05-01,0.93,0.80,0.64,0.46,0.30,0.05,0.00,inferred
South Tyneside,2021-05-02,0.93,0.80,0.64,0.46,0.30,0.05,0.00,inferred
South Tyneside,2021-05-03,0.93,0.80,0.64,0.46,0.30,0.05,0.00,inferred
South Tyneside,2021-05-04,0.93,0.83,0.69,0.51,0.35,0.05,0.00,inferred
South Tyneside,2021-05-05,0.93,0.83,0.69,0.51,0.35,0.05,0.00,inferred
South Tyneside,2021-05-06,0.93,0.83,0.69,0.51,0.35,0.05,0.00,inferred
South Tyneside,2021-05-07,0.93,0.83,0.69,0.51,0.35,0.05,0.00,inferred
South Tyneside,2021-05-08,0.93,0.83,0.69,0.51,0.35,0.05,0.00,inferred
South Tyneside,2021-05-09,0.93,0.83,0.69,0.51,0.35,0.05,0.00,inferred
South Tyneside,2021-05-10,0.93,0.83,0.69,0.51,0.35,0.05,0.00,inferred
South Tyneside,2021-05-11,0.94,0.86,0.73,0.53,0.38,0.06,0.00,inferred
South Tyneside,2021-05-12,0.94,0.86,0.73,0.53,0.38,0.06,0.00,inferred
South Tyneside,2021-05-13,0.94,0.86,0.73,0.53,0.38,0.06,0.00,inferred
South Tyneside,2021-05-14,0.94,0.86,0.73,0.53,0.38,0.06,0.00,inferred
South Tyneside,2021-05-15,0.94,0.86,0.73,0.53,0.38,0.06,0.00,inferred
South Tyneside,2021-05-16,0.94,0.86,0.73,0.53,0.38,0.06,0.00,inferred
South Tyneside,2021-05-17,0.94,0.86,0.73,0.53,0.38,0.06,0.00,inferred
South Tyneside,2021-05-18,1.00,1.00,0.99,0.95,0.89,0.49,0.04,inferred
South Tyneside,2021-05-19,1.00,1.00,0.99,0.95,0.89,0.49,0.04,inferred
South Tyneside,2021-05-20,1.00,1.00,0.99,0.95,0.89,0.49,0.04,inferred
South Tyneside,2021-05-21,1.00,1.00,0.99,0.95,0.89,0.49,0.04,inferred
South Tyneside,2021-05-22,1.00,1.00,0.99,0.95,0.89,0.49,0.04,inferred
South Tyneside,2021-05-23,1.00,1.00,0.99,0.95,0.89,0.49,0.04,inferred
South Tyneside,2021-05-24,1.00,1.00,0.99,0.95,0.89,0.49,0.04,inferred
South Tyneside,2021-05-25,1.00,1.00,1.00,1.00,0.99,0.86,0.23,inferred
South Tyneside,2021-05-26,1.00,1.00,1.00,1.00,0.99,0.86,0.23,inferred
South Tyneside,2021-05-27,1.00,1.00,1.00,1.00,0.99,0.86,0.23,inferred
South Tyneside,2021-05-28,1.00,1.00,1.00,1.00,0.99,0.86,0.23,inferred
South Tyneside,2021-05-29,1.00,1.00,1.00,1.00,0.99,0.86,0.23,inferred
South Tyneside,2021-05-30,1.00,1.00,1.00,1.00,0.99,0.86,0.23,inferred
South Tyneside,2021-05-31,1.00,1.00,1.00,1.00,0.99,0.86,0.23,inferred
South Tyneside,2021-06-01,1.00,1.00,1.00,1.00,1.00,0.88,0.26,inferred
South Tyneside,2021-06-02,1.00,1.00,1.00,1.00,1.00,0.88,0.26,inferred
South Tyneside,2021-06-03,1.00,1.00,1.00,1.00,1.00,0.88,0.26,inferred
South Tyneside,2021-06-04,1.00,1.00,1.00,1.00,1.00,0.88,0.26,inferred
South Tyneside,2021-06-05,1.00,1.00,1.00,1.00,1.00,0.88,0.26,inferred
South Tyneside,2021-06-06,1.00,1.00,1.00,1.00,1.00,0.88,0.26,inferred
South Tyneside,2021-06-07,1.00,1.00,1.00,1.00,1.00,0.88,0.26,inferred
South Tyneside,2021-06-08,1.00,1.00,1.00,1.00,1.00,0.91,0.32,inferred
South Tyneside,2021-06-09,1.00,1.00,1.00,1.00,1.00,0.91,0.32,inferred
South Tyneside,2021-06-10,1.00,1.00,1.00,1.00,1.00,0.91,0.32,inferred
South Tyneside,2021-06-11,1.00,1.00,1.00,1.00,1.00,0.91,0.32,inferred
South Tyneside,2021-06-12,1.00,1.00,1.00,1.00,1.00,0.91,0.32,inferred
South Tyneside,2021-06-13,1.00,1.00,1.00,1.00,1.00,0.91,0.32,inferred
South Tyneside,2021-06-14,1.00,1.00,1.00,1.00,1.00,0.91,0.32,inferred
South Tyneside,2021-06-15,1.00,1.00,1.00,1.00,1.00,1.00,0.89,inferred
South Tyneside,2021-06-16,1.00,1.00,1.00,1.00,1.00,1.00,0.89,inferred
South Tyneside,2021-06-17,1.00,1.00,1.00,1.00,1.00,1.00,0.89,inferred
South Tyneside,2021-06-18,1.00,1.00,1.00,1.00,1.00,1.00,0.89,inferred
South Tyneside,2021-06-19,1.00,1.00,1.00,1.00,1.00,1.00,0.89,inferred
South Tyneside,2021-06-20,1.00,1.00,1.00,1.00,1.00,1.00,0.89,inferred
South Tyneside,2021-06-21,1.00,1.00,1.00,1.00,1.00,1.00,0.89,inferred
South Tyneside,2021-06-22,1.00,1.00,1.00,1.00,1.00,1.00,0.90,inferred
South Tyneside,2021-06-23,1.00,1.00,1.00,1.00,1.00,1.00,0.90,inferred
South Tyneside,2021-06-24,1.00,1.00,1.00,1.00,1.00,1.00,0.90,inferred
South Tyneside,2021-06-25,1.00,1.00,1.00,1.00,1.00,1.00,0.90,inferred
South Tyneside,2021-06-26,1.00,1.00,1.00,1.00,1.00,1.00,0.90,inferred
South Tyneside,2021-06-27,1.00,1.00,1.00,1.00,1.00,1.00,0.90,inferred
South Tyneside,2021-06-28,1.00,1.00,1.00,1.00,1.00,1.00,0.90,inferred
South Tyneside,2021-06-29,1.00,1.00,1.00,1.00,1.00,0.96,0.65,inferred
South Tyneside,2021-06-30,1.00,1.00,1.00,1.00,1.00,0.96,0.65,inferred
South Tyneside,2021-07-01,1.00,1.00,1.00,1.00,1.00,0.96,0.65,inferred
South Tyneside,2021-07-02,1.00,1.00,1.00,1.00,1.00,0.96,0.65,inferred
South Tyneside,2021-07-03,1.00,1.00,1.00,1.00,1.00,0.96,0.65,inferred
South Tyneside,2021-07-04,1.00,1.00,1.00,1.00,1.00,0.96,0.65,inferred
South Tyneside,2021-07-05,1.00,1.00,1.00,1.00,1.00,0.96,0.65,inferred
South Tyneside,2021-07-06,1.00,1.00,0.99,0.98,0.96,0.80,0.46,projected
South Tyneside,2021-07-07,1.00,1.00,0.99,0.98,0.96,0.80,0.46,projected
South Tyneside,2021-07-08,1.00,1.00,0.99,0.98,0.96,0.80,0.46,projected
South Tyneside,2021-07-09,1.00,1.00,0.99,0.98,0.96,0.80,0.46,projected
South Tyneside,2021-07-10,1.00,1.00,0.99,0.98,0.96,0.80,0.46,projected
South Tyneside,2021-07-11,1.00,1.00,0.99,0.98,0.96,0.80,0.46,projected
South Tyneside,2021-07-12,1.00,1.00,0.99,0.98,0.96,0.80,0.46,projected
South Tyneside,2021-07-13,0.99,0.98,0.96,0.94,0.89,0.70,0.40,projected
South Tyneside,2021-07-14,0.99,0.98,0.96,0.94,0.89,0.70,0.40,projected
South Tyneside,2021-07-15,0.99,0.98,0.96,0.94,0.89,0.70,0.40,projected
South Tyneside,2021-07-16,0.99,0.98,0.96,0.94,0.89,0.70,0.40,projected
South Tyneside,2021-07-17,0.99,0.98,0.96,0.94,0.89,0.70,0.40,projected
South Tyneside,2021-07-18,0.99,0.98,0.96,0.94,0.89,0.70,0.40,projected
South Tyneside,2021-07-19,0.99,0.98,0.96,0.94,0.89,0.70,0.40,projected
South Tyneside,2021-07-20,0.98,0.96,0.93,0.87,0.82,0.64,0.37,projected
South Tyneside,2021-07-21,0.98,0.96,0.93,0.87,0.82,0.64,0.37,projected
South Tyneside,2021-07-22,0.98,0.96,0.93,0.87,0.82,0.64,0.37,projected
South Tyneside,2021-07-23,0.98,0.96,0.93,0.87,0.82,0.64,0.37,projected
South Tyneside,2021-07-24,0.98,0.96,0.93,0.87,0.82,0.64,0.37,projected
South Tyneside,2021-07-25,0.98,0.96,0.93,0.87,0.82,0.64,0.37,projected
South Tyneside,2021-07-26,0.98,0.96,0.93,0.87,0.82,0.64,0.37,projected
Southampton,2021-03-23,0.34,0.06,0.01,0.00,0.00,0.00,0.00,inferred
Southampton,2021-03-24,0.34,0.06,0.01,0.00,0.00,0.00,0.00,inferred
Southampton,2021-03-25,0.34,0.06,0.01,0.00,0.00,0.00,0.00,inferred
Southampton,2021-03-26,0.34,0.06,0.01,0.00,0.00,0.00,0.00,inferred
Southampton,2021-03-27,0.34,0.06,0.01,0.00,0.00,0.00,0.00,inferred
Southampton,2021-03-28,0.34,0.06,0.01,0.00,0.00,0.00,0.00,inferred
Southampton,2021-03-29,0.34,0.06,0.01,0.00,0.00,0.00,0.00,inferred
Southampton,2021-03-30,0.62,0.27,0.06,0.01,0.00,0.00,0.00,inferred
Southampton,2021-03-31,0.62,0.27,0.06,0.01,0.00,0.00,0.00,inferred
Southampton,2021-04-01,0.62,0.27,0.06,0.01,0.00,0.00,0.00,inferred
Southampton,2021-04-02,0.62,0.27,0.06,0.01,0.00,0.00,0.00,inferred
Southampton,2021-04-03,0.62,0.27,0.06,0.01,0.00,0.00,0.00,inferred
Southampton,2021-04-04,0.62,0.27,0.06,0.01,0.00,0.00,0.00,inferred
Southampton,2021-04-05,0.62,0.27,0.06,0.01,0.00,0.00,0.00,inferred
Southampton,2021-04-06,0.29,0.07,0.01,0.00,0.00,0.00,0.00,inferred
Southampton,2021-04-07,0.29,0.07,0.01,0.00,0.00,0.00,0.00,inferred
Southampton,2021-04-08,0.29,0.07,0.01,0.00,0.00,0.00,0.00,inferred
Southampton,2021-04-09,0.29,0.07,0.01,0.00,0.00,0.00,0.00,inferred
Southampton,2021-04-10,0.29,0.07,0.01,0.00,0.00,0.00,0.00,inferred
Southampton,2021-04-11,0.29,0.07,0.01,0.00,0.00,0.00,0.00,inferred
Southampton,2021-04-12,0.29,0.07,0.01,0.00,0.00,0.00,0.00,inferred
Southampton,2021-04-13,0.55,0.25,0.07,0.01,0.00,0.00,0.00,inferred
Southampton,2021-04-14,0.55,0.25,0.07,0.01,0.00,0.00,0.00,inferred
Southampton,2021-04-15,0.55,0.25,0.07,0.01,0.00,0.00,0.00,inferred
Southampton,2021-04-16,0.55,0.25,0.07,0.01,0.00,0.00,0.00,inferred
Southampton,2021-04-17,0.55,0.25,0.07,0.01,0.00,0.00,0.00,inferred
Southampton,2021-04-18,0.55,0.25,0.07,0.01,0.00,0.00,0.00,inferred
Southampton,2021-04-19,0.55,0.25,0.07,0.01,0.00,0.00,0.00,inferred
Southampton,2021-04-20,0.72,0.43,0.19,0.06,0.01,0.00,0.00,inferred
Southampton,2021-04-21,0.72,0.43,0.19,0.06,0.01,0.00,0.00,inferred
Southampton,2021-04-22,0.72,0.43,0.19,0.06,0.01,0.00,0.00,inferred
Southampton,2021-04-23,0.72,0.43,0.19,0.06,0.01,0.00,0.00,inferred
Southampton,2021-04-24,0.72,0.43,0.19,0.06,0.01,0.00,0.00,inferred
Southampton,2021-04-25,0.72,0.43,0.19,0.06,0.01,0.00,0.00,inferred
Southampton,2021-04-26,0.72,0.43,0.19,0.06,0.01,0.00,0.00,inferred
Southampton,2021-04-27,0.93,0.79,0.52,0.29,0.11,0.00,0.00,inferred
Southampton,2021-04-28,0.93,0.79,0.52,0.29,0.11,0.00,0.00,inferred
Southampton,2021-04-29,0.93,0.79,0.52,0.29,0.11,0.00,0.00,inferred
Southampton,2021-04-30,0.93,0.79,0.52,0.29,0.11,0.00,0.00,inferred
Southampton,2021-05-01,0.93,0.79,0.52,0.29,0.11,0.00,0.00,inferred
Southampton,2021-05-02,0.93,0.79,0.52,0.29,0.11,0.00,0.00,inferred
Southampton,2021-05-03,0.93,0.79,0.52,0.29,0.11,0.00,0.00,inferred
Southampton,2021-05-04,0.29,0.09,0.02,0.00,0.00,0.00,0.00,inferred
Southampton,2021-05-05,0.29,0.09,0.02,0.00,0.00,0.00,0.00,inferred
Southampton,2021-05-06,0.29,0.09,0.02,0.00,0.00,0.00,0.00,inferred
Southampton,2021-05-07,0.29,0.09,0.02,0.00,0.00,0.00,0.00,inferred
Southampton,2021-05-08,0.29,0.09,0.02,0.00,0.00,0.00,0.00,inferred
Southampton,2021-05-09,0.29,0.09,0.02,0.00,0.00,0.00,0.00,inferred
Southampton,2021-05-10,0.29,0.09,0.02,0.00,0.00,0.00,0.00,inferred
Southampton,2021-05-11,0.19,0.05,0.01,0.00,0.00,0.00,0.00,inferred
Southampton,2021-05-12,0.19,0.05,0.01,0.00,0.00,0.00,0.00,inferred
Southampton,2021-05-13,0.19,0.05,0.01,0.00,0.00,0.00,0.00,inferred
Southampton,2021-05-14,0.19,0.05,0.01,0.00,0.00,0.00,0.00,inferred
Southampton,2021-05-15,0.19,0.05,0.01,0.00,0.00,0.00,0.00,inferred
Southampton,2021-05-16,0.19,0.05,0.01,0.00,0.00,0.00,0.00,inferred
Southampton,2021-05-17,0.19,0.05,0.01,0.00,0.00,0.00,0.00,inferred
Southampton,2021-05-18,0.63,0.40,0.20,0.08,0.03,0.00,0.00,inferred
Southampton,2021-05-19,0.63,0.40,0.20,0.08,0.03,0.00,0.00,inferred
Southampton,2021-05-20,0.63,0.40,0.20,0.08,0.03,0.00,0.00,inferred
Southampton,2021-05-21,0.63,0.40,0.20,0.08,0.03,0.00,0.00,inferred
Southampton,2021-05-22,0.63,0.40,0.20,0.08,0.03,0.00,0.00,inferred
Southampton,2021-05-23,0.63,0.40,0.20,0.08,0.03,0.00,0.00,inferred
Southampton,2021-05-24,0.63,0.40,0.20,0.08,0.03,0.00,0.00,inferred
Southampton,2021-05-25,1.00,0.99,0.98,0.93,0.85,0.42,0.02,inferred
Southampton,2021-05-26,1.00,0.99,0.98,0.93,0.85,0.42,0.02,inferred
Southampton,2021-05-27,1.00,0.99,0.98,0.93,0.85,0.42,0.02,inferred
Southampton,2021-05-28,1.00,0.99,0.98,0.93,0.85,0.42,0.02,inferred
Southampton,2021-05-29,1.00,0.99,0.98,0.93,0.85,0.42,0.02,inferred
Southampton,2021-05-30,1.00,0.99,0.98,0.93,0.85,0.42,0.02,inferred
Southampton,2021-05-31,1.00,0.99,0.98,0.93,0.85,0.42,0.02,inferred
Southampton,2021-06-01,1.00,1.00,1.00,1.00,1.00,1.00,0.98,inferred
Southampton,2021-06-02,1.00,1.00,1.00,1.00,1.00,1.00,0.98,inferred
Southampton,2021-06-03,1.00,1.00,1.00,1.00,1.00,1.00,0.98,inferred
Southampton,2021-06-04,1.00,1.00,1.00,1.00,1.00,1.00,0.98,inferred
Southampton,2021-06-05,1.00,1.00,1.00,1.00,1.00,1.00,0.98,inferred
Southampton,2021-06-06,1.00,1.00,1.00,1.00,1.00,1.00,0.98,inferred
Southampton,2021-06-07,1.00,1.00,1.00,1.00,1.00,1.00,0.98,inferred
Southampton,2021-06-08,1.00,1.00,1.00,1.00,0.98,0.74,0.16,inferred
Southampton,2021-06-09,1.00,1.00,1.00,1.00,0.98,0.74,0.16,inferred
Southampton,2021-06-10,1.00,1.00,1.00,1.00,0.98,0.74,0.16,inferred
Southampton,2021-06-11,1.00,1.00,1.00,1.00,0.98,0.74,0.16,inferred
Southampton,2021-06-12,1.00,1.00,1.00,1.00,0.98,0.74,0.16,inferred
Southampton,2021-06-13,1.00,1.00,1.00,1.00,0.98,0.74,0.16,inferred
Southampton,2021-06-14,1.00,1.00,1.00,1.00,0.98,0.74,0.16,inferred
Southampton,2021-06-15,1.00,1.00,1.00,0.98,0.89,0.22,0.00,inferred
Southampton,2021-06-16,1.00,1.00,1.00,0.98,0.89,0.22,0.00,inferred
Southampton,2021-06-17,1.00,1.00,1.00,0.98,0.89,0.22,0.00,inferred
Southampton,2021-06-18,1.00,1.00,1.00,0.98,0.89,0.22,0.00,inferred
Southampton,2021-06-19,1.00,1.00,1.00,0.98,0.89,0.22,0.00,inferred
Southampton,2021-06-20,1.00,1.00,1.00,0.98,0.89,0.22,0.00,inferred
Southampton,2021-06-21,1.00,1.00,1.00,0.98,0.89,0.22,0.00,inferred
Southampton,2021-06-22,1.00,1.00,1.00,1.00,1.00,0.94,0.23,inferred
Southampton,2021-06-23,1.00,1.00,1.00,1.00,1.00,0.94,0.23,inferred
Southampton,2021-06-24,1.00,1.00,1.00,1.00,1.00,0.94,0.23,inferred
Southampton,2021-06-25,1.00,1.00,1.00,1.00,1.00,0.94,0.23,inferred
Southampton,2021-06-26,1.00,1.00,1.00,1.00,1.00,0.94,0.23,inferred
Southampton,2021-06-27,1.00,1.00,1.00,1.00,1.00,0.94,0.23,inferred
Southampton,2021-06-28,1.00,1.00,1.00,1.00,1.00,0.94,0.23,inferred
Southampton,2021-06-29,1.00,1.00,0.99,0.97,0.92,0.49,0.04,inferred
Southampton,2021-06-30,1.00,1.00,0.99,0.97,0.92,0.49,0.04,inferred
Southampton,2021-07-01,1.00,1.00,0.99,0.97,0.92,0.49,0.04,inferred
Southampton,2021-07-02,1.00,1.00,0.99,0.97,0.92,0.49,0.04,inferred
Southampton,2021-07-03,1.00,1.00,0.99,0.97,0.92,0.49,0.04,inferred
Southampton,2021-07-04,1.00,1.00,0.99,0.97,0.92,0.49,0.04,inferred
Southampton,2021-07-05,1.00,1.00,0.99,0.97,0.92,0.49,0.04,inferred
Southampton,2021-07-06,0.99,0.96,0.92,0.86,0.77,0.49,0.12,projected
Southampton,2021-07-07,0.99,0.96,0.92,0.86,0.77,0.49,0.12,projected
Southampton,2021-07-08,0.99,0.96,0.92,0.86,0.77,0.49,0.12,projected
Southampton,2021-07-09,0.99,0.96,0.92,0.86,0.77,0.49,0.12,projected
Southampton,2021-07-10,0.99,0.96,0.92,0.86,0.77,0.49,0.12,projected
Southampton,2021-07-11,0.99,0.96,0.92,0.86,0.77,0.49,0.12,projected
Southampton,2021-07-12,0.99,0.96,0.92,0.86,0.77,0.49,0.12,projected
Southampton,2021-07-13,0.96,0.93,0.87,0.80,0.72,0.47,0.16,projected
Southampton,2021-07-14,0.96,0.93,0.87,0.80,0.72,0.47,0.16,projected
Southampton,2021-07-15,0.96,0.93,0.87,0.80,0.72,0.47,0.16,projected
Southampton,2021-07-16,0.96,0.93,0.87,0.80,0.72,0.47,0.16,projected
Southampton,2021-07-17,0.96,0.93,0.87,0.80,0.72,0.47,0.16,projected
Southampton,2021-07-18,0.96,0.93,0.87,0.80,0.72,0.47,0.16,projected
Southampton,2021-07-19,0.96,0.93,0.87,0.80,0.72,0.47,0.16,projected
Southampton,2021-07-20,0.96,0.91,0.86,0.75,0.67,0.43,0.19,projected
Southampton,2021-07-21,0.96,0.91,0.86,0.75,0.67,0.43,0.19,projected
Southampton,2021-07-22,0.96,0.91,0.86,0.75,0.67,0.43,0.19,projected
Southampton,2021-07-23,0.96,0.91,0.86,0.75,0.67,0.43,0.19,projected
Southampton,2021-07-24,0.96,0.91,0.86,0.75,0.67,0.43,0.19,projected
Southampton,2021-07-25,0.96,0.91,0.86,0.75,0.67,0.43,0.19,projected
Southampton,2021-07-26,0.96,0.91,0.86,0.75,0.67,0.43,0.19,projected
Southend-on-Sea,2021-03-23,0.49,0.19,0.04,0.01,0.00,0.00,0.00,inferred
Southend-on-Sea,2021-03-24,0.49,0.19,0.04,0.01,0.00,0.00,0.00,inferred
Southend-on-Sea,2021-03-25,0.49,0.19,0.04,0.01,0.00,0.00,0.00,inferred
Southend-on-Sea,2021-03-26,0.49,0.19,0.04,0.01,0.00,0.00,0.00,inferred
Southend-on-Sea,2021-03-27,0.49,0.19,0.04,0.01,0.00,0.00,0.00,inferred
Southend-on-Sea,2021-03-28,0.49,0.19,0.04,0.01,0.00,0.00,0.00,inferred
Southend-on-Sea,2021-03-29,0.49,0.19,0.04,0.01,0.00,0.00,0.00,inferred
Southend-on-Sea,2021-03-30,0.11,0.02,0.00,0.00,0.00,0.00,0.00,inferred
Southend-on-Sea,2021-03-31,0.11,0.02,0.00,0.00,0.00,0.00,0.00,inferred
Southend-on-Sea,2021-04-01,0.11,0.02,0.00,0.00,0.00,0.00,0.00,inferred
Southend-on-Sea,2021-04-02,0.11,0.02,0.00,0.00,0.00,0.00,0.00,inferred
Southend-on-Sea,2021-04-03,0.11,0.02,0.00,0.00,0.00,0.00,0.00,inferred
Southend-on-Sea,2021-04-04,0.11,0.02,0.00,0.00,0.00,0.00,0.00,inferred
Southend-on-Sea,2021-04-05,0.11,0.02,0.00,0.00,0.00,0.00,0.00,inferred
Southend-on-Sea,2021-04-06,0.04,0.01,0.00,0.00,0.00,0.00,0.00,inferred
Southend-on-Sea,2021-04-07,0.04,0.01,0.00,0.00,0.00,0.00,0.00,inferred
Southend-on-Sea,2021-04-08,0.04,0.01,0.00,0.00,0.00,0.00,0.00,inferred
Southend-on-Sea,2021-04-09,0.04,0.01,0.00,0.00,0.00,0.00,0.00,inferred
Southend-on-Sea,2021-04-10,0.04,0.01,0.00,0.00,0.00,0.00,0.00,inferred
Southend-on-Sea,2021-04-11,0.04,0.01,0.00,0.00,0.00,0.00,0.00,inferred
Southend-on-Sea,2021-04-12,0.04,0.01,0.00,0.00,0.00,0.00,0.00,inferred
Southend-on-Sea,2021-04-13,0.36,0.18,0.07,0.03,0.01,0.00,0.00,inferred
Southend-on-Sea,2021-04-14,0.36,0.18,0.07,0.03,0.01,0.00,0.00,inferred
Southend-on-Sea,2021-04-15,0.36,0.18,0.07,0.03,0.01,0.00,0.00,inferred
Southend-on-Sea,2021-04-16,0.36,0.18,0.07,0.03,0.01,0.00,0.00,inferred
Southend-on-Sea,2021-04-17,0.36,0.18,0.07,0.03,0.01,0.00,0.00,inferred
Southend-on-Sea,2021-04-18,0.36,0.18,0.07,0.03,0.01,0.00,0.00,inferred
Southend-on-Sea,2021-04-19,0.36,0.18,0.07,0.03,0.01,0.00,0.00,inferred
Southend-on-Sea,2021-04-20,0.51,0.30,0.17,0.07,0.03,0.00,0.00,inferred
Southend-on-Sea,2021-04-21,0.51,0.30,0.17,0.07,0.03,0.00,0.00,inferred
Southend-on-Sea,2021-04-22,0.51,0.30,0.17,0.07,0.03,0.00,0.00,inferred
Southend-on-Sea,2021-04-23,0.51,0.30,0.17,0.07,0.03,0.00,0.00,inferred
Southend-on-Sea,2021-04-24,0.51,0.30,0.17,0.07,0.03,0.00,0.00,inferred
Southend-on-Sea,2021-04-25,0.51,0.30,0.17,0.07,0.03,0.00,0.00,inferred
Southend-on-Sea,2021-04-26,0.51,0.30,0.17,0.07,0.03,0.00,0.00,inferred
Southend-on-Sea,2021-04-27,0.86,0.72,0.55,0.38,0.22,0.02,0.00,inferred
Southend-on-Sea,2021-04-28,0.86,0.72,0.55,0.38,0.22,0.02,0.00,inferred
Southend-on-Sea,2021-04-29,0.86,0.72,0.55,0.38,0.22,0.02,0.00,inferred
Southend-on-Sea,2021-04-30,0.86,0.72,0.55,0.38,0.22,0.02,0.00,inferred
Southend-on-Sea,2021-05-01,0.86,0.72,0.55,0.38,0.22,0.02,0.00,inferred
Southend-on-Sea,2021-05-02,0.86,0.72,0.55,0.38,0.22,0.02,0.00,inferred
Southend-on-Sea,2021-05-03,0.86,0.72,0.55,0.38,0.22,0.02,0.00,inferred
Southend-on-Sea,2021-05-04,0.86,0.70,0.53,0.33,0.19,0.02,0.00,inferred
Southend-on-Sea,2021-05-05,0.86,0.70,0.53,0.33,0.19,0.02,0.00,inferred
Southend-on-Sea,2021-05-06,0.86,0.70,0.53,0.33,0.19,0.02,0.00,inferred
Southend-on-Sea,2021-05-07,0.86,0.70,0.53,0.33,0.19,0.02,0.00,inferred
Southend-on-Sea,2021-05-08,0.86,0.70,0.53,0.33,0.19,0.02,0.00,inferred
Southend-on-Sea,2021-05-09,0.86,0.70,0.53,0.33,0.19,0.02,0.00,inferred
Southend-on-Sea,2021-05-10,0.86,0.70,0.53,0.33,0.19,0.02,0.00,inferred
Southend-on-Sea,2021-05-11,0.94,0.84,0.70,0.52,0.35,0.06,0.00,inferred
Southend-on-Sea,2021-05-12,0.94,0.84,0.70,0.52,0.35,0.06,0.00,inferred
Southend-on-Sea,2021-05-13,0.94,0.84,0.70,0.52,0.35,0.06,0.00,inferred
Southend-on-Sea,2021-05-14,0.94,0.84,0.70,0.52,0.35,0.06,0.00,inferred
Southend-on-Sea,2021-05-15,0.94,0.84,0.70,0.52,0.35,0.06,0.00,inferred
Southend-on-Sea,2021-05-16,0.94,0.84,0.70,0.52,0.35,0.06,0.00,inferred
Southend-on-Sea,2021-05-17,0.94,0.84,0.70,0.52,0.35,0.06,0.00,inferred
Southend-on-Sea,2021-05-18,0.99,0.98,0.93,0.85,0.72,0.27,0.01,inferred
Southend-on-Sea,2021-05-19,0.99,0.98,0.93,0.85,0.72,0.27,0.01,inferred
Southend-on-Sea,2021-05-20,0.99,0.98,0.93,0.85,0.72,0.27,0.01,inferred
Southend-on-Sea,2021-05-21,0.99,0.98,0.93,0.85,0.72,0.27,0.01,inferred
Southend-on-Sea,2021-05-22,0.99,0.98,0.93,0.85,0.72,0.27,0.01,inferred
Southend-on-Sea,2021-05-23,0.99,0.98,0.93,0.85,0.72,0.27,0.01,inferred
Southend-on-Sea,2021-05-24,0.99,0.98,0.93,0.85,0.72,0.27,0.01,inferred
Southend-on-Sea,2021-05-25,1.00,1.00,1.00,1.00,0.99,0.80,0.18,inferred
Southend-on-Sea,2021-05-26,1.00,1.00,1.00,1.00,0.99,0.80,0.18,inferred
Southend-on-Sea,2021-05-27,1.00,1.00,1.00,1.00,0.99,0.80,0.18,inferred
Southend-on-Sea,2021-05-28,1.00,1.00,1.00,1.00,0.99,0.80,0.18,inferred
Southend-on-Sea,2021-05-29,1.00,1.00,1.00,1.00,0.99,0.80,0.18,inferred
Southend-on-Sea,2021-05-30,1.00,1.00,1.00,1.00,0.99,0.80,0.18,inferred
Southend-on-Sea,2021-05-31,1.00,1.00,1.00,1.00,0.99,0.80,0.18,inferred
Southend-on-Sea,2021-06-01,1.00,1.00,1.00,0.98,0.93,0.58,0.06,inferred
Southend-on-Sea,2021-06-02,1.00,1.00,1.00,0.98,0.93,0.58,0.06,inferred
Southend-on-Sea,2021-06-03,1.00,1.00,1.00,0.98,0.93,0.58,0.06,inferred
Southend-on-Sea,2021-06-04,1.00,1.00,1.00,0.98,0.93,0.58,0.06,inferred
Southend-on-Sea,2021-06-05,1.00,1.00,1.00,0.98,0.93,0.58,0.06,inferred
Southend-on-Sea,2021-06-06,1.00,1.00,1.00,0.98,0.93,0.58,0.06,inferred
Southend-on-Sea,2021-06-07,1.00,1.00,1.00,0.98,0.93,0.58,0.06,inferred
Southend-on-Sea,2021-06-08,1.00,0.99,0.95,0.82,0.62,0.11,0.00,inferred
Southend-on-Sea,2021-06-09,1.00,0.99,0.95,0.82,0.62,0.11,0.00,inferred
Southend-on-Sea,2021-06-10,1.00,0.99,0.95,0.82,0.62,0.11,0.00,inferred
Southend-on-Sea,2021-06-11,1.00,0.99,0.95,0.82,0.62,0.11,0.00,inferred
Southend-on-Sea,2021-06-12,1.00,0.99,0.95,0.82,0.62,0.11,0.00,inferred
Southend-on-Sea,2021-06-13,1.00,0.99,0.95,0.82,0.62,0.11,0.00,inferred
Southend-on-Sea,2021-06-14,1.00,0.99,0.95,0.82,0.62,0.11,0.00,inferred
Southend-on-Sea,2021-06-15,1.00,1.00,1.00,1.00,1.00,0.91,0.19,inferred
Southend-on-Sea,2021-06-16,1.00,1.00,1.00,1.00,1.00,0.91,0.19,inferred
Southend-on-Sea,2021-06-17,1.00,1.00,1.00,1.00,1.00,0.91,0.19,inferred
Southend-on-Sea,2021-06-18,1.00,1.00,1.00,1.00,1.00,0.91,0.19,inferred
Southend-on-Sea,2021-06-19,1.00,1.00,1.00,1.00,1.00,0.91,0.19,inferred
Southend-on-Sea,2021-06-20,1.00,1.00,1.00,1.00,1.00,0.91,0.19,inferred
Southend-on-Sea,2021-06-21,1.00,1.00,1.00,1.00,1.00,0.91,0.19,inferred
Southend-on-Sea,2021-06-22,1.00,1.00,1.00,1.00,1.00,1.00,0.79,inferred
Southend-on-Sea,2021-06-23,1.00,1.00,1.00,1.00,1.00,1.00,0.79,inferred
Southend-on-Sea,2021-06-24,1.00,1.00,1.00,1.00,1.00,1.00,0.79,inferred
Southend-on-Sea,2021-06-25,1.00,1.00,1.00,1.00,1.00,1.00,0.79,inferred
Southend-on-Sea,2021-06-26,1.00,1.00,1.00,1.00,1.00,1.00,0.79,inferred
Southend-on-Sea,2021-06-27,1.00,1.00,1.00,1.00,1.00,1.00,0.79,inferred
Southend-on-Sea,2021-06-28,1.00,1.00,1.00,1.00,1.00,1.00,0.79,inferred
Southend-on-Sea,2021-06-29,1.00,1.00,1.00,1.00,1.00,0.95,0.61,inferred
Southend-on-Sea,2021-06-30,1.00,1.00,1.00,1.00,1.00,0.95,0.61,inferred
Southend-on-Sea,2021-07-01,1.00,1.00,1.00,1.00,1.00,0.95,0.61,inferred
Southend-on-Sea,2021-07-02,1.00,1.00,1.00,1.00,1.00,0.95,0.61,inferred
Southend-on-Sea,2021-07-03,1.00,1.00,1.00,1.00,1.00,0.95,0.61,inferred
Southend-on-Sea,2021-07-04,1.00,1.00,1.00,1.00,1.00,0.95,0.61,inferred
Southend-on-Sea,2021-07-05,1.00,1.00,1.00,1.00,1.00,0.95,0.61,inferred
Southend-on-Sea,2021-07-06,1.00,1.00,1.00,0.99,0.98,0.85,0.47,projected
Southend-on-Sea,2021-07-07,1.00,1.00,1.00,0.99,0.98,0.85,0.47,projected
Southend-on-Sea,2021-07-08,1.00,1.00,1.00,0.99,0.98,0.85,0.47,projected
Southend-on-Sea,2021-07-09,1.00,1.00,1.00,0.99,0.98,0.85,0.47,projected
Southend-on-Sea,2021-07-10,1.00,1.00,1.00,0.99,0.98,0.85,0.47,projected
Southend-on-Sea,2021-07-11,1.00,1.00,1.00,0.99,0.98,0.85,0.47,projected
Southend-on-Sea,2021-07-12,1.00,1.00,1.00,0.99,0.98,0.85,0.47,projected
Southend-on-Sea,2021-07-13,1.00,1.00,0.99,0.97,0.94,0.78,0.43,projected
Southend-on-Sea,2021-07-14,1.00,1.00,0.99,0.97,0.94,0.78,0.43,projected
Southend-on-Sea,2021-07-15,1.00,1.00,0.99,0.97,0.94,0.78,0.43,projected
Southend-on-Sea,2021-07-16,1.00,1.00,0.99,0.97,0.94,0.78,0.43,projected
Southend-on-Sea,2021-07-17,1.00,1.00,0.99,0.97,0.94,0.78,0.43,projected
Southend-on-Sea,2021-07-18,1.00,1.00,0.99,0.97,0.94,0.78,0.43,projected
Southend-on-Sea,2021-07-19,1.00,1.00,0.99,0.97,0.94,0.78,0.43,projected
Southend-on-Sea,2021-07-20,0.99,0.99,0.97,0.94,0.90,0.72,0.37,projected
Southend-on-Sea,2021-07-21,0.99,0.99,0.97,0.94,0.90,0.72,0.37,projected
Southend-on-Sea,2021-07-22,0.99,0.99,0.97,0.94,0.90,0.72,0.37,projected
Southend-on-Sea,2021-07-23,0.99,0.99,0.97,0.94,0.90,0.72,0.37,projected
Southend-on-Sea,2021-07-24,0.99,0.99,0.97,0.94,0.90,0.72,0.37,projected
Southend-on-Sea,2021-07-25,0.99,0.99,0.97,0.94,0.90,0.72,0.37,projected
Southend-on-Sea,2021-07-26,0.99,0.99,0.97,0.94,0.90,0.72,0.37,projected
Southwark,2021-03-23,0.02,0.00,0.00,0.00,0.00,0.00,0.00,inferred
Southwark,2021-03-24,0.02,0.00,0.00,0.00,0.00,0.00,0.00,inferred
Southwark,2021-03-25,0.02,0.00,0.00,0.00,0.00,0.00,0.00,inferred
Southwark,2021-03-26,0.02,0.00,0.00,0.00,0.00,0.00,0.00,inferred
Southwark,2021-03-27,0.02,0.00,0.00,0.00,0.00,0.00,0.00,inferred
Southwark,2021-03-28,0.02,0.00,0.00,0.00,0.00,0.00,0.00,inferred
Southwark,2021-03-29,0.02,0.00,0.00,0.00,0.00,0.00,0.00,inferred
Southwark,2021-03-30,0.88,0.68,0.42,0.18,0.08,0.00,0.00,inferred
Southwark,2021-03-31,0.88,0.68,0.42,0.18,0.08,0.00,0.00,inferred
Southwark,2021-04-01,0.88,0.68,0.42,0.18,0.08,0.00,0.00,inferred
Southwark,2021-04-02,0.88,0.68,0.42,0.18,0.08,0.00,0.00,inferred
Southwark,2021-04-03,0.88,0.68,0.42,0.18,0.08,0.00,0.00,inferred
Southwark,2021-04-04,0.88,0.68,0.42,0.18,0.08,0.00,0.00,inferred
Southwark,2021-04-05,0.88,0.68,0.42,0.18,0.08,0.00,0.00,inferred
Southwark,2021-04-06,1.00,0.99,0.94,0.82,0.59,0.07,0.00,inferred
Southwark,2021-04-07,1.00,0.99,0.94,0.82,0.59,0.07,0.00,inferred
Southwark,2021-04-08,1.00,0.99,0.94,0.82,0.59,0.07,0.00,inferred
Southwark,2021-04-09,1.00,0.99,0.94,0.82,0.59,0.07,0.00,inferred
Southwark,2021-04-10,1.00,0.99,0.94,0.82,0.59,0.07,0.00,inferred
Southwark,2021-04-11,1.00,0.99,0.94,0.82,0.59,0.07,0.00,inferred
Southwark,2021-04-12,1.00,0.99,0.94,0.82,0.59,0.07,0.00,inferred
Southwark,2021-04-13,0.99,0.93,0.76,0.53,0.30,0.01,0.00,inferred
Southwark,2021-04-14,0.99,0.93,0.76,0.53,0.30,0.01,0.00,inferred
Southwark,2021-04-15,0.99,0.93,0.76,0.53,0.30,0.01,0.00,inferred
Southwark,2021-04-16,0.99,0.93,0.76,0.53,0.30,0.01,0.00,inferred
Southwark,2021-04-17,0.99,0.93,0.76,0.53,0.30,0.01,0.00,inferred
Southwark,2021-04-18,0.99,0.93,0.76,0.53,0.30,0.01,0.00,inferred
Southwark,2021-04-19,0.99,0.93,0.76,0.53,0.30,0.01,0.00,inferred
Southwark,2021-04-20,0.56,0.24,0.07,0.02,0.00,0.00,0.00,inferred
Southwark,2021-04-21,0.56,0.24,0.07,0.02,0.00,0.00,0.00,inferred
Southwark,2021-04-22,0.56,0.24,0.07,0.02,0.00,0.00,0.00,inferred
Southwark,2021-04-23,0.56,0.24,0.07,0.02,0.00,0.00,0.00,inferred
Southwark,2021-04-24,0.56,0.24,0.07,0.02,0.00,0.00,0.00,inferred
Southwark,2021-04-25,0.56,0.24,0.07,0.02,0.00,0.00,0.00,inferred
Southwark,2021-04-26,0.56,0.24,0.07,0.02,0.00,0.00,0.00,inferred
Southwark,2021-04-27,0.73,0.43,0.18,0.06,0.01,0.00,0.00,inferred
Southwark,2021-04-28,0.73,0.43,0.18,0.06,0.01,0.00,0.00,inferred
Southwark,2021-04-29,0.73,0.43,0.18,0.06,0.01,0.00,0.00,inferred
Southwark,2021-04-30,0.73,0.43,0.18,0.06,0.01,0.00,0.00,inferred
Southwark,2021-05-01,0.73,0.43,0.18,0.06,0.01,0.00,0.00,inferred
Southwark,2021-05-02,0.73,0.43,0.18,0.06,0.01,0.00,0.00,inferred
Southwark,2021-05-03,0.73,0.43,0.18,0.06,0.01,0.00,0.00,inferred
Southwark,2021-05-04,0.84,0.62,0.37,0.16,0.06,0.00,0.00,inferred
Southwark,2021-05-05,0.84,0.62,0.37,0.16,0.06,0.00,0.00,inferred
Southwark,2021-05-06,0.84,0.62,0.37,0.16,0.06,0.00,0.00,inferred
Southwark,2021-05-07,0.84,0.62,0.37,0.16,0.06,0.00,0.00,inferred
Southwark,2021-05-08,0.84,0.62,0.37,0.16,0.06,0.00,0.00,inferred
Southwark,2021-05-09,0.84,0.62,0.37,0.16,0.06,0.00,0.00,inferred
Southwark,2021-05-10,0.84,0.62,0.37,0.16,0.06,0.00,0.00,inferred
Southwark,2021-05-11,1.00,0.98,0.92,0.81,0.62,0.10,0.00,inferred
Southwark,2021-05-12,1.00,0.98,0.92,0.81,0.62,0.10,0.00,inferred
Southwark,2021-05-13,1.00,0.98,0.92,0.81,0.62,0.10,0.00,inferred
Southwark,2021-05-14,1.00,0.98,0.92,0.81,0.62,0.10,0.00,inferred
Southwark,2021-05-15,1.00,0.98,0.92,0.81,0.62,0.10,0.00,inferred
Southwark,2021-05-16,1.00,0.98,0.92,0.81,0.62,0.10,0.00,inferred
Southwark,2021-05-17,1.00,0.98,0.92,0.81,0.62,0.10,0.00,inferred
Southwark,2021-05-18,1.00,1.00,1.00,1.00,1.00,0.99,0.54,inferred
Southwark,2021-05-19,1.00,1.00,1.00,1.00,1.00,0.99,0.54,inferred
Southwark,2021-05-20,1.00,1.00,1.00,1.00,1.00,0.99,0.54,inferred
Southwark,2021-05-21,1.00,1.00,1.00,1.00,1.00,0.99,0.54,inferred
Southwark,2021-05-22,1.00,1.00,1.00,1.00,1.00,0.99,0.54,inferred
Southwark,2021-05-23,1.00,1.00,1.00,1.00,1.00,0.99,0.54,inferred
Southwark,2021-05-24,1.00,1.00,1.00,1.00,1.00,0.99,0.54,inferred
Southwark,2021-05-25,1.00,1.00,1.00,1.00,1.00,1.00,0.82,inferred
Southwark,2021-05-26,1.00,1.00,1.00,1.00,1.00,1.00,0.82,inferred
Southwark,2021-05-27,1.00,1.00,1.00,1.00,1.00,1.00,0.82,inferred
Southwark,2021-05-28,1.00,1.00,1.00,1.00,1.00,1.00,0.82,inferred
Southwark,2021-05-29,1.00,1.00,1.00,1.00,1.00,1.00,0.82,inferred
Southwark,2021-05-30,1.00,1.00,1.00,1.00,1.00,1.00,0.82,inferred
Southwark,2021-05-31,1.00,1.00,1.00,1.00,1.00,1.00,0.82,inferred
Southwark,2021-06-01,1.00,1.00,1.00,0.98,0.91,0.40,0.00,inferred
Southwark,2021-06-02,1.00,1.00,1.00,0.98,0.91,0.40,0.00,inferred
Southwark,2021-06-03,1.00,1.00,1.00,0.98,0.91,0.40,0.00,inferred
Southwark,2021-06-04,1.00,1.00,1.00,0.98,0.91,0.40,0.00,inferred
Southwark,2021-06-05,1.00,1.00,1.00,0.98,0.91,0.40,0.00,inferred
Southwark,2021-06-06,1.00,1.00,1.00,0.98,0.91,0.40,0.00,inferred
Southwark,2021-06-07,1.00,1.00,1.00,0.98,0.91,0.40,0.00,inferred
Southwark,2021-06-08,1.00,1.00,0.99,0.83,0.46,0.00,0.00,inferred
Southwark,2021-06-09,1.00,1.00,0.99,0.83,0.46,0.00,0.00,inferred
Southwark,2021-06-10,1.00,1.00,0.99,0.83,0.46,0.00,0.00,inferred
Southwark,2021-06-11,1.00,1.00,0.99,0.83,0.46,0.00,0.00,inferred
Southwark,2021-06-12,1.00,1.00,0.99,0.83,0.46,0.00,0.00,inferred
Southwark,2021-06-13,1.00,1.00,0.99,0.83,0.46,0.00,0.00,inferred
Southwark,2021-06-14,1.00,1.00,0.99,0.83,0.46,0.00,0.00,inferred
Southwark,2021-06-15,1.00,1.00,1.00,1.00,1.00,0.96,0.03,inferred
Southwark,2021-06-16,1.00,1.00,1.00,1.00,1.00,0.96,0.03,inferred
Southwark,2021-06-17,1.00,1.00,1.00,1.00,1.00,0.96,0.03,inferred
Southwark,2021-06-18,1.00,1.00,1.00,1.00,1.00,0.96,0.03,inferred
Southwark,2021-06-19,1.00,1.00,1.00,1.00,1.00,0.96,0.03,inferred
Southwark,2021-06-20,1.00,1.00,1.00,1.00,1.00,0.96,0.03,inferred
Southwark,2021-06-21,1.00,1.00,1.00,1.00,1.00,0.96,0.03,inferred
Southwark,2021-06-22,1.00,1.00,1.00,1.00,0.99,0.65,0.00,inferred
Southwark,2021-06-23,1.00,1.00,1.00,1.00,0.99,0.65,0.00,inferred
Southwark,2021-06-24,1.00,1.00,1.00,1.00,0.99,0.65,0.00,inferred
Southwark,2021-06-25,1.00,1.00,1.00,1.00,0.99,0.65,0.00,inferred
Southwark,2021-06-26,1.00,1.00,1.00,1.00,0.99,0.65,0.00,inferred
Southwark,2021-06-27,1.00,1.00,1.00,1.00,0.99,0.65,0.00,inferred
Southwark,2021-06-28,1.00,1.00,1.00,1.00,0.99,0.65,0.00,inferred
Southwark,2021-06-29,1.00,0.95,0.76,0.44,0.18,0.00,0.00,inferred
Southwark,2021-06-30,1.00,0.95,0.76,0.44,0.18,0.00,0.00,inferred
Southwark,2021-07-01,1.00,0.95,0.76,0.44,0.18,0.00,0.00,inferred
Southwark,2021-07-02,1.00,0.95,0.76,0.44,0.18,0.00,0.00,inferred
Southwark,2021-07-03,1.00,0.95,0.76,0.44,0.18,0.00,0.00,inferred
Southwark,2021-07-04,1.00,0.95,0.76,0.44,0.18,0.00,0.00,inferred
Southwark,2021-07-05,1.00,0.95,0.76,0.44,0.18,0.00,0.00,inferred
Southwark,2021-07-06,0.97,0.87,0.71,0.51,0.33,0.06,0.00,projected
Southwark,2021-07-07,0.97,0.87,0.71,0.51,0.33,0.06,0.00,projected
Southwark,2021-07-08,0.97,0.87,0.71,0.51,0.33,0.06,0.00,projected
Southwark,2021-07-09,0.97,0.87,0.71,0.51,0.33,0.06,0.00,projected
Southwark,2021-07-10,0.97,0.87,0.71,0.51,0.33,0.06,0.00,projected
Southwark,2021-07-11,0.97,0.87,0.71,0.51,0.33,0.06,0.00,projected
Southwark,2021-07-12,0.97,0.87,0.71,0.51,0.33,0.06,0.00,projected
Southwark,2021-07-13,0.95,0.86,0.72,0.56,0.39,0.11,0.01,projected
Southwark,2021-07-14,0.95,0.86,0.72,0.56,0.39,0.11,0.01,projected
Southwark,2021-07-15,0.95,0.86,0.72,0.56,0.39,0.11,0.01,projected
Southwark,2021-07-16,0.95,0.86,0.72,0.56,0.39,0.11,0.01,projected
Southwark,2021-07-17,0.95,0.86,0.72,0.56,0.39,0.11,0.01,projected
Southwark,2021-07-18,0.95,0.86,0.72,0.56,0.39,0.11,0.01,projected
Southwark,2021-07-19,0.95,0.86,0.72,0.56,0.39,0.11,0.01,projected
Southwark,2021-07-20,0.94,0.87,0.75,0.61,0.47,0.16,0.02,projected
Southwark,2021-07-21,0.94,0.87,0.75,0.61,0.47,0.16,0.02,projected
Southwark,2021-07-22,0.94,0.87,0.75,0.61,0.47,0.16,0.02,projected
Southwark,2021-07-23,0.94,0.87,0.75,0.61,0.47,0.16,0.02,projected
Southwark,2021-07-24,0.94,0.87,0.75,0.61,0.47,0.16,0.02,projected
Southwark,2021-07-25,0.94,0.87,0.75,0.61,0.47,0.16,0.02,projected
Southwark,2021-07-26,0.94,0.87,0.75,0.61,0.47,0.16,0.02,projected
Spelthorne,2021-03-23,0.05,0.01,0.00,0.00,0.00,0.00,0.00,inferred
Spelthorne,2021-03-24,0.05,0.01,0.00,0.00,0.00,0.00,0.00,inferred
Spelthorne,2021-03-25,0.05,0.01,0.00,0.00,0.00,0.00,0.00,inferred
Spelthorne,2021-03-26,0.05,0.01,0.00,0.00,0.00,0.00,0.00,inferred
Spelthorne,2021-03-27,0.05,0.01,0.00,0.00,0.00,0.00,0.00,inferred
Spelthorne,2021-03-28,0.05,0.01,0.00,0.00,0.00,0.00,0.00,inferred
Spelthorne,2021-03-29,0.05,0.01,0.00,0.00,0.00,0.00,0.00,inferred
Spelthorne,2021-03-30,0.29,0.12,0.03,0.01,0.00,0.00,0.00,inferred
Spelthorne,2021-03-31,0.29,0.12,0.03,0.01,0.00,0.00,0.00,inferred
Spelthorne,2021-04-01,0.29,0.12,0.03,0.01,0.00,0.00,0.00,inferred
Spelthorne,2021-04-02,0.29,0.12,0.03,0.01,0.00,0.00,0.00,inferred
Spelthorne,2021-04-03,0.29,0.12,0.03,0.01,0.00,0.00,0.00,inferred
Spelthorne,2021-04-04,0.29,0.12,0.03,0.01,0.00,0.00,0.00,inferred
Spelthorne,2021-04-05,0.29,0.12,0.03,0.01,0.00,0.00,0.00,inferred
Spelthorne,2021-04-06,0.34,0.17,0.08,0.03,0.01,0.00,0.00,inferred
Spelthorne,2021-04-07,0.34,0.17,0.08,0.03,0.01,0.00,0.00,inferred
Spelthorne,2021-04-08,0.34,0.17,0.08,0.03,0.01,0.00,0.00,inferred
Spelthorne,2021-04-09,0.34,0.17,0.08,0.03,0.01,0.00,0.00,inferred
Spelthorne,2021-04-10,0.34,0.17,0.08,0.03,0.01,0.00,0.00,inferred
Spelthorne,2021-04-11,0.34,0.17,0.08,0.03,0.01,0.00,0.00,inferred
Spelthorne,2021-04-12,0.34,0.17,0.08,0.03,0.01,0.00,0.00,inferred
Spelthorne,2021-04-13,0.76,0.56,0.38,0.21,0.11,0.01,0.00,inferred
Spelthorne,2021-04-14,0.76,0.56,0.38,0.21,0.11,0.01,0.00,inferred
Spelthorne,2021-04-15,0.76,0.56,0.38,0.21,0.11,0.01,0.00,inferred
Spelthorne,2021-04-16,0.76,0.56,0.38,0.21,0.11,0.01,0.00,inferred
Spelthorne,2021-04-17,0.76,0.56,0.38,0.21,0.11,0.01,0.00,inferred
Spelthorne,2021-04-18,0.76,0.56,0.38,0.21,0.11,0.01,0.00,inferred
Spelthorne,2021-04-19,0.76,0.56,0.38,0.21,0.11,0.01,0.00,inferred
Spelthorne,2021-04-20,0.54,0.36,0.19,0.10,0.05,0.00,0.00,inferred
Spelthorne,2021-04-21,0.54,0.36,0.19,0.10,0.05,0.00,0.00,inferred
Spelthorne,2021-04-22,0.54,0.36,0.19,0.10,0.05,0.00,0.00,inferred
Spelthorne,2021-04-23,0.54,0.36,0.19,0.10,0.05,0.00,0.00,inferred
Spelthorne,2021-04-24,0.54,0.36,0.19,0.10,0.05,0.00,0.00,inferred
Spelthorne,2021-04-25,0.54,0.36,0.19,0.10,0.05,0.00,0.00,inferred
Spelthorne,2021-04-26,0.54,0.36,0.19,0.10,0.05,0.00,0.00,inferred
Spelthorne,2021-04-27,0.84,0.70,0.53,0.35,0.22,0.03,0.00,inferred
Spelthorne,2021-04-28,0.84,0.70,0.53,0.35,0.22,0.03,0.00,inferred
Spelthorne,2021-04-29,0.84,0.70,0.53,0.35,0.22,0.03,0.00,inferred
Spelthorne,2021-04-30,0.84,0.70,0.53,0.35,0.22,0.03,0.00,inferred
Spelthorne,2021-05-01,0.84,0.70,0.53,0.35,0.22,0.03,0.00,inferred
Spelthorne,2021-05-02,0.84,0.70,0.53,0.35,0.22,0.03,0.00,inferred
Spelthorne,2021-05-03,0.84,0.70,0.53,0.35,0.22,0.03,0.00,inferred
Spelthorne,2021-05-04,0.82,0.69,0.53,0.36,0.23,0.04,0.00,inferred
Spelthorne,2021-05-05,0.82,0.69,0.53,0.36,0.23,0.04,0.00,inferred
Spelthorne,2021-05-06,0.82,0.69,0.53,0.36,0.23,0.04,0.00,inferred
Spelthorne,2021-05-07,0.82,0.69,0.53,0.36,0.23,0.04,0.00,inferred
Spelthorne,2021-05-08,0.82,0.69,0.53,0.36,0.23,0.04,0.00,inferred
Spelthorne,2021-05-09,0.82,0.69,0.53,0.36,0.23,0.04,0.00,inferred
Spelthorne,2021-05-10,0.82,0.69,0.53,0.36,0.23,0.04,0.00,inferred
Spelthorne,2021-05-11,0.99,0.96,0.91,0.82,0.70,0.29,0.02,inferred
Spelthorne,2021-05-12,0.99,0.96,0.91,0.82,0.70,0.29,0.02,inferred
Spelthorne,2021-05-13,0.99,0.96,0.91,0.82,0.70,0.29,0.02,inferred
Spelthorne,2021-05-14,0.99,0.96,0.91,0.82,0.70,0.29,0.02,inferred
Spelthorne,2021-05-15,0.99,0.96,0.91,0.82,0.70,0.29,0.02,inferred
Spelthorne,2021-05-16,0.99,0.96,0.91,0.82,0.70,0.29,0.02,inferred
Spelthorne,2021-05-17,0.99,0.96,0.91,0.82,0.70,0.29,0.02,inferred
Spelthorne,2021-05-18,1.00,1.00,1.00,1.00,0.99,0.88,0.34,inferred
Spelthorne,2021-05-19,1.00,1.00,1.00,1.00,0.99,0.88,0.34,inferred
Spelthorne,2021-05-20,1.00,1.00,1.00,1.00,0.99,0.88,0.34,inferred
Spelthorne,2021-05-21,1.00,1.00,1.00,1.00,0.99,0.88,0.34,inferred
Spelthorne,2021-05-22,1.00,1.00,1.00,1.00,0.99,0.88,0.34,inferred
Spelthorne,2021-05-23,1.00,1.00,1.00,1.00,0.99,0.88,0.34,inferred
Spelthorne,2021-05-24,1.00,1.00,1.00,1.00,0.99,0.88,0.34,inferred
Spelthorne,2021-05-25,1.00,1.00,1.00,1.00,0.98,0.82,0.23,inferred
Spelthorne,2021-05-26,1.00,1.00,1.00,1.00,0.98,0.82,0.23,inferred
Spelthorne,2021-05-27,1.00,1.00,1.00,1.00,0.98,0.82,0.23,inferred
Spelthorne,2021-05-28,1.00,1.00,1.00,1.00,0.98,0.82,0.23,inferred
Spelthorne,2021-05-29,1.00,1.00,1.00,1.00,0.98,0.82,0.23,inferred
Spelthorne,2021-05-30,1.00,1.00,1.00,1.00,0.98,0.82,0.23,inferred
Spelthorne,2021-05-31,1.00,1.00,1.00,1.00,0.98,0.82,0.23,inferred
Spelthorne,2021-06-01,0.91,0.71,0.48,0.26,0.11,0.01,0.00,inferred
Spelthorne,2021-06-02,0.91,0.71,0.48,0.26,0.11,0.01,0.00,inferred
Spelthorne,2021-06-03,0.91,0.71,0.48,0.26,0.11,0.01,0.00,inferred
Spelthorne,2021-06-04,0.91,0.71,0.48,0.26,0.11,0.01,0.00,inferred
Spelthorne,2021-06-05,0.91,0.71,0.48,0.26,0.11,0.01,0.00,inferred
Spelthorne,2021-06-06,0.91,0.71,0.48,0.26,0.11,0.01,0.00,inferred
Spelthorne,2021-06-07,0.91,0.71,0.48,0.26,0.11,0.01,0.00,inferred
Spelthorne,2021-06-08,0.92,0.72,0.44,0.21,0.08,0.00,0.00,inferred
Spelthorne,2021-06-09,0.92,0.72,0.44,0.21,0.08,0.00,0.00,inferred
Spelthorne,2021-06-10,0.92,0.72,0.44,0.21,0.08,0.00,0.00,inferred
Spelthorne,2021-06-11,0.92,0.72,0.44,0.21,0.08,0.00,0.00,inferred
Spelthorne,2021-06-12,0.92,0.72,0.44,0.21,0.08,0.00,0.00,inferred
Spelthorne,2021-06-13,0.92,0.72,0.44,0.21,0.08,0.00,0.00,inferred
Spelthorne,2021-06-14,0.92,0.72,0.44,0.21,0.08,0.00,0.00,inferred
Spelthorne,2021-06-15,1.00,1.00,1.00,1.00,1.00,0.79,0.06,inferred
Spelthorne,2021-06-16,1.00,1.00,1.00,1.00,1.00,0.79,0.06,inferred
Spelthorne,2021-06-17,1.00,1.00,1.00,1.00,1.00,0.79,0.06,inferred
Spelthorne,2021-06-18,1.00,1.00,1.00,1.00,1.00,0.79,0.06,inferred
Spelthorne,2021-06-19,1.00,1.00,1.00,1.00,1.00,0.79,0.06,inferred
Spelthorne,2021-06-20,1.00,1.00,1.00,1.00,1.00,0.79,0.06,inferred
Spelthorne,2021-06-21,1.00,1.00,1.00,1.00,1.00,0.79,0.06,inferred
Spelthorne,2021-06-22,1.00,1.00,1.00,1.00,1.00,0.90,0.21,inferred
Spelthorne,2021-06-23,1.00,1.00,1.00,1.00,1.00,0.90,0.21,inferred
Spelthorne,2021-06-24,1.00,1.00,1.00,1.00,1.00,0.90,0.21,inferred
Spelthorne,2021-06-25,1.00,1.00,1.00,1.00,1.00,0.90,0.21,inferred
Spelthorne,2021-06-26,1.00,1.00,1.00,1.00,1.00,0.90,0.21,inferred
Spelthorne,2021-06-27,1.00,1.00,1.00,1.00,1.00,0.90,0.21,inferred
Spelthorne,2021-06-28,1.00,1.00,1.00,1.00,1.00,0.90,0.21,inferred
Spelthorne,2021-06-29,1.00,1.00,1.00,0.98,0.93,0.60,0.11,inferred
Spelthorne,2021-06-30,1.00,1.00,1.00,0.98,0.93,0.60,0.11,inferred
Spelthorne,2021-07-01,1.00,1.00,1.00,0.98,0.93,0.60,0.11,inferred
Spelthorne,2021-07-02,1.00,1.00,1.00,0.98,0.93,0.60,0.11,inferred
Spelthorne,2021-07-03,1.00,1.00,1.00,0.98,0.93,0.60,0.11,inferred
Spelthorne,2021-07-04,1.00,1.00,1.00,0.98,0.93,0.60,0.11,inferred
Spelthorne,2021-07-05,1.00,1.00,1.00,0.98,0.93,0.60,0.11,inferred
Spelthorne,2021-07-06,0.99,0.99,0.96,0.91,0.83,0.50,0.15,projected
Spelthorne,2021-07-07,0.99,0.99,0.96,0.91,0.83,0.50,0.15,projected
Spelthorne,2021-07-08,0.99,0.99,0.96,0.91,0.83,0.50,0.15,projected
Spelthorne,2021-07-09,0.99,0.99,0.96,0.91,0.83,0.50,0.15,projected
Spelthorne,2021-07-10,0.99,0.99,0.96,0.91,0.83,0.50,0.15,projected
Spelthorne,2021-07-11,0.99,0.99,0.96,0.91,0.83,0.50,0.15,projected
Spelthorne,2021-07-12,0.99,0.99,0.96,0.91,0.83,0.50,0.15,projected
Spelthorne,2021-07-13,0.97,0.95,0.90,0.83,0.74,0.45,0.15,projected
Spelthorne,2021-07-14,0.97,0.95,0.90,0.83,0.74,0.45,0.15,projected
Spelthorne,2021-07-15,0.97,0.95,0.90,0.83,0.74,0.45,0.15,projected
Spelthorne,2021-07-16,0.97,0.95,0.90,0.83,0.74,0.45,0.15,projected
Spelthorne,2021-07-17,0.97,0.95,0.90,0.83,0.74,0.45,0.15,projected
Spelthorne,2021-07-18,0.97,0.95,0.90,0.83,0.74,0.45,0.15,projected
Spelthorne,2021-07-19,0.97,0.95,0.90,0.83,0.74,0.45,0.15,projected
Spelthorne,2021-07-20,0.97,0.93,0.86,0.79,0.71,0.43,0.16,projected
Spelthorne,2021-07-21,0.97,0.93,0.86,0.79,0.71,0.43,0.16,projected
Spelthorne,2021-07-22,0.97,0.93,0.86,0.79,0.71,0.43,0.16,projected
Spelthorne,2021-07-23,0.97,0.93,0.86,0.79,0.71,0.43,0.16,projected
Spelthorne,2021-07-24,0.97,0.93,0.86,0.79,0.71,0.43,0.16,projected
Spelthorne,2021-07-25,0.97,0.93,0.86,0.79,0.71,0.43,0.16,projected
Spelthorne,2021-07-26,0.97,0.93,0.86,0.79,0.71,0.43,0.16,projected
St Albans,2021-03-23,0.70,0.47,0.26,0.11,0.04,0.00,0.00,inferred
St Albans,2021-03-24,0.70,0.47,0.26,0.11,0.04,0.00,0.00,inferred
St Albans,2021-03-25,0.70,0.47,0.26,0.11,0.04,0.00,0.00,inferred
St Albans,2021-03-26,0.70,0.47,0.26,0.11,0.04,0.00,0.00,inferred
St Albans,2021-03-27,0.70,0.47,0.26,0.11,0.04,0.00,0.00,inferred
St Albans,2021-03-28,0.70,0.47,0.26,0.11,0.04,0.00,0.00,inferred
St Albans,2021-03-29,0.70,0.47,0.26,0.11,0.04,0.00,0.00,inferred
St Albans,2021-03-30,0.92,0.80,0.61,0.40,0.23,0.02,0.00,inferred
St Albans,2021-03-31,0.92,0.80,0.61,0.40,0.23,0.02,0.00,inferred
St Albans,2021-04-01,0.92,0.80,0.61,0.40,0.23,0.02,0.00,inferred
St Albans,2021-04-02,0.92,0.80,0.61,0.40,0.23,0.02,0.00,inferred
St Albans,2021-04-03,0.92,0.80,0.61,0.40,0.23,0.02,0.00,inferred
St Albans,2021-04-04,0.92,0.80,0.61,0.40,0.23,0.02,0.00,inferred
St Albans,2021-04-05,0.92,0.80,0.61,0.40,0.23,0.02,0.00,inferred
St Albans,2021-04-06,0.52,0.29,0.14,0.07,0.02,0.00,0.00,inferred
St Albans,2021-04-07,0.52,0.29,0.14,0.07,0.02,0.00,0.00,inferred
St Albans,2021-04-08,0.52,0.29,0.14,0.07,0.02,0.00,0.00,inferred
St Albans,2021-04-09,0.52,0.29,0.14,0.07,0.02,0.00,0.00,inferred
St Albans,2021-04-10,0.52,0.29,0.14,0.07,0.02,0.00,0.00,inferred
St Albans,2021-04-11,0.52,0.29,0.14,0.07,0.02,0.00,0.00,inferred
St Albans,2021-04-12,0.52,0.29,0.14,0.07,0.02,0.00,0.00,inferred
St Albans,2021-04-13,0.54,0.34,0.20,0.10,0.04,0.00,0.00,inferred
St Albans,2021-04-14,0.54,0.34,0.20,0.10,0.04,0.00,0.00,inferred
St Albans,2021-04-15,0.54,0.34,0.20,0.10,0.04,0.00,0.00,inferred
St Albans,2021-04-16,0.54,0.34,0.20,0.10,0.04,0.00,0.00,inferred
St Albans,2021-04-17,0.54,0.34,0.20,0.10,0.04,0.00,0.00,inferred
St Albans,2021-04-18,0.54,0.34,0.20,0.10,0.04,0.00,0.00,inferred
St Albans,2021-04-19,0.54,0.34,0.20,0.10,0.04,0.00,0.00,inferred
St Albans,2021-04-20,0.70,0.51,0.32,0.18,0.10,0.01,0.00,inferred
St Albans,2021-04-21,0.70,0.51,0.32,0.18,0.10,0.01,0.00,inferred
St Albans,2021-04-22,0.70,0.51,0.32,0.18,0.10,0.01,0.00,inferred
St Albans,2021-04-23,0.70,0.51,0.32,0.18,0.10,0.01,0.00,inferred
St Albans,2021-04-24,0.70,0.51,0.32,0.18,0.10,0.01,0.00,inferred
St Albans,2021-04-25,0.70,0.51,0.32,0.18,0.10,0.01,0.00,inferred
St Albans,2021-04-26,0.70,0.51,0.32,0.18,0.10,0.01,0.00,inferred
St Albans,2021-04-27,0.94,0.86,0.74,0.59,0.42,0.09,0.00,inferred
St Albans,2021-04-28,0.94,0.86,0.74,0.59,0.42,0.09,0.00,inferred
St Albans,2021-04-29,0.94,0.86,0.74,0.59,0.42,0.09,0.00,inferred
St Albans,2021-04-30,0.94,0.86,0.74,0.59,0.42,0.09,0.00,inferred
St Albans,2021-05-01,0.94,0.86,0.74,0.59,0.42,0.09,0.00,inferred
St Albans,2021-05-02,0.94,0.86,0.74,0.59,0.42,0.09,0.00,inferred
St Albans,2021-05-03,0.94,0.86,0.74,0.59,0.42,0.09,0.00,inferred
St Albans,2021-05-04,0.94,0.85,0.71,0.54,0.36,0.07,0.00,inferred
St Albans,2021-05-05,0.94,0.85,0.71,0.54,0.36,0.07,0.00,inferred
St Albans,2021-05-06,0.94,0.85,0.71,0.54,0.36,0.07,0.00,inferred
St Albans,2021-05-07,0.94,0.85,0.71,0.54,0.36,0.07,0.00,inferred
St Albans,2021-05-08,0.94,0.85,0.71,0.54,0.36,0.07,0.00,inferred
St Albans,2021-05-09,0.94,0.85,0.71,0.54,0.36,0.07,0.00,inferred
St Albans,2021-05-10,0.94,0.85,0.71,0.54,0.36,0.07,0.00,inferred
St Albans,2021-05-11,0.98,0.93,0.83,0.68,0.52,0.13,0.00,inferred
St Albans,2021-05-12,0.98,0.93,0.83,0.68,0.52,0.13,0.00,inferred
St Albans,2021-05-13,0.98,0.93,0.83,0.68,0.52,0.13,0.00,inferred
St Albans,2021-05-14,0.98,0.93,0.83,0.68,0.52,0.13,0.00,inferred
St Albans,2021-05-15,0.98,0.93,0.83,0.68,0.52,0.13,0.00,inferred
St Albans,2021-05-16,0.98,0.93,0.83,0.68,0.52,0.13,0.00,inferred
St Albans,2021-05-17,0.98,0.93,0.83,0.68,0.52,0.13,0.00,inferred
St Albans,2021-05-18,0.97,0.92,0.81,0.65,0.47,0.10,0.00,inferred
St Albans,2021-05-19,0.97,0.92,0.81,0.65,0.47,0.10,0.00,inferred
St Albans,2021-05-20,0.97,0.92,0.81,0.65,0.47,0.10,0.00,inferred
St Albans,2021-05-21,0.97,0.92,0.81,0.65,0.47,0.10,0.00,inferred
St Albans,2021-05-22,0.97,0.92,0.81,0.65,0.47,0.10,0.00,inferred
St Albans,2021-05-23,0.97,0.92,0.81,0.65,0.47,0.10,0.00,inferred
St Albans,2021-05-24,0.97,0.92,0.81,0.65,0.47,0.10,0.00,inferred
St Albans,2021-05-25,1.00,1.00,0.99,0.98,0.93,0.60,0.06,inferred
St Albans,2021-05-26,1.00,1.00,0.99,0.98,0.93,0.60,0.06,inferred
St Albans,2021-05-27,1.00,1.00,0.99,0.98,0.93,0.60,0.06,inferred
St Albans,2021-05-28,1.00,1.00,0.99,0.98,0.93,0.60,0.06,inferred
St Albans,2021-05-29,1.00,1.00,0.99,0.98,0.93,0.60,0.06,inferred
St Albans,2021-05-30,1.00,1.00,0.99,0.98,0.93,0.60,0.06,inferred
St Albans,2021-05-31,1.00,1.00,0.99,0.98,0.93,0.60,0.06,inferred
St Albans,2021-06-01,1.00,1.00,0.99,0.98,0.93,0.51,0.04,inferred
St Albans,2021-06-02,1.00,1.00,0.99,0.98,0.93,0.51,0.04,inferred
St Albans,2021-06-03,1.00,1.00,0.99,0.98,0.93,0.51,0.04,inferred
St Albans,2021-06-04,1.00,1.00,0.99,0.98,0.93,0.51,0.04,inferred
St Albans,2021-06-05,1.00,1.00,0.99,0.98,0.93,0.51,0.04,inferred
St Albans,2021-06-06,1.00,1.00,0.99,0.98,0.93,0.51,0.04,inferred
St Albans,2021-06-07,1.00,1.00,0.99,0.98,0.93,0.51,0.04,inferred
St Albans,2021-06-08,1.00,1.00,1.00,1.00,0.99,0.84,0.15,inferred
St Albans,2021-06-09,1.00,1.00,1.00,1.00,0.99,0.84,0.15,inferred
St Albans,2021-06-10,1.00,1.00,1.00,1.00,0.99,0.84,0.15,inferred
St Albans,2021-06-11,1.00,1.00,1.00,1.00,0.99,0.84,0.15,inferred
St Albans,2021-06-12,1.00,1.00,1.00,1.00,0.99,0.84,0.15,inferred
St Albans,2021-06-13,1.00,1.00,1.00,1.00,0.99,0.84,0.15,inferred
St Albans,2021-06-14,1.00,1.00,1.00,1.00,0.99,0.84,0.15,inferred
St Albans,2021-06-15,1.00,1.00,1.00,1.00,1.00,0.99,0.65,inferred
St Albans,2021-06-16,1.00,1.00,1.00,1.00,1.00,0.99,0.65,inferred
St Albans,2021-06-17,1.00,1.00,1.00,1.00,1.00,0.99,0.65,inferred
St Albans,2021-06-18,1.00,1.00,1.00,1.00,1.00,0.99,0.65,inferred
St Albans,2021-06-19,1.00,1.00,1.00,1.00,1.00,0.99,0.65,inferred
St Albans,2021-06-20,1.00,1.00,1.00,1.00,1.00,0.99,0.65,inferred
St Albans,2021-06-21,1.00,1.00,1.00,1.00,1.00,0.99,0.65,inferred
St Albans,2021-06-22,1.00,1.00,1.00,1.00,1.00,0.99,0.66,inferred
St Albans,2021-06-23,1.00,1.00,1.00,1.00,1.00,0.99,0.66,inferred
St Albans,2021-06-24,1.00,1.00,1.00,1.00,1.00,0.99,0.66,inferred
St Albans,2021-06-25,1.00,1.00,1.00,1.00,1.00,0.99,0.66,inferred
St Albans,2021-06-26,1.00,1.00,1.00,1.00,1.00,0.99,0.66,inferred
St Albans,2021-06-27,1.00,1.00,1.00,1.00,1.00,0.99,0.66,inferred
St Albans,2021-06-28,1.00,1.00,1.00,1.00,1.00,0.99,0.66,inferred
St Albans,2021-06-29,1.00,1.00,1.00,0.99,0.95,0.64,0.09,inferred
St Albans,2021-06-30,1.00,1.00,1.00,0.99,0.95,0.64,0.09,inferred
St Albans,2021-07-01,1.00,1.00,1.00,0.99,0.95,0.64,0.09,inferred
St Albans,2021-07-02,1.00,1.00,1.00,0.99,0.95,0.64,0.09,inferred
St Albans,2021-07-03,1.00,1.00,1.00,0.99,0.95,0.64,0.09,inferred
St Albans,2021-07-04,1.00,1.00,1.00,0.99,0.95,0.64,0.09,inferred
St Albans,2021-07-05,1.00,1.00,1.00,0.99,0.95,0.64,0.09,inferred
St Albans,2021-07-06,1.00,0.99,0.96,0.91,0.84,0.53,0.15,projected
St Albans,2021-07-07,1.00,0.99,0.96,0.91,0.84,0.53,0.15,projected
St Albans,2021-07-08,1.00,0.99,0.96,0.91,0.84,0.53,0.15,projected
St Albans,2021-07-09,1.00,0.99,0.96,0.91,0.84,0.53,0.15,projected
St Albans,2021-07-10,1.00,0.99,0.96,0.91,0.84,0.53,0.15,projected
St Albans,2021-07-11,1.00,0.99,0.96,0.91,0.84,0.53,0.15,projected
St Albans,2021-07-12,1.00,0.99,0.96,0.91,0.84,0.53,0.15,projected
St Albans,2021-07-13,0.99,0.96,0.92,0.85,0.75,0.47,0.16,projected
St Albans,2021-07-14,0.99,0.96,0.92,0.85,0.75,0.47,0.16,projected
St Albans,2021-07-15,0.99,0.96,0.92,0.85,0.75,0.47,0.16,projected
St Albans,2021-07-16,0.99,0.96,0.92,0.85,0.75,0.47,0.16,projected
St Albans,2021-07-17,0.99,0.96,0.92,0.85,0.75,0.47,0.16,projected
St Albans,2021-07-18,0.99,0.96,0.92,0.85,0.75,0.47,0.16,projected
St Albans,2021-07-19,0.99,0.96,0.92,0.85,0.75,0.47,0.16,projected
St Albans,2021-07-20,0.97,0.94,0.87,0.80,0.71,0.43,0.15,projected
St Albans,2021-07-21,0.97,0.94,0.87,0.80,0.71,0.43,0.15,projected
St Albans,2021-07-22,0.97,0.94,0.87,0.80,0.71,0.43,0.15,projected
St Albans,2021-07-23,0.97,0.94,0.87,0.80,0.71,0.43,0.15,projected
St Albans,2021-07-24,0.97,0.94,0.87,0.80,0.71,0.43,0.15,projected
St Albans,2021-07-25,0.97,0.94,0.87,0.80,0.71,0.43,0.15,projected
St Albans,2021-07-26,0.97,0.94,0.87,0.80,0.71,0.43,0.15,projected
St. Helens,2021-03-23,0.06,0.01,0.00,0.00,0.00,0.00,0.00,inferred
St. Helens,2021-03-24,0.06,0.01,0.00,0.00,0.00,0.00,0.00,inferred
St. Helens,2021-03-25,0.06,0.01,0.00,0.00,0.00,0.00,0.00,inferred
St. Helens,2021-03-26,0.06,0.01,0.00,0.00,0.00,0.00,0.00,inferred
St. Helens,2021-03-27,0.06,0.01,0.00,0.00,0.00,0.00,0.00,inferred
St. Helens,2021-03-28,0.06,0.01,0.00,0.00,0.00,0.00,0.00,inferred
St. Helens,2021-03-29,0.06,0.01,0.00,0.00,0.00,0.00,0.00,inferred
St. Helens,2021-03-30,0.45,0.19,0.07,0.01,0.00,0.00,0.00,inferred
St. Helens,2021-03-31,0.45,0.19,0.07,0.01,0.00,0.00,0.00,inferred
St. Helens,2021-04-01,0.45,0.19,0.07,0.01,0.00,0.00,0.00,inferred
St. Helens,2021-04-02,0.45,0.19,0.07,0.01,0.00,0.00,0.00,inferred
St. Helens,2021-04-03,0.45,0.19,0.07,0.01,0.00,0.00,0.00,inferred
St. Helens,2021-04-04,0.45,0.19,0.07,0.01,0.00,0.00,0.00,inferred
St. Helens,2021-04-05,0.45,0.19,0.07,0.01,0.00,0.00,0.00,inferred
St. Helens,2021-04-06,0.13,0.04,0.01,0.00,0.00,0.00,0.00,inferred
St. Helens,2021-04-07,0.13,0.04,0.01,0.00,0.00,0.00,0.00,inferred
St. Helens,2021-04-08,0.13,0.04,0.01,0.00,0.00,0.00,0.00,inferred
St. Helens,2021-04-09,0.13,0.04,0.01,0.00,0.00,0.00,0.00,inferred
St. Helens,2021-04-10,0.13,0.04,0.01,0.00,0.00,0.00,0.00,inferred
St. Helens,2021-04-11,0.13,0.04,0.01,0.00,0.00,0.00,0.00,inferred
St. Helens,2021-04-12,0.13,0.04,0.01,0.00,0.00,0.00,0.00,inferred
St. Helens,2021-04-13,0.48,0.25,0.12,0.05,0.02,0.00,0.00,inferred
St. Helens,2021-04-14,0.48,0.25,0.12,0.05,0.02,0.00,0.00,inferred
St. Helens,2021-04-15,0.48,0.25,0.12,0.05,0.02,0.00,0.00,inferred
St. Helens,2021-04-16,0.48,0.25,0.12,0.05,0.02,0.00,0.00,inferred
St. Helens,2021-04-17,0.48,0.25,0.12,0.05,0.02,0.00,0.00,inferred
St. Helens,2021-04-18,0.48,0.25,0.12,0.05,0.02,0.00,0.00,inferred
St. Helens,2021-04-19,0.48,0.25,0.12,0.05,0.02,0.00,0.00,inferred
St. Helens,2021-04-20,0.57,0.35,0.19,0.09,0.04,0.00,0.00,inferred
St. Helens,2021-04-21,0.57,0.35,0.19,0.09,0.04,0.00,0.00,inferred
St. Helens,2021-04-22,0.57,0.35,0.19,0.09,0.04,0.00,0.00,inferred
St. Helens,2021-04-23,0.57,0.35,0.19,0.09,0.04,0.00,0.00,inferred
St. Helens,2021-04-24,0.57,0.35,0.19,0.09,0.04,0.00,0.00,inferred
St. Helens,2021-04-25,0.57,0.35,0.19,0.09,0.04,0.00,0.00,inferred
St. Helens,2021-04-26,0.57,0.35,0.19,0.09,0.04,0.00,0.00,inferred
St. Helens,2021-04-27,0.98,0.94,0.86,0.73,0.56,0.15,0.00,inferred
St. Helens,2021-04-28,0.98,0.94,0.86,0.73,0.56,0.15,0.00,inferred
St. Helens,2021-04-29,0.98,0.94,0.86,0.73,0.56,0.15,0.00,inferred
St. Helens,2021-04-30,0.98,0.94,0.86,0.73,0.56,0.15,0.00,inferred
St. Helens,2021-05-01,0.98,0.94,0.86,0.73,0.56,0.15,0.00,inferred
St. Helens,2021-05-02,0.98,0.94,0.86,0.73,0.56,0.15,0.00,inferred
St. Helens,2021-05-03,0.98,0.94,0.86,0.73,0.56,0.15,0.00,inferred
St. Helens,2021-05-04,0.86,0.70,0.51,0.32,0.17,0.01,0.00,inferred
St. Helens,2021-05-05,0.86,0.70,0.51,0.32,0.17,0.01,0.00,inferred
St. Helens,2021-05-06,0.86,0.70,0.51,0.32,0.17,0.01,0.00,inferred
St. Helens,2021-05-07,0.86,0.70,0.51,0.32,0.17,0.01,0.00,inferred
St. Helens,2021-05-08,0.86,0.70,0.51,0.32,0.17,0.01,0.00,inferred
St. Helens,2021-05-09,0.86,0.70,0.51,0.32,0.17,0.01,0.00,inferred
St. Helens,2021-05-10,0.86,0.70,0.51,0.32,0.17,0.01,0.00,inferred
St. Helens,2021-05-11,0.62,0.40,0.23,0.11,0.04,0.00,0.00,inferred
St. Helens,2021-05-12,0.62,0.40,0.23,0.11,0.04,0.00,0.00,inferred
St. Helens,2021-05-13,0.62,0.40,0.23,0.11,0.04,0.00,0.00,inferred
St. Helens,2021-05-14,0.62,0.40,0.23,0.11,0.04,0.00,0.00,inferred
St. Helens,2021-05-15,0.62,0.40,0.23,0.11,0.04,0.00,0.00,inferred
St. Helens,2021-05-16,0.62,0.40,0.23,0.11,0.04,0.00,0.00,inferred
St. Helens,2021-05-17,0.62,0.40,0.23,0.11,0.04,0.00,0.00,inferred
St. Helens,2021-05-18,1.00,1.00,1.00,0.97,0.93,0.62,0.08,inferred
St. Helens,2021-05-19,1.00,1.00,1.00,0.97,0.93,0.62,0.08,inferred
St. Helens,2021-05-20,1.00,1.00,1.00,0.97,0.93,0.62,0.08,inferred
St. Helens,2021-05-21,1.00,1.00,1.00,0.97,0.93,0.62,0.08,inferred
St. Helens,2021-05-22,1.00,1.00,1.00,0.97,0.93,0.62,0.08,inferred
St. Helens,2021-05-23,1.00,1.00,1.00,0.97,0.93,0.62,0.08,inferred
St. Helens,2021-05-24,1.00,1.00,1.00,0.97,0.93,0.62,0.08,inferred
St. Helens,2021-05-25,1.00,1.00,1.00,1.00,1.00,0.99,0.76,inferred
St. Helens,2021-05-26,1.00,1.00,1.00,1.00,1.00,0.99,0.76,inferred
St. Helens,2021-05-27,1.00,1.00,1.00,1.00,1.00,0.99,0.76,inferred
St. Helens,2021-05-28,1.00,1.00,1.00,1.00,1.00,0.99,0.76,inferred
St. Helens,2021-05-29,1.00,1.00,1.00,1.00,1.00,0.99,0.76,inferred
St. Helens,2021-05-30,1.00,1.00,1.00,1.00,1.00,0.99,0.76,inferred
St. Helens,2021-05-31,1.00,1.00,1.00,1.00,1.00,0.99,0.76,inferred
St. Helens,2021-06-01,1.00,1.00,1.00,1.00,1.00,0.86,0.25,inferred
St. Helens,2021-06-02,1.00,1.00,1.00,1.00,1.00,0.86,0.25,inferred
St. Helens,2021-06-03,1.00,1.00,1.00,1.00,1.00,0.86,0.25,inferred
St. Helens,2021-06-04,1.00,1.00,1.00,1.00,1.00,0.86,0.25,inferred
St. Helens,2021-06-05,1.00,1.00,1.00,1.00,1.00,0.86,0.25,inferred
St. Helens,2021-06-06,1.00,1.00,1.00,1.00,1.00,0.86,0.25,inferred
St. Helens,2021-06-07,1.00,1.00,1.00,1.00,1.00,0.86,0.25,inferred
St. Helens,2021-06-08,1.00,1.00,1.00,1.00,1.00,0.97,0.52,inferred
St. Helens,2021-06-09,1.00,1.00,1.00,1.00,1.00,0.97,0.52,inferred
St. Helens,2021-06-10,1.00,1.00,1.00,1.00,1.00,0.97,0.52,inferred
St. Helens,2021-06-11,1.00,1.00,1.00,1.00,1.00,0.97,0.52,inferred
St. Helens,2021-06-12,1.00,1.00,1.00,1.00,1.00,0.97,0.52,inferred
St. Helens,2021-06-13,1.00,1.00,1.00,1.00,1.00,0.97,0.52,inferred
St. Helens,2021-06-14,1.00,1.00,1.00,1.00,1.00,0.97,0.52,inferred
St. Helens,2021-06-15,1.00,1.00,1.00,1.00,1.00,0.92,0.17,inferred
St. Helens,2021-06-16,1.00,1.00,1.00,1.00,1.00,0.92,0.17,inferred
St. Helens,2021-06-17,1.00,1.00,1.00,1.00,1.00,0.92,0.17,inferred
St. Helens,2021-06-18,1.00,1.00,1.00,1.00,1.00,0.92,0.17,inferred
St. Helens,2021-06-19,1.00,1.00,1.00,1.00,1.00,0.92,0.17,inferred
St. Helens,2021-06-20,1.00,1.00,1.00,1.00,1.00,0.92,0.17,inferred
St. Helens,2021-06-21,1.00,1.00,1.00,1.00,1.00,0.92,0.17,inferred
St. Helens,2021-06-22,1.00,1.00,1.00,1.00,1.00,0.90,0.22,inferred
St. Helens,2021-06-23,1.00,1.00,1.00,1.00,1.00,0.90,0.22,inferred
St. Helens,2021-06-24,1.00,1.00,1.00,1.00,1.00,0.90,0.22,inferred
St. Helens,2021-06-25,1.00,1.00,1.00,1.00,1.00,0.90,0.22,inferred
St. Helens,2021-06-26,1.00,1.00,1.00,1.00,1.00,0.90,0.22,inferred
St. Helens,2021-06-27,1.00,1.00,1.00,1.00,1.00,0.90,0.22,inferred
St. Helens,2021-06-28,1.00,1.00,1.00,1.00,1.00,0.90,0.22,inferred
St. Helens,2021-06-29,0.96,0.87,0.67,0.45,0.26,0.02,0.00,inferred
St. Helens,2021-06-30,0.96,0.87,0.67,0.45,0.26,0.02,0.00,inferred
St. Helens,2021-07-01,0.96,0.87,0.67,0.45,0.26,0.02,0.00,inferred
St. Helens,2021-07-02,0.96,0.87,0.67,0.45,0.26,0.02,0.00,inferred
St. Helens,2021-07-03,0.96,0.87,0.67,0.45,0.26,0.02,0.00,inferred
St. Helens,2021-07-04,0.96,0.87,0.67,0.45,0.26,0.02,0.00,inferred
St. Helens,2021-07-05,0.96,0.87,0.67,0.45,0.26,0.02,0.00,inferred
St. Helens,2021-07-06,0.83,0.71,0.58,0.44,0.31,0.12,0.01,projected
St. Helens,2021-07-07,0.83,0.71,0.58,0.44,0.31,0.12,0.01,projected
St. Helens,2021-07-08,0.83,0.71,0.58,0.44,0.31,0.12,0.01,projected
St. Helens,2021-07-09,0.83,0.71,0.58,0.44,0.31,0.12,0.01,projected
St. Helens,2021-07-10,0.83,0.71,0.58,0.44,0.31,0.12,0.01,projected
St. Helens,2021-07-11,0.83,0.71,0.58,0.44,0.31,0.12,0.01,projected
St. Helens,2021-07-12,0.83,0.71,0.58,0.44,0.31,0.12,0.01,projected
St. Helens,2021-07-13,0.77,0.67,0.54,0.44,0.35,0.15,0.04,projected
St. Helens,2021-07-14,0.77,0.67,0.54,0.44,0.35,0.15,0.04,projected
St. Helens,2021-07-15,0.77,0.67,0.54,0.44,0.35,0.15,0.04,projected
St. Helens,2021-07-16,0.77,0.67,0.54,0.44,0.35,0.15,0.04,projected
St. Helens,2021-07-17,0.77,0.67,0.54,0.44,0.35,0.15,0.04,projected
St. Helens,2021-07-18,0.77,0.67,0.54,0.44,0.35,0.15,0.04,projected
St. Helens,2021-07-19,0.77,0.67,0.54,0.44,0.35,0.15,0.04,projected
St. Helens,2021-07-20,0.75,0.65,0.54,0.46,0.36,0.18,0.06,projected
St. Helens,2021-07-21,0.75,0.65,0.54,0.46,0.36,0.18,0.06,projected
St. Helens,2021-07-22,0.75,0.65,0.54,0.46,0.36,0.18,0.06,projected
St. Helens,2021-07-23,0.75,0.65,0.54,0.46,0.36,0.18,0.06,projected
St. Helens,2021-07-24,0.75,0.65,0.54,0.46,0.36,0.18,0.06,projected
St. Helens,2021-07-25,0.75,0.65,0.54,0.46,0.36,0.18,0.06,projected
St. Helens,2021-07-26,0.75,0.65,0.54,0.46,0.36,0.18,0.06,projected
Stafford,2021-03-23,0.09,0.02,0.00,0.00,0.00,0.00,0.00,inferred
Stafford,2021-03-24,0.09,0.02,0.00,0.00,0.00,0.00,0.00,inferred
Stafford,2021-03-25,0.09,0.02,0.00,0.00,0.00,0.00,0.00,inferred
Stafford,2021-03-26,0.09,0.02,0.00,0.00,0.00,0.00,0.00,inferred
Stafford,2021-03-27,0.09,0.02,0.00,0.00,0.00,0.00,0.00,inferred
Stafford,2021-03-28,0.09,0.02,0.00,0.00,0.00,0.00,0.00,inferred
Stafford,2021-03-29,0.09,0.02,0.00,0.00,0.00,0.00,0.00,inferred
Stafford,2021-03-30,0.49,0.28,0.13,0.05,0.01,0.00,0.00,inferred
Stafford,2021-03-31,0.49,0.28,0.13,0.05,0.01,0.00,0.00,inferred
Stafford,2021-04-01,0.49,0.28,0.13,0.05,0.01,0.00,0.00,inferred
Stafford,2021-04-02,0.49,0.28,0.13,0.05,0.01,0.00,0.00,inferred
Stafford,2021-04-03,0.49,0.28,0.13,0.05,0.01,0.00,0.00,inferred
Stafford,2021-04-04,0.49,0.28,0.13,0.05,0.01,0.00,0.00,inferred
Stafford,2021-04-05,0.49,0.28,0.13,0.05,0.01,0.00,0.00,inferred
Stafford,2021-04-06,0.54,0.35,0.21,0.10,0.05,0.00,0.00,inferred
Stafford,2021-04-07,0.54,0.35,0.21,0.10,0.05,0.00,0.00,inferred
Stafford,2021-04-08,0.54,0.35,0.21,0.10,0.05,0.00,0.00,inferred
Stafford,2021-04-09,0.54,0.35,0.21,0.10,0.05,0.00,0.00,inferred
Stafford,2021-04-10,0.54,0.35,0.21,0.10,0.05,0.00,0.00,inferred
Stafford,2021-04-11,0.54,0.35,0.21,0.10,0.05,0.00,0.00,inferred
Stafford,2021-04-12,0.54,0.35,0.21,0.10,0.05,0.00,0.00,inferred
Stafford,2021-04-13,0.86,0.74,0.57,0.40,0.25,0.04,0.00,inferred
Stafford,2021-04-14,0.86,0.74,0.57,0.40,0.25,0.04,0.00,inferred
Stafford,2021-04-15,0.86,0.74,0.57,0.40,0.25,0.04,0.00,inferred
Stafford,2021-04-16,0.86,0.74,0.57,0.40,0.25,0.04,0.00,inferred
Stafford,2021-04-17,0.86,0.74,0.57,0.40,0.25,0.04,0.00,inferred
Stafford,2021-04-18,0.86,0.74,0.57,0.40,0.25,0.04,0.00,inferred
Stafford,2021-04-19,0.86,0.74,0.57,0.40,0.25,0.04,0.00,inferred
Stafford,2021-04-20,0.74,0.56,0.39,0.24,0.13,0.01,0.00,inferred
Stafford,2021-04-21,0.74,0.56,0.39,0.24,0.13,0.01,0.00,inferred
Stafford,2021-04-22,0.74,0.56,0.39,0.24,0.13,0.01,0.00,inferred
Stafford,2021-04-23,0.74,0.56,0.39,0.24,0.13,0.01,0.00,inferred
Stafford,2021-04-24,0.74,0.56,0.39,0.24,0.13,0.01,0.00,inferred
Stafford,2021-04-25,0.74,0.56,0.39,0.24,0.13,0.01,0.00,inferred
Stafford,2021-04-26,0.74,0.56,0.39,0.24,0.13,0.01,0.00,inferred
Stafford,2021-04-27,0.86,0.73,0.58,0.41,0.26,0.04,0.00,inferred
Stafford,2021-04-28,0.86,0.73,0.58,0.41,0.26,0.04,0.00,inferred
Stafford,2021-04-29,0.86,0.73,0.58,0.41,0.26,0.04,0.00,inferred
Stafford,2021-04-30,0.86,0.73,0.58,0.41,0.26,0.04,0.00,inferred
Stafford,2021-05-01,0.86,0.73,0.58,0.41,0.26,0.04,0.00,inferred
Stafford,2021-05-02,0.86,0.73,0.58,0.41,0.26,0.04,0.00,inferred
Stafford,2021-05-03,0.86,0.73,0.58,0.41,0.26,0.04,0.00,inferred
Stafford,2021-05-04,0.74,0.54,0.36,0.23,0.13,0.01,0.00,inferred
Stafford,2021-05-05,0.74,0.54,0.36,0.23,0.13,0.01,0.00,inferred
Stafford,2021-05-06,0.74,0.54,0.36,0.23,0.13,0.01,0.00,inferred
Stafford,2021-05-07,0.74,0.54,0.36,0.23,0.13,0.01,0.00,inferred
Stafford,2021-05-08,0.74,0.54,0.36,0.23,0.13,0.01,0.00,inferred
Stafford,2021-05-09,0.74,0.54,0.36,0.23,0.13,0.01,0.00,inferred
Stafford,2021-05-10,0.74,0.54,0.36,0.23,0.13,0.01,0.00,inferred
Stafford,2021-05-11,0.46,0.28,0.15,0.06,0.03,0.00,0.00,inferred
Stafford,2021-05-12,0.46,0.28,0.15,0.06,0.03,0.00,0.00,inferred
Stafford,2021-05-13,0.46,0.28,0.15,0.06,0.03,0.00,0.00,inferred
Stafford,2021-05-14,0.46,0.28,0.15,0.06,0.03,0.00,0.00,inferred
Stafford,2021-05-15,0.46,0.28,0.15,0.06,0.03,0.00,0.00,inferred
Stafford,2021-05-16,0.46,0.28,0.15,0.06,0.03,0.00,0.00,inferred
Stafford,2021-05-17,0.46,0.28,0.15,0.06,0.03,0.00,0.00,inferred
Stafford,2021-05-18,0.89,0.78,0.65,0.48,0.34,0.06,0.00,inferred
Stafford,2021-05-19,0.89,0.78,0.65,0.48,0.34,0.06,0.00,inferred
Stafford,2021-05-20,0.89,0.78,0.65,0.48,0.34,0.06,0.00,inferred
Stafford,2021-05-21,0.89,0.78,0.65,0.48,0.34,0.06,0.00,inferred
Stafford,2021-05-22,0.89,0.78,0.65,0.48,0.34,0.06,0.00,inferred
Stafford,2021-05-23,0.89,0.78,0.65,0.48,0.34,0.06,0.00,inferred
Stafford,2021-05-24,0.89,0.78,0.65,0.48,0.34,0.06,0.00,inferred
Stafford,2021-05-25,1.00,0.98,0.95,0.88,0.79,0.41,0.05,inferred
Stafford,2021-05-26,1.00,0.98,0.95,0.88,0.79,0.41,0.05,inferred
Stafford,2021-05-27,1.00,0.98,0.95,0.88,0.79,0.41,0.05,inferred
Stafford,2021-05-28,1.00,0.98,0.95,0.88,0.79,0.41,0.05,inferred
Stafford,2021-05-29,1.00,0.98,0.95,0.88,0.79,0.41,0.05,inferred
Stafford,2021-05-30,1.00,0.98,0.95,0.88,0.79,0.41,0.05,inferred
Stafford,2021-05-31,1.00,0.98,0.95,0.88,0.79,0.41,0.05,inferred
Stafford,2021-06-01,1.00,1.00,1.00,0.99,0.99,0.87,0.38,inferred
Stafford,2021-06-02,1.00,1.00,1.00,0.99,0.99,0.87,0.38,inferred
Stafford,2021-06-03,1.00,1.00,1.00,0.99,0.99,0.87,0.38,inferred
Stafford,2021-06-04,1.00,1.00,1.00,0.99,0.99,0.87,0.38,inferred
Stafford,2021-06-05,1.00,1.00,1.00,0.99,0.99,0.87,0.38,inferred
Stafford,2021-06-06,1.00,1.00,1.00,0.99,0.99,0.87,0.38,inferred
Stafford,2021-06-07,1.00,1.00,1.00,0.99,0.99,0.87,0.38,inferred
Stafford,2021-06-08,1.00,1.00,1.00,0.99,0.99,0.83,0.23,inferred
Stafford,2021-06-09,1.00,1.00,1.00,0.99,0.99,0.83,0.23,inferred
Stafford,2021-06-10,1.00,1.00,1.00,0.99,0.99,0.83,0.23,inferred
Stafford,2021-06-11,1.00,1.00,1.00,0.99,0.99,0.83,0.23,inferred
Stafford,2021-06-12,1.00,1.00,1.00,0.99,0.99,0.83,0.23,inferred
Stafford,2021-06-13,1.00,1.00,1.00,0.99,0.99,0.83,0.23,inferred
Stafford,2021-06-14,1.00,1.00,1.00,0.99,0.99,0.83,0.23,inferred
Stafford,2021-06-15,1.00,1.00,1.00,1.00,1.00,1.00,0.93,inferred
Stafford,2021-06-16,1.00,1.00,1.00,1.00,1.00,1.00,0.93,inferred
Stafford,2021-06-17,1.00,1.00,1.00,1.00,1.00,1.00,0.93,inferred
Stafford,2021-06-18,1.00,1.00,1.00,1.00,1.00,1.00,0.93,inferred
Stafford,2021-06-19,1.00,1.00,1.00,1.00,1.00,1.00,0.93,inferred
Stafford,2021-06-20,1.00,1.00,1.00,1.00,1.00,1.00,0.93,inferred
Stafford,2021-06-21,1.00,1.00,1.00,1.00,1.00,1.00,0.93,inferred
Stafford,2021-06-22,1.00,1.00,1.00,1.00,1.00,0.95,0.59,inferred
Stafford,2021-06-23,1.00,1.00,1.00,1.00,1.00,0.95,0.59,inferred
Stafford,2021-06-24,1.00,1.00,1.00,1.00,1.00,0.95,0.59,inferred
Stafford,2021-06-25,1.00,1.00,1.00,1.00,1.00,0.95,0.59,inferred
Stafford,2021-06-26,1.00,1.00,1.00,1.00,1.00,0.95,0.59,inferred
Stafford,2021-06-27,1.00,1.00,1.00,1.00,1.00,0.95,0.59,inferred
Stafford,2021-06-28,1.00,1.00,1.00,1.00,1.00,0.95,0.59,inferred
Stafford,2021-06-29,0.99,0.97,0.91,0.79,0.65,0.22,0.01,inferred
Stafford,2021-06-30,0.99,0.97,0.91,0.79,0.65,0.22,0.01,inferred
Stafford,2021-07-01,0.99,0.97,0.91,0.79,0.65,0.22,0.01,inferred
Stafford,2021-07-02,0.99,0.97,0.91,0.79,0.65,0.22,0.01,inferred
Stafford,2021-07-03,0.99,0.97,0.91,0.79,0.65,0.22,0.01,inferred
Stafford,2021-07-04,0.99,0.97,0.91,0.79,0.65,0.22,0.01,inferred
Stafford,2021-07-05,0.99,0.97,0.91,0.79,0.65,0.22,0.01,inferred
Stafford,2021-07-06,0.95,0.89,0.81,0.71,0.59,0.29,0.07,projected
Stafford,2021-07-07,0.95,0.89,0.81,0.71,0.59,0.29,0.07,projected
Stafford,2021-07-08,0.95,0.89,0.81,0.71,0.59,0.29,0.07,projected
Stafford,2021-07-09,0.95,0.89,0.81,0.71,0.59,0.29,0.07,projected
Stafford,2021-07-10,0.95,0.89,0.81,0.71,0.59,0.29,0.07,projected
Stafford,2021-07-11,0.95,0.89,0.81,0.71,0.59,0.29,0.07,projected
Stafford,2021-07-12,0.95,0.89,0.81,0.71,0.59,0.29,0.07,projected
Stafford,2021-07-13,0.93,0.86,0.78,0.70,0.60,0.33,0.09,projected
Stafford,2021-07-14,0.93,0.86,0.78,0.70,0.60,0.33,0.09,projected
Stafford,2021-07-15,0.93,0.86,0.78,0.70,0.60,0.33,0.09,projected
Stafford,2021-07-16,0.93,0.86,0.78,0.70,0.60,0.33,0.09,projected
Stafford,2021-07-17,0.93,0.86,0.78,0.70,0.60,0.33,0.09,projected
Stafford,2021-07-18,0.93,0.86,0.78,0.70,0.60,0.33,0.09,projected
Stafford,2021-07-19,0.93,0.86,0.78,0.70,0.60,0.33,0.09,projected
Stafford,2021-07-20,0.95,0.88,0.80,0.71,0.62,0.36,0.13,projected
Stafford,2021-07-21,0.95,0.88,0.80,0.71,0.62,0.36,0.13,projected
Stafford,2021-07-22,0.95,0.88,0.80,0.71,0.62,0.36,0.13,projected
Stafford,2021-07-23,0.95,0.88,0.80,0.71,0.62,0.36,0.13,projected
Stafford,2021-07-24,0.95,0.88,0.80,0.71,0.62,0.36,0.13,projected
Stafford,2021-07-25,0.95,0.88,0.80,0.71,0.62,0.36,0.13,projected
Stafford,2021-07-26,0.95,0.88,0.80,0.71,0.62,0.36,0.13,projected
Staffordshire Moorlands,2021-03-23,0.29,0.14,0.04,0.01,0.00,0.00,0.00,inferred
Staffordshire Moorlands,2021-03-24,0.29,0.14,0.04,0.01,0.00,0.00,0.00,inferred
Staffordshire Moorlands,2021-03-25,0.29,0.14,0.04,0.01,0.00,0.00,0.00,inferred
Staffordshire Moorlands,2021-03-26,0.29,0.14,0.04,0.01,0.00,0.00,0.00,inferred
Staffordshire Moorlands,2021-03-27,0.29,0.14,0.04,0.01,0.00,0.00,0.00,inferred
Staffordshire Moorlands,2021-03-28,0.29,0.14,0.04,0.01,0.00,0.00,0.00,inferred
Staffordshire Moorlands,2021-03-29,0.29,0.14,0.04,0.01,0.00,0.00,0.00,inferred
Staffordshire Moorlands,2021-03-30,0.44,0.26,0.13,0.05,0.02,0.00,0.00,inferred
Staffordshire Moorlands,2021-03-31,0.44,0.26,0.13,0.05,0.02,0.00,0.00,inferred
Staffordshire Moorlands,2021-04-01,0.44,0.26,0.13,0.05,0.02,0.00,0.00,inferred
Staffordshire Moorlands,2021-04-02,0.44,0.26,0.13,0.05,0.02,0.00,0.00,inferred
Staffordshire Moorlands,2021-04-03,0.44,0.26,0.13,0.05,0.02,0.00,0.00,inferred
Staffordshire Moorlands,2021-04-04,0.44,0.26,0.13,0.05,0.02,0.00,0.00,inferred
Staffordshire Moorlands,2021-04-05,0.44,0.26,0.13,0.05,0.02,0.00,0.00,inferred
Staffordshire Moorlands,2021-04-06,0.67,0.47,0.28,0.15,0.06,0.01,0.00,inferred
Staffordshire Moorlands,2021-04-07,0.67,0.47,0.28,0.15,0.06,0.01,0.00,inferred
Staffordshire Moorlands,2021-04-08,0.67,0.47,0.28,0.15,0.06,0.01,0.00,inferred
Staffordshire Moorlands,2021-04-09,0.67,0.47,0.28,0.15,0.06,0.01,0.00,inferred
Staffordshire Moorlands,2021-04-10,0.67,0.47,0.28,0.15,0.06,0.01,0.00,inferred
Staffordshire Moorlands,2021-04-11,0.67,0.47,0.28,0.15,0.06,0.01,0.00,inferred
Staffordshire Moorlands,2021-04-12,0.67,0.47,0.28,0.15,0.06,0.01,0.00,inferred
Staffordshire Moorlands,2021-04-13,0.62,0.43,0.26,0.14,0.06,0.00,0.00,inferred
Staffordshire Moorlands,2021-04-14,0.62,0.43,0.26,0.14,0.06,0.00,0.00,inferred
Staffordshire Moorlands,2021-04-15,0.62,0.43,0.26,0.14,0.06,0.00,0.00,inferred
Staffordshire Moorlands,2021-04-16,0.62,0.43,0.26,0.14,0.06,0.00,0.00,inferred
Staffordshire Moorlands,2021-04-17,0.62,0.43,0.26,0.14,0.06,0.00,0.00,inferred
Staffordshire Moorlands,2021-04-18,0.62,0.43,0.26,0.14,0.06,0.00,0.00,inferred
Staffordshire Moorlands,2021-04-19,0.62,0.43,0.26,0.14,0.06,0.00,0.00,inferred
Staffordshire Moorlands,2021-04-20,0.58,0.38,0.23,0.12,0.06,0.00,0.00,inferred
Staffordshire Moorlands,2021-04-21,0.58,0.38,0.23,0.12,0.06,0.00,0.00,inferred
Staffordshire Moorlands,2021-04-22,0.58,0.38,0.23,0.12,0.06,0.00,0.00,inferred
Staffordshire Moorlands,2021-04-23,0.58,0.38,0.23,0.12,0.06,0.00,0.00,inferred
Staffordshire Moorlands,2021-04-24,0.58,0.38,0.23,0.12,0.06,0.00,0.00,inferred
Staffordshire Moorlands,2021-04-25,0.58,0.38,0.23,0.12,0.06,0.00,0.00,inferred
Staffordshire Moorlands,2021-04-26,0.58,0.38,0.23,0.12,0.06,0.00,0.00,inferred
Staffordshire Moorlands,2021-04-27,0.67,0.48,0.30,0.17,0.09,0.01,0.00,inferred
Staffordshire Moorlands,2021-04-28,0.67,0.48,0.30,0.17,0.09,0.01,0.00,inferred
Staffordshire Moorlands,2021-04-29,0.67,0.48,0.30,0.17,0.09,0.01,0.00,inferred
Staffordshire Moorlands,2021-04-30,0.67,0.48,0.30,0.17,0.09,0.01,0.00,inferred
Staffordshire Moorlands,2021-05-01,0.67,0.48,0.30,0.17,0.09,0.01,0.00,inferred
Staffordshire Moorlands,2021-05-02,0.67,0.48,0.30,0.17,0.09,0.01,0.00,inferred
Staffordshire Moorlands,2021-05-03,0.67,0.48,0.30,0.17,0.09,0.01,0.00,inferred
Staffordshire Moorlands,2021-05-04,0.62,0.45,0.28,0.17,0.09,0.02,0.00,inferred
Staffordshire Moorlands,2021-05-05,0.62,0.45,0.28,0.17,0.09,0.02,0.00,inferred
Staffordshire Moorlands,2021-05-06,0.62,0.45,0.28,0.17,0.09,0.02,0.00,inferred
Staffordshire Moorlands,2021-05-07,0.62,0.45,0.28,0.17,0.09,0.02,0.00,inferred
Staffordshire Moorlands,2021-05-08,0.62,0.45,0.28,0.17,0.09,0.02,0.00,inferred
Staffordshire Moorlands,2021-05-09,0.62,0.45,0.28,0.17,0.09,0.02,0.00,inferred
Staffordshire Moorlands,2021-05-10,0.62,0.45,0.28,0.17,0.09,0.02,0.00,inferred
Staffordshire Moorlands,2021-05-11,0.84,0.73,0.60,0.46,0.32,0.07,0.00,inferred
Staffordshire Moorlands,2021-05-12,0.84,0.73,0.60,0.46,0.32,0.07,0.00,inferred
Staffordshire Moorlands,2021-05-13,0.84,0.73,0.60,0.46,0.32,0.07,0.00,inferred
Staffordshire Moorlands,2021-05-14,0.84,0.73,0.60,0.46,0.32,0.07,0.00,inferred
Staffordshire Moorlands,2021-05-15,0.84,0.73,0.60,0.46,0.32,0.07,0.00,inferred
Staffordshire Moorlands,2021-05-16,0.84,0.73,0.60,0.46,0.32,0.07,0.00,inferred
Staffordshire Moorlands,2021-05-17,0.84,0.73,0.60,0.46,0.32,0.07,0.00,inferred
Staffordshire Moorlands,2021-05-18,1.00,1.00,1.00,1.00,1.00,0.96,0.62,inferred
Staffordshire Moorlands,2021-05-19,1.00,1.00,1.00,1.00,1.00,0.96,0.62,inferred
Staffordshire Moorlands,2021-05-20,1.00,1.00,1.00,1.00,1.00,0.96,0.62,inferred
Staffordshire Moorlands,2021-05-21,1.00,1.00,1.00,1.00,1.00,0.96,0.62,inferred
Staffordshire Moorlands,2021-05-22,1.00,1.00,1.00,1.00,1.00,0.96,0.62,inferred
Staffordshire Moorlands,2021-05-23,1.00,1.00,1.00,1.00,1.00,0.96,0.62,inferred
Staffordshire Moorlands,2021-05-24,1.00,1.00,1.00,1.00,1.00,0.96,0.62,inferred
Staffordshire Moorlands,2021-05-25,1.00,1.00,1.00,1.00,1.00,0.96,0.67,inferred
Staffordshire Moorlands,2021-05-26,1.00,1.00,1.00,1.00,1.00,0.96,0.67,inferred
Staffordshire Moorlands,2021-05-27,1.00,1.00,1.00,1.00,1.00,0.96,0.67,inferred
Staffordshire Moorlands,2021-05-28,1.00,1.00,1.00,1.00,1.00,0.96,0.67,inferred
Staffordshire Moorlands,2021-05-29,1.00,1.00,1.00,1.00,1.00,0.96,0.67,inferred
Staffordshire Moorlands,2021-05-30,1.00,1.00,1.00,1.00,1.00,0.96,0.67,inferred
Staffordshire Moorlands,2021-05-31,1.00,1.00,1.00,1.00,1.00,0.96,0.67,inferred
Staffordshire Moorlands,2021-06-01,0.98,0.91,0.79,0.60,0.42,0.08,0.00,inferred
Staffordshire Moorlands,2021-06-02,0.98,0.91,0.79,0.60,0.42,0.08,0.00,inferred
Staffordshire Moorlands,2021-06-03,0.98,0.91,0.79,0.60,0.42,0.08,0.00,inferred
Staffordshire Moorlands,2021-06-04,0.98,0.91,0.79,0.60,0.42,0.08,0.00,inferred
Staffordshire Moorlands,2021-06-05,0.98,0.91,0.79,0.60,0.42,0.08,0.00,inferred
Staffordshire Moorlands,2021-06-06,0.98,0.91,0.79,0.60,0.42,0.08,0.00,inferred
Staffordshire Moorlands,2021-06-07,0.98,0.91,0.79,0.60,0.42,0.08,0.00,inferred
Staffordshire Moorlands,2021-06-08,0.99,0.92,0.78,0.57,0.32,0.03,0.00,inferred
Staffordshire Moorlands,2021-06-09,0.99,0.92,0.78,0.57,0.32,0.03,0.00,inferred
Staffordshire Moorlands,2021-06-10,0.99,0.92,0.78,0.57,0.32,0.03,0.00,inferred
Staffordshire Moorlands,2021-06-11,0.99,0.92,0.78,0.57,0.32,0.03,0.00,inferred
Staffordshire Moorlands,2021-06-12,0.99,0.92,0.78,0.57,0.32,0.03,0.00,inferred
Staffordshire Moorlands,2021-06-13,0.99,0.92,0.78,0.57,0.32,0.03,0.00,inferred
Staffordshire Moorlands,2021-06-14,0.99,0.92,0.78,0.57,0.32,0.03,0.00,inferred
Staffordshire Moorlands,2021-06-15,1.00,1.00,1.00,1.00,0.99,0.72,0.05,inferred
Staffordshire Moorlands,2021-06-16,1.00,1.00,1.00,1.00,0.99,0.72,0.05,inferred
Staffordshire Moorlands,2021-06-17,1.00,1.00,1.00,1.00,0.99,0.72,0.05,inferred
Staffordshire Moorlands,2021-06-18,1.00,1.00,1.00,1.00,0.99,0.72,0.05,inferred
Staffordshire Moorlands,2021-06-19,1.00,1.00,1.00,1.00,0.99,0.72,0.05,inferred
Staffordshire Moorlands,2021-06-20,1.00,1.00,1.00,1.00,0.99,0.72,0.05,inferred
Staffordshire Moorlands,2021-06-21,1.00,1.00,1.00,1.00,0.99,0.72,0.05,inferred
Staffordshire Moorlands,2021-06-22,1.00,1.00,1.00,1.00,1.00,0.98,0.63,inferred
Staffordshire Moorlands,2021-06-23,1.00,1.00,1.00,1.00,1.00,0.98,0.63,inferred
Staffordshire Moorlands,2021-06-24,1.00,1.00,1.00,1.00,1.00,0.98,0.63,inferred
Staffordshire Moorlands,2021-06-25,1.00,1.00,1.00,1.00,1.00,0.98,0.63,inferred
Staffordshire Moorlands,2021-06-26,1.00,1.00,1.00,1.00,1.00,0.98,0.63,inferred
Staffordshire Moorlands,2021-06-27,1.00,1.00,1.00,1.00,1.00,0.98,0.63,inferred
Staffordshire Moorlands,2021-06-28,1.00,1.00,1.00,1.00,1.00,0.98,0.63,inferred
Staffordshire Moorlands,2021-06-29,1.00,1.00,0.99,0.96,0.88,0.51,0.08,inferred
Staffordshire Moorlands,2021-06-30,1.00,1.00,0.99,0.96,0.88,0.51,0.08,inferred
Staffordshire Moorlands,2021-07-01,1.00,1.00,0.99,0.96,0.88,0.51,0.08,inferred
Staffordshire Moorlands,2021-07-02,1.00,1.00,0.99,0.96,0.88,0.51,0.08,inferred
Staffordshire Moorlands,2021-07-03,1.00,1.00,0.99,0.96,0.88,0.51,0.08,inferred
Staffordshire Moorlands,2021-07-04,1.00,1.00,0.99,0.96,0.88,0.51,0.08,inferred
Staffordshire Moorlands,2021-07-05,1.00,1.00,0.99,0.96,0.88,0.51,0.08,inferred
Staffordshire Moorlands,2021-07-06,0.99,0.96,0.91,0.84,0.75,0.45,0.15,projected
Staffordshire Moorlands,2021-07-07,0.99,0.96,0.91,0.84,0.75,0.45,0.15,projected
Staffordshire Moorlands,2021-07-08,0.99,0.96,0.91,0.84,0.75,0.45,0.15,projected
Staffordshire Moorlands,2021-07-09,0.99,0.96,0.91,0.84,0.75,0.45,0.15,projected
Staffordshire Moorlands,2021-07-10,0.99,0.96,0.91,0.84,0.75,0.45,0.15,projected
Staffordshire Moorlands,2021-07-11,0.99,0.96,0.91,0.84,0.75,0.45,0.15,projected
Staffordshire Moorlands,2021-07-12,0.99,0.96,0.91,0.84,0.75,0.45,0.15,projected
Staffordshire Moorlands,2021-07-13,0.96,0.92,0.86,0.79,0.70,0.44,0.17,projected
Staffordshire Moorlands,2021-07-14,0.96,0.92,0.86,0.79,0.70,0.44,0.17,projected
Staffordshire Moorlands,2021-07-15,0.96,0.92,0.86,0.79,0.70,0.44,0.17,projected
Staffordshire Moorlands,2021-07-16,0.96,0.92,0.86,0.79,0.70,0.44,0.17,projected
Staffordshire Moorlands,2021-07-17,0.96,0.92,0.86,0.79,0.70,0.44,0.17,projected
Staffordshire Moorlands,2021-07-18,0.96,0.92,0.86,0.79,0.70,0.44,0.17,projected
Staffordshire Moorlands,2021-07-19,0.96,0.92,0.86,0.79,0.70,0.44,0.17,projected
Staffordshire Moorlands,2021-07-20,0.94,0.89,0.82,0.75,0.68,0.46,0.20,projected
Staffordshire Moorlands,2021-07-21,0.94,0.89,0.82,0.75,0.68,0.46,0.20,projected
Staffordshire Moorlands,2021-07-22,0.94,0.89,0.82,0.75,0.68,0.46,0.20,projected
Staffordshire Moorlands,2021-07-23,0.94,0.89,0.82,0.75,0.68,0.46,0.20,projected
Staffordshire Moorlands,2021-07-24,0.94,0.89,0.82,0.75,0.68,0.46,0.20,projected
Staffordshire Moorlands,2021-07-25,0.94,0.89,0.82,0.75,0.68,0.46,0.20,projected
Staffordshire Moorlands,2021-07-26,0.94,0.89,0.82,0.75,0.68,0.46,0.20,projected
Stevenage,2021-03-23,0.00,0.00,0.00,0.00,0.00,0.00,0.00,inferred
Stevenage,2021-03-24,0.00,0.00,0.00,0.00,0.00,0.00,0.00,inferred
Stevenage,2021-03-25,0.00,0.00,0.00,0.00,0.00,0.00,0.00,inferred
Stevenage,2021-03-26,0.00,0.00,0.00,0.00,0.00,0.00,0.00,inferred
Stevenage,2021-03-27,0.00,0.00,0.00,0.00,0.00,0.00,0.00,inferred
Stevenage,2021-03-28,0.00,0.00,0.00,0.00,0.00,0.00,0.00,inferred
Stevenage,2021-03-29,0.00,0.00,0.00,0.00,0.00,0.00,0.00,inferred
Stevenage,2021-03-30,0.24,0.10,0.03,0.01,0.00,0.00,0.00,inferred
Stevenage,2021-03-31,0.24,0.10,0.03,0.01,0.00,0.00,0.00,inferred
Stevenage,2021-04-01,0.24,0.10,0.03,0.01,0.00,0.00,0.00,inferred
Stevenage,2021-04-02,0.24,0.10,0.03,0.01,0.00,0.00,0.00,inferred
Stevenage,2021-04-03,0.24,0.10,0.03,0.01,0.00,0.00,0.00,inferred
Stevenage,2021-04-04,0.24,0.10,0.03,0.01,0.00,0.00,0.00,inferred
Stevenage,2021-04-05,0.24,0.10,0.03,0.01,0.00,0.00,0.00,inferred
Stevenage,2021-04-06,0.50,0.28,0.13,0.05,0.02,0.00,0.00,inferred
Stevenage,2021-04-07,0.50,0.28,0.13,0.05,0.02,0.00,0.00,inferred
Stevenage,2021-04-08,0.50,0.28,0.13,0.05,0.02,0.00,0.00,inferred
Stevenage,2021-04-09,0.50,0.28,0.13,0.05,0.02,0.00,0.00,inferred
Stevenage,2021-04-10,0.50,0.28,0.13,0.05,0.02,0.00,0.00,inferred
Stevenage,2021-04-11,0.50,0.28,0.13,0.05,0.02,0.00,0.00,inferred
Stevenage,2021-04-12,0.50,0.28,0.13,0.05,0.02,0.00,0.00,inferred
Stevenage,2021-04-13,0.57,0.36,0.19,0.08,0.03,0.00,0.00,inferred
Stevenage,2021-04-14,0.57,0.36,0.19,0.08,0.03,0.00,0.00,inferred
Stevenage,2021-04-15,0.57,0.36,0.19,0.08,0.03,0.00,0.00,inferred
Stevenage,2021-04-16,0.57,0.36,0.19,0.08,0.03,0.00,0.00,inferred
Stevenage,2021-04-17,0.57,0.36,0.19,0.08,0.03,0.00,0.00,inferred
Stevenage,2021-04-18,0.57,0.36,0.19,0.08,0.03,0.00,0.00,inferred
Stevenage,2021-04-19,0.57,0.36,0.19,0.08,0.03,0.00,0.00,inferred
Stevenage,2021-04-20,0.36,0.20,0.08,0.04,0.01,0.00,0.00,inferred
Stevenage,2021-04-21,0.36,0.20,0.08,0.04,0.01,0.00,0.00,inferred
Stevenage,2021-04-22,0.36,0.20,0.08,0.04,0.01,0.00,0.00,inferred
Stevenage,2021-04-23,0.36,0.20,0.08,0.04,0.01,0.00,0.00,inferred
Stevenage,2021-04-24,0.36,0.20,0.08,0.04,0.01,0.00,0.00,inferred
Stevenage,2021-04-25,0.36,0.20,0.08,0.04,0.01,0.00,0.00,inferred
Stevenage,2021-04-26,0.36,0.20,0.08,0.04,0.01,0.00,0.00,inferred
Stevenage,2021-04-27,0.50,0.30,0.15,0.08,0.03,0.00,0.00,inferred
Stevenage,2021-04-28,0.50,0.30,0.15,0.08,0.03,0.00,0.00,inferred
Stevenage,2021-04-29,0.50,0.30,0.15,0.08,0.03,0.00,0.00,inferred
Stevenage,2021-04-30,0.50,0.30,0.15,0.08,0.03,0.00,0.00,inferred
Stevenage,2021-05-01,0.50,0.30,0.15,0.08,0.03,0.00,0.00,inferred
Stevenage,2021-05-02,0.50,0.30,0.15,0.08,0.03,0.00,0.00,inferred
Stevenage,2021-05-03,0.50,0.30,0.15,0.08,0.03,0.00,0.00,inferred
Stevenage,2021-05-04,0.65,0.48,0.30,0.18,0.09,0.01,0.00,inferred
Stevenage,2021-05-05,0.65,0.48,0.30,0.18,0.09,0.01,0.00,inferred
Stevenage,2021-05-06,0.65,0.48,0.30,0.18,0.09,0.01,0.00,inferred
Stevenage,2021-05-07,0.65,0.48,0.30,0.18,0.09,0.01,0.00,inferred
Stevenage,2021-05-08,0.65,0.48,0.30,0.18,0.09,0.01,0.00,inferred
Stevenage,2021-05-09,0.65,0.48,0.30,0.18,0.09,0.01,0.00,inferred
Stevenage,2021-05-10,0.65,0.48,0.30,0.18,0.09,0.01,0.00,inferred
Stevenage,2021-05-11,0.98,0.93,0.84,0.73,0.59,0.21,0.01,inferred
Stevenage,2021-05-12,0.98,0.93,0.84,0.73,0.59,0.21,0.01,inferred
Stevenage,2021-05-13,0.98,0.93,0.84,0.73,0.59,0.21,0.01,inferred
Stevenage,2021-05-14,0.98,0.93,0.84,0.73,0.59,0.21,0.01,inferred
Stevenage,2021-05-15,0.98,0.93,0.84,0.73,0.59,0.21,0.01,inferred
Stevenage,2021-05-16,0.98,0.93,0.84,0.73,0.59,0.21,0.01,inferred
Stevenage,2021-05-17,0.98,0.93,0.84,0.73,0.59,0.21,0.01,inferred
Stevenage,2021-05-18,0.99,0.97,0.92,0.83,0.72,0.31,0.02,inferred
Stevenage,2021-05-19,0.99,0.97,0.92,0.83,0.72,0.31,0.02,inferred
Stevenage,2021-05-20,0.99,0.97,0.92,0.83,0.72,0.31,0.02,inferred
Stevenage,2021-05-21,0.99,0.97,0.92,0.83,0.72,0.31,0.02,inferred
Stevenage,2021-05-22,0.99,0.97,0.92,0.83,0.72,0.31,0.02,inferred
Stevenage,2021-05-23,0.99,0.97,0.92,0.83,0.72,0.31,0.02,inferred
Stevenage,2021-05-24,0.99,0.97,0.92,0.83,0.72,0.31,0.02,inferred
Stevenage,2021-05-25,0.94,0.86,0.74,0.59,0.45,0.10,0.00,inferred
Stevenage,2021-05-26,0.94,0.86,0.74,0.59,0.45,0.10,0.00,inferred
Stevenage,2021-05-27,0.94,0.86,0.74,0.59,0.45,0.10,0.00,inferred
Stevenage,2021-05-28,0.94,0.86,0.74,0.59,0.45,0.10,0.00,inferred
Stevenage,2021-05-29,0.94,0.86,0.74,0.59,0.45,0.10,0.00,inferred
Stevenage,2021-05-30,0.94,0.86,0.74,0.59,0.45,0.10,0.00,inferred
Stevenage,2021-05-31,0.94,0.86,0.74,0.59,0.45,0.10,0.00,inferred
Stevenage,2021-06-01,0.99,0.94,0.85,0.72,0.57,0.16,0.00,inferred
Stevenage,2021-06-02,0.99,0.94,0.85,0.72,0.57,0.16,0.00,inferred
Stevenage,2021-06-03,0.99,0.94,0.85,0.72,0.57,0.16,0.00,inferred
Stevenage,2021-06-04,0.99,0.94,0.85,0.72,0.57,0.16,0.00,inferred
Stevenage,2021-06-05,0.99,0.94,0.85,0.72,0.57,0.16,0.00,inferred
Stevenage,2021-06-06,0.99,0.94,0.85,0.72,0.57,0.16,0.00,inferred
Stevenage,2021-06-07,0.99,0.94,0.85,0.72,0.57,0.16,0.00,inferred
Stevenage,2021-06-08,1.00,1.00,0.99,0.95,0.87,0.46,0.04,inferred
Stevenage,2021-06-09,1.00,1.00,0.99,0.95,0.87,0.46,0.04,inferred
Stevenage,2021-06-10,1.00,1.00,0.99,0.95,0.87,0.46,0.04,inferred
Stevenage,2021-06-11,1.00,1.00,0.99,0.95,0.87,0.46,0.04,inferred
Stevenage,2021-06-12,1.00,1.00,0.99,0.95,0.87,0.46,0.04,inferred
Stevenage,2021-06-13,1.00,1.00,0.99,0.95,0.87,0.46,0.04,inferred
Stevenage,2021-06-14,1.00,1.00,0.99,0.95,0.87,0.46,0.04,inferred
Stevenage,2021-06-15,1.00,1.00,1.00,1.00,1.00,1.00,0.85,inferred
Stevenage,2021-06-16,1.00,1.00,1.00,1.00,1.00,1.00,0.85,inferred
Stevenage,2021-06-17,1.00,1.00,1.00,1.00,1.00,1.00,0.85,inferred
Stevenage,2021-06-18,1.00,1.00,1.00,1.00,1.00,1.00,0.85,inferred
Stevenage,2021-06-19,1.00,1.00,1.00,1.00,1.00,1.00,0.85,inferred
Stevenage,2021-06-20,1.00,1.00,1.00,1.00,1.00,1.00,0.85,inferred
Stevenage,2021-06-21,1.00,1.00,1.00,1.00,1.00,1.00,0.85,inferred
Stevenage,2021-06-22,1.00,1.00,1.00,1.00,1.00,0.85,0.23,inferred
Stevenage,2021-06-23,1.00,1.00,1.00,1.00,1.00,0.85,0.23,inferred
Stevenage,2021-06-24,1.00,1.00,1.00,1.00,1.00,0.85,0.23,inferred
Stevenage,2021-06-25,1.00,1.00,1.00,1.00,1.00,0.85,0.23,inferred
Stevenage,2021-06-26,1.00,1.00,1.00,1.00,1.00,0.85,0.23,inferred
Stevenage,2021-06-27,1.00,1.00,1.00,1.00,1.00,0.85,0.23,inferred
Stevenage,2021-06-28,1.00,1.00,1.00,1.00,1.00,0.85,0.23,inferred
Stevenage,2021-06-29,1.00,0.99,0.97,0.90,0.80,0.35,0.03,inferred
Stevenage,2021-06-30,1.00,0.99,0.97,0.90,0.80,0.35,0.03,inferred
Stevenage,2021-07-01,1.00,0.99,0.97,0.90,0.80,0.35,0.03,inferred
Stevenage,2021-07-02,1.00,0.99,0.97,0.90,0.80,0.35,0.03,inferred
Stevenage,2021-07-03,1.00,0.99,0.97,0.90,0.80,0.35,0.03,inferred
Stevenage,2021-07-04,1.00,0.99,0.97,0.90,0.80,0.35,0.03,inferred
Stevenage,2021-07-05,1.00,0.99,0.97,0.90,0.80,0.35,0.03,inferred
Stevenage,2021-07-06,0.98,0.96,0.91,0.82,0.72,0.36,0.07,projected
Stevenage,2021-07-07,0.98,0.96,0.91,0.82,0.72,0.36,0.07,projected
Stevenage,2021-07-08,0.98,0.96,0.91,0.82,0.72,0.36,0.07,projected
Stevenage,2021-07-09,0.98,0.96,0.91,0.82,0.72,0.36,0.07,projected
Stevenage,2021-07-10,0.98,0.96,0.91,0.82,0.72,0.36,0.07,projected
Stevenage,2021-07-11,0.98,0.96,0.91,0.82,0.72,0.36,0.07,projected
Stevenage,2021-07-12,0.98,0.96,0.91,0.82,0.72,0.36,0.07,projected
Stevenage,2021-07-13,0.98,0.95,0.89,0.81,0.69,0.37,0.10,projected
Stevenage,2021-07-14,0.98,0.95,0.89,0.81,0.69,0.37,0.10,projected
Stevenage,2021-07-15,0.98,0.95,0.89,0.81,0.69,0.37,0.10,projected
Stevenage,2021-07-16,0.98,0.95,0.89,0.81,0.69,0.37,0.10,projected
Stevenage,2021-07-17,0.98,0.95,0.89,0.81,0.69,0.37,0.10,projected
Stevenage,2021-07-18,0.98,0.95,0.89,0.81,0.69,0.37,0.10,projected
Stevenage,2021-07-19,0.98,0.95,0.89,0.81,0.69,0.37,0.10,projected
Stevenage,2021-07-20,0.98,0.95,0.89,0.81,0.71,0.40,0.10,projected
Stevenage,2021-07-21,0.98,0.95,0.89,0.81,0.71,0.40,0.10,projected
Stevenage,2021-07-22,0.98,0.95,0.89,0.81,0.71,0.40,0.10,projected
Stevenage,2021-07-23,0.98,0.95,0.89,0.81,0.71,0.40,0.10,projected
Stevenage,2021-07-24,0.98,0.95,0.89,0.81,0.71,0.40,0.10,projected
Stevenage,2021-07-25,0.98,0.95,0.89,0.81,0.71,0.40,0.10,projected
Stevenage,2021-07-26,0.98,0.95,0.89,0.81,0.71,0.40,0.10,projected
Stirling,2021-03-23,0.94,0.78,0.48,0.19,0.05,0.00,0.00,inferred
Stirling,2021-03-24,0.94,0.78,0.48,0.19,0.05,0.00,0.00,inferred
Stirling,2021-03-25,0.94,0.78,0.48,0.19,0.05,0.00,0.00,inferred
Stirling,2021-03-26,0.94,0.78,0.48,0.19,0.05,0.00,0.00,inferred
Stirling,2021-03-27,0.94,0.78,0.48,0.19,0.05,0.00,0.00,inferred
Stirling,2021-03-28,0.94,0.78,0.48,0.19,0.05,0.00,0.00,inferred
Stirling,2021-03-29,0.94,0.78,0.48,0.19,0.05,0.00,0.00,inferred
Stirling,2021-03-30,0.04,0.01,0.00,0.00,0.00,0.00,0.00,inferred
Stirling,2021-03-31,0.04,0.01,0.00,0.00,0.00,0.00,0.00,inferred
Stirling,2021-04-01,0.04,0.01,0.00,0.00,0.00,0.00,0.00,inferred
Stirling,2021-04-02,0.04,0.01,0.00,0.00,0.00,0.00,0.00,inferred
Stirling,2021-04-03,0.04,0.01,0.00,0.00,0.00,0.00,0.00,inferred
Stirling,2021-04-04,0.04,0.01,0.00,0.00,0.00,0.00,0.00,inferred
Stirling,2021-04-05,0.04,0.01,0.00,0.00,0.00,0.00,0.00,inferred
Stirling,2021-04-06,0.04,0.01,0.00,0.00,0.00,0.00,0.00,inferred
Stirling,2021-04-07,0.04,0.01,0.00,0.00,0.00,0.00,0.00,inferred
Stirling,2021-04-08,0.04,0.01,0.00,0.00,0.00,0.00,0.00,inferred
Stirling,2021-04-09,0.04,0.01,0.00,0.00,0.00,0.00,0.00,inferred
Stirling,2021-04-10,0.04,0.01,0.00,0.00,0.00,0.00,0.00,inferred
Stirling,2021-04-11,0.04,0.01,0.00,0.00,0.00,0.00,0.00,inferred
Stirling,2021-04-12,0.04,0.01,0.00,0.00,0.00,0.00,0.00,inferred
Stirling,2021-04-13,0.15,0.05,0.02,0.00,0.00,0.00,0.00,inferred
Stirling,2021-04-14,0.15,0.05,0.02,0.00,0.00,0.00,0.00,inferred
Stirling,2021-04-15,0.15,0.05,0.02,0.00,0.00,0.00,0.00,inferred
Stirling,2021-04-16,0.15,0.05,0.02,0.00,0.00,0.00,0.00,inferred
Stirling,2021-04-17,0.15,0.05,0.02,0.00,0.00,0.00,0.00,inferred
Stirling,2021-04-18,0.15,0.05,0.02,0.00,0.00,0.00,0.00,inferred
Stirling,2021-04-19,0.15,0.05,0.02,0.00,0.00,0.00,0.00,inferred
Stirling,2021-04-20,0.39,0.21,0.10,0.03,0.01,0.00,0.00,inferred
Stirling,2021-04-21,0.39,0.21,0.10,0.03,0.01,0.00,0.00,inferred
Stirling,2021-04-22,0.39,0.21,0.10,0.03,0.01,0.00,0.00,inferred
Stirling,2021-04-23,0.39,0.21,0.10,0.03,0.01,0.00,0.00,inferred
Stirling,2021-04-24,0.39,0.21,0.10,0.03,0.01,0.00,0.00,inferred
Stirling,2021-04-25,0.39,0.21,0.10,0.03,0.01,0.00,0.00,inferred
Stirling,2021-04-26,0.39,0.21,0.10,0.03,0.01,0.00,0.00,inferred
Stirling,2021-04-27,0.91,0.79,0.63,0.45,0.29,0.03,0.00,inferred
Stirling,2021-04-28,0.91,0.79,0.63,0.45,0.29,0.03,0.00,inferred
Stirling,2021-04-29,0.91,0.79,0.63,0.45,0.29,0.03,0.00,inferred
Stirling,2021-04-30,0.91,0.79,0.63,0.45,0.29,0.03,0.00,inferred
Stirling,2021-05-01,0.91,0.79,0.63,0.45,0.29,0.03,0.00,inferred
Stirling,2021-05-02,0.91,0.79,0.63,0.45,0.29,0.03,0.00,inferred
Stirling,2021-05-03,0.91,0.79,0.63,0.45,0.29,0.03,0.00,inferred
Stirling,2021-05-04,0.97,0.89,0.77,0.62,0.45,0.09,0.00,inferred
Stirling,2021-05-05,0.97,0.89,0.77,0.62,0.45,0.09,0.00,inferred
Stirling,2021-05-06,0.97,0.89,0.77,0.62,0.45,0.09,0.00,inferred
Stirling,2021-05-07,0.97,0.89,0.77,0.62,0.45,0.09,0.00,inferred
Stirling,2021-05-08,0.97,0.89,0.77,0.62,0.45,0.09,0.00,inferred
Stirling,2021-05-09,0.97,0.89,0.77,0.62,0.45,0.09,0.00,inferred
Stirling,2021-05-10,0.97,0.89,0.77,0.62,0.45,0.09,0.00,inferred
Stirling,2021-05-11,1.00,1.00,1.00,0.99,0.95,0.69,0.15,inferred
Stirling,2021-05-12,1.00,1.00,1.00,0.99,0.95,0.69,0.15,inferred
Stirling,2021-05-13,1.00,1.00,1.00,0.99,0.95,0.69,0.15,inferred
Stirling,2021-05-14,1.00,1.00,1.00,0.99,0.95,0.69,0.15,inferred
Stirling,2021-05-15,1.00,1.00,1.00,0.99,0.95,0.69,0.15,inferred
Stirling,2021-05-16,1.00,1.00,1.00,0.99,0.95,0.69,0.15,inferred
Stirling,2021-05-17,1.00,1.00,1.00,0.99,0.95,0.69,0.15,inferred
Stirling,2021-05-18,0.99,0.96,0.88,0.74,0.57,0.14,0.00,inferred
Stirling,2021-05-19,0.99,0.96,0.88,0.74,0.57,0.14,0.00,inferred
Stirling,2021-05-20,0.99,0.96,0.88,0.74,0.57,0.14,0.00,inferred
Stirling,2021-05-21,0.99,0.96,0.88,0.74,0.57,0.14,0.00,inferred
Stirling,2021-05-22,0.99,0.96,0.88,0.74,0.57,0.14,0.00,inferred
Stirling,2021-05-23,0.99,0.96,0.88,0.74,0.57,0.14,0.00,inferred
Stirling,2021-05-24,0.99,0.96,0.88,0.74,0.57,0.14,0.00,inferred
Stirling,2021-05-25,1.00,0.99,0.98,0.93,0.84,0.35,0.02,inferred
Stirling,2021-05-26,1.00,0.99,0.98,0.93,0.84,0.35,0.02,inferred
Stirling,2021-05-27,1.00,0.99,0.98,0.93,0.84,0.35,0.02,inferred
Stirling,2021-05-28,1.00,0.99,0.98,0.93,0.84,0.35,0.02,inferred
Stirling,2021-05-29,1.00,0.99,0.98,0.93,0.84,0.35,0.02,inferred
Stirling,2021-05-30,1.00,0.99,0.98,0.93,0.84,0.35,0.02,inferred
Stirling,2021-05-31,1.00,0.99,0.98,0.93,0.84,0.35,0.02,inferred
Stirling,2021-06-01,0.85,0.65,0.40,0.20,0.08,0.00,0.00,inferred
Stirling,2021-06-02,0.85,0.65,0.40,0.20,0.08,0.00,0.00,inferred
Stirling,2021-06-03,0.85,0.65,0.40,0.20,0.08,0.00,0.00,inferred
Stirling,2021-06-04,0.85,0.65,0.40,0.20,0.08,0.00,0.00,inferred
Stirling,2021-06-05,0.85,0.65,0.40,0.20,0.08,0.00,0.00,inferred
Stirling,2021-06-06,0.85,0.65,0.40,0.20,0.08,0.00,0.00,inferred
Stirling,2021-06-07,0.85,0.65,0.40,0.20,0.08,0.00,0.00,inferred
Stirling,2021-06-08,1.00,0.99,0.94,0.83,0.63,0.11,0.00,inferred
Stirling,2021-06-09,1.00,0.99,0.94,0.83,0.63,0.11,0.00,inferred
Stirling,2021-06-10,1.00,0.99,0.94,0.83,0.63,0.11,0.00,inferred
Stirling,2021-06-11,1.00,0.99,0.94,0.83,0.63,0.11,0.00,inferred
Stirling,2021-06-12,1.00,0.99,0.94,0.83,0.63,0.11,0.00,inferred
Stirling,2021-06-13,1.00,0.99,0.94,0.83,0.63,0.11,0.00,inferred
Stirling,2021-06-14,1.00,0.99,0.94,0.83,0.63,0.11,0.00,inferred
Stirling,2021-06-15,1.00,1.00,1.00,1.00,1.00,1.00,0.83,inferred
Stirling,2021-06-16,1.00,1.00,1.00,1.00,1.00,1.00,0.83,inferred
Stirling,2021-06-17,1.00,1.00,1.00,1.00,1.00,1.00,0.83,inferred
Stirling,2021-06-18,1.00,1.00,1.00,1.00,1.00,1.00,0.83,inferred
Stirling,2021-06-19,1.00,1.00,1.00,1.00,1.00,1.00,0.83,inferred
Stirling,2021-06-20,1.00,1.00,1.00,1.00,1.00,1.00,0.83,inferred
Stirling,2021-06-21,1.00,1.00,1.00,1.00,1.00,1.00,0.83,inferred
Stirling,2021-06-22,1.00,1.00,1.00,0.97,0.90,0.57,0.04,inferred
Stirling,2021-06-23,1.00,1.00,1.00,0.97,0.90,0.57,0.04,inferred
Stirling,2021-06-24,1.00,1.00,1.00,0.97,0.90,0.57,0.04,inferred
Stirling,2021-06-25,1.00,1.00,1.00,0.97,0.90,0.57,0.04,inferred
Stirling,2021-06-26,1.00,1.00,1.00,0.97,0.90,0.57,0.04,inferred
Stirling,2021-06-27,1.00,1.00,1.00,0.97,0.90,0.57,0.04,inferred
Stirling,2021-06-28,1.00,1.00,1.00,0.97,0.90,0.57,0.04,inferred
Stirling,2021-06-29,0.07,0.02,0.01,0.00,0.00,0.00,0.00,inferred
Stirling,2021-06-30,0.07,0.02,0.01,0.00,0.00,0.00,0.00,inferred
Stirling,2021-07-01,0.07,0.02,0.01,0.00,0.00,0.00,0.00,inferred
Stirling,2021-07-02,0.07,0.02,0.01,0.00,0.00,0.00,0.00,inferred
Stirling,2021-07-03,0.07,0.02,0.01,0.00,0.00,0.00,0.00,inferred
Stirling,2021-07-04,0.07,0.02,0.01,0.00,0.00,0.00,0.00,inferred
Stirling,2021-07-05,0.07,0.02,0.01,0.00,0.00,0.00,0.00,inferred
Stirling,2021-07-06,0.24,0.17,0.12,0.09,0.06,0.02,0.00,projected
Stirling,2021-07-07,0.24,0.17,0.12,0.09,0.06,0.02,0.00,projected
Stirling,2021-07-08,0.24,0.17,0.12,0.09,0.06,0.02,0.00,projected
Stirling,2021-07-09,0.24,0.17,0.12,0.09,0.06,0.02,0.00,projected
Stirling,2021-07-10,0.24,0.17,0.12,0.09,0.06,0.02,0.00,projected
Stirling,2021-07-11,0.24,0.17,0.12,0.09,0.06,0.02,0.00,projected
Stirling,2021-07-12,0.24,0.17,0.12,0.09,0.06,0.02,0.00,projected
Stirling,2021-07-13,0.34,0.28,0.21,0.15,0.12,0.06,0.02,projected
Stirling,2021-07-14,0.34,0.28,0.21,0.15,0.12,0.06,0.02,projected
Stirling,2021-07-15,0.34,0.28,0.21,0.15,0.12,0.06,0.02,projected
Stirling,2021-07-16,0.34,0.28,0.21,0.15,0.12,0.06,0.02,projected
Stirling,2021-07-17,0.34,0.28,0.21,0.15,0.12,0.06,0.02,projected
Stirling,2021-07-18,0.34,0.28,0.21,0.15,0.12,0.06,0.02,projected
Stirling,2021-07-19,0.34,0.28,0.21,0.15,0.12,0.06,0.02,projected
Stirling,2021-07-20,0.46,0.39,0.33,0.26,0.22,0.12,0.05,projected
Stirling,2021-07-21,0.46,0.39,0.33,0.26,0.22,0.12,0.05,projected
Stirling,2021-07-22,0.46,0.39,0.33,0.26,0.22,0.12,0.05,projected
Stirling,2021-07-23,0.46,0.39,0.33,0.26,0.22,0.12,0.05,projected
Stirling,2021-07-24,0.46,0.39,0.33,0.26,0.22,0.12,0.05,projected
Stirling,2021-07-25,0.46,0.39,0.33,0.26,0.22,0.12,0.05,projected
Stirling,2021-07-26,0.46,0.39,0.33,0.26,0.22,0.12,0.05,projected
Stockport,2021-03-23,0.10,0.01,0.00,0.00,0.00,0.00,0.00,inferred
Stockport,2021-03-24,0.10,0.01,0.00,0.00,0.00,0.00,0.00,inferred
Stockport,2021-03-25,0.10,0.01,0.00,0.00,0.00,0.00,0.00,inferred
Stockport,2021-03-26,0.10,0.01,0.00,0.00,0.00,0.00,0.00,inferred
Stockport,2021-03-27,0.10,0.01,0.00,0.00,0.00,0.00,0.00,inferred
Stockport,2021-03-28,0.10,0.01,0.00,0.00,0.00,0.00,0.00,inferred
Stockport,2021-03-29,0.10,0.01,0.00,0.00,0.00,0.00,0.00,inferred
Stockport,2021-03-30,0.18,0.04,0.00,0.00,0.00,0.00,0.00,inferred
Stockport,2021-03-31,0.18,0.04,0.00,0.00,0.00,0.00,0.00,inferred
Stockport,2021-04-01,0.18,0.04,0.00,0.00,0.00,0.00,0.00,inferred
Stockport,2021-04-02,0.18,0.04,0.00,0.00,0.00,0.00,0.00,inferred
Stockport,2021-04-03,0.18,0.04,0.00,0.00,0.00,0.00,0.00,inferred
Stockport,2021-04-04,0.18,0.04,0.00,0.00,0.00,0.00,0.00,inferred
Stockport,2021-04-05,0.18,0.04,0.00,0.00,0.00,0.00,0.00,inferred
Stockport,2021-04-06,0.15,0.04,0.01,0.00,0.00,0.00,0.00,inferred
Stockport,2021-04-07,0.15,0.04,0.01,0.00,0.00,0.00,0.00,inferred
Stockport,2021-04-08,0.15,0.04,0.01,0.00,0.00,0.00,0.00,inferred
Stockport,2021-04-09,0.15,0.04,0.01,0.00,0.00,0.00,0.00,inferred
Stockport,2021-04-10,0.15,0.04,0.01,0.00,0.00,0.00,0.00,inferred
Stockport,2021-04-11,0.15,0.04,0.01,0.00,0.00,0.00,0.00,inferred
Stockport,2021-04-12,0.15,0.04,0.01,0.00,0.00,0.00,0.00,inferred
Stockport,2021-04-13,0.65,0.37,0.13,0.04,0.01,0.00,0.00,inferred
Stockport,2021-04-14,0.65,0.37,0.13,0.04,0.01,0.00,0.00,inferred
Stockport,2021-04-15,0.65,0.37,0.13,0.04,0.01,0.00,0.00,inferred
Stockport,2021-04-16,0.65,0.37,0.13,0.04,0.01,0.00,0.00,inferred
Stockport,2021-04-17,0.65,0.37,0.13,0.04,0.01,0.00,0.00,inferred
Stockport,2021-04-18,0.65,0.37,0.13,0.04,0.01,0.00,0.00,inferred
Stockport,2021-04-19,0.65,0.37,0.13,0.04,0.01,0.00,0.00,inferred
Stockport,2021-04-20,0.90,0.72,0.47,0.23,0.06,0.00,0.00,inferred
Stockport,2021-04-21,0.90,0.72,0.47,0.23,0.06,0.00,0.00,inferred
Stockport,2021-04-22,0.90,0.72,0.47,0.23,0.06,0.00,0.00,inferred
Stockport,2021-04-23,0.90,0.72,0.47,0.23,0.06,0.00,0.00,inferred
Stockport,2021-04-24,0.90,0.72,0.47,0.23,0.06,0.00,0.00,inferred
Stockport,2021-04-25,0.90,0.72,0.47,0.23,0.06,0.00,0.00,inferred
Stockport,2021-04-26,0.90,0.72,0.47,0.23,0.06,0.00,0.00,inferred
Stockport,2021-04-27,0.99,0.94,0.82,0.60,0.35,0.02,0.00,inferred
Stockport,2021-04-28,0.99,0.94,0.82,0.60,0.35,0.02,0.00,inferred
Stockport,2021-04-29,0.99,0.94,0.82,0.60,0.35,0.02,0.00,inferred
Stockport,2021-04-30,0.99,0.94,0.82,0.60,0.35,0.02,0.00,inferred
Stockport,2021-05-01,0.99,0.94,0.82,0.60,0.35,0.02,0.00,inferred
Stockport,2021-05-02,0.99,0.94,0.82,0.60,0.35,0.02,0.00,inferred
Stockport,2021-05-03,0.99,0.94,0.82,0.60,0.35,0.02,0.00,inferred
Stockport,2021-05-04,0.84,0.59,0.32,0.12,0.04,0.00,0.00,inferred
Stockport,2021-05-05,0.84,0.59,0.32,0.12,0.04,0.00,0.00,inferred
Stockport,2021-05-06,0.84,0.59,0.32,0.12,0.04,0.00,0.00,inferred
Stockport,2021-05-07,0.84,0.59,0.32,0.12,0.04,0.00,0.00,inferred
Stockport,2021-05-08,0.84,0.59,0.32,0.12,0.04,0.00,0.00,inferred
Stockport,2021-05-09,0.84,0.59,0.32,0.12,0.04,0.00,0.00,inferred
Stockport,2021-05-10,0.84,0.59,0.32,0.12,0.04,0.00,0.00,inferred
Stockport,2021-05-11,0.98,0.92,0.80,0.60,0.37,0.03,0.00,inferred
Stockport,2021-05-12,0.98,0.92,0.80,0.60,0.37,0.03,0.00,inferred
Stockport,2021-05-13,0.98,0.92,0.80,0.60,0.37,0.03,0.00,inferred
Stockport,2021-05-14,0.98,0.92,0.80,0.60,0.37,0.03,0.00,inferred
Stockport,2021-05-15,0.98,0.92,0.80,0.60,0.37,0.03,0.00,inferred
Stockport,2021-05-16,0.98,0.92,0.80,0.60,0.37,0.03,0.00,inferred
Stockport,2021-05-17,0.98,0.92,0.80,0.60,0.37,0.03,0.00,inferred
Stockport,2021-05-18,1.00,1.00,1.00,1.00,1.00,1.00,0.97,inferred
Stockport,2021-05-19,1.00,1.00,1.00,1.00,1.00,1.00,0.97,inferred
Stockport,2021-05-20,1.00,1.00,1.00,1.00,1.00,1.00,0.97,inferred
Stockport,2021-05-21,1.00,1.00,1.00,1.00,1.00,1.00,0.97,inferred
Stockport,2021-05-22,1.00,1.00,1.00,1.00,1.00,1.00,0.97,inferred
Stockport,2021-05-23,1.00,1.00,1.00,1.00,1.00,1.00,0.97,inferred
Stockport,2021-05-24,1.00,1.00,1.00,1.00,1.00,1.00,0.97,inferred
Stockport,2021-05-25,1.00,1.00,1.00,1.00,1.00,1.00,0.86,inferred
Stockport,2021-05-26,1.00,1.00,1.00,1.00,1.00,1.00,0.86,inferred
Stockport,2021-05-27,1.00,1.00,1.00,1.00,1.00,1.00,0.86,inferred
Stockport,2021-05-28,1.00,1.00,1.00,1.00,1.00,1.00,0.86,inferred
Stockport,2021-05-29,1.00,1.00,1.00,1.00,1.00,1.00,0.86,inferred
Stockport,2021-05-30,1.00,1.00,1.00,1.00,1.00,1.00,0.86,inferred
Stockport,2021-05-31,1.00,1.00,1.00,1.00,1.00,1.00,0.86,inferred
Stockport,2021-06-01,0.97,0.81,0.51,0.22,0.07,0.00,0.00,inferred
Stockport,2021-06-02,0.97,0.81,0.51,0.22,0.07,0.00,0.00,inferred
Stockport,2021-06-03,0.97,0.81,0.51,0.22,0.07,0.00,0.00,inferred
Stockport,2021-06-04,0.97,0.81,0.51,0.22,0.07,0.00,0.00,inferred
Stockport,2021-06-05,0.97,0.81,0.51,0.22,0.07,0.00,0.00,inferred
Stockport,2021-06-06,0.97,0.81,0.51,0.22,0.07,0.00,0.00,inferred
Stockport,2021-06-07,0.97,0.81,0.51,0.22,0.07,0.00,0.00,inferred
Stockport,2021-06-08,0.98,0.73,0.23,0.03,0.00,0.00,0.00,inferred
Stockport,2021-06-09,0.98,0.73,0.23,0.03,0.00,0.00,0.00,inferred
Stockport,2021-06-10,0.98,0.73,0.23,0.03,0.00,0.00,0.00,inferred
Stockport,2021-06-11,0.98,0.73,0.23,0.03,0.00,0.00,0.00,inferred
Stockport,2021-06-12,0.98,0.73,0.23,0.03,0.00,0.00,0.00,inferred
Stockport,2021-06-13,0.98,0.73,0.23,0.03,0.00,0.00,0.00,inferred
Stockport,2021-06-14,0.98,0.73,0.23,0.03,0.00,0.00,0.00,inferred
Stockport,2021-06-15,1.00,1.00,1.00,0.98,0.82,0.01,0.00,inferred
Stockport,2021-06-16,1.00,1.00,1.00,0.98,0.82,0.01,0.00,inferred
Stockport,2021-06-17,1.00,1.00,1.00,0.98,0.82,0.01,0.00,inferred
Stockport,2021-06-18,1.00,1.00,1.00,0.98,0.82,0.01,0.00,inferred
Stockport,2021-06-19,1.00,1.00,1.00,0.98,0.82,0.01,0.00,inferred
Stockport,2021-06-20,1.00,1.00,1.00,0.98,0.82,0.01,0.00,inferred
Stockport,2021-06-21,1.00,1.00,1.00,0.98,0.82,0.01,0.00,inferred
Stockport,2021-06-22,1.00,1.00,1.00,1.00,0.98,0.37,0.00,inferred
Stockport,2021-06-23,1.00,1.00,1.00,1.00,0.98,0.37,0.00,inferred
Stockport,2021-06-24,1.00,1.00,1.00,1.00,0.98,0.37,0.00,inferred
Stockport,2021-06-25,1.00,1.00,1.00,1.00,0.98,0.37,0.00,inferred
Stockport,2021-06-26,1.00,1.00,1.00,1.00,0.98,0.37,0.00,inferred
Stockport,2021-06-27,1.00,1.00,1.00,1.00,0.98,0.37,0.00,inferred
Stockport,2021-06-28,1.00,1.00,1.00,1.00,0.98,0.37,0.00,inferred
Stockport,2021-06-29,0.90,0.71,0.44,0.21,0.08,0.00,0.00,inferred
Stockport,2021-06-30,0.90,0.71,0.44,0.21,0.08,0.00,0.00,inferred
Stockport,2021-07-01,0.90,0.71,0.44,0.21,0.08,0.00,0.00,inferred
Stockport,2021-07-02,0.90,0.71,0.44,0.21,0.08,0.00,0.00,inferred
Stockport,2021-07-03,0.90,0.71,0.44,0.21,0.08,0.00,0.00,inferred
Stockport,2021-07-04,0.90,0.71,0.44,0.21,0.08,0.00,0.00,inferred
Stockport,2021-07-05,0.90,0.71,0.44,0.21,0.08,0.00,0.00,inferred
Stockport,2021-07-06,0.76,0.60,0.46,0.32,0.21,0.06,0.00,projected
Stockport,2021-07-07,0.76,0.60,0.46,0.32,0.21,0.06,0.00,projected
Stockport,2021-07-08,0.76,0.60,0.46,0.32,0.21,0.06,0.00,projected
Stockport,2021-07-09,0.76,0.60,0.46,0.32,0.21,0.06,0.00,projected
Stockport,2021-07-10,0.76,0.60,0.46,0.32,0.21,0.06,0.00,projected
Stockport,2021-07-11,0.76,0.60,0.46,0.32,0.21,0.06,0.00,projected
Stockport,2021-07-12,0.76,0.60,0.46,0.32,0.21,0.06,0.00,projected
Stockport,2021-07-13,0.71,0.60,0.47,0.36,0.26,0.11,0.02,projected
Stockport,2021-07-14,0.71,0.60,0.47,0.36,0.26,0.11,0.02,projected
Stockport,2021-07-15,0.71,0.60,0.47,0.36,0.26,0.11,0.02,projected
Stockport,2021-07-16,0.71,0.60,0.47,0.36,0.26,0.11,0.02,projected
Stockport,2021-07-17,0.71,0.60,0.47,0.36,0.26,0.11,0.02,projected
Stockport,2021-07-18,0.71,0.60,0.47,0.36,0.26,0.11,0.02,projected
Stockport,2021-07-19,0.71,0.60,0.47,0.36,0.26,0.11,0.02,projected
Stockport,2021-07-20,0.74,0.63,0.52,0.42,0.32,0.15,0.04,projected
Stockport,2021-07-21,0.74,0.63,0.52,0.42,0.32,0.15,0.04,projected
Stockport,2021-07-22,0.74,0.63,0.52,0.42,0.32,0.15,0.04,projected
Stockport,2021-07-23,0.74,0.63,0.52,0.42,0.32,0.15,0.04,projected
Stockport,2021-07-24,0.74,0.63,0.52,0.42,0.32,0.15,0.04,projected
Stockport,2021-07-25,0.74,0.63,0.52,0.42,0.32,0.15,0.04,projected
Stockport,2021-07-26,0.74,0.63,0.52,0.42,0.32,0.15,0.04,projected
Stockton-on-Tees,2021-03-23,0.00,0.00,0.00,0.00,0.00,0.00,0.00,inferred
Stockton-on-Tees,2021-03-24,0.00,0.00,0.00,0.00,0.00,0.00,0.00,inferred
Stockton-on-Tees,2021-03-25,0.00,0.00,0.00,0.00,0.00,0.00,0.00,inferred
Stockton-on-Tees,2021-03-26,0.00,0.00,0.00,0.00,0.00,0.00,0.00,inferred
Stockton-on-Tees,2021-03-27,0.00,0.00,0.00,0.00,0.00,0.00,0.00,inferred
Stockton-on-Tees,2021-03-28,0.00,0.00,0.00,0.00,0.00,0.00,0.00,inferred
Stockton-on-Tees,2021-03-29,0.00,0.00,0.00,0.00,0.00,0.00,0.00,inferred
Stockton-on-Tees,2021-03-30,0.00,0.00,0.00,0.00,0.00,0.00,0.00,inferred
Stockton-on-Tees,2021-03-31,0.00,0.00,0.00,0.00,0.00,0.00,0.00,inferred
Stockton-on-Tees,2021-04-01,0.00,0.00,0.00,0.00,0.00,0.00,0.00,inferred
Stockton-on-Tees,2021-04-02,0.00,0.00,0.00,0.00,0.00,0.00,0.00,inferred
Stockton-on-Tees,2021-04-03,0.00,0.00,0.00,0.00,0.00,0.00,0.00,inferred
Stockton-on-Tees,2021-04-04,0.00,0.00,0.00,0.00,0.00,0.00,0.00,inferred
Stockton-on-Tees,2021-04-05,0.00,0.00,0.00,0.00,0.00,0.00,0.00,inferred
Stockton-on-Tees,2021-04-06,0.09,0.02,0.00,0.00,0.00,0.00,0.00,inferred
Stockton-on-Tees,2021-04-07,0.09,0.02,0.00,0.00,0.00,0.00,0.00,inferred
Stockton-on-Tees,2021-04-08,0.09,0.02,0.00,0.00,0.00,0.00,0.00,inferred
Stockton-on-Tees,2021-04-09,0.09,0.02,0.00,0.00,0.00,0.00,0.00,inferred
Stockton-on-Tees,2021-04-10,0.09,0.02,0.00,0.00,0.00,0.00,0.00,inferred
Stockton-on-Tees,2021-04-11,0.09,0.02,0.00,0.00,0.00,0.00,0.00,inferred
Stockton-on-Tees,2021-04-12,0.09,0.02,0.00,0.00,0.00,0.00,0.00,inferred
Stockton-on-Tees,2021-04-13,0.72,0.47,0.24,0.09,0.03,0.00,0.00,inferred
Stockton-on-Tees,2021-04-14,0.72,0.47,0.24,0.09,0.03,0.00,0.00,inferred
Stockton-on-Tees,2021-04-15,0.72,0.47,0.24,0.09,0.03,0.00,0.00,inferred
Stockton-on-Tees,2021-04-16,0.72,0.47,0.24,0.09,0.03,0.00,0.00,inferred
Stockton-on-Tees,2021-04-17,0.72,0.47,0.24,0.09,0.03,0.00,0.00,inferred
Stockton-on-Tees,2021-04-18,0.72,0.47,0.24,0.09,0.03,0.00,0.00,inferred
Stockton-on-Tees,2021-04-19,0.72,0.47,0.24,0.09,0.03,0.00,0.00,inferred
Stockton-on-Tees,2021-04-20,0.87,0.69,0.47,0.24,0.10,0.00,0.00,inferred
Stockton-on-Tees,2021-04-21,0.87,0.69,0.47,0.24,0.10,0.00,0.00,inferred
Stockton-on-Tees,2021-04-22,0.87,0.69,0.47,0.24,0.10,0.00,0.00,inferred
Stockton-on-Tees,2021-04-23,0.87,0.69,0.47,0.24,0.10,0.00,0.00,inferred
Stockton-on-Tees,2021-04-24,0.87,0.69,0.47,0.24,0.10,0.00,0.00,inferred
Stockton-on-Tees,2021-04-25,0.87,0.69,0.47,0.24,0.10,0.00,0.00,inferred
Stockton-on-Tees,2021-04-26,0.87,0.69,0.47,0.24,0.10,0.00,0.00,inferred
Stockton-on-Tees,2021-04-27,0.93,0.79,0.55,0.34,0.17,0.01,0.00,inferred
Stockton-on-Tees,2021-04-28,0.93,0.79,0.55,0.34,0.17,0.01,0.00,inferred
Stockton-on-Tees,2021-04-29,0.93,0.79,0.55,0.34,0.17,0.01,0.00,inferred
Stockton-on-Tees,2021-04-30,0.93,0.79,0.55,0.34,0.17,0.01,0.00,inferred
Stockton-on-Tees,2021-05-01,0.93,0.79,0.55,0.34,0.17,0.01,0.00,inferred
Stockton-on-Tees,2021-05-02,0.93,0.79,0.55,0.34,0.17,0.01,0.00,inferred
Stockton-on-Tees,2021-05-03,0.93,0.79,0.55,0.34,0.17,0.01,0.00,inferred
Stockton-on-Tees,2021-05-04,0.30,0.12,0.03,0.01,0.00,0.00,0.00,inferred
Stockton-on-Tees,2021-05-05,0.30,0.12,0.03,0.01,0.00,0.00,0.00,inferred
Stockton-on-Tees,2021-05-06,0.30,0.12,0.03,0.01,0.00,0.00,0.00,inferred
Stockton-on-Tees,2021-05-07,0.30,0.12,0.03,0.01,0.00,0.00,0.00,inferred
Stockton-on-Tees,2021-05-08,0.30,0.12,0.03,0.01,0.00,0.00,0.00,inferred
Stockton-on-Tees,2021-05-09,0.30,0.12,0.03,0.01,0.00,0.00,0.00,inferred
Stockton-on-Tees,2021-05-10,0.30,0.12,0.03,0.01,0.00,0.00,0.00,inferred
Stockton-on-Tees,2021-05-11,0.38,0.18,0.07,0.02,0.00,0.00,0.00,inferred
Stockton-on-Tees,2021-05-12,0.38,0.18,0.07,0.02,0.00,0.00,0.00,inferred
Stockton-on-Tees,2021-05-13,0.38,0.18,0.07,0.02,0.00,0.00,0.00,inferred
Stockton-on-Tees,2021-05-14,0.38,0.18,0.07,0.02,0.00,0.00,0.00,inferred
Stockton-on-Tees,2021-05-15,0.38,0.18,0.07,0.02,0.00,0.00,0.00,inferred
Stockton-on-Tees,2021-05-16,0.38,0.18,0.07,0.02,0.00,0.00,0.00,inferred
Stockton-on-Tees,2021-05-17,0.38,0.18,0.07,0.02,0.00,0.00,0.00,inferred
Stockton-on-Tees,2021-05-18,0.87,0.73,0.54,0.33,0.19,0.01,0.00,inferred
Stockton-on-Tees,2021-05-19,0.87,0.73,0.54,0.33,0.19,0.01,0.00,inferred
Stockton-on-Tees,2021-05-20,0.87,0.73,0.54,0.33,0.19,0.01,0.00,inferred
Stockton-on-Tees,2021-05-21,0.87,0.73,0.54,0.33,0.19,0.01,0.00,inferred
Stockton-on-Tees,2021-05-22,0.87,0.73,0.54,0.33,0.19,0.01,0.00,inferred
Stockton-on-Tees,2021-05-23,0.87,0.73,0.54,0.33,0.19,0.01,0.00,inferred
Stockton-on-Tees,2021-05-24,0.87,0.73,0.54,0.33,0.19,0.01,0.00,inferred
Stockton-on-Tees,2021-05-25,1.00,1.00,0.98,0.94,0.86,0.39,0.02,inferred
Stockton-on-Tees,2021-05-26,1.00,1.00,0.98,0.94,0.86,0.39,0.02,inferred
Stockton-on-Tees,2021-05-27,1.00,1.00,0.98,0.94,0.86,0.39,0.02,inferred
Stockton-on-Tees,2021-05-28,1.00,1.00,0.98,0.94,0.86,0.39,0.02,inferred
Stockton-on-Tees,2021-05-29,1.00,1.00,0.98,0.94,0.86,0.39,0.02,inferred
Stockton-on-Tees,2021-05-30,1.00,1.00,0.98,0.94,0.86,0.39,0.02,inferred
Stockton-on-Tees,2021-05-31,1.00,1.00,0.98,0.94,0.86,0.39,0.02,inferred
Stockton-on-Tees,2021-06-01,1.00,1.00,1.00,1.00,1.00,0.90,0.34,inferred
Stockton-on-Tees,2021-06-02,1.00,1.00,1.00,1.00,1.00,0.90,0.34,inferred
Stockton-on-Tees,2021-06-03,1.00,1.00,1.00,1.00,1.00,0.90,0.34,inferred
Stockton-on-Tees,2021-06-04,1.00,1.00,1.00,1.00,1.00,0.90,0.34,inferred
Stockton-on-Tees,2021-06-05,1.00,1.00,1.00,1.00,1.00,0.90,0.34,inferred
Stockton-on-Tees,2021-06-06,1.00,1.00,1.00,1.00,1.00,0.90,0.34,inferred
Stockton-on-Tees,2021-06-07,1.00,1.00,1.00,1.00,1.00,0.90,0.34,inferred
Stockton-on-Tees,2021-06-08,1.00,1.00,1.00,1.00,0.99,0.77,0.18,inferred
Stockton-on-Tees,2021-06-09,1.00,1.00,1.00,1.00,0.99,0.77,0.18,inferred
Stockton-on-Tees,2021-06-10,1.00,1.00,1.00,1.00,0.99,0.77,0.18,inferred
Stockton-on-Tees,2021-06-11,1.00,1.00,1.00,1.00,0.99,0.77,0.18,inferred
Stockton-on-Tees,2021-06-12,1.00,1.00,1.00,1.00,0.99,0.77,0.18,inferred
Stockton-on-Tees,2021-06-13,1.00,1.00,1.00,1.00,0.99,0.77,0.18,inferred
Stockton-on-Tees,2021-06-14,1.00,1.00,1.00,1.00,0.99,0.77,0.18,inferred
Stockton-on-Tees,2021-06-15,1.00,1.00,1.00,1.00,1.00,1.00,0.81,inferred
Stockton-on-Tees,2021-06-16,1.00,1.00,1.00,1.00,1.00,1.00,0.81,inferred
Stockton-on-Tees,2021-06-17,1.00,1.00,1.00,1.00,1.00,1.00,0.81,inferred
Stockton-on-Tees,2021-06-18,1.00,1.00,1.00,1.00,1.00,1.00,0.81,inferred
Stockton-on-Tees,2021-06-19,1.00,1.00,1.00,1.00,1.00,1.00,0.81,inferred
Stockton-on-Tees,2021-06-20,1.00,1.00,1.00,1.00,1.00,1.00,0.81,inferred
Stockton-on-Tees,2021-06-21,1.00,1.00,1.00,1.00,1.00,1.00,0.81,inferred
Stockton-on-Tees,2021-06-22,1.00,1.00,1.00,1.00,1.00,1.00,0.91,inferred
Stockton-on-Tees,2021-06-23,1.00,1.00,1.00,1.00,1.00,1.00,0.91,inferred
Stockton-on-Tees,2021-06-24,1.00,1.00,1.00,1.00,1.00,1.00,0.91,inferred
Stockton-on-Tees,2021-06-25,1.00,1.00,1.00,1.00,1.00,1.00,0.91,inferred
Stockton-on-Tees,2021-06-26,1.00,1.00,1.00,1.00,1.00,1.00,0.91,inferred
Stockton-on-Tees,2021-06-27,1.00,1.00,1.00,1.00,1.00,1.00,0.91,inferred
Stockton-on-Tees,2021-06-28,1.00,1.00,1.00,1.00,1.00,1.00,0.91,inferred
Stockton-on-Tees,2021-06-29,1.00,1.00,1.00,1.00,1.00,0.91,0.49,inferred
Stockton-on-Tees,2021-06-30,1.00,1.00,1.00,1.00,1.00,0.91,0.49,inferred
Stockton-on-Tees,2021-07-01,1.00,1.00,1.00,1.00,1.00,0.91,0.49,inferred
Stockton-on-Tees,2021-07-02,1.00,1.00,1.00,1.00,1.00,0.91,0.49,inferred
Stockton-on-Tees,2021-07-03,1.00,1.00,1.00,1.00,1.00,0.91,0.49,inferred
Stockton-on-Tees,2021-07-04,1.00,1.00,1.00,1.00,1.00,0.91,0.49,inferred
Stockton-on-Tees,2021-07-05,1.00,1.00,1.00,1.00,1.00,0.91,0.49,inferred
Stockton-on-Tees,2021-07-06,1.00,1.00,0.99,0.97,0.93,0.76,0.40,projected
Stockton-on-Tees,2021-07-07,1.00,1.00,0.99,0.97,0.93,0.76,0.40,projected
Stockton-on-Tees,2021-07-08,1.00,1.00,0.99,0.97,0.93,0.76,0.40,projected
Stockton-on-Tees,2021-07-09,1.00,1.00,0.99,0.97,0.93,0.76,0.40,projected
Stockton-on-Tees,2021-07-10,1.00,1.00,0.99,0.97,0.93,0.76,0.40,projected
Stockton-on-Tees,2021-07-11,1.00,1.00,0.99,0.97,0.93,0.76,0.40,projected
Stockton-on-Tees,2021-07-12,1.00,1.00,0.99,0.97,0.93,0.76,0.40,projected
Stockton-on-Tees,2021-07-13,0.99,0.98,0.95,0.92,0.88,0.68,0.36,projected
Stockton-on-Tees,2021-07-14,0.99,0.98,0.95,0.92,0.88,0.68,0.36,projected
Stockton-on-Tees,2021-07-15,0.99,0.98,0.95,0.92,0.88,0.68,0.36,projected
Stockton-on-Tees,2021-07-16,0.99,0.98,0.95,0.92,0.88,0.68,0.36,projected
Stockton-on-Tees,2021-07-17,0.99,0.98,0.95,0.92,0.88,0.68,0.36,projected
Stockton-on-Tees,2021-07-18,0.99,0.98,0.95,0.92,0.88,0.68,0.36,projected
Stockton-on-Tees,2021-07-19,0.99,0.98,0.95,0.92,0.88,0.68,0.36,projected
Stockton-on-Tees,2021-07-20,0.97,0.95,0.92,0.88,0.83,0.64,0.37,projected
Stockton-on-Tees,2021-07-21,0.97,0.95,0.92,0.88,0.83,0.64,0.37,projected
Stockton-on-Tees,2021-07-22,0.97,0.95,0.92,0.88,0.83,0.64,0.37,projected
Stockton-on-Tees,2021-07-23,0.97,0.95,0.92,0.88,0.83,0.64,0.37,projected
Stockton-on-Tees,2021-07-24,0.97,0.95,0.92,0.88,0.83,0.64,0.37,projected
Stockton-on-Tees,2021-07-25,0.97,0.95,0.92,0.88,0.83,0.64,0.37,projected
Stockton-on-Tees,2021-07-26,0.97,0.95,0.92,0.88,0.83,0.64,0.37,projected
Stoke-on-Trent,2021-03-23,0.12,0.01,0.00,0.00,0.00,0.00,0.00,inferred
Stoke-on-Trent,2021-03-24,0.12,0.01,0.00,0.00,0.00,0.00,0.00,inferred
Stoke-on-Trent,2021-03-25,0.12,0.01,0.00,0.00,0.00,0.00,0.00,inferred
Stoke-on-Trent,2021-03-26,0.12,0.01,0.00,0.00,0.00,0.00,0.00,inferred
Stoke-on-Trent,2021-03-27,0.12,0.01,0.00,0.00,0.00,0.00,0.00,inferred
Stoke-on-Trent,2021-03-28,0.12,0.01,0.00,0.00,0.00,0.00,0.00,inferred
Stoke-on-Trent,2021-03-29,0.12,0.01,0.00,0.00,0.00,0.00,0.00,inferred
Stoke-on-Trent,2021-03-30,0.79,0.43,0.14,0.03,0.00,0.00,0.00,inferred
Stoke-on-Trent,2021-03-31,0.79,0.43,0.14,0.03,0.00,0.00,0.00,inferred
Stoke-on-Trent,2021-04-01,0.79,0.43,0.14,0.03,0.00,0.00,0.00,inferred
Stoke-on-Trent,2021-04-02,0.79,0.43,0.14,0.03,0.00,0.00,0.00,inferred
Stoke-on-Trent,2021-04-03,0.79,0.43,0.14,0.03,0.00,0.00,0.00,inferred
Stoke-on-Trent,2021-04-04,0.79,0.43,0.14,0.03,0.00,0.00,0.00,inferred
Stoke-on-Trent,2021-04-05,0.79,0.43,0.14,0.03,0.00,0.00,0.00,inferred
Stoke-on-Trent,2021-04-06,0.39,0.13,0.02,0.00,0.00,0.00,0.00,inferred
Stoke-on-Trent,2021-04-07,0.39,0.13,0.02,0.00,0.00,0.00,0.00,inferred
Stoke-on-Trent,2021-04-08,0.39,0.13,0.02,0.00,0.00,0.00,0.00,inferred
Stoke-on-Trent,2021-04-09,0.39,0.13,0.02,0.00,0.00,0.00,0.00,inferred
Stoke-on-Trent,2021-04-10,0.39,0.13,0.02,0.00,0.00,0.00,0.00,inferred
Stoke-on-Trent,2021-04-11,0.39,0.13,0.02,0.00,0.00,0.00,0.00,inferred
Stoke-on-Trent,2021-04-12,0.39,0.13,0.02,0.00,0.00,0.00,0.00,inferred
Stoke-on-Trent,2021-04-13,0.78,0.45,0.15,0.04,0.01,0.00,0.00,inferred
Stoke-on-Trent,2021-04-14,0.78,0.45,0.15,0.04,0.01,0.00,0.00,inferred
Stoke-on-Trent,2021-04-15,0.78,0.45,0.15,0.04,0.01,0.00,0.00,inferred
Stoke-on-Trent,2021-04-16,0.78,0.45,0.15,0.04,0.01,0.00,0.00,inferred
Stoke-on-Trent,2021-04-17,0.78,0.45,0.15,0.04,0.01,0.00,0.00,inferred
Stoke-on-Trent,2021-04-18,0.78,0.45,0.15,0.04,0.01,0.00,0.00,inferred
Stoke-on-Trent,2021-04-19,0.78,0.45,0.15,0.04,0.01,0.00,0.00,inferred
Stoke-on-Trent,2021-04-20,0.50,0.20,0.04,0.01,0.00,0.00,0.00,inferred
Stoke-on-Trent,2021-04-21,0.50,0.20,0.04,0.01,0.00,0.00,0.00,inferred
Stoke-on-Trent,2021-04-22,0.50,0.20,0.04,0.01,0.00,0.00,0.00,inferred
Stoke-on-Trent,2021-04-23,0.50,0.20,0.04,0.01,0.00,0.00,0.00,inferred
Stoke-on-Trent,2021-04-24,0.50,0.20,0.04,0.01,0.00,0.00,0.00,inferred
Stoke-on-Trent,2021-04-25,0.50,0.20,0.04,0.01,0.00,0.00,0.00,inferred
Stoke-on-Trent,2021-04-26,0.50,0.20,0.04,0.01,0.00,0.00,0.00,inferred
Stoke-on-Trent,2021-04-27,0.33,0.10,0.03,0.01,0.00,0.00,0.00,inferred
Stoke-on-Trent,2021-04-28,0.33,0.10,0.03,0.01,0.00,0.00,0.00,inferred
Stoke-on-Trent,2021-04-29,0.33,0.10,0.03,0.01,0.00,0.00,0.00,inferred
Stoke-on-Trent,2021-04-30,0.33,0.10,0.03,0.01,0.00,0.00,0.00,inferred
Stoke-on-Trent,2021-05-01,0.33,0.10,0.03,0.01,0.00,0.00,0.00,inferred
Stoke-on-Trent,2021-05-02,0.33,0.10,0.03,0.01,0.00,0.00,0.00,inferred
Stoke-on-Trent,2021-05-03,0.33,0.10,0.03,0.01,0.00,0.00,0.00,inferred
Stoke-on-Trent,2021-05-04,0.55,0.26,0.08,0.02,0.00,0.00,0.00,inferred
Stoke-on-Trent,2021-05-05,0.55,0.26,0.08,0.02,0.00,0.00,0.00,inferred
Stoke-on-Trent,2021-05-06,0.55,0.26,0.08,0.02,0.00,0.00,0.00,inferred
Stoke-on-Trent,2021-05-07,0.55,0.26,0.08,0.02,0.00,0.00,0.00,inferred
Stoke-on-Trent,2021-05-08,0.55,0.26,0.08,0.02,0.00,0.00,0.00,inferred
Stoke-on-Trent,2021-05-09,0.55,0.26,0.08,0.02,0.00,0.00,0.00,inferred
Stoke-on-Trent,2021-05-10,0.55,0.26,0.08,0.02,0.00,0.00,0.00,inferred
Stoke-on-Trent,2021-05-11,0.49,0.23,0.08,0.02,0.01,0.00,0.00,inferred
Stoke-on-Trent,2021-05-12,0.49,0.23,0.08,0.02,0.01,0.00,0.00,inferred
Stoke-on-Trent,2021-05-13,0.49,0.23,0.08,0.02,0.01,0.00,0.00,inferred
Stoke-on-Trent,2021-05-14,0.49,0.23,0.08,0.02,0.01,0.00,0.00,inferred
Stoke-on-Trent,2021-05-15,0.49,0.23,0.08,0.02,0.01,0.00,0.00,inferred
Stoke-on-Trent,2021-05-16,0.49,0.23,0.08,0.02,0.01,0.00,0.00,inferred
Stoke-on-Trent,2021-05-17,0.49,0.23,0.08,0.02,0.01,0.00,0.00,inferred
Stoke-on-Trent,2021-05-18,0.97,0.89,0.71,0.47,0.26,0.02,0.00,inferred
Stoke-on-Trent,2021-05-19,0.97,0.89,0.71,0.47,0.26,0.02,0.00,inferred
Stoke-on-Trent,2021-05-20,0.97,0.89,0.71,0.47,0.26,0.02,0.00,inferred
Stoke-on-Trent,2021-05-21,0.97,0.89,0.71,0.47,0.26,0.02,0.00,inferred
Stoke-on-Trent,2021-05-22,0.97,0.89,0.71,0.47,0.26,0.02,0.00,inferred
Stoke-on-Trent,2021-05-23,0.97,0.89,0.71,0.47,0.26,0.02,0.00,inferred
Stoke-on-Trent,2021-05-24,0.97,0.89,0.71,0.47,0.26,0.02,0.00,inferred
Stoke-on-Trent,2021-05-25,1.00,1.00,1.00,1.00,0.99,0.76,0.07,inferred
Stoke-on-Trent,2021-05-26,1.00,1.00,1.00,1.00,0.99,0.76,0.07,inferred
Stoke-on-Trent,2021-05-27,1.00,1.00,1.00,1.00,0.99,0.76,0.07,inferred
Stoke-on-Trent,2021-05-28,1.00,1.00,1.00,1.00,0.99,0.76,0.07,inferred
Stoke-on-Trent,2021-05-29,1.00,1.00,1.00,1.00,0.99,0.76,0.07,inferred
Stoke-on-Trent,2021-05-30,1.00,1.00,1.00,1.00,0.99,0.76,0.07,inferred
Stoke-on-Trent,2021-05-31,1.00,1.00,1.00,1.00,0.99,0.76,0.07,inferred
Stoke-on-Trent,2021-06-01,1.00,1.00,1.00,1.00,1.00,0.96,0.53,inferred
Stoke-on-Trent,2021-06-02,1.00,1.00,1.00,1.00,1.00,0.96,0.53,inferred
Stoke-on-Trent,2021-06-03,1.00,1.00,1.00,1.00,1.00,0.96,0.53,inferred
Stoke-on-Trent,2021-06-04,1.00,1.00,1.00,1.00,1.00,0.96,0.53,inferred
Stoke-on-Trent,2021-06-05,1.00,1.00,1.00,1.00,1.00,0.96,0.53,inferred
Stoke-on-Trent,2021-06-06,1.00,1.00,1.00,1.00,1.00,0.96,0.53,inferred
Stoke-on-Trent,2021-06-07,1.00,1.00,1.00,1.00,1.00,0.96,0.53,inferred
Stoke-on-Trent,2021-06-08,1.00,1.00,1.00,1.00,1.00,0.87,0.16,inferred
Stoke-on-Trent,2021-06-09,1.00,1.00,1.00,1.00,1.00,0.87,0.16,inferred
Stoke-on-Trent,2021-06-10,1.00,1.00,1.00,1.00,1.00,0.87,0.16,inferred
Stoke-on-Trent,2021-06-11,1.00,1.00,1.00,1.00,1.00,0.87,0.16,inferred
Stoke-on-Trent,2021-06-12,1.00,1.00,1.00,1.00,1.00,0.87,0.16,inferred
Stoke-on-Trent,2021-06-13,1.00,1.00,1.00,1.00,1.00,0.87,0.16,inferred
Stoke-on-Trent,2021-06-14,1.00,1.00,1.00,1.00,1.00,0.87,0.16,inferred
Stoke-on-Trent,2021-06-15,1.00,1.00,1.00,1.00,1.00,0.88,0.12,inferred
Stoke-on-Trent,2021-06-16,1.00,1.00,1.00,1.00,1.00,0.88,0.12,inferred
Stoke-on-Trent,2021-06-17,1.00,1.00,1.00,1.00,1.00,0.88,0.12,inferred
Stoke-on-Trent,2021-06-18,1.00,1.00,1.00,1.00,1.00,0.88,0.12,inferred
Stoke-on-Trent,2021-06-19,1.00,1.00,1.00,1.00,1.00,0.88,0.12,inferred
Stoke-on-Trent,2021-06-20,1.00,1.00,1.00,1.00,1.00,0.88,0.12,inferred
Stoke-on-Trent,2021-06-21,1.00,1.00,1.00,1.00,1.00,0.88,0.12,inferred
Stoke-on-Trent,2021-06-22,1.00,1.00,1.00,1.00,1.00,0.96,0.39,inferred
Stoke-on-Trent,2021-06-23,1.00,1.00,1.00,1.00,1.00,0.96,0.39,inferred
Stoke-on-Trent,2021-06-24,1.00,1.00,1.00,1.00,1.00,0.96,0.39,inferred
Stoke-on-Trent,2021-06-25,1.00,1.00,1.00,1.00,1.00,0.96,0.39,inferred
Stoke-on-Trent,2021-06-26,1.00,1.00,1.00,1.00,1.00,0.96,0.39,inferred
Stoke-on-Trent,2021-06-27,1.00,1.00,1.00,1.00,1.00,0.96,0.39,inferred
Stoke-on-Trent,2021-06-28,1.00,1.00,1.00,1.00,1.00,0.96,0.39,inferred
Stoke-on-Trent,2021-06-29,1.00,1.00,0.99,0.97,0.91,0.56,0.05,inferred
Stoke-on-Trent,2021-06-30,1.00,1.00,0.99,0.97,0.91,0.56,0.05,inferred
Stoke-on-Trent,2021-07-01,1.00,1.00,0.99,0.97,0.91,0.56,0.05,inferred
Stoke-on-Trent,2021-07-02,1.00,1.00,0.99,0.97,0.91,0.56,0.05,inferred
Stoke-on-Trent,2021-07-03,1.00,1.00,0.99,0.97,0.91,0.56,0.05,inferred
Stoke-on-Trent,2021-07-04,1.00,1.00,0.99,0.97,0.91,0.56,0.05,inferred
Stoke-on-Trent,2021-07-05,1.00,1.00,0.99,0.97,0.91,0.56,0.05,inferred
Stoke-on-Trent,2021-07-06,0.98,0.96,0.90,0.84,0.75,0.46,0.14,projected
Stoke-on-Trent,2021-07-07,0.98,0.96,0.90,0.84,0.75,0.46,0.14,projected
Stoke-on-Trent,2021-07-08,0.98,0.96,0.90,0.84,0.75,0.46,0.14,projected
Stoke-on-Trent,2021-07-09,0.98,0.96,0.90,0.84,0.75,0.46,0.14,projected
Stoke-on-Trent,2021-07-10,0.98,0.96,0.90,0.84,0.75,0.46,0.14,projected
Stoke-on-Trent,2021-07-11,0.98,0.96,0.90,0.84,0.75,0.46,0.14,projected
Stoke-on-Trent,2021-07-12,0.98,0.96,0.90,0.84,0.75,0.46,0.14,projected
Stoke-on-Trent,2021-07-13,0.95,0.90,0.84,0.77,0.68,0.44,0.18,projected
Stoke-on-Trent,2021-07-14,0.95,0.90,0.84,0.77,0.68,0.44,0.18,projected
Stoke-on-Trent,2021-07-15,0.95,0.90,0.84,0.77,0.68,0.44,0.18,projected
Stoke-on-Trent,2021-07-16,0.95,0.90,0.84,0.77,0.68,0.44,0.18,projected
Stoke-on-Trent,2021-07-17,0.95,0.90,0.84,0.77,0.68,0.44,0.18,projected
Stoke-on-Trent,2021-07-18,0.95,0.90,0.84,0.77,0.68,0.44,0.18,projected
Stoke-on-Trent,2021-07-19,0.95,0.90,0.84,0.77,0.68,0.44,0.18,projected
Stoke-on-Trent,2021-07-20,0.94,0.88,0.81,0.73,0.65,0.42,0.20,projected
Stoke-on-Trent,2021-07-21,0.94,0.88,0.81,0.73,0.65,0.42,0.20,projected
Stoke-on-Trent,2021-07-22,0.94,0.88,0.81,0.73,0.65,0.42,0.20,projected
Stoke-on-Trent,2021-07-23,0.94,0.88,0.81,0.73,0.65,0.42,0.20,projected
Stoke-on-Trent,2021-07-24,0.94,0.88,0.81,0.73,0.65,0.42,0.20,projected
Stoke-on-Trent,2021-07-25,0.94,0.88,0.81,0.73,0.65,0.42,0.20,projected
Stoke-on-Trent,2021-07-26,0.94,0.88,0.81,0.73,0.65,0.42,0.20,projected
Stratford-on-Avon,2021-03-23,0.26,0.08,0.02,0.00,0.00,0.00,0.00,inferred
Stratford-on-Avon,2021-03-24,0.26,0.08,0.02,0.00,0.00,0.00,0.00,inferred
Stratford-on-Avon,2021-03-25,0.26,0.08,0.02,0.00,0.00,0.00,0.00,inferred
Stratford-on-Avon,2021-03-26,0.26,0.08,0.02,0.00,0.00,0.00,0.00,inferred
Stratford-on-Avon,2021-03-27,0.26,0.08,0.02,0.00,0.00,0.00,0.00,inferred
Stratford-on-Avon,2021-03-28,0.26,0.08,0.02,0.00,0.00,0.00,0.00,inferred
Stratford-on-Avon,2021-03-29,0.26,0.08,0.02,0.00,0.00,0.00,0.00,inferred
Stratford-on-Avon,2021-03-30,0.05,0.01,0.00,0.00,0.00,0.00,0.00,inferred
Stratford-on-Avon,2021-03-31,0.05,0.01,0.00,0.00,0.00,0.00,0.00,inferred
Stratford-on-Avon,2021-04-01,0.05,0.01,0.00,0.00,0.00,0.00,0.00,inferred
Stratford-on-Avon,2021-04-02,0.05,0.01,0.00,0.00,0.00,0.00,0.00,inferred
Stratford-on-Avon,2021-04-03,0.05,0.01,0.00,0.00,0.00,0.00,0.00,inferred
Stratford-on-Avon,2021-04-04,0.05,0.01,0.00,0.00,0.00,0.00,0.00,inferred
Stratford-on-Avon,2021-04-05,0.05,0.01,0.00,0.00,0.00,0.00,0.00,inferred
Stratford-on-Avon,2021-04-06,0.09,0.03,0.02,0.00,0.00,0.00,0.00,inferred
Stratford-on-Avon,2021-04-07,0.09,0.03,0.02,0.00,0.00,0.00,0.00,inferred
Stratford-on-Avon,2021-04-08,0.09,0.03,0.02,0.00,0.00,0.00,0.00,inferred
Stratford-on-Avon,2021-04-09,0.09,0.03,0.02,0.00,0.00,0.00,0.00,inferred
Stratford-on-Avon,2021-04-10,0.09,0.03,0.02,0.00,0.00,0.00,0.00,inferred
Stratford-on-Avon,2021-04-11,0.09,0.03,0.02,0.00,0.00,0.00,0.00,inferred
Stratford-on-Avon,2021-04-12,0.09,0.03,0.02,0.00,0.00,0.00,0.00,inferred
Stratford-on-Avon,2021-04-13,0.42,0.25,0.14,0.07,0.03,0.00,0.00,inferred
Stratford-on-Avon,2021-04-14,0.42,0.25,0.14,0.07,0.03,0.00,0.00,inferred
Stratford-on-Avon,2021-04-15,0.42,0.25,0.14,0.07,0.03,0.00,0.00,inferred
Stratford-on-Avon,2021-04-16,0.42,0.25,0.14,0.07,0.03,0.00,0.00,inferred
Stratford-on-Avon,2021-04-17,0.42,0.25,0.14,0.07,0.03,0.00,0.00,inferred
Stratford-on-Avon,2021-04-18,0.42,0.25,0.14,0.07,0.03,0.00,0.00,inferred
Stratford-on-Avon,2021-04-19,0.42,0.25,0.14,0.07,0.03,0.00,0.00,inferred
Stratford-on-Avon,2021-04-20,0.78,0.62,0.44,0.29,0.17,0.02,0.00,inferred
Stratford-on-Avon,2021-04-21,0.78,0.62,0.44,0.29,0.17,0.02,0.00,inferred
Stratford-on-Avon,2021-04-22,0.78,0.62,0.44,0.29,0.17,0.02,0.00,inferred
Stratford-on-Avon,2021-04-23,0.78,0.62,0.44,0.29,0.17,0.02,0.00,inferred
Stratford-on-Avon,2021-04-24,0.78,0.62,0.44,0.29,0.17,0.02,0.00,inferred
Stratford-on-Avon,2021-04-25,0.78,0.62,0.44,0.29,0.17,0.02,0.00,inferred
Stratford-on-Avon,2021-04-26,0.78,0.62,0.44,0.29,0.17,0.02,0.00,inferred
Stratford-on-Avon,2021-04-27,0.82,0.67,0.50,0.35,0.24,0.03,0.00,inferred
Stratford-on-Avon,2021-04-28,0.82,0.67,0.50,0.35,0.24,0.03,0.00,inferred
Stratford-on-Avon,2021-04-29,0.82,0.67,0.50,0.35,0.24,0.03,0.00,inferred
Stratford-on-Avon,2021-04-30,0.82,0.67,0.50,0.35,0.24,0.03,0.00,inferred
Stratford-on-Avon,2021-05-01,0.82,0.67,0.50,0.35,0.24,0.03,0.00,inferred
Stratford-on-Avon,2021-05-02,0.82,0.67,0.50,0.35,0.24,0.03,0.00,inferred
Stratford-on-Avon,2021-05-03,0.82,0.67,0.50,0.35,0.24,0.03,0.00,inferred
Stratford-on-Avon,2021-05-04,0.66,0.50,0.33,0.19,0.11,0.01,0.00,inferred
Stratford-on-Avon,2021-05-05,0.66,0.50,0.33,0.19,0.11,0.01,0.00,inferred
Stratford-on-Avon,2021-05-06,0.66,0.50,0.33,0.19,0.11,0.01,0.00,inferred
Stratford-on-Avon,2021-05-07,0.66,0.50,0.33,0.19,0.11,0.01,0.00,inferred
Stratford-on-Avon,2021-05-08,0.66,0.50,0.33,0.19,0.11,0.01,0.00,inferred
Stratford-on-Avon,2021-05-09,0.66,0.50,0.33,0.19,0.11,0.01,0.00,inferred
Stratford-on-Avon,2021-05-10,0.66,0.50,0.33,0.19,0.11,0.01,0.00,inferred
Stratford-on-Avon,2021-05-11,0.89,0.79,0.67,0.53,0.38,0.09,0.00,inferred
Stratford-on-Avon,2021-05-12,0.89,0.79,0.67,0.53,0.38,0.09,0.00,inferred
Stratford-on-Avon,2021-05-13,0.89,0.79,0.67,0.53,0.38,0.09,0.00,inferred
Stratford-on-Avon,2021-05-14,0.89,0.79,0.67,0.53,0.38,0.09,0.00,inferred
Stratford-on-Avon,2021-05-15,0.89,0.79,0.67,0.53,0.38,0.09,0.00,inferred
Stratford-on-Avon,2021-05-16,0.89,0.79,0.67,0.53,0.38,0.09,0.00,inferred
Stratford-on-Avon,2021-05-17,0.89,0.79,0.67,0.53,0.38,0.09,0.00,inferred
Stratford-on-Avon,2021-05-18,0.96,0.92,0.83,0.71,0.57,0.21,0.02,inferred
Stratford-on-Avon,2021-05-19,0.96,0.92,0.83,0.71,0.57,0.21,0.02,inferred
Stratford-on-Avon,2021-05-20,0.96,0.92,0.83,0.71,0.57,0.21,0.02,inferred
Stratford-on-Avon,2021-05-21,0.96,0.92,0.83,0.71,0.57,0.21,0.02,inferred
Stratford-on-Avon,2021-05-22,0.96,0.92,0.83,0.71,0.57,0.21,0.02,inferred
Stratford-on-Avon,2021-05-23,0.96,0.92,0.83,0.71,0.57,0.21,0.02,inferred
Stratford-on-Avon,2021-05-24,0.96,0.92,0.83,0.71,0.57,0.21,0.02,inferred
Stratford-on-Avon,2021-05-25,1.00,1.00,0.99,0.98,0.95,0.71,0.19,inferred
Stratford-on-Avon,2021-05-26,1.00,1.00,0.99,0.98,0.95,0.71,0.19,inferred
Stratford-on-Avon,2021-05-27,1.00,1.00,0.99,0.98,0.95,0.71,0.19,inferred
Stratford-on-Avon,2021-05-28,1.00,1.00,0.99,0.98,0.95,0.71,0.19,inferred
Stratford-on-Avon,2021-05-29,1.00,1.00,0.99,0.98,0.95,0.71,0.19,inferred
Stratford-on-Avon,2021-05-30,1.00,1.00,0.99,0.98,0.95,0.71,0.19,inferred
Stratford-on-Avon,2021-05-31,1.00,1.00,0.99,0.98,0.95,0.71,0.19,inferred
Stratford-on-Avon,2021-06-01,1.00,1.00,1.00,0.99,0.97,0.75,0.19,inferred
Stratford-on-Avon,2021-06-02,1.00,1.00,1.00,0.99,0.97,0.75,0.19,inferred
Stratford-on-Avon,2021-06-03,1.00,1.00,1.00,0.99,0.97,0.75,0.19,inferred
Stratford-on-Avon,2021-06-04,1.00,1.00,1.00,0.99,0.97,0.75,0.19,inferred
Stratford-on-Avon,2021-06-05,1.00,1.00,1.00,0.99,0.97,0.75,0.19,inferred
Stratford-on-Avon,2021-06-06,1.00,1.00,1.00,0.99,0.97,0.75,0.19,inferred
Stratford-on-Avon,2021-06-07,1.00,1.00,1.00,0.99,0.97,0.75,0.19,inferred
Stratford-on-Avon,2021-06-08,1.00,1.00,1.00,1.00,1.00,0.87,0.29,inferred
Stratford-on-Avon,2021-06-09,1.00,1.00,1.00,1.00,1.00,0.87,0.29,inferred
Stratford-on-Avon,2021-06-10,1.00,1.00,1.00,1.00,1.00,0.87,0.29,inferred
Stratford-on-Avon,2021-06-11,1.00,1.00,1.00,1.00,1.00,0.87,0.29,inferred
Stratford-on-Avon,2021-06-12,1.00,1.00,1.00,1.00,1.00,0.87,0.29,inferred
Stratford-on-Avon,2021-06-13,1.00,1.00,1.00,1.00,1.00,0.87,0.29,inferred
Stratford-on-Avon,2021-06-14,1.00,1.00,1.00,1.00,1.00,0.87,0.29,inferred
Stratford-on-Avon,2021-06-15,1.00,1.00,1.00,1.00,1.00,0.99,0.80,inferred
Stratford-on-Avon,2021-06-16,1.00,1.00,1.00,1.00,1.00,0.99,0.80,inferred
Stratford-on-Avon,2021-06-17,1.00,1.00,1.00,1.00,1.00,0.99,0.80,inferred
Stratford-on-Avon,2021-06-18,1.00,1.00,1.00,1.00,1.00,0.99,0.80,inferred
Stratford-on-Avon,2021-06-19,1.00,1.00,1.00,1.00,1.00,0.99,0.80,inferred
Stratford-on-Avon,2021-06-20,1.00,1.00,1.00,1.00,1.00,0.99,0.80,inferred
Stratford-on-Avon,2021-06-21,1.00,1.00,1.00,1.00,1.00,0.99,0.80,inferred
Stratford-on-Avon,2021-06-22,1.00,1.00,1.00,1.00,1.00,0.91,0.35,inferred
Stratford-on-Avon,2021-06-23,1.00,1.00,1.00,1.00,1.00,0.91,0.35,inferred
Stratford-on-Avon,2021-06-24,1.00,1.00,1.00,1.00,1.00,0.91,0.35,inferred
Stratford-on-Avon,2021-06-25,1.00,1.00,1.00,1.00,1.00,0.91,0.35,inferred
Stratford-on-Avon,2021-06-26,1.00,1.00,1.00,1.00,1.00,0.91,0.35,inferred
Stratford-on-Avon,2021-06-27,1.00,1.00,1.00,1.00,1.00,0.91,0.35,inferred
Stratford-on-Avon,2021-06-28,1.00,1.00,1.00,1.00,1.00,0.91,0.35,inferred
Stratford-on-Avon,2021-06-29,0.98,0.92,0.80,0.64,0.48,0.12,0.00,inferred
Stratford-on-Avon,2021-06-30,0.98,0.92,0.80,0.64,0.48,0.12,0.00,inferred
Stratford-on-Avon,2021-07-01,0.98,0.92,0.80,0.64,0.48,0.12,0.00,inferred
Stratford-on-Avon,2021-07-02,0.98,0.92,0.80,0.64,0.48,0.12,0.00,inferred
Stratford-on-Avon,2021-07-03,0.98,0.92,0.80,0.64,0.48,0.12,0.00,inferred
Stratford-on-Avon,2021-07-04,0.98,0.92,0.80,0.64,0.48,0.12,0.00,inferred
Stratford-on-Avon,2021-07-05,0.98,0.92,0.80,0.64,0.48,0.12,0.00,inferred
Stratford-on-Avon,2021-07-06,0.93,0.83,0.70,0.58,0.46,0.19,0.04,projected
Stratford-on-Avon,2021-07-07,0.93,0.83,0.70,0.58,0.46,0.19,0.04,projected
Stratford-on-Avon,2021-07-08,0.93,0.83,0.70,0.58,0.46,0.19,0.04,projected
Stratford-on-Avon,2021-07-09,0.93,0.83,0.70,0.58,0.46,0.19,0.04,projected
Stratford-on-Avon,2021-07-10,0.93,0.83,0.70,0.58,0.46,0.19,0.04,projected
Stratford-on-Avon,2021-07-11,0.93,0.83,0.70,0.58,0.46,0.19,0.04,projected
Stratford-on-Avon,2021-07-12,0.93,0.83,0.70,0.58,0.46,0.19,0.04,projected
Stratford-on-Avon,2021-07-13,0.90,0.81,0.70,0.59,0.48,0.24,0.07,projected
Stratford-on-Avon,2021-07-14,0.90,0.81,0.70,0.59,0.48,0.24,0.07,projected
Stratford-on-Avon,2021-07-15,0.90,0.81,0.70,0.59,0.48,0.24,0.07,projected
Stratford-on-Avon,2021-07-16,0.90,0.81,0.70,0.59,0.48,0.24,0.07,projected
Stratford-on-Avon,2021-07-17,0.90,0.81,0.70,0.59,0.48,0.24,0.07,projected
Stratford-on-Avon,2021-07-18,0.90,0.81,0.70,0.59,0.48,0.24,0.07,projected
Stratford-on-Avon,2021-07-19,0.90,0.81,0.70,0.59,0.48,0.24,0.07,projected
Stratford-on-Avon,2021-07-20,0.91,0.84,0.76,0.65,0.54,0.30,0.10,projected
Stratford-on-Avon,2021-07-21,0.91,0.84,0.76,0.65,0.54,0.30,0.10,projected
Stratford-on-Avon,2021-07-22,0.91,0.84,0.76,0.65,0.54,0.30,0.10,projected
Stratford-on-Avon,2021-07-23,0.91,0.84,0.76,0.65,0.54,0.30,0.10,projected
Stratford-on-Avon,2021-07-24,0.91,0.84,0.76,0.65,0.54,0.30,0.10,projected
Stratford-on-Avon,2021-07-25,0.91,0.84,0.76,0.65,0.54,0.30,0.10,projected
Stratford-on-Avon,2021-07-26,0.91,0.84,0.76,0.65,0.54,0.30,0.10,projected
Stroud,2021-03-23,0.01,0.00,0.00,0.00,0.00,0.00,0.00,inferred
Stroud,2021-03-24,0.01,0.00,0.00,0.00,0.00,0.00,0.00,inferred
Stroud,2021-03-25,0.01,0.00,0.00,0.00,0.00,0.00,0.00,inferred
Stroud,2021-03-26,0.01,0.00,0.00,0.00,0.00,0.00,0.00,inferred
Stroud,2021-03-27,0.01,0.00,0.00,0.00,0.00,0.00,0.00,inferred
Stroud,2021-03-28,0.01,0.00,0.00,0.00,0.00,0.00,0.00,inferred
Stroud,2021-03-29,0.01,0.00,0.00,0.00,0.00,0.00,0.00,inferred
Stroud,2021-03-30,0.21,0.11,0.05,0.02,0.01,0.00,0.00,inferred
Stroud,2021-03-31,0.21,0.11,0.05,0.02,0.01,0.00,0.00,inferred
Stroud,2021-04-01,0.21,0.11,0.05,0.02,0.01,0.00,0.00,inferred
Stroud,2021-04-02,0.21,0.11,0.05,0.02,0.01,0.00,0.00,inferred
Stroud,2021-04-03,0.21,0.11,0.05,0.02,0.01,0.00,0.00,inferred
Stroud,2021-04-04,0.21,0.11,0.05,0.02,0.01,0.00,0.00,inferred
Stroud,2021-04-05,0.21,0.11,0.05,0.02,0.01,0.00,0.00,inferred
Stroud,2021-04-06,0.90,0.82,0.71,0.57,0.45,0.15,0.01,inferred
Stroud,2021-04-07,0.90,0.82,0.71,0.57,0.45,0.15,0.01,inferred
Stroud,2021-04-08,0.90,0.82,0.71,0.57,0.45,0.15,0.01,inferred
Stroud,2021-04-09,0.90,0.82,0.71,0.57,0.45,0.15,0.01,inferred
Stroud,2021-04-10,0.90,0.82,0.71,0.57,0.45,0.15,0.01,inferred
Stroud,2021-04-11,0.90,0.82,0.71,0.57,0.45,0.15,0.01,inferred
Stroud,2021-04-12,0.90,0.82,0.71,0.57,0.45,0.15,0.01,inferred
Stroud,2021-04-13,0.92,0.85,0.76,0.65,0.53,0.18,0.01,inferred
Stroud,2021-04-14,0.92,0.85,0.76,0.65,0.53,0.18,0.01,inferred
Stroud,2021-04-15,0.92,0.85,0.76,0.65,0.53,0.18,0.01,inferred
Stroud,2021-04-16,0.92,0.85,0.76,0.65,0.53,0.18,0.01,inferred
Stroud,2021-04-17,0.92,0.85,0.76,0.65,0.53,0.18,0.01,inferred
Stroud,2021-04-18,0.92,0.85,0.76,0.65,0.53,0.18,0.01,inferred
Stroud,2021-04-19,0.92,0.85,0.76,0.65,0.53,0.18,0.01,inferred
Stroud,2021-04-20,0.92,0.83,0.69,0.55,0.42,0.12,0.00,inferred
Stroud,2021-04-21,0.92,0.83,0.69,0.55,0.42,0.12,0.00,inferred
Stroud,2021-04-22,0.92,0.83,0.69,0.55,0.42,0.12,0.00,inferred
Stroud,2021-04-23,0.92,0.83,0.69,0.55,0.42,0.12,0.00,inferred
Stroud,2021-04-24,0.92,0.83,0.69,0.55,0.42,0.12,0.00,inferred
Stroud,2021-04-25,0.92,0.83,0.69,0.55,0.42,0.12,0.00,inferred
Stroud,2021-04-26,0.92,0.83,0.69,0.55,0.42,0.12,0.00,inferred
Stroud,2021-04-27,0.87,0.76,0.62,0.45,0.31,0.07,0.00,inferred
Stroud,2021-04-28,0.87,0.76,0.62,0.45,0.31,0.07,0.00,inferred
Stroud,2021-04-29,0.87,0.76,0.62,0.45,0.31,0.07,0.00,inferred
Stroud,2021-04-30,0.87,0.76,0.62,0.45,0.31,0.07,0.00,inferred
Stroud,2021-05-01,0.87,0.76,0.62,0.45,0.31,0.07,0.00,inferred
Stroud,2021-05-02,0.87,0.76,0.62,0.45,0.31,0.07,0.00,inferred
Stroud,2021-05-03,0.87,0.76,0.62,0.45,0.31,0.07,0.00,inferred
Stroud,2021-05-04,0.85,0.73,0.57,0.40,0.26,0.05,0.00,inferred
Stroud,2021-05-05,0.85,0.73,0.57,0.40,0.26,0.05,0.00,inferred
Stroud,2021-05-06,0.85,0.73,0.57,0.40,0.26,0.05,0.00,inferred
Stroud,2021-05-07,0.85,0.73,0.57,0.40,0.26,0.05,0.00,inferred
Stroud,2021-05-08,0.85,0.73,0.57,0.40,0.26,0.05,0.00,inferred
Stroud,2021-05-09,0.85,0.73,0.57,0.40,0.26,0.05,0.00,inferred
Stroud,2021-05-10,0.85,0.73,0.57,0.40,0.26,0.05,0.00,inferred
Stroud,2021-05-11,0.38,0.23,0.12,0.05,0.03,0.00,0.00,inferred
Stroud,2021-05-12,0.38,0.23,0.12,0.05,0.03,0.00,0.00,inferred
Stroud,2021-05-13,0.38,0.23,0.12,0.05,0.03,0.00,0.00,inferred
Stroud,2021-05-14,0.38,0.23,0.12,0.05,0.03,0.00,0.00,inferred
Stroud,2021-05-15,0.38,0.23,0.12,0.05,0.03,0.00,0.00,inferred
Stroud,2021-05-16,0.38,0.23,0.12,0.05,0.03,0.00,0.00,inferred
Stroud,2021-05-17,0.38,0.23,0.12,0.05,0.03,0.00,0.00,inferred
Stroud,2021-05-18,0.81,0.65,0.51,0.38,0.25,0.05,0.00,inferred
Stroud,2021-05-19,0.81,0.65,0.51,0.38,0.25,0.05,0.00,inferred
Stroud,2021-05-20,0.81,0.65,0.51,0.38,0.25,0.05,0.00,inferred
Stroud,2021-05-21,0.81,0.65,0.51,0.38,0.25,0.05,0.00,inferred
Stroud,2021-05-22,0.81,0.65,0.51,0.38,0.25,0.05,0.00,inferred
Stroud,2021-05-23,0.81,0.65,0.51,0.38,0.25,0.05,0.00,inferred
Stroud,2021-05-24,0.81,0.65,0.51,0.38,0.25,0.05,0.00,inferred
Stroud,2021-05-25,1.00,1.00,1.00,1.00,0.99,0.92,0.53,inferred
Stroud,2021-05-26,1.00,1.00,1.00,1.00,0.99,0.92,0.53,inferred
Stroud,2021-05-27,1.00,1.00,1.00,1.00,0.99,0.92,0.53,inferred
Stroud,2021-05-28,1.00,1.00,1.00,1.00,0.99,0.92,0.53,inferred
Stroud,2021-05-29,1.00,1.00,1.00,1.00,0.99,0.92,0.53,inferred
Stroud,2021-05-30,1.00,1.00,1.00,1.00,0.99,0.92,0.53,inferred
Stroud,2021-05-31,1.00,1.00,1.00,1.00,0.99,0.92,0.53,inferred
Stroud,2021-06-01,1.00,1.00,1.00,1.00,0.99,0.91,0.47,inferred
Stroud,2021-06-02,1.00,1.00,1.00,1.00,0.99,0.91,0.47,inferred
Stroud,2021-06-03,1.00,1.00,1.00,1.00,0.99,0.91,0.47,inferred
Stroud,2021-06-04,1.00,1.00,1.00,1.00,0.99,0.91,0.47,inferred
Stroud,2021-06-05,1.00,1.00,1.00,1.00,0.99,0.91,0.47,inferred
Stroud,2021-06-06,1.00,1.00,1.00,1.00,0.99,0.91,0.47,inferred
Stroud,2021-06-07,1.00,1.00,1.00,1.00,0.99,0.91,0.47,inferred
Stroud,2021-06-08,1.00,1.00,1.00,1.00,0.99,0.83,0.30,inferred
Stroud,2021-06-09,1.00,1.00,1.00,1.00,0.99,0.83,0.30,inferred
Stroud,2021-06-10,1.00,1.00,1.00,1.00,0.99,0.83,0.30,inferred
Stroud,2021-06-11,1.00,1.00,1.00,1.00,0.99,0.83,0.30,inferred
Stroud,2021-06-12,1.00,1.00,1.00,1.00,0.99,0.83,0.30,inferred
Stroud,2021-06-13,1.00,1.00,1.00,1.00,0.99,0.83,0.30,inferred
Stroud,2021-06-14,1.00,1.00,1.00,1.00,0.99,0.83,0.30,inferred
Stroud,2021-06-15,1.00,1.00,1.00,1.00,0.98,0.71,0.09,inferred
Stroud,2021-06-16,1.00,1.00,1.00,1.00,0.98,0.71,0.09,inferred
Stroud,2021-06-17,1.00,1.00,1.00,1.00,0.98,0.71,0.09,inferred
Stroud,2021-06-18,1.00,1.00,1.00,1.00,0.98,0.71,0.09,inferred
Stroud,2021-06-19,1.00,1.00,1.00,1.00,0.98,0.71,0.09,inferred
Stroud,2021-06-20,1.00,1.00,1.00,1.00,0.98,0.71,0.09,inferred
Stroud,2021-06-21,1.00,1.00,1.00,1.00,0.98,0.71,0.09,inferred
Stroud,2021-06-22,1.00,1.00,1.00,1.00,1.00,0.89,0.30,inferred
Stroud,2021-06-23,1.00,1.00,1.00,1.00,1.00,0.89,0.30,inferred
Stroud,2021-06-24,1.00,1.00,1.00,1.00,1.00,0.89,0.30,inferred
Stroud,2021-06-25,1.00,1.00,1.00,1.00,1.00,0.89,0.30,inferred
Stroud,2021-06-26,1.00,1.00,1.00,1.00,1.00,0.89,0.30,inferred
Stroud,2021-06-27,1.00,1.00,1.00,1.00,1.00,0.89,0.30,inferred
Stroud,2021-06-28,1.00,1.00,1.00,1.00,1.00,0.89,0.30,inferred
Stroud,2021-06-29,0.98,0.93,0.85,0.72,0.56,0.20,0.01,inferred
Stroud,2021-06-30,0.98,0.93,0.85,0.72,0.56,0.20,0.01,inferred
Stroud,2021-07-01,0.98,0.93,0.85,0.72,0.56,0.20,0.01,inferred
Stroud,2021-07-02,0.98,0.93,0.85,0.72,0.56,0.20,0.01,inferred
Stroud,2021-07-03,0.98,0.93,0.85,0.72,0.56,0.20,0.01,inferred
Stroud,2021-07-04,0.98,0.93,0.85,0.72,0.56,0.20,0.01,inferred
Stroud,2021-07-05,0.98,0.93,0.85,0.72,0.56,0.20,0.01,inferred
Stroud,2021-07-06,0.91,0.83,0.75,0.64,0.54,0.30,0.08,projected
Stroud,2021-07-07,0.91,0.83,0.75,0.64,0.54,0.30,0.08,projected
Stroud,2021-07-08,0.91,0.83,0.75,0.64,0.54,0.30,0.08,projected
Stroud,2021-07-09,0.91,0.83,0.75,0.64,0.54,0.30,0.08,projected
Stroud,2021-07-10,0.91,0.83,0.75,0.64,0.54,0.30,0.08,projected
Stroud,2021-07-11,0.91,0.83,0.75,0.64,0.54,0.30,0.08,projected
Stroud,2021-07-12,0.91,0.83,0.75,0.64,0.54,0.30,0.08,projected
Stroud,2021-07-13,0.88,0.82,0.73,0.65,0.56,0.34,0.13,projected
Stroud,2021-07-14,0.88,0.82,0.73,0.65,0.56,0.34,0.13,projected
Stroud,2021-07-15,0.88,0.82,0.73,0.65,0.56,0.34,0.13,projected
Stroud,2021-07-16,0.88,0.82,0.73,0.65,0.56,0.34,0.13,projected
Stroud,2021-07-17,0.88,0.82,0.73,0.65,0.56,0.34,0.13,projected
Stroud,2021-07-18,0.88,0.82,0.73,0.65,0.56,0.34,0.13,projected
Stroud,2021-07-19,0.88,0.82,0.73,0.65,0.56,0.34,0.13,projected
Stroud,2021-07-20,0.87,0.80,0.72,0.66,0.59,0.37,0.18,projected
Stroud,2021-07-21,0.87,0.80,0.72,0.66,0.59,0.37,0.18,projected
Stroud,2021-07-22,0.87,0.80,0.72,0.66,0.59,0.37,0.18,projected
Stroud,2021-07-23,0.87,0.80,0.72,0.66,0.59,0.37,0.18,projected
Stroud,2021-07-24,0.87,0.80,0.72,0.66,0.59,0.37,0.18,projected
Stroud,2021-07-25,0.87,0.80,0.72,0.66,0.59,0.37,0.18,projected
Stroud,2021-07-26,0.87,0.80,0.72,0.66,0.59,0.37,0.18,projected
Sunderland,2021-03-23,0.01,0.00,0.00,0.00,0.00,0.00,0.00,inferred
Sunderland,2021-03-24,0.01,0.00,0.00,0.00,0.00,0.00,0.00,inferred
Sunderland,2021-03-25,0.01,0.00,0.00,0.00,0.00,0.00,0.00,inferred
Sunderland,2021-03-26,0.01,0.00,0.00,0.00,0.00,0.00,0.00,inferred
Sunderland,2021-03-27,0.01,0.00,0.00,0.00,0.00,0.00,0.00,inferred
Sunderland,2021-03-28,0.01,0.00,0.00,0.00,0.00,0.00,0.00,inferred
Sunderland,2021-03-29,0.01,0.00,0.00,0.00,0.00,0.00,0.00,inferred
Sunderland,2021-03-30,0.04,0.01,0.00,0.00,0.00,0.00,0.00,inferred
Sunderland,2021-03-31,0.04,0.01,0.00,0.00,0.00,0.00,0.00,inferred
Sunderland,2021-04-01,0.04,0.01,0.00,0.00,0.00,0.00,0.00,inferred
Sunderland,2021-04-02,0.04,0.01,0.00,0.00,0.00,0.00,0.00,inferred
Sunderland,2021-04-03,0.04,0.01,0.00,0.00,0.00,0.00,0.00,inferred
Sunderland,2021-04-04,0.04,0.01,0.00,0.00,0.00,0.00,0.00,inferred
Sunderland,2021-04-05,0.04,0.01,0.00,0.00,0.00,0.00,0.00,inferred
Sunderland,2021-04-06,0.12,0.03,0.00,0.00,0.00,0.00,0.00,inferred
Sunderland,2021-04-07,0.12,0.03,0.00,0.00,0.00,0.00,0.00,inferred
Sunderland,2021-04-08,0.12,0.03,0.00,0.00,0.00,0.00,0.00,inferred
Sunderland,2021-04-09,0.12,0.03,0.00,0.00,0.00,0.00,0.00,inferred
Sunderland,2021-04-10,0.12,0.03,0.00,0.00,0.00,0.00,0.00,inferred
Sunderland,2021-04-11,0.12,0.03,0.00,0.00,0.00,0.00,0.00,inferred
Sunderland,2021-04-12,0.12,0.03,0.00,0.00,0.00,0.00,0.00,inferred
Sunderland,2021-04-13,0.43,0.21,0.08,0.02,0.01,0.00,0.00,inferred
Sunderland,2021-04-14,0.43,0.21,0.08,0.02,0.01,0.00,0.00,inferred
Sunderland,2021-04-15,0.43,0.21,0.08,0.02,0.01,0.00,0.00,inferred
Sunderland,2021-04-16,0.43,0.21,0.08,0.02,0.01,0.00,0.00,inferred
Sunderland,2021-04-17,0.43,0.21,0.08,0.02,0.01,0.00,0.00,inferred
Sunderland,2021-04-18,0.43,0.21,0.08,0.02,0.01,0.00,0.00,inferred
Sunderland,2021-04-19,0.43,0.21,0.08,0.02,0.01,0.00,0.00,inferred
Sunderland,2021-04-20,0.37,0.17,0.06,0.01,0.00,0.00,0.00,inferred
Sunderland,2021-04-21,0.37,0.17,0.06,0.01,0.00,0.00,0.00,inferred
Sunderland,2021-04-22,0.37,0.17,0.06,0.01,0.00,0.00,0.00,inferred
Sunderland,2021-04-23,0.37,0.17,0.06,0.01,0.00,0.00,0.00,inferred
Sunderland,2021-04-24,0.37,0.17,0.06,0.01,0.00,0.00,0.00,inferred
Sunderland,2021-04-25,0.37,0.17,0.06,0.01,0.00,0.00,0.00,inferred
Sunderland,2021-04-26,0.37,0.17,0.06,0.01,0.00,0.00,0.00,inferred
Sunderland,2021-04-27,0.65,0.44,0.25,0.12,0.05,0.00,0.00,inferred
Sunderland,2021-04-28,0.65,0.44,0.25,0.12,0.05,0.00,0.00,inferred
Sunderland,2021-04-29,0.65,0.44,0.25,0.12,0.05,0.00,0.00,inferred
Sunderland,2021-04-30,0.65,0.44,0.25,0.12,0.05,0.00,0.00,inferred
Sunderland,2021-05-01,0.65,0.44,0.25,0.12,0.05,0.00,0.00,inferred
Sunderland,2021-05-02,0.65,0.44,0.25,0.12,0.05,0.00,0.00,inferred
Sunderland,2021-05-03,0.65,0.44,0.25,0.12,0.05,0.00,0.00,inferred
Sunderland,2021-05-04,0.86,0.70,0.51,0.30,0.17,0.01,0.00,inferred
Sunderland,2021-05-05,0.86,0.70,0.51,0.30,0.17,0.01,0.00,inferred
Sunderland,2021-05-06,0.86,0.70,0.51,0.30,0.17,0.01,0.00,inferred
Sunderland,2021-05-07,0.86,0.70,0.51,0.30,0.17,0.01,0.00,inferred
Sunderland,2021-05-08,0.86,0.70,0.51,0.30,0.17,0.01,0.00,inferred
Sunderland,2021-05-09,0.86,0.70,0.51,0.30,0.17,0.01,0.00,inferred
Sunderland,2021-05-10,0.86,0.70,0.51,0.30,0.17,0.01,0.00,inferred
Sunderland,2021-05-11,0.98,0.93,0.84,0.70,0.52,0.11,0.00,inferred
Sunderland,2021-05-12,0.98,0.93,0.84,0.70,0.52,0.11,0.00,inferred
Sunderland,2021-05-13,0.98,0.93,0.84,0.70,0.52,0.11,0.00,inferred
Sunderland,2021-05-14,0.98,0.93,0.84,0.70,0.52,0.11,0.00,inferred
Sunderland,2021-05-15,0.98,0.93,0.84,0.70,0.52,0.11,0.00,inferred
Sunderland,2021-05-16,0.98,0.93,0.84,0.70,0.52,0.11,0.00,inferred
Sunderland,2021-05-17,0.98,0.93,0.84,0.70,0.52,0.11,0.00,inferred
Sunderland,2021-05-18,1.00,0.99,0.97,0.93,0.83,0.36,0.02,inferred
Sunderland,2021-05-19,1.00,0.99,0.97,0.93,0.83,0.36,0.02,inferred
Sunderland,2021-05-20,1.00,0.99,0.97,0.93,0.83,0.36,0.02,inferred
Sunderland,2021-05-21,1.00,0.99,0.97,0.93,0.83,0.36,0.02,inferred
Sunderland,2021-05-22,1.00,0.99,0.97,0.93,0.83,0.36,0.02,inferred
Sunderland,2021-05-23,1.00,0.99,0.97,0.93,0.83,0.36,0.02,inferred
Sunderland,2021-05-24,1.00,0.99,0.97,0.93,0.83,0.36,0.02,inferred
Sunderland,2021-05-25,1.00,1.00,1.00,1.00,1.00,0.98,0.64,inferred
Sunderland,2021-05-26,1.00,1.00,1.00,1.00,1.00,0.98,0.64,inferred
Sunderland,2021-05-27,1.00,1.00,1.00,1.00,1.00,0.98,0.64,inferred
Sunderland,2021-05-28,1.00,1.00,1.00,1.00,1.00,0.98,0.64,inferred
Sunderland,2021-05-29,1.00,1.00,1.00,1.00,1.00,0.98,0.64,inferred
Sunderland,2021-05-30,1.00,1.00,1.00,1.00,1.00,0.98,0.64,inferred
Sunderland,2021-05-31,1.00,1.00,1.00,1.00,1.00,0.98,0.64,inferred
Sunderland,2021-06-01,1.00,1.00,1.00,1.00,1.00,0.94,0.48,inferred
Sunderland,2021-06-02,1.00,1.00,1.00,1.00,1.00,0.94,0.48,inferred
Sunderland,2021-06-03,1.00,1.00,1.00,1.00,1.00,0.94,0.48,inferred
Sunderland,2021-06-04,1.00,1.00,1.00,1.00,1.00,0.94,0.48,inferred
Sunderland,2021-06-05,1.00,1.00,1.00,1.00,1.00,0.94,0.48,inferred
Sunderland,2021-06-06,1.00,1.00,1.00,1.00,1.00,0.94,0.48,inferred
Sunderland,2021-06-07,1.00,1.00,1.00,1.00,1.00,0.94,0.48,inferred
Sunderland,2021-06-08,1.00,1.00,1.00,1.00,1.00,0.99,0.70,inferred
Sunderland,2021-06-09,1.00,1.00,1.00,1.00,1.00,0.99,0.70,inferred
Sunderland,2021-06-10,1.00,1.00,1.00,1.00,1.00,0.99,0.70,inferred
Sunderland,2021-06-11,1.00,1.00,1.00,1.00,1.00,0.99,0.70,inferred
Sunderland,2021-06-12,1.00,1.00,1.00,1.00,1.00,0.99,0.70,inferred
Sunderland,2021-06-13,1.00,1.00,1.00,1.00,1.00,0.99,0.70,inferred
Sunderland,2021-06-14,1.00,1.00,1.00,1.00,1.00,0.99,0.70,inferred
Sunderland,2021-06-15,1.00,1.00,1.00,1.00,1.00,1.00,0.87,inferred
Sunderland,2021-06-16,1.00,1.00,1.00,1.00,1.00,1.00,0.87,inferred
Sunderland,2021-06-17,1.00,1.00,1.00,1.00,1.00,1.00,0.87,inferred
Sunderland,2021-06-18,1.00,1.00,1.00,1.00,1.00,1.00,0.87,inferred
Sunderland,2021-06-19,1.00,1.00,1.00,1.00,1.00,1.00,0.87,inferred
Sunderland,2021-06-20,1.00,1.00,1.00,1.00,1.00,1.00,0.87,inferred
Sunderland,2021-06-21,1.00,1.00,1.00,1.00,1.00,1.00,0.87,inferred
Sunderland,2021-06-22,1.00,1.00,1.00,1.00,1.00,0.99,0.69,inferred
Sunderland,2021-06-23,1.00,1.00,1.00,1.00,1.00,0.99,0.69,inferred
Sunderland,2021-06-24,1.00,1.00,1.00,1.00,1.00,0.99,0.69,inferred
Sunderland,2021-06-25,1.00,1.00,1.00,1.00,1.00,0.99,0.69,inferred
Sunderland,2021-06-26,1.00,1.00,1.00,1.00,1.00,0.99,0.69,inferred
Sunderland,2021-06-27,1.00,1.00,1.00,1.00,1.00,0.99,0.69,inferred
Sunderland,2021-06-28,1.00,1.00,1.00,1.00,1.00,0.99,0.69,inferred
Sunderland,2021-06-29,1.00,1.00,0.99,0.97,0.89,0.43,0.01,inferred
Sunderland,2021-06-30,1.00,1.00,0.99,0.97,0.89,0.43,0.01,inferred
Sunderland,2021-07-01,1.00,1.00,0.99,0.97,0.89,0.43,0.01,inferred
Sunderland,2021-07-02,1.00,1.00,0.99,0.97,0.89,0.43,0.01,inferred
Sunderland,2021-07-03,1.00,1.00,0.99,0.97,0.89,0.43,0.01,inferred
Sunderland,2021-07-04,1.00,1.00,0.99,0.97,0.89,0.43,0.01,inferred
Sunderland,2021-07-05,1.00,1.00,0.99,0.97,0.89,0.43,0.01,inferred
Sunderland,2021-07-06,0.99,0.96,0.91,0.83,0.73,0.44,0.11,projected
Sunderland,2021-07-07,0.99,0.96,0.91,0.83,0.73,0.44,0.11,projected
Sunderland,2021-07-08,0.99,0.96,0.91,0.83,0.73,0.44,0.11,projected
Sunderland,2021-07-09,0.99,0.96,0.91,0.83,0.73,0.44,0.11,projected
Sunderland,2021-07-10,0.99,0.96,0.91,0.83,0.73,0.44,0.11,projected
Sunderland,2021-07-11,0.99,0.96,0.91,0.83,0.73,0.44,0.11,projected
Sunderland,2021-07-12,0.99,0.96,0.91,0.83,0.73,0.44,0.11,projected
Sunderland,2021-07-13,0.96,0.90,0.84,0.76,0.68,0.42,0.16,projected
Sunderland,2021-07-14,0.96,0.90,0.84,0.76,0.68,0.42,0.16,projected
Sunderland,2021-07-15,0.96,0.90,0.84,0.76,0.68,0.42,0.16,projected
Sunderland,2021-07-16,0.96,0.90,0.84,0.76,0.68,0.42,0.16,projected
Sunderland,2021-07-17,0.96,0.90,0.84,0.76,0.68,0.42,0.16,projected
Sunderland,2021-07-18,0.96,0.90,0.84,0.76,0.68,0.42,0.16,projected
Sunderland,2021-07-19,0.96,0.90,0.84,0.76,0.68,0.42,0.16,projected
Sunderland,2021-07-20,0.94,0.89,0.83,0.76,0.68,0.44,0.19,projected
Sunderland,2021-07-21,0.94,0.89,0.83,0.76,0.68,0.44,0.19,projected
Sunderland,2021-07-22,0.94,0.89,0.83,0.76,0.68,0.44,0.19,projected
Sunderland,2021-07-23,0.94,0.89,0.83,0.76,0.68,0.44,0.19,projected
Sunderland,2021-07-24,0.94,0.89,0.83,0.76,0.68,0.44,0.19,projected
Sunderland,2021-07-25,0.94,0.89,0.83,0.76,0.68,0.44,0.19,projected
Sunderland,2021-07-26,0.94,0.89,0.83,0.76,0.68,0.44,0.19,projected
Surrey Heath,2021-03-23,0.14,0.05,0.02,0.00,0.00,0.00,0.00,inferred
Surrey Heath,2021-03-24,0.14,0.05,0.02,0.00,0.00,0.00,0.00,inferred
Surrey Heath,2021-03-25,0.14,0.05,0.02,0.00,0.00,0.00,0.00,inferred
Surrey Heath,2021-03-26,0.14,0.05,0.02,0.00,0.00,0.00,0.00,inferred
Surrey Heath,2021-03-27,0.14,0.05,0.02,0.00,0.00,0.00,0.00,inferred
Surrey Heath,2021-03-28,0.14,0.05,0.02,0.00,0.00,0.00,0.00,inferred
Surrey Heath,2021-03-29,0.14,0.05,0.02,0.00,0.00,0.00,0.00,inferred
Surrey Heath,2021-03-30,0.62,0.43,0.24,0.13,0.05,0.00,0.00,inferred
Surrey Heath,2021-03-31,0.62,0.43,0.24,0.13,0.05,0.00,0.00,inferred
Surrey Heath,2021-04-01,0.62,0.43,0.24,0.13,0.05,0.00,0.00,inferred
Surrey Heath,2021-04-02,0.62,0.43,0.24,0.13,0.05,0.00,0.00,inferred
Surrey Heath,2021-04-03,0.62,0.43,0.24,0.13,0.05,0.00,0.00,inferred
Surrey Heath,2021-04-04,0.62,0.43,0.24,0.13,0.05,0.00,0.00,inferred
Surrey Heath,2021-04-05,0.62,0.43,0.24,0.13,0.05,0.00,0.00,inferred
Surrey Heath,2021-04-06,0.76,0.60,0.43,0.28,0.16,0.02,0.00,inferred
Surrey Heath,2021-04-07,0.76,0.60,0.43,0.28,0.16,0.02,0.00,inferred
Surrey Heath,2021-04-08,0.76,0.60,0.43,0.28,0.16,0.02,0.00,inferred
Surrey Heath,2021-04-09,0.76,0.60,0.43,0.28,0.16,0.02,0.00,inferred
Surrey Heath,2021-04-10,0.76,0.60,0.43,0.28,0.16,0.02,0.00,inferred
Surrey Heath,2021-04-11,0.76,0.60,0.43,0.28,0.16,0.02,0.00,inferred
Surrey Heath,2021-04-12,0.76,0.60,0.43,0.28,0.16,0.02,0.00,inferred
Surrey Heath,2021-04-13,0.63,0.46,0.30,0.17,0.10,0.01,0.00,inferred
Surrey Heath,2021-04-14,0.63,0.46,0.30,0.17,0.10,0.01,0.00,inferred
Surrey Heath,2021-04-15,0.63,0.46,0.30,0.17,0.10,0.01,0.00,inferred
Surrey Heath,2021-04-16,0.63,0.46,0.30,0.17,0.10,0.01,0.00,inferred
Surrey Heath,2021-04-17,0.63,0.46,0.30,0.17,0.10,0.01,0.00,inferred
Surrey Heath,2021-04-18,0.63,0.46,0.30,0.17,0.10,0.01,0.00,inferred
Surrey Heath,2021-04-19,0.63,0.46,0.30,0.17,0.10,0.01,0.00,inferred
Surrey Heath,2021-04-20,0.63,0.46,0.30,0.19,0.11,0.01,0.00,inferred
Surrey Heath,2021-04-21,0.63,0.46,0.30,0.19,0.11,0.01,0.00,inferred
Surrey Heath,2021-04-22,0.63,0.46,0.30,0.19,0.11,0.01,0.00,inferred
Surrey Heath,2021-04-23,0.63,0.46,0.30,0.19,0.11,0.01,0.00,inferred
Surrey Heath,2021-04-24,0.63,0.46,0.30,0.19,0.11,0.01,0.00,inferred
Surrey Heath,2021-04-25,0.63,0.46,0.30,0.19,0.11,0.01,0.00,inferred
Surrey Heath,2021-04-26,0.63,0.46,0.30,0.19,0.11,0.01,0.00,inferred
Surrey Heath,2021-04-27,0.78,0.63,0.47,0.31,0.20,0.03,0.00,inferred
Surrey Heath,2021-04-28,0.78,0.63,0.47,0.31,0.20,0.03,0.00,inferred
Surrey Heath,2021-04-29,0.78,0.63,0.47,0.31,0.20,0.03,0.00,inferred
Surrey Heath,2021-04-30,0.78,0.63,0.47,0.31,0.20,0.03,0.00,inferred
Surrey Heath,2021-05-01,0.78,0.63,0.47,0.31,0.20,0.03,0.00,inferred
Surrey Heath,2021-05-02,0.78,0.63,0.47,0.31,0.20,0.03,0.00,inferred
Surrey Heath,2021-05-03,0.78,0.63,0.47,0.31,0.20,0.03,0.00,inferred
Surrey Heath,2021-05-04,0.68,0.52,0.36,0.22,0.13,0.02,0.00,inferred
Surrey Heath,2021-05-05,0.68,0.52,0.36,0.22,0.13,0.02,0.00,inferred
Surrey Heath,2021-05-06,0.68,0.52,0.36,0.22,0.13,0.02,0.00,inferred
Surrey Heath,2021-05-07,0.68,0.52,0.36,0.22,0.13,0.02,0.00,inferred
Surrey Heath,2021-05-08,0.68,0.52,0.36,0.22,0.13,0.02,0.00,inferred
Surrey Heath,2021-05-09,0.68,0.52,0.36,0.22,0.13,0.02,0.00,inferred
Surrey Heath,2021-05-10,0.68,0.52,0.36,0.22,0.13,0.02,0.00,inferred
Surrey Heath,2021-05-11,0.98,0.96,0.93,0.88,0.80,0.47,0.08,inferred
Surrey Heath,2021-05-12,0.98,0.96,0.93,0.88,0.80,0.47,0.08,inferred
Surrey Heath,2021-05-13,0.98,0.96,0.93,0.88,0.80,0.47,0.08,inferred
Surrey Heath,2021-05-14,0.98,0.96,0.93,0.88,0.80,0.47,0.08,inferred
Surrey Heath,2021-05-15,0.98,0.96,0.93,0.88,0.80,0.47,0.08,inferred
Surrey Heath,2021-05-16,0.98,0.96,0.93,0.88,0.80,0.47,0.08,inferred
Surrey Heath,2021-05-17,0.98,0.96,0.93,0.88,0.80,0.47,0.08,inferred
Surrey Heath,2021-05-18,1.00,1.00,1.00,1.00,1.00,0.99,0.82,inferred
Surrey Heath,2021-05-19,1.00,1.00,1.00,1.00,1.00,0.99,0.82,inferred
Surrey Heath,2021-05-20,1.00,1.00,1.00,1.00,1.00,0.99,0.82,inferred
Surrey Heath,2021-05-21,1.00,1.00,1.00,1.00,1.00,0.99,0.82,inferred
Surrey Heath,2021-05-22,1.00,1.00,1.00,1.00,1.00,0.99,0.82,inferred
Surrey Heath,2021-05-23,1.00,1.00,1.00,1.00,1.00,0.99,0.82,inferred
Surrey Heath,2021-05-24,1.00,1.00,1.00,1.00,1.00,0.99,0.82,inferred
Surrey Heath,2021-05-25,1.00,1.00,1.00,0.99,0.97,0.81,0.24,inferred
Surrey Heath,2021-05-26,1.00,1.00,1.00,0.99,0.97,0.81,0.24,inferred
Surrey Heath,2021-05-27,1.00,1.00,1.00,0.99,0.97,0.81,0.24,inferred
Surrey Heath,2021-05-28,1.00,1.00,1.00,0.99,0.97,0.81,0.24,inferred
Surrey Heath,2021-05-29,1.00,1.00,1.00,0.99,0.97,0.81,0.24,inferred
Surrey Heath,2021-05-30,1.00,1.00,1.00,0.99,0.97,0.81,0.24,inferred
Surrey Heath,2021-05-31,1.00,1.00,1.00,0.99,0.97,0.81,0.24,inferred
Surrey Heath,2021-06-01,1.00,0.98,0.92,0.80,0.62,0.15,0.00,inferred
Surrey Heath,2021-06-02,1.00,0.98,0.92,0.80,0.62,0.15,0.00,inferred
Surrey Heath,2021-06-03,1.00,0.98,0.92,0.80,0.62,0.15,0.00,inferred
Surrey Heath,2021-06-04,1.00,0.98,0.92,0.80,0.62,0.15,0.00,inferred
Surrey Heath,2021-06-05,1.00,0.98,0.92,0.80,0.62,0.15,0.00,inferred
Surrey Heath,2021-06-06,1.00,0.98,0.92,0.80,0.62,0.15,0.00,inferred
Surrey Heath,2021-06-07,1.00,0.98,0.92,0.80,0.62,0.15,0.00,inferred
Surrey Heath,2021-06-08,0.56,0.28,0.08,0.02,0.00,0.00,0.00,inferred
Surrey Heath,2021-06-09,0.56,0.28,0.08,0.02,0.00,0.00,0.00,inferred
Surrey Heath,2021-06-10,0.56,0.28,0.08,0.02,0.00,0.00,0.00,inferred
Surrey Heath,2021-06-11,0.56,0.28,0.08,0.02,0.00,0.00,0.00,inferred
Surrey Heath,2021-06-12,0.56,0.28,0.08,0.02,0.00,0.00,0.00,inferred
Surrey Heath,2021-06-13,0.56,0.28,0.08,0.02,0.00,0.00,0.00,inferred
Surrey Heath,2021-06-14,0.56,0.28,0.08,0.02,0.00,0.00,0.00,inferred
Surrey Heath,2021-06-15,1.00,1.00,0.99,0.94,0.85,0.24,0.00,inferred
Surrey Heath,2021-06-16,1.00,1.00,0.99,0.94,0.85,0.24,0.00,inferred
Surrey Heath,2021-06-17,1.00,1.00,0.99,0.94,0.85,0.24,0.00,inferred
Surrey Heath,2021-06-18,1.00,1.00,0.99,0.94,0.85,0.24,0.00,inferred
Surrey Heath,2021-06-19,1.00,1.00,0.99,0.94,0.85,0.24,0.00,inferred
Surrey Heath,2021-06-20,1.00,1.00,0.99,0.94,0.85,0.24,0.00,inferred
Surrey Heath,2021-06-21,1.00,1.00,0.99,0.94,0.85,0.24,0.00,inferred
Surrey Heath,2021-06-22,1.00,1.00,1.00,1.00,1.00,0.89,0.19,inferred
Surrey Heath,2021-06-23,1.00,1.00,1.00,1.00,1.00,0.89,0.19,inferred
Surrey Heath,2021-06-24,1.00,1.00,1.00,1.00,1.00,0.89,0.19,inferred
Surrey Heath,2021-06-25,1.00,1.00,1.00,1.00,1.00,0.89,0.19,inferred
Surrey Heath,2021-06-26,1.00,1.00,1.00,1.00,1.00,0.89,0.19,inferred
Surrey Heath,2021-06-27,1.00,1.00,1.00,1.00,1.00,0.89,0.19,inferred
Surrey Heath,2021-06-28,1.00,1.00,1.00,1.00,1.00,0.89,0.19,inferred
Surrey Heath,2021-06-29,1.00,1.00,0.99,0.97,0.90,0.57,0.09,inferred
Surrey Heath,2021-06-30,1.00,1.00,0.99,0.97,0.90,0.57,0.09,inferred
Surrey Heath,2021-07-01,1.00,1.00,0.99,0.97,0.90,0.57,0.09,inferred
Surrey Heath,2021-07-02,1.00,1.00,0.99,0.97,0.90,0.57,0.09,inferred
Surrey Heath,2021-07-03,1.00,1.00,0.99,0.97,0.90,0.57,0.09,inferred
Surrey Heath,2021-07-04,1.00,1.00,0.99,0.97,0.90,0.57,0.09,inferred
Surrey Heath,2021-07-05,1.00,1.00,0.99,0.97,0.90,0.57,0.09,inferred
Surrey Heath,2021-07-06,0.99,0.97,0.94,0.87,0.80,0.50,0.13,projected
Surrey Heath,2021-07-07,0.99,0.97,0.94,0.87,0.80,0.50,0.13,projected
Surrey Heath,2021-07-08,0.99,0.97,0.94,0.87,0.80,0.50,0.13,projected
Surrey Heath,2021-07-09,0.99,0.97,0.94,0.87,0.80,0.50,0.13,projected
Surrey Heath,2021-07-10,0.99,0.97,0.94,0.87,0.80,0.50,0.13,projected
Surrey Heath,2021-07-11,0.99,0.97,0.94,0.87,0.80,0.50,0.13,projected
Surrey Heath,2021-07-12,0.99,0.97,0.94,0.87,0.80,0.50,0.13,projected
Surrey Heath,2021-07-13,0.98,0.95,0.88,0.82,0.74,0.45,0.14,projected
Surrey Heath,2021-07-14,0.98,0.95,0.88,0.82,0.74,0.45,0.14,projected
Surrey Heath,2021-07-15,0.98,0.95,0.88,0.82,0.74,0.45,0.14,projected
Surrey Heath,2021-07-16,0.98,0.95,0.88,0.82,0.74,0.45,0.14,projected
Surrey Heath,2021-07-17,0.98,0.95,0.88,0.82,0.74,0.45,0.14,projected
Surrey Heath,2021-07-18,0.98,0.95,0.88,0.82,0.74,0.45,0.14,projected
Surrey Heath,2021-07-19,0.98,0.95,0.88,0.82,0.74,0.45,0.14,projected
Surrey Heath,2021-07-20,0.97,0.94,0.88,0.81,0.72,0.45,0.16,projected
Surrey Heath,2021-07-21,0.97,0.94,0.88,0.81,0.72,0.45,0.16,projected
Surrey Heath,2021-07-22,0.97,0.94,0.88,0.81,0.72,0.45,0.16,projected
Surrey Heath,2021-07-23,0.97,0.94,0.88,0.81,0.72,0.45,0.16,projected
Surrey Heath,2021-07-24,0.97,0.94,0.88,0.81,0.72,0.45,0.16,projected
Surrey Heath,2021-07-25,0.97,0.94,0.88,0.81,0.72,0.45,0.16,projected
Surrey Heath,2021-07-26,0.97,0.94,0.88,0.81,0.72,0.45,0.16,projected
Sutton,2021-03-23,0.01,0.00,0.00,0.00,0.00,0.00,0.00,inferred
Sutton,2021-03-24,0.01,0.00,0.00,0.00,0.00,0.00,0.00,inferred
Sutton,2021-03-25,0.01,0.00,0.00,0.00,0.00,0.00,0.00,inferred
Sutton,2021-03-26,0.01,0.00,0.00,0.00,0.00,0.00,0.00,inferred
Sutton,2021-03-27,0.01,0.00,0.00,0.00,0.00,0.00,0.00,inferred
Sutton,2021-03-28,0.01,0.00,0.00,0.00,0.00,0.00,0.00,inferred
Sutton,2021-03-29,0.01,0.00,0.00,0.00,0.00,0.00,0.00,inferred
Sutton,2021-03-30,0.46,0.22,0.08,0.03,0.01,0.00,0.00,inferred
Sutton,2021-03-31,0.46,0.22,0.08,0.03,0.01,0.00,0.00,inferred
Sutton,2021-04-01,0.46,0.22,0.08,0.03,0.01,0.00,0.00,inferred
Sutton,2021-04-02,0.46,0.22,0.08,0.03,0.01,0.00,0.00,inferred
Sutton,2021-04-03,0.46,0.22,0.08,0.03,0.01,0.00,0.00,inferred
Sutton,2021-04-04,0.46,0.22,0.08,0.03,0.01,0.00,0.00,inferred
Sutton,2021-04-05,0.46,0.22,0.08,0.03,0.01,0.00,0.00,inferred
Sutton,2021-04-06,0.93,0.83,0.62,0.38,0.19,0.01,0.00,inferred
Sutton,2021-04-07,0.93,0.83,0.62,0.38,0.19,0.01,0.00,inferred
Sutton,2021-04-08,0.93,0.83,0.62,0.38,0.19,0.01,0.00,inferred
Sutton,2021-04-09,0.93,0.83,0.62,0.38,0.19,0.01,0.00,inferred
Sutton,2021-04-10,0.93,0.83,0.62,0.38,0.19,0.01,0.00,inferred
Sutton,2021-04-11,0.93,0.83,0.62,0.38,0.19,0.01,0.00,inferred
Sutton,2021-04-12,0.93,0.83,0.62,0.38,0.19,0.01,0.00,inferred
Sutton,2021-04-13,0.97,0.90,0.72,0.50,0.28,0.02,0.00,inferred
Sutton,2021-04-14,0.97,0.90,0.72,0.50,0.28,0.02,0.00,inferred
Sutton,2021-04-15,0.97,0.90,0.72,0.50,0.28,0.02,0.00,inferred
Sutton,2021-04-16,0.97,0.90,0.72,0.50,0.28,0.02,0.00,inferred
Sutton,2021-04-17,0.97,0.90,0.72,0.50,0.28,0.02,0.00,inferred
Sutton,2021-04-18,0.97,0.90,0.72,0.50,0.28,0.02,0.00,inferred
Sutton,2021-04-19,0.97,0.90,0.72,0.50,0.28,0.02,0.00,inferred
Sutton,2021-04-20,0.41,0.17,0.06,0.02,0.00,0.00,0.00,inferred
Sutton,2021-04-21,0.41,0.17,0.06,0.02,0.00,0.00,0.00,inferred
Sutton,2021-04-22,0.41,0.17,0.06,0.02,0.00,0.00,0.00,inferred
Sutton,2021-04-23,0.41,0.17,0.06,0.02,0.00,0.00,0.00,inferred
Sutton,2021-04-24,0.41,0.17,0.06,0.02,0.00,0.00,0.00,inferred
Sutton,2021-04-25,0.41,0.17,0.06,0.02,0.00,0.00,0.00,inferred
Sutton,2021-04-26,0.41,0.17,0.06,0.02,0.00,0.00,0.00,inferred
Sutton,2021-04-27,0.60,0.33,0.16,0.06,0.02,0.00,0.00,inferred
Sutton,2021-04-28,0.60,0.33,0.16,0.06,0.02,0.00,0.00,inferred
Sutton,2021-04-29,0.60,0.33,0.16,0.06,0.02,0.00,0.00,inferred
Sutton,2021-04-30,0.60,0.33,0.16,0.06,0.02,0.00,0.00,inferred
Sutton,2021-05-01,0.60,0.33,0.16,0.06,0.02,0.00,0.00,inferred
Sutton,2021-05-02,0.60,0.33,0.16,0.06,0.02,0.00,0.00,inferred
Sutton,2021-05-03,0.60,0.33,0.16,0.06,0.02,0.00,0.00,inferred
Sutton,2021-05-04,0.95,0.83,0.66,0.44,0.25,0.01,0.00,inferred
Sutton,2021-05-05,0.95,0.83,0.66,0.44,0.25,0.01,0.00,inferred
Sutton,2021-05-06,0.95,0.83,0.66,0.44,0.25,0.01,0.00,inferred
Sutton,2021-05-07,0.95,0.83,0.66,0.44,0.25,0.01,0.00,inferred
Sutton,2021-05-08,0.95,0.83,0.66,0.44,0.25,0.01,0.00,inferred
Sutton,2021-05-09,0.95,0.83,0.66,0.44,0.25,0.01,0.00,inferred
Sutton,2021-05-10,0.95,0.83,0.66,0.44,0.25,0.01,0.00,inferred
Sutton,2021-05-11,1.00,0.98,0.94,0.83,0.67,0.16,0.00,inferred
Sutton,2021-05-12,1.00,0.98,0.94,0.83,0.67,0.16,0.00,inferred
Sutton,2021-05-13,1.00,0.98,0.94,0.83,0.67,0.16,0.00,inferred
Sutton,2021-05-14,1.00,0.98,0.94,0.83,0.67,0.16,0.00,inferred
Sutton,2021-05-15,1.00,0.98,0.94,0.83,0.67,0.16,0.00,inferred
Sutton,2021-05-16,1.00,0.98,0.94,0.83,0.67,0.16,0.00,inferred
Sutton,2021-05-17,1.00,0.98,0.94,0.83,0.67,0.16,0.00,inferred
Sutton,2021-05-18,1.00,1.00,1.00,1.00,1.00,0.87,0.19,inferred
Sutton,2021-05-19,1.00,1.00,1.00,1.00,1.00,0.87,0.19,inferred
Sutton,2021-05-20,1.00,1.00,1.00,1.00,1.00,0.87,0.19,inferred
Sutton,2021-05-21,1.00,1.00,1.00,1.00,1.00,0.87,0.19,inferred
Sutton,2021-05-22,1.00,1.00,1.00,1.00,1.00,0.87,0.19,inferred
Sutton,2021-05-23,1.00,1.00,1.00,1.00,1.00,0.87,0.19,inferred
Sutton,2021-05-24,1.00,1.00,1.00,1.00,1.00,0.87,0.19,inferred
Sutton,2021-05-25,1.00,1.00,1.00,1.00,0.98,0.69,0.07,inferred
Sutton,2021-05-26,1.00,1.00,1.00,1.00,0.98,0.69,0.07,inferred
Sutton,2021-05-27,1.00,1.00,1.00,1.00,0.98,0.69,0.07,inferred
Sutton,2021-05-28,1.00,1.00,1.00,1.00,0.98,0.69,0.07,inferred
Sutton,2021-05-29,1.00,1.00,1.00,1.00,0.98,0.69,0.07,inferred
Sutton,2021-05-30,1.00,1.00,1.00,1.00,0.98,0.69,0.07,inferred
Sutton,2021-05-31,1.00,1.00,1.00,1.00,0.98,0.69,0.07,inferred
Sutton,2021-06-01,1.00,0.99,0.94,0.78,0.50,0.03,0.00,inferred
Sutton,2021-06-02,1.00,0.99,0.94,0.78,0.50,0.03,0.00,inferred
Sutton,2021-06-03,1.00,0.99,0.94,0.78,0.50,0.03,0.00,inferred
Sutton,2021-06-04,1.00,0.99,0.94,0.78,0.50,0.03,0.00,inferred
Sutton,2021-06-05,1.00,0.99,0.94,0.78,0.50,0.03,0.00,inferred
Sutton,2021-06-06,1.00,0.99,0.94,0.78,0.50,0.03,0.00,inferred
Sutton,2021-06-07,1.00,0.99,0.94,0.78,0.50,0.03,0.00,inferred
Sutton,2021-06-08,1.00,1.00,0.98,0.85,0.57,0.02,0.00,inferred
Sutton,2021-06-09,1.00,1.00,0.98,0.85,0.57,0.02,0.00,inferred
Sutton,2021-06-10,1.00,1.00,0.98,0.85,0.57,0.02,0.00,inferred
Sutton,2021-06-11,1.00,1.00,0.98,0.85,0.57,0.02,0.00,inferred
Sutton,2021-06-12,1.00,1.00,0.98,0.85,0.57,0.02,0.00,inferred
Sutton,2021-06-13,1.00,1.00,0.98,0.85,0.57,0.02,0.00,inferred
Sutton,2021-06-14,1.00,1.00,0.98,0.85,0.57,0.02,0.00,inferred
Sutton,2021-06-15,1.00,1.00,1.00,1.00,1.00,0.99,0.32,inferred
Sutton,2021-06-16,1.00,1.00,1.00,1.00,1.00,0.99,0.32,inferred
Sutton,2021-06-17,1.00,1.00,1.00,1.00,1.00,0.99,0.32,inferred
Sutton,2021-06-18,1.00,1.00,1.00,1.00,1.00,0.99,0.32,inferred
Sutton,2021-06-19,1.00,1.00,1.00,1.00,1.00,0.99,0.32,inferred
Sutton,2021-06-20,1.00,1.00,1.00,1.00,1.00,0.99,0.32,inferred
Sutton,2021-06-21,1.00,1.00,1.00,1.00,1.00,0.99,0.32,inferred
Sutton,2021-06-22,1.00,1.00,1.00,1.00,1.00,0.92,0.30,inferred
Sutton,2021-06-23,1.00,1.00,1.00,1.00,1.00,0.92,0.30,inferred
Sutton,2021-06-24,1.00,1.00,1.00,1.00,1.00,0.92,0.30,inferred
Sutton,2021-06-25,1.00,1.00,1.00,1.00,1.00,0.92,0.30,inferred
Sutton,2021-06-26,1.00,1.00,1.00,1.00,1.00,0.92,0.30,inferred
Sutton,2021-06-27,1.00,1.00,1.00,1.00,1.00,0.92,0.30,inferred
Sutton,2021-06-28,1.00,1.00,1.00,1.00,1.00,0.92,0.30,inferred
Sutton,2021-06-29,1.00,1.00,0.99,0.96,0.86,0.32,0.01,inferred
Sutton,2021-06-30,1.00,1.00,0.99,0.96,0.86,0.32,0.01,inferred
Sutton,2021-07-01,1.00,1.00,0.99,0.96,0.86,0.32,0.01,inferred
Sutton,2021-07-02,1.00,1.00,0.99,0.96,0.86,0.32,0.01,inferred
Sutton,2021-07-03,1.00,1.00,0.99,0.96,0.86,0.32,0.01,inferred
Sutton,2021-07-04,1.00,1.00,0.99,0.96,0.86,0.32,0.01,inferred
Sutton,2021-07-05,1.00,1.00,0.99,0.96,0.86,0.32,0.01,inferred
Sutton,2021-07-06,0.99,0.98,0.94,0.85,0.72,0.32,0.03,projected
Sutton,2021-07-07,0.99,0.98,0.94,0.85,0.72,0.32,0.03,projected
Sutton,2021-07-08,0.99,0.98,0.94,0.85,0.72,0.32,0.03,projected
Sutton,2021-07-09,0.99,0.98,0.94,0.85,0.72,0.32,0.03,projected
Sutton,2021-07-10,0.99,0.98,0.94,0.85,0.72,0.32,0.03,projected
Sutton,2021-07-11,0.99,0.98,0.94,0.85,0.72,0.32,0.03,projected
Sutton,2021-07-12,0.99,0.98,0.94,0.85,0.72,0.32,0.03,projected
Sutton,2021-07-13,0.99,0.95,0.89,0.79,0.67,0.31,0.04,projected
Sutton,2021-07-14,0.99,0.95,0.89,0.79,0.67,0.31,0.04,projected
Sutton,2021-07-15,0.99,0.95,0.89,0.79,0.67,0.31,0.04,projected
Sutton,2021-07-16,0.99,0.95,0.89,0.79,0.67,0.31,0.04,projected
Sutton,2021-07-17,0.99,0.95,0.89,0.79,0.67,0.31,0.04,projected
Sutton,2021-07-18,0.99,0.95,0.89,0.79,0.67,0.31,0.04,projected
Sutton,2021-07-19,0.99,0.95,0.89,0.79,0.67,0.31,0.04,projected
Sutton,2021-07-20,0.99,0.95,0.87,0.78,0.64,0.31,0.05,projected
Sutton,2021-07-21,0.99,0.95,0.87,0.78,0.64,0.31,0.05,projected
Sutton,2021-07-22,0.99,0.95,0.87,0.78,0.64,0.31,0.05,projected
Sutton,2021-07-23,0.99,0.95,0.87,0.78,0.64,0.31,0.05,projected
Sutton,2021-07-24,0.99,0.95,0.87,0.78,0.64,0.31,0.05,projected
Sutton,2021-07-25,0.99,0.95,0.87,0.78,0.64,0.31,0.05,projected
Sutton,2021-07-26,0.99,0.95,0.87,0.78,0.64,0.31,0.05,projected
Swale,2021-03-23,0.00,0.00,0.00,0.00,0.00,0.00,0.00,inferred
Swale,2021-03-24,0.00,0.00,0.00,0.00,0.00,0.00,0.00,inferred
Swale,2021-03-25,0.00,0.00,0.00,0.00,0.00,0.00,0.00,inferred
Swale,2021-03-26,0.00,0.00,0.00,0.00,0.00,0.00,0.00,inferred
Swale,2021-03-27,0.00,0.00,0.00,0.00,0.00,0.00,0.00,inferred
Swale,2021-03-28,0.00,0.00,0.00,0.00,0.00,0.00,0.00,inferred
Swale,2021-03-29,0.00,0.00,0.00,0.00,0.00,0.00,0.00,inferred
Swale,2021-03-30,0.03,0.01,0.00,0.00,0.00,0.00,0.00,inferred
Swale,2021-03-31,0.03,0.01,0.00,0.00,0.00,0.00,0.00,inferred
Swale,2021-04-01,0.03,0.01,0.00,0.00,0.00,0.00,0.00,inferred
Swale,2021-04-02,0.03,0.01,0.00,0.00,0.00,0.00,0.00,inferred
Swale,2021-04-03,0.03,0.01,0.00,0.00,0.00,0.00,0.00,inferred
Swale,2021-04-04,0.03,0.01,0.00,0.00,0.00,0.00,0.00,inferred
Swale,2021-04-05,0.03,0.01,0.00,0.00,0.00,0.00,0.00,inferred
Swale,2021-04-06,0.18,0.08,0.03,0.01,0.00,0.00,0.00,inferred
Swale,2021-04-07,0.18,0.08,0.03,0.01,0.00,0.00,0.00,inferred
Swale,2021-04-08,0.18,0.08,0.03,0.01,0.00,0.00,0.00,inferred
Swale,2021-04-09,0.18,0.08,0.03,0.01,0.00,0.00,0.00,inferred
Swale,2021-04-10,0.18,0.08,0.03,0.01,0.00,0.00,0.00,inferred
Swale,2021-04-11,0.18,0.08,0.03,0.01,0.00,0.00,0.00,inferred
Swale,2021-04-12,0.18,0.08,0.03,0.01,0.00,0.00,0.00,inferred
Swale,2021-04-13,0.64,0.45,0.28,0.15,0.08,0.00,0.00,inferred
Swale,2021-04-14,0.64,0.45,0.28,0.15,0.08,0.00,0.00,inferred
Swale,2021-04-15,0.64,0.45,0.28,0.15,0.08,0.00,0.00,inferred
Swale,2021-04-16,0.64,0.45,0.28,0.15,0.08,0.00,0.00,inferred
Swale,2021-04-17,0.64,0.45,0.28,0.15,0.08,0.00,0.00,inferred
Swale,2021-04-18,0.64,0.45,0.28,0.15,0.08,0.00,0.00,inferred
Swale,2021-04-19,0.64,0.45,0.28,0.15,0.08,0.00,0.00,inferred
Swale,2021-04-20,0.89,0.79,0.61,0.45,0.30,0.06,0.00,inferred
Swale,2021-04-21,0.89,0.79,0.61,0.45,0.30,0.06,0.00,inferred
Swale,2021-04-22,0.89,0.79,0.61,0.45,0.30,0.06,0.00,inferred
Swale,2021-04-23,0.89,0.79,0.61,0.45,0.30,0.06,0.00,inferred
Swale,2021-04-24,0.89,0.79,0.61,0.45,0.30,0.06,0.00,inferred
Swale,2021-04-25,0.89,0.79,0.61,0.45,0.30,0.06,0.00,inferred
Swale,2021-04-26,0.89,0.79,0.61,0.45,0.30,0.06,0.00,inferred
Swale,2021-04-27,0.85,0.71,0.52,0.34,0.20,0.03,0.00,inferred
Swale,2021-04-28,0.85,0.71,0.52,0.34,0.20,0.03,0.00,inferred
Swale,2021-04-29,0.85,0.71,0.52,0.34,0.20,0.03,0.00,inferred
Swale,2021-04-30,0.85,0.71,0.52,0.34,0.20,0.03,0.00,inferred
Swale,2021-05-01,0.85,0.71,0.52,0.34,0.20,0.03,0.00,inferred
Swale,2021-05-02,0.85,0.71,0.52,0.34,0.20,0.03,0.00,inferred
Swale,2021-05-03,0.85,0.71,0.52,0.34,0.20,0.03,0.00,inferred
Swale,2021-05-04,0.75,0.58,0.39,0.24,0.13,0.01,0.00,inferred
Swale,2021-05-05,0.75,0.58,0.39,0.24,0.13,0.01,0.00,inferred
Swale,2021-05-06,0.75,0.58,0.39,0.24,0.13,0.01,0.00,inferred
Swale,2021-05-07,0.75,0.58,0.39,0.24,0.13,0.01,0.00,inferred
Swale,2021-05-08,0.75,0.58,0.39,0.24,0.13,0.01,0.00,inferred
Swale,2021-05-09,0.75,0.58,0.39,0.24,0.13,0.01,0.00,inferred
Swale,2021-05-10,0.75,0.58,0.39,0.24,0.13,0.01,0.00,inferred
Swale,2021-05-11,0.78,0.59,0.42,0.27,0.16,0.01,0.00,inferred
Swale,2021-05-12,0.78,0.59,0.42,0.27,0.16,0.01,0.00,inferred
Swale,2021-05-13,0.78,0.59,0.42,0.27,0.16,0.01,0.00,inferred
Swale,2021-05-14,0.78,0.59,0.42,0.27,0.16,0.01,0.00,inferred
Swale,2021-05-15,0.78,0.59,0.42,0.27,0.16,0.01,0.00,inferred
Swale,2021-05-16,0.78,0.59,0.42,0.27,0.16,0.01,0.00,inferred
Swale,2021-05-17,0.78,0.59,0.42,0.27,0.16,0.01,0.00,inferred
Swale,2021-05-18,0.94,0.86,0.72,0.55,0.40,0.08,0.00,inferred
Swale,2021-05-19,0.94,0.86,0.72,0.55,0.40,0.08,0.00,inferred
Swale,2021-05-20,0.94,0.86,0.72,0.55,0.40,0.08,0.00,inferred
Swale,2021-05-21,0.94,0.86,0.72,0.55,0.40,0.08,0.00,inferred
Swale,2021-05-22,0.94,0.86,0.72,0.55,0.40,0.08,0.00,inferred
Swale,2021-05-23,0.94,0.86,0.72,0.55,0.40,0.08,0.00,inferred
Swale,2021-05-24,0.94,0.86,0.72,0.55,0.40,0.08,0.00,inferred
Swale,2021-05-25,0.86,0.72,0.56,0.41,0.25,0.04,0.00,inferred
Swale,2021-05-26,0.86,0.72,0.56,0.41,0.25,0.04,0.00,inferred
Swale,2021-05-27,0.86,0.72,0.56,0.41,0.25,0.04,0.00,inferred
Swale,2021-05-28,0.86,0.72,0.56,0.41,0.25,0.04,0.00,inferred
Swale,2021-05-29,0.86,0.72,0.56,0.41,0.25,0.04,0.00,inferred
Swale,2021-05-30,0.86,0.72,0.56,0.41,0.25,0.04,0.00,inferred
Swale,2021-05-31,0.86,0.72,0.56,0.41,0.25,0.04,0.00,inferred
Swale,2021-06-01,0.99,0.98,0.94,0.87,0.76,0.34,0.03,inferred
Swale,2021-06-02,0.99,0.98,0.94,0.87,0.76,0.34,0.03,inferred
Swale,2021-06-03,0.99,0.98,0.94,0.87,0.76,0.34,0.03,inferred
Swale,2021-06-04,0.99,0.98,0.94,0.87,0.76,0.34,0.03,inferred
Swale,2021-06-05,0.99,0.98,0.94,0.87,0.76,0.34,0.03,inferred
Swale,2021-06-06,0.99,0.98,0.94,0.87,0.76,0.34,0.03,inferred
Swale,2021-06-07,0.99,0.98,0.94,0.87,0.76,0.34,0.03,inferred
Swale,2021-06-08,1.00,0.99,0.96,0.90,0.79,0.33,0.02,inferred
Swale,2021-06-09,1.00,0.99,0.96,0.90,0.79,0.33,0.02,inferred
Swale,2021-06-10,1.00,0.99,0.96,0.90,0.79,0.33,0.02,inferred
Swale,2021-06-11,1.00,0.99,0.96,0.90,0.79,0.33,0.02,inferred
Swale,2021-06-12,1.00,0.99,0.96,0.90,0.79,0.33,0.02,inferred
Swale,2021-06-13,1.00,0.99,0.96,0.90,0.79,0.33,0.02,inferred
Swale,2021-06-14,1.00,0.99,0.96,0.90,0.79,0.33,0.02,inferred
Swale,2021-06-15,1.00,1.00,1.00,1.00,1.00,0.96,0.53,inferred
Swale,2021-06-16,1.00,1.00,1.00,1.00,1.00,0.96,0.53,inferred
Swale,2021-06-17,1.00,1.00,1.00,1.00,1.00,0.96,0.53,inferred
Swale,2021-06-18,1.00,1.00,1.00,1.00,1.00,0.96,0.53,inferred
Swale,2021-06-19,1.00,1.00,1.00,1.00,1.00,0.96,0.53,inferred
Swale,2021-06-20,1.00,1.00,1.00,1.00,1.00,0.96,0.53,inferred
Swale,2021-06-21,1.00,1.00,1.00,1.00,1.00,0.96,0.53,inferred
Swale,2021-06-22,1.00,1.00,1.00,1.00,1.00,1.00,0.89,inferred
Swale,2021-06-23,1.00,1.00,1.00,1.00,1.00,1.00,0.89,inferred
Swale,2021-06-24,1.00,1.00,1.00,1.00,1.00,1.00,0.89,inferred
Swale,2021-06-25,1.00,1.00,1.00,1.00,1.00,1.00,0.89,inferred
Swale,2021-06-26,1.00,1.00,1.00,1.00,1.00,1.00,0.89,inferred
Swale,2021-06-27,1.00,1.00,1.00,1.00,1.00,1.00,0.89,inferred
Swale,2021-06-28,1.00,1.00,1.00,1.00,1.00,1.00,0.89,inferred
Swale,2021-06-29,1.00,1.00,1.00,1.00,1.00,0.96,0.68,inferred
Swale,2021-06-30,1.00,1.00,1.00,1.00,1.00,0.96,0.68,inferred
Swale,2021-07-01,1.00,1.00,1.00,1.00,1.00,0.96,0.68,inferred
Swale,2021-07-02,1.00,1.00,1.00,1.00,1.00,0.96,0.68,inferred
Swale,2021-07-03,1.00,1.00,1.00,1.00,1.00,0.96,0.68,inferred
Swale,2021-07-04,1.00,1.00,1.00,1.00,1.00,0.96,0.68,inferred
Swale,2021-07-05,1.00,1.00,1.00,1.00,1.00,0.96,0.68,inferred
Swale,2021-07-06,1.00,1.00,0.99,0.98,0.97,0.84,0.50,projected
Swale,2021-07-07,1.00,1.00,0.99,0.98,0.97,0.84,0.50,projected
Swale,2021-07-08,1.00,1.00,0.99,0.98,0.97,0.84,0.50,projected
Swale,2021-07-09,1.00,1.00,0.99,0.98,0.97,0.84,0.50,projected
Swale,2021-07-10,1.00,1.00,0.99,0.98,0.97,0.84,0.50,projected
Swale,2021-07-11,1.00,1.00,0.99,0.98,0.97,0.84,0.50,projected
Swale,2021-07-12,1.00,1.00,0.99,0.98,0.97,0.84,0.50,projected
Swale,2021-07-13,1.00,0.99,0.98,0.96,0.92,0.76,0.42,projected
Swale,2021-07-14,1.00,0.99,0.98,0.96,0.92,0.76,0.42,projected
Swale,2021-07-15,1.00,0.99,0.98,0.96,0.92,0.76,0.42,projected
Swale,2021-07-16,1.00,0.99,0.98,0.96,0.92,0.76,0.42,projected
Swale,2021-07-17,1.00,0.99,0.98,0.96,0.92,0.76,0.42,projected
Swale,2021-07-18,1.00,0.99,0.98,0.96,0.92,0.76,0.42,projected
Swale,2021-07-19,1.00,0.99,0.98,0.96,0.92,0.76,0.42,projected
Swale,2021-07-20,0.99,0.98,0.95,0.92,0.87,0.68,0.37,projected
Swale,2021-07-21,0.99,0.98,0.95,0.92,0.87,0.68,0.37,projected
Swale,2021-07-22,0.99,0.98,0.95,0.92,0.87,0.68,0.37,projected
Swale,2021-07-23,0.99,0.98,0.95,0.92,0.87,0.68,0.37,projected
Swale,2021-07-24,0.99,0.98,0.95,0.92,0.87,0.68,0.37,projected
Swale,2021-07-25,0.99,0.98,0.95,0.92,0.87,0.68,0.37,projected
Swale,2021-07-26,0.99,0.98,0.95,0.92,0.87,0.68,0.37,projected
Swansea,2021-03-23,0.04,0.01,0.00,0.00,0.00,0.00,0.00,inferred
Swansea,2021-03-24,0.04,0.01,0.00,0.00,0.00,0.00,0.00,inferred
Swansea,2021-03-25,0.04,0.01,0.00,0.00,0.00,0.00,0.00,inferred
Swansea,2021-03-26,0.04,0.01,0.00,0.00,0.00,0.00,0.00,inferred
Swansea,2021-03-27,0.04,0.01,0.00,0.00,0.00,0.00,0.00,inferred
Swansea,2021-03-28,0.04,0.01,0.00,0.00,0.00,0.00,0.00,inferred
Swansea,2021-03-29,0.04,0.01,0.00,0.00,0.00,0.00,0.00,inferred
Swansea,2021-03-30,0.38,0.15,0.04,0.01,0.00,0.00,0.00,inferred
Swansea,2021-03-31,0.38,0.15,0.04,0.01,0.00,0.00,0.00,inferred
Swansea,2021-04-01,0.38,0.15,0.04,0.01,0.00,0.00,0.00,inferred
Swansea,2021-04-02,0.38,0.15,0.04,0.01,0.00,0.00,0.00,inferred
Swansea,2021-04-03,0.38,0.15,0.04,0.01,0.00,0.00,0.00,inferred
Swansea,2021-04-04,0.38,0.15,0.04,0.01,0.00,0.00,0.00,inferred
Swansea,2021-04-05,0.38,0.15,0.04,0.01,0.00,0.00,0.00,inferred
Swansea,2021-04-06,0.35,0.14,0.04,0.01,0.00,0.00,0.00,inferred
Swansea,2021-04-07,0.35,0.14,0.04,0.01,0.00,0.00,0.00,inferred
Swansea,2021-04-08,0.35,0.14,0.04,0.01,0.00,0.00,0.00,inferred
Swansea,2021-04-09,0.35,0.14,0.04,0.01,0.00,0.00,0.00,inferred
Swansea,2021-04-10,0.35,0.14,0.04,0.01,0.00,0.00,0.00,inferred
Swansea,2021-04-11,0.35,0.14,0.04,0.01,0.00,0.00,0.00,inferred
Swansea,2021-04-12,0.35,0.14,0.04,0.01,0.00,0.00,0.00,inferred
Swansea,2021-04-13,0.32,0.12,0.04,0.01,0.00,0.00,0.00,inferred
Swansea,2021-04-14,0.32,0.12,0.04,0.01,0.00,0.00,0.00,inferred
Swansea,2021-04-15,0.32,0.12,0.04,0.01,0.00,0.00,0.00,inferred
Swansea,2021-04-16,0.32,0.12,0.04,0.01,0.00,0.00,0.00,inferred
Swansea,2021-04-17,0.32,0.12,0.04,0.01,0.00,0.00,0.00,inferred
Swansea,2021-04-18,0.32,0.12,0.04,0.01,0.00,0.00,0.00,inferred
Swansea,2021-04-19,0.32,0.12,0.04,0.01,0.00,0.00,0.00,inferred
Swansea,2021-04-20,0.04,0.01,0.00,0.00,0.00,0.00,0.00,inferred
Swansea,2021-04-21,0.04,0.01,0.00,0.00,0.00,0.00,0.00,inferred
Swansea,2021-04-22,0.04,0.01,0.00,0.00,0.00,0.00,0.00,inferred
Swansea,2021-04-23,0.04,0.01,0.00,0.00,0.00,0.00,0.00,inferred
Swansea,2021-04-24,0.04,0.01,0.00,0.00,0.00,0.00,0.00,inferred
Swansea,2021-04-25,0.04,0.01,0.00,0.00,0.00,0.00,0.00,inferred
Swansea,2021-04-26,0.04,0.01,0.00,0.00,0.00,0.00,0.00,inferred
Swansea,2021-04-27,0.36,0.19,0.08,0.03,0.01,0.00,0.00,inferred
Swansea,2021-04-28,0.36,0.19,0.08,0.03,0.01,0.00,0.00,inferred
Swansea,2021-04-29,0.36,0.19,0.08,0.03,0.01,0.00,0.00,inferred
Swansea,2021-04-30,0.36,0.19,0.08,0.03,0.01,0.00,0.00,inferred
Swansea,2021-05-01,0.36,0.19,0.08,0.03,0.01,0.00,0.00,inferred
Swansea,2021-05-02,0.36,0.19,0.08,0.03,0.01,0.00,0.00,inferred
Swansea,2021-05-03,0.36,0.19,0.08,0.03,0.01,0.00,0.00,inferred
Swansea,2021-05-04,0.89,0.75,0.57,0.38,0.24,0.03,0.00,inferred
Swansea,2021-05-05,0.89,0.75,0.57,0.38,0.24,0.03,0.00,inferred
Swansea,2021-05-06,0.89,0.75,0.57,0.38,0.24,0.03,0.00,inferred
Swansea,2021-05-07,0.89,0.75,0.57,0.38,0.24,0.03,0.00,inferred
Swansea,2021-05-08,0.89,0.75,0.57,0.38,0.24,0.03,0.00,inferred
Swansea,2021-05-09,0.89,0.75,0.57,0.38,0.24,0.03,0.00,inferred
Swansea,2021-05-10,0.89,0.75,0.57,0.38,0.24,0.03,0.00,inferred
Swansea,2021-05-11,0.90,0.79,0.62,0.43,0.28,0.04,0.00,inferred
Swansea,2021-05-12,0.90,0.79,0.62,0.43,0.28,0.04,0.00,inferred
Swansea,2021-05-13,0.90,0.79,0.62,0.43,0.28,0.04,0.00,inferred
Swansea,2021-05-14,0.90,0.79,0.62,0.43,0.28,0.04,0.00,inferred
Swansea,2021-05-15,0.90,0.79,0.62,0.43,0.28,0.04,0.00,inferred
Swansea,2021-05-16,0.90,0.79,0.62,0.43,0.28,0.04,0.00,inferred
Swansea,2021-05-17,0.90,0.79,0.62,0.43,0.28,0.04,0.00,inferred
Swansea,2021-05-18,0.91,0.80,0.64,0.48,0.32,0.05,0.00,inferred
Swansea,2021-05-19,0.91,0.80,0.64,0.48,0.32,0.05,0.00,inferred
Swansea,2021-05-20,0.91,0.80,0.64,0.48,0.32,0.05,0.00,inferred
Swansea,2021-05-21,0.91,0.80,0.64,0.48,0.32,0.05,0.00,inferred
Swansea,2021-05-22,0.91,0.80,0.64,0.48,0.32,0.05,0.00,inferred
Swansea,2021-05-23,0.91,0.80,0.64,0.48,0.32,0.05,0.00,inferred
Swansea,2021-05-24,0.91,0.80,0.64,0.48,0.32,0.05,0.00,inferred
Swansea,2021-05-25,1.00,1.00,1.00,1.00,0.99,0.85,0.30,inferred
Swansea,2021-05-26,1.00,1.00,1.00,1.00,0.99,0.85,0.30,inferred
Swansea,2021-05-27,1.00,1.00,1.00,1.00,0.99,0.85,0.30,inferred
Swansea,2021-05-28,1.00,1.00,1.00,1.00,0.99,0.85,0.30,inferred
Swansea,2021-05-29,1.00,1.00,1.00,1.00,0.99,0.85,0.30,inferred
Swansea,2021-05-30,1.00,1.00,1.00,1.00,0.99,0.85,0.30,inferred
Swansea,2021-05-31,1.00,1.00,1.00,1.00,0.99,0.85,0.30,inferred
Swansea,2021-06-01,1.00,0.99,0.97,0.92,0.83,0.40,0.03,inferred
Swansea,2021-06-02,1.00,0.99,0.97,0.92,0.83,0.40,0.03,inferred
Swansea,2021-06-03,1.00,0.99,0.97,0.92,0.83,0.40,0.03,inferred
Swansea,2021-06-04,1.00,0.99,0.97,0.92,0.83,0.40,0.03,inferred
Swansea,2021-06-05,1.00,0.99,0.97,0.92,0.83,0.40,0.03,inferred
Swansea,2021-06-06,1.00,0.99,0.97,0.92,0.83,0.40,0.03,inferred
Swansea,2021-06-07,1.00,0.99,0.97,0.92,0.83,0.40,0.03,inferred
Swansea,2021-06-08,1.00,1.00,1.00,0.99,0.96,0.59,0.06,inferred
Swansea,2021-06-09,1.00,1.00,1.00,0.99,0.96,0.59,0.06,inferred
Swansea,2021-06-10,1.00,1.00,1.00,0.99,0.96,0.59,0.06,inferred
Swansea,2021-06-11,1.00,1.00,1.00,0.99,0.96,0.59,0.06,inferred
Swansea,2021-06-12,1.00,1.00,1.00,0.99,0.96,0.59,0.06,inferred
Swansea,2021-06-13,1.00,1.00,1.00,0.99,0.96,0.59,0.06,inferred
Swansea,2021-06-14,1.00,1.00,1.00,0.99,0.96,0.59,0.06,inferred
Swansea,2021-06-15,1.00,1.00,0.99,0.97,0.90,0.43,0.02,inferred
Swansea,2021-06-16,1.00,1.00,0.99,0.97,0.90,0.43,0.02,inferred
Swansea,2021-06-17,1.00,1.00,0.99,0.97,0.90,0.43,0.02,inferred
Swansea,2021-06-18,1.00,1.00,0.99,0.97,0.90,0.43,0.02,inferred
Swansea,2021-06-19,1.00,1.00,0.99,0.97,0.90,0.43,0.02,inferred
Swansea,2021-06-20,1.00,1.00,0.99,0.97,0.90,0.43,0.02,inferred
Swansea,2021-06-21,1.00,1.00,0.99,0.97,0.90,0.43,0.02,inferred
Swansea,2021-06-22,0.99,0.93,0.79,0.55,0.32,0.02,0.00,inferred
Swansea,2021-06-23,0.99,0.93,0.79,0.55,0.32,0.02,0.00,inferred
Swansea,2021-06-24,0.99,0.93,0.79,0.55,0.32,0.02,0.00,inferred
Swansea,2021-06-25,0.99,0.93,0.79,0.55,0.32,0.02,0.00,inferred
Swansea,2021-06-26,0.99,0.93,0.79,0.55,0.32,0.02,0.00,inferred
Swansea,2021-06-27,0.99,0.93,0.79,0.55,0.32,0.02,0.00,inferred
Swansea,2021-06-28,0.99,0.93,0.79,0.55,0.32,0.02,0.00,inferred
Swansea,2021-06-29,0.84,0.69,0.51,0.36,0.23,0.04,0.00,inferred
Swansea,2021-06-30,0.84,0.69,0.51,0.36,0.23,0.04,0.00,inferred
Swansea,2021-07-01,0.84,0.69,0.51,0.36,0.23,0.04,0.00,inferred
Swansea,2021-07-02,0.84,0.69,0.51,0.36,0.23,0.04,0.00,inferred
Swansea,2021-07-03,0.84,0.69,0.51,0.36,0.23,0.04,0.00,inferred
Swansea,2021-07-04,0.84,0.69,0.51,0.36,0.23,0.04,0.00,inferred
Swansea,2021-07-05,0.84,0.69,0.51,0.36,0.23,0.04,0.00,inferred
Swansea,2021-07-06,0.80,0.70,0.59,0.47,0.38,0.15,0.04,projected
Swansea,2021-07-07,0.80,0.70,0.59,0.47,0.38,0.15,0.04,projected
Swansea,2021-07-08,0.80,0.70,0.59,0.47,0.38,0.15,0.04,projected
Swansea,2021-07-09,0.80,0.70,0.59,0.47,0.38,0.15,0.04,projected
Swansea,2021-07-10,0.80,0.70,0.59,0.47,0.38,0.15,0.04,projected
Swansea,2021-07-11,0.80,0.70,0.59,0.47,0.38,0.15,0.04,projected
Swansea,2021-07-12,0.80,0.70,0.59,0.47,0.38,0.15,0.04,projected
Swansea,2021-07-13,0.84,0.75,0.65,0.55,0.46,0.25,0.08,projected
Swansea,2021-07-14,0.84,0.75,0.65,0.55,0.46,0.25,0.08,projected
Swansea,2021-07-15,0.84,0.75,0.65,0.55,0.46,0.25,0.08,projected
Swansea,2021-07-16,0.84,0.75,0.65,0.55,0.46,0.25,0.08,projected
Swansea,2021-07-17,0.84,0.75,0.65,0.55,0.46,0.25,0.08,projected
Swansea,2021-07-18,0.84,0.75,0.65,0.55,0.46,0.25,0.08,projected
Swansea,2021-07-19,0.84,0.75,0.65,0.55,0.46,0.25,0.08,projected
Swansea,2021-07-20,0.89,0.82,0.75,0.67,0.57,0.35,0.12,projected
Swansea,2021-07-21,0.89,0.82,0.75,0.67,0.57,0.35,0.12,projected
Swansea,2021-07-22,0.89,0.82,0.75,0.67,0.57,0.35,0.12,projected
Swansea,2021-07-23,0.89,0.82,0.75,0.67,0.57,0.35,0.12,projected
Swansea,2021-07-24,0.89,0.82,0.75,0.67,0.57,0.35,0.12,projected
Swansea,2021-07-25,0.89,0.82,0.75,0.67,0.57,0.35,0.12,projected
Swansea,2021-07-26,0.89,0.82,0.75,0.67,0.57,0.35,0.12,projected
Swindon,2021-03-23,0.01,0.00,0.00,0.00,0.00,0.00,0.00,inferred
Swindon,2021-03-24,0.01,0.00,0.00,0.00,0.00,0.00,0.00,inferred
Swindon,2021-03-25,0.01,0.00,0.00,0.00,0.00,0.00,0.00,inferred
Swindon,2021-03-26,0.01,0.00,0.00,0.00,0.00,0.00,0.00,inferred
Swindon,2021-03-27,0.01,0.00,0.00,0.00,0.00,0.00,0.00,inferred
Swindon,2021-03-28,0.01,0.00,0.00,0.00,0.00,0.00,0.00,inferred
Swindon,2021-03-29,0.01,0.00,0.00,0.00,0.00,0.00,0.00,inferred
Swindon,2021-03-30,0.10,0.02,0.00,0.00,0.00,0.00,0.00,inferred
Swindon,2021-03-31,0.10,0.02,0.00,0.00,0.00,0.00,0.00,inferred
Swindon,2021-04-01,0.10,0.02,0.00,0.00,0.00,0.00,0.00,inferred
Swindon,2021-04-02,0.10,0.02,0.00,0.00,0.00,0.00,0.00,inferred
Swindon,2021-04-03,0.10,0.02,0.00,0.00,0.00,0.00,0.00,inferred
Swindon,2021-04-04,0.10,0.02,0.00,0.00,0.00,0.00,0.00,inferred
Swindon,2021-04-05,0.10,0.02,0.00,0.00,0.00,0.00,0.00,inferred
Swindon,2021-04-06,0.72,0.49,0.25,0.11,0.04,0.00,0.00,inferred
Swindon,2021-04-07,0.72,0.49,0.25,0.11,0.04,0.00,0.00,inferred
Swindon,2021-04-08,0.72,0.49,0.25,0.11,0.04,0.00,0.00,inferred
Swindon,2021-04-09,0.72,0.49,0.25,0.11,0.04,0.00,0.00,inferred
Swindon,2021-04-10,0.72,0.49,0.25,0.11,0.04,0.00,0.00,inferred
Swindon,2021-04-11,0.72,0.49,0.25,0.11,0.04,0.00,0.00,inferred
Swindon,2021-04-12,0.72,0.49,0.25,0.11,0.04,0.00,0.00,inferred
Swindon,2021-04-13,0.95,0.83,0.63,0.39,0.21,0.01,0.00,inferred
Swindon,2021-04-14,0.95,0.83,0.63,0.39,0.21,0.01,0.00,inferred
Swindon,2021-04-15,0.95,0.83,0.63,0.39,0.21,0.01,0.00,inferred
Swindon,2021-04-16,0.95,0.83,0.63,0.39,0.21,0.01,0.00,inferred
Swindon,2021-04-17,0.95,0.83,0.63,0.39,0.21,0.01,0.00,inferred
Swindon,2021-04-18,0.95,0.83,0.63,0.39,0.21,0.01,0.00,inferred
Swindon,2021-04-19,0.95,0.83,0.63,0.39,0.21,0.01,0.00,inferred
Swindon,2021-04-20,0.58,0.31,0.13,0.04,0.01,0.00,0.00,inferred
Swindon,2021-04-21,0.58,0.31,0.13,0.04,0.01,0.00,0.00,inferred
Swindon,2021-04-22,0.58,0.31,0.13,0.04,0.01,0.00,0.00,inferred
Swindon,2021-04-23,0.58,0.31,0.13,0.04,0.01,0.00,0.00,inferred
Swindon,2021-04-24,0.58,0.31,0.13,0.04,0.01,0.00,0.00,inferred
Swindon,2021-04-25,0.58,0.31,0.13,0.04,0.01,0.00,0.00,inferred
Swindon,2021-04-26,0.58,0.31,0.13,0.04,0.01,0.00,0.00,inferred
Swindon,2021-04-27,0.23,0.09,0.02,0.01,0.00,0.00,0.00,inferred
Swindon,2021-04-28,0.23,0.09,0.02,0.01,0.00,0.00,0.00,inferred
Swindon,2021-04-29,0.23,0.09,0.02,0.01,0.00,0.00,0.00,inferred
Swindon,2021-04-30,0.23,0.09,0.02,0.01,0.00,0.00,0.00,inferred
Swindon,2021-05-01,0.23,0.09,0.02,0.01,0.00,0.00,0.00,inferred
Swindon,2021-05-02,0.23,0.09,0.02,0.01,0.00,0.00,0.00,inferred
Swindon,2021-05-03,0.23,0.09,0.02,0.01,0.00,0.00,0.00,inferred
Swindon,2021-05-04,0.62,0.38,0.19,0.07,0.02,0.00,0.00,inferred
Swindon,2021-05-05,0.62,0.38,0.19,0.07,0.02,0.00,0.00,inferred
Swindon,2021-05-06,0.62,0.38,0.19,0.07,0.02,0.00,0.00,inferred
Swindon,2021-05-07,0.62,0.38,0.19,0.07,0.02,0.00,0.00,inferred
Swindon,2021-05-08,0.62,0.38,0.19,0.07,0.02,0.00,0.00,inferred
Swindon,2021-05-09,0.62,0.38,0.19,0.07,0.02,0.00,0.00,inferred
Swindon,2021-05-10,0.62,0.38,0.19,0.07,0.02,0.00,0.00,inferred
Swindon,2021-05-11,0.69,0.46,0.25,0.13,0.06,0.00,0.00,inferred
Swindon,2021-05-12,0.69,0.46,0.25,0.13,0.06,0.00,0.00,inferred
Swindon,2021-05-13,0.69,0.46,0.25,0.13,0.06,0.00,0.00,inferred
Swindon,2021-05-14,0.69,0.46,0.25,0.13,0.06,0.00,0.00,inferred
Swindon,2021-05-15,0.69,0.46,0.25,0.13,0.06,0.00,0.00,inferred
Swindon,2021-05-16,0.69,0.46,0.25,0.13,0.06,0.00,0.00,inferred
Swindon,2021-05-17,0.69,0.46,0.25,0.13,0.06,0.00,0.00,inferred
Swindon,2021-05-18,0.92,0.81,0.64,0.45,0.27,0.03,0.00,inferred
Swindon,2021-05-19,0.92,0.81,0.64,0.45,0.27,0.03,0.00,inferred
Swindon,2021-05-20,0.92,0.81,0.64,0.45,0.27,0.03,0.00,inferred
Swindon,2021-05-21,0.92,0.81,0.64,0.45,0.27,0.03,0.00,inferred
Swindon,2021-05-22,0.92,0.81,0.64,0.45,0.27,0.03,0.00,inferred
Swindon,2021-05-23,0.92,0.81,0.64,0.45,0.27,0.03,0.00,inferred
Swindon,2021-05-24,0.92,0.81,0.64,0.45,0.27,0.03,0.00,inferred
Swindon,2021-05-25,1.00,1.00,0.99,0.96,0.90,0.49,0.04,inferred
Swindon,2021-05-26,1.00,1.00,0.99,0.96,0.90,0.49,0.04,inferred
Swindon,2021-05-27,1.00,1.00,0.99,0.96,0.90,0.49,0.04,inferred
Swindon,2021-05-28,1.00,1.00,0.99,0.96,0.90,0.49,0.04,inferred
Swindon,2021-05-29,1.00,1.00,0.99,0.96,0.90,0.49,0.04,inferred
Swindon,2021-05-30,1.00,1.00,0.99,0.96,0.90,0.49,0.04,inferred
Swindon,2021-05-31,1.00,1.00,0.99,0.96,0.90,0.49,0.04,inferred
Swindon,2021-06-01,1.00,1.00,1.00,1.00,0.97,0.73,0.12,inferred
Swindon,2021-06-02,1.00,1.00,1.00,1.00,0.97,0.73,0.12,inferred
Swindon,2021-06-03,1.00,1.00,1.00,1.00,0.97,0.73,0.12,inferred
Swindon,2021-06-04,1.00,1.00,1.00,1.00,0.97,0.73,0.12,inferred
Swindon,2021-06-05,1.00,1.00,1.00,1.00,0.97,0.73,0.12,inferred
Swindon,2021-06-06,1.00,1.00,1.00,1.00,0.97,0.73,0.12,inferred
Swindon,2021-06-07,1.00,1.00,1.00,1.00,0.97,0.73,0.12,inferred
Swindon,2021-06-08,1.00,1.00,1.00,0.98,0.91,0.54,0.06,inferred
Swindon,2021-06-09,1.00,1.00,1.00,0.98,0.91,0.54,0.06,inferred
Swindon,2021-06-10,1.00,1.00,1.00,0.98,0.91,0.54,0.06,inferred
Swindon,2021-06-11,1.00,1.00,1.00,0.98,0.91,0.54,0.06,inferred
Swindon,2021-06-12,1.00,1.00,1.00,0.98,0.91,0.54,0.06,inferred
Swindon,2021-06-13,1.00,1.00,1.00,0.98,0.91,0.54,0.06,inferred
Swindon,2021-06-14,1.00,1.00,1.00,0.98,0.91,0.54,0.06,inferred
Swindon,2021-06-15,1.00,1.00,0.96,0.82,0.59,0.08,0.00,inferred
Swindon,2021-06-16,1.00,1.00,0.96,0.82,0.59,0.08,0.00,inferred
Swindon,2021-06-17,1.00,1.00,0.96,0.82,0.59,0.08,0.00,inferred
Swindon,2021-06-18,1.00,1.00,0.96,0.82,0.59,0.08,0.00,inferred
Swindon,2021-06-19,1.00,1.00,0.96,0.82,0.59,0.08,0.00,inferred
Swindon,2021-06-20,1.00,1.00,0.96,0.82,0.59,0.08,0.00,inferred
Swindon,2021-06-21,1.00,1.00,0.96,0.82,0.59,0.08,0.00,inferred
Swindon,2021-06-22,1.00,1.00,1.00,1.00,1.00,0.99,0.76,inferred
Swindon,2021-06-23,1.00,1.00,1.00,1.00,1.00,0.99,0.76,inferred
Swindon,2021-06-24,1.00,1.00,1.00,1.00,1.00,0.99,0.76,inferred
Swindon,2021-06-25,1.00,1.00,1.00,1.00,1.00,0.99,0.76,inferred
Swindon,2021-06-26,1.00,1.00,1.00,1.00,1.00,0.99,0.76,inferred
Swindon,2021-06-27,1.00,1.00,1.00,1.00,1.00,0.99,0.76,inferred
Swindon,2021-06-28,1.00,1.00,1.00,1.00,1.00,0.99,0.76,inferred
Swindon,2021-06-29,1.00,1.00,1.00,0.99,0.97,0.78,0.27,inferred
Swindon,2021-06-30,1.00,1.00,1.00,0.99,0.97,0.78,0.27,inferred
Swindon,2021-07-01,1.00,1.00,1.00,0.99,0.97,0.78,0.27,inferred
Swindon,2021-07-02,1.00,1.00,1.00,0.99,0.97,0.78,0.27,inferred
Swindon,2021-07-03,1.00,1.00,1.00,0.99,0.97,0.78,0.27,inferred
Swindon,2021-07-04,1.00,1.00,1.00,0.99,0.97,0.78,0.27,inferred
Swindon,2021-07-05,1.00,1.00,1.00,0.99,0.97,0.78,0.27,inferred
Swindon,2021-07-06,0.99,0.96,0.93,0.89,0.82,0.61,0.29,projected
Swindon,2021-07-07,0.99,0.96,0.93,0.89,0.82,0.61,0.29,projected
Swindon,2021-07-08,0.99,0.96,0.93,0.89,0.82,0.61,0.29,projected
Swindon,2021-07-09,0.99,0.96,0.93,0.89,0.82,0.61,0.29,projected
Swindon,2021-07-10,0.99,0.96,0.93,0.89,0.82,0.61,0.29,projected
Swindon,2021-07-11,0.99,0.96,0.93,0.89,0.82,0.61,0.29,projected
Swindon,2021-07-12,0.99,0.96,0.93,0.89,0.82,0.61,0.29,projected
Swindon,2021-07-13,0.95,0.92,0.87,0.81,0.74,0.56,0.29,projected
Swindon,2021-07-14,0.95,0.92,0.87,0.81,0.74,0.56,0.29,projected
Swindon,2021-07-15,0.95,0.92,0.87,0.81,0.74,0.56,0.29,projected
Swindon,2021-07-16,0.95,0.92,0.87,0.81,0.74,0.56,0.29,projected
Swindon,2021-07-17,0.95,0.92,0.87,0.81,0.74,0.56,0.29,projected
Swindon,2021-07-18,0.95,0.92,0.87,0.81,0.74,0.56,0.29,projected
Swindon,2021-07-19,0.95,0.92,0.87,0.81,0.74,0.56,0.29,projected
Swindon,2021-07-20,0.93,0.90,0.85,0.79,0.73,0.53,0.29,projected
Swindon,2021-07-21,0.93,0.90,0.85,0.79,0.73,0.53,0.29,projected
Swindon,2021-07-22,0.93,0.90,0.85,0.79,0.73,0.53,0.29,projected
Swindon,2021-07-23,0.93,0.90,0.85,0.79,0.73,0.53,0.29,projected
Swindon,2021-07-24,0.93,0.90,0.85,0.79,0.73,0.53,0.29,projected
Swindon,2021-07-25,0.93,0.90,0.85,0.79,0.73,0.53,0.29,projected
Swindon,2021-07-26,0.93,0.90,0.85,0.79,0.73,0.53,0.29,projected
Tameside,2021-03-23,0.00,0.00,0.00,0.00,0.00,0.00,0.00,inferred
Tameside,2021-03-24,0.00,0.00,0.00,0.00,0.00,0.00,0.00,inferred
Tameside,2021-03-25,0.00,0.00,0.00,0.00,0.00,0.00,0.00,inferred
Tameside,2021-03-26,0.00,0.00,0.00,0.00,0.00,0.00,0.00,inferred
Tameside,2021-03-27,0.00,0.00,0.00,0.00,0.00,0.00,0.00,inferred
Tameside,2021-03-28,0.00,0.00,0.00,0.00,0.00,0.00,0.00,inferred
Tameside,2021-03-29,0.00,0.00,0.00,0.00,0.00,0.00,0.00,inferred
Tameside,2021-03-30,0.07,0.01,0.00,0.00,0.00,0.00,0.00,inferred
Tameside,2021-03-31,0.07,0.01,0.00,0.00,0.00,0.00,0.00,inferred
Tameside,2021-04-01,0.07,0.01,0.00,0.00,0.00,0.00,0.00,inferred
Tameside,2021-04-02,0.07,0.01,0.00,0.00,0.00,0.00,0.00,inferred
Tameside,2021-04-03,0.07,0.01,0.00,0.00,0.00,0.00,0.00,inferred
Tameside,2021-04-04,0.07,0.01,0.00,0.00,0.00,0.00,0.00,inferred
Tameside,2021-04-05,0.07,0.01,0.00,0.00,0.00,0.00,0.00,inferred
Tameside,2021-04-06,0.29,0.09,0.02,0.00,0.00,0.00,0.00,inferred
Tameside,2021-04-07,0.29,0.09,0.02,0.00,0.00,0.00,0.00,inferred
Tameside,2021-04-08,0.29,0.09,0.02,0.00,0.00,0.00,0.00,inferred
Tameside,2021-04-09,0.29,0.09,0.02,0.00,0.00,0.00,0.00,inferred
Tameside,2021-04-10,0.29,0.09,0.02,0.00,0.00,0.00,0.00,inferred
Tameside,2021-04-11,0.29,0.09,0.02,0.00,0.00,0.00,0.00,inferred
Tameside,2021-04-12,0.29,0.09,0.02,0.00,0.00,0.00,0.00,inferred
Tameside,2021-04-13,0.45,0.18,0.05,0.01,0.00,0.00,0.00,inferred
Tameside,2021-04-14,0.45,0.18,0.05,0.01,0.00,0.00,0.00,inferred
Tameside,2021-04-15,0.45,0.18,0.05,0.01,0.00,0.00,0.00,inferred
Tameside,2021-04-16,0.45,0.18,0.05,0.01,0.00,0.00,0.00,inferred
Tameside,2021-04-17,0.45,0.18,0.05,0.01,0.00,0.00,0.00,inferred
Tameside,2021-04-18,0.45,0.18,0.05,0.01,0.00,0.00,0.00,inferred
Tameside,2021-04-19,0.45,0.18,0.05,0.01,0.00,0.00,0.00,inferred
Tameside,2021-04-20,0.69,0.40,0.16,0.05,0.01,0.00,0.00,inferred
Tameside,2021-04-21,0.69,0.40,0.16,0.05,0.01,0.00,0.00,inferred
Tameside,2021-04-22,0.69,0.40,0.16,0.05,0.01,0.00,0.00,inferred
Tameside,2021-04-23,0.69,0.40,0.16,0.05,0.01,0.00,0.00,inferred
Tameside,2021-04-24,0.69,0.40,0.16,0.05,0.01,0.00,0.00,inferred
Tameside,2021-04-25,0.69,0.40,0.16,0.05,0.01,0.00,0.00,inferred
Tameside,2021-04-26,0.69,0.40,0.16,0.05,0.01,0.00,0.00,inferred
Tameside,2021-04-27,0.97,0.88,0.71,0.47,0.25,0.01,0.00,inferred
Tameside,2021-04-28,0.97,0.88,0.71,0.47,0.25,0.01,0.00,inferred
Tameside,2021-04-29,0.97,0.88,0.71,0.47,0.25,0.01,0.00,inferred
Tameside,2021-04-30,0.97,0.88,0.71,0.47,0.25,0.01,0.00,inferred
Tameside,2021-05-01,0.97,0.88,0.71,0.47,0.25,0.01,0.00,inferred
Tameside,2021-05-02,0.97,0.88,0.71,0.47,0.25,0.01,0.00,inferred
Tameside,2021-05-03,0.97,0.88,0.71,0.47,0.25,0.01,0.00,inferred
Tameside,2021-05-04,0.71,0.42,0.19,0.07,0.02,0.00,0.00,inferred
Tameside,2021-05-05,0.71,0.42,0.19,0.07,0.02,0.00,0.00,inferred
Tameside,2021-05-06,0.71,0.42,0.19,0.07,0.02,0.00,0.00,inferred
Tameside,2021-05-07,0.71,0.42,0.19,0.07,0.02,0.00,0.00,inferred
Tameside,2021-05-08,0.71,0.42,0.19,0.07,0.02,0.00,0.00,inferred
Tameside,2021-05-09,0.71,0.42,0.19,0.07,0.02,0.00,0.00,inferred
Tameside,2021-05-10,0.71,0.42,0.19,0.07,0.02,0.00,0.00,inferred
Tameside,2021-05-11,0.98,0.91,0.76,0.56,0.34,0.02,0.00,inferred
Tameside,2021-05-12,0.98,0.91,0.76,0.56,0.34,0.02,0.00,inferred
Tameside,2021-05-13,0.98,0.91,0.76,0.56,0.34,0.02,0.00,inferred
Tameside,2021-05-14,0.98,0.91,0.76,0.56,0.34,0.02,0.00,inferred
Tameside,2021-05-15,0.98,0.91,0.76,0.56,0.34,0.02,0.00,inferred
Tameside,2021-05-16,0.98,0.91,0.76,0.56,0.34,0.02,0.00,inferred
Tameside,2021-05-17,0.98,0.91,0.76,0.56,0.34,0.02,0.00,inferred
Tameside,2021-05-18,1.00,1.00,1.00,1.00,1.00,1.00,0.70,inferred
Tameside,2021-05-19,1.00,1.00,1.00,1.00,1.00,1.00,0.70,inferred
Tameside,2021-05-20,1.00,1.00,1.00,1.00,1.00,1.00,0.70,inferred
Tameside,2021-05-21,1.00,1.00,1.00,1.00,1.00,1.00,0.70,inferred
Tameside,2021-05-22,1.00,1.00,1.00,1.00,1.00,1.00,0.70,inferred
Tameside,2021-05-23,1.00,1.00,1.00,1.00,1.00,1.00,0.70,inferred
Tameside,2021-05-24,1.00,1.00,1.00,1.00,1.00,1.00,0.70,inferred
Tameside,2021-05-25,1.00,1.00,1.00,1.00,1.00,0.99,0.69,inferred
Tameside,2021-05-26,1.00,1.00,1.00,1.00,1.00,0.99,0.69,inferred
Tameside,2021-05-27,1.00,1.00,1.00,1.00,1.00,0.99,0.69,inferred
Tameside,2021-05-28,1.00,1.00,1.00,1.00,1.00,0.99,0.69,inferred
Tameside,2021-05-29,1.00,1.00,1.00,1.00,1.00,0.99,0.69,inferred
Tameside,2021-05-30,1.00,1.00,1.00,1.00,1.00,0.99,0.69,inferred
Tameside,2021-05-31,1.00,1.00,1.00,1.00,1.00,0.99,0.69,inferred
Tameside,2021-06-01,1.00,1.00,1.00,0.99,0.93,0.46,0.01,inferred
Tameside,2021-06-02,1.00,1.00,1.00,0.99,0.93,0.46,0.01,inferred
Tameside,2021-06-03,1.00,1.00,1.00,0.99,0.93,0.46,0.01,inferred
Tameside,2021-06-04,1.00,1.00,1.00,0.99,0.93,0.46,0.01,inferred
Tameside,2021-06-05,1.00,1.00,1.00,0.99,0.93,0.46,0.01,inferred
Tameside,2021-06-06,1.00,1.00,1.00,0.99,0.93,0.46,0.01,inferred
Tameside,2021-06-07,1.00,1.00,1.00,0.99,0.93,0.46,0.01,inferred
Tameside,2021-06-08,1.00,1.00,1.00,0.98,0.86,0.13,0.00,inferred
Tameside,2021-06-09,1.00,1.00,1.00,0.98,0.86,0.13,0.00,inferred
Tameside,2021-06-10,1.00,1.00,1.00,0.98,0.86,0.13,0.00,inferred
Tameside,2021-06-11,1.00,1.00,1.00,0.98,0.86,0.13,0.00,inferred
Tameside,2021-06-12,1.00,1.00,1.00,0.98,0.86,0.13,0.00,inferred
Tameside,2021-06-13,1.00,1.00,1.00,0.98,0.86,0.13,0.00,inferred
Tameside,2021-06-14,1.00,1.00,1.00,0.98,0.86,0.13,0.00,inferred
Tameside,2021-06-15,1.00,1.00,1.00,1.00,1.00,0.44,0.00,inferred
Tameside,2021-06-16,1.00,1.00,1.00,1.00,1.00,0.44,0.00,inferred
Tameside,2021-06-17,1.00,1.00,1.00,1.00,1.00,0.44,0.00,inferred
Tameside,2021-06-18,1.00,1.00,1.00,1.00,1.00,0.44,0.00,inferred
Tameside,2021-06-19,1.00,1.00,1.00,1.00,1.00,0.44,0.00,inferred
Tameside,2021-06-20,1.00,1.00,1.00,1.00,1.00,0.44,0.00,inferred
Tameside,2021-06-21,1.00,1.00,1.00,1.00,1.00,0.44,0.00,inferred
Tameside,2021-06-22,1.00,1.00,1.00,1.00,0.95,0.29,0.00,inferred
Tameside,2021-06-23,1.00,1.00,1.00,1.00,0.95,0.29,0.00,inferred
Tameside,2021-06-24,1.00,1.00,1.00,1.00,0.95,0.29,0.00,inferred
Tameside,2021-06-25,1.00,1.00,1.00,1.00,0.95,0.29,0.00,inferred
Tameside,2021-06-26,1.00,1.00,1.00,1.00,0.95,0.29,0.00,inferred
Tameside,2021-06-27,1.00,1.00,1.00,1.00,0.95,0.29,0.00,inferred
Tameside,2021-06-28,1.00,1.00,1.00,1.00,0.95,0.29,0.00,inferred
Tameside,2021-06-29,0.80,0.53,0.28,0.11,0.03,0.00,0.00,inferred
Tameside,2021-06-30,0.80,0.53,0.28,0.11,0.03,0.00,0.00,inferred
Tameside,2021-07-01,0.80,0.53,0.28,0.11,0.03,0.00,0.00,inferred
Tameside,2021-07-02,0.80,0.53,0.28,0.11,0.03,0.00,0.00,inferred
Tameside,2021-07-03,0.80,0.53,0.28,0.11,0.03,0.00,0.00,inferred
Tameside,2021-07-04,0.80,0.53,0.28,0.11,0.03,0.00,0.00,inferred
Tameside,2021-07-05,0.80,0.53,0.28,0.11,0.03,0.00,0.00,inferred
Tameside,2021-07-06,0.70,0.54,0.38,0.25,0.16,0.05,0.00,projected
Tameside,2021-07-07,0.70,0.54,0.38,0.25,0.16,0.05,0.00,projected
Tameside,2021-07-08,0.70,0.54,0.38,0.25,0.16,0.05,0.00,projected
Tameside,2021-07-09,0.70,0.54,0.38,0.25,0.16,0.05,0.00,projected
Tameside,2021-07-10,0.70,0.54,0.38,0.25,0.16,0.05,0.00,projected
Tameside,2021-07-11,0.70,0.54,0.38,0.25,0.16,0.05,0.00,projected
Tameside,2021-07-12,0.70,0.54,0.38,0.25,0.16,0.05,0.00,projected
Tameside,2021-07-13,0.68,0.54,0.41,0.31,0.22,0.09,0.02,projected
Tameside,2021-07-14,0.68,0.54,0.41,0.31,0.22,0.09,0.02,projected
Tameside,2021-07-15,0.68,0.54,0.41,0.31,0.22,0.09,0.02,projected
Tameside,2021-07-16,0.68,0.54,0.41,0.31,0.22,0.09,0.02,projected
Tameside,2021-07-17,0.68,0.54,0.41,0.31,0.22,0.09,0.02,projected
Tameside,2021-07-18,0.68,0.54,0.41,0.31,0.22,0.09,0.02,projected
Tameside,2021-07-19,0.68,0.54,0.41,0.31,0.22,0.09,0.02,projected
Tameside,2021-07-20,0.73,0.60,0.49,0.39,0.30,0.14,0.04,projected
Tameside,2021-07-21,0.73,0.60,0.49,0.39,0.30,0.14,0.04,projected
Tameside,2021-07-22,0.73,0.60,0.49,0.39,0.30,0.14,0.04,projected
Tameside,2021-07-23,0.73,0.60,0.49,0.39,0.30,0.14,0.04,projected
Tameside,2021-07-24,0.73,0.60,0.49,0.39,0.30,0.14,0.04,projected
Tameside,2021-07-25,0.73,0.60,0.49,0.39,0.30,0.14,0.04,projected
Tameside,2021-07-26,0.73,0.60,0.49,0.39,0.30,0.14,0.04,projected
Tamworth,2021-03-23,0.00,0.00,0.00,0.00,0.00,0.00,0.00,inferred
Tamworth,2021-03-24,0.00,0.00,0.00,0.00,0.00,0.00,0.00,inferred
Tamworth,2021-03-25,0.00,0.00,0.00,0.00,0.00,0.00,0.00,inferred
Tamworth,2021-03-26,0.00,0.00,0.00,0.00,0.00,0.00,0.00,inferred
Tamworth,2021-03-27,0.00,0.00,0.00,0.00,0.00,0.00,0.00,inferred
Tamworth,2021-03-28,0.00,0.00,0.00,0.00,0.00,0.00,0.00,inferred
Tamworth,2021-03-29,0.00,0.00,0.00,0.00,0.00,0.00,0.00,inferred
Tamworth,2021-03-30,0.05,0.01,0.00,0.00,0.00,0.00,0.00,inferred
Tamworth,2021-03-31,0.05,0.01,0.00,0.00,0.00,0.00,0.00,inferred
Tamworth,2021-04-01,0.05,0.01,0.00,0.00,0.00,0.00,0.00,inferred
Tamworth,2021-04-02,0.05,0.01,0.00,0.00,0.00,0.00,0.00,inferred
Tamworth,2021-04-03,0.05,0.01,0.00,0.00,0.00,0.00,0.00,inferred
Tamworth,2021-04-04,0.05,0.01,0.00,0.00,0.00,0.00,0.00,inferred
Tamworth,2021-04-05,0.05,0.01,0.00,0.00,0.00,0.00,0.00,inferred
Tamworth,2021-04-06,0.15,0.06,0.02,0.01,0.00,0.00,0.00,inferred
Tamworth,2021-04-07,0.15,0.06,0.02,0.01,0.00,0.00,0.00,inferred
Tamworth,2021-04-08,0.15,0.06,0.02,0.01,0.00,0.00,0.00,inferred
Tamworth,2021-04-09,0.15,0.06,0.02,0.01,0.00,0.00,0.00,inferred
Tamworth,2021-04-10,0.15,0.06,0.02,0.01,0.00,0.00,0.00,inferred
Tamworth,2021-04-11,0.15,0.06,0.02,0.01,0.00,0.00,0.00,inferred
Tamworth,2021-04-12,0.15,0.06,0.02,0.01,0.00,0.00,0.00,inferred
Tamworth,2021-04-13,0.31,0.17,0.09,0.03,0.01,0.00,0.00,inferred
Tamworth,2021-04-14,0.31,0.17,0.09,0.03,0.01,0.00,0.00,inferred
Tamworth,2021-04-15,0.31,0.17,0.09,0.03,0.01,0.00,0.00,inferred
Tamworth,2021-04-16,0.31,0.17,0.09,0.03,0.01,0.00,0.00,inferred
Tamworth,2021-04-17,0.31,0.17,0.09,0.03,0.01,0.00,0.00,inferred
Tamworth,2021-04-18,0.31,0.17,0.09,0.03,0.01,0.00,0.00,inferred
Tamworth,2021-04-19,0.31,0.17,0.09,0.03,0.01,0.00,0.00,inferred
Tamworth,2021-04-20,0.37,0.21,0.11,0.04,0.02,0.00,0.00,inferred
Tamworth,2021-04-21,0.37,0.21,0.11,0.04,0.02,0.00,0.00,inferred
Tamworth,2021-04-22,0.37,0.21,0.11,0.04,0.02,0.00,0.00,inferred
Tamworth,2021-04-23,0.37,0.21,0.11,0.04,0.02,0.00,0.00,inferred
Tamworth,2021-04-24,0.37,0.21,0.11,0.04,0.02,0.00,0.00,inferred
Tamworth,2021-04-25,0.37,0.21,0.11,0.04,0.02,0.00,0.00,inferred
Tamworth,2021-04-26,0.37,0.21,0.11,0.04,0.02,0.00,0.00,inferred
Tamworth,2021-04-27,0.50,0.32,0.19,0.11,0.06,0.00,0.00,inferred
Tamworth,2021-04-28,0.50,0.32,0.19,0.11,0.06,0.00,0.00,inferred
Tamworth,2021-04-29,0.50,0.32,0.19,0.11,0.06,0.00,0.00,inferred
Tamworth,2021-04-30,0.50,0.32,0.19,0.11,0.06,0.00,0.00,inferred
Tamworth,2021-05-01,0.50,0.32,0.19,0.11,0.06,0.00,0.00,inferred
Tamworth,2021-05-02,0.50,0.32,0.19,0.11,0.06,0.00,0.00,inferred
Tamworth,2021-05-03,0.50,0.32,0.19,0.11,0.06,0.00,0.00,inferred
Tamworth,2021-05-04,0.57,0.42,0.27,0.15,0.09,0.02,0.00,inferred
Tamworth,2021-05-05,0.57,0.42,0.27,0.15,0.09,0.02,0.00,inferred
Tamworth,2021-05-06,0.57,0.42,0.27,0.15,0.09,0.02,0.00,inferred
Tamworth,2021-05-07,0.57,0.42,0.27,0.15,0.09,0.02,0.00,inferred
Tamworth,2021-05-08,0.57,0.42,0.27,0.15,0.09,0.02,0.00,inferred
Tamworth,2021-05-09,0.57,0.42,0.27,0.15,0.09,0.02,0.00,inferred
Tamworth,2021-05-10,0.57,0.42,0.27,0.15,0.09,0.02,0.00,inferred
Tamworth,2021-05-11,0.85,0.76,0.63,0.49,0.36,0.11,0.01,inferred
Tamworth,2021-05-12,0.85,0.76,0.63,0.49,0.36,0.11,0.01,inferred
Tamworth,2021-05-13,0.85,0.76,0.63,0.49,0.36,0.11,0.01,inferred
Tamworth,2021-05-14,0.85,0.76,0.63,0.49,0.36,0.11,0.01,inferred
Tamworth,2021-05-15,0.85,0.76,0.63,0.49,0.36,0.11,0.01,inferred
Tamworth,2021-05-16,0.85,0.76,0.63,0.49,0.36,0.11,0.01,inferred
Tamworth,2021-05-17,0.85,0.76,0.63,0.49,0.36,0.11,0.01,inferred
Tamworth,2021-05-18,0.99,0.97,0.94,0.90,0.84,0.55,0.15,inferred
Tamworth,2021-05-19,0.99,0.97,0.94,0.90,0.84,0.55,0.15,inferred
Tamworth,2021-05-20,0.99,0.97,0.94,0.90,0.84,0.55,0.15,inferred
Tamworth,2021-05-21,0.99,0.97,0.94,0.90,0.84,0.55,0.15,inferred
Tamworth,2021-05-22,0.99,0.97,0.94,0.90,0.84,0.55,0.15,inferred
Tamworth,2021-05-23,0.99,0.97,0.94,0.90,0.84,0.55,0.15,inferred
Tamworth,2021-05-24,0.99,0.97,0.94,0.90,0.84,0.55,0.15,inferred
Tamworth,2021-05-25,1.00,1.00,1.00,0.99,0.96,0.77,0.36,inferred
Tamworth,2021-05-26,1.00,1.00,1.00,0.99,0.96,0.77,0.36,inferred
Tamworth,2021-05-27,1.00,1.00,1.00,0.99,0.96,0.77,0.36,inferred
Tamworth,2021-05-28,1.00,1.00,1.00,0.99,0.96,0.77,0.36,inferred
Tamworth,2021-05-29,1.00,1.00,1.00,0.99,0.96,0.77,0.36,inferred
Tamworth,2021-05-30,1.00,1.00,1.00,0.99,0.96,0.77,0.36,inferred
Tamworth,2021-05-31,1.00,1.00,1.00,0.99,0.96,0.77,0.36,inferred
Tamworth,2021-06-01,1.00,0.99,0.97,0.92,0.85,0.54,0.10,inferred
Tamworth,2021-06-02,1.00,0.99,0.97,0.92,0.85,0.54,0.10,inferred
Tamworth,2021-06-03,1.00,0.99,0.97,0.92,0.85,0.54,0.10,inferred
Tamworth,2021-06-04,1.00,0.99,0.97,0.92,0.85,0.54,0.10,inferred
Tamworth,2021-06-05,1.00,0.99,0.97,0.92,0.85,0.54,0.10,inferred
Tamworth,2021-06-06,1.00,0.99,0.97,0.92,0.85,0.54,0.10,inferred
Tamworth,2021-06-07,1.00,0.99,0.97,0.92,0.85,0.54,0.10,inferred
Tamworth,2021-06-08,1.00,1.00,1.00,1.00,1.00,0.99,0.70,inferred
Tamworth,2021-06-09,1.00,1.00,1.00,1.00,1.00,0.99,0.70,inferred
Tamworth,2021-06-10,1.00,1.00,1.00,1.00,1.00,0.99,0.70,inferred
Tamworth,2021-06-11,1.00,1.00,1.00,1.00,1.00,0.99,0.70,inferred
Tamworth,2021-06-12,1.00,1.00,1.00,1.00,1.00,0.99,0.70,inferred
Tamworth,2021-06-13,1.00,1.00,1.00,1.00,1.00,0.99,0.70,inferred
Tamworth,2021-06-14,1.00,1.00,1.00,1.00,1.00,0.99,0.70,inferred
Tamworth,2021-06-15,1.00,1.00,1.00,1.00,1.00,1.00,1.00,inferred
Tamworth,2021-06-16,1.00,1.00,1.00,1.00,1.00,1.00,1.00,inferred
Tamworth,2021-06-17,1.00,1.00,1.00,1.00,1.00,1.00,1.00,inferred
Tamworth,2021-06-18,1.00,1.00,1.00,1.00,1.00,1.00,1.00,inferred
Tamworth,2021-06-19,1.00,1.00,1.00,1.00,1.00,1.00,1.00,inferred
Tamworth,2021-06-20,1.00,1.00,1.00,1.00,1.00,1.00,1.00,inferred
Tamworth,2021-06-21,1.00,1.00,1.00,1.00,1.00,1.00,1.00,inferred
Tamworth,2021-06-22,1.00,1.00,1.00,1.00,1.00,0.95,0.64,inferred
Tamworth,2021-06-23,1.00,1.00,1.00,1.00,1.00,0.95,0.64,inferred
Tamworth,2021-06-24,1.00,1.00,1.00,1.00,1.00,0.95,0.64,inferred
Tamworth,2021-06-25,1.00,1.00,1.00,1.00,1.00,0.95,0.64,inferred
Tamworth,2021-06-26,1.00,1.00,1.00,1.00,1.00,0.95,0.64,inferred
Tamworth,2021-06-27,1.00,1.00,1.00,1.00,1.00,0.95,0.64,inferred
Tamworth,2021-06-28,1.00,1.00,1.00,1.00,1.00,0.95,0.64,inferred
Tamworth,2021-06-29,0.98,0.90,0.75,0.57,0.38,0.06,0.00,inferred
Tamworth,2021-06-30,0.98,0.90,0.75,0.57,0.38,0.06,0.00,inferred
Tamworth,2021-07-01,0.98,0.90,0.75,0.57,0.38,0.06,0.00,inferred
Tamworth,2021-07-02,0.98,0.90,0.75,0.57,0.38,0.06,0.00,inferred
Tamworth,2021-07-03,0.98,0.90,0.75,0.57,0.38,0.06,0.00,inferred
Tamworth,2021-07-04,0.98,0.90,0.75,0.57,0.38,0.06,0.00,inferred
Tamworth,2021-07-05,0.98,0.90,0.75,0.57,0.38,0.06,0.00,inferred
Tamworth,2021-07-06,0.89,0.81,0.68,0.55,0.42,0.18,0.03,projected
Tamworth,2021-07-07,0.89,0.81,0.68,0.55,0.42,0.18,0.03,projected
Tamworth,2021-07-08,0.89,0.81,0.68,0.55,0.42,0.18,0.03,projected
Tamworth,2021-07-09,0.89,0.81,0.68,0.55,0.42,0.18,0.03,projected
Tamworth,2021-07-10,0.89,0.81,0.68,0.55,0.42,0.18,0.03,projected
Tamworth,2021-07-11,0.89,0.81,0.68,0.55,0.42,0.18,0.03,projected
Tamworth,2021-07-12,0.89,0.81,0.68,0.55,0.42,0.18,0.03,projected
Tamworth,2021-07-13,0.86,0.75,0.64,0.54,0.44,0.22,0.06,projected
Tamworth,2021-07-14,0.86,0.75,0.64,0.54,0.44,0.22,0.06,projected
Tamworth,2021-07-15,0.86,0.75,0.64,0.54,0.44,0.22,0.06,projected
Tamworth,2021-07-16,0.86,0.75,0.64,0.54,0.44,0.22,0.06,projected
Tamworth,2021-07-17,0.86,0.75,0.64,0.54,0.44,0.22,0.06,projected
Tamworth,2021-07-18,0.86,0.75,0.64,0.54,0.44,0.22,0.06,projected
Tamworth,2021-07-19,0.86,0.75,0.64,0.54,0.44,0.22,0.06,projected
Tamworth,2021-07-20,0.84,0.74,0.64,0.55,0.46,0.26,0.09,projected
Tamworth,2021-07-21,0.84,0.74,0.64,0.55,0.46,0.26,0.09,projected
Tamworth,2021-07-22,0.84,0.74,0.64,0.55,0.46,0.26,0.09,projected
Tamworth,2021-07-23,0.84,0.74,0.64,0.55,0.46,0.26,0.09,projected
Tamworth,2021-07-24,0.84,0.74,0.64,0.55,0.46,0.26,0.09,projected
Tamworth,2021-07-25,0.84,0.74,0.64,0.55,0.46,0.26,0.09,projected
Tamworth,2021-07-26,0.84,0.74,0.64,0.55,0.46,0.26,0.09,projected
Tandridge,2021-03-23,0.04,0.01,0.00,0.00,0.00,0.00,0.00,inferred
Tandridge,2021-03-24,0.04,0.01,0.00,0.00,0.00,0.00,0.00,inferred
Tandridge,2021-03-25,0.04,0.01,0.00,0.00,0.00,0.00,0.00,inferred
Tandridge,2021-03-26,0.04,0.01,0.00,0.00,0.00,0.00,0.00,inferred
Tandridge,2021-03-27,0.04,0.01,0.00,0.00,0.00,0.00,0.00,inferred
Tandridge,2021-03-28,0.04,0.01,0.00,0.00,0.00,0.00,0.00,inferred
Tandridge,2021-03-29,0.04,0.01,0.00,0.00,0.00,0.00,0.00,inferred
Tandridge,2021-03-30,0.29,0.16,0.08,0.03,0.01,0.00,0.00,inferred
Tandridge,2021-03-31,0.29,0.16,0.08,0.03,0.01,0.00,0.00,inferred
Tandridge,2021-04-01,0.29,0.16,0.08,0.03,0.01,0.00,0.00,inferred
Tandridge,2021-04-02,0.29,0.16,0.08,0.03,0.01,0.00,0.00,inferred
Tandridge,2021-04-03,0.29,0.16,0.08,0.03,0.01,0.00,0.00,inferred
Tandridge,2021-04-04,0.29,0.16,0.08,0.03,0.01,0.00,0.00,inferred
Tandridge,2021-04-05,0.29,0.16,0.08,0.03,0.01,0.00,0.00,inferred
Tandridge,2021-04-06,0.78,0.63,0.49,0.35,0.24,0.06,0.00,inferred
Tandridge,2021-04-07,0.78,0.63,0.49,0.35,0.24,0.06,0.00,inferred
Tandridge,2021-04-08,0.78,0.63,0.49,0.35,0.24,0.06,0.00,inferred
Tandridge,2021-04-09,0.78,0.63,0.49,0.35,0.24,0.06,0.00,inferred
Tandridge,2021-04-10,0.78,0.63,0.49,0.35,0.24,0.06,0.00,inferred
Tandridge,2021-04-11,0.78,0.63,0.49,0.35,0.24,0.06,0.00,inferred
Tandridge,2021-04-12,0.78,0.63,0.49,0.35,0.24,0.06,0.00,inferred
Tandridge,2021-04-13,0.98,0.96,0.92,0.85,0.75,0.39,0.04,inferred
Tandridge,2021-04-14,0.98,0.96,0.92,0.85,0.75,0.39,0.04,inferred
Tandridge,2021-04-15,0.98,0.96,0.92,0.85,0.75,0.39,0.04,inferred
Tandridge,2021-04-16,0.98,0.96,0.92,0.85,0.75,0.39,0.04,inferred
Tandridge,2021-04-17,0.98,0.96,0.92,0.85,0.75,0.39,0.04,inferred
Tandridge,2021-04-18,0.98,0.96,0.92,0.85,0.75,0.39,0.04,inferred
Tandridge,2021-04-19,0.98,0.96,0.92,0.85,0.75,0.39,0.04,inferred
Tandridge,2021-04-20,0.75,0.60,0.42,0.28,0.17,0.02,0.00,inferred
Tandridge,2021-04-21,0.75,0.60,0.42,0.28,0.17,0.02,0.00,inferred
Tandridge,2021-04-22,0.75,0.60,0.42,0.28,0.17,0.02,0.00,inferred
Tandridge,2021-04-23,0.75,0.60,0.42,0.28,0.17,0.02,0.00,inferred
Tandridge,2021-04-24,0.75,0.60,0.42,0.28,0.17,0.02,0.00,inferred
Tandridge,2021-04-25,0.75,0.60,0.42,0.28,0.17,0.02,0.00,inferred
Tandridge,2021-04-26,0.75,0.60,0.42,0.28,0.17,0.02,0.00,inferred
Tandridge,2021-04-27,0.70,0.54,0.38,0.25,0.15,0.03,0.00,inferred
Tandridge,2021-04-28,0.70,0.54,0.38,0.25,0.15,0.03,0.00,inferred
Tandridge,2021-04-29,0.70,0.54,0.38,0.25,0.15,0.03,0.00,inferred
Tandridge,2021-04-30,0.70,0.54,0.38,0.25,0.15,0.03,0.00,inferred
Tandridge,2021-05-01,0.70,0.54,0.38,0.25,0.15,0.03,0.00,inferred
Tandridge,2021-05-02,0.70,0.54,0.38,0.25,0.15,0.03,0.00,inferred
Tandridge,2021-05-03,0.70,0.54,0.38,0.25,0.15,0.03,0.00,inferred
Tandridge,2021-05-04,0.71,0.54,0.40,0.26,0.16,0.03,0.00,inferred
Tandridge,2021-05-05,0.71,0.54,0.40,0.26,0.16,0.03,0.00,inferred
Tandridge,2021-05-06,0.71,0.54,0.40,0.26,0.16,0.03,0.00,inferred
Tandridge,2021-05-07,0.71,0.54,0.40,0.26,0.16,0.03,0.00,inferred
Tandridge,2021-05-08,0.71,0.54,0.40,0.26,0.16,0.03,0.00,inferred
Tandridge,2021-05-09,0.71,0.54,0.40,0.26,0.16,0.03,0.00,inferred
Tandridge,2021-05-10,0.71,0.54,0.40,0.26,0.16,0.03,0.00,inferred
Tandridge,2021-05-11,0.97,0.92,0.84,0.73,0.61,0.26,0.02,inferred
Tandridge,2021-05-12,0.97,0.92,0.84,0.73,0.61,0.26,0.02,inferred
Tandridge,2021-05-13,0.97,0.92,0.84,0.73,0.61,0.26,0.02,inferred
Tandridge,2021-05-14,0.97,0.92,0.84,0.73,0.61,0.26,0.02,inferred
Tandridge,2021-05-15,0.97,0.92,0.84,0.73,0.61,0.26,0.02,inferred
Tandridge,2021-05-16,0.97,0.92,0.84,0.73,0.61,0.26,0.02,inferred
Tandridge,2021-05-17,0.97,0.92,0.84,0.73,0.61,0.26,0.02,inferred
Tandridge,2021-05-18,1.00,1.00,0.99,0.98,0.95,0.76,0.25,inferred
Tandridge,2021-05-19,1.00,1.00,0.99,0.98,0.95,0.76,0.25,inferred
Tandridge,2021-05-20,1.00,1.00,0.99,0.98,0.95,0.76,0.25,inferred
Tandridge,2021-05-21,1.00,1.00,0.99,0.98,0.95,0.76,0.25,inferred
Tandridge,2021-05-22,1.00,1.00,0.99,0.98,0.95,0.76,0.25,inferred
Tandridge,2021-05-23,1.00,1.00,0.99,0.98,0.95,0.76,0.25,inferred
Tandridge,2021-05-24,1.00,1.00,0.99,0.98,0.95,0.76,0.25,inferred
Tandridge,2021-05-25,1.00,0.99,0.99,0.97,0.92,0.59,0.13,inferred
Tandridge,2021-05-26,1.00,0.99,0.99,0.97,0.92,0.59,0.13,inferred
Tandridge,2021-05-27,1.00,0.99,0.99,0.97,0.92,0.59,0.13,inferred
Tandridge,2021-05-28,1.00,0.99,0.99,0.97,0.92,0.59,0.13,inferred
Tandridge,2021-05-29,1.00,0.99,0.99,0.97,0.92,0.59,0.13,inferred
Tandridge,2021-05-30,1.00,0.99,0.99,0.97,0.92,0.59,0.13,inferred
Tandridge,2021-05-31,1.00,0.99,0.99,0.97,0.92,0.59,0.13,inferred
Tandridge,2021-06-01,0.92,0.81,0.64,0.46,0.27,0.03,0.00,inferred
Tandridge,2021-06-02,0.92,0.81,0.64,0.46,0.27,0.03,0.00,inferred
Tandridge,2021-06-03,0.92,0.81,0.64,0.46,0.27,0.03,0.00,inferred
Tandridge,2021-06-04,0.92,0.81,0.64,0.46,0.27,0.03,0.00,inferred
Tandridge,2021-06-05,0.92,0.81,0.64,0.46,0.27,0.03,0.00,inferred
Tandridge,2021-06-06,0.92,0.81,0.64,0.46,0.27,0.03,0.00,inferred
Tandridge,2021-06-07,0.92,0.81,0.64,0.46,0.27,0.03,0.00,inferred
Tandridge,2021-06-08,0.87,0.70,0.48,0.29,0.15,0.01,0.00,inferred
Tandridge,2021-06-09,0.87,0.70,0.48,0.29,0.15,0.01,0.00,inferred
Tandridge,2021-06-10,0.87,0.70,0.48,0.29,0.15,0.01,0.00,inferred
Tandridge,2021-06-11,0.87,0.70,0.48,0.29,0.15,0.01,0.00,inferred
Tandridge,2021-06-12,0.87,0.70,0.48,0.29,0.15,0.01,0.00,inferred
Tandridge,2021-06-13,0.87,0.70,0.48,0.29,0.15,0.01,0.00,inferred
Tandridge,2021-06-14,0.87,0.70,0.48,0.29,0.15,0.01,0.00,inferred
Tandridge,2021-06-15,1.00,1.00,1.00,1.00,1.00,0.96,0.44,inferred
Tandridge,2021-06-16,1.00,1.00,1.00,1.00,1.00,0.96,0.44,inferred
Tandridge,2021-06-17,1.00,1.00,1.00,1.00,1.00,0.96,0.44,inferred
Tandridge,2021-06-18,1.00,1.00,1.00,1.00,1.00,0.96,0.44,inferred
Tandridge,2021-06-19,1.00,1.00,1.00,1.00,1.00,0.96,0.44,inferred
Tandridge,2021-06-20,1.00,1.00,1.00,1.00,1.00,0.96,0.44,inferred
Tandridge,2021-06-21,1.00,1.00,1.00,1.00,1.00,0.96,0.44,inferred
Tandridge,2021-06-22,1.00,1.00,1.00,1.00,1.00,0.97,0.68,inferred
Tandridge,2021-06-23,1.00,1.00,1.00,1.00,1.00,0.97,0.68,inferred
Tandridge,2021-06-24,1.00,1.00,1.00,1.00,1.00,0.97,0.68,inferred
Tandridge,2021-06-25,1.00,1.00,1.00,1.00,1.00,0.97,0.68,inferred
Tandridge,2021-06-26,1.00,1.00,1.00,1.00,1.00,0.97,0.68,inferred
Tandridge,2021-06-27,1.00,1.00,1.00,1.00,1.00,0.97,0.68,inferred
Tandridge,2021-06-28,1.00,1.00,1.00,1.00,1.00,0.97,0.68,inferred
Tandridge,2021-06-29,1.00,1.00,0.99,0.97,0.93,0.67,0.19,inferred
Tandridge,2021-06-30,1.00,1.00,0.99,0.97,0.93,0.67,0.19,inferred
Tandridge,2021-07-01,1.00,1.00,0.99,0.97,0.93,0.67,0.19,inferred
Tandridge,2021-07-02,1.00,1.00,0.99,0.97,0.93,0.67,0.19,inferred
Tandridge,2021-07-03,1.00,1.00,0.99,0.97,0.93,0.67,0.19,inferred
Tandridge,2021-07-04,1.00,1.00,0.99,0.97,0.93,0.67,0.19,inferred
Tandridge,2021-07-05,1.00,1.00,0.99,0.97,0.93,0.67,0.19,inferred
Tandridge,2021-07-06,0.99,0.98,0.95,0.90,0.82,0.53,0.17,projected
Tandridge,2021-07-07,0.99,0.98,0.95,0.90,0.82,0.53,0.17,projected
Tandridge,2021-07-08,0.99,0.98,0.95,0.90,0.82,0.53,0.17,projected
Tandridge,2021-07-09,0.99,0.98,0.95,0.90,0.82,0.53,0.17,projected
Tandridge,2021-07-10,0.99,0.98,0.95,0.90,0.82,0.53,0.17,projected
Tandridge,2021-07-11,0.99,0.98,0.95,0.90,0.82,0.53,0.17,projected
Tandridge,2021-07-12,0.99,0.98,0.95,0.90,0.82,0.53,0.17,projected
Tandridge,2021-07-13,0.98,0.95,0.91,0.85,0.77,0.48,0.18,projected
Tandridge,2021-07-14,0.98,0.95,0.91,0.85,0.77,0.48,0.18,projected
Tandridge,2021-07-15,0.98,0.95,0.91,0.85,0.77,0.48,0.18,projected
Tandridge,2021-07-16,0.98,0.95,0.91,0.85,0.77,0.48,0.18,projected
Tandridge,2021-07-17,0.98,0.95,0.91,0.85,0.77,0.48,0.18,projected
Tandridge,2021-07-18,0.98,0.95,0.91,0.85,0.77,0.48,0.18,projected
Tandridge,2021-07-19,0.98,0.95,0.91,0.85,0.77,0.48,0.18,projected
Tandridge,2021-07-20,0.97,0.95,0.89,0.84,0.74,0.46,0.18,projected
Tandridge,2021-07-21,0.97,0.95,0.89,0.84,0.74,0.46,0.18,projected
Tandridge,2021-07-22,0.97,0.95,0.89,0.84,0.74,0.46,0.18,projected
Tandridge,2021-07-23,0.97,0.95,0.89,0.84,0.74,0.46,0.18,projected
Tandridge,2021-07-24,0.97,0.95,0.89,0.84,0.74,0.46,0.18,projected
Tandridge,2021-07-25,0.97,0.95,0.89,0.84,0.74,0.46,0.18,projected
Tandridge,2021-07-26,0.97,0.95,0.89,0.84,0.74,0.46,0.18,projected
Tayside,2021-03-23,0.44,0.17,0.05,0.01,0.00,0.00,0.00,inferred
Tayside,2021-03-24,0.44,0.17,0.05,0.01,0.00,0.00,0.00,inferred
Tayside,2021-03-25,0.44,0.17,0.05,0.01,0.00,0.00,0.00,inferred
Tayside,2021-03-26,0.44,0.17,0.05,0.01,0.00,0.00,0.00,inferred
Tayside,2021-03-27,0.44,0.17,0.05,0.01,0.00,0.00,0.00,inferred
Tayside,2021-03-28,0.44,0.17,0.05,0.01,0.00,0.00,0.00,inferred
Tayside,2021-03-29,0.44,0.17,0.05,0.01,0.00,0.00,0.00,inferred
Tayside,2021-03-30,0.14,0.05,0.01,0.00,0.00,0.00,0.00,inferred
Tayside,2021-03-31,0.14,0.05,0.01,0.00,0.00,0.00,0.00,inferred
Tayside,2021-04-01,0.14,0.05,0.01,0.00,0.00,0.00,0.00,inferred
Tayside,2021-04-02,0.14,0.05,0.01,0.00,0.00,0.00,0.00,inferred
Tayside,2021-04-03,0.14,0.05,0.01,0.00,0.00,0.00,0.00,inferred
Tayside,2021-04-04,0.14,0.05,0.01,0.00,0.00,0.00,0.00,inferred
Tayside,2021-04-05,0.14,0.05,0.01,0.00,0.00,0.00,0.00,inferred
Tayside,2021-04-06,0.42,0.22,0.08,0.03,0.01,0.00,0.00,inferred
Tayside,2021-04-07,0.42,0.22,0.08,0.03,0.01,0.00,0.00,inferred
Tayside,2021-04-08,0.42,0.22,0.08,0.03,0.01,0.00,0.00,inferred
Tayside,2021-04-09,0.42,0.22,0.08,0.03,0.01,0.00,0.00,inferred
Tayside,2021-04-10,0.42,0.22,0.08,0.03,0.01,0.00,0.00,inferred
Tayside,2021-04-11,0.42,0.22,0.08,0.03,0.01,0.00,0.00,inferred
Tayside,2021-04-12,0.42,0.22,0.08,0.03,0.01,0.00,0.00,inferred
Tayside,2021-04-13,0.48,0.24,0.10,0.03,0.01,0.00,0.00,inferred
Tayside,2021-04-14,0.48,0.24,0.10,0.03,0.01,0.00,0.00,inferred
Tayside,2021-04-15,0.48,0.24,0.10,0.03,0.01,0.00,0.00,inferred
Tayside,2021-04-16,0.48,0.24,0.10,0.03,0.01,0.00,0.00,inferred
Tayside,2021-04-17,0.48,0.24,0.10,0.03,0.01,0.00,0.00,inferred
Tayside,2021-04-18,0.48,0.24,0.10,0.03,0.01,0.00,0.00,inferred
Tayside,2021-04-19,0.48,0.24,0.10,0.03,0.01,0.00,0.00,inferred
Tayside,2021-04-20,0.19,0.07,0.03,0.01,0.00,0.00,0.00,inferred
Tayside,2021-04-21,0.19,0.07,0.03,0.01,0.00,0.00,0.00,inferred
Tayside,2021-04-22,0.19,0.07,0.03,0.01,0.00,0.00,0.00,inferred
Tayside,2021-04-23,0.19,0.07,0.03,0.01,0.00,0.00,0.00,inferred
Tayside,2021-04-24,0.19,0.07,0.03,0.01,0.00,0.00,0.00,inferred
Tayside,2021-04-25,0.19,0.07,0.03,0.01,0.00,0.00,0.00,inferred
Tayside,2021-04-26,0.19,0.07,0.03,0.01,0.00,0.00,0.00,inferred
Tayside,2021-04-27,0.59,0.42,0.25,0.13,0.06,0.00,0.00,inferred
Tayside,2021-04-28,0.59,0.42,0.25,0.13,0.06,0.00,0.00,inferred
Tayside,2021-04-29,0.59,0.42,0.25,0.13,0.06,0.00,0.00,inferred
Tayside,2021-04-30,0.59,0.42,0.25,0.13,0.06,0.00,0.00,inferred
Tayside,2021-05-01,0.59,0.42,0.25,0.13,0.06,0.00,0.00,inferred
Tayside,2021-05-02,0.59,0.42,0.25,0.13,0.06,0.00,0.00,inferred
Tayside,2021-05-03,0.59,0.42,0.25,0.13,0.06,0.00,0.00,inferred
Tayside,2021-05-04,0.98,0.95,0.89,0.78,0.64,0.22,0.01,inferred
Tayside,2021-05-05,0.98,0.95,0.89,0.78,0.64,0.22,0.01,inferred
Tayside,2021-05-06,0.98,0.95,0.89,0.78,0.64,0.22,0.01,inferred
Tayside,2021-05-07,0.98,0.95,0.89,0.78,0.64,0.22,0.01,inferred
Tayside,2021-05-08,0.98,0.95,0.89,0.78,0.64,0.22,0.01,inferred
Tayside,2021-05-09,0.98,0.95,0.89,0.78,0.64,0.22,0.01,inferred
Tayside,2021-05-10,0.98,0.95,0.89,0.78,0.64,0.22,0.01,inferred
Tayside,2021-05-11,1.00,0.99,0.98,0.94,0.88,0.55,0.08,inferred
Tayside,2021-05-12,1.00,0.99,0.98,0.94,0.88,0.55,0.08,inferred
Tayside,2021-05-13,1.00,0.99,0.98,0.94,0.88,0.55,0.08,inferred
Tayside,2021-05-14,1.00,0.99,0.98,0.94,0.88,0.55,0.08,inferred
Tayside,2021-05-15,1.00,0.99,0.98,0.94,0.88,0.55,0.08,inferred
Tayside,2021-05-16,1.00,0.99,0.98,0.94,0.88,0.55,0.08,inferred
Tayside,2021-05-17,1.00,0.99,0.98,0.94,0.88,0.55,0.08,inferred
Tayside,2021-05-18,1.00,1.00,1.00,1.00,0.99,0.90,0.44,inferred
Tayside,2021-05-19,1.00,1.00,1.00,1.00,0.99,0.90,0.44,inferred
Tayside,2021-05-20,1.00,1.00,1.00,1.00,0.99,0.90,0.44,inferred
Tayside,2021-05-21,1.00,1.00,1.00,1.00,0.99,0.90,0.44,inferred
Tayside,2021-05-22,1.00,1.00,1.00,1.00,0.99,0.90,0.44,inferred
Tayside,2021-05-23,1.00,1.00,1.00,1.00,0.99,0.90,0.44,inferred
Tayside,2021-05-24,1.00,1.00,1.00,1.00,0.99,0.90,0.44,inferred
Tayside,2021-05-25,1.00,1.00,1.00,1.00,1.00,1.00,0.86,inferred
Tayside,2021-05-26,1.00,1.00,1.00,1.00,1.00,1.00,0.86,inferred
Tayside,2021-05-27,1.00,1.00,1.00,1.00,1.00,1.00,0.86,inferred
Tayside,2021-05-28,1.00,1.00,1.00,1.00,1.00,1.00,0.86,inferred
Tayside,2021-05-29,1.00,1.00,1.00,1.00,1.00,1.00,0.86,inferred
Tayside,2021-05-30,1.00,1.00,1.00,1.00,1.00,1.00,0.86,inferred
Tayside,2021-05-31,1.00,1.00,1.00,1.00,1.00,1.00,0.86,inferred
Tayside,2021-06-01,1.00,1.00,1.00,0.98,0.92,0.60,0.08,inferred
Tayside,2021-06-02,1.00,1.00,1.00,0.98,0.92,0.60,0.08,inferred
Tayside,2021-06-03,1.00,1.00,1.00,0.98,0.92,0.60,0.08,inferred
Tayside,2021-06-04,1.00,1.00,1.00,0.98,0.92,0.60,0.08,inferred
Tayside,2021-06-05,1.00,1.00,1.00,0.98,0.92,0.60,0.08,inferred
Tayside,2021-06-06,1.00,1.00,1.00,0.98,0.92,0.60,0.08,inferred
Tayside,2021-06-07,1.00,1.00,1.00,0.98,0.92,0.60,0.08,inferred
Tayside,2021-06-08,0.91,0.67,0.36,0.13,0.04,0.00,0.00,inferred
Tayside,2021-06-09,0.91,0.67,0.36,0.13,0.04,0.00,0.00,inferred
Tayside,2021-06-10,0.91,0.67,0.36,0.13,0.04,0.00,0.00,inferred
Tayside,2021-06-11,0.91,0.67,0.36,0.13,0.04,0.00,0.00,inferred
Tayside,2021-06-12,0.91,0.67,0.36,0.13,0.04,0.00,0.00,inferred
Tayside,2021-06-13,0.91,0.67,0.36,0.13,0.04,0.00,0.00,inferred
Tayside,2021-06-14,0.91,0.67,0.36,0.13,0.04,0.00,0.00,inferred
Tayside,2021-06-15,1.00,1.00,1.00,1.00,1.00,1.00,0.62,inferred
Tayside,2021-06-16,1.00,1.00,1.00,1.00,1.00,1.00,0.62,inferred
Tayside,2021-06-17,1.00,1.00,1.00,1.00,1.00,1.00,0.62,inferred
Tayside,2021-06-18,1.00,1.00,1.00,1.00,1.00,1.00,0.62,inferred
Tayside,2021-06-19,1.00,1.00,1.00,1.00,1.00,1.00,0.62,inferred
Tayside,2021-06-20,1.00,1.00,1.00,1.00,1.00,1.00,0.62,inferred
Tayside,2021-06-21,1.00,1.00,1.00,1.00,1.00,1.00,0.62,inferred
Tayside,2021-06-22,1.00,1.00,1.00,1.00,1.00,0.86,0.22,inferred
Tayside,2021-06-23,1.00,1.00,1.00,1.00,1.00,0.86,0.22,inferred
Tayside,2021-06-24,1.00,1.00,1.00,1.00,1.00,0.86,0.22,inferred
Tayside,2021-06-25,1.00,1.00,1.00,1.00,1.00,0.86,0.22,inferred
Tayside,2021-06-26,1.00,1.00,1.00,1.00,1.00,0.86,0.22,inferred
Tayside,2021-06-27,1.00,1.00,1.00,1.00,1.00,0.86,0.22,inferred
Tayside,2021-06-28,1.00,1.00,1.00,1.00,1.00,0.86,0.22,inferred
Tayside,2021-06-29,0.19,0.08,0.03,0.01,0.00,0.00,0.00,inferred
Tayside,2021-06-30,0.19,0.08,0.03,0.01,0.00,0.00,0.00,inferred
Tayside,2021-07-01,0.19,0.08,0.03,0.01,0.00,0.00,0.00,inferred
Tayside,2021-07-02,0.19,0.08,0.03,0.01,0.00,0.00,0.00,inferred
Tayside,2021-07-03,0.19,0.08,0.03,0.01,0.00,0.00,0.00,inferred
Tayside,2021-07-04,0.19,0.08,0.03,0.01,0.00,0.00,0.00,inferred
Tayside,2021-07-05,0.19,0.08,0.03,0.01,0.00,0.00,0.00,inferred
Tayside,2021-07-06,0.36,0.27,0.20,0.14,0.10,0.04,0.01,projected
Tayside,2021-07-07,0.36,0.27,0.20,0.14,0.10,0.04,0.01,projected
Tayside,2021-07-08,0.36,0.27,0.20,0.14,0.10,0.04,0.01,projected
Tayside,2021-07-09,0.36,0.27,0.20,0.14,0.10,0.04,0.01,projected
Tayside,2021-07-10,0.36,0.27,0.20,0.14,0.10,0.04,0.01,projected
Tayside,2021-07-11,0.36,0.27,0.20,0.14,0.10,0.04,0.01,projected
Tayside,2021-07-12,0.36,0.27,0.20,0.14,0.10,0.04,0.01,projected
Tayside,2021-07-13,0.40,0.33,0.27,0.22,0.18,0.09,0.04,projected
Tayside,2021-07-14,0.40,0.33,0.27,0.22,0.18,0.09,0.04,projected
Tayside,2021-07-15,0.40,0.33,0.27,0.22,0.18,0.09,0.04,projected
Tayside,2021-07-16,0.40,0.33,0.27,0.22,0.18,0.09,0.04,projected
Tayside,2021-07-17,0.40,0.33,0.27,0.22,0.18,0.09,0.04,projected
Tayside,2021-07-18,0.40,0.33,0.27,0.22,0.18,0.09,0.04,projected
Tayside,2021-07-19,0.40,0.33,0.27,0.22,0.18,0.09,0.04,projected
Tayside,2021-07-20,0.45,0.39,0.32,0.27,0.23,0.13,0.06,projected
Tayside,2021-07-21,0.45,0.39,0.32,0.27,0.23,0.13,0.06,projected
Tayside,2021-07-22,0.45,0.39,0.32,0.27,0.23,0.13,0.06,projected
Tayside,2021-07-23,0.45,0.39,0.32,0.27,0.23,0.13,0.06,projected
Tayside,2021-07-24,0.45,0.39,0.32,0.27,0.23,0.13,0.06,projected
Tayside,2021-07-25,0.45,0.39,0.32,0.27,0.23,0.13,0.06,projected
Tayside,2021-07-26,0.45,0.39,0.32,0.27,0.23,0.13,0.06,projected
Teignbridge,2021-03-23,0.83,0.69,0.54,0.38,0.24,0.04,0.00,inferred
Teignbridge,2021-03-24,0.83,0.69,0.54,0.38,0.24,0.04,0.00,inferred
Teignbridge,2021-03-25,0.83,0.69,0.54,0.38,0.24,0.04,0.00,inferred
Teignbridge,2021-03-26,0.83,0.69,0.54,0.38,0.24,0.04,0.00,inferred
Teignbridge,2021-03-27,0.83,0.69,0.54,0.38,0.24,0.04,0.00,inferred
Teignbridge,2021-03-28,0.83,0.69,0.54,0.38,0.24,0.04,0.00,inferred
Teignbridge,2021-03-29,0.83,0.69,0.54,0.38,0.24,0.04,0.00,inferred
Teignbridge,2021-03-30,0.83,0.70,0.55,0.40,0.25,0.04,0.00,inferred
Teignbridge,2021-03-31,0.83,0.70,0.55,0.40,0.25,0.04,0.00,inferred
Teignbridge,2021-04-01,0.83,0.70,0.55,0.40,0.25,0.04,0.00,inferred
Teignbridge,2021-04-02,0.83,0.70,0.55,0.40,0.25,0.04,0.00,inferred
Teignbridge,2021-04-03,0.83,0.70,0.55,0.40,0.25,0.04,0.00,inferred
Teignbridge,2021-04-04,0.83,0.70,0.55,0.40,0.25,0.04,0.00,inferred
Teignbridge,2021-04-05,0.83,0.70,0.55,0.40,0.25,0.04,0.00,inferred
Teignbridge,2021-04-06,0.85,0.71,0.56,0.41,0.29,0.05,0.00,inferred
Teignbridge,2021-04-07,0.85,0.71,0.56,0.41,0.29,0.05,0.00,inferred
Teignbridge,2021-04-08,0.85,0.71,0.56,0.41,0.29,0.05,0.00,inferred
Teignbridge,2021-04-09,0.85,0.71,0.56,0.41,0.29,0.05,0.00,inferred
Teignbridge,2021-04-10,0.85,0.71,0.56,0.41,0.29,0.05,0.00,inferred
Teignbridge,2021-04-11,0.85,0.71,0.56,0.41,0.29,0.05,0.00,inferred
Teignbridge,2021-04-12,0.85,0.71,0.56,0.41,0.29,0.05,0.00,inferred
Teignbridge,2021-04-13,0.73,0.55,0.38,0.25,0.14,0.02,0.00,inferred
Teignbridge,2021-04-14,0.73,0.55,0.38,0.25,0.14,0.02,0.00,inferred
Teignbridge,2021-04-15,0.73,0.55,0.38,0.25,0.14,0.02,0.00,inferred
Teignbridge,2021-04-16,0.73,0.55,0.38,0.25,0.14,0.02,0.00,inferred
Teignbridge,2021-04-17,0.73,0.55,0.38,0.25,0.14,0.02,0.00,inferred
Teignbridge,2021-04-18,0.73,0.55,0.38,0.25,0.14,0.02,0.00,inferred
Teignbridge,2021-04-19,0.73,0.55,0.38,0.25,0.14,0.02,0.00,inferred
Teignbridge,2021-04-20,0.76,0.60,0.45,0.31,0.20,0.04,0.00,inferred
Teignbridge,2021-04-21,0.76,0.60,0.45,0.31,0.20,0.04,0.00,inferred
Teignbridge,2021-04-22,0.76,0.60,0.45,0.31,0.20,0.04,0.00,inferred
Teignbridge,2021-04-23,0.76,0.60,0.45,0.31,0.20,0.04,0.00,inferred
Teignbridge,2021-04-24,0.76,0.60,0.45,0.31,0.20,0.04,0.00,inferred
Teignbridge,2021-04-25,0.76,0.60,0.45,0.31,0.20,0.04,0.00,inferred
Teignbridge,2021-04-26,0.76,0.60,0.45,0.31,0.20,0.04,0.00,inferred
Teignbridge,2021-04-27,0.66,0.48,0.34,0.23,0.13,0.01,0.00,inferred
Teignbridge,2021-04-28,0.66,0.48,0.34,0.23,0.13,0.01,0.00,inferred
Teignbridge,2021-04-29,0.66,0.48,0.34,0.23,0.13,0.01,0.00,inferred
Teignbridge,2021-04-30,0.66,0.48,0.34,0.23,0.13,0.01,0.00,inferred
Teignbridge,2021-05-01,0.66,0.48,0.34,0.23,0.13,0.01,0.00,inferred
Teignbridge,2021-05-02,0.66,0.48,0.34,0.23,0.13,0.01,0.00,inferred
Teignbridge,2021-05-03,0.66,0.48,0.34,0.23,0.13,0.01,0.00,inferred
Teignbridge,2021-05-04,0.71,0.54,0.39,0.25,0.15,0.02,0.00,inferred
Teignbridge,2021-05-05,0.71,0.54,0.39,0.25,0.15,0.02,0.00,inferred
Teignbridge,2021-05-06,0.71,0.54,0.39,0.25,0.15,0.02,0.00,inferred
Teignbridge,2021-05-07,0.71,0.54,0.39,0.25,0.15,0.02,0.00,inferred
Teignbridge,2021-05-08,0.71,0.54,0.39,0.25,0.15,0.02,0.00,inferred
Teignbridge,2021-05-09,0.71,0.54,0.39,0.25,0.15,0.02,0.00,inferred
Teignbridge,2021-05-10,0.71,0.54,0.39,0.25,0.15,0.02,0.00,inferred
Teignbridge,2021-05-11,0.87,0.74,0.59,0.44,0.31,0.08,0.00,inferred
Teignbridge,2021-05-12,0.87,0.74,0.59,0.44,0.31,0.08,0.00,inferred
Teignbridge,2021-05-13,0.87,0.74,0.59,0.44,0.31,0.08,0.00,inferred
Teignbridge,2021-05-14,0.87,0.74,0.59,0.44,0.31,0.08,0.00,inferred
Teignbridge,2021-05-15,0.87,0.74,0.59,0.44,0.31,0.08,0.00,inferred
Teignbridge,2021-05-16,0.87,0.74,0.59,0.44,0.31,0.08,0.00,inferred
Teignbridge,2021-05-17,0.87,0.74,0.59,0.44,0.31,0.08,0.00,inferred
Teignbridge,2021-05-18,0.72,0.56,0.41,0.27,0.18,0.03,0.00,inferred
Teignbridge,2021-05-19,0.72,0.56,0.41,0.27,0.18,0.03,0.00,inferred
Teignbridge,2021-05-20,0.72,0.56,0.41,0.27,0.18,0.03,0.00,inferred
Teignbridge,2021-05-21,0.72,0.56,0.41,0.27,0.18,0.03,0.00,inferred
Teignbridge,2021-05-22,0.72,0.56,0.41,0.27,0.18,0.03,0.00,inferred
Teignbridge,2021-05-23,0.72,0.56,0.41,0.27,0.18,0.03,0.00,inferred
Teignbridge,2021-05-24,0.72,0.56,0.41,0.27,0.18,0.03,0.00,inferred
Teignbridge,2021-05-25,0.95,0.88,0.80,0.67,0.56,0.22,0.02,inferred
Teignbridge,2021-05-26,0.95,0.88,0.80,0.67,0.56,0.22,0.02,inferred
Teignbridge,2021-05-27,0.95,0.88,0.80,0.67,0.56,0.22,0.02,inferred
Teignbridge,2021-05-28,0.95,0.88,0.80,0.67,0.56,0.22,0.02,inferred
Teignbridge,2021-05-29,0.95,0.88,0.80,0.67,0.56,0.22,0.02,inferred
Teignbridge,2021-05-30,0.95,0.88,0.80,0.67,0.56,0.22,0.02,inferred
Teignbridge,2021-05-31,0.95,0.88,0.80,0.67,0.56,0.22,0.02,inferred
Teignbridge,2021-06-01,1.00,1.00,1.00,0.99,0.98,0.89,0.47,inferred
Teignbridge,2021-06-02,1.00,1.00,1.00,0.99,0.98,0.89,0.47,inferred
Teignbridge,2021-06-03,1.00,1.00,1.00,0.99,0.98,0.89,0.47,inferred
Teignbridge,2021-06-04,1.00,1.00,1.00,0.99,0.98,0.89,0.47,inferred
Teignbridge,2021-06-05,1.00,1.00,1.00,0.99,0.98,0.89,0.47,inferred
Teignbridge,2021-06-06,1.00,1.00,1.00,0.99,0.98,0.89,0.47,inferred
Teignbridge,2021-06-07,1.00,1.00,1.00,0.99,0.98,0.89,0.47,inferred
Teignbridge,2021-06-08,1.00,0.99,0.98,0.95,0.89,0.59,0.12,inferred
Teignbridge,2021-06-09,1.00,0.99,0.98,0.95,0.89,0.59,0.12,inferred
Teignbridge,2021-06-10,1.00,0.99,0.98,0.95,0.89,0.59,0.12,inferred
Teignbridge,2021-06-11,1.00,0.99,0.98,0.95,0.89,0.59,0.12,inferred
Teignbridge,2021-06-12,1.00,0.99,0.98,0.95,0.89,0.59,0.12,inferred
Teignbridge,2021-06-13,1.00,0.99,0.98,0.95,0.89,0.59,0.12,inferred
Teignbridge,2021-06-14,1.00,0.99,0.98,0.95,0.89,0.59,0.12,inferred
Teignbridge,2021-06-15,1.00,1.00,1.00,1.00,1.00,0.97,0.57,inferred
Teignbridge,2021-06-16,1.00,1.00,1.00,1.00,1.00,0.97,0.57,inferred
Teignbridge,2021-06-17,1.00,1.00,1.00,1.00,1.00,0.97,0.57,inferred
Teignbridge,2021-06-18,1.00,1.00,1.00,1.00,1.00,0.97,0.57,inferred
Teignbridge,2021-06-19,1.00,1.00,1.00,1.00,1.00,0.97,0.57,inferred
Teignbridge,2021-06-20,1.00,1.00,1.00,1.00,1.00,0.97,0.57,inferred
Teignbridge,2021-06-21,1.00,1.00,1.00,1.00,1.00,0.97,0.57,inferred
Teignbridge,2021-06-22,1.00,1.00,1.00,1.00,1.00,1.00,0.93,inferred
Teignbridge,2021-06-23,1.00,1.00,1.00,1.00,1.00,1.00,0.93,inferred
Teignbridge,2021-06-24,1.00,1.00,1.00,1.00,1.00,1.00,0.93,inferred
Teignbridge,2021-06-25,1.00,1.00,1.00,1.00,1.00,1.00,0.93,inferred
Teignbridge,2021-06-26,1.00,1.00,1.00,1.00,1.00,1.00,0.93,inferred
Teignbridge,2021-06-27,1.00,1.00,1.00,1.00,1.00,1.00,0.93,inferred
Teignbridge,2021-06-28,1.00,1.00,1.00,1.00,1.00,1.00,0.93,inferred
Teignbridge,2021-06-29,1.00,1.00,1.00,1.00,1.00,0.98,0.81,inferred
Teignbridge,2021-06-30,1.00,1.00,1.00,1.00,1.00,0.98,0.81,inferred
Teignbridge,2021-07-01,1.00,1.00,1.00,1.00,1.00,0.98,0.81,inferred
Teignbridge,2021-07-02,1.00,1.00,1.00,1.00,1.00,0.98,0.81,inferred
Teignbridge,2021-07-03,1.00,1.00,1.00,1.00,1.00,0.98,0.81,inferred
Teignbridge,2021-07-04,1.00,1.00,1.00,1.00,1.00,0.98,0.81,inferred
Teignbridge,2021-07-05,1.00,1.00,1.00,1.00,1.00,0.98,0.81,inferred
Teignbridge,2021-07-06,1.00,0.99,0.99,0.97,0.96,0.85,0.60,projected
Teignbridge,2021-07-07,1.00,0.99,0.99,0.97,0.96,0.85,0.60,projected
Teignbridge,2021-07-08,1.00,0.99,0.99,0.97,0.96,0.85,0.60,projected
Teignbridge,2021-07-09,1.00,0.99,0.99,0.97,0.96,0.85,0.60,projected
Teignbridge,2021-07-10,1.00,0.99,0.99,0.97,0.96,0.85,0.60,projected
Teignbridge,2021-07-11,1.00,0.99,0.99,0.97,0.96,0.85,0.60,projected
Teignbridge,2021-07-12,1.00,0.99,0.99,0.97,0.96,0.85,0.60,projected
Teignbridge,2021-07-13,0.99,0.98,0.97,0.93,0.91,0.76,0.54,projected
Teignbridge,2021-07-14,0.99,0.98,0.97,0.93,0.91,0.76,0.54,projected
Teignbridge,2021-07-15,0.99,0.98,0.97,0.93,0.91,0.76,0.54,projected
Teignbridge,2021-07-16,0.99,0.98,0.97,0.93,0.91,0.76,0.54,projected
Teignbridge,2021-07-17,0.99,0.98,0.97,0.93,0.91,0.76,0.54,projected
Teignbridge,2021-07-18,0.99,0.98,0.97,0.93,0.91,0.76,0.54,projected
Teignbridge,2021-07-19,0.99,0.98,0.97,0.93,0.91,0.76,0.54,projected
Teignbridge,2021-07-20,0.97,0.95,0.93,0.89,0.85,0.71,0.49,projected
Teignbridge,2021-07-21,0.97,0.95,0.93,0.89,0.85,0.71,0.49,projected
Teignbridge,2021-07-22,0.97,0.95,0.93,0.89,0.85,0.71,0.49,projected
Teignbridge,2021-07-23,0.97,0.95,0.93,0.89,0.85,0.71,0.49,projected
Teignbridge,2021-07-24,0.97,0.95,0.93,0.89,0.85,0.71,0.49,projected
Teignbridge,2021-07-25,0.97,0.95,0.93,0.89,0.85,0.71,0.49,projected
Teignbridge,2021-07-26,0.97,0.95,0.93,0.89,0.85,0.71,0.49,projected
Telford and Wrekin,2021-03-23,0.74,0.46,0.23,0.09,0.02,0.00,0.00,inferred
Telford and Wrekin,2021-03-24,0.74,0.46,0.23,0.09,0.02,0.00,0.00,inferred
Telford and Wrekin,2021-03-25,0.74,0.46,0.23,0.09,0.02,0.00,0.00,inferred
Telford and Wrekin,2021-03-26,0.74,0.46,0.23,0.09,0.02,0.00,0.00,inferred
Telford and Wrekin,2021-03-27,0.74,0.46,0.23,0.09,0.02,0.00,0.00,inferred
Telford and Wrekin,2021-03-28,0.74,0.46,0.23,0.09,0.02,0.00,0.00,inferred
Telford and Wrekin,2021-03-29,0.74,0.46,0.23,0.09,0.02,0.00,0.00,inferred
Telford and Wrekin,2021-03-30,0.86,0.65,0.44,0.23,0.10,0.00,0.00,inferred
Telford and Wrekin,2021-03-31,0.86,0.65,0.44,0.23,0.10,0.00,0.00,inferred
Telford and Wrekin,2021-04-01,0.86,0.65,0.44,0.23,0.10,0.00,0.00,inferred
Telford and Wrekin,2021-04-02,0.86,0.65,0.44,0.23,0.10,0.00,0.00,inferred
Telford and Wrekin,2021-04-03,0.86,0.65,0.44,0.23,0.10,0.00,0.00,inferred
Telford and Wrekin,2021-04-04,0.86,0.65,0.44,0.23,0.10,0.00,0.00,inferred
Telford and Wrekin,2021-04-05,0.86,0.65,0.44,0.23,0.10,0.00,0.00,inferred
Telford and Wrekin,2021-04-06,0.92,0.82,0.65,0.44,0.26,0.02,0.00,inferred
Telford and Wrekin,2021-04-07,0.92,0.82,0.65,0.44,0.26,0.02,0.00,inferred
Telford and Wrekin,2021-04-08,0.92,0.82,0.65,0.44,0.26,0.02,0.00,inferred
Telford and Wrekin,2021-04-09,0.92,0.82,0.65,0.44,0.26,0.02,0.00,inferred
Telford and Wrekin,2021-04-10,0.92,0.82,0.65,0.44,0.26,0.02,0.00,inferred
Telford and Wrekin,2021-04-11,0.92,0.82,0.65,0.44,0.26,0.02,0.00,inferred
Telford and Wrekin,2021-04-12,0.92,0.82,0.65,0.44,0.26,0.02,0.00,inferred
Telford and Wrekin,2021-04-13,0.94,0.85,0.66,0.44,0.25,0.02,0.00,inferred
Telford and Wrekin,2021-04-14,0.94,0.85,0.66,0.44,0.25,0.02,0.00,inferred
Telford and Wrekin,2021-04-15,0.94,0.85,0.66,0.44,0.25,0.02,0.00,inferred
Telford and Wrekin,2021-04-16,0.94,0.85,0.66,0.44,0.25,0.02,0.00,inferred
Telford and Wrekin,2021-04-17,0.94,0.85,0.66,0.44,0.25,0.02,0.00,inferred
Telford and Wrekin,2021-04-18,0.94,0.85,0.66,0.44,0.25,0.02,0.00,inferred
Telford and Wrekin,2021-04-19,0.94,0.85,0.66,0.44,0.25,0.02,0.00,inferred
Telford and Wrekin,2021-04-20,0.63,0.39,0.19,0.07,0.03,0.00,0.00,inferred
Telford and Wrekin,2021-04-21,0.63,0.39,0.19,0.07,0.03,0.00,0.00,inferred
Telford and Wrekin,2021-04-22,0.63,0.39,0.19,0.07,0.03,0.00,0.00,inferred
Telford and Wrekin,2021-04-23,0.63,0.39,0.19,0.07,0.03,0.00,0.00,inferred
Telford and Wrekin,2021-04-24,0.63,0.39,0.19,0.07,0.03,0.00,0.00,inferred
Telford and Wrekin,2021-04-25,0.63,0.39,0.19,0.07,0.03,0.00,0.00,inferred
Telford and Wrekin,2021-04-26,0.63,0.39,0.19,0.07,0.03,0.00,0.00,inferred
Telford and Wrekin,2021-04-27,0.14,0.05,0.01,0.00,0.00,0.00,0.00,inferred
Telford and Wrekin,2021-04-28,0.14,0.05,0.01,0.00,0.00,0.00,0.00,inferred
Telford and Wrekin,2021-04-29,0.14,0.05,0.01,0.00,0.00,0.00,0.00,inferred
Telford and Wrekin,2021-04-30,0.14,0.05,0.01,0.00,0.00,0.00,0.00,inferred
Telford and Wrekin,2021-05-01,0.14,0.05,0.01,0.00,0.00,0.00,0.00,inferred
Telford and Wrekin,2021-05-02,0.14,0.05,0.01,0.00,0.00,0.00,0.00,inferred
Telford and Wrekin,2021-05-03,0.14,0.05,0.01,0.00,0.00,0.00,0.00,inferred
Telford and Wrekin,2021-05-04,0.68,0.47,0.26,0.15,0.06,0.00,0.00,inferred
Telford and Wrekin,2021-05-05,0.68,0.47,0.26,0.15,0.06,0.00,0.00,inferred
Telford and Wrekin,2021-05-06,0.68,0.47,0.26,0.15,0.06,0.00,0.00,inferred
Telford and Wrekin,2021-05-07,0.68,0.47,0.26,0.15,0.06,0.00,0.00,inferred
Telford and Wrekin,2021-05-08,0.68,0.47,0.26,0.15,0.06,0.00,0.00,inferred
Telford and Wrekin,2021-05-09,0.68,0.47,0.26,0.15,0.06,0.00,0.00,inferred
Telford and Wrekin,2021-05-10,0.68,0.47,0.26,0.15,0.06,0.00,0.00,inferred
Telford and Wrekin,2021-05-11,0.92,0.81,0.66,0.49,0.32,0.05,0.00,inferred
Telford and Wrekin,2021-05-12,0.92,0.81,0.66,0.49,0.32,0.05,0.00,inferred
Telford and Wrekin,2021-05-13,0.92,0.81,0.66,0.49,0.32,0.05,0.00,inferred
Telford and Wrekin,2021-05-14,0.92,0.81,0.66,0.49,0.32,0.05,0.00,inferred
Telford and Wrekin,2021-05-15,0.92,0.81,0.66,0.49,0.32,0.05,0.00,inferred
Telford and Wrekin,2021-05-16,0.92,0.81,0.66,0.49,0.32,0.05,0.00,inferred
Telford and Wrekin,2021-05-17,0.92,0.81,0.66,0.49,0.32,0.05,0.00,inferred
Telford and Wrekin,2021-05-18,1.00,1.00,1.00,1.00,0.99,0.82,0.20,inferred
Telford and Wrekin,2021-05-19,1.00,1.00,1.00,1.00,0.99,0.82,0.20,inferred
Telford and Wrekin,2021-05-20,1.00,1.00,1.00,1.00,0.99,0.82,0.20,inferred
Telford and Wrekin,2021-05-21,1.00,1.00,1.00,1.00,0.99,0.82,0.20,inferred
Telford and Wrekin,2021-05-22,1.00,1.00,1.00,1.00,0.99,0.82,0.20,inferred
Telford and Wrekin,2021-05-23,1.00,1.00,1.00,1.00,0.99,0.82,0.20,inferred
Telford and Wrekin,2021-05-24,1.00,1.00,1.00,1.00,0.99,0.82,0.20,inferred
Telford and Wrekin,2021-05-25,1.00,1.00,1.00,1.00,0.99,0.88,0.32,inferred
Telford and Wrekin,2021-05-26,1.00,1.00,1.00,1.00,0.99,0.88,0.32,inferred
Telford and Wrekin,2021-05-27,1.00,1.00,1.00,1.00,0.99,0.88,0.32,inferred
Telford and Wrekin,2021-05-28,1.00,1.00,1.00,1.00,0.99,0.88,0.32,inferred
Telford and Wrekin,2021-05-29,1.00,1.00,1.00,1.00,0.99,0.88,0.32,inferred
Telford and Wrekin,2021-05-30,1.00,1.00,1.00,1.00,0.99,0.88,0.32,inferred
Telford and Wrekin,2021-05-31,1.00,1.00,1.00,1.00,0.99,0.88,0.32,inferred
Telford and Wrekin,2021-06-01,1.00,1.00,1.00,0.97,0.90,0.45,0.04,inferred
Telford and Wrekin,2021-06-02,1.00,1.00,1.00,0.97,0.90,0.45,0.04,inferred
Telford and Wrekin,2021-06-03,1.00,1.00,1.00,0.97,0.90,0.45,0.04,inferred
Telford and Wrekin,2021-06-04,1.00,1.00,1.00,0.97,0.90,0.45,0.04,inferred
Telford and Wrekin,2021-06-05,1.00,1.00,1.00,0.97,0.90,0.45,0.04,inferred
Telford and Wrekin,2021-06-06,1.00,1.00,1.00,0.97,0.90,0.45,0.04,inferred
Telford and Wrekin,2021-06-07,1.00,1.00,1.00,0.97,0.90,0.45,0.04,inferred
Telford and Wrekin,2021-06-08,1.00,1.00,1.00,0.99,0.96,0.48,0.02,inferred
Telford and Wrekin,2021-06-09,1.00,1.00,1.00,0.99,0.96,0.48,0.02,inferred
Telford and Wrekin,2021-06-10,1.00,1.00,1.00,0.99,0.96,0.48,0.02,inferred
Telford and Wrekin,2021-06-11,1.00,1.00,1.00,0.99,0.96,0.48,0.02,inferred
Telford and Wrekin,2021-06-12,1.00,1.00,1.00,0.99,0.96,0.48,0.02,inferred
Telford and Wrekin,2021-06-13,1.00,1.00,1.00,0.99,0.96,0.48,0.02,inferred
Telford and Wrekin,2021-06-14,1.00,1.00,1.00,0.99,0.96,0.48,0.02,inferred
Telford and Wrekin,2021-06-15,1.00,1.00,1.00,1.00,1.00,0.92,0.19,inferred
Telford and Wrekin,2021-06-16,1.00,1.00,1.00,1.00,1.00,0.92,0.19,inferred
Telford and Wrekin,2021-06-17,1.00,1.00,1.00,1.00,1.00,0.92,0.19,inferred
Telford and Wrekin,2021-06-18,1.00,1.00,1.00,1.00,1.00,0.92,0.19,inferred
Telford and Wrekin,2021-06-19,1.00,1.00,1.00,1.00,1.00,0.92,0.19,inferred
Telford and Wrekin,2021-06-20,1.00,1.00,1.00,1.00,1.00,0.92,0.19,inferred
Telford and Wrekin,2021-06-21,1.00,1.00,1.00,1.00,1.00,0.92,0.19,inferred
Telford and Wrekin,2021-06-22,1.00,1.00,1.00,1.00,1.00,0.87,0.14,inferred
Telford and Wrekin,2021-06-23,1.00,1.00,1.00,1.00,1.00,0.87,0.14,inferred
Telford and Wrekin,2021-06-24,1.00,1.00,1.00,1.00,1.00,0.87,0.14,inferred
Telford and Wrekin,2021-06-25,1.00,1.00,1.00,1.00,1.00,0.87,0.14,inferred
Telford and Wrekin,2021-06-26,1.00,1.00,1.00,1.00,1.00,0.87,0.14,inferred
Telford and Wrekin,2021-06-27,1.00,1.00,1.00,1.00,1.00,0.87,0.14,inferred
Telford and Wrekin,2021-06-28,1.00,1.00,1.00,1.00,1.00,0.87,0.14,inferred
Telford and Wrekin,2021-06-29,1.00,0.98,0.94,0.85,0.73,0.29,0.02,inferred
Telford and Wrekin,2021-06-30,1.00,0.98,0.94,0.85,0.73,0.29,0.02,inferred
Telford and Wrekin,2021-07-01,1.00,0.98,0.94,0.85,0.73,0.29,0.02,inferred
Telford and Wrekin,2021-07-02,1.00,0.98,0.94,0.85,0.73,0.29,0.02,inferred
Telford and Wrekin,2021-07-03,1.00,0.98,0.94,0.85,0.73,0.29,0.02,inferred
Telford and Wrekin,2021-07-04,1.00,0.98,0.94,0.85,0.73,0.29,0.02,inferred
Telford and Wrekin,2021-07-05,1.00,0.98,0.94,0.85,0.73,0.29,0.02,inferred
Telford and Wrekin,2021-07-06,0.96,0.92,0.85,0.75,0.62,0.32,0.09,projected
Telford and Wrekin,2021-07-07,0.96,0.92,0.85,0.75,0.62,0.32,0.09,projected
Telford and Wrekin,2021-07-08,0.96,0.92,0.85,0.75,0.62,0.32,0.09,projected
Telford and Wrekin,2021-07-09,0.96,0.92,0.85,0.75,0.62,0.32,0.09,projected
Telford and Wrekin,2021-07-10,0.96,0.92,0.85,0.75,0.62,0.32,0.09,projected
Telford and Wrekin,2021-07-11,0.96,0.92,0.85,0.75,0.62,0.32,0.09,projected
Telford and Wrekin,2021-07-12,0.96,0.92,0.85,0.75,0.62,0.32,0.09,projected
Telford and Wrekin,2021-07-13,0.93,0.87,0.79,0.70,0.58,0.34,0.11,projected
Telford and Wrekin,2021-07-14,0.93,0.87,0.79,0.70,0.58,0.34,0.11,projected
Telford and Wrekin,2021-07-15,0.93,0.87,0.79,0.70,0.58,0.34,0.11,projected
Telford and Wrekin,2021-07-16,0.93,0.87,0.79,0.70,0.58,0.34,0.11,projected
Telford and Wrekin,2021-07-17,0.93,0.87,0.79,0.70,0.58,0.34,0.11,projected
Telford and Wrekin,2021-07-18,0.93,0.87,0.79,0.70,0.58,0.34,0.11,projected
Telford and Wrekin,2021-07-19,0.93,0.87,0.79,0.70,0.58,0.34,0.11,projected
Telford and Wrekin,2021-07-20,0.89,0.82,0.75,0.66,0.57,0.34,0.12,projected
Telford and Wrekin,2021-07-21,0.89,0.82,0.75,0.66,0.57,0.34,0.12,projected
Telford and Wrekin,2021-07-22,0.89,0.82,0.75,0.66,0.57,0.34,0.12,projected
Telford and Wrekin,2021-07-23,0.89,0.82,0.75,0.66,0.57,0.34,0.12,projected
Telford and Wrekin,2021-07-24,0.89,0.82,0.75,0.66,0.57,0.34,0.12,projected
Telford and Wrekin,2021-07-25,0.89,0.82,0.75,0.66,0.57,0.34,0.12,projected
Telford and Wrekin,2021-07-26,0.89,0.82,0.75,0.66,0.57,0.34,0.12,projected
Tendring,2021-03-23,0.00,0.00,0.00,0.00,0.00,0.00,0.00,inferred
Tendring,2021-03-24,0.00,0.00,0.00,0.00,0.00,0.00,0.00,inferred
Tendring,2021-03-25,0.00,0.00,0.00,0.00,0.00,0.00,0.00,inferred
Tendring,2021-03-26,0.00,0.00,0.00,0.00,0.00,0.00,0.00,inferred
Tendring,2021-03-27,0.00,0.00,0.00,0.00,0.00,0.00,0.00,inferred
Tendring,2021-03-28,0.00,0.00,0.00,0.00,0.00,0.00,0.00,inferred
Tendring,2021-03-29,0.00,0.00,0.00,0.00,0.00,0.00,0.00,inferred
Tendring,2021-03-30,0.10,0.02,0.01,0.00,0.00,0.00,0.00,inferred
Tendring,2021-03-31,0.10,0.02,0.01,0.00,0.00,0.00,0.00,inferred
Tendring,2021-04-01,0.10,0.02,0.01,0.00,0.00,0.00,0.00,inferred
Tendring,2021-04-02,0.10,0.02,0.01,0.00,0.00,0.00,0.00,inferred
Tendring,2021-04-03,0.10,0.02,0.01,0.00,0.00,0.00,0.00,inferred
Tendring,2021-04-04,0.10,0.02,0.01,0.00,0.00,0.00,0.00,inferred
Tendring,2021-04-05,0.10,0.02,0.01,0.00,0.00,0.00,0.00,inferred
Tendring,2021-04-06,0.52,0.30,0.14,0.05,0.02,0.00,0.00,inferred
Tendring,2021-04-07,0.52,0.30,0.14,0.05,0.02,0.00,0.00,inferred
Tendring,2021-04-08,0.52,0.30,0.14,0.05,0.02,0.00,0.00,inferred
Tendring,2021-04-09,0.52,0.30,0.14,0.05,0.02,0.00,0.00,inferred
Tendring,2021-04-10,0.52,0.30,0.14,0.05,0.02,0.00,0.00,inferred
Tendring,2021-04-11,0.52,0.30,0.14,0.05,0.02,0.00,0.00,inferred
Tendring,2021-04-12,0.52,0.30,0.14,0.05,0.02,0.00,0.00,inferred
Tendring,2021-04-13,0.53,0.33,0.16,0.07,0.02,0.00,0.00,inferred
Tendring,2021-04-14,0.53,0.33,0.16,0.07,0.02,0.00,0.00,inferred
Tendring,2021-04-15,0.53,0.33,0.16,0.07,0.02,0.00,0.00,inferred
Tendring,2021-04-16,0.53,0.33,0.16,0.07,0.02,0.00,0.00,inferred
Tendring,2021-04-17,0.53,0.33,0.16,0.07,0.02,0.00,0.00,inferred
Tendring,2021-04-18,0.53,0.33,0.16,0.07,0.02,0.00,0.00,inferred
Tendring,2021-04-19,0.53,0.33,0.16,0.07,0.02,0.00,0.00,inferred
Tendring,2021-04-20,0.51,0.31,0.16,0.06,0.03,0.00,0.00,inferred
Tendring,2021-04-21,0.51,0.31,0.16,0.06,0.03,0.00,0.00,inferred
Tendring,2021-04-22,0.51,0.31,0.16,0.06,0.03,0.00,0.00,inferred
Tendring,2021-04-23,0.51,0.31,0.16,0.06,0.03,0.00,0.00,inferred
Tendring,2021-04-24,0.51,0.31,0.16,0.06,0.03,0.00,0.00,inferred
Tendring,2021-04-25,0.51,0.31,0.16,0.06,0.03,0.00,0.00,inferred
Tendring,2021-04-26,0.51,0.31,0.16,0.06,0.03,0.00,0.00,inferred
Tendring,2021-04-27,0.68,0.49,0.32,0.19,0.10,0.01,0.00,inferred
Tendring,2021-04-28,0.68,0.49,0.32,0.19,0.10,0.01,0.00,inferred
Tendring,2021-04-29,0.68,0.49,0.32,0.19,0.10,0.01,0.00,inferred
Tendring,2021-04-30,0.68,0.49,0.32,0.19,0.10,0.01,0.00,inferred
Tendring,2021-05-01,0.68,0.49,0.32,0.19,0.10,0.01,0.00,inferred
Tendring,2021-05-02,0.68,0.49,0.32,0.19,0.10,0.01,0.00,inferred
Tendring,2021-05-03,0.68,0.49,0.32,0.19,0.10,0.01,0.00,inferred
Tendring,2021-05-04,0.38,0.20,0.09,0.03,0.02,0.00,0.00,inferred
Tendring,2021-05-05,0.38,0.20,0.09,0.03,0.02,0.00,0.00,inferred
Tendring,2021-05-06,0.38,0.20,0.09,0.03,0.02,0.00,0.00,inferred
Tendring,2021-05-07,0.38,0.20,0.09,0.03,0.02,0.00,0.00,inferred
Tendring,2021-05-08,0.38,0.20,0.09,0.03,0.02,0.00,0.00,inferred
Tendring,2021-05-09,0.38,0.20,0.09,0.03,0.02,0.00,0.00,inferred
Tendring,2021-05-10,0.38,0.20,0.09,0.03,0.02,0.00,0.00,inferred
Tendring,2021-05-11,0.40,0.25,0.14,0.07,0.03,0.00,0.00,inferred
Tendring,2021-05-12,0.40,0.25,0.14,0.07,0.03,0.00,0.00,inferred
Tendring,2021-05-13,0.40,0.25,0.14,0.07,0.03,0.00,0.00,inferred
Tendring,2021-05-14,0.40,0.25,0.14,0.07,0.03,0.00,0.00,inferred
Tendring,2021-05-15,0.40,0.25,0.14,0.07,0.03,0.00,0.00,inferred
Tendring,2021-05-16,0.40,0.25,0.14,0.07,0.03,0.00,0.00,inferred
Tendring,2021-05-17,0.40,0.25,0.14,0.07,0.03,0.00,0.00,inferred
Tendring,2021-05-18,0.74,0.57,0.41,0.27,0.16,0.03,0.00,inferred
Tendring,2021-05-19,0.74,0.57,0.41,0.27,0.16,0.03,0.00,inferred
Tendring,2021-05-20,0.74,0.57,0.41,0.27,0.16,0.03,0.00,inferred
Tendring,2021-05-21,0.74,0.57,0.41,0.27,0.16,0.03,0.00,inferred
Tendring,2021-05-22,0.74,0.57,0.41,0.27,0.16,0.03,0.00,inferred
Tendring,2021-05-23,0.74,0.57,0.41,0.27,0.16,0.03,0.00,inferred
Tendring,2021-05-24,0.74,0.57,0.41,0.27,0.16,0.03,0.00,inferred
Tendring,2021-05-25,0.99,0.98,0.94,0.88,0.80,0.46,0.08,inferred
Tendring,2021-05-26,0.99,0.98,0.94,0.88,0.80,0.46,0.08,inferred
Tendring,2021-05-27,0.99,0.98,0.94,0.88,0.80,0.46,0.08,inferred
Tendring,2021-05-28,0.99,0.98,0.94,0.88,0.80,0.46,0.08,inferred
Tendring,2021-05-29,0.99,0.98,0.94,0.88,0.80,0.46,0.08,inferred
Tendring,2021-05-30,0.99,0.98,0.94,0.88,0.80,0.46,0.08,inferred
Tendring,2021-05-31,0.99,0.98,0.94,0.88,0.80,0.46,0.08,inferred
Tendring,2021-06-01,1.00,1.00,0.99,0.97,0.93,0.69,0.20,inferred
Tendring,2021-06-02,1.00,1.00,0.99,0.97,0.93,0.69,0.20,inferred
Tendring,2021-06-03,1.00,1.00,0.99,0.97,0.93,0.69,0.20,inferred
Tendring,2021-06-04,1.00,1.00,0.99,0.97,0.93,0.69,0.20,inferred
Tendring,2021-06-05,1.00,1.00,0.99,0.97,0.93,0.69,0.20,inferred
Tendring,2021-06-06,1.00,1.00,0.99,0.97,0.93,0.69,0.20,inferred
Tendring,2021-06-07,1.00,1.00,0.99,0.97,0.93,0.69,0.20,inferred
Tendring,2021-06-08,1.00,1.00,0.98,0.96,0.91,0.60,0.12,inferred
Tendring,2021-06-09,1.00,1.00,0.98,0.96,0.91,0.60,0.12,inferred
Tendring,2021-06-10,1.00,1.00,0.98,0.96,0.91,0.60,0.12,inferred
Tendring,2021-06-11,1.00,1.00,0.98,0.96,0.91,0.60,0.12,inferred
Tendring,2021-06-12,1.00,1.00,0.98,0.96,0.91,0.60,0.12,inferred
Tendring,2021-06-13,1.00,1.00,0.98,0.96,0.91,0.60,0.12,inferred
Tendring,2021-06-14,1.00,1.00,0.98,0.96,0.91,0.60,0.12,inferred
Tendring,2021-06-15,1.00,1.00,1.00,1.00,1.00,0.98,0.65,inferred
Tendring,2021-06-16,1.00,1.00,1.00,1.00,1.00,0.98,0.65,inferred
Tendring,2021-06-17,1.00,1.00,1.00,1.00,1.00,0.98,0.65,inferred
Tendring,2021-06-18,1.00,1.00,1.00,1.00,1.00,0.98,0.65,inferred
Tendring,2021-06-19,1.00,1.00,1.00,1.00,1.00,0.98,0.65,inferred
Tendring,2021-06-20,1.00,1.00,1.00,1.00,1.00,0.98,0.65,inferred
Tendring,2021-06-21,1.00,1.00,1.00,1.00,1.00,0.98,0.65,inferred
Tendring,2021-06-22,1.00,1.00,1.00,1.00,1.00,1.00,0.91,inferred
Tendring,2021-06-23,1.00,1.00,1.00,1.00,1.00,1.00,0.91,inferred
Tendring,2021-06-24,1.00,1.00,1.00,1.00,1.00,1.00,0.91,inferred
Tendring,2021-06-25,1.00,1.00,1.00,1.00,1.00,1.00,0.91,inferred
Tendring,2021-06-26,1.00,1.00,1.00,1.00,1.00,1.00,0.91,inferred
Tendring,2021-06-27,1.00,1.00,1.00,1.00,1.00,1.00,0.91,inferred
Tendring,2021-06-28,1.00,1.00,1.00,1.00,1.00,1.00,0.91,inferred
Tendring,2021-06-29,1.00,1.00,1.00,1.00,1.00,0.98,0.77,inferred
Tendring,2021-06-30,1.00,1.00,1.00,1.00,1.00,0.98,0.77,inferred
Tendring,2021-07-01,1.00,1.00,1.00,1.00,1.00,0.98,0.77,inferred
Tendring,2021-07-02,1.00,1.00,1.00,1.00,1.00,0.98,0.77,inferred
Tendring,2021-07-03,1.00,1.00,1.00,1.00,1.00,0.98,0.77,inferred
Tendring,2021-07-04,1.00,1.00,1.00,1.00,1.00,0.98,0.77,inferred
Tendring,2021-07-05,1.00,1.00,1.00,1.00,1.00,0.98,0.77,inferred
Tendring,2021-07-06,1.00,1.00,1.00,1.00,0.98,0.91,0.59,projected
Tendring,2021-07-07,1.00,1.00,1.00,1.00,0.98,0.91,0.59,projected
Tendring,2021-07-08,1.00,1.00,1.00,1.00,0.98,0.91,0.59,projected
Tendring,2021-07-09,1.00,1.00,1.00,1.00,0.98,0.91,0.59,projected
Tendring,2021-07-10,1.00,1.00,1.00,1.00,0.98,0.91,0.59,projected
Tendring,2021-07-11,1.00,1.00,1.00,1.00,0.98,0.91,0.59,projected
Tendring,2021-07-12,1.00,1.00,1.00,1.00,0.98,0.91,0.59,projected
Tendring,2021-07-13,1.00,1.00,0.99,0.98,0.97,0.84,0.50,projected
Tendring,2021-07-14,1.00,1.00,0.99,0.98,0.97,0.84,0.50,projected
Tendring,2021-07-15,1.00,1.00,0.99,0.98,0.97,0.84,0.50,projected
Tendring,2021-07-16,1.00,1.00,0.99,0.98,0.97,0.84,0.50,projected
Tendring,2021-07-17,1.00,1.00,0.99,0.98,0.97,0.84,0.50,projected
Tendring,2021-07-18,1.00,1.00,0.99,0.98,0.97,0.84,0.50,projected
Tendring,2021-07-19,1.00,1.00,0.99,0.98,0.97,0.84,0.50,projected
Tendring,2021-07-20,1.00,0.99,0.98,0.96,0.92,0.78,0.46,projected
Tendring,2021-07-21,1.00,0.99,0.98,0.96,0.92,0.78,0.46,projected
Tendring,2021-07-22,1.00,0.99,0.98,0.96,0.92,0.78,0.46,projected
Tendring,2021-07-23,1.00,0.99,0.98,0.96,0.92,0.78,0.46,projected
Tendring,2021-07-24,1.00,0.99,0.98,0.96,0.92,0.78,0.46,projected
Tendring,2021-07-25,1.00,0.99,0.98,0.96,0.92,0.78,0.46,projected
Tendring,2021-07-26,1.00,0.99,0.98,0.96,0.92,0.78,0.46,projected
Test Valley,2021-03-23,0.89,0.68,0.41,0.18,0.06,0.00,0.00,inferred
Test Valley,2021-03-24,0.89,0.68,0.41,0.18,0.06,0.00,0.00,inferred
Test Valley,2021-03-25,0.89,0.68,0.41,0.18,0.06,0.00,0.00,inferred
Test Valley,2021-03-26,0.89,0.68,0.41,0.18,0.06,0.00,0.00,inferred
Test Valley,2021-03-27,0.89,0.68,0.41,0.18,0.06,0.00,0.00,inferred
Test Valley,2021-03-28,0.89,0.68,0.41,0.18,0.06,0.00,0.00,inferred
Test Valley,2021-03-29,0.89,0.68,0.41,0.18,0.06,0.00,0.00,inferred
Test Valley,2021-03-30,0.85,0.65,0.40,0.20,0.08,0.00,0.00,inferred
Test Valley,2021-03-31,0.85,0.65,0.40,0.20,0.08,0.00,0.00,inferred
Test Valley,2021-04-01,0.85,0.65,0.40,0.20,0.08,0.00,0.00,inferred
Test Valley,2021-04-02,0.85,0.65,0.40,0.20,0.08,0.00,0.00,inferred
Test Valley,2021-04-03,0.85,0.65,0.40,0.20,0.08,0.00,0.00,inferred
Test Valley,2021-04-04,0.85,0.65,0.40,0.20,0.08,0.00,0.00,inferred
Test Valley,2021-04-05,0.85,0.65,0.40,0.20,0.08,0.00,0.00,inferred
Test Valley,2021-04-06,0.41,0.19,0.06,0.02,0.01,0.00,0.00,inferred
Test Valley,2021-04-07,0.41,0.19,0.06,0.02,0.01,0.00,0.00,inferred
Test Valley,2021-04-08,0.41,0.19,0.06,0.02,0.01,0.00,0.00,inferred
Test Valley,2021-04-09,0.41,0.19,0.06,0.02,0.01,0.00,0.00,inferred
Test Valley,2021-04-10,0.41,0.19,0.06,0.02,0.01,0.00,0.00,inferred
Test Valley,2021-04-11,0.41,0.19,0.06,0.02,0.01,0.00,0.00,inferred
Test Valley,2021-04-12,0.41,0.19,0.06,0.02,0.01,0.00,0.00,inferred
Test Valley,2021-04-13,0.72,0.51,0.30,0.15,0.05,0.00,0.00,inferred
Test Valley,2021-04-14,0.72,0.51,0.30,0.15,0.05,0.00,0.00,inferred
Test Valley,2021-04-15,0.72,0.51,0.30,0.15,0.05,0.00,0.00,inferred
Test Valley,2021-04-16,0.72,0.51,0.30,0.15,0.05,0.00,0.00,inferred
Test Valley,2021-04-17,0.72,0.51,0.30,0.15,0.05,0.00,0.00,inferred
Test Valley,2021-04-18,0.72,0.51,0.30,0.15,0.05,0.00,0.00,inferred
Test Valley,2021-04-19,0.72,0.51,0.30,0.15,0.05,0.00,0.00,inferred
Test Valley,2021-04-20,0.26,0.12,0.04,0.01,0.00,0.00,0.00,inferred
Test Valley,2021-04-21,0.26,0.12,0.04,0.01,0.00,0.00,0.00,inferred
Test Valley,2021-04-22,0.26,0.12,0.04,0.01,0.00,0.00,0.00,inferred
Test Valley,2021-04-23,0.26,0.12,0.04,0.01,0.00,0.00,0.00,inferred
Test Valley,2021-04-24,0.26,0.12,0.04,0.01,0.00,0.00,0.00,inferred
Test Valley,2021-04-25,0.26,0.12,0.04,0.01,0.00,0.00,0.00,inferred
Test Valley,2021-04-26,0.26,0.12,0.04,0.01,0.00,0.00,0.00,inferred
Test Valley,2021-04-27,0.19,0.08,0.03,0.01,0.00,0.00,0.00,inferred
Test Valley,2021-04-28,0.19,0.08,0.03,0.01,0.00,0.00,0.00,inferred
Test Valley,2021-04-29,0.19,0.08,0.03,0.01,0.00,0.00,0.00,inferred
Test Valley,2021-04-30,0.19,0.08,0.03,0.01,0.00,0.00,0.00,inferred
Test Valley,2021-05-01,0.19,0.08,0.03,0.01,0.00,0.00,0.00,inferred
Test Valley,2021-05-02,0.19,0.08,0.03,0.01,0.00,0.00,0.00,inferred
Test Valley,2021-05-03,0.19,0.08,0.03,0.01,0.00,0.00,0.00,inferred
Test Valley,2021-05-04,0.52,0.34,0.19,0.09,0.04,0.00,0.00,inferred
Test Valley,2021-05-05,0.52,0.34,0.19,0.09,0.04,0.00,0.00,inferred
Test Valley,2021-05-06,0.52,0.34,0.19,0.09,0.04,0.00,0.00,inferred
Test Valley,2021-05-07,0.52,0.34,0.19,0.09,0.04,0.00,0.00,inferred
Test Valley,2021-05-08,0.52,0.34,0.19,0.09,0.04,0.00,0.00,inferred
Test Valley,2021-05-09,0.52,0.34,0.19,0.09,0.04,0.00,0.00,inferred
Test Valley,2021-05-10,0.52,0.34,0.19,0.09,0.04,0.00,0.00,inferred
Test Valley,2021-05-11,0.66,0.52,0.35,0.22,0.13,0.01,0.00,inferred
Test Valley,2021-05-12,0.66,0.52,0.35,0.22,0.13,0.01,0.00,inferred
Test Valley,2021-05-13,0.66,0.52,0.35,0.22,0.13,0.01,0.00,inferred
Test Valley,2021-05-14,0.66,0.52,0.35,0.22,0.13,0.01,0.00,inferred
Test Valley,2021-05-15,0.66,0.52,0.35,0.22,0.13,0.01,0.00,inferred
Test Valley,2021-05-16,0.66,0.52,0.35,0.22,0.13,0.01,0.00,inferred
Test Valley,2021-05-17,0.66,0.52,0.35,0.22,0.13,0.01,0.00,inferred
Test Valley,2021-05-18,1.00,1.00,1.00,0.99,0.97,0.82,0.29,inferred
Test Valley,2021-05-19,1.00,1.00,1.00,0.99,0.97,0.82,0.29,inferred
Test Valley,2021-05-20,1.00,1.00,1.00,0.99,0.97,0.82,0.29,inferred
Test Valley,2021-05-21,1.00,1.00,1.00,0.99,0.97,0.82,0.29,inferred
Test Valley,2021-05-22,1.00,1.00,1.00,0.99,0.97,0.82,0.29,inferred
Test Valley,2021-05-23,1.00,1.00,1.00,0.99,0.97,0.82,0.29,inferred
Test Valley,2021-05-24,1.00,1.00,1.00,0.99,0.97,0.82,0.29,inferred
Test Valley,2021-05-25,1.00,1.00,1.00,1.00,0.98,0.79,0.28,inferred
Test Valley,2021-05-26,1.00,1.00,1.00,1.00,0.98,0.79,0.28,inferred
Test Valley,2021-05-27,1.00,1.00,1.00,1.00,0.98,0.79,0.28,inferred
Test Valley,2021-05-28,1.00,1.00,1.00,1.00,0.98,0.79,0.28,inferred
Test Valley,2021-05-29,1.00,1.00,1.00,1.00,0.98,0.79,0.28,inferred
Test Valley,2021-05-30,1.00,1.00,1.00,1.00,0.98,0.79,0.28,inferred
Test Valley,2021-05-31,1.00,1.00,1.00,1.00,0.98,0.79,0.28,inferred
Test Valley,2021-06-01,1.00,1.00,1.00,1.00,1.00,0.92,0.41,inferred
Test Valley,2021-06-02,1.00,1.00,1.00,1.00,1.00,0.92,0.41,inferred
Test Valley,2021-06-03,1.00,1.00,1.00,1.00,1.00,0.92,0.41,inferred
Test Valley,2021-06-04,1.00,1.00,1.00,1.00,1.00,0.92,0.41,inferred
Test Valley,2021-06-05,1.00,1.00,1.00,1.00,1.00,0.92,0.41,inferred
Test Valley,2021-06-06,1.00,1.00,1.00,1.00,1.00,0.92,0.41,inferred
Test Valley,2021-06-07,1.00,1.00,1.00,1.00,1.00,0.92,0.41,inferred
Test Valley,2021-06-08,1.00,1.00,0.99,0.96,0.87,0.38,0.02,inferred
Test Valley,2021-06-09,1.00,1.00,0.99,0.96,0.87,0.38,0.02,inferred
Test Valley,2021-06-10,1.00,1.00,0.99,0.96,0.87,0.38,0.02,inferred
Test Valley,2021-06-11,1.00,1.00,0.99,0.96,0.87,0.38,0.02,inferred
Test Valley,2021-06-12,1.00,1.00,0.99,0.96,0.87,0.38,0.02,inferred
Test Valley,2021-06-13,1.00,1.00,0.99,0.96,0.87,0.38,0.02,inferred
Test Valley,2021-06-14,1.00,1.00,0.99,0.96,0.87,0.38,0.02,inferred
Test Valley,2021-06-15,1.00,1.00,1.00,1.00,0.97,0.54,0.01,inferred
Test Valley,2021-06-16,1.00,1.00,1.00,1.00,0.97,0.54,0.01,inferred
Test Valley,2021-06-17,1.00,1.00,1.00,1.00,0.97,0.54,0.01,inferred
Test Valley,2021-06-18,1.00,1.00,1.00,1.00,0.97,0.54,0.01,inferred
Test Valley,2021-06-19,1.00,1.00,1.00,1.00,0.97,0.54,0.01,inferred
Test Valley,2021-06-20,1.00,1.00,1.00,1.00,0.97,0.54,0.01,inferred
Test Valley,2021-06-21,1.00,1.00,1.00,1.00,0.97,0.54,0.01,inferred
Test Valley,2021-06-22,1.00,1.00,1.00,1.00,1.00,0.86,0.11,inferred
Test Valley,2021-06-23,1.00,1.00,1.00,1.00,1.00,0.86,0.11,inferred
Test Valley,2021-06-24,1.00,1.00,1.00,1.00,1.00,0.86,0.11,inferred
Test Valley,2021-06-25,1.00,1.00,1.00,1.00,1.00,0.86,0.11,inferred
Test Valley,2021-06-26,1.00,1.00,1.00,1.00,1.00,0.86,0.11,inferred
Test Valley,2021-06-27,1.00,1.00,1.00,1.00,1.00,0.86,0.11,inferred
Test Valley,2021-06-28,1.00,1.00,1.00,1.00,1.00,0.86,0.11,inferred
Test Valley,2021-06-29,1.00,1.00,0.97,0.92,0.83,0.43,0.04,inferred
Test Valley,2021-06-30,1.00,1.00,0.97,0.92,0.83,0.43,0.04,inferred
Test Valley,2021-07-01,1.00,1.00,0.97,0.92,0.83,0.43,0.04,inferred
Test Valley,2021-07-02,1.00,1.00,0.97,0.92,0.83,0.43,0.04,inferred
Test Valley,2021-07-03,1.00,1.00,0.97,0.92,0.83,0.43,0.04,inferred
Test Valley,2021-07-04,1.00,1.00,0.97,0.92,0.83,0.43,0.04,inferred
Test Valley,2021-07-05,1.00,1.00,0.97,0.92,0.83,0.43,0.04,inferred
Test Valley,2021-07-06,0.99,0.96,0.91,0.83,0.74,0.44,0.11,projected
Test Valley,2021-07-07,0.99,0.96,0.91,0.83,0.74,0.44,0.11,projected
Test Valley,2021-07-08,0.99,0.96,0.91,0.83,0.74,0.44,0.11,projected
Test Valley,2021-07-09,0.99,0.96,0.91,0.83,0.74,0.44,0.11,projected
Test Valley,2021-07-10,0.99,0.96,0.91,0.83,0.74,0.44,0.11,projected
Test Valley,2021-07-11,0.99,0.96,0.91,0.83,0.74,0.44,0.11,projected
Test Valley,2021-07-12,0.99,0.96,0.91,0.83,0.74,0.44,0.11,projected
Test Valley,2021-07-13,0.98,0.94,0.89,0.81,0.73,0.44,0.16,projected
Test Valley,2021-07-14,0.98,0.94,0.89,0.81,0.73,0.44,0.16,projected
Test Valley,2021-07-15,0.98,0.94,0.89,0.81,0.73,0.44,0.16,projected
Test Valley,2021-07-16,0.98,0.94,0.89,0.81,0.73,0.44,0.16,projected
Test Valley,2021-07-17,0.98,0.94,0.89,0.81,0.73,0.44,0.16,projected
Test Valley,2021-07-18,0.98,0.94,0.89,0.81,0.73,0.44,0.16,projected
Test Valley,2021-07-19,0.98,0.94,0.89,0.81,0.73,0.44,0.16,projected
Test Valley,2021-07-20,0.96,0.93,0.88,0.81,0.72,0.48,0.17,projected
Test Valley,2021-07-21,0.96,0.93,0.88,0.81,0.72,0.48,0.17,projected
Test Valley,2021-07-22,0.96,0.93,0.88,0.81,0.72,0.48,0.17,projected
Test Valley,2021-07-23,0.96,0.93,0.88,0.81,0.72,0.48,0.17,projected
Test Valley,2021-07-24,0.96,0.93,0.88,0.81,0.72,0.48,0.17,projected
Test Valley,2021-07-25,0.96,0.93,0.88,0.81,0.72,0.48,0.17,projected
Test Valley,2021-07-26,0.96,0.93,0.88,0.81,0.72,0.48,0.17,projected
Tewkesbury,2021-03-23,0.59,0.43,0.28,0.14,0.07,0.01,0.00,inferred
Tewkesbury,2021-03-24,0.59,0.43,0.28,0.14,0.07,0.01,0.00,inferred
Tewkesbury,2021-03-25,0.59,0.43,0.28,0.14,0.07,0.01,0.00,inferred
Tewkesbury,2021-03-26,0.59,0.43,0.28,0.14,0.07,0.01,0.00,inferred
Tewkesbury,2021-03-27,0.59,0.43,0.28,0.14,0.07,0.01,0.00,inferred
Tewkesbury,2021-03-28,0.59,0.43,0.28,0.14,0.07,0.01,0.00,inferred
Tewkesbury,2021-03-29,0.59,0.43,0.28,0.14,0.07,0.01,0.00,inferred
Tewkesbury,2021-03-30,0.59,0.42,0.26,0.15,0.09,0.01,0.00,inferred
Tewkesbury,2021-03-31,0.59,0.42,0.26,0.15,0.09,0.01,0.00,inferred
Tewkesbury,2021-04-01,0.59,0.42,0.26,0.15,0.09,0.01,0.00,inferred
Tewkesbury,2021-04-02,0.59,0.42,0.26,0.15,0.09,0.01,0.00,inferred
Tewkesbury,2021-04-03,0.59,0.42,0.26,0.15,0.09,0.01,0.00,inferred
Tewkesbury,2021-04-04,0.59,0.42,0.26,0.15,0.09,0.01,0.00,inferred
Tewkesbury,2021-04-05,0.59,0.42,0.26,0.15,0.09,0.01,0.00,inferred
Tewkesbury,2021-04-06,0.64,0.46,0.30,0.19,0.11,0.02,0.00,inferred
Tewkesbury,2021-04-07,0.64,0.46,0.30,0.19,0.11,0.02,0.00,inferred
Tewkesbury,2021-04-08,0.64,0.46,0.30,0.19,0.11,0.02,0.00,inferred
Tewkesbury,2021-04-09,0.64,0.46,0.30,0.19,0.11,0.02,0.00,inferred
Tewkesbury,2021-04-10,0.64,0.46,0.30,0.19,0.11,0.02,0.00,inferred
Tewkesbury,2021-04-11,0.64,0.46,0.30,0.19,0.11,0.02,0.00,inferred
Tewkesbury,2021-04-12,0.64,0.46,0.30,0.19,0.11,0.02,0.00,inferred
Tewkesbury,2021-04-13,0.77,0.64,0.49,0.35,0.25,0.06,0.00,inferred
Tewkesbury,2021-04-14,0.77,0.64,0.49,0.35,0.25,0.06,0.00,inferred
Tewkesbury,2021-04-15,0.77,0.64,0.49,0.35,0.25,0.06,0.00,inferred
Tewkesbury,2021-04-16,0.77,0.64,0.49,0.35,0.25,0.06,0.00,inferred
Tewkesbury,2021-04-17,0.77,0.64,0.49,0.35,0.25,0.06,0.00,inferred
Tewkesbury,2021-04-18,0.77,0.64,0.49,0.35,0.25,0.06,0.00,inferred
Tewkesbury,2021-04-19,0.77,0.64,0.49,0.35,0.25,0.06,0.00,inferred
Tewkesbury,2021-04-20,0.54,0.38,0.25,0.16,0.09,0.01,0.00,inferred
Tewkesbury,2021-04-21,0.54,0.38,0.25,0.16,0.09,0.01,0.00,inferred
Tewkesbury,2021-04-22,0.54,0.38,0.25,0.16,0.09,0.01,0.00,inferred
Tewkesbury,2021-04-23,0.54,0.38,0.25,0.16,0.09,0.01,0.00,inferred
Tewkesbury,2021-04-24,0.54,0.38,0.25,0.16,0.09,0.01,0.00,inferred
Tewkesbury,2021-04-25,0.54,0.38,0.25,0.16,0.09,0.01,0.00,inferred
Tewkesbury,2021-04-26,0.54,0.38,0.25,0.16,0.09,0.01,0.00,inferred
Tewkesbury,2021-04-27,0.51,0.36,0.23,0.14,0.08,0.01,0.00,inferred
Tewkesbury,2021-04-28,0.51,0.36,0.23,0.14,0.08,0.01,0.00,inferred
Tewkesbury,2021-04-29,0.51,0.36,0.23,0.14,0.08,0.01,0.00,inferred
Tewkesbury,2021-04-30,0.51,0.36,0.23,0.14,0.08,0.01,0.00,inferred
Tewkesbury,2021-05-01,0.51,0.36,0.23,0.14,0.08,0.01,0.00,inferred
Tewkesbury,2021-05-02,0.51,0.36,0.23,0.14,0.08,0.01,0.00,inferred
Tewkesbury,2021-05-03,0.51,0.36,0.23,0.14,0.08,0.01,0.00,inferred
Tewkesbury,2021-05-04,0.57,0.43,0.30,0.19,0.12,0.02,0.00,inferred
Tewkesbury,2021-05-05,0.57,0.43,0.30,0.19,0.12,0.02,0.00,inferred
Tewkesbury,2021-05-06,0.57,0.43,0.30,0.19,0.12,0.02,0.00,inferred
Tewkesbury,2021-05-07,0.57,0.43,0.30,0.19,0.12,0.02,0.00,inferred
Tewkesbury,2021-05-08,0.57,0.43,0.30,0.19,0.12,0.02,0.00,inferred
Tewkesbury,2021-05-09,0.57,0.43,0.30,0.19,0.12,0.02,0.00,inferred
Tewkesbury,2021-05-10,0.57,0.43,0.30,0.19,0.12,0.02,0.00,inferred
Tewkesbury,2021-05-11,0.93,0.87,0.79,0.69,0.60,0.29,0.05,inferred
Tewkesbury,2021-05-12,0.93,0.87,0.79,0.69,0.60,0.29,0.05,inferred
Tewkesbury,2021-05-13,0.93,0.87,0.79,0.69,0.60,0.29,0.05,inferred
Tewkesbury,2021-05-14,0.93,0.87,0.79,0.69,0.60,0.29,0.05,inferred
Tewkesbury,2021-05-15,0.93,0.87,0.79,0.69,0.60,0.29,0.05,inferred
Tewkesbury,2021-05-16,0.93,0.87,0.79,0.69,0.60,0.29,0.05,inferred
Tewkesbury,2021-05-17,0.93,0.87,0.79,0.69,0.60,0.29,0.05,inferred
Tewkesbury,2021-05-18,1.00,1.00,1.00,1.00,1.00,0.94,0.64,inferred
Tewkesbury,2021-05-19,1.00,1.00,1.00,1.00,1.00,0.94,0.64,inferred
Tewkesbury,2021-05-20,1.00,1.00,1.00,1.00,1.00,0.94,0.64,inferred
Tewkesbury,2021-05-21,1.00,1.00,1.00,1.00,1.00,0.94,0.64,inferred
Tewkesbury,2021-05-22,1.00,1.00,1.00,1.00,1.00,0.94,0.64,inferred
Tewkesbury,2021-05-23,1.00,1.00,1.00,1.00,1.00,0.94,0.64,inferred
Tewkesbury,2021-05-24,1.00,1.00,1.00,1.00,1.00,0.94,0.64,inferred
Tewkesbury,2021-05-25,1.00,1.00,1.00,1.00,1.00,1.00,0.91,inferred
Tewkesbury,2021-05-26,1.00,1.00,1.00,1.00,1.00,1.00,0.91,inferred
Tewkesbury,2021-05-27,1.00,1.00,1.00,1.00,1.00,1.00,0.91,inferred
Tewkesbury,2021-05-28,1.00,1.00,1.00,1.00,1.00,1.00,0.91,inferred
Tewkesbury,2021-05-29,1.00,1.00,1.00,1.00,1.00,1.00,0.91,inferred
Tewkesbury,2021-05-30,1.00,1.00,1.00,1.00,1.00,1.00,0.91,inferred
Tewkesbury,2021-05-31,1.00,1.00,1.00,1.00,1.00,1.00,0.91,inferred
Tewkesbury,2021-06-01,1.00,1.00,1.00,1.00,0.98,0.82,0.28,inferred
Tewkesbury,2021-06-02,1.00,1.00,1.00,1.00,0.98,0.82,0.28,inferred
Tewkesbury,2021-06-03,1.00,1.00,1.00,1.00,0.98,0.82,0.28,inferred
Tewkesbury,2021-06-04,1.00,1.00,1.00,1.00,0.98,0.82,0.28,inferred
Tewkesbury,2021-06-05,1.00,1.00,1.00,1.00,0.98,0.82,0.28,inferred
Tewkesbury,2021-06-06,1.00,1.00,1.00,1.00,0.98,0.82,0.28,inferred
Tewkesbury,2021-06-07,1.00,1.00,1.00,1.00,0.98,0.82,0.28,inferred
Tewkesbury,2021-06-08,1.00,1.00,1.00,1.00,1.00,0.99,0.65,inferred
Tewkesbury,2021-06-09,1.00,1.00,1.00,1.00,1.00,0.99,0.65,inferred
Tewkesbury,2021-06-10,1.00,1.00,1.00,1.00,1.00,0.99,0.65,inferred
Tewkesbury,2021-06-11,1.00,1.00,1.00,1.00,1.00,0.99,0.65,inferred
Tewkesbury,2021-06-12,1.00,1.00,1.00,1.00,1.00,0.99,0.65,inferred
Tewkesbury,2021-06-13,1.00,1.00,1.00,1.00,1.00,0.99,0.65,inferred
Tewkesbury,2021-06-14,1.00,1.00,1.00,1.00,1.00,0.99,0.65,inferred
Tewkesbury,2021-06-15,1.00,1.00,1.00,1.00,0.98,0.72,0.11,inferred
Tewkesbury,2021-06-16,1.00,1.00,1.00,1.00,0.98,0.72,0.11,inferred
Tewkesbury,2021-06-17,1.00,1.00,1.00,1.00,0.98,0.72,0.11,inferred
Tewkesbury,2021-06-18,1.00,1.00,1.00,1.00,0.98,0.72,0.11,inferred
Tewkesbury,2021-06-19,1.00,1.00,1.00,1.00,0.98,0.72,0.11,inferred
Tewkesbury,2021-06-20,1.00,1.00,1.00,1.00,0.98,0.72,0.11,inferred
Tewkesbury,2021-06-21,1.00,1.00,1.00,1.00,0.98,0.72,0.11,inferred
Tewkesbury,2021-06-22,0.99,0.92,0.68,0.35,0.14,0.00,0.00,inferred
Tewkesbury,2021-06-23,0.99,0.92,0.68,0.35,0.14,0.00,0.00,inferred
Tewkesbury,2021-06-24,0.99,0.92,0.68,0.35,0.14,0.00,0.00,inferred
Tewkesbury,2021-06-25,0.99,0.92,0.68,0.35,0.14,0.00,0.00,inferred
Tewkesbury,2021-06-26,0.99,0.92,0.68,0.35,0.14,0.00,0.00,inferred
Tewkesbury,2021-06-27,0.99,0.92,0.68,0.35,0.14,0.00,0.00,inferred
Tewkesbury,2021-06-28,0.99,0.92,0.68,0.35,0.14,0.00,0.00,inferred
Tewkesbury,2021-06-29,0.87,0.74,0.55,0.39,0.24,0.03,0.00,inferred
Tewkesbury,2021-06-30,0.87,0.74,0.55,0.39,0.24,0.03,0.00,inferred
Tewkesbury,2021-07-01,0.87,0.74,0.55,0.39,0.24,0.03,0.00,inferred
Tewkesbury,2021-07-02,0.87,0.74,0.55,0.39,0.24,0.03,0.00,inferred
Tewkesbury,2021-07-03,0.87,0.74,0.55,0.39,0.24,0.03,0.00,inferred
Tewkesbury,2021-07-04,0.87,0.74,0.55,0.39,0.24,0.03,0.00,inferred
Tewkesbury,2021-07-05,0.87,0.74,0.55,0.39,0.24,0.03,0.00,inferred
Tewkesbury,2021-07-06,0.79,0.66,0.55,0.45,0.35,0.15,0.03,projected
Tewkesbury,2021-07-07,0.79,0.66,0.55,0.45,0.35,0.15,0.03,projected
Tewkesbury,2021-07-08,0.79,0.66,0.55,0.45,0.35,0.15,0.03,projected
Tewkesbury,2021-07-09,0.79,0.66,0.55,0.45,0.35,0.15,0.03,projected
Tewkesbury,2021-07-10,0.79,0.66,0.55,0.45,0.35,0.15,0.03,projected
Tewkesbury,2021-07-11,0.79,0.66,0.55,0.45,0.35,0.15,0.03,projected
Tewkesbury,2021-07-12,0.79,0.66,0.55,0.45,0.35,0.15,0.03,projected
Tewkesbury,2021-07-13,0.77,0.69,0.60,0.50,0.41,0.22,0.08,projected
Tewkesbury,2021-07-14,0.77,0.69,0.60,0.50,0.41,0.22,0.08,projected
Tewkesbury,2021-07-15,0.77,0.69,0.60,0.50,0.41,0.22,0.08,projected
Tewkesbury,2021-07-16,0.77,0.69,0.60,0.50,0.41,0.22,0.08,projected
Tewkesbury,2021-07-17,0.77,0.69,0.60,0.50,0.41,0.22,0.08,projected
Tewkesbury,2021-07-18,0.77,0.69,0.60,0.50,0.41,0.22,0.08,projected
Tewkesbury,2021-07-19,0.77,0.69,0.60,0.50,0.41,0.22,0.08,projected
Tewkesbury,2021-07-20,0.82,0.74,0.65,0.57,0.48,0.29,0.11,projected
Tewkesbury,2021-07-21,0.82,0.74,0.65,0.57,0.48,0.29,0.11,projected
Tewkesbury,2021-07-22,0.82,0.74,0.65,0.57,0.48,0.29,0.11,projected
Tewkesbury,2021-07-23,0.82,0.74,0.65,0.57,0.48,0.29,0.11,projected
Tewkesbury,2021-07-24,0.82,0.74,0.65,0.57,0.48,0.29,0.11,projected
Tewkesbury,2021-07-25,0.82,0.74,0.65,0.57,0.48,0.29,0.11,projected
Tewkesbury,2021-07-26,0.82,0.74,0.65,0.57,0.48,0.29,0.11,projected
Thanet,2021-03-23,0.01,0.00,0.00,0.00,0.00,0.00,0.00,inferred
Thanet,2021-03-24,0.01,0.00,0.00,0.00,0.00,0.00,0.00,inferred
Thanet,2021-03-25,0.01,0.00,0.00,0.00,0.00,0.00,0.00,inferred
Thanet,2021-03-26,0.01,0.00,0.00,0.00,0.00,0.00,0.00,inferred
Thanet,2021-03-27,0.01,0.00,0.00,0.00,0.00,0.00,0.00,inferred
Thanet,2021-03-28,0.01,0.00,0.00,0.00,0.00,0.00,0.00,inferred
Thanet,2021-03-29,0.01,0.00,0.00,0.00,0.00,0.00,0.00,inferred
Thanet,2021-03-30,0.08,0.02,0.01,0.00,0.00,0.00,0.00,inferred
Thanet,2021-03-31,0.08,0.02,0.01,0.00,0.00,0.00,0.00,inferred
Thanet,2021-04-01,0.08,0.02,0.01,0.00,0.00,0.00,0.00,inferred
Thanet,2021-04-02,0.08,0.02,0.01,0.00,0.00,0.00,0.00,inferred
Thanet,2021-04-03,0.08,0.02,0.01,0.00,0.00,0.00,0.00,inferred
Thanet,2021-04-04,0.08,0.02,0.01,0.00,0.00,0.00,0.00,inferred
Thanet,2021-04-05,0.08,0.02,0.01,0.00,0.00,0.00,0.00,inferred
Thanet,2021-04-06,0.65,0.45,0.26,0.14,0.04,0.00,0.00,inferred
Thanet,2021-04-07,0.65,0.45,0.26,0.14,0.04,0.00,0.00,inferred
Thanet,2021-04-08,0.65,0.45,0.26,0.14,0.04,0.00,0.00,inferred
Thanet,2021-04-09,0.65,0.45,0.26,0.14,0.04,0.00,0.00,inferred
Thanet,2021-04-10,0.65,0.45,0.26,0.14,0.04,0.00,0.00,inferred
Thanet,2021-04-11,0.65,0.45,0.26,0.14,0.04,0.00,0.00,inferred
Thanet,2021-04-12,0.65,0.45,0.26,0.14,0.04,0.00,0.00,inferred
Thanet,2021-04-13,0.98,0.93,0.82,0.65,0.45,0.09,0.00,inferred
Thanet,2021-04-14,0.98,0.93,0.82,0.65,0.45,0.09,0.00,inferred
Thanet,2021-04-15,0.98,0.93,0.82,0.65,0.45,0.09,0.00,inferred
Thanet,2021-04-16,0.98,0.93,0.82,0.65,0.45,0.09,0.00,inferred
Thanet,2021-04-17,0.98,0.93,0.82,0.65,0.45,0.09,0.00,inferred
Thanet,2021-04-18,0.98,0.93,0.82,0.65,0.45,0.09,0.00,inferred
Thanet,2021-04-19,0.98,0.93,0.82,0.65,0.45,0.09,0.00,inferred
Thanet,2021-04-20,0.61,0.38,0.20,0.09,0.04,0.00,0.00,inferred
Thanet,2021-04-21,0.61,0.38,0.20,0.09,0.04,0.00,0.00,inferred
Thanet,2021-04-22,0.61,0.38,0.20,0.09,0.04,0.00,0.00,inferred
Thanet,2021-04-23,0.61,0.38,0.20,0.09,0.04,0.00,0.00,inferred
Thanet,2021-04-24,0.61,0.38,0.20,0.09,0.04,0.00,0.00,inferred
Thanet,2021-04-25,0.61,0.38,0.20,0.09,0.04,0.00,0.00,inferred
Thanet,2021-04-26,0.61,0.38,0.20,0.09,0.04,0.00,0.00,inferred
Thanet,2021-04-27,0.92,0.81,0.64,0.47,0.30,0.03,0.00,inferred
Thanet,2021-04-28,0.92,0.81,0.64,0.47,0.30,0.03,0.00,inferred
Thanet,2021-04-29,0.92,0.81,0.64,0.47,0.30,0.03,0.00,inferred
Thanet,2021-04-30,0.92,0.81,0.64,0.47,0.30,0.03,0.00,inferred
Thanet,2021-05-01,0.92,0.81,0.64,0.47,0.30,0.03,0.00,inferred
Thanet,2021-05-02,0.92,0.81,0.64,0.47,0.30,0.03,0.00,inferred
Thanet,2021-05-03,0.92,0.81,0.64,0.47,0.30,0.03,0.00,inferred
Thanet,2021-05-04,0.31,0.15,0.06,0.02,0.01,0.00,0.00,inferred
Thanet,2021-05-05,0.31,0.15,0.06,0.02,0.01,0.00,0.00,inferred
Thanet,2021-05-06,0.31,0.15,0.06,0.02,0.01,0.00,0.00,inferred
Thanet,2021-05-07,0.31,0.15,0.06,0.02,0.01,0.00,0.00,inferred
Thanet,2021-05-08,0.31,0.15,0.06,0.02,0.01,0.00,0.00,inferred
Thanet,2021-05-09,0.31,0.15,0.06,0.02,0.01,0.00,0.00,inferred
Thanet,2021-05-10,0.31,0.15,0.06,0.02,0.01,0.00,0.00,inferred
Thanet,2021-05-11,0.45,0.26,0.13,0.05,0.02,0.00,0.00,inferred
Thanet,2021-05-12,0.45,0.26,0.13,0.05,0.02,0.00,0.00,inferred
Thanet,2021-05-13,0.45,0.26,0.13,0.05,0.02,0.00,0.00,inferred
Thanet,2021-05-14,0.45,0.26,0.13,0.05,0.02,0.00,0.00,inferred
Thanet,2021-05-15,0.45,0.26,0.13,0.05,0.02,0.00,0.00,inferred
Thanet,2021-05-16,0.45,0.26,0.13,0.05,0.02,0.00,0.00,inferred
Thanet,2021-05-17,0.45,0.26,0.13,0.05,0.02,0.00,0.00,inferred
Thanet,2021-05-18,0.58,0.39,0.22,0.11,0.06,0.00,0.00,inferred
Thanet,2021-05-19,0.58,0.39,0.22,0.11,0.06,0.00,0.00,inferred
Thanet,2021-05-20,0.58,0.39,0.22,0.11,0.06,0.00,0.00,inferred
Thanet,2021-05-21,0.58,0.39,0.22,0.11,0.06,0.00,0.00,inferred
Thanet,2021-05-22,0.58,0.39,0.22,0.11,0.06,0.00,0.00,inferred
Thanet,2021-05-23,0.58,0.39,0.22,0.11,0.06,0.00,0.00,inferred
Thanet,2021-05-24,0.58,0.39,0.22,0.11,0.06,0.00,0.00,inferred
Thanet,2021-05-25,0.89,0.79,0.65,0.49,0.34,0.07,0.00,inferred
Thanet,2021-05-26,0.89,0.79,0.65,0.49,0.34,0.07,0.00,inferred
Thanet,2021-05-27,0.89,0.79,0.65,0.49,0.34,0.07,0.00,inferred
Thanet,2021-05-28,0.89,0.79,0.65,0.49,0.34,0.07,0.00,inferred
Thanet,2021-05-29,0.89,0.79,0.65,0.49,0.34,0.07,0.00,inferred
Thanet,2021-05-30,0.89,0.79,0.65,0.49,0.34,0.07,0.00,inferred
Thanet,2021-05-31,0.89,0.79,0.65,0.49,0.34,0.07,0.00,inferred
Thanet,2021-06-01,0.99,0.98,0.95,0.90,0.81,0.40,0.04,inferred
Thanet,2021-06-02,0.99,0.98,0.95,0.90,0.81,0.40,0.04,inferred
Thanet,2021-06-03,0.99,0.98,0.95,0.90,0.81,0.40,0.04,inferred
Thanet,2021-06-04,0.99,0.98,0.95,0.90,0.81,0.40,0.04,inferred
Thanet,2021-06-05,0.99,0.98,0.95,0.90,0.81,0.40,0.04,inferred
Thanet,2021-06-06,0.99,0.98,0.95,0.90,0.81,0.40,0.04,inferred
Thanet,2021-06-07,0.99,0.98,0.95,0.90,0.81,0.40,0.04,inferred
Thanet,2021-06-08,1.00,1.00,0.99,0.97,0.93,0.65,0.11,inferred
Thanet,2021-06-09,1.00,1.00,0.99,0.97,0.93,0.65,0.11,inferred
Thanet,2021-06-10,1.00,1.00,0.99,0.97,0.93,0.65,0.11,inferred
Thanet,2021-06-11,1.00,1.00,0.99,0.97,0.93,0.65,0.11,inferred
Thanet,2021-06-12,1.00,1.00,0.99,0.97,0.93,0.65,0.11,inferred
Thanet,2021-06-13,1.00,1.00,0.99,0.97,0.93,0.65,0.11,inferred
Thanet,2021-06-14,1.00,1.00,0.99,0.97,0.93,0.65,0.11,inferred
Thanet,2021-06-15,1.00,1.00,1.00,1.00,0.98,0.79,0.20,inferred
Thanet,2021-06-16,1.00,1.00,1.00,1.00,0.98,0.79,0.20,inferred
Thanet,2021-06-17,1.00,1.00,1.00,1.00,0.98,0.79,0.20,inferred
Thanet,2021-06-18,1.00,1.00,1.00,1.00,0.98,0.79,0.20,inferred
Thanet,2021-06-19,1.00,1.00,1.00,1.00,0.98,0.79,0.20,inferred
Thanet,2021-06-20,1.00,1.00,1.00,1.00,0.98,0.79,0.20,inferred
Thanet,2021-06-21,1.00,1.00,1.00,1.00,0.98,0.79,0.20,inferred
Thanet,2021-06-22,1.00,1.00,1.00,0.99,0.96,0.67,0.11,inferred
Thanet,2021-06-23,1.00,1.00,1.00,0.99,0.96,0.67,0.11,inferred
Thanet,2021-06-24,1.00,1.00,1.00,0.99,0.96,0.67,0.11,inferred
Thanet,2021-06-25,1.00,1.00,1.00,0.99,0.96,0.67,0.11,inferred
Thanet,2021-06-26,1.00,1.00,1.00,0.99,0.96,0.67,0.11,inferred
Thanet,2021-06-27,1.00,1.00,1.00,0.99,0.96,0.67,0.11,inferred
Thanet,2021-06-28,1.00,1.00,1.00,0.99,0.96,0.67,0.11,inferred
Thanet,2021-06-29,1.00,0.98,0.94,0.87,0.79,0.41,0.07,inferred
Thanet,2021-06-30,1.00,0.98,0.94,0.87,0.79,0.41,0.07,inferred
Thanet,2021-07-01,1.00,0.98,0.94,0.87,0.79,0.41,0.07,inferred
Thanet,2021-07-02,1.00,0.98,0.94,0.87,0.79,0.41,0.07,inferred
Thanet,2021-07-03,1.00,0.98,0.94,0.87,0.79,0.41,0.07,inferred
Thanet,2021-07-04,1.00,0.98,0.94,0.87,0.79,0.41,0.07,inferred
Thanet,2021-07-05,1.00,0.98,0.94,0.87,0.79,0.41,0.07,inferred
Thanet,2021-07-06,0.97,0.93,0.87,0.79,0.69,0.39,0.12,projected
Thanet,2021-07-07,0.97,0.93,0.87,0.79,0.69,0.39,0.12,projected
Thanet,2021-07-08,0.97,0.93,0.87,0.79,0.69,0.39,0.12,projected
Thanet,2021-07-09,0.97,0.93,0.87,0.79,0.69,0.39,0.12,projected
Thanet,2021-07-10,0.97,0.93,0.87,0.79,0.69,0.39,0.12,projected
Thanet,2021-07-11,0.97,0.93,0.87,0.79,0.69,0.39,0.12,projected
Thanet,2021-07-12,0.97,0.93,0.87,0.79,0.69,0.39,0.12,projected
Thanet,2021-07-13,0.96,0.92,0.86,0.78,0.68,0.41,0.13,projected
Thanet,2021-07-14,0.96,0.92,0.86,0.78,0.68,0.41,0.13,projected
Thanet,2021-07-15,0.96,0.92,0.86,0.78,0.68,0.41,0.13,projected
Thanet,2021-07-16,0.96,0.92,0.86,0.78,0.68,0.41,0.13,projected
Thanet,2021-07-17,0.96,0.92,0.86,0.78,0.68,0.41,0.13,projected
Thanet,2021-07-18,0.96,0.92,0.86,0.78,0.68,0.41,0.13,projected
Thanet,2021-07-19,0.96,0.92,0.86,0.78,0.68,0.41,0.13,projected
Thanet,2021-07-20,0.96,0.92,0.86,0.79,0.71,0.43,0.15,projected
Thanet,2021-07-21,0.96,0.92,0.86,0.79,0.71,0.43,0.15,projected
Thanet,2021-07-22,0.96,0.92,0.86,0.79,0.71,0.43,0.15,projected
Thanet,2021-07-23,0.96,0.92,0.86,0.79,0.71,0.43,0.15,projected
Thanet,2021-07-24,0.96,0.92,0.86,0.79,0.71,0.43,0.15,projected
Thanet,2021-07-25,0.96,0.92,0.86,0.79,0.71,0.43,0.15,projected
Thanet,2021-07-26,0.96,0.92,0.86,0.79,0.71,0.43,0.15,projected
Three Rivers,2021-03-23,0.80,0.60,0.38,0.18,0.06,0.00,0.00,inferred
Three Rivers,2021-03-24,0.80,0.60,0.38,0.18,0.06,0.00,0.00,inferred
Three Rivers,2021-03-25,0.80,0.60,0.38,0.18,0.06,0.00,0.00,inferred
Three Rivers,2021-03-26,0.80,0.60,0.38,0.18,0.06,0.00,0.00,inferred
Three Rivers,2021-03-27,0.80,0.60,0.38,0.18,0.06,0.00,0.00,inferred
Three Rivers,2021-03-28,0.80,0.60,0.38,0.18,0.06,0.00,0.00,inferred
Three Rivers,2021-03-29,0.80,0.60,0.38,0.18,0.06,0.00,0.00,inferred
Three Rivers,2021-03-30,0.78,0.56,0.34,0.18,0.06,0.00,0.00,inferred
Three Rivers,2021-03-31,0.78,0.56,0.34,0.18,0.06,0.00,0.00,inferred
Three Rivers,2021-04-01,0.78,0.56,0.34,0.18,0.06,0.00,0.00,inferred
Three Rivers,2021-04-02,0.78,0.56,0.34,0.18,0.06,0.00,0.00,inferred
Three Rivers,2021-04-03,0.78,0.56,0.34,0.18,0.06,0.00,0.00,inferred
Three Rivers,2021-04-04,0.78,0.56,0.34,0.18,0.06,0.00,0.00,inferred
Three Rivers,2021-04-05,0.78,0.56,0.34,0.18,0.06,0.00,0.00,inferred
Three Rivers,2021-04-06,0.69,0.46,0.26,0.12,0.05,0.00,0.00,inferred
Three Rivers,2021-04-07,0.69,0.46,0.26,0.12,0.05,0.00,0.00,inferred
Three Rivers,2021-04-08,0.69,0.46,0.26,0.12,0.05,0.00,0.00,inferred
Three Rivers,2021-04-09,0.69,0.46,0.26,0.12,0.05,0.00,0.00,inferred
Three Rivers,2021-04-10,0.69,0.46,0.26,0.12,0.05,0.00,0.00,inferred
Three Rivers,2021-04-11,0.69,0.46,0.26,0.12,0.05,0.00,0.00,inferred
Three Rivers,2021-04-12,0.69,0.46,0.26,0.12,0.05,0.00,0.00,inferred
Three Rivers,2021-04-13,0.73,0.50,0.30,0.15,0.07,0.00,0.00,inferred
Three Rivers,2021-04-14,0.73,0.50,0.30,0.15,0.07,0.00,0.00,inferred
Three Rivers,2021-04-15,0.73,0.50,0.30,0.15,0.07,0.00,0.00,inferred
Three Rivers,2021-04-16,0.73,0.50,0.30,0.15,0.07,0.00,0.00,inferred
Three Rivers,2021-04-17,0.73,0.50,0.30,0.15,0.07,0.00,0.00,inferred
Three Rivers,2021-04-18,0.73,0.50,0.30,0.15,0.07,0.00,0.00,inferred
Three Rivers,2021-04-19,0.73,0.50,0.30,0.15,0.07,0.00,0.00,inferred
Three Rivers,2021-04-20,0.46,0.27,0.12,0.04,0.01,0.00,0.00,inferred
Three Rivers,2021-04-21,0.46,0.27,0.12,0.04,0.01,0.00,0.00,inferred
Three Rivers,2021-04-22,0.46,0.27,0.12,0.04,0.01,0.00,0.00,inferred
Three Rivers,2021-04-23,0.46,0.27,0.12,0.04,0.01,0.00,0.00,inferred
Three Rivers,2021-04-24,0.46,0.27,0.12,0.04,0.01,0.00,0.00,inferred
Three Rivers,2021-04-25,0.46,0.27,0.12,0.04,0.01,0.00,0.00,inferred
Three Rivers,2021-04-26,0.46,0.27,0.12,0.04,0.01,0.00,0.00,inferred
Three Rivers,2021-04-27,0.89,0.75,0.58,0.37,0.22,0.02,0.00,inferred
Three Rivers,2021-04-28,0.89,0.75,0.58,0.37,0.22,0.02,0.00,inferred
Three Rivers,2021-04-29,0.89,0.75,0.58,0.37,0.22,0.02,0.00,inferred
Three Rivers,2021-04-30,0.89,0.75,0.58,0.37,0.22,0.02,0.00,inferred
Three Rivers,2021-05-01,0.89,0.75,0.58,0.37,0.22,0.02,0.00,inferred
Three Rivers,2021-05-02,0.89,0.75,0.58,0.37,0.22,0.02,0.00,inferred
Three Rivers,2021-05-03,0.89,0.75,0.58,0.37,0.22,0.02,0.00,inferred
Three Rivers,2021-05-04,0.89,0.75,0.58,0.39,0.23,0.03,0.00,inferred
Three Rivers,2021-05-05,0.89,0.75,0.58,0.39,0.23,0.03,0.00,inferred
Three Rivers,2021-05-06,0.89,0.75,0.58,0.39,0.23,0.03,0.00,inferred
Three Rivers,2021-05-07,0.89,0.75,0.58,0.39,0.23,0.03,0.00,inferred
Three Rivers,2021-05-08,0.89,0.75,0.58,0.39,0.23,0.03,0.00,inferred
Three Rivers,2021-05-09,0.89,0.75,0.58,0.39,0.23,0.03,0.00,inferred
Three Rivers,2021-05-10,0.89,0.75,0.58,0.39,0.23,0.03,0.00,inferred
Three Rivers,2021-05-11,0.96,0.91,0.80,0.64,0.46,0.10,0.00,inferred
Three Rivers,2021-05-12,0.96,0.91,0.80,0.64,0.46,0.10,0.00,inferred
Three Rivers,2021-05-13,0.96,0.91,0.80,0.64,0.46,0.10,0.00,inferred
Three Rivers,2021-05-14,0.96,0.91,0.80,0.64,0.46,0.10,0.00,inferred
Three Rivers,2021-05-15,0.96,0.91,0.80,0.64,0.46,0.10,0.00,inferred
Three Rivers,2021-05-16,0.96,0.91,0.80,0.64,0.46,0.10,0.00,inferred
Three Rivers,2021-05-17,0.96,0.91,0.80,0.64,0.46,0.10,0.00,inferred
Three Rivers,2021-05-18,1.00,1.00,1.00,0.99,0.95,0.66,0.09,inferred
Three Rivers,2021-05-19,1.00,1.00,1.00,0.99,0.95,0.66,0.09,inferred
Three Rivers,2021-05-20,1.00,1.00,1.00,0.99,0.95,0.66,0.09,inferred
Three Rivers,2021-05-21,1.00,1.00,1.00,0.99,0.95,0.66,0.09,inferred
Three Rivers,2021-05-22,1.00,1.00,1.00,0.99,0.95,0.66,0.09,inferred
Three Rivers,2021-05-23,1.00,1.00,1.00,0.99,0.95,0.66,0.09,inferred
Three Rivers,2021-05-24,1.00,1.00,1.00,0.99,0.95,0.66,0.09,inferred
Three Rivers,2021-05-25,1.00,0.99,0.95,0.87,0.73,0.25,0.01,inferred
Three Rivers,2021-05-26,1.00,0.99,0.95,0.87,0.73,0.25,0.01,inferred
Three Rivers,2021-05-27,1.00,0.99,0.95,0.87,0.73,0.25,0.01,inferred
Three Rivers,2021-05-28,1.00,0.99,0.95,0.87,0.73,0.25,0.01,inferred
Three Rivers,2021-05-29,1.00,0.99,0.95,0.87,0.73,0.25,0.01,inferred
Three Rivers,2021-05-30,1.00,0.99,0.95,0.87,0.73,0.25,0.01,inferred
Three Rivers,2021-05-31,1.00,0.99,0.95,0.87,0.73,0.25,0.01,inferred
Three Rivers,2021-06-01,0.99,0.93,0.80,0.58,0.34,0.03,0.00,inferred
Three Rivers,2021-06-02,0.99,0.93,0.80,0.58,0.34,0.03,0.00,inferred
Three Rivers,2021-06-03,0.99,0.93,0.80,0.58,0.34,0.03,0.00,inferred
Three Rivers,2021-06-04,0.99,0.93,0.80,0.58,0.34,0.03,0.00,inferred
Three Rivers,2021-06-05,0.99,0.93,0.80,0.58,0.34,0.03,0.00,inferred
Three Rivers,2021-06-06,0.99,0.93,0.80,0.58,0.34,0.03,0.00,inferred
Three Rivers,2021-06-07,0.99,0.93,0.80,0.58,0.34,0.03,0.00,inferred
Three Rivers,2021-06-08,1.00,0.98,0.89,0.72,0.48,0.04,0.00,inferred
Three Rivers,2021-06-09,1.00,0.98,0.89,0.72,0.48,0.04,0.00,inferred
Three Rivers,2021-06-10,1.00,0.98,0.89,0.72,0.48,0.04,0.00,inferred
Three Rivers,2021-06-11,1.00,0.98,0.89,0.72,0.48,0.04,0.00,inferred
Three Rivers,2021-06-12,1.00,0.98,0.89,0.72,0.48,0.04,0.00,inferred
Three Rivers,2021-06-13,1.00,0.98,0.89,0.72,0.48,0.04,0.00,inferred
Three Rivers,2021-06-14,1.00,0.98,0.89,0.72,0.48,0.04,0.00,inferred
Three Rivers,2021-06-15,1.00,1.00,1.00,1.00,0.99,0.72,0.04,inferred
Three Rivers,2021-06-16,1.00,1.00,1.00,1.00,0.99,0.72,0.04,inferred
Three Rivers,2021-06-17,1.00,1.00,1.00,1.00,0.99,0.72,0.04,inferred
Three Rivers,2021-06-18,1.00,1.00,1.00,1.00,0.99,0.72,0.04,inferred
Three Rivers,2021-06-19,1.00,1.00,1.00,1.00,0.99,0.72,0.04,inferred
Three Rivers,2021-06-20,1.00,1.00,1.00,1.00,0.99,0.72,0.04,inferred
Three Rivers,2021-06-21,1.00,1.00,1.00,1.00,0.99,0.72,0.04,inferred
Three Rivers,2021-06-22,1.00,1.00,1.00,1.00,1.00,0.97,0.47,inferred
Three Rivers,2021-06-23,1.00,1.00,1.00,1.00,1.00,0.97,0.47,inferred
Three Rivers,2021-06-24,1.00,1.00,1.00,1.00,1.00,0.97,0.47,inferred
Three Rivers,2021-06-25,1.00,1.00,1.00,1.00,1.00,0.97,0.47,inferred
Three Rivers,2021-06-26,1.00,1.00,1.00,1.00,1.00,0.97,0.47,inferred
Three Rivers,2021-06-27,1.00,1.00,1.00,1.00,1.00,0.97,0.47,inferred
Three Rivers,2021-06-28,1.00,1.00,1.00,1.00,1.00,0.97,0.47,inferred
Three Rivers,2021-06-29,1.00,1.00,1.00,0.99,0.97,0.79,0.25,inferred
Three Rivers,2021-06-30,1.00,1.00,1.00,0.99,0.97,0.79,0.25,inferred
Three Rivers,2021-07-01,1.00,1.00,1.00,0.99,0.97,0.79,0.25,inferred
Three Rivers,2021-07-02,1.00,1.00,1.00,0.99,0.97,0.79,0.25,inferred
Three Rivers,2021-07-03,1.00,1.00,1.00,0.99,0.97,0.79,0.25,inferred
Three Rivers,2021-07-04,1.00,1.00,1.00,0.99,0.97,0.79,0.25,inferred
Three Rivers,2021-07-05,1.00,1.00,1.00,0.99,0.97,0.79,0.25,inferred
Three Rivers,2021-07-06,1.00,0.99,0.98,0.95,0.90,0.63,0.23,projected
Three Rivers,2021-07-07,1.00,0.99,0.98,0.95,0.90,0.63,0.23,projected
Three Rivers,2021-07-08,1.00,0.99,0.98,0.95,0.90,0.63,0.23,projected
Three Rivers,2021-07-09,1.00,0.99,0.98,0.95,0.90,0.63,0.23,projected
Three Rivers,2021-07-10,1.00,0.99,0.98,0.95,0.90,0.63,0.23,projected
Three Rivers,2021-07-11,1.00,0.99,0.98,0.95,0.90,0.63,0.23,projected
Three Rivers,2021-07-12,1.00,0.99,0.98,0.95,0.90,0.63,0.23,projected
Three Rivers,2021-07-13,0.99,0.97,0.94,0.89,0.83,0.55,0.22,projected
Three Rivers,2021-07-14,0.99,0.97,0.94,0.89,0.83,0.55,0.22,projected
Three Rivers,2021-07-15,0.99,0.97,0.94,0.89,0.83,0.55,0.22,projected
Three Rivers,2021-07-16,0.99,0.97,0.94,0.89,0.83,0.55,0.22,projected
Three Rivers,2021-07-17,0.99,0.97,0.94,0.89,0.83,0.55,0.22,projected
Three Rivers,2021-07-18,0.99,0.97,0.94,0.89,0.83,0.55,0.22,projected
Three Rivers,2021-07-19,0.99,0.97,0.94,0.89,0.83,0.55,0.22,projected
Three Rivers,2021-07-20,0.98,0.96,0.92,0.87,0.79,0.49,0.19,projected
Three Rivers,2021-07-21,0.98,0.96,0.92,0.87,0.79,0.49,0.19,projected
Three Rivers,2021-07-22,0.98,0.96,0.92,0.87,0.79,0.49,0.19,projected
Three Rivers,2021-07-23,0.98,0.96,0.92,0.87,0.79,0.49,0.19,projected
Three Rivers,2021-07-24,0.98,0.96,0.92,0.87,0.79,0.49,0.19,projected
Three Rivers,2021-07-25,0.98,0.96,0.92,0.87,0.79,0.49,0.19,projected
Three Rivers,2021-07-26,0.98,0.96,0.92,0.87,0.79,0.49,0.19,projected
Thurrock,2021-03-23,0.03,0.00,0.00,0.00,0.00,0.00,0.00,inferred
Thurrock,2021-03-24,0.03,0.00,0.00,0.00,0.00,0.00,0.00,inferred
Thurrock,2021-03-25,0.03,0.00,0.00,0.00,0.00,0.00,0.00,inferred
Thurrock,2021-03-26,0.03,0.00,0.00,0.00,0.00,0.00,0.00,inferred
Thurrock,2021-03-27,0.03,0.00,0.00,0.00,0.00,0.00,0.00,inferred
Thurrock,2021-03-28,0.03,0.00,0.00,0.00,0.00,0.00,0.00,inferred
Thurrock,2021-03-29,0.03,0.00,0.00,0.00,0.00,0.00,0.00,inferred
Thurrock,2021-03-30,0.57,0.30,0.12,0.03,0.00,0.00,0.00,inferred
Thurrock,2021-03-31,0.57,0.30,0.12,0.03,0.00,0.00,0.00,inferred
Thurrock,2021-04-01,0.57,0.30,0.12,0.03,0.00,0.00,0.00,inferred
Thurrock,2021-04-02,0.57,0.30,0.12,0.03,0.00,0.00,0.00,inferred
Thurrock,2021-04-03,0.57,0.30,0.12,0.03,0.00,0.00,0.00,inferred
Thurrock,2021-04-04,0.57,0.30,0.12,0.03,0.00,0.00,0.00,inferred
Thurrock,2021-04-05,0.57,0.30,0.12,0.03,0.00,0.00,0.00,inferred
Thurrock,2021-04-06,0.28,0.11,0.04,0.01,0.00,0.00,0.00,inferred
Thurrock,2021-04-07,0.28,0.11,0.04,0.01,0.00,0.00,0.00,inferred
Thurrock,2021-04-08,0.28,0.11,0.04,0.01,0.00,0.00,0.00,inferred
Thurrock,2021-04-09,0.28,0.11,0.04,0.01,0.00,0.00,0.00,inferred
Thurrock,2021-04-10,0.28,0.11,0.04,0.01,0.00,0.00,0.00,inferred
Thurrock,2021-04-11,0.28,0.11,0.04,0.01,0.00,0.00,0.00,inferred
Thurrock,2021-04-12,0.28,0.11,0.04,0.01,0.00,0.00,0.00,inferred
Thurrock,2021-04-13,0.72,0.51,0.29,0.14,0.06,0.00,0.00,inferred
Thurrock,2021-04-14,0.72,0.51,0.29,0.14,0.06,0.00,0.00,inferred
Thurrock,2021-04-15,0.72,0.51,0.29,0.14,0.06,0.00,0.00,inferred
Thurrock,2021-04-16,0.72,0.51,0.29,0.14,0.06,0.00,0.00,inferred
Thurrock,2021-04-17,0.72,0.51,0.29,0.14,0.06,0.00,0.00,inferred
Thurrock,2021-04-18,0.72,0.51,0.29,0.14,0.06,0.00,0.00,inferred
Thurrock,2021-04-19,0.72,0.51,0.29,0.14,0.06,0.00,0.00,inferred
Thurrock,2021-04-20,0.54,0.32,0.16,0.07,0.03,0.00,0.00,inferred
Thurrock,2021-04-21,0.54,0.32,0.16,0.07,0.03,0.00,0.00,inferred
Thurrock,2021-04-22,0.54,0.32,0.16,0.07,0.03,0.00,0.00,inferred
Thurrock,2021-04-23,0.54,0.32,0.16,0.07,0.03,0.00,0.00,inferred
Thurrock,2021-04-24,0.54,0.32,0.16,0.07,0.03,0.00,0.00,inferred
Thurrock,2021-04-25,0.54,0.32,0.16,0.07,0.03,0.00,0.00,inferred
Thurrock,2021-04-26,0.54,0.32,0.16,0.07,0.03,0.00,0.00,inferred
Thurrock,2021-04-27,0.60,0.40,0.23,0.11,0.04,0.00,0.00,inferred
Thurrock,2021-04-28,0.60,0.40,0.23,0.11,0.04,0.00,0.00,inferred
Thurrock,2021-04-29,0.60,0.40,0.23,0.11,0.04,0.00,0.00,inferred
Thurrock,2021-04-30,0.60,0.40,0.23,0.11,0.04,0.00,0.00,inferred
Thurrock,2021-05-01,0.60,0.40,0.23,0.11,0.04,0.00,0.00,inferred
Thurrock,2021-05-02,0.60,0.40,0.23,0.11,0.04,0.00,0.00,inferred
Thurrock,2021-05-03,0.60,0.40,0.23,0.11,0.04,0.00,0.00,inferred
Thurrock,2021-05-04,0.71,0.51,0.33,0.19,0.10,0.01,0.00,inferred
Thurrock,2021-05-05,0.71,0.51,0.33,0.19,0.10,0.01,0.00,inferred
Thurrock,2021-05-06,0.71,0.51,0.33,0.19,0.10,0.01,0.00,inferred
Thurrock,2021-05-07,0.71,0.51,0.33,0.19,0.10,0.01,0.00,inferred
Thurrock,2021-05-08,0.71,0.51,0.33,0.19,0.10,0.01,0.00,inferred
Thurrock,2021-05-09,0.71,0.51,0.33,0.19,0.10,0.01,0.00,inferred
Thurrock,2021-05-10,0.71,0.51,0.33,0.19,0.10,0.01,0.00,inferred
Thurrock,2021-05-11,0.91,0.80,0.64,0.46,0.31,0.06,0.00,inferred
Thurrock,2021-05-12,0.91,0.80,0.64,0.46,0.31,0.06,0.00,inferred
Thurrock,2021-05-13,0.91,0.80,0.64,0.46,0.31,0.06,0.00,inferred
Thurrock,2021-05-14,0.91,0.80,0.64,0.46,0.31,0.06,0.00,inferred
Thurrock,2021-05-15,0.91,0.80,0.64,0.46,0.31,0.06,0.00,inferred
Thurrock,2021-05-16,0.91,0.80,0.64,0.46,0.31,0.06,0.00,inferred
Thurrock,2021-05-17,0.91,0.80,0.64,0.46,0.31,0.06,0.00,inferred
Thurrock,2021-05-18,0.99,0.97,0.94,0.87,0.76,0.32,0.02,inferred
Thurrock,2021-05-19,0.99,0.97,0.94,0.87,0.76,0.32,0.02,inferred
Thurrock,2021-05-20,0.99,0.97,0.94,0.87,0.76,0.32,0.02,inferred
Thurrock,2021-05-21,0.99,0.97,0.94,0.87,0.76,0.32,0.02,inferred
Thurrock,2021-05-22,0.99,0.97,0.94,0.87,0.76,0.32,0.02,inferred
Thurrock,2021-05-23,0.99,0.97,0.94,0.87,0.76,0.32,0.02,inferred
Thurrock,2021-05-24,0.99,0.97,0.94,0.87,0.76,0.32,0.02,inferred
Thurrock,2021-05-25,1.00,0.99,0.99,0.96,0.90,0.53,0.05,inferred
Thurrock,2021-05-26,1.00,0.99,0.99,0.96,0.90,0.53,0.05,inferred
Thurrock,2021-05-27,1.00,0.99,0.99,0.96,0.90,0.53,0.05,inferred
Thurrock,2021-05-28,1.00,0.99,0.99,0.96,0.90,0.53,0.05,inferred
Thurrock,2021-05-29,1.00,0.99,0.99,0.96,0.90,0.53,0.05,inferred
Thurrock,2021-05-30,1.00,0.99,0.99,0.96,0.90,0.53,0.05,inferred
Thurrock,2021-05-31,1.00,0.99,0.99,0.96,0.90,0.53,0.05,inferred
Thurrock,2021-06-01,1.00,1.00,0.99,0.97,0.92,0.52,0.05,inferred
Thurrock,2021-06-02,1.00,1.00,0.99,0.97,0.92,0.52,0.05,inferred
Thurrock,2021-06-03,1.00,1.00,0.99,0.97,0.92,0.52,0.05,inferred
Thurrock,2021-06-04,1.00,1.00,0.99,0.97,0.92,0.52,0.05,inferred
Thurrock,2021-06-05,1.00,1.00,0.99,0.97,0.92,0.52,0.05,inferred
Thurrock,2021-06-06,1.00,1.00,0.99,0.97,0.92,0.52,0.05,inferred
Thurrock,2021-06-07,1.00,1.00,0.99,0.97,0.92,0.52,0.05,inferred
Thurrock,2021-06-08,1.00,0.99,0.96,0.87,0.72,0.18,0.00,inferred
Thurrock,2021-06-09,1.00,0.99,0.96,0.87,0.72,0.18,0.00,inferred
Thurrock,2021-06-10,1.00,0.99,0.96,0.87,0.72,0.18,0.00,inferred
Thurrock,2021-06-11,1.00,0.99,0.96,0.87,0.72,0.18,0.00,inferred
Thurrock,2021-06-12,1.00,0.99,0.96,0.87,0.72,0.18,0.00,inferred
Thurrock,2021-06-13,1.00,0.99,0.96,0.87,0.72,0.18,0.00,inferred
Thurrock,2021-06-14,1.00,0.99,0.96,0.87,0.72,0.18,0.00,inferred
Thurrock,2021-06-15,1.00,1.00,1.00,1.00,0.99,0.77,0.07,inferred
Thurrock,2021-06-16,1.00,1.00,1.00,1.00,0.99,0.77,0.07,inferred
Thurrock,2021-06-17,1.00,1.00,1.00,1.00,0.99,0.77,0.07,inferred
Thurrock,2021-06-18,1.00,1.00,1.00,1.00,0.99,0.77,0.07,inferred
Thurrock,2021-06-19,1.00,1.00,1.00,1.00,0.99,0.77,0.07,inferred
Thurrock,2021-06-20,1.00,1.00,1.00,1.00,0.99,0.77,0.07,inferred
Thurrock,2021-06-21,1.00,1.00,1.00,1.00,0.99,0.77,0.07,inferred
Thurrock,2021-06-22,1.00,1.00,1.00,1.00,1.00,0.99,0.68,inferred
Thurrock,2021-06-23,1.00,1.00,1.00,1.00,1.00,0.99,0.68,inferred
Thurrock,2021-06-24,1.00,1.00,1.00,1.00,1.00,0.99,0.68,inferred
Thurrock,2021-06-25,1.00,1.00,1.00,1.00,1.00,0.99,0.68,inferred
Thurrock,2021-06-26,1.00,1.00,1.00,1.00,1.00,0.99,0.68,inferred
Thurrock,2021-06-27,1.00,1.00,1.00,1.00,1.00,0.99,0.68,inferred
Thurrock,2021-06-28,1.00,1.00,1.00,1.00,1.00,0.99,0.68,inferred
Thurrock,2021-06-29,1.00,1.00,1.00,1.00,1.00,0.90,0.37,inferred
Thurrock,2021-06-30,1.00,1.00,1.00,1.00,1.00,0.90,0.37,inferred
Thurrock,2021-07-01,1.00,1.00,1.00,1.00,1.00,0.90,0.37,inferred
Thurrock,2021-07-02,1.00,1.00,1.00,1.00,1.00,0.90,0.37,inferred
Thurrock,2021-07-03,1.00,1.00,1.00,1.00,1.00,0.90,0.37,inferred
Thurrock,2021-07-04,1.00,1.00,1.00,1.00,1.00,0.90,0.37,inferred
Thurrock,2021-07-05,1.00,1.00,1.00,1.00,1.00,0.90,0.37,inferred
Thurrock,2021-07-06,1.00,1.00,0.99,0.98,0.95,0.74,0.29,projected
Thurrock,2021-07-07,1.00,1.00,0.99,0.98,0.95,0.74,0.29,projected
Thurrock,2021-07-08,1.00,1.00,0.99,0.98,0.95,0.74,0.29,projected
Thurrock,2021-07-09,1.00,1.00,0.99,0.98,0.95,0.74,0.29,projected
Thurrock,2021-07-10,1.00,1.00,0.99,0.98,0.95,0.74,0.29,projected
Thurrock,2021-07-11,1.00,1.00,0.99,0.98,0.95,0.74,0.29,projected
Thurrock,2021-07-12,1.00,1.00,0.99,0.98,0.95,0.74,0.29,projected
Thurrock,2021-07-13,1.00,0.99,0.98,0.95,0.90,0.68,0.29,projected
Thurrock,2021-07-14,1.00,0.99,0.98,0.95,0.90,0.68,0.29,projected
Thurrock,2021-07-15,1.00,0.99,0.98,0.95,0.90,0.68,0.29,projected
Thurrock,2021-07-16,1.00,0.99,0.98,0.95,0.90,0.68,0.29,projected
Thurrock,2021-07-17,1.00,0.99,0.98,0.95,0.90,0.68,0.29,projected
Thurrock,2021-07-18,1.00,0.99,0.98,0.95,0.90,0.68,0.29,projected
Thurrock,2021-07-19,1.00,0.99,0.98,0.95,0.90,0.68,0.29,projected
Thurrock,2021-07-20,1.00,0.99,0.96,0.92,0.88,0.64,0.28,projected
Thurrock,2021-07-21,1.00,0.99,0.96,0.92,0.88,0.64,0.28,projected
Thurrock,2021-07-22,1.00,0.99,0.96,0.92,0.88,0.64,0.28,projected
Thurrock,2021-07-23,1.00,0.99,0.96,0.92,0.88,0.64,0.28,projected
Thurrock,2021-07-24,1.00,0.99,0.96,0.92,0.88,0.64,0.28,projected
Thurrock,2021-07-25,1.00,0.99,0.96,0.92,0.88,0.64,0.28,projected
Thurrock,2021-07-26,1.00,0.99,0.96,0.92,0.88,0.64,0.28,projected
Tonbridge and Malling,2021-03-23,0.03,0.01,0.00,0.00,0.00,0.00,0.00,inferred
Tonbridge and Malling,2021-03-24,0.03,0.01,0.00,0.00,0.00,0.00,0.00,inferred
Tonbridge and Malling,2021-03-25,0.03,0.01,0.00,0.00,0.00,0.00,0.00,inferred
Tonbridge and Malling,2021-03-26,0.03,0.01,0.00,0.00,0.00,0.00,0.00,inferred
Tonbridge and Malling,2021-03-27,0.03,0.01,0.00,0.00,0.00,0.00,0.00,inferred
Tonbridge and Malling,2021-03-28,0.03,0.01,0.00,0.00,0.00,0.00,0.00,inferred
Tonbridge and Malling,2021-03-29,0.03,0.01,0.00,0.00,0.00,0.00,0.00,inferred
Tonbridge and Malling,2021-03-30,0.17,0.07,0.02,0.01,0.00,0.00,0.00,inferred
Tonbridge and Malling,2021-03-31,0.17,0.07,0.02,0.01,0.00,0.00,0.00,inferred
Tonbridge and Malling,2021-04-01,0.17,0.07,0.02,0.01,0.00,0.00,0.00,inferred
Tonbridge and Malling,2021-04-02,0.17,0.07,0.02,0.01,0.00,0.00,0.00,inferred
Tonbridge and Malling,2021-04-03,0.17,0.07,0.02,0.01,0.00,0.00,0.00,inferred
Tonbridge and Malling,2021-04-04,0.17,0.07,0.02,0.01,0.00,0.00,0.00,inferred
Tonbridge and Malling,2021-04-05,0.17,0.07,0.02,0.01,0.00,0.00,0.00,inferred
Tonbridge and Malling,2021-04-06,0.85,0.73,0.59,0.43,0.29,0.05,0.00,inferred
Tonbridge and Malling,2021-04-07,0.85,0.73,0.59,0.43,0.29,0.05,0.00,inferred
Tonbridge and Malling,2021-04-08,0.85,0.73,0.59,0.43,0.29,0.05,0.00,inferred
Tonbridge and Malling,2021-04-09,0.85,0.73,0.59,0.43,0.29,0.05,0.00,inferred
Tonbridge and Malling,2021-04-10,0.85,0.73,0.59,0.43,0.29,0.05,0.00,inferred
Tonbridge and Malling,2021-04-11,0.85,0.73,0.59,0.43,0.29,0.05,0.00,inferred
Tonbridge and Malling,2021-04-12,0.85,0.73,0.59,0.43,0.29,0.05,0.00,inferred
Tonbridge and Malling,2021-04-13,0.92,0.82,0.68,0.52,0.37,0.09,0.00,inferred
Tonbridge and Malling,2021-04-14,0.92,0.82,0.68,0.52,0.37,0.09,0.00,inferred
Tonbridge and Malling,2021-04-15,0.92,0.82,0.68,0.52,0.37,0.09,0.00,inferred
Tonbridge and Malling,2021-04-16,0.92,0.82,0.68,0.52,0.37,0.09,0.00,inferred
Tonbridge and Malling,2021-04-17,0.92,0.82,0.68,0.52,0.37,0.09,0.00,inferred
Tonbridge and Malling,2021-04-18,0.92,0.82,0.68,0.52,0.37,0.09,0.00,inferred
Tonbridge and Malling,2021-04-19,0.92,0.82,0.68,0.52,0.37,0.09,0.00,inferred
Tonbridge and Malling,2021-04-20,0.71,0.54,0.37,0.22,0.12,0.01,0.00,inferred
Tonbridge and Malling,2021-04-21,0.71,0.54,0.37,0.22,0.12,0.01,0.00,inferred
Tonbridge and Malling,2021-04-22,0.71,0.54,0.37,0.22,0.12,0.01,0.00,inferred
Tonbridge and Malling,2021-04-23,0.71,0.54,0.37,0.22,0.12,0.01,0.00,inferred
Tonbridge and Malling,2021-04-24,0.71,0.54,0.37,0.22,0.12,0.01,0.00,inferred
Tonbridge and Malling,2021-04-25,0.71,0.54,0.37,0.22,0.12,0.01,0.00,inferred
Tonbridge and Malling,2021-04-26,0.71,0.54,0.37,0.22,0.12,0.01,0.00,inferred
Tonbridge and Malling,2021-04-27,0.44,0.26,0.14,0.07,0.03,0.00,0.00,inferred
Tonbridge and Malling,2021-04-28,0.44,0.26,0.14,0.07,0.03,0.00,0.00,inferred
Tonbridge and Malling,2021-04-29,0.44,0.26,0.14,0.07,0.03,0.00,0.00,inferred
Tonbridge and Malling,2021-04-30,0.44,0.26,0.14,0.07,0.03,0.00,0.00,inferred
Tonbridge and Malling,2021-05-01,0.44,0.26,0.14,0.07,0.03,0.00,0.00,inferred
Tonbridge and Malling,2021-05-02,0.44,0.26,0.14,0.07,0.03,0.00,0.00,inferred
Tonbridge and Malling,2021-05-03,0.44,0.26,0.14,0.07,0.03,0.00,0.00,inferred
Tonbridge and Malling,2021-05-04,0.73,0.54,0.38,0.24,0.15,0.03,0.00,inferred
Tonbridge and Malling,2021-05-05,0.73,0.54,0.38,0.24,0.15,0.03,0.00,inferred
Tonbridge and Malling,2021-05-06,0.73,0.54,0.38,0.24,0.15,0.03,0.00,inferred
Tonbridge and Malling,2021-05-07,0.73,0.54,0.38,0.24,0.15,0.03,0.00,inferred
Tonbridge and Malling,2021-05-08,0.73,0.54,0.38,0.24,0.15,0.03,0.00,inferred
Tonbridge and Malling,2021-05-09,0.73,0.54,0.38,0.24,0.15,0.03,0.00,inferred
Tonbridge and Malling,2021-05-10,0.73,0.54,0.38,0.24,0.15,0.03,0.00,inferred
Tonbridge and Malling,2021-05-11,0.79,0.64,0.47,0.31,0.21,0.04,0.00,inferred
Tonbridge and Malling,2021-05-12,0.79,0.64,0.47,0.31,0.21,0.04,0.00,inferred
Tonbridge and Malling,2021-05-13,0.79,0.64,0.47,0.31,0.21,0.04,0.00,inferred
Tonbridge and Malling,2021-05-14,0.79,0.64,0.47,0.31,0.21,0.04,0.00,inferred
Tonbridge and Malling,2021-05-15,0.79,0.64,0.47,0.31,0.21,0.04,0.00,inferred
Tonbridge and Malling,2021-05-16,0.79,0.64,0.47,0.31,0.21,0.04,0.00,inferred
Tonbridge and Malling,2021-05-17,0.79,0.64,0.47,0.31,0.21,0.04,0.00,inferred
Tonbridge and Malling,2021-05-18,0.98,0.95,0.88,0.78,0.67,0.31,0.03,inferred
Tonbridge and Malling,2021-05-19,0.98,0.95,0.88,0.78,0.67,0.31,0.03,inferred
Tonbridge and Malling,2021-05-20,0.98,0.95,0.88,0.78,0.67,0.31,0.03,inferred
Tonbridge and Malling,2021-05-21,0.98,0.95,0.88,0.78,0.67,0.31,0.03,inferred
Tonbridge and Malling,2021-05-22,0.98,0.95,0.88,0.78,0.67,0.31,0.03,inferred
Tonbridge and Malling,2021-05-23,0.98,0.95,0.88,0.78,0.67,0.31,0.03,inferred
Tonbridge and Malling,2021-05-24,0.98,0.95,0.88,0.78,0.67,0.31,0.03,inferred
Tonbridge and Malling,2021-05-25,1.00,1.00,1.00,0.99,0.98,0.84,0.33,inferred
Tonbridge and Malling,2021-05-26,1.00,1.00,1.00,0.99,0.98,0.84,0.33,inferred
Tonbridge and Malling,2021-05-27,1.00,1.00,1.00,0.99,0.98,0.84,0.33,inferred
Tonbridge and Malling,2021-05-28,1.00,1.00,1.00,0.99,0.98,0.84,0.33,inferred
Tonbridge and Malling,2021-05-29,1.00,1.00,1.00,0.99,0.98,0.84,0.33,inferred
Tonbridge and Malling,2021-05-30,1.00,1.00,1.00,0.99,0.98,0.84,0.33,inferred
Tonbridge and Malling,2021-05-31,1.00,1.00,1.00,0.99,0.98,0.84,0.33,inferred
Tonbridge and Malling,2021-06-01,1.00,1.00,1.00,1.00,0.99,0.87,0.39,inferred
Tonbridge and Malling,2021-06-02,1.00,1.00,1.00,1.00,0.99,0.87,0.39,inferred
Tonbridge and Malling,2021-06-03,1.00,1.00,1.00,1.00,0.99,0.87,0.39,inferred
Tonbridge and Malling,2021-06-04,1.00,1.00,1.00,1.00,0.99,0.87,0.39,inferred
Tonbridge and Malling,2021-06-05,1.00,1.00,1.00,1.00,0.99,0.87,0.39,inferred
Tonbridge and Malling,2021-06-06,1.00,1.00,1.00,1.00,0.99,0.87,0.39,inferred
Tonbridge and Malling,2021-06-07,1.00,1.00,1.00,1.00,0.99,0.87,0.39,inferred
Tonbridge and Malling,2021-06-08,1.00,1.00,1.00,0.98,0.94,0.60,0.07,inferred
Tonbridge and Malling,2021-06-09,1.00,1.00,1.00,0.98,0.94,0.60,0.07,inferred
Tonbridge and Malling,2021-06-10,1.00,1.00,1.00,0.98,0.94,0.60,0.07,inferred
Tonbridge and Malling,2021-06-11,1.00,1.00,1.00,0.98,0.94,0.60,0.07,inferred
Tonbridge and Malling,2021-06-12,1.00,1.00,1.00,0.98,0.94,0.60,0.07,inferred
Tonbridge and Malling,2021-06-13,1.00,1.00,1.00,0.98,0.94,0.60,0.07,inferred
Tonbridge and Malling,2021-06-14,1.00,1.00,1.00,0.98,0.94,0.60,0.07,inferred
Tonbridge and Malling,2021-06-15,1.00,1.00,1.00,1.00,1.00,0.98,0.51,inferred
Tonbridge and Malling,2021-06-16,1.00,1.00,1.00,1.00,1.00,0.98,0.51,inferred
Tonbridge and Malling,2021-06-17,1.00,1.00,1.00,1.00,1.00,0.98,0.51,inferred
Tonbridge and Malling,2021-06-18,1.00,1.00,1.00,1.00,1.00,0.98,0.51,inferred
Tonbridge and Malling,2021-06-19,1.00,1.00,1.00,1.00,1.00,0.98,0.51,inferred
Tonbridge and Malling,2021-06-20,1.00,1.00,1.00,1.00,1.00,0.98,0.51,inferred
Tonbridge and Malling,2021-06-21,1.00,1.00,1.00,1.00,1.00,0.98,0.51,inferred
Tonbridge and Malling,2021-06-22,1.00,1.00,1.00,1.00,0.99,0.75,0.08,inferred
Tonbridge and Malling,2021-06-23,1.00,1.00,1.00,1.00,0.99,0.75,0.08,inferred
Tonbridge and Malling,2021-06-24,1.00,1.00,1.00,1.00,0.99,0.75,0.08,inferred
Tonbridge and Malling,2021-06-25,1.00,1.00,1.00,1.00,0.99,0.75,0.08,inferred
Tonbridge and Malling,2021-06-26,1.00,1.00,1.00,1.00,0.99,0.75,0.08,inferred
Tonbridge and Malling,2021-06-27,1.00,1.00,1.00,1.00,0.99,0.75,0.08,inferred
Tonbridge and Malling,2021-06-28,1.00,1.00,1.00,1.00,0.99,0.75,0.08,inferred
Tonbridge and Malling,2021-06-29,1.00,1.00,0.98,0.96,0.89,0.46,0.04,inferred
Tonbridge and Malling,2021-06-30,1.00,1.00,0.98,0.96,0.89,0.46,0.04,inferred
Tonbridge and Malling,2021-07-01,1.00,1.00,0.98,0.96,0.89,0.46,0.04,inferred
Tonbridge and Malling,2021-07-02,1.00,1.00,0.98,0.96,0.89,0.46,0.04,inferred
Tonbridge and Malling,2021-07-03,1.00,1.00,0.98,0.96,0.89,0.46,0.04,inferred
Tonbridge and Malling,2021-07-04,1.00,1.00,0.98,0.96,0.89,0.46,0.04,inferred
Tonbridge and Malling,2021-07-05,1.00,1.00,0.98,0.96,0.89,0.46,0.04,inferred
Tonbridge and Malling,2021-07-06,0.99,0.98,0.94,0.88,0.80,0.48,0.13,projected
Tonbridge and Malling,2021-07-07,0.99,0.98,0.94,0.88,0.80,0.48,0.13,projected
Tonbridge and Malling,2021-07-08,0.99,0.98,0.94,0.88,0.80,0.48,0.13,projected
Tonbridge and Malling,2021-07-09,0.99,0.98,0.94,0.88,0.80,0.48,0.13,projected
Tonbridge and Malling,2021-07-10,0.99,0.98,0.94,0.88,0.80,0.48,0.13,projected
Tonbridge and Malling,2021-07-11,0.99,0.98,0.94,0.88,0.80,0.48,0.13,projected
Tonbridge and Malling,2021-07-12,0.99,0.98,0.94,0.88,0.80,0.48,0.13,projected
Tonbridge and Malling,2021-07-13,0.98,0.96,0.92,0.85,0.76,0.48,0.16,projected
Tonbridge and Malling,2021-07-14,0.98,0.96,0.92,0.85,0.76,0.48,0.16,projected
Tonbridge and Malling,2021-07-15,0.98,0.96,0.92,0.85,0.76,0.48,0.16,projected
Tonbridge and Malling,2021-07-16,0.98,0.96,0.92,0.85,0.76,0.48,0.16,projected
Tonbridge and Malling,2021-07-17,0.98,0.96,0.92,0.85,0.76,0.48,0.16,projected
Tonbridge and Malling,2021-07-18,0.98,0.96,0.92,0.85,0.76,0.48,0.16,projected
Tonbridge and Malling,2021-07-19,0.98,0.96,0.92,0.85,0.76,0.48,0.16,projected
Tonbridge and Malling,2021-07-20,0.98,0.95,0.91,0.85,0.77,0.51,0.19,projected
Tonbridge and Malling,2021-07-21,0.98,0.95,0.91,0.85,0.77,0.51,0.19,projected
Tonbridge and Malling,2021-07-22,0.98,0.95,0.91,0.85,0.77,0.51,0.19,projected
Tonbridge and Malling,2021-07-23,0.98,0.95,0.91,0.85,0.77,0.51,0.19,projected
Tonbridge and Malling,2021-07-24,0.98,0.95,0.91,0.85,0.77,0.51,0.19,projected
Tonbridge and Malling,2021-07-25,0.98,0.95,0.91,0.85,0.77,0.51,0.19,projected
Tonbridge and Malling,2021-07-26,0.98,0.95,0.91,0.85,0.77,0.51,0.19,projected
Torbay,2021-03-23,0.40,0.21,0.09,0.03,0.01,0.00,0.00,inferred
Torbay,2021-03-24,0.40,0.21,0.09,0.03,0.01,0.00,0.00,inferred
Torbay,2021-03-25,0.40,0.21,0.09,0.03,0.01,0.00,0.00,inferred
Torbay,2021-03-26,0.40,0.21,0.09,0.03,0.01,0.00,0.00,inferred
Torbay,2021-03-27,0.40,0.21,0.09,0.03,0.01,0.00,0.00,inferred
Torbay,2021-03-28,0.40,0.21,0.09,0.03,0.01,0.00,0.00,inferred
Torbay,2021-03-29,0.40,0.21,0.09,0.03,0.01,0.00,0.00,inferred
Torbay,2021-03-30,0.55,0.35,0.20,0.09,0.04,0.00,0.00,inferred
Torbay,2021-03-31,0.55,0.35,0.20,0.09,0.04,0.00,0.00,inferred
Torbay,2021-04-01,0.55,0.35,0.20,0.09,0.04,0.00,0.00,inferred
Torbay,2021-04-02,0.55,0.35,0.20,0.09,0.04,0.00,0.00,inferred
Torbay,2021-04-03,0.55,0.35,0.20,0.09,0.04,0.00,0.00,inferred
Torbay,2021-04-04,0.55,0.35,0.20,0.09,0.04,0.00,0.00,inferred
Torbay,2021-04-05,0.55,0.35,0.20,0.09,0.04,0.00,0.00,inferred
Torbay,2021-04-06,0.27,0.15,0.07,0.03,0.01,0.00,0.00,inferred
Torbay,2021-04-07,0.27,0.15,0.07,0.03,0.01,0.00,0.00,inferred
Torbay,2021-04-08,0.27,0.15,0.07,0.03,0.01,0.00,0.00,inferred
Torbay,2021-04-09,0.27,0.15,0.07,0.03,0.01,0.00,0.00,inferred
Torbay,2021-04-10,0.27,0.15,0.07,0.03,0.01,0.00,0.00,inferred
Torbay,2021-04-11,0.27,0.15,0.07,0.03,0.01,0.00,0.00,inferred
Torbay,2021-04-12,0.27,0.15,0.07,0.03,0.01,0.00,0.00,inferred
Torbay,2021-04-13,0.73,0.59,0.42,0.30,0.19,0.02,0.00,inferred
Torbay,2021-04-14,0.73,0.59,0.42,0.30,0.19,0.02,0.00,inferred
Torbay,2021-04-15,0.73,0.59,0.42,0.30,0.19,0.02,0.00,inferred
Torbay,2021-04-16,0.73,0.59,0.42,0.30,0.19,0.02,0.00,inferred
Torbay,2021-04-17,0.73,0.59,0.42,0.30,0.19,0.02,0.00,inferred
Torbay,2021-04-18,0.73,0.59,0.42,0.30,0.19,0.02,0.00,inferred
Torbay,2021-04-19,0.73,0.59,0.42,0.30,0.19,0.02,0.00,inferred
Torbay,2021-04-20,0.86,0.74,0.61,0.46,0.32,0.08,0.00,inferred
Torbay,2021-04-21,0.86,0.74,0.61,0.46,0.32,0.08,0.00,inferred
Torbay,2021-04-22,0.86,0.74,0.61,0.46,0.32,0.08,0.00,inferred
Torbay,2021-04-23,0.86,0.74,0.61,0.46,0.32,0.08,0.00,inferred
Torbay,2021-04-24,0.86,0.74,0.61,0.46,0.32,0.08,0.00,inferred
Torbay,2021-04-25,0.86,0.74,0.61,0.46,0.32,0.08,0.00,inferred
Torbay,2021-04-26,0.86,0.74,0.61,0.46,0.32,0.08,0.00,inferred
Torbay,2021-04-27,0.89,0.78,0.62,0.45,0.32,0.07,0.00,inferred
Torbay,2021-04-28,0.89,0.78,0.62,0.45,0.32,0.07,0.00,inferred
Torbay,2021-04-29,0.89,0.78,0.62,0.45,0.32,0.07,0.00,inferred
Torbay,2021-04-30,0.89,0.78,0.62,0.45,0.32,0.07,0.00,inferred
Torbay,2021-05-01,0.89,0.78,0.62,0.45,0.32,0.07,0.00,inferred
Torbay,2021-05-02,0.89,0.78,0.62,0.45,0.32,0.07,0.00,inferred
Torbay,2021-05-03,0.89,0.78,0.62,0.45,0.32,0.07,0.00,inferred
Torbay,2021-05-04,0.53,0.37,0.24,0.12,0.06,0.00,0.00,inferred
Torbay,2021-05-05,0.53,0.37,0.24,0.12,0.06,0.00,0.00,inferred
Torbay,2021-05-06,0.53,0.37,0.24,0.12,0.06,0.00,0.00,inferred
Torbay,2021-05-07,0.53,0.37,0.24,0.12,0.06,0.00,0.00,inferred
Torbay,2021-05-08,0.53,0.37,0.24,0.12,0.06,0.00,0.00,inferred
Torbay,2021-05-09,0.53,0.37,0.24,0.12,0.06,0.00,0.00,inferred
Torbay,2021-05-10,0.53,0.37,0.24,0.12,0.06,0.00,0.00,inferred
Torbay,2021-05-11,0.66,0.51,0.35,0.23,0.13,0.02,0.00,inferred
Torbay,2021-05-12,0.66,0.51,0.35,0.23,0.13,0.02,0.00,inferred
Torbay,2021-05-13,0.66,0.51,0.35,0.23,0.13,0.02,0.00,inferred
Torbay,2021-05-14,0.66,0.51,0.35,0.23,0.13,0.02,0.00,inferred
Torbay,2021-05-15,0.66,0.51,0.35,0.23,0.13,0.02,0.00,inferred
Torbay,2021-05-16,0.66,0.51,0.35,0.23,0.13,0.02,0.00,inferred
Torbay,2021-05-17,0.66,0.51,0.35,0.23,0.13,0.02,0.00,inferred
Torbay,2021-05-18,0.92,0.85,0.72,0.59,0.44,0.15,0.01,inferred
Torbay,2021-05-19,0.92,0.85,0.72,0.59,0.44,0.15,0.01,inferred
Torbay,2021-05-20,0.92,0.85,0.72,0.59,0.44,0.15,0.01,inferred
Torbay,2021-05-21,0.92,0.85,0.72,0.59,0.44,0.15,0.01,inferred
Torbay,2021-05-22,0.92,0.85,0.72,0.59,0.44,0.15,0.01,inferred
Torbay,2021-05-23,0.92,0.85,0.72,0.59,0.44,0.15,0.01,inferred
Torbay,2021-05-24,0.92,0.85,0.72,0.59,0.44,0.15,0.01,inferred
Torbay,2021-05-25,0.91,0.81,0.69,0.54,0.40,0.11,0.01,inferred
Torbay,2021-05-26,0.91,0.81,0.69,0.54,0.40,0.11,0.01,inferred
Torbay,2021-05-27,0.91,0.81,0.69,0.54,0.40,0.11,0.01,inferred
Torbay,2021-05-28,0.91,0.81,0.69,0.54,0.40,0.11,0.01,inferred
Torbay,2021-05-29,0.91,0.81,0.69,0.54,0.40,0.11,0.01,inferred
Torbay,2021-05-30,0.91,0.81,0.69,0.54,0.40,0.11,0.01,inferred
Torbay,2021-05-31,0.91,0.81,0.69,0.54,0.40,0.11,0.01,inferred
Torbay,2021-06-01,1.00,1.00,0.99,0.97,0.94,0.73,0.22,inferred
Torbay,2021-06-02,1.00,1.00,0.99,0.97,0.94,0.73,0.22,inferred
Torbay,2021-06-03,1.00,1.00,0.99,0.97,0.94,0.73,0.22,inferred
Torbay,2021-06-04,1.00,1.00,0.99,0.97,0.94,0.73,0.22,inferred
Torbay,2021-06-05,1.00,1.00,0.99,0.97,0.94,0.73,0.22,inferred
Torbay,2021-06-06,1.00,1.00,0.99,0.97,0.94,0.73,0.22,inferred
Torbay,2021-06-07,1.00,1.00,0.99,0.97,0.94,0.73,0.22,inferred
Torbay,2021-06-08,1.00,1.00,1.00,1.00,0.99,0.88,0.45,inferred
Torbay,2021-06-09,1.00,1.00,1.00,1.00,0.99,0.88,0.45,inferred
Torbay,2021-06-10,1.00,1.00,1.00,1.00,0.99,0.88,0.45,inferred
Torbay,2021-06-11,1.00,1.00,1.00,1.00,0.99,0.88,0.45,inferred
Torbay,2021-06-12,1.00,1.00,1.00,1.00,0.99,0.88,0.45,inferred
Torbay,2021-06-13,1.00,1.00,1.00,1.00,0.99,0.88,0.45,inferred
Torbay,2021-06-14,1.00,1.00,1.00,1.00,0.99,0.88,0.45,inferred
Torbay,2021-06-15,1.00,1.00,1.00,1.00,1.00,1.00,0.96,inferred
Torbay,2021-06-16,1.00,1.00,1.00,1.00,1.00,1.00,0.96,inferred
Torbay,2021-06-17,1.00,1.00,1.00,1.00,1.00,1.00,0.96,inferred
Torbay,2021-06-18,1.00,1.00,1.00,1.00,1.00,1.00,0.96,inferred
Torbay,2021-06-19,1.00,1.00,1.00,1.00,1.00,1.00,0.96,inferred
Torbay,2021-06-20,1.00,1.00,1.00,1.00,1.00,1.00,0.96,inferred
Torbay,2021-06-21,1.00,1.00,1.00,1.00,1.00,1.00,0.96,inferred
Torbay,2021-06-22,1.00,1.00,1.00,1.00,1.00,1.00,0.90,inferred
Torbay,2021-06-23,1.00,1.00,1.00,1.00,1.00,1.00,0.90,inferred
Torbay,2021-06-24,1.00,1.00,1.00,1.00,1.00,1.00,0.90,inferred
Torbay,2021-06-25,1.00,1.00,1.00,1.00,1.00,1.00,0.90,inferred
Torbay,2021-06-26,1.00,1.00,1.00,1.00,1.00,1.00,0.90,inferred
Torbay,2021-06-27,1.00,1.00,1.00,1.00,1.00,1.00,0.90,inferred
Torbay,2021-06-28,1.00,1.00,1.00,1.00,1.00,1.00,0.90,inferred
Torbay,2021-06-29,1.00,1.00,1.00,0.99,0.98,0.89,0.51,inferred
Torbay,2021-06-30,1.00,1.00,1.00,0.99,0.98,0.89,0.51,inferred
Torbay,2021-07-01,1.00,1.00,1.00,0.99,0.98,0.89,0.51,inferred
Torbay,2021-07-02,1.00,1.00,1.00,0.99,0.98,0.89,0.51,inferred
Torbay,2021-07-03,1.00,1.00,1.00,0.99,0.98,0.89,0.51,inferred
Torbay,2021-07-04,1.00,1.00,1.00,0.99,0.98,0.89,0.51,inferred
Torbay,2021-07-05,1.00,1.00,1.00,0.99,0.98,0.89,0.51,inferred
Torbay,2021-07-06,0.99,0.99,0.97,0.94,0.91,0.74,0.42,projected
Torbay,2021-07-07,0.99,0.99,0.97,0.94,0.91,0.74,0.42,projected
Torbay,2021-07-08,0.99,0.99,0.97,0.94,0.91,0.74,0.42,projected
Torbay,2021-07-09,0.99,0.99,0.97,0.94,0.91,0.74,0.42,projected
Torbay,2021-07-10,0.99,0.99,0.97,0.94,0.91,0.74,0.42,projected
Torbay,2021-07-11,0.99,0.99,0.97,0.94,0.91,0.74,0.42,projected
Torbay,2021-07-12,0.99,0.99,0.97,0.94,0.91,0.74,0.42,projected
Torbay,2021-07-13,0.98,0.95,0.93,0.89,0.84,0.66,0.40,projected
Torbay,2021-07-14,0.98,0.95,0.93,0.89,0.84,0.66,0.40,projected
Torbay,2021-07-15,0.98,0.95,0.93,0.89,0.84,0.66,0.40,projected
Torbay,2021-07-16,0.98,0.95,0.93,0.89,0.84,0.66,0.40,projected
Torbay,2021-07-17,0.98,0.95,0.93,0.89,0.84,0.66,0.40,projected
Torbay,2021-07-18,0.98,0.95,0.93,0.89,0.84,0.66,0.40,projected
Torbay,2021-07-19,0.98,0.95,0.93,0.89,0.84,0.66,0.40,projected
Torbay,2021-07-20,0.96,0.93,0.90,0.85,0.81,0.64,0.39,projected
Torbay,2021-07-21,0.96,0.93,0.90,0.85,0.81,0.64,0.39,projected
Torbay,2021-07-22,0.96,0.93,0.90,0.85,0.81,0.64,0.39,projected
Torbay,2021-07-23,0.96,0.93,0.90,0.85,0.81,0.64,0.39,projected
Torbay,2021-07-24,0.96,0.93,0.90,0.85,0.81,0.64,0.39,projected
Torbay,2021-07-25,0.96,0.93,0.90,0.85,0.81,0.64,0.39,projected
Torbay,2021-07-26,0.96,0.93,0.90,0.85,0.81,0.64,0.39,projected
Torfaen,2021-03-23,0.09,0.03,0.01,0.00,0.00,0.00,0.00,inferred
Torfaen,2021-03-24,0.09,0.03,0.01,0.00,0.00,0.00,0.00,inferred
Torfaen,2021-03-25,0.09,0.03,0.01,0.00,0.00,0.00,0.00,inferred
Torfaen,2021-03-26,0.09,0.03,0.01,0.00,0.00,0.00,0.00,inferred
Torfaen,2021-03-27,0.09,0.03,0.01,0.00,0.00,0.00,0.00,inferred
Torfaen,2021-03-28,0.09,0.03,0.01,0.00,0.00,0.00,0.00,inferred
Torfaen,2021-03-29,0.09,0.03,0.01,0.00,0.00,0.00,0.00,inferred
Torfaen,2021-03-30,0.21,0.10,0.03,0.01,0.00,0.00,0.00,inferred
Torfaen,2021-03-31,0.21,0.10,0.03,0.01,0.00,0.00,0.00,inferred
Torfaen,2021-04-01,0.21,0.10,0.03,0.01,0.00,0.00,0.00,inferred
Torfaen,2021-04-02,0.21,0.10,0.03,0.01,0.00,0.00,0.00,inferred
Torfaen,2021-04-03,0.21,0.10,0.03,0.01,0.00,0.00,0.00,inferred
Torfaen,2021-04-04,0.21,0.10,0.03,0.01,0.00,0.00,0.00,inferred
Torfaen,2021-04-05,0.21,0.10,0.03,0.01,0.00,0.00,0.00,inferred
Torfaen,2021-04-06,0.85,0.73,0.59,0.43,0.30,0.06,0.00,inferred
Torfaen,2021-04-07,0.85,0.73,0.59,0.43,0.30,0.06,0.00,inferred
Torfaen,2021-04-08,0.85,0.73,0.59,0.43,0.30,0.06,0.00,inferred
Torfaen,2021-04-09,0.85,0.73,0.59,0.43,0.30,0.06,0.00,inferred
Torfaen,2021-04-10,0.85,0.73,0.59,0.43,0.30,0.06,0.00,inferred
Torfaen,2021-04-11,0.85,0.73,0.59,0.43,0.30,0.06,0.00,inferred
Torfaen,2021-04-12,0.85,0.73,0.59,0.43,0.30,0.06,0.00,inferred
Torfaen,2021-04-13,0.57,0.40,0.27,0.15,0.09,0.01,0.00,inferred
Torfaen,2021-04-14,0.57,0.40,0.27,0.15,0.09,0.01,0.00,inferred
Torfaen,2021-04-15,0.57,0.40,0.27,0.15,0.09,0.01,0.00,inferred
Torfaen,2021-04-16,0.57,0.40,0.27,0.15,0.09,0.01,0.00,inferred
Torfaen,2021-04-17,0.57,0.40,0.27,0.15,0.09,0.01,0.00,inferred
Torfaen,2021-04-18,0.57,0.40,0.27,0.15,0.09,0.01,0.00,inferred
Torfaen,2021-04-19,0.57,0.40,0.27,0.15,0.09,0.01,0.00,inferred
Torfaen,2021-04-20,0.77,0.63,0.45,0.29,0.18,0.03,0.00,inferred
Torfaen,2021-04-21,0.77,0.63,0.45,0.29,0.18,0.03,0.00,inferred
Torfaen,2021-04-22,0.77,0.63,0.45,0.29,0.18,0.03,0.00,inferred
Torfaen,2021-04-23,0.77,0.63,0.45,0.29,0.18,0.03,0.00,inferred
Torfaen,2021-04-24,0.77,0.63,0.45,0.29,0.18,0.03,0.00,inferred
Torfaen,2021-04-25,0.77,0.63,0.45,0.29,0.18,0.03,0.00,inferred
Torfaen,2021-04-26,0.77,0.63,0.45,0.29,0.18,0.03,0.00,inferred
Torfaen,2021-04-27,0.57,0.41,0.27,0.16,0.09,0.01,0.00,inferred
Torfaen,2021-04-28,0.57,0.41,0.27,0.16,0.09,0.01,0.00,inferred
Torfaen,2021-04-29,0.57,0.41,0.27,0.16,0.09,0.01,0.00,inferred
Torfaen,2021-04-30,0.57,0.41,0.27,0.16,0.09,0.01,0.00,inferred
Torfaen,2021-05-01,0.57,0.41,0.27,0.16,0.09,0.01,0.00,inferred
Torfaen,2021-05-02,0.57,0.41,0.27,0.16,0.09,0.01,0.00,inferred
Torfaen,2021-05-03,0.57,0.41,0.27,0.16,0.09,0.01,0.00,inferred
Torfaen,2021-05-04,0.76,0.64,0.49,0.35,0.24,0.05,0.00,inferred
Torfaen,2021-05-05,0.76,0.64,0.49,0.35,0.24,0.05,0.00,inferred
Torfaen,2021-05-06,0.76,0.64,0.49,0.35,0.24,0.05,0.00,inferred
Torfaen,2021-05-07,0.76,0.64,0.49,0.35,0.24,0.05,0.00,inferred
Torfaen,2021-05-08,0.76,0.64,0.49,0.35,0.24,0.05,0.00,inferred
Torfaen,2021-05-09,0.76,0.64,0.49,0.35,0.24,0.05,0.00,inferred
Torfaen,2021-05-10,0.76,0.64,0.49,0.35,0.24,0.05,0.00,inferred
Torfaen,2021-05-11,0.57,0.43,0.28,0.17,0.10,0.01,0.00,inferred
Torfaen,2021-05-12,0.57,0.43,0.28,0.17,0.10,0.01,0.00,inferred
Torfaen,2021-05-13,0.57,0.43,0.28,0.17,0.10,0.01,0.00,inferred
Torfaen,2021-05-14,0.57,0.43,0.28,0.17,0.10,0.01,0.00,inferred
Torfaen,2021-05-15,0.57,0.43,0.28,0.17,0.10,0.01,0.00,inferred
Torfaen,2021-05-16,0.57,0.43,0.28,0.17,0.10,0.01,0.00,inferred
Torfaen,2021-05-17,0.57,0.43,0.28,0.17,0.10,0.01,0.00,inferred
Torfaen,2021-05-18,0.63,0.46,0.31,0.19,0.11,0.02,0.00,inferred
Torfaen,2021-05-19,0.63,0.46,0.31,0.19,0.11,0.02,0.00,inferred
Torfaen,2021-05-20,0.63,0.46,0.31,0.19,0.11,0.02,0.00,inferred
Torfaen,2021-05-21,0.63,0.46,0.31,0.19,0.11,0.02,0.00,inferred
Torfaen,2021-05-22,0.63,0.46,0.31,0.19,0.11,0.02,0.00,inferred
Torfaen,2021-05-23,0.63,0.46,0.31,0.19,0.11,0.02,0.00,inferred
Torfaen,2021-05-24,0.63,0.46,0.31,0.19,0.11,0.02,0.00,inferred
Torfaen,2021-05-25,0.99,0.97,0.94,0.89,0.81,0.48,0.10,inferred
Torfaen,2021-05-26,0.99,0.97,0.94,0.89,0.81,0.48,0.10,inferred
Torfaen,2021-05-27,0.99,0.97,0.94,0.89,0.81,0.48,0.10,inferred
Torfaen,2021-05-28,0.99,0.97,0.94,0.89,0.81,0.48,0.10,inferred
Torfaen,2021-05-29,0.99,0.97,0.94,0.89,0.81,0.48,0.10,inferred
Torfaen,2021-05-30,0.99,0.97,0.94,0.89,0.81,0.48,0.10,inferred
Torfaen,2021-05-31,0.99,0.97,0.94,0.89,0.81,0.48,0.10,inferred
Torfaen,2021-06-01,0.98,0.94,0.88,0.81,0.70,0.38,0.06,inferred
Torfaen,2021-06-02,0.98,0.94,0.88,0.81,0.70,0.38,0.06,inferred
Torfaen,2021-06-03,0.98,0.94,0.88,0.81,0.70,0.38,0.06,inferred
Torfaen,2021-06-04,0.98,0.94,0.88,0.81,0.70,0.38,0.06,inferred
Torfaen,2021-06-05,0.98,0.94,0.88,0.81,0.70,0.38,0.06,inferred
Torfaen,2021-06-06,0.98,0.94,0.88,0.81,0.70,0.38,0.06,inferred
Torfaen,2021-06-07,0.98,0.94,0.88,0.81,0.70,0.38,0.06,inferred
Torfaen,2021-06-08,0.99,0.98,0.96,0.92,0.87,0.56,0.12,inferred
Torfaen,2021-06-09,0.99,0.98,0.96,0.92,0.87,0.56,0.12,inferred
Torfaen,2021-06-10,0.99,0.98,0.96,0.92,0.87,0.56,0.12,inferred
Torfaen,2021-06-11,0.99,0.98,0.96,0.92,0.87,0.56,0.12,inferred
Torfaen,2021-06-12,0.99,0.98,0.96,0.92,0.87,0.56,0.12,inferred
Torfaen,2021-06-13,0.99,0.98,0.96,0.92,0.87,0.56,0.12,inferred
Torfaen,2021-06-14,0.99,0.98,0.96,0.92,0.87,0.56,0.12,inferred
Torfaen,2021-06-15,1.00,1.00,1.00,1.00,1.00,1.00,0.87,inferred
Torfaen,2021-06-16,1.00,1.00,1.00,1.00,1.00,1.00,0.87,inferred
Torfaen,2021-06-17,1.00,1.00,1.00,1.00,1.00,1.00,0.87,inferred
Torfaen,2021-06-18,1.00,1.00,1.00,1.00,1.00,1.00,0.87,inferred
Torfaen,2021-06-19,1.00,1.00,1.00,1.00,1.00,1.00,0.87,inferred
Torfaen,2021-06-20,1.00,1.00,1.00,1.00,1.00,1.00,0.87,inferred
Torfaen,2021-06-21,1.00,1.00,1.00,1.00,1.00,1.00,0.87,inferred
Torfaen,2021-06-22,1.00,1.00,1.00,1.00,1.00,0.99,0.86,inferred
Torfaen,2021-06-23,1.00,1.00,1.00,1.00,1.00,0.99,0.86,inferred
Torfaen,2021-06-24,1.00,1.00,1.00,1.00,1.00,0.99,0.86,inferred
Torfaen,2021-06-25,1.00,1.00,1.00,1.00,1.00,0.99,0.86,inferred
Torfaen,2021-06-26,1.00,1.00,1.00,1.00,1.00,0.99,0.86,inferred
Torfaen,2021-06-27,1.00,1.00,1.00,1.00,1.00,0.99,0.86,inferred
Torfaen,2021-06-28,1.00,1.00,1.00,1.00,1.00,0.99,0.86,inferred
Torfaen,2021-06-29,1.00,1.00,1.00,1.00,0.99,0.90,0.54,inferred
Torfaen,2021-06-30,1.00,1.00,1.00,1.00,0.99,0.90,0.54,inferred
Torfaen,2021-07-01,1.00,1.00,1.00,1.00,0.99,0.90,0.54,inferred
Torfaen,2021-07-02,1.00,1.00,1.00,1.00,0.99,0.90,0.54,inferred
Torfaen,2021-07-03,1.00,1.00,1.00,1.00,0.99,0.90,0.54,inferred
Torfaen,2021-07-04,1.00,1.00,1.00,1.00,0.99,0.90,0.54,inferred
Torfaen,2021-07-05,1.00,1.00,1.00,1.00,0.99,0.90,0.54,inferred
Torfaen,2021-07-06,0.99,0.98,0.97,0.94,0.90,0.74,0.44,projected
Torfaen,2021-07-07,0.99,0.98,0.97,0.94,0.90,0.74,0.44,projected
Torfaen,2021-07-08,0.99,0.98,0.97,0.94,0.90,0.74,0.44,projected
Torfaen,2021-07-09,0.99,0.98,0.97,0.94,0.90,0.74,0.44,projected
Torfaen,2021-07-10,0.99,0.98,0.97,0.94,0.90,0.74,0.44,projected
Torfaen,2021-07-11,0.99,0.98,0.97,0.94,0.90,0.74,0.44,projected
Torfaen,2021-07-12,0.99,0.98,0.97,0.94,0.90,0.74,0.44,projected
Torfaen,2021-07-13,0.98,0.97,0.93,0.89,0.84,0.65,0.41,projected
Torfaen,2021-07-14,0.98,0.97,0.93,0.89,0.84,0.65,0.41,projected
Torfaen,2021-07-15,0.98,0.97,0.93,0.89,0.84,0.65,0.41,projected
Torfaen,2021-07-16,0.98,0.97,0.93,0.89,0.84,0.65,0.41,projected
Torfaen,2021-07-17,0.98,0.97,0.93,0.89,0.84,0.65,0.41,projected
Torfaen,2021-07-18,0.98,0.97,0.93,0.89,0.84,0.65,0.41,projected
Torfaen,2021-07-19,0.98,0.97,0.93,0.89,0.84,0.65,0.41,projected
Torfaen,2021-07-20,0.96,0.93,0.90,0.85,0.80,0.64,0.37,projected
Torfaen,2021-07-21,0.96,0.93,0.90,0.85,0.80,0.64,0.37,projected
Torfaen,2021-07-22,0.96,0.93,0.90,0.85,0.80,0.64,0.37,projected
Torfaen,2021-07-23,0.96,0.93,0.90,0.85,0.80,0.64,0.37,projected
Torfaen,2021-07-24,0.96,0.93,0.90,0.85,0.80,0.64,0.37,projected
Torfaen,2021-07-25,0.96,0.93,0.90,0.85,0.80,0.64,0.37,projected
Torfaen,2021-07-26,0.96,0.93,0.90,0.85,0.80,0.64,0.37,projected
Torridge,2021-03-23,0.38,0.24,0.14,0.08,0.04,0.00,0.00,inferred
Torridge,2021-03-24,0.38,0.24,0.14,0.08,0.04,0.00,0.00,inferred
Torridge,2021-03-25,0.38,0.24,0.14,0.08,0.04,0.00,0.00,inferred
Torridge,2021-03-26,0.38,0.24,0.14,0.08,0.04,0.00,0.00,inferred
Torridge,2021-03-27,0.38,0.24,0.14,0.08,0.04,0.00,0.00,inferred
Torridge,2021-03-28,0.38,0.24,0.14,0.08,0.04,0.00,0.00,inferred
Torridge,2021-03-29,0.38,0.24,0.14,0.08,0.04,0.00,0.00,inferred
Torridge,2021-03-30,0.73,0.61,0.45,0.32,0.23,0.06,0.01,inferred
Torridge,2021-03-31,0.73,0.61,0.45,0.32,0.23,0.06,0.01,inferred
Torridge,2021-04-01,0.73,0.61,0.45,0.32,0.23,0.06,0.01,inferred
Torridge,2021-04-02,0.73,0.61,0.45,0.32,0.23,0.06,0.01,inferred
Torridge,2021-04-03,0.73,0.61,0.45,0.32,0.23,0.06,0.01,inferred
Torridge,2021-04-04,0.73,0.61,0.45,0.32,0.23,0.06,0.01,inferred
Torridge,2021-04-05,0.73,0.61,0.45,0.32,0.23,0.06,0.01,inferred
Torridge,2021-04-06,0.87,0.75,0.62,0.48,0.37,0.14,0.01,inferred
Torridge,2021-04-07,0.87,0.75,0.62,0.48,0.37,0.14,0.01,inferred
Torridge,2021-04-08,0.87,0.75,0.62,0.48,0.37,0.14,0.01,inferred
Torridge,2021-04-09,0.87,0.75,0.62,0.48,0.37,0.14,0.01,inferred
Torridge,2021-04-10,0.87,0.75,0.62,0.48,0.37,0.14,0.01,inferred
Torridge,2021-04-11,0.87,0.75,0.62,0.48,0.37,0.14,0.01,inferred
Torridge,2021-04-12,0.87,0.75,0.62,0.48,0.37,0.14,0.01,inferred
Torridge,2021-04-13,0.76,0.63,0.48,0.37,0.26,0.07,0.01,inferred
Torridge,2021-04-14,0.76,0.63,0.48,0.37,0.26,0.07,0.01,inferred
Torridge,2021-04-15,0.76,0.63,0.48,0.37,0.26,0.07,0.01,inferred
Torridge,2021-04-16,0.76,0.63,0.48,0.37,0.26,0.07,0.01,inferred
Torridge,2021-04-17,0.76,0.63,0.48,0.37,0.26,0.07,0.01,inferred
Torridge,2021-04-18,0.76,0.63,0.48,0.37,0.26,0.07,0.01,inferred
Torridge,2021-04-19,0.76,0.63,0.48,0.37,0.26,0.07,0.01,inferred
Torridge,2021-04-20,0.76,0.63,0.49,0.35,0.24,0.07,0.01,inferred
Torridge,2021-04-21,0.76,0.63,0.49,0.35,0.24,0.07,0.01,inferred
Torridge,2021-04-22,0.76,0.63,0.49,0.35,0.24,0.07,0.01,inferred
Torridge,2021-04-23,0.76,0.63,0.49,0.35,0.24,0.07,0.01,inferred
Torridge,2021-04-24,0.76,0.63,0.49,0.35,0.24,0.07,0.01,inferred
Torridge,2021-04-25,0.76,0.63,0.49,0.35,0.24,0.07,0.01,inferred
Torridge,2021-04-26,0.76,0.63,0.49,0.35,0.24,0.07,0.01,inferred
Torridge,2021-04-27,0.56,0.41,0.26,0.16,0.10,0.02,0.00,inferred
Torridge,2021-04-28,0.56,0.41,0.26,0.16,0.10,0.02,0.00,inferred
Torridge,2021-04-29,0.56,0.41,0.26,0.16,0.10,0.02,0.00,inferred
Torridge,2021-04-30,0.56,0.41,0.26,0.16,0.10,0.02,0.00,inferred
Torridge,2021-05-01,0.56,0.41,0.26,0.16,0.10,0.02,0.00,inferred
Torridge,2021-05-02,0.56,0.41,0.26,0.16,0.10,0.02,0.00,inferred
Torridge,2021-05-03,0.56,0.41,0.26,0.16,0.10,0.02,0.00,inferred
Torridge,2021-05-04,0.64,0.50,0.37,0.26,0.17,0.04,0.00,inferred
Torridge,2021-05-05,0.64,0.50,0.37,0.26,0.17,0.04,0.00,inferred
Torridge,2021-05-06,0.64,0.50,0.37,0.26,0.17,0.04,0.00,inferred
Torridge,2021-05-07,0.64,0.50,0.37,0.26,0.17,0.04,0.00,inferred
Torridge,2021-05-08,0.64,0.50,0.37,0.26,0.17,0.04,0.00,inferred
Torridge,2021-05-09,0.64,0.50,0.37,0.26,0.17,0.04,0.00,inferred
Torridge,2021-05-10,0.64,0.50,0.37,0.26,0.17,0.04,0.00,inferred
Torridge,2021-05-11,0.82,0.71,0.60,0.48,0.37,0.12,0.01,inferred
Torridge,2021-05-12,0.82,0.71,0.60,0.48,0.37,0.12,0.01,inferred
Torridge,2021-05-13,0.82,0.71,0.60,0.48,0.37,0.12,0.01,inferred
Torridge,2021-05-14,0.82,0.71,0.60,0.48,0.37,0.12,0.01,inferred
Torridge,2021-05-15,0.82,0.71,0.60,0.48,0.37,0.12,0.01,inferred
Torridge,2021-05-16,0.82,0.71,0.60,0.48,0.37,0.12,0.01,inferred
Torridge,2021-05-17,0.82,0.71,0.60,0.48,0.37,0.12,0.01,inferred
Torridge,2021-05-18,0.91,0.86,0.75,0.66,0.55,0.25,0.05,inferred
Torridge,2021-05-19,0.91,0.86,0.75,0.66,0.55,0.25,0.05,inferred
Torridge,2021-05-20,0.91,0.86,0.75,0.66,0.55,0.25,0.05,inferred
Torridge,2021-05-21,0.91,0.86,0.75,0.66,0.55,0.25,0.05,inferred
Torridge,2021-05-22,0.91,0.86,0.75,0.66,0.55,0.25,0.05,inferred
Torridge,2021-05-23,0.91,0.86,0.75,0.66,0.55,0.25,0.05,inferred
Torridge,2021-05-24,0.91,0.86,0.75,0.66,0.55,0.25,0.05,inferred
Torridge,2021-05-25,0.97,0.95,0.89,0.82,0.74,0.44,0.10,inferred
Torridge,2021-05-26,0.97,0.95,0.89,0.82,0.74,0.44,0.10,inferred
Torridge,2021-05-27,0.97,0.95,0.89,0.82,0.74,0.44,0.10,inferred
Torridge,2021-05-28,0.97,0.95,0.89,0.82,0.74,0.44,0.10,inferred
Torridge,2021-05-29,0.97,0.95,0.89,0.82,0.74,0.44,0.10,inferred
Torridge,2021-05-30,0.97,0.95,0.89,0.82,0.74,0.44,0.10,inferred
Torridge,2021-05-31,0.97,0.95,0.89,0.82,0.74,0.44,0.10,inferred
Torridge,2021-06-01,1.00,1.00,1.00,1.00,0.99,0.96,0.75,inferred
Torridge,2021-06-02,1.00,1.00,1.00,1.00,0.99,0.96,0.75,inferred
Torridge,2021-06-03,1.00,1.00,1.00,1.00,0.99,0.96,0.75,inferred
Torridge,2021-06-04,1.00,1.00,1.00,1.00,0.99,0.96,0.75,inferred
Torridge,2021-06-05,1.00,1.00,1.00,1.00,0.99,0.96,0.75,inferred
Torridge,2021-06-06,1.00,1.00,1.00,1.00,0.99,0.96,0.75,inferred
Torridge,2021-06-07,1.00,1.00,1.00,1.00,0.99,0.96,0.75,inferred
Torridge,2021-06-08,1.00,1.00,1.00,1.00,1.00,1.00,0.93,inferred
Torridge,2021-06-09,1.00,1.00,1.00,1.00,1.00,1.00,0.93,inferred
Torridge,2021-06-10,1.00,1.00,1.00,1.00,1.00,1.00,0.93,inferred
Torridge,2021-06-11,1.00,1.00,1.00,1.00,1.00,1.00,0.93,inferred
Torridge,2021-06-12,1.00,1.00,1.00,1.00,1.00,1.00,0.93,inferred
Torridge,2021-06-13,1.00,1.00,1.00,1.00,1.00,1.00,0.93,inferred
Torridge,2021-06-14,1.00,1.00,1.00,1.00,1.00,1.00,0.93,inferred
Torridge,2021-06-15,0.99,0.95,0.86,0.76,0.61,0.24,0.02,inferred
Torridge,2021-06-16,0.99,0.95,0.86,0.76,0.61,0.24,0.02,inferred
Torridge,2021-06-17,0.99,0.95,0.86,0.76,0.61,0.24,0.02,inferred
Torridge,2021-06-18,0.99,0.95,0.86,0.76,0.61,0.24,0.02,inferred
Torridge,2021-06-19,0.99,0.95,0.86,0.76,0.61,0.24,0.02,inferred
Torridge,2021-06-20,0.99,0.95,0.86,0.76,0.61,0.24,0.02,inferred
Torridge,2021-06-21,0.99,0.95,0.86,0.76,0.61,0.24,0.02,inferred
Torridge,2021-06-22,0.56,0.34,0.16,0.07,0.02,0.00,0.00,inferred
Torridge,2021-06-23,0.56,0.34,0.16,0.07,0.02,0.00,0.00,inferred
Torridge,2021-06-24,0.56,0.34,0.16,0.07,0.02,0.00,0.00,inferred
Torridge,2021-06-25,0.56,0.34,0.16,0.07,0.02,0.00,0.00,inferred
Torridge,2021-06-26,0.56,0.34,0.16,0.07,0.02,0.00,0.00,inferred
Torridge,2021-06-27,0.56,0.34,0.16,0.07,0.02,0.00,0.00,inferred
Torridge,2021-06-28,0.56,0.34,0.16,0.07,0.02,0.00,0.00,inferred
Torridge,2021-06-29,0.63,0.49,0.35,0.24,0.16,0.03,0.00,inferred
Torridge,2021-06-30,0.63,0.49,0.35,0.24,0.16,0.03,0.00,inferred
Torridge,2021-07-01,0.63,0.49,0.35,0.24,0.16,0.03,0.00,inferred
Torridge,2021-07-02,0.63,0.49,0.35,0.24,0.16,0.03,0.00,inferred
Torridge,2021-07-03,0.63,0.49,0.35,0.24,0.16,0.03,0.00,inferred
Torridge,2021-07-04,0.63,0.49,0.35,0.24,0.16,0.03,0.00,inferred
Torridge,2021-07-05,0.63,0.49,0.35,0.24,0.16,0.03,0.00,inferred
Torridge,2021-07-06,0.68,0.58,0.47,0.37,0.29,0.11,0.03,projected
Torridge,2021-07-07,0.68,0.58,0.47,0.37,0.29,0.11,0.03,projected
Torridge,2021-07-08,0.68,0.58,0.47,0.37,0.29,0.11,0.03,projected
Torridge,2021-07-09,0.68,0.58,0.47,0.37,0.29,0.11,0.03,projected
Torridge,2021-07-10,0.68,0.58,0.47,0.37,0.29,0.11,0.03,projected
Torridge,2021-07-11,0.68,0.58,0.47,0.37,0.29,0.11,0.03,projected
Torridge,2021-07-12,0.68,0.58,0.47,0.37,0.29,0.11,0.03,projected
Torridge,2021-07-13,0.76,0.68,0.58,0.49,0.40,0.20,0.08,projected
Torridge,2021-07-14,0.76,0.68,0.58,0.49,0.40,0.20,0.08,projected
Torridge,2021-07-15,0.76,0.68,0.58,0.49,0.40,0.20,0.08,projected
Torridge,2021-07-16,0.76,0.68,0.58,0.49,0.40,0.20,0.08,projected
Torridge,2021-07-17,0.76,0.68,0.58,0.49,0.40,0.20,0.08,projected
Torridge,2021-07-18,0.76,0.68,0.58,0.49,0.40,0.20,0.08,projected
Torridge,2021-07-19,0.76,0.68,0.58,0.49,0.40,0.20,0.08,projected
Torridge,2021-07-20,0.83,0.77,0.71,0.64,0.56,0.33,0.15,projected
Torridge,2021-07-21,0.83,0.77,0.71,0.64,0.56,0.33,0.15,projected
Torridge,2021-07-22,0.83,0.77,0.71,0.64,0.56,0.33,0.15,projected
Torridge,2021-07-23,0.83,0.77,0.71,0.64,0.56,0.33,0.15,projected
Torridge,2021-07-24,0.83,0.77,0.71,0.64,0.56,0.33,0.15,projected
Torridge,2021-07-25,0.83,0.77,0.71,0.64,0.56,0.33,0.15,projected
Torridge,2021-07-26,0.83,0.77,0.71,0.64,0.56,0.33,0.15,projected
Tower Hamlets,2021-03-23,0.20,0.03,0.00,0.00,0.00,0.00,0.00,inferred
Tower Hamlets,2021-03-24,0.20,0.03,0.00,0.00,0.00,0.00,0.00,inferred
Tower Hamlets,2021-03-25,0.20,0.03,0.00,0.00,0.00,0.00,0.00,inferred
Tower Hamlets,2021-03-26,0.20,0.03,0.00,0.00,0.00,0.00,0.00,inferred
Tower Hamlets,2021-03-27,0.20,0.03,0.00,0.00,0.00,0.00,0.00,inferred
Tower Hamlets,2021-03-28,0.20,0.03,0.00,0.00,0.00,0.00,0.00,inferred
Tower Hamlets,2021-03-29,0.20,0.03,0.00,0.00,0.00,0.00,0.00,inferred
Tower Hamlets,2021-03-30,0.99,0.90,0.65,0.31,0.10,0.00,0.00,inferred
Tower Hamlets,2021-03-31,0.99,0.90,0.65,0.31,0.10,0.00,0.00,inferred
Tower Hamlets,2021-04-01,0.99,0.90,0.65,0.31,0.10,0.00,0.00,inferred
Tower Hamlets,2021-04-02,0.99,0.90,0.65,0.31,0.10,0.00,0.00,inferred
Tower Hamlets,2021-04-03,0.99,0.90,0.65,0.31,0.10,0.00,0.00,inferred
Tower Hamlets,2021-04-04,0.99,0.90,0.65,0.31,0.10,0.00,0.00,inferred
Tower Hamlets,2021-04-05,0.99,0.90,0.65,0.31,0.10,0.00,0.00,inferred
Tower Hamlets,2021-04-06,0.98,0.87,0.57,0.24,0.06,0.00,0.00,inferred
Tower Hamlets,2021-04-07,0.98,0.87,0.57,0.24,0.06,0.00,0.00,inferred
Tower Hamlets,2021-04-08,0.98,0.87,0.57,0.24,0.06,0.00,0.00,inferred
Tower Hamlets,2021-04-09,0.98,0.87,0.57,0.24,0.06,0.00,0.00,inferred
Tower Hamlets,2021-04-10,0.98,0.87,0.57,0.24,0.06,0.00,0.00,inferred
Tower Hamlets,2021-04-11,0.98,0.87,0.57,0.24,0.06,0.00,0.00,inferred
Tower Hamlets,2021-04-12,0.98,0.87,0.57,0.24,0.06,0.00,0.00,inferred
Tower Hamlets,2021-04-13,0.96,0.80,0.48,0.18,0.05,0.00,0.00,inferred
Tower Hamlets,2021-04-14,0.96,0.80,0.48,0.18,0.05,0.00,0.00,inferred
Tower Hamlets,2021-04-15,0.96,0.80,0.48,0.18,0.05,0.00,0.00,inferred
Tower Hamlets,2021-04-16,0.96,0.80,0.48,0.18,0.05,0.00,0.00,inferred
Tower Hamlets,2021-04-17,0.96,0.80,0.48,0.18,0.05,0.00,0.00,inferred
Tower Hamlets,2021-04-18,0.96,0.80,0.48,0.18,0.05,0.00,0.00,inferred
Tower Hamlets,2021-04-19,0.96,0.80,0.48,0.18,0.05,0.00,0.00,inferred
Tower Hamlets,2021-04-20,0.09,0.01,0.00,0.00,0.00,0.00,0.00,inferred
Tower Hamlets,2021-04-21,0.09,0.01,0.00,0.00,0.00,0.00,0.00,inferred
Tower Hamlets,2021-04-22,0.09,0.01,0.00,0.00,0.00,0.00,0.00,inferred
Tower Hamlets,2021-04-23,0.09,0.01,0.00,0.00,0.00,0.00,0.00,inferred
Tower Hamlets,2021-04-24,0.09,0.01,0.00,0.00,0.00,0.00,0.00,inferred
Tower Hamlets,2021-04-25,0.09,0.01,0.00,0.00,0.00,0.00,0.00,inferred
Tower Hamlets,2021-04-26,0.09,0.01,0.00,0.00,0.00,0.00,0.00,inferred
Tower Hamlets,2021-04-27,0.71,0.40,0.14,0.04,0.00,0.00,0.00,inferred
Tower Hamlets,2021-04-28,0.71,0.40,0.14,0.04,0.00,0.00,0.00,inferred
Tower Hamlets,2021-04-29,0.71,0.40,0.14,0.04,0.00,0.00,0.00,inferred
Tower Hamlets,2021-04-30,0.71,0.40,0.14,0.04,0.00,0.00,0.00,inferred
Tower Hamlets,2021-05-01,0.71,0.40,0.14,0.04,0.00,0.00,0.00,inferred
Tower Hamlets,2021-05-02,0.71,0.40,0.14,0.04,0.00,0.00,0.00,inferred
Tower Hamlets,2021-05-03,0.71,0.40,0.14,0.04,0.00,0.00,0.00,inferred
Tower Hamlets,2021-05-04,0.43,0.15,0.03,0.01,0.00,0.00,0.00,inferred
Tower Hamlets,2021-05-05,0.43,0.15,0.03,0.01,0.00,0.00,0.00,inferred
Tower Hamlets,2021-05-06,0.43,0.15,0.03,0.01,0.00,0.00,0.00,inferred
Tower Hamlets,2021-05-07,0.43,0.15,0.03,0.01,0.00,0.00,0.00,inferred
Tower Hamlets,2021-05-08,0.43,0.15,0.03,0.01,0.00,0.00,0.00,inferred
Tower Hamlets,2021-05-09,0.43,0.15,0.03,0.01,0.00,0.00,0.00,inferred
Tower Hamlets,2021-05-10,0.43,0.15,0.03,0.01,0.00,0.00,0.00,inferred
Tower Hamlets,2021-05-11,0.97,0.89,0.69,0.44,0.22,0.00,0.00,inferred
Tower Hamlets,2021-05-12,0.97,0.89,0.69,0.44,0.22,0.00,0.00,inferred
Tower Hamlets,2021-05-13,0.97,0.89,0.69,0.44,0.22,0.00,0.00,inferred
Tower Hamlets,2021-05-14,0.97,0.89,0.69,0.44,0.22,0.00,0.00,inferred
Tower Hamlets,2021-05-15,0.97,0.89,0.69,0.44,0.22,0.00,0.00,inferred
Tower Hamlets,2021-05-16,0.97,0.89,0.69,0.44,0.22,0.00,0.00,inferred
Tower Hamlets,2021-05-17,0.97,0.89,0.69,0.44,0.22,0.00,0.00,inferred
Tower Hamlets,2021-05-18,1.00,1.00,1.00,1.00,1.00,0.93,0.16,inferred
Tower Hamlets,2021-05-19,1.00,1.00,1.00,1.00,1.00,0.93,0.16,inferred
Tower Hamlets,2021-05-20,1.00,1.00,1.00,1.00,1.00,0.93,0.16,inferred
Tower Hamlets,2021-05-21,1.00,1.00,1.00,1.00,1.00,0.93,0.16,inferred
Tower Hamlets,2021-05-22,1.00,1.00,1.00,1.00,1.00,0.93,0.16,inferred
Tower Hamlets,2021-05-23,1.00,1.00,1.00,1.00,1.00,0.93,0.16,inferred
Tower Hamlets,2021-05-24,1.00,1.00,1.00,1.00,1.00,0.93,0.16,inferred
Tower Hamlets,2021-05-25,1.00,1.00,1.00,1.00,1.00,1.00,0.88,inferred
Tower Hamlets,2021-05-26,1.00,1.00,1.00,1.00,1.00,1.00,0.88,inferred
Tower Hamlets,2021-05-27,1.00,1.00,1.00,1.00,1.00,1.00,0.88,inferred
Tower Hamlets,2021-05-28,1.00,1.00,1.00,1.00,1.00,1.00,0.88,inferred
Tower Hamlets,2021-05-29,1.00,1.00,1.00,1.00,1.00,1.00,0.88,inferred
Tower Hamlets,2021-05-30,1.00,1.00,1.00,1.00,1.00,1.00,0.88,inferred
Tower Hamlets,2021-05-31,1.00,1.00,1.00,1.00,1.00,1.00,0.88,inferred
Tower Hamlets,2021-06-01,1.00,1.00,1.00,1.00,0.98,0.65,0.05,inferred
Tower Hamlets,2021-06-02,1.00,1.00,1.00,1.00,0.98,0.65,0.05,inferred
Tower Hamlets,2021-06-03,1.00,1.00,1.00,1.00,0.98,0.65,0.05,inferred
Tower Hamlets,2021-06-04,1.00,1.00,1.00,1.00,0.98,0.65,0.05,inferred
Tower Hamlets,2021-06-05,1.00,1.00,1.00,1.00,0.98,0.65,0.05,inferred
Tower Hamlets,2021-06-06,1.00,1.00,1.00,1.00,0.98,0.65,0.05,inferred
Tower Hamlets,2021-06-07,1.00,1.00,1.00,1.00,0.98,0.65,0.05,inferred
Tower Hamlets,2021-06-08,1.00,1.00,0.97,0.77,0.42,0.00,0.00,inferred
Tower Hamlets,2021-06-09,1.00,1.00,0.97,0.77,0.42,0.00,0.00,inferred
Tower Hamlets,2021-06-10,1.00,1.00,0.97,0.77,0.42,0.00,0.00,inferred
Tower Hamlets,2021-06-11,1.00,1.00,0.97,0.77,0.42,0.00,0.00,inferred
Tower Hamlets,2021-06-12,1.00,1.00,0.97,0.77,0.42,0.00,0.00,inferred
Tower Hamlets,2021-06-13,1.00,1.00,0.97,0.77,0.42,0.00,0.00,inferred
Tower Hamlets,2021-06-14,1.00,1.00,0.97,0.77,0.42,0.00,0.00,inferred
Tower Hamlets,2021-06-15,1.00,1.00,1.00,1.00,1.00,0.88,0.01,inferred
Tower Hamlets,2021-06-16,1.00,1.00,1.00,1.00,1.00,0.88,0.01,inferred
Tower Hamlets,2021-06-17,1.00,1.00,1.00,1.00,1.00,0.88,0.01,inferred
Tower Hamlets,2021-06-18,1.00,1.00,1.00,1.00,1.00,0.88,0.01,inferred
Tower Hamlets,2021-06-19,1.00,1.00,1.00,1.00,1.00,0.88,0.01,inferred
Tower Hamlets,2021-06-20,1.00,1.00,1.00,1.00,1.00,0.88,0.01,inferred
Tower Hamlets,2021-06-21,1.00,1.00,1.00,1.00,1.00,0.88,0.01,inferred
Tower Hamlets,2021-06-22,1.00,1.00,1.00,1.00,1.00,0.69,0.00,inferred
Tower Hamlets,2021-06-23,1.00,1.00,1.00,1.00,1.00,0.69,0.00,inferred
Tower Hamlets,2021-06-24,1.00,1.00,1.00,1.00,1.00,0.69,0.00,inferred
Tower Hamlets,2021-06-25,1.00,1.00,1.00,1.00,1.00,0.69,0.00,inferred
Tower Hamlets,2021-06-26,1.00,1.00,1.00,1.00,1.00,0.69,0.00,inferred
Tower Hamlets,2021-06-27,1.00,1.00,1.00,1.00,1.00,0.69,0.00,inferred
Tower Hamlets,2021-06-28,1.00,1.00,1.00,1.00,1.00,0.69,0.00,inferred
Tower Hamlets,2021-06-29,1.00,1.00,0.97,0.82,0.56,0.03,0.00,inferred
Tower Hamlets,2021-06-30,1.00,1.00,0.97,0.82,0.56,0.03,0.00,inferred
Tower Hamlets,2021-07-01,1.00,1.00,0.97,0.82,0.56,0.03,0.00,inferred
Tower Hamlets,2021-07-02,1.00,1.00,0.97,0.82,0.56,0.03,0.00,inferred
Tower Hamlets,2021-07-03,1.00,1.00,0.97,0.82,0.56,0.03,0.00,inferred
Tower Hamlets,2021-07-04,1.00,1.00,0.97,0.82,0.56,0.03,0.00,inferred
Tower Hamlets,2021-07-05,1.00,1.00,0.97,0.82,0.56,0.03,0.00,inferred
Tower Hamlets,2021-07-06,0.99,0.95,0.85,0.70,0.50,0.12,0.00,projected
Tower Hamlets,2021-07-07,0.99,0.95,0.85,0.70,0.50,0.12,0.00,projected
Tower Hamlets,2021-07-08,0.99,0.95,0.85,0.70,0.50,0.12,0.00,projected
Tower Hamlets,2021-07-09,0.99,0.95,0.85,0.70,0.50,0.12,0.00,projected
Tower Hamlets,2021-07-10,0.99,0.95,0.85,0.70,0.50,0.12,0.00,projected
Tower Hamlets,2021-07-11,0.99,0.95,0.85,0.70,0.50,0.12,0.00,projected
Tower Hamlets,2021-07-12,0.99,0.95,0.85,0.70,0.50,0.12,0.00,projected
Tower Hamlets,2021-07-13,0.97,0.91,0.80,0.67,0.51,0.18,0.01,projected
Tower Hamlets,2021-07-14,0.97,0.91,0.80,0.67,0.51,0.18,0.01,projected
Tower Hamlets,2021-07-15,0.97,0.91,0.80,0.67,0.51,0.18,0.01,projected
Tower Hamlets,2021-07-16,0.97,0.91,0.80,0.67,0.51,0.18,0.01,projected
Tower Hamlets,2021-07-17,0.97,0.91,0.80,0.67,0.51,0.18,0.01,projected
Tower Hamlets,2021-07-18,0.97,0.91,0.80,0.67,0.51,0.18,0.01,projected
Tower Hamlets,2021-07-19,0.97,0.91,0.80,0.67,0.51,0.18,0.01,projected
Tower Hamlets,2021-07-20,0.96,0.90,0.82,0.70,0.56,0.20,0.02,projected
Tower Hamlets,2021-07-21,0.96,0.90,0.82,0.70,0.56,0.20,0.02,projected
Tower Hamlets,2021-07-22,0.96,0.90,0.82,0.70,0.56,0.20,0.02,projected
Tower Hamlets,2021-07-23,0.96,0.90,0.82,0.70,0.56,0.20,0.02,projected
Tower Hamlets,2021-07-24,0.96,0.90,0.82,0.70,0.56,0.20,0.02,projected
Tower Hamlets,2021-07-25,0.96,0.90,0.82,0.70,0.56,0.20,0.02,projected
Tower Hamlets,2021-07-26,0.96,0.90,0.82,0.70,0.56,0.20,0.02,projected
Trafford,2021-03-23,0.02,0.00,0.00,0.00,0.00,0.00,0.00,inferred
Trafford,2021-03-24,0.02,0.00,0.00,0.00,0.00,0.00,0.00,inferred
Trafford,2021-03-25,0.02,0.00,0.00,0.00,0.00,0.00,0.00,inferred
Trafford,2021-03-26,0.02,0.00,0.00,0.00,0.00,0.00,0.00,inferred
Trafford,2021-03-27,0.02,0.00,0.00,0.00,0.00,0.00,0.00,inferred
Trafford,2021-03-28,0.02,0.00,0.00,0.00,0.00,0.00,0.00,inferred
Trafford,2021-03-29,0.02,0.00,0.00,0.00,0.00,0.00,0.00,inferred
Trafford,2021-03-30,0.46,0.17,0.05,0.01,0.00,0.00,0.00,inferred
Trafford,2021-03-31,0.46,0.17,0.05,0.01,0.00,0.00,0.00,inferred
Trafford,2021-04-01,0.46,0.17,0.05,0.01,0.00,0.00,0.00,inferred
Trafford,2021-04-02,0.46,0.17,0.05,0.01,0.00,0.00,0.00,inferred
Trafford,2021-04-03,0.46,0.17,0.05,0.01,0.00,0.00,0.00,inferred
Trafford,2021-04-04,0.46,0.17,0.05,0.01,0.00,0.00,0.00,inferred
Trafford,2021-04-05,0.46,0.17,0.05,0.01,0.00,0.00,0.00,inferred
Trafford,2021-04-06,0.55,0.28,0.08,0.02,0.00,0.00,0.00,inferred
Trafford,2021-04-07,0.55,0.28,0.08,0.02,0.00,0.00,0.00,inferred
Trafford,2021-04-08,0.55,0.28,0.08,0.02,0.00,0.00,0.00,inferred
Trafford,2021-04-09,0.55,0.28,0.08,0.02,0.00,0.00,0.00,inferred
Trafford,2021-04-10,0.55,0.28,0.08,0.02,0.00,0.00,0.00,inferred
Trafford,2021-04-11,0.55,0.28,0.08,0.02,0.00,0.00,0.00,inferred
Trafford,2021-04-12,0.55,0.28,0.08,0.02,0.00,0.00,0.00,inferred
Trafford,2021-04-13,1.00,0.98,0.90,0.74,0.48,0.04,0.00,inferred
Trafford,2021-04-14,1.00,0.98,0.90,0.74,0.48,0.04,0.00,inferred
Trafford,2021-04-15,1.00,0.98,0.90,0.74,0.48,0.04,0.00,inferred
Trafford,2021-04-16,1.00,0.98,0.90,0.74,0.48,0.04,0.00,inferred
Trafford,2021-04-17,1.00,0.98,0.90,0.74,0.48,0.04,0.00,inferred
Trafford,2021-04-18,1.00,0.98,0.90,0.74,0.48,0.04,0.00,inferred
Trafford,2021-04-19,1.00,0.98,0.90,0.74,0.48,0.04,0.00,inferred
Trafford,2021-04-20,0.99,0.92,0.75,0.48,0.25,0.01,0.00,inferred
Trafford,2021-04-21,0.99,0.92,0.75,0.48,0.25,0.01,0.00,inferred
Trafford,2021-04-22,0.99,0.92,0.75,0.48,0.25,0.01,0.00,inferred
Trafford,2021-04-23,0.99,0.92,0.75,0.48,0.25,0.01,0.00,inferred
Trafford,2021-04-24,0.99,0.92,0.75,0.48,0.25,0.01,0.00,inferred
Trafford,2021-04-25,0.99,0.92,0.75,0.48,0.25,0.01,0.00,inferred
Trafford,2021-04-26,0.99,0.92,0.75,0.48,0.25,0.01,0.00,inferred
Trafford,2021-04-27,0.75,0.45,0.19,0.07,0.02,0.00,0.00,inferred
Trafford,2021-04-28,0.75,0.45,0.19,0.07,0.02,0.00,0.00,inferred
Trafford,2021-04-29,0.75,0.45,0.19,0.07,0.02,0.00,0.00,inferred
Trafford,2021-04-30,0.75,0.45,0.19,0.07,0.02,0.00,0.00,inferred
Trafford,2021-05-01,0.75,0.45,0.19,0.07,0.02,0.00,0.00,inferred
Trafford,2021-05-02,0.75,0.45,0.19,0.07,0.02,0.00,0.00,inferred
Trafford,2021-05-03,0.75,0.45,0.19,0.07,0.02,0.00,0.00,inferred
Trafford,2021-05-04,0.97,0.89,0.70,0.45,0.21,0.01,0.00,inferred
Trafford,2021-05-05,0.97,0.89,0.70,0.45,0.21,0.01,0.00,inferred
Trafford,2021-05-06,0.97,0.89,0.70,0.45,0.21,0.01,0.00,inferred
Trafford,2021-05-07,0.97,0.89,0.70,0.45,0.21,0.01,0.00,inferred
Trafford,2021-05-08,0.97,0.89,0.70,0.45,0.21,0.01,0.00,inferred
Trafford,2021-05-09,0.97,0.89,0.70,0.45,0.21,0.01,0.00,inferred
Trafford,2021-05-10,0.97,0.89,0.70,0.45,0.21,0.01,0.00,inferred
Trafford,2021-05-11,1.00,0.99,0.95,0.84,0.62,0.09,0.00,inferred
Trafford,2021-05-12,1.00,0.99,0.95,0.84,0.62,0.09,0.00,inferred
Trafford,2021-05-13,1.00,0.99,0.95,0.84,0.62,0.09,0.00,inferred
Trafford,2021-05-14,1.00,0.99,0.95,0.84,0.62,0.09,0.00,inferred
Trafford,2021-05-15,1.00,0.99,0.95,0.84,0.62,0.09,0.00,inferred
Trafford,2021-05-16,1.00,0.99,0.95,0.84,0.62,0.09,0.00,inferred
Trafford,2021-05-17,1.00,0.99,0.95,0.84,0.62,0.09,0.00,inferred
Trafford,2021-05-18,1.00,1.00,1.00,1.00,1.00,0.93,0.22,inferred
Trafford,2021-05-19,1.00,1.00,1.00,1.00,1.00,0.93,0.22,inferred
Trafford,2021-05-20,1.00,1.00,1.00,1.00,1.00,0.93,0.22,inferred
Trafford,2021-05-21,1.00,1.00,1.00,1.00,1.00,0.93,0.22,inferred
Trafford,2021-05-22,1.00,1.00,1.00,1.00,1.00,0.93,0.22,inferred
Trafford,2021-05-23,1.00,1.00,1.00,1.00,1.00,0.93,0.22,inferred
Trafford,2021-05-24,1.00,1.00,1.00,1.00,1.00,0.93,0.22,inferred
Trafford,2021-05-25,1.00,1.00,1.00,1.00,1.00,0.99,0.68,inferred
Trafford,2021-05-26,1.00,1.00,1.00,1.00,1.00,0.99,0.68,inferred
Trafford,2021-05-27,1.00,1.00,1.00,1.00,1.00,0.99,0.68,inferred
Trafford,2021-05-28,1.00,1.00,1.00,1.00,1.00,0.99,0.68,inferred
Trafford,2021-05-29,1.00,1.00,1.00,1.00,1.00,0.99,0.68,inferred
Trafford,2021-05-30,1.00,1.00,1.00,1.00,1.00,0.99,0.68,inferred
Trafford,2021-05-31,1.00,1.00,1.00,1.00,1.00,0.99,0.68,inferred
Trafford,2021-06-01,1.00,1.00,0.98,0.86,0.66,0.08,0.00,inferred
Trafford,2021-06-02,1.00,1.00,0.98,0.86,0.66,0.08,0.00,inferred
Trafford,2021-06-03,1.00,1.00,0.98,0.86,0.66,0.08,0.00,inferred
Trafford,2021-06-04,1.00,1.00,0.98,0.86,0.66,0.08,0.00,inferred
Trafford,2021-06-05,1.00,1.00,0.98,0.86,0.66,0.08,0.00,inferred
Trafford,2021-06-06,1.00,1.00,0.98,0.86,0.66,0.08,0.00,inferred
Trafford,2021-06-07,1.00,1.00,0.98,0.86,0.66,0.08,0.00,inferred
Trafford,2021-06-08,1.00,1.00,0.99,0.90,0.55,0.01,0.00,inferred
Trafford,2021-06-09,1.00,1.00,0.99,0.90,0.55,0.01,0.00,inferred
Trafford,2021-06-10,1.00,1.00,0.99,0.90,0.55,0.01,0.00,inferred
Trafford,2021-06-11,1.00,1.00,0.99,0.90,0.55,0.01,0.00,inferred
Trafford,2021-06-12,1.00,1.00,0.99,0.90,0.55,0.01,0.00,inferred
Trafford,2021-06-13,1.00,1.00,0.99,0.90,0.55,0.01,0.00,inferred
Trafford,2021-06-14,1.00,1.00,0.99,0.90,0.55,0.01,0.00,inferred
Trafford,2021-06-15,1.00,1.00,1.00,1.00,0.99,0.23,0.00,inferred
Trafford,2021-06-16,1.00,1.00,1.00,1.00,0.99,0.23,0.00,inferred
Trafford,2021-06-17,1.00,1.00,1.00,1.00,0.99,0.23,0.00,inferred
Trafford,2021-06-18,1.00,1.00,1.00,1.00,0.99,0.23,0.00,inferred
Trafford,2021-06-19,1.00,1.00,1.00,1.00,0.99,0.23,0.00,inferred
Trafford,2021-06-20,1.00,1.00,1.00,1.00,0.99,0.23,0.00,inferred
Trafford,2021-06-21,1.00,1.00,1.00,1.00,0.99,0.23,0.00,inferred
Trafford,2021-06-22,1.00,1.00,1.00,1.00,0.98,0.44,0.00,inferred
Trafford,2021-06-23,1.00,1.00,1.00,1.00,0.98,0.44,0.00,inferred
Trafford,2021-06-24,1.00,1.00,1.00,1.00,0.98,0.44,0.00,inferred
Trafford,2021-06-25,1.00,1.00,1.00,1.00,0.98,0.44,0.00,inferred
Trafford,2021-06-26,1.00,1.00,1.00,1.00,0.98,0.44,0.00,inferred
Trafford,2021-06-27,1.00,1.00,1.00,1.00,0.98,0.44,0.00,inferred
Trafford,2021-06-28,1.00,1.00,1.00,1.00,0.98,0.44,0.00,inferred
Trafford,2021-06-29,0.93,0.76,0.49,0.24,0.09,0.00,0.00,inferred
Trafford,2021-06-30,0.93,0.76,0.49,0.24,0.09,0.00,0.00,inferred
Trafford,2021-07-01,0.93,0.76,0.49,0.24,0.09,0.00,0.00,inferred
Trafford,2021-07-02,0.93,0.76,0.49,0.24,0.09,0.00,0.00,inferred
Trafford,2021-07-03,0.93,0.76,0.49,0.24,0.09,0.00,0.00,inferred
Trafford,2021-07-04,0.93,0.76,0.49,0.24,0.09,0.00,0.00,inferred
Trafford,2021-07-05,0.93,0.76,0.49,0.24,0.09,0.00,0.00,inferred
Trafford,2021-07-06,0.74,0.58,0.43,0.30,0.20,0.05,0.01,projected
Trafford,2021-07-07,0.74,0.58,0.43,0.30,0.20,0.05,0.01,projected
Trafford,2021-07-08,0.74,0.58,0.43,0.30,0.20,0.05,0.01,projected
Trafford,2021-07-09,0.74,0.58,0.43,0.30,0.20,0.05,0.01,projected
Trafford,2021-07-10,0.74,0.58,0.43,0.30,0.20,0.05,0.01,projected
Trafford,2021-07-11,0.74,0.58,0.43,0.30,0.20,0.05,0.01,projected
Trafford,2021-07-12,0.74,0.58,0.43,0.30,0.20,0.05,0.01,projected
Trafford,2021-07-13,0.69,0.56,0.44,0.33,0.25,0.10,0.02,projected
Trafford,2021-07-14,0.69,0.56,0.44,0.33,0.25,0.10,0.02,projected
Trafford,2021-07-15,0.69,0.56,0.44,0.33,0.25,0.10,0.02,projected
Trafford,2021-07-16,0.69,0.56,0.44,0.33,0.25,0.10,0.02,projected
Trafford,2021-07-17,0.69,0.56,0.44,0.33,0.25,0.10,0.02,projected
Trafford,2021-07-18,0.69,0.56,0.44,0.33,0.25,0.10,0.02,projected
Trafford,2021-07-19,0.69,0.56,0.44,0.33,0.25,0.10,0.02,projected
Trafford,2021-07-20,0.69,0.57,0.46,0.36,0.29,0.13,0.04,projected
Trafford,2021-07-21,0.69,0.57,0.46,0.36,0.29,0.13,0.04,projected
Trafford,2021-07-22,0.69,0.57,0.46,0.36,0.29,0.13,0.04,projected
Trafford,2021-07-23,0.69,0.57,0.46,0.36,0.29,0.13,0.04,projected
Trafford,2021-07-24,0.69,0.57,0.46,0.36,0.29,0.13,0.04,projected
Trafford,2021-07-25,0.69,0.57,0.46,0.36,0.29,0.13,0.04,projected
Trafford,2021-07-26,0.69,0.57,0.46,0.36,0.29,0.13,0.04,projected
Tunbridge Wells,2021-03-23,0.02,0.00,0.00,0.00,0.00,0.00,0.00,inferred
Tunbridge Wells,2021-03-24,0.02,0.00,0.00,0.00,0.00,0.00,0.00,inferred
Tunbridge Wells,2021-03-25,0.02,0.00,0.00,0.00,0.00,0.00,0.00,inferred
Tunbridge Wells,2021-03-26,0.02,0.00,0.00,0.00,0.00,0.00,0.00,inferred
Tunbridge Wells,2021-03-27,0.02,0.00,0.00,0.00,0.00,0.00,0.00,inferred
Tunbridge Wells,2021-03-28,0.02,0.00,0.00,0.00,0.00,0.00,0.00,inferred
Tunbridge Wells,2021-03-29,0.02,0.00,0.00,0.00,0.00,0.00,0.00,inferred
Tunbridge Wells,2021-03-30,0.21,0.10,0.04,0.01,0.00,0.00,0.00,inferred
Tunbridge Wells,2021-03-31,0.21,0.10,0.04,0.01,0.00,0.00,0.00,inferred
Tunbridge Wells,2021-04-01,0.21,0.10,0.04,0.01,0.00,0.00,0.00,inferred
Tunbridge Wells,2021-04-02,0.21,0.10,0.04,0.01,0.00,0.00,0.00,inferred
Tunbridge Wells,2021-04-03,0.21,0.10,0.04,0.01,0.00,0.00,0.00,inferred
Tunbridge Wells,2021-04-04,0.21,0.10,0.04,0.01,0.00,0.00,0.00,inferred
Tunbridge Wells,2021-04-05,0.21,0.10,0.04,0.01,0.00,0.00,0.00,inferred
Tunbridge Wells,2021-04-06,0.97,0.92,0.85,0.72,0.55,0.17,0.01,inferred
Tunbridge Wells,2021-04-07,0.97,0.92,0.85,0.72,0.55,0.17,0.01,inferred
Tunbridge Wells,2021-04-08,0.97,0.92,0.85,0.72,0.55,0.17,0.01,inferred
Tunbridge Wells,2021-04-09,0.97,0.92,0.85,0.72,0.55,0.17,0.01,inferred
Tunbridge Wells,2021-04-10,0.97,0.92,0.85,0.72,0.55,0.17,0.01,inferred
Tunbridge Wells,2021-04-11,0.97,0.92,0.85,0.72,0.55,0.17,0.01,inferred
Tunbridge Wells,2021-04-12,0.97,0.92,0.85,0.72,0.55,0.17,0.01,inferred
Tunbridge Wells,2021-04-13,0.87,0.75,0.57,0.41,0.26,0.03,0.00,inferred
Tunbridge Wells,2021-04-14,0.87,0.75,0.57,0.41,0.26,0.03,0.00,inferred
Tunbridge Wells,2021-04-15,0.87,0.75,0.57,0.41,0.26,0.03,0.00,inferred
Tunbridge Wells,2021-04-16,0.87,0.75,0.57,0.41,0.26,0.03,0.00,inferred
Tunbridge Wells,2021-04-17,0.87,0.75,0.57,0.41,0.26,0.03,0.00,inferred
Tunbridge Wells,2021-04-18,0.87,0.75,0.57,0.41,0.26,0.03,0.00,inferred
Tunbridge Wells,2021-04-19,0.87,0.75,0.57,0.41,0.26,0.03,0.00,inferred
Tunbridge Wells,2021-04-20,0.38,0.20,0.10,0.04,0.01,0.00,0.00,inferred
Tunbridge Wells,2021-04-21,0.38,0.20,0.10,0.04,0.01,0.00,0.00,inferred
Tunbridge Wells,2021-04-22,0.38,0.20,0.10,0.04,0.01,0.00,0.00,inferred
Tunbridge Wells,2021-04-23,0.38,0.20,0.10,0.04,0.01,0.00,0.00,inferred
Tunbridge Wells,2021-04-24,0.38,0.20,0.10,0.04,0.01,0.00,0.00,inferred
Tunbridge Wells,2021-04-25,0.38,0.20,0.10,0.04,0.01,0.00,0.00,inferred
Tunbridge Wells,2021-04-26,0.38,0.20,0.10,0.04,0.01,0.00,0.00,inferred
Tunbridge Wells,2021-04-27,0.39,0.22,0.10,0.04,0.02,0.00,0.00,inferred
Tunbridge Wells,2021-04-28,0.39,0.22,0.10,0.04,0.02,0.00,0.00,inferred
Tunbridge Wells,2021-04-29,0.39,0.22,0.10,0.04,0.02,0.00,0.00,inferred
Tunbridge Wells,2021-04-30,0.39,0.22,0.10,0.04,0.02,0.00,0.00,inferred
Tunbridge Wells,2021-05-01,0.39,0.22,0.10,0.04,0.02,0.00,0.00,inferred
Tunbridge Wells,2021-05-02,0.39,0.22,0.10,0.04,0.02,0.00,0.00,inferred
Tunbridge Wells,2021-05-03,0.39,0.22,0.10,0.04,0.02,0.00,0.00,inferred
Tunbridge Wells,2021-05-04,0.43,0.27,0.16,0.08,0.04,0.00,0.00,inferred
Tunbridge Wells,2021-05-05,0.43,0.27,0.16,0.08,0.04,0.00,0.00,inferred
Tunbridge Wells,2021-05-06,0.43,0.27,0.16,0.08,0.04,0.00,0.00,inferred
Tunbridge Wells,2021-05-07,0.43,0.27,0.16,0.08,0.04,0.00,0.00,inferred
Tunbridge Wells,2021-05-08,0.43,0.27,0.16,0.08,0.04,0.00,0.00,inferred
Tunbridge Wells,2021-05-09,0.43,0.27,0.16,0.08,0.04,0.00,0.00,inferred
Tunbridge Wells,2021-05-10,0.43,0.27,0.16,0.08,0.04,0.00,0.00,inferred
Tunbridge Wells,2021-05-11,0.74,0.58,0.42,0.28,0.18,0.03,0.00,inferred
Tunbridge Wells,2021-05-12,0.74,0.58,0.42,0.28,0.18,0.03,0.00,inferred
Tunbridge Wells,2021-05-13,0.74,0.58,0.42,0.28,0.18,0.03,0.00,inferred
Tunbridge Wells,2021-05-14,0.74,0.58,0.42,0.28,0.18,0.03,0.00,inferred
Tunbridge Wells,2021-05-15,0.74,0.58,0.42,0.28,0.18,0.03,0.00,inferred
Tunbridge Wells,2021-05-16,0.74,0.58,0.42,0.28,0.18,0.03,0.00,inferred
Tunbridge Wells,2021-05-17,0.74,0.58,0.42,0.28,0.18,0.03,0.00,inferred
Tunbridge Wells,2021-05-18,0.92,0.86,0.78,0.68,0.53,0.20,0.01,inferred
Tunbridge Wells,2021-05-19,0.92,0.86,0.78,0.68,0.53,0.20,0.01,inferred
Tunbridge Wells,2021-05-20,0.92,0.86,0.78,0.68,0.53,0.20,0.01,inferred
Tunbridge Wells,2021-05-21,0.92,0.86,0.78,0.68,0.53,0.20,0.01,inferred
Tunbridge Wells,2021-05-22,0.92,0.86,0.78,0.68,0.53,0.20,0.01,inferred
Tunbridge Wells,2021-05-23,0.92,0.86,0.78,0.68,0.53,0.20,0.01,inferred
Tunbridge Wells,2021-05-24,0.92,0.86,0.78,0.68,0.53,0.20,0.01,inferred
Tunbridge Wells,2021-05-25,1.00,1.00,0.99,0.98,0.96,0.79,0.27,inferred
Tunbridge Wells,2021-05-26,1.00,1.00,0.99,0.98,0.96,0.79,0.27,inferred
Tunbridge Wells,2021-05-27,1.00,1.00,0.99,0.98,0.96,0.79,0.27,inferred
Tunbridge Wells,2021-05-28,1.00,1.00,0.99,0.98,0.96,0.79,0.27,inferred
Tunbridge Wells,2021-05-29,1.00,1.00,0.99,0.98,0.96,0.79,0.27,inferred
Tunbridge Wells,2021-05-30,1.00,1.00,0.99,0.98,0.96,0.79,0.27,inferred
Tunbridge Wells,2021-05-31,1.00,1.00,0.99,0.98,0.96,0.79,0.27,inferred
Tunbridge Wells,2021-06-01,1.00,1.00,1.00,0.99,0.98,0.82,0.31,inferred
Tunbridge Wells,2021-06-02,1.00,1.00,1.00,0.99,0.98,0.82,0.31,inferred
Tunbridge Wells,2021-06-03,1.00,1.00,1.00,0.99,0.98,0.82,0.31,inferred
Tunbridge Wells,2021-06-04,1.00,1.00,1.00,0.99,0.98,0.82,0.31,inferred
Tunbridge Wells,2021-06-05,1.00,1.00,1.00,0.99,0.98,0.82,0.31,inferred
Tunbridge Wells,2021-06-06,1.00,1.00,1.00,0.99,0.98,0.82,0.31,inferred
Tunbridge Wells,2021-06-07,1.00,1.00,1.00,0.99,0.98,0.82,0.31,inferred
Tunbridge Wells,2021-06-08,1.00,1.00,1.00,1.00,0.98,0.83,0.23,inferred
Tunbridge Wells,2021-06-09,1.00,1.00,1.00,1.00,0.98,0.83,0.23,inferred
Tunbridge Wells,2021-06-10,1.00,1.00,1.00,1.00,0.98,0.83,0.23,inferred
Tunbridge Wells,2021-06-11,1.00,1.00,1.00,1.00,0.98,0.83,0.23,inferred
Tunbridge Wells,2021-06-12,1.00,1.00,1.00,1.00,0.98,0.83,0.23,inferred
Tunbridge Wells,2021-06-13,1.00,1.00,1.00,1.00,0.98,0.83,0.23,inferred
Tunbridge Wells,2021-06-14,1.00,1.00,1.00,1.00,0.98,0.83,0.23,inferred
Tunbridge Wells,2021-06-15,1.00,1.00,1.00,1.00,1.00,0.99,0.59,inferred
Tunbridge Wells,2021-06-16,1.00,1.00,1.00,1.00,1.00,0.99,0.59,inferred
Tunbridge Wells,2021-06-17,1.00,1.00,1.00,1.00,1.00,0.99,0.59,inferred
Tunbridge Wells,2021-06-18,1.00,1.00,1.00,1.00,1.00,0.99,0.59,inferred
Tunbridge Wells,2021-06-19,1.00,1.00,1.00,1.00,1.00,0.99,0.59,inferred
Tunbridge Wells,2021-06-20,1.00,1.00,1.00,1.00,1.00,0.99,0.59,inferred
Tunbridge Wells,2021-06-21,1.00,1.00,1.00,1.00,1.00,0.99,0.59,inferred
Tunbridge Wells,2021-06-22,1.00,1.00,1.00,1.00,1.00,0.96,0.57,inferred
Tunbridge Wells,2021-06-23,1.00,1.00,1.00,1.00,1.00,0.96,0.57,inferred
Tunbridge Wells,2021-06-24,1.00,1.00,1.00,1.00,1.00,0.96,0.57,inferred
Tunbridge Wells,2021-06-25,1.00,1.00,1.00,1.00,1.00,0.96,0.57,inferred
Tunbridge Wells,2021-06-26,1.00,1.00,1.00,1.00,1.00,0.96,0.57,inferred
Tunbridge Wells,2021-06-27,1.00,1.00,1.00,1.00,1.00,0.96,0.57,inferred
Tunbridge Wells,2021-06-28,1.00,1.00,1.00,1.00,1.00,0.96,0.57,inferred
Tunbridge Wells,2021-06-29,1.00,1.00,0.99,0.95,0.87,0.50,0.06,inferred
Tunbridge Wells,2021-06-30,1.00,1.00,0.99,0.95,0.87,0.50,0.06,inferred
Tunbridge Wells,2021-07-01,1.00,1.00,0.99,0.95,0.87,0.50,0.06,inferred
Tunbridge Wells,2021-07-02,1.00,1.00,0.99,0.95,0.87,0.50,0.06,inferred
Tunbridge Wells,2021-07-03,1.00,1.00,0.99,0.95,0.87,0.50,0.06,inferred
Tunbridge Wells,2021-07-04,1.00,1.00,0.99,0.95,0.87,0.50,0.06,inferred
Tunbridge Wells,2021-07-05,1.00,1.00,0.99,0.95,0.87,0.50,0.06,inferred
Tunbridge Wells,2021-07-06,0.99,0.98,0.93,0.87,0.79,0.47,0.14,projected
Tunbridge Wells,2021-07-07,0.99,0.98,0.93,0.87,0.79,0.47,0.14,projected
Tunbridge Wells,2021-07-08,0.99,0.98,0.93,0.87,0.79,0.47,0.14,projected
Tunbridge Wells,2021-07-09,0.99,0.98,0.93,0.87,0.79,0.47,0.14,projected
Tunbridge Wells,2021-07-10,0.99,0.98,0.93,0.87,0.79,0.47,0.14,projected
Tunbridge Wells,2021-07-11,0.99,0.98,0.93,0.87,0.79,0.47,0.14,projected
Tunbridge Wells,2021-07-12,0.99,0.98,0.93,0.87,0.79,0.47,0.14,projected
Tunbridge Wells,2021-07-13,0.98,0.96,0.92,0.84,0.76,0.47,0.17,projected
Tunbridge Wells,2021-07-14,0.98,0.96,0.92,0.84,0.76,0.47,0.17,projected
Tunbridge Wells,2021-07-15,0.98,0.96,0.92,0.84,0.76,0.47,0.17,projected
Tunbridge Wells,2021-07-16,0.98,0.96,0.92,0.84,0.76,0.47,0.17,projected
Tunbridge Wells,2021-07-17,0.98,0.96,0.92,0.84,0.76,0.47,0.17,projected
Tunbridge Wells,2021-07-18,0.98,0.96,0.92,0.84,0.76,0.47,0.17,projected
Tunbridge Wells,2021-07-19,0.98,0.96,0.92,0.84,0.76,0.47,0.17,projected
Tunbridge Wells,2021-07-20,0.97,0.94,0.90,0.83,0.75,0.49,0.19,projected
Tunbridge Wells,2021-07-21,0.97,0.94,0.90,0.83,0.75,0.49,0.19,projected
Tunbridge Wells,2021-07-22,0.97,0.94,0.90,0.83,0.75,0.49,0.19,projected
Tunbridge Wells,2021-07-23,0.97,0.94,0.90,0.83,0.75,0.49,0.19,projected
Tunbridge Wells,2021-07-24,0.97,0.94,0.90,0.83,0.75,0.49,0.19,projected
Tunbridge Wells,2021-07-25,0.97,0.94,0.90,0.83,0.75,0.49,0.19,projected
Tunbridge Wells,2021-07-26,0.97,0.94,0.90,0.83,0.75,0.49,0.19,projected
Uttlesford,2021-03-23,0.04,0.01,0.00,0.00,0.00,0.00,0.00,inferred
Uttlesford,2021-03-24,0.04,0.01,0.00,0.00,0.00,0.00,0.00,inferred
Uttlesford,2021-03-25,0.04,0.01,0.00,0.00,0.00,0.00,0.00,inferred
Uttlesford,2021-03-26,0.04,0.01,0.00,0.00,0.00,0.00,0.00,inferred
Uttlesford,2021-03-27,0.04,0.01,0.00,0.00,0.00,0.00,0.00,inferred
Uttlesford,2021-03-28,0.04,0.01,0.00,0.00,0.00,0.00,0.00,inferred
Uttlesford,2021-03-29,0.04,0.01,0.00,0.00,0.00,0.00,0.00,inferred
Uttlesford,2021-03-30,0.53,0.35,0.19,0.10,0.05,0.00,0.00,inferred
Uttlesford,2021-03-31,0.53,0.35,0.19,0.10,0.05,0.00,0.00,inferred
Uttlesford,2021-04-01,0.53,0.35,0.19,0.10,0.05,0.00,0.00,inferred
Uttlesford,2021-04-02,0.53,0.35,0.19,0.10,0.05,0.00,0.00,inferred
Uttlesford,2021-04-03,0.53,0.35,0.19,0.10,0.05,0.00,0.00,inferred
Uttlesford,2021-04-04,0.53,0.35,0.19,0.10,0.05,0.00,0.00,inferred
Uttlesford,2021-04-05,0.53,0.35,0.19,0.10,0.05,0.00,0.00,inferred
Uttlesford,2021-04-06,0.89,0.79,0.66,0.52,0.39,0.09,0.00,inferred
Uttlesford,2021-04-07,0.89,0.79,0.66,0.52,0.39,0.09,0.00,inferred
Uttlesford,2021-04-08,0.89,0.79,0.66,0.52,0.39,0.09,0.00,inferred
Uttlesford,2021-04-09,0.89,0.79,0.66,0.52,0.39,0.09,0.00,inferred
Uttlesford,2021-04-10,0.89,0.79,0.66,0.52,0.39,0.09,0.00,inferred
Uttlesford,2021-04-11,0.89,0.79,0.66,0.52,0.39,0.09,0.00,inferred
Uttlesford,2021-04-12,0.89,0.79,0.66,0.52,0.39,0.09,0.00,inferred
Uttlesford,2021-04-13,0.94,0.86,0.76,0.62,0.46,0.14,0.01,inferred
Uttlesford,2021-04-14,0.94,0.86,0.76,0.62,0.46,0.14,0.01,inferred
Uttlesford,2021-04-15,0.94,0.86,0.76,0.62,0.46,0.14,0.01,inferred
Uttlesford,2021-04-16,0.94,0.86,0.76,0.62,0.46,0.14,0.01,inferred
Uttlesford,2021-04-17,0.94,0.86,0.76,0.62,0.46,0.14,0.01,inferred
Uttlesford,2021-04-18,0.94,0.86,0.76,0.62,0.46,0.14,0.01,inferred
Uttlesford,2021-04-19,0.94,0.86,0.76,0.62,0.46,0.14,0.01,inferred
Uttlesford,2021-04-20,0.86,0.75,0.60,0.42,0.30,0.06,0.00,inferred
Uttlesford,2021-04-21,0.86,0.75,0.60,0.42,0.30,0.06,0.00,inferred
Uttlesford,2021-04-22,0.86,0.75,0.60,0.42,0.30,0.06,0.00,inferred
Uttlesford,2021-04-23,0.86,0.75,0.60,0.42,0.30,0.06,0.00,inferred
Uttlesford,2021-04-24,0.86,0.75,0.60,0.42,0.30,0.06,0.00,inferred
Uttlesford,2021-04-25,0.86,0.75,0.60,0.42,0.30,0.06,0.00,inferred
Uttlesford,2021-04-26,0.86,0.75,0.60,0.42,0.30,0.06,0.00,inferred
Uttlesford,2021-04-27,0.96,0.89,0.78,0.64,0.47,0.11,0.00,inferred
Uttlesford,2021-04-28,0.96,0.89,0.78,0.64,0.47,0.11,0.00,inferred
Uttlesford,2021-04-29,0.96,0.89,0.78,0.64,0.47,0.11,0.00,inferred
Uttlesford,2021-04-30,0.96,0.89,0.78,0.64,0.47,0.11,0.00,inferred
Uttlesford,2021-05-01,0.96,0.89,0.78,0.64,0.47,0.11,0.00,inferred
Uttlesford,2021-05-02,0.96,0.89,0.78,0.64,0.47,0.11,0.00,inferred
Uttlesford,2021-05-03,0.96,0.89,0.78,0.64,0.47,0.11,0.00,inferred
Uttlesford,2021-05-04,0.51,0.31,0.18,0.09,0.04,0.00,0.00,inferred
Uttlesford,2021-05-05,0.51,0.31,0.18,0.09,0.04,0.00,0.00,inferred
Uttlesford,2021-05-06,0.51,0.31,0.18,0.09,0.04,0.00,0.00,inferred
Uttlesford,2021-05-07,0.51,0.31,0.18,0.09,0.04,0.00,0.00,inferred
Uttlesford,2021-05-08,0.51,0.31,0.18,0.09,0.04,0.00,0.00,inferred
Uttlesford,2021-05-09,0.51,0.31,0.18,0.09,0.04,0.00,0.00,inferred
Uttlesford,2021-05-10,0.51,0.31,0.18,0.09,0.04,0.00,0.00,inferred
Uttlesford,2021-05-11,0.67,0.48,0.32,0.18,0.09,0.01,0.00,inferred
Uttlesford,2021-05-12,0.67,0.48,0.32,0.18,0.09,0.01,0.00,inferred
Uttlesford,2021-05-13,0.67,0.48,0.32,0.18,0.09,0.01,0.00,inferred
Uttlesford,2021-05-14,0.67,0.48,0.32,0.18,0.09,0.01,0.00,inferred
Uttlesford,2021-05-15,0.67,0.48,0.32,0.18,0.09,0.01,0.00,inferred
Uttlesford,2021-05-16,0.67,0.48,0.32,0.18,0.09,0.01,0.00,inferred
Uttlesford,2021-05-17,0.67,0.48,0.32,0.18,0.09,0.01,0.00,inferred
Uttlesford,2021-05-18,0.88,0.76,0.63,0.45,0.29,0.06,0.00,inferred
Uttlesford,2021-05-19,0.88,0.76,0.63,0.45,0.29,0.06,0.00,inferred
Uttlesford,2021-05-20,0.88,0.76,0.63,0.45,0.29,0.06,0.00,inferred
Uttlesford,2021-05-21,0.88,0.76,0.63,0.45,0.29,0.06,0.00,inferred
Uttlesford,2021-05-22,0.88,0.76,0.63,0.45,0.29,0.06,0.00,inferred
Uttlesford,2021-05-23,0.88,0.76,0.63,0.45,0.29,0.06,0.00,inferred
Uttlesford,2021-05-24,0.88,0.76,0.63,0.45,0.29,0.06,0.00,inferred
Uttlesford,2021-05-25,0.99,0.98,0.94,0.88,0.78,0.41,0.04,inferred
Uttlesford,2021-05-26,0.99,0.98,0.94,0.88,0.78,0.41,0.04,inferred
Uttlesford,2021-05-27,0.99,0.98,0.94,0.88,0.78,0.41,0.04,inferred
Uttlesford,2021-05-28,0.99,0.98,0.94,0.88,0.78,0.41,0.04,inferred
Uttlesford,2021-05-29,0.99,0.98,0.94,0.88,0.78,0.41,0.04,inferred
Uttlesford,2021-05-30,0.99,0.98,0.94,0.88,0.78,0.41,0.04,inferred
Uttlesford,2021-05-31,0.99,0.98,0.94,0.88,0.78,0.41,0.04,inferred
Uttlesford,2021-06-01,1.00,1.00,0.99,0.97,0.93,0.65,0.15,inferred
Uttlesford,2021-06-02,1.00,1.00,0.99,0.97,0.93,0.65,0.15,inferred
Uttlesford,2021-06-03,1.00,1.00,0.99,0.97,0.93,0.65,0.15,inferred
Uttlesford,2021-06-04,1.00,1.00,0.99,0.97,0.93,0.65,0.15,inferred
Uttlesford,2021-06-05,1.00,1.00,0.99,0.97,0.93,0.65,0.15,inferred
Uttlesford,2021-06-06,1.00,1.00,0.99,0.97,0.93,0.65,0.15,inferred
Uttlesford,2021-06-07,1.00,1.00,0.99,0.97,0.93,0.65,0.15,inferred
Uttlesford,2021-06-08,1.00,0.99,0.98,0.94,0.88,0.50,0.06,inferred
Uttlesford,2021-06-09,1.00,0.99,0.98,0.94,0.88,0.50,0.06,inferred
Uttlesford,2021-06-10,1.00,0.99,0.98,0.94,0.88,0.50,0.06,inferred
Uttlesford,2021-06-11,1.00,0.99,0.98,0.94,0.88,0.50,0.06,inferred
Uttlesford,2021-06-12,1.00,0.99,0.98,0.94,0.88,0.50,0.06,inferred
Uttlesford,2021-06-13,1.00,0.99,0.98,0.94,0.88,0.50,0.06,inferred
Uttlesford,2021-06-14,1.00,0.99,0.98,0.94,0.88,0.50,0.06,inferred
Uttlesford,2021-06-15,1.00,1.00,1.00,1.00,1.00,1.00,0.92,inferred
Uttlesford,2021-06-16,1.00,1.00,1.00,1.00,1.00,1.00,0.92,inferred
Uttlesford,2021-06-17,1.00,1.00,1.00,1.00,1.00,1.00,0.92,inferred
Uttlesford,2021-06-18,1.00,1.00,1.00,1.00,1.00,1.00,0.92,inferred
Uttlesford,2021-06-19,1.00,1.00,1.00,1.00,1.00,1.00,0.92,inferred
Uttlesford,2021-06-20,1.00,1.00,1.00,1.00,1.00,1.00,0.92,inferred
Uttlesford,2021-06-21,1.00,1.00,1.00,1.00,1.00,1.00,0.92,inferred
Uttlesford,2021-06-22,1.00,1.00,1.00,1.00,1.00,0.94,0.53,inferred
Uttlesford,2021-06-23,1.00,1.00,1.00,1.00,1.00,0.94,0.53,inferred
Uttlesford,2021-06-24,1.00,1.00,1.00,1.00,1.00,0.94,0.53,inferred
Uttlesford,2021-06-25,1.00,1.00,1.00,1.00,1.00,0.94,0.53,inferred
Uttlesford,2021-06-26,1.00,1.00,1.00,1.00,1.00,0.94,0.53,inferred
Uttlesford,2021-06-27,1.00,1.00,1.00,1.00,1.00,0.94,0.53,inferred
Uttlesford,2021-06-28,1.00,1.00,1.00,1.00,1.00,0.94,0.53,inferred
Uttlesford,2021-06-29,1.00,1.00,1.00,0.98,0.94,0.69,0.16,inferred
Uttlesford,2021-06-30,1.00,1.00,1.00,0.98,0.94,0.69,0.16,inferred
Uttlesford,2021-07-01,1.00,1.00,1.00,0.98,0.94,0.69,0.16,inferred
Uttlesford,2021-07-02,1.00,1.00,1.00,0.98,0.94,0.69,0.16,inferred
Uttlesford,2021-07-03,1.00,1.00,1.00,0.98,0.94,0.69,0.16,inferred
Uttlesford,2021-07-04,1.00,1.00,1.00,0.98,0.94,0.69,0.16,inferred
Uttlesford,2021-07-05,1.00,1.00,1.00,0.98,0.94,0.69,0.16,inferred
Uttlesford,2021-07-06,1.00,0.99,0.96,0.91,0.85,0.59,0.20,projected
Uttlesford,2021-07-07,1.00,0.99,0.96,0.91,0.85,0.59,0.20,projected
Uttlesford,2021-07-08,1.00,0.99,0.96,0.91,0.85,0.59,0.20,projected
Uttlesford,2021-07-09,1.00,0.99,0.96,0.91,0.85,0.59,0.20,projected
Uttlesford,2021-07-10,1.00,0.99,0.96,0.91,0.85,0.59,0.20,projected
Uttlesford,2021-07-11,1.00,0.99,0.96,0.91,0.85,0.59,0.20,projected
Uttlesford,2021-07-12,1.00,0.99,0.96,0.91,0.85,0.59,0.20,projected
Uttlesford,2021-07-13,0.99,0.97,0.95,0.90,0.83,0.57,0.20,projected
Uttlesford,2021-07-14,0.99,0.97,0.95,0.90,0.83,0.57,0.20,projected
Uttlesford,2021-07-15,0.99,0.97,0.95,0.90,0.83,0.57,0.20,projected
Uttlesford,2021-07-16,0.99,0.97,0.95,0.90,0.83,0.57,0.20,projected
Uttlesford,2021-07-17,0.99,0.97,0.95,0.90,0.83,0.57,0.20,projected
Uttlesford,2021-07-18,0.99,0.97,0.95,0.90,0.83,0.57,0.20,projected
Uttlesford,2021-07-19,0.99,0.97,0.95,0.90,0.83,0.57,0.20,projected
Uttlesford,2021-07-20,0.99,0.97,0.93,0.88,0.82,0.54,0.20,projected
Uttlesford,2021-07-21,0.99,0.97,0.93,0.88,0.82,0.54,0.20,projected
Uttlesford,2021-07-22,0.99,0.97,0.93,0.88,0.82,0.54,0.20,projected
Uttlesford,2021-07-23,0.99,0.97,0.93,0.88,0.82,0.54,0.20,projected
Uttlesford,2021-07-24,0.99,0.97,0.93,0.88,0.82,0.54,0.20,projected
Uttlesford,2021-07-25,0.99,0.97,0.93,0.88,0.82,0.54,0.20,projected
Uttlesford,2021-07-26,0.99,0.97,0.93,0.88,0.82,0.54,0.20,projected
Vale of Glamorgan,2021-03-23,0.30,0.11,0.03,0.01,0.00,0.00,0.00,inferred
Vale of Glamorgan,2021-03-24,0.30,0.11,0.03,0.01,0.00,0.00,0.00,inferred
Vale of Glamorgan,2021-03-25,0.30,0.11,0.03,0.01,0.00,0.00,0.00,inferred
Vale of Glamorgan,2021-03-26,0.30,0.11,0.03,0.01,0.00,0.00,0.00,inferred
Vale of Glamorgan,2021-03-27,0.30,0.11,0.03,0.01,0.00,0.00,0.00,inferred
Vale of Glamorgan,2021-03-28,0.30,0.11,0.03,0.01,0.00,0.00,0.00,inferred
Vale of Glamorgan,2021-03-29,0.30,0.11,0.03,0.01,0.00,0.00,0.00,inferred
Vale of Glamorgan,2021-03-30,0.47,0.28,0.14,0.06,0.02,0.00,0.00,inferred
Vale of Glamorgan,2021-03-31,0.47,0.28,0.14,0.06,0.02,0.00,0.00,inferred
Vale of Glamorgan,2021-04-01,0.47,0.28,0.14,0.06,0.02,0.00,0.00,inferred
Vale of Glamorgan,2021-04-02,0.47,0.28,0.14,0.06,0.02,0.00,0.00,inferred
Vale of Glamorgan,2021-04-03,0.47,0.28,0.14,0.06,0.02,0.00,0.00,inferred
Vale of Glamorgan,2021-04-04,0.47,0.28,0.14,0.06,0.02,0.00,0.00,inferred
Vale of Glamorgan,2021-04-05,0.47,0.28,0.14,0.06,0.02,0.00,0.00,inferred
Vale of Glamorgan,2021-04-06,0.29,0.13,0.06,0.02,0.01,0.00,0.00,inferred
Vale of Glamorgan,2021-04-07,0.29,0.13,0.06,0.02,0.01,0.00,0.00,inferred
Vale of Glamorgan,2021-04-08,0.29,0.13,0.06,0.02,0.01,0.00,0.00,inferred
Vale of Glamorgan,2021-04-09,0.29,0.13,0.06,0.02,0.01,0.00,0.00,inferred
Vale of Glamorgan,2021-04-10,0.29,0.13,0.06,0.02,0.01,0.00,0.00,inferred
Vale of Glamorgan,2021-04-11,0.29,0.13,0.06,0.02,0.01,0.00,0.00,inferred
Vale of Glamorgan,2021-04-12,0.29,0.13,0.06,0.02,0.01,0.00,0.00,inferred
Vale of Glamorgan,2021-04-13,0.36,0.20,0.10,0.05,0.02,0.00,0.00,inferred
Vale of Glamorgan,2021-04-14,0.36,0.20,0.10,0.05,0.02,0.00,0.00,inferred
Vale of Glamorgan,2021-04-15,0.36,0.20,0.10,0.05,0.02,0.00,0.00,inferred
Vale of Glamorgan,2021-04-16,0.36,0.20,0.10,0.05,0.02,0.00,0.00,inferred
Vale of Glamorgan,2021-04-17,0.36,0.20,0.10,0.05,0.02,0.00,0.00,inferred
Vale of Glamorgan,2021-04-18,0.36,0.20,0.10,0.05,0.02,0.00,0.00,inferred
Vale of Glamorgan,2021-04-19,0.36,0.20,0.10,0.05,0.02,0.00,0.00,inferred
Vale of Glamorgan,2021-04-20,0.60,0.44,0.30,0.18,0.10,0.01,0.00,inferred
Vale of Glamorgan,2021-04-21,0.60,0.44,0.30,0.18,0.10,0.01,0.00,inferred
Vale of Glamorgan,2021-04-22,0.60,0.44,0.30,0.18,0.10,0.01,0.00,inferred
Vale of Glamorgan,2021-04-23,0.60,0.44,0.30,0.18,0.10,0.01,0.00,inferred
Vale of Glamorgan,2021-04-24,0.60,0.44,0.30,0.18,0.10,0.01,0.00,inferred
Vale of Glamorgan,2021-04-25,0.60,0.44,0.30,0.18,0.10,0.01,0.00,inferred
Vale of Glamorgan,2021-04-26,0.60,0.44,0.30,0.18,0.10,0.01,0.00,inferred
Vale of Glamorgan,2021-04-27,0.82,0.69,0.54,0.39,0.27,0.06,0.00,inferred
Vale of Glamorgan,2021-04-28,0.82,0.69,0.54,0.39,0.27,0.06,0.00,inferred
Vale of Glamorgan,2021-04-29,0.82,0.69,0.54,0.39,0.27,0.06,0.00,inferred
Vale of Glamorgan,2021-04-30,0.82,0.69,0.54,0.39,0.27,0.06,0.00,inferred
Vale of Glamorgan,2021-05-01,0.82,0.69,0.54,0.39,0.27,0.06,0.00,inferred
Vale of Glamorgan,2021-05-02,0.82,0.69,0.54,0.39,0.27,0.06,0.00,inferred
Vale of Glamorgan,2021-05-03,0.82,0.69,0.54,0.39,0.27,0.06,0.00,inferred
Vale of Glamorgan,2021-05-04,0.85,0.73,0.59,0.44,0.32,0.09,0.00,inferred
Vale of Glamorgan,2021-05-05,0.85,0.73,0.59,0.44,0.32,0.09,0.00,inferred
Vale of Glamorgan,2021-05-06,0.85,0.73,0.59,0.44,0.32,0.09,0.00,inferred
Vale of Glamorgan,2021-05-07,0.85,0.73,0.59,0.44,0.32,0.09,0.00,inferred
Vale of Glamorgan,2021-05-08,0.85,0.73,0.59,0.44,0.32,0.09,0.00,inferred
Vale of Glamorgan,2021-05-09,0.85,0.73,0.59,0.44,0.32,0.09,0.00,inferred
Vale of Glamorgan,2021-05-10,0.85,0.73,0.59,0.44,0.32,0.09,0.00,inferred
Vale of Glamorgan,2021-05-11,0.72,0.56,0.39,0.26,0.16,0.03,0.00,inferred
Vale of Glamorgan,2021-05-12,0.72,0.56,0.39,0.26,0.16,0.03,0.00,inferred
Vale of Glamorgan,2021-05-13,0.72,0.56,0.39,0.26,0.16,0.03,0.00,inferred
Vale of Glamorgan,2021-05-14,0.72,0.56,0.39,0.26,0.16,0.03,0.00,inferred
Vale of Glamorgan,2021-05-15,0.72,0.56,0.39,0.26,0.16,0.03,0.00,inferred
Vale of Glamorgan,2021-05-16,0.72,0.56,0.39,0.26,0.16,0.03,0.00,inferred
Vale of Glamorgan,2021-05-17,0.72,0.56,0.39,0.26,0.16,0.03,0.00,inferred
Vale of Glamorgan,2021-05-18,0.60,0.41,0.28,0.17,0.10,0.02,0.00,inferred
Vale of Glamorgan,2021-05-19,0.60,0.41,0.28,0.17,0.10,0.02,0.00,inferred
Vale of Glamorgan,2021-05-20,0.60,0.41,0.28,0.17,0.10,0.02,0.00,inferred
Vale of Glamorgan,2021-05-21,0.60,0.41,0.28,0.17,0.10,0.02,0.00,inferred
Vale of Glamorgan,2021-05-22,0.60,0.41,0.28,0.17,0.10,0.02,0.00,inferred
Vale of Glamorgan,2021-05-23,0.60,0.41,0.28,0.17,0.10,0.02,0.00,inferred
Vale of Glamorgan,2021-05-24,0.60,0.41,0.28,0.17,0.10,0.02,0.00,inferred
Vale of Glamorgan,2021-05-25,0.99,0.98,0.96,0.93,0.87,0.60,0.16,inferred
Vale of Glamorgan,2021-05-26,0.99,0.98,0.96,0.93,0.87,0.60,0.16,inferred
Vale of Glamorgan,2021-05-27,0.99,0.98,0.96,0.93,0.87,0.60,0.16,inferred
Vale of Glamorgan,2021-05-28,0.99,0.98,0.96,0.93,0.87,0.60,0.16,inferred
Vale of Glamorgan,2021-05-29,0.99,0.98,0.96,0.93,0.87,0.60,0.16,inferred
Vale of Glamorgan,2021-05-30,0.99,0.98,0.96,0.93,0.87,0.60,0.16,inferred
Vale of Glamorgan,2021-05-31,0.99,0.98,0.96,0.93,0.87,0.60,0.16,inferred
Vale of Glamorgan,2021-06-01,1.00,1.00,1.00,1.00,1.00,0.96,0.66,inferred
Vale of Glamorgan,2021-06-02,1.00,1.00,1.00,1.00,1.00,0.96,0.66,inferred
Vale of Glamorgan,2021-06-03,1.00,1.00,1.00,1.00,1.00,0.96,0.66,inferred
Vale of Glamorgan,2021-06-04,1.00,1.00,1.00,1.00,1.00,0.96,0.66,inferred
Vale of Glamorgan,2021-06-05,1.00,1.00,1.00,1.00,1.00,0.96,0.66,inferred
Vale of Glamorgan,2021-06-06,1.00,1.00,1.00,1.00,1.00,0.96,0.66,inferred
Vale of Glamorgan,2021-06-07,1.00,1.00,1.00,1.00,1.00,0.96,0.66,inferred
Vale of Glamorgan,2021-06-08,1.00,1.00,1.00,1.00,0.99,0.91,0.47,inferred
Vale of Glamorgan,2021-06-09,1.00,1.00,1.00,1.00,0.99,0.91,0.47,inferred
Vale of Glamorgan,2021-06-10,1.00,1.00,1.00,1.00,0.99,0.91,0.47,inferred
Vale of Glamorgan,2021-06-11,1.00,1.00,1.00,1.00,0.99,0.91,0.47,inferred
Vale of Glamorgan,2021-06-12,1.00,1.00,1.00,1.00,0.99,0.91,0.47,inferred
Vale of Glamorgan,2021-06-13,1.00,1.00,1.00,1.00,0.99,0.91,0.47,inferred
Vale of Glamorgan,2021-06-14,1.00,1.00,1.00,1.00,0.99,0.91,0.47,inferred
Vale of Glamorgan,2021-06-15,1.00,1.00,1.00,1.00,0.99,0.82,0.23,inferred
Vale of Glamorgan,2021-06-16,1.00,1.00,1.00,1.00,0.99,0.82,0.23,inferred
Vale of Glamorgan,2021-06-17,1.00,1.00,1.00,1.00,0.99,0.82,0.23,inferred
Vale of Glamorgan,2021-06-18,1.00,1.00,1.00,1.00,0.99,0.82,0.23,inferred
Vale of Glamorgan,2021-06-19,1.00,1.00,1.00,1.00,0.99,0.82,0.23,inferred
Vale of Glamorgan,2021-06-20,1.00,1.00,1.00,1.00,0.99,0.82,0.23,inferred
Vale of Glamorgan,2021-06-21,1.00,1.00,1.00,1.00,0.99,0.82,0.23,inferred
Vale of Glamorgan,2021-06-22,1.00,1.00,1.00,0.99,0.97,0.64,0.08,inferred
Vale of Glamorgan,2021-06-23,1.00,1.00,1.00,0.99,0.97,0.64,0.08,inferred
Vale of Glamorgan,2021-06-24,1.00,1.00,1.00,0.99,0.97,0.64,0.08,inferred
Vale of Glamorgan,2021-06-25,1.00,1.00,1.00,0.99,0.97,0.64,0.08,inferred
Vale of Glamorgan,2021-06-26,1.00,1.00,1.00,0.99,0.97,0.64,0.08,inferred
Vale of Glamorgan,2021-06-27,1.00,1.00,1.00,0.99,0.97,0.64,0.08,inferred
Vale of Glamorgan,2021-06-28,1.00,1.00,1.00,0.99,0.97,0.64,0.08,inferred
Vale of Glamorgan,2021-06-29,0.99,0.95,0.88,0.77,0.65,0.29,0.03,inferred
Vale of Glamorgan,2021-06-30,0.99,0.95,0.88,0.77,0.65,0.29,0.03,inferred
Vale of Glamorgan,2021-07-01,0.99,0.95,0.88,0.77,0.65,0.29,0.03,inferred
Vale of Glamorgan,2021-07-02,0.99,0.95,0.88,0.77,0.65,0.29,0.03,inferred
Vale of Glamorgan,2021-07-03,0.99,0.95,0.88,0.77,0.65,0.29,0.03,inferred
Vale of Glamorgan,2021-07-04,0.99,0.95,0.88,0.77,0.65,0.29,0.03,inferred
Vale of Glamorgan,2021-07-05,0.99,0.95,0.88,0.77,0.65,0.29,0.03,inferred
Vale of Glamorgan,2021-07-06,0.93,0.87,0.80,0.69,0.61,0.35,0.10,projected
Vale of Glamorgan,2021-07-07,0.93,0.87,0.80,0.69,0.61,0.35,0.10,projected
Vale of Glamorgan,2021-07-08,0.93,0.87,0.80,0.69,0.61,0.35,0.10,projected
Vale of Glamorgan,2021-07-09,0.93,0.87,0.80,0.69,0.61,0.35,0.10,projected
Vale of Glamorgan,2021-07-10,0.93,0.87,0.80,0.69,0.61,0.35,0.10,projected
Vale of Glamorgan,2021-07-11,0.93,0.87,0.80,0.69,0.61,0.35,0.10,projected
Vale of Glamorgan,2021-07-12,0.93,0.87,0.80,0.69,0.61,0.35,0.10,projected
Vale of Glamorgan,2021-07-13,0.90,0.83,0.75,0.67,0.58,0.35,0.14,projected
Vale of Glamorgan,2021-07-14,0.90,0.83,0.75,0.67,0.58,0.35,0.14,projected
Vale of Glamorgan,2021-07-15,0.90,0.83,0.75,0.67,0.58,0.35,0.14,projected
Vale of Glamorgan,2021-07-16,0.90,0.83,0.75,0.67,0.58,0.35,0.14,projected
Vale of Glamorgan,2021-07-17,0.90,0.83,0.75,0.67,0.58,0.35,0.14,projected
Vale of Glamorgan,2021-07-18,0.90,0.83,0.75,0.67,0.58,0.35,0.14,projected
Vale of Glamorgan,2021-07-19,0.90,0.83,0.75,0.67,0.58,0.35,0.14,projected
Vale of Glamorgan,2021-07-20,0.91,0.86,0.79,0.71,0.64,0.41,0.19,projected
Vale of Glamorgan,2021-07-21,0.91,0.86,0.79,0.71,0.64,0.41,0.19,projected
Vale of Glamorgan,2021-07-22,0.91,0.86,0.79,0.71,0.64,0.41,0.19,projected
Vale of Glamorgan,2021-07-23,0.91,0.86,0.79,0.71,0.64,0.41,0.19,projected
Vale of Glamorgan,2021-07-24,0.91,0.86,0.79,0.71,0.64,0.41,0.19,projected
Vale of Glamorgan,2021-07-25,0.91,0.86,0.79,0.71,0.64,0.41,0.19,projected
Vale of Glamorgan,2021-07-26,0.91,0.86,0.79,0.71,0.64,0.41,0.19,projected
Vale of White Horse,2021-03-23,0.17,0.06,0.02,0.00,0.00,0.00,0.00,inferred
Vale of White Horse,2021-03-24,0.17,0.06,0.02,0.00,0.00,0.00,0.00,inferred
Vale of White Horse,2021-03-25,0.17,0.06,0.02,0.00,0.00,0.00,0.00,inferred
Vale of White Horse,2021-03-26,0.17,0.06,0.02,0.00,0.00,0.00,0.00,inferred
Vale of White Horse,2021-03-27,0.17,0.06,0.02,0.00,0.00,0.00,0.00,inferred
Vale of White Horse,2021-03-28,0.17,0.06,0.02,0.00,0.00,0.00,0.00,inferred
Vale of White Horse,2021-03-29,0.17,0.06,0.02,0.00,0.00,0.00,0.00,inferred
Vale of White Horse,2021-03-30,0.47,0.25,0.11,0.04,0.01,0.00,0.00,inferred
Vale of White Horse,2021-03-31,0.47,0.25,0.11,0.04,0.01,0.00,0.00,inferred
Vale of White Horse,2021-04-01,0.47,0.25,0.11,0.04,0.01,0.00,0.00,inferred
Vale of White Horse,2021-04-02,0.47,0.25,0.11,0.04,0.01,0.00,0.00,inferred
Vale of White Horse,2021-04-03,0.47,0.25,0.11,0.04,0.01,0.00,0.00,inferred
Vale of White Horse,2021-04-04,0.47,0.25,0.11,0.04,0.01,0.00,0.00,inferred
Vale of White Horse,2021-04-05,0.47,0.25,0.11,0.04,0.01,0.00,0.00,inferred
Vale of White Horse,2021-04-06,0.65,0.44,0.26,0.12,0.05,0.00,0.00,inferred
Vale of White Horse,2021-04-07,0.65,0.44,0.26,0.12,0.05,0.00,0.00,inferred
Vale of White Horse,2021-04-08,0.65,0.44,0.26,0.12,0.05,0.00,0.00,inferred
Vale of White Horse,2021-04-09,0.65,0.44,0.26,0.12,0.05,0.00,0.00,inferred
Vale of White Horse,2021-04-10,0.65,0.44,0.26,0.12,0.05,0.00,0.00,inferred
Vale of White Horse,2021-04-11,0.65,0.44,0.26,0.12,0.05,0.00,0.00,inferred
Vale of White Horse,2021-04-12,0.65,0.44,0.26,0.12,0.05,0.00,0.00,inferred
Vale of White Horse,2021-04-13,0.62,0.37,0.19,0.08,0.03,0.00,0.00,inferred
Vale of White Horse,2021-04-14,0.62,0.37,0.19,0.08,0.03,0.00,0.00,inferred
Vale of White Horse,2021-04-15,0.62,0.37,0.19,0.08,0.03,0.00,0.00,inferred
Vale of White Horse,2021-04-16,0.62,0.37,0.19,0.08,0.03,0.00,0.00,inferred
Vale of White Horse,2021-04-17,0.62,0.37,0.19,0.08,0.03,0.00,0.00,inferred
Vale of White Horse,2021-04-18,0.62,0.37,0.19,0.08,0.03,0.00,0.00,inferred
Vale of White Horse,2021-04-19,0.62,0.37,0.19,0.08,0.03,0.00,0.00,inferred
Vale of White Horse,2021-04-20,0.52,0.31,0.16,0.07,0.03,0.00,0.00,inferred
Vale of White Horse,2021-04-21,0.52,0.31,0.16,0.07,0.03,0.00,0.00,inferred
Vale of White Horse,2021-04-22,0.52,0.31,0.16,0.07,0.03,0.00,0.00,inferred
Vale of White Horse,2021-04-23,0.52,0.31,0.16,0.07,0.03,0.00,0.00,inferred
Vale of White Horse,2021-04-24,0.52,0.31,0.16,0.07,0.03,0.00,0.00,inferred
Vale of White Horse,2021-04-25,0.52,0.31,0.16,0.07,0.03,0.00,0.00,inferred
Vale of White Horse,2021-04-26,0.52,0.31,0.16,0.07,0.03,0.00,0.00,inferred
Vale of White Horse,2021-04-27,0.42,0.24,0.14,0.06,0.02,0.00,0.00,inferred
Vale of White Horse,2021-04-28,0.42,0.24,0.14,0.06,0.02,0.00,0.00,inferred
Vale of White Horse,2021-04-29,0.42,0.24,0.14,0.06,0.02,0.00,0.00,inferred
Vale of White Horse,2021-04-30,0.42,0.24,0.14,0.06,0.02,0.00,0.00,inferred
Vale of White Horse,2021-05-01,0.42,0.24,0.14,0.06,0.02,0.00,0.00,inferred
Vale of White Horse,2021-05-02,0.42,0.24,0.14,0.06,0.02,0.00,0.00,inferred
Vale of White Horse,2021-05-03,0.42,0.24,0.14,0.06,0.02,0.00,0.00,inferred
Vale of White Horse,2021-05-04,0.59,0.41,0.25,0.13,0.07,0.00,0.00,inferred
Vale of White Horse,2021-05-05,0.59,0.41,0.25,0.13,0.07,0.00,0.00,inferred
Vale of White Horse,2021-05-06,0.59,0.41,0.25,0.13,0.07,0.00,0.00,inferred
Vale of White Horse,2021-05-07,0.59,0.41,0.25,0.13,0.07,0.00,0.00,inferred
Vale of White Horse,2021-05-08,0.59,0.41,0.25,0.13,0.07,0.00,0.00,inferred
Vale of White Horse,2021-05-09,0.59,0.41,0.25,0.13,0.07,0.00,0.00,inferred
Vale of White Horse,2021-05-10,0.59,0.41,0.25,0.13,0.07,0.00,0.00,inferred
Vale of White Horse,2021-05-11,0.97,0.91,0.82,0.72,0.58,0.23,0.01,inferred
Vale of White Horse,2021-05-12,0.97,0.91,0.82,0.72,0.58,0.23,0.01,inferred
Vale of White Horse,2021-05-13,0.97,0.91,0.82,0.72,0.58,0.23,0.01,inferred
Vale of White Horse,2021-05-14,0.97,0.91,0.82,0.72,0.58,0.23,0.01,inferred
Vale of White Horse,2021-05-15,0.97,0.91,0.82,0.72,0.58,0.23,0.01,inferred
Vale of White Horse,2021-05-16,0.97,0.91,0.82,0.72,0.58,0.23,0.01,inferred
Vale of White Horse,2021-05-17,0.97,0.91,0.82,0.72,0.58,0.23,0.01,inferred
Vale of White Horse,2021-05-18,1.00,1.00,1.00,1.00,1.00,0.97,0.63,inferred
Vale of White Horse,2021-05-19,1.00,1.00,1.00,1.00,1.00,0.97,0.63,inferred
Vale of White Horse,2021-05-20,1.00,1.00,1.00,1.00,1.00,0.97,0.63,inferred
Vale of White Horse,2021-05-21,1.00,1.00,1.00,1.00,1.00,0.97,0.63,inferred
Vale of White Horse,2021-05-22,1.00,1.00,1.00,1.00,1.00,0.97,0.63,inferred
Vale of White Horse,2021-05-23,1.00,1.00,1.00,1.00,1.00,0.97,0.63,inferred
Vale of White Horse,2021-05-24,1.00,1.00,1.00,1.00,1.00,0.97,0.63,inferred
Vale of White Horse,2021-05-25,1.00,1.00,0.98,0.95,0.88,0.52,0.08,inferred
Vale of White Horse,2021-05-26,1.00,1.00,0.98,0.95,0.88,0.52,0.08,inferred
Vale of White Horse,2021-05-27,1.00,1.00,0.98,0.95,0.88,0.52,0.08,inferred
Vale of White Horse,2021-05-28,1.00,1.00,0.98,0.95,0.88,0.52,0.08,inferred
Vale of White Horse,2021-05-29,1.00,1.00,0.98,0.95,0.88,0.52,0.08,inferred
Vale of White Horse,2021-05-30,1.00,1.00,0.98,0.95,0.88,0.52,0.08,inferred
Vale of White Horse,2021-05-31,1.00,1.00,0.98,0.95,0.88,0.52,0.08,inferred
Vale of White Horse,2021-06-01,0.87,0.70,0.46,0.25,0.12,0.01,0.00,inferred
Vale of White Horse,2021-06-02,0.87,0.70,0.46,0.25,0.12,0.01,0.00,inferred
Vale of White Horse,2021-06-03,0.87,0.70,0.46,0.25,0.12,0.01,0.00,inferred
Vale of White Horse,2021-06-04,0.87,0.70,0.46,0.25,0.12,0.01,0.00,inferred
Vale of White Horse,2021-06-05,0.87,0.70,0.46,0.25,0.12,0.01,0.00,inferred
Vale of White Horse,2021-06-06,0.87,0.70,0.46,0.25,0.12,0.01,0.00,inferred
Vale of White Horse,2021-06-07,0.87,0.70,0.46,0.25,0.12,0.01,0.00,inferred
Vale of White Horse,2021-06-08,0.99,0.96,0.87,0.69,0.48,0.07,0.00,inferred
Vale of White Horse,2021-06-09,0.99,0.96,0.87,0.69,0.48,0.07,0.00,inferred
Vale of White Horse,2021-06-10,0.99,0.96,0.87,0.69,0.48,0.07,0.00,inferred
Vale of White Horse,2021-06-11,0.99,0.96,0.87,0.69,0.48,0.07,0.00,inferred
Vale of White Horse,2021-06-12,0.99,0.96,0.87,0.69,0.48,0.07,0.00,inferred
Vale of White Horse,2021-06-13,0.99,0.96,0.87,0.69,0.48,0.07,0.00,inferred
Vale of White Horse,2021-06-14,0.99,0.96,0.87,0.69,0.48,0.07,0.00,inferred
Vale of White Horse,2021-06-15,1.00,1.00,1.00,1.00,1.00,0.85,0.12,inferred
Vale of White Horse,2021-06-16,1.00,1.00,1.00,1.00,1.00,0.85,0.12,inferred
Vale of White Horse,2021-06-17,1.00,1.00,1.00,1.00,1.00,0.85,0.12,inferred
Vale of White Horse,2021-06-18,1.00,1.00,1.00,1.00,1.00,0.85,0.12,inferred
Vale of White Horse,2021-06-19,1.00,1.00,1.00,1.00,1.00,0.85,0.12,inferred
Vale of White Horse,2021-06-20,1.00,1.00,1.00,1.00,1.00,0.85,0.12,inferred
Vale of White Horse,2021-06-21,1.00,1.00,1.00,1.00,1.00,0.85,0.12,inferred
Vale of White Horse,2021-06-22,1.00,1.00,1.00,1.00,1.00,0.99,0.80,inferred
Vale of White Horse,2021-06-23,1.00,1.00,1.00,1.00,1.00,0.99,0.80,inferred
Vale of White Horse,2021-06-24,1.00,1.00,1.00,1.00,1.00,0.99,0.80,inferred
Vale of White Horse,2021-06-25,1.00,1.00,1.00,1.00,1.00,0.99,0.80,inferred
Vale of White Horse,2021-06-26,1.00,1.00,1.00,1.00,1.00,0.99,0.80,inferred
Vale of White Horse,2021-06-27,1.00,1.00,1.00,1.00,1.00,0.99,0.80,inferred
Vale of White Horse,2021-06-28,1.00,1.00,1.00,1.00,1.00,0.99,0.80,inferred
Vale of White Horse,2021-06-29,1.00,1.00,1.00,0.99,0.97,0.76,0.25,inferred
Vale of White Horse,2021-06-30,1.00,1.00,1.00,0.99,0.97,0.76,0.25,inferred
Vale of White Horse,2021-07-01,1.00,1.00,1.00,0.99,0.97,0.76,0.25,inferred
Vale of White Horse,2021-07-02,1.00,1.00,1.00,0.99,0.97,0.76,0.25,inferred
Vale of White Horse,2021-07-03,1.00,1.00,1.00,0.99,0.97,0.76,0.25,inferred
Vale of White Horse,2021-07-04,1.00,1.00,1.00,0.99,0.97,0.76,0.25,inferred
Vale of White Horse,2021-07-05,1.00,1.00,1.00,0.99,0.97,0.76,0.25,inferred
Vale of White Horse,2021-07-06,1.00,0.99,0.95,0.90,0.82,0.53,0.18,projected
Vale of White Horse,2021-07-07,1.00,0.99,0.95,0.90,0.82,0.53,0.18,projected
Vale of White Horse,2021-07-08,1.00,0.99,0.95,0.90,0.82,0.53,0.18,projected
Vale of White Horse,2021-07-09,1.00,0.99,0.95,0.90,0.82,0.53,0.18,projected
Vale of White Horse,2021-07-10,1.00,0.99,0.95,0.90,0.82,0.53,0.18,projected
Vale of White Horse,2021-07-11,1.00,0.99,0.95,0.90,0.82,0.53,0.18,projected
Vale of White Horse,2021-07-12,1.00,0.99,0.95,0.90,0.82,0.53,0.18,projected
Vale of White Horse,2021-07-13,0.97,0.94,0.90,0.82,0.73,0.46,0.16,projected
Vale of White Horse,2021-07-14,0.97,0.94,0.90,0.82,0.73,0.46,0.16,projected
Vale of White Horse,2021-07-15,0.97,0.94,0.90,0.82,0.73,0.46,0.16,projected
Vale of White Horse,2021-07-16,0.97,0.94,0.90,0.82,0.73,0.46,0.16,projected
Vale of White Horse,2021-07-17,0.97,0.94,0.90,0.82,0.73,0.46,0.16,projected
Vale of White Horse,2021-07-18,0.97,0.94,0.90,0.82,0.73,0.46,0.16,projected
Vale of White Horse,2021-07-19,0.97,0.94,0.90,0.82,0.73,0.46,0.16,projected
Vale of White Horse,2021-07-20,0.96,0.92,0.85,0.77,0.67,0.43,0.16,projected
Vale of White Horse,2021-07-21,0.96,0.92,0.85,0.77,0.67,0.43,0.16,projected
Vale of White Horse,2021-07-22,0.96,0.92,0.85,0.77,0.67,0.43,0.16,projected
Vale of White Horse,2021-07-23,0.96,0.92,0.85,0.77,0.67,0.43,0.16,projected
Vale of White Horse,2021-07-24,0.96,0.92,0.85,0.77,0.67,0.43,0.16,projected
Vale of White Horse,2021-07-25,0.96,0.92,0.85,0.77,0.67,0.43,0.16,projected
Vale of White Horse,2021-07-26,0.96,0.92,0.85,0.77,0.67,0.43,0.16,projected
Wakefield,2021-03-23,0.12,0.00,0.00,0.00,0.00,0.00,0.00,inferred
Wakefield,2021-03-24,0.12,0.00,0.00,0.00,0.00,0.00,0.00,inferred
Wakefield,2021-03-25,0.12,0.00,0.00,0.00,0.00,0.00,0.00,inferred
Wakefield,2021-03-26,0.12,0.00,0.00,0.00,0.00,0.00,0.00,inferred
Wakefield,2021-03-27,0.12,0.00,0.00,0.00,0.00,0.00,0.00,inferred
Wakefield,2021-03-28,0.12,0.00,0.00,0.00,0.00,0.00,0.00,inferred
Wakefield,2021-03-29,0.12,0.00,0.00,0.00,0.00,0.00,0.00,inferred
Wakefield,2021-03-30,0.16,0.02,0.00,0.00,0.00,0.00,0.00,inferred
Wakefield,2021-03-31,0.16,0.02,0.00,0.00,0.00,0.00,0.00,inferred
Wakefield,2021-04-01,0.16,0.02,0.00,0.00,0.00,0.00,0.00,inferred
Wakefield,2021-04-02,0.16,0.02,0.00,0.00,0.00,0.00,0.00,inferred
Wakefield,2021-04-03,0.16,0.02,0.00,0.00,0.00,0.00,0.00,inferred
Wakefield,2021-04-04,0.16,0.02,0.00,0.00,0.00,0.00,0.00,inferred
Wakefield,2021-04-05,0.16,0.02,0.00,0.00,0.00,0.00,0.00,inferred
Wakefield,2021-04-06,0.06,0.01,0.00,0.00,0.00,0.00,0.00,inferred
Wakefield,2021-04-07,0.06,0.01,0.00,0.00,0.00,0.00,0.00,inferred
Wakefield,2021-04-08,0.06,0.01,0.00,0.00,0.00,0.00,0.00,inferred
Wakefield,2021-04-09,0.06,0.01,0.00,0.00,0.00,0.00,0.00,inferred
Wakefield,2021-04-10,0.06,0.01,0.00,0.00,0.00,0.00,0.00,inferred
Wakefield,2021-04-11,0.06,0.01,0.00,0.00,0.00,0.00,0.00,inferred
Wakefield,2021-04-12,0.06,0.01,0.00,0.00,0.00,0.00,0.00,inferred
Wakefield,2021-04-13,0.99,0.93,0.74,0.41,0.14,0.00,0.00,inferred
Wakefield,2021-04-14,0.99,0.93,0.74,0.41,0.14,0.00,0.00,inferred
Wakefield,2021-04-15,0.99,0.93,0.74,0.41,0.14,0.00,0.00,inferred
Wakefield,2021-04-16,0.99,0.93,0.74,0.41,0.14,0.00,0.00,inferred
Wakefield,2021-04-17,0.99,0.93,0.74,0.41,0.14,0.00,0.00,inferred
Wakefield,2021-04-18,0.99,0.93,0.74,0.41,0.14,0.00,0.00,inferred
Wakefield,2021-04-19,0.99,0.93,0.74,0.41,0.14,0.00,0.00,inferred
Wakefield,2021-04-20,0.91,0.64,0.28,0.06,0.01,0.00,0.00,inferred
Wakefield,2021-04-21,0.91,0.64,0.28,0.06,0.01,0.00,0.00,inferred
Wakefield,2021-04-22,0.91,0.64,0.28,0.06,0.01,0.00,0.00,inferred
Wakefield,2021-04-23,0.91,0.64,0.28,0.06,0.01,0.00,0.00,inferred
Wakefield,2021-04-24,0.91,0.64,0.28,0.06,0.01,0.00,0.00,inferred
Wakefield,2021-04-25,0.91,0.64,0.28,0.06,0.01,0.00,0.00,inferred
Wakefield,2021-04-26,0.91,0.64,0.28,0.06,0.01,0.00,0.00,inferred
Wakefield,2021-04-27,0.54,0.18,0.03,0.00,0.00,0.00,0.00,inferred
Wakefield,2021-04-28,0.54,0.18,0.03,0.00,0.00,0.00,0.00,inferred
Wakefield,2021-04-29,0.54,0.18,0.03,0.00,0.00,0.00,0.00,inferred
Wakefield,2021-04-30,0.54,0.18,0.03,0.00,0.00,0.00,0.00,inferred
Wakefield,2021-05-01,0.54,0.18,0.03,0.00,0.00,0.00,0.00,inferred
Wakefield,2021-05-02,0.54,0.18,0.03,0.00,0.00,0.00,0.00,inferred
Wakefield,2021-05-03,0.54,0.18,0.03,0.00,0.00,0.00,0.00,inferred
Wakefield,2021-05-04,0.31,0.09,0.01,0.00,0.00,0.00,0.00,inferred
Wakefield,2021-05-05,0.31,0.09,0.01,0.00,0.00,0.00,0.00,inferred
Wakefield,2021-05-06,0.31,0.09,0.01,0.00,0.00,0.00,0.00,inferred
Wakefield,2021-05-07,0.31,0.09,0.01,0.00,0.00,0.00,0.00,inferred
Wakefield,2021-05-08,0.31,0.09,0.01,0.00,0.00,0.00,0.00,inferred
Wakefield,2021-05-09,0.31,0.09,0.01,0.00,0.00,0.00,0.00,inferred
Wakefield,2021-05-10,0.31,0.09,0.01,0.00,0.00,0.00,0.00,inferred
Wakefield,2021-05-11,0.99,0.90,0.71,0.39,0.15,0.00,0.00,inferred
Wakefield,2021-05-12,0.99,0.90,0.71,0.39,0.15,0.00,0.00,inferred
Wakefield,2021-05-13,0.99,0.90,0.71,0.39,0.15,0.00,0.00,inferred
Wakefield,2021-05-14,0.99,0.90,0.71,0.39,0.15,0.00,0.00,inferred
Wakefield,2021-05-15,0.99,0.90,0.71,0.39,0.15,0.00,0.00,inferred
Wakefield,2021-05-16,0.99,0.90,0.71,0.39,0.15,0.00,0.00,inferred
Wakefield,2021-05-17,0.99,0.90,0.71,0.39,0.15,0.00,0.00,inferred
Wakefield,2021-05-18,1.00,0.99,0.91,0.71,0.44,0.02,0.00,inferred
Wakefield,2021-05-19,1.00,0.99,0.91,0.71,0.44,0.02,0.00,inferred
Wakefield,2021-05-20,1.00,0.99,0.91,0.71,0.44,0.02,0.00,inferred
Wakefield,2021-05-21,1.00,0.99,0.91,0.71,0.44,0.02,0.00,inferred
Wakefield,2021-05-22,1.00,0.99,0.91,0.71,0.44,0.02,0.00,inferred
Wakefield,2021-05-23,1.00,0.99,0.91,0.71,0.44,0.02,0.00,inferred
Wakefield,2021-05-24,1.00,0.99,0.91,0.71,0.44,0.02,0.00,inferred
Wakefield,2021-05-25,1.00,1.00,1.00,1.00,0.97,0.46,0.01,inferred
Wakefield,2021-05-26,1.00,1.00,1.00,1.00,0.97,0.46,0.01,inferred
Wakefield,2021-05-27,1.00,1.00,1.00,1.00,0.97,0.46,0.01,inferred
Wakefield,2021-05-28,1.00,1.00,1.00,1.00,0.97,0.46,0.01,inferred
Wakefield,2021-05-29,1.00,1.00,1.00,1.00,0.97,0.46,0.01,inferred
Wakefield,2021-05-30,1.00,1.00,1.00,1.00,0.97,0.46,0.01,inferred
Wakefield,2021-05-31,1.00,1.00,1.00,1.00,0.97,0.46,0.01,inferred
Wakefield,2021-06-01,1.00,1.00,0.98,0.89,0.71,0.11,0.00,inferred
Wakefield,2021-06-02,1.00,1.00,0.98,0.89,0.71,0.11,0.00,inferred
Wakefield,2021-06-03,1.00,1.00,0.98,0.89,0.71,0.11,0.00,inferred
Wakefield,2021-06-04,1.00,1.00,0.98,0.89,0.71,0.11,0.00,inferred
Wakefield,2021-06-05,1.00,1.00,0.98,0.89,0.71,0.11,0.00,inferred
Wakefield,2021-06-06,1.00,1.00,0.98,0.89,0.71,0.11,0.00,inferred
Wakefield,2021-06-07,1.00,1.00,0.98,0.89,0.71,0.11,0.00,inferred
Wakefield,2021-06-08,1.00,1.00,1.00,1.00,0.97,0.36,0.00,inferred
Wakefield,2021-06-09,1.00,1.00,1.00,1.00,0.97,0.36,0.00,inferred
Wakefield,2021-06-10,1.00,1.00,1.00,1.00,0.97,0.36,0.00,inferred
Wakefield,2021-06-11,1.00,1.00,1.00,1.00,0.97,0.36,0.00,inferred
Wakefield,2021-06-12,1.00,1.00,1.00,1.00,0.97,0.36,0.00,inferred
Wakefield,2021-06-13,1.00,1.00,1.00,1.00,0.97,0.36,0.00,inferred
Wakefield,2021-06-14,1.00,1.00,1.00,1.00,0.97,0.36,0.00,inferred
Wakefield,2021-06-15,1.00,1.00,1.00,1.00,1.00,1.00,0.89,inferred
Wakefield,2021-06-16,1.00,1.00,1.00,1.00,1.00,1.00,0.89,inferred
Wakefield,2021-06-17,1.00,1.00,1.00,1.00,1.00,1.00,0.89,inferred
Wakefield,2021-06-18,1.00,1.00,1.00,1.00,1.00,1.00,0.89,inferred
Wakefield,2021-06-19,1.00,1.00,1.00,1.00,1.00,1.00,0.89,inferred
Wakefield,2021-06-20,1.00,1.00,1.00,1.00,1.00,1.00,0.89,inferred
Wakefield,2021-06-21,1.00,1.00,1.00,1.00,1.00,1.00,0.89,inferred
Wakefield,2021-06-22,1.00,1.00,1.00,1.00,1.00,0.78,0.08,inferred
Wakefield,2021-06-23,1.00,1.00,1.00,1.00,1.00,0.78,0.08,inferred
Wakefield,2021-06-24,1.00,1.00,1.00,1.00,1.00,0.78,0.08,inferred
Wakefield,2021-06-25,1.00,1.00,1.00,1.00,1.00,0.78,0.08,inferred
Wakefield,2021-06-26,1.00,1.00,1.00,1.00,1.00,0.78,0.08,inferred
Wakefield,2021-06-27,1.00,1.00,1.00,1.00,1.00,0.78,0.08,inferred
Wakefield,2021-06-28,1.00,1.00,1.00,1.00,1.00,0.78,0.08,inferred
Wakefield,2021-06-29,1.00,1.00,1.00,0.98,0.95,0.53,0.02,inferred
Wakefield,2021-06-30,1.00,1.00,1.00,0.98,0.95,0.53,0.02,inferred
Wakefield,2021-07-01,1.00,1.00,1.00,0.98,0.95,0.53,0.02,inferred
Wakefield,2021-07-02,1.00,1.00,1.00,0.98,0.95,0.53,0.02,inferred
Wakefield,2021-07-03,1.00,1.00,1.00,0.98,0.95,0.53,0.02,inferred
Wakefield,2021-07-04,1.00,1.00,1.00,0.98,0.95,0.53,0.02,inferred
Wakefield,2021-07-05,1.00,1.00,1.00,0.98,0.95,0.53,0.02,inferred
Wakefield,2021-07-06,0.99,0.97,0.92,0.86,0.77,0.46,0.11,projected
Wakefield,2021-07-07,0.99,0.97,0.92,0.86,0.77,0.46,0.11,projected
Wakefield,2021-07-08,0.99,0.97,0.92,0.86,0.77,0.46,0.11,projected
Wakefield,2021-07-09,0.99,0.97,0.92,0.86,0.77,0.46,0.11,projected
Wakefield,2021-07-10,0.99,0.97,0.92,0.86,0.77,0.46,0.11,projected
Wakefield,2021-07-11,0.99,0.97,0.92,0.86,0.77,0.46,0.11,projected
Wakefield,2021-07-12,0.99,0.97,0.92,0.86,0.77,0.46,0.11,projected
Wakefield,2021-07-13,0.96,0.92,0.86,0.78,0.69,0.43,0.15,projected
Wakefield,2021-07-14,0.96,0.92,0.86,0.78,0.69,0.43,0.15,projected
Wakefield,2021-07-15,0.96,0.92,0.86,0.78,0.69,0.43,0.15,projected
Wakefield,2021-07-16,0.96,0.92,0.86,0.78,0.69,0.43,0.15,projected
Wakefield,2021-07-17,0.96,0.92,0.86,0.78,0.69,0.43,0.15,projected
Wakefield,2021-07-18,0.96,0.92,0.86,0.78,0.69,0.43,0.15,projected
Wakefield,2021-07-19,0.96,0.92,0.86,0.78,0.69,0.43,0.15,projected
Wakefield,2021-07-20,0.94,0.88,0.81,0.72,0.64,0.42,0.17,projected
Wakefield,2021-07-21,0.94,0.88,0.81,0.72,0.64,0.42,0.17,projected
Wakefield,2021-07-22,0.94,0.88,0.81,0.72,0.64,0.42,0.17,projected
Wakefield,2021-07-23,0.94,0.88,0.81,0.72,0.64,0.42,0.17,projected
Wakefield,2021-07-24,0.94,0.88,0.81,0.72,0.64,0.42,0.17,projected
Wakefield,2021-07-25,0.94,0.88,0.81,0.72,0.64,0.42,0.17,projected
Wakefield,2021-07-26,0.94,0.88,0.81,0.72,0.64,0.42,0.17,projected
Walsall,2021-03-23,0.10,0.01,0.00,0.00,0.00,0.00,0.00,inferred
Walsall,2021-03-24,0.10,0.01,0.00,0.00,0.00,0.00,0.00,inferred
Walsall,2021-03-25,0.10,0.01,0.00,0.00,0.00,0.00,0.00,inferred
Walsall,2021-03-26,0.10,0.01,0.00,0.00,0.00,0.00,0.00,inferred
Walsall,2021-03-27,0.10,0.01,0.00,0.00,0.00,0.00,0.00,inferred
Walsall,2021-03-28,0.10,0.01,0.00,0.00,0.00,0.00,0.00,inferred
Walsall,2021-03-29,0.10,0.01,0.00,0.00,0.00,0.00,0.00,inferred
Walsall,2021-03-30,0.19,0.04,0.00,0.00,0.00,0.00,0.00,inferred
Walsall,2021-03-31,0.19,0.04,0.00,0.00,0.00,0.00,0.00,inferred
Walsall,2021-04-01,0.19,0.04,0.00,0.00,0.00,0.00,0.00,inferred
Walsall,2021-04-02,0.19,0.04,0.00,0.00,0.00,0.00,0.00,inferred
Walsall,2021-04-03,0.19,0.04,0.00,0.00,0.00,0.00,0.00,inferred
Walsall,2021-04-04,0.19,0.04,0.00,0.00,0.00,0.00,0.00,inferred
Walsall,2021-04-05,0.19,0.04,0.00,0.00,0.00,0.00,0.00,inferred
Walsall,2021-04-06,0.23,0.06,0.00,0.00,0.00,0.00,0.00,inferred
Walsall,2021-04-07,0.23,0.06,0.00,0.00,0.00,0.00,0.00,inferred
Walsall,2021-04-08,0.23,0.06,0.00,0.00,0.00,0.00,0.00,inferred
Walsall,2021-04-09,0.23,0.06,0.00,0.00,0.00,0.00,0.00,inferred
Walsall,2021-04-10,0.23,0.06,0.00,0.00,0.00,0.00,0.00,inferred
Walsall,2021-04-11,0.23,0.06,0.00,0.00,0.00,0.00,0.00,inferred
Walsall,2021-04-12,0.23,0.06,0.00,0.00,0.00,0.00,0.00,inferred
Walsall,2021-04-13,0.30,0.08,0.02,0.00,0.00,0.00,0.00,inferred
Walsall,2021-04-14,0.30,0.08,0.02,0.00,0.00,0.00,0.00,inferred
Walsall,2021-04-15,0.30,0.08,0.02,0.00,0.00,0.00,0.00,inferred
Walsall,2021-04-16,0.30,0.08,0.02,0.00,0.00,0.00,0.00,inferred
Walsall,2021-04-17,0.30,0.08,0.02,0.00,0.00,0.00,0.00,inferred
Walsall,2021-04-18,0.30,0.08,0.02,0.00,0.00,0.00,0.00,inferred
Walsall,2021-04-19,0.30,0.08,0.02,0.00,0.00,0.00,0.00,inferred
Walsall,2021-04-20,0.49,0.23,0.06,0.02,0.01,0.00,0.00,inferred
Walsall,2021-04-21,0.49,0.23,0.06,0.02,0.01,0.00,0.00,inferred
Walsall,2021-04-22,0.49,0.23,0.06,0.02,0.01,0.00,0.00,inferred
Walsall,2021-04-23,0.49,0.23,0.06,0.02,0.01,0.00,0.00,inferred
Walsall,2021-04-24,0.49,0.23,0.06,0.02,0.01,0.00,0.00,inferred
Walsall,2021-04-25,0.49,0.23,0.06,0.02,0.01,0.00,0.00,inferred
Walsall,2021-04-26,0.49,0.23,0.06,0.02,0.01,0.00,0.00,inferred
Walsall,2021-04-27,0.63,0.32,0.11,0.03,0.01,0.00,0.00,inferred
Walsall,2021-04-28,0.63,0.32,0.11,0.03,0.01,0.00,0.00,inferred
Walsall,2021-04-29,0.63,0.32,0.11,0.03,0.01,0.00,0.00,inferred
Walsall,2021-04-30,0.63,0.32,0.11,0.03,0.01,0.00,0.00,inferred
Walsall,2021-05-01,0.63,0.32,0.11,0.03,0.01,0.00,0.00,inferred
Walsall,2021-05-02,0.63,0.32,0.11,0.03,0.01,0.00,0.00,inferred
Walsall,2021-05-03,0.63,0.32,0.11,0.03,0.01,0.00,0.00,inferred
Walsall,2021-05-04,0.66,0.40,0.16,0.05,0.02,0.00,0.00,inferred
Walsall,2021-05-05,0.66,0.40,0.16,0.05,0.02,0.00,0.00,inferred
Walsall,2021-05-06,0.66,0.40,0.16,0.05,0.02,0.00,0.00,inferred
Walsall,2021-05-07,0.66,0.40,0.16,0.05,0.02,0.00,0.00,inferred
Walsall,2021-05-08,0.66,0.40,0.16,0.05,0.02,0.00,0.00,inferred
Walsall,2021-05-09,0.66,0.40,0.16,0.05,0.02,0.00,0.00,inferred
Walsall,2021-05-10,0.66,0.40,0.16,0.05,0.02,0.00,0.00,inferred
Walsall,2021-05-11,1.00,0.99,0.96,0.87,0.70,0.13,0.00,inferred
Walsall,2021-05-12,1.00,0.99,0.96,0.87,0.70,0.13,0.00,inferred
Walsall,2021-05-13,1.00,0.99,0.96,0.87,0.70,0.13,0.00,inferred
Walsall,2021-05-14,1.00,0.99,0.96,0.87,0.70,0.13,0.00,inferred
Walsall,2021-05-15,1.00,0.99,0.96,0.87,0.70,0.13,0.00,inferred
Walsall,2021-05-16,1.00,0.99,0.96,0.87,0.70,0.13,0.00,inferred
Walsall,2021-05-17,1.00,0.99,0.96,0.87,0.70,0.13,0.00,inferred
Walsall,2021-05-18,1.00,1.00,1.00,1.00,0.99,0.73,0.06,inferred
Walsall,2021-05-19,1.00,1.00,1.00,1.00,0.99,0.73,0.06,inferred
Walsall,2021-05-20,1.00,1.00,1.00,1.00,0.99,0.73,0.06,inferred
Walsall,2021-05-21,1.00,1.00,1.00,1.00,0.99,0.73,0.06,inferred
Walsall,2021-05-22,1.00,1.00,1.00,1.00,0.99,0.73,0.06,inferred
Walsall,2021-05-23,1.00,1.00,1.00,1.00,0.99,0.73,0.06,inferred
Walsall,2021-05-24,1.00,1.00,1.00,1.00,0.99,0.73,0.06,inferred
Walsall,2021-05-25,1.00,1.00,1.00,0.99,0.96,0.60,0.04,inferred
Walsall,2021-05-26,1.00,1.00,1.00,0.99,0.96,0.60,0.04,inferred
Walsall,2021-05-27,1.00,1.00,1.00,0.99,0.96,0.60,0.04,inferred
Walsall,2021-05-28,1.00,1.00,1.00,0.99,0.96,0.60,0.04,inferred
Walsall,2021-05-29,1.00,1.00,1.00,0.99,0.96,0.60,0.04,inferred
Walsall,2021-05-30,1.00,1.00,1.00,0.99,0.96,0.60,0.04,inferred
Walsall,2021-05-31,1.00,1.00,1.00,0.99,0.96,0.60,0.04,inferred
Walsall,2021-06-01,0.85,0.56,0.25,0.08,0.02,0.00,0.00,inferred
Walsall,2021-06-02,0.85,0.56,0.25,0.08,0.02,0.00,0.00,inferred
Walsall,2021-06-03,0.85,0.56,0.25,0.08,0.02,0.00,0.00,inferred
Walsall,2021-06-04,0.85,0.56,0.25,0.08,0.02,0.00,0.00,inferred
Walsall,2021-06-05,0.85,0.56,0.25,0.08,0.02,0.00,0.00,inferred
Walsall,2021-06-06,0.85,0.56,0.25,0.08,0.02,0.00,0.00,inferred
Walsall,2021-06-07,0.85,0.56,0.25,0.08,0.02,0.00,0.00,inferred
Walsall,2021-06-08,0.98,0.87,0.58,0.27,0.08,0.00,0.00,inferred
Walsall,2021-06-09,0.98,0.87,0.58,0.27,0.08,0.00,0.00,inferred
Walsall,2021-06-10,0.98,0.87,0.58,0.27,0.08,0.00,0.00,inferred
Walsall,2021-06-11,0.98,0.87,0.58,0.27,0.08,0.00,0.00,inferred
Walsall,2021-06-12,0.98,0.87,0.58,0.27,0.08,0.00,0.00,inferred
Walsall,2021-06-13,0.98,0.87,0.58,0.27,0.08,0.00,0.00,inferred
Walsall,2021-06-14,0.98,0.87,0.58,0.27,0.08,0.00,0.00,inferred
Walsall,2021-06-15,1.00,1.00,1.00,1.00,1.00,1.00,0.38,inferred
Walsall,2021-06-16,1.00,1.00,1.00,1.00,1.00,1.00,0.38,inferred
Walsall,2021-06-17,1.00,1.00,1.00,1.00,1.00,1.00,0.38,inferred
Walsall,2021-06-18,1.00,1.00,1.00,1.00,1.00,1.00,0.38,inferred
Walsall,2021-06-19,1.00,1.00,1.00,1.00,1.00,1.00,0.38,inferred
Walsall,2021-06-20,1.00,1.00,1.00,1.00,1.00,1.00,0.38,inferred
Walsall,2021-06-21,1.00,1.00,1.00,1.00,1.00,1.00,0.38,inferred
Walsall,2021-06-22,1.00,1.00,1.00,1.00,1.00,1.00,0.79,inferred
Walsall,2021-06-23,1.00,1.00,1.00,1.00,1.00,1.00,0.79,inferred
Walsall,2021-06-24,1.00,1.00,1.00,1.00,1.00,1.00,0.79,inferred
Walsall,2021-06-25,1.00,1.00,1.00,1.00,1.00,1.00,0.79,inferred
Walsall,2021-06-26,1.00,1.00,1.00,1.00,1.00,1.00,0.79,inferred
Walsall,2021-06-27,1.00,1.00,1.00,1.00,1.00,1.00,0.79,inferred
Walsall,2021-06-28,1.00,1.00,1.00,1.00,1.00,1.00,0.79,inferred
Walsall,2021-06-29,1.00,1.00,1.00,0.99,0.95,0.66,0.13,inferred
Walsall,2021-06-30,1.00,1.00,1.00,0.99,0.95,0.66,0.13,inferred
Walsall,2021-07-01,1.00,1.00,1.00,0.99,0.95,0.66,0.13,inferred
Walsall,2021-07-02,1.00,1.00,1.00,0.99,0.95,0.66,0.13,inferred
Walsall,2021-07-03,1.00,1.00,1.00,0.99,0.95,0.66,0.13,inferred
Walsall,2021-07-04,1.00,1.00,1.00,0.99,0.95,0.66,0.13,inferred
Walsall,2021-07-05,1.00,1.00,1.00,0.99,0.95,0.66,0.13,inferred
Walsall,2021-07-06,0.99,0.97,0.94,0.88,0.79,0.48,0.16,projected
Walsall,2021-07-07,0.99,0.97,0.94,0.88,0.79,0.48,0.16,projected
Walsall,2021-07-08,0.99,0.97,0.94,0.88,0.79,0.48,0.16,projected
Walsall,2021-07-09,0.99,0.97,0.94,0.88,0.79,0.48,0.16,projected
Walsall,2021-07-10,0.99,0.97,0.94,0.88,0.79,0.48,0.16,projected
Walsall,2021-07-11,0.99,0.97,0.94,0.88,0.79,0.48,0.16,projected
Walsall,2021-07-12,0.99,0.97,0.94,0.88,0.79,0.48,0.16,projected
Walsall,2021-07-13,0.97,0.93,0.87,0.81,0.71,0.44,0.17,projected
Walsall,2021-07-14,0.97,0.93,0.87,0.81,0.71,0.44,0.17,projected
Walsall,2021-07-15,0.97,0.93,0.87,0.81,0.71,0.44,0.17,projected
Walsall,2021-07-16,0.97,0.93,0.87,0.81,0.71,0.44,0.17,projected
Walsall,2021-07-17,0.97,0.93,0.87,0.81,0.71,0.44,0.17,projected
Walsall,2021-07-18,0.97,0.93,0.87,0.81,0.71,0.44,0.17,projected
Walsall,2021-07-19,0.97,0.93,0.87,0.81,0.71,0.44,0.17,projected
Walsall,2021-07-20,0.94,0.89,0.83,0.76,0.68,0.43,0.18,projected
Walsall,2021-07-21,0.94,0.89,0.83,0.76,0.68,0.43,0.18,projected
Walsall,2021-07-22,0.94,0.89,0.83,0.76,0.68,0.43,0.18,projected
Walsall,2021-07-23,0.94,0.89,0.83,0.76,0.68,0.43,0.18,projected
Walsall,2021-07-24,0.94,0.89,0.83,0.76,0.68,0.43,0.18,projected
Walsall,2021-07-25,0.94,0.89,0.83,0.76,0.68,0.43,0.18,projected
Walsall,2021-07-26,0.94,0.89,0.83,0.76,0.68,0.43,0.18,projected
Waltham Forest,2021-03-23,0.06,0.00,0.00,0.00,0.00,0.00,0.00,inferred
Waltham Forest,2021-03-24,0.06,0.00,0.00,0.00,0.00,0.00,0.00,inferred
Waltham Forest,2021-03-25,0.06,0.00,0.00,0.00,0.00,0.00,0.00,inferred
Waltham Forest,2021-03-26,0.06,0.00,0.00,0.00,0.00,0.00,0.00,inferred
Waltham Forest,2021-03-27,0.06,0.00,0.00,0.00,0.00,0.00,0.00,inferred
Waltham Forest,2021-03-28,0.06,0.00,0.00,0.00,0.00,0.00,0.00,inferred
Waltham Forest,2021-03-29,0.06,0.00,0.00,0.00,0.00,0.00,0.00,inferred
Waltham Forest,2021-03-30,0.85,0.59,0.30,0.10,0.03,0.00,0.00,inferred
Waltham Forest,2021-03-31,0.85,0.59,0.30,0.10,0.03,0.00,0.00,inferred
Waltham Forest,2021-04-01,0.85,0.59,0.30,0.10,0.03,0.00,0.00,inferred
Waltham Forest,2021-04-02,0.85,0.59,0.30,0.10,0.03,0.00,0.00,inferred
Waltham Forest,2021-04-03,0.85,0.59,0.30,0.10,0.03,0.00,0.00,inferred
Waltham Forest,2021-04-04,0.85,0.59,0.30,0.10,0.03,0.00,0.00,inferred
Waltham Forest,2021-04-05,0.85,0.59,0.30,0.10,0.03,0.00,0.00,inferred
Waltham Forest,2021-04-06,0.83,0.55,0.25,0.09,0.01,0.00,0.00,inferred
Waltham Forest,2021-04-07,0.83,0.55,0.25,0.09,0.01,0.00,0.00,inferred
Waltham Forest,2021-04-08,0.83,0.55,0.25,0.09,0.01,0.00,0.00,inferred
Waltham Forest,2021-04-09,0.83,0.55,0.25,0.09,0.01,0.00,0.00,inferred
Waltham Forest,2021-04-10,0.83,0.55,0.25,0.09,0.01,0.00,0.00,inferred
Waltham Forest,2021-04-11,0.83,0.55,0.25,0.09,0.01,0.00,0.00,inferred
Waltham Forest,2021-04-12,0.83,0.55,0.25,0.09,0.01,0.00,0.00,inferred
Waltham Forest,2021-04-13,0.67,0.34,0.13,0.03,0.01,0.00,0.00,inferred
Waltham Forest,2021-04-14,0.67,0.34,0.13,0.03,0.01,0.00,0.00,inferred
Waltham Forest,2021-04-15,0.67,0.34,0.13,0.03,0.01,0.00,0.00,inferred
Waltham Forest,2021-04-16,0.67,0.34,0.13,0.03,0.01,0.00,0.00,inferred
Waltham Forest,2021-04-17,0.67,0.34,0.13,0.03,0.01,0.00,0.00,inferred
Waltham Forest,2021-04-18,0.67,0.34,0.13,0.03,0.01,0.00,0.00,inferred
Waltham Forest,2021-04-19,0.67,0.34,0.13,0.03,0.01,0.00,0.00,inferred
Waltham Forest,2021-04-20,0.34,0.12,0.03,0.00,0.00,0.00,0.00,inferred
Waltham Forest,2021-04-21,0.34,0.12,0.03,0.00,0.00,0.00,0.00,inferred
Waltham Forest,2021-04-22,0.34,0.12,0.03,0.00,0.00,0.00,0.00,inferred
Waltham Forest,2021-04-23,0.34,0.12,0.03,0.00,0.00,0.00,0.00,inferred
Waltham Forest,2021-04-24,0.34,0.12,0.03,0.00,0.00,0.00,0.00,inferred
Waltham Forest,2021-04-25,0.34,0.12,0.03,0.00,0.00,0.00,0.00,inferred
Waltham Forest,2021-04-26,0.34,0.12,0.03,0.00,0.00,0.00,0.00,inferred
Waltham Forest,2021-04-27,0.83,0.59,0.33,0.14,0.04,0.00,0.00,inferred
Waltham Forest,2021-04-28,0.83,0.59,0.33,0.14,0.04,0.00,0.00,inferred
Waltham Forest,2021-04-29,0.83,0.59,0.33,0.14,0.04,0.00,0.00,inferred
Waltham Forest,2021-04-30,0.83,0.59,0.33,0.14,0.04,0.00,0.00,inferred
Waltham Forest,2021-05-01,0.83,0.59,0.33,0.14,0.04,0.00,0.00,inferred
Waltham Forest,2021-05-02,0.83,0.59,0.33,0.14,0.04,0.00,0.00,inferred
Waltham Forest,2021-05-03,0.83,0.59,0.33,0.14,0.04,0.00,0.00,inferred
Waltham Forest,2021-05-04,0.90,0.71,0.45,0.22,0.08,0.00,0.00,inferred
Waltham Forest,2021-05-05,0.90,0.71,0.45,0.22,0.08,0.00,0.00,inferred
Waltham Forest,2021-05-06,0.90,0.71,0.45,0.22,0.08,0.00,0.00,inferred
Waltham Forest,2021-05-07,0.90,0.71,0.45,0.22,0.08,0.00,0.00,inferred
Waltham Forest,2021-05-08,0.90,0.71,0.45,0.22,0.08,0.00,0.00,inferred
Waltham Forest,2021-05-09,0.90,0.71,0.45,0.22,0.08,0.00,0.00,inferred
Waltham Forest,2021-05-10,0.90,0.71,0.45,0.22,0.08,0.00,0.00,inferred
Waltham Forest,2021-05-11,1.00,0.98,0.92,0.77,0.57,0.07,0.00,inferred
Waltham Forest,2021-05-12,1.00,0.98,0.92,0.77,0.57,0.07,0.00,inferred
Waltham Forest,2021-05-13,1.00,0.98,0.92,0.77,0.57,0.07,0.00,inferred
Waltham Forest,2021-05-14,1.00,0.98,0.92,0.77,0.57,0.07,0.00,inferred
Waltham Forest,2021-05-15,1.00,0.98,0.92,0.77,0.57,0.07,0.00,inferred
Waltham Forest,2021-05-16,1.00,0.98,0.92,0.77,0.57,0.07,0.00,inferred
Waltham Forest,2021-05-17,1.00,0.98,0.92,0.77,0.57,0.07,0.00,inferred
Waltham Forest,2021-05-18,1.00,1.00,1.00,1.00,0.99,0.68,0.04,inferred
Waltham Forest,2021-05-19,1.00,1.00,1.00,1.00,0.99,0.68,0.04,inferred
Waltham Forest,2021-05-20,1.00,1.00,1.00,1.00,0.99,0.68,0.04,inferred
Waltham Forest,2021-05-21,1.00,1.00,1.00,1.00,0.99,0.68,0.04,inferred
Waltham Forest,2021-05-22,1.00,1.00,1.00,1.00,0.99,0.68,0.04,inferred
Waltham Forest,2021-05-23,1.00,1.00,1.00,1.00,0.99,0.68,0.04,inferred
Waltham Forest,2021-05-24,1.00,1.00,1.00,1.00,0.99,0.68,0.04,inferred
Waltham Forest,2021-05-25,1.00,1.00,1.00,1.00,1.00,0.97,0.47,inferred
Waltham Forest,2021-05-26,1.00,1.00,1.00,1.00,1.00,0.97,0.47,inferred
Waltham Forest,2021-05-27,1.00,1.00,1.00,1.00,1.00,0.97,0.47,inferred
Waltham Forest,2021-05-28,1.00,1.00,1.00,1.00,1.00,0.97,0.47,inferred
Waltham Forest,2021-05-29,1.00,1.00,1.00,1.00,1.00,0.97,0.47,inferred
Waltham Forest,2021-05-30,1.00,1.00,1.00,1.00,1.00,0.97,0.47,inferred
Waltham Forest,2021-05-31,1.00,1.00,1.00,1.00,1.00,0.97,0.47,inferred
Waltham Forest,2021-06-01,1.00,1.00,1.00,1.00,0.96,0.52,0.02,inferred
Waltham Forest,2021-06-02,1.00,1.00,1.00,1.00,0.96,0.52,0.02,inferred
Waltham Forest,2021-06-03,1.00,1.00,1.00,1.00,0.96,0.52,0.02,inferred
Waltham Forest,2021-06-04,1.00,1.00,1.00,1.00,0.96,0.52,0.02,inferred
Waltham Forest,2021-06-05,1.00,1.00,1.00,1.00,0.96,0.52,0.02,inferred
Waltham Forest,2021-06-06,1.00,1.00,1.00,1.00,0.96,0.52,0.02,inferred
Waltham Forest,2021-06-07,1.00,1.00,1.00,1.00,0.96,0.52,0.02,inferred
Waltham Forest,2021-06-08,1.00,1.00,0.97,0.77,0.44,0.01,0.00,inferred
Waltham Forest,2021-06-09,1.00,1.00,0.97,0.77,0.44,0.01,0.00,inferred
Waltham Forest,2021-06-10,1.00,1.00,0.97,0.77,0.44,0.01,0.00,inferred
Waltham Forest,2021-06-11,1.00,1.00,0.97,0.77,0.44,0.01,0.00,inferred
Waltham Forest,2021-06-12,1.00,1.00,0.97,0.77,0.44,0.01,0.00,inferred
Waltham Forest,2021-06-13,1.00,1.00,0.97,0.77,0.44,0.01,0.00,inferred
Waltham Forest,2021-06-14,1.00,1.00,0.97,0.77,0.44,0.01,0.00,inferred
Waltham Forest,2021-06-15,1.00,1.00,1.00,1.00,1.00,0.95,0.07,inferred
Waltham Forest,2021-06-16,1.00,1.00,1.00,1.00,1.00,0.95,0.07,inferred
Waltham Forest,2021-06-17,1.00,1.00,1.00,1.00,1.00,0.95,0.07,inferred
Waltham Forest,2021-06-18,1.00,1.00,1.00,1.00,1.00,0.95,0.07,inferred
Waltham Forest,2021-06-19,1.00,1.00,1.00,1.00,1.00,0.95,0.07,inferred
Waltham Forest,2021-06-20,1.00,1.00,1.00,1.00,1.00,0.95,0.07,inferred
Waltham Forest,2021-06-21,1.00,1.00,1.00,1.00,1.00,0.95,0.07,inferred
Waltham Forest,2021-06-22,1.00,1.00,1.00,1.00,0.98,0.47,0.00,inferred
Waltham Forest,2021-06-23,1.00,1.00,1.00,1.00,0.98,0.47,0.00,inferred
Waltham Forest,2021-06-24,1.00,1.00,1.00,1.00,0.98,0.47,0.00,inferred
Waltham Forest,2021-06-25,1.00,1.00,1.00,1.00,0.98,0.47,0.00,inferred
Waltham Forest,2021-06-26,1.00,1.00,1.00,1.00,0.98,0.47,0.00,inferred
Waltham Forest,2021-06-27,1.00,1.00,1.00,1.00,0.98,0.47,0.00,inferred
Waltham Forest,2021-06-28,1.00,1.00,1.00,1.00,0.98,0.47,0.00,inferred
Waltham Forest,2021-06-29,1.00,1.00,0.98,0.89,0.68,0.09,0.00,inferred
Waltham Forest,2021-06-30,1.00,1.00,0.98,0.89,0.68,0.09,0.00,inferred
Waltham Forest,2021-07-01,1.00,1.00,0.98,0.89,0.68,0.09,0.00,inferred
Waltham Forest,2021-07-02,1.00,1.00,0.98,0.89,0.68,0.09,0.00,inferred
Waltham Forest,2021-07-03,1.00,1.00,0.98,0.89,0.68,0.09,0.00,inferred
Waltham Forest,2021-07-04,1.00,1.00,0.98,0.89,0.68,0.09,0.00,inferred
Waltham Forest,2021-07-05,1.00,1.00,0.98,0.89,0.68,0.09,0.00,inferred
Waltham Forest,2021-07-06,0.99,0.97,0.91,0.78,0.63,0.20,0.01,projected
Waltham Forest,2021-07-07,0.99,0.97,0.91,0.78,0.63,0.20,0.01,projected
Waltham Forest,2021-07-08,0.99,0.97,0.91,0.78,0.63,0.20,0.01,projected
Waltham Forest,2021-07-09,0.99,0.97,0.91,0.78,0.63,0.20,0.01,projected
Waltham Forest,2021-07-10,0.99,0.97,0.91,0.78,0.63,0.20,0.01,projected
Waltham Forest,2021-07-11,0.99,0.97,0.91,0.78,0.63,0.20,0.01,projected
Waltham Forest,2021-07-12,0.99,0.97,0.91,0.78,0.63,0.20,0.01,projected
Waltham Forest,2021-07-13,0.98,0.95,0.87,0.77,0.64,0.25,0.03,projected
Waltham Forest,2021-07-14,0.98,0.95,0.87,0.77,0.64,0.25,0.03,projected
Waltham Forest,2021-07-15,0.98,0.95,0.87,0.77,0.64,0.25,0.03,projected
Waltham Forest,2021-07-16,0.98,0.95,0.87,0.77,0.64,0.25,0.03,projected
Waltham Forest,2021-07-17,0.98,0.95,0.87,0.77,0.64,0.25,0.03,projected
Waltham Forest,2021-07-18,0.98,0.95,0.87,0.77,0.64,0.25,0.03,projected
Waltham Forest,2021-07-19,0.98,0.95,0.87,0.77,0.64,0.25,0.03,projected
Waltham Forest,2021-07-20,0.97,0.93,0.86,0.74,0.63,0.28,0.04,projected
Waltham Forest,2021-07-21,0.97,0.93,0.86,0.74,0.63,0.28,0.04,projected
Waltham Forest,2021-07-22,0.97,0.93,0.86,0.74,0.63,0.28,0.04,projected
Waltham Forest,2021-07-23,0.97,0.93,0.86,0.74,0.63,0.28,0.04,projected
Waltham Forest,2021-07-24,0.97,0.93,0.86,0.74,0.63,0.28,0.04,projected
Waltham Forest,2021-07-25,0.97,0.93,0.86,0.74,0.63,0.28,0.04,projected
Waltham Forest,2021-07-26,0.97,0.93,0.86,0.74,0.63,0.28,0.04,projected
Wandsworth,2021-03-23,0.10,0.01,0.00,0.00,0.00,0.00,0.00,inferred
Wandsworth,2021-03-24,0.10,0.01,0.00,0.00,0.00,0.00,0.00,inferred
Wandsworth,2021-03-25,0.10,0.01,0.00,0.00,0.00,0.00,0.00,inferred
Wandsworth,2021-03-26,0.10,0.01,0.00,0.00,0.00,0.00,0.00,inferred
Wandsworth,2021-03-27,0.10,0.01,0.00,0.00,0.00,0.00,0.00,inferred
Wandsworth,2021-03-28,0.10,0.01,0.00,0.00,0.00,0.00,0.00,inferred
Wandsworth,2021-03-29,0.10,0.01,0.00,0.00,0.00,0.00,0.00,inferred
Wandsworth,2021-03-30,0.90,0.66,0.32,0.09,0.02,0.00,0.00,inferred
Wandsworth,2021-03-31,0.90,0.66,0.32,0.09,0.02,0.00,0.00,inferred
Wandsworth,2021-04-01,0.90,0.66,0.32,0.09,0.02,0.00,0.00,inferred
Wandsworth,2021-04-02,0.90,0.66,0.32,0.09,0.02,0.00,0.00,inferred
Wandsworth,2021-04-03,0.90,0.66,0.32,0.09,0.02,0.00,0.00,inferred
Wandsworth,2021-04-04,0.90,0.66,0.32,0.09,0.02,0.00,0.00,inferred
Wandsworth,2021-04-05,0.90,0.66,0.32,0.09,0.02,0.00,0.00,inferred
Wandsworth,2021-04-06,0.99,0.91,0.63,0.33,0.11,0.00,0.00,inferred
Wandsworth,2021-04-07,0.99,0.91,0.63,0.33,0.11,0.00,0.00,inferred
Wandsworth,2021-04-08,0.99,0.91,0.63,0.33,0.11,0.00,0.00,inferred
Wandsworth,2021-04-09,0.99,0.91,0.63,0.33,0.11,0.00,0.00,inferred
Wandsworth,2021-04-10,0.99,0.91,0.63,0.33,0.11,0.00,0.00,inferred
Wandsworth,2021-04-11,0.99,0.91,0.63,0.33,0.11,0.00,0.00,inferred
Wandsworth,2021-04-12,0.99,0.91,0.63,0.33,0.11,0.00,0.00,inferred
Wandsworth,2021-04-13,0.94,0.72,0.41,0.14,0.03,0.00,0.00,inferred
Wandsworth,2021-04-14,0.94,0.72,0.41,0.14,0.03,0.00,0.00,inferred
Wandsworth,2021-04-15,0.94,0.72,0.41,0.14,0.03,0.00,0.00,inferred
Wandsworth,2021-04-16,0.94,0.72,0.41,0.14,0.03,0.00,0.00,inferred
Wandsworth,2021-04-17,0.94,0.72,0.41,0.14,0.03,0.00,0.00,inferred
Wandsworth,2021-04-18,0.94,0.72,0.41,0.14,0.03,0.00,0.00,inferred
Wandsworth,2021-04-19,0.94,0.72,0.41,0.14,0.03,0.00,0.00,inferred
Wandsworth,2021-04-20,0.11,0.02,0.00,0.00,0.00,0.00,0.00,inferred
Wandsworth,2021-04-21,0.11,0.02,0.00,0.00,0.00,0.00,0.00,inferred
Wandsworth,2021-04-22,0.11,0.02,0.00,0.00,0.00,0.00,0.00,inferred
Wandsworth,2021-04-23,0.11,0.02,0.00,0.00,0.00,0.00,0.00,inferred
Wandsworth,2021-04-24,0.11,0.02,0.00,0.00,0.00,0.00,0.00,inferred
Wandsworth,2021-04-25,0.11,0.02,0.00,0.00,0.00,0.00,0.00,inferred
Wandsworth,2021-04-26,0.11,0.02,0.00,0.00,0.00,0.00,0.00,inferred
Wandsworth,2021-04-27,0.76,0.48,0.20,0.05,0.01,0.00,0.00,inferred
Wandsworth,2021-04-28,0.76,0.48,0.20,0.05,0.01,0.00,0.00,inferred
Wandsworth,2021-04-29,0.76,0.48,0.20,0.05,0.01,0.00,0.00,inferred
Wandsworth,2021-04-30,0.76,0.48,0.20,0.05,0.01,0.00,0.00,inferred
Wandsworth,2021-05-01,0.76,0.48,0.20,0.05,0.01,0.00,0.00,inferred
Wandsworth,2021-05-02,0.76,0.48,0.20,0.05,0.01,0.00,0.00,inferred
Wandsworth,2021-05-03,0.76,0.48,0.20,0.05,0.01,0.00,0.00,inferred
Wandsworth,2021-05-04,0.87,0.63,0.35,0.13,0.04,0.00,0.00,inferred
Wandsworth,2021-05-05,0.87,0.63,0.35,0.13,0.04,0.00,0.00,inferred
Wandsworth,2021-05-06,0.87,0.63,0.35,0.13,0.04,0.00,0.00,inferred
Wandsworth,2021-05-07,0.87,0.63,0.35,0.13,0.04,0.00,0.00,inferred
Wandsworth,2021-05-08,0.87,0.63,0.35,0.13,0.04,0.00,0.00,inferred
Wandsworth,2021-05-09,0.87,0.63,0.35,0.13,0.04,0.00,0.00,inferred
Wandsworth,2021-05-10,0.87,0.63,0.35,0.13,0.04,0.00,0.00,inferred
Wandsworth,2021-05-11,1.00,0.99,0.91,0.76,0.50,0.03,0.00,inferred
Wandsworth,2021-05-12,1.00,0.99,0.91,0.76,0.50,0.03,0.00,inferred
Wandsworth,2021-05-13,1.00,0.99,0.91,0.76,0.50,0.03,0.00,inferred
Wandsworth,2021-05-14,1.00,0.99,0.91,0.76,0.50,0.03,0.00,inferred
Wandsworth,2021-05-15,1.00,0.99,0.91,0.76,0.50,0.03,0.00,inferred
Wandsworth,2021-05-16,1.00,0.99,0.91,0.76,0.50,0.03,0.00,inferred
Wandsworth,2021-05-17,1.00,0.99,0.91,0.76,0.50,0.03,0.00,inferred
Wandsworth,2021-05-18,1.00,1.00,1.00,1.00,1.00,0.93,0.17,inferred
Wandsworth,2021-05-19,1.00,1.00,1.00,1.00,1.00,0.93,0.17,inferred
Wandsworth,2021-05-20,1.00,1.00,1.00,1.00,1.00,0.93,0.17,inferred
Wandsworth,2021-05-21,1.00,1.00,1.00,1.00,1.00,0.93,0.17,inferred
Wandsworth,2021-05-22,1.00,1.00,1.00,1.00,1.00,0.93,0.17,inferred
Wandsworth,2021-05-23,1.00,1.00,1.00,1.00,1.00,0.93,0.17,inferred
Wandsworth,2021-05-24,1.00,1.00,1.00,1.00,1.00,0.93,0.17,inferred
Wandsworth,2021-05-25,1.00,1.00,1.00,1.00,1.00,1.00,0.85,inferred
Wandsworth,2021-05-26,1.00,1.00,1.00,1.00,1.00,1.00,0.85,inferred
Wandsworth,2021-05-27,1.00,1.00,1.00,1.00,1.00,1.00,0.85,inferred
Wandsworth,2021-05-28,1.00,1.00,1.00,1.00,1.00,1.00,0.85,inferred
Wandsworth,2021-05-29,1.00,1.00,1.00,1.00,1.00,1.00,0.85,inferred
Wandsworth,2021-05-30,1.00,1.00,1.00,1.00,1.00,1.00,0.85,inferred
Wandsworth,2021-05-31,1.00,1.00,1.00,1.00,1.00,1.00,0.85,inferred
Wandsworth,2021-06-01,1.00,1.00,1.00,1.00,0.95,0.54,0.01,inferred
Wandsworth,2021-06-02,1.00,1.00,1.00,1.00,0.95,0.54,0.01,inferred
Wandsworth,2021-06-03,1.00,1.00,1.00,1.00,0.95,0.54,0.01,inferred
Wandsworth,2021-06-04,1.00,1.00,1.00,1.00,0.95,0.54,0.01,inferred
Wandsworth,2021-06-05,1.00,1.00,1.00,1.00,0.95,0.54,0.01,inferred
Wandsworth,2021-06-06,1.00,1.00,1.00,1.00,0.95,0.54,0.01,inferred
Wandsworth,2021-06-07,1.00,1.00,1.00,1.00,0.95,0.54,0.01,inferred
Wandsworth,2021-06-08,1.00,1.00,0.87,0.51,0.15,0.00,0.00,inferred
Wandsworth,2021-06-09,1.00,1.00,0.87,0.51,0.15,0.00,0.00,inferred
Wandsworth,2021-06-10,1.00,1.00,0.87,0.51,0.15,0.00,0.00,inferred
Wandsworth,2021-06-11,1.00,1.00,0.87,0.51,0.15,0.00,0.00,inferred
Wandsworth,2021-06-12,1.00,1.00,0.87,0.51,0.15,0.00,0.00,inferred
Wandsworth,2021-06-13,1.00,1.00,0.87,0.51,0.15,0.00,0.00,inferred
Wandsworth,2021-06-14,1.00,1.00,0.87,0.51,0.15,0.00,0.00,inferred
Wandsworth,2021-06-15,1.00,1.00,1.00,1.00,1.00,0.92,0.00,inferred
Wandsworth,2021-06-16,1.00,1.00,1.00,1.00,1.00,0.92,0.00,inferred
Wandsworth,2021-06-17,1.00,1.00,1.00,1.00,1.00,0.92,0.00,inferred
Wandsworth,2021-06-18,1.00,1.00,1.00,1.00,1.00,0.92,0.00,inferred
Wandsworth,2021-06-19,1.00,1.00,1.00,1.00,1.00,0.92,0.00,inferred
Wandsworth,2021-06-20,1.00,1.00,1.00,1.00,1.00,0.92,0.00,inferred
Wandsworth,2021-06-21,1.00,1.00,1.00,1.00,1.00,0.92,0.00,inferred
Wandsworth,2021-06-22,1.00,1.00,1.00,1.00,1.00,0.78,0.02,inferred
Wandsworth,2021-06-23,1.00,1.00,1.00,1.00,1.00,0.78,0.02,inferred
Wandsworth,2021-06-24,1.00,1.00,1.00,1.00,1.00,0.78,0.02,inferred
Wandsworth,2021-06-25,1.00,1.00,1.00,1.00,1.00,0.78,0.02,inferred
Wandsworth,2021-06-26,1.00,1.00,1.00,1.00,1.00,0.78,0.02,inferred
Wandsworth,2021-06-27,1.00,1.00,1.00,1.00,1.00,0.78,0.02,inferred
Wandsworth,2021-06-28,1.00,1.00,1.00,1.00,1.00,0.78,0.02,inferred
Wandsworth,2021-06-29,1.00,0.98,0.88,0.63,0.34,0.01,0.00,inferred
Wandsworth,2021-06-30,1.00,0.98,0.88,0.63,0.34,0.01,0.00,inferred
Wandsworth,2021-07-01,1.00,0.98,0.88,0.63,0.34,0.01,0.00,inferred
Wandsworth,2021-07-02,1.00,0.98,0.88,0.63,0.34,0.01,0.00,inferred
Wandsworth,2021-07-03,1.00,0.98,0.88,0.63,0.34,0.01,0.00,inferred
Wandsworth,2021-07-04,1.00,0.98,0.88,0.63,0.34,0.01,0.00,inferred
Wandsworth,2021-07-05,1.00,0.98,0.88,0.63,0.34,0.01,0.00,inferred
Wandsworth,2021-07-06,0.98,0.91,0.77,0.57,0.39,0.09,0.00,projected
Wandsworth,2021-07-07,0.98,0.91,0.77,0.57,0.39,0.09,0.00,projected
Wandsworth,2021-07-08,0.98,0.91,0.77,0.57,0.39,0.09,0.00,projected
Wandsworth,2021-07-09,0.98,0.91,0.77,0.57,0.39,0.09,0.00,projected
Wandsworth,2021-07-10,0.98,0.91,0.77,0.57,0.39,0.09,0.00,projected
Wandsworth,2021-07-11,0.98,0.91,0.77,0.57,0.39,0.09,0.00,projected
Wandsworth,2021-07-12,0.98,0.91,0.77,0.57,0.39,0.09,0.00,projected
Wandsworth,2021-07-13,0.95,0.87,0.72,0.56,0.41,0.13,0.01,projected
Wandsworth,2021-07-14,0.95,0.87,0.72,0.56,0.41,0.13,0.01,projected
Wandsworth,2021-07-15,0.95,0.87,0.72,0.56,0.41,0.13,0.01,projected
Wandsworth,2021-07-16,0.95,0.87,0.72,0.56,0.41,0.13,0.01,projected
Wandsworth,2021-07-17,0.95,0.87,0.72,0.56,0.41,0.13,0.01,projected
Wandsworth,2021-07-18,0.95,0.87,0.72,0.56,0.41,0.13,0.01,projected
Wandsworth,2021-07-19,0.95,0.87,0.72,0.56,0.41,0.13,0.01,projected
Wandsworth,2021-07-20,0.94,0.87,0.75,0.60,0.45,0.14,0.02,projected
Wandsworth,2021-07-21,0.94,0.87,0.75,0.60,0.45,0.14,0.02,projected
Wandsworth,2021-07-22,0.94,0.87,0.75,0.60,0.45,0.14,0.02,projected
Wandsworth,2021-07-23,0.94,0.87,0.75,0.60,0.45,0.14,0.02,projected
Wandsworth,2021-07-24,0.94,0.87,0.75,0.60,0.45,0.14,0.02,projected
Wandsworth,2021-07-25,0.94,0.87,0.75,0.60,0.45,0.14,0.02,projected
Wandsworth,2021-07-26,0.94,0.87,0.75,0.60,0.45,0.14,0.02,projected
Warrington,2021-03-23,0.01,0.00,0.00,0.00,0.00,0.00,0.00,inferred
Warrington,2021-03-24,0.01,0.00,0.00,0.00,0.00,0.00,0.00,inferred
Warrington,2021-03-25,0.01,0.00,0.00,0.00,0.00,0.00,0.00,inferred
Warrington,2021-03-26,0.01,0.00,0.00,0.00,0.00,0.00,0.00,inferred
Warrington,2021-03-27,0.01,0.00,0.00,0.00,0.00,0.00,0.00,inferred
Warrington,2021-03-28,0.01,0.00,0.00,0.00,0.00,0.00,0.00,inferred
Warrington,2021-03-29,0.01,0.00,0.00,0.00,0.00,0.00,0.00,inferred
Warrington,2021-03-30,0.66,0.37,0.15,0.04,0.01,0.00,0.00,inferred
Warrington,2021-03-31,0.66,0.37,0.15,0.04,0.01,0.00,0.00,inferred
Warrington,2021-04-01,0.66,0.37,0.15,0.04,0.01,0.00,0.00,inferred
Warrington,2021-04-02,0.66,0.37,0.15,0.04,0.01,0.00,0.00,inferred
Warrington,2021-04-03,0.66,0.37,0.15,0.04,0.01,0.00,0.00,inferred
Warrington,2021-04-04,0.66,0.37,0.15,0.04,0.01,0.00,0.00,inferred
Warrington,2021-04-05,0.66,0.37,0.15,0.04,0.01,0.00,0.00,inferred
Warrington,2021-04-06,0.35,0.14,0.04,0.01,0.00,0.00,0.00,inferred
Warrington,2021-04-07,0.35,0.14,0.04,0.01,0.00,0.00,0.00,inferred
Warrington,2021-04-08,0.35,0.14,0.04,0.01,0.00,0.00,0.00,inferred
Warrington,2021-04-09,0.35,0.14,0.04,0.01,0.00,0.00,0.00,inferred
Warrington,2021-04-10,0.35,0.14,0.04,0.01,0.00,0.00,0.00,inferred
Warrington,2021-04-11,0.35,0.14,0.04,0.01,0.00,0.00,0.00,inferred
Warrington,2021-04-12,0.35,0.14,0.04,0.01,0.00,0.00,0.00,inferred
Warrington,2021-04-13,0.58,0.34,0.14,0.05,0.01,0.00,0.00,inferred
Warrington,2021-04-14,0.58,0.34,0.14,0.05,0.01,0.00,0.00,inferred
Warrington,2021-04-15,0.58,0.34,0.14,0.05,0.01,0.00,0.00,inferred
Warrington,2021-04-16,0.58,0.34,0.14,0.05,0.01,0.00,0.00,inferred
Warrington,2021-04-17,0.58,0.34,0.14,0.05,0.01,0.00,0.00,inferred
Warrington,2021-04-18,0.58,0.34,0.14,0.05,0.01,0.00,0.00,inferred
Warrington,2021-04-19,0.58,0.34,0.14,0.05,0.01,0.00,0.00,inferred
Warrington,2021-04-20,0.65,0.39,0.19,0.07,0.02,0.00,0.00,inferred
Warrington,2021-04-21,0.65,0.39,0.19,0.07,0.02,0.00,0.00,inferred
Warrington,2021-04-22,0.65,0.39,0.19,0.07,0.02,0.00,0.00,inferred
Warrington,2021-04-23,0.65,0.39,0.19,0.07,0.02,0.00,0.00,inferred
Warrington,2021-04-24,0.65,0.39,0.19,0.07,0.02,0.00,0.00,inferred
Warrington,2021-04-25,0.65,0.39,0.19,0.07,0.02,0.00,0.00,inferred
Warrington,2021-04-26,0.65,0.39,0.19,0.07,0.02,0.00,0.00,inferred
Warrington,2021-04-27,0.30,0.13,0.05,0.01,0.00,0.00,0.00,inferred
Warrington,2021-04-28,0.30,0.13,0.05,0.01,0.00,0.00,0.00,inferred
Warrington,2021-04-29,0.30,0.13,0.05,0.01,0.00,0.00,0.00,inferred
Warrington,2021-04-30,0.30,0.13,0.05,0.01,0.00,0.00,0.00,inferred
Warrington,2021-05-01,0.30,0.13,0.05,0.01,0.00,0.00,0.00,inferred
Warrington,2021-05-02,0.30,0.13,0.05,0.01,0.00,0.00,0.00,inferred
Warrington,2021-05-03,0.30,0.13,0.05,0.01,0.00,0.00,0.00,inferred
Warrington,2021-05-04,0.41,0.22,0.10,0.03,0.01,0.00,0.00,inferred
Warrington,2021-05-05,0.41,0.22,0.10,0.03,0.01,0.00,0.00,inferred
Warrington,2021-05-06,0.41,0.22,0.10,0.03,0.01,0.00,0.00,inferred
Warrington,2021-05-07,0.41,0.22,0.10,0.03,0.01,0.00,0.00,inferred
Warrington,2021-05-08,0.41,0.22,0.10,0.03,0.01,0.00,0.00,inferred
Warrington,2021-05-09,0.41,0.22,0.10,0.03,0.01,0.00,0.00,inferred
Warrington,2021-05-10,0.41,0.22,0.10,0.03,0.01,0.00,0.00,inferred
Warrington,2021-05-11,0.73,0.53,0.35,0.19,0.11,0.01,0.00,inferred
Warrington,2021-05-12,0.73,0.53,0.35,0.19,0.11,0.01,0.00,inferred
Warrington,2021-05-13,0.73,0.53,0.35,0.19,0.11,0.01,0.00,inferred
Warrington,2021-05-14,0.73,0.53,0.35,0.19,0.11,0.01,0.00,inferred
Warrington,2021-05-15,0.73,0.53,0.35,0.19,0.11,0.01,0.00,inferred
Warrington,2021-05-16,0.73,0.53,0.35,0.19,0.11,0.01,0.00,inferred
Warrington,2021-05-17,0.73,0.53,0.35,0.19,0.11,0.01,0.00,inferred
Warrington,2021-05-18,1.00,1.00,1.00,1.00,1.00,0.97,0.62,inferred
Warrington,2021-05-19,1.00,1.00,1.00,1.00,1.00,0.97,0.62,inferred
Warrington,2021-05-20,1.00,1.00,1.00,1.00,1.00,0.97,0.62,inferred
Warrington,2021-05-21,1.00,1.00,1.00,1.00,1.00,0.97,0.62,inferred
Warrington,2021-05-22,1.00,1.00,1.00,1.00,1.00,0.97,0.62,inferred
Warrington,2021-05-23,1.00,1.00,1.00,1.00,1.00,0.97,0.62,inferred
Warrington,2021-05-24,1.00,1.00,1.00,1.00,1.00,0.97,0.62,inferred
Warrington,2021-05-25,1.00,1.00,1.00,1.00,1.00,1.00,0.98,inferred
Warrington,2021-05-26,1.00,1.00,1.00,1.00,1.00,1.00,0.98,inferred
Warrington,2021-05-27,1.00,1.00,1.00,1.00,1.00,1.00,0.98,inferred
Warrington,2021-05-28,1.00,1.00,1.00,1.00,1.00,1.00,0.98,inferred
Warrington,2021-05-29,1.00,1.00,1.00,1.00,1.00,1.00,0.98,inferred
Warrington,2021-05-30,1.00,1.00,1.00,1.00,1.00,1.00,0.98,inferred
Warrington,2021-05-31,1.00,1.00,1.00,1.00,1.00,1.00,0.98,inferred
Warrington,2021-06-01,1.00,1.00,1.00,1.00,1.00,0.92,0.54,inferred
Warrington,2021-06-02,1.00,1.00,1.00,1.00,1.00,0.92,0.54,inferred
Warrington,2021-06-03,1.00,1.00,1.00,1.00,1.00,0.92,0.54,inferred
Warrington,2021-06-04,1.00,1.00,1.00,1.00,1.00,0.92,0.54,inferred
Warrington,2021-06-05,1.00,1.00,1.00,1.00,1.00,0.92,0.54,inferred
Warrington,2021-06-06,1.00,1.00,1.00,1.00,1.00,0.92,0.54,inferred
Warrington,2021-06-07,1.00,1.00,1.00,1.00,1.00,0.92,0.54,inferred
Warrington,2021-06-08,1.00,1.00,1.00,0.98,0.90,0.32,0.00,inferred
Warrington,2021-06-09,1.00,1.00,1.00,0.98,0.90,0.32,0.00,inferred
Warrington,2021-06-10,1.00,1.00,1.00,0.98,0.90,0.32,0.00,inferred
Warrington,2021-06-11,1.00,1.00,1.00,0.98,0.90,0.32,0.00,inferred
Warrington,2021-06-12,1.00,1.00,1.00,0.98,0.90,0.32,0.00,inferred
Warrington,2021-06-13,1.00,1.00,1.00,0.98,0.90,0.32,0.00,inferred
Warrington,2021-06-14,1.00,1.00,1.00,0.98,0.90,0.32,0.00,inferred
Warrington,2021-06-15,1.00,1.00,1.00,1.00,0.97,0.28,0.00,inferred
Warrington,2021-06-16,1.00,1.00,1.00,1.00,0.97,0.28,0.00,inferred
Warrington,2021-06-17,1.00,1.00,1.00,1.00,0.97,0.28,0.00,inferred
Warrington,2021-06-18,1.00,1.00,1.00,1.00,0.97,0.28,0.00,inferred
Warrington,2021-06-19,1.00,1.00,1.00,1.00,0.97,0.28,0.00,inferred
Warrington,2021-06-20,1.00,1.00,1.00,1.00,0.97,0.28,0.00,inferred
Warrington,2021-06-21,1.00,1.00,1.00,1.00,0.97,0.28,0.00,inferred
Warrington,2021-06-22,1.00,1.00,1.00,0.98,0.86,0.08,0.00,inferred
Warrington,2021-06-23,1.00,1.00,1.00,0.98,0.86,0.08,0.00,inferred
Warrington,2021-06-24,1.00,1.00,1.00,0.98,0.86,0.08,0.00,inferred
Warrington,2021-06-25,1.00,1.00,1.00,0.98,0.86,0.08,0.00,inferred
Warrington,2021-06-26,1.00,1.00,1.00,0.98,0.86,0.08,0.00,inferred
Warrington,2021-06-27,1.00,1.00,1.00,0.98,0.86,0.08,0.00,inferred
Warrington,2021-06-28,1.00,1.00,1.00,0.98,0.86,0.08,0.00,inferred
Warrington,2021-06-29,0.90,0.70,0.45,0.24,0.10,0.00,0.00,inferred
Warrington,2021-06-30,0.90,0.70,0.45,0.24,0.10,0.00,0.00,inferred
Warrington,2021-07-01,0.90,0.70,0.45,0.24,0.10,0.00,0.00,inferred
Warrington,2021-07-02,0.90,0.70,0.45,0.24,0.10,0.00,0.00,inferred
Warrington,2021-07-03,0.90,0.70,0.45,0.24,0.10,0.00,0.00,inferred
Warrington,2021-07-04,0.90,0.70,0.45,0.24,0.10,0.00,0.00,inferred
Warrington,2021-07-05,0.90,0.70,0.45,0.24,0.10,0.00,0.00,inferred
Warrington,2021-07-06,0.76,0.62,0.46,0.33,0.22,0.06,0.01,projected
Warrington,2021-07-07,0.76,0.62,0.46,0.33,0.22,0.06,0.01,projected
Warrington,2021-07-08,0.76,0.62,0.46,0.33,0.22,0.06,0.01,projected
Warrington,2021-07-09,0.76,0.62,0.46,0.33,0.22,0.06,0.01,projected
Warrington,2021-07-10,0.76,0.62,0.46,0.33,0.22,0.06,0.01,projected
Warrington,2021-07-11,0.76,0.62,0.46,0.33,0.22,0.06,0.01,projected
Warrington,2021-07-12,0.76,0.62,0.46,0.33,0.22,0.06,0.01,projected
Warrington,2021-07-13,0.73,0.60,0.48,0.38,0.28,0.11,0.02,projected
Warrington,2021-07-14,0.73,0.60,0.48,0.38,0.28,0.11,0.02,projected
Warrington,2021-07-15,0.73,0.60,0.48,0.38,0.28,0.11,0.02,projected
Warrington,2021-07-16,0.73,0.60,0.48,0.38,0.28,0.11,0.02,projected
Warrington,2021-07-17,0.73,0.60,0.48,0.38,0.28,0.11,0.02,projected
Warrington,2021-07-18,0.73,0.60,0.48,0.38,0.28,0.11,0.02,projected
Warrington,2021-07-19,0.73,0.60,0.48,0.38,0.28,0.11,0.02,projected
Warrington,2021-07-20,0.74,0.63,0.52,0.41,0.31,0.15,0.04,projected
Warrington,2021-07-21,0.74,0.63,0.52,0.41,0.31,0.15,0.04,projected
Warrington,2021-07-22,0.74,0.63,0.52,0.41,0.31,0.15,0.04,projected
Warrington,2021-07-23,0.74,0.63,0.52,0.41,0.31,0.15,0.04,projected
Warrington,2021-07-24,0.74,0.63,0.52,0.41,0.31,0.15,0.04,projected
Warrington,2021-07-25,0.74,0.63,0.52,0.41,0.31,0.15,0.04,projected
Warrington,2021-07-26,0.74,0.63,0.52,0.41,0.31,0.15,0.04,projected
Warwick,2021-03-23,0.17,0.06,0.02,0.00,0.00,0.00,0.00,inferred
Warwick,2021-03-24,0.17,0.06,0.02,0.00,0.00,0.00,0.00,inferred
Warwick,2021-03-25,0.17,0.06,0.02,0.00,0.00,0.00,0.00,inferred
Warwick,2021-03-26,0.17,0.06,0.02,0.00,0.00,0.00,0.00,inferred
Warwick,2021-03-27,0.17,0.06,0.02,0.00,0.00,0.00,0.00,inferred
Warwick,2021-03-28,0.17,0.06,0.02,0.00,0.00,0.00,0.00,inferred
Warwick,2021-03-29,0.17,0.06,0.02,0.00,0.00,0.00,0.00,inferred
Warwick,2021-03-30,0.17,0.06,0.02,0.00,0.00,0.00,0.00,inferred
Warwick,2021-03-31,0.17,0.06,0.02,0.00,0.00,0.00,0.00,inferred
Warwick,2021-04-01,0.17,0.06,0.02,0.00,0.00,0.00,0.00,inferred
Warwick,2021-04-02,0.17,0.06,0.02,0.00,0.00,0.00,0.00,inferred
Warwick,2021-04-03,0.17,0.06,0.02,0.00,0.00,0.00,0.00,inferred
Warwick,2021-04-04,0.17,0.06,0.02,0.00,0.00,0.00,0.00,inferred
Warwick,2021-04-05,0.17,0.06,0.02,0.00,0.00,0.00,0.00,inferred
Warwick,2021-04-06,0.25,0.11,0.04,0.02,0.00,0.00,0.00,inferred
Warwick,2021-04-07,0.25,0.11,0.04,0.02,0.00,0.00,0.00,inferred
Warwick,2021-04-08,0.25,0.11,0.04,0.02,0.00,0.00,0.00,inferred
Warwick,2021-04-09,0.25,0.11,0.04,0.02,0.00,0.00,0.00,inferred
Warwick,2021-04-10,0.25,0.11,0.04,0.02,0.00,0.00,0.00,inferred
Warwick,2021-04-11,0.25,0.11,0.04,0.02,0.00,0.00,0.00,inferred
Warwick,2021-04-12,0.25,0.11,0.04,0.02,0.00,0.00,0.00,inferred
Warwick,2021-04-13,0.81,0.66,0.49,0.32,0.18,0.03,0.00,inferred
Warwick,2021-04-14,0.81,0.66,0.49,0.32,0.18,0.03,0.00,inferred
Warwick,2021-04-15,0.81,0.66,0.49,0.32,0.18,0.03,0.00,inferred
Warwick,2021-04-16,0.81,0.66,0.49,0.32,0.18,0.03,0.00,inferred
Warwick,2021-04-17,0.81,0.66,0.49,0.32,0.18,0.03,0.00,inferred
Warwick,2021-04-18,0.81,0.66,0.49,0.32,0.18,0.03,0.00,inferred
Warwick,2021-04-19,0.81,0.66,0.49,0.32,0.18,0.03,0.00,inferred
Warwick,2021-04-20,0.87,0.71,0.54,0.37,0.22,0.03,0.00,inferred
Warwick,2021-04-21,0.87,0.71,0.54,0.37,0.22,0.03,0.00,inferred
Warwick,2021-04-22,0.87,0.71,0.54,0.37,0.22,0.03,0.00,inferred
Warwick,2021-04-23,0.87,0.71,0.54,0.37,0.22,0.03,0.00,inferred
Warwick,2021-04-24,0.87,0.71,0.54,0.37,0.22,0.03,0.00,inferred
Warwick,2021-04-25,0.87,0.71,0.54,0.37,0.22,0.03,0.00,inferred
Warwick,2021-04-26,0.87,0.71,0.54,0.37,0.22,0.03,0.00,inferred
Warwick,2021-04-27,0.48,0.28,0.16,0.06,0.03,0.00,0.00,inferred
Warwick,2021-04-28,0.48,0.28,0.16,0.06,0.03,0.00,0.00,inferred
Warwick,2021-04-29,0.48,0.28,0.16,0.06,0.03,0.00,0.00,inferred
Warwick,2021-04-30,0.48,0.28,0.16,0.06,0.03,0.00,0.00,inferred
Warwick,2021-05-01,0.48,0.28,0.16,0.06,0.03,0.00,0.00,inferred
Warwick,2021-05-02,0.48,0.28,0.16,0.06,0.03,0.00,0.00,inferred
Warwick,2021-05-03,0.48,0.28,0.16,0.06,0.03,0.00,0.00,inferred
Warwick,2021-05-04,0.34,0.20,0.10,0.04,0.02,0.00,0.00,inferred
Warwick,2021-05-05,0.34,0.20,0.10,0.04,0.02,0.00,0.00,inferred
Warwick,2021-05-06,0.34,0.20,0.10,0.04,0.02,0.00,0.00,inferred
Warwick,2021-05-07,0.34,0.20,0.10,0.04,0.02,0.00,0.00,inferred
Warwick,2021-05-08,0.34,0.20,0.10,0.04,0.02,0.00,0.00,inferred
Warwick,2021-05-09,0.34,0.20,0.10,0.04,0.02,0.00,0.00,inferred
Warwick,2021-05-10,0.34,0.20,0.10,0.04,0.02,0.00,0.00,inferred
Warwick,2021-05-11,0.54,0.36,0.23,0.13,0.07,0.01,0.00,inferred
Warwick,2021-05-12,0.54,0.36,0.23,0.13,0.07,0.01,0.00,inferred
Warwick,2021-05-13,0.54,0.36,0.23,0.13,0.07,0.01,0.00,inferred
Warwick,2021-05-14,0.54,0.36,0.23,0.13,0.07,0.01,0.00,inferred
Warwick,2021-05-15,0.54,0.36,0.23,0.13,0.07,0.01,0.00,inferred
Warwick,2021-05-16,0.54,0.36,0.23,0.13,0.07,0.01,0.00,inferred
Warwick,2021-05-17,0.54,0.36,0.23,0.13,0.07,0.01,0.00,inferred
Warwick,2021-05-18,0.99,0.98,0.95,0.90,0.82,0.49,0.10,inferred
Warwick,2021-05-19,0.99,0.98,0.95,0.90,0.82,0.49,0.10,inferred
Warwick,2021-05-20,0.99,0.98,0.95,0.90,0.82,0.49,0.10,inferred
Warwick,2021-05-21,0.99,0.98,0.95,0.90,0.82,0.49,0.10,inferred
Warwick,2021-05-22,0.99,0.98,0.95,0.90,0.82,0.49,0.10,inferred
Warwick,2021-05-23,0.99,0.98,0.95,0.90,0.82,0.49,0.10,inferred
Warwick,2021-05-24,0.99,0.98,0.95,0.90,0.82,0.49,0.10,inferred
Warwick,2021-05-25,1.00,1.00,1.00,0.99,0.99,0.90,0.51,inferred
Warwick,2021-05-26,1.00,1.00,1.00,0.99,0.99,0.90,0.51,inferred
Warwick,2021-05-27,1.00,1.00,1.00,0.99,0.99,0.90,0.51,inferred
Warwick,2021-05-28,1.00,1.00,1.00,0.99,0.99,0.90,0.51,inferred
Warwick,2021-05-29,1.00,1.00,1.00,0.99,0.99,0.90,0.51,inferred
Warwick,2021-05-30,1.00,1.00,1.00,0.99,0.99,0.90,0.51,inferred
Warwick,2021-05-31,1.00,1.00,1.00,0.99,0.99,0.90,0.51,inferred
Warwick,2021-06-01,1.00,1.00,1.00,1.00,1.00,0.98,0.64,inferred
Warwick,2021-06-02,1.00,1.00,1.00,1.00,1.00,0.98,0.64,inferred
Warwick,2021-06-03,1.00,1.00,1.00,1.00,1.00,0.98,0.64,inferred
Warwick,2021-06-04,1.00,1.00,1.00,1.00,1.00,0.98,0.64,inferred
Warwick,2021-06-05,1.00,1.00,1.00,1.00,1.00,0.98,0.64,inferred
Warwick,2021-06-06,1.00,1.00,1.00,1.00,1.00,0.98,0.64,inferred
Warwick,2021-06-07,1.00,1.00,1.00,1.00,1.00,0.98,0.64,inferred
Warwick,2021-06-08,1.00,1.00,1.00,1.00,1.00,1.00,0.99,inferred
Warwick,2021-06-09,1.00,1.00,1.00,1.00,1.00,1.00,0.99,inferred
Warwick,2021-06-10,1.00,1.00,1.00,1.00,1.00,1.00,0.99,inferred
Warwick,2021-06-11,1.00,1.00,1.00,1.00,1.00,1.00,0.99,inferred
Warwick,2021-06-12,1.00,1.00,1.00,1.00,1.00,1.00,0.99,inferred
Warwick,2021-06-13,1.00,1.00,1.00,1.00,1.00,1.00,0.99,inferred
Warwick,2021-06-14,1.00,1.00,1.00,1.00,1.00,1.00,0.99,inferred
Warwick,2021-06-15,1.00,1.00,1.00,1.00,1.00,1.00,0.89,inferred
Warwick,2021-06-16,1.00,1.00,1.00,1.00,1.00,1.00,0.89,inferred
Warwick,2021-06-17,1.00,1.00,1.00,1.00,1.00,1.00,0.89,inferred
Warwick,2021-06-18,1.00,1.00,1.00,1.00,1.00,1.00,0.89,inferred
Warwick,2021-06-19,1.00,1.00,1.00,1.00,1.00,1.00,0.89,inferred
Warwick,2021-06-20,1.00,1.00,1.00,1.00,1.00,1.00,0.89,inferred
Warwick,2021-06-21,1.00,1.00,1.00,1.00,1.00,1.00,0.89,inferred
Warwick,2021-06-22,1.00,1.00,0.97,0.85,0.66,0.12,0.00,inferred
Warwick,2021-06-23,1.00,1.00,0.97,0.85,0.66,0.12,0.00,inferred
Warwick,2021-06-24,1.00,1.00,0.97,0.85,0.66,0.12,0.00,inferred
Warwick,2021-06-25,1.00,1.00,0.97,0.85,0.66,0.12,0.00,inferred
Warwick,2021-06-26,1.00,1.00,0.97,0.85,0.66,0.12,0.00,inferred
Warwick,2021-06-27,1.00,1.00,0.97,0.85,0.66,0.12,0.00,inferred
Warwick,2021-06-28,1.00,1.00,0.97,0.85,0.66,0.12,0.00,inferred
Warwick,2021-06-29,0.47,0.20,0.08,0.02,0.01,0.00,0.00,inferred
Warwick,2021-06-30,0.47,0.20,0.08,0.02,0.01,0.00,0.00,inferred
Warwick,2021-07-01,0.47,0.20,0.08,0.02,0.01,0.00,0.00,inferred
Warwick,2021-07-02,0.47,0.20,0.08,0.02,0.01,0.00,0.00,inferred
Warwick,2021-07-03,0.47,0.20,0.08,0.02,0.01,0.00,0.00,inferred
Warwick,2021-07-04,0.47,0.20,0.08,0.02,0.01,0.00,0.00,inferred
Warwick,2021-07-05,0.47,0.20,0.08,0.02,0.01,0.00,0.00,inferred
Warwick,2021-07-06,0.59,0.42,0.28,0.17,0.11,0.03,0.00,projected
Warwick,2021-07-07,0.59,0.42,0.28,0.17,0.11,0.03,0.00,projected
Warwick,2021-07-08,0.59,0.42,0.28,0.17,0.11,0.03,0.00,projected
Warwick,2021-07-09,0.59,0.42,0.28,0.17,0.11,0.03,0.00,projected
Warwick,2021-07-10,0.59,0.42,0.28,0.17,0.11,0.03,0.00,projected
Warwick,2021-07-11,0.59,0.42,0.28,0.17,0.11,0.03,0.00,projected
Warwick,2021-07-12,0.59,0.42,0.28,0.17,0.11,0.03,0.00,projected
Warwick,2021-07-13,0.69,0.54,0.43,0.32,0.22,0.08,0.01,projected
Warwick,2021-07-14,0.69,0.54,0.43,0.32,0.22,0.08,0.01,projected
Warwick,2021-07-15,0.69,0.54,0.43,0.32,0.22,0.08,0.01,projected
Warwick,2021-07-16,0.69,0.54,0.43,0.32,0.22,0.08,0.01,projected
Warwick,2021-07-17,0.69,0.54,0.43,0.32,0.22,0.08,0.01,projected
Warwick,2021-07-18,0.69,0.54,0.43,0.32,0.22,0.08,0.01,projected
Warwick,2021-07-19,0.69,0.54,0.43,0.32,0.22,0.08,0.01,projected
Warwick,2021-07-20,0.78,0.67,0.55,0.44,0.35,0.15,0.04,projected
Warwick,2021-07-21,0.78,0.67,0.55,0.44,0.35,0.15,0.04,projected
Warwick,2021-07-22,0.78,0.67,0.55,0.44,0.35,0.15,0.04,projected
Warwick,2021-07-23,0.78,0.67,0.55,0.44,0.35,0.15,0.04,projected
Warwick,2021-07-24,0.78,0.67,0.55,0.44,0.35,0.15,0.04,projected
Warwick,2021-07-25,0.78,0.67,0.55,0.44,0.35,0.15,0.04,projected
Warwick,2021-07-26,0.78,0.67,0.55,0.44,0.35,0.15,0.04,projected
Watford,2021-03-23,0.95,0.85,0.67,0.46,0.25,0.02,0.00,inferred
Watford,2021-03-24,0.95,0.85,0.67,0.46,0.25,0.02,0.00,inferred
Watford,2021-03-25,0.95,0.85,0.67,0.46,0.25,0.02,0.00,inferred
Watford,2021-03-26,0.95,0.85,0.67,0.46,0.25,0.02,0.00,inferred
Watford,2021-03-27,0.95,0.85,0.67,0.46,0.25,0.02,0.00,inferred
Watford,2021-03-28,0.95,0.85,0.67,0.46,0.25,0.02,0.00,inferred
Watford,2021-03-29,0.95,0.85,0.67,0.46,0.25,0.02,0.00,inferred
Watford,2021-03-30,0.88,0.71,0.48,0.28,0.14,0.00,0.00,inferred
Watford,2021-03-31,0.88,0.71,0.48,0.28,0.14,0.00,0.00,inferred
Watford,2021-04-01,0.88,0.71,0.48,0.28,0.14,0.00,0.00,inferred
Watford,2021-04-02,0.88,0.71,0.48,0.28,0.14,0.00,0.00,inferred
Watford,2021-04-03,0.88,0.71,0.48,0.28,0.14,0.00,0.00,inferred
Watford,2021-04-04,0.88,0.71,0.48,0.28,0.14,0.00,0.00,inferred
Watford,2021-04-05,0.88,0.71,0.48,0.28,0.14,0.00,0.00,inferred
Watford,2021-04-06,0.78,0.58,0.35,0.17,0.07,0.00,0.00,inferred
Watford,2021-04-07,0.78,0.58,0.35,0.17,0.07,0.00,0.00,inferred
Watford,2021-04-08,0.78,0.58,0.35,0.17,0.07,0.00,0.00,inferred
Watford,2021-04-09,0.78,0.58,0.35,0.17,0.07,0.00,0.00,inferred
Watford,2021-04-10,0.78,0.58,0.35,0.17,0.07,0.00,0.00,inferred
Watford,2021-04-11,0.78,0.58,0.35,0.17,0.07,0.00,0.00,inferred
Watford,2021-04-12,0.78,0.58,0.35,0.17,0.07,0.00,0.00,inferred
Watford,2021-04-13,0.80,0.58,0.36,0.19,0.08,0.00,0.00,inferred
Watford,2021-04-14,0.80,0.58,0.36,0.19,0.08,0.00,0.00,inferred
Watford,2021-04-15,0.80,0.58,0.36,0.19,0.08,0.00,0.00,inferred
Watford,2021-04-16,0.80,0.58,0.36,0.19,0.08,0.00,0.00,inferred
Watford,2021-04-17,0.80,0.58,0.36,0.19,0.08,0.00,0.00,inferred
Watford,2021-04-18,0.80,0.58,0.36,0.19,0.08,0.00,0.00,inferred
Watford,2021-04-19,0.80,0.58,0.36,0.19,0.08,0.00,0.00,inferred
Watford,2021-04-20,0.79,0.57,0.34,0.19,0.09,0.00,0.00,inferred
Watford,2021-04-21,0.79,0.57,0.34,0.19,0.09,0.00,0.00,inferred
Watford,2021-04-22,0.79,0.57,0.34,0.19,0.09,0.00,0.00,inferred
Watford,2021-04-23,0.79,0.57,0.34,0.19,0.09,0.00,0.00,inferred
Watford,2021-04-24,0.79,0.57,0.34,0.19,0.09,0.00,0.00,inferred
Watford,2021-04-25,0.79,0.57,0.34,0.19,0.09,0.00,0.00,inferred
Watford,2021-04-26,0.79,0.57,0.34,0.19,0.09,0.00,0.00,inferred
Watford,2021-04-27,0.99,0.96,0.88,0.73,0.54,0.10,0.00,inferred
Watford,2021-04-28,0.99,0.96,0.88,0.73,0.54,0.10,0.00,inferred
Watford,2021-04-29,0.99,0.96,0.88,0.73,0.54,0.10,0.00,inferred
Watford,2021-04-30,0.99,0.96,0.88,0.73,0.54,0.10,0.00,inferred
Watford,2021-05-01,0.99,0.96,0.88,0.73,0.54,0.10,0.00,inferred
Watford,2021-05-02,0.99,0.96,0.88,0.73,0.54,0.10,0.00,inferred
Watford,2021-05-03,0.99,0.96,0.88,0.73,0.54,0.10,0.00,inferred
Watford,2021-05-04,0.93,0.80,0.61,0.40,0.21,0.01,0.00,inferred
Watford,2021-05-05,0.93,0.80,0.61,0.40,0.21,0.01,0.00,inferred
Watford,2021-05-06,0.93,0.80,0.61,0.40,0.21,0.01,0.00,inferred
Watford,2021-05-07,0.93,0.80,0.61,0.40,0.21,0.01,0.00,inferred
Watford,2021-05-08,0.93,0.80,0.61,0.40,0.21,0.01,0.00,inferred
Watford,2021-05-09,0.93,0.80,0.61,0.40,0.21,0.01,0.00,inferred
Watford,2021-05-10,0.93,0.80,0.61,0.40,0.21,0.01,0.00,inferred
Watford,2021-05-11,1.00,0.97,0.88,0.72,0.51,0.06,0.00,inferred
Watford,2021-05-12,1.00,0.97,0.88,0.72,0.51,0.06,0.00,inferred
Watford,2021-05-13,1.00,0.97,0.88,0.72,0.51,0.06,0.00,inferred
Watford,2021-05-14,1.00,0.97,0.88,0.72,0.51,0.06,0.00,inferred
Watford,2021-05-15,1.00,0.97,0.88,0.72,0.51,0.06,0.00,inferred
Watford,2021-05-16,1.00,0.97,0.88,0.72,0.51,0.06,0.00,inferred
Watford,2021-05-17,1.00,0.97,0.88,0.72,0.51,0.06,0.00,inferred
Watford,2021-05-18,1.00,1.00,0.98,0.91,0.77,0.22,0.00,inferred
Watford,2021-05-19,1.00,1.00,0.98,0.91,0.77,0.22,0.00,inferred
Watford,2021-05-20,1.00,1.00,0.98,0.91,0.77,0.22,0.00,inferred
Watford,2021-05-21,1.00,1.00,0.98,0.91,0.77,0.22,0.00,inferred
Watford,2021-05-22,1.00,1.00,0.98,0.91,0.77,0.22,0.00,inferred
Watford,2021-05-23,1.00,1.00,0.98,0.91,0.77,0.22,0.00,inferred
Watford,2021-05-24,1.00,1.00,0.98,0.91,0.77,0.22,0.00,inferred
Watford,2021-05-25,0.97,0.89,0.73,0.49,0.27,0.02,0.00,inferred
Watford,2021-05-26,0.97,0.89,0.73,0.49,0.27,0.02,0.00,inferred
Watford,2021-05-27,0.97,0.89,0.73,0.49,0.27,0.02,0.00,inferred
Watford,2021-05-28,0.97,0.89,0.73,0.49,0.27,0.02,0.00,inferred
Watford,2021-05-29,0.97,0.89,0.73,0.49,0.27,0.02,0.00,inferred
Watford,2021-05-30,0.97,0.89,0.73,0.49,0.27,0.02,0.00,inferred
Watford,2021-05-31,0.97,0.89,0.73,0.49,0.27,0.02,0.00,inferred
Watford,2021-06-01,0.97,0.87,0.67,0.39,0.19,0.01,0.00,inferred
Watford,2021-06-02,0.97,0.87,0.67,0.39,0.19,0.01,0.00,inferred
Watford,2021-06-03,0.97,0.87,0.67,0.39,0.19,0.01,0.00,inferred
Watford,2021-06-04,0.97,0.87,0.67,0.39,0.19,0.01,0.00,inferred
Watford,2021-06-05,0.97,0.87,0.67,0.39,0.19,0.01,0.00,inferred
Watford,2021-06-06,0.97,0.87,0.67,0.39,0.19,0.01,0.00,inferred
Watford,2021-06-07,0.97,0.87,0.67,0.39,0.19,0.01,0.00,inferred
Watford,2021-06-08,0.98,0.88,0.65,0.39,0.17,0.00,0.00,inferred
Watford,2021-06-09,0.98,0.88,0.65,0.39,0.17,0.00,0.00,inferred
Watford,2021-06-10,0.98,0.88,0.65,0.39,0.17,0.00,0.00,inferred
Watford,2021-06-11,0.98,0.88,0.65,0.39,0.17,0.00,0.00,inferred
Watford,2021-06-12,0.98,0.88,0.65,0.39,0.17,0.00,0.00,inferred
Watford,2021-06-13,0.98,0.88,0.65,0.39,0.17,0.00,0.00,inferred
Watford,2021-06-14,0.98,0.88,0.65,0.39,0.17,0.00,0.00,inferred
Watford,2021-06-15,1.00,1.00,1.00,1.00,0.97,0.48,0.01,inferred
Watford,2021-06-16,1.00,1.00,1.00,1.00,0.97,0.48,0.01,inferred
Watford,2021-06-17,1.00,1.00,1.00,1.00,0.97,0.48,0.01,inferred
Watford,2021-06-18,1.00,1.00,1.00,1.00,0.97,0.48,0.01,inferred
Watford,2021-06-19,1.00,1.00,1.00,1.00,0.97,0.48,0.01,inferred
Watford,2021-06-20,1.00,1.00,1.00,1.00,0.97,0.48,0.01,inferred
Watford,2021-06-21,1.00,1.00,1.00,1.00,0.97,0.48,0.01,inferred
Watford,2021-06-22,1.00,1.00,1.00,1.00,1.00,0.98,0.45,inferred
Watford,2021-06-23,1.00,1.00,1.00,1.00,1.00,0.98,0.45,inferred
Watford,2021-06-24,1.00,1.00,1.00,1.00,1.00,0.98,0.45,inferred
Watford,2021-06-25,1.00,1.00,1.00,1.00,1.00,0.98,0.45,inferred
Watford,2021-06-26,1.00,1.00,1.00,1.00,1.00,0.98,0.45,inferred
Watford,2021-06-27,1.00,1.00,1.00,1.00,1.00,0.98,0.45,inferred
Watford,2021-06-28,1.00,1.00,1.00,1.00,1.00,0.98,0.45,inferred
Watford,2021-06-29,1.00,1.00,1.00,0.99,0.98,0.77,0.20,inferred
Watford,2021-06-30,1.00,1.00,1.00,0.99,0.98,0.77,0.20,inferred
Watford,2021-07-01,1.00,1.00,1.00,0.99,0.98,0.77,0.20,inferred
Watford,2021-07-02,1.00,1.00,1.00,0.99,0.98,0.77,0.20,inferred
Watford,2021-07-03,1.00,1.00,1.00,0.99,0.98,0.77,0.20,inferred
Watford,2021-07-04,1.00,1.00,1.00,0.99,0.98,0.77,0.20,inferred
Watford,2021-07-05,1.00,1.00,1.00,0.99,0.98,0.77,0.20,inferred
Watford,2021-07-06,1.00,0.99,0.97,0.94,0.87,0.60,0.21,projected
Watford,2021-07-07,1.00,0.99,0.97,0.94,0.87,0.60,0.21,projected
Watford,2021-07-08,1.00,0.99,0.97,0.94,0.87,0.60,0.21,projected
Watford,2021-07-09,1.00,0.99,0.97,0.94,0.87,0.60,0.21,projected
Watford,2021-07-10,1.00,0.99,0.97,0.94,0.87,0.60,0.21,projected
Watford,2021-07-11,1.00,0.99,0.97,0.94,0.87,0.60,0.21,projected
Watford,2021-07-12,1.00,0.99,0.97,0.94,0.87,0.60,0.21,projected
Watford,2021-07-13,0.99,0.98,0.94,0.87,0.80,0.54,0.18,projected
Watford,2021-07-14,0.99,0.98,0.94,0.87,0.80,0.54,0.18,projected
Watford,2021-07-15,0.99,0.98,0.94,0.87,0.80,0.54,0.18,projected
Watford,2021-07-16,0.99,0.98,0.94,0.87,0.80,0.54,0.18,projected
Watford,2021-07-17,0.99,0.98,0.94,0.87,0.80,0.54,0.18,projected
Watford,2021-07-18,0.99,0.98,0.94,0.87,0.80,0.54,0.18,projected
Watford,2021-07-19,0.99,0.98,0.94,0.87,0.80,0.54,0.18,projected
Watford,2021-07-20,0.98,0.95,0.91,0.85,0.76,0.48,0.17,projected
Watford,2021-07-21,0.98,0.95,0.91,0.85,0.76,0.48,0.17,projected
Watford,2021-07-22,0.98,0.95,0.91,0.85,0.76,0.48,0.17,projected
Watford,2021-07-23,0.98,0.95,0.91,0.85,0.76,0.48,0.17,projected
Watford,2021-07-24,0.98,0.95,0.91,0.85,0.76,0.48,0.17,projected
Watford,2021-07-25,0.98,0.95,0.91,0.85,0.76,0.48,0.17,projected
Watford,2021-07-26,0.98,0.95,0.91,0.85,0.76,0.48,0.17,projected
Waverley,2021-03-23,0.40,0.20,0.09,0.04,0.01,0.00,0.00,inferred
Waverley,2021-03-24,0.40,0.20,0.09,0.04,0.01,0.00,0.00,inferred
Waverley,2021-03-25,0.40,0.20,0.09,0.04,0.01,0.00,0.00,inferred
Waverley,2021-03-26,0.40,0.20,0.09,0.04,0.01,0.00,0.00,inferred
Waverley,2021-03-27,0.40,0.20,0.09,0.04,0.01,0.00,0.00,inferred
Waverley,2021-03-28,0.40,0.20,0.09,0.04,0.01,0.00,0.00,inferred
Waverley,2021-03-29,0.40,0.20,0.09,0.04,0.01,0.00,0.00,inferred
Waverley,2021-03-30,0.83,0.69,0.50,0.35,0.22,0.04,0.00,inferred
Waverley,2021-03-31,0.83,0.69,0.50,0.35,0.22,0.04,0.00,inferred
Waverley,2021-04-01,0.83,0.69,0.50,0.35,0.22,0.04,0.00,inferred
Waverley,2021-04-02,0.83,0.69,0.50,0.35,0.22,0.04,0.00,inferred
Waverley,2021-04-03,0.83,0.69,0.50,0.35,0.22,0.04,0.00,inferred
Waverley,2021-04-04,0.83,0.69,0.50,0.35,0.22,0.04,0.00,inferred
Waverley,2021-04-05,0.83,0.69,0.50,0.35,0.22,0.04,0.00,inferred
Waverley,2021-04-06,0.98,0.95,0.89,0.82,0.72,0.33,0.04,inferred
Waverley,2021-04-07,0.98,0.95,0.89,0.82,0.72,0.33,0.04,inferred
Waverley,2021-04-08,0.98,0.95,0.89,0.82,0.72,0.33,0.04,inferred
Waverley,2021-04-09,0.98,0.95,0.89,0.82,0.72,0.33,0.04,inferred
Waverley,2021-04-10,0.98,0.95,0.89,0.82,0.72,0.33,0.04,inferred
Waverley,2021-04-11,0.98,0.95,0.89,0.82,0.72,0.33,0.04,inferred
Waverley,2021-04-12,0.98,0.95,0.89,0.82,0.72,0.33,0.04,inferred
Waverley,2021-04-13,1.00,0.99,0.98,0.94,0.87,0.50,0.07,inferred
Waverley,2021-04-14,1.00,0.99,0.98,0.94,0.87,0.50,0.07,inferred
Waverley,2021-04-15,1.00,0.99,0.98,0.94,0.87,0.50,0.07,inferred
Waverley,2021-04-16,1.00,0.99,0.98,0.94,0.87,0.50,0.07,inferred
Waverley,2021-04-17,1.00,0.99,0.98,0.94,0.87,0.50,0.07,inferred
Waverley,2021-04-18,1.00,0.99,0.98,0.94,0.87,0.50,0.07,inferred
Waverley,2021-04-19,1.00,0.99,0.98,0.94,0.87,0.50,0.07,inferred
Waverley,2021-04-20,0.49,0.29,0.13,0.06,0.03,0.00,0.00,inferred
Waverley,2021-04-21,0.49,0.29,0.13,0.06,0.03,0.00,0.00,inferred
Waverley,2021-04-22,0.49,0.29,0.13,0.06,0.03,0.00,0.00,inferred
Waverley,2021-04-23,0.49,0.29,0.13,0.06,0.03,0.00,0.00,inferred
Waverley,2021-04-24,0.49,0.29,0.13,0.06,0.03,0.00,0.00,inferred
Waverley,2021-04-25,0.49,0.29,0.13,0.06,0.03,0.00,0.00,inferred
Waverley,2021-04-26,0.49,0.29,0.13,0.06,0.03,0.00,0.00,inferred
Waverley,2021-04-27,0.21,0.09,0.03,0.01,0.00,0.00,0.00,inferred
Waverley,2021-04-28,0.21,0.09,0.03,0.01,0.00,0.00,0.00,inferred
Waverley,2021-04-29,0.21,0.09,0.03,0.01,0.00,0.00,0.00,inferred
Waverley,2021-04-30,0.21,0.09,0.03,0.01,0.00,0.00,0.00,inferred
Waverley,2021-05-01,0.21,0.09,0.03,0.01,0.00,0.00,0.00,inferred
Waverley,2021-05-02,0.21,0.09,0.03,0.01,0.00,0.00,0.00,inferred
Waverley,2021-05-03,0.21,0.09,0.03,0.01,0.00,0.00,0.00,inferred
Waverley,2021-05-04,0.48,0.31,0.16,0.09,0.04,0.00,0.00,inferred
Waverley,2021-05-05,0.48,0.31,0.16,0.09,0.04,0.00,0.00,inferred
Waverley,2021-05-06,0.48,0.31,0.16,0.09,0.04,0.00,0.00,inferred
Waverley,2021-05-07,0.48,0.31,0.16,0.09,0.04,0.00,0.00,inferred
Waverley,2021-05-08,0.48,0.31,0.16,0.09,0.04,0.00,0.00,inferred
Waverley,2021-05-09,0.48,0.31,0.16,0.09,0.04,0.00,0.00,inferred
Waverley,2021-05-10,0.48,0.31,0.16,0.09,0.04,0.00,0.00,inferred
Waverley,2021-05-11,0.62,0.45,0.29,0.17,0.09,0.01,0.00,inferred
Waverley,2021-05-12,0.62,0.45,0.29,0.17,0.09,0.01,0.00,inferred
Waverley,2021-05-13,0.62,0.45,0.29,0.17,0.09,0.01,0.00,inferred
Waverley,2021-05-14,0.62,0.45,0.29,0.17,0.09,0.01,0.00,inferred
Waverley,2021-05-15,0.62,0.45,0.29,0.17,0.09,0.01,0.00,inferred
Waverley,2021-05-16,0.62,0.45,0.29,0.17,0.09,0.01,0.00,inferred
Waverley,2021-05-17,0.62,0.45,0.29,0.17,0.09,0.01,0.00,inferred
Waverley,2021-05-18,0.94,0.88,0.79,0.67,0.52,0.20,0.01,inferred
Waverley,2021-05-19,0.94,0.88,0.79,0.67,0.52,0.20,0.01,inferred
Waverley,2021-05-20,0.94,0.88,0.79,0.67,0.52,0.20,0.01,inferred
Waverley,2021-05-21,0.94,0.88,0.79,0.67,0.52,0.20,0.01,inferred
Waverley,2021-05-22,0.94,0.88,0.79,0.67,0.52,0.20,0.01,inferred
Waverley,2021-05-23,0.94,0.88,0.79,0.67,0.52,0.20,0.01,inferred
Waverley,2021-05-24,0.94,0.88,0.79,0.67,0.52,0.20,0.01,inferred
Waverley,2021-05-25,0.99,0.99,0.97,0.94,0.90,0.63,0.15,inferred
Waverley,2021-05-26,0.99,0.99,0.97,0.94,0.90,0.63,0.15,inferred
Waverley,2021-05-27,0.99,0.99,0.97,0.94,0.90,0.63,0.15,inferred
Waverley,2021-05-28,0.99,0.99,0.97,0.94,0.90,0.63,0.15,inferred
Waverley,2021-05-29,0.99,0.99,0.97,0.94,0.90,0.63,0.15,inferred
Waverley,2021-05-30,0.99,0.99,0.97,0.94,0.90,0.63,0.15,inferred
Waverley,2021-05-31,0.99,0.99,0.97,0.94,0.90,0.63,0.15,inferred
Waverley,2021-06-01,1.00,1.00,1.00,1.00,1.00,0.92,0.47,inferred
Waverley,2021-06-02,1.00,1.00,1.00,1.00,1.00,0.92,0.47,inferred
Waverley,2021-06-03,1.00,1.00,1.00,1.00,1.00,0.92,0.47,inferred
Waverley,2021-06-04,1.00,1.00,1.00,1.00,1.00,0.92,0.47,inferred
Waverley,2021-06-05,1.00,1.00,1.00,1.00,1.00,0.92,0.47,inferred
Waverley,2021-06-06,1.00,1.00,1.00,1.00,1.00,0.92,0.47,inferred
Waverley,2021-06-07,1.00,1.00,1.00,1.00,1.00,0.92,0.47,inferred
Waverley,2021-06-08,1.00,1.00,1.00,0.99,0.98,0.77,0.20,inferred
Waverley,2021-06-09,1.00,1.00,1.00,0.99,0.98,0.77,0.20,inferred
Waverley,2021-06-10,1.00,1.00,1.00,0.99,0.98,0.77,0.20,inferred
Waverley,2021-06-11,1.00,1.00,1.00,0.99,0.98,0.77,0.20,inferred
Waverley,2021-06-12,1.00,1.00,1.00,0.99,0.98,0.77,0.20,inferred
Waverley,2021-06-13,1.00,1.00,1.00,0.99,0.98,0.77,0.20,inferred
Waverley,2021-06-14,1.00,1.00,1.00,0.99,0.98,0.77,0.20,inferred
Waverley,2021-06-15,1.00,1.00,1.00,1.00,1.00,0.97,0.53,inferred
Waverley,2021-06-16,1.00,1.00,1.00,1.00,1.00,0.97,0.53,inferred
Waverley,2021-06-17,1.00,1.00,1.00,1.00,1.00,0.97,0.53,inferred
Waverley,2021-06-18,1.00,1.00,1.00,1.00,1.00,0.97,0.53,inferred
Waverley,2021-06-19,1.00,1.00,1.00,1.00,1.00,0.97,0.53,inferred
Waverley,2021-06-20,1.00,1.00,1.00,1.00,1.00,0.97,0.53,inferred
Waverley,2021-06-21,1.00,1.00,1.00,1.00,1.00,0.97,0.53,inferred
Waverley,2021-06-22,1.00,1.00,1.00,1.00,0.99,0.77,0.11,inferred
Waverley,2021-06-23,1.00,1.00,1.00,1.00,0.99,0.77,0.11,inferred
Waverley,2021-06-24,1.00,1.00,1.00,1.00,0.99,0.77,0.11,inferred
Waverley,2021-06-25,1.00,1.00,1.00,1.00,0.99,0.77,0.11,inferred
Waverley,2021-06-26,1.00,1.00,1.00,1.00,0.99,0.77,0.11,inferred
Waverley,2021-06-27,1.00,1.00,1.00,1.00,0.99,0.77,0.11,inferred
Waverley,2021-06-28,1.00,1.00,1.00,1.00,0.99,0.77,0.11,inferred
Waverley,2021-06-29,0.99,0.98,0.92,0.82,0.67,0.23,0.01,inferred
Waverley,2021-06-30,0.99,0.98,0.92,0.82,0.67,0.23,0.01,inferred
Waverley,2021-07-01,0.99,0.98,0.92,0.82,0.67,0.23,0.01,inferred
Waverley,2021-07-02,0.99,0.98,0.92,0.82,0.67,0.23,0.01,inferred
Waverley,2021-07-03,0.99,0.98,0.92,0.82,0.67,0.23,0.01,inferred
Waverley,2021-07-04,0.99,0.98,0.92,0.82,0.67,0.23,0.01,inferred
Waverley,2021-07-05,0.99,0.98,0.92,0.82,0.67,0.23,0.01,inferred
Waverley,2021-07-06,0.97,0.92,0.86,0.75,0.63,0.31,0.06,projected
Waverley,2021-07-07,0.97,0.92,0.86,0.75,0.63,0.31,0.06,projected
Waverley,2021-07-08,0.97,0.92,0.86,0.75,0.63,0.31,0.06,projected
Waverley,2021-07-09,0.97,0.92,0.86,0.75,0.63,0.31,0.06,projected
Waverley,2021-07-10,0.97,0.92,0.86,0.75,0.63,0.31,0.06,projected
Waverley,2021-07-11,0.97,0.92,0.86,0.75,0.63,0.31,0.06,projected
Waverley,2021-07-12,0.97,0.92,0.86,0.75,0.63,0.31,0.06,projected
Waverley,2021-07-13,0.95,0.91,0.82,0.72,0.62,0.34,0.10,projected
Waverley,2021-07-14,0.95,0.91,0.82,0.72,0.62,0.34,0.10,projected
Waverley,2021-07-15,0.95,0.91,0.82,0.72,0.62,0.34,0.10,projected
Waverley,2021-07-16,0.95,0.91,0.82,0.72,0.62,0.34,0.10,projected
Waverley,2021-07-17,0.95,0.91,0.82,0.72,0.62,0.34,0.10,projected
Waverley,2021-07-18,0.95,0.91,0.82,0.72,0.62,0.34,0.10,projected
Waverley,2021-07-19,0.95,0.91,0.82,0.72,0.62,0.34,0.10,projected
Waverley,2021-07-20,0.95,0.91,0.84,0.76,0.66,0.38,0.12,projected
Waverley,2021-07-21,0.95,0.91,0.84,0.76,0.66,0.38,0.12,projected
Waverley,2021-07-22,0.95,0.91,0.84,0.76,0.66,0.38,0.12,projected
Waverley,2021-07-23,0.95,0.91,0.84,0.76,0.66,0.38,0.12,projected
Waverley,2021-07-24,0.95,0.91,0.84,0.76,0.66,0.38,0.12,projected
Waverley,2021-07-25,0.95,0.91,0.84,0.76,0.66,0.38,0.12,projected
Waverley,2021-07-26,0.95,0.91,0.84,0.76,0.66,0.38,0.12,projected
Wealden,2021-03-23,0.10,0.03,0.00,0.00,0.00,0.00,0.00,inferred
Wealden,2021-03-24,0.10,0.03,0.00,0.00,0.00,0.00,0.00,inferred
Wealden,2021-03-25,0.10,0.03,0.00,0.00,0.00,0.00,0.00,inferred
Wealden,2021-03-26,0.10,0.03,0.00,0.00,0.00,0.00,0.00,inferred
Wealden,2021-03-27,0.10,0.03,0.00,0.00,0.00,0.00,0.00,inferred
Wealden,2021-03-28,0.10,0.03,0.00,0.00,0.00,0.00,0.00,inferred
Wealden,2021-03-29,0.10,0.03,0.00,0.00,0.00,0.00,0.00,inferred
Wealden,2021-03-30,0.26,0.12,0.05,0.02,0.00,0.00,0.00,inferred
Wealden,2021-03-31,0.26,0.12,0.05,0.02,0.00,0.00,0.00,inferred
Wealden,2021-04-01,0.26,0.12,0.05,0.02,0.00,0.00,0.00,inferred
Wealden,2021-04-02,0.26,0.12,0.05,0.02,0.00,0.00,0.00,inferred
Wealden,2021-04-03,0.26,0.12,0.05,0.02,0.00,0.00,0.00,inferred
Wealden,2021-04-04,0.26,0.12,0.05,0.02,0.00,0.00,0.00,inferred
Wealden,2021-04-05,0.26,0.12,0.05,0.02,0.00,0.00,0.00,inferred
Wealden,2021-04-06,0.84,0.70,0.53,0.34,0.21,0.03,0.00,inferred
Wealden,2021-04-07,0.84,0.70,0.53,0.34,0.21,0.03,0.00,inferred
Wealden,2021-04-08,0.84,0.70,0.53,0.34,0.21,0.03,0.00,inferred
Wealden,2021-04-09,0.84,0.70,0.53,0.34,0.21,0.03,0.00,inferred
Wealden,2021-04-10,0.84,0.70,0.53,0.34,0.21,0.03,0.00,inferred
Wealden,2021-04-11,0.84,0.70,0.53,0.34,0.21,0.03,0.00,inferred
Wealden,2021-04-12,0.84,0.70,0.53,0.34,0.21,0.03,0.00,inferred
Wealden,2021-04-13,0.91,0.81,0.64,0.45,0.28,0.04,0.00,inferred
Wealden,2021-04-14,0.91,0.81,0.64,0.45,0.28,0.04,0.00,inferred
Wealden,2021-04-15,0.91,0.81,0.64,0.45,0.28,0.04,0.00,inferred
Wealden,2021-04-16,0.91,0.81,0.64,0.45,0.28,0.04,0.00,inferred
Wealden,2021-04-17,0.91,0.81,0.64,0.45,0.28,0.04,0.00,inferred
Wealden,2021-04-18,0.91,0.81,0.64,0.45,0.28,0.04,0.00,inferred
Wealden,2021-04-19,0.91,0.81,0.64,0.45,0.28,0.04,0.00,inferred
Wealden,2021-04-20,0.17,0.08,0.03,0.01,0.00,0.00,0.00,inferred
Wealden,2021-04-21,0.17,0.08,0.03,0.01,0.00,0.00,0.00,inferred
Wealden,2021-04-22,0.17,0.08,0.03,0.01,0.00,0.00,0.00,inferred
Wealden,2021-04-23,0.17,0.08,0.03,0.01,0.00,0.00,0.00,inferred
Wealden,2021-04-24,0.17,0.08,0.03,0.01,0.00,0.00,0.00,inferred
Wealden,2021-04-25,0.17,0.08,0.03,0.01,0.00,0.00,0.00,inferred
Wealden,2021-04-26,0.17,0.08,0.03,0.01,0.00,0.00,0.00,inferred
Wealden,2021-04-27,0.34,0.18,0.09,0.04,0.02,0.00,0.00,inferred
Wealden,2021-04-28,0.34,0.18,0.09,0.04,0.02,0.00,0.00,inferred
Wealden,2021-04-29,0.34,0.18,0.09,0.04,0.02,0.00,0.00,inferred
Wealden,2021-04-30,0.34,0.18,0.09,0.04,0.02,0.00,0.00,inferred
Wealden,2021-05-01,0.34,0.18,0.09,0.04,0.02,0.00,0.00,inferred
Wealden,2021-05-02,0.34,0.18,0.09,0.04,0.02,0.00,0.00,inferred
Wealden,2021-05-03,0.34,0.18,0.09,0.04,0.02,0.00,0.00,inferred
Wealden,2021-05-04,0.31,0.18,0.09,0.04,0.02,0.00,0.00,inferred
Wealden,2021-05-05,0.31,0.18,0.09,0.04,0.02,0.00,0.00,inferred
Wealden,2021-05-06,0.31,0.18,0.09,0.04,0.02,0.00,0.00,inferred
Wealden,2021-05-07,0.31,0.18,0.09,0.04,0.02,0.00,0.00,inferred
Wealden,2021-05-08,0.31,0.18,0.09,0.04,0.02,0.00,0.00,inferred
Wealden,2021-05-09,0.31,0.18,0.09,0.04,0.02,0.00,0.00,inferred
Wealden,2021-05-10,0.31,0.18,0.09,0.04,0.02,0.00,0.00,inferred
Wealden,2021-05-11,0.80,0.64,0.50,0.36,0.23,0.06,0.00,inferred
Wealden,2021-05-12,0.80,0.64,0.50,0.36,0.23,0.06,0.00,inferred
Wealden,2021-05-13,0.80,0.64,0.50,0.36,0.23,0.06,0.00,inferred
Wealden,2021-05-14,0.80,0.64,0.50,0.36,0.23,0.06,0.00,inferred
Wealden,2021-05-15,0.80,0.64,0.50,0.36,0.23,0.06,0.00,inferred
Wealden,2021-05-16,0.80,0.64,0.50,0.36,0.23,0.06,0.00,inferred
Wealden,2021-05-17,0.80,0.64,0.50,0.36,0.23,0.06,0.00,inferred
Wealden,2021-05-18,0.96,0.91,0.83,0.73,0.61,0.25,0.03,inferred
Wealden,2021-05-19,0.96,0.91,0.83,0.73,0.61,0.25,0.03,inferred
Wealden,2021-05-20,0.96,0.91,0.83,0.73,0.61,0.25,0.03,inferred
Wealden,2021-05-21,0.96,0.91,0.83,0.73,0.61,0.25,0.03,inferred
Wealden,2021-05-22,0.96,0.91,0.83,0.73,0.61,0.25,0.03,inferred
Wealden,2021-05-23,0.96,0.91,0.83,0.73,0.61,0.25,0.03,inferred
Wealden,2021-05-24,0.96,0.91,0.83,0.73,0.61,0.25,0.03,inferred
Wealden,2021-05-25,1.00,1.00,0.99,0.96,0.92,0.68,0.21,inferred
Wealden,2021-05-26,1.00,1.00,0.99,0.96,0.92,0.68,0.21,inferred
Wealden,2021-05-27,1.00,1.00,0.99,0.96,0.92,0.68,0.21,inferred
Wealden,2021-05-28,1.00,1.00,0.99,0.96,0.92,0.68,0.21,inferred
Wealden,2021-05-29,1.00,1.00,0.99,0.96,0.92,0.68,0.21,inferred
Wealden,2021-05-30,1.00,1.00,0.99,0.96,0.92,0.68,0.21,inferred
Wealden,2021-05-31,1.00,1.00,0.99,0.96,0.92,0.68,0.21,inferred
Wealden,2021-06-01,1.00,1.00,1.00,0.99,0.97,0.82,0.32,inferred
Wealden,2021-06-02,1.00,1.00,1.00,0.99,0.97,0.82,0.32,inferred
Wealden,2021-06-03,1.00,1.00,1.00,0.99,0.97,0.82,0.32,inferred
Wealden,2021-06-04,1.00,1.00,1.00,0.99,0.97,0.82,0.32,inferred
Wealden,2021-06-05,1.00,1.00,1.00,0.99,0.97,0.82,0.32,inferred
Wealden,2021-06-06,1.00,1.00,1.00,0.99,0.97,0.82,0.32,inferred
Wealden,2021-06-07,1.00,1.00,1.00,0.99,0.97,0.82,0.32,inferred
Wealden,2021-06-08,1.00,1.00,1.00,1.00,0.98,0.79,0.22,inferred
Wealden,2021-06-09,1.00,1.00,1.00,1.00,0.98,0.79,0.22,inferred
Wealden,2021-06-10,1.00,1.00,1.00,1.00,0.98,0.79,0.22,inferred
Wealden,2021-06-11,1.00,1.00,1.00,1.00,0.98,0.79,0.22,inferred
Wealden,2021-06-12,1.00,1.00,1.00,1.00,0.98,0.79,0.22,inferred
Wealden,2021-06-13,1.00,1.00,1.00,1.00,0.98,0.79,0.22,inferred
Wealden,2021-06-14,1.00,1.00,1.00,1.00,0.98,0.79,0.22,inferred
Wealden,2021-06-15,1.00,1.00,1.00,1.00,1.00,0.99,0.73,inferred
Wealden,2021-06-16,1.00,1.00,1.00,1.00,1.00,0.99,0.73,inferred
Wealden,2021-06-17,1.00,1.00,1.00,1.00,1.00,0.99,0.73,inferred
Wealden,2021-06-18,1.00,1.00,1.00,1.00,1.00,0.99,0.73,inferred
Wealden,2021-06-19,1.00,1.00,1.00,1.00,1.00,0.99,0.73,inferred
Wealden,2021-06-20,1.00,1.00,1.00,1.00,1.00,0.99,0.73,inferred
Wealden,2021-06-21,1.00,1.00,1.00,1.00,1.00,0.99,0.73,inferred
Wealden,2021-06-22,1.00,1.00,1.00,1.00,1.00,0.96,0.56,inferred
Wealden,2021-06-23,1.00,1.00,1.00,1.00,1.00,0.96,0.56,inferred
Wealden,2021-06-24,1.00,1.00,1.00,1.00,1.00,0.96,0.56,inferred
Wealden,2021-06-25,1.00,1.00,1.00,1.00,1.00,0.96,0.56,inferred
Wealden,2021-06-26,1.00,1.00,1.00,1.00,1.00,0.96,0.56,inferred
Wealden,2021-06-27,1.00,1.00,1.00,1.00,1.00,0.96,0.56,inferred
Wealden,2021-06-28,1.00,1.00,1.00,1.00,1.00,0.96,0.56,inferred
Wealden,2021-06-29,1.00,1.00,1.00,1.00,1.00,0.93,0.57,inferred
Wealden,2021-06-30,1.00,1.00,1.00,1.00,1.00,0.93,0.57,inferred
Wealden,2021-07-01,1.00,1.00,1.00,1.00,1.00,0.93,0.57,inferred
Wealden,2021-07-02,1.00,1.00,1.00,1.00,1.00,0.93,0.57,inferred
Wealden,2021-07-03,1.00,1.00,1.00,1.00,1.00,0.93,0.57,inferred
Wealden,2021-07-04,1.00,1.00,1.00,1.00,1.00,0.93,0.57,inferred
Wealden,2021-07-05,1.00,1.00,1.00,1.00,1.00,0.93,0.57,inferred
Wealden,2021-07-06,1.00,1.00,1.00,0.98,0.96,0.77,0.44,projected
Wealden,2021-07-07,1.00,1.00,1.00,0.98,0.96,0.77,0.44,projected
Wealden,2021-07-08,1.00,1.00,1.00,0.98,0.96,0.77,0.44,projected
Wealden,2021-07-09,1.00,1.00,1.00,0.98,0.96,0.77,0.44,projected
Wealden,2021-07-10,1.00,1.00,1.00,0.98,0.96,0.77,0.44,projected
Wealden,2021-07-11,1.00,1.00,1.00,0.98,0.96,0.77,0.44,projected
Wealden,2021-07-12,1.00,1.00,1.00,0.98,0.96,0.77,0.44,projected
Wealden,2021-07-13,1.00,0.99,0.97,0.94,0.90,0.70,0.37,projected
Wealden,2021-07-14,1.00,0.99,0.97,0.94,0.90,0.70,0.37,projected
Wealden,2021-07-15,1.00,0.99,0.97,0.94,0.90,0.70,0.37,projected
Wealden,2021-07-16,1.00,0.99,0.97,0.94,0.90,0.70,0.37,projected
Wealden,2021-07-17,1.00,0.99,0.97,0.94,0.90,0.70,0.37,projected
Wealden,2021-07-18,1.00,0.99,0.97,0.94,0.90,0.70,0.37,projected
Wealden,2021-07-19,1.00,0.99,0.97,0.94,0.90,0.70,0.37,projected
Wealden,2021-07-20,0.99,0.98,0.96,0.92,0.87,0.67,0.36,projected
Wealden,2021-07-21,0.99,0.98,0.96,0.92,0.87,0.67,0.36,projected
Wealden,2021-07-22,0.99,0.98,0.96,0.92,0.87,0.67,0.36,projected
Wealden,2021-07-23,0.99,0.98,0.96,0.92,0.87,0.67,0.36,projected
Wealden,2021-07-24,0.99,0.98,0.96,0.92,0.87,0.67,0.36,projected
Wealden,2021-07-25,0.99,0.98,0.96,0.92,0.87,0.67,0.36,projected
Wealden,2021-07-26,0.99,0.98,0.96,0.92,0.87,0.67,0.36,projected
Wellingborough,2021-03-23,0.98,0.91,0.75,0.53,0.27,0.00,0.00,inferred
Wellingborough,2021-03-24,0.98,0.91,0.75,0.53,0.27,0.00,0.00,inferred
Wellingborough,2021-03-25,0.98,0.91,0.75,0.53,0.27,0.00,0.00,inferred
Wellingborough,2021-03-26,0.98,0.91,0.75,0.53,0.27,0.00,0.00,inferred
Wellingborough,2021-03-27,0.98,0.91,0.75,0.53,0.27,0.00,0.00,inferred
Wellingborough,2021-03-28,0.98,0.91,0.75,0.53,0.27,0.00,0.00,inferred
Wellingborough,2021-03-29,0.98,0.91,0.75,0.53,0.27,0.00,0.00,inferred
Wellingborough,2021-03-30,0.89,0.71,0.44,0.23,0.09,0.00,0.00,inferred
Wellingborough,2021-03-31,0.89,0.71,0.44,0.23,0.09,0.00,0.00,inferred
Wellingborough,2021-04-01,0.89,0.71,0.44,0.23,0.09,0.00,0.00,inferred
Wellingborough,2021-04-02,0.89,0.71,0.44,0.23,0.09,0.00,0.00,inferred
Wellingborough,2021-04-03,0.89,0.71,0.44,0.23,0.09,0.00,0.00,inferred
Wellingborough,2021-04-04,0.89,0.71,0.44,0.23,0.09,0.00,0.00,inferred
Wellingborough,2021-04-05,0.89,0.71,0.44,0.23,0.09,0.00,0.00,inferred
Wellingborough,2021-04-06,0.31,0.11,0.03,0.00,0.00,0.00,0.00,inferred
Wellingborough,2021-04-07,0.31,0.11,0.03,0.00,0.00,0.00,0.00,inferred
Wellingborough,2021-04-08,0.31,0.11,0.03,0.00,0.00,0.00,0.00,inferred
Wellingborough,2021-04-09,0.31,0.11,0.03,0.00,0.00,0.00,0.00,inferred
Wellingborough,2021-04-10,0.31,0.11,0.03,0.00,0.00,0.00,0.00,inferred
Wellingborough,2021-04-11,0.31,0.11,0.03,0.00,0.00,0.00,0.00,inferred
Wellingborough,2021-04-12,0.31,0.11,0.03,0.00,0.00,0.00,0.00,inferred
Wellingborough,2021-04-13,0.52,0.29,0.15,0.05,0.02,0.00,0.00,inferred
Wellingborough,2021-04-14,0.52,0.29,0.15,0.05,0.02,0.00,0.00,inferred
Wellingborough,2021-04-15,0.52,0.29,0.15,0.05,0.02,0.00,0.00,inferred
Wellingborough,2021-04-16,0.52,0.29,0.15,0.05,0.02,0.00,0.00,inferred
Wellingborough,2021-04-17,0.52,0.29,0.15,0.05,0.02,0.00,0.00,inferred
Wellingborough,2021-04-18,0.52,0.29,0.15,0.05,0.02,0.00,0.00,inferred
Wellingborough,2021-04-19,0.52,0.29,0.15,0.05,0.02,0.00,0.00,inferred
Wellingborough,2021-04-20,0.76,0.55,0.31,0.14,0.05,0.00,0.00,inferred
Wellingborough,2021-04-21,0.76,0.55,0.31,0.14,0.05,0.00,0.00,inferred
Wellingborough,2021-04-22,0.76,0.55,0.31,0.14,0.05,0.00,0.00,inferred
Wellingborough,2021-04-23,0.76,0.55,0.31,0.14,0.05,0.00,0.00,inferred
Wellingborough,2021-04-24,0.76,0.55,0.31,0.14,0.05,0.00,0.00,inferred
Wellingborough,2021-04-25,0.76,0.55,0.31,0.14,0.05,0.00,0.00,inferred
Wellingborough,2021-04-26,0.76,0.55,0.31,0.14,0.05,0.00,0.00,inferred
Wellingborough,2021-04-27,0.94,0.83,0.64,0.44,0.26,0.03,0.00,inferred
Wellingborough,2021-04-28,0.94,0.83,0.64,0.44,0.26,0.03,0.00,inferred
Wellingborough,2021-04-29,0.94,0.83,0.64,0.44,0.26,0.03,0.00,inferred
Wellingborough,2021-04-30,0.94,0.83,0.64,0.44,0.26,0.03,0.00,inferred
Wellingborough,2021-05-01,0.94,0.83,0.64,0.44,0.26,0.03,0.00,inferred
Wellingborough,2021-05-02,0.94,0.83,0.64,0.44,0.26,0.03,0.00,inferred
Wellingborough,2021-05-03,0.94,0.83,0.64,0.44,0.26,0.03,0.00,inferred
Wellingborough,2021-05-04,0.54,0.33,0.15,0.05,0.02,0.00,0.00,inferred
Wellingborough,2021-05-05,0.54,0.33,0.15,0.05,0.02,0.00,0.00,inferred
Wellingborough,2021-05-06,0.54,0.33,0.15,0.05,0.02,0.00,0.00,inferred
Wellingborough,2021-05-07,0.54,0.33,0.15,0.05,0.02,0.00,0.00,inferred
Wellingborough,2021-05-08,0.54,0.33,0.15,0.05,0.02,0.00,0.00,inferred
Wellingborough,2021-05-09,0.54,0.33,0.15,0.05,0.02,0.00,0.00,inferred
Wellingborough,2021-05-10,0.54,0.33,0.15,0.05,0.02,0.00,0.00,inferred
Wellingborough,2021-05-11,0.82,0.63,0.42,0.24,0.11,0.00,0.00,inferred
Wellingborough,2021-05-12,0.82,0.63,0.42,0.24,0.11,0.00,0.00,inferred
Wellingborough,2021-05-13,0.82,0.63,0.42,0.24,0.11,0.00,0.00,inferred
Wellingborough,2021-05-14,0.82,0.63,0.42,0.24,0.11,0.00,0.00,inferred
Wellingborough,2021-05-15,0.82,0.63,0.42,0.24,0.11,0.00,0.00,inferred
Wellingborough,2021-05-16,0.82,0.63,0.42,0.24,0.11,0.00,0.00,inferred
Wellingborough,2021-05-17,0.82,0.63,0.42,0.24,0.11,0.00,0.00,inferred
Wellingborough,2021-05-18,0.63,0.42,0.22,0.11,0.03,0.00,0.00,inferred
Wellingborough,2021-05-19,0.63,0.42,0.22,0.11,0.03,0.00,0.00,inferred
Wellingborough,2021-05-20,0.63,0.42,0.22,0.11,0.03,0.00,0.00,inferred
Wellingborough,2021-05-21,0.63,0.42,0.22,0.11,0.03,0.00,0.00,inferred
Wellingborough,2021-05-22,0.63,0.42,0.22,0.11,0.03,0.00,0.00,inferred
Wellingborough,2021-05-23,0.63,0.42,0.22,0.11,0.03,0.00,0.00,inferred
Wellingborough,2021-05-24,0.63,0.42,0.22,0.11,0.03,0.00,0.00,inferred
Wellingborough,2021-05-25,0.94,0.84,0.70,0.53,0.34,0.05,0.00,inferred
Wellingborough,2021-05-26,0.94,0.84,0.70,0.53,0.34,0.05,0.00,inferred
Wellingborough,2021-05-27,0.94,0.84,0.70,0.53,0.34,0.05,0.00,inferred
Wellingborough,2021-05-28,0.94,0.84,0.70,0.53,0.34,0.05,0.00,inferred
Wellingborough,2021-05-29,0.94,0.84,0.70,0.53,0.34,0.05,0.00,inferred
Wellingborough,2021-05-30,0.94,0.84,0.70,0.53,0.34,0.05,0.00,inferred
Wellingborough,2021-05-31,0.94,0.84,0.70,0.53,0.34,0.05,0.00,inferred
Wellingborough,2021-06-01,0.97,0.89,0.77,0.61,0.42,0.09,0.00,inferred
Wellingborough,2021-06-02,0.97,0.89,0.77,0.61,0.42,0.09,0.00,inferred
Wellingborough,2021-06-03,0.97,0.89,0.77,0.61,0.42,0.09,0.00,inferred
Wellingborough,2021-06-04,0.97,0.89,0.77,0.61,0.42,0.09,0.00,inferred
Wellingborough,2021-06-05,0.97,0.89,0.77,0.61,0.42,0.09,0.00,inferred
Wellingborough,2021-06-06,0.97,0.89,0.77,0.61,0.42,0.09,0.00,inferred
Wellingborough,2021-06-07,0.97,0.89,0.77,0.61,0.42,0.09,0.00,inferred
Wellingborough,2021-06-08,0.89,0.76,0.54,0.35,0.19,0.02,0.00,inferred
Wellingborough,2021-06-09,0.89,0.76,0.54,0.35,0.19,0.02,0.00,inferred
Wellingborough,2021-06-10,0.89,0.76,0.54,0.35,0.19,0.02,0.00,inferred
Wellingborough,2021-06-11,0.89,0.76,0.54,0.35,0.19,0.02,0.00,inferred
Wellingborough,2021-06-12,0.89,0.76,0.54,0.35,0.19,0.02,0.00,inferred
Wellingborough,2021-06-13,0.89,0.76,0.54,0.35,0.19,0.02,0.00,inferred
Wellingborough,2021-06-14,0.89,0.76,0.54,0.35,0.19,0.02,0.00,inferred
Wellingborough,2021-06-15,1.00,1.00,1.00,1.00,0.99,0.82,0.20,inferred
Wellingborough,2021-06-16,1.00,1.00,1.00,1.00,0.99,0.82,0.20,inferred
Wellingborough,2021-06-17,1.00,1.00,1.00,1.00,0.99,0.82,0.20,inferred
Wellingborough,2021-06-18,1.00,1.00,1.00,1.00,0.99,0.82,0.20,inferred
Wellingborough,2021-06-19,1.00,1.00,1.00,1.00,0.99,0.82,0.20,inferred
Wellingborough,2021-06-20,1.00,1.00,1.00,1.00,0.99,0.82,0.20,inferred
Wellingborough,2021-06-21,1.00,1.00,1.00,1.00,0.99,0.82,0.20,inferred
Wellingborough,2021-06-22,1.00,1.00,1.00,1.00,1.00,1.00,0.88,inferred
Wellingborough,2021-06-23,1.00,1.00,1.00,1.00,1.00,1.00,0.88,inferred
Wellingborough,2021-06-24,1.00,1.00,1.00,1.00,1.00,1.00,0.88,inferred
Wellingborough,2021-06-25,1.00,1.00,1.00,1.00,1.00,1.00,0.88,inferred
Wellingborough,2021-06-26,1.00,1.00,1.00,1.00,1.00,1.00,0.88,inferred
Wellingborough,2021-06-27,1.00,1.00,1.00,1.00,1.00,1.00,0.88,inferred
Wellingborough,2021-06-28,1.00,1.00,1.00,1.00,1.00,1.00,0.88,inferred
Wellingborough,2021-06-29,1.00,0.99,0.98,0.94,0.86,0.55,0.13,inferred
Wellingborough,2021-06-30,1.00,0.99,0.98,0.94,0.86,0.55,0.13,inferred
Wellingborough,2021-07-01,1.00,0.99,0.98,0.94,0.86,0.55,0.13,inferred
Wellingborough,2021-07-02,1.00,0.99,0.98,0.94,0.86,0.55,0.13,inferred
Wellingborough,2021-07-03,1.00,0.99,0.98,0.94,0.86,0.55,0.13,inferred
Wellingborough,2021-07-04,1.00,0.99,0.98,0.94,0.86,0.55,0.13,inferred
Wellingborough,2021-07-05,1.00,0.99,0.98,0.94,0.86,0.55,0.13,inferred
Wellingborough,2021-07-06,0.98,0.95,0.91,0.85,0.76,0.49,0.17,projected
Wellingborough,2021-07-07,0.98,0.95,0.91,0.85,0.76,0.49,0.17,projected
Wellingborough,2021-07-08,0.98,0.95,0.91,0.85,0.76,0.49,0.17,projected
Wellingborough,2021-07-09,0.98,0.95,0.91,0.85,0.76,0.49,0.17,projected
Wellingborough,2021-07-10,0.98,0.95,0.91,0.85,0.76,0.49,0.17,projected
Wellingborough,2021-07-11,0.98,0.95,0.91,0.85,0.76,0.49,0.17,projected
Wellingborough,2021-07-12,0.98,0.95,0.91,0.85,0.76,0.49,0.17,projected
Wellingborough,2021-07-13,0.96,0.92,0.86,0.78,0.70,0.45,0.17,projected
Wellingborough,2021-07-14,0.96,0.92,0.86,0.78,0.70,0.45,0.17,projected
Wellingborough,2021-07-15,0.96,0.92,0.86,0.78,0.70,0.45,0.17,projected
Wellingborough,2021-07-16,0.96,0.92,0.86,0.78,0.70,0.45,0.17,projected
Wellingborough,2021-07-17,0.96,0.92,0.86,0.78,0.70,0.45,0.17,projected
Wellingborough,2021-07-18,0.96,0.92,0.86,0.78,0.70,0.45,0.17,projected
Wellingborough,2021-07-19,0.96,0.92,0.86,0.78,0.70,0.45,0.17,projected
Wellingborough,2021-07-20,0.96,0.90,0.83,0.76,0.67,0.43,0.19,projected
Wellingborough,2021-07-21,0.96,0.90,0.83,0.76,0.67,0.43,0.19,projected
Wellingborough,2021-07-22,0.96,0.90,0.83,0.76,0.67,0.43,0.19,projected
Wellingborough,2021-07-23,0.96,0.90,0.83,0.76,0.67,0.43,0.19,projected
Wellingborough,2021-07-24,0.96,0.90,0.83,0.76,0.67,0.43,0.19,projected
Wellingborough,2021-07-25,0.96,0.90,0.83,0.76,0.67,0.43,0.19,projected
Wellingborough,2021-07-26,0.96,0.90,0.83,0.76,0.67,0.43,0.19,projected
Welwyn Hatfield,2021-03-23,0.04,0.01,0.00,0.00,0.00,0.00,0.00,inferred
Welwyn Hatfield,2021-03-24,0.04,0.01,0.00,0.00,0.00,0.00,0.00,inferred
Welwyn Hatfield,2021-03-25,0.04,0.01,0.00,0.00,0.00,0.00,0.00,inferred
Welwyn Hatfield,2021-03-26,0.04,0.01,0.00,0.00,0.00,0.00,0.00,inferred
Welwyn Hatfield,2021-03-27,0.04,0.01,0.00,0.00,0.00,0.00,0.00,inferred
Welwyn Hatfield,2021-03-28,0.04,0.01,0.00,0.00,0.00,0.00,0.00,inferred
Welwyn Hatfield,2021-03-29,0.04,0.01,0.00,0.00,0.00,0.00,0.00,inferred
Welwyn Hatfield,2021-03-30,0.34,0.15,0.05,0.01,0.00,0.00,0.00,inferred
Welwyn Hatfield,2021-03-31,0.34,0.15,0.05,0.01,0.00,0.00,0.00,inferred
Welwyn Hatfield,2021-04-01,0.34,0.15,0.05,0.01,0.00,0.00,0.00,inferred
Welwyn Hatfield,2021-04-02,0.34,0.15,0.05,0.01,0.00,0.00,0.00,inferred
Welwyn Hatfield,2021-04-03,0.34,0.15,0.05,0.01,0.00,0.00,0.00,inferred
Welwyn Hatfield,2021-04-04,0.34,0.15,0.05,0.01,0.00,0.00,0.00,inferred
Welwyn Hatfield,2021-04-05,0.34,0.15,0.05,0.01,0.00,0.00,0.00,inferred
Welwyn Hatfield,2021-04-06,0.63,0.40,0.23,0.10,0.04,0.00,0.00,inferred
Welwyn Hatfield,2021-04-07,0.63,0.40,0.23,0.10,0.04,0.00,0.00,inferred
Welwyn Hatfield,2021-04-08,0.63,0.40,0.23,0.10,0.04,0.00,0.00,inferred
Welwyn Hatfield,2021-04-09,0.63,0.40,0.23,0.10,0.04,0.00,0.00,inferred
Welwyn Hatfield,2021-04-10,0.63,0.40,0.23,0.10,0.04,0.00,0.00,inferred
Welwyn Hatfield,2021-04-11,0.63,0.40,0.23,0.10,0.04,0.00,0.00,inferred
Welwyn Hatfield,2021-04-12,0.63,0.40,0.23,0.10,0.04,0.00,0.00,inferred
Welwyn Hatfield,2021-04-13,0.74,0.53,0.33,0.16,0.06,0.00,0.00,inferred
Welwyn Hatfield,2021-04-14,0.74,0.53,0.33,0.16,0.06,0.00,0.00,inferred
Welwyn Hatfield,2021-04-15,0.74,0.53,0.33,0.16,0.06,0.00,0.00,inferred
Welwyn Hatfield,2021-04-16,0.74,0.53,0.33,0.16,0.06,0.00,0.00,inferred
Welwyn Hatfield,2021-04-17,0.74,0.53,0.33,0.16,0.06,0.00,0.00,inferred
Welwyn Hatfield,2021-04-18,0.74,0.53,0.33,0.16,0.06,0.00,0.00,inferred
Welwyn Hatfield,2021-04-19,0.74,0.53,0.33,0.16,0.06,0.00,0.00,inferred
Welwyn Hatfield,2021-04-20,0.46,0.26,0.13,0.05,0.02,0.00,0.00,inferred
Welwyn Hatfield,2021-04-21,0.46,0.26,0.13,0.05,0.02,0.00,0.00,inferred
Welwyn Hatfield,2021-04-22,0.46,0.26,0.13,0.05,0.02,0.00,0.00,inferred
Welwyn Hatfield,2021-04-23,0.46,0.26,0.13,0.05,0.02,0.00,0.00,inferred
Welwyn Hatfield,2021-04-24,0.46,0.26,0.13,0.05,0.02,0.00,0.00,inferred
Welwyn Hatfield,2021-04-25,0.46,0.26,0.13,0.05,0.02,0.00,0.00,inferred
Welwyn Hatfield,2021-04-26,0.46,0.26,0.13,0.05,0.02,0.00,0.00,inferred
Welwyn Hatfield,2021-04-27,0.79,0.61,0.40,0.25,0.14,0.01,0.00,inferred
Welwyn Hatfield,2021-04-28,0.79,0.61,0.40,0.25,0.14,0.01,0.00,inferred
Welwyn Hatfield,2021-04-29,0.79,0.61,0.40,0.25,0.14,0.01,0.00,inferred
Welwyn Hatfield,2021-04-30,0.79,0.61,0.40,0.25,0.14,0.01,0.00,inferred
Welwyn Hatfield,2021-05-01,0.79,0.61,0.40,0.25,0.14,0.01,0.00,inferred
Welwyn Hatfield,2021-05-02,0.79,0.61,0.40,0.25,0.14,0.01,0.00,inferred
Welwyn Hatfield,2021-05-03,0.79,0.61,0.40,0.25,0.14,0.01,0.00,inferred
Welwyn Hatfield,2021-05-04,0.73,0.54,0.36,0.22,0.12,0.01,0.00,inferred
Welwyn Hatfield,2021-05-05,0.73,0.54,0.36,0.22,0.12,0.01,0.00,inferred
Welwyn Hatfield,2021-05-06,0.73,0.54,0.36,0.22,0.12,0.01,0.00,inferred
Welwyn Hatfield,2021-05-07,0.73,0.54,0.36,0.22,0.12,0.01,0.00,inferred
Welwyn Hatfield,2021-05-08,0.73,0.54,0.36,0.22,0.12,0.01,0.00,inferred
Welwyn Hatfield,2021-05-09,0.73,0.54,0.36,0.22,0.12,0.01,0.00,inferred
Welwyn Hatfield,2021-05-10,0.73,0.54,0.36,0.22,0.12,0.01,0.00,inferred
Welwyn Hatfield,2021-05-11,0.97,0.93,0.83,0.69,0.54,0.15,0.00,inferred
Welwyn Hatfield,2021-05-12,0.97,0.93,0.83,0.69,0.54,0.15,0.00,inferred
Welwyn Hatfield,2021-05-13,0.97,0.93,0.83,0.69,0.54,0.15,0.00,inferred
Welwyn Hatfield,2021-05-14,0.97,0.93,0.83,0.69,0.54,0.15,0.00,inferred
Welwyn Hatfield,2021-05-15,0.97,0.93,0.83,0.69,0.54,0.15,0.00,inferred
Welwyn Hatfield,2021-05-16,0.97,0.93,0.83,0.69,0.54,0.15,0.00,inferred
Welwyn Hatfield,2021-05-17,0.97,0.93,0.83,0.69,0.54,0.15,0.00,inferred
Welwyn Hatfield,2021-05-18,0.99,0.96,0.91,0.82,0.69,0.26,0.01,inferred
Welwyn Hatfield,2021-05-19,0.99,0.96,0.91,0.82,0.69,0.26,0.01,inferred
Welwyn Hatfield,2021-05-20,0.99,0.96,0.91,0.82,0.69,0.26,0.01,inferred
Welwyn Hatfield,2021-05-21,0.99,0.96,0.91,0.82,0.69,0.26,0.01,inferred
Welwyn Hatfield,2021-05-22,0.99,0.96,0.91,0.82,0.69,0.26,0.01,inferred
Welwyn Hatfield,2021-05-23,0.99,0.96,0.91,0.82,0.69,0.26,0.01,inferred
Welwyn Hatfield,2021-05-24,0.99,0.96,0.91,0.82,0.69,0.26,0.01,inferred
Welwyn Hatfield,2021-05-25,1.00,1.00,1.00,1.00,0.99,0.89,0.30,inferred
Welwyn Hatfield,2021-05-26,1.00,1.00,1.00,1.00,0.99,0.89,0.30,inferred
Welwyn Hatfield,2021-05-27,1.00,1.00,1.00,1.00,0.99,0.89,0.30,inferred
Welwyn Hatfield,2021-05-28,1.00,1.00,1.00,1.00,0.99,0.89,0.30,inferred
Welwyn Hatfield,2021-05-29,1.00,1.00,1.00,1.00,0.99,0.89,0.30,inferred
Welwyn Hatfield,2021-05-30,1.00,1.00,1.00,1.00,0.99,0.89,0.30,inferred
Welwyn Hatfield,2021-05-31,1.00,1.00,1.00,1.00,0.99,0.89,0.30,inferred
Welwyn Hatfield,2021-06-01,1.00,1.00,1.00,0.99,0.98,0.69,0.09,inferred
Welwyn Hatfield,2021-06-02,1.00,1.00,1.00,0.99,0.98,0.69,0.09,inferred
Welwyn Hatfield,2021-06-03,1.00,1.00,1.00,0.99,0.98,0.69,0.09,inferred
Welwyn Hatfield,2021-06-04,1.00,1.00,1.00,0.99,0.98,0.69,0.09,inferred
Welwyn Hatfield,2021-06-05,1.00,1.00,1.00,0.99,0.98,0.69,0.09,inferred
Welwyn Hatfield,2021-06-06,1.00,1.00,1.00,0.99,0.98,0.69,0.09,inferred
Welwyn Hatfield,2021-06-07,1.00,1.00,1.00,0.99,0.98,0.69,0.09,inferred
Welwyn Hatfield,2021-06-08,1.00,1.00,1.00,1.00,0.99,0.75,0.13,inferred
Welwyn Hatfield,2021-06-09,1.00,1.00,1.00,1.00,0.99,0.75,0.13,inferred
Welwyn Hatfield,2021-06-10,1.00,1.00,1.00,1.00,0.99,0.75,0.13,inferred
Welwyn Hatfield,2021-06-11,1.00,1.00,1.00,1.00,0.99,0.75,0.13,inferred
Welwyn Hatfield,2021-06-12,1.00,1.00,1.00,1.00,0.99,0.75,0.13,inferred
Welwyn Hatfield,2021-06-13,1.00,1.00,1.00,1.00,0.99,0.75,0.13,inferred
Welwyn Hatfield,2021-06-14,1.00,1.00,1.00,1.00,0.99,0.75,0.13,inferred
Welwyn Hatfield,2021-06-15,1.00,1.00,1.00,1.00,0.99,0.70,0.03,inferred
Welwyn Hatfield,2021-06-16,1.00,1.00,1.00,1.00,0.99,0.70,0.03,inferred
Welwyn Hatfield,2021-06-17,1.00,1.00,1.00,1.00,0.99,0.70,0.03,inferred
Welwyn Hatfield,2021-06-18,1.00,1.00,1.00,1.00,0.99,0.70,0.03,inferred
Welwyn Hatfield,2021-06-19,1.00,1.00,1.00,1.00,0.99,0.70,0.03,inferred
Welwyn Hatfield,2021-06-20,1.00,1.00,1.00,1.00,0.99,0.70,0.03,inferred
Welwyn Hatfield,2021-06-21,1.00,1.00,1.00,1.00,0.99,0.70,0.03,inferred
Welwyn Hatfield,2021-06-22,1.00,1.00,1.00,0.99,0.94,0.41,0.00,inferred
Welwyn Hatfield,2021-06-23,1.00,1.00,1.00,0.99,0.94,0.41,0.00,inferred
Welwyn Hatfield,2021-06-24,1.00,1.00,1.00,0.99,0.94,0.41,0.00,inferred
Welwyn Hatfield,2021-06-25,1.00,1.00,1.00,0.99,0.94,0.41,0.00,inferred
Welwyn Hatfield,2021-06-26,1.00,1.00,1.00,0.99,0.94,0.41,0.00,inferred
Welwyn Hatfield,2021-06-27,1.00,1.00,1.00,0.99,0.94,0.41,0.00,inferred
Welwyn Hatfield,2021-06-28,1.00,1.00,1.00,0.99,0.94,0.41,0.00,inferred
Welwyn Hatfield,2021-06-29,1.00,0.99,0.97,0.89,0.74,0.23,0.00,inferred
Welwyn Hatfield,2021-06-30,1.00,0.99,0.97,0.89,0.74,0.23,0.00,inferred
Welwyn Hatfield,2021-07-01,1.00,0.99,0.97,0.89,0.74,0.23,0.00,inferred
Welwyn Hatfield,2021-07-02,1.00,0.99,0.97,0.89,0.74,0.23,0.00,inferred
Welwyn Hatfield,2021-07-03,1.00,0.99,0.97,0.89,0.74,0.23,0.00,inferred
Welwyn Hatfield,2021-07-04,1.00,0.99,0.97,0.89,0.74,0.23,0.00,inferred
Welwyn Hatfield,2021-07-05,1.00,0.99,0.97,0.89,0.74,0.23,0.00,inferred
Welwyn Hatfield,2021-07-06,0.99,0.97,0.91,0.81,0.68,0.34,0.05,projected
Welwyn Hatfield,2021-07-07,0.99,0.97,0.91,0.81,0.68,0.34,0.05,projected
Welwyn Hatfield,2021-07-08,0.99,0.97,0.91,0.81,0.68,0.34,0.05,projected
Welwyn Hatfield,2021-07-09,0.99,0.97,0.91,0.81,0.68,0.34,0.05,projected
Welwyn Hatfield,2021-07-10,0.99,0.97,0.91,0.81,0.68,0.34,0.05,projected
Welwyn Hatfield,2021-07-11,0.99,0.97,0.91,0.81,0.68,0.34,0.05,projected
Welwyn Hatfield,2021-07-12,0.99,0.97,0.91,0.81,0.68,0.34,0.05,projected
Welwyn Hatfield,2021-07-13,0.98,0.95,0.90,0.80,0.68,0.36,0.08,projected
Welwyn Hatfield,2021-07-14,0.98,0.95,0.90,0.80,0.68,0.36,0.08,projected
Welwyn Hatfield,2021-07-15,0.98,0.95,0.90,0.80,0.68,0.36,0.08,projected
Welwyn Hatfield,2021-07-16,0.98,0.95,0.90,0.80,0.68,0.36,0.08,projected
Welwyn Hatfield,2021-07-17,0.98,0.95,0.90,0.80,0.68,0.36,0.08,projected
Welwyn Hatfield,2021-07-18,0.98,0.95,0.90,0.80,0.68,0.36,0.08,projected
Welwyn Hatfield,2021-07-19,0.98,0.95,0.90,0.80,0.68,0.36,0.08,projected
Welwyn Hatfield,2021-07-20,0.98,0.95,0.89,0.80,0.70,0.39,0.10,projected
Welwyn Hatfield,2021-07-21,0.98,0.95,0.89,0.80,0.70,0.39,0.10,projected
Welwyn Hatfield,2021-07-22,0.98,0.95,0.89,0.80,0.70,0.39,0.10,projected
Welwyn Hatfield,2021-07-23,0.98,0.95,0.89,0.80,0.70,0.39,0.10,projected
Welwyn Hatfield,2021-07-24,0.98,0.95,0.89,0.80,0.70,0.39,0.10,projected
Welwyn Hatfield,2021-07-25,0.98,0.95,0.89,0.80,0.70,0.39,0.10,projected
Welwyn Hatfield,2021-07-26,0.98,0.95,0.89,0.80,0.70,0.39,0.10,projected
West Berkshire,2021-03-23,0.17,0.04,0.00,0.00,0.00,0.00,0.00,inferred
West Berkshire,2021-03-24,0.17,0.04,0.00,0.00,0.00,0.00,0.00,inferred
West Berkshire,2021-03-25,0.17,0.04,0.00,0.00,0.00,0.00,0.00,inferred
West Berkshire,2021-03-26,0.17,0.04,0.00,0.00,0.00,0.00,0.00,inferred
West Berkshire,2021-03-27,0.17,0.04,0.00,0.00,0.00,0.00,0.00,inferred
West Berkshire,2021-03-28,0.17,0.04,0.00,0.00,0.00,0.00,0.00,inferred
West Berkshire,2021-03-29,0.17,0.04,0.00,0.00,0.00,0.00,0.00,inferred
West Berkshire,2021-03-30,0.51,0.27,0.12,0.04,0.01,0.00,0.00,inferred
West Berkshire,2021-03-31,0.51,0.27,0.12,0.04,0.01,0.00,0.00,inferred
West Berkshire,2021-04-01,0.51,0.27,0.12,0.04,0.01,0.00,0.00,inferred
West Berkshire,2021-04-02,0.51,0.27,0.12,0.04,0.01,0.00,0.00,inferred
West Berkshire,2021-04-03,0.51,0.27,0.12,0.04,0.01,0.00,0.00,inferred
West Berkshire,2021-04-04,0.51,0.27,0.12,0.04,0.01,0.00,0.00,inferred
West Berkshire,2021-04-05,0.51,0.27,0.12,0.04,0.01,0.00,0.00,inferred
West Berkshire,2021-04-06,0.70,0.48,0.28,0.15,0.07,0.01,0.00,inferred
West Berkshire,2021-04-07,0.70,0.48,0.28,0.15,0.07,0.01,0.00,inferred
West Berkshire,2021-04-08,0.70,0.48,0.28,0.15,0.07,0.01,0.00,inferred
West Berkshire,2021-04-09,0.70,0.48,0.28,0.15,0.07,0.01,0.00,inferred
West Berkshire,2021-04-10,0.70,0.48,0.28,0.15,0.07,0.01,0.00,inferred
West Berkshire,2021-04-11,0.70,0.48,0.28,0.15,0.07,0.01,0.00,inferred
West Berkshire,2021-04-12,0.70,0.48,0.28,0.15,0.07,0.01,0.00,inferred
West Berkshire,2021-04-13,0.99,0.96,0.89,0.76,0.61,0.18,0.00,inferred
West Berkshire,2021-04-14,0.99,0.96,0.89,0.76,0.61,0.18,0.00,inferred
West Berkshire,2021-04-15,0.99,0.96,0.89,0.76,0.61,0.18,0.00,inferred
West Berkshire,2021-04-16,0.99,0.96,0.89,0.76,0.61,0.18,0.00,inferred
West Berkshire,2021-04-17,0.99,0.96,0.89,0.76,0.61,0.18,0.00,inferred
West Berkshire,2021-04-18,0.99,0.96,0.89,0.76,0.61,0.18,0.00,inferred
West Berkshire,2021-04-19,0.99,0.96,0.89,0.76,0.61,0.18,0.00,inferred
West Berkshire,2021-04-20,1.00,0.98,0.92,0.83,0.68,0.21,0.00,inferred
West Berkshire,2021-04-21,1.00,0.98,0.92,0.83,0.68,0.21,0.00,inferred
West Berkshire,2021-04-22,1.00,0.98,0.92,0.83,0.68,0.21,0.00,inferred
West Berkshire,2021-04-23,1.00,0.98,0.92,0.83,0.68,0.21,0.00,inferred
West Berkshire,2021-04-24,1.00,0.98,0.92,0.83,0.68,0.21,0.00,inferred
West Berkshire,2021-04-25,1.00,0.98,0.92,0.83,0.68,0.21,0.00,inferred
West Berkshire,2021-04-26,1.00,0.98,0.92,0.83,0.68,0.21,0.00,inferred
West Berkshire,2021-04-27,0.91,0.78,0.57,0.35,0.19,0.01,0.00,inferred
West Berkshire,2021-04-28,0.91,0.78,0.57,0.35,0.19,0.01,0.00,inferred
West Berkshire,2021-04-29,0.91,0.78,0.57,0.35,0.19,0.01,0.00,inferred
West Berkshire,2021-04-30,0.91,0.78,0.57,0.35,0.19,0.01,0.00,inferred
West Berkshire,2021-05-01,0.91,0.78,0.57,0.35,0.19,0.01,0.00,inferred
West Berkshire,2021-05-02,0.91,0.78,0.57,0.35,0.19,0.01,0.00,inferred
West Berkshire,2021-05-03,0.91,0.78,0.57,0.35,0.19,0.01,0.00,inferred
West Berkshire,2021-05-04,0.97,0.91,0.79,0.58,0.37,0.04,0.00,inferred
West Berkshire,2021-05-05,0.97,0.91,0.79,0.58,0.37,0.04,0.00,inferred
West Berkshire,2021-05-06,0.97,0.91,0.79,0.58,0.37,0.04,0.00,inferred
West Berkshire,2021-05-07,0.97,0.91,0.79,0.58,0.37,0.04,0.00,inferred
West Berkshire,2021-05-08,0.97,0.91,0.79,0.58,0.37,0.04,0.00,inferred
West Berkshire,2021-05-09,0.97,0.91,0.79,0.58,0.37,0.04,0.00,inferred
West Berkshire,2021-05-10,0.97,0.91,0.79,0.58,0.37,0.04,0.00,inferred
West Berkshire,2021-05-11,0.93,0.78,0.56,0.33,0.17,0.01,0.00,inferred
West Berkshire,2021-05-12,0.93,0.78,0.56,0.33,0.17,0.01,0.00,inferred
West Berkshire,2021-05-13,0.93,0.78,0.56,0.33,0.17,0.01,0.00,inferred
West Berkshire,2021-05-14,0.93,0.78,0.56,0.33,0.17,0.01,0.00,inferred
West Berkshire,2021-05-15,0.93,0.78,0.56,0.33,0.17,0.01,0.00,inferred
West Berkshire,2021-05-16,0.93,0.78,0.56,0.33,0.17,0.01,0.00,inferred
West Berkshire,2021-05-17,0.93,0.78,0.56,0.33,0.17,0.01,0.00,inferred
West Berkshire,2021-05-18,0.95,0.84,0.65,0.42,0.23,0.02,0.00,inferred
West Berkshire,2021-05-19,0.95,0.84,0.65,0.42,0.23,0.02,0.00,inferred
West Berkshire,2021-05-20,0.95,0.84,0.65,0.42,0.23,0.02,0.00,inferred
West Berkshire,2021-05-21,0.95,0.84,0.65,0.42,0.23,0.02,0.00,inferred
West Berkshire,2021-05-22,0.95,0.84,0.65,0.42,0.23,0.02,0.00,inferred
West Berkshire,2021-05-23,0.95,0.84,0.65,0.42,0.23,0.02,0.00,inferred
West Berkshire,2021-05-24,0.95,0.84,0.65,0.42,0.23,0.02,0.00,inferred
West Berkshire,2021-05-25,0.96,0.87,0.71,0.46,0.27,0.02,0.00,inferred
West Berkshire,2021-05-26,0.96,0.87,0.71,0.46,0.27,0.02,0.00,inferred
West Berkshire,2021-05-27,0.96,0.87,0.71,0.46,0.27,0.02,0.00,inferred
West Berkshire,2021-05-28,0.96,0.87,0.71,0.46,0.27,0.02,0.00,inferred
West Berkshire,2021-05-29,0.96,0.87,0.71,0.46,0.27,0.02,0.00,inferred
West Berkshire,2021-05-30,0.96,0.87,0.71,0.46,0.27,0.02,0.00,inferred
West Berkshire,2021-05-31,0.96,0.87,0.71,0.46,0.27,0.02,0.00,inferred
West Berkshire,2021-06-01,1.00,0.99,0.97,0.90,0.75,0.21,0.00,inferred
West Berkshire,2021-06-02,1.00,0.99,0.97,0.90,0.75,0.21,0.00,inferred
West Berkshire,2021-06-03,1.00,0.99,0.97,0.90,0.75,0.21,0.00,inferred
West Berkshire,2021-06-04,1.00,0.99,0.97,0.90,0.75,0.21,0.00,inferred
West Berkshire,2021-06-05,1.00,0.99,0.97,0.90,0.75,0.21,0.00,inferred
West Berkshire,2021-06-06,1.00,0.99,0.97,0.90,0.75,0.21,0.00,inferred
West Berkshire,2021-06-07,1.00,0.99,0.97,0.90,0.75,0.21,0.00,inferred
West Berkshire,2021-06-08,1.00,1.00,0.99,0.95,0.87,0.34,0.01,inferred
West Berkshire,2021-06-09,1.00,1.00,0.99,0.95,0.87,0.34,0.01,inferred
West Berkshire,2021-06-10,1.00,1.00,0.99,0.95,0.87,0.34,0.01,inferred
West Berkshire,2021-06-11,1.00,1.00,0.99,0.95,0.87,0.34,0.01,inferred
West Berkshire,2021-06-12,1.00,1.00,0.99,0.95,0.87,0.34,0.01,inferred
West Berkshire,2021-06-13,1.00,1.00,0.99,0.95,0.87,0.34,0.01,inferred
West Berkshire,2021-06-14,1.00,1.00,0.99,0.95,0.87,0.34,0.01,inferred
West Berkshire,2021-06-15,1.00,1.00,1.00,0.99,0.95,0.45,0.01,inferred
West Berkshire,2021-06-16,1.00,1.00,1.00,0.99,0.95,0.45,0.01,inferred
West Berkshire,2021-06-17,1.00,1.00,1.00,0.99,0.95,0.45,0.01,inferred
West Berkshire,2021-06-18,1.00,1.00,1.00,0.99,0.95,0.45,0.01,inferred
West Berkshire,2021-06-19,1.00,1.00,1.00,0.99,0.95,0.45,0.01,inferred
West Berkshire,2021-06-20,1.00,1.00,1.00,0.99,0.95,0.45,0.01,inferred
West Berkshire,2021-06-21,1.00,1.00,1.00,0.99,0.95,0.45,0.01,inferred
West Berkshire,2021-06-22,1.00,1.00,1.00,1.00,0.98,0.66,0.04,inferred
West Berkshire,2021-06-23,1.00,1.00,1.00,1.00,0.98,0.66,0.04,inferred
West Berkshire,2021-06-24,1.00,1.00,1.00,1.00,0.98,0.66,0.04,inferred
West Berkshire,2021-06-25,1.00,1.00,1.00,1.00,0.98,0.66,0.04,inferred
West Berkshire,2021-06-26,1.00,1.00,1.00,1.00,0.98,0.66,0.04,inferred
West Berkshire,2021-06-27,1.00,1.00,1.00,1.00,0.98,0.66,0.04,inferred
West Berkshire,2021-06-28,1.00,1.00,1.00,1.00,0.98,0.66,0.04,inferred
West Berkshire,2021-06-29,0.98,0.92,0.80,0.65,0.47,0.11,0.00,inferred
West Berkshire,2021-06-30,0.98,0.92,0.80,0.65,0.47,0.11,0.00,inferred
West Berkshire,2021-07-01,0.98,0.92,0.80,0.65,0.47,0.11,0.00,inferred
West Berkshire,2021-07-02,0.98,0.92,0.80,0.65,0.47,0.11,0.00,inferred
West Berkshire,2021-07-03,0.98,0.92,0.80,0.65,0.47,0.11,0.00,inferred
West Berkshire,2021-07-04,0.98,0.92,0.80,0.65,0.47,0.11,0.00,inferred
West Berkshire,2021-07-05,0.98,0.92,0.80,0.65,0.47,0.11,0.00,inferred
West Berkshire,2021-07-06,0.93,0.85,0.75,0.61,0.49,0.20,0.04,projected
West Berkshire,2021-07-07,0.93,0.85,0.75,0.61,0.49,0.20,0.04,projected
West Berkshire,2021-07-08,0.93,0.85,0.75,0.61,0.49,0.20,0.04,projected
West Berkshire,2021-07-09,0.93,0.85,0.75,0.61,0.49,0.20,0.04,projected
West Berkshire,2021-07-10,0.93,0.85,0.75,0.61,0.49,0.20,0.04,projected
West Berkshire,2021-07-11,0.93,0.85,0.75,0.61,0.49,0.20,0.04,projected
West Berkshire,2021-07-12,0.93,0.85,0.75,0.61,0.49,0.20,0.04,projected
West Berkshire,2021-07-13,0.93,0.86,0.76,0.65,0.54,0.26,0.05,projected
West Berkshire,2021-07-14,0.93,0.86,0.76,0.65,0.54,0.26,0.05,projected
West Berkshire,2021-07-15,0.93,0.86,0.76,0.65,0.54,0.26,0.05,projected
West Berkshire,2021-07-16,0.93,0.86,0.76,0.65,0.54,0.26,0.05,projected
West Berkshire,2021-07-17,0.93,0.86,0.76,0.65,0.54,0.26,0.05,projected
West Berkshire,2021-07-18,0.93,0.86,0.76,0.65,0.54,0.26,0.05,projected
West Berkshire,2021-07-19,0.93,0.86,0.76,0.65,0.54,0.26,0.05,projected
West Berkshire,2021-07-20,0.94,0.89,0.81,0.72,0.61,0.31,0.08,projected
West Berkshire,2021-07-21,0.94,0.89,0.81,0.72,0.61,0.31,0.08,projected
West Berkshire,2021-07-22,0.94,0.89,0.81,0.72,0.61,0.31,0.08,projected
West Berkshire,2021-07-23,0.94,0.89,0.81,0.72,0.61,0.31,0.08,projected
West Berkshire,2021-07-24,0.94,0.89,0.81,0.72,0.61,0.31,0.08,projected
West Berkshire,2021-07-25,0.94,0.89,0.81,0.72,0.61,0.31,0.08,projected
West Berkshire,2021-07-26,0.94,0.89,0.81,0.72,0.61,0.31,0.08,projected
West Devon,2021-03-23,0.58,0.42,0.28,0.17,0.10,0.01,0.00,inferred
West Devon,2021-03-24,0.58,0.42,0.28,0.17,0.10,0.01,0.00,inferred
West Devon,2021-03-25,0.58,0.42,0.28,0.17,0.10,0.01,0.00,inferred
West Devon,2021-03-26,0.58,0.42,0.28,0.17,0.10,0.01,0.00,inferred
West Devon,2021-03-27,0.58,0.42,0.28,0.17,0.10,0.01,0.00,inferred
West Devon,2021-03-28,0.58,0.42,0.28,0.17,0.10,0.01,0.00,inferred
West Devon,2021-03-29,0.58,0.42,0.28,0.17,0.10,0.01,0.00,inferred
West Devon,2021-03-30,0.72,0.58,0.43,0.30,0.19,0.04,0.00,inferred
West Devon,2021-03-31,0.72,0.58,0.43,0.30,0.19,0.04,0.00,inferred
West Devon,2021-04-01,0.72,0.58,0.43,0.30,0.19,0.04,0.00,inferred
West Devon,2021-04-02,0.72,0.58,0.43,0.30,0.19,0.04,0.00,inferred
West Devon,2021-04-03,0.72,0.58,0.43,0.30,0.19,0.04,0.00,inferred
West Devon,2021-04-04,0.72,0.58,0.43,0.30,0.19,0.04,0.00,inferred
West Devon,2021-04-05,0.72,0.58,0.43,0.30,0.19,0.04,0.00,inferred
West Devon,2021-04-06,0.81,0.69,0.54,0.42,0.29,0.07,0.00,inferred
West Devon,2021-04-07,0.81,0.69,0.54,0.42,0.29,0.07,0.00,inferred
West Devon,2021-04-08,0.81,0.69,0.54,0.42,0.29,0.07,0.00,inferred
West Devon,2021-04-09,0.81,0.69,0.54,0.42,0.29,0.07,0.00,inferred
West Devon,2021-04-10,0.81,0.69,0.54,0.42,0.29,0.07,0.00,inferred
West Devon,2021-04-11,0.81,0.69,0.54,0.42,0.29,0.07,0.00,inferred
West Devon,2021-04-12,0.81,0.69,0.54,0.42,0.29,0.07,0.00,inferred
West Devon,2021-04-13,0.78,0.64,0.52,0.38,0.27,0.07,0.00,inferred
West Devon,2021-04-14,0.78,0.64,0.52,0.38,0.27,0.07,0.00,inferred
West Devon,2021-04-15,0.78,0.64,0.52,0.38,0.27,0.07,0.00,inferred
West Devon,2021-04-16,0.78,0.64,0.52,0.38,0.27,0.07,0.00,inferred
West Devon,2021-04-17,0.78,0.64,0.52,0.38,0.27,0.07,0.00,inferred
West Devon,2021-04-18,0.78,0.64,0.52,0.38,0.27,0.07,0.00,inferred
West Devon,2021-04-19,0.78,0.64,0.52,0.38,0.27,0.07,0.00,inferred
West Devon,2021-04-20,0.64,0.50,0.36,0.25,0.17,0.04,0.00,inferred
West Devon,2021-04-21,0.64,0.50,0.36,0.25,0.17,0.04,0.00,inferred
West Devon,2021-04-22,0.64,0.50,0.36,0.25,0.17,0.04,0.00,inferred
West Devon,2021-04-23,0.64,0.50,0.36,0.25,0.17,0.04,0.00,inferred
West Devon,2021-04-24,0.64,0.50,0.36,0.25,0.17,0.04,0.00,inferred
West Devon,2021-04-25,0.64,0.50,0.36,0.25,0.17,0.04,0.00,inferred
West Devon,2021-04-26,0.64,0.50,0.36,0.25,0.17,0.04,0.00,inferred
West Devon,2021-04-27,0.77,0.64,0.50,0.38,0.27,0.07,0.00,inferred
West Devon,2021-04-28,0.77,0.64,0.50,0.38,0.27,0.07,0.00,inferred
West Devon,2021-04-29,0.77,0.64,0.50,0.38,0.27,0.07,0.00,inferred
West Devon,2021-04-30,0.77,0.64,0.50,0.38,0.27,0.07,0.00,inferred
West Devon,2021-05-01,0.77,0.64,0.50,0.38,0.27,0.07,0.00,inferred
West Devon,2021-05-02,0.77,0.64,0.50,0.38,0.27,0.07,0.00,inferred
West Devon,2021-05-03,0.77,0.64,0.50,0.38,0.27,0.07,0.00,inferred
West Devon,2021-05-04,0.50,0.34,0.22,0.14,0.08,0.01,0.00,inferred
West Devon,2021-05-05,0.50,0.34,0.22,0.14,0.08,0.01,0.00,inferred
West Devon,2021-05-06,0.50,0.34,0.22,0.14,0.08,0.01,0.00,inferred
West Devon,2021-05-07,0.50,0.34,0.22,0.14,0.08,0.01,0.00,inferred
West Devon,2021-05-08,0.50,0.34,0.22,0.14,0.08,0.01,0.00,inferred
West Devon,2021-05-09,0.50,0.34,0.22,0.14,0.08,0.01,0.00,inferred
West Devon,2021-05-10,0.50,0.34,0.22,0.14,0.08,0.01,0.00,inferred
West Devon,2021-05-11,0.63,0.51,0.36,0.25,0.16,0.04,0.00,inferred
West Devon,2021-05-12,0.63,0.51,0.36,0.25,0.16,0.04,0.00,inferred
West Devon,2021-05-13,0.63,0.51,0.36,0.25,0.16,0.04,0.00,inferred
West Devon,2021-05-14,0.63,0.51,0.36,0.25,0.16,0.04,0.00,inferred
West Devon,2021-05-15,0.63,0.51,0.36,0.25,0.16,0.04,0.00,inferred
West Devon,2021-05-16,0.63,0.51,0.36,0.25,0.16,0.04,0.00,inferred
West Devon,2021-05-17,0.63,0.51,0.36,0.25,0.16,0.04,0.00,inferred
West Devon,2021-05-18,0.83,0.72,0.61,0.47,0.37,0.13,0.01,inferred
West Devon,2021-05-19,0.83,0.72,0.61,0.47,0.37,0.13,0.01,inferred
West Devon,2021-05-20,0.83,0.72,0.61,0.47,0.37,0.13,0.01,inferred
West Devon,2021-05-21,0.83,0.72,0.61,0.47,0.37,0.13,0.01,inferred
West Devon,2021-05-22,0.83,0.72,0.61,0.47,0.37,0.13,0.01,inferred
West Devon,2021-05-23,0.83,0.72,0.61,0.47,0.37,0.13,0.01,inferred
West Devon,2021-05-24,0.83,0.72,0.61,0.47,0.37,0.13,0.01,inferred
West Devon,2021-05-25,0.97,0.93,0.88,0.81,0.72,0.45,0.12,inferred
West Devon,2021-05-26,0.97,0.93,0.88,0.81,0.72,0.45,0.12,inferred
West Devon,2021-05-27,0.97,0.93,0.88,0.81,0.72,0.45,0.12,inferred
West Devon,2021-05-28,0.97,0.93,0.88,0.81,0.72,0.45,0.12,inferred
West Devon,2021-05-29,0.97,0.93,0.88,0.81,0.72,0.45,0.12,inferred
West Devon,2021-05-30,0.97,0.93,0.88,0.81,0.72,0.45,0.12,inferred
West Devon,2021-05-31,0.97,0.93,0.88,0.81,0.72,0.45,0.12,inferred
West Devon,2021-06-01,0.99,0.98,0.95,0.91,0.86,0.61,0.23,inferred
West Devon,2021-06-02,0.99,0.98,0.95,0.91,0.86,0.61,0.23,inferred
West Devon,2021-06-03,0.99,0.98,0.95,0.91,0.86,0.61,0.23,inferred
West Devon,2021-06-04,0.99,0.98,0.95,0.91,0.86,0.61,0.23,inferred
West Devon,2021-06-05,0.99,0.98,0.95,0.91,0.86,0.61,0.23,inferred
West Devon,2021-06-06,0.99,0.98,0.95,0.91,0.86,0.61,0.23,inferred
West Devon,2021-06-07,0.99,0.98,0.95,0.91,0.86,0.61,0.23,inferred
West Devon,2021-06-08,0.97,0.93,0.86,0.78,0.67,0.36,0.07,inferred
West Devon,2021-06-09,0.97,0.93,0.86,0.78,0.67,0.36,0.07,inferred
West Devon,2021-06-10,0.97,0.93,0.86,0.78,0.67,0.36,0.07,inferred
West Devon,2021-06-11,0.97,0.93,0.86,0.78,0.67,0.36,0.07,inferred
West Devon,2021-06-12,0.97,0.93,0.86,0.78,0.67,0.36,0.07,inferred
West Devon,2021-06-13,0.97,0.93,0.86,0.78,0.67,0.36,0.07,inferred
West Devon,2021-06-14,0.97,0.93,0.86,0.78,0.67,0.36,0.07,inferred
West Devon,2021-06-15,1.00,0.99,0.98,0.97,0.94,0.71,0.25,inferred
West Devon,2021-06-16,1.00,0.99,0.98,0.97,0.94,0.71,0.25,inferred
West Devon,2021-06-17,1.00,0.99,0.98,0.97,0.94,0.71,0.25,inferred
West Devon,2021-06-18,1.00,0.99,0.98,0.97,0.94,0.71,0.25,inferred
West Devon,2021-06-19,1.00,0.99,0.98,0.97,0.94,0.71,0.25,inferred
West Devon,2021-06-20,1.00,0.99,0.98,0.97,0.94,0.71,0.25,inferred
West Devon,2021-06-21,1.00,0.99,0.98,0.97,0.94,0.71,0.25,inferred
West Devon,2021-06-22,1.00,1.00,1.00,1.00,1.00,0.97,0.69,inferred
West Devon,2021-06-23,1.00,1.00,1.00,1.00,1.00,0.97,0.69,inferred
West Devon,2021-06-24,1.00,1.00,1.00,1.00,1.00,0.97,0.69,inferred
West Devon,2021-06-25,1.00,1.00,1.00,1.00,1.00,0.97,0.69,inferred
West Devon,2021-06-26,1.00,1.00,1.00,1.00,1.00,0.97,0.69,inferred
West Devon,2021-06-27,1.00,1.00,1.00,1.00,1.00,0.97,0.69,inferred
West Devon,2021-06-28,1.00,1.00,1.00,1.00,1.00,0.97,0.69,inferred
West Devon,2021-06-29,0.99,0.99,0.97,0.95,0.90,0.71,0.31,inferred
West Devon,2021-06-30,0.99,0.99,0.97,0.95,0.90,0.71,0.31,inferred
West Devon,2021-07-01,0.99,0.99,0.97,0.95,0.90,0.71,0.31,inferred
West Devon,2021-07-02,0.99,0.99,0.97,0.95,0.90,0.71,0.31,inferred
West Devon,2021-07-03,0.99,0.99,0.97,0.95,0.90,0.71,0.31,inferred
West Devon,2021-07-04,0.99,0.99,0.97,0.95,0.90,0.71,0.31,inferred
West Devon,2021-07-05,0.99,0.99,0.97,0.95,0.90,0.71,0.31,inferred
West Devon,2021-07-06,0.98,0.95,0.91,0.86,0.80,0.62,0.32,projected
West Devon,2021-07-07,0.98,0.95,0.91,0.86,0.80,0.62,0.32,projected
West Devon,2021-07-08,0.98,0.95,0.91,0.86,0.80,0.62,0.32,projected
West Devon,2021-07-09,0.98,0.95,0.91,0.86,0.80,0.62,0.32,projected
West Devon,2021-07-10,0.98,0.95,0.91,0.86,0.80,0.62,0.32,projected
West Devon,2021-07-11,0.98,0.95,0.91,0.86,0.80,0.62,0.32,projected
West Devon,2021-07-12,0.98,0.95,0.91,0.86,0.80,0.62,0.32,projected
West Devon,2021-07-13,0.95,0.93,0.89,0.84,0.78,0.61,0.34,projected
West Devon,2021-07-14,0.95,0.93,0.89,0.84,0.78,0.61,0.34,projected
West Devon,2021-07-15,0.95,0.93,0.89,0.84,0.78,0.61,0.34,projected
West Devon,2021-07-16,0.95,0.93,0.89,0.84,0.78,0.61,0.34,projected
West Devon,2021-07-17,0.95,0.93,0.89,0.84,0.78,0.61,0.34,projected
West Devon,2021-07-18,0.95,0.93,0.89,0.84,0.78,0.61,0.34,projected
West Devon,2021-07-19,0.95,0.93,0.89,0.84,0.78,0.61,0.34,projected
West Devon,2021-07-20,0.96,0.94,0.89,0.85,0.81,0.64,0.38,projected
West Devon,2021-07-21,0.96,0.94,0.89,0.85,0.81,0.64,0.38,projected
West Devon,2021-07-22,0.96,0.94,0.89,0.85,0.81,0.64,0.38,projected
West Devon,2021-07-23,0.96,0.94,0.89,0.85,0.81,0.64,0.38,projected
West Devon,2021-07-24,0.96,0.94,0.89,0.85,0.81,0.64,0.38,projected
West Devon,2021-07-25,0.96,0.94,0.89,0.85,0.81,0.64,0.38,projected
West Devon,2021-07-26,0.96,0.94,0.89,0.85,0.81,0.64,0.38,projected
West Dunbartonshire,2021-03-23,0.41,0.08,0.01,0.00,0.00,0.00,0.00,inferred
West Dunbartonshire,2021-03-24,0.41,0.08,0.01,0.00,0.00,0.00,0.00,inferred
West Dunbartonshire,2021-03-25,0.41,0.08,0.01,0.00,0.00,0.00,0.00,inferred
West Dunbartonshire,2021-03-26,0.41,0.08,0.01,0.00,0.00,0.00,0.00,inferred
West Dunbartonshire,2021-03-27,0.41,0.08,0.01,0.00,0.00,0.00,0.00,inferred
West Dunbartonshire,2021-03-28,0.41,0.08,0.01,0.00,0.00,0.00,0.00,inferred
West Dunbartonshire,2021-03-29,0.41,0.08,0.01,0.00,0.00,0.00,0.00,inferred
West Dunbartonshire,2021-03-30,0.33,0.10,0.02,0.00,0.00,0.00,0.00,inferred
West Dunbartonshire,2021-03-31,0.33,0.10,0.02,0.00,0.00,0.00,0.00,inferred
West Dunbartonshire,2021-04-01,0.33,0.10,0.02,0.00,0.00,0.00,0.00,inferred
West Dunbartonshire,2021-04-02,0.33,0.10,0.02,0.00,0.00,0.00,0.00,inferred
West Dunbartonshire,2021-04-03,0.33,0.10,0.02,0.00,0.00,0.00,0.00,inferred
West Dunbartonshire,2021-04-04,0.33,0.10,0.02,0.00,0.00,0.00,0.00,inferred
West Dunbartonshire,2021-04-05,0.33,0.10,0.02,0.00,0.00,0.00,0.00,inferred
West Dunbartonshire,2021-04-06,0.65,0.33,0.11,0.02,0.00,0.00,0.00,inferred
West Dunbartonshire,2021-04-07,0.65,0.33,0.11,0.02,0.00,0.00,0.00,inferred
West Dunbartonshire,2021-04-08,0.65,0.33,0.11,0.02,0.00,0.00,0.00,inferred
West Dunbartonshire,2021-04-09,0.65,0.33,0.11,0.02,0.00,0.00,0.00,inferred
West Dunbartonshire,2021-04-10,0.65,0.33,0.11,0.02,0.00,0.00,0.00,inferred
West Dunbartonshire,2021-04-11,0.65,0.33,0.11,0.02,0.00,0.00,0.00,inferred
West Dunbartonshire,2021-04-12,0.65,0.33,0.11,0.02,0.00,0.00,0.00,inferred
West Dunbartonshire,2021-04-13,0.19,0.04,0.00,0.00,0.00,0.00,0.00,inferred
West Dunbartonshire,2021-04-14,0.19,0.04,0.00,0.00,0.00,0.00,0.00,inferred
West Dunbartonshire,2021-04-15,0.19,0.04,0.00,0.00,0.00,0.00,0.00,inferred
West Dunbartonshire,2021-04-16,0.19,0.04,0.00,0.00,0.00,0.00,0.00,inferred
West Dunbartonshire,2021-04-17,0.19,0.04,0.00,0.00,0.00,0.00,0.00,inferred
West Dunbartonshire,2021-04-18,0.19,0.04,0.00,0.00,0.00,0.00,0.00,inferred
West Dunbartonshire,2021-04-19,0.19,0.04,0.00,0.00,0.00,0.00,0.00,inferred
West Dunbartonshire,2021-04-20,0.29,0.09,0.02,0.00,0.00,0.00,0.00,inferred
West Dunbartonshire,2021-04-21,0.29,0.09,0.02,0.00,0.00,0.00,0.00,inferred
West Dunbartonshire,2021-04-22,0.29,0.09,0.02,0.00,0.00,0.00,0.00,inferred
West Dunbartonshire,2021-04-23,0.29,0.09,0.02,0.00,0.00,0.00,0.00,inferred
West Dunbartonshire,2021-04-24,0.29,0.09,0.02,0.00,0.00,0.00,0.00,inferred
West Dunbartonshire,2021-04-25,0.29,0.09,0.02,0.00,0.00,0.00,0.00,inferred
West Dunbartonshire,2021-04-26,0.29,0.09,0.02,0.00,0.00,0.00,0.00,inferred
West Dunbartonshire,2021-04-27,0.99,0.96,0.88,0.74,0.56,0.10,0.00,inferred
West Dunbartonshire,2021-04-28,0.99,0.96,0.88,0.74,0.56,0.10,0.00,inferred
West Dunbartonshire,2021-04-29,0.99,0.96,0.88,0.74,0.56,0.10,0.00,inferred
West Dunbartonshire,2021-04-30,0.99,0.96,0.88,0.74,0.56,0.10,0.00,inferred
West Dunbartonshire,2021-05-01,0.99,0.96,0.88,0.74,0.56,0.10,0.00,inferred
West Dunbartonshire,2021-05-02,0.99,0.96,0.88,0.74,0.56,0.10,0.00,inferred
West Dunbartonshire,2021-05-03,0.99,0.96,0.88,0.74,0.56,0.10,0.00,inferred
West Dunbartonshire,2021-05-04,1.00,1.00,1.00,1.00,1.00,0.95,0.48,inferred
West Dunbartonshire,2021-05-05,1.00,1.00,1.00,1.00,1.00,0.95,0.48,inferred
West Dunbartonshire,2021-05-06,1.00,1.00,1.00,1.00,1.00,0.95,0.48,inferred
West Dunbartonshire,2021-05-07,1.00,1.00,1.00,1.00,1.00,0.95,0.48,inferred
West Dunbartonshire,2021-05-08,1.00,1.00,1.00,1.00,1.00,0.95,0.48,inferred
West Dunbartonshire,2021-05-09,1.00,1.00,1.00,1.00,1.00,0.95,0.48,inferred
West Dunbartonshire,2021-05-10,1.00,1.00,1.00,1.00,1.00,0.95,0.48,inferred
West Dunbartonshire,2021-05-11,1.00,1.00,1.00,0.99,0.97,0.65,0.06,inferred
West Dunbartonshire,2021-05-12,1.00,1.00,1.00,0.99,0.97,0.65,0.06,inferred
West Dunbartonshire,2021-05-13,1.00,1.00,1.00,0.99,0.97,0.65,0.06,inferred
West Dunbartonshire,2021-05-14,1.00,1.00,1.00,0.99,0.97,0.65,0.06,inferred
West Dunbartonshire,2021-05-15,1.00,1.00,1.00,0.99,0.97,0.65,0.06,inferred
West Dunbartonshire,2021-05-16,1.00,1.00,1.00,0.99,0.97,0.65,0.06,inferred
West Dunbartonshire,2021-05-17,1.00,1.00,1.00,0.99,0.97,0.65,0.06,inferred
West Dunbartonshire,2021-05-18,1.00,0.98,0.89,0.65,0.39,0.01,0.00,inferred
West Dunbartonshire,2021-05-19,1.00,0.98,0.89,0.65,0.39,0.01,0.00,inferred
West Dunbartonshire,2021-05-20,1.00,0.98,0.89,0.65,0.39,0.01,0.00,inferred
West Dunbartonshire,2021-05-21,1.00,0.98,0.89,0.65,0.39,0.01,0.00,inferred
West Dunbartonshire,2021-05-22,1.00,0.98,0.89,0.65,0.39,0.01,0.00,inferred
West Dunbartonshire,2021-05-23,1.00,0.98,0.89,0.65,0.39,0.01,0.00,inferred
West Dunbartonshire,2021-05-24,1.00,0.98,0.89,0.65,0.39,0.01,0.00,inferred
West Dunbartonshire,2021-05-25,1.00,0.99,0.90,0.65,0.32,0.00,0.00,inferred
West Dunbartonshire,2021-05-26,1.00,0.99,0.90,0.65,0.32,0.00,0.00,inferred
West Dunbartonshire,2021-05-27,1.00,0.99,0.90,0.65,0.32,0.00,0.00,inferred
West Dunbartonshire,2021-05-28,1.00,0.99,0.90,0.65,0.32,0.00,0.00,inferred
West Dunbartonshire,2021-05-29,1.00,0.99,0.90,0.65,0.32,0.00,0.00,inferred
West Dunbartonshire,2021-05-30,1.00,0.99,0.90,0.65,0.32,0.00,0.00,inferred
West Dunbartonshire,2021-05-31,1.00,0.99,0.90,0.65,0.32,0.00,0.00,inferred
West Dunbartonshire,2021-06-01,1.00,0.95,0.76,0.39,0.15,0.00,0.00,inferred
West Dunbartonshire,2021-06-02,1.00,0.95,0.76,0.39,0.15,0.00,0.00,inferred
West Dunbartonshire,2021-06-03,1.00,0.95,0.76,0.39,0.15,0.00,0.00,inferred
West Dunbartonshire,2021-06-04,1.00,0.95,0.76,0.39,0.15,0.00,0.00,inferred
West Dunbartonshire,2021-06-05,1.00,0.95,0.76,0.39,0.15,0.00,0.00,inferred
West Dunbartonshire,2021-06-06,1.00,0.95,0.76,0.39,0.15,0.00,0.00,inferred
West Dunbartonshire,2021-06-07,1.00,0.95,0.76,0.39,0.15,0.00,0.00,inferred
West Dunbartonshire,2021-06-08,1.00,0.98,0.89,0.60,0.27,0.00,0.00,inferred
West Dunbartonshire,2021-06-09,1.00,0.98,0.89,0.60,0.27,0.00,0.00,inferred
West Dunbartonshire,2021-06-10,1.00,0.98,0.89,0.60,0.27,0.00,0.00,inferred
West Dunbartonshire,2021-06-11,1.00,0.98,0.89,0.60,0.27,0.00,0.00,inferred
West Dunbartonshire,2021-06-12,1.00,0.98,0.89,0.60,0.27,0.00,0.00,inferred
West Dunbartonshire,2021-06-13,1.00,0.98,0.89,0.60,0.27,0.00,0.00,inferred
West Dunbartonshire,2021-06-14,1.00,0.98,0.89,0.60,0.27,0.00,0.00,inferred
West Dunbartonshire,2021-06-15,1.00,1.00,1.00,1.00,1.00,1.00,0.66,inferred
West Dunbartonshire,2021-06-16,1.00,1.00,1.00,1.00,1.00,1.00,0.66,inferred
West Dunbartonshire,2021-06-17,1.00,1.00,1.00,1.00,1.00,1.00,0.66,inferred
West Dunbartonshire,2021-06-18,1.00,1.00,1.00,1.00,1.00,1.00,0.66,inferred
West Dunbartonshire,2021-06-19,1.00,1.00,1.00,1.00,1.00,1.00,0.66,inferred
West Dunbartonshire,2021-06-20,1.00,1.00,1.00,1.00,1.00,1.00,0.66,inferred
West Dunbartonshire,2021-06-21,1.00,1.00,1.00,1.00,1.00,1.00,0.66,inferred
West Dunbartonshire,2021-06-22,1.00,1.00,1.00,1.00,1.00,0.77,0.10,inferred
West Dunbartonshire,2021-06-23,1.00,1.00,1.00,1.00,1.00,0.77,0.10,inferred
West Dunbartonshire,2021-06-24,1.00,1.00,1.00,1.00,1.00,0.77,0.10,inferred
West Dunbartonshire,2021-06-25,1.00,1.00,1.00,1.00,1.00,0.77,0.10,inferred
West Dunbartonshire,2021-06-26,1.00,1.00,1.00,1.00,1.00,0.77,0.10,inferred
West Dunbartonshire,2021-06-27,1.00,1.00,1.00,1.00,1.00,0.77,0.10,inferred
West Dunbartonshire,2021-06-28,1.00,1.00,1.00,1.00,1.00,0.77,0.10,inferred
West Dunbartonshire,2021-06-29,0.10,0.03,0.01,0.00,0.00,0.00,0.00,inferred
West Dunbartonshire,2021-06-30,0.10,0.03,0.01,0.00,0.00,0.00,0.00,inferred
West Dunbartonshire,2021-07-01,0.10,0.03,0.01,0.00,0.00,0.00,0.00,inferred
West Dunbartonshire,2021-07-02,0.10,0.03,0.01,0.00,0.00,0.00,0.00,inferred
West Dunbartonshire,2021-07-03,0.10,0.03,0.01,0.00,0.00,0.00,0.00,inferred
West Dunbartonshire,2021-07-04,0.10,0.03,0.01,0.00,0.00,0.00,0.00,inferred
West Dunbartonshire,2021-07-05,0.10,0.03,0.01,0.00,0.00,0.00,0.00,inferred
West Dunbartonshire,2021-07-06,0.30,0.21,0.15,0.10,0.07,0.03,0.01,projected
West Dunbartonshire,2021-07-07,0.30,0.21,0.15,0.10,0.07,0.03,0.01,projected
West Dunbartonshire,2021-07-08,0.30,0.21,0.15,0.10,0.07,0.03,0.01,projected
West Dunbartonshire,2021-07-09,0.30,0.21,0.15,0.10,0.07,0.03,0.01,projected
West Dunbartonshire,2021-07-10,0.30,0.21,0.15,0.10,0.07,0.03,0.01,projected
West Dunbartonshire,2021-07-11,0.30,0.21,0.15,0.10,0.07,0.03,0.01,projected
West Dunbartonshire,2021-07-12,0.30,0.21,0.15,0.10,0.07,0.03,0.01,projected
West Dunbartonshire,2021-07-13,0.36,0.28,0.22,0.18,0.14,0.07,0.02,projected
West Dunbartonshire,2021-07-14,0.36,0.28,0.22,0.18,0.14,0.07,0.02,projected
West Dunbartonshire,2021-07-15,0.36,0.28,0.22,0.18,0.14,0.07,0.02,projected
West Dunbartonshire,2021-07-16,0.36,0.28,0.22,0.18,0.14,0.07,0.02,projected
West Dunbartonshire,2021-07-17,0.36,0.28,0.22,0.18,0.14,0.07,0.02,projected
West Dunbartonshire,2021-07-18,0.36,0.28,0.22,0.18,0.14,0.07,0.02,projected
West Dunbartonshire,2021-07-19,0.36,0.28,0.22,0.18,0.14,0.07,0.02,projected
West Dunbartonshire,2021-07-20,0.42,0.34,0.30,0.24,0.20,0.12,0.06,projected
West Dunbartonshire,2021-07-21,0.42,0.34,0.30,0.24,0.20,0.12,0.06,projected
West Dunbartonshire,2021-07-22,0.42,0.34,0.30,0.24,0.20,0.12,0.06,projected
West Dunbartonshire,2021-07-23,0.42,0.34,0.30,0.24,0.20,0.12,0.06,projected
West Dunbartonshire,2021-07-24,0.42,0.34,0.30,0.24,0.20,0.12,0.06,projected
West Dunbartonshire,2021-07-25,0.42,0.34,0.30,0.24,0.20,0.12,0.06,projected
West Dunbartonshire,2021-07-26,0.42,0.34,0.30,0.24,0.20,0.12,0.06,projected
West Lancashire,2021-03-23,0.00,0.00,0.00,0.00,0.00,0.00,0.00,inferred
West Lancashire,2021-03-24,0.00,0.00,0.00,0.00,0.00,0.00,0.00,inferred
West Lancashire,2021-03-25,0.00,0.00,0.00,0.00,0.00,0.00,0.00,inferred
West Lancashire,2021-03-26,0.00,0.00,0.00,0.00,0.00,0.00,0.00,inferred
West Lancashire,2021-03-27,0.00,0.00,0.00,0.00,0.00,0.00,0.00,inferred
West Lancashire,2021-03-28,0.00,0.00,0.00,0.00,0.00,0.00,0.00,inferred
West Lancashire,2021-03-29,0.00,0.00,0.00,0.00,0.00,0.00,0.00,inferred
West Lancashire,2021-03-30,0.09,0.03,0.01,0.00,0.00,0.00,0.00,inferred
West Lancashire,2021-03-31,0.09,0.03,0.01,0.00,0.00,0.00,0.00,inferred
West Lancashire,2021-04-01,0.09,0.03,0.01,0.00,0.00,0.00,0.00,inferred
West Lancashire,2021-04-02,0.09,0.03,0.01,0.00,0.00,0.00,0.00,inferred
West Lancashire,2021-04-03,0.09,0.03,0.01,0.00,0.00,0.00,0.00,inferred
West Lancashire,2021-04-04,0.09,0.03,0.01,0.00,0.00,0.00,0.00,inferred
West Lancashire,2021-04-05,0.09,0.03,0.01,0.00,0.00,0.00,0.00,inferred
West Lancashire,2021-04-06,0.21,0.08,0.03,0.01,0.00,0.00,0.00,inferred
West Lancashire,2021-04-07,0.21,0.08,0.03,0.01,0.00,0.00,0.00,inferred
West Lancashire,2021-04-08,0.21,0.08,0.03,0.01,0.00,0.00,0.00,inferred
West Lancashire,2021-04-09,0.21,0.08,0.03,0.01,0.00,0.00,0.00,inferred
West Lancashire,2021-04-10,0.21,0.08,0.03,0.01,0.00,0.00,0.00,inferred
West Lancashire,2021-04-11,0.21,0.08,0.03,0.01,0.00,0.00,0.00,inferred
West Lancashire,2021-04-12,0.21,0.08,0.03,0.01,0.00,0.00,0.00,inferred
West Lancashire,2021-04-13,0.56,0.39,0.24,0.12,0.05,0.00,0.00,inferred
West Lancashire,2021-04-14,0.56,0.39,0.24,0.12,0.05,0.00,0.00,inferred
West Lancashire,2021-04-15,0.56,0.39,0.24,0.12,0.05,0.00,0.00,inferred
West Lancashire,2021-04-16,0.56,0.39,0.24,0.12,0.05,0.00,0.00,inferred
West Lancashire,2021-04-17,0.56,0.39,0.24,0.12,0.05,0.00,0.00,inferred
West Lancashire,2021-04-18,0.56,0.39,0.24,0.12,0.05,0.00,0.00,inferred
West Lancashire,2021-04-19,0.56,0.39,0.24,0.12,0.05,0.00,0.00,inferred
West Lancashire,2021-04-20,0.67,0.49,0.32,0.17,0.08,0.01,0.00,inferred
West Lancashire,2021-04-21,0.67,0.49,0.32,0.17,0.08,0.01,0.00,inferred
West Lancashire,2021-04-22,0.67,0.49,0.32,0.17,0.08,0.01,0.00,inferred
West Lancashire,2021-04-23,0.67,0.49,0.32,0.17,0.08,0.01,0.00,inferred
West Lancashire,2021-04-24,0.67,0.49,0.32,0.17,0.08,0.01,0.00,inferred
West Lancashire,2021-04-25,0.67,0.49,0.32,0.17,0.08,0.01,0.00,inferred
West Lancashire,2021-04-26,0.67,0.49,0.32,0.17,0.08,0.01,0.00,inferred
West Lancashire,2021-04-27,0.89,0.78,0.65,0.49,0.33,0.08,0.00,inferred
West Lancashire,2021-04-28,0.89,0.78,0.65,0.49,0.33,0.08,0.00,inferred
West Lancashire,2021-04-29,0.89,0.78,0.65,0.49,0.33,0.08,0.00,inferred
West Lancashire,2021-04-30,0.89,0.78,0.65,0.49,0.33,0.08,0.00,inferred
West Lancashire,2021-05-01,0.89,0.78,0.65,0.49,0.33,0.08,0.00,inferred
West Lancashire,2021-05-02,0.89,0.78,0.65,0.49,0.33,0.08,0.00,inferred
West Lancashire,2021-05-03,0.89,0.78,0.65,0.49,0.33,0.08,0.00,inferred
West Lancashire,2021-05-04,0.76,0.60,0.42,0.28,0.19,0.02,0.00,inferred
West Lancashire,2021-05-05,0.76,0.60,0.42,0.28,0.19,0.02,0.00,inferred
West Lancashire,2021-05-06,0.76,0.60,0.42,0.28,0.19,0.02,0.00,inferred
West Lancashire,2021-05-07,0.76,0.60,0.42,0.28,0.19,0.02,0.00,inferred
West Lancashire,2021-05-08,0.76,0.60,0.42,0.28,0.19,0.02,0.00,inferred
West Lancashire,2021-05-09,0.76,0.60,0.42,0.28,0.19,0.02,0.00,inferred
West Lancashire,2021-05-10,0.76,0.60,0.42,0.28,0.19,0.02,0.00,inferred
West Lancashire,2021-05-11,0.89,0.79,0.65,0.50,0.35,0.08,0.00,inferred
West Lancashire,2021-05-12,0.89,0.79,0.65,0.50,0.35,0.08,0.00,inferred
West Lancashire,2021-05-13,0.89,0.79,0.65,0.50,0.35,0.08,0.00,inferred
West Lancashire,2021-05-14,0.89,0.79,0.65,0.50,0.35,0.08,0.00,inferred
West Lancashire,2021-05-15,0.89,0.79,0.65,0.50,0.35,0.08,0.00,inferred
West Lancashire,2021-05-16,0.89,0.79,0.65,0.50,0.35,0.08,0.00,inferred
West Lancashire,2021-05-17,0.89,0.79,0.65,0.50,0.35,0.08,0.00,inferred
West Lancashire,2021-05-18,1.00,0.99,0.98,0.95,0.88,0.57,0.11,inferred
West Lancashire,2021-05-19,1.00,0.99,0.98,0.95,0.88,0.57,0.11,inferred
West Lancashire,2021-05-20,1.00,0.99,0.98,0.95,0.88,0.57,0.11,inferred
West Lancashire,2021-05-21,1.00,0.99,0.98,0.95,0.88,0.57,0.11,inferred
West Lancashire,2021-05-22,1.00,0.99,0.98,0.95,0.88,0.57,0.11,inferred
West Lancashire,2021-05-23,1.00,0.99,0.98,0.95,0.88,0.57,0.11,inferred
West Lancashire,2021-05-24,1.00,0.99,0.98,0.95,0.88,0.57,0.11,inferred
West Lancashire,2021-05-25,1.00,1.00,1.00,1.00,1.00,0.99,0.83,inferred
West Lancashire,2021-05-26,1.00,1.00,1.00,1.00,1.00,0.99,0.83,inferred
West Lancashire,2021-05-27,1.00,1.00,1.00,1.00,1.00,0.99,0.83,inferred
West Lancashire,2021-05-28,1.00,1.00,1.00,1.00,1.00,0.99,0.83,inferred
West Lancashire,2021-05-29,1.00,1.00,1.00,1.00,1.00,0.99,0.83,inferred
West Lancashire,2021-05-30,1.00,1.00,1.00,1.00,1.00,0.99,0.83,inferred
West Lancashire,2021-05-31,1.00,1.00,1.00,1.00,1.00,0.99,0.83,inferred
West Lancashire,2021-06-01,1.00,1.00,1.00,1.00,1.00,0.95,0.61,inferred
West Lancashire,2021-06-02,1.00,1.00,1.00,1.00,1.00,0.95,0.61,inferred
West Lancashire,2021-06-03,1.00,1.00,1.00,1.00,1.00,0.95,0.61,inferred
West Lancashire,2021-06-04,1.00,1.00,1.00,1.00,1.00,0.95,0.61,inferred
West Lancashire,2021-06-05,1.00,1.00,1.00,1.00,1.00,0.95,0.61,inferred
West Lancashire,2021-06-06,1.00,1.00,1.00,1.00,1.00,0.95,0.61,inferred
West Lancashire,2021-06-07,1.00,1.00,1.00,1.00,1.00,0.95,0.61,inferred
West Lancashire,2021-06-08,1.00,0.99,0.97,0.88,0.70,0.21,0.00,inferred
West Lancashire,2021-06-09,1.00,0.99,0.97,0.88,0.70,0.21,0.00,inferred
West Lancashire,2021-06-10,1.00,0.99,0.97,0.88,0.70,0.21,0.00,inferred
West Lancashire,2021-06-11,1.00,0.99,0.97,0.88,0.70,0.21,0.00,inferred
West Lancashire,2021-06-12,1.00,0.99,0.97,0.88,0.70,0.21,0.00,inferred
West Lancashire,2021-06-13,1.00,0.99,0.97,0.88,0.70,0.21,0.00,inferred
West Lancashire,2021-06-14,1.00,0.99,0.97,0.88,0.70,0.21,0.00,inferred
West Lancashire,2021-06-15,1.00,1.00,1.00,1.00,1.00,0.86,0.08,inferred
West Lancashire,2021-06-16,1.00,1.00,1.00,1.00,1.00,0.86,0.08,inferred
West Lancashire,2021-06-17,1.00,1.00,1.00,1.00,1.00,0.86,0.08,inferred
West Lancashire,2021-06-18,1.00,1.00,1.00,1.00,1.00,0.86,0.08,inferred
West Lancashire,2021-06-19,1.00,1.00,1.00,1.00,1.00,0.86,0.08,inferred
West Lancashire,2021-06-20,1.00,1.00,1.00,1.00,1.00,0.86,0.08,inferred
West Lancashire,2021-06-21,1.00,1.00,1.00,1.00,1.00,0.86,0.08,inferred
West Lancashire,2021-06-22,1.00,1.00,1.00,1.00,1.00,0.97,0.56,inferred
West Lancashire,2021-06-23,1.00,1.00,1.00,1.00,1.00,0.97,0.56,inferred
West Lancashire,2021-06-24,1.00,1.00,1.00,1.00,1.00,0.97,0.56,inferred
West Lancashire,2021-06-25,1.00,1.00,1.00,1.00,1.00,0.97,0.56,inferred
West Lancashire,2021-06-26,1.00,1.00,1.00,1.00,1.00,0.97,0.56,inferred
West Lancashire,2021-06-27,1.00,1.00,1.00,1.00,1.00,0.97,0.56,inferred
West Lancashire,2021-06-28,1.00,1.00,1.00,1.00,1.00,0.97,0.56,inferred
West Lancashire,2021-06-29,0.95,0.83,0.65,0.45,0.27,0.03,0.00,inferred
West Lancashire,2021-06-30,0.95,0.83,0.65,0.45,0.27,0.03,0.00,inferred
West Lancashire,2021-07-01,0.95,0.83,0.65,0.45,0.27,0.03,0.00,inferred
West Lancashire,2021-07-02,0.95,0.83,0.65,0.45,0.27,0.03,0.00,inferred
West Lancashire,2021-07-03,0.95,0.83,0.65,0.45,0.27,0.03,0.00,inferred
West Lancashire,2021-07-04,0.95,0.83,0.65,0.45,0.27,0.03,0.00,inferred
West Lancashire,2021-07-05,0.95,0.83,0.65,0.45,0.27,0.03,0.00,inferred
West Lancashire,2021-07-06,0.82,0.69,0.55,0.42,0.31,0.12,0.02,projected
West Lancashire,2021-07-07,0.82,0.69,0.55,0.42,0.31,0.12,0.02,projected
West Lancashire,2021-07-08,0.82,0.69,0.55,0.42,0.31,0.12,0.02,projected
West Lancashire,2021-07-09,0.82,0.69,0.55,0.42,0.31,0.12,0.02,projected
West Lancashire,2021-07-10,0.82,0.69,0.55,0.42,0.31,0.12,0.02,projected
West Lancashire,2021-07-11,0.82,0.69,0.55,0.42,0.31,0.12,0.02,projected
West Lancashire,2021-07-12,0.82,0.69,0.55,0.42,0.31,0.12,0.02,projected
West Lancashire,2021-07-13,0.77,0.65,0.53,0.42,0.33,0.15,0.04,projected
West Lancashire,2021-07-14,0.77,0.65,0.53,0.42,0.33,0.15,0.04,projected
West Lancashire,2021-07-15,0.77,0.65,0.53,0.42,0.33,0.15,0.04,projected
West Lancashire,2021-07-16,0.77,0.65,0.53,0.42,0.33,0.15,0.04,projected
West Lancashire,2021-07-17,0.77,0.65,0.53,0.42,0.33,0.15,0.04,projected
West Lancashire,2021-07-18,0.77,0.65,0.53,0.42,0.33,0.15,0.04,projected
West Lancashire,2021-07-19,0.77,0.65,0.53,0.42,0.33,0.15,0.04,projected
West Lancashire,2021-07-20,0.75,0.65,0.55,0.46,0.36,0.18,0.05,projected
West Lancashire,2021-07-21,0.75,0.65,0.55,0.46,0.36,0.18,0.05,projected
West Lancashire,2021-07-22,0.75,0.65,0.55,0.46,0.36,0.18,0.05,projected
West Lancashire,2021-07-23,0.75,0.65,0.55,0.46,0.36,0.18,0.05,projected
West Lancashire,2021-07-24,0.75,0.65,0.55,0.46,0.36,0.18,0.05,projected
West Lancashire,2021-07-25,0.75,0.65,0.55,0.46,0.36,0.18,0.05,projected
West Lancashire,2021-07-26,0.75,0.65,0.55,0.46,0.36,0.18,0.05,projected
West Lindsey,2021-03-23,0.04,0.00,0.00,0.00,0.00,0.00,0.00,inferred
West Lindsey,2021-03-24,0.04,0.00,0.00,0.00,0.00,0.00,0.00,inferred
West Lindsey,2021-03-25,0.04,0.00,0.00,0.00,0.00,0.00,0.00,inferred
West Lindsey,2021-03-26,0.04,0.00,0.00,0.00,0.00,0.00,0.00,inferred
West Lindsey,2021-03-27,0.04,0.00,0.00,0.00,0.00,0.00,0.00,inferred
West Lindsey,2021-03-28,0.04,0.00,0.00,0.00,0.00,0.00,0.00,inferred
West Lindsey,2021-03-29,0.04,0.00,0.00,0.00,0.00,0.00,0.00,inferred
West Lindsey,2021-03-30,0.01,0.00,0.00,0.00,0.00,0.00,0.00,inferred
West Lindsey,2021-03-31,0.01,0.00,0.00,0.00,0.00,0.00,0.00,inferred
West Lindsey,2021-04-01,0.01,0.00,0.00,0.00,0.00,0.00,0.00,inferred
West Lindsey,2021-04-02,0.01,0.00,0.00,0.00,0.00,0.00,0.00,inferred
West Lindsey,2021-04-03,0.01,0.00,0.00,0.00,0.00,0.00,0.00,inferred
West Lindsey,2021-04-04,0.01,0.00,0.00,0.00,0.00,0.00,0.00,inferred
West Lindsey,2021-04-05,0.01,0.00,0.00,0.00,0.00,0.00,0.00,inferred
West Lindsey,2021-04-06,0.36,0.20,0.10,0.04,0.01,0.00,0.00,inferred
West Lindsey,2021-04-07,0.36,0.20,0.10,0.04,0.01,0.00,0.00,inferred
West Lindsey,2021-04-08,0.36,0.20,0.10,0.04,0.01,0.00,0.00,inferred
West Lindsey,2021-04-09,0.36,0.20,0.10,0.04,0.01,0.00,0.00,inferred
West Lindsey,2021-04-10,0.36,0.20,0.10,0.04,0.01,0.00,0.00,inferred
West Lindsey,2021-04-11,0.36,0.20,0.10,0.04,0.01,0.00,0.00,inferred
West Lindsey,2021-04-12,0.36,0.20,0.10,0.04,0.01,0.00,0.00,inferred
West Lindsey,2021-04-13,0.74,0.54,0.33,0.18,0.08,0.00,0.00,inferred
West Lindsey,2021-04-14,0.74,0.54,0.33,0.18,0.08,0.00,0.00,inferred
West Lindsey,2021-04-15,0.74,0.54,0.33,0.18,0.08,0.00,0.00,inferred
West Lindsey,2021-04-16,0.74,0.54,0.33,0.18,0.08,0.00,0.00,inferred
West Lindsey,2021-04-17,0.74,0.54,0.33,0.18,0.08,0.00,0.00,inferred
West Lindsey,2021-04-18,0.74,0.54,0.33,0.18,0.08,0.00,0.00,inferred
West Lindsey,2021-04-19,0.74,0.54,0.33,0.18,0.08,0.00,0.00,inferred
West Lindsey,2021-04-20,0.55,0.35,0.20,0.10,0.04,0.00,0.00,inferred
West Lindsey,2021-04-21,0.55,0.35,0.20,0.10,0.04,0.00,0.00,inferred
West Lindsey,2021-04-22,0.55,0.35,0.20,0.10,0.04,0.00,0.00,inferred
West Lindsey,2021-04-23,0.55,0.35,0.20,0.10,0.04,0.00,0.00,inferred
West Lindsey,2021-04-24,0.55,0.35,0.20,0.10,0.04,0.00,0.00,inferred
West Lindsey,2021-04-25,0.55,0.35,0.20,0.10,0.04,0.00,0.00,inferred
West Lindsey,2021-04-26,0.55,0.35,0.20,0.10,0.04,0.00,0.00,inferred
West Lindsey,2021-04-27,0.48,0.29,0.16,0.08,0.04,0.00,0.00,inferred
West Lindsey,2021-04-28,0.48,0.29,0.16,0.08,0.04,0.00,0.00,inferred
West Lindsey,2021-04-29,0.48,0.29,0.16,0.08,0.04,0.00,0.00,inferred
West Lindsey,2021-04-30,0.48,0.29,0.16,0.08,0.04,0.00,0.00,inferred
West Lindsey,2021-05-01,0.48,0.29,0.16,0.08,0.04,0.00,0.00,inferred
West Lindsey,2021-05-02,0.48,0.29,0.16,0.08,0.04,0.00,0.00,inferred
West Lindsey,2021-05-03,0.48,0.29,0.16,0.08,0.04,0.00,0.00,inferred
West Lindsey,2021-05-04,0.40,0.25,0.13,0.06,0.02,0.00,0.00,inferred
West Lindsey,2021-05-05,0.40,0.25,0.13,0.06,0.02,0.00,0.00,inferred
West Lindsey,2021-05-06,0.40,0.25,0.13,0.06,0.02,0.00,0.00,inferred
West Lindsey,2021-05-07,0.40,0.25,0.13,0.06,0.02,0.00,0.00,inferred
West Lindsey,2021-05-08,0.40,0.25,0.13,0.06,0.02,0.00,0.00,inferred
West Lindsey,2021-05-09,0.40,0.25,0.13,0.06,0.02,0.00,0.00,inferred
West Lindsey,2021-05-10,0.40,0.25,0.13,0.06,0.02,0.00,0.00,inferred
West Lindsey,2021-05-11,0.91,0.82,0.68,0.54,0.39,0.10,0.00,inferred
West Lindsey,2021-05-12,0.91,0.82,0.68,0.54,0.39,0.10,0.00,inferred
West Lindsey,2021-05-13,0.91,0.82,0.68,0.54,0.39,0.10,0.00,inferred
West Lindsey,2021-05-14,0.91,0.82,0.68,0.54,0.39,0.10,0.00,inferred
West Lindsey,2021-05-15,0.91,0.82,0.68,0.54,0.39,0.10,0.00,inferred
West Lindsey,2021-05-16,0.91,0.82,0.68,0.54,0.39,0.10,0.00,inferred
West Lindsey,2021-05-17,0.91,0.82,0.68,0.54,0.39,0.10,0.00,inferred
West Lindsey,2021-05-18,0.94,0.87,0.74,0.59,0.44,0.11,0.00,inferred
West Lindsey,2021-05-19,0.94,0.87,0.74,0.59,0.44,0.11,0.00,inferred
West Lindsey,2021-05-20,0.94,0.87,0.74,0.59,0.44,0.11,0.00,inferred
West Lindsey,2021-05-21,0.94,0.87,0.74,0.59,0.44,0.11,0.00,inferred
West Lindsey,2021-05-22,0.94,0.87,0.74,0.59,0.44,0.11,0.00,inferred
West Lindsey,2021-05-23,0.94,0.87,0.74,0.59,0.44,0.11,0.00,inferred
West Lindsey,2021-05-24,0.94,0.87,0.74,0.59,0.44,0.11,0.00,inferred
West Lindsey,2021-05-25,0.98,0.94,0.87,0.77,0.62,0.20,0.01,inferred
West Lindsey,2021-05-26,0.98,0.94,0.87,0.77,0.62,0.20,0.01,inferred
West Lindsey,2021-05-27,0.98,0.94,0.87,0.77,0.62,0.20,0.01,inferred
West Lindsey,2021-05-28,0.98,0.94,0.87,0.77,0.62,0.20,0.01,inferred
West Lindsey,2021-05-29,0.98,0.94,0.87,0.77,0.62,0.20,0.01,inferred
West Lindsey,2021-05-30,0.98,0.94,0.87,0.77,0.62,0.20,0.01,inferred
West Lindsey,2021-05-31,0.98,0.94,0.87,0.77,0.62,0.20,0.01,inferred
West Lindsey,2021-06-01,1.00,1.00,0.99,0.97,0.92,0.61,0.11,inferred
West Lindsey,2021-06-02,1.00,1.00,0.99,0.97,0.92,0.61,0.11,inferred
West Lindsey,2021-06-03,1.00,1.00,0.99,0.97,0.92,0.61,0.11,inferred
West Lindsey,2021-06-04,1.00,1.00,0.99,0.97,0.92,0.61,0.11,inferred
West Lindsey,2021-06-05,1.00,1.00,0.99,0.97,0.92,0.61,0.11,inferred
West Lindsey,2021-06-06,1.00,1.00,0.99,0.97,0.92,0.61,0.11,inferred
West Lindsey,2021-06-07,1.00,1.00,0.99,0.97,0.92,0.61,0.11,inferred
West Lindsey,2021-06-08,1.00,0.99,0.94,0.88,0.75,0.29,0.02,inferred
West Lindsey,2021-06-09,1.00,0.99,0.94,0.88,0.75,0.29,0.02,inferred
West Lindsey,2021-06-10,1.00,0.99,0.94,0.88,0.75,0.29,0.02,inferred
West Lindsey,2021-06-11,1.00,0.99,0.94,0.88,0.75,0.29,0.02,inferred
West Lindsey,2021-06-12,1.00,0.99,0.94,0.88,0.75,0.29,0.02,inferred
West Lindsey,2021-06-13,1.00,0.99,0.94,0.88,0.75,0.29,0.02,inferred
West Lindsey,2021-06-14,1.00,0.99,0.94,0.88,0.75,0.29,0.02,inferred
West Lindsey,2021-06-15,1.00,1.00,1.00,1.00,1.00,0.94,0.42,inferred
West Lindsey,2021-06-16,1.00,1.00,1.00,1.00,1.00,0.94,0.42,inferred
West Lindsey,2021-06-17,1.00,1.00,1.00,1.00,1.00,0.94,0.42,inferred
West Lindsey,2021-06-18,1.00,1.00,1.00,1.00,1.00,0.94,0.42,inferred
West Lindsey,2021-06-19,1.00,1.00,1.00,1.00,1.00,0.94,0.42,inferred
West Lindsey,2021-06-20,1.00,1.00,1.00,1.00,1.00,0.94,0.42,inferred
West Lindsey,2021-06-21,1.00,1.00,1.00,1.00,1.00,0.94,0.42,inferred
West Lindsey,2021-06-22,1.00,1.00,1.00,1.00,1.00,1.00,0.86,inferred
West Lindsey,2021-06-23,1.00,1.00,1.00,1.00,1.00,1.00,0.86,inferred
West Lindsey,2021-06-24,1.00,1.00,1.00,1.00,1.00,1.00,0.86,inferred
West Lindsey,2021-06-25,1.00,1.00,1.00,1.00,1.00,1.00,0.86,inferred
West Lindsey,2021-06-26,1.00,1.00,1.00,1.00,1.00,1.00,0.86,inferred
West Lindsey,2021-06-27,1.00,1.00,1.00,1.00,1.00,1.00,0.86,inferred
West Lindsey,2021-06-28,1.00,1.00,1.00,1.00,1.00,1.00,0.86,inferred
West Lindsey,2021-06-29,1.00,1.00,1.00,1.00,0.99,0.92,0.52,inferred
West Lindsey,2021-06-30,1.00,1.00,1.00,1.00,0.99,0.92,0.52,inferred
West Lindsey,2021-07-01,1.00,1.00,1.00,1.00,0.99,0.92,0.52,inferred
West Lindsey,2021-07-02,1.00,1.00,1.00,1.00,0.99,0.92,0.52,inferred
West Lindsey,2021-07-03,1.00,1.00,1.00,1.00,0.99,0.92,0.52,inferred
West Lindsey,2021-07-04,1.00,1.00,1.00,1.00,0.99,0.92,0.52,inferred
West Lindsey,2021-07-05,1.00,1.00,1.00,1.00,0.99,0.92,0.52,inferred
West Lindsey,2021-07-06,1.00,1.00,0.99,0.97,0.95,0.78,0.41,projected
West Lindsey,2021-07-07,1.00,1.00,0.99,0.97,0.95,0.78,0.41,projected
West Lindsey,2021-07-08,1.00,1.00,0.99,0.97,0.95,0.78,0.41,projected
West Lindsey,2021-07-09,1.00,1.00,0.99,0.97,0.95,0.78,0.41,projected
West Lindsey,2021-07-10,1.00,1.00,0.99,0.97,0.95,0.78,0.41,projected
West Lindsey,2021-07-11,1.00,1.00,0.99,0.97,0.95,0.78,0.41,projected
West Lindsey,2021-07-12,1.00,1.00,0.99,0.97,0.95,0.78,0.41,projected
West Lindsey,2021-07-13,1.00,0.99,0.97,0.94,0.90,0.70,0.37,projected
West Lindsey,2021-07-14,1.00,0.99,0.97,0.94,0.90,0.70,0.37,projected
West Lindsey,2021-07-15,1.00,0.99,0.97,0.94,0.90,0.70,0.37,projected
West Lindsey,2021-07-16,1.00,0.99,0.97,0.94,0.90,0.70,0.37,projected
West Lindsey,2021-07-17,1.00,0.99,0.97,0.94,0.90,0.70,0.37,projected
West Lindsey,2021-07-18,1.00,0.99,0.97,0.94,0.90,0.70,0.37,projected
West Lindsey,2021-07-19,1.00,0.99,0.97,0.94,0.90,0.70,0.37,projected
West Lindsey,2021-07-20,0.99,0.98,0.95,0.92,0.87,0.68,0.36,projected
West Lindsey,2021-07-21,0.99,0.98,0.95,0.92,0.87,0.68,0.36,projected
West Lindsey,2021-07-22,0.99,0.98,0.95,0.92,0.87,0.68,0.36,projected
West Lindsey,2021-07-23,0.99,0.98,0.95,0.92,0.87,0.68,0.36,projected
West Lindsey,2021-07-24,0.99,0.98,0.95,0.92,0.87,0.68,0.36,projected
West Lindsey,2021-07-25,0.99,0.98,0.95,0.92,0.87,0.68,0.36,projected
West Lindsey,2021-07-26,0.99,0.98,0.95,0.92,0.87,0.68,0.36,projected
West Lothian,2021-03-23,0.34,0.12,0.03,0.00,0.00,0.00,0.00,inferred
West Lothian,2021-03-24,0.34,0.12,0.03,0.00,0.00,0.00,0.00,inferred
West Lothian,2021-03-25,0.34,0.12,0.03,0.00,0.00,0.00,0.00,inferred
West Lothian,2021-03-26,0.34,0.12,0.03,0.00,0.00,0.00,0.00,inferred
West Lothian,2021-03-27,0.34,0.12,0.03,0.00,0.00,0.00,0.00,inferred
West Lothian,2021-03-28,0.34,0.12,0.03,0.00,0.00,0.00,0.00,inferred
West Lothian,2021-03-29,0.34,0.12,0.03,0.00,0.00,0.00,0.00,inferred
West Lothian,2021-03-30,0.09,0.02,0.00,0.00,0.00,0.00,0.00,inferred
West Lothian,2021-03-31,0.09,0.02,0.00,0.00,0.00,0.00,0.00,inferred
West Lothian,2021-04-01,0.09,0.02,0.00,0.00,0.00,0.00,0.00,inferred
West Lothian,2021-04-02,0.09,0.02,0.00,0.00,0.00,0.00,0.00,inferred
West Lothian,2021-04-03,0.09,0.02,0.00,0.00,0.00,0.00,0.00,inferred
West Lothian,2021-04-04,0.09,0.02,0.00,0.00,0.00,0.00,0.00,inferred
West Lothian,2021-04-05,0.09,0.02,0.00,0.00,0.00,0.00,0.00,inferred
West Lothian,2021-04-06,0.25,0.11,0.04,0.01,0.00,0.00,0.00,inferred
West Lothian,2021-04-07,0.25,0.11,0.04,0.01,0.00,0.00,0.00,inferred
West Lothian,2021-04-08,0.25,0.11,0.04,0.01,0.00,0.00,0.00,inferred
West Lothian,2021-04-09,0.25,0.11,0.04,0.01,0.00,0.00,0.00,inferred
West Lothian,2021-04-10,0.25,0.11,0.04,0.01,0.00,0.00,0.00,inferred
West Lothian,2021-04-11,0.25,0.11,0.04,0.01,0.00,0.00,0.00,inferred
West Lothian,2021-04-12,0.25,0.11,0.04,0.01,0.00,0.00,0.00,inferred
West Lothian,2021-04-13,0.67,0.45,0.29,0.15,0.06,0.00,0.00,inferred
West Lothian,2021-04-14,0.67,0.45,0.29,0.15,0.06,0.00,0.00,inferred
West Lothian,2021-04-15,0.67,0.45,0.29,0.15,0.06,0.00,0.00,inferred
West Lothian,2021-04-16,0.67,0.45,0.29,0.15,0.06,0.00,0.00,inferred
West Lothian,2021-04-17,0.67,0.45,0.29,0.15,0.06,0.00,0.00,inferred
West Lothian,2021-04-18,0.67,0.45,0.29,0.15,0.06,0.00,0.00,inferred
West Lothian,2021-04-19,0.67,0.45,0.29,0.15,0.06,0.00,0.00,inferred
West Lothian,2021-04-20,0.75,0.53,0.32,0.16,0.08,0.00,0.00,inferred
West Lothian,2021-04-21,0.75,0.53,0.32,0.16,0.08,0.00,0.00,inferred
West Lothian,2021-04-22,0.75,0.53,0.32,0.16,0.08,0.00,0.00,inferred
West Lothian,2021-04-23,0.75,0.53,0.32,0.16,0.08,0.00,0.00,inferred
West Lothian,2021-04-24,0.75,0.53,0.32,0.16,0.08,0.00,0.00,inferred
West Lothian,2021-04-25,0.75,0.53,0.32,0.16,0.08,0.00,0.00,inferred
West Lothian,2021-04-26,0.75,0.53,0.32,0.16,0.08,0.00,0.00,inferred
West Lothian,2021-04-27,0.84,0.67,0.47,0.31,0.17,0.02,0.00,inferred
West Lothian,2021-04-28,0.84,0.67,0.47,0.31,0.17,0.02,0.00,inferred
West Lothian,2021-04-29,0.84,0.67,0.47,0.31,0.17,0.02,0.00,inferred
West Lothian,2021-04-30,0.84,0.67,0.47,0.31,0.17,0.02,0.00,inferred
West Lothian,2021-05-01,0.84,0.67,0.47,0.31,0.17,0.02,0.00,inferred
West Lothian,2021-05-02,0.84,0.67,0.47,0.31,0.17,0.02,0.00,inferred
West Lothian,2021-05-03,0.84,0.67,0.47,0.31,0.17,0.02,0.00,inferred
West Lothian,2021-05-04,0.98,0.94,0.85,0.72,0.57,0.15,0.00,inferred
West Lothian,2021-05-05,0.98,0.94,0.85,0.72,0.57,0.15,0.00,inferred
West Lothian,2021-05-06,0.98,0.94,0.85,0.72,0.57,0.15,0.00,inferred
West Lothian,2021-05-07,0.98,0.94,0.85,0.72,0.57,0.15,0.00,inferred
West Lothian,2021-05-08,0.98,0.94,0.85,0.72,0.57,0.15,0.00,inferred
West Lothian,2021-05-09,0.98,0.94,0.85,0.72,0.57,0.15,0.00,inferred
West Lothian,2021-05-10,0.98,0.94,0.85,0.72,0.57,0.15,0.00,inferred
West Lothian,2021-05-11,1.00,0.99,0.96,0.90,0.78,0.36,0.03,inferred
West Lothian,2021-05-12,1.00,0.99,0.96,0.90,0.78,0.36,0.03,inferred
West Lothian,2021-05-13,1.00,0.99,0.96,0.90,0.78,0.36,0.03,inferred
West Lothian,2021-05-14,1.00,0.99,0.96,0.90,0.78,0.36,0.03,inferred
West Lothian,2021-05-15,1.00,0.99,0.96,0.90,0.78,0.36,0.03,inferred
West Lothian,2021-05-16,1.00,0.99,0.96,0.90,0.78,0.36,0.03,inferred
West Lothian,2021-05-17,1.00,0.99,0.96,0.90,0.78,0.36,0.03,inferred
West Lothian,2021-05-18,1.00,1.00,1.00,0.99,0.97,0.73,0.14,inferred
West Lothian,2021-05-19,1.00,1.00,1.00,0.99,0.97,0.73,0.14,inferred
West Lothian,2021-05-20,1.00,1.00,1.00,0.99,0.97,0.73,0.14,inferred
West Lothian,2021-05-21,1.00,1.00,1.00,0.99,0.97,0.73,0.14,inferred
West Lothian,2021-05-22,1.00,1.00,1.00,0.99,0.97,0.73,0.14,inferred
West Lothian,2021-05-23,1.00,1.00,1.00,0.99,0.97,0.73,0.14,inferred
West Lothian,2021-05-24,1.00,1.00,1.00,0.99,0.97,0.73,0.14,inferred
West Lothian,2021-05-25,1.00,1.00,1.00,1.00,1.00,0.93,0.48,inferred
West Lothian,2021-05-26,1.00,1.00,1.00,1.00,1.00,0.93,0.48,inferred
West Lothian,2021-05-27,1.00,1.00,1.00,1.00,1.00,0.93,0.48,inferred
West Lothian,2021-05-28,1.00,1.00,1.00,1.00,1.00,0.93,0.48,inferred
West Lothian,2021-05-29,1.00,1.00,1.00,1.00,1.00,0.93,0.48,inferred
West Lothian,2021-05-30,1.00,1.00,1.00,1.00,1.00,0.93,0.48,inferred
West Lothian,2021-05-31,1.00,1.00,1.00,1.00,1.00,0.93,0.48,inferred
West Lothian,2021-06-01,1.00,1.00,0.97,0.92,0.80,0.31,0.01,inferred
West Lothian,2021-06-02,1.00,1.00,0.97,0.92,0.80,0.31,0.01,inferred
West Lothian,2021-06-03,1.00,1.00,0.97,0.92,0.80,0.31,0.01,inferred
West Lothian,2021-06-04,1.00,1.00,0.97,0.92,0.80,0.31,0.01,inferred
West Lothian,2021-06-05,1.00,1.00,0.97,0.92,0.80,0.31,0.01,inferred
West Lothian,2021-06-06,1.00,1.00,0.97,0.92,0.80,0.31,0.01,inferred
West Lothian,2021-06-07,1.00,1.00,0.97,0.92,0.80,0.31,0.01,inferred
West Lothian,2021-06-08,1.00,0.99,0.93,0.80,0.57,0.05,0.00,inferred
West Lothian,2021-06-09,1.00,0.99,0.93,0.80,0.57,0.05,0.00,inferred
West Lothian,2021-06-10,1.00,0.99,0.93,0.80,0.57,0.05,0.00,inferred
West Lothian,2021-06-11,1.00,0.99,0.93,0.80,0.57,0.05,0.00,inferred
West Lothian,2021-06-12,1.00,0.99,0.93,0.80,0.57,0.05,0.00,inferred
West Lothian,2021-06-13,1.00,0.99,0.93,0.80,0.57,0.05,0.00,inferred
West Lothian,2021-06-14,1.00,0.99,0.93,0.80,0.57,0.05,0.00,inferred
West Lothian,2021-06-15,1.00,1.00,1.00,1.00,1.00,1.00,0.78,inferred
West Lothian,2021-06-16,1.00,1.00,1.00,1.00,1.00,1.00,0.78,inferred
West Lothian,2021-06-17,1.00,1.00,1.00,1.00,1.00,1.00,0.78,inferred
West Lothian,2021-06-18,1.00,1.00,1.00,1.00,1.00,1.00,0.78,inferred
West Lothian,2021-06-19,1.00,1.00,1.00,1.00,1.00,1.00,0.78,inferred
West Lothian,2021-06-20,1.00,1.00,1.00,1.00,1.00,1.00,0.78,inferred
West Lothian,2021-06-21,1.00,1.00,1.00,1.00,1.00,1.00,0.78,inferred
West Lothian,2021-06-22,1.00,1.00,0.99,0.94,0.82,0.27,0.00,inferred
West Lothian,2021-06-23,1.00,1.00,0.99,0.94,0.82,0.27,0.00,inferred
West Lothian,2021-06-24,1.00,1.00,0.99,0.94,0.82,0.27,0.00,inferred
West Lothian,2021-06-25,1.00,1.00,0.99,0.94,0.82,0.27,0.00,inferred
West Lothian,2021-06-26,1.00,1.00,0.99,0.94,0.82,0.27,0.00,inferred
West Lothian,2021-06-27,1.00,1.00,0.99,0.94,0.82,0.27,0.00,inferred
West Lothian,2021-06-28,1.00,1.00,0.99,0.94,0.82,0.27,0.00,inferred
West Lothian,2021-06-29,0.36,0.19,0.09,0.04,0.02,0.00,0.00,inferred
West Lothian,2021-06-30,0.36,0.19,0.09,0.04,0.02,0.00,0.00,inferred
West Lothian,2021-07-01,0.36,0.19,0.09,0.04,0.02,0.00,0.00,inferred
West Lothian,2021-07-02,0.36,0.19,0.09,0.04,0.02,0.00,0.00,inferred
West Lothian,2021-07-03,0.36,0.19,0.09,0.04,0.02,0.00,0.00,inferred
West Lothian,2021-07-04,0.36,0.19,0.09,0.04,0.02,0.00,0.00,inferred
West Lothian,2021-07-05,0.36,0.19,0.09,0.04,0.02,0.00,0.00,inferred
West Lothian,2021-07-06,0.43,0.34,0.25,0.20,0.15,0.07,0.01,projected
West Lothian,2021-07-07,0.43,0.34,0.25,0.20,0.15,0.07,0.01,projected
West Lothian,2021-07-08,0.43,0.34,0.25,0.20,0.15,0.07,0.01,projected
West Lothian,2021-07-09,0.43,0.34,0.25,0.20,0.15,0.07,0.01,projected
West Lothian,2021-07-10,0.43,0.34,0.25,0.20,0.15,0.07,0.01,projected
West Lothian,2021-07-11,0.43,0.34,0.25,0.20,0.15,0.07,0.01,projected
West Lothian,2021-07-12,0.43,0.34,0.25,0.20,0.15,0.07,0.01,projected
West Lothian,2021-07-13,0.47,0.40,0.32,0.27,0.22,0.12,0.04,projected
West Lothian,2021-07-14,0.47,0.40,0.32,0.27,0.22,0.12,0.04,projected
West Lothian,2021-07-15,0.47,0.40,0.32,0.27,0.22,0.12,0.04,projected
West Lothian,2021-07-16,0.47,0.40,0.32,0.27,0.22,0.12,0.04,projected
West Lothian,2021-07-17,0.47,0.40,0.32,0.27,0.22,0.12,0.04,projected
West Lothian,2021-07-18,0.47,0.40,0.32,0.27,0.22,0.12,0.04,projected
West Lothian,2021-07-19,0.47,0.40,0.32,0.27,0.22,0.12,0.04,projected
West Lothian,2021-07-20,0.50,0.42,0.36,0.31,0.27,0.17,0.08,projected
West Lothian,2021-07-21,0.50,0.42,0.36,0.31,0.27,0.17,0.08,projected
West Lothian,2021-07-22,0.50,0.42,0.36,0.31,0.27,0.17,0.08,projected
West Lothian,2021-07-23,0.50,0.42,0.36,0.31,0.27,0.17,0.08,projected
West Lothian,2021-07-24,0.50,0.42,0.36,0.31,0.27,0.17,0.08,projected
West Lothian,2021-07-25,0.50,0.42,0.36,0.31,0.27,0.17,0.08,projected
West Lothian,2021-07-26,0.50,0.42,0.36,0.31,0.27,0.17,0.08,projected
West Oxfordshire,2021-03-23,0.01,0.00,0.00,0.00,0.00,0.00,0.00,inferred
West Oxfordshire,2021-03-24,0.01,0.00,0.00,0.00,0.00,0.00,0.00,inferred
West Oxfordshire,2021-03-25,0.01,0.00,0.00,0.00,0.00,0.00,0.00,inferred
West Oxfordshire,2021-03-26,0.01,0.00,0.00,0.00,0.00,0.00,0.00,inferred
West Oxfordshire,2021-03-27,0.01,0.00,0.00,0.00,0.00,0.00,0.00,inferred
West Oxfordshire,2021-03-28,0.01,0.00,0.00,0.00,0.00,0.00,0.00,inferred
West Oxfordshire,2021-03-29,0.01,0.00,0.00,0.00,0.00,0.00,0.00,inferred
West Oxfordshire,2021-03-30,0.05,0.01,0.00,0.00,0.00,0.00,0.00,inferred
West Oxfordshire,2021-03-31,0.05,0.01,0.00,0.00,0.00,0.00,0.00,inferred
West Oxfordshire,2021-04-01,0.05,0.01,0.00,0.00,0.00,0.00,0.00,inferred
West Oxfordshire,2021-04-02,0.05,0.01,0.00,0.00,0.00,0.00,0.00,inferred
West Oxfordshire,2021-04-03,0.05,0.01,0.00,0.00,0.00,0.00,0.00,inferred
West Oxfordshire,2021-04-04,0.05,0.01,0.00,0.00,0.00,0.00,0.00,inferred
West Oxfordshire,2021-04-05,0.05,0.01,0.00,0.00,0.00,0.00,0.00,inferred
West Oxfordshire,2021-04-06,0.41,0.24,0.11,0.05,0.02,0.00,0.00,inferred
West Oxfordshire,2021-04-07,0.41,0.24,0.11,0.05,0.02,0.00,0.00,inferred
West Oxfordshire,2021-04-08,0.41,0.24,0.11,0.05,0.02,0.00,0.00,inferred
West Oxfordshire,2021-04-09,0.41,0.24,0.11,0.05,0.02,0.00,0.00,inferred
West Oxfordshire,2021-04-10,0.41,0.24,0.11,0.05,0.02,0.00,0.00,inferred
West Oxfordshire,2021-04-11,0.41,0.24,0.11,0.05,0.02,0.00,0.00,inferred
West Oxfordshire,2021-04-12,0.41,0.24,0.11,0.05,0.02,0.00,0.00,inferred
West Oxfordshire,2021-04-13,0.47,0.29,0.16,0.07,0.03,0.00,0.00,inferred
West Oxfordshire,2021-04-14,0.47,0.29,0.16,0.07,0.03,0.00,0.00,inferred
West Oxfordshire,2021-04-15,0.47,0.29,0.16,0.07,0.03,0.00,0.00,inferred
West Oxfordshire,2021-04-16,0.47,0.29,0.16,0.07,0.03,0.00,0.00,inferred
West Oxfordshire,2021-04-17,0.47,0.29,0.16,0.07,0.03,0.00,0.00,inferred
West Oxfordshire,2021-04-18,0.47,0.29,0.16,0.07,0.03,0.00,0.00,inferred
West Oxfordshire,2021-04-19,0.47,0.29,0.16,0.07,0.03,0.00,0.00,inferred
West Oxfordshire,2021-04-20,0.63,0.44,0.27,0.15,0.08,0.00,0.00,inferred
West Oxfordshire,2021-04-21,0.63,0.44,0.27,0.15,0.08,0.00,0.00,inferred
West Oxfordshire,2021-04-22,0.63,0.44,0.27,0.15,0.08,0.00,0.00,inferred
West Oxfordshire,2021-04-23,0.63,0.44,0.27,0.15,0.08,0.00,0.00,inferred
West Oxfordshire,2021-04-24,0.63,0.44,0.27,0.15,0.08,0.00,0.00,inferred
West Oxfordshire,2021-04-25,0.63,0.44,0.27,0.15,0.08,0.00,0.00,inferred
West Oxfordshire,2021-04-26,0.63,0.44,0.27,0.15,0.08,0.00,0.00,inferred
West Oxfordshire,2021-04-27,0.62,0.46,0.31,0.18,0.10,0.01,0.00,inferred
West Oxfordshire,2021-04-28,0.62,0.46,0.31,0.18,0.10,0.01,0.00,inferred
West Oxfordshire,2021-04-29,0.62,0.46,0.31,0.18,0.10,0.01,0.00,inferred
West Oxfordshire,2021-04-30,0.62,0.46,0.31,0.18,0.10,0.01,0.00,inferred
West Oxfordshire,2021-05-01,0.62,0.46,0.31,0.18,0.10,0.01,0.00,inferred
West Oxfordshire,2021-05-02,0.62,0.46,0.31,0.18,0.10,0.01,0.00,inferred
West Oxfordshire,2021-05-03,0.62,0.46,0.31,0.18,0.10,0.01,0.00,inferred
West Oxfordshire,2021-05-04,0.93,0.82,0.69,0.55,0.39,0.10,0.00,inferred
West Oxfordshire,2021-05-05,0.93,0.82,0.69,0.55,0.39,0.10,0.00,inferred
West Oxfordshire,2021-05-06,0.93,0.82,0.69,0.55,0.39,0.10,0.00,inferred
West Oxfordshire,2021-05-07,0.93,0.82,0.69,0.55,0.39,0.10,0.00,inferred
West Oxfordshire,2021-05-08,0.93,0.82,0.69,0.55,0.39,0.10,0.00,inferred
West Oxfordshire,2021-05-09,0.93,0.82,0.69,0.55,0.39,0.10,0.00,inferred
West Oxfordshire,2021-05-10,0.93,0.82,0.69,0.55,0.39,0.10,0.00,inferred
West Oxfordshire,2021-05-11,0.93,0.85,0.71,0.58,0.43,0.12,0.00,inferred
West Oxfordshire,2021-05-12,0.93,0.85,0.71,0.58,0.43,0.12,0.00,inferred
West Oxfordshire,2021-05-13,0.93,0.85,0.71,0.58,0.43,0.12,0.00,inferred
West Oxfordshire,2021-05-14,0.93,0.85,0.71,0.58,0.43,0.12,0.00,inferred
West Oxfordshire,2021-05-15,0.93,0.85,0.71,0.58,0.43,0.12,0.00,inferred
West Oxfordshire,2021-05-16,0.93,0.85,0.71,0.58,0.43,0.12,0.00,inferred
West Oxfordshire,2021-05-17,0.93,0.85,0.71,0.58,0.43,0.12,0.00,inferred
West Oxfordshire,2021-05-18,1.00,1.00,0.98,0.95,0.90,0.62,0.13,inferred
West Oxfordshire,2021-05-19,1.00,1.00,0.98,0.95,0.90,0.62,0.13,inferred
West Oxfordshire,2021-05-20,1.00,1.00,0.98,0.95,0.90,0.62,0.13,inferred
West Oxfordshire,2021-05-21,1.00,1.00,0.98,0.95,0.90,0.62,0.13,inferred
West Oxfordshire,2021-05-22,1.00,1.00,0.98,0.95,0.90,0.62,0.13,inferred
West Oxfordshire,2021-05-23,1.00,1.00,0.98,0.95,0.90,0.62,0.13,inferred
West Oxfordshire,2021-05-24,1.00,1.00,0.98,0.95,0.90,0.62,0.13,inferred
West Oxfordshire,2021-05-25,1.00,1.00,1.00,0.99,0.98,0.79,0.28,inferred
West Oxfordshire,2021-05-26,1.00,1.00,1.00,0.99,0.98,0.79,0.28,inferred
West Oxfordshire,2021-05-27,1.00,1.00,1.00,0.99,0.98,0.79,0.28,inferred
West Oxfordshire,2021-05-28,1.00,1.00,1.00,0.99,0.98,0.79,0.28,inferred
West Oxfordshire,2021-05-29,1.00,1.00,1.00,0.99,0.98,0.79,0.28,inferred
West Oxfordshire,2021-05-30,1.00,1.00,1.00,0.99,0.98,0.79,0.28,inferred
West Oxfordshire,2021-05-31,1.00,1.00,1.00,0.99,0.98,0.79,0.28,inferred
West Oxfordshire,2021-06-01,0.98,0.94,0.83,0.66,0.46,0.10,0.00,inferred
West Oxfordshire,2021-06-02,0.98,0.94,0.83,0.66,0.46,0.10,0.00,inferred
West Oxfordshire,2021-06-03,0.98,0.94,0.83,0.66,0.46,0.10,0.00,inferred
West Oxfordshire,2021-06-04,0.98,0.94,0.83,0.66,0.46,0.10,0.00,inferred
West Oxfordshire,2021-06-05,0.98,0.94,0.83,0.66,0.46,0.10,0.00,inferred
West Oxfordshire,2021-06-06,0.98,0.94,0.83,0.66,0.46,0.10,0.00,inferred
West Oxfordshire,2021-06-07,0.98,0.94,0.83,0.66,0.46,0.10,0.00,inferred
West Oxfordshire,2021-06-08,1.00,1.00,0.98,0.93,0.83,0.30,0.01,inferred
West Oxfordshire,2021-06-09,1.00,1.00,0.98,0.93,0.83,0.30,0.01,inferred
West Oxfordshire,2021-06-10,1.00,1.00,0.98,0.93,0.83,0.30,0.01,inferred
West Oxfordshire,2021-06-11,1.00,1.00,0.98,0.93,0.83,0.30,0.01,inferred
West Oxfordshire,2021-06-12,1.00,1.00,0.98,0.93,0.83,0.30,0.01,inferred
West Oxfordshire,2021-06-13,1.00,1.00,0.98,0.93,0.83,0.30,0.01,inferred
West Oxfordshire,2021-06-14,1.00,1.00,0.98,0.93,0.83,0.30,0.01,inferred
West Oxfordshire,2021-06-15,1.00,1.00,1.00,0.99,0.95,0.51,0.02,inferred
West Oxfordshire,2021-06-16,1.00,1.00,1.00,0.99,0.95,0.51,0.02,inferred
West Oxfordshire,2021-06-17,1.00,1.00,1.00,0.99,0.95,0.51,0.02,inferred
West Oxfordshire,2021-06-18,1.00,1.00,1.00,0.99,0.95,0.51,0.02,inferred
West Oxfordshire,2021-06-19,1.00,1.00,1.00,0.99,0.95,0.51,0.02,inferred
West Oxfordshire,2021-06-20,1.00,1.00,1.00,0.99,0.95,0.51,0.02,inferred
West Oxfordshire,2021-06-21,1.00,1.00,1.00,0.99,0.95,0.51,0.02,inferred
West Oxfordshire,2021-06-22,1.00,1.00,1.00,1.00,1.00,1.00,0.85,inferred
West Oxfordshire,2021-06-23,1.00,1.00,1.00,1.00,1.00,1.00,0.85,inferred
West Oxfordshire,2021-06-24,1.00,1.00,1.00,1.00,1.00,1.00,0.85,inferred
West Oxfordshire,2021-06-25,1.00,1.00,1.00,1.00,1.00,1.00,0.85,inferred
West Oxfordshire,2021-06-26,1.00,1.00,1.00,1.00,1.00,1.00,0.85,inferred
West Oxfordshire,2021-06-27,1.00,1.00,1.00,1.00,1.00,1.00,0.85,inferred
West Oxfordshire,2021-06-28,1.00,1.00,1.00,1.00,1.00,1.00,0.85,inferred
West Oxfordshire,2021-06-29,1.00,1.00,1.00,1.00,1.00,0.93,0.58,inferred
West Oxfordshire,2021-06-30,1.00,1.00,1.00,1.00,1.00,0.93,0.58,inferred
West Oxfordshire,2021-07-01,1.00,1.00,1.00,1.00,1.00,0.93,0.58,inferred
West Oxfordshire,2021-07-02,1.00,1.00,1.00,1.00,1.00,0.93,0.58,inferred
West Oxfordshire,2021-07-03,1.00,1.00,1.00,1.00,1.00,0.93,0.58,inferred
West Oxfordshire,2021-07-04,1.00,1.00,1.00,1.00,1.00,0.93,0.58,inferred
West Oxfordshire,2021-07-05,1.00,1.00,1.00,1.00,1.00,0.93,0.58,inferred
West Oxfordshire,2021-07-06,1.00,1.00,0.98,0.96,0.93,0.75,0.36,projected
West Oxfordshire,2021-07-07,1.00,1.00,0.98,0.96,0.93,0.75,0.36,projected
West Oxfordshire,2021-07-08,1.00,1.00,0.98,0.96,0.93,0.75,0.36,projected
West Oxfordshire,2021-07-09,1.00,1.00,0.98,0.96,0.93,0.75,0.36,projected
West Oxfordshire,2021-07-10,1.00,1.00,0.98,0.96,0.93,0.75,0.36,projected
West Oxfordshire,2021-07-11,1.00,1.00,0.98,0.96,0.93,0.75,0.36,projected
West Oxfordshire,2021-07-12,1.00,1.00,0.98,0.96,0.93,0.75,0.36,projected
West Oxfordshire,2021-07-13,0.99,0.98,0.95,0.92,0.85,0.64,0.31,projected
West Oxfordshire,2021-07-14,0.99,0.98,0.95,0.92,0.85,0.64,0.31,projected
West Oxfordshire,2021-07-15,0.99,0.98,0.95,0.92,0.85,0.64,0.31,projected
West Oxfordshire,2021-07-16,0.99,0.98,0.95,0.92,0.85,0.64,0.31,projected
West Oxfordshire,2021-07-17,0.99,0.98,0.95,0.92,0.85,0.64,0.31,projected
West Oxfordshire,2021-07-18,0.99,0.98,0.95,0.92,0.85,0.64,0.31,projected
West Oxfordshire,2021-07-19,0.99,0.98,0.95,0.92,0.85,0.64,0.31,projected
West Oxfordshire,2021-07-20,0.98,0.95,0.91,0.86,0.79,0.57,0.29,projected
West Oxfordshire,2021-07-21,0.98,0.95,0.91,0.86,0.79,0.57,0.29,projected
West Oxfordshire,2021-07-22,0.98,0.95,0.91,0.86,0.79,0.57,0.29,projected
West Oxfordshire,2021-07-23,0.98,0.95,0.91,0.86,0.79,0.57,0.29,projected
West Oxfordshire,2021-07-24,0.98,0.95,0.91,0.86,0.79,0.57,0.29,projected
West Oxfordshire,2021-07-25,0.98,0.95,0.91,0.86,0.79,0.57,0.29,projected
West Oxfordshire,2021-07-26,0.98,0.95,0.91,0.86,0.79,0.57,0.29,projected
West Suffolk,2021-03-23,0.01,0.00,0.00,0.00,0.00,0.00,0.00,inferred
West Suffolk,2021-03-24,0.01,0.00,0.00,0.00,0.00,0.00,0.00,inferred
West Suffolk,2021-03-25,0.01,0.00,0.00,0.00,0.00,0.00,0.00,inferred
West Suffolk,2021-03-26,0.01,0.00,0.00,0.00,0.00,0.00,0.00,inferred
West Suffolk,2021-03-27,0.01,0.00,0.00,0.00,0.00,0.00,0.00,inferred
West Suffolk,2021-03-28,0.01,0.00,0.00,0.00,0.00,0.00,0.00,inferred
West Suffolk,2021-03-29,0.01,0.00,0.00,0.00,0.00,0.00,0.00,inferred
West Suffolk,2021-03-30,0.15,0.05,0.01,0.00,0.00,0.00,0.00,inferred
West Suffolk,2021-03-31,0.15,0.05,0.01,0.00,0.00,0.00,0.00,inferred
West Suffolk,2021-04-01,0.15,0.05,0.01,0.00,0.00,0.00,0.00,inferred
West Suffolk,2021-04-02,0.15,0.05,0.01,0.00,0.00,0.00,0.00,inferred
West Suffolk,2021-04-03,0.15,0.05,0.01,0.00,0.00,0.00,0.00,inferred
West Suffolk,2021-04-04,0.15,0.05,0.01,0.00,0.00,0.00,0.00,inferred
West Suffolk,2021-04-05,0.15,0.05,0.01,0.00,0.00,0.00,0.00,inferred
West Suffolk,2021-04-06,0.96,0.86,0.71,0.49,0.33,0.05,0.00,inferred
West Suffolk,2021-04-07,0.96,0.86,0.71,0.49,0.33,0.05,0.00,inferred
West Suffolk,2021-04-08,0.96,0.86,0.71,0.49,0.33,0.05,0.00,inferred
West Suffolk,2021-04-09,0.96,0.86,0.71,0.49,0.33,0.05,0.00,inferred
West Suffolk,2021-04-10,0.96,0.86,0.71,0.49,0.33,0.05,0.00,inferred
West Suffolk,2021-04-11,0.96,0.86,0.71,0.49,0.33,0.05,0.00,inferred
West Suffolk,2021-04-12,0.96,0.86,0.71,0.49,0.33,0.05,0.00,inferred
West Suffolk,2021-04-13,1.00,0.99,0.94,0.85,0.71,0.21,0.00,inferred
West Suffolk,2021-04-14,1.00,0.99,0.94,0.85,0.71,0.21,0.00,inferred
West Suffolk,2021-04-15,1.00,0.99,0.94,0.85,0.71,0.21,0.00,inferred
West Suffolk,2021-04-16,1.00,0.99,0.94,0.85,0.71,0.21,0.00,inferred
West Suffolk,2021-04-17,1.00,0.99,0.94,0.85,0.71,0.21,0.00,inferred
West Suffolk,2021-04-18,1.00,0.99,0.94,0.85,0.71,0.21,0.00,inferred
West Suffolk,2021-04-19,1.00,0.99,0.94,0.85,0.71,0.21,0.00,inferred
West Suffolk,2021-04-20,1.00,0.97,0.89,0.76,0.55,0.10,0.00,inferred
West Suffolk,2021-04-21,1.00,0.97,0.89,0.76,0.55,0.10,0.00,inferred
West Suffolk,2021-04-22,1.00,0.97,0.89,0.76,0.55,0.10,0.00,inferred
West Suffolk,2021-04-23,1.00,0.97,0.89,0.76,0.55,0.10,0.00,inferred
West Suffolk,2021-04-24,1.00,0.97,0.89,0.76,0.55,0.10,0.00,inferred
West Suffolk,2021-04-25,1.00,0.97,0.89,0.76,0.55,0.10,0.00,inferred
West Suffolk,2021-04-26,1.00,0.97,0.89,0.76,0.55,0.10,0.00,inferred
West Suffolk,2021-04-27,0.93,0.78,0.53,0.28,0.13,0.01,0.00,inferred
West Suffolk,2021-04-28,0.93,0.78,0.53,0.28,0.13,0.01,0.00,inferred
West Suffolk,2021-04-29,0.93,0.78,0.53,0.28,0.13,0.01,0.00,inferred
West Suffolk,2021-04-30,0.93,0.78,0.53,0.28,0.13,0.01,0.00,inferred
West Suffolk,2021-05-01,0.93,0.78,0.53,0.28,0.13,0.01,0.00,inferred
West Suffolk,2021-05-02,0.93,0.78,0.53,0.28,0.13,0.01,0.00,inferred
West Suffolk,2021-05-03,0.93,0.78,0.53,0.28,0.13,0.01,0.00,inferred
West Suffolk,2021-05-04,0.37,0.14,0.04,0.00,0.00,0.00,0.00,inferred
West Suffolk,2021-05-05,0.37,0.14,0.04,0.00,0.00,0.00,0.00,inferred
West Suffolk,2021-05-06,0.37,0.14,0.04,0.00,0.00,0.00,0.00,inferred
West Suffolk,2021-05-07,0.37,0.14,0.04,0.00,0.00,0.00,0.00,inferred
West Suffolk,2021-05-08,0.37,0.14,0.04,0.00,0.00,0.00,0.00,inferred
West Suffolk,2021-05-09,0.37,0.14,0.04,0.00,0.00,0.00,0.00,inferred
West Suffolk,2021-05-10,0.37,0.14,0.04,0.00,0.00,0.00,0.00,inferred
West Suffolk,2021-05-11,0.06,0.01,0.00,0.00,0.00,0.00,0.00,inferred
West Suffolk,2021-05-12,0.06,0.01,0.00,0.00,0.00,0.00,0.00,inferred
West Suffolk,2021-05-13,0.06,0.01,0.00,0.00,0.00,0.00,0.00,inferred
West Suffolk,2021-05-14,0.06,0.01,0.00,0.00,0.00,0.00,0.00,inferred
West Suffolk,2021-05-15,0.06,0.01,0.00,0.00,0.00,0.00,0.00,inferred
West Suffolk,2021-05-16,0.06,0.01,0.00,0.00,0.00,0.00,0.00,inferred
West Suffolk,2021-05-17,0.06,0.01,0.00,0.00,0.00,0.00,0.00,inferred
West Suffolk,2021-05-18,0.18,0.07,0.02,0.01,0.00,0.00,0.00,inferred
West Suffolk,2021-05-19,0.18,0.07,0.02,0.01,0.00,0.00,0.00,inferred
West Suffolk,2021-05-20,0.18,0.07,0.02,0.01,0.00,0.00,0.00,inferred
West Suffolk,2021-05-21,0.18,0.07,0.02,0.01,0.00,0.00,0.00,inferred
West Suffolk,2021-05-22,0.18,0.07,0.02,0.01,0.00,0.00,0.00,inferred
West Suffolk,2021-05-23,0.18,0.07,0.02,0.01,0.00,0.00,0.00,inferred
West Suffolk,2021-05-24,0.18,0.07,0.02,0.01,0.00,0.00,0.00,inferred
West Suffolk,2021-05-25,0.95,0.88,0.77,0.61,0.43,0.09,0.00,inferred
West Suffolk,2021-05-26,0.95,0.88,0.77,0.61,0.43,0.09,0.00,inferred
West Suffolk,2021-05-27,0.95,0.88,0.77,0.61,0.43,0.09,0.00,inferred
West Suffolk,2021-05-28,0.95,0.88,0.77,0.61,0.43,0.09,0.00,inferred
West Suffolk,2021-05-29,0.95,0.88,0.77,0.61,0.43,0.09,0.00,inferred
West Suffolk,2021-05-30,0.95,0.88,0.77,0.61,0.43,0.09,0.00,inferred
West Suffolk,2021-05-31,0.95,0.88,0.77,0.61,0.43,0.09,0.00,inferred
West Suffolk,2021-06-01,0.99,0.99,0.96,0.92,0.83,0.41,0.02,inferred
West Suffolk,2021-06-02,0.99,0.99,0.96,0.92,0.83,0.41,0.02,inferred
West Suffolk,2021-06-03,0.99,0.99,0.96,0.92,0.83,0.41,0.02,inferred
West Suffolk,2021-06-04,0.99,0.99,0.96,0.92,0.83,0.41,0.02,inferred
West Suffolk,2021-06-05,0.99,0.99,0.96,0.92,0.83,0.41,0.02,inferred
West Suffolk,2021-06-06,0.99,0.99,0.96,0.92,0.83,0.41,0.02,inferred
West Suffolk,2021-06-07,0.99,0.99,0.96,0.92,0.83,0.41,0.02,inferred
West Suffolk,2021-06-08,1.00,1.00,1.00,0.97,0.93,0.59,0.06,inferred
West Suffolk,2021-06-09,1.00,1.00,1.00,0.97,0.93,0.59,0.06,inferred
West Suffolk,2021-06-10,1.00,1.00,1.00,0.97,0.93,0.59,0.06,inferred
West Suffolk,2021-06-11,1.00,1.00,1.00,0.97,0.93,0.59,0.06,inferred
West Suffolk,2021-06-12,1.00,1.00,1.00,0.97,0.93,0.59,0.06,inferred
West Suffolk,2021-06-13,1.00,1.00,1.00,0.97,0.93,0.59,0.06,inferred
West Suffolk,2021-06-14,1.00,1.00,1.00,0.97,0.93,0.59,0.06,inferred
West Suffolk,2021-06-15,1.00,1.00,1.00,1.00,1.00,0.93,0.34,inferred
West Suffolk,2021-06-16,1.00,1.00,1.00,1.00,1.00,0.93,0.34,inferred
West Suffolk,2021-06-17,1.00,1.00,1.00,1.00,1.00,0.93,0.34,inferred
West Suffolk,2021-06-18,1.00,1.00,1.00,1.00,1.00,0.93,0.34,inferred
West Suffolk,2021-06-19,1.00,1.00,1.00,1.00,1.00,0.93,0.34,inferred
West Suffolk,2021-06-20,1.00,1.00,1.00,1.00,1.00,0.93,0.34,inferred
West Suffolk,2021-06-21,1.00,1.00,1.00,1.00,1.00,0.93,0.34,inferred
West Suffolk,2021-06-22,1.00,1.00,1.00,1.00,1.00,0.96,0.48,inferred
West Suffolk,2021-06-23,1.00,1.00,1.00,1.00,1.00,0.96,0.48,inferred
West Suffolk,2021-06-24,1.00,1.00,1.00,1.00,1.00,0.96,0.48,inferred
West Suffolk,2021-06-25,1.00,1.00,1.00,1.00,1.00,0.96,0.48,inferred
West Suffolk,2021-06-26,1.00,1.00,1.00,1.00,1.00,0.96,0.48,inferred
West Suffolk,2021-06-27,1.00,1.00,1.00,1.00,1.00,0.96,0.48,inferred
West Suffolk,2021-06-28,1.00,1.00,1.00,1.00,1.00,0.96,0.48,inferred
West Suffolk,2021-06-29,1.00,1.00,1.00,0.99,0.97,0.75,0.24,inferred
West Suffolk,2021-06-30,1.00,1.00,1.00,0.99,0.97,0.75,0.24,inferred
West Suffolk,2021-07-01,1.00,1.00,1.00,0.99,0.97,0.75,0.24,inferred
West Suffolk,2021-07-02,1.00,1.00,1.00,0.99,0.97,0.75,0.24,inferred
West Suffolk,2021-07-03,1.00,1.00,1.00,0.99,0.97,0.75,0.24,inferred
West Suffolk,2021-07-04,1.00,1.00,1.00,0.99,0.97,0.75,0.24,inferred
West Suffolk,2021-07-05,1.00,1.00,1.00,0.99,0.97,0.75,0.24,inferred
West Suffolk,2021-07-06,1.00,0.99,0.98,0.95,0.90,0.63,0.22,projected
West Suffolk,2021-07-07,1.00,0.99,0.98,0.95,0.90,0.63,0.22,projected
West Suffolk,2021-07-08,1.00,0.99,0.98,0.95,0.90,0.63,0.22,projected
West Suffolk,2021-07-09,1.00,0.99,0.98,0.95,0.90,0.63,0.22,projected
West Suffolk,2021-07-10,1.00,0.99,0.98,0.95,0.90,0.63,0.22,projected
West Suffolk,2021-07-11,1.00,0.99,0.98,0.95,0.90,0.63,0.22,projected
West Suffolk,2021-07-12,1.00,0.99,0.98,0.95,0.90,0.63,0.22,projected
West Suffolk,2021-07-13,1.00,0.99,0.97,0.92,0.85,0.57,0.20,projected
West Suffolk,2021-07-14,1.00,0.99,0.97,0.92,0.85,0.57,0.20,projected
West Suffolk,2021-07-15,1.00,0.99,0.97,0.92,0.85,0.57,0.20,projected
West Suffolk,2021-07-16,1.00,0.99,0.97,0.92,0.85,0.57,0.20,projected
West Suffolk,2021-07-17,1.00,0.99,0.97,0.92,0.85,0.57,0.20,projected
West Suffolk,2021-07-18,1.00,0.99,0.97,0.92,0.85,0.57,0.20,projected
West Suffolk,2021-07-19,1.00,0.99,0.97,0.92,0.85,0.57,0.20,projected
West Suffolk,2021-07-20,0.99,0.98,0.96,0.91,0.85,0.57,0.21,projected
West Suffolk,2021-07-21,0.99,0.98,0.96,0.91,0.85,0.57,0.21,projected
West Suffolk,2021-07-22,0.99,0.98,0.96,0.91,0.85,0.57,0.21,projected
West Suffolk,2021-07-23,0.99,0.98,0.96,0.91,0.85,0.57,0.21,projected
West Suffolk,2021-07-24,0.99,0.98,0.96,0.91,0.85,0.57,0.21,projected
West Suffolk,2021-07-25,0.99,0.98,0.96,0.91,0.85,0.57,0.21,projected
West Suffolk,2021-07-26,0.99,0.98,0.96,0.91,0.85,0.57,0.21,projected
Western Isles,2021-03-23,0.26,0.17,0.11,0.07,0.04,0.01,0.00,inferred
Western Isles,2021-03-24,0.26,0.17,0.11,0.07,0.04,0.01,0.00,inferred
Western Isles,2021-03-25,0.26,0.17,0.11,0.07,0.04,0.01,0.00,inferred
Western Isles,2021-03-26,0.26,0.17,0.11,0.07,0.04,0.01,0.00,inferred
Western Isles,2021-03-27,0.26,0.17,0.11,0.07,0.04,0.01,0.00,inferred
Western Isles,2021-03-28,0.26,0.17,0.11,0.07,0.04,0.01,0.00,inferred
Western Isles,2021-03-29,0.26,0.17,0.11,0.07,0.04,0.01,0.00,inferred
Western Isles,2021-03-30,0.54,0.41,0.32,0.22,0.16,0.04,0.00,inferred
Western Isles,2021-03-31,0.54,0.41,0.32,0.22,0.16,0.04,0.00,inferred
Western Isles,2021-04-01,0.54,0.41,0.32,0.22,0.16,0.04,0.00,inferred
Western Isles,2021-04-02,0.54,0.41,0.32,0.22,0.16,0.04,0.00,inferred
Western Isles,2021-04-03,0.54,0.41,0.32,0.22,0.16,0.04,0.00,inferred
Western Isles,2021-04-04,0.54,0.41,0.32,0.22,0.16,0.04,0.00,inferred
Western Isles,2021-04-05,0.54,0.41,0.32,0.22,0.16,0.04,0.00,inferred
Western Isles,2021-04-06,0.65,0.51,0.39,0.30,0.21,0.06,0.01,inferred
Western Isles,2021-04-07,0.65,0.51,0.39,0.30,0.21,0.06,0.01,inferred
Western Isles,2021-04-08,0.65,0.51,0.39,0.30,0.21,0.06,0.01,inferred
Western Isles,2021-04-09,0.65,0.51,0.39,0.30,0.21,0.06,0.01,inferred
Western Isles,2021-04-10,0.65,0.51,0.39,0.30,0.21,0.06,0.01,inferred
Western Isles,2021-04-11,0.65,0.51,0.39,0.30,0.21,0.06,0.01,inferred
Western Isles,2021-04-12,0.65,0.51,0.39,0.30,0.21,0.06,0.01,inferred
Western Isles,2021-04-13,0.71,0.58,0.47,0.37,0.28,0.10,0.02,inferred
Western Isles,2021-04-14,0.71,0.58,0.47,0.37,0.28,0.10,0.02,inferred
Western Isles,2021-04-15,0.71,0.58,0.47,0.37,0.28,0.10,0.02,inferred
Western Isles,2021-04-16,0.71,0.58,0.47,0.37,0.28,0.10,0.02,inferred
Western Isles,2021-04-17,0.71,0.58,0.47,0.37,0.28,0.10,0.02,inferred
Western Isles,2021-04-18,0.71,0.58,0.47,0.37,0.28,0.10,0.02,inferred
Western Isles,2021-04-19,0.71,0.58,0.47,0.37,0.28,0.10,0.02,inferred
Western Isles,2021-04-20,0.79,0.68,0.58,0.46,0.38,0.15,0.02,inferred
Western Isles,2021-04-21,0.79,0.68,0.58,0.46,0.38,0.15,0.02,inferred
Western Isles,2021-04-22,0.79,0.68,0.58,0.46,0.38,0.15,0.02,inferred
Western Isles,2021-04-23,0.79,0.68,0.58,0.46,0.38,0.15,0.02,inferred
Western Isles,2021-04-24,0.79,0.68,0.58,0.46,0.38,0.15,0.02,inferred
Western Isles,2021-04-25,0.79,0.68,0.58,0.46,0.38,0.15,0.02,inferred
Western Isles,2021-04-26,0.79,0.68,0.58,0.46,0.38,0.15,0.02,inferred
Western Isles,2021-04-27,0.85,0.77,0.67,0.57,0.47,0.22,0.04,inferred
Western Isles,2021-04-28,0.85,0.77,0.67,0.57,0.47,0.22,0.04,inferred
Western Isles,2021-04-29,0.85,0.77,0.67,0.57,0.47,0.22,0.04,inferred
Western Isles,2021-04-30,0.85,0.77,0.67,0.57,0.47,0.22,0.04,inferred
Western Isles,2021-05-01,0.85,0.77,0.67,0.57,0.47,0.22,0.04,inferred
Western Isles,2021-05-02,0.85,0.77,0.67,0.57,0.47,0.22,0.04,inferred
Western Isles,2021-05-03,0.85,0.77,0.67,0.57,0.47,0.22,0.04,inferred
Western Isles,2021-05-04,0.91,0.84,0.76,0.68,0.57,0.31,0.10,inferred
Western Isles,2021-05-05,0.91,0.84,0.76,0.68,0.57,0.31,0.10,inferred
Western Isles,2021-05-06,0.91,0.84,0.76,0.68,0.57,0.31,0.10,inferred
Western Isles,2021-05-07,0.91,0.84,0.76,0.68,0.57,0.31,0.10,inferred
Western Isles,2021-05-08,0.91,0.84,0.76,0.68,0.57,0.31,0.10,inferred
Western Isles,2021-05-09,0.91,0.84,0.76,0.68,0.57,0.31,0.10,inferred
Western Isles,2021-05-10,0.91,0.84,0.76,0.68,0.57,0.31,0.10,inferred
Western Isles,2021-05-11,0.81,0.73,0.61,0.50,0.40,0.17,0.03,inferred
Western Isles,2021-05-12,0.81,0.73,0.61,0.50,0.40,0.17,0.03,inferred
Western Isles,2021-05-13,0.81,0.73,0.61,0.50,0.40,0.17,0.03,inferred
Western Isles,2021-05-14,0.81,0.73,0.61,0.50,0.40,0.17,0.03,inferred
Western Isles,2021-05-15,0.81,0.73,0.61,0.50,0.40,0.17,0.03,inferred
Western Isles,2021-05-16,0.81,0.73,0.61,0.50,0.40,0.17,0.03,inferred
Western Isles,2021-05-17,0.81,0.73,0.61,0.50,0.40,0.17,0.03,inferred
Western Isles,2021-05-18,0.81,0.71,0.60,0.48,0.38,0.17,0.03,inferred
Western Isles,2021-05-19,0.81,0.71,0.60,0.48,0.38,0.17,0.03,inferred
Western Isles,2021-05-20,0.81,0.71,0.60,0.48,0.38,0.17,0.03,inferred
Western Isles,2021-05-21,0.81,0.71,0.60,0.48,0.38,0.17,0.03,inferred
Western Isles,2021-05-22,0.81,0.71,0.60,0.48,0.38,0.17,0.03,inferred
Western Isles,2021-05-23,0.81,0.71,0.60,0.48,0.38,0.17,0.03,inferred
Western Isles,2021-05-24,0.81,0.71,0.60,0.48,0.38,0.17,0.03,inferred
Western Isles,2021-05-25,0.87,0.80,0.71,0.62,0.53,0.27,0.06,inferred
Western Isles,2021-05-26,0.87,0.80,0.71,0.62,0.53,0.27,0.06,inferred
Western Isles,2021-05-27,0.87,0.80,0.71,0.62,0.53,0.27,0.06,inferred
Western Isles,2021-05-28,0.87,0.80,0.71,0.62,0.53,0.27,0.06,inferred
Western Isles,2021-05-29,0.87,0.80,0.71,0.62,0.53,0.27,0.06,inferred
Western Isles,2021-05-30,0.87,0.80,0.71,0.62,0.53,0.27,0.06,inferred
Western Isles,2021-05-31,0.87,0.80,0.71,0.62,0.53,0.27,0.06,inferred
Western Isles,2021-06-01,0.85,0.77,0.69,0.58,0.47,0.22,0.04,inferred
Western Isles,2021-06-02,0.85,0.77,0.69,0.58,0.47,0.22,0.04,inferred
Western Isles,2021-06-03,0.85,0.77,0.69,0.58,0.47,0.22,0.04,inferred
Western Isles,2021-06-04,0.85,0.77,0.69,0.58,0.47,0.22,0.04,inferred
Western Isles,2021-06-05,0.85,0.77,0.69,0.58,0.47,0.22,0.04,inferred
Western Isles,2021-06-06,0.85,0.77,0.69,0.58,0.47,0.22,0.04,inferred
Western Isles,2021-06-07,0.85,0.77,0.69,0.58,0.47,0.22,0.04,inferred
Western Isles,2021-06-08,0.88,0.81,0.73,0.63,0.54,0.28,0.08,inferred
Western Isles,2021-06-09,0.88,0.81,0.73,0.63,0.54,0.28,0.08,inferred
Western Isles,2021-06-10,0.88,0.81,0.73,0.63,0.54,0.28,0.08,inferred
Western Isles,2021-06-11,0.88,0.81,0.73,0.63,0.54,0.28,0.08,inferred
Western Isles,2021-06-12,0.88,0.81,0.73,0.63,0.54,0.28,0.08,inferred
Western Isles,2021-06-13,0.88,0.81,0.73,0.63,0.54,0.28,0.08,inferred
Western Isles,2021-06-14,0.88,0.81,0.73,0.63,0.54,0.28,0.08,inferred
Western Isles,2021-06-15,0.91,0.86,0.80,0.72,0.62,0.37,0.09,inferred
Western Isles,2021-06-16,0.91,0.86,0.80,0.72,0.62,0.37,0.09,inferred
Western Isles,2021-06-17,0.91,0.86,0.80,0.72,0.62,0.37,0.09,inferred
Western Isles,2021-06-18,0.91,0.86,0.80,0.72,0.62,0.37,0.09,inferred
Western Isles,2021-06-19,0.91,0.86,0.80,0.72,0.62,0.37,0.09,inferred
Western Isles,2021-06-20,0.91,0.86,0.80,0.72,0.62,0.37,0.09,inferred
Western Isles,2021-06-21,0.91,0.86,0.80,0.72,0.62,0.37,0.09,inferred
Western Isles,2021-06-22,1.00,0.98,0.97,0.95,0.92,0.78,0.45,inferred
Western Isles,2021-06-23,1.00,0.98,0.97,0.95,0.92,0.78,0.45,inferred
Western Isles,2021-06-24,1.00,0.98,0.97,0.95,0.92,0.78,0.45,inferred
Western Isles,2021-06-25,1.00,0.98,0.97,0.95,0.92,0.78,0.45,inferred
Western Isles,2021-06-26,1.00,0.98,0.97,0.95,0.92,0.78,0.45,inferred
Western Isles,2021-06-27,1.00,0.98,0.97,0.95,0.92,0.78,0.45,inferred
Western Isles,2021-06-28,1.00,0.98,0.97,0.95,0.92,0.78,0.45,inferred
Western Isles,2021-06-29,0.93,0.89,0.83,0.77,0.72,0.55,0.31,inferred
Western Isles,2021-06-30,0.93,0.89,0.83,0.77,0.72,0.55,0.31,inferred
Western Isles,2021-07-01,0.93,0.89,0.83,0.77,0.72,0.55,0.31,inferred
Western Isles,2021-07-02,0.93,0.89,0.83,0.77,0.72,0.55,0.31,inferred
Western Isles,2021-07-03,0.93,0.89,0.83,0.77,0.72,0.55,0.31,inferred
Western Isles,2021-07-04,0.93,0.89,0.83,0.77,0.72,0.55,0.31,inferred
Western Isles,2021-07-05,0.93,0.89,0.83,0.77,0.72,0.55,0.31,inferred
Western Isles,2021-07-06,0.85,0.79,0.73,0.67,0.61,0.44,0.25,projected
Western Isles,2021-07-07,0.85,0.79,0.73,0.67,0.61,0.44,0.25,projected
Western Isles,2021-07-08,0.85,0.79,0.73,0.67,0.61,0.44,0.25,projected
Western Isles,2021-07-09,0.85,0.79,0.73,0.67,0.61,0.44,0.25,projected
Western Isles,2021-07-10,0.85,0.79,0.73,0.67,0.61,0.44,0.25,projected
Western Isles,2021-07-11,0.85,0.79,0.73,0.67,0.61,0.44,0.25,projected
Western Isles,2021-07-12,0.85,0.79,0.73,0.67,0.61,0.44,0.25,projected
Western Isles,2021-07-13,0.83,0.77,0.70,0.63,0.57,0.41,0.26,projected
Western Isles,2021-07-14,0.83,0.77,0.70,0.63,0.57,0.41,0.26,projected
Western Isles,2021-07-15,0.83,0.77,0.70,0.63,0.57,0.41,0.26,projected
Western Isles,2021-07-16,0.83,0.77,0.70,0.63,0.57,0.41,0.26,projected
Western Isles,2021-07-17,0.83,0.77,0.70,0.63,0.57,0.41,0.26,projected
Western Isles,2021-07-18,0.83,0.77,0.70,0.63,0.57,0.41,0.26,projected
Western Isles,2021-07-19,0.83,0.77,0.70,0.63,0.57,0.41,0.26,projected
Western Isles,2021-07-20,0.82,0.74,0.68,0.63,0.57,0.43,0.29,projected
Western Isles,2021-07-21,0.82,0.74,0.68,0.63,0.57,0.43,0.29,projected
Western Isles,2021-07-22,0.82,0.74,0.68,0.63,0.57,0.43,0.29,projected
Western Isles,2021-07-23,0.82,0.74,0.68,0.63,0.57,0.43,0.29,projected
Western Isles,2021-07-24,0.82,0.74,0.68,0.63,0.57,0.43,0.29,projected
Western Isles,2021-07-25,0.82,0.74,0.68,0.63,0.57,0.43,0.29,projected
Western Isles,2021-07-26,0.82,0.74,0.68,0.63,0.57,0.43,0.29,projected
Westminster,2021-03-23,0.89,0.61,0.28,0.07,0.01,0.00,0.00,inferred
Westminster,2021-03-24,0.89,0.61,0.28,0.07,0.01,0.00,0.00,inferred
Westminster,2021-03-25,0.89,0.61,0.28,0.07,0.01,0.00,0.00,inferred
Westminster,2021-03-26,0.89,0.61,0.28,0.07,0.01,0.00,0.00,inferred
Westminster,2021-03-27,0.89,0.61,0.28,0.07,0.01,0.00,0.00,inferred
Westminster,2021-03-28,0.89,0.61,0.28,0.07,0.01,0.00,0.00,inferred
Westminster,2021-03-29,0.89,0.61,0.28,0.07,0.01,0.00,0.00,inferred
Westminster,2021-03-30,1.00,1.00,0.98,0.90,0.69,0.06,0.00,inferred
Westminster,2021-03-31,1.00,1.00,0.98,0.90,0.69,0.06,0.00,inferred
Westminster,2021-04-01,1.00,1.00,0.98,0.90,0.69,0.06,0.00,inferred
Westminster,2021-04-02,1.00,1.00,0.98,0.90,0.69,0.06,0.00,inferred
Westminster,2021-04-03,1.00,1.00,0.98,0.90,0.69,0.06,0.00,inferred
Westminster,2021-04-04,1.00,1.00,0.98,0.90,0.69,0.06,0.00,inferred
Westminster,2021-04-05,1.00,1.00,0.98,0.90,0.69,0.06,0.00,inferred
Westminster,2021-04-06,0.99,0.96,0.81,0.54,0.24,0.00,0.00,inferred
Westminster,2021-04-07,0.99,0.96,0.81,0.54,0.24,0.00,0.00,inferred
Westminster,2021-04-08,0.99,0.96,0.81,0.54,0.24,0.00,0.00,inferred
Westminster,2021-04-09,0.99,0.96,0.81,0.54,0.24,0.00,0.00,inferred
Westminster,2021-04-10,0.99,0.96,0.81,0.54,0.24,0.00,0.00,inferred
Westminster,2021-04-11,0.99,0.96,0.81,0.54,0.24,0.00,0.00,inferred
Westminster,2021-04-12,0.99,0.96,0.81,0.54,0.24,0.00,0.00,inferred
Westminster,2021-04-13,0.95,0.79,0.48,0.19,0.05,0.00,0.00,inferred
Westminster,2021-04-14,0.95,0.79,0.48,0.19,0.05,0.00,0.00,inferred
Westminster,2021-04-15,0.95,0.79,0.48,0.19,0.05,0.00,0.00,inferred
Westminster,2021-04-16,0.95,0.79,0.48,0.19,0.05,0.00,0.00,inferred
Westminster,2021-04-17,0.95,0.79,0.48,0.19,0.05,0.00,0.00,inferred
Westminster,2021-04-18,0.95,0.79,0.48,0.19,0.05,0.00,0.00,inferred
Westminster,2021-04-19,0.95,0.79,0.48,0.19,0.05,0.00,0.00,inferred
Westminster,2021-04-20,0.24,0.04,0.01,0.00,0.00,0.00,0.00,inferred
Westminster,2021-04-21,0.24,0.04,0.01,0.00,0.00,0.00,0.00,inferred
Westminster,2021-04-22,0.24,0.04,0.01,0.00,0.00,0.00,0.00,inferred
Westminster,2021-04-23,0.24,0.04,0.01,0.00,0.00,0.00,0.00,inferred
Westminster,2021-04-24,0.24,0.04,0.01,0.00,0.00,0.00,0.00,inferred
Westminster,2021-04-25,0.24,0.04,0.01,0.00,0.00,0.00,0.00,inferred
Westminster,2021-04-26,0.24,0.04,0.01,0.00,0.00,0.00,0.00,inferred
Westminster,2021-04-27,0.79,0.49,0.21,0.06,0.01,0.00,0.00,inferred
Westminster,2021-04-28,0.79,0.49,0.21,0.06,0.01,0.00,0.00,inferred
Westminster,2021-04-29,0.79,0.49,0.21,0.06,0.01,0.00,0.00,inferred
Westminster,2021-04-30,0.79,0.49,0.21,0.06,0.01,0.00,0.00,inferred
Westminster,2021-05-01,0.79,0.49,0.21,0.06,0.01,0.00,0.00,inferred
Westminster,2021-05-02,0.79,0.49,0.21,0.06,0.01,0.00,0.00,inferred
Westminster,2021-05-03,0.79,0.49,0.21,0.06,0.01,0.00,0.00,inferred
Westminster,2021-05-04,0.47,0.18,0.05,0.01,0.00,0.00,0.00,inferred
Westminster,2021-05-05,0.47,0.18,0.05,0.01,0.00,0.00,0.00,inferred
Westminster,2021-05-06,0.47,0.18,0.05,0.01,0.00,0.00,0.00,inferred
Westminster,2021-05-07,0.47,0.18,0.05,0.01,0.00,0.00,0.00,inferred
Westminster,2021-05-08,0.47,0.18,0.05,0.01,0.00,0.00,0.00,inferred
Westminster,2021-05-09,0.47,0.18,0.05,0.01,0.00,0.00,0.00,inferred
Westminster,2021-05-10,0.47,0.18,0.05,0.01,0.00,0.00,0.00,inferred
Westminster,2021-05-11,0.97,0.89,0.70,0.44,0.21,0.00,0.00,inferred
Westminster,2021-05-12,0.97,0.89,0.70,0.44,0.21,0.00,0.00,inferred
Westminster,2021-05-13,0.97,0.89,0.70,0.44,0.21,0.00,0.00,inferred
Westminster,2021-05-14,0.97,0.89,0.70,0.44,0.21,0.00,0.00,inferred
Westminster,2021-05-15,0.97,0.89,0.70,0.44,0.21,0.00,0.00,inferred
Westminster,2021-05-16,0.97,0.89,0.70,0.44,0.21,0.00,0.00,inferred
Westminster,2021-05-17,0.97,0.89,0.70,0.44,0.21,0.00,0.00,inferred
Westminster,2021-05-18,1.00,1.00,1.00,1.00,0.99,0.74,0.04,inferred
Westminster,2021-05-19,1.00,1.00,1.00,1.00,0.99,0.74,0.04,inferred
Westminster,2021-05-20,1.00,1.00,1.00,1.00,0.99,0.74,0.04,inferred
Westminster,2021-05-21,1.00,1.00,1.00,1.00,0.99,0.74,0.04,inferred
Westminster,2021-05-22,1.00,1.00,1.00,1.00,0.99,0.74,0.04,inferred
Westminster,2021-05-23,1.00,1.00,1.00,1.00,0.99,0.74,0.04,inferred
Westminster,2021-05-24,1.00,1.00,1.00,1.00,0.99,0.74,0.04,inferred
Westminster,2021-05-25,1.00,1.00,1.00,1.00,1.00,0.99,0.73,inferred
Westminster,2021-05-26,1.00,1.00,1.00,1.00,1.00,0.99,0.73,inferred
Westminster,2021-05-27,1.00,1.00,1.00,1.00,1.00,0.99,0.73,inferred
Westminster,2021-05-28,1.00,1.00,1.00,1.00,1.00,0.99,0.73,inferred
Westminster,2021-05-29,1.00,1.00,1.00,1.00,1.00,0.99,0.73,inferred
Westminster,2021-05-30,1.00,1.00,1.00,1.00,1.00,0.99,0.73,inferred
Westminster,2021-05-31,1.00,1.00,1.00,1.00,1.00,0.99,0.73,inferred
Westminster,2021-06-01,1.00,1.00,1.00,0.98,0.87,0.34,0.00,inferred
Westminster,2021-06-02,1.00,1.00,1.00,0.98,0.87,0.34,0.00,inferred
Westminster,2021-06-03,1.00,1.00,1.00,0.98,0.87,0.34,0.00,inferred
Westminster,2021-06-04,1.00,1.00,1.00,0.98,0.87,0.34,0.00,inferred
Westminster,2021-06-05,1.00,1.00,1.00,0.98,0.87,0.34,0.00,inferred
Westminster,2021-06-06,1.00,1.00,1.00,0.98,0.87,0.34,0.00,inferred
Westminster,2021-06-07,1.00,1.00,1.00,0.98,0.87,0.34,0.00,inferred
Westminster,2021-06-08,1.00,0.96,0.65,0.23,0.04,0.00,0.00,inferred
Westminster,2021-06-09,1.00,0.96,0.65,0.23,0.04,0.00,0.00,inferred
Westminster,2021-06-10,1.00,0.96,0.65,0.23,0.04,0.00,0.00,inferred
Westminster,2021-06-11,1.00,0.96,0.65,0.23,0.04,0.00,0.00,inferred
Westminster,2021-06-12,1.00,0.96,0.65,0.23,0.04,0.00,0.00,inferred
Westminster,2021-06-13,1.00,0.96,0.65,0.23,0.04,0.00,0.00,inferred
Westminster,2021-06-14,1.00,0.96,0.65,0.23,0.04,0.00,0.00,inferred
Westminster,2021-06-15,1.00,1.00,1.00,1.00,1.00,0.92,0.01,inferred
Westminster,2021-06-16,1.00,1.00,1.00,1.00,1.00,0.92,0.01,inferred
Westminster,2021-06-17,1.00,1.00,1.00,1.00,1.00,0.92,0.01,inferred
Westminster,2021-06-18,1.00,1.00,1.00,1.00,1.00,0.92,0.01,inferred
Westminster,2021-06-19,1.00,1.00,1.00,1.00,1.00,0.92,0.01,inferred
Westminster,2021-06-20,1.00,1.00,1.00,1.00,1.00,0.92,0.01,inferred
Westminster,2021-06-21,1.00,1.00,1.00,1.00,1.00,0.92,0.01,inferred
Westminster,2021-06-22,1.00,1.00,1.00,1.00,0.96,0.36,0.00,inferred
Westminster,2021-06-23,1.00,1.00,1.00,1.00,0.96,0.36,0.00,inferred
Westminster,2021-06-24,1.00,1.00,1.00,1.00,0.96,0.36,0.00,inferred
Westminster,2021-06-25,1.00,1.00,1.00,1.00,0.96,0.36,0.00,inferred
Westminster,2021-06-26,1.00,1.00,1.00,1.00,0.96,0.36,0.00,inferred
Westminster,2021-06-27,1.00,1.00,1.00,1.00,0.96,0.36,0.00,inferred
Westminster,2021-06-28,1.00,1.00,1.00,1.00,0.96,0.36,0.00,inferred
Westminster,2021-06-29,1.00,1.00,0.92,0.66,0.34,0.00,0.00,inferred
Westminster,2021-06-30,1.00,1.00,0.92,0.66,0.34,0.00,0.00,inferred
Westminster,2021-07-01,1.00,1.00,0.92,0.66,0.34,0.00,0.00,inferred
Westminster,2021-07-02,1.00,1.00,0.92,0.66,0.34,0.00,0.00,inferred
Westminster,2021-07-03,1.00,1.00,0.92,0.66,0.34,0.00,0.00,inferred
Westminster,2021-07-04,1.00,1.00,0.92,0.66,0.34,0.00,0.00,inferred
Westminster,2021-07-05,1.00,1.00,0.92,0.66,0.34,0.00,0.00,inferred
Westminster,2021-07-06,1.00,0.98,0.91,0.79,0.59,0.16,0.00,projected
Westminster,2021-07-07,1.00,0.98,0.91,0.79,0.59,0.16,0.00,projected
Westminster,2021-07-08,1.00,0.98,0.91,0.79,0.59,0.16,0.00,projected
Westminster,2021-07-09,1.00,0.98,0.91,0.79,0.59,0.16,0.00,projected
Westminster,2021-07-10,1.00,0.98,0.91,0.79,0.59,0.16,0.00,projected
Westminster,2021-07-11,1.00,0.98,0.91,0.79,0.59,0.16,0.00,projected
Westminster,2021-07-12,1.00,0.98,0.91,0.79,0.59,0.16,0.00,projected
Westminster,2021-07-13,1.00,0.98,0.92,0.82,0.68,0.26,0.02,projected
Westminster,2021-07-14,1.00,0.98,0.92,0.82,0.68,0.26,0.02,projected
Westminster,2021-07-15,1.00,0.98,0.92,0.82,0.68,0.26,0.02,projected
Westminster,2021-07-16,1.00,0.98,0.92,0.82,0.68,0.26,0.02,projected
Westminster,2021-07-17,1.00,0.98,0.92,0.82,0.68,0.26,0.02,projected
Westminster,2021-07-18,1.00,0.98,0.92,0.82,0.68,0.26,0.02,projected
Westminster,2021-07-19,1.00,0.98,0.92,0.82,0.68,0.26,0.02,projected
Westminster,2021-07-20,0.99,0.98,0.95,0.88,0.76,0.33,0.04,projected
Westminster,2021-07-21,0.99,0.98,0.95,0.88,0.76,0.33,0.04,projected
Westminster,2021-07-22,0.99,0.98,0.95,0.88,0.76,0.33,0.04,projected
Westminster,2021-07-23,0.99,0.98,0.95,0.88,0.76,0.33,0.04,projected
Westminster,2021-07-24,0.99,0.98,0.95,0.88,0.76,0.33,0.04,projected
Westminster,2021-07-25,0.99,0.98,0.95,0.88,0.76,0.33,0.04,projected
Westminster,2021-07-26,0.99,0.98,0.95,0.88,0.76,0.33,0.04,projected
Wigan,2021-03-23,0.01,0.00,0.00,0.00,0.00,0.00,0.00,inferred
Wigan,2021-03-24,0.01,0.00,0.00,0.00,0.00,0.00,0.00,inferred
Wigan,2021-03-25,0.01,0.00,0.00,0.00,0.00,0.00,0.00,inferred
Wigan,2021-03-26,0.01,0.00,0.00,0.00,0.00,0.00,0.00,inferred
Wigan,2021-03-27,0.01,0.00,0.00,0.00,0.00,0.00,0.00,inferred
Wigan,2021-03-28,0.01,0.00,0.00,0.00,0.00,0.00,0.00,inferred
Wigan,2021-03-29,0.01,0.00,0.00,0.00,0.00,0.00,0.00,inferred
Wigan,2021-03-30,0.49,0.17,0.03,0.00,0.00,0.00,0.00,inferred
Wigan,2021-03-31,0.49,0.17,0.03,0.00,0.00,0.00,0.00,inferred
Wigan,2021-04-01,0.49,0.17,0.03,0.00,0.00,0.00,0.00,inferred
Wigan,2021-04-02,0.49,0.17,0.03,0.00,0.00,0.00,0.00,inferred
Wigan,2021-04-03,0.49,0.17,0.03,0.00,0.00,0.00,0.00,inferred
Wigan,2021-04-04,0.49,0.17,0.03,0.00,0.00,0.00,0.00,inferred
Wigan,2021-04-05,0.49,0.17,0.03,0.00,0.00,0.00,0.00,inferred
Wigan,2021-04-06,0.04,0.00,0.00,0.00,0.00,0.00,0.00,inferred
Wigan,2021-04-07,0.04,0.00,0.00,0.00,0.00,0.00,0.00,inferred
Wigan,2021-04-08,0.04,0.00,0.00,0.00,0.00,0.00,0.00,inferred
Wigan,2021-04-09,0.04,0.00,0.00,0.00,0.00,0.00,0.00,inferred
Wigan,2021-04-10,0.04,0.00,0.00,0.00,0.00,0.00,0.00,inferred
Wigan,2021-04-11,0.04,0.00,0.00,0.00,0.00,0.00,0.00,inferred
Wigan,2021-04-12,0.04,0.00,0.00,0.00,0.00,0.00,0.00,inferred
Wigan,2021-04-13,0.27,0.09,0.02,0.00,0.00,0.00,0.00,inferred
Wigan,2021-04-14,0.27,0.09,0.02,0.00,0.00,0.00,0.00,inferred
Wigan,2021-04-15,0.27,0.09,0.02,0.00,0.00,0.00,0.00,inferred
Wigan,2021-04-16,0.27,0.09,0.02,0.00,0.00,0.00,0.00,inferred
Wigan,2021-04-17,0.27,0.09,0.02,0.00,0.00,0.00,0.00,inferred
Wigan,2021-04-18,0.27,0.09,0.02,0.00,0.00,0.00,0.00,inferred
Wigan,2021-04-19,0.27,0.09,0.02,0.00,0.00,0.00,0.00,inferred
Wigan,2021-04-20,0.86,0.65,0.38,0.14,0.05,0.00,0.00,inferred
Wigan,2021-04-21,0.86,0.65,0.38,0.14,0.05,0.00,0.00,inferred
Wigan,2021-04-22,0.86,0.65,0.38,0.14,0.05,0.00,0.00,inferred
Wigan,2021-04-23,0.86,0.65,0.38,0.14,0.05,0.00,0.00,inferred
Wigan,2021-04-24,0.86,0.65,0.38,0.14,0.05,0.00,0.00,inferred
Wigan,2021-04-25,0.86,0.65,0.38,0.14,0.05,0.00,0.00,inferred
Wigan,2021-04-26,0.86,0.65,0.38,0.14,0.05,0.00,0.00,inferred
Wigan,2021-04-27,1.00,1.00,0.98,0.89,0.70,0.12,0.00,inferred
Wigan,2021-04-28,1.00,1.00,0.98,0.89,0.70,0.12,0.00,inferred
Wigan,2021-04-29,1.00,1.00,0.98,0.89,0.70,0.12,0.00,inferred
Wigan,2021-04-30,1.00,1.00,0.98,0.89,0.70,0.12,0.00,inferred
Wigan,2021-05-01,1.00,1.00,0.98,0.89,0.70,0.12,0.00,inferred
Wigan,2021-05-02,1.00,1.00,0.98,0.89,0.70,0.12,0.00,inferred
Wigan,2021-05-03,1.00,1.00,0.98,0.89,0.70,0.12,0.00,inferred
Wigan,2021-05-04,1.00,0.99,0.94,0.82,0.61,0.07,0.00,inferred
Wigan,2021-05-05,1.00,0.99,0.94,0.82,0.61,0.07,0.00,inferred
Wigan,2021-05-06,1.00,0.99,0.94,0.82,0.61,0.07,0.00,inferred
Wigan,2021-05-07,1.00,0.99,0.94,0.82,0.61,0.07,0.00,inferred
Wigan,2021-05-08,1.00,0.99,0.94,0.82,0.61,0.07,0.00,inferred
Wigan,2021-05-09,1.00,0.99,0.94,0.82,0.61,0.07,0.00,inferred
Wigan,2021-05-10,1.00,0.99,0.94,0.82,0.61,0.07,0.00,inferred
Wigan,2021-05-11,1.00,1.00,1.00,0.98,0.90,0.29,0.00,inferred
Wigan,2021-05-12,1.00,1.00,1.00,0.98,0.90,0.29,0.00,inferred
Wigan,2021-05-13,1.00,1.00,1.00,0.98,0.90,0.29,0.00,inferred
Wigan,2021-05-14,1.00,1.00,1.00,0.98,0.90,0.29,0.00,inferred
Wigan,2021-05-15,1.00,1.00,1.00,0.98,0.90,0.29,0.00,inferred
Wigan,2021-05-16,1.00,1.00,1.00,0.98,0.90,0.29,0.00,inferred
Wigan,2021-05-17,1.00,1.00,1.00,0.98,0.90,0.29,0.00,inferred
Wigan,2021-05-18,1.00,1.00,1.00,1.00,1.00,0.87,0.13,inferred
Wigan,2021-05-19,1.00,1.00,1.00,1.00,1.00,0.87,0.13,inferred
Wigan,2021-05-20,1.00,1.00,1.00,1.00,1.00,0.87,0.13,inferred
Wigan,2021-05-21,1.00,1.00,1.00,1.00,1.00,0.87,0.13,inferred
Wigan,2021-05-22,1.00,1.00,1.00,1.00,1.00,0.87,0.13,inferred
Wigan,2021-05-23,1.00,1.00,1.00,1.00,1.00,0.87,0.13,inferred
Wigan,2021-05-24,1.00,1.00,1.00,1.00,1.00,0.87,0.13,inferred
Wigan,2021-05-25,1.00,1.00,1.00,1.00,1.00,1.00,0.77,inferred
Wigan,2021-05-26,1.00,1.00,1.00,1.00,1.00,1.00,0.77,inferred
Wigan,2021-05-27,1.00,1.00,1.00,1.00,1.00,1.00,0.77,inferred
Wigan,2021-05-28,1.00,1.00,1.00,1.00,1.00,1.00,0.77,inferred
Wigan,2021-05-29,1.00,1.00,1.00,1.00,1.00,1.00,0.77,inferred
Wigan,2021-05-30,1.00,1.00,1.00,1.00,1.00,1.00,0.77,inferred
Wigan,2021-05-31,1.00,1.00,1.00,1.00,1.00,1.00,0.77,inferred
Wigan,2021-06-01,1.00,1.00,1.00,1.00,0.96,0.49,0.00,inferred
Wigan,2021-06-02,1.00,1.00,1.00,1.00,0.96,0.49,0.00,inferred
Wigan,2021-06-03,1.00,1.00,1.00,1.00,0.96,0.49,0.00,inferred
Wigan,2021-06-04,1.00,1.00,1.00,1.00,0.96,0.49,0.00,inferred
Wigan,2021-06-05,1.00,1.00,1.00,1.00,0.96,0.49,0.00,inferred
Wigan,2021-06-06,1.00,1.00,1.00,1.00,0.96,0.49,0.00,inferred
Wigan,2021-06-07,1.00,1.00,1.00,1.00,0.96,0.49,0.00,inferred
Wigan,2021-06-08,1.00,1.00,1.00,0.96,0.70,0.03,0.00,inferred
Wigan,2021-06-09,1.00,1.00,1.00,0.96,0.70,0.03,0.00,inferred
Wigan,2021-06-10,1.00,1.00,1.00,0.96,0.70,0.03,0.00,inferred
Wigan,2021-06-11,1.00,1.00,1.00,0.96,0.70,0.03,0.00,inferred
Wigan,2021-06-12,1.00,1.00,1.00,0.96,0.70,0.03,0.00,inferred
Wigan,2021-06-13,1.00,1.00,1.00,0.96,0.70,0.03,0.00,inferred
Wigan,2021-06-14,1.00,1.00,1.00,0.96,0.70,0.03,0.00,inferred
Wigan,2021-06-15,1.00,1.00,1.00,1.00,1.00,0.31,0.00,inferred
Wigan,2021-06-16,1.00,1.00,1.00,1.00,1.00,0.31,0.00,inferred
Wigan,2021-06-17,1.00,1.00,1.00,1.00,1.00,0.31,0.00,inferred
Wigan,2021-06-18,1.00,1.00,1.00,1.00,1.00,0.31,0.00,inferred
Wigan,2021-06-19,1.00,1.00,1.00,1.00,1.00,0.31,0.00,inferred
Wigan,2021-06-20,1.00,1.00,1.00,1.00,1.00,0.31,0.00,inferred
Wigan,2021-06-21,1.00,1.00,1.00,1.00,1.00,0.31,0.00,inferred
Wigan,2021-06-22,1.00,1.00,1.00,0.97,0.80,0.02,0.00,inferred
Wigan,2021-06-23,1.00,1.00,1.00,0.97,0.80,0.02,0.00,inferred
Wigan,2021-06-24,1.00,1.00,1.00,0.97,0.80,0.02,0.00,inferred
Wigan,2021-06-25,1.00,1.00,1.00,0.97,0.80,0.02,0.00,inferred
Wigan,2021-06-26,1.00,1.00,1.00,0.97,0.80,0.02,0.00,inferred
Wigan,2021-06-27,1.00,1.00,1.00,0.97,0.80,0.02,0.00,inferred
Wigan,2021-06-28,1.00,1.00,1.00,0.97,0.80,0.02,0.00,inferred
Wigan,2021-06-29,0.63,0.28,0.09,0.02,0.00,0.00,0.00,inferred
Wigan,2021-06-30,0.63,0.28,0.09,0.02,0.00,0.00,0.00,inferred
Wigan,2021-07-01,0.63,0.28,0.09,0.02,0.00,0.00,0.00,inferred
Wigan,2021-07-02,0.63,0.28,0.09,0.02,0.00,0.00,0.00,inferred
Wigan,2021-07-03,0.63,0.28,0.09,0.02,0.00,0.00,0.00,inferred
Wigan,2021-07-04,0.63,0.28,0.09,0.02,0.00,0.00,0.00,inferred
Wigan,2021-07-05,0.63,0.28,0.09,0.02,0.00,0.00,0.00,inferred
Wigan,2021-07-06,0.59,0.44,0.28,0.17,0.11,0.02,0.00,projected
Wigan,2021-07-07,0.59,0.44,0.28,0.17,0.11,0.02,0.00,projected
Wigan,2021-07-08,0.59,0.44,0.28,0.17,0.11,0.02,0.00,projected
Wigan,2021-07-09,0.59,0.44,0.28,0.17,0.11,0.02,0.00,projected
Wigan,2021-07-10,0.59,0.44,0.28,0.17,0.11,0.02,0.00,projected
Wigan,2021-07-11,0.59,0.44,0.28,0.17,0.11,0.02,0.00,projected
Wigan,2021-07-12,0.59,0.44,0.28,0.17,0.11,0.02,0.00,projected
Wigan,2021-07-13,0.60,0.46,0.34,0.25,0.19,0.07,0.01,projected
Wigan,2021-07-14,0.60,0.46,0.34,0.25,0.19,0.07,0.01,projected
Wigan,2021-07-15,0.60,0.46,0.34,0.25,0.19,0.07,0.01,projected
Wigan,2021-07-16,0.60,0.46,0.34,0.25,0.19,0.07,0.01,projected
Wigan,2021-07-17,0.60,0.46,0.34,0.25,0.19,0.07,0.01,projected
Wigan,2021-07-18,0.60,0.46,0.34,0.25,0.19,0.07,0.01,projected
Wigan,2021-07-19,0.60,0.46,0.34,0.25,0.19,0.07,0.01,projected
Wigan,2021-07-20,0.65,0.53,0.41,0.31,0.25,0.11,0.03,projected
Wigan,2021-07-21,0.65,0.53,0.41,0.31,0.25,0.11,0.03,projected
Wigan,2021-07-22,0.65,0.53,0.41,0.31,0.25,0.11,0.03,projected
Wigan,2021-07-23,0.65,0.53,0.41,0.31,0.25,0.11,0.03,projected
Wigan,2021-07-24,0.65,0.53,0.41,0.31,0.25,0.11,0.03,projected
Wigan,2021-07-25,0.65,0.53,0.41,0.31,0.25,0.11,0.03,projected
Wigan,2021-07-26,0.65,0.53,0.41,0.31,0.25,0.11,0.03,projected
Wiltshire,2021-03-23,0.31,0.07,0.01,0.00,0.00,0.00,0.00,inferred
Wiltshire,2021-03-24,0.31,0.07,0.01,0.00,0.00,0.00,0.00,inferred
Wiltshire,2021-03-25,0.31,0.07,0.01,0.00,0.00,0.00,0.00,inferred
Wiltshire,2021-03-26,0.31,0.07,0.01,0.00,0.00,0.00,0.00,inferred
Wiltshire,2021-03-27,0.31,0.07,0.01,0.00,0.00,0.00,0.00,inferred
Wiltshire,2021-03-28,0.31,0.07,0.01,0.00,0.00,0.00,0.00,inferred
Wiltshire,2021-03-29,0.31,0.07,0.01,0.00,0.00,0.00,0.00,inferred
Wiltshire,2021-03-30,0.45,0.17,0.05,0.01,0.00,0.00,0.00,inferred
Wiltshire,2021-03-31,0.45,0.17,0.05,0.01,0.00,0.00,0.00,inferred
Wiltshire,2021-04-01,0.45,0.17,0.05,0.01,0.00,0.00,0.00,inferred
Wiltshire,2021-04-02,0.45,0.17,0.05,0.01,0.00,0.00,0.00,inferred
Wiltshire,2021-04-03,0.45,0.17,0.05,0.01,0.00,0.00,0.00,inferred
Wiltshire,2021-04-04,0.45,0.17,0.05,0.01,0.00,0.00,0.00,inferred
Wiltshire,2021-04-05,0.45,0.17,0.05,0.01,0.00,0.00,0.00,inferred
Wiltshire,2021-04-06,0.69,0.40,0.18,0.06,0.02,0.00,0.00,inferred
Wiltshire,2021-04-07,0.69,0.40,0.18,0.06,0.02,0.00,0.00,inferred
Wiltshire,2021-04-08,0.69,0.40,0.18,0.06,0.02,0.00,0.00,inferred
Wiltshire,2021-04-09,0.69,0.40,0.18,0.06,0.02,0.00,0.00,inferred
Wiltshire,2021-04-10,0.69,0.40,0.18,0.06,0.02,0.00,0.00,inferred
Wiltshire,2021-04-11,0.69,0.40,0.18,0.06,0.02,0.00,0.00,inferred
Wiltshire,2021-04-12,0.69,0.40,0.18,0.06,0.02,0.00,0.00,inferred
Wiltshire,2021-04-13,0.95,0.83,0.64,0.38,0.20,0.01,0.00,inferred
Wiltshire,2021-04-14,0.95,0.83,0.64,0.38,0.20,0.01,0.00,inferred
Wiltshire,2021-04-15,0.95,0.83,0.64,0.38,0.20,0.01,0.00,inferred
Wiltshire,2021-04-16,0.95,0.83,0.64,0.38,0.20,0.01,0.00,inferred
Wiltshire,2021-04-17,0.95,0.83,0.64,0.38,0.20,0.01,0.00,inferred
Wiltshire,2021-04-18,0.95,0.83,0.64,0.38,0.20,0.01,0.00,inferred
Wiltshire,2021-04-19,0.95,0.83,0.64,0.38,0.20,0.01,0.00,inferred
Wiltshire,2021-04-20,0.82,0.60,0.34,0.15,0.05,0.00,0.00,inferred
Wiltshire,2021-04-21,0.82,0.60,0.34,0.15,0.05,0.00,0.00,inferred
Wiltshire,2021-04-22,0.82,0.60,0.34,0.15,0.05,0.00,0.00,inferred
Wiltshire,2021-04-23,0.82,0.60,0.34,0.15,0.05,0.00,0.00,inferred
Wiltshire,2021-04-24,0.82,0.60,0.34,0.15,0.05,0.00,0.00,inferred
Wiltshire,2021-04-25,0.82,0.60,0.34,0.15,0.05,0.00,0.00,inferred
Wiltshire,2021-04-26,0.82,0.60,0.34,0.15,0.05,0.00,0.00,inferred
Wiltshire,2021-04-27,0.76,0.49,0.25,0.10,0.03,0.00,0.00,inferred
Wiltshire,2021-04-28,0.76,0.49,0.25,0.10,0.03,0.00,0.00,inferred
Wiltshire,2021-04-29,0.76,0.49,0.25,0.10,0.03,0.00,0.00,inferred
Wiltshire,2021-04-30,0.76,0.49,0.25,0.10,0.03,0.00,0.00,inferred
Wiltshire,2021-05-01,0.76,0.49,0.25,0.10,0.03,0.00,0.00,inferred
Wiltshire,2021-05-02,0.76,0.49,0.25,0.10,0.03,0.00,0.00,inferred
Wiltshire,2021-05-03,0.76,0.49,0.25,0.10,0.03,0.00,0.00,inferred
Wiltshire,2021-05-04,0.24,0.08,0.03,0.01,0.00,0.00,0.00,inferred
Wiltshire,2021-05-05,0.24,0.08,0.03,0.01,0.00,0.00,0.00,inferred
Wiltshire,2021-05-06,0.24,0.08,0.03,0.01,0.00,0.00,0.00,inferred
Wiltshire,2021-05-07,0.24,0.08,0.03,0.01,0.00,0.00,0.00,inferred
Wiltshire,2021-05-08,0.24,0.08,0.03,0.01,0.00,0.00,0.00,inferred
Wiltshire,2021-05-09,0.24,0.08,0.03,0.01,0.00,0.00,0.00,inferred
Wiltshire,2021-05-10,0.24,0.08,0.03,0.01,0.00,0.00,0.00,inferred
Wiltshire,2021-05-11,0.35,0.17,0.06,0.02,0.00,0.00,0.00,inferred
Wiltshire,2021-05-12,0.35,0.17,0.06,0.02,0.00,0.00,0.00,inferred
Wiltshire,2021-05-13,0.35,0.17,0.06,0.02,0.00,0.00,0.00,inferred
Wiltshire,2021-05-14,0.35,0.17,0.06,0.02,0.00,0.00,0.00,inferred
Wiltshire,2021-05-15,0.35,0.17,0.06,0.02,0.00,0.00,0.00,inferred
Wiltshire,2021-05-16,0.35,0.17,0.06,0.02,0.00,0.00,0.00,inferred
Wiltshire,2021-05-17,0.35,0.17,0.06,0.02,0.00,0.00,0.00,inferred
Wiltshire,2021-05-18,0.99,0.96,0.90,0.77,0.61,0.14,0.00,inferred
Wiltshire,2021-05-19,0.99,0.96,0.90,0.77,0.61,0.14,0.00,inferred
Wiltshire,2021-05-20,0.99,0.96,0.90,0.77,0.61,0.14,0.00,inferred
Wiltshire,2021-05-21,0.99,0.96,0.90,0.77,0.61,0.14,0.00,inferred
Wiltshire,2021-05-22,0.99,0.96,0.90,0.77,0.61,0.14,0.00,inferred
Wiltshire,2021-05-23,0.99,0.96,0.90,0.77,0.61,0.14,0.00,inferred
Wiltshire,2021-05-24,0.99,0.96,0.90,0.77,0.61,0.14,0.00,inferred
Wiltshire,2021-05-25,1.00,1.00,1.00,1.00,1.00,0.92,0.38,inferred
Wiltshire,2021-05-26,1.00,1.00,1.00,1.00,1.00,0.92,0.38,inferred
Wiltshire,2021-05-27,1.00,1.00,1.00,1.00,1.00,0.92,0.38,inferred
Wiltshire,2021-05-28,1.00,1.00,1.00,1.00,1.00,0.92,0.38,inferred
Wiltshire,2021-05-29,1.00,1.00,1.00,1.00,1.00,0.92,0.38,inferred
Wiltshire,2021-05-30,1.00,1.00,1.00,1.00,1.00,0.92,0.38,inferred
Wiltshire,2021-05-31,1.00,1.00,1.00,1.00,1.00,0.92,0.38,inferred
Wiltshire,2021-06-01,1.00,1.00,1.00,1.00,1.00,0.96,0.57,inferred
Wiltshire,2021-06-02,1.00,1.00,1.00,1.00,1.00,0.96,0.57,inferred
Wiltshire,2021-06-03,1.00,1.00,1.00,1.00,1.00,0.96,0.57,inferred
Wiltshire,2021-06-04,1.00,1.00,1.00,1.00,1.00,0.96,0.57,inferred
Wiltshire,2021-06-05,1.00,1.00,1.00,1.00,1.00,0.96,0.57,inferred
Wiltshire,2021-06-06,1.00,1.00,1.00,1.00,1.00,0.96,0.57,inferred
Wiltshire,2021-06-07,1.00,1.00,1.00,1.00,1.00,0.96,0.57,inferred
Wiltshire,2021-06-08,1.00,1.00,1.00,1.00,0.99,0.73,0.11,inferred
Wiltshire,2021-06-09,1.00,1.00,1.00,1.00,0.99,0.73,0.11,inferred
Wiltshire,2021-06-10,1.00,1.00,1.00,1.00,0.99,0.73,0.11,inferred
Wiltshire,2021-06-11,1.00,1.00,1.00,1.00,0.99,0.73,0.11,inferred
Wiltshire,2021-06-12,1.00,1.00,1.00,1.00,0.99,0.73,0.11,inferred
Wiltshire,2021-06-13,1.00,1.00,1.00,1.00,0.99,0.73,0.11,inferred
Wiltshire,2021-06-14,1.00,1.00,1.00,1.00,0.99,0.73,0.11,inferred
Wiltshire,2021-06-15,1.00,1.00,1.00,1.00,1.00,0.95,0.32,inferred
Wiltshire,2021-06-16,1.00,1.00,1.00,1.00,1.00,0.95,0.32,inferred
Wiltshire,2021-06-17,1.00,1.00,1.00,1.00,1.00,0.95,0.32,inferred
Wiltshire,2021-06-18,1.00,1.00,1.00,1.00,1.00,0.95,0.32,inferred
Wiltshire,2021-06-19,1.00,1.00,1.00,1.00,1.00,0.95,0.32,inferred
Wiltshire,2021-06-20,1.00,1.00,1.00,1.00,1.00,0.95,0.32,inferred
Wiltshire,2021-06-21,1.00,1.00,1.00,1.00,1.00,0.95,0.32,inferred
Wiltshire,2021-06-22,1.00,1.00,1.00,1.00,1.00,0.78,0.07,inferred
Wiltshire,2021-06-23,1.00,1.00,1.00,1.00,1.00,0.78,0.07,inferred
Wiltshire,2021-06-24,1.00,1.00,1.00,1.00,1.00,0.78,0.07,inferred
Wiltshire,2021-06-25,1.00,1.00,1.00,1.00,1.00,0.78,0.07,inferred
Wiltshire,2021-06-26,1.00,1.00,1.00,1.00,1.00,0.78,0.07,inferred
Wiltshire,2021-06-27,1.00,1.00,1.00,1.00,1.00,0.78,0.07,inferred
Wiltshire,2021-06-28,1.00,1.00,1.00,1.00,1.00,0.78,0.07,inferred
Wiltshire,2021-06-29,0.99,0.97,0.92,0.80,0.63,0.18,0.00,inferred
Wiltshire,2021-06-30,0.99,0.97,0.92,0.80,0.63,0.18,0.00,inferred
Wiltshire,2021-07-01,0.99,0.97,0.92,0.80,0.63,0.18,0.00,inferred
Wiltshire,2021-07-02,0.99,0.97,0.92,0.80,0.63,0.18,0.00,inferred
Wiltshire,2021-07-03,0.99,0.97,0.92,0.80,0.63,0.18,0.00,inferred
Wiltshire,2021-07-04,0.99,0.97,0.92,0.80,0.63,0.18,0.00,inferred
Wiltshire,2021-07-05,0.99,0.97,0.92,0.80,0.63,0.18,0.00,inferred
Wiltshire,2021-07-06,0.92,0.86,0.78,0.68,0.56,0.30,0.08,projected
Wiltshire,2021-07-07,0.92,0.86,0.78,0.68,0.56,0.30,0.08,projected
Wiltshire,2021-07-08,0.92,0.86,0.78,0.68,0.56,0.30,0.08,projected
Wiltshire,2021-07-09,0.92,0.86,0.78,0.68,0.56,0.30,0.08,projected
Wiltshire,2021-07-10,0.92,0.86,0.78,0.68,0.56,0.30,0.08,projected
Wiltshire,2021-07-11,0.92,0.86,0.78,0.68,0.56,0.30,0.08,projected
Wiltshire,2021-07-12,0.92,0.86,0.78,0.68,0.56,0.30,0.08,projected
Wiltshire,2021-07-13,0.90,0.82,0.74,0.66,0.57,0.35,0.13,projected
Wiltshire,2021-07-14,0.90,0.82,0.74,0.66,0.57,0.35,0.13,projected
Wiltshire,2021-07-15,0.90,0.82,0.74,0.66,0.57,0.35,0.13,projected
Wiltshire,2021-07-16,0.90,0.82,0.74,0.66,0.57,0.35,0.13,projected
Wiltshire,2021-07-17,0.90,0.82,0.74,0.66,0.57,0.35,0.13,projected
Wiltshire,2021-07-18,0.90,0.82,0.74,0.66,0.57,0.35,0.13,projected
Wiltshire,2021-07-19,0.90,0.82,0.74,0.66,0.57,0.35,0.13,projected
Wiltshire,2021-07-20,0.89,0.83,0.76,0.69,0.61,0.40,0.18,projected
Wiltshire,2021-07-21,0.89,0.83,0.76,0.69,0.61,0.40,0.18,projected
Wiltshire,2021-07-22,0.89,0.83,0.76,0.69,0.61,0.40,0.18,projected
Wiltshire,2021-07-23,0.89,0.83,0.76,0.69,0.61,0.40,0.18,projected
Wiltshire,2021-07-24,0.89,0.83,0.76,0.69,0.61,0.40,0.18,projected
Wiltshire,2021-07-25,0.89,0.83,0.76,0.69,0.61,0.40,0.18,projected
Wiltshire,2021-07-26,0.89,0.83,0.76,0.69,0.61,0.40,0.18,projected
Winchester,2021-03-23,0.18,0.06,0.02,0.01,0.00,0.00,0.00,inferred
Winchester,2021-03-24,0.18,0.06,0.02,0.01,0.00,0.00,0.00,inferred
Winchester,2021-03-25,0.18,0.06,0.02,0.01,0.00,0.00,0.00,inferred
Winchester,2021-03-26,0.18,0.06,0.02,0.01,0.00,0.00,0.00,inferred
Winchester,2021-03-27,0.18,0.06,0.02,0.01,0.00,0.00,0.00,inferred
Winchester,2021-03-28,0.18,0.06,0.02,0.01,0.00,0.00,0.00,inferred
Winchester,2021-03-29,0.18,0.06,0.02,0.01,0.00,0.00,0.00,inferred
Winchester,2021-03-30,0.54,0.35,0.17,0.07,0.03,0.00,0.00,inferred
Winchester,2021-03-31,0.54,0.35,0.17,0.07,0.03,0.00,0.00,inferred
Winchester,2021-04-01,0.54,0.35,0.17,0.07,0.03,0.00,0.00,inferred
Winchester,2021-04-02,0.54,0.35,0.17,0.07,0.03,0.00,0.00,inferred
Winchester,2021-04-03,0.54,0.35,0.17,0.07,0.03,0.00,0.00,inferred
Winchester,2021-04-04,0.54,0.35,0.17,0.07,0.03,0.00,0.00,inferred
Winchester,2021-04-05,0.54,0.35,0.17,0.07,0.03,0.00,0.00,inferred
Winchester,2021-04-06,0.43,0.27,0.14,0.06,0.03,0.00,0.00,inferred
Winchester,2021-04-07,0.43,0.27,0.14,0.06,0.03,0.00,0.00,inferred
Winchester,2021-04-08,0.43,0.27,0.14,0.06,0.03,0.00,0.00,inferred
Winchester,2021-04-09,0.43,0.27,0.14,0.06,0.03,0.00,0.00,inferred
Winchester,2021-04-10,0.43,0.27,0.14,0.06,0.03,0.00,0.00,inferred
Winchester,2021-04-11,0.43,0.27,0.14,0.06,0.03,0.00,0.00,inferred
Winchester,2021-04-12,0.43,0.27,0.14,0.06,0.03,0.00,0.00,inferred
Winchester,2021-04-13,0.75,0.59,0.40,0.26,0.14,0.01,0.00,inferred
Winchester,2021-04-14,0.75,0.59,0.40,0.26,0.14,0.01,0.00,inferred
Winchester,2021-04-15,0.75,0.59,0.40,0.26,0.14,0.01,0.00,inferred
Winchester,2021-04-16,0.75,0.59,0.40,0.26,0.14,0.01,0.00,inferred
Winchester,2021-04-17,0.75,0.59,0.40,0.26,0.14,0.01,0.00,inferred
Winchester,2021-04-18,0.75,0.59,0.40,0.26,0.14,0.01,0.00,inferred
Winchester,2021-04-19,0.75,0.59,0.40,0.26,0.14,0.01,0.00,inferred
Winchester,2021-04-20,0.57,0.39,0.24,0.13,0.07,0.01,0.00,inferred
Winchester,2021-04-21,0.57,0.39,0.24,0.13,0.07,0.01,0.00,inferred
Winchester,2021-04-22,0.57,0.39,0.24,0.13,0.07,0.01,0.00,inferred
Winchester,2021-04-23,0.57,0.39,0.24,0.13,0.07,0.01,0.00,inferred
Winchester,2021-04-24,0.57,0.39,0.24,0.13,0.07,0.01,0.00,inferred
Winchester,2021-04-25,0.57,0.39,0.24,0.13,0.07,0.01,0.00,inferred
Winchester,2021-04-26,0.57,0.39,0.24,0.13,0.07,0.01,0.00,inferred
Winchester,2021-04-27,0.48,0.32,0.20,0.10,0.05,0.00,0.00,inferred
Winchester,2021-04-28,0.48,0.32,0.20,0.10,0.05,0.00,0.00,inferred
Winchester,2021-04-29,0.48,0.32,0.20,0.10,0.05,0.00,0.00,inferred
Winchester,2021-04-30,0.48,0.32,0.20,0.10,0.05,0.00,0.00,inferred
Winchester,2021-05-01,0.48,0.32,0.20,0.10,0.05,0.00,0.00,inferred
Winchester,2021-05-02,0.48,0.32,0.20,0.10,0.05,0.00,0.00,inferred
Winchester,2021-05-03,0.48,0.32,0.20,0.10,0.05,0.00,0.00,inferred
Winchester,2021-05-04,0.56,0.39,0.26,0.15,0.08,0.01,0.00,inferred
Winchester,2021-05-05,0.56,0.39,0.26,0.15,0.08,0.01,0.00,inferred
Winchester,2021-05-06,0.56,0.39,0.26,0.15,0.08,0.01,0.00,inferred
Winchester,2021-05-07,0.56,0.39,0.26,0.15,0.08,0.01,0.00,inferred
Winchester,2021-05-08,0.56,0.39,0.26,0.15,0.08,0.01,0.00,inferred
Winchester,2021-05-09,0.56,0.39,0.26,0.15,0.08,0.01,0.00,inferred
Winchester,2021-05-10,0.56,0.39,0.26,0.15,0.08,0.01,0.00,inferred
Winchester,2021-05-11,0.79,0.67,0.53,0.39,0.26,0.07,0.01,inferred
Winchester,2021-05-12,0.79,0.67,0.53,0.39,0.26,0.07,0.01,inferred
Winchester,2021-05-13,0.79,0.67,0.53,0.39,0.26,0.07,0.01,inferred
Winchester,2021-05-14,0.79,0.67,0.53,0.39,0.26,0.07,0.01,inferred
Winchester,2021-05-15,0.79,0.67,0.53,0.39,0.26,0.07,0.01,inferred
Winchester,2021-05-16,0.79,0.67,0.53,0.39,0.26,0.07,0.01,inferred
Winchester,2021-05-17,0.79,0.67,0.53,0.39,0.26,0.07,0.01,inferred
Winchester,2021-05-18,0.99,0.98,0.95,0.92,0.84,0.51,0.11,inferred
Winchester,2021-05-19,0.99,0.98,0.95,0.92,0.84,0.51,0.11,inferred
Winchester,2021-05-20,0.99,0.98,0.95,0.92,0.84,0.51,0.11,inferred
Winchester,2021-05-21,0.99,0.98,0.95,0.92,0.84,0.51,0.11,inferred
Winchester,2021-05-22,0.99,0.98,0.95,0.92,0.84,0.51,0.11,inferred
Winchester,2021-05-23,0.99,0.98,0.95,0.92,0.84,0.51,0.11,inferred
Winchester,2021-05-24,0.99,0.98,0.95,0.92,0.84,0.51,0.11,inferred
Winchester,2021-05-25,1.00,1.00,0.99,0.96,0.93,0.66,0.18,inferred
Winchester,2021-05-26,1.00,1.00,0.99,0.96,0.93,0.66,0.18,inferred
Winchester,2021-05-27,1.00,1.00,0.99,0.96,0.93,0.66,0.18,inferred
Winchester,2021-05-28,1.00,1.00,0.99,0.96,0.93,0.66,0.18,inferred
Winchester,2021-05-29,1.00,1.00,0.99,0.96,0.93,0.66,0.18,inferred
Winchester,2021-05-30,1.00,1.00,0.99,0.96,0.93,0.66,0.18,inferred
Winchester,2021-05-31,1.00,1.00,0.99,0.96,0.93,0.66,0.18,inferred
Winchester,2021-06-01,1.00,1.00,1.00,0.99,0.98,0.84,0.35,inferred
Winchester,2021-06-02,1.00,1.00,1.00,0.99,0.98,0.84,0.35,inferred
Winchester,2021-06-03,1.00,1.00,1.00,0.99,0.98,0.84,0.35,inferred
Winchester,2021-06-04,1.00,1.00,1.00,0.99,0.98,0.84,0.35,inferred
Winchester,2021-06-05,1.00,1.00,1.00,0.99,0.98,0.84,0.35,inferred
Winchester,2021-06-06,1.00,1.00,1.00,0.99,0.98,0.84,0.35,inferred
Winchester,2021-06-07,1.00,1.00,1.00,0.99,0.98,0.84,0.35,inferred
Winchester,2021-06-08,1.00,1.00,1.00,0.98,0.95,0.68,0.12,inferred
Winchester,2021-06-09,1.00,1.00,1.00,0.98,0.95,0.68,0.12,inferred
Winchester,2021-06-10,1.00,1.00,1.00,0.98,0.95,0.68,0.12,inferred
Winchester,2021-06-11,1.00,1.00,1.00,0.98,0.95,0.68,0.12,inferred
Winchester,2021-06-12,1.00,1.00,1.00,0.98,0.95,0.68,0.12,inferred
Winchester,2021-06-13,1.00,1.00,1.00,0.98,0.95,0.68,0.12,inferred
Winchester,2021-06-14,1.00,1.00,1.00,0.98,0.95,0.68,0.12,inferred
Winchester,2021-06-15,1.00,1.00,1.00,1.00,1.00,0.98,0.56,inferred
Winchester,2021-06-16,1.00,1.00,1.00,1.00,1.00,0.98,0.56,inferred
Winchester,2021-06-17,1.00,1.00,1.00,1.00,1.00,0.98,0.56,inferred
Winchester,2021-06-18,1.00,1.00,1.00,1.00,1.00,0.98,0.56,inferred
Winchester,2021-06-19,1.00,1.00,1.00,1.00,1.00,0.98,0.56,inferred
Winchester,2021-06-20,1.00,1.00,1.00,1.00,1.00,0.98,0.56,inferred
Winchester,2021-06-21,1.00,1.00,1.00,1.00,1.00,0.98,0.56,inferred
Winchester,2021-06-22,1.00,1.00,1.00,1.00,1.00,0.98,0.61,inferred
Winchester,2021-06-23,1.00,1.00,1.00,1.00,1.00,0.98,0.61,inferred
Winchester,2021-06-24,1.00,1.00,1.00,1.00,1.00,0.98,0.61,inferred
Winchester,2021-06-25,1.00,1.00,1.00,1.00,1.00,0.98,0.61,inferred
Winchester,2021-06-26,1.00,1.00,1.00,1.00,1.00,0.98,0.61,inferred
Winchester,2021-06-27,1.00,1.00,1.00,1.00,1.00,0.98,0.61,inferred
Winchester,2021-06-28,1.00,1.00,1.00,1.00,1.00,0.98,0.61,inferred
Winchester,2021-06-29,1.00,1.00,1.00,0.98,0.95,0.74,0.22,inferred
Winchester,2021-06-30,1.00,1.00,1.00,0.98,0.95,0.74,0.22,inferred
Winchester,2021-07-01,1.00,1.00,1.00,0.98,0.95,0.74,0.22,inferred
Winchester,2021-07-02,1.00,1.00,1.00,0.98,0.95,0.74,0.22,inferred
Winchester,2021-07-03,1.00,1.00,1.00,0.98,0.95,0.74,0.22,inferred
Winchester,2021-07-04,1.00,1.00,1.00,0.98,0.95,0.74,0.22,inferred
Winchester,2021-07-05,1.00,1.00,1.00,0.98,0.95,0.74,0.22,inferred
Winchester,2021-07-06,1.00,0.99,0.97,0.92,0.86,0.59,0.22,projected
Winchester,2021-07-07,1.00,0.99,0.97,0.92,0.86,0.59,0.22,projected
Winchester,2021-07-08,1.00,0.99,0.97,0.92,0.86,0.59,0.22,projected
Winchester,2021-07-09,1.00,0.99,0.97,0.92,0.86,0.59,0.22,projected
Winchester,2021-07-10,1.00,0.99,0.97,0.92,0.86,0.59,0.22,projected
Winchester,2021-07-11,1.00,0.99,0.97,0.92,0.86,0.59,0.22,projected
Winchester,2021-07-12,1.00,0.99,0.97,0.92,0.86,0.59,0.22,projected
Winchester,2021-07-13,0.98,0.97,0.93,0.87,0.79,0.54,0.21,projected
Winchester,2021-07-14,0.98,0.97,0.93,0.87,0.79,0.54,0.21,projected
Winchester,2021-07-15,0.98,0.97,0.93,0.87,0.79,0.54,0.21,projected
Winchester,2021-07-16,0.98,0.97,0.93,0.87,0.79,0.54,0.21,projected
Winchester,2021-07-17,0.98,0.97,0.93,0.87,0.79,0.54,0.21,projected
Winchester,2021-07-18,0.98,0.97,0.93,0.87,0.79,0.54,0.21,projected
Winchester,2021-07-19,0.98,0.97,0.93,0.87,0.79,0.54,0.21,projected
Winchester,2021-07-20,0.97,0.94,0.90,0.82,0.75,0.49,0.21,projected
Winchester,2021-07-21,0.97,0.94,0.90,0.82,0.75,0.49,0.21,projected
Winchester,2021-07-22,0.97,0.94,0.90,0.82,0.75,0.49,0.21,projected
Winchester,2021-07-23,0.97,0.94,0.90,0.82,0.75,0.49,0.21,projected
Winchester,2021-07-24,0.97,0.94,0.90,0.82,0.75,0.49,0.21,projected
Winchester,2021-07-25,0.97,0.94,0.90,0.82,0.75,0.49,0.21,projected
Winchester,2021-07-26,0.97,0.94,0.90,0.82,0.75,0.49,0.21,projected
Windsor and Maidenhead,2021-03-23,0.01,0.00,0.00,0.00,0.00,0.00,0.00,inferred
Windsor and Maidenhead,2021-03-24,0.01,0.00,0.00,0.00,0.00,0.00,0.00,inferred
Windsor and Maidenhead,2021-03-25,0.01,0.00,0.00,0.00,0.00,0.00,0.00,inferred
Windsor and Maidenhead,2021-03-26,0.01,0.00,0.00,0.00,0.00,0.00,0.00,inferred
Windsor and Maidenhead,2021-03-27,0.01,0.00,0.00,0.00,0.00,0.00,0.00,inferred
Windsor and Maidenhead,2021-03-28,0.01,0.00,0.00,0.00,0.00,0.00,0.00,inferred
Windsor and Maidenhead,2021-03-29,0.01,0.00,0.00,0.00,0.00,0.00,0.00,inferred
Windsor and Maidenhead,2021-03-30,0.55,0.28,0.08,0.02,0.00,0.00,0.00,inferred
Windsor and Maidenhead,2021-03-31,0.55,0.28,0.08,0.02,0.00,0.00,0.00,inferred
Windsor and Maidenhead,2021-04-01,0.55,0.28,0.08,0.02,0.00,0.00,0.00,inferred
Windsor and Maidenhead,2021-04-02,0.55,0.28,0.08,0.02,0.00,0.00,0.00,inferred
Windsor and Maidenhead,2021-04-03,0.55,0.28,0.08,0.02,0.00,0.00,0.00,inferred
Windsor and Maidenhead,2021-04-04,0.55,0.28,0.08,0.02,0.00,0.00,0.00,inferred
Windsor and Maidenhead,2021-04-05,0.55,0.28,0.08,0.02,0.00,0.00,0.00,inferred
Windsor and Maidenhead,2021-04-06,0.50,0.24,0.09,0.03,0.01,0.00,0.00,inferred
Windsor and Maidenhead,2021-04-07,0.50,0.24,0.09,0.03,0.01,0.00,0.00,inferred
Windsor and Maidenhead,2021-04-08,0.50,0.24,0.09,0.03,0.01,0.00,0.00,inferred
Windsor and Maidenhead,2021-04-09,0.50,0.24,0.09,0.03,0.01,0.00,0.00,inferred
Windsor and Maidenhead,2021-04-10,0.50,0.24,0.09,0.03,0.01,0.00,0.00,inferred
Windsor and Maidenhead,2021-04-11,0.50,0.24,0.09,0.03,0.01,0.00,0.00,inferred
Windsor and Maidenhead,2021-04-12,0.50,0.24,0.09,0.03,0.01,0.00,0.00,inferred
Windsor and Maidenhead,2021-04-13,0.90,0.74,0.53,0.30,0.14,0.01,0.00,inferred
Windsor and Maidenhead,2021-04-14,0.90,0.74,0.53,0.30,0.14,0.01,0.00,inferred
Windsor and Maidenhead,2021-04-15,0.90,0.74,0.53,0.30,0.14,0.01,0.00,inferred
Windsor and Maidenhead,2021-04-16,0.90,0.74,0.53,0.30,0.14,0.01,0.00,inferred
Windsor and Maidenhead,2021-04-17,0.90,0.74,0.53,0.30,0.14,0.01,0.00,inferred
Windsor and Maidenhead,2021-04-18,0.90,0.74,0.53,0.30,0.14,0.01,0.00,inferred
Windsor and Maidenhead,2021-04-19,0.90,0.74,0.53,0.30,0.14,0.01,0.00,inferred
Windsor and Maidenhead,2021-04-20,0.35,0.16,0.04,0.01,0.00,0.00,0.00,inferred
Windsor and Maidenhead,2021-04-21,0.35,0.16,0.04,0.01,0.00,0.00,0.00,inferred
Windsor and Maidenhead,2021-04-22,0.35,0.16,0.04,0.01,0.00,0.00,0.00,inferred
Windsor and Maidenhead,2021-04-23,0.35,0.16,0.04,0.01,0.00,0.00,0.00,inferred
Windsor and Maidenhead,2021-04-24,0.35,0.16,0.04,0.01,0.00,0.00,0.00,inferred
Windsor and Maidenhead,2021-04-25,0.35,0.16,0.04,0.01,0.00,0.00,0.00,inferred
Windsor and Maidenhead,2021-04-26,0.35,0.16,0.04,0.01,0.00,0.00,0.00,inferred
Windsor and Maidenhead,2021-04-27,0.40,0.19,0.06,0.02,0.01,0.00,0.00,inferred
Windsor and Maidenhead,2021-04-28,0.40,0.19,0.06,0.02,0.01,0.00,0.00,inferred
Windsor and Maidenhead,2021-04-29,0.40,0.19,0.06,0.02,0.01,0.00,0.00,inferred
Windsor and Maidenhead,2021-04-30,0.40,0.19,0.06,0.02,0.01,0.00,0.00,inferred
Windsor and Maidenhead,2021-05-01,0.40,0.19,0.06,0.02,0.01,0.00,0.00,inferred
Windsor and Maidenhead,2021-05-02,0.40,0.19,0.06,0.02,0.01,0.00,0.00,inferred
Windsor and Maidenhead,2021-05-03,0.40,0.19,0.06,0.02,0.01,0.00,0.00,inferred
Windsor and Maidenhead,2021-05-04,0.34,0.16,0.07,0.02,0.00,0.00,0.00,inferred
Windsor and Maidenhead,2021-05-05,0.34,0.16,0.07,0.02,0.00,0.00,0.00,inferred
Windsor and Maidenhead,2021-05-06,0.34,0.16,0.07,0.02,0.00,0.00,0.00,inferred
Windsor and Maidenhead,2021-05-07,0.34,0.16,0.07,0.02,0.00,0.00,0.00,inferred
Windsor and Maidenhead,2021-05-08,0.34,0.16,0.07,0.02,0.00,0.00,0.00,inferred
Windsor and Maidenhead,2021-05-09,0.34,0.16,0.07,0.02,0.00,0.00,0.00,inferred
Windsor and Maidenhead,2021-05-10,0.34,0.16,0.07,0.02,0.00,0.00,0.00,inferred
Windsor and Maidenhead,2021-05-11,0.86,0.72,0.57,0.40,0.25,0.03,0.00,inferred
Windsor and Maidenhead,2021-05-12,0.86,0.72,0.57,0.40,0.25,0.03,0.00,inferred
Windsor and Maidenhead,2021-05-13,0.86,0.72,0.57,0.40,0.25,0.03,0.00,inferred
Windsor and Maidenhead,2021-05-14,0.86,0.72,0.57,0.40,0.25,0.03,0.00,inferred
Windsor and Maidenhead,2021-05-15,0.86,0.72,0.57,0.40,0.25,0.03,0.00,inferred
Windsor and Maidenhead,2021-05-16,0.86,0.72,0.57,0.40,0.25,0.03,0.00,inferred
Windsor and Maidenhead,2021-05-17,0.86,0.72,0.57,0.40,0.25,0.03,0.00,inferred
Windsor and Maidenhead,2021-05-18,1.00,0.99,0.96,0.91,0.82,0.43,0.04,inferred
Windsor and Maidenhead,2021-05-19,1.00,0.99,0.96,0.91,0.82,0.43,0.04,inferred
Windsor and Maidenhead,2021-05-20,1.00,0.99,0.96,0.91,0.82,0.43,0.04,inferred
Windsor and Maidenhead,2021-05-21,1.00,0.99,0.96,0.91,0.82,0.43,0.04,inferred
Windsor and Maidenhead,2021-05-22,1.00,0.99,0.96,0.91,0.82,0.43,0.04,inferred
Windsor and Maidenhead,2021-05-23,1.00,0.99,0.96,0.91,0.82,0.43,0.04,inferred
Windsor and Maidenhead,2021-05-24,1.00,0.99,0.96,0.91,0.82,0.43,0.04,inferred
Windsor and Maidenhead,2021-05-25,1.00,1.00,0.98,0.96,0.89,0.51,0.06,inferred
Windsor and Maidenhead,2021-05-26,1.00,1.00,0.98,0.96,0.89,0.51,0.06,inferred
Windsor and Maidenhead,2021-05-27,1.00,1.00,0.98,0.96,0.89,0.51,0.06,inferred
Windsor and Maidenhead,2021-05-28,1.00,1.00,0.98,0.96,0.89,0.51,0.06,inferred
Windsor and Maidenhead,2021-05-29,1.00,1.00,0.98,0.96,0.89,0.51,0.06,inferred
Windsor and Maidenhead,2021-05-30,1.00,1.00,0.98,0.96,0.89,0.51,0.06,inferred
Windsor and Maidenhead,2021-05-31,1.00,1.00,0.98,0.96,0.89,0.51,0.06,inferred
Windsor and Maidenhead,2021-06-01,1.00,1.00,0.99,0.96,0.88,0.44,0.02,inferred
Windsor and Maidenhead,2021-06-02,1.00,1.00,0.99,0.96,0.88,0.44,0.02,inferred
Windsor and Maidenhead,2021-06-03,1.00,1.00,0.99,0.96,0.88,0.44,0.02,inferred
Windsor and Maidenhead,2021-06-04,1.00,1.00,0.99,0.96,0.88,0.44,0.02,inferred
Windsor and Maidenhead,2021-06-05,1.00,1.00,0.99,0.96,0.88,0.44,0.02,inferred
Windsor and Maidenhead,2021-06-06,1.00,1.00,0.99,0.96,0.88,0.44,0.02,inferred
Windsor and Maidenhead,2021-06-07,1.00,1.00,0.99,0.96,0.88,0.44,0.02,inferred
Windsor and Maidenhead,2021-06-08,1.00,1.00,1.00,0.99,0.96,0.57,0.03,inferred
Windsor and Maidenhead,2021-06-09,1.00,1.00,1.00,0.99,0.96,0.57,0.03,inferred
Windsor and Maidenhead,2021-06-10,1.00,1.00,1.00,0.99,0.96,0.57,0.03,inferred
Windsor and Maidenhead,2021-06-11,1.00,1.00,1.00,0.99,0.96,0.57,0.03,inferred
Windsor and Maidenhead,2021-06-12,1.00,1.00,1.00,0.99,0.96,0.57,0.03,inferred
Windsor and Maidenhead,2021-06-13,1.00,1.00,1.00,0.99,0.96,0.57,0.03,inferred
Windsor and Maidenhead,2021-06-14,1.00,1.00,1.00,0.99,0.96,0.57,0.03,inferred
Windsor and Maidenhead,2021-06-15,1.00,1.00,1.00,1.00,1.00,0.96,0.46,inferred
Windsor and Maidenhead,2021-06-16,1.00,1.00,1.00,1.00,1.00,0.96,0.46,inferred
Windsor and Maidenhead,2021-06-17,1.00,1.00,1.00,1.00,1.00,0.96,0.46,inferred
Windsor and Maidenhead,2021-06-18,1.00,1.00,1.00,1.00,1.00,0.96,0.46,inferred
Windsor and Maidenhead,2021-06-19,1.00,1.00,1.00,1.00,1.00,0.96,0.46,inferred
Windsor and Maidenhead,2021-06-20,1.00,1.00,1.00,1.00,1.00,0.96,0.46,inferred
Windsor and Maidenhead,2021-06-21,1.00,1.00,1.00,1.00,1.00,0.96,0.46,inferred
Windsor and Maidenhead,2021-06-22,1.00,1.00,1.00,1.00,0.97,0.62,0.04,inferred
Windsor and Maidenhead,2021-06-23,1.00,1.00,1.00,1.00,0.97,0.62,0.04,inferred
Windsor and Maidenhead,2021-06-24,1.00,1.00,1.00,1.00,0.97,0.62,0.04,inferred
Windsor and Maidenhead,2021-06-25,1.00,1.00,1.00,1.00,0.97,0.62,0.04,inferred
Windsor and Maidenhead,2021-06-26,1.00,1.00,1.00,1.00,0.97,0.62,0.04,inferred
Windsor and Maidenhead,2021-06-27,1.00,1.00,1.00,1.00,0.97,0.62,0.04,inferred
Windsor and Maidenhead,2021-06-28,1.00,1.00,1.00,1.00,0.97,0.62,0.04,inferred
Windsor and Maidenhead,2021-06-29,1.00,1.00,0.98,0.95,0.87,0.48,0.04,inferred
Windsor and Maidenhead,2021-06-30,1.00,1.00,0.98,0.95,0.87,0.48,0.04,inferred
Windsor and Maidenhead,2021-07-01,1.00,1.00,0.98,0.95,0.87,0.48,0.04,inferred
Windsor and Maidenhead,2021-07-02,1.00,1.00,0.98,0.95,0.87,0.48,0.04,inferred
Windsor and Maidenhead,2021-07-03,1.00,1.00,0.98,0.95,0.87,0.48,0.04,inferred
Windsor and Maidenhead,2021-07-04,1.00,1.00,0.98,0.95,0.87,0.48,0.04,inferred
Windsor and Maidenhead,2021-07-05,1.00,1.00,0.98,0.95,0.87,0.48,0.04,inferred
Windsor and Maidenhead,2021-07-06,0.98,0.96,0.90,0.82,0.73,0.41,0.09,projected
Windsor and Maidenhead,2021-07-07,0.98,0.96,0.90,0.82,0.73,0.41,0.09,projected
Windsor and Maidenhead,2021-07-08,0.98,0.96,0.90,0.82,0.73,0.41,0.09,projected
Windsor and Maidenhead,2021-07-09,0.98,0.96,0.90,0.82,0.73,0.41,0.09,projected
Windsor and Maidenhead,2021-07-10,0.98,0.96,0.90,0.82,0.73,0.41,0.09,projected
Windsor and Maidenhead,2021-07-11,0.98,0.96,0.90,0.82,0.73,0.41,0.09,projected
Windsor and Maidenhead,2021-07-12,0.98,0.96,0.90,0.82,0.73,0.41,0.09,projected
Windsor and Maidenhead,2021-07-13,0.96,0.92,0.87,0.77,0.66,0.38,0.11,projected
Windsor and Maidenhead,2021-07-14,0.96,0.92,0.87,0.77,0.66,0.38,0.11,projected
Windsor and Maidenhead,2021-07-15,0.96,0.92,0.87,0.77,0.66,0.38,0.11,projected
Windsor and Maidenhead,2021-07-16,0.96,0.92,0.87,0.77,0.66,0.38,0.11,projected
Windsor and Maidenhead,2021-07-17,0.96,0.92,0.87,0.77,0.66,0.38,0.11,projected
Windsor and Maidenhead,2021-07-18,0.96,0.92,0.87,0.77,0.66,0.38,0.11,projected
Windsor and Maidenhead,2021-07-19,0.96,0.92,0.87,0.77,0.66,0.38,0.11,projected
Windsor and Maidenhead,2021-07-20,0.96,0.91,0.86,0.76,0.66,0.39,0.14,projected
Windsor and Maidenhead,2021-07-21,0.96,0.91,0.86,0.76,0.66,0.39,0.14,projected
Windsor and Maidenhead,2021-07-22,0.96,0.91,0.86,0.76,0.66,0.39,0.14,projected
Windsor and Maidenhead,2021-07-23,0.96,0.91,0.86,0.76,0.66,0.39,0.14,projected
Windsor and Maidenhead,2021-07-24,0.96,0.91,0.86,0.76,0.66,0.39,0.14,projected
Windsor and Maidenhead,2021-07-25,0.96,0.91,0.86,0.76,0.66,0.39,0.14,projected
Windsor and Maidenhead,2021-07-26,0.96,0.91,0.86,0.76,0.66,0.39,0.14,projected
Wirral,2021-03-23,0.07,0.01,0.00,0.00,0.00,0.00,0.00,inferred
Wirral,2021-03-24,0.07,0.01,0.00,0.00,0.00,0.00,0.00,inferred
Wirral,2021-03-25,0.07,0.01,0.00,0.00,0.00,0.00,0.00,inferred
Wirral,2021-03-26,0.07,0.01,0.00,0.00,0.00,0.00,0.00,inferred
Wirral,2021-03-27,0.07,0.01,0.00,0.00,0.00,0.00,0.00,inferred
Wirral,2021-03-28,0.07,0.01,0.00,0.00,0.00,0.00,0.00,inferred
Wirral,2021-03-29,0.07,0.01,0.00,0.00,0.00,0.00,0.00,inferred
Wirral,2021-03-30,0.26,0.10,0.03,0.01,0.00,0.00,0.00,inferred
Wirral,2021-03-31,0.26,0.10,0.03,0.01,0.00,0.00,0.00,inferred
Wirral,2021-04-01,0.26,0.10,0.03,0.01,0.00,0.00,0.00,inferred
Wirral,2021-04-02,0.26,0.10,0.03,0.01,0.00,0.00,0.00,inferred
Wirral,2021-04-03,0.26,0.10,0.03,0.01,0.00,0.00,0.00,inferred
Wirral,2021-04-04,0.26,0.10,0.03,0.01,0.00,0.00,0.00,inferred
Wirral,2021-04-05,0.26,0.10,0.03,0.01,0.00,0.00,0.00,inferred
Wirral,2021-04-06,0.54,0.31,0.14,0.06,0.02,0.00,0.00,inferred
Wirral,2021-04-07,0.54,0.31,0.14,0.06,0.02,0.00,0.00,inferred
Wirral,2021-04-08,0.54,0.31,0.14,0.06,0.02,0.00,0.00,inferred
Wirral,2021-04-09,0.54,0.31,0.14,0.06,0.02,0.00,0.00,inferred
Wirral,2021-04-10,0.54,0.31,0.14,0.06,0.02,0.00,0.00,inferred
Wirral,2021-04-11,0.54,0.31,0.14,0.06,0.02,0.00,0.00,inferred
Wirral,2021-04-12,0.54,0.31,0.14,0.06,0.02,0.00,0.00,inferred
Wirral,2021-04-13,0.72,0.51,0.30,0.15,0.06,0.00,0.00,inferred
Wirral,2021-04-14,0.72,0.51,0.30,0.15,0.06,0.00,0.00,inferred
Wirral,2021-04-15,0.72,0.51,0.30,0.15,0.06,0.00,0.00,inferred
Wirral,2021-04-16,0.72,0.51,0.30,0.15,0.06,0.00,0.00,inferred
Wirral,2021-04-17,0.72,0.51,0.30,0.15,0.06,0.00,0.00,inferred
Wirral,2021-04-18,0.72,0.51,0.30,0.15,0.06,0.00,0.00,inferred
Wirral,2021-04-19,0.72,0.51,0.30,0.15,0.06,0.00,0.00,inferred
Wirral,2021-04-20,0.62,0.39,0.21,0.10,0.04,0.00,0.00,inferred
Wirral,2021-04-21,0.62,0.39,0.21,0.10,0.04,0.00,0.00,inferred
Wirral,2021-04-22,0.62,0.39,0.21,0.10,0.04,0.00,0.00,inferred
Wirral,2021-04-23,0.62,0.39,0.21,0.10,0.04,0.00,0.00,inferred
Wirral,2021-04-24,0.62,0.39,0.21,0.10,0.04,0.00,0.00,inferred
Wirral,2021-04-25,0.62,0.39,0.21,0.10,0.04,0.00,0.00,inferred
Wirral,2021-04-26,0.62,0.39,0.21,0.10,0.04,0.00,0.00,inferred
Wirral,2021-04-27,0.92,0.80,0.62,0.44,0.27,0.03,0.00,inferred
Wirral,2021-04-28,0.92,0.80,0.62,0.44,0.27,0.03,0.00,inferred
Wirral,2021-04-29,0.92,0.80,0.62,0.44,0.27,0.03,0.00,inferred
Wirral,2021-04-30,0.92,0.80,0.62,0.44,0.27,0.03,0.00,inferred
Wirral,2021-05-01,0.92,0.80,0.62,0.44,0.27,0.03,0.00,inferred
Wirral,2021-05-02,0.92,0.80,0.62,0.44,0.27,0.03,0.00,inferred
Wirral,2021-05-03,0.92,0.80,0.62,0.44,0.27,0.03,0.00,inferred
Wirral,2021-05-04,0.58,0.34,0.20,0.09,0.04,0.00,0.00,inferred
Wirral,2021-05-05,0.58,0.34,0.20,0.09,0.04,0.00,0.00,inferred
Wirral,2021-05-06,0.58,0.34,0.20,0.09,0.04,0.00,0.00,inferred
Wirral,2021-05-07,0.58,0.34,0.20,0.09,0.04,0.00,0.00,inferred
Wirral,2021-05-08,0.58,0.34,0.20,0.09,0.04,0.00,0.00,inferred
Wirral,2021-05-09,0.58,0.34,0.20,0.09,0.04,0.00,0.00,inferred
Wirral,2021-05-10,0.58,0.34,0.20,0.09,0.04,0.00,0.00,inferred
Wirral,2021-05-11,0.94,0.84,0.70,0.54,0.37,0.06,0.00,inferred
Wirral,2021-05-12,0.94,0.84,0.70,0.54,0.37,0.06,0.00,inferred
Wirral,2021-05-13,0.94,0.84,0.70,0.54,0.37,0.06,0.00,inferred
Wirral,2021-05-14,0.94,0.84,0.70,0.54,0.37,0.06,0.00,inferred
Wirral,2021-05-15,0.94,0.84,0.70,0.54,0.37,0.06,0.00,inferred
Wirral,2021-05-16,0.94,0.84,0.70,0.54,0.37,0.06,0.00,inferred
Wirral,2021-05-17,0.94,0.84,0.70,0.54,0.37,0.06,0.00,inferred
Wirral,2021-05-18,1.00,1.00,1.00,1.00,1.00,1.00,0.88,inferred
Wirral,2021-05-19,1.00,1.00,1.00,1.00,1.00,1.00,0.88,inferred
Wirral,2021-05-20,1.00,1.00,1.00,1.00,1.00,1.00,0.88,inferred
Wirral,2021-05-21,1.00,1.00,1.00,1.00,1.00,1.00,0.88,inferred
Wirral,2021-05-22,1.00,1.00,1.00,1.00,1.00,1.00,0.88,inferred
Wirral,2021-05-23,1.00,1.00,1.00,1.00,1.00,1.00,0.88,inferred
Wirral,2021-05-24,1.00,1.00,1.00,1.00,1.00,1.00,0.88,inferred
Wirral,2021-05-25,1.00,1.00,1.00,1.00,1.00,0.99,0.82,inferred
Wirral,2021-05-26,1.00,1.00,1.00,1.00,1.00,0.99,0.82,inferred
Wirral,2021-05-27,1.00,1.00,1.00,1.00,1.00,0.99,0.82,inferred
Wirral,2021-05-28,1.00,1.00,1.00,1.00,1.00,0.99,0.82,inferred
Wirral,2021-05-29,1.00,1.00,1.00,1.00,1.00,0.99,0.82,inferred
Wirral,2021-05-30,1.00,1.00,1.00,1.00,1.00,0.99,0.82,inferred
Wirral,2021-05-31,1.00,1.00,1.00,1.00,1.00,0.99,0.82,inferred
Wirral,2021-06-01,1.00,1.00,1.00,1.00,1.00,0.91,0.34,inferred
Wirral,2021-06-02,1.00,1.00,1.00,1.00,1.00,0.91,0.34,inferred
Wirral,2021-06-03,1.00,1.00,1.00,1.00,1.00,0.91,0.34,inferred
Wirral,2021-06-04,1.00,1.00,1.00,1.00,1.00,0.91,0.34,inferred
Wirral,2021-06-05,1.00,1.00,1.00,1.00,1.00,0.91,0.34,inferred
Wirral,2021-06-06,1.00,1.00,1.00,1.00,1.00,0.91,0.34,inferred
Wirral,2021-06-07,1.00,1.00,1.00,1.00,1.00,0.91,0.34,inferred
Wirral,2021-06-08,1.00,1.00,1.00,1.00,1.00,0.86,0.17,inferred
Wirral,2021-06-09,1.00,1.00,1.00,1.00,1.00,0.86,0.17,inferred
Wirral,2021-06-10,1.00,1.00,1.00,1.00,1.00,0.86,0.17,inferred
Wirral,2021-06-11,1.00,1.00,1.00,1.00,1.00,0.86,0.17,inferred
Wirral,2021-06-12,1.00,1.00,1.00,1.00,1.00,0.86,0.17,inferred
Wirral,2021-06-13,1.00,1.00,1.00,1.00,1.00,0.86,0.17,inferred
Wirral,2021-06-14,1.00,1.00,1.00,1.00,1.00,0.86,0.17,inferred
Wirral,2021-06-15,1.00,1.00,1.00,1.00,1.00,0.91,0.10,inferred
Wirral,2021-06-16,1.00,1.00,1.00,1.00,1.00,0.91,0.10,inferred
Wirral,2021-06-17,1.00,1.00,1.00,1.00,1.00,0.91,0.10,inferred
Wirral,2021-06-18,1.00,1.00,1.00,1.00,1.00,0.91,0.10,inferred
Wirral,2021-06-19,1.00,1.00,1.00,1.00,1.00,0.91,0.10,inferred
Wirral,2021-06-20,1.00,1.00,1.00,1.00,1.00,0.91,0.10,inferred
Wirral,2021-06-21,1.00,1.00,1.00,1.00,1.00,0.91,0.10,inferred
Wirral,2021-06-22,1.00,1.00,1.00,1.00,1.00,0.92,0.26,inferred
Wirral,2021-06-23,1.00,1.00,1.00,1.00,1.00,0.92,0.26,inferred
Wirral,2021-06-24,1.00,1.00,1.00,1.00,1.00,0.92,0.26,inferred
Wirral,2021-06-25,1.00,1.00,1.00,1.00,1.00,0.92,0.26,inferred
Wirral,2021-06-26,1.00,1.00,1.00,1.00,1.00,0.92,0.26,inferred
Wirral,2021-06-27,1.00,1.00,1.00,1.00,1.00,0.92,0.26,inferred
Wirral,2021-06-28,1.00,1.00,1.00,1.00,1.00,0.92,0.26,inferred
Wirral,2021-06-29,0.92,0.75,0.52,0.29,0.14,0.00,0.00,inferred
Wirral,2021-06-30,0.92,0.75,0.52,0.29,0.14,0.00,0.00,inferred
Wirral,2021-07-01,0.92,0.75,0.52,0.29,0.14,0.00,0.00,inferred
Wirral,2021-07-02,0.92,0.75,0.52,0.29,0.14,0.00,0.00,inferred
Wirral,2021-07-03,0.92,0.75,0.52,0.29,0.14,0.00,0.00,inferred
Wirral,2021-07-04,0.92,0.75,0.52,0.29,0.14,0.00,0.00,inferred
Wirral,2021-07-05,0.92,0.75,0.52,0.29,0.14,0.00,0.00,inferred
Wirral,2021-07-06,0.78,0.66,0.49,0.36,0.27,0.08,0.01,projected
Wirral,2021-07-07,0.78,0.66,0.49,0.36,0.27,0.08,0.01,projected
Wirral,2021-07-08,0.78,0.66,0.49,0.36,0.27,0.08,0.01,projected
Wirral,2021-07-09,0.78,0.66,0.49,0.36,0.27,0.08,0.01,projected
Wirral,2021-07-10,0.78,0.66,0.49,0.36,0.27,0.08,0.01,projected
Wirral,2021-07-11,0.78,0.66,0.49,0.36,0.27,0.08,0.01,projected
Wirral,2021-07-12,0.78,0.66,0.49,0.36,0.27,0.08,0.01,projected
Wirral,2021-07-13,0.75,0.64,0.51,0.39,0.30,0.12,0.03,projected
Wirral,2021-07-14,0.75,0.64,0.51,0.39,0.30,0.12,0.03,projected
Wirral,2021-07-15,0.75,0.64,0.51,0.39,0.30,0.12,0.03,projected
Wirral,2021-07-16,0.75,0.64,0.51,0.39,0.30,0.12,0.03,projected
Wirral,2021-07-17,0.75,0.64,0.51,0.39,0.30,0.12,0.03,projected
Wirral,2021-07-18,0.75,0.64,0.51,0.39,0.30,0.12,0.03,projected
Wirral,2021-07-19,0.75,0.64,0.51,0.39,0.30,0.12,0.03,projected
Wirral,2021-07-20,0.72,0.61,0.52,0.42,0.34,0.16,0.05,projected
Wirral,2021-07-21,0.72,0.61,0.52,0.42,0.34,0.16,0.05,projected
Wirral,2021-07-22,0.72,0.61,0.52,0.42,0.34,0.16,0.05,projected
Wirral,2021-07-23,0.72,0.61,0.52,0.42,0.34,0.16,0.05,projected
Wirral,2021-07-24,0.72,0.61,0.52,0.42,0.34,0.16,0.05,projected
Wirral,2021-07-25,0.72,0.61,0.52,0.42,0.34,0.16,0.05,projected
Wirral,2021-07-26,0.72,0.61,0.52,0.42,0.34,0.16,0.05,projected
Woking,2021-03-23,0.27,0.08,0.02,0.00,0.00,0.00,0.00,inferred
Woking,2021-03-24,0.27,0.08,0.02,0.00,0.00,0.00,0.00,inferred
Woking,2021-03-25,0.27,0.08,0.02,0.00,0.00,0.00,0.00,inferred
Woking,2021-03-26,0.27,0.08,0.02,0.00,0.00,0.00,0.00,inferred
Woking,2021-03-27,0.27,0.08,0.02,0.00,0.00,0.00,0.00,inferred
Woking,2021-03-28,0.27,0.08,0.02,0.00,0.00,0.00,0.00,inferred
Woking,2021-03-29,0.27,0.08,0.02,0.00,0.00,0.00,0.00,inferred
Woking,2021-03-30,0.67,0.42,0.20,0.08,0.03,0.00,0.00,inferred
Woking,2021-03-31,0.67,0.42,0.20,0.08,0.03,0.00,0.00,inferred
Woking,2021-04-01,0.67,0.42,0.20,0.08,0.03,0.00,0.00,inferred
Woking,2021-04-02,0.67,0.42,0.20,0.08,0.03,0.00,0.00,inferred
Woking,2021-04-03,0.67,0.42,0.20,0.08,0.03,0.00,0.00,inferred
Woking,2021-04-04,0.67,0.42,0.20,0.08,0.03,0.00,0.00,inferred
Woking,2021-04-05,0.67,0.42,0.20,0.08,0.03,0.00,0.00,inferred
Woking,2021-04-06,0.59,0.35,0.17,0.07,0.02,0.00,0.00,inferred
Woking,2021-04-07,0.59,0.35,0.17,0.07,0.02,0.00,0.00,inferred
Woking,2021-04-08,0.59,0.35,0.17,0.07,0.02,0.00,0.00,inferred
Woking,2021-04-09,0.59,0.35,0.17,0.07,0.02,0.00,0.00,inferred
Woking,2021-04-10,0.59,0.35,0.17,0.07,0.02,0.00,0.00,inferred
Woking,2021-04-11,0.59,0.35,0.17,0.07,0.02,0.00,0.00,inferred
Woking,2021-04-12,0.59,0.35,0.17,0.07,0.02,0.00,0.00,inferred
Woking,2021-04-13,0.35,0.18,0.08,0.02,0.01,0.00,0.00,inferred
Woking,2021-04-14,0.35,0.18,0.08,0.02,0.01,0.00,0.00,inferred
Woking,2021-04-15,0.35,0.18,0.08,0.02,0.01,0.00,0.00,inferred
Woking,2021-04-16,0.35,0.18,0.08,0.02,0.01,0.00,0.00,inferred
Woking,2021-04-17,0.35,0.18,0.08,0.02,0.01,0.00,0.00,inferred
Woking,2021-04-18,0.35,0.18,0.08,0.02,0.01,0.00,0.00,inferred
Woking,2021-04-19,0.35,0.18,0.08,0.02,0.01,0.00,0.00,inferred
Woking,2021-04-20,0.16,0.07,0.02,0.01,0.00,0.00,0.00,inferred
Woking,2021-04-21,0.16,0.07,0.02,0.01,0.00,0.00,0.00,inferred
Woking,2021-04-22,0.16,0.07,0.02,0.01,0.00,0.00,0.00,inferred
Woking,2021-04-23,0.16,0.07,0.02,0.01,0.00,0.00,0.00,inferred
Woking,2021-04-24,0.16,0.07,0.02,0.01,0.00,0.00,0.00,inferred
Woking,2021-04-25,0.16,0.07,0.02,0.01,0.00,0.00,0.00,inferred
Woking,2021-04-26,0.16,0.07,0.02,0.01,0.00,0.00,0.00,inferred
Woking,2021-04-27,0.49,0.32,0.18,0.09,0.04,0.00,0.00,inferred
Woking,2021-04-28,0.49,0.32,0.18,0.09,0.04,0.00,0.00,inferred
Woking,2021-04-29,0.49,0.32,0.18,0.09,0.04,0.00,0.00,inferred
Woking,2021-04-30,0.49,0.32,0.18,0.09,0.04,0.00,0.00,inferred
Woking,2021-05-01,0.49,0.32,0.18,0.09,0.04,0.00,0.00,inferred
Woking,2021-05-02,0.49,0.32,0.18,0.09,0.04,0.00,0.00,inferred
Woking,2021-05-03,0.49,0.32,0.18,0.09,0.04,0.00,0.00,inferred
Woking,2021-05-04,0.82,0.68,0.52,0.35,0.22,0.04,0.00,inferred
Woking,2021-05-05,0.82,0.68,0.52,0.35,0.22,0.04,0.00,inferred
Woking,2021-05-06,0.82,0.68,0.52,0.35,0.22,0.04,0.00,inferred
Woking,2021-05-07,0.82,0.68,0.52,0.35,0.22,0.04,0.00,inferred
Woking,2021-05-08,0.82,0.68,0.52,0.35,0.22,0.04,0.00,inferred
Woking,2021-05-09,0.82,0.68,0.52,0.35,0.22,0.04,0.00,inferred
Woking,2021-05-10,0.82,0.68,0.52,0.35,0.22,0.04,0.00,inferred
Woking,2021-05-11,0.97,0.93,0.87,0.76,0.64,0.25,0.02,inferred
Woking,2021-05-12,0.97,0.93,0.87,0.76,0.64,0.25,0.02,inferred
Woking,2021-05-13,0.97,0.93,0.87,0.76,0.64,0.25,0.02,inferred
Woking,2021-05-14,0.97,0.93,0.87,0.76,0.64,0.25,0.02,inferred
Woking,2021-05-15,0.97,0.93,0.87,0.76,0.64,0.25,0.02,inferred
Woking,2021-05-16,0.97,0.93,0.87,0.76,0.64,0.25,0.02,inferred
Woking,2021-05-17,0.97,0.93,0.87,0.76,0.64,0.25,0.02,inferred
Woking,2021-05-18,1.00,1.00,1.00,1.00,0.99,0.90,0.47,inferred
Woking,2021-05-19,1.00,1.00,1.00,1.00,0.99,0.90,0.47,inferred
Woking,2021-05-20,1.00,1.00,1.00,1.00,0.99,0.90,0.47,inferred
Woking,2021-05-21,1.00,1.00,1.00,1.00,0.99,0.90,0.47,inferred
Woking,2021-05-22,1.00,1.00,1.00,1.00,0.99,0.90,0.47,inferred
Woking,2021-05-23,1.00,1.00,1.00,1.00,0.99,0.90,0.47,inferred
Woking,2021-05-24,1.00,1.00,1.00,1.00,0.99,0.90,0.47,inferred
Woking,2021-05-25,1.00,1.00,1.00,1.00,1.00,0.96,0.61,inferred
Woking,2021-05-26,1.00,1.00,1.00,1.00,1.00,0.96,0.61,inferred
Woking,2021-05-27,1.00,1.00,1.00,1.00,1.00,0.96,0.61,inferred
Woking,2021-05-28,1.00,1.00,1.00,1.00,1.00,0.96,0.61,inferred
Woking,2021-05-29,1.00,1.00,1.00,1.00,1.00,0.96,0.61,inferred
Woking,2021-05-30,1.00,1.00,1.00,1.00,1.00,0.96,0.61,inferred
Woking,2021-05-31,1.00,1.00,1.00,1.00,1.00,0.96,0.61,inferred
Woking,2021-06-01,1.00,0.97,0.88,0.72,0.52,0.10,0.00,inferred
Woking,2021-06-02,1.00,0.97,0.88,0.72,0.52,0.10,0.00,inferred
Woking,2021-06-03,1.00,0.97,0.88,0.72,0.52,0.10,0.00,inferred
Woking,2021-06-04,1.00,0.97,0.88,0.72,0.52,0.10,0.00,inferred
Woking,2021-06-05,1.00,0.97,0.88,0.72,0.52,0.10,0.00,inferred
Woking,2021-06-06,1.00,0.97,0.88,0.72,0.52,0.10,0.00,inferred
Woking,2021-06-07,1.00,0.97,0.88,0.72,0.52,0.10,0.00,inferred
Woking,2021-06-08,0.66,0.35,0.13,0.03,0.01,0.00,0.00,inferred
Woking,2021-06-09,0.66,0.35,0.13,0.03,0.01,0.00,0.00,inferred
Woking,2021-06-10,0.66,0.35,0.13,0.03,0.01,0.00,0.00,inferred
Woking,2021-06-11,0.66,0.35,0.13,0.03,0.01,0.00,0.00,inferred
Woking,2021-06-12,0.66,0.35,0.13,0.03,0.01,0.00,0.00,inferred
Woking,2021-06-13,0.66,0.35,0.13,0.03,0.01,0.00,0.00,inferred
Woking,2021-06-14,0.66,0.35,0.13,0.03,0.01,0.00,0.00,inferred
Woking,2021-06-15,1.00,1.00,0.99,0.98,0.92,0.32,0.00,inferred
Woking,2021-06-16,1.00,1.00,0.99,0.98,0.92,0.32,0.00,inferred
Woking,2021-06-17,1.00,1.00,0.99,0.98,0.92,0.32,0.00,inferred
Woking,2021-06-18,1.00,1.00,0.99,0.98,0.92,0.32,0.00,inferred
Woking,2021-06-19,1.00,1.00,0.99,0.98,0.92,0.32,0.00,inferred
Woking,2021-06-20,1.00,1.00,0.99,0.98,0.92,0.32,0.00,inferred
Woking,2021-06-21,1.00,1.00,0.99,0.98,0.92,0.32,0.00,inferred
Woking,2021-06-22,1.00,1.00,1.00,1.00,1.00,0.82,0.08,inferred
Woking,2021-06-23,1.00,1.00,1.00,1.00,1.00,0.82,0.08,inferred
Woking,2021-06-24,1.00,1.00,1.00,1.00,1.00,0.82,0.08,inferred
Woking,2021-06-25,1.00,1.00,1.00,1.00,1.00,0.82,0.08,inferred
Woking,2021-06-26,1.00,1.00,1.00,1.00,1.00,0.82,0.08,inferred
Woking,2021-06-27,1.00,1.00,1.00,1.00,1.00,0.82,0.08,inferred
Woking,2021-06-28,1.00,1.00,1.00,1.00,1.00,0.82,0.08,inferred
Woking,2021-06-29,1.00,1.00,0.99,0.97,0.91,0.58,0.08,inferred
Woking,2021-06-30,1.00,1.00,0.99,0.97,0.91,0.58,0.08,inferred
Woking,2021-07-01,1.00,1.00,0.99,0.97,0.91,0.58,0.08,inferred
Woking,2021-07-02,1.00,1.00,0.99,0.97,0.91,0.58,0.08,inferred
Woking,2021-07-03,1.00,1.00,0.99,0.97,0.91,0.58,0.08,inferred
Woking,2021-07-04,1.00,1.00,0.99,0.97,0.91,0.58,0.08,inferred
Woking,2021-07-05,1.00,1.00,0.99,0.97,0.91,0.58,0.08,inferred
Woking,2021-07-06,0.99,0.97,0.93,0.86,0.77,0.48,0.14,projected
Woking,2021-07-07,0.99,0.97,0.93,0.86,0.77,0.48,0.14,projected
Woking,2021-07-08,0.99,0.97,0.93,0.86,0.77,0.48,0.14,projected
Woking,2021-07-09,0.99,0.97,0.93,0.86,0.77,0.48,0.14,projected
Woking,2021-07-10,0.99,0.97,0.93,0.86,0.77,0.48,0.14,projected
Woking,2021-07-11,0.99,0.97,0.93,0.86,0.77,0.48,0.14,projected
Woking,2021-07-12,0.99,0.97,0.93,0.86,0.77,0.48,0.14,projected
Woking,2021-07-13,0.97,0.94,0.88,0.80,0.72,0.44,0.14,projected
Woking,2021-07-14,0.97,0.94,0.88,0.80,0.72,0.44,0.14,projected
Woking,2021-07-15,0.97,0.94,0.88,0.80,0.72,0.44,0.14,projected
Woking,2021-07-16,0.97,0.94,0.88,0.80,0.72,0.44,0.14,projected
Woking,2021-07-17,0.97,0.94,0.88,0.80,0.72,0.44,0.14,projected
Woking,2021-07-18,0.97,0.94,0.88,0.80,0.72,0.44,0.14,projected
Woking,2021-07-19,0.97,0.94,0.88,0.80,0.72,0.44,0.14,projected
Woking,2021-07-20,0.96,0.93,0.88,0.80,0.71,0.44,0.17,projected
Woking,2021-07-21,0.96,0.93,0.88,0.80,0.71,0.44,0.17,projected
Woking,2021-07-22,0.96,0.93,0.88,0.80,0.71,0.44,0.17,projected
Woking,2021-07-23,0.96,0.93,0.88,0.80,0.71,0.44,0.17,projected
Woking,2021-07-24,0.96,0.93,0.88,0.80,0.71,0.44,0.17,projected
Woking,2021-07-25,0.96,0.93,0.88,0.80,0.71,0.44,0.17,projected
Woking,2021-07-26,0.96,0.93,0.88,0.80,0.71,0.44,0.17,projected
Wokingham,2021-03-23,0.06,0.01,0.00,0.00,0.00,0.00,0.00,inferred
Wokingham,2021-03-24,0.06,0.01,0.00,0.00,0.00,0.00,0.00,inferred
Wokingham,2021-03-25,0.06,0.01,0.00,0.00,0.00,0.00,0.00,inferred
Wokingham,2021-03-26,0.06,0.01,0.00,0.00,0.00,0.00,0.00,inferred
Wokingham,2021-03-27,0.06,0.01,0.00,0.00,0.00,0.00,0.00,inferred
Wokingham,2021-03-28,0.06,0.01,0.00,0.00,0.00,0.00,0.00,inferred
Wokingham,2021-03-29,0.06,0.01,0.00,0.00,0.00,0.00,0.00,inferred
Wokingham,2021-03-30,0.70,0.45,0.22,0.08,0.03,0.00,0.00,inferred
Wokingham,2021-03-31,0.70,0.45,0.22,0.08,0.03,0.00,0.00,inferred
Wokingham,2021-04-01,0.70,0.45,0.22,0.08,0.03,0.00,0.00,inferred
Wokingham,2021-04-02,0.70,0.45,0.22,0.08,0.03,0.00,0.00,inferred
Wokingham,2021-04-03,0.70,0.45,0.22,0.08,0.03,0.00,0.00,inferred
Wokingham,2021-04-04,0.70,0.45,0.22,0.08,0.03,0.00,0.00,inferred
Wokingham,2021-04-05,0.70,0.45,0.22,0.08,0.03,0.00,0.00,inferred
Wokingham,2021-04-06,0.79,0.59,0.36,0.19,0.08,0.00,0.00,inferred
Wokingham,2021-04-07,0.79,0.59,0.36,0.19,0.08,0.00,0.00,inferred
Wokingham,2021-04-08,0.79,0.59,0.36,0.19,0.08,0.00,0.00,inferred
Wokingham,2021-04-09,0.79,0.59,0.36,0.19,0.08,0.00,0.00,inferred
Wokingham,2021-04-10,0.79,0.59,0.36,0.19,0.08,0.00,0.00,inferred
Wokingham,2021-04-11,0.79,0.59,0.36,0.19,0.08,0.00,0.00,inferred
Wokingham,2021-04-12,0.79,0.59,0.36,0.19,0.08,0.00,0.00,inferred
Wokingham,2021-04-13,0.89,0.74,0.53,0.33,0.15,0.01,0.00,inferred
Wokingham,2021-04-14,0.89,0.74,0.53,0.33,0.15,0.01,0.00,inferred
Wokingham,2021-04-15,0.89,0.74,0.53,0.33,0.15,0.01,0.00,inferred
Wokingham,2021-04-16,0.89,0.74,0.53,0.33,0.15,0.01,0.00,inferred
Wokingham,2021-04-17,0.89,0.74,0.53,0.33,0.15,0.01,0.00,inferred
Wokingham,2021-04-18,0.89,0.74,0.53,0.33,0.15,0.01,0.00,inferred
Wokingham,2021-04-19,0.89,0.74,0.53,0.33,0.15,0.01,0.00,inferred
Wokingham,2021-04-20,0.25,0.11,0.05,0.01,0.00,0.00,0.00,inferred
Wokingham,2021-04-21,0.25,0.11,0.05,0.01,0.00,0.00,0.00,inferred
Wokingham,2021-04-22,0.25,0.11,0.05,0.01,0.00,0.00,0.00,inferred
Wokingham,2021-04-23,0.25,0.11,0.05,0.01,0.00,0.00,0.00,inferred
Wokingham,2021-04-24,0.25,0.11,0.05,0.01,0.00,0.00,0.00,inferred
Wokingham,2021-04-25,0.25,0.11,0.05,0.01,0.00,0.00,0.00,inferred
Wokingham,2021-04-26,0.25,0.11,0.05,0.01,0.00,0.00,0.00,inferred
Wokingham,2021-04-27,0.80,0.62,0.43,0.26,0.13,0.01,0.00,inferred
Wokingham,2021-04-28,0.80,0.62,0.43,0.26,0.13,0.01,0.00,inferred
Wokingham,2021-04-29,0.80,0.62,0.43,0.26,0.13,0.01,0.00,inferred
Wokingham,2021-04-30,0.80,0.62,0.43,0.26,0.13,0.01,0.00,inferred
Wokingham,2021-05-01,0.80,0.62,0.43,0.26,0.13,0.01,0.00,inferred
Wokingham,2021-05-02,0.80,0.62,0.43,0.26,0.13,0.01,0.00,inferred
Wokingham,2021-05-03,0.80,0.62,0.43,0.26,0.13,0.01,0.00,inferred
Wokingham,2021-05-04,0.96,0.88,0.76,0.59,0.41,0.07,0.00,inferred
Wokingham,2021-05-05,0.96,0.88,0.76,0.59,0.41,0.07,0.00,inferred
Wokingham,2021-05-06,0.96,0.88,0.76,0.59,0.41,0.07,0.00,inferred
Wokingham,2021-05-07,0.96,0.88,0.76,0.59,0.41,0.07,0.00,inferred
Wokingham,2021-05-08,0.96,0.88,0.76,0.59,0.41,0.07,0.00,inferred
Wokingham,2021-05-09,0.96,0.88,0.76,0.59,0.41,0.07,0.00,inferred
Wokingham,2021-05-10,0.96,0.88,0.76,0.59,0.41,0.07,0.00,inferred
Wokingham,2021-05-11,1.00,1.00,1.00,1.00,0.99,0.87,0.25,inferred
Wokingham,2021-05-12,1.00,1.00,1.00,1.00,0.99,0.87,0.25,inferred
Wokingham,2021-05-13,1.00,1.00,1.00,1.00,0.99,0.87,0.25,inferred
Wokingham,2021-05-14,1.00,1.00,1.00,1.00,0.99,0.87,0.25,inferred
Wokingham,2021-05-15,1.00,1.00,1.00,1.00,0.99,0.87,0.25,inferred
Wokingham,2021-05-16,1.00,1.00,1.00,1.00,0.99,0.87,0.25,inferred
Wokingham,2021-05-17,1.00,1.00,1.00,1.00,0.99,0.87,0.25,inferred
Wokingham,2021-05-18,1.00,1.00,1.00,1.00,1.00,0.98,0.67,inferred
Wokingham,2021-05-19,1.00,1.00,1.00,1.00,1.00,0.98,0.67,inferred
Wokingham,2021-05-20,1.00,1.00,1.00,1.00,1.00,0.98,0.67,inferred
Wokingham,2021-05-21,1.00,1.00,1.00,1.00,1.00,0.98,0.67,inferred
Wokingham,2021-05-22,1.00,1.00,1.00,1.00,1.00,0.98,0.67,inferred
Wokingham,2021-05-23,1.00,1.00,1.00,1.00,1.00,0.98,0.67,inferred
Wokingham,2021-05-24,1.00,1.00,1.00,1.00,1.00,0.98,0.67,inferred
Wokingham,2021-05-25,1.00,1.00,1.00,0.98,0.91,0.47,0.02,inferred
Wokingham,2021-05-26,1.00,1.00,1.00,0.98,0.91,0.47,0.02,inferred
Wokingham,2021-05-27,1.00,1.00,1.00,0.98,0.91,0.47,0.02,inferred
Wokingham,2021-05-28,1.00,1.00,1.00,0.98,0.91,0.47,0.02,inferred
Wokingham,2021-05-29,1.00,1.00,1.00,0.98,0.91,0.47,0.02,inferred
Wokingham,2021-05-30,1.00,1.00,1.00,0.98,0.91,0.47,0.02,inferred
Wokingham,2021-05-31,1.00,1.00,1.00,0.98,0.91,0.47,0.02,inferred
Wokingham,2021-06-01,0.85,0.51,0.20,0.05,0.01,0.00,0.00,inferred
Wokingham,2021-06-02,0.85,0.51,0.20,0.05,0.01,0.00,0.00,inferred
Wokingham,2021-06-03,0.85,0.51,0.20,0.05,0.01,0.00,0.00,inferred
Wokingham,2021-06-04,0.85,0.51,0.20,0.05,0.01,0.00,0.00,inferred
Wokingham,2021-06-05,0.85,0.51,0.20,0.05,0.01,0.00,0.00,inferred
Wokingham,2021-06-06,0.85,0.51,0.20,0.05,0.01,0.00,0.00,inferred
Wokingham,2021-06-07,0.85,0.51,0.20,0.05,0.01,0.00,0.00,inferred
Wokingham,2021-06-08,0.95,0.78,0.44,0.14,0.02,0.00,0.00,inferred
Wokingham,2021-06-09,0.95,0.78,0.44,0.14,0.02,0.00,0.00,inferred
Wokingham,2021-06-10,0.95,0.78,0.44,0.14,0.02,0.00,0.00,inferred
Wokingham,2021-06-11,0.95,0.78,0.44,0.14,0.02,0.00,0.00,inferred
Wokingham,2021-06-12,0.95,0.78,0.44,0.14,0.02,0.00,0.00,inferred
Wokingham,2021-06-13,0.95,0.78,0.44,0.14,0.02,0.00,0.00,inferred
Wokingham,2021-06-14,0.95,0.78,0.44,0.14,0.02,0.00,0.00,inferred
Wokingham,2021-06-15,1.00,1.00,1.00,1.00,0.98,0.42,0.00,inferred
Wokingham,2021-06-16,1.00,1.00,1.00,1.00,0.98,0.42,0.00,inferred
Wokingham,2021-06-17,1.00,1.00,1.00,1.00,0.98,0.42,0.00,inferred
Wokingham,2021-06-18,1.00,1.00,1.00,1.00,0.98,0.42,0.00,inferred
Wokingham,2021-06-19,1.00,1.00,1.00,1.00,0.98,0.42,0.00,inferred
Wokingham,2021-06-20,1.00,1.00,1.00,1.00,0.98,0.42,0.00,inferred
Wokingham,2021-06-21,1.00,1.00,1.00,1.00,0.98,0.42,0.00,inferred
Wokingham,2021-06-22,1.00,0.99,0.91,0.69,0.40,0.02,0.00,inferred
Wokingham,2021-06-23,1.00,0.99,0.91,0.69,0.40,0.02,0.00,inferred
Wokingham,2021-06-24,1.00,0.99,0.91,0.69,0.40,0.02,0.00,inferred
Wokingham,2021-06-25,1.00,0.99,0.91,0.69,0.40,0.02,0.00,inferred
Wokingham,2021-06-26,1.00,0.99,0.91,0.69,0.40,0.02,0.00,inferred
Wokingham,2021-06-27,1.00,0.99,0.91,0.69,0.40,0.02,0.00,inferred
Wokingham,2021-06-28,1.00,0.99,0.91,0.69,0.40,0.02,0.00,inferred
Wokingham,2021-06-29,0.96,0.86,0.68,0.47,0.29,0.03,0.00,inferred
Wokingham,2021-06-30,0.96,0.86,0.68,0.47,0.29,0.03,0.00,inferred
Wokingham,2021-07-01,0.96,0.86,0.68,0.47,0.29,0.03,0.00,inferred
Wokingham,2021-07-02,0.96,0.86,0.68,0.47,0.29,0.03,0.00,inferred
Wokingham,2021-07-03,0.96,0.86,0.68,0.47,0.29,0.03,0.00,inferred
Wokingham,2021-07-04,0.96,0.86,0.68,0.47,0.29,0.03,0.00,inferred
Wokingham,2021-07-05,0.96,0.86,0.68,0.47,0.29,0.03,0.00,inferred
Wokingham,2021-07-06,0.92,0.82,0.68,0.54,0.42,0.13,0.02,projected
Wokingham,2021-07-07,0.92,0.82,0.68,0.54,0.42,0.13,0.02,projected
Wokingham,2021-07-08,0.92,0.82,0.68,0.54,0.42,0.13,0.02,projected
Wokingham,2021-07-09,0.92,0.82,0.68,0.54,0.42,0.13,0.02,projected
Wokingham,2021-07-10,0.92,0.82,0.68,0.54,0.42,0.13,0.02,projected
Wokingham,2021-07-11,0.92,0.82,0.68,0.54,0.42,0.13,0.02,projected
Wokingham,2021-07-12,0.92,0.82,0.68,0.54,0.42,0.13,0.02,projected
Wokingham,2021-07-13,0.92,0.84,0.74,0.61,0.48,0.22,0.04,projected
Wokingham,2021-07-14,0.92,0.84,0.74,0.61,0.48,0.22,0.04,projected
Wokingham,2021-07-15,0.92,0.84,0.74,0.61,0.48,0.22,0.04,projected
Wokingham,2021-07-16,0.92,0.84,0.74,0.61,0.48,0.22,0.04,projected
Wokingham,2021-07-17,0.92,0.84,0.74,0.61,0.48,0.22,0.04,projected
Wokingham,2021-07-18,0.92,0.84,0.74,0.61,0.48,0.22,0.04,projected
Wokingham,2021-07-19,0.92,0.84,0.74,0.61,0.48,0.22,0.04,projected
Wokingham,2021-07-20,0.93,0.88,0.79,0.70,0.60,0.30,0.07,projected
Wokingham,2021-07-21,0.93,0.88,0.79,0.70,0.60,0.30,0.07,projected
Wokingham,2021-07-22,0.93,0.88,0.79,0.70,0.60,0.30,0.07,projected
Wokingham,2021-07-23,0.93,0.88,0.79,0.70,0.60,0.30,0.07,projected
Wokingham,2021-07-24,0.93,0.88,0.79,0.70,0.60,0.30,0.07,projected
Wokingham,2021-07-25,0.93,0.88,0.79,0.70,0.60,0.30,0.07,projected
Wokingham,2021-07-26,0.93,0.88,0.79,0.70,0.60,0.30,0.07,projected
Wolverhampton,2021-03-23,0.30,0.06,0.00,0.00,0.00,0.00,0.00,inferred
Wolverhampton,2021-03-24,0.30,0.06,0.00,0.00,0.00,0.00,0.00,inferred
Wolverhampton,2021-03-25,0.30,0.06,0.00,0.00,0.00,0.00,0.00,inferred
Wolverhampton,2021-03-26,0.30,0.06,0.00,0.00,0.00,0.00,0.00,inferred
Wolverhampton,2021-03-27,0.30,0.06,0.00,0.00,0.00,0.00,0.00,inferred
Wolverhampton,2021-03-28,0.30,0.06,0.00,0.00,0.00,0.00,0.00,inferred
Wolverhampton,2021-03-29,0.30,0.06,0.00,0.00,0.00,0.00,0.00,inferred
Wolverhampton,2021-03-30,0.08,0.01,0.00,0.00,0.00,0.00,0.00,inferred
Wolverhampton,2021-03-31,0.08,0.01,0.00,0.00,0.00,0.00,0.00,inferred
Wolverhampton,2021-04-01,0.08,0.01,0.00,0.00,0.00,0.00,0.00,inferred
Wolverhampton,2021-04-02,0.08,0.01,0.00,0.00,0.00,0.00,0.00,inferred
Wolverhampton,2021-04-03,0.08,0.01,0.00,0.00,0.00,0.00,0.00,inferred
Wolverhampton,2021-04-04,0.08,0.01,0.00,0.00,0.00,0.00,0.00,inferred
Wolverhampton,2021-04-05,0.08,0.01,0.00,0.00,0.00,0.00,0.00,inferred
Wolverhampton,2021-04-06,0.30,0.09,0.02,0.00,0.00,0.00,0.00,inferred
Wolverhampton,2021-04-07,0.30,0.09,0.02,0.00,0.00,0.00,0.00,inferred
Wolverhampton,2021-04-08,0.30,0.09,0.02,0.00,0.00,0.00,0.00,inferred
Wolverhampton,2021-04-09,0.30,0.09,0.02,0.00,0.00,0.00,0.00,inferred
Wolverhampton,2021-04-10,0.30,0.09,0.02,0.00,0.00,0.00,0.00,inferred
Wolverhampton,2021-04-11,0.30,0.09,0.02,0.00,0.00,0.00,0.00,inferred
Wolverhampton,2021-04-12,0.30,0.09,0.02,0.00,0.00,0.00,0.00,inferred
Wolverhampton,2021-04-13,0.57,0.27,0.09,0.02,0.00,0.00,0.00,inferred
Wolverhampton,2021-04-14,0.57,0.27,0.09,0.02,0.00,0.00,0.00,inferred
Wolverhampton,2021-04-15,0.57,0.27,0.09,0.02,0.00,0.00,0.00,inferred
Wolverhampton,2021-04-16,0.57,0.27,0.09,0.02,0.00,0.00,0.00,inferred
Wolverhampton,2021-04-17,0.57,0.27,0.09,0.02,0.00,0.00,0.00,inferred
Wolverhampton,2021-04-18,0.57,0.27,0.09,0.02,0.00,0.00,0.00,inferred
Wolverhampton,2021-04-19,0.57,0.27,0.09,0.02,0.00,0.00,0.00,inferred
Wolverhampton,2021-04-20,0.42,0.19,0.06,0.01,0.00,0.00,0.00,inferred
Wolverhampton,2021-04-21,0.42,0.19,0.06,0.01,0.00,0.00,0.00,inferred
Wolverhampton,2021-04-22,0.42,0.19,0.06,0.01,0.00,0.00,0.00,inferred
Wolverhampton,2021-04-23,0.42,0.19,0.06,0.01,0.00,0.00,0.00,inferred
Wolverhampton,2021-04-24,0.42,0.19,0.06,0.01,0.00,0.00,0.00,inferred
Wolverhampton,2021-04-25,0.42,0.19,0.06,0.01,0.00,0.00,0.00,inferred
Wolverhampton,2021-04-26,0.42,0.19,0.06,0.01,0.00,0.00,0.00,inferred
Wolverhampton,2021-04-27,0.74,0.48,0.25,0.10,0.03,0.00,0.00,inferred
Wolverhampton,2021-04-28,0.74,0.48,0.25,0.10,0.03,0.00,0.00,inferred
Wolverhampton,2021-04-29,0.74,0.48,0.25,0.10,0.03,0.00,0.00,inferred
Wolverhampton,2021-04-30,0.74,0.48,0.25,0.10,0.03,0.00,0.00,inferred
Wolverhampton,2021-05-01,0.74,0.48,0.25,0.10,0.03,0.00,0.00,inferred
Wolverhampton,2021-05-02,0.74,0.48,0.25,0.10,0.03,0.00,0.00,inferred
Wolverhampton,2021-05-03,0.74,0.48,0.25,0.10,0.03,0.00,0.00,inferred
Wolverhampton,2021-05-04,0.38,0.17,0.05,0.01,0.00,0.00,0.00,inferred
Wolverhampton,2021-05-05,0.38,0.17,0.05,0.01,0.00,0.00,0.00,inferred
Wolverhampton,2021-05-06,0.38,0.17,0.05,0.01,0.00,0.00,0.00,inferred
Wolverhampton,2021-05-07,0.38,0.17,0.05,0.01,0.00,0.00,0.00,inferred
Wolverhampton,2021-05-08,0.38,0.17,0.05,0.01,0.00,0.00,0.00,inferred
Wolverhampton,2021-05-09,0.38,0.17,0.05,0.01,0.00,0.00,0.00,inferred
Wolverhampton,2021-05-10,0.38,0.17,0.05,0.01,0.00,0.00,0.00,inferred
Wolverhampton,2021-05-11,0.80,0.57,0.34,0.16,0.06,0.00,0.00,inferred
Wolverhampton,2021-05-12,0.80,0.57,0.34,0.16,0.06,0.00,0.00,inferred
Wolverhampton,2021-05-13,0.80,0.57,0.34,0.16,0.06,0.00,0.00,inferred
Wolverhampton,2021-05-14,0.80,0.57,0.34,0.16,0.06,0.00,0.00,inferred
Wolverhampton,2021-05-15,0.80,0.57,0.34,0.16,0.06,0.00,0.00,inferred
Wolverhampton,2021-05-16,0.80,0.57,0.34,0.16,0.06,0.00,0.00,inferred
Wolverhampton,2021-05-17,0.80,0.57,0.34,0.16,0.06,0.00,0.00,inferred
Wolverhampton,2021-05-18,0.99,0.96,0.87,0.75,0.57,0.13,0.00,inferred
Wolverhampton,2021-05-19,0.99,0.96,0.87,0.75,0.57,0.13,0.00,inferred
Wolverhampton,2021-05-20,0.99,0.96,0.87,0.75,0.57,0.13,0.00,inferred
Wolverhampton,2021-05-21,0.99,0.96,0.87,0.75,0.57,0.13,0.00,inferred
Wolverhampton,2021-05-22,0.99,0.96,0.87,0.75,0.57,0.13,0.00,inferred
Wolverhampton,2021-05-23,0.99,0.96,0.87,0.75,0.57,0.13,0.00,inferred
Wolverhampton,2021-05-24,0.99,0.96,0.87,0.75,0.57,0.13,0.00,inferred
Wolverhampton,2021-05-25,1.00,1.00,1.00,1.00,1.00,0.96,0.48,inferred
Wolverhampton,2021-05-26,1.00,1.00,1.00,1.00,1.00,0.96,0.48,inferred
Wolverhampton,2021-05-27,1.00,1.00,1.00,1.00,1.00,0.96,0.48,inferred
Wolverhampton,2021-05-28,1.00,1.00,1.00,1.00,1.00,0.96,0.48,inferred
Wolverhampton,2021-05-29,1.00,1.00,1.00,1.00,1.00,0.96,0.48,inferred
Wolverhampton,2021-05-30,1.00,1.00,1.00,1.00,1.00,0.96,0.48,inferred
Wolverhampton,2021-05-31,1.00,1.00,1.00,1.00,1.00,0.96,0.48,inferred
Wolverhampton,2021-06-01,1.00,1.00,1.00,0.96,0.86,0.36,0.01,inferred
Wolverhampton,2021-06-02,1.00,1.00,1.00,0.96,0.86,0.36,0.01,inferred
Wolverhampton,2021-06-03,1.00,1.00,1.00,0.96,0.86,0.36,0.01,inferred
Wolverhampton,2021-06-04,1.00,1.00,1.00,0.96,0.86,0.36,0.01,inferred
Wolverhampton,2021-06-05,1.00,1.00,1.00,0.96,0.86,0.36,0.01,inferred
Wolverhampton,2021-06-06,1.00,1.00,1.00,0.96,0.86,0.36,0.01,inferred
Wolverhampton,2021-06-07,1.00,1.00,1.00,0.96,0.86,0.36,0.01,inferred
Wolverhampton,2021-06-08,1.00,1.00,1.00,0.97,0.88,0.29,0.00,inferred
Wolverhampton,2021-06-09,1.00,1.00,1.00,0.97,0.88,0.29,0.00,inferred
Wolverhampton,2021-06-10,1.00,1.00,1.00,0.97,0.88,0.29,0.00,inferred
Wolverhampton,2021-06-11,1.00,1.00,1.00,0.97,0.88,0.29,0.00,inferred
Wolverhampton,2021-06-12,1.00,1.00,1.00,0.97,0.88,0.29,0.00,inferred
Wolverhampton,2021-06-13,1.00,1.00,1.00,0.97,0.88,0.29,0.00,inferred
Wolverhampton,2021-06-14,1.00,1.00,1.00,0.97,0.88,0.29,0.00,inferred
Wolverhampton,2021-06-15,1.00,1.00,1.00,1.00,1.00,1.00,0.67,inferred
Wolverhampton,2021-06-16,1.00,1.00,1.00,1.00,1.00,1.00,0.67,inferred
Wolverhampton,2021-06-17,1.00,1.00,1.00,1.00,1.00,1.00,0.67,inferred
Wolverhampton,2021-06-18,1.00,1.00,1.00,1.00,1.00,1.00,0.67,inferred
Wolverhampton,2021-06-19,1.00,1.00,1.00,1.00,1.00,1.00,0.67,inferred
Wolverhampton,2021-06-20,1.00,1.00,1.00,1.00,1.00,1.00,0.67,inferred
Wolverhampton,2021-06-21,1.00,1.00,1.00,1.00,1.00,1.00,0.67,inferred
Wolverhampton,2021-06-22,1.00,1.00,1.00,1.00,1.00,0.93,0.35,inferred
Wolverhampton,2021-06-23,1.00,1.00,1.00,1.00,1.00,0.93,0.35,inferred
Wolverhampton,2021-06-24,1.00,1.00,1.00,1.00,1.00,0.93,0.35,inferred
Wolverhampton,2021-06-25,1.00,1.00,1.00,1.00,1.00,0.93,0.35,inferred
Wolverhampton,2021-06-26,1.00,1.00,1.00,1.00,1.00,0.93,0.35,inferred
Wolverhampton,2021-06-27,1.00,1.00,1.00,1.00,1.00,0.93,0.35,inferred
Wolverhampton,2021-06-28,1.00,1.00,1.00,1.00,1.00,0.93,0.35,inferred
Wolverhampton,2021-06-29,1.00,1.00,0.97,0.89,0.76,0.28,0.01,inferred
Wolverhampton,2021-06-30,1.00,1.00,0.97,0.89,0.76,0.28,0.01,inferred
Wolverhampton,2021-07-01,1.00,1.00,0.97,0.89,0.76,0.28,0.01,inferred
Wolverhampton,2021-07-02,1.00,1.00,0.97,0.89,0.76,0.28,0.01,inferred
Wolverhampton,2021-07-03,1.00,1.00,0.97,0.89,0.76,0.28,0.01,inferred
Wolverhampton,2021-07-04,1.00,1.00,0.97,0.89,0.76,0.28,0.01,inferred
Wolverhampton,2021-07-05,1.00,1.00,0.97,0.89,0.76,0.28,0.01,inferred
Wolverhampton,2021-07-06,0.97,0.92,0.86,0.77,0.64,0.33,0.07,projected
Wolverhampton,2021-07-07,0.97,0.92,0.86,0.77,0.64,0.33,0.07,projected
Wolverhampton,2021-07-08,0.97,0.92,0.86,0.77,0.64,0.33,0.07,projected
Wolverhampton,2021-07-09,0.97,0.92,0.86,0.77,0.64,0.33,0.07,projected
Wolverhampton,2021-07-10,0.97,0.92,0.86,0.77,0.64,0.33,0.07,projected
Wolverhampton,2021-07-11,0.97,0.92,0.86,0.77,0.64,0.33,0.07,projected
Wolverhampton,2021-07-12,0.97,0.92,0.86,0.77,0.64,0.33,0.07,projected
Wolverhampton,2021-07-13,0.95,0.88,0.81,0.72,0.62,0.34,0.12,projected
Wolverhampton,2021-07-14,0.95,0.88,0.81,0.72,0.62,0.34,0.12,projected
Wolverhampton,2021-07-15,0.95,0.88,0.81,0.72,0.62,0.34,0.12,projected
Wolverhampton,2021-07-16,0.95,0.88,0.81,0.72,0.62,0.34,0.12,projected
Wolverhampton,2021-07-17,0.95,0.88,0.81,0.72,0.62,0.34,0.12,projected
Wolverhampton,2021-07-18,0.95,0.88,0.81,0.72,0.62,0.34,0.12,projected
Wolverhampton,2021-07-19,0.95,0.88,0.81,0.72,0.62,0.34,0.12,projected
Wolverhampton,2021-07-20,0.93,0.87,0.80,0.71,0.61,0.37,0.14,projected
Wolverhampton,2021-07-21,0.93,0.87,0.80,0.71,0.61,0.37,0.14,projected
Wolverhampton,2021-07-22,0.93,0.87,0.80,0.71,0.61,0.37,0.14,projected
Wolverhampton,2021-07-23,0.93,0.87,0.80,0.71,0.61,0.37,0.14,projected
Wolverhampton,2021-07-24,0.93,0.87,0.80,0.71,0.61,0.37,0.14,projected
Wolverhampton,2021-07-25,0.93,0.87,0.80,0.71,0.61,0.37,0.14,projected
Wolverhampton,2021-07-26,0.93,0.87,0.80,0.71,0.61,0.37,0.14,projected
Worcester,2021-03-23,0.07,0.01,0.00,0.00,0.00,0.00,0.00,inferred
Worcester,2021-03-24,0.07,0.01,0.00,0.00,0.00,0.00,0.00,inferred
Worcester,2021-03-25,0.07,0.01,0.00,0.00,0.00,0.00,0.00,inferred
Worcester,2021-03-26,0.07,0.01,0.00,0.00,0.00,0.00,0.00,inferred
Worcester,2021-03-27,0.07,0.01,0.00,0.00,0.00,0.00,0.00,inferred
Worcester,2021-03-28,0.07,0.01,0.00,0.00,0.00,0.00,0.00,inferred
Worcester,2021-03-29,0.07,0.01,0.00,0.00,0.00,0.00,0.00,inferred
Worcester,2021-03-30,0.23,0.10,0.04,0.01,0.00,0.00,0.00,inferred
Worcester,2021-03-31,0.23,0.10,0.04,0.01,0.00,0.00,0.00,inferred
Worcester,2021-04-01,0.23,0.10,0.04,0.01,0.00,0.00,0.00,inferred
Worcester,2021-04-02,0.23,0.10,0.04,0.01,0.00,0.00,0.00,inferred
Worcester,2021-04-03,0.23,0.10,0.04,0.01,0.00,0.00,0.00,inferred
Worcester,2021-04-04,0.23,0.10,0.04,0.01,0.00,0.00,0.00,inferred
Worcester,2021-04-05,0.23,0.10,0.04,0.01,0.00,0.00,0.00,inferred
Worcester,2021-04-06,0.76,0.56,0.35,0.20,0.10,0.01,0.00,inferred
Worcester,2021-04-07,0.76,0.56,0.35,0.20,0.10,0.01,0.00,inferred
Worcester,2021-04-08,0.76,0.56,0.35,0.20,0.10,0.01,0.00,inferred
Worcester,2021-04-09,0.76,0.56,0.35,0.20,0.10,0.01,0.00,inferred
Worcester,2021-04-10,0.76,0.56,0.35,0.20,0.10,0.01,0.00,inferred
Worcester,2021-04-11,0.76,0.56,0.35,0.20,0.10,0.01,0.00,inferred
Worcester,2021-04-12,0.76,0.56,0.35,0.20,0.10,0.01,0.00,inferred
Worcester,2021-04-13,0.64,0.45,0.28,0.13,0.07,0.01,0.00,inferred
Worcester,2021-04-14,0.64,0.45,0.28,0.13,0.07,0.01,0.00,inferred
Worcester,2021-04-15,0.64,0.45,0.28,0.13,0.07,0.01,0.00,inferred
Worcester,2021-04-16,0.64,0.45,0.28,0.13,0.07,0.01,0.00,inferred
Worcester,2021-04-17,0.64,0.45,0.28,0.13,0.07,0.01,0.00,inferred
Worcester,2021-04-18,0.64,0.45,0.28,0.13,0.07,0.01,0.00,inferred
Worcester,2021-04-19,0.64,0.45,0.28,0.13,0.07,0.01,0.00,inferred
Worcester,2021-04-20,0.81,0.66,0.46,0.29,0.17,0.02,0.00,inferred
Worcester,2021-04-21,0.81,0.66,0.46,0.29,0.17,0.02,0.00,inferred
Worcester,2021-04-22,0.81,0.66,0.46,0.29,0.17,0.02,0.00,inferred
Worcester,2021-04-23,0.81,0.66,0.46,0.29,0.17,0.02,0.00,inferred
Worcester,2021-04-24,0.81,0.66,0.46,0.29,0.17,0.02,0.00,inferred
Worcester,2021-04-25,0.81,0.66,0.46,0.29,0.17,0.02,0.00,inferred
Worcester,2021-04-26,0.81,0.66,0.46,0.29,0.17,0.02,0.00,inferred
Worcester,2021-04-27,0.91,0.80,0.66,0.51,0.34,0.08,0.00,inferred
Worcester,2021-04-28,0.91,0.80,0.66,0.51,0.34,0.08,0.00,inferred
Worcester,2021-04-29,0.91,0.80,0.66,0.51,0.34,0.08,0.00,inferred
Worcester,2021-04-30,0.91,0.80,0.66,0.51,0.34,0.08,0.00,inferred
Worcester,2021-05-01,0.91,0.80,0.66,0.51,0.34,0.08,0.00,inferred
Worcester,2021-05-02,0.91,0.80,0.66,0.51,0.34,0.08,0.00,inferred
Worcester,2021-05-03,0.91,0.80,0.66,0.51,0.34,0.08,0.00,inferred
Worcester,2021-05-04,1.00,1.00,0.99,0.97,0.92,0.61,0.09,inferred
Worcester,2021-05-05,1.00,1.00,0.99,0.97,0.92,0.61,0.09,inferred
Worcester,2021-05-06,1.00,1.00,0.99,0.97,0.92,0.61,0.09,inferred
Worcester,2021-05-07,1.00,1.00,0.99,0.97,0.92,0.61,0.09,inferred
Worcester,2021-05-08,1.00,1.00,0.99,0.97,0.92,0.61,0.09,inferred
Worcester,2021-05-09,1.00,1.00,0.99,0.97,0.92,0.61,0.09,inferred
Worcester,2021-05-10,1.00,1.00,0.99,0.97,0.92,0.61,0.09,inferred
Worcester,2021-05-11,1.00,0.99,0.96,0.89,0.76,0.30,0.01,inferred
Worcester,2021-05-12,1.00,0.99,0.96,0.89,0.76,0.30,0.01,inferred
Worcester,2021-05-13,1.00,0.99,0.96,0.89,0.76,0.30,0.01,inferred
Worcester,2021-05-14,1.00,0.99,0.96,0.89,0.76,0.30,0.01,inferred
Worcester,2021-05-15,1.00,0.99,0.96,0.89,0.76,0.30,0.01,inferred
Worcester,2021-05-16,1.00,0.99,0.96,0.89,0.76,0.30,0.01,inferred
Worcester,2021-05-17,1.00,0.99,0.96,0.89,0.76,0.30,0.01,inferred
Worcester,2021-05-18,0.67,0.44,0.24,0.10,0.04,0.00,0.00,inferred
Worcester,2021-05-19,0.67,0.44,0.24,0.10,0.04,0.00,0.00,inferred
Worcester,2021-05-20,0.67,0.44,0.24,0.10,0.04,0.00,0.00,inferred
Worcester,2021-05-21,0.67,0.44,0.24,0.10,0.04,0.00,0.00,inferred
Worcester,2021-05-22,0.67,0.44,0.24,0.10,0.04,0.00,0.00,inferred
Worcester,2021-05-23,0.67,0.44,0.24,0.10,0.04,0.00,0.00,inferred
Worcester,2021-05-24,0.67,0.44,0.24,0.10,0.04,0.00,0.00,inferred
Worcester,2021-05-25,0.26,0.11,0.03,0.01,0.00,0.00,0.00,inferred
Worcester,2021-05-26,0.26,0.11,0.03,0.01,0.00,0.00,0.00,inferred
Worcester,2021-05-27,0.26,0.11,0.03,0.01,0.00,0.00,0.00,inferred
Worcester,2021-05-28,0.26,0.11,0.03,0.01,0.00,0.00,0.00,inferred
Worcester,2021-05-29,0.26,0.11,0.03,0.01,0.00,0.00,0.00,inferred
Worcester,2021-05-30,0.26,0.11,0.03,0.01,0.00,0.00,0.00,inferred
Worcester,2021-05-31,0.26,0.11,0.03,0.01,0.00,0.00,0.00,inferred
Worcester,2021-06-01,0.88,0.74,0.54,0.37,0.21,0.02,0.00,inferred
Worcester,2021-06-02,0.88,0.74,0.54,0.37,0.21,0.02,0.00,inferred
Worcester,2021-06-03,0.88,0.74,0.54,0.37,0.21,0.02,0.00,inferred
Worcester,2021-06-04,0.88,0.74,0.54,0.37,0.21,0.02,0.00,inferred
Worcester,2021-06-05,0.88,0.74,0.54,0.37,0.21,0.02,0.00,inferred
Worcester,2021-06-06,0.88,0.74,0.54,0.37,0.21,0.02,0.00,inferred
Worcester,2021-06-07,0.88,0.74,0.54,0.37,0.21,0.02,0.00,inferred
Worcester,2021-06-08,1.00,1.00,0.99,0.98,0.94,0.65,0.08,inferred
Worcester,2021-06-09,1.00,1.00,0.99,0.98,0.94,0.65,0.08,inferred
Worcester,2021-06-10,1.00,1.00,0.99,0.98,0.94,0.65,0.08,inferred
Worcester,2021-06-11,1.00,1.00,0.99,0.98,0.94,0.65,0.08,inferred
Worcester,2021-06-12,1.00,1.00,0.99,0.98,0.94,0.65,0.08,inferred
Worcester,2021-06-13,1.00,1.00,0.99,0.98,0.94,0.65,0.08,inferred
Worcester,2021-06-14,1.00,1.00,0.99,0.98,0.94,0.65,0.08,inferred
Worcester,2021-06-15,1.00,1.00,1.00,1.00,1.00,1.00,0.90,inferred
Worcester,2021-06-16,1.00,1.00,1.00,1.00,1.00,1.00,0.90,inferred
Worcester,2021-06-17,1.00,1.00,1.00,1.00,1.00,1.00,0.90,inferred
Worcester,2021-06-18,1.00,1.00,1.00,1.00,1.00,1.00,0.90,inferred
Worcester,2021-06-19,1.00,1.00,1.00,1.00,1.00,1.00,0.90,inferred
Worcester,2021-06-20,1.00,1.00,1.00,1.00,1.00,1.00,0.90,inferred
Worcester,2021-06-21,1.00,1.00,1.00,1.00,1.00,1.00,0.90,inferred
Worcester,2021-06-22,1.00,1.00,1.00,1.00,1.00,1.00,0.87,inferred
Worcester,2021-06-23,1.00,1.00,1.00,1.00,1.00,1.00,0.87,inferred
Worcester,2021-06-24,1.00,1.00,1.00,1.00,1.00,1.00,0.87,inferred
Worcester,2021-06-25,1.00,1.00,1.00,1.00,1.00,1.00,0.87,inferred
Worcester,2021-06-26,1.00,1.00,1.00,1.00,1.00,1.00,0.87,inferred
Worcester,2021-06-27,1.00,1.00,1.00,1.00,1.00,1.00,0.87,inferred
Worcester,2021-06-28,1.00,1.00,1.00,1.00,1.00,1.00,0.87,inferred
Worcester,2021-06-29,1.00,1.00,1.00,1.00,0.98,0.80,0.30,inferred
Worcester,2021-06-30,1.00,1.00,1.00,1.00,0.98,0.80,0.30,inferred
Worcester,2021-07-01,1.00,1.00,1.00,1.00,0.98,0.80,0.30,inferred
Worcester,2021-07-02,1.00,1.00,1.00,1.00,0.98,0.80,0.30,inferred
Worcester,2021-07-03,1.00,1.00,1.00,1.00,0.98,0.80,0.30,inferred
Worcester,2021-07-04,1.00,1.00,1.00,1.00,0.98,0.80,0.30,inferred
Worcester,2021-07-05,1.00,1.00,1.00,1.00,0.98,0.80,0.30,inferred
Worcester,2021-07-06,1.00,0.99,0.96,0.92,0.87,0.61,0.26,projected
Worcester,2021-07-07,1.00,0.99,0.96,0.92,0.87,0.61,0.26,projected
Worcester,2021-07-08,1.00,0.99,0.96,0.92,0.87,0.61,0.26,projected
Worcester,2021-07-09,1.00,0.99,0.96,0.92,0.87,0.61,0.26,projected
Worcester,2021-07-10,1.00,0.99,0.96,0.92,0.87,0.61,0.26,projected
Worcester,2021-07-11,1.00,0.99,0.96,0.92,0.87,0.61,0.26,projected
Worcester,2021-07-12,1.00,0.99,0.96,0.92,0.87,0.61,0.26,projected
Worcester,2021-07-13,0.98,0.95,0.91,0.85,0.79,0.55,0.25,projected
Worcester,2021-07-14,0.98,0.95,0.91,0.85,0.79,0.55,0.25,projected
Worcester,2021-07-15,0.98,0.95,0.91,0.85,0.79,0.55,0.25,projected
Worcester,2021-07-16,0.98,0.95,0.91,0.85,0.79,0.55,0.25,projected
Worcester,2021-07-17,0.98,0.95,0.91,0.85,0.79,0.55,0.25,projected
Worcester,2021-07-18,0.98,0.95,0.91,0.85,0.79,0.55,0.25,projected
Worcester,2021-07-19,0.98,0.95,0.91,0.85,0.79,0.55,0.25,projected
Worcester,2021-07-20,0.97,0.92,0.87,0.81,0.73,0.51,0.24,projected
Worcester,2021-07-21,0.97,0.92,0.87,0.81,0.73,0.51,0.24,projected
Worcester,2021-07-22,0.97,0.92,0.87,0.81,0.73,0.51,0.24,projected
Worcester,2021-07-23,0.97,0.92,0.87,0.81,0.73,0.51,0.24,projected
Worcester,2021-07-24,0.97,0.92,0.87,0.81,0.73,0.51,0.24,projected
Worcester,2021-07-25,0.97,0.92,0.87,0.81,0.73,0.51,0.24,projected
Worcester,2021-07-26,0.97,0.92,0.87,0.81,0.73,0.51,0.24,projected
Worthing,2021-03-23,0.21,0.08,0.02,0.00,0.00,0.00,0.00,inferred
Worthing,2021-03-24,0.21,0.08,0.02,0.00,0.00,0.00,0.00,inferred
Worthing,2021-03-25,0.21,0.08,0.02,0.00,0.00,0.00,0.00,inferred
Worthing,2021-03-26,0.21,0.08,0.02,0.00,0.00,0.00,0.00,inferred
Worthing,2021-03-27,0.21,0.08,0.02,0.00,0.00,0.00,0.00,inferred
Worthing,2021-03-28,0.21,0.08,0.02,0.00,0.00,0.00,0.00,inferred
Worthing,2021-03-29,0.21,0.08,0.02,0.00,0.00,0.00,0.00,inferred
Worthing,2021-03-30,0.44,0.25,0.12,0.05,0.02,0.00,0.00,inferred
Worthing,2021-03-31,0.44,0.25,0.12,0.05,0.02,0.00,0.00,inferred
Worthing,2021-04-01,0.44,0.25,0.12,0.05,0.02,0.00,0.00,inferred
Worthing,2021-04-02,0.44,0.25,0.12,0.05,0.02,0.00,0.00,inferred
Worthing,2021-04-03,0.44,0.25,0.12,0.05,0.02,0.00,0.00,inferred
Worthing,2021-04-04,0.44,0.25,0.12,0.05,0.02,0.00,0.00,inferred
Worthing,2021-04-05,0.44,0.25,0.12,0.05,0.02,0.00,0.00,inferred
Worthing,2021-04-06,0.43,0.26,0.13,0.05,0.02,0.00,0.00,inferred
Worthing,2021-04-07,0.43,0.26,0.13,0.05,0.02,0.00,0.00,inferred
Worthing,2021-04-08,0.43,0.26,0.13,0.05,0.02,0.00,0.00,inferred
Worthing,2021-04-09,0.43,0.26,0.13,0.05,0.02,0.00,0.00,inferred
Worthing,2021-04-10,0.43,0.26,0.13,0.05,0.02,0.00,0.00,inferred
Worthing,2021-04-11,0.43,0.26,0.13,0.05,0.02,0.00,0.00,inferred
Worthing,2021-04-12,0.43,0.26,0.13,0.05,0.02,0.00,0.00,inferred
Worthing,2021-04-13,0.65,0.46,0.29,0.17,0.09,0.01,0.00,inferred
Worthing,2021-04-14,0.65,0.46,0.29,0.17,0.09,0.01,0.00,inferred
Worthing,2021-04-15,0.65,0.46,0.29,0.17,0.09,0.01,0.00,inferred
Worthing,2021-04-16,0.65,0.46,0.29,0.17,0.09,0.01,0.00,inferred
Worthing,2021-04-17,0.65,0.46,0.29,0.17,0.09,0.01,0.00,inferred
Worthing,2021-04-18,0.65,0.46,0.29,0.17,0.09,0.01,0.00,inferred
Worthing,2021-04-19,0.65,0.46,0.29,0.17,0.09,0.01,0.00,inferred
Worthing,2021-04-20,0.61,0.43,0.28,0.16,0.09,0.01,0.00,inferred
Worthing,2021-04-21,0.61,0.43,0.28,0.16,0.09,0.01,0.00,inferred
Worthing,2021-04-22,0.61,0.43,0.28,0.16,0.09,0.01,0.00,inferred
Worthing,2021-04-23,0.61,0.43,0.28,0.16,0.09,0.01,0.00,inferred
Worthing,2021-04-24,0.61,0.43,0.28,0.16,0.09,0.01,0.00,inferred
Worthing,2021-04-25,0.61,0.43,0.28,0.16,0.09,0.01,0.00,inferred
Worthing,2021-04-26,0.61,0.43,0.28,0.16,0.09,0.01,0.00,inferred
Worthing,2021-04-27,0.68,0.52,0.35,0.23,0.12,0.02,0.00,inferred
Worthing,2021-04-28,0.68,0.52,0.35,0.23,0.12,0.02,0.00,inferred
Worthing,2021-04-29,0.68,0.52,0.35,0.23,0.12,0.02,0.00,inferred
Worthing,2021-04-30,0.68,0.52,0.35,0.23,0.12,0.02,0.00,inferred
Worthing,2021-05-01,0.68,0.52,0.35,0.23,0.12,0.02,0.00,inferred
Worthing,2021-05-02,0.68,0.52,0.35,0.23,0.12,0.02,0.00,inferred
Worthing,2021-05-03,0.68,0.52,0.35,0.23,0.12,0.02,0.00,inferred
Worthing,2021-05-04,0.69,0.52,0.33,0.22,0.13,0.02,0.00,inferred
Worthing,2021-05-05,0.69,0.52,0.33,0.22,0.13,0.02,0.00,inferred
Worthing,2021-05-06,0.69,0.52,0.33,0.22,0.13,0.02,0.00,inferred
Worthing,2021-05-07,0.69,0.52,0.33,0.22,0.13,0.02,0.00,inferred
Worthing,2021-05-08,0.69,0.52,0.33,0.22,0.13,0.02,0.00,inferred
Worthing,2021-05-09,0.69,0.52,0.33,0.22,0.13,0.02,0.00,inferred
Worthing,2021-05-10,0.69,0.52,0.33,0.22,0.13,0.02,0.00,inferred
Worthing,2021-05-11,0.70,0.55,0.40,0.28,0.19,0.03,0.00,inferred
Worthing,2021-05-12,0.70,0.55,0.40,0.28,0.19,0.03,0.00,inferred
Worthing,2021-05-13,0.70,0.55,0.40,0.28,0.19,0.03,0.00,inferred
Worthing,2021-05-14,0.70,0.55,0.40,0.28,0.19,0.03,0.00,inferred
Worthing,2021-05-15,0.70,0.55,0.40,0.28,0.19,0.03,0.00,inferred
Worthing,2021-05-16,0.70,0.55,0.40,0.28,0.19,0.03,0.00,inferred
Worthing,2021-05-17,0.70,0.55,0.40,0.28,0.19,0.03,0.00,inferred
Worthing,2021-05-18,1.00,1.00,1.00,1.00,0.99,0.92,0.47,inferred
Worthing,2021-05-19,1.00,1.00,1.00,1.00,0.99,0.92,0.47,inferred
Worthing,2021-05-20,1.00,1.00,1.00,1.00,0.99,0.92,0.47,inferred
Worthing,2021-05-21,1.00,1.00,1.00,1.00,0.99,0.92,0.47,inferred
Worthing,2021-05-22,1.00,1.00,1.00,1.00,0.99,0.92,0.47,inferred
Worthing,2021-05-23,1.00,1.00,1.00,1.00,0.99,0.92,0.47,inferred
Worthing,2021-05-24,1.00,1.00,1.00,1.00,0.99,0.92,0.47,inferred
Worthing,2021-05-25,1.00,0.99,0.98,0.96,0.92,0.63,0.16,inferred
Worthing,2021-05-26,1.00,0.99,0.98,0.96,0.92,0.63,0.16,inferred
Worthing,2021-05-27,1.00,0.99,0.98,0.96,0.92,0.63,0.16,inferred
Worthing,2021-05-28,1.00,0.99,0.98,0.96,0.92,0.63,0.16,inferred
Worthing,2021-05-29,1.00,0.99,0.98,0.96,0.92,0.63,0.16,inferred
Worthing,2021-05-30,1.00,0.99,0.98,0.96,0.92,0.63,0.16,inferred
Worthing,2021-05-31,1.00,0.99,0.98,0.96,0.92,0.63,0.16,inferred
Worthing,2021-06-01,1.00,0.99,0.98,0.92,0.82,0.41,0.04,inferred
Worthing,2021-06-02,1.00,0.99,0.98,0.92,0.82,0.41,0.04,inferred
Worthing,2021-06-03,1.00,0.99,0.98,0.92,0.82,0.41,0.04,inferred
Worthing,2021-06-04,1.00,0.99,0.98,0.92,0.82,0.41,0.04,inferred
Worthing,2021-06-05,1.00,0.99,0.98,0.92,0.82,0.41,0.04,inferred
Worthing,2021-06-06,1.00,0.99,0.98,0.92,0.82,0.41,0.04,inferred
Worthing,2021-06-07,1.00,0.99,0.98,0.92,0.82,0.41,0.04,inferred
Worthing,2021-06-08,1.00,1.00,0.99,0.97,0.92,0.56,0.05,inferred
Worthing,2021-06-09,1.00,1.00,0.99,0.97,0.92,0.56,0.05,inferred
Worthing,2021-06-10,1.00,1.00,0.99,0.97,0.92,0.56,0.05,inferred
Worthing,2021-06-11,1.00,1.00,0.99,0.97,0.92,0.56,0.05,inferred
Worthing,2021-06-12,1.00,1.00,0.99,0.97,0.92,0.56,0.05,inferred
Worthing,2021-06-13,1.00,1.00,0.99,0.97,0.92,0.56,0.05,inferred
Worthing,2021-06-14,1.00,1.00,0.99,0.97,0.92,0.56,0.05,inferred
Worthing,2021-06-15,1.00,1.00,1.00,0.99,0.98,0.69,0.06,inferred
Worthing,2021-06-16,1.00,1.00,1.00,0.99,0.98,0.69,0.06,inferred
Worthing,2021-06-17,1.00,1.00,1.00,0.99,0.98,0.69,0.06,inferred
Worthing,2021-06-18,1.00,1.00,1.00,0.99,0.98,0.69,0.06,inferred
Worthing,2021-06-19,1.00,1.00,1.00,0.99,0.98,0.69,0.06,inferred
Worthing,2021-06-20,1.00,1.00,1.00,0.99,0.98,0.69,0.06,inferred
Worthing,2021-06-21,1.00,1.00,1.00,0.99,0.98,0.69,0.06,inferred
Worthing,2021-06-22,1.00,1.00,1.00,1.00,1.00,0.95,0.34,inferred
Worthing,2021-06-23,1.00,1.00,1.00,1.00,1.00,0.95,0.34,inferred
Worthing,2021-06-24,1.00,1.00,1.00,1.00,1.00,0.95,0.34,inferred
Worthing,2021-06-25,1.00,1.00,1.00,1.00,1.00,0.95,0.34,inferred
Worthing,2021-06-26,1.00,1.00,1.00,1.00,1.00,0.95,0.34,inferred
Worthing,2021-06-27,1.00,1.00,1.00,1.00,1.00,0.95,0.34,inferred
Worthing,2021-06-28,1.00,1.00,1.00,1.00,1.00,0.95,0.34,inferred
Worthing,2021-06-29,1.00,1.00,1.00,1.00,1.00,0.94,0.58,inferred
Worthing,2021-06-30,1.00,1.00,1.00,1.00,1.00,0.94,0.58,inferred
Worthing,2021-07-01,1.00,1.00,1.00,1.00,1.00,0.94,0.58,inferred
Worthing,2021-07-02,1.00,1.00,1.00,1.00,1.00,0.94,0.58,inferred
Worthing,2021-07-03,1.00,1.00,1.00,1.00,1.00,0.94,0.58,inferred
Worthing,2021-07-04,1.00,1.00,1.00,1.00,1.00,0.94,0.58,inferred
Worthing,2021-07-05,1.00,1.00,1.00,1.00,1.00,0.94,0.58,inferred
Worthing,2021-07-06,1.00,1.00,0.99,0.98,0.95,0.79,0.42,projected
Worthing,2021-07-07,1.00,1.00,0.99,0.98,0.95,0.79,0.42,projected
Worthing,2021-07-08,1.00,1.00,0.99,0.98,0.95,0.79,0.42,projected
Worthing,2021-07-09,1.00,1.00,0.99,0.98,0.95,0.79,0.42,projected
Worthing,2021-07-10,1.00,1.00,0.99,0.98,0.95,0.79,0.42,projected
Worthing,2021-07-11,1.00,1.00,0.99,0.98,0.95,0.79,0.42,projected
Worthing,2021-07-12,1.00,1.00,0.99,0.98,0.95,0.79,0.42,projected
Worthing,2021-07-13,1.00,0.99,0.97,0.95,0.91,0.70,0.36,projected
Worthing,2021-07-14,1.00,0.99,0.97,0.95,0.91,0.70,0.36,projected
Worthing,2021-07-15,1.00,0.99,0.97,0.95,0.91,0.70,0.36,projected
Worthing,2021-07-16,1.00,0.99,0.97,0.95,0.91,0.70,0.36,projected
Worthing,2021-07-17,1.00,0.99,0.97,0.95,0.91,0.70,0.36,projected
Worthing,2021-07-18,1.00,0.99,0.97,0.95,0.91,0.70,0.36,projected
Worthing,2021-07-19,1.00,0.99,0.97,0.95,0.91,0.70,0.36,projected
Worthing,2021-07-20,0.99,0.97,0.94,0.91,0.86,0.65,0.34,projected
Worthing,2021-07-21,0.99,0.97,0.94,0.91,0.86,0.65,0.34,projected
Worthing,2021-07-22,0.99,0.97,0.94,0.91,0.86,0.65,0.34,projected
Worthing,2021-07-23,0.99,0.97,0.94,0.91,0.86,0.65,0.34,projected
Worthing,2021-07-24,0.99,0.97,0.94,0.91,0.86,0.65,0.34,projected
Worthing,2021-07-25,0.99,0.97,0.94,0.91,0.86,0.65,0.34,projected
Worthing,2021-07-26,0.99,0.97,0.94,0.91,0.86,0.65,0.34,projected
Wrexham,2021-03-23,0.67,0.44,0.22,0.09,0.02,0.00,0.00,inferred
Wrexham,2021-03-24,0.67,0.44,0.22,0.09,0.02,0.00,0.00,inferred
Wrexham,2021-03-25,0.67,0.44,0.22,0.09,0.02,0.00,0.00,inferred
Wrexham,2021-03-26,0.67,0.44,0.22,0.09,0.02,0.00,0.00,inferred
Wrexham,2021-03-27,0.67,0.44,0.22,0.09,0.02,0.00,0.00,inferred
Wrexham,2021-03-28,0.67,0.44,0.22,0.09,0.02,0.00,0.00,inferred
Wrexham,2021-03-29,0.67,0.44,0.22,0.09,0.02,0.00,0.00,inferred
Wrexham,2021-03-30,0.57,0.34,0.16,0.07,0.02,0.00,0.00,inferred
Wrexham,2021-03-31,0.57,0.34,0.16,0.07,0.02,0.00,0.00,inferred
Wrexham,2021-04-01,0.57,0.34,0.16,0.07,0.02,0.00,0.00,inferred
Wrexham,2021-04-02,0.57,0.34,0.16,0.07,0.02,0.00,0.00,inferred
Wrexham,2021-04-03,0.57,0.34,0.16,0.07,0.02,0.00,0.00,inferred
Wrexham,2021-04-04,0.57,0.34,0.16,0.07,0.02,0.00,0.00,inferred
Wrexham,2021-04-05,0.57,0.34,0.16,0.07,0.02,0.00,0.00,inferred
Wrexham,2021-04-06,0.68,0.47,0.28,0.15,0.07,0.00,0.00,inferred
Wrexham,2021-04-07,0.68,0.47,0.28,0.15,0.07,0.00,0.00,inferred
Wrexham,2021-04-08,0.68,0.47,0.28,0.15,0.07,0.00,0.00,inferred
Wrexham,2021-04-09,0.68,0.47,0.28,0.15,0.07,0.00,0.00,inferred
Wrexham,2021-04-10,0.68,0.47,0.28,0.15,0.07,0.00,0.00,inferred
Wrexham,2021-04-11,0.68,0.47,0.28,0.15,0.07,0.00,0.00,inferred
Wrexham,2021-04-12,0.68,0.47,0.28,0.15,0.07,0.00,0.00,inferred
Wrexham,2021-04-13,0.92,0.82,0.67,0.49,0.31,0.03,0.00,inferred
Wrexham,2021-04-14,0.92,0.82,0.67,0.49,0.31,0.03,0.00,inferred
Wrexham,2021-04-15,0.92,0.82,0.67,0.49,0.31,0.03,0.00,inferred
Wrexham,2021-04-16,0.92,0.82,0.67,0.49,0.31,0.03,0.00,inferred
Wrexham,2021-04-17,0.92,0.82,0.67,0.49,0.31,0.03,0.00,inferred
Wrexham,2021-04-18,0.92,0.82,0.67,0.49,0.31,0.03,0.00,inferred
Wrexham,2021-04-19,0.92,0.82,0.67,0.49,0.31,0.03,0.00,inferred
Wrexham,2021-04-20,0.65,0.44,0.25,0.12,0.06,0.00,0.00,inferred
Wrexham,2021-04-21,0.65,0.44,0.25,0.12,0.06,0.00,0.00,inferred
Wrexham,2021-04-22,0.65,0.44,0.25,0.12,0.06,0.00,0.00,inferred
Wrexham,2021-04-23,0.65,0.44,0.25,0.12,0.06,0.00,0.00,inferred
Wrexham,2021-04-24,0.65,0.44,0.25,0.12,0.06,0.00,0.00,inferred
Wrexham,2021-04-25,0.65,0.44,0.25,0.12,0.06,0.00,0.00,inferred
Wrexham,2021-04-26,0.65,0.44,0.25,0.12,0.06,0.00,0.00,inferred
Wrexham,2021-04-27,0.37,0.21,0.09,0.04,0.01,0.00,0.00,inferred
Wrexham,2021-04-28,0.37,0.21,0.09,0.04,0.01,0.00,0.00,inferred
Wrexham,2021-04-29,0.37,0.21,0.09,0.04,0.01,0.00,0.00,inferred
Wrexham,2021-04-30,0.37,0.21,0.09,0.04,0.01,0.00,0.00,inferred
Wrexham,2021-05-01,0.37,0.21,0.09,0.04,0.01,0.00,0.00,inferred
Wrexham,2021-05-02,0.37,0.21,0.09,0.04,0.01,0.00,0.00,inferred
Wrexham,2021-05-03,0.37,0.21,0.09,0.04,0.01,0.00,0.00,inferred
Wrexham,2021-05-04,0.67,0.49,0.32,0.19,0.09,0.01,0.00,inferred
Wrexham,2021-05-05,0.67,0.49,0.32,0.19,0.09,0.01,0.00,inferred
Wrexham,2021-05-06,0.67,0.49,0.32,0.19,0.09,0.01,0.00,inferred
Wrexham,2021-05-07,0.67,0.49,0.32,0.19,0.09,0.01,0.00,inferred
Wrexham,2021-05-08,0.67,0.49,0.32,0.19,0.09,0.01,0.00,inferred
Wrexham,2021-05-09,0.67,0.49,0.32,0.19,0.09,0.01,0.00,inferred
Wrexham,2021-05-10,0.67,0.49,0.32,0.19,0.09,0.01,0.00,inferred
Wrexham,2021-05-11,0.67,0.50,0.34,0.20,0.11,0.01,0.00,inferred
Wrexham,2021-05-12,0.67,0.50,0.34,0.20,0.11,0.01,0.00,inferred
Wrexham,2021-05-13,0.67,0.50,0.34,0.20,0.11,0.01,0.00,inferred
Wrexham,2021-05-14,0.67,0.50,0.34,0.20,0.11,0.01,0.00,inferred
Wrexham,2021-05-15,0.67,0.50,0.34,0.20,0.11,0.01,0.00,inferred
Wrexham,2021-05-16,0.67,0.50,0.34,0.20,0.11,0.01,0.00,inferred
Wrexham,2021-05-17,0.67,0.50,0.34,0.20,0.11,0.01,0.00,inferred
Wrexham,2021-05-18,0.87,0.75,0.60,0.44,0.29,0.06,0.00,inferred
Wrexham,2021-05-19,0.87,0.75,0.60,0.44,0.29,0.06,0.00,inferred
Wrexham,2021-05-20,0.87,0.75,0.60,0.44,0.29,0.06,0.00,inferred
Wrexham,2021-05-21,0.87,0.75,0.60,0.44,0.29,0.06,0.00,inferred
Wrexham,2021-05-22,0.87,0.75,0.60,0.44,0.29,0.06,0.00,inferred
Wrexham,2021-05-23,0.87,0.75,0.60,0.44,0.29,0.06,0.00,inferred
Wrexham,2021-05-24,0.87,0.75,0.60,0.44,0.29,0.06,0.00,inferred
Wrexham,2021-05-25,0.98,0.94,0.86,0.77,0.64,0.28,0.02,inferred
Wrexham,2021-05-26,0.98,0.94,0.86,0.77,0.64,0.28,0.02,inferred
Wrexham,2021-05-27,0.98,0.94,0.86,0.77,0.64,0.28,0.02,inferred
Wrexham,2021-05-28,0.98,0.94,0.86,0.77,0.64,0.28,0.02,inferred
Wrexham,2021-05-29,0.98,0.94,0.86,0.77,0.64,0.28,0.02,inferred
Wrexham,2021-05-30,0.98,0.94,0.86,0.77,0.64,0.28,0.02,inferred
Wrexham,2021-05-31,0.98,0.94,0.86,0.77,0.64,0.28,0.02,inferred
Wrexham,2021-06-01,1.00,1.00,1.00,1.00,1.00,0.96,0.63,inferred
Wrexham,2021-06-02,1.00,1.00,1.00,1.00,1.00,0.96,0.63,inferred
Wrexham,2021-06-03,1.00,1.00,1.00,1.00,1.00,0.96,0.63,inferred
Wrexham,2021-06-04,1.00,1.00,1.00,1.00,1.00,0.96,0.63,inferred
Wrexham,2021-06-05,1.00,1.00,1.00,1.00,1.00,0.96,0.63,inferred
Wrexham,2021-06-06,1.00,1.00,1.00,1.00,1.00,0.96,0.63,inferred
Wrexham,2021-06-07,1.00,1.00,1.00,1.00,1.00,0.96,0.63,inferred
Wrexham,2021-06-08,1.00,1.00,1.00,1.00,1.00,0.91,0.41,inferred
Wrexham,2021-06-09,1.00,1.00,1.00,1.00,1.00,0.91,0.41,inferred
Wrexham,2021-06-10,1.00,1.00,1.00,1.00,1.00,0.91,0.41,inferred
Wrexham,2021-06-11,1.00,1.00,1.00,1.00,1.00,0.91,0.41,inferred
Wrexham,2021-06-12,1.00,1.00,1.00,1.00,1.00,0.91,0.41,inferred
Wrexham,2021-06-13,1.00,1.00,1.00,1.00,1.00,0.91,0.41,inferred
Wrexham,2021-06-14,1.00,1.00,1.00,1.00,1.00,0.91,0.41,inferred
Wrexham,2021-06-15,1.00,1.00,1.00,1.00,1.00,1.00,0.88,inferred
Wrexham,2021-06-16,1.00,1.00,1.00,1.00,1.00,1.00,0.88,inferred
Wrexham,2021-06-17,1.00,1.00,1.00,1.00,1.00,1.00,0.88,inferred
Wrexham,2021-06-18,1.00,1.00,1.00,1.00,1.00,1.00,0.88,inferred
Wrexham,2021-06-19,1.00,1.00,1.00,1.00,1.00,1.00,0.88,inferred
Wrexham,2021-06-20,1.00,1.00,1.00,1.00,1.00,1.00,0.88,inferred
Wrexham,2021-06-21,1.00,1.00,1.00,1.00,1.00,1.00,0.88,inferred
Wrexham,2021-06-22,1.00,1.00,1.00,1.00,1.00,0.96,0.57,inferred
Wrexham,2021-06-23,1.00,1.00,1.00,1.00,1.00,0.96,0.57,inferred
Wrexham,2021-06-24,1.00,1.00,1.00,1.00,1.00,0.96,0.57,inferred
Wrexham,2021-06-25,1.00,1.00,1.00,1.00,1.00,0.96,0.57,inferred
Wrexham,2021-06-26,1.00,1.00,1.00,1.00,1.00,0.96,0.57,inferred
Wrexham,2021-06-27,1.00,1.00,1.00,1.00,1.00,0.96,0.57,inferred
Wrexham,2021-06-28,1.00,1.00,1.00,1.00,1.00,0.96,0.57,inferred
Wrexham,2021-06-29,1.00,0.99,0.96,0.90,0.82,0.42,0.05,inferred
Wrexham,2021-06-30,1.00,0.99,0.96,0.90,0.82,0.42,0.05,inferred
Wrexham,2021-07-01,1.00,0.99,0.96,0.90,0.82,0.42,0.05,inferred
Wrexham,2021-07-02,1.00,0.99,0.96,0.90,0.82,0.42,0.05,inferred
Wrexham,2021-07-03,1.00,0.99,0.96,0.90,0.82,0.42,0.05,inferred
Wrexham,2021-07-04,1.00,0.99,0.96,0.90,0.82,0.42,0.05,inferred
Wrexham,2021-07-05,1.00,0.99,0.96,0.90,0.82,0.42,0.05,inferred
Wrexham,2021-07-06,0.96,0.92,0.85,0.76,0.67,0.40,0.13,projected
Wrexham,2021-07-07,0.96,0.92,0.85,0.76,0.67,0.40,0.13,projected
Wrexham,2021-07-08,0.96,0.92,0.85,0.76,0.67,0.40,0.13,projected
Wrexham,2021-07-09,0.96,0.92,0.85,0.76,0.67,0.40,0.13,projected
Wrexham,2021-07-10,0.96,0.92,0.85,0.76,0.67,0.40,0.13,projected
Wrexham,2021-07-11,0.96,0.92,0.85,0.76,0.67,0.40,0.13,projected
Wrexham,2021-07-12,0.96,0.92,0.85,0.76,0.67,0.40,0.13,projected
Wrexham,2021-07-13,0.91,0.85,0.77,0.68,0.60,0.38,0.15,projected
Wrexham,2021-07-14,0.91,0.85,0.77,0.68,0.60,0.38,0.15,projected
Wrexham,2021-07-15,0.91,0.85,0.77,0.68,0.60,0.38,0.15,projected
Wrexham,2021-07-16,0.91,0.85,0.77,0.68,0.60,0.38,0.15,projected
Wrexham,2021-07-17,0.91,0.85,0.77,0.68,0.60,0.38,0.15,projected
Wrexham,2021-07-18,0.91,0.85,0.77,0.68,0.60,0.38,0.15,projected
Wrexham,2021-07-19,0.91,0.85,0.77,0.68,0.60,0.38,0.15,projected
Wrexham,2021-07-20,0.89,0.83,0.74,0.65,0.57,0.38,0.18,projected
Wrexham,2021-07-21,0.89,0.83,0.74,0.65,0.57,0.38,0.18,projected
Wrexham,2021-07-22,0.89,0.83,0.74,0.65,0.57,0.38,0.18,projected
Wrexham,2021-07-23,0.89,0.83,0.74,0.65,0.57,0.38,0.18,projected
Wrexham,2021-07-24,0.89,0.83,0.74,0.65,0.57,0.38,0.18,projected
Wrexham,2021-07-25,0.89,0.83,0.74,0.65,0.57,0.38,0.18,projected
Wrexham,2021-07-26,0.89,0.83,0.74,0.65,0.57,0.38,0.18,projected
Wychavon,2021-03-23,0.00,0.00,0.00,0.00,0.00,0.00,0.00,inferred
Wychavon,2021-03-24,0.00,0.00,0.00,0.00,0.00,0.00,0.00,inferred
Wychavon,2021-03-25,0.00,0.00,0.00,0.00,0.00,0.00,0.00,inferred
Wychavon,2021-03-26,0.00,0.00,0.00,0.00,0.00,0.00,0.00,inferred
Wychavon,2021-03-27,0.00,0.00,0.00,0.00,0.00,0.00,0.00,inferred
Wychavon,2021-03-28,0.00,0.00,0.00,0.00,0.00,0.00,0.00,inferred
Wychavon,2021-03-29,0.00,0.00,0.00,0.00,0.00,0.00,0.00,inferred
Wychavon,2021-03-30,0.00,0.00,0.00,0.00,0.00,0.00,0.00,inferred
Wychavon,2021-03-31,0.00,0.00,0.00,0.00,0.00,0.00,0.00,inferred
Wychavon,2021-04-01,0.00,0.00,0.00,0.00,0.00,0.00,0.00,inferred
Wychavon,2021-04-02,0.00,0.00,0.00,0.00,0.00,0.00,0.00,inferred
Wychavon,2021-04-03,0.00,0.00,0.00,0.00,0.00,0.00,0.00,inferred
Wychavon,2021-04-04,0.00,0.00,0.00,0.00,0.00,0.00,0.00,inferred
Wychavon,2021-04-05,0.00,0.00,0.00,0.00,0.00,0.00,0.00,inferred
Wychavon,2021-04-06,0.17,0.08,0.04,0.01,0.00,0.00,0.00,inferred
Wychavon,2021-04-07,0.17,0.08,0.04,0.01,0.00,0.00,0.00,inferred
Wychavon,2021-04-08,0.17,0.08,0.04,0.01,0.00,0.00,0.00,inferred
Wychavon,2021-04-09,0.17,0.08,0.04,0.01,0.00,0.00,0.00,inferred
Wychavon,2021-04-10,0.17,0.08,0.04,0.01,0.00,0.00,0.00,inferred
Wychavon,2021-04-11,0.17,0.08,0.04,0.01,0.00,0.00,0.00,inferred
Wychavon,2021-04-12,0.17,0.08,0.04,0.01,0.00,0.00,0.00,inferred
Wychavon,2021-04-13,0.43,0.25,0.13,0.07,0.04,0.00,0.00,inferred
Wychavon,2021-04-14,0.43,0.25,0.13,0.07,0.04,0.00,0.00,inferred
Wychavon,2021-04-15,0.43,0.25,0.13,0.07,0.04,0.00,0.00,inferred
Wychavon,2021-04-16,0.43,0.25,0.13,0.07,0.04,0.00,0.00,inferred
Wychavon,2021-04-17,0.43,0.25,0.13,0.07,0.04,0.00,0.00,inferred
Wychavon,2021-04-18,0.43,0.25,0.13,0.07,0.04,0.00,0.00,inferred
Wychavon,2021-04-19,0.43,0.25,0.13,0.07,0.04,0.00,0.00,inferred
Wychavon,2021-04-20,0.41,0.26,0.15,0.07,0.03,0.00,0.00,inferred
Wychavon,2021-04-21,0.41,0.26,0.15,0.07,0.03,0.00,0.00,inferred
Wychavon,2021-04-22,0.41,0.26,0.15,0.07,0.03,0.00,0.00,inferred
Wychavon,2021-04-23,0.41,0.26,0.15,0.07,0.03,0.00,0.00,inferred
Wychavon,2021-04-24,0.41,0.26,0.15,0.07,0.03,0.00,0.00,inferred
Wychavon,2021-04-25,0.41,0.26,0.15,0.07,0.03,0.00,0.00,inferred
Wychavon,2021-04-26,0.41,0.26,0.15,0.07,0.03,0.00,0.00,inferred
Wychavon,2021-04-27,0.82,0.71,0.56,0.43,0.30,0.07,0.01,inferred
Wychavon,2021-04-28,0.82,0.71,0.56,0.43,0.30,0.07,0.01,inferred
Wychavon,2021-04-29,0.82,0.71,0.56,0.43,0.30,0.07,0.01,inferred
Wychavon,2021-04-30,0.82,0.71,0.56,0.43,0.30,0.07,0.01,inferred
Wychavon,2021-05-01,0.82,0.71,0.56,0.43,0.30,0.07,0.01,inferred
Wychavon,2021-05-02,0.82,0.71,0.56,0.43,0.30,0.07,0.01,inferred
Wychavon,2021-05-03,0.82,0.71,0.56,0.43,0.30,0.07,0.01,inferred
Wychavon,2021-05-04,0.93,0.87,0.76,0.65,0.52,0.20,0.02,inferred
Wychavon,2021-05-05,0.93,0.87,0.76,0.65,0.52,0.20,0.02,inferred
Wychavon,2021-05-06,0.93,0.87,0.76,0.65,0.52,0.20,0.02,inferred
Wychavon,2021-05-07,0.93,0.87,0.76,0.65,0.52,0.20,0.02,inferred
Wychavon,2021-05-08,0.93,0.87,0.76,0.65,0.52,0.20,0.02,inferred
Wychavon,2021-05-09,0.93,0.87,0.76,0.65,0.52,0.20,0.02,inferred
Wychavon,2021-05-10,0.93,0.87,0.76,0.65,0.52,0.20,0.02,inferred
Wychavon,2021-05-11,0.98,0.95,0.90,0.82,0.70,0.35,0.05,inferred
Wychavon,2021-05-12,0.98,0.95,0.90,0.82,0.70,0.35,0.05,inferred
Wychavon,2021-05-13,0.98,0.95,0.90,0.82,0.70,0.35,0.05,inferred
Wychavon,2021-05-14,0.98,0.95,0.90,0.82,0.70,0.35,0.05,inferred
Wychavon,2021-05-15,0.98,0.95,0.90,0.82,0.70,0.35,0.05,inferred
Wychavon,2021-05-16,0.98,0.95,0.90,0.82,0.70,0.35,0.05,inferred
Wychavon,2021-05-17,0.98,0.95,0.90,0.82,0.70,0.35,0.05,inferred
Wychavon,2021-05-18,0.87,0.75,0.61,0.46,0.31,0.08,0.00,inferred
Wychavon,2021-05-19,0.87,0.75,0.61,0.46,0.31,0.08,0.00,inferred
Wychavon,2021-05-20,0.87,0.75,0.61,0.46,0.31,0.08,0.00,inferred
Wychavon,2021-05-21,0.87,0.75,0.61,0.46,0.31,0.08,0.00,inferred
Wychavon,2021-05-22,0.87,0.75,0.61,0.46,0.31,0.08,0.00,inferred
Wychavon,2021-05-23,0.87,0.75,0.61,0.46,0.31,0.08,0.00,inferred
Wychavon,2021-05-24,0.87,0.75,0.61,0.46,0.31,0.08,0.00,inferred
Wychavon,2021-05-25,0.87,0.74,0.58,0.43,0.30,0.07,0.00,inferred
Wychavon,2021-05-26,0.87,0.74,0.58,0.43,0.30,0.07,0.00,inferred
Wychavon,2021-05-27,0.87,0.74,0.58,0.43,0.30,0.07,0.00,inferred
Wychavon,2021-05-28,0.87,0.74,0.58,0.43,0.30,0.07,0.00,inferred
Wychavon,2021-05-29,0.87,0.74,0.58,0.43,0.30,0.07,0.00,inferred
Wychavon,2021-05-30,0.87,0.74,0.58,0.43,0.30,0.07,0.00,inferred
Wychavon,2021-05-31,0.87,0.74,0.58,0.43,0.30,0.07,0.00,inferred
Wychavon,2021-06-01,1.00,0.99,0.99,0.96,0.92,0.68,0.15,inferred
Wychavon,2021-06-02,1.00,0.99,0.99,0.96,0.92,0.68,0.15,inferred
Wychavon,2021-06-03,1.00,0.99,0.99,0.96,0.92,0.68,0.15,inferred
Wychavon,2021-06-04,1.00,0.99,0.99,0.96,0.92,0.68,0.15,inferred
Wychavon,2021-06-05,1.00,0.99,0.99,0.96,0.92,0.68,0.15,inferred
Wychavon,2021-06-06,1.00,0.99,0.99,0.96,0.92,0.68,0.15,inferred
Wychavon,2021-06-07,1.00,0.99,0.99,0.96,0.92,0.68,0.15,inferred
Wychavon,2021-06-08,1.00,1.00,1.00,0.99,0.98,0.83,0.33,inferred
Wychavon,2021-06-09,1.00,1.00,1.00,0.99,0.98,0.83,0.33,inferred
Wychavon,2021-06-10,1.00,1.00,1.00,0.99,0.98,0.83,0.33,inferred
Wychavon,2021-06-11,1.00,1.00,1.00,0.99,0.98,0.83,0.33,inferred
Wychavon,2021-06-12,1.00,1.00,1.00,0.99,0.98,0.83,0.33,inferred
Wychavon,2021-06-13,1.00,1.00,1.00,0.99,0.98,0.83,0.33,inferred
Wychavon,2021-06-14,1.00,1.00,1.00,0.99,0.98,0.83,0.33,inferred
Wychavon,2021-06-15,1.00,1.00,1.00,1.00,1.00,0.99,0.75,inferred
Wychavon,2021-06-16,1.00,1.00,1.00,1.00,1.00,0.99,0.75,inferred
Wychavon,2021-06-17,1.00,1.00,1.00,1.00,1.00,0.99,0.75,inferred
Wychavon,2021-06-18,1.00,1.00,1.00,1.00,1.00,0.99,0.75,inferred
Wychavon,2021-06-19,1.00,1.00,1.00,1.00,1.00,0.99,0.75,inferred
Wychavon,2021-06-20,1.00,1.00,1.00,1.00,1.00,0.99,0.75,inferred
Wychavon,2021-06-21,1.00,1.00,1.00,1.00,1.00,0.99,0.75,inferred
Wychavon,2021-06-22,1.00,1.00,1.00,1.00,1.00,0.91,0.35,inferred
Wychavon,2021-06-23,1.00,1.00,1.00,1.00,1.00,0.91,0.35,inferred
Wychavon,2021-06-24,1.00,1.00,1.00,1.00,1.00,0.91,0.35,inferred
Wychavon,2021-06-25,1.00,1.00,1.00,1.00,1.00,0.91,0.35,inferred
Wychavon,2021-06-26,1.00,1.00,1.00,1.00,1.00,0.91,0.35,inferred
Wychavon,2021-06-27,1.00,1.00,1.00,1.00,1.00,0.91,0.35,inferred
Wychavon,2021-06-28,1.00,1.00,1.00,1.00,1.00,0.91,0.35,inferred
Wychavon,2021-06-29,1.00,0.99,0.97,0.93,0.86,0.48,0.08,inferred
Wychavon,2021-06-30,1.00,0.99,0.97,0.93,0.86,0.48,0.08,inferred
Wychavon,2021-07-01,1.00,0.99,0.97,0.93,0.86,0.48,0.08,inferred
Wychavon,2021-07-02,1.00,0.99,0.97,0.93,0.86,0.48,0.08,inferred
Wychavon,2021-07-03,1.00,0.99,0.97,0.93,0.86,0.48,0.08,inferred
Wychavon,2021-07-04,1.00,0.99,0.97,0.93,0.86,0.48,0.08,inferred
Wychavon,2021-07-05,1.00,0.99,0.97,0.93,0.86,0.48,0.08,inferred
Wychavon,2021-07-06,0.98,0.95,0.90,0.83,0.75,0.45,0.13,projected
Wychavon,2021-07-07,0.98,0.95,0.90,0.83,0.75,0.45,0.13,projected
Wychavon,2021-07-08,0.98,0.95,0.90,0.83,0.75,0.45,0.13,projected
Wychavon,2021-07-09,0.98,0.95,0.90,0.83,0.75,0.45,0.13,projected
Wychavon,2021-07-10,0.98,0.95,0.90,0.83,0.75,0.45,0.13,projected
Wychavon,2021-07-11,0.98,0.95,0.90,0.83,0.75,0.45,0.13,projected
Wychavon,2021-07-12,0.98,0.95,0.90,0.83,0.75,0.45,0.13,projected
Wychavon,2021-07-13,0.98,0.94,0.89,0.82,0.73,0.46,0.16,projected
Wychavon,2021-07-14,0.98,0.94,0.89,0.82,0.73,0.46,0.16,projected
Wychavon,2021-07-15,0.98,0.94,0.89,0.82,0.73,0.46,0.16,projected
Wychavon,2021-07-16,0.98,0.94,0.89,0.82,0.73,0.46,0.16,projected
Wychavon,2021-07-17,0.98,0.94,0.89,0.82,0.73,0.46,0.16,projected
Wychavon,2021-07-18,0.98,0.94,0.89,0.82,0.73,0.46,0.16,projected
Wychavon,2021-07-19,0.98,0.94,0.89,0.82,0.73,0.46,0.16,projected
Wychavon,2021-07-20,0.97,0.94,0.89,0.82,0.73,0.48,0.20,projected
Wychavon,2021-07-21,0.97,0.94,0.89,0.82,0.73,0.48,0.20,projected
Wychavon,2021-07-22,0.97,0.94,0.89,0.82,0.73,0.48,0.20,projected
Wychavon,2021-07-23,0.97,0.94,0.89,0.82,0.73,0.48,0.20,projected
Wychavon,2021-07-24,0.97,0.94,0.89,0.82,0.73,0.48,0.20,projected
Wychavon,2021-07-25,0.97,0.94,0.89,0.82,0.73,0.48,0.20,projected
Wychavon,2021-07-26,0.97,0.94,0.89,0.82,0.73,0.48,0.20,projected
Wyre,2021-03-23,0.02,0.00,0.00,0.00,0.00,0.00,0.00,inferred
Wyre,2021-03-24,0.02,0.00,0.00,0.00,0.00,0.00,0.00,inferred
Wyre,2021-03-25,0.02,0.00,0.00,0.00,0.00,0.00,0.00,inferred
Wyre,2021-03-26,0.02,0.00,0.00,0.00,0.00,0.00,0.00,inferred
Wyre,2021-03-27,0.02,0.00,0.00,0.00,0.00,0.00,0.00,inferred
Wyre,2021-03-28,0.02,0.00,0.00,0.00,0.00,0.00,0.00,inferred
Wyre,2021-03-29,0.02,0.00,0.00,0.00,0.00,0.00,0.00,inferred
Wyre,2021-03-30,0.33,0.17,0.08,0.02,0.01,0.00,0.00,inferred
Wyre,2021-03-31,0.33,0.17,0.08,0.02,0.01,0.00,0.00,inferred
Wyre,2021-04-01,0.33,0.17,0.08,0.02,0.01,0.00,0.00,inferred
Wyre,2021-04-02,0.33,0.17,0.08,0.02,0.01,0.00,0.00,inferred
Wyre,2021-04-03,0.33,0.17,0.08,0.02,0.01,0.00,0.00,inferred
Wyre,2021-04-04,0.33,0.17,0.08,0.02,0.01,0.00,0.00,inferred
Wyre,2021-04-05,0.33,0.17,0.08,0.02,0.01,0.00,0.00,inferred
Wyre,2021-04-06,0.56,0.39,0.24,0.13,0.07,0.00,0.00,inferred
Wyre,2021-04-07,0.56,0.39,0.24,0.13,0.07,0.00,0.00,inferred
Wyre,2021-04-08,0.56,0.39,0.24,0.13,0.07,0.00,0.00,inferred
Wyre,2021-04-09,0.56,0.39,0.24,0.13,0.07,0.00,0.00,inferred
Wyre,2021-04-10,0.56,0.39,0.24,0.13,0.07,0.00,0.00,inferred
Wyre,2021-04-11,0.56,0.39,0.24,0.13,0.07,0.00,0.00,inferred
Wyre,2021-04-12,0.56,0.39,0.24,0.13,0.07,0.00,0.00,inferred
Wyre,2021-04-13,0.82,0.67,0.51,0.35,0.23,0.03,0.00,inferred
Wyre,2021-04-14,0.82,0.67,0.51,0.35,0.23,0.03,0.00,inferred
Wyre,2021-04-15,0.82,0.67,0.51,0.35,0.23,0.03,0.00,inferred
Wyre,2021-04-16,0.82,0.67,0.51,0.35,0.23,0.03,0.00,inferred
Wyre,2021-04-17,0.82,0.67,0.51,0.35,0.23,0.03,0.00,inferred
Wyre,2021-04-18,0.82,0.67,0.51,0.35,0.23,0.03,0.00,inferred
Wyre,2021-04-19,0.82,0.67,0.51,0.35,0.23,0.03,0.00,inferred
Wyre,2021-04-20,0.99,0.97,0.93,0.86,0.77,0.38,0.04,inferred
Wyre,2021-04-21,0.99,0.97,0.93,0.86,0.77,0.38,0.04,inferred
Wyre,2021-04-22,0.99,0.97,0.93,0.86,0.77,0.38,0.04,inferred
Wyre,2021-04-23,0.99,0.97,0.93,0.86,0.77,0.38,0.04,inferred
Wyre,2021-04-24,0.99,0.97,0.93,0.86,0.77,0.38,0.04,inferred
Wyre,2021-04-25,0.99,0.97,0.93,0.86,0.77,0.38,0.04,inferred
Wyre,2021-04-26,0.99,0.97,0.93,0.86,0.77,0.38,0.04,inferred
Wyre,2021-04-27,0.94,0.85,0.71,0.56,0.40,0.10,0.00,inferred
Wyre,2021-04-28,0.94,0.85,0.71,0.56,0.40,0.10,0.00,inferred
Wyre,2021-04-29,0.94,0.85,0.71,0.56,0.40,0.10,0.00,inferred
Wyre,2021-04-30,0.94,0.85,0.71,0.56,0.40,0.10,0.00,inferred
Wyre,2021-05-01,0.94,0.85,0.71,0.56,0.40,0.10,0.00,inferred
Wyre,2021-05-02,0.94,0.85,0.71,0.56,0.40,0.10,0.00,inferred
Wyre,2021-05-03,0.94,0.85,0.71,0.56,0.40,0.10,0.00,inferred
Wyre,2021-05-04,0.71,0.54,0.35,0.22,0.12,0.01,0.00,inferred
Wyre,2021-05-05,0.71,0.54,0.35,0.22,0.12,0.01,0.00,inferred
Wyre,2021-05-06,0.71,0.54,0.35,0.22,0.12,0.01,0.00,inferred
Wyre,2021-05-07,0.71,0.54,0.35,0.22,0.12,0.01,0.00,inferred
Wyre,2021-05-08,0.71,0.54,0.35,0.22,0.12,0.01,0.00,inferred
Wyre,2021-05-09,0.71,0.54,0.35,0.22,0.12,0.01,0.00,inferred
Wyre,2021-05-10,0.71,0.54,0.35,0.22,0.12,0.01,0.00,inferred
Wyre,2021-05-11,0.71,0.54,0.37,0.23,0.13,0.01,0.00,inferred
Wyre,2021-05-12,0.71,0.54,0.37,0.23,0.13,0.01,0.00,inferred
Wyre,2021-05-13,0.71,0.54,0.37,0.23,0.13,0.01,0.00,inferred
Wyre,2021-05-14,0.71,0.54,0.37,0.23,0.13,0.01,0.00,inferred
Wyre,2021-05-15,0.71,0.54,0.37,0.23,0.13,0.01,0.00,inferred
Wyre,2021-05-16,0.71,0.54,0.37,0.23,0.13,0.01,0.00,inferred
Wyre,2021-05-17,0.71,0.54,0.37,0.23,0.13,0.01,0.00,inferred
Wyre,2021-05-18,1.00,1.00,1.00,0.99,0.99,0.84,0.29,inferred
Wyre,2021-05-19,1.00,1.00,1.00,0.99,0.99,0.84,0.29,inferred
Wyre,2021-05-20,1.00,1.00,1.00,0.99,0.99,0.84,0.29,inferred
Wyre,2021-05-21,1.00,1.00,1.00,0.99,0.99,0.84,0.29,inferred
Wyre,2021-05-22,1.00,1.00,1.00,0.99,0.99,0.84,0.29,inferred
Wyre,2021-05-23,1.00,1.00,1.00,0.99,0.99,0.84,0.29,inferred
Wyre,2021-05-24,1.00,1.00,1.00,0.99,0.99,0.84,0.29,inferred
Wyre,2021-05-25,1.00,1.00,1.00,1.00,1.00,0.99,0.76,inferred
Wyre,2021-05-26,1.00,1.00,1.00,1.00,1.00,0.99,0.76,inferred
Wyre,2021-05-27,1.00,1.00,1.00,1.00,1.00,0.99,0.76,inferred
Wyre,2021-05-28,1.00,1.00,1.00,1.00,1.00,0.99,0.76,inferred
Wyre,2021-05-29,1.00,1.00,1.00,1.00,1.00,0.99,0.76,inferred
Wyre,2021-05-30,1.00,1.00,1.00,1.00,1.00,0.99,0.76,inferred
Wyre,2021-05-31,1.00,1.00,1.00,1.00,1.00,0.99,0.76,inferred
Wyre,2021-06-01,1.00,1.00,1.00,1.00,1.00,0.83,0.22,inferred
Wyre,2021-06-02,1.00,1.00,1.00,1.00,1.00,0.83,0.22,inferred
Wyre,2021-06-03,1.00,1.00,1.00,1.00,1.00,0.83,0.22,inferred
Wyre,2021-06-04,1.00,1.00,1.00,1.00,1.00,0.83,0.22,inferred
Wyre,2021-06-05,1.00,1.00,1.00,1.00,1.00,0.83,0.22,inferred
Wyre,2021-06-06,1.00,1.00,1.00,1.00,1.00,0.83,0.22,inferred
Wyre,2021-06-07,1.00,1.00,1.00,1.00,1.00,0.83,0.22,inferred
Wyre,2021-06-08,1.00,1.00,1.00,1.00,0.99,0.77,0.12,inferred
Wyre,2021-06-09,1.00,1.00,1.00,1.00,0.99,0.77,0.12,inferred
Wyre,2021-06-10,1.00,1.00,1.00,1.00,0.99,0.77,0.12,inferred
Wyre,2021-06-11,1.00,1.00,1.00,1.00,0.99,0.77,0.12,inferred
Wyre,2021-06-12,1.00,1.00,1.00,1.00,0.99,0.77,0.12,inferred
Wyre,2021-06-13,1.00,1.00,1.00,1.00,0.99,0.77,0.12,inferred
Wyre,2021-06-14,1.00,1.00,1.00,1.00,0.99,0.77,0.12,inferred
Wyre,2021-06-15,1.00,1.00,1.00,1.00,0.99,0.71,0.03,inferred
Wyre,2021-06-16,1.00,1.00,1.00,1.00,0.99,0.71,0.03,inferred
Wyre,2021-06-17,1.00,1.00,1.00,1.00,0.99,0.71,0.03,inferred
Wyre,2021-06-18,1.00,1.00,1.00,1.00,0.99,0.71,0.03,inferred
Wyre,2021-06-19,1.00,1.00,1.00,1.00,0.99,0.71,0.03,inferred
Wyre,2021-06-20,1.00,1.00,1.00,1.00,0.99,0.71,0.03,inferred
Wyre,2021-06-21,1.00,1.00,1.00,1.00,0.99,0.71,0.03,inferred
Wyre,2021-06-22,1.00,1.00,1.00,1.00,0.93,0.35,0.00,inferred
Wyre,2021-06-23,1.00,1.00,1.00,1.00,0.93,0.35,0.00,inferred
Wyre,2021-06-24,1.00,1.00,1.00,1.00,0.93,0.35,0.00,inferred
Wyre,2021-06-25,1.00,1.00,1.00,1.00,0.93,0.35,0.00,inferred
Wyre,2021-06-26,1.00,1.00,1.00,1.00,0.93,0.35,0.00,inferred
Wyre,2021-06-27,1.00,1.00,1.00,1.00,0.93,0.35,0.00,inferred
Wyre,2021-06-28,1.00,1.00,1.00,1.00,0.93,0.35,0.00,inferred
Wyre,2021-06-29,1.00,0.99,0.96,0.89,0.77,0.29,0.02,inferred
Wyre,2021-06-30,1.00,0.99,0.96,0.89,0.77,0.29,0.02,inferred
Wyre,2021-07-01,1.00,0.99,0.96,0.89,0.77,0.29,0.02,inferred
Wyre,2021-07-02,1.00,0.99,0.96,0.89,0.77,0.29,0.02,inferred
Wyre,2021-07-03,1.00,0.99,0.96,0.89,0.77,0.29,0.02,inferred
Wyre,2021-07-04,1.00,0.99,0.96,0.89,0.77,0.29,0.02,inferred
Wyre,2021-07-05,1.00,0.99,0.96,0.89,0.77,0.29,0.02,inferred
Wyre,2021-07-06,0.96,0.92,0.84,0.74,0.63,0.33,0.07,projected
Wyre,2021-07-07,0.96,0.92,0.84,0.74,0.63,0.33,0.07,projected
Wyre,2021-07-08,0.96,0.92,0.84,0.74,0.63,0.33,0.07,projected
Wyre,2021-07-09,0.96,0.92,0.84,0.74,0.63,0.33,0.07,projected
Wyre,2021-07-10,0.96,0.92,0.84,0.74,0.63,0.33,0.07,projected
Wyre,2021-07-11,0.96,0.92,0.84,0.74,0.63,0.33,0.07,projected
Wyre,2021-07-12,0.96,0.92,0.84,0.74,0.63,0.33,0.07,projected
Wyre,2021-07-13,0.93,0.87,0.79,0.69,0.59,0.32,0.11,projected
Wyre,2021-07-14,0.93,0.87,0.79,0.69,0.59,0.32,0.11,projected
Wyre,2021-07-15,0.93,0.87,0.79,0.69,0.59,0.32,0.11,projected
Wyre,2021-07-16,0.93,0.87,0.79,0.69,0.59,0.32,0.11,projected
Wyre,2021-07-17,0.93,0.87,0.79,0.69,0.59,0.32,0.11,projected
Wyre,2021-07-18,0.93,0.87,0.79,0.69,0.59,0.32,0.11,projected
Wyre,2021-07-19,0.93,0.87,0.79,0.69,0.59,0.32,0.11,projected
Wyre,2021-07-20,0.88,0.82,0.75,0.66,0.57,0.34,0.13,projected
Wyre,2021-07-21,0.88,0.82,0.75,0.66,0.57,0.34,0.13,projected
Wyre,2021-07-22,0.88,0.82,0.75,0.66,0.57,0.34,0.13,projected
Wyre,2021-07-23,0.88,0.82,0.75,0.66,0.57,0.34,0.13,projected
Wyre,2021-07-24,0.88,0.82,0.75,0.66,0.57,0.34,0.13,projected
Wyre,2021-07-25,0.88,0.82,0.75,0.66,0.57,0.34,0.13,projected
Wyre,2021-07-26,0.88,0.82,0.75,0.66,0.57,0.34,0.13,projected
Wyre Forest,2021-03-23,0.03,0.00,0.00,0.00,0.00,0.00,0.00,inferred
Wyre Forest,2021-03-24,0.03,0.00,0.00,0.00,0.00,0.00,0.00,inferred
Wyre Forest,2021-03-25,0.03,0.00,0.00,0.00,0.00,0.00,0.00,inferred
Wyre Forest,2021-03-26,0.03,0.00,0.00,0.00,0.00,0.00,0.00,inferred
Wyre Forest,2021-03-27,0.03,0.00,0.00,0.00,0.00,0.00,0.00,inferred
Wyre Forest,2021-03-28,0.03,0.00,0.00,0.00,0.00,0.00,0.00,inferred
Wyre Forest,2021-03-29,0.03,0.00,0.00,0.00,0.00,0.00,0.00,inferred
Wyre Forest,2021-03-30,0.02,0.00,0.00,0.00,0.00,0.00,0.00,inferred
Wyre Forest,2021-03-31,0.02,0.00,0.00,0.00,0.00,0.00,0.00,inferred
Wyre Forest,2021-04-01,0.02,0.00,0.00,0.00,0.00,0.00,0.00,inferred
Wyre Forest,2021-04-02,0.02,0.00,0.00,0.00,0.00,0.00,0.00,inferred
Wyre Forest,2021-04-03,0.02,0.00,0.00,0.00,0.00,0.00,0.00,inferred
Wyre Forest,2021-04-04,0.02,0.00,0.00,0.00,0.00,0.00,0.00,inferred
Wyre Forest,2021-04-05,0.02,0.00,0.00,0.00,0.00,0.00,0.00,inferred
Wyre Forest,2021-04-06,0.21,0.11,0.05,0.02,0.01,0.00,0.00,inferred
Wyre Forest,2021-04-07,0.21,0.11,0.05,0.02,0.01,0.00,0.00,inferred
Wyre Forest,2021-04-08,0.21,0.11,0.05,0.02,0.01,0.00,0.00,inferred
Wyre Forest,2021-04-09,0.21,0.11,0.05,0.02,0.01,0.00,0.00,inferred
Wyre Forest,2021-04-10,0.21,0.11,0.05,0.02,0.01,0.00,0.00,inferred
Wyre Forest,2021-04-11,0.21,0.11,0.05,0.02,0.01,0.00,0.00,inferred
Wyre Forest,2021-04-12,0.21,0.11,0.05,0.02,0.01,0.00,0.00,inferred
Wyre Forest,2021-04-13,0.49,0.32,0.19,0.09,0.04,0.00,0.00,inferred
Wyre Forest,2021-04-14,0.49,0.32,0.19,0.09,0.04,0.00,0.00,inferred
Wyre Forest,2021-04-15,0.49,0.32,0.19,0.09,0.04,0.00,0.00,inferred
Wyre Forest,2021-04-16,0.49,0.32,0.19,0.09,0.04,0.00,0.00,inferred
Wyre Forest,2021-04-17,0.49,0.32,0.19,0.09,0.04,0.00,0.00,inferred
Wyre Forest,2021-04-18,0.49,0.32,0.19,0.09,0.04,0.00,0.00,inferred
Wyre Forest,2021-04-19,0.49,0.32,0.19,0.09,0.04,0.00,0.00,inferred
Wyre Forest,2021-04-20,0.41,0.25,0.15,0.08,0.04,0.00,0.00,inferred
Wyre Forest,2021-04-21,0.41,0.25,0.15,0.08,0.04,0.00,0.00,inferred
Wyre Forest,2021-04-22,0.41,0.25,0.15,0.08,0.04,0.00,0.00,inferred
Wyre Forest,2021-04-23,0.41,0.25,0.15,0.08,0.04,0.00,0.00,inferred
Wyre Forest,2021-04-24,0.41,0.25,0.15,0.08,0.04,0.00,0.00,inferred
Wyre Forest,2021-04-25,0.41,0.25,0.15,0.08,0.04,0.00,0.00,inferred
Wyre Forest,2021-04-26,0.41,0.25,0.15,0.08,0.04,0.00,0.00,inferred
Wyre Forest,2021-04-27,0.70,0.54,0.41,0.25,0.15,0.02,0.00,inferred
Wyre Forest,2021-04-28,0.70,0.54,0.41,0.25,0.15,0.02,0.00,inferred
Wyre Forest,2021-04-29,0.70,0.54,0.41,0.25,0.15,0.02,0.00,inferred
Wyre Forest,2021-04-30,0.70,0.54,0.41,0.25,0.15,0.02,0.00,inferred
Wyre Forest,2021-05-01,0.70,0.54,0.41,0.25,0.15,0.02,0.00,inferred
Wyre Forest,2021-05-02,0.70,0.54,0.41,0.25,0.15,0.02,0.00,inferred
Wyre Forest,2021-05-03,0.70,0.54,0.41,0.25,0.15,0.02,0.00,inferred
Wyre Forest,2021-05-04,0.84,0.72,0.59,0.44,0.30,0.08,0.00,inferred
Wyre Forest,2021-05-05,0.84,0.72,0.59,0.44,0.30,0.08,0.00,inferred
Wyre Forest,2021-05-06,0.84,0.72,0.59,0.44,0.30,0.08,0.00,inferred
Wyre Forest,2021-05-07,0.84,0.72,0.59,0.44,0.30,0.08,0.00,inferred
Wyre Forest,2021-05-08,0.84,0.72,0.59,0.44,0.30,0.08,0.00,inferred
Wyre Forest,2021-05-09,0.84,0.72,0.59,0.44,0.30,0.08,0.00,inferred
Wyre Forest,2021-05-10,0.84,0.72,0.59,0.44,0.30,0.08,0.00,inferred
Wyre Forest,2021-05-11,0.94,0.87,0.77,0.65,0.52,0.21,0.02,inferred
Wyre Forest,2021-05-12,0.94,0.87,0.77,0.65,0.52,0.21,0.02,inferred
Wyre Forest,2021-05-13,0.94,0.87,0.77,0.65,0.52,0.21,0.02,inferred
Wyre Forest,2021-05-14,0.94,0.87,0.77,0.65,0.52,0.21,0.02,inferred
Wyre Forest,2021-05-15,0.94,0.87,0.77,0.65,0.52,0.21,0.02,inferred
Wyre Forest,2021-05-16,0.94,0.87,0.77,0.65,0.52,0.21,0.02,inferred
Wyre Forest,2021-05-17,0.94,0.87,0.77,0.65,0.52,0.21,0.02,inferred
Wyre Forest,2021-05-18,0.99,0.97,0.93,0.86,0.76,0.39,0.06,inferred
Wyre Forest,2021-05-19,0.99,0.97,0.93,0.86,0.76,0.39,0.06,inferred
Wyre Forest,2021-05-20,0.99,0.97,0.93,0.86,0.76,0.39,0.06,inferred
Wyre Forest,2021-05-21,0.99,0.97,0.93,0.86,0.76,0.39,0.06,inferred
Wyre Forest,2021-05-22,0.99,0.97,0.93,0.86,0.76,0.39,0.06,inferred
Wyre Forest,2021-05-23,0.99,0.97,0.93,0.86,0.76,0.39,0.06,inferred
Wyre Forest,2021-05-24,0.99,0.97,0.93,0.86,0.76,0.39,0.06,inferred
Wyre Forest,2021-05-25,0.99,0.96,0.88,0.78,0.65,0.25,0.02,inferred
Wyre Forest,2021-05-26,0.99,0.96,0.88,0.78,0.65,0.25,0.02,inferred
Wyre Forest,2021-05-27,0.99,0.96,0.88,0.78,0.65,0.25,0.02,inferred
Wyre Forest,2021-05-28,0.99,0.96,0.88,0.78,0.65,0.25,0.02,inferred
Wyre Forest,2021-05-29,0.99,0.96,0.88,0.78,0.65,0.25,0.02,inferred
Wyre Forest,2021-05-30,0.99,0.96,0.88,0.78,0.65,0.25,0.02,inferred
Wyre Forest,2021-05-31,0.99,0.96,0.88,0.78,0.65,0.25,0.02,inferred
Wyre Forest,2021-06-01,0.92,0.81,0.67,0.50,0.35,0.07,0.00,inferred
Wyre Forest,2021-06-02,0.92,0.81,0.67,0.50,0.35,0.07,0.00,inferred
Wyre Forest,2021-06-03,0.92,0.81,0.67,0.50,0.35,0.07,0.00,inferred
Wyre Forest,2021-06-04,0.92,0.81,0.67,0.50,0.35,0.07,0.00,inferred
Wyre Forest,2021-06-05,0.92,0.81,0.67,0.50,0.35,0.07,0.00,inferred
Wyre Forest,2021-06-06,0.92,0.81,0.67,0.50,0.35,0.07,0.00,inferred
Wyre Forest,2021-06-07,0.92,0.81,0.67,0.50,0.35,0.07,0.00,inferred
Wyre Forest,2021-06-08,1.00,1.00,1.00,0.98,0.94,0.67,0.12,inferred
Wyre Forest,2021-06-09,1.00,1.00,1.00,0.98,0.94,0.67,0.12,inferred
Wyre Forest,2021-06-10,1.00,1.00,1.00,0.98,0.94,0.67,0.12,inferred
Wyre Forest,2021-06-11,1.00,1.00,1.00,0.98,0.94,0.67,0.12,inferred
Wyre Forest,2021-06-12,1.00,1.00,1.00,0.98,0.94,0.67,0.12,inferred
Wyre Forest,2021-06-13,1.00,1.00,1.00,0.98,0.94,0.67,0.12,inferred
Wyre Forest,2021-06-14,1.00,1.00,1.00,0.98,0.94,0.67,0.12,inferred
Wyre Forest,2021-06-15,1.00,1.00,1.00,1.00,1.00,0.99,0.71,inferred
Wyre Forest,2021-06-16,1.00,1.00,1.00,1.00,1.00,0.99,0.71,inferred
Wyre Forest,2021-06-17,1.00,1.00,1.00,1.00,1.00,0.99,0.71,inferred
Wyre Forest,2021-06-18,1.00,1.00,1.00,1.00,1.00,0.99,0.71,inferred
Wyre Forest,2021-06-19,1.00,1.00,1.00,1.00,1.00,0.99,0.71,inferred
Wyre Forest,2021-06-20,1.00,1.00,1.00,1.00,1.00,0.99,0.71,inferred
Wyre Forest,2021-06-21,1.00,1.00,1.00,1.00,1.00,0.99,0.71,inferred
Wyre Forest,2021-06-22,1.00,1.00,1.00,1.00,1.00,1.00,0.87,inferred
Wyre Forest,2021-06-23,1.00,1.00,1.00,1.00,1.00,1.00,0.87,inferred
Wyre Forest,2021-06-24,1.00,1.00,1.00,1.00,1.00,1.00,0.87,inferred
Wyre Forest,2021-06-25,1.00,1.00,1.00,1.00,1.00,1.00,0.87,inferred
Wyre Forest,2021-06-26,1.00,1.00,1.00,1.00,1.00,1.00,0.87,inferred
Wyre Forest,2021-06-27,1.00,1.00,1.00,1.00,1.00,1.00,0.87,inferred
Wyre Forest,2021-06-28,1.00,1.00,1.00,1.00,1.00,1.00,0.87,inferred
Wyre Forest,2021-06-29,1.00,1.00,1.00,0.99,0.97,0.76,0.25,inferred
Wyre Forest,2021-06-30,1.00,1.00,1.00,0.99,0.97,0.76,0.25,inferred
Wyre Forest,2021-07-01,1.00,1.00,1.00,0.99,0.97,0.76,0.25,inferred
Wyre Forest,2021-07-02,1.00,1.00,1.00,0.99,0.97,0.76,0.25,inferred
Wyre Forest,2021-07-03,1.00,1.00,1.00,0.99,0.97,0.76,0.25,inferred
Wyre Forest,2021-07-04,1.00,1.00,1.00,0.99,0.97,0.76,0.25,inferred
Wyre Forest,2021-07-05,1.00,1.00,1.00,0.99,0.97,0.76,0.25,inferred
Wyre Forest,2021-07-06,1.00,0.98,0.95,0.91,0.85,0.59,0.23,projected
Wyre Forest,2021-07-07,1.00,0.98,0.95,0.91,0.85,0.59,0.23,projected
Wyre Forest,2021-07-08,1.00,0.98,0.95,0.91,0.85,0.59,0.23,projected
Wyre Forest,2021-07-09,1.00,0.98,0.95,0.91,0.85,0.59,0.23,projected
Wyre Forest,2021-07-10,1.00,0.98,0.95,0.91,0.85,0.59,0.23,projected
Wyre Forest,2021-07-11,1.00,0.98,0.95,0.91,0.85,0.59,0.23,projected
Wyre Forest,2021-07-12,1.00,0.98,0.95,0.91,0.85,0.59,0.23,projected
Wyre Forest,2021-07-13,0.98,0.95,0.91,0.86,0.79,0.54,0.24,projected
Wyre Forest,2021-07-14,0.98,0.95,0.91,0.86,0.79,0.54,0.24,projected
Wyre Forest,2021-07-15,0.98,0.95,0.91,0.86,0.79,0.54,0.24,projected
Wyre Forest,2021-07-16,0.98,0.95,0.91,0.86,0.79,0.54,0.24,projected
Wyre Forest,2021-07-17,0.98,0.95,0.91,0.86,0.79,0.54,0.24,projected
Wyre Forest,2021-07-18,0.98,0.95,0.91,0.86,0.79,0.54,0.24,projected
Wyre Forest,2021-07-19,0.98,0.95,0.91,0.86,0.79,0.54,0.24,projected
Wyre Forest,2021-07-20,0.96,0.93,0.88,0.83,0.75,0.51,0.25,projected
Wyre Forest,2021-07-21,0.96,0.93,0.88,0.83,0.75,0.51,0.25,projected
Wyre Forest,2021-07-22,0.96,0.93,0.88,0.83,0.75,0.51,0.25,projected
Wyre Forest,2021-07-23,0.96,0.93,0.88,0.83,0.75,0.51,0.25,projected
Wyre Forest,2021-07-24,0.96,0.93,0.88,0.83,0.75,0.51,0.25,projected
Wyre Forest,2021-07-25,0.96,0.93,0.88,0.83,0.75,0.51,0.25,projected
Wyre Forest,2021-07-26,0.96,0.93,0.88,0.83,0.75,0.51,0.25,projected
York,2021-03-23,0.03,0.00,0.00,0.00,0.00,0.00,0.00,inferred
York,2021-03-24,0.03,0.00,0.00,0.00,0.00,0.00,0.00,inferred
York,2021-03-25,0.03,0.00,0.00,0.00,0.00,0.00,0.00,inferred
York,2021-03-26,0.03,0.00,0.00,0.00,0.00,0.00,0.00,inferred
York,2021-03-27,0.03,0.00,0.00,0.00,0.00,0.00,0.00,inferred
York,2021-03-28,0.03,0.00,0.00,0.00,0.00,0.00,0.00,inferred
York,2021-03-29,0.03,0.00,0.00,0.00,0.00,0.00,0.00,inferred
York,2021-03-30,0.65,0.42,0.22,0.10,0.03,0.00,0.00,inferred
York,2021-03-31,0.65,0.42,0.22,0.10,0.03,0.00,0.00,inferred
York,2021-04-01,0.65,0.42,0.22,0.10,0.03,0.00,0.00,inferred
York,2021-04-02,0.65,0.42,0.22,0.10,0.03,0.00,0.00,inferred
York,2021-04-03,0.65,0.42,0.22,0.10,0.03,0.00,0.00,inferred
York,2021-04-04,0.65,0.42,0.22,0.10,0.03,0.00,0.00,inferred
York,2021-04-05,0.65,0.42,0.22,0.10,0.03,0.00,0.00,inferred
York,2021-04-06,0.95,0.87,0.71,0.54,0.36,0.05,0.00,inferred
York,2021-04-07,0.95,0.87,0.71,0.54,0.36,0.05,0.00,inferred
York,2021-04-08,0.95,0.87,0.71,0.54,0.36,0.05,0.00,inferred
York,2021-04-09,0.95,0.87,0.71,0.54,0.36,0.05,0.00,inferred
York,2021-04-10,0.95,0.87,0.71,0.54,0.36,0.05,0.00,inferred
York,2021-04-11,0.95,0.87,0.71,0.54,0.36,0.05,0.00,inferred
York,2021-04-12,0.95,0.87,0.71,0.54,0.36,0.05,0.00,inferred
York,2021-04-13,0.99,0.96,0.90,0.78,0.61,0.16,0.00,inferred
York,2021-04-14,0.99,0.96,0.90,0.78,0.61,0.16,0.00,inferred
York,2021-04-15,0.99,0.96,0.90,0.78,0.61,0.16,0.00,inferred
York,2021-04-16,0.99,0.96,0.90,0.78,0.61,0.16,0.00,inferred
York,2021-04-17,0.99,0.96,0.90,0.78,0.61,0.16,0.00,inferred
York,2021-04-18,0.99,0.96,0.90,0.78,0.61,0.16,0.00,inferred
York,2021-04-19,0.99,0.96,0.90,0.78,0.61,0.16,0.00,inferred
York,2021-04-20,0.79,0.60,0.38,0.20,0.09,0.00,0.00,inferred
York,2021-04-21,0.79,0.60,0.38,0.20,0.09,0.00,0.00,inferred
York,2021-04-22,0.79,0.60,0.38,0.20,0.09,0.00,0.00,inferred
York,2021-04-23,0.79,0.60,0.38,0.20,0.09,0.00,0.00,inferred
York,2021-04-24,0.79,0.60,0.38,0.20,0.09,0.00,0.00,inferred
York,2021-04-25,0.79,0.60,0.38,0.20,0.09,0.00,0.00,inferred
York,2021-04-26,0.79,0.60,0.38,0.20,0.09,0.00,0.00,inferred
York,2021-04-27,0.80,0.61,0.38,0.20,0.09,0.01,0.00,inferred
York,2021-04-28,0.80,0.61,0.38,0.20,0.09,0.01,0.00,inferred
York,2021-04-29,0.80,0.61,0.38,0.20,0.09,0.01,0.00,inferred
York,2021-04-30,0.80,0.61,0.38,0.20,0.09,0.01,0.00,inferred
York,2021-05-01,0.80,0.61,0.38,0.20,0.09,0.01,0.00,inferred
York,2021-05-02,0.80,0.61,0.38,0.20,0.09,0.01,0.00,inferred
York,2021-05-03,0.80,0.61,0.38,0.20,0.09,0.01,0.00,inferred
York,2021-05-04,0.71,0.49,0.28,0.15,0.06,0.00,0.00,inferred
York,2021-05-05,0.71,0.49,0.28,0.15,0.06,0.00,0.00,inferred
York,2021-05-06,0.71,0.49,0.28,0.15,0.06,0.00,0.00,inferred
York,2021-05-07,0.71,0.49,0.28,0.15,0.06,0.00,0.00,inferred
York,2021-05-08,0.71,0.49,0.28,0.15,0.06,0.00,0.00,inferred
York,2021-05-09,0.71,0.49,0.28,0.15,0.06,0.00,0.00,inferred
York,2021-05-10,0.71,0.49,0.28,0.15,0.06,0.00,0.00,inferred
York,2021-05-11,0.95,0.85,0.68,0.48,0.30,0.03,0.00,inferred
York,2021-05-12,0.95,0.85,0.68,0.48,0.30,0.03,0.00,inferred
York,2021-05-13,0.95,0.85,0.68,0.48,0.30,0.03,0.00,inferred
York,2021-05-14,0.95,0.85,0.68,0.48,0.30,0.03,0.00,inferred
York,2021-05-15,0.95,0.85,0.68,0.48,0.30,0.03,0.00,inferred
York,2021-05-16,0.95,0.85,0.68,0.48,0.30,0.03,0.00,inferred
York,2021-05-17,0.95,0.85,0.68,0.48,0.30,0.03,0.00,inferred
York,2021-05-18,1.00,0.99,0.97,0.92,0.80,0.29,0.02,inferred
York,2021-05-19,1.00,0.99,0.97,0.92,0.80,0.29,0.02,inferred
York,2021-05-20,1.00,0.99,0.97,0.92,0.80,0.29,0.02,inferred
York,2021-05-21,1.00,0.99,0.97,0.92,0.80,0.29,0.02,inferred
York,2021-05-22,1.00,0.99,0.97,0.92,0.80,0.29,0.02,inferred
York,2021-05-23,1.00,0.99,0.97,0.92,0.80,0.29,0.02,inferred
York,2021-05-24,1.00,0.99,0.97,0.92,0.80,0.29,0.02,inferred
York,2021-05-25,1.00,1.00,1.00,1.00,0.97,0.74,0.13,inferred
York,2021-05-26,1.00,1.00,1.00,1.00,0.97,0.74,0.13,inferred
York,2021-05-27,1.00,1.00,1.00,1.00,0.97,0.74,0.13,inferred
York,2021-05-28,1.00,1.00,1.00,1.00,0.97,0.74,0.13,inferred
York,2021-05-29,1.00,1.00,1.00,1.00,0.97,0.74,0.13,inferred
York,2021-05-30,1.00,1.00,1.00,1.00,0.97,0.74,0.13,inferred
York,2021-05-31,1.00,1.00,1.00,1.00,0.97,0.74,0.13,inferred
York,2021-06-01,1.00,1.00,1.00,1.00,1.00,0.94,0.45,inferred
York,2021-06-02,1.00,1.00,1.00,1.00,1.00,0.94,0.45,inferred
York,2021-06-03,1.00,1.00,1.00,1.00,1.00,0.94,0.45,inferred
York,2021-06-04,1.00,1.00,1.00,1.00,1.00,0.94,0.45,inferred
York,2021-06-05,1.00,1.00,1.00,1.00,1.00,0.94,0.45,inferred
York,2021-06-06,1.00,1.00,1.00,1.00,1.00,0.94,0.45,inferred
York,2021-06-07,1.00,1.00,1.00,1.00,1.00,0.94,0.45,inferred
York,2021-06-08,1.00,1.00,1.00,1.00,1.00,0.99,0.64,inferred
York,2021-06-09,1.00,1.00,1.00,1.00,1.00,0.99,0.64,inferred
York,2021-06-10,1.00,1.00,1.00,1.00,1.00,0.99,0.64,inferred
York,2021-06-11,1.00,1.00,1.00,1.00,1.00,0.99,0.64,inferred
York,2021-06-12,1.00,1.00,1.00,1.00,1.00,0.99,0.64,inferred
York,2021-06-13,1.00,1.00,1.00,1.00,1.00,0.99,0.64,inferred
York,2021-06-14,1.00,1.00,1.00,1.00,1.00,0.99,0.64,inferred
York,2021-06-15,1.00,1.00,1.00,1.00,1.00,1.00,0.85,inferred
York,2021-06-16,1.00,1.00,1.00,1.00,1.00,1.00,0.85,inferred
York,2021-06-17,1.00,1.00,1.00,1.00,1.00,1.00,0.85,inferred
York,2021-06-18,1.00,1.00,1.00,1.00,1.00,1.00,0.85,inferred
York,2021-06-19,1.00,1.00,1.00,1.00,1.00,1.00,0.85,inferred
York,2021-06-20,1.00,1.00,1.00,1.00,1.00,1.00,0.85,inferred
York,2021-06-21,1.00,1.00,1.00,1.00,1.00,1.00,0.85,inferred
York,2021-06-22,1.00,1.00,0.99,0.88,0.70,0.12,0.00,inferred
York,2021-06-23,1.00,1.00,0.99,0.88,0.70,0.12,0.00,inferred
York,2021-06-24,1.00,1.00,0.99,0.88,0.70,0.12,0.00,inferred
York,2021-06-25,1.00,1.00,0.99,0.88,0.70,0.12,0.00,inferred
York,2021-06-26,1.00,1.00,0.99,0.88,0.70,0.12,0.00,inferred
York,2021-06-27,1.00,1.00,0.99,0.88,0.70,0.12,0.00,inferred
York,2021-06-28,1.00,1.00,0.99,0.88,0.70,0.12,0.00,inferred
York,2021-06-29,0.90,0.68,0.44,0.22,0.09,0.00,0.00,inferred
York,2021-06-30,0.90,0.68,0.44,0.22,0.09,0.00,0.00,inferred
York,2021-07-01,0.90,0.68,0.44,0.22,0.09,0.00,0.00,inferred
York,2021-07-02,0.90,0.68,0.44,0.22,0.09,0.00,0.00,inferred
York,2021-07-03,0.90,0.68,0.44,0.22,0.09,0.00,0.00,inferred
York,2021-07-04,0.90,0.68,0.44,0.22,0.09,0.00,0.00,inferred
York,2021-07-05,0.90,0.68,0.44,0.22,0.09,0.00,0.00,inferred
York,2021-07-06,0.81,0.67,0.51,0.38,0.26,0.07,0.01,projected
York,2021-07-07,0.81,0.67,0.51,0.38,0.26,0.07,0.01,projected
York,2021-07-08,0.81,0.67,0.51,0.38,0.26,0.07,0.01,projected
York,2021-07-09,0.81,0.67,0.51,0.38,0.26,0.07,0.01,projected
York,2021-07-10,0.81,0.67,0.51,0.38,0.26,0.07,0.01,projected
York,2021-07-11,0.81,0.67,0.51,0.38,0.26,0.07,0.01,projected
York,2021-07-12,0.81,0.67,0.51,0.38,0.26,0.07,0.01,projected
York,2021-07-13,0.80,0.70,0.57,0.45,0.35,0.16,0.03,projected
York,2021-07-14,0.80,0.70,0.57,0.45,0.35,0.16,0.03,projected
York,2021-07-15,0.80,0.70,0.57,0.45,0.35,0.16,0.03,projected
York,2021-07-16,0.80,0.70,0.57,0.45,0.35,0.16,0.03,projected
York,2021-07-17,0.80,0.70,0.57,0.45,0.35,0.16,0.03,projected
York,2021-07-18,0.80,0.70,0.57,0.45,0.35,0.16,0.03,projected
York,2021-07-19,0.80,0.70,0.57,0.45,0.35,0.16,0.03,projected
York,2021-07-20,0.85,0.77,0.67,0.56,0.46,0.23,0.06,projected
York,2021-07-21,0.85,0.77,0.67,0.56,0.46,0.23,0.06,projected
York,2021-07-22,0.85,0.77,0.67,0.56,0.46,0.23,0.06,projected
York,2021-07-23,0.85,0.77,0.67,0.56,0.46,0.23,0.06,projected
York,2021-07-24,0.85,0.77,0.67,0.56,0.46,0.23,0.06,projected
York,2021-07-25,0.85,0.77,0.67,0.56,0.46,0.23,0.06,projected
York,2021-07-26,0.85,0.77,0.67,0.56,0.46,0.23,0.06,projected
