area,Date,Rt_025,Rt_05,Rt_10,Rt_20,Rt_25,Rt_30,Rt_40,Rt_50,Rt_60,Rt_70,Rt_75,Rt_80,Rt_90,Rt_95,Rt_975,provenance
"North East and Yorkshire",2021-10-26,0.80,0.80,0.81,0.82,0.83,0.83,0.84,0.84,0.84,0.85,0.85,0.85,0.86,0.87,0.87,inferred
"North East and Yorkshire",2021-10-27,0.80,0.80,0.81,0.82,0.83,0.83,0.84,0.84,0.84,0.85,0.85,0.85,0.86,0.87,0.87,inferred
"North East and Yorkshire",2021-10-28,0.80,0.80,0.81,0.82,0.83,0.83,0.84,0.84,0.84,0.85,0.85,0.85,0.86,0.87,0.87,inferred
"North East and Yorkshire",2021-10-29,0.80,0.80,0.81,0.82,0.83,0.83,0.84,0.84,0.84,0.85,0.85,0.85,0.86,0.87,0.87,inferred
"North East and Yorkshire",2021-10-30,0.80,0.80,0.81,0.82,0.83,0.83,0.84,0.84,0.84,0.85,0.85,0.85,0.86,0.87,0.87,inferred
"North East and Yorkshire",2021-10-31,0.80,0.80,0.81,0.82,0.83,0.83,0.84,0.84,0.84,0.85,0.85,0.85,0.86,0.87,0.87,inferred
"North East and Yorkshire",2021-11-01,0.80,0.80,0.81,0.82,0.83,0.83,0.84,0.84,0.84,0.85,0.85,0.85,0.86,0.87,0.87,inferred
"North East and Yorkshire",2021-11-02,0.98,0.99,1.00,1.02,1.02,1.03,1.04,1.05,1.06,1.07,1.07,1.08,1.09,1.10,1.11,inferred
"North East and Yorkshire",2021-11-03,0.98,0.99,1.00,1.02,1.02,1.03,1.04,1.05,1.06,1.07,1.07,1.08,1.09,1.10,1.11,inferred
"North East and Yorkshire",2021-11-04,0.98,0.99,1.00,1.02,1.02,1.03,1.04,1.05,1.06,1.07,1.07,1.08,1.09,1.10,1.11,inferred
"North East and Yorkshire",2021-11-05,0.98,0.99,1.00,1.02,1.02,1.03,1.04,1.05,1.06,1.07,1.07,1.08,1.09,1.10,1.11,inferred
"North East and Yorkshire",2021-11-06,0.98,0.99,1.00,1.02,1.02,1.03,1.04,1.05,1.06,1.07,1.07,1.08,1.09,1.10,1.11,inferred
"North East and Yorkshire",2021-11-07,0.98,0.99,1.00,1.02,1.02,1.03,1.04,1.05,1.06,1.07,1.07,1.08,1.09,1.10,1.11,inferred
"North East and Yorkshire",2021-11-08,0.98,0.99,1.00,1.02,1.02,1.03,1.04,1.05,1.06,1.07,1.07,1.08,1.09,1.10,1.11,inferred
"North East and Yorkshire",2021-11-09,0.96,0.97,0.97,0.98,0.99,0.99,1.00,1.01,1.01,1.02,1.02,1.03,1.04,1.05,1.06,inferred
"North East and Yorkshire",2021-11-10,0.96,0.97,0.97,0.98,0.99,0.99,1.00,1.01,1.01,1.02,1.02,1.03,1.04,1.05,1.06,inferred
"North East and Yorkshire",2021-11-11,0.96,0.97,0.97,0.98,0.99,0.99,1.00,1.01,1.01,1.02,1.02,1.03,1.04,1.05,1.06,inferred
"North East and Yorkshire",2021-11-12,0.96,0.97,0.97,0.98,0.99,0.99,1.00,1.01,1.01,1.02,1.02,1.03,1.04,1.05,1.06,inferred
"North East and Yorkshire",2021-11-13,0.96,0.97,0.97,0.98,0.99,0.99,1.00,1.01,1.01,1.02,1.02,1.03,1.04,1.05,1.06,inferred
"North East and Yorkshire",2021-11-14,0.96,0.97,0.97,0.98,0.99,0.99,1.00,1.01,1.01,1.02,1.02,1.03,1.04,1.05,1.06,inferred
"North East and Yorkshire",2021-11-15,0.96,0.97,0.97,0.98,0.99,0.99,1.00,1.01,1.01,1.02,1.02,1.03,1.04,1.05,1.06,inferred
"North East and Yorkshire",2021-11-16,0.87,0.88,0.89,0.90,0.91,0.91,0.92,0.93,0.93,0.94,0.94,0.95,0.96,0.97,0.97,inferred
"North East and Yorkshire",2021-11-17,0.87,0.88,0.89,0.90,0.91,0.91,0.92,0.93,0.93,0.94,0.94,0.95,0.96,0.97,0.97,inferred
"North East and Yorkshire",2021-11-18,0.87,0.88,0.89,0.90,0.91,0.91,0.92,0.93,0.93,0.94,0.94,0.95,0.96,0.97,0.97,inferred
"North East and Yorkshire",2021-11-19,0.87,0.88,0.89,0.90,0.91,0.91,0.92,0.93,0.93,0.94,0.94,0.95,0.96,0.97,0.97,inferred
"North East and Yorkshire",2021-11-20,0.87,0.88,0.89,0.90,0.91,0.91,0.92,0.93,0.93,0.94,0.94,0.95,0.96,0.97,0.97,inferred
"North East and Yorkshire",2021-11-21,0.87,0.88,0.89,0.90,0.91,0.91,0.92,0.93,0.93,0.94,0.94,0.95,0.96,0.97,0.97,inferred
"North East and Yorkshire",2021-11-22,0.87,0.88,0.89,0.90,0.91,0.91,0.92,0.93,0.93,0.94,0.94,0.95,0.96,0.97,0.97,inferred
"North East and Yorkshire",2021-11-23,1.00,1.00,1.01,1.02,1.03,1.03,1.04,1.04,1.05,1.05,1.06,1.06,1.07,1.08,1.09,inferred
"North East and Yorkshire",2021-11-24,1.00,1.00,1.01,1.02,1.03,1.03,1.04,1.04,1.05,1.05,1.06,1.06,1.07,1.08,1.09,inferred
"North East and Yorkshire",2021-11-25,1.00,1.00,1.01,1.02,1.03,1.03,1.04,1.04,1.05,1.05,1.06,1.06,1.07,1.08,1.09,inferred
"North East and Yorkshire",2021-11-26,1.00,1.00,1.01,1.02,1.03,1.03,1.04,1.04,1.05,1.05,1.06,1.06,1.07,1.08,1.09,inferred
"North East and Yorkshire",2021-11-27,1.00,1.00,1.01,1.02,1.03,1.03,1.04,1.04,1.05,1.05,1.06,1.06,1.07,1.08,1.09,inferred
"North East and Yorkshire",2021-11-28,1.00,1.00,1.01,1.02,1.03,1.03,1.04,1.04,1.05,1.05,1.06,1.06,1.07,1.08,1.09,inferred
"North East and Yorkshire",2021-11-29,1.00,1.00,1.01,1.02,1.03,1.03,1.04,1.04,1.05,1.05,1.06,1.06,1.07,1.08,1.09,inferred
"North East and Yorkshire",2021-11-30,0.93,0.94,0.95,0.96,0.97,0.97,0.98,0.99,0.99,1.00,1.00,1.01,1.02,1.03,1.03,inferred
"North East and Yorkshire",2021-12-01,0.93,0.94,0.95,0.96,0.97,0.97,0.98,0.99,0.99,1.00,1.00,1.01,1.02,1.03,1.03,inferred
"North East and Yorkshire",2021-12-02,0.93,0.94,0.95,0.96,0.97,0.97,0.98,0.99,0.99,1.00,1.00,1.01,1.02,1.03,1.03,inferred
"North East and Yorkshire",2021-12-03,0.93,0.94,0.95,0.96,0.97,0.97,0.98,0.99,0.99,1.00,1.00,1.01,1.02,1.03,1.03,inferred
"North East and Yorkshire",2021-12-04,0.93,0.94,0.95,0.96,0.97,0.97,0.98,0.99,0.99,1.00,1.00,1.01,1.02,1.03,1.03,inferred
"North East and Yorkshire",2021-12-05,0.93,0.94,0.95,0.96,0.97,0.97,0.98,0.99,0.99,1.00,1.00,1.01,1.02,1.03,1.03,inferred
"North East and Yorkshire",2021-12-06,0.93,0.94,0.95,0.96,0.97,0.97,0.98,0.99,0.99,1.00,1.00,1.01,1.02,1.03,1.03,inferred
"North East and Yorkshire",2021-12-07,1.33,1.35,1.36,1.39,1.40,1.41,1.43,1.45,1.46,1.48,1.49,1.51,1.54,1.56,1.58,inferred
"North East and Yorkshire",2021-12-08,1.33,1.35,1.36,1.39,1.40,1.41,1.43,1.45,1.46,1.48,1.49,1.51,1.54,1.56,1.58,inferred
"North East and Yorkshire",2021-12-09,1.33,1.35,1.36,1.39,1.40,1.41,1.43,1.45,1.46,1.48,1.49,1.51,1.54,1.56,1.58,inferred
"North East and Yorkshire",2021-12-10,1.33,1.35,1.36,1.39,1.40,1.41,1.43,1.45,1.46,1.48,1.49,1.51,1.54,1.56,1.58,inferred
"North East and Yorkshire",2021-12-11,1.33,1.35,1.36,1.39,1.40,1.41,1.43,1.45,1.46,1.48,1.49,1.51,1.54,1.56,1.58,inferred
"North East and Yorkshire",2021-12-12,1.33,1.35,1.36,1.39,1.40,1.41,1.43,1.45,1.46,1.48,1.49,1.51,1.54,1.56,1.58,inferred
"North East and Yorkshire",2021-12-13,1.33,1.35,1.36,1.39,1.40,1.41,1.43,1.45,1.46,1.48,1.49,1.51,1.54,1.56,1.58,inferred
"North East and Yorkshire",2021-12-14,1.36,1.37,1.40,1.47,1.51,1.54,1.58,1.61,1.68,1.80,1.83,1.87,2.01,2.17,2.21,inferred
"North East and Yorkshire",2021-12-15,1.36,1.37,1.40,1.47,1.51,1.54,1.58,1.61,1.68,1.80,1.83,1.87,2.01,2.17,2.21,inferred
"North East and Yorkshire",2021-12-16,1.36,1.37,1.40,1.47,1.51,1.54,1.58,1.61,1.68,1.80,1.83,1.87,2.01,2.17,2.21,inferred
"North East and Yorkshire",2021-12-17,1.36,1.37,1.40,1.47,1.51,1.54,1.58,1.61,1.68,1.80,1.83,1.87,2.01,2.17,2.21,inferred
"North East and Yorkshire",2021-12-18,1.36,1.37,1.40,1.47,1.51,1.54,1.58,1.61,1.68,1.80,1.83,1.87,2.01,2.17,2.21,inferred
"North East and Yorkshire",2021-12-19,1.36,1.37,1.40,1.47,1.51,1.54,1.58,1.61,1.68,1.80,1.83,1.87,2.01,2.17,2.21,inferred
"North East and Yorkshire",2021-12-20,1.36,1.37,1.40,1.47,1.51,1.54,1.58,1.61,1.68,1.80,1.83,1.87,2.01,2.17,2.21,inferred
"North East and Yorkshire",2021-12-21,1.65,1.66,1.69,1.79,1.85,1.90,1.95,1.99,2.09,2.27,2.33,2.40,2.57,2.80,2.83,inferred
"North East and Yorkshire",2021-12-22,1.65,1.66,1.69,1.79,1.85,1.90,1.95,1.99,2.09,2.27,2.33,2.40,2.57,2.80,2.83,inferred
"North East and Yorkshire",2021-12-23,1.65,1.66,1.69,1.79,1.85,1.90,1.95,1.99,2.09,2.27,2.33,2.40,2.57,2.80,2.83,inferred
"North East and Yorkshire",2021-12-24,1.65,1.66,1.69,1.79,1.85,1.90,1.95,1.99,2.09,2.27,2.33,2.40,2.57,2.80,2.83,inferred
"North East and Yorkshire",2021-12-25,1.65,1.66,1.69,1.79,1.85,1.90,1.95,1.99,2.09,2.27,2.33,2.40,2.57,2.80,2.83,inferred
"North East and Yorkshire",2021-12-26,1.65,1.66,1.69,1.79,1.85,1.90,1.95,1.99,2.09,2.27,2.33,2.40,2.57,2.80,2.83,inferred
"North East and Yorkshire",2021-12-27,1.65,1.66,1.69,1.79,1.85,1.90,1.95,1.99,2.09,2.27,2.33,2.40,2.57,2.80,2.83,inferred
"North East and Yorkshire",2021-12-28,0.77,0.77,0.78,0.79,0.80,0.81,0.84,0.88,0.92,0.97,1.01,1.02,1.07,1.13,1.14,inferred
"North East and Yorkshire",2021-12-29,0.77,0.77,0.78,0.79,0.80,0.81,0.84,0.88,0.92,0.97,1.01,1.02,1.07,1.13,1.14,inferred
"North East and Yorkshire",2021-12-30,0.77,0.77,0.78,0.79,0.80,0.81,0.84,0.88,0.92,0.97,1.01,1.02,1.07,1.13,1.14,inferred
"North East and Yorkshire",2021-12-31,0.77,0.77,0.78,0.79,0.80,0.81,0.84,0.88,0.92,0.97,1.01,1.02,1.07,1.13,1.14,inferred
"North East and Yorkshire",2022-01-01,0.77,0.77,0.78,0.79,0.80,0.81,0.84,0.88,0.92,0.97,1.01,1.02,1.07,1.13,1.14,inferred
"North East and Yorkshire",2022-01-02,0.77,0.77,0.78,0.79,0.80,0.81,0.84,0.88,0.92,0.97,1.01,1.02,1.07,1.13,1.14,inferred
"North East and Yorkshire",2022-01-03,0.77,0.77,0.78,0.79,0.80,0.81,0.84,0.88,0.92,0.97,1.01,1.02,1.07,1.13,1.14,inferred
"North East and Yorkshire",2022-01-04,0.38,0.38,0.41,0.44,0.45,0.45,0.47,0.51,0.54,0.56,0.56,0.59,0.65,0.65,0.65,inferred
"North East and Yorkshire",2022-01-05,0.38,0.38,0.41,0.44,0.45,0.45,0.47,0.51,0.54,0.56,0.56,0.59,0.65,0.65,0.65,inferred
"North East and Yorkshire",2022-01-06,0.38,0.38,0.41,0.44,0.45,0.45,0.47,0.51,0.54,0.56,0.56,0.59,0.65,0.65,0.65,inferred
"North East and Yorkshire",2022-01-07,0.38,0.38,0.41,0.44,0.45,0.45,0.47,0.51,0.54,0.56,0.56,0.59,0.65,0.65,0.65,inferred
"North East and Yorkshire",2022-01-08,0.38,0.38,0.41,0.44,0.45,0.45,0.47,0.51,0.54,0.56,0.56,0.59,0.65,0.65,0.65,inferred
"North East and Yorkshire",2022-01-09,0.38,0.38,0.41,0.44,0.45,0.45,0.47,0.51,0.54,0.56,0.56,0.59,0.65,0.65,0.65,inferred
"North East and Yorkshire",2022-01-10,0.38,0.38,0.41,0.44,0.45,0.45,0.47,0.51,0.54,0.56,0.56,0.59,0.65,0.65,0.65,inferred
"North East and Yorkshire",2022-01-11,0.83,0.83,0.87,0.90,0.91,0.92,0.97,1.01,1.02,1.05,1.07,1.08,1.10,1.11,1.12,inferred
"North East and Yorkshire",2022-01-12,0.83,0.83,0.87,0.90,0.91,0.92,0.97,1.01,1.02,1.05,1.07,1.08,1.10,1.11,1.12,inferred
"North East and Yorkshire",2022-01-13,0.83,0.83,0.87,0.90,0.91,0.92,0.97,1.01,1.02,1.05,1.07,1.08,1.10,1.11,1.12,inferred
"North East and Yorkshire",2022-01-14,0.83,0.83,0.87,0.90,0.91,0.92,0.97,1.01,1.02,1.05,1.07,1.08,1.10,1.11,1.12,inferred
"North East and Yorkshire",2022-01-15,0.83,0.83,0.87,0.90,0.91,0.92,0.97,1.01,1.02,1.05,1.07,1.08,1.10,1.11,1.12,inferred
"North East and Yorkshire",2022-01-16,0.83,0.83,0.87,0.90,0.91,0.92,0.97,1.01,1.02,1.05,1.07,1.08,1.10,1.11,1.12,inferred
"North East and Yorkshire",2022-01-17,0.83,0.83,0.87,0.90,0.91,0.92,0.97,1.01,1.02,1.05,1.07,1.08,1.10,1.11,1.12,inferred
"North East and Yorkshire",2022-01-18,0.71,0.72,0.73,0.74,0.75,0.76,0.77,0.78,0.79,0.80,0.80,0.80,0.81,0.82,0.83,inferred
"North East and Yorkshire",2022-01-19,0.71,0.72,0.73,0.74,0.75,0.76,0.77,0.78,0.79,0.80,0.80,0.80,0.81,0.82,0.83,inferred
"North East and Yorkshire",2022-01-20,0.71,0.72,0.73,0.74,0.75,0.76,0.77,0.78,0.79,0.80,0.80,0.80,0.81,0.82,0.83,inferred
"North East and Yorkshire",2022-01-21,0.71,0.72,0.73,0.74,0.75,0.76,0.77,0.78,0.79,0.80,0.80,0.80,0.81,0.82,0.83,inferred
"North East and Yorkshire",2022-01-22,0.71,0.72,0.73,0.74,0.75,0.76,0.77,0.78,0.79,0.80,0.80,0.80,0.81,0.82,0.83,inferred
"North East and Yorkshire",2022-01-23,0.71,0.72,0.73,0.74,0.75,0.76,0.77,0.78,0.79,0.80,0.80,0.80,0.81,0.82,0.83,inferred
"North East and Yorkshire",2022-01-24,0.71,0.72,0.73,0.74,0.75,0.76,0.77,0.78,0.79,0.80,0.80,0.80,0.81,0.82,0.83,inferred
"North East and Yorkshire",2022-01-25,0.57,0.58,0.59,0.61,0.62,0.63,0.66,0.68,0.70,0.72,0.73,0.74,0.76,0.78,0.79,inferred
"North East and Yorkshire",2022-01-26,0.57,0.58,0.59,0.61,0.62,0.63,0.66,0.68,0.70,0.72,0.73,0.74,0.76,0.78,0.79,inferred
"North East and Yorkshire",2022-01-27,0.57,0.58,0.59,0.61,0.62,0.63,0.66,0.68,0.70,0.72,0.73,0.74,0.76,0.78,0.79,inferred
"North East and Yorkshire",2022-01-28,0.57,0.58,0.59,0.61,0.62,0.63,0.66,0.68,0.70,0.72,0.73,0.74,0.76,0.78,0.79,inferred
"North East and Yorkshire",2022-01-29,0.57,0.58,0.59,0.61,0.62,0.63,0.66,0.68,0.70,0.72,0.73,0.74,0.76,0.78,0.79,inferred
"North East and Yorkshire",2022-01-30,0.57,0.58,0.59,0.61,0.62,0.63,0.66,0.68,0.70,0.72,0.73,0.74,0.76,0.78,0.79,inferred
"North East and Yorkshire",2022-01-31,0.57,0.58,0.59,0.61,0.62,0.63,0.66,0.68,0.70,0.72,0.73,0.74,0.76,0.78,0.79,inferred
"North East and Yorkshire",2022-02-01,0.55,0.57,0.60,0.63,0.64,0.66,0.69,0.71,0.74,0.76,0.78,0.79,0.82,0.84,0.86,inferred
"North East and Yorkshire",2022-02-02,0.55,0.57,0.60,0.63,0.64,0.66,0.69,0.71,0.74,0.76,0.78,0.79,0.82,0.84,0.86,inferred
"North East and Yorkshire",2022-02-03,0.55,0.57,0.60,0.63,0.64,0.66,0.69,0.71,0.74,0.76,0.78,0.79,0.82,0.84,0.86,inferred
"North East and Yorkshire",2022-02-04,0.55,0.57,0.60,0.63,0.64,0.66,0.69,0.71,0.74,0.76,0.78,0.79,0.82,0.84,0.86,inferred
"North East and Yorkshire",2022-02-05,0.55,0.57,0.60,0.63,0.64,0.66,0.69,0.71,0.74,0.76,0.78,0.79,0.82,0.84,0.86,inferred
"North East and Yorkshire",2022-02-06,0.55,0.57,0.60,0.63,0.64,0.66,0.69,0.71,0.74,0.76,0.78,0.79,0.82,0.84,0.86,inferred
"North East and Yorkshire",2022-02-07,0.55,0.57,0.60,0.63,0.64,0.66,0.69,0.71,0.74,0.76,0.78,0.79,0.82,0.84,0.86,inferred
"North East and Yorkshire",2022-02-08,0.58,0.61,0.65,0.70,0.72,0.74,0.77,0.80,0.83,0.87,0.88,0.90,0.95,1.00,1.03,projected
"North East and Yorkshire",2022-02-09,0.58,0.61,0.65,0.70,0.72,0.74,0.77,0.80,0.83,0.87,0.88,0.90,0.95,1.00,1.03,projected
"North East and Yorkshire",2022-02-10,0.58,0.61,0.65,0.70,0.72,0.74,0.77,0.80,0.83,0.87,0.88,0.90,0.95,1.00,1.03,projected
"North East and Yorkshire",2022-02-11,0.58,0.61,0.65,0.70,0.72,0.74,0.77,0.80,0.83,0.87,0.88,0.90,0.95,1.00,1.03,projected
"North East and Yorkshire",2022-02-12,0.58,0.61,0.65,0.70,0.72,0.74,0.77,0.80,0.83,0.87,0.88,0.90,0.95,1.00,1.03,projected
"North East and Yorkshire",2022-02-13,0.58,0.61,0.65,0.70,0.72,0.74,0.77,0.80,0.83,0.87,0.88,0.90,0.95,1.00,1.03,projected
"North East and Yorkshire",2022-02-14,0.58,0.61,0.65,0.70,0.72,0.74,0.77,0.80,0.83,0.87,0.88,0.90,0.95,1.00,1.03,projected
"North East and Yorkshire",2022-02-15,0.65,0.69,0.73,0.80,0.83,0.85,0.89,0.94,0.98,1.03,1.06,1.09,1.18,1.28,1.36,projected
"North East and Yorkshire",2022-02-16,0.65,0.69,0.73,0.80,0.83,0.85,0.89,0.94,0.98,1.03,1.06,1.09,1.18,1.28,1.36,projected
"North East and Yorkshire",2022-02-17,0.65,0.69,0.73,0.80,0.83,0.85,0.89,0.94,0.98,1.03,1.06,1.09,1.18,1.28,1.36,projected
"North East and Yorkshire",2022-02-18,0.65,0.69,0.73,0.80,0.83,0.85,0.89,0.94,0.98,1.03,1.06,1.09,1.18,1.28,1.36,projected
"North East and Yorkshire",2022-02-19,0.65,0.69,0.73,0.80,0.83,0.85,0.89,0.94,0.98,1.03,1.06,1.09,1.18,1.28,1.36,projected
"North East and Yorkshire",2022-02-20,0.65,0.69,0.73,0.80,0.83,0.85,0.89,0.94,0.98,1.03,1.06,1.09,1.18,1.28,1.36,projected
"North East and Yorkshire",2022-02-21,0.65,0.69,0.73,0.80,0.83,0.85,0.89,0.94,0.98,1.03,1.06,1.09,1.18,1.28,1.36,projected
"North East and Yorkshire",2022-02-22,0.73,0.79,0.87,0.94,0.97,1.01,1.07,1.14,1.20,1.29,1.34,1.41,1.60,1.85,2.11,projected
"North East and Yorkshire",2022-02-23,0.73,0.79,0.87,0.94,0.97,1.01,1.07,1.14,1.20,1.29,1.34,1.41,1.60,1.85,2.11,projected
"North East and Yorkshire",2022-02-24,0.73,0.79,0.87,0.94,0.97,1.01,1.07,1.14,1.20,1.29,1.34,1.41,1.60,1.85,2.11,projected
"North East and Yorkshire",2022-02-25,0.73,0.79,0.87,0.94,0.97,1.01,1.07,1.14,1.20,1.29,1.34,1.41,1.60,1.85,2.11,projected
"North East and Yorkshire",2022-02-26,0.73,0.79,0.87,0.94,0.97,1.01,1.07,1.14,1.20,1.29,1.34,1.41,1.60,1.85,2.11,projected
"North East and Yorkshire",2022-02-27,0.73,0.79,0.87,0.94,0.97,1.01,1.07,1.14,1.20,1.29,1.34,1.41,1.60,1.85,2.11,projected
"North East and Yorkshire",2022-02-28,0.73,0.79,0.87,0.94,0.97,1.01,1.07,1.14,1.20,1.29,1.34,1.41,1.60,1.85,2.11,projected
"North West",2021-10-26,0.81,0.82,0.83,0.84,0.85,0.85,0.86,0.87,0.87,0.88,0.88,0.88,0.89,0.90,0.90,inferred
"North West",2021-10-27,0.81,0.82,0.83,0.84,0.85,0.85,0.86,0.87,0.87,0.88,0.88,0.88,0.89,0.90,0.90,inferred
"North West",2021-10-28,0.81,0.82,0.83,0.84,0.85,0.85,0.86,0.87,0.87,0.88,0.88,0.88,0.89,0.90,0.90,inferred
"North West",2021-10-29,0.81,0.82,0.83,0.84,0.85,0.85,0.86,0.87,0.87,0.88,0.88,0.88,0.89,0.90,0.90,inferred
"North West",2021-10-30,0.81,0.82,0.83,0.84,0.85,0.85,0.86,0.87,0.87,0.88,0.88,0.88,0.89,0.90,0.90,inferred
"North West",2021-10-31,0.81,0.82,0.83,0.84,0.85,0.85,0.86,0.87,0.87,0.88,0.88,0.88,0.89,0.90,0.90,inferred
"North West",2021-11-01,0.81,0.82,0.83,0.84,0.85,0.85,0.86,0.87,0.87,0.88,0.88,0.88,0.89,0.90,0.90,inferred
"North West",2021-11-02,1.04,1.05,1.06,1.07,1.08,1.08,1.09,1.10,1.11,1.12,1.12,1.13,1.14,1.15,1.16,inferred
"North West",2021-11-03,1.04,1.05,1.06,1.07,1.08,1.08,1.09,1.10,1.11,1.12,1.12,1.13,1.14,1.15,1.16,inferred
"North West",2021-11-04,1.04,1.05,1.06,1.07,1.08,1.08,1.09,1.10,1.11,1.12,1.12,1.13,1.14,1.15,1.16,inferred
"North West",2021-11-05,1.04,1.05,1.06,1.07,1.08,1.08,1.09,1.10,1.11,1.12,1.12,1.13,1.14,1.15,1.16,inferred
"North West",2021-11-06,1.04,1.05,1.06,1.07,1.08,1.08,1.09,1.10,1.11,1.12,1.12,1.13,1.14,1.15,1.16,inferred
"North West",2021-11-07,1.04,1.05,1.06,1.07,1.08,1.08,1.09,1.10,1.11,1.12,1.12,1.13,1.14,1.15,1.16,inferred
"North West",2021-11-08,1.04,1.05,1.06,1.07,1.08,1.08,1.09,1.10,1.11,1.12,1.12,1.13,1.14,1.15,1.16,inferred
"North West",2021-11-09,1.01,1.01,1.03,1.04,1.05,1.06,1.07,1.08,1.09,1.10,1.11,1.12,1.14,1.16,1.17,inferred
"North West",2021-11-10,1.01,1.01,1.03,1.04,1.05,1.06,1.07,1.08,1.09,1.10,1.11,1.12,1.14,1.16,1.17,inferred
"North West",2021-11-11,1.01,1.01,1.03,1.04,1.05,1.06,1.07,1.08,1.09,1.10,1.11,1.12,1.14,1.16,1.17,inferred
"North West",2021-11-12,1.01,1.01,1.03,1.04,1.05,1.06,1.07,1.08,1.09,1.10,1.11,1.12,1.14,1.16,1.17,inferred
"North West",2021-11-13,1.01,1.01,1.03,1.04,1.05,1.06,1.07,1.08,1.09,1.10,1.11,1.12,1.14,1.16,1.17,inferred
"North West",2021-11-14,1.01,1.01,1.03,1.04,1.05,1.06,1.07,1.08,1.09,1.10,1.11,1.12,1.14,1.16,1.17,inferred
"North West",2021-11-15,1.01,1.01,1.03,1.04,1.05,1.06,1.07,1.08,1.09,1.10,1.11,1.12,1.14,1.16,1.17,inferred
"North West",2021-11-16,0.90,0.91,0.92,0.93,0.94,0.94,0.95,0.95,0.96,0.97,0.97,0.98,0.99,1.00,1.01,inferred
"North West",2021-11-17,0.90,0.91,0.92,0.93,0.94,0.94,0.95,0.95,0.96,0.97,0.97,0.98,0.99,1.00,1.01,inferred
"North West",2021-11-18,0.90,0.91,0.92,0.93,0.94,0.94,0.95,0.95,0.96,0.97,0.97,0.98,0.99,1.00,1.01,inferred
"North West",2021-11-19,0.90,0.91,0.92,0.93,0.94,0.94,0.95,0.95,0.96,0.97,0.97,0.98,0.99,1.00,1.01,inferred
"North West",2021-11-20,0.90,0.91,0.92,0.93,0.94,0.94,0.95,0.95,0.96,0.97,0.97,0.98,0.99,1.00,1.01,inferred
"North West",2021-11-21,0.90,0.91,0.92,0.93,0.94,0.94,0.95,0.95,0.96,0.97,0.97,0.98,0.99,1.00,1.01,inferred
"North West",2021-11-22,0.90,0.91,0.92,0.93,0.94,0.94,0.95,0.95,0.96,0.97,0.97,0.98,0.99,1.00,1.01,inferred
"North West",2021-11-23,1.06,1.07,1.08,1.09,1.09,1.10,1.11,1.12,1.12,1.13,1.14,1.14,1.16,1.17,1.18,inferred
"North West",2021-11-24,1.06,1.07,1.08,1.09,1.09,1.10,1.11,1.12,1.12,1.13,1.14,1.14,1.16,1.17,1.18,inferred
"North West",2021-11-25,1.06,1.07,1.08,1.09,1.09,1.10,1.11,1.12,1.12,1.13,1.14,1.14,1.16,1.17,1.18,inferred
"North West",2021-11-26,1.06,1.07,1.08,1.09,1.09,1.10,1.11,1.12,1.12,1.13,1.14,1.14,1.16,1.17,1.18,inferred
"North West",2021-11-27,1.06,1.07,1.08,1.09,1.09,1.10,1.11,1.12,1.12,1.13,1.14,1.14,1.16,1.17,1.18,inferred
"North West",2021-11-28,1.06,1.07,1.08,1.09,1.09,1.10,1.11,1.12,1.12,1.13,1.14,1.14,1.16,1.17,1.18,inferred
"North West",2021-11-29,1.06,1.07,1.08,1.09,1.09,1.10,1.11,1.12,1.12,1.13,1.14,1.14,1.16,1.17,1.18,inferred
"North West",2021-11-30,1.03,1.03,1.04,1.05,1.06,1.07,1.07,1.08,1.09,1.10,1.11,1.11,1.13,1.15,1.16,inferred
"North West",2021-12-01,1.03,1.03,1.04,1.05,1.06,1.07,1.07,1.08,1.09,1.10,1.11,1.11,1.13,1.15,1.16,inferred
"North West",2021-12-02,1.03,1.03,1.04,1.05,1.06,1.07,1.07,1.08,1.09,1.10,1.11,1.11,1.13,1.15,1.16,inferred
"North West",2021-12-03,1.03,1.03,1.04,1.05,1.06,1.07,1.07,1.08,1.09,1.10,1.11,1.11,1.13,1.15,1.16,inferred
"North West",2021-12-04,1.03,1.03,1.04,1.05,1.06,1.07,1.07,1.08,1.09,1.10,1.11,1.11,1.13,1.15,1.16,inferred
"North West",2021-12-05,1.03,1.03,1.04,1.05,1.06,1.07,1.07,1.08,1.09,1.10,1.11,1.11,1.13,1.15,1.16,inferred
"North West",2021-12-06,1.03,1.03,1.04,1.05,1.06,1.07,1.07,1.08,1.09,1.10,1.11,1.11,1.13,1.15,1.16,inferred
"North West",2021-12-07,1.51,1.52,1.54,1.60,1.63,1.65,1.69,1.72,1.75,1.78,1.80,1.86,1.94,1.97,1.99,inferred
"North West",2021-12-08,1.51,1.52,1.54,1.60,1.63,1.65,1.69,1.72,1.75,1.78,1.80,1.86,1.94,1.97,1.99,inferred
"North West",2021-12-09,1.51,1.52,1.54,1.60,1.63,1.65,1.69,1.72,1.75,1.78,1.80,1.86,1.94,1.97,1.99,inferred
"North West",2021-12-10,1.51,1.52,1.54,1.60,1.63,1.65,1.69,1.72,1.75,1.78,1.80,1.86,1.94,1.97,1.99,inferred
"North West",2021-12-11,1.51,1.52,1.54,1.60,1.63,1.65,1.69,1.72,1.75,1.78,1.80,1.86,1.94,1.97,1.99,inferred
"North West",2021-12-12,1.51,1.52,1.54,1.60,1.63,1.65,1.69,1.72,1.75,1.78,1.80,1.86,1.94,1.97,1.99,inferred
"North West",2021-12-13,1.51,1.52,1.54,1.60,1.63,1.65,1.69,1.72,1.75,1.78,1.80,1.86,1.94,1.97,1.99,inferred
"North West",2021-12-14,1.35,1.36,1.38,1.46,1.50,1.53,1.58,1.63,1.74,1.88,1.92,1.95,2.12,2.34,2.36,inferred
"North West",2021-12-15,1.35,1.36,1.38,1.46,1.50,1.53,1.58,1.63,1.74,1.88,1.92,1.95,2.12,2.34,2.36,inferred
"North West",2021-12-16,1.35,1.36,1.38,1.46,1.50,1.53,1.58,1.63,1.74,1.88,1.92,1.95,2.12,2.34,2.36,inferred
"North West",2021-12-17,1.35,1.36,1.38,1.46,1.50,1.53,1.58,1.63,1.74,1.88,1.92,1.95,2.12,2.34,2.36,inferred
"North West",2021-12-18,1.35,1.36,1.38,1.46,1.50,1.53,1.58,1.63,1.74,1.88,1.92,1.95,2.12,2.34,2.36,inferred
"North West",2021-12-19,1.35,1.36,1.38,1.46,1.50,1.53,1.58,1.63,1.74,1.88,1.92,1.95,2.12,2.34,2.36,inferred
"North West",2021-12-20,1.35,1.36,1.38,1.46,1.50,1.53,1.58,1.63,1.74,1.88,1.92,1.95,2.12,2.34,2.36,inferred
"North West",2021-12-21,1.37,1.38,1.40,1.45,1.48,1.51,1.55,1.58,1.66,1.77,1.81,1.85,1.97,2.10,2.12,inferred
"North West",2021-12-22,1.37,1.38,1.40,1.45,1.48,1.51,1.55,1.58,1.66,1.77,1.81,1.85,1.97,2.10,2.12,inferred
"North West",2021-12-23,1.37,1.38,1.40,1.45,1.48,1.51,1.55,1.58,1.66,1.77,1.81,1.85,1.97,2.10,2.12,inferred
"North West",2021-12-24,1.37,1.38,1.40,1.45,1.48,1.51,1.55,1.58,1.66,1.77,1.81,1.85,1.97,2.10,2.12,inferred
"North West",2021-12-25,1.37,1.38,1.40,1.45,1.48,1.51,1.55,1.58,1.66,1.77,1.81,1.85,1.97,2.10,2.12,inferred
"North West",2021-12-26,1.37,1.38,1.40,1.45,1.48,1.51,1.55,1.58,1.66,1.77,1.81,1.85,1.97,2.10,2.12,inferred
"North West",2021-12-27,1.37,1.38,1.40,1.45,1.48,1.51,1.55,1.58,1.66,1.77,1.81,1.85,1.97,2.10,2.12,inferred
"North West",2021-12-28,0.60,0.61,0.65,0.67,0.67,0.67,0.68,0.69,0.70,0.74,0.77,0.77,0.78,0.79,0.80,inferred
"North West",2021-12-29,0.60,0.61,0.65,0.67,0.67,0.67,0.68,0.69,0.70,0.74,0.77,0.77,0.78,0.79,0.80,inferred
"North West",2021-12-30,0.60,0.61,0.65,0.67,0.67,0.67,0.68,0.69,0.70,0.74,0.77,0.77,0.78,0.79,0.80,inferred
"North West",2021-12-31,0.60,0.61,0.65,0.67,0.67,0.67,0.68,0.69,0.70,0.74,0.77,0.77,0.78,0.79,0.80,inferred
"North West",2022-01-01,0.60,0.61,0.65,0.67,0.67,0.67,0.68,0.69,0.70,0.74,0.77,0.77,0.78,0.79,0.80,inferred
"North West",2022-01-02,0.60,0.61,0.65,0.67,0.67,0.67,0.68,0.69,0.70,0.74,0.77,0.77,0.78,0.79,0.80,inferred
"North West",2022-01-03,0.60,0.61,0.65,0.67,0.67,0.67,0.68,0.69,0.70,0.74,0.77,0.77,0.78,0.79,0.80,inferred
"North West",2022-01-04,0.27,0.28,0.31,0.34,0.35,0.35,0.38,0.44,0.47,0.49,0.50,0.53,0.59,0.60,0.61,inferred
"North West",2022-01-05,0.27,0.28,0.31,0.34,0.35,0.35,0.38,0.44,0.47,0.49,0.50,0.53,0.59,0.60,0.61,inferred
"North West",2022-01-06,0.27,0.28,0.31,0.34,0.35,0.35,0.38,0.44,0.47,0.49,0.50,0.53,0.59,0.60,0.61,inferred
"North West",2022-01-07,0.27,0.28,0.31,0.34,0.35,0.35,0.38,0.44,0.47,0.49,0.50,0.53,0.59,0.60,0.61,inferred
"North West",2022-01-08,0.27,0.28,0.31,0.34,0.35,0.35,0.38,0.44,0.47,0.49,0.50,0.53,0.59,0.60,0.61,inferred
"North West",2022-01-09,0.27,0.28,0.31,0.34,0.35,0.35,0.38,0.44,0.47,0.49,0.50,0.53,0.59,0.60,0.61,inferred
"North West",2022-01-10,0.27,0.28,0.31,0.34,0.35,0.35,0.38,0.44,0.47,0.49,0.50,0.53,0.59,0.60,0.61,inferred
"North West",2022-01-11,0.79,0.80,0.83,0.87,0.88,0.90,0.96,1.02,1.04,1.07,1.09,1.11,1.14,1.15,1.16,inferred
"North West",2022-01-12,0.79,0.80,0.83,0.87,0.88,0.90,0.96,1.02,1.04,1.07,1.09,1.11,1.14,1.15,1.16,inferred
"North West",2022-01-13,0.79,0.80,0.83,0.87,0.88,0.90,0.96,1.02,1.04,1.07,1.09,1.11,1.14,1.15,1.16,inferred
"North West",2022-01-14,0.79,0.80,0.83,0.87,0.88,0.90,0.96,1.02,1.04,1.07,1.09,1.11,1.14,1.15,1.16,inferred
"North West",2022-01-15,0.79,0.80,0.83,0.87,0.88,0.90,0.96,1.02,1.04,1.07,1.09,1.11,1.14,1.15,1.16,inferred
"North West",2022-01-16,0.79,0.80,0.83,0.87,0.88,0.90,0.96,1.02,1.04,1.07,1.09,1.11,1.14,1.15,1.16,inferred
"North West",2022-01-17,0.79,0.80,0.83,0.87,0.88,0.90,0.96,1.02,1.04,1.07,1.09,1.11,1.14,1.15,1.16,inferred
"North West",2022-01-18,0.71,0.72,0.73,0.75,0.76,0.77,0.78,0.79,0.80,0.81,0.81,0.82,0.83,0.83,0.84,inferred
"North West",2022-01-19,0.71,0.72,0.73,0.75,0.76,0.77,0.78,0.79,0.80,0.81,0.81,0.82,0.83,0.83,0.84,inferred
"North West",2022-01-20,0.71,0.72,0.73,0.75,0.76,0.77,0.78,0.79,0.80,0.81,0.81,0.82,0.83,0.83,0.84,inferred
"North West",2022-01-21,0.71,0.72,0.73,0.75,0.76,0.77,0.78,0.79,0.80,0.81,0.81,0.82,0.83,0.83,0.84,inferred
"North West",2022-01-22,0.71,0.72,0.73,0.75,0.76,0.77,0.78,0.79,0.80,0.81,0.81,0.82,0.83,0.83,0.84,inferred
"North West",2022-01-23,0.71,0.72,0.73,0.75,0.76,0.77,0.78,0.79,0.80,0.81,0.81,0.82,0.83,0.83,0.84,inferred
"North West",2022-01-24,0.71,0.72,0.73,0.75,0.76,0.77,0.78,0.79,0.80,0.81,0.81,0.82,0.83,0.83,0.84,inferred
"North West",2022-01-25,0.59,0.60,0.62,0.64,0.65,0.66,0.69,0.71,0.72,0.74,0.75,0.76,0.78,0.80,0.81,inferred
"North West",2022-01-26,0.59,0.60,0.62,0.64,0.65,0.66,0.69,0.71,0.72,0.74,0.75,0.76,0.78,0.80,0.81,inferred
"North West",2022-01-27,0.59,0.60,0.62,0.64,0.65,0.66,0.69,0.71,0.72,0.74,0.75,0.76,0.78,0.80,0.81,inferred
"North West",2022-01-28,0.59,0.60,0.62,0.64,0.65,0.66,0.69,0.71,0.72,0.74,0.75,0.76,0.78,0.80,0.81,inferred
"North West",2022-01-29,0.59,0.60,0.62,0.64,0.65,0.66,0.69,0.71,0.72,0.74,0.75,0.76,0.78,0.80,0.81,inferred
"North West",2022-01-30,0.59,0.60,0.62,0.64,0.65,0.66,0.69,0.71,0.72,0.74,0.75,0.76,0.78,0.80,0.81,inferred
"North West",2022-01-31,0.59,0.60,0.62,0.64,0.65,0.66,0.69,0.71,0.72,0.74,0.75,0.76,0.78,0.80,0.81,inferred
"North West",2022-02-01,0.61,0.63,0.65,0.69,0.70,0.72,0.74,0.77,0.80,0.82,0.83,0.84,0.87,0.90,0.92,inferred
"North West",2022-02-02,0.61,0.63,0.65,0.69,0.70,0.72,0.74,0.77,0.80,0.82,0.83,0.84,0.87,0.90,0.92,inferred
"North West",2022-02-03,0.61,0.63,0.65,0.69,0.70,0.72,0.74,0.77,0.80,0.82,0.83,0.84,0.87,0.90,0.92,inferred
"North West",2022-02-04,0.61,0.63,0.65,0.69,0.70,0.72,0.74,0.77,0.80,0.82,0.83,0.84,0.87,0.90,0.92,inferred
"North West",2022-02-05,0.61,0.63,0.65,0.69,0.70,0.72,0.74,0.77,0.80,0.82,0.83,0.84,0.87,0.90,0.92,inferred
"North West",2022-02-06,0.61,0.63,0.65,0.69,0.70,0.72,0.74,0.77,0.80,0.82,0.83,0.84,0.87,0.90,0.92,inferred
"North West",2022-02-07,0.61,0.63,0.65,0.69,0.70,0.72,0.74,0.77,0.80,0.82,0.83,0.84,0.87,0.90,0.92,inferred
"North West",2022-02-08,0.59,0.62,0.67,0.72,0.74,0.76,0.79,0.82,0.85,0.89,0.91,0.93,0.99,1.04,1.10,projected
"North West",2022-02-09,0.59,0.62,0.67,0.72,0.74,0.76,0.79,0.82,0.85,0.89,0.91,0.93,0.99,1.04,1.10,projected
"North West",2022-02-10,0.59,0.62,0.67,0.72,0.74,0.76,0.79,0.82,0.85,0.89,0.91,0.93,0.99,1.04,1.10,projected
"North West",2022-02-11,0.59,0.62,0.67,0.72,0.74,0.76,0.79,0.82,0.85,0.89,0.91,0.93,0.99,1.04,1.10,projected
"North West",2022-02-12,0.59,0.62,0.67,0.72,0.74,0.76,0.79,0.82,0.85,0.89,0.91,0.93,0.99,1.04,1.10,projected
"North West",2022-02-13,0.59,0.62,0.67,0.72,0.74,0.76,0.79,0.82,0.85,0.89,0.91,0.93,0.99,1.04,1.10,projected
"North West",2022-02-14,0.59,0.62,0.67,0.72,0.74,0.76,0.79,0.82,0.85,0.89,0.91,0.93,0.99,1.04,1.10,projected
"North West",2022-02-15,0.60,0.64,0.70,0.76,0.79,0.81,0.86,0.90,0.94,0.99,1.02,1.06,1.14,1.22,1.30,projected
"North West",2022-02-16,0.60,0.64,0.70,0.76,0.79,0.81,0.86,0.90,0.94,0.99,1.02,1.06,1.14,1.22,1.30,projected
"North West",2022-02-17,0.60,0.64,0.70,0.76,0.79,0.81,0.86,0.90,0.94,0.99,1.02,1.06,1.14,1.22,1.30,projected
"North West",2022-02-18,0.60,0.64,0.70,0.76,0.79,0.81,0.86,0.90,0.94,0.99,1.02,1.06,1.14,1.22,1.30,projected
"North West",2022-02-19,0.60,0.64,0.70,0.76,0.79,0.81,0.86,0.90,0.94,0.99,1.02,1.06,1.14,1.22,1.30,projected
"North West",2022-02-20,0.60,0.64,0.70,0.76,0.79,0.81,0.86,0.90,0.94,0.99,1.02,1.06,1.14,1.22,1.30,projected
"North West",2022-02-21,0.60,0.64,0.70,0.76,0.79,0.81,0.86,0.90,0.94,0.99,1.02,1.06,1.14,1.22,1.30,projected
"North West",2022-02-22,0.63,0.68,0.74,0.82,0.86,0.89,0.94,0.99,1.05,1.11,1.15,1.19,1.33,1.46,1.59,projected
"North West",2022-02-23,0.63,0.68,0.74,0.82,0.86,0.89,0.94,0.99,1.05,1.11,1.15,1.19,1.33,1.46,1.59,projected
"North West",2022-02-24,0.63,0.68,0.74,0.82,0.86,0.89,0.94,0.99,1.05,1.11,1.15,1.19,1.33,1.46,1.59,projected
"North West",2022-02-25,0.63,0.68,0.74,0.82,0.86,0.89,0.94,0.99,1.05,1.11,1.15,1.19,1.33,1.46,1.59,projected
"North West",2022-02-26,0.63,0.68,0.74,0.82,0.86,0.89,0.94,0.99,1.05,1.11,1.15,1.19,1.33,1.46,1.59,projected
"North West",2022-02-27,0.63,0.68,0.74,0.82,0.86,0.89,0.94,0.99,1.05,1.11,1.15,1.19,1.33,1.46,1.59,projected
"North West",2022-02-28,0.63,0.68,0.74,0.82,0.86,0.89,0.94,0.99,1.05,1.11,1.15,1.19,1.33,1.46,1.59,projected
"Midlands",2021-10-26,0.83,0.83,0.84,0.85,0.85,0.86,0.87,0.87,0.88,0.88,0.89,0.89,0.89,0.90,0.90,inferred
"Midlands",2021-10-27,0.83,0.83,0.84,0.85,0.85,0.86,0.87,0.87,0.88,0.88,0.89,0.89,0.89,0.90,0.90,inferred
"Midlands",2021-10-28,0.83,0.83,0.84,0.85,0.85,0.86,0.87,0.87,0.88,0.88,0.89,0.89,0.89,0.90,0.90,inferred
"Midlands",2021-10-29,0.83,0.83,0.84,0.85,0.85,0.86,0.87,0.87,0.88,0.88,0.89,0.89,0.89,0.90,0.90,inferred
"Midlands",2021-10-30,0.83,0.83,0.84,0.85,0.85,0.86,0.87,0.87,0.88,0.88,0.89,0.89,0.89,0.90,0.90,inferred
"Midlands",2021-10-31,0.83,0.83,0.84,0.85,0.85,0.86,0.87,0.87,0.88,0.88,0.89,0.89,0.89,0.90,0.90,inferred
"Midlands",2021-11-01,0.83,0.83,0.84,0.85,0.85,0.86,0.87,0.87,0.88,0.88,0.89,0.89,0.89,0.90,0.90,inferred
"Midlands",2021-11-02,1.13,1.13,1.14,1.15,1.15,1.16,1.16,1.17,1.17,1.18,1.18,1.19,1.20,1.21,1.21,inferred
"Midlands",2021-11-03,1.13,1.13,1.14,1.15,1.15,1.16,1.16,1.17,1.17,1.18,1.18,1.19,1.20,1.21,1.21,inferred
"Midlands",2021-11-04,1.13,1.13,1.14,1.15,1.15,1.16,1.16,1.17,1.17,1.18,1.18,1.19,1.20,1.21,1.21,inferred
"Midlands",2021-11-05,1.13,1.13,1.14,1.15,1.15,1.16,1.16,1.17,1.17,1.18,1.18,1.19,1.20,1.21,1.21,inferred
"Midlands",2021-11-06,1.13,1.13,1.14,1.15,1.15,1.16,1.16,1.17,1.17,1.18,1.18,1.19,1.20,1.21,1.21,inferred
"Midlands",2021-11-07,1.13,1.13,1.14,1.15,1.15,1.16,1.16,1.17,1.17,1.18,1.18,1.19,1.20,1.21,1.21,inferred
"Midlands",2021-11-08,1.13,1.13,1.14,1.15,1.15,1.16,1.16,1.17,1.17,1.18,1.18,1.19,1.20,1.21,1.21,inferred
"Midlands",2021-11-09,1.01,1.02,1.03,1.04,1.04,1.05,1.06,1.07,1.08,1.10,1.11,1.12,1.14,1.16,1.17,inferred
"Midlands",2021-11-10,1.01,1.02,1.03,1.04,1.04,1.05,1.06,1.07,1.08,1.10,1.11,1.12,1.14,1.16,1.17,inferred
"Midlands",2021-11-11,1.01,1.02,1.03,1.04,1.04,1.05,1.06,1.07,1.08,1.10,1.11,1.12,1.14,1.16,1.17,inferred
"Midlands",2021-11-12,1.01,1.02,1.03,1.04,1.04,1.05,1.06,1.07,1.08,1.10,1.11,1.12,1.14,1.16,1.17,inferred
"Midlands",2021-11-13,1.01,1.02,1.03,1.04,1.04,1.05,1.06,1.07,1.08,1.10,1.11,1.12,1.14,1.16,1.17,inferred
"Midlands",2021-11-14,1.01,1.02,1.03,1.04,1.04,1.05,1.06,1.07,1.08,1.10,1.11,1.12,1.14,1.16,1.17,inferred
"Midlands",2021-11-15,1.01,1.02,1.03,1.04,1.04,1.05,1.06,1.07,1.08,1.10,1.11,1.12,1.14,1.16,1.17,inferred
"Midlands",2021-11-16,0.93,0.93,0.94,0.95,0.95,0.95,0.96,0.96,0.97,0.97,0.97,0.98,0.98,0.99,1.00,inferred
"Midlands",2021-11-17,0.93,0.93,0.94,0.95,0.95,0.95,0.96,0.96,0.97,0.97,0.97,0.98,0.98,0.99,1.00,inferred
"Midlands",2021-11-18,0.93,0.93,0.94,0.95,0.95,0.95,0.96,0.96,0.97,0.97,0.97,0.98,0.98,0.99,1.00,inferred
"Midlands",2021-11-19,0.93,0.93,0.94,0.95,0.95,0.95,0.96,0.96,0.97,0.97,0.97,0.98,0.98,0.99,1.00,inferred
"Midlands",2021-11-20,0.93,0.93,0.94,0.95,0.95,0.95,0.96,0.96,0.97,0.97,0.97,0.98,0.98,0.99,1.00,inferred
"Midlands",2021-11-21,0.93,0.93,0.94,0.95,0.95,0.95,0.96,0.96,0.97,0.97,0.97,0.98,0.98,0.99,1.00,inferred
"Midlands",2021-11-22,0.93,0.93,0.94,0.95,0.95,0.95,0.96,0.96,0.97,0.97,0.97,0.98,0.98,0.99,1.00,inferred
"Midlands",2021-11-23,1.07,1.08,1.09,1.10,1.10,1.10,1.11,1.12,1.12,1.13,1.14,1.14,1.15,1.16,1.17,inferred
"Midlands",2021-11-24,1.07,1.08,1.09,1.10,1.10,1.10,1.11,1.12,1.12,1.13,1.14,1.14,1.15,1.16,1.17,inferred
"Midlands",2021-11-25,1.07,1.08,1.09,1.10,1.10,1.10,1.11,1.12,1.12,1.13,1.14,1.14,1.15,1.16,1.17,inferred
"Midlands",2021-11-26,1.07,1.08,1.09,1.10,1.10,1.10,1.11,1.12,1.12,1.13,1.14,1.14,1.15,1.16,1.17,inferred
"Midlands",2021-11-27,1.07,1.08,1.09,1.10,1.10,1.10,1.11,1.12,1.12,1.13,1.14,1.14,1.15,1.16,1.17,inferred
"Midlands",2021-11-28,1.07,1.08,1.09,1.10,1.10,1.10,1.11,1.12,1.12,1.13,1.14,1.14,1.15,1.16,1.17,inferred
"Midlands",2021-11-29,1.07,1.08,1.09,1.10,1.10,1.10,1.11,1.12,1.12,1.13,1.14,1.14,1.15,1.16,1.17,inferred
"Midlands",2021-11-30,0.99,1.00,1.00,1.01,1.02,1.02,1.02,1.03,1.03,1.04,1.04,1.05,1.06,1.07,1.07,inferred
"Midlands",2021-12-01,0.99,1.00,1.00,1.01,1.02,1.02,1.02,1.03,1.03,1.04,1.04,1.05,1.06,1.07,1.07,inferred
"Midlands",2021-12-02,0.99,1.00,1.00,1.01,1.02,1.02,1.02,1.03,1.03,1.04,1.04,1.05,1.06,1.07,1.07,inferred
"Midlands",2021-12-03,0.99,1.00,1.00,1.01,1.02,1.02,1.02,1.03,1.03,1.04,1.04,1.05,1.06,1.07,1.07,inferred
"Midlands",2021-12-04,0.99,1.00,1.00,1.01,1.02,1.02,1.02,1.03,1.03,1.04,1.04,1.05,1.06,1.07,1.07,inferred
"Midlands",2021-12-05,0.99,1.00,1.00,1.01,1.02,1.02,1.02,1.03,1.03,1.04,1.04,1.05,1.06,1.07,1.07,inferred
"Midlands",2021-12-06,0.99,1.00,1.00,1.01,1.02,1.02,1.02,1.03,1.03,1.04,1.04,1.05,1.06,1.07,1.07,inferred
"Midlands",2021-12-07,1.34,1.35,1.36,1.39,1.42,1.43,1.45,1.47,1.49,1.51,1.53,1.56,1.61,1.62,1.63,inferred
"Midlands",2021-12-08,1.34,1.35,1.36,1.39,1.42,1.43,1.45,1.47,1.49,1.51,1.53,1.56,1.61,1.62,1.63,inferred
"Midlands",2021-12-09,1.34,1.35,1.36,1.39,1.42,1.43,1.45,1.47,1.49,1.51,1.53,1.56,1.61,1.62,1.63,inferred
"Midlands",2021-12-10,1.34,1.35,1.36,1.39,1.42,1.43,1.45,1.47,1.49,1.51,1.53,1.56,1.61,1.62,1.63,inferred
"Midlands",2021-12-11,1.34,1.35,1.36,1.39,1.42,1.43,1.45,1.47,1.49,1.51,1.53,1.56,1.61,1.62,1.63,inferred
"Midlands",2021-12-12,1.34,1.35,1.36,1.39,1.42,1.43,1.45,1.47,1.49,1.51,1.53,1.56,1.61,1.62,1.63,inferred
"Midlands",2021-12-13,1.34,1.35,1.36,1.39,1.42,1.43,1.45,1.47,1.49,1.51,1.53,1.56,1.61,1.62,1.63,inferred
"Midlands",2021-12-14,1.23,1.24,1.26,1.31,1.33,1.36,1.39,1.41,1.47,1.55,1.58,1.60,1.69,1.80,1.82,inferred
"Midlands",2021-12-15,1.23,1.24,1.26,1.31,1.33,1.36,1.39,1.41,1.47,1.55,1.58,1.60,1.69,1.80,1.82,inferred
"Midlands",2021-12-16,1.23,1.24,1.26,1.31,1.33,1.36,1.39,1.41,1.47,1.55,1.58,1.60,1.69,1.80,1.82,inferred
"Midlands",2021-12-17,1.23,1.24,1.26,1.31,1.33,1.36,1.39,1.41,1.47,1.55,1.58,1.60,1.69,1.80,1.82,inferred
"Midlands",2021-12-18,1.23,1.24,1.26,1.31,1.33,1.36,1.39,1.41,1.47,1.55,1.58,1.60,1.69,1.80,1.82,inferred
"Midlands",2021-12-19,1.23,1.24,1.26,1.31,1.33,1.36,1.39,1.41,1.47,1.55,1.58,1.60,1.69,1.80,1.82,inferred
"Midlands",2021-12-20,1.23,1.24,1.26,1.31,1.33,1.36,1.39,1.41,1.47,1.55,1.58,1.60,1.69,1.80,1.82,inferred
"Midlands",2021-12-21,1.42,1.43,1.45,1.50,1.54,1.57,1.60,1.63,1.70,1.80,1.84,1.88,1.98,2.09,2.11,inferred
"Midlands",2021-12-22,1.42,1.43,1.45,1.50,1.54,1.57,1.60,1.63,1.70,1.80,1.84,1.88,1.98,2.09,2.11,inferred
"Midlands",2021-12-23,1.42,1.43,1.45,1.50,1.54,1.57,1.60,1.63,1.70,1.80,1.84,1.88,1.98,2.09,2.11,inferred
"Midlands",2021-12-24,1.42,1.43,1.45,1.50,1.54,1.57,1.60,1.63,1.70,1.80,1.84,1.88,1.98,2.09,2.11,inferred
"Midlands",2021-12-25,1.42,1.43,1.45,1.50,1.54,1.57,1.60,1.63,1.70,1.80,1.84,1.88,1.98,2.09,2.11,inferred
"Midlands",2021-12-26,1.42,1.43,1.45,1.50,1.54,1.57,1.60,1.63,1.70,1.80,1.84,1.88,1.98,2.09,2.11,inferred
"Midlands",2021-12-27,1.42,1.43,1.45,1.50,1.54,1.57,1.60,1.63,1.70,1.80,1.84,1.88,1.98,2.09,2.11,inferred
"Midlands",2021-12-28,0.70,0.71,0.73,0.74,0.75,0.75,0.77,0.79,0.81,0.84,0.88,0.88,0.91,0.93,0.94,inferred
"Midlands",2021-12-29,0.70,0.71,0.73,0.74,0.75,0.75,0.77,0.79,0.81,0.84,0.88,0.88,0.91,0.93,0.94,inferred
"Midlands",2021-12-30,0.70,0.71,0.73,0.74,0.75,0.75,0.77,0.79,0.81,0.84,0.88,0.88,0.91,0.93,0.94,inferred
"Midlands",2021-12-31,0.70,0.71,0.73,0.74,0.75,0.75,0.77,0.79,0.81,0.84,0.88,0.88,0.91,0.93,0.94,inferred
"Midlands",2022-01-01,0.70,0.71,0.73,0.74,0.75,0.75,0.77,0.79,0.81,0.84,0.88,0.88,0.91,0.93,0.94,inferred
"Midlands",2022-01-02,0.70,0.71,0.73,0.74,0.75,0.75,0.77,0.79,0.81,0.84,0.88,0.88,0.91,0.93,0.94,inferred
"Midlands",2022-01-03,0.70,0.71,0.73,0.74,0.75,0.75,0.77,0.79,0.81,0.84,0.88,0.88,0.91,0.93,0.94,inferred
"Midlands",2022-01-04,0.42,0.43,0.47,0.50,0.50,0.51,0.53,0.60,0.62,0.64,0.65,0.67,0.73,0.74,0.74,inferred
"Midlands",2022-01-05,0.42,0.43,0.47,0.50,0.50,0.51,0.53,0.60,0.62,0.64,0.65,0.67,0.73,0.74,0.74,inferred
"Midlands",2022-01-06,0.42,0.43,0.47,0.50,0.50,0.51,0.53,0.60,0.62,0.64,0.65,0.67,0.73,0.74,0.74,inferred
"Midlands",2022-01-07,0.42,0.43,0.47,0.50,0.50,0.51,0.53,0.60,0.62,0.64,0.65,0.67,0.73,0.74,0.74,inferred
"Midlands",2022-01-08,0.42,0.43,0.47,0.50,0.50,0.51,0.53,0.60,0.62,0.64,0.65,0.67,0.73,0.74,0.74,inferred
"Midlands",2022-01-09,0.42,0.43,0.47,0.50,0.50,0.51,0.53,0.60,0.62,0.64,0.65,0.67,0.73,0.74,0.74,inferred
"Midlands",2022-01-10,0.42,0.43,0.47,0.50,0.50,0.51,0.53,0.60,0.62,0.64,0.65,0.67,0.73,0.74,0.74,inferred
"Midlands",2022-01-11,1.01,1.02,1.04,1.07,1.08,1.09,1.11,1.12,1.14,1.17,1.18,1.18,1.20,1.21,1.22,inferred
"Midlands",2022-01-12,1.01,1.02,1.04,1.07,1.08,1.09,1.11,1.12,1.14,1.17,1.18,1.18,1.20,1.21,1.22,inferred
"Midlands",2022-01-13,1.01,1.02,1.04,1.07,1.08,1.09,1.11,1.12,1.14,1.17,1.18,1.18,1.20,1.21,1.22,inferred
"Midlands",2022-01-14,1.01,1.02,1.04,1.07,1.08,1.09,1.11,1.12,1.14,1.17,1.18,1.18,1.20,1.21,1.22,inferred
"Midlands",2022-01-15,1.01,1.02,1.04,1.07,1.08,1.09,1.11,1.12,1.14,1.17,1.18,1.18,1.20,1.21,1.22,inferred
"Midlands",2022-01-16,1.01,1.02,1.04,1.07,1.08,1.09,1.11,1.12,1.14,1.17,1.18,1.18,1.20,1.21,1.22,inferred
"Midlands",2022-01-17,1.01,1.02,1.04,1.07,1.08,1.09,1.11,1.12,1.14,1.17,1.18,1.18,1.20,1.21,1.22,inferred
"Midlands",2022-01-18,0.82,0.83,0.84,0.85,0.85,0.85,0.86,0.86,0.87,0.87,0.87,0.87,0.88,0.89,0.89,inferred
"Midlands",2022-01-19,0.82,0.83,0.84,0.85,0.85,0.85,0.86,0.86,0.87,0.87,0.87,0.87,0.88,0.89,0.89,inferred
"Midlands",2022-01-20,0.82,0.83,0.84,0.85,0.85,0.85,0.86,0.86,0.87,0.87,0.87,0.87,0.88,0.89,0.89,inferred
"Midlands",2022-01-21,0.82,0.83,0.84,0.85,0.85,0.85,0.86,0.86,0.87,0.87,0.87,0.87,0.88,0.89,0.89,inferred
"Midlands",2022-01-22,0.82,0.83,0.84,0.85,0.85,0.85,0.86,0.86,0.87,0.87,0.87,0.87,0.88,0.89,0.89,inferred
"Midlands",2022-01-23,0.82,0.83,0.84,0.85,0.85,0.85,0.86,0.86,0.87,0.87,0.87,0.87,0.88,0.89,0.89,inferred
"Midlands",2022-01-24,0.82,0.83,0.84,0.85,0.85,0.85,0.86,0.86,0.87,0.87,0.87,0.87,0.88,0.89,0.89,inferred
"Midlands",2022-01-25,0.61,0.61,0.62,0.65,0.66,0.67,0.69,0.70,0.71,0.73,0.74,0.75,0.77,0.78,0.78,inferred
"Midlands",2022-01-26,0.61,0.61,0.62,0.65,0.66,0.67,0.69,0.70,0.71,0.73,0.74,0.75,0.77,0.78,0.78,inferred
"Midlands",2022-01-27,0.61,0.61,0.62,0.65,0.66,0.67,0.69,0.70,0.71,0.73,0.74,0.75,0.77,0.78,0.78,inferred
"Midlands",2022-01-28,0.61,0.61,0.62,0.65,0.66,0.67,0.69,0.70,0.71,0.73,0.74,0.75,0.77,0.78,0.78,inferred
"Midlands",2022-01-29,0.61,0.61,0.62,0.65,0.66,0.67,0.69,0.70,0.71,0.73,0.74,0.75,0.77,0.78,0.78,inferred
"Midlands",2022-01-30,0.61,0.61,0.62,0.65,0.66,0.67,0.69,0.70,0.71,0.73,0.74,0.75,0.77,0.78,0.78,inferred
"Midlands",2022-01-31,0.61,0.61,0.62,0.65,0.66,0.67,0.69,0.70,0.71,0.73,0.74,0.75,0.77,0.78,0.78,inferred
"Midlands",2022-02-01,0.59,0.61,0.63,0.66,0.68,0.69,0.71,0.74,0.76,0.78,0.80,0.81,0.83,0.85,0.86,inferred
"Midlands",2022-02-02,0.59,0.61,0.63,0.66,0.68,0.69,0.71,0.74,0.76,0.78,0.80,0.81,0.83,0.85,0.86,inferred
"Midlands",2022-02-03,0.59,0.61,0.63,0.66,0.68,0.69,0.71,0.74,0.76,0.78,0.80,0.81,0.83,0.85,0.86,inferred
"Midlands",2022-02-04,0.59,0.61,0.63,0.66,0.68,0.69,0.71,0.74,0.76,0.78,0.80,0.81,0.83,0.85,0.86,inferred
"Midlands",2022-02-05,0.59,0.61,0.63,0.66,0.68,0.69,0.71,0.74,0.76,0.78,0.80,0.81,0.83,0.85,0.86,inferred
"Midlands",2022-02-06,0.59,0.61,0.63,0.66,0.68,0.69,0.71,0.74,0.76,0.78,0.80,0.81,0.83,0.85,0.86,inferred
"Midlands",2022-02-07,0.59,0.61,0.63,0.66,0.68,0.69,0.71,0.74,0.76,0.78,0.80,0.81,0.83,0.85,0.86,inferred
"Midlands",2022-02-08,0.61,0.64,0.67,0.71,0.73,0.74,0.77,0.80,0.82,0.85,0.86,0.88,0.91,0.95,0.97,projected
"Midlands",2022-02-09,0.61,0.64,0.67,0.71,0.73,0.74,0.77,0.80,0.82,0.85,0.86,0.88,0.91,0.95,0.97,projected
"Midlands",2022-02-10,0.61,0.64,0.67,0.71,0.73,0.74,0.77,0.80,0.82,0.85,0.86,0.88,0.91,0.95,0.97,projected
"Midlands",2022-02-11,0.61,0.64,0.67,0.71,0.73,0.74,0.77,0.80,0.82,0.85,0.86,0.88,0.91,0.95,0.97,projected
"Midlands",2022-02-12,0.61,0.64,0.67,0.71,0.73,0.74,0.77,0.80,0.82,0.85,0.86,0.88,0.91,0.95,0.97,projected
"Midlands",2022-02-13,0.61,0.64,0.67,0.71,0.73,0.74,0.77,0.80,0.82,0.85,0.86,0.88,0.91,0.95,0.97,projected
"Midlands",2022-02-14,0.61,0.64,0.67,0.71,0.73,0.74,0.77,0.80,0.82,0.85,0.86,0.88,0.91,0.95,0.97,projected
"Midlands",2022-02-15,0.65,0.68,0.72,0.78,0.80,0.82,0.85,0.88,0.91,0.94,0.96,0.97,1.02,1.05,1.10,projected
"Midlands",2022-02-16,0.65,0.68,0.72,0.78,0.80,0.82,0.85,0.88,0.91,0.94,0.96,0.97,1.02,1.05,1.10,projected
"Midlands",2022-02-17,0.65,0.68,0.72,0.78,0.80,0.82,0.85,0.88,0.91,0.94,0.96,0.97,1.02,1.05,1.10,projected
"Midlands",2022-02-18,0.65,0.68,0.72,0.78,0.80,0.82,0.85,0.88,0.91,0.94,0.96,0.97,1.02,1.05,1.10,projected
"Midlands",2022-02-19,0.65,0.68,0.72,0.78,0.80,0.82,0.85,0.88,0.91,0.94,0.96,0.97,1.02,1.05,1.10,projected
"Midlands",2022-02-20,0.65,0.68,0.72,0.78,0.80,0.82,0.85,0.88,0.91,0.94,0.96,0.97,1.02,1.05,1.10,projected
"Midlands",2022-02-21,0.65,0.68,0.72,0.78,0.80,0.82,0.85,0.88,0.91,0.94,0.96,0.97,1.02,1.05,1.10,projected
"Midlands",2022-02-22,0.72,0.76,0.80,0.86,0.88,0.90,0.94,0.98,1.02,1.05,1.08,1.11,1.18,1.24,1.32,projected
"Midlands",2022-02-23,0.72,0.76,0.80,0.86,0.88,0.90,0.94,0.98,1.02,1.05,1.08,1.11,1.18,1.24,1.32,projected
"Midlands",2022-02-24,0.72,0.76,0.80,0.86,0.88,0.90,0.94,0.98,1.02,1.05,1.08,1.11,1.18,1.24,1.32,projected
"Midlands",2022-02-25,0.72,0.76,0.80,0.86,0.88,0.90,0.94,0.98,1.02,1.05,1.08,1.11,1.18,1.24,1.32,projected
"Midlands",2022-02-26,0.72,0.76,0.80,0.86,0.88,0.90,0.94,0.98,1.02,1.05,1.08,1.11,1.18,1.24,1.32,projected
"Midlands",2022-02-27,0.72,0.76,0.80,0.86,0.88,0.90,0.94,0.98,1.02,1.05,1.08,1.11,1.18,1.24,1.32,projected
"Midlands",2022-02-28,0.72,0.76,0.80,0.86,0.88,0.90,0.94,0.98,1.02,1.05,1.08,1.11,1.18,1.24,1.32,projected
"East of England",2021-10-26,0.77,0.78,0.78,0.79,0.80,0.80,0.81,0.81,0.82,0.82,0.83,0.83,0.84,0.84,0.85,inferred
"East of England",2021-10-27,0.77,0.78,0.78,0.79,0.80,0.80,0.81,0.81,0.82,0.82,0.83,0.83,0.84,0.84,0.85,inferred
"East of England",2021-10-28,0.77,0.78,0.78,0.79,0.80,0.80,0.81,0.81,0.82,0.82,0.83,0.83,0.84,0.84,0.85,inferred
"East of England",2021-10-29,0.77,0.78,0.78,0.79,0.80,0.80,0.81,0.81,0.82,0.82,0.83,0.83,0.84,0.84,0.85,inferred
"East of England",2021-10-30,0.77,0.78,0.78,0.79,0.80,0.80,0.81,0.81,0.82,0.82,0.83,0.83,0.84,0.84,0.85,inferred
"East of England",2021-10-31,0.77,0.78,0.78,0.79,0.80,0.80,0.81,0.81,0.82,0.82,0.83,0.83,0.84,0.84,0.85,inferred
"East of England",2021-11-01,0.77,0.78,0.78,0.79,0.80,0.80,0.81,0.81,0.82,0.82,0.83,0.83,0.84,0.84,0.85,inferred
"East of England",2021-11-02,1.12,1.12,1.13,1.14,1.15,1.15,1.16,1.17,1.17,1.18,1.19,1.19,1.20,1.21,1.22,inferred
"East of England",2021-11-03,1.12,1.12,1.13,1.14,1.15,1.15,1.16,1.17,1.17,1.18,1.19,1.19,1.20,1.21,1.22,inferred
"East of England",2021-11-04,1.12,1.12,1.13,1.14,1.15,1.15,1.16,1.17,1.17,1.18,1.19,1.19,1.20,1.21,1.22,inferred
"East of England",2021-11-05,1.12,1.12,1.13,1.14,1.15,1.15,1.16,1.17,1.17,1.18,1.19,1.19,1.20,1.21,1.22,inferred
"East of England",2021-11-06,1.12,1.12,1.13,1.14,1.15,1.15,1.16,1.17,1.17,1.18,1.19,1.19,1.20,1.21,1.22,inferred
"East of England",2021-11-07,1.12,1.12,1.13,1.14,1.15,1.15,1.16,1.17,1.17,1.18,1.19,1.19,1.20,1.21,1.22,inferred
"East of England",2021-11-08,1.12,1.12,1.13,1.14,1.15,1.15,1.16,1.17,1.17,1.18,1.19,1.19,1.20,1.21,1.22,inferred
"East of England",2021-11-09,1.02,1.02,1.03,1.05,1.05,1.06,1.07,1.08,1.09,1.11,1.12,1.13,1.15,1.17,1.18,inferred
"East of England",2021-11-10,1.02,1.02,1.03,1.05,1.05,1.06,1.07,1.08,1.09,1.11,1.12,1.13,1.15,1.17,1.18,inferred
"East of England",2021-11-11,1.02,1.02,1.03,1.05,1.05,1.06,1.07,1.08,1.09,1.11,1.12,1.13,1.15,1.17,1.18,inferred
"East of England",2021-11-12,1.02,1.02,1.03,1.05,1.05,1.06,1.07,1.08,1.09,1.11,1.12,1.13,1.15,1.17,1.18,inferred
"East of England",2021-11-13,1.02,1.02,1.03,1.05,1.05,1.06,1.07,1.08,1.09,1.11,1.12,1.13,1.15,1.17,1.18,inferred
"East of England",2021-11-14,1.02,1.02,1.03,1.05,1.05,1.06,1.07,1.08,1.09,1.11,1.12,1.13,1.15,1.17,1.18,inferred
"East of England",2021-11-15,1.02,1.02,1.03,1.05,1.05,1.06,1.07,1.08,1.09,1.11,1.12,1.13,1.15,1.17,1.18,inferred
"East of England",2021-11-16,1.02,1.03,1.04,1.05,1.05,1.05,1.06,1.06,1.07,1.08,1.08,1.08,1.10,1.11,1.12,inferred
"East of England",2021-11-17,1.02,1.03,1.04,1.05,1.05,1.05,1.06,1.06,1.07,1.08,1.08,1.08,1.10,1.11,1.12,inferred
"East of England",2021-11-18,1.02,1.03,1.04,1.05,1.05,1.05,1.06,1.06,1.07,1.08,1.08,1.08,1.10,1.11,1.12,inferred
"East of England",2021-11-19,1.02,1.03,1.04,1.05,1.05,1.05,1.06,1.06,1.07,1.08,1.08,1.08,1.10,1.11,1.12,inferred
"East of England",2021-11-20,1.02,1.03,1.04,1.05,1.05,1.05,1.06,1.06,1.07,1.08,1.08,1.08,1.10,1.11,1.12,inferred
"East of England",2021-11-21,1.02,1.03,1.04,1.05,1.05,1.05,1.06,1.06,1.07,1.08,1.08,1.08,1.10,1.11,1.12,inferred
"East of England",2021-11-22,1.02,1.03,1.04,1.05,1.05,1.05,1.06,1.06,1.07,1.08,1.08,1.08,1.10,1.11,1.12,inferred
"East of England",2021-11-23,1.04,1.05,1.06,1.07,1.07,1.08,1.09,1.10,1.12,1.14,1.15,1.15,1.17,1.19,1.20,inferred
"East of England",2021-11-24,1.04,1.05,1.06,1.07,1.07,1.08,1.09,1.10,1.12,1.14,1.15,1.15,1.17,1.19,1.20,inferred
"East of England",2021-11-25,1.04,1.05,1.06,1.07,1.07,1.08,1.09,1.10,1.12,1.14,1.15,1.15,1.17,1.19,1.20,inferred
"East of England",2021-11-26,1.04,1.05,1.06,1.07,1.07,1.08,1.09,1.10,1.12,1.14,1.15,1.15,1.17,1.19,1.20,inferred
"East of England",2021-11-27,1.04,1.05,1.06,1.07,1.07,1.08,1.09,1.10,1.12,1.14,1.15,1.15,1.17,1.19,1.20,inferred
"East of England",2021-11-28,1.04,1.05,1.06,1.07,1.07,1.08,1.09,1.10,1.12,1.14,1.15,1.15,1.17,1.19,1.20,inferred
"East of England",2021-11-29,1.04,1.05,1.06,1.07,1.07,1.08,1.09,1.10,1.12,1.14,1.15,1.15,1.17,1.19,1.20,inferred
"East of England",2021-11-30,1.08,1.08,1.09,1.10,1.10,1.10,1.11,1.11,1.12,1.13,1.13,1.14,1.15,1.16,1.17,inferred
"East of England",2021-12-01,1.08,1.08,1.09,1.10,1.10,1.10,1.11,1.11,1.12,1.13,1.13,1.14,1.15,1.16,1.17,inferred
"East of England",2021-12-02,1.08,1.08,1.09,1.10,1.10,1.10,1.11,1.11,1.12,1.13,1.13,1.14,1.15,1.16,1.17,inferred
"East of England",2021-12-03,1.08,1.08,1.09,1.10,1.10,1.10,1.11,1.11,1.12,1.13,1.13,1.14,1.15,1.16,1.17,inferred
"East of England",2021-12-04,1.08,1.08,1.09,1.10,1.10,1.10,1.11,1.11,1.12,1.13,1.13,1.14,1.15,1.16,1.17,inferred
"East of England",2021-12-05,1.08,1.08,1.09,1.10,1.10,1.10,1.11,1.11,1.12,1.13,1.13,1.14,1.15,1.16,1.17,inferred
"East of England",2021-12-06,1.08,1.08,1.09,1.10,1.10,1.10,1.11,1.11,1.12,1.13,1.13,1.14,1.15,1.16,1.17,inferred
"East of England",2021-12-07,1.48,1.49,1.51,1.59,1.63,1.65,1.68,1.72,1.77,1.84,1.87,1.92,2.03,2.08,2.10,inferred
"East of England",2021-12-08,1.48,1.49,1.51,1.59,1.63,1.65,1.68,1.72,1.77,1.84,1.87,1.92,2.03,2.08,2.10,inferred
"East of England",2021-12-09,1.48,1.49,1.51,1.59,1.63,1.65,1.68,1.72,1.77,1.84,1.87,1.92,2.03,2.08,2.10,inferred
"East of England",2021-12-10,1.48,1.49,1.51,1.59,1.63,1.65,1.68,1.72,1.77,1.84,1.87,1.92,2.03,2.08,2.10,inferred
"East of England",2021-12-11,1.48,1.49,1.51,1.59,1.63,1.65,1.68,1.72,1.77,1.84,1.87,1.92,2.03,2.08,2.10,inferred
"East of England",2021-12-12,1.48,1.49,1.51,1.59,1.63,1.65,1.68,1.72,1.77,1.84,1.87,1.92,2.03,2.08,2.10,inferred
"East of England",2021-12-13,1.48,1.49,1.51,1.59,1.63,1.65,1.68,1.72,1.77,1.84,1.87,1.92,2.03,2.08,2.10,inferred
"East of England",2021-12-14,1.05,1.05,1.07,1.09,1.10,1.11,1.14,1.17,1.23,1.30,1.32,1.33,1.39,1.50,1.52,inferred
"East of England",2021-12-15,1.05,1.05,1.07,1.09,1.10,1.11,1.14,1.17,1.23,1.30,1.32,1.33,1.39,1.50,1.52,inferred
"East of England",2021-12-16,1.05,1.05,1.07,1.09,1.10,1.11,1.14,1.17,1.23,1.30,1.32,1.33,1.39,1.50,1.52,inferred
"East of England",2021-12-17,1.05,1.05,1.07,1.09,1.10,1.11,1.14,1.17,1.23,1.30,1.32,1.33,1.39,1.50,1.52,inferred
"East of England",2021-12-18,1.05,1.05,1.07,1.09,1.10,1.11,1.14,1.17,1.23,1.30,1.32,1.33,1.39,1.50,1.52,inferred
"East of England",2021-12-19,1.05,1.05,1.07,1.09,1.10,1.11,1.14,1.17,1.23,1.30,1.32,1.33,1.39,1.50,1.52,inferred
"East of England",2021-12-20,1.05,1.05,1.07,1.09,1.10,1.11,1.14,1.17,1.23,1.30,1.32,1.33,1.39,1.50,1.52,inferred
"East of England",2021-12-21,1.19,1.20,1.20,1.22,1.23,1.24,1.26,1.27,1.29,1.33,1.35,1.37,1.40,1.42,1.43,inferred
"East of England",2021-12-22,1.19,1.20,1.20,1.22,1.23,1.24,1.26,1.27,1.29,1.33,1.35,1.37,1.40,1.42,1.43,inferred
"East of England",2021-12-23,1.19,1.20,1.20,1.22,1.23,1.24,1.26,1.27,1.29,1.33,1.35,1.37,1.40,1.42,1.43,inferred
"East of England",2021-12-24,1.19,1.20,1.20,1.22,1.23,1.24,1.26,1.27,1.29,1.33,1.35,1.37,1.40,1.42,1.43,inferred
"East of England",2021-12-25,1.19,1.20,1.20,1.22,1.23,1.24,1.26,1.27,1.29,1.33,1.35,1.37,1.40,1.42,1.43,inferred
"East of England",2021-12-26,1.19,1.20,1.20,1.22,1.23,1.24,1.26,1.27,1.29,1.33,1.35,1.37,1.40,1.42,1.43,inferred
"East of England",2021-12-27,1.19,1.20,1.20,1.22,1.23,1.24,1.26,1.27,1.29,1.33,1.35,1.37,1.40,1.42,1.43,inferred
"East of England",2021-12-28,0.63,0.64,0.65,0.68,0.68,0.69,0.69,0.70,0.70,0.71,0.72,0.73,0.74,0.74,0.75,inferred
"East of England",2021-12-29,0.63,0.64,0.65,0.68,0.68,0.69,0.69,0.70,0.70,0.71,0.72,0.73,0.74,0.74,0.75,inferred
"East of England",2021-12-30,0.63,0.64,0.65,0.68,0.68,0.69,0.69,0.70,0.70,0.71,0.72,0.73,0.74,0.74,0.75,inferred
"East of England",2021-12-31,0.63,0.64,0.65,0.68,0.68,0.69,0.69,0.70,0.70,0.71,0.72,0.73,0.74,0.74,0.75,inferred
"East of England",2022-01-01,0.63,0.64,0.65,0.68,0.68,0.69,0.69,0.70,0.70,0.71,0.72,0.73,0.74,0.74,0.75,inferred
"East of England",2022-01-02,0.63,0.64,0.65,0.68,0.68,0.69,0.69,0.70,0.70,0.71,0.72,0.73,0.74,0.74,0.75,inferred
"East of England",2022-01-03,0.63,0.64,0.65,0.68,0.68,0.69,0.69,0.70,0.70,0.71,0.72,0.73,0.74,0.74,0.75,inferred
"East of England",2022-01-04,0.48,0.49,0.54,0.56,0.57,0.57,0.62,0.68,0.71,0.73,0.74,0.77,0.81,0.83,0.83,inferred
"East of England",2022-01-05,0.48,0.49,0.54,0.56,0.57,0.57,0.62,0.68,0.71,0.73,0.74,0.77,0.81,0.83,0.83,inferred
"East of England",2022-01-06,0.48,0.49,0.54,0.56,0.57,0.57,0.62,0.68,0.71,0.73,0.74,0.77,0.81,0.83,0.83,inferred
"East of England",2022-01-07,0.48,0.49,0.54,0.56,0.57,0.57,0.62,0.68,0.71,0.73,0.74,0.77,0.81,0.83,0.83,inferred
"East of England",2022-01-08,0.48,0.49,0.54,0.56,0.57,0.57,0.62,0.68,0.71,0.73,0.74,0.77,0.81,0.83,0.83,inferred
"East of England",2022-01-09,0.48,0.49,0.54,0.56,0.57,0.57,0.62,0.68,0.71,0.73,0.74,0.77,0.81,0.83,0.83,inferred
"East of England",2022-01-10,0.48,0.49,0.54,0.56,0.57,0.57,0.62,0.68,0.71,0.73,0.74,0.77,0.81,0.83,0.83,inferred
"East of England",2022-01-11,1.20,1.20,1.21,1.22,1.22,1.23,1.24,1.25,1.25,1.27,1.28,1.29,1.31,1.32,1.32,inferred
"East of England",2022-01-12,1.20,1.20,1.21,1.22,1.22,1.23,1.24,1.25,1.25,1.27,1.28,1.29,1.31,1.32,1.32,inferred
"East of England",2022-01-13,1.20,1.20,1.21,1.22,1.22,1.23,1.24,1.25,1.25,1.27,1.28,1.29,1.31,1.32,1.32,inferred
"East of England",2022-01-14,1.20,1.20,1.21,1.22,1.22,1.23,1.24,1.25,1.25,1.27,1.28,1.29,1.31,1.32,1.32,inferred
"East of England",2022-01-15,1.20,1.20,1.21,1.22,1.22,1.23,1.24,1.25,1.25,1.27,1.28,1.29,1.31,1.32,1.32,inferred
"East of England",2022-01-16,1.20,1.20,1.21,1.22,1.22,1.23,1.24,1.25,1.25,1.27,1.28,1.29,1.31,1.32,1.32,inferred
"East of England",2022-01-17,1.20,1.20,1.21,1.22,1.22,1.23,1.24,1.25,1.25,1.27,1.28,1.29,1.31,1.32,1.32,inferred
"East of England",2022-01-18,0.90,0.90,0.91,0.92,0.92,0.93,0.94,0.94,0.95,0.96,0.97,0.98,0.99,1.01,1.02,inferred
"East of England",2022-01-19,0.90,0.90,0.91,0.92,0.92,0.93,0.94,0.94,0.95,0.96,0.97,0.98,0.99,1.01,1.02,inferred
"East of England",2022-01-20,0.90,0.90,0.91,0.92,0.92,0.93,0.94,0.94,0.95,0.96,0.97,0.98,0.99,1.01,1.02,inferred
"East of England",2022-01-21,0.90,0.90,0.91,0.92,0.92,0.93,0.94,0.94,0.95,0.96,0.97,0.98,0.99,1.01,1.02,inferred
"East of England",2022-01-22,0.90,0.90,0.91,0.92,0.92,0.93,0.94,0.94,0.95,0.96,0.97,0.98,0.99,1.01,1.02,inferred
"East of England",2022-01-23,0.90,0.90,0.91,0.92,0.92,0.93,0.94,0.94,0.95,0.96,0.97,0.98,0.99,1.01,1.02,inferred
"East of England",2022-01-24,0.90,0.90,0.91,0.92,0.92,0.93,0.94,0.94,0.95,0.96,0.97,0.98,0.99,1.01,1.02,inferred
"East of England",2022-01-25,0.70,0.70,0.71,0.73,0.74,0.75,0.76,0.76,0.77,0.78,0.79,0.80,0.81,0.82,0.83,inferred
"East of England",2022-01-26,0.70,0.70,0.71,0.73,0.74,0.75,0.76,0.76,0.77,0.78,0.79,0.80,0.81,0.82,0.83,inferred
"East of England",2022-01-27,0.70,0.70,0.71,0.73,0.74,0.75,0.76,0.76,0.77,0.78,0.79,0.80,0.81,0.82,0.83,inferred
"East of England",2022-01-28,0.70,0.70,0.71,0.73,0.74,0.75,0.76,0.76,0.77,0.78,0.79,0.80,0.81,0.82,0.83,inferred
"East of England",2022-01-29,0.70,0.70,0.71,0.73,0.74,0.75,0.76,0.76,0.77,0.78,0.79,0.80,0.81,0.82,0.83,inferred
"East of England",2022-01-30,0.70,0.70,0.71,0.73,0.74,0.75,0.76,0.76,0.77,0.78,0.79,0.80,0.81,0.82,0.83,inferred
"East of England",2022-01-31,0.70,0.70,0.71,0.73,0.74,0.75,0.76,0.76,0.77,0.78,0.79,0.80,0.81,0.82,0.83,inferred
"East of England",2022-02-01,0.65,0.66,0.68,0.71,0.72,0.73,0.75,0.77,0.79,0.81,0.82,0.82,0.84,0.86,0.87,inferred
"East of England",2022-02-02,0.65,0.66,0.68,0.71,0.72,0.73,0.75,0.77,0.79,0.81,0.82,0.82,0.84,0.86,0.87,inferred
"East of England",2022-02-03,0.65,0.66,0.68,0.71,0.72,0.73,0.75,0.77,0.79,0.81,0.82,0.82,0.84,0.86,0.87,inferred
"East of England",2022-02-04,0.65,0.66,0.68,0.71,0.72,0.73,0.75,0.77,0.79,0.81,0.82,0.82,0.84,0.86,0.87,inferred
"East of England",2022-02-05,0.65,0.66,0.68,0.71,0.72,0.73,0.75,0.77,0.79,0.81,0.82,0.82,0.84,0.86,0.87,inferred
"East of England",2022-02-06,0.65,0.66,0.68,0.71,0.72,0.73,0.75,0.77,0.79,0.81,0.82,0.82,0.84,0.86,0.87,inferred
"East of England",2022-02-07,0.65,0.66,0.68,0.71,0.72,0.73,0.75,0.77,0.79,0.81,0.82,0.82,0.84,0.86,0.87,inferred
"East of England",2022-02-08,0.67,0.68,0.71,0.75,0.77,0.78,0.80,0.82,0.84,0.87,0.88,0.89,0.92,0.96,0.98,projected
"East of England",2022-02-09,0.67,0.68,0.71,0.75,0.77,0.78,0.80,0.82,0.84,0.87,0.88,0.89,0.92,0.96,0.98,projected
"East of England",2022-02-10,0.67,0.68,0.71,0.75,0.77,0.78,0.80,0.82,0.84,0.87,0.88,0.89,0.92,0.96,0.98,projected
"East of England",2022-02-11,0.67,0.68,0.71,0.75,0.77,0.78,0.80,0.82,0.84,0.87,0.88,0.89,0.92,0.96,0.98,projected
"East of England",2022-02-12,0.67,0.68,0.71,0.75,0.77,0.78,0.80,0.82,0.84,0.87,0.88,0.89,0.92,0.96,0.98,projected
"East of England",2022-02-13,0.67,0.68,0.71,0.75,0.77,0.78,0.80,0.82,0.84,0.87,0.88,0.89,0.92,0.96,0.98,projected
"East of England",2022-02-14,0.67,0.68,0.71,0.75,0.77,0.78,0.80,0.82,0.84,0.87,0.88,0.89,0.92,0.96,0.98,projected
"East of England",2022-02-15,0.70,0.73,0.76,0.80,0.82,0.84,0.87,0.90,0.93,0.95,0.97,0.99,1.04,1.08,1.11,projected
"East of England",2022-02-16,0.70,0.73,0.76,0.80,0.82,0.84,0.87,0.90,0.93,0.95,0.97,0.99,1.04,1.08,1.11,projected
"East of England",2022-02-17,0.70,0.73,0.76,0.80,0.82,0.84,0.87,0.90,0.93,0.95,0.97,0.99,1.04,1.08,1.11,projected
"East of England",2022-02-18,0.70,0.73,0.76,0.80,0.82,0.84,0.87,0.90,0.93,0.95,0.97,0.99,1.04,1.08,1.11,projected
"East of England",2022-02-19,0.70,0.73,0.76,0.80,0.82,0.84,0.87,0.90,0.93,0.95,0.97,0.99,1.04,1.08,1.11,projected
"East of England",2022-02-20,0.70,0.73,0.76,0.80,0.82,0.84,0.87,0.90,0.93,0.95,0.97,0.99,1.04,1.08,1.11,projected
"East of England",2022-02-21,0.70,0.73,0.76,0.80,0.82,0.84,0.87,0.90,0.93,0.95,0.97,0.99,1.04,1.08,1.11,projected
"East of England",2022-02-22,0.74,0.78,0.82,0.88,0.90,0.92,0.96,0.99,1.03,1.07,1.10,1.12,1.20,1.26,1.32,projected
"East of England",2022-02-23,0.74,0.78,0.82,0.88,0.90,0.92,0.96,0.99,1.03,1.07,1.10,1.12,1.20,1.26,1.32,projected
"East of England",2022-02-24,0.74,0.78,0.82,0.88,0.90,0.92,0.96,0.99,1.03,1.07,1.10,1.12,1.20,1.26,1.32,projected
"East of England",2022-02-25,0.74,0.78,0.82,0.88,0.90,0.92,0.96,0.99,1.03,1.07,1.10,1.12,1.20,1.26,1.32,projected
"East of England",2022-02-26,0.74,0.78,0.82,0.88,0.90,0.92,0.96,0.99,1.03,1.07,1.10,1.12,1.20,1.26,1.32,projected
"East of England",2022-02-27,0.74,0.78,0.82,0.88,0.90,0.92,0.96,0.99,1.03,1.07,1.10,1.12,1.20,1.26,1.32,projected
"East of England",2022-02-28,0.74,0.78,0.82,0.88,0.90,0.92,0.96,0.99,1.03,1.07,1.10,1.12,1.20,1.26,1.32,projected
"London",2021-10-26,0.85,0.85,0.87,0.88,0.88,0.88,0.89,0.90,0.90,0.91,0.91,0.92,0.92,0.93,0.94,inferred
"London",2021-10-27,0.85,0.85,0.87,0.88,0.88,0.88,0.89,0.90,0.90,0.91,0.91,0.92,0.92,0.93,0.94,inferred
"London",2021-10-28,0.85,0.85,0.87,0.88,0.88,0.88,0.89,0.90,0.90,0.91,0.91,0.92,0.92,0.93,0.94,inferred
"London",2021-10-29,0.85,0.85,0.87,0.88,0.88,0.88,0.89,0.90,0.90,0.91,0.91,0.92,0.92,0.93,0.94,inferred
"London",2021-10-30,0.85,0.85,0.87,0.88,0.88,0.88,0.89,0.90,0.90,0.91,0.91,0.92,0.92,0.93,0.94,inferred
"London",2021-10-31,0.85,0.85,0.87,0.88,0.88,0.88,0.89,0.90,0.90,0.91,0.91,0.92,0.92,0.93,0.94,inferred
"London",2021-11-01,0.85,0.85,0.87,0.88,0.88,0.88,0.89,0.90,0.90,0.91,0.91,0.92,0.92,0.93,0.94,inferred
"London",2021-11-02,1.19,1.19,1.20,1.22,1.22,1.23,1.23,1.24,1.25,1.26,1.27,1.27,1.29,1.30,1.31,inferred
"London",2021-11-03,1.19,1.19,1.20,1.22,1.22,1.23,1.23,1.24,1.25,1.26,1.27,1.27,1.29,1.30,1.31,inferred
"London",2021-11-04,1.19,1.19,1.20,1.22,1.22,1.23,1.23,1.24,1.25,1.26,1.27,1.27,1.29,1.30,1.31,inferred
"London",2021-11-05,1.19,1.19,1.20,1.22,1.22,1.23,1.23,1.24,1.25,1.26,1.27,1.27,1.29,1.30,1.31,inferred
"London",2021-11-06,1.19,1.19,1.20,1.22,1.22,1.23,1.23,1.24,1.25,1.26,1.27,1.27,1.29,1.30,1.31,inferred
"London",2021-11-07,1.19,1.19,1.20,1.22,1.22,1.23,1.23,1.24,1.25,1.26,1.27,1.27,1.29,1.30,1.31,inferred
"London",2021-11-08,1.19,1.19,1.20,1.22,1.22,1.23,1.23,1.24,1.25,1.26,1.27,1.27,1.29,1.30,1.31,inferred
"London",2021-11-09,1.00,1.01,1.02,1.04,1.05,1.05,1.07,1.08,1.11,1.13,1.14,1.15,1.18,1.20,1.22,inferred
"London",2021-11-10,1.00,1.01,1.02,1.04,1.05,1.05,1.07,1.08,1.11,1.13,1.14,1.15,1.18,1.20,1.22,inferred
"London",2021-11-11,1.00,1.01,1.02,1.04,1.05,1.05,1.07,1.08,1.11,1.13,1.14,1.15,1.18,1.20,1.22,inferred
"London",2021-11-12,1.00,1.01,1.02,1.04,1.05,1.05,1.07,1.08,1.11,1.13,1.14,1.15,1.18,1.20,1.22,inferred
"London",2021-11-13,1.00,1.01,1.02,1.04,1.05,1.05,1.07,1.08,1.11,1.13,1.14,1.15,1.18,1.20,1.22,inferred
"London",2021-11-14,1.00,1.01,1.02,1.04,1.05,1.05,1.07,1.08,1.11,1.13,1.14,1.15,1.18,1.20,1.22,inferred
"London",2021-11-15,1.00,1.01,1.02,1.04,1.05,1.05,1.07,1.08,1.11,1.13,1.14,1.15,1.18,1.20,1.22,inferred
"London",2021-11-16,1.09,1.10,1.11,1.12,1.13,1.13,1.14,1.15,1.16,1.17,1.18,1.19,1.20,1.22,1.23,inferred
"London",2021-11-17,1.09,1.10,1.11,1.12,1.13,1.13,1.14,1.15,1.16,1.17,1.18,1.19,1.20,1.22,1.23,inferred
"London",2021-11-18,1.09,1.10,1.11,1.12,1.13,1.13,1.14,1.15,1.16,1.17,1.18,1.19,1.20,1.22,1.23,inferred
"London",2021-11-19,1.09,1.10,1.11,1.12,1.13,1.13,1.14,1.15,1.16,1.17,1.18,1.19,1.20,1.22,1.23,inferred
"London",2021-11-20,1.09,1.10,1.11,1.12,1.13,1.13,1.14,1.15,1.16,1.17,1.18,1.19,1.20,1.22,1.23,inferred
"London",2021-11-21,1.09,1.10,1.11,1.12,1.13,1.13,1.14,1.15,1.16,1.17,1.18,1.19,1.20,1.22,1.23,inferred
"London",2021-11-22,1.09,1.10,1.11,1.12,1.13,1.13,1.14,1.15,1.16,1.17,1.18,1.19,1.20,1.22,1.23,inferred
"London",2021-11-23,1.08,1.09,1.10,1.13,1.14,1.15,1.17,1.19,1.22,1.26,1.27,1.28,1.32,1.36,1.37,inferred
"London",2021-11-24,1.08,1.09,1.10,1.13,1.14,1.15,1.17,1.19,1.22,1.26,1.27,1.28,1.32,1.36,1.37,inferred
"London",2021-11-25,1.08,1.09,1.10,1.13,1.14,1.15,1.17,1.19,1.22,1.26,1.27,1.28,1.32,1.36,1.37,inferred
"London",2021-11-26,1.08,1.09,1.10,1.13,1.14,1.15,1.17,1.19,1.22,1.26,1.27,1.28,1.32,1.36,1.37,inferred
"London",2021-11-27,1.08,1.09,1.10,1.13,1.14,1.15,1.17,1.19,1.22,1.26,1.27,1.28,1.32,1.36,1.37,inferred
"London",2021-11-28,1.08,1.09,1.10,1.13,1.14,1.15,1.17,1.19,1.22,1.26,1.27,1.28,1.32,1.36,1.37,inferred
"London",2021-11-29,1.08,1.09,1.10,1.13,1.14,1.15,1.17,1.19,1.22,1.26,1.27,1.28,1.32,1.36,1.37,inferred
"London",2021-11-30,1.36,1.37,1.39,1.42,1.43,1.44,1.45,1.47,1.48,1.51,1.53,1.55,1.59,1.61,1.63,inferred
"London",2021-12-01,1.36,1.37,1.39,1.42,1.43,1.44,1.45,1.47,1.48,1.51,1.53,1.55,1.59,1.61,1.63,inferred
"London",2021-12-02,1.36,1.37,1.39,1.42,1.43,1.44,1.45,1.47,1.48,1.51,1.53,1.55,1.59,1.61,1.63,inferred
"London",2021-12-03,1.36,1.37,1.39,1.42,1.43,1.44,1.45,1.47,1.48,1.51,1.53,1.55,1.59,1.61,1.63,inferred
"London",2021-12-04,1.36,1.37,1.39,1.42,1.43,1.44,1.45,1.47,1.48,1.51,1.53,1.55,1.59,1.61,1.63,inferred
"London",2021-12-05,1.36,1.37,1.39,1.42,1.43,1.44,1.45,1.47,1.48,1.51,1.53,1.55,1.59,1.61,1.63,inferred
"London",2021-12-06,1.36,1.37,1.39,1.42,1.43,1.44,1.45,1.47,1.48,1.51,1.53,1.55,1.59,1.61,1.63,inferred
"London",2021-12-07,1.85,1.86,1.88,2.11,2.19,2.22,2.26,2.33,2.53,2.79,2.87,2.94,3.16,3.64,3.67,inferred
"London",2021-12-08,1.85,1.86,1.88,2.11,2.19,2.22,2.26,2.33,2.53,2.79,2.87,2.94,3.16,3.64,3.67,inferred
"London",2021-12-09,1.85,1.86,1.88,2.11,2.19,2.22,2.26,2.33,2.53,2.79,2.87,2.94,3.16,3.64,3.67,inferred
"London",2021-12-10,1.85,1.86,1.88,2.11,2.19,2.22,2.26,2.33,2.53,2.79,2.87,2.94,3.16,3.64,3.67,inferred
"London",2021-12-11,1.85,1.86,1.88,2.11,2.19,2.22,2.26,2.33,2.53,2.79,2.87,2.94,3.16,3.64,3.67,inferred
"London",2021-12-12,1.85,1.86,1.88,2.11,2.19,2.22,2.26,2.33,2.53,2.79,2.87,2.94,3.16,3.64,3.67,inferred
"London",2021-12-13,1.85,1.86,1.88,2.11,2.19,2.22,2.26,2.33,2.53,2.79,2.87,2.94,3.16,3.64,3.67,inferred
"London",2021-12-14,0.67,0.68,0.69,0.71,0.71,0.72,0.75,0.77,0.79,0.85,0.86,0.88,0.92,0.98,0.99,inferred
"London",2021-12-15,0.67,0.68,0.69,0.71,0.71,0.72,0.75,0.77,0.79,0.85,0.86,0.88,0.92,0.98,0.99,inferred
"London",2021-12-16,0.67,0.68,0.69,0.71,0.71,0.72,0.75,0.77,0.79,0.85,0.86,0.88,0.92,0.98,0.99,inferred
"London",2021-12-17,0.67,0.68,0.69,0.71,0.71,0.72,0.75,0.77,0.79,0.85,0.86,0.88,0.92,0.98,0.99,inferred
"London",2021-12-18,0.67,0.68,0.69,0.71,0.71,0.72,0.75,0.77,0.79,0.85,0.86,0.88,0.92,0.98,0.99,inferred
"London",2021-12-19,0.67,0.68,0.69,0.71,0.71,0.72,0.75,0.77,0.79,0.85,0.86,0.88,0.92,0.98,0.99,inferred
"London",2021-12-20,0.67,0.68,0.69,0.71,0.71,0.72,0.75,0.77,0.79,0.85,0.86,0.88,0.92,0.98,0.99,inferred
"London",2021-12-21,0.95,0.96,0.98,1.00,1.01,1.02,1.04,1.06,1.08,1.10,1.11,1.11,1.12,1.13,1.14,inferred
"London",2021-12-22,0.95,0.96,0.98,1.00,1.01,1.02,1.04,1.06,1.08,1.10,1.11,1.11,1.12,1.13,1.14,inferred
"London",2021-12-23,0.95,0.96,0.98,1.00,1.01,1.02,1.04,1.06,1.08,1.10,1.11,1.11,1.12,1.13,1.14,inferred
"London",2021-12-24,0.95,0.96,0.98,1.00,1.01,1.02,1.04,1.06,1.08,1.10,1.11,1.11,1.12,1.13,1.14,inferred
"London",2021-12-25,0.95,0.96,0.98,1.00,1.01,1.02,1.04,1.06,1.08,1.10,1.11,1.11,1.12,1.13,1.14,inferred
"London",2021-12-26,0.95,0.96,0.98,1.00,1.01,1.02,1.04,1.06,1.08,1.10,1.11,1.11,1.12,1.13,1.14,inferred
"London",2021-12-27,0.95,0.96,0.98,1.00,1.01,1.02,1.04,1.06,1.08,1.10,1.11,1.11,1.12,1.13,1.14,inferred
"London",2021-12-28,0.71,0.72,0.73,0.74,0.75,0.75,0.76,0.77,0.78,0.78,0.79,0.79,0.80,0.81,0.81,inferred
"London",2021-12-29,0.71,0.72,0.73,0.74,0.75,0.75,0.76,0.77,0.78,0.78,0.79,0.79,0.80,0.81,0.81,inferred
"London",2021-12-30,0.71,0.72,0.73,0.74,0.75,0.75,0.76,0.77,0.78,0.78,0.79,0.79,0.80,0.81,0.81,inferred
"London",2021-12-31,0.71,0.72,0.73,0.74,0.75,0.75,0.76,0.77,0.78,0.78,0.79,0.79,0.80,0.81,0.81,inferred
"London",2022-01-01,0.71,0.72,0.73,0.74,0.75,0.75,0.76,0.77,0.78,0.78,0.79,0.79,0.80,0.81,0.81,inferred
"London",2022-01-02,0.71,0.72,0.73,0.74,0.75,0.75,0.76,0.77,0.78,0.78,0.79,0.79,0.80,0.81,0.81,inferred
"London",2022-01-03,0.71,0.72,0.73,0.74,0.75,0.75,0.76,0.77,0.78,0.78,0.79,0.79,0.80,0.81,0.81,inferred
"London",2022-01-04,0.39,0.39,0.42,0.45,0.46,0.46,0.50,0.55,0.58,0.59,0.61,0.63,0.68,0.69,0.70,inferred
"London",2022-01-05,0.39,0.39,0.42,0.45,0.46,0.46,0.50,0.55,0.58,0.59,0.61,0.63,0.68,0.69,0.70,inferred
"London",2022-01-06,0.39,0.39,0.42,0.45,0.46,0.46,0.50,0.55,0.58,0.59,0.61,0.63,0.68,0.69,0.70,inferred
"London",2022-01-07,0.39,0.39,0.42,0.45,0.46,0.46,0.50,0.55,0.58,0.59,0.61,0.63,0.68,0.69,0.70,inferred
"London",2022-01-08,0.39,0.39,0.42,0.45,0.46,0.46,0.50,0.55,0.58,0.59,0.61,0.63,0.68,0.69,0.70,inferred
"London",2022-01-09,0.39,0.39,0.42,0.45,0.46,0.46,0.50,0.55,0.58,0.59,0.61,0.63,0.68,0.69,0.70,inferred
"London",2022-01-10,0.39,0.39,0.42,0.45,0.46,0.46,0.50,0.55,0.58,0.59,0.61,0.63,0.68,0.69,0.70,inferred
"London",2022-01-11,0.95,0.96,0.99,1.02,1.03,1.04,1.08,1.12,1.13,1.16,1.17,1.18,1.20,1.21,1.22,inferred
"London",2022-01-12,0.95,0.96,0.99,1.02,1.03,1.04,1.08,1.12,1.13,1.16,1.17,1.18,1.20,1.21,1.22,inferred
"London",2022-01-13,0.95,0.96,0.99,1.02,1.03,1.04,1.08,1.12,1.13,1.16,1.17,1.18,1.20,1.21,1.22,inferred
"London",2022-01-14,0.95,0.96,0.99,1.02,1.03,1.04,1.08,1.12,1.13,1.16,1.17,1.18,1.20,1.21,1.22,inferred
"London",2022-01-15,0.95,0.96,0.99,1.02,1.03,1.04,1.08,1.12,1.13,1.16,1.17,1.18,1.20,1.21,1.22,inferred
"London",2022-01-16,0.95,0.96,0.99,1.02,1.03,1.04,1.08,1.12,1.13,1.16,1.17,1.18,1.20,1.21,1.22,inferred
"London",2022-01-17,0.95,0.96,0.99,1.02,1.03,1.04,1.08,1.12,1.13,1.16,1.17,1.18,1.20,1.21,1.22,inferred
"London",2022-01-18,0.89,0.89,0.90,0.91,0.91,0.92,0.92,0.93,0.93,0.94,0.94,0.95,0.96,0.96,0.97,inferred
"London",2022-01-19,0.89,0.89,0.90,0.91,0.91,0.92,0.92,0.93,0.93,0.94,0.94,0.95,0.96,0.96,0.97,inferred
"London",2022-01-20,0.89,0.89,0.90,0.91,0.91,0.92,0.92,0.93,0.93,0.94,0.94,0.95,0.96,0.96,0.97,inferred
"London",2022-01-21,0.89,0.89,0.90,0.91,0.91,0.92,0.92,0.93,0.93,0.94,0.94,0.95,0.96,0.96,0.97,inferred
"London",2022-01-22,0.89,0.89,0.90,0.91,0.91,0.92,0.92,0.93,0.93,0.94,0.94,0.95,0.96,0.96,0.97,inferred
"London",2022-01-23,0.89,0.89,0.90,0.91,0.91,0.92,0.92,0.93,0.93,0.94,0.94,0.95,0.96,0.96,0.97,inferred
"London",2022-01-24,0.89,0.89,0.90,0.91,0.91,0.92,0.92,0.93,0.93,0.94,0.94,0.95,0.96,0.96,0.97,inferred
"London",2022-01-25,0.70,0.71,0.72,0.74,0.74,0.75,0.76,0.77,0.78,0.80,0.80,0.81,0.83,0.84,0.84,inferred
"London",2022-01-26,0.70,0.71,0.72,0.74,0.74,0.75,0.76,0.77,0.78,0.80,0.80,0.81,0.83,0.84,0.84,inferred
"London",2022-01-27,0.70,0.71,0.72,0.74,0.74,0.75,0.76,0.77,0.78,0.80,0.80,0.81,0.83,0.84,0.84,inferred
"London",2022-01-28,0.70,0.71,0.72,0.74,0.74,0.75,0.76,0.77,0.78,0.80,0.80,0.81,0.83,0.84,0.84,inferred
"London",2022-01-29,0.70,0.71,0.72,0.74,0.74,0.75,0.76,0.77,0.78,0.80,0.80,0.81,0.83,0.84,0.84,inferred
"London",2022-01-30,0.70,0.71,0.72,0.74,0.74,0.75,0.76,0.77,0.78,0.80,0.80,0.81,0.83,0.84,0.84,inferred
"London",2022-01-31,0.70,0.71,0.72,0.74,0.74,0.75,0.76,0.77,0.78,0.80,0.80,0.81,0.83,0.84,0.84,inferred
"London",2022-02-01,0.66,0.68,0.70,0.73,0.74,0.75,0.77,0.79,0.82,0.84,0.85,0.86,0.89,0.91,0.92,inferred
"London",2022-02-02,0.66,0.68,0.70,0.73,0.74,0.75,0.77,0.79,0.82,0.84,0.85,0.86,0.89,0.91,0.92,inferred
"London",2022-02-03,0.66,0.68,0.70,0.73,0.74,0.75,0.77,0.79,0.82,0.84,0.85,0.86,0.89,0.91,0.92,inferred
"London",2022-02-04,0.66,0.68,0.70,0.73,0.74,0.75,0.77,0.79,0.82,0.84,0.85,0.86,0.89,0.91,0.92,inferred
"London",2022-02-05,0.66,0.68,0.70,0.73,0.74,0.75,0.77,0.79,0.82,0.84,0.85,0.86,0.89,0.91,0.92,inferred
"London",2022-02-06,0.66,0.68,0.70,0.73,0.74,0.75,0.77,0.79,0.82,0.84,0.85,0.86,0.89,0.91,0.92,inferred
"London",2022-02-07,0.66,0.68,0.70,0.73,0.74,0.75,0.77,0.79,0.82,0.84,0.85,0.86,0.89,0.91,0.92,inferred
"London",2022-02-08,0.60,0.63,0.67,0.73,0.74,0.76,0.80,0.83,0.86,0.89,0.91,0.93,0.99,1.03,1.09,projected
"London",2022-02-09,0.60,0.63,0.67,0.73,0.74,0.76,0.80,0.83,0.86,0.89,0.91,0.93,0.99,1.03,1.09,projected
"London",2022-02-10,0.60,0.63,0.67,0.73,0.74,0.76,0.80,0.83,0.86,0.89,0.91,0.93,0.99,1.03,1.09,projected
"London",2022-02-11,0.60,0.63,0.67,0.73,0.74,0.76,0.80,0.83,0.86,0.89,0.91,0.93,0.99,1.03,1.09,projected
"London",2022-02-12,0.60,0.63,0.67,0.73,0.74,0.76,0.80,0.83,0.86,0.89,0.91,0.93,0.99,1.03,1.09,projected
"London",2022-02-13,0.60,0.63,0.67,0.73,0.74,0.76,0.80,0.83,0.86,0.89,0.91,0.93,0.99,1.03,1.09,projected
"London",2022-02-14,0.60,0.63,0.67,0.73,0.74,0.76,0.80,0.83,0.86,0.89,0.91,0.93,0.99,1.03,1.09,projected
"London",2022-02-15,0.58,0.61,0.67,0.74,0.76,0.78,0.82,0.87,0.91,0.95,0.98,1.01,1.09,1.17,1.25,projected
"London",2022-02-16,0.58,0.61,0.67,0.74,0.76,0.78,0.82,0.87,0.91,0.95,0.98,1.01,1.09,1.17,1.25,projected
"London",2022-02-17,0.58,0.61,0.67,0.74,0.76,0.78,0.82,0.87,0.91,0.95,0.98,1.01,1.09,1.17,1.25,projected
"London",2022-02-18,0.58,0.61,0.67,0.74,0.76,0.78,0.82,0.87,0.91,0.95,0.98,1.01,1.09,1.17,1.25,projected
"London",2022-02-19,0.58,0.61,0.67,0.74,0.76,0.78,0.82,0.87,0.91,0.95,0.98,1.01,1.09,1.17,1.25,projected
"London",2022-02-20,0.58,0.61,0.67,0.74,0.76,0.78,0.82,0.87,0.91,0.95,0.98,1.01,1.09,1.17,1.25,projected
"London",2022-02-21,0.58,0.61,0.67,0.74,0.76,0.78,0.82,0.87,0.91,0.95,0.98,1.01,1.09,1.17,1.25,projected
"London",2022-02-22,0.57,0.61,0.67,0.75,0.78,0.81,0.86,0.91,0.96,1.01,1.04,1.08,1.20,1.32,1.42,projected
"London",2022-02-23,0.57,0.61,0.67,0.75,0.78,0.81,0.86,0.91,0.96,1.01,1.04,1.08,1.20,1.32,1.42,projected
"London",2022-02-24,0.57,0.61,0.67,0.75,0.78,0.81,0.86,0.91,0.96,1.01,1.04,1.08,1.20,1.32,1.42,projected
"London",2022-02-25,0.57,0.61,0.67,0.75,0.78,0.81,0.86,0.91,0.96,1.01,1.04,1.08,1.20,1.32,1.42,projected
"London",2022-02-26,0.57,0.61,0.67,0.75,0.78,0.81,0.86,0.91,0.96,1.01,1.04,1.08,1.20,1.32,1.42,projected
"London",2022-02-27,0.57,0.61,0.67,0.75,0.78,0.81,0.86,0.91,0.96,1.01,1.04,1.08,1.20,1.32,1.42,projected
"London",2022-02-28,0.57,0.61,0.67,0.75,0.78,0.81,0.86,0.91,0.96,1.01,1.04,1.08,1.20,1.32,1.42,projected
"South East",2021-10-26,0.78,0.79,0.79,0.80,0.80,0.81,0.81,0.82,0.82,0.83,0.83,0.83,0.84,0.84,0.85,inferred
"South East",2021-10-27,0.78,0.79,0.79,0.80,0.80,0.81,0.81,0.82,0.82,0.83,0.83,0.83,0.84,0.84,0.85,inferred
"South East",2021-10-28,0.78,0.79,0.79,0.80,0.80,0.81,0.81,0.82,0.82,0.83,0.83,0.83,0.84,0.84,0.85,inferred
"South East",2021-10-29,0.78,0.79,0.79,0.80,0.80,0.81,0.81,0.82,0.82,0.83,0.83,0.83,0.84,0.84,0.85,inferred
"South East",2021-10-30,0.78,0.79,0.79,0.80,0.80,0.81,0.81,0.82,0.82,0.83,0.83,0.83,0.84,0.84,0.85,inferred
"South East",2021-10-31,0.78,0.79,0.79,0.80,0.80,0.81,0.81,0.82,0.82,0.83,0.83,0.83,0.84,0.84,0.85,inferred
"South East",2021-11-01,0.78,0.79,0.79,0.80,0.80,0.81,0.81,0.82,0.82,0.83,0.83,0.83,0.84,0.84,0.85,inferred
"South East",2021-11-02,1.19,1.20,1.21,1.22,1.22,1.22,1.23,1.24,1.24,1.25,1.26,1.26,1.28,1.29,1.29,inferred
"South East",2021-11-03,1.19,1.20,1.21,1.22,1.22,1.22,1.23,1.24,1.24,1.25,1.26,1.26,1.28,1.29,1.29,inferred
"South East",2021-11-04,1.19,1.20,1.21,1.22,1.22,1.22,1.23,1.24,1.24,1.25,1.26,1.26,1.28,1.29,1.29,inferred
"South East",2021-11-05,1.19,1.20,1.21,1.22,1.22,1.22,1.23,1.24,1.24,1.25,1.26,1.26,1.28,1.29,1.29,inferred
"South East",2021-11-06,1.19,1.20,1.21,1.22,1.22,1.22,1.23,1.24,1.24,1.25,1.26,1.26,1.28,1.29,1.29,inferred
"South East",2021-11-07,1.19,1.20,1.21,1.22,1.22,1.22,1.23,1.24,1.24,1.25,1.26,1.26,1.28,1.29,1.29,inferred
"South East",2021-11-08,1.19,1.20,1.21,1.22,1.22,1.22,1.23,1.24,1.24,1.25,1.26,1.26,1.28,1.29,1.29,inferred
"South East",2021-11-09,1.08,1.08,1.10,1.11,1.12,1.13,1.14,1.16,1.19,1.22,1.22,1.23,1.27,1.30,1.32,inferred
"South East",2021-11-10,1.08,1.08,1.10,1.11,1.12,1.13,1.14,1.16,1.19,1.22,1.22,1.23,1.27,1.30,1.32,inferred
"South East",2021-11-11,1.08,1.08,1.10,1.11,1.12,1.13,1.14,1.16,1.19,1.22,1.22,1.23,1.27,1.30,1.32,inferred
"South East",2021-11-12,1.08,1.08,1.10,1.11,1.12,1.13,1.14,1.16,1.19,1.22,1.22,1.23,1.27,1.30,1.32,inferred
"South East",2021-11-13,1.08,1.08,1.10,1.11,1.12,1.13,1.14,1.16,1.19,1.22,1.22,1.23,1.27,1.30,1.32,inferred
"South East",2021-11-14,1.08,1.08,1.10,1.11,1.12,1.13,1.14,1.16,1.19,1.22,1.22,1.23,1.27,1.30,1.32,inferred
"South East",2021-11-15,1.08,1.08,1.10,1.11,1.12,1.13,1.14,1.16,1.19,1.22,1.22,1.23,1.27,1.30,1.32,inferred
"South East",2021-11-16,1.04,1.05,1.06,1.07,1.07,1.08,1.08,1.09,1.10,1.12,1.13,1.14,1.15,1.17,1.18,inferred
"South East",2021-11-17,1.04,1.05,1.06,1.07,1.07,1.08,1.08,1.09,1.10,1.12,1.13,1.14,1.15,1.17,1.18,inferred
"South East",2021-11-18,1.04,1.05,1.06,1.07,1.07,1.08,1.08,1.09,1.10,1.12,1.13,1.14,1.15,1.17,1.18,inferred
"South East",2021-11-19,1.04,1.05,1.06,1.07,1.07,1.08,1.08,1.09,1.10,1.12,1.13,1.14,1.15,1.17,1.18,inferred
"South East",2021-11-20,1.04,1.05,1.06,1.07,1.07,1.08,1.08,1.09,1.10,1.12,1.13,1.14,1.15,1.17,1.18,inferred
"South East",2021-11-21,1.04,1.05,1.06,1.07,1.07,1.08,1.08,1.09,1.10,1.12,1.13,1.14,1.15,1.17,1.18,inferred
"South East",2021-11-22,1.04,1.05,1.06,1.07,1.07,1.08,1.08,1.09,1.10,1.12,1.13,1.14,1.15,1.17,1.18,inferred
"South East",2021-11-23,1.03,1.04,1.04,1.05,1.06,1.06,1.08,1.09,1.11,1.12,1.13,1.14,1.16,1.17,1.18,inferred
"South East",2021-11-24,1.03,1.04,1.04,1.05,1.06,1.06,1.08,1.09,1.11,1.12,1.13,1.14,1.16,1.17,1.18,inferred
"South East",2021-11-25,1.03,1.04,1.04,1.05,1.06,1.06,1.08,1.09,1.11,1.12,1.13,1.14,1.16,1.17,1.18,inferred
"South East",2021-11-26,1.03,1.04,1.04,1.05,1.06,1.06,1.08,1.09,1.11,1.12,1.13,1.14,1.16,1.17,1.18,inferred
"South East",2021-11-27,1.03,1.04,1.04,1.05,1.06,1.06,1.08,1.09,1.11,1.12,1.13,1.14,1.16,1.17,1.18,inferred
"South East",2021-11-28,1.03,1.04,1.04,1.05,1.06,1.06,1.08,1.09,1.11,1.12,1.13,1.14,1.16,1.17,1.18,inferred
"South East",2021-11-29,1.03,1.04,1.04,1.05,1.06,1.06,1.08,1.09,1.11,1.12,1.13,1.14,1.16,1.17,1.18,inferred
"South East",2021-11-30,0.97,0.98,0.98,0.99,0.99,1.00,1.00,1.01,1.01,1.02,1.02,1.02,1.03,1.04,1.04,inferred
"South East",2021-12-01,0.97,0.98,0.98,0.99,0.99,1.00,1.00,1.01,1.01,1.02,1.02,1.02,1.03,1.04,1.04,inferred
"South East",2021-12-02,0.97,0.98,0.98,0.99,0.99,1.00,1.00,1.01,1.01,1.02,1.02,1.02,1.03,1.04,1.04,inferred
"South East",2021-12-03,0.97,0.98,0.98,0.99,0.99,1.00,1.00,1.01,1.01,1.02,1.02,1.02,1.03,1.04,1.04,inferred
"South East",2021-12-04,0.97,0.98,0.98,0.99,0.99,1.00,1.00,1.01,1.01,1.02,1.02,1.02,1.03,1.04,1.04,inferred
"South East",2021-12-05,0.97,0.98,0.98,0.99,0.99,1.00,1.00,1.01,1.01,1.02,1.02,1.02,1.03,1.04,1.04,inferred
"South East",2021-12-06,0.97,0.98,0.98,0.99,0.99,1.00,1.00,1.01,1.01,1.02,1.02,1.02,1.03,1.04,1.04,inferred
"South East",2021-12-07,1.40,1.41,1.42,1.46,1.51,1.52,1.54,1.57,1.59,1.63,1.64,1.68,1.75,1.77,1.78,inferred
"South East",2021-12-08,1.40,1.41,1.42,1.46,1.51,1.52,1.54,1.57,1.59,1.63,1.64,1.68,1.75,1.77,1.78,inferred
"South East",2021-12-09,1.40,1.41,1.42,1.46,1.51,1.52,1.54,1.57,1.59,1.63,1.64,1.68,1.75,1.77,1.78,inferred
"South East",2021-12-10,1.40,1.41,1.42,1.46,1.51,1.52,1.54,1.57,1.59,1.63,1.64,1.68,1.75,1.77,1.78,inferred
"South East",2021-12-11,1.40,1.41,1.42,1.46,1.51,1.52,1.54,1.57,1.59,1.63,1.64,1.68,1.75,1.77,1.78,inferred
"South East",2021-12-12,1.40,1.41,1.42,1.46,1.51,1.52,1.54,1.57,1.59,1.63,1.64,1.68,1.75,1.77,1.78,inferred
"South East",2021-12-13,1.40,1.41,1.42,1.46,1.51,1.52,1.54,1.57,1.59,1.63,1.64,1.68,1.75,1.77,1.78,inferred
"South East",2021-12-14,1.01,1.01,1.03,1.05,1.05,1.06,1.08,1.11,1.16,1.21,1.22,1.23,1.28,1.37,1.38,inferred
"South East",2021-12-15,1.01,1.01,1.03,1.05,1.05,1.06,1.08,1.11,1.16,1.21,1.22,1.23,1.28,1.37,1.38,inferred
"South East",2021-12-16,1.01,1.01,1.03,1.05,1.05,1.06,1.08,1.11,1.16,1.21,1.22,1.23,1.28,1.37,1.38,inferred
"South East",2021-12-17,1.01,1.01,1.03,1.05,1.05,1.06,1.08,1.11,1.16,1.21,1.22,1.23,1.28,1.37,1.38,inferred
"South East",2021-12-18,1.01,1.01,1.03,1.05,1.05,1.06,1.08,1.11,1.16,1.21,1.22,1.23,1.28,1.37,1.38,inferred
"South East",2021-12-19,1.01,1.01,1.03,1.05,1.05,1.06,1.08,1.11,1.16,1.21,1.22,1.23,1.28,1.37,1.38,inferred
"South East",2021-12-20,1.01,1.01,1.03,1.05,1.05,1.06,1.08,1.11,1.16,1.21,1.22,1.23,1.28,1.37,1.38,inferred
"South East",2021-12-21,1.21,1.21,1.22,1.23,1.24,1.25,1.27,1.28,1.29,1.32,1.33,1.35,1.38,1.39,1.40,inferred
"South East",2021-12-22,1.21,1.21,1.22,1.23,1.24,1.25,1.27,1.28,1.29,1.32,1.33,1.35,1.38,1.39,1.40,inferred
"South East",2021-12-23,1.21,1.21,1.22,1.23,1.24,1.25,1.27,1.28,1.29,1.32,1.33,1.35,1.38,1.39,1.40,inferred
"South East",2021-12-24,1.21,1.21,1.22,1.23,1.24,1.25,1.27,1.28,1.29,1.32,1.33,1.35,1.38,1.39,1.40,inferred
"South East",2021-12-25,1.21,1.21,1.22,1.23,1.24,1.25,1.27,1.28,1.29,1.32,1.33,1.35,1.38,1.39,1.40,inferred
"South East",2021-12-26,1.21,1.21,1.22,1.23,1.24,1.25,1.27,1.28,1.29,1.32,1.33,1.35,1.38,1.39,1.40,inferred
"South East",2021-12-27,1.21,1.21,1.22,1.23,1.24,1.25,1.27,1.28,1.29,1.32,1.33,1.35,1.38,1.39,1.40,inferred
"South East",2021-12-28,0.69,0.70,0.72,0.74,0.74,0.74,0.75,0.75,0.76,0.78,0.80,0.80,0.81,0.82,0.82,inferred
"South East",2021-12-29,0.69,0.70,0.72,0.74,0.74,0.74,0.75,0.75,0.76,0.78,0.80,0.80,0.81,0.82,0.82,inferred
"South East",2021-12-30,0.69,0.70,0.72,0.74,0.74,0.74,0.75,0.75,0.76,0.78,0.80,0.80,0.81,0.82,0.82,inferred
"South East",2021-12-31,0.69,0.70,0.72,0.74,0.74,0.74,0.75,0.75,0.76,0.78,0.80,0.80,0.81,0.82,0.82,inferred
"South East",2022-01-01,0.69,0.70,0.72,0.74,0.74,0.74,0.75,0.75,0.76,0.78,0.80,0.80,0.81,0.82,0.82,inferred
"South East",2022-01-02,0.69,0.70,0.72,0.74,0.74,0.74,0.75,0.75,0.76,0.78,0.80,0.80,0.81,0.82,0.82,inferred
"South East",2022-01-03,0.69,0.70,0.72,0.74,0.74,0.74,0.75,0.75,0.76,0.78,0.80,0.80,0.81,0.82,0.82,inferred
"South East",2022-01-04,0.51,0.52,0.56,0.59,0.60,0.60,0.63,0.69,0.72,0.74,0.75,0.77,0.82,0.83,0.83,inferred
"South East",2022-01-05,0.51,0.52,0.56,0.59,0.60,0.60,0.63,0.69,0.72,0.74,0.75,0.77,0.82,0.83,0.83,inferred
"South East",2022-01-06,0.51,0.52,0.56,0.59,0.60,0.60,0.63,0.69,0.72,0.74,0.75,0.77,0.82,0.83,0.83,inferred
"South East",2022-01-07,0.51,0.52,0.56,0.59,0.60,0.60,0.63,0.69,0.72,0.74,0.75,0.77,0.82,0.83,0.83,inferred
"South East",2022-01-08,0.51,0.52,0.56,0.59,0.60,0.60,0.63,0.69,0.72,0.74,0.75,0.77,0.82,0.83,0.83,inferred
"South East",2022-01-09,0.51,0.52,0.56,0.59,0.60,0.60,0.63,0.69,0.72,0.74,0.75,0.77,0.82,0.83,0.83,inferred
"South East",2022-01-10,0.51,0.52,0.56,0.59,0.60,0.60,0.63,0.69,0.72,0.74,0.75,0.77,0.82,0.83,0.83,inferred
"South East",2022-01-11,1.24,1.25,1.26,1.27,1.27,1.27,1.28,1.29,1.30,1.31,1.32,1.33,1.35,1.36,1.36,inferred
"South East",2022-01-12,1.24,1.25,1.26,1.27,1.27,1.27,1.28,1.29,1.30,1.31,1.32,1.33,1.35,1.36,1.36,inferred
"South East",2022-01-13,1.24,1.25,1.26,1.27,1.27,1.27,1.28,1.29,1.30,1.31,1.32,1.33,1.35,1.36,1.36,inferred
"South East",2022-01-14,1.24,1.25,1.26,1.27,1.27,1.27,1.28,1.29,1.30,1.31,1.32,1.33,1.35,1.36,1.36,inferred
"South East",2022-01-15,1.24,1.25,1.26,1.27,1.27,1.27,1.28,1.29,1.30,1.31,1.32,1.33,1.35,1.36,1.36,inferred
"South East",2022-01-16,1.24,1.25,1.26,1.27,1.27,1.27,1.28,1.29,1.30,1.31,1.32,1.33,1.35,1.36,1.36,inferred
"South East",2022-01-17,1.24,1.25,1.26,1.27,1.27,1.27,1.28,1.29,1.30,1.31,1.32,1.33,1.35,1.36,1.36,inferred
"South East",2022-01-18,0.97,0.97,0.98,0.99,0.99,1.00,1.01,1.03,1.05,1.07,1.08,1.08,1.11,1.14,1.15,inferred
"South East",2022-01-19,0.97,0.97,0.98,0.99,0.99,1.00,1.01,1.03,1.05,1.07,1.08,1.08,1.11,1.14,1.15,inferred
"South East",2022-01-20,0.97,0.97,0.98,0.99,0.99,1.00,1.01,1.03,1.05,1.07,1.08,1.08,1.11,1.14,1.15,inferred
"South East",2022-01-21,0.97,0.97,0.98,0.99,0.99,1.00,1.01,1.03,1.05,1.07,1.08,1.08,1.11,1.14,1.15,inferred
"South East",2022-01-22,0.97,0.97,0.98,0.99,0.99,1.00,1.01,1.03,1.05,1.07,1.08,1.08,1.11,1.14,1.15,inferred
"South East",2022-01-23,0.97,0.97,0.98,0.99,0.99,1.00,1.01,1.03,1.05,1.07,1.08,1.08,1.11,1.14,1.15,inferred
"South East",2022-01-24,0.97,0.97,0.98,0.99,0.99,1.00,1.01,1.03,1.05,1.07,1.08,1.08,1.11,1.14,1.15,inferred
"South East",2022-01-25,0.72,0.73,0.74,0.75,0.76,0.76,0.77,0.77,0.78,0.79,0.79,0.80,0.81,0.82,0.82,inferred
"South East",2022-01-26,0.72,0.73,0.74,0.75,0.76,0.76,0.77,0.77,0.78,0.79,0.79,0.80,0.81,0.82,0.82,inferred
"South East",2022-01-27,0.72,0.73,0.74,0.75,0.76,0.76,0.77,0.77,0.78,0.79,0.79,0.80,0.81,0.82,0.82,inferred
"South East",2022-01-28,0.72,0.73,0.74,0.75,0.76,0.76,0.77,0.77,0.78,0.79,0.79,0.80,0.81,0.82,0.82,inferred
"South East",2022-01-29,0.72,0.73,0.74,0.75,0.76,0.76,0.77,0.77,0.78,0.79,0.79,0.80,0.81,0.82,0.82,inferred
"South East",2022-01-30,0.72,0.73,0.74,0.75,0.76,0.76,0.77,0.77,0.78,0.79,0.79,0.80,0.81,0.82,0.82,inferred
"South East",2022-01-31,0.72,0.73,0.74,0.75,0.76,0.76,0.77,0.77,0.78,0.79,0.79,0.80,0.81,0.82,0.82,inferred
"South East",2022-02-01,0.68,0.69,0.71,0.73,0.74,0.75,0.77,0.79,0.80,0.82,0.83,0.84,0.86,0.88,0.89,inferred
"South East",2022-02-02,0.68,0.69,0.71,0.73,0.74,0.75,0.77,0.79,0.80,0.82,0.83,0.84,0.86,0.88,0.89,inferred
"South East",2022-02-03,0.68,0.69,0.71,0.73,0.74,0.75,0.77,0.79,0.80,0.82,0.83,0.84,0.86,0.88,0.89,inferred
"South East",2022-02-04,0.68,0.69,0.71,0.73,0.74,0.75,0.77,0.79,0.80,0.82,0.83,0.84,0.86,0.88,0.89,inferred
"South East",2022-02-05,0.68,0.69,0.71,0.73,0.74,0.75,0.77,0.79,0.80,0.82,0.83,0.84,0.86,0.88,0.89,inferred
"South East",2022-02-06,0.68,0.69,0.71,0.73,0.74,0.75,0.77,0.79,0.80,0.82,0.83,0.84,0.86,0.88,0.89,inferred
"South East",2022-02-07,0.68,0.69,0.71,0.73,0.74,0.75,0.77,0.79,0.80,0.82,0.83,0.84,0.86,0.88,0.89,inferred
"South East",2022-02-08,0.69,0.71,0.74,0.77,0.79,0.80,0.82,0.84,0.86,0.88,0.89,0.90,0.93,0.96,0.98,projected
"South East",2022-02-09,0.69,0.71,0.74,0.77,0.79,0.80,0.82,0.84,0.86,0.88,0.89,0.90,0.93,0.96,0.98,projected
"South East",2022-02-10,0.69,0.71,0.74,0.77,0.79,0.80,0.82,0.84,0.86,0.88,0.89,0.90,0.93,0.96,0.98,projected
"South East",2022-02-11,0.69,0.71,0.74,0.77,0.79,0.80,0.82,0.84,0.86,0.88,0.89,0.90,0.93,0.96,0.98,projected
"South East",2022-02-12,0.69,0.71,0.74,0.77,0.79,0.80,0.82,0.84,0.86,0.88,0.89,0.90,0.93,0.96,0.98,projected
"South East",2022-02-13,0.69,0.71,0.74,0.77,0.79,0.80,0.82,0.84,0.86,0.88,0.89,0.90,0.93,0.96,0.98,projected
"South East",2022-02-14,0.69,0.71,0.74,0.77,0.79,0.80,0.82,0.84,0.86,0.88,0.89,0.90,0.93,0.96,0.98,projected
"South East",2022-02-15,0.72,0.75,0.79,0.83,0.85,0.86,0.89,0.91,0.93,0.96,0.97,0.99,1.03,1.08,1.12,projected
"South East",2022-02-16,0.72,0.75,0.79,0.83,0.85,0.86,0.89,0.91,0.93,0.96,0.97,0.99,1.03,1.08,1.12,projected
"South East",2022-02-17,0.72,0.75,0.79,0.83,0.85,0.86,0.89,0.91,0.93,0.96,0.97,0.99,1.03,1.08,1.12,projected
"South East",2022-02-18,0.72,0.75,0.79,0.83,0.85,0.86,0.89,0.91,0.93,0.96,0.97,0.99,1.03,1.08,1.12,projected
"South East",2022-02-19,0.72,0.75,0.79,0.83,0.85,0.86,0.89,0.91,0.93,0.96,0.97,0.99,1.03,1.08,1.12,projected
"South East",2022-02-20,0.72,0.75,0.79,0.83,0.85,0.86,0.89,0.91,0.93,0.96,0.97,0.99,1.03,1.08,1.12,projected
"South East",2022-02-21,0.72,0.75,0.79,0.83,0.85,0.86,0.89,0.91,0.93,0.96,0.97,0.99,1.03,1.08,1.12,projected
"South East",2022-02-22,0.76,0.80,0.84,0.89,0.91,0.93,0.96,0.99,1.02,1.07,1.08,1.11,1.17,1.24,1.29,projected
"South East",2022-02-23,0.76,0.80,0.84,0.89,0.91,0.93,0.96,0.99,1.02,1.07,1.08,1.11,1.17,1.24,1.29,projected
"South East",2022-02-24,0.76,0.80,0.84,0.89,0.91,0.93,0.96,0.99,1.02,1.07,1.08,1.11,1.17,1.24,1.29,projected
"South East",2022-02-25,0.76,0.80,0.84,0.89,0.91,0.93,0.96,0.99,1.02,1.07,1.08,1.11,1.17,1.24,1.29,projected
"South East",2022-02-26,0.76,0.80,0.84,0.89,0.91,0.93,0.96,0.99,1.02,1.07,1.08,1.11,1.17,1.24,1.29,projected
"South East",2022-02-27,0.76,0.80,0.84,0.89,0.91,0.93,0.96,0.99,1.02,1.07,1.08,1.11,1.17,1.24,1.29,projected
"South East",2022-02-28,0.76,0.80,0.84,0.89,0.91,0.93,0.96,0.99,1.02,1.07,1.08,1.11,1.17,1.24,1.29,projected
"South West",2021-10-26,0.74,0.75,0.75,0.76,0.76,0.77,0.77,0.78,0.78,0.79,0.79,0.79,0.80,0.81,0.81,inferred
"South West",2021-10-27,0.74,0.75,0.75,0.76,0.76,0.77,0.77,0.78,0.78,0.79,0.79,0.79,0.80,0.81,0.81,inferred
"South West",2021-10-28,0.74,0.75,0.75,0.76,0.76,0.77,0.77,0.78,0.78,0.79,0.79,0.79,0.80,0.81,0.81,inferred
"South West",2021-10-29,0.74,0.75,0.75,0.76,0.76,0.77,0.77,0.78,0.78,0.79,0.79,0.79,0.80,0.81,0.81,inferred
"South West",2021-10-30,0.74,0.75,0.75,0.76,0.76,0.77,0.77,0.78,0.78,0.79,0.79,0.79,0.80,0.81,0.81,inferred
"South West",2021-10-31,0.74,0.75,0.75,0.76,0.76,0.77,0.77,0.78,0.78,0.79,0.79,0.79,0.80,0.81,0.81,inferred
"South West",2021-11-01,0.74,0.75,0.75,0.76,0.76,0.77,0.77,0.78,0.78,0.79,0.79,0.79,0.80,0.81,0.81,inferred
"South West",2021-11-02,1.12,1.13,1.14,1.16,1.16,1.17,1.18,1.19,1.20,1.20,1.21,1.22,1.23,1.24,1.25,inferred
"South West",2021-11-03,1.12,1.13,1.14,1.16,1.16,1.17,1.18,1.19,1.20,1.20,1.21,1.22,1.23,1.24,1.25,inferred
"South West",2021-11-04,1.12,1.13,1.14,1.16,1.16,1.17,1.18,1.19,1.20,1.20,1.21,1.22,1.23,1.24,1.25,inferred
"South West",2021-11-05,1.12,1.13,1.14,1.16,1.16,1.17,1.18,1.19,1.20,1.20,1.21,1.22,1.23,1.24,1.25,inferred
"South West",2021-11-06,1.12,1.13,1.14,1.16,1.16,1.17,1.18,1.19,1.20,1.20,1.21,1.22,1.23,1.24,1.25,inferred
"South West",2021-11-07,1.12,1.13,1.14,1.16,1.16,1.17,1.18,1.19,1.20,1.20,1.21,1.22,1.23,1.24,1.25,inferred
"South West",2021-11-08,1.12,1.13,1.14,1.16,1.16,1.17,1.18,1.19,1.20,1.20,1.21,1.22,1.23,1.24,1.25,inferred
"South West",2021-11-09,0.98,0.99,0.99,1.01,1.01,1.02,1.03,1.04,1.06,1.07,1.08,1.09,1.11,1.13,1.14,inferred
"South West",2021-11-10,0.98,0.99,0.99,1.01,1.01,1.02,1.03,1.04,1.06,1.07,1.08,1.09,1.11,1.13,1.14,inferred
"South West",2021-11-11,0.98,0.99,0.99,1.01,1.01,1.02,1.03,1.04,1.06,1.07,1.08,1.09,1.11,1.13,1.14,inferred
"South West",2021-11-12,0.98,0.99,0.99,1.01,1.01,1.02,1.03,1.04,1.06,1.07,1.08,1.09,1.11,1.13,1.14,inferred
"South West",2021-11-13,0.98,0.99,0.99,1.01,1.01,1.02,1.03,1.04,1.06,1.07,1.08,1.09,1.11,1.13,1.14,inferred
"South West",2021-11-14,0.98,0.99,0.99,1.01,1.01,1.02,1.03,1.04,1.06,1.07,1.08,1.09,1.11,1.13,1.14,inferred
"South West",2021-11-15,0.98,0.99,0.99,1.01,1.01,1.02,1.03,1.04,1.06,1.07,1.08,1.09,1.11,1.13,1.14,inferred
"South West",2021-11-16,0.97,0.97,0.98,0.99,0.99,1.00,1.00,1.01,1.01,1.02,1.02,1.02,1.03,1.04,1.05,inferred
"South West",2021-11-17,0.97,0.97,0.98,0.99,0.99,1.00,1.00,1.01,1.01,1.02,1.02,1.02,1.03,1.04,1.05,inferred
"South West",2021-11-18,0.97,0.97,0.98,0.99,0.99,1.00,1.00,1.01,1.01,1.02,1.02,1.02,1.03,1.04,1.05,inferred
"South West",2021-11-19,0.97,0.97,0.98,0.99,0.99,1.00,1.00,1.01,1.01,1.02,1.02,1.02,1.03,1.04,1.05,inferred
"South West",2021-11-20,0.97,0.97,0.98,0.99,0.99,1.00,1.00,1.01,1.01,1.02,1.02,1.02,1.03,1.04,1.05,inferred
"South West",2021-11-21,0.97,0.97,0.98,0.99,0.99,1.00,1.00,1.01,1.01,1.02,1.02,1.02,1.03,1.04,1.05,inferred
"South West",2021-11-22,0.97,0.97,0.98,0.99,0.99,1.00,1.00,1.01,1.01,1.02,1.02,1.02,1.03,1.04,1.05,inferred
"South West",2021-11-23,1.03,1.04,1.05,1.06,1.07,1.07,1.08,1.09,1.10,1.11,1.12,1.12,1.14,1.15,1.16,inferred
"South West",2021-11-24,1.03,1.04,1.05,1.06,1.07,1.07,1.08,1.09,1.10,1.11,1.12,1.12,1.14,1.15,1.16,inferred
"South West",2021-11-25,1.03,1.04,1.05,1.06,1.07,1.07,1.08,1.09,1.10,1.11,1.12,1.12,1.14,1.15,1.16,inferred
"South West",2021-11-26,1.03,1.04,1.05,1.06,1.07,1.07,1.08,1.09,1.10,1.11,1.12,1.12,1.14,1.15,1.16,inferred
"South West",2021-11-27,1.03,1.04,1.05,1.06,1.07,1.07,1.08,1.09,1.10,1.11,1.12,1.12,1.14,1.15,1.16,inferred
"South West",2021-11-28,1.03,1.04,1.05,1.06,1.07,1.07,1.08,1.09,1.10,1.11,1.12,1.12,1.14,1.15,1.16,inferred
"South West",2021-11-29,1.03,1.04,1.05,1.06,1.07,1.07,1.08,1.09,1.10,1.11,1.12,1.12,1.14,1.15,1.16,inferred
"South West",2021-11-30,0.88,0.89,0.90,0.90,0.91,0.91,0.92,0.92,0.93,0.93,0.94,0.94,0.95,0.96,0.96,inferred
"South West",2021-12-01,0.88,0.89,0.90,0.90,0.91,0.91,0.92,0.92,0.93,0.93,0.94,0.94,0.95,0.96,0.96,inferred
"South West",2021-12-02,0.88,0.89,0.90,0.90,0.91,0.91,0.92,0.92,0.93,0.93,0.94,0.94,0.95,0.96,0.96,inferred
"South West",2021-12-03,0.88,0.89,0.90,0.90,0.91,0.91,0.92,0.92,0.93,0.93,0.94,0.94,0.95,0.96,0.96,inferred
"South West",2021-12-04,0.88,0.89,0.90,0.90,0.91,0.91,0.92,0.92,0.93,0.93,0.94,0.94,0.95,0.96,0.96,inferred
"South West",2021-12-05,0.88,0.89,0.90,0.90,0.91,0.91,0.92,0.92,0.93,0.93,0.94,0.94,0.95,0.96,0.96,inferred
"South West",2021-12-06,0.88,0.89,0.90,0.90,0.91,0.91,0.92,0.92,0.93,0.93,0.94,0.94,0.95,0.96,0.96,inferred
"South West",2021-12-07,1.22,1.23,1.24,1.25,1.26,1.26,1.27,1.28,1.29,1.30,1.31,1.32,1.34,1.35,1.36,inferred
"South West",2021-12-08,1.22,1.23,1.24,1.25,1.26,1.26,1.27,1.28,1.29,1.30,1.31,1.32,1.34,1.35,1.36,inferred
"South West",2021-12-09,1.22,1.23,1.24,1.25,1.26,1.26,1.27,1.28,1.29,1.30,1.31,1.32,1.34,1.35,1.36,inferred
"South West",2021-12-10,1.22,1.23,1.24,1.25,1.26,1.26,1.27,1.28,1.29,1.30,1.31,1.32,1.34,1.35,1.36,inferred
"South West",2021-12-11,1.22,1.23,1.24,1.25,1.26,1.26,1.27,1.28,1.29,1.30,1.31,1.32,1.34,1.35,1.36,inferred
"South West",2021-12-12,1.22,1.23,1.24,1.25,1.26,1.26,1.27,1.28,1.29,1.30,1.31,1.32,1.34,1.35,1.36,inferred
"South West",2021-12-13,1.22,1.23,1.24,1.25,1.26,1.26,1.27,1.28,1.29,1.30,1.31,1.32,1.34,1.35,1.36,inferred
"South West",2021-12-14,1.12,1.13,1.15,1.18,1.19,1.20,1.23,1.25,1.28,1.33,1.34,1.35,1.42,1.47,1.50,inferred
"South West",2021-12-15,1.12,1.13,1.15,1.18,1.19,1.20,1.23,1.25,1.28,1.33,1.34,1.35,1.42,1.47,1.50,inferred
"South West",2021-12-16,1.12,1.13,1.15,1.18,1.19,1.20,1.23,1.25,1.28,1.33,1.34,1.35,1.42,1.47,1.50,inferred
"South West",2021-12-17,1.12,1.13,1.15,1.18,1.19,1.20,1.23,1.25,1.28,1.33,1.34,1.35,1.42,1.47,1.50,inferred
"South West",2021-12-18,1.12,1.13,1.15,1.18,1.19,1.20,1.23,1.25,1.28,1.33,1.34,1.35,1.42,1.47,1.50,inferred
"South West",2021-12-19,1.12,1.13,1.15,1.18,1.19,1.20,1.23,1.25,1.28,1.33,1.34,1.35,1.42,1.47,1.50,inferred
"South West",2021-12-20,1.12,1.13,1.15,1.18,1.19,1.20,1.23,1.25,1.28,1.33,1.34,1.35,1.42,1.47,1.50,inferred
"South West",2021-12-21,1.36,1.37,1.39,1.42,1.45,1.47,1.50,1.52,1.56,1.62,1.65,1.68,1.76,1.79,1.82,inferred
"South West",2021-12-22,1.36,1.37,1.39,1.42,1.45,1.47,1.50,1.52,1.56,1.62,1.65,1.68,1.76,1.79,1.82,inferred
"South West",2021-12-23,1.36,1.37,1.39,1.42,1.45,1.47,1.50,1.52,1.56,1.62,1.65,1.68,1.76,1.79,1.82,inferred
"South West",2021-12-24,1.36,1.37,1.39,1.42,1.45,1.47,1.50,1.52,1.56,1.62,1.65,1.68,1.76,1.79,1.82,inferred
"South West",2021-12-25,1.36,1.37,1.39,1.42,1.45,1.47,1.50,1.52,1.56,1.62,1.65,1.68,1.76,1.79,1.82,inferred
"South West",2021-12-26,1.36,1.37,1.39,1.42,1.45,1.47,1.50,1.52,1.56,1.62,1.65,1.68,1.76,1.79,1.82,inferred
"South West",2021-12-27,1.36,1.37,1.39,1.42,1.45,1.47,1.50,1.52,1.56,1.62,1.65,1.68,1.76,1.79,1.82,inferred
"South West",2021-12-28,0.69,0.70,0.72,0.74,0.75,0.75,0.76,0.78,0.79,0.82,0.85,0.86,0.88,0.90,0.91,inferred
"South West",2021-12-29,0.69,0.70,0.72,0.74,0.75,0.75,0.76,0.78,0.79,0.82,0.85,0.86,0.88,0.90,0.91,inferred
"South West",2021-12-30,0.69,0.70,0.72,0.74,0.75,0.75,0.76,0.78,0.79,0.82,0.85,0.86,0.88,0.90,0.91,inferred
"South West",2021-12-31,0.69,0.70,0.72,0.74,0.75,0.75,0.76,0.78,0.79,0.82,0.85,0.86,0.88,0.90,0.91,inferred
"South West",2022-01-01,0.69,0.70,0.72,0.74,0.75,0.75,0.76,0.78,0.79,0.82,0.85,0.86,0.88,0.90,0.91,inferred
"South West",2022-01-02,0.69,0.70,0.72,0.74,0.75,0.75,0.76,0.78,0.79,0.82,0.85,0.86,0.88,0.90,0.91,inferred
"South West",2022-01-03,0.69,0.70,0.72,0.74,0.75,0.75,0.76,0.78,0.79,0.82,0.85,0.86,0.88,0.90,0.91,inferred
"South West",2022-01-04,0.50,0.51,0.55,0.58,0.58,0.59,0.62,0.68,0.70,0.72,0.73,0.75,0.80,0.81,0.81,inferred
"South West",2022-01-05,0.50,0.51,0.55,0.58,0.58,0.59,0.62,0.68,0.70,0.72,0.73,0.75,0.80,0.81,0.81,inferred
"South West",2022-01-06,0.50,0.51,0.55,0.58,0.58,0.59,0.62,0.68,0.70,0.72,0.73,0.75,0.80,0.81,0.81,inferred
"South West",2022-01-07,0.50,0.51,0.55,0.58,0.58,0.59,0.62,0.68,0.70,0.72,0.73,0.75,0.80,0.81,0.81,inferred
"South West",2022-01-08,0.50,0.51,0.55,0.58,0.58,0.59,0.62,0.68,0.70,0.72,0.73,0.75,0.80,0.81,0.81,inferred
"South West",2022-01-09,0.50,0.51,0.55,0.58,0.58,0.59,0.62,0.68,0.70,0.72,0.73,0.75,0.80,0.81,0.81,inferred
"South West",2022-01-10,0.50,0.51,0.55,0.58,0.58,0.59,0.62,0.68,0.70,0.72,0.73,0.75,0.80,0.81,0.81,inferred
"South West",2022-01-11,1.20,1.21,1.22,1.23,1.24,1.24,1.26,1.26,1.27,1.29,1.30,1.31,1.33,1.34,1.36,inferred
"South West",2022-01-12,1.20,1.21,1.22,1.23,1.24,1.24,1.26,1.26,1.27,1.29,1.30,1.31,1.33,1.34,1.36,inferred
"South West",2022-01-13,1.20,1.21,1.22,1.23,1.24,1.24,1.26,1.26,1.27,1.29,1.30,1.31,1.33,1.34,1.36,inferred
"South West",2022-01-14,1.20,1.21,1.22,1.23,1.24,1.24,1.26,1.26,1.27,1.29,1.30,1.31,1.33,1.34,1.36,inferred
"South West",2022-01-15,1.20,1.21,1.22,1.23,1.24,1.24,1.26,1.26,1.27,1.29,1.30,1.31,1.33,1.34,1.36,inferred
"South West",2022-01-16,1.20,1.21,1.22,1.23,1.24,1.24,1.26,1.26,1.27,1.29,1.30,1.31,1.33,1.34,1.36,inferred
"South West",2022-01-17,1.20,1.21,1.22,1.23,1.24,1.24,1.26,1.26,1.27,1.29,1.30,1.31,1.33,1.34,1.36,inferred
"South West",2022-01-18,1.00,1.00,1.01,1.02,1.03,1.03,1.05,1.06,1.08,1.10,1.11,1.12,1.15,1.18,1.20,inferred
"South West",2022-01-19,1.00,1.00,1.01,1.02,1.03,1.03,1.05,1.06,1.08,1.10,1.11,1.12,1.15,1.18,1.20,inferred
"South West",2022-01-20,1.00,1.00,1.01,1.02,1.03,1.03,1.05,1.06,1.08,1.10,1.11,1.12,1.15,1.18,1.20,inferred
"South West",2022-01-21,1.00,1.00,1.01,1.02,1.03,1.03,1.05,1.06,1.08,1.10,1.11,1.12,1.15,1.18,1.20,inferred
"South West",2022-01-22,1.00,1.00,1.01,1.02,1.03,1.03,1.05,1.06,1.08,1.10,1.11,1.12,1.15,1.18,1.20,inferred
"South West",2022-01-23,1.00,1.00,1.01,1.02,1.03,1.03,1.05,1.06,1.08,1.10,1.11,1.12,1.15,1.18,1.20,inferred
"South West",2022-01-24,1.00,1.00,1.01,1.02,1.03,1.03,1.05,1.06,1.08,1.10,1.11,1.12,1.15,1.18,1.20,inferred
"South West",2022-01-25,0.79,0.80,0.80,0.81,0.82,0.82,0.83,0.83,0.84,0.84,0.85,0.85,0.86,0.87,0.87,inferred
"South West",2022-01-26,0.79,0.80,0.80,0.81,0.82,0.82,0.83,0.83,0.84,0.84,0.85,0.85,0.86,0.87,0.87,inferred
"South West",2022-01-27,0.79,0.80,0.80,0.81,0.82,0.82,0.83,0.83,0.84,0.84,0.85,0.85,0.86,0.87,0.87,inferred
"South West",2022-01-28,0.79,0.80,0.80,0.81,0.82,0.82,0.83,0.83,0.84,0.84,0.85,0.85,0.86,0.87,0.87,inferred
"South West",2022-01-29,0.79,0.80,0.80,0.81,0.82,0.82,0.83,0.83,0.84,0.84,0.85,0.85,0.86,0.87,0.87,inferred
"South West",2022-01-30,0.79,0.80,0.80,0.81,0.82,0.82,0.83,0.83,0.84,0.84,0.85,0.85,0.86,0.87,0.87,inferred
"South West",2022-01-31,0.79,0.80,0.80,0.81,0.82,0.82,0.83,0.83,0.84,0.84,0.85,0.85,0.86,0.87,0.87,inferred
"South West",2022-02-01,0.71,0.72,0.74,0.77,0.78,0.79,0.80,0.82,0.83,0.85,0.86,0.87,0.89,0.91,0.92,inferred
"South West",2022-02-02,0.71,0.72,0.74,0.77,0.78,0.79,0.80,0.82,0.83,0.85,0.86,0.87,0.89,0.91,0.92,inferred
"South West",2022-02-03,0.71,0.72,0.74,0.77,0.78,0.79,0.80,0.82,0.83,0.85,0.86,0.87,0.89,0.91,0.92,inferred
"South West",2022-02-04,0.71,0.72,0.74,0.77,0.78,0.79,0.80,0.82,0.83,0.85,0.86,0.87,0.89,0.91,0.92,inferred
"South West",2022-02-05,0.71,0.72,0.74,0.77,0.78,0.79,0.80,0.82,0.83,0.85,0.86,0.87,0.89,0.91,0.92,inferred
"South West",2022-02-06,0.71,0.72,0.74,0.77,0.78,0.79,0.80,0.82,0.83,0.85,0.86,0.87,0.89,0.91,0.92,inferred
"South West",2022-02-07,0.71,0.72,0.74,0.77,0.78,0.79,0.80,0.82,0.83,0.85,0.86,0.87,0.89,0.91,0.92,inferred
"South West",2022-02-08,0.71,0.74,0.77,0.82,0.83,0.84,0.87,0.89,0.92,0.95,0.97,0.98,1.03,1.07,1.12,projected
"South West",2022-02-09,0.71,0.74,0.77,0.82,0.83,0.84,0.87,0.89,0.92,0.95,0.97,0.98,1.03,1.07,1.12,projected
"South West",2022-02-10,0.71,0.74,0.77,0.82,0.83,0.84,0.87,0.89,0.92,0.95,0.97,0.98,1.03,1.07,1.12,projected
"South West",2022-02-11,0.71,0.74,0.77,0.82,0.83,0.84,0.87,0.89,0.92,0.95,0.97,0.98,1.03,1.07,1.12,projected
"South West",2022-02-12,0.71,0.74,0.77,0.82,0.83,0.84,0.87,0.89,0.92,0.95,0.97,0.98,1.03,1.07,1.12,projected
"South West",2022-02-13,0.71,0.74,0.77,0.82,0.83,0.84,0.87,0.89,0.92,0.95,0.97,0.98,1.03,1.07,1.12,projected
"South West",2022-02-14,0.71,0.74,0.77,0.82,0.83,0.84,0.87,0.89,0.92,0.95,0.97,0.98,1.03,1.07,1.12,projected
"South West",2022-02-15,0.76,0.79,0.83,0.88,0.91,0.93,0.96,1.00,1.05,1.09,1.11,1.15,1.23,1.32,1.40,projected
"South West",2022-02-16,0.76,0.79,0.83,0.88,0.91,0.93,0.96,1.00,1.05,1.09,1.11,1.15,1.23,1.32,1.40,projected
"South West",2022-02-17,0.76,0.79,0.83,0.88,0.91,0.93,0.96,1.00,1.05,1.09,1.11,1.15,1.23,1.32,1.40,projected
"South West",2022-02-18,0.76,0.79,0.83,0.88,0.91,0.93,0.96,1.00,1.05,1.09,1.11,1.15,1.23,1.32,1.40,projected
"South West",2022-02-19,0.76,0.79,0.83,0.88,0.91,0.93,0.96,1.00,1.05,1.09,1.11,1.15,1.23,1.32,1.40,projected
"South West",2022-02-20,0.76,0.79,0.83,0.88,0.91,0.93,0.96,1.00,1.05,1.09,1.11,1.15,1.23,1.32,1.40,projected
"South West",2022-02-21,0.76,0.79,0.83,0.88,0.91,0.93,0.96,1.00,1.05,1.09,1.11,1.15,1.23,1.32,1.40,projected
"South West",2022-02-22,0.81,0.86,0.91,0.98,1.01,1.04,1.10,1.16,1.22,1.29,1.33,1.38,1.53,1.66,1.81,projected
"South West",2022-02-23,0.81,0.86,0.91,0.98,1.01,1.04,1.10,1.16,1.22,1.29,1.33,1.38,1.53,1.66,1.81,projected
"South West",2022-02-24,0.81,0.86,0.91,0.98,1.01,1.04,1.10,1.16,1.22,1.29,1.33,1.38,1.53,1.66,1.81,projected
"South West",2022-02-25,0.81,0.86,0.91,0.98,1.01,1.04,1.10,1.16,1.22,1.29,1.33,1.38,1.53,1.66,1.81,projected
"South West",2022-02-26,0.81,0.86,0.91,0.98,1.01,1.04,1.10,1.16,1.22,1.29,1.33,1.38,1.53,1.66,1.81,projected
"South West",2022-02-27,0.81,0.86,0.91,0.98,1.01,1.04,1.10,1.16,1.22,1.29,1.33,1.38,1.53,1.66,1.81,projected
"South West",2022-02-28,0.81,0.86,0.91,0.98,1.01,1.04,1.10,1.16,1.22,1.29,1.33,1.38,1.53,1.66,1.81,projected
"Wales",2021-10-26,0.81,0.82,0.83,0.85,0.85,0.86,0.86,0.87,0.88,0.88,0.89,0.89,0.90,0.91,0.91,inferred
"Wales",2021-10-27,0.81,0.82,0.83,0.85,0.85,0.86,0.86,0.87,0.88,0.88,0.89,0.89,0.90,0.91,0.91,inferred
"Wales",2021-10-28,0.81,0.82,0.83,0.85,0.85,0.86,0.86,0.87,0.88,0.88,0.89,0.89,0.90,0.91,0.91,inferred
"Wales",2021-10-29,0.81,0.82,0.83,0.85,0.85,0.86,0.86,0.87,0.88,0.88,0.89,0.89,0.90,0.91,0.91,inferred
"Wales",2021-10-30,0.81,0.82,0.83,0.85,0.85,0.86,0.86,0.87,0.88,0.88,0.89,0.89,0.90,0.91,0.91,inferred
"Wales",2021-10-31,0.81,0.82,0.83,0.85,0.85,0.86,0.86,0.87,0.88,0.88,0.89,0.89,0.90,0.91,0.91,inferred
"Wales",2021-11-01,0.81,0.82,0.83,0.85,0.85,0.86,0.86,0.87,0.88,0.88,0.89,0.89,0.90,0.91,0.91,inferred
"Wales",2021-11-02,1.02,1.04,1.05,1.07,1.07,1.08,1.09,1.10,1.11,1.12,1.13,1.13,1.15,1.16,1.18,inferred
"Wales",2021-11-03,1.02,1.04,1.05,1.07,1.07,1.08,1.09,1.10,1.11,1.12,1.13,1.13,1.15,1.16,1.18,inferred
"Wales",2021-11-04,1.02,1.04,1.05,1.07,1.07,1.08,1.09,1.10,1.11,1.12,1.13,1.13,1.15,1.16,1.18,inferred
"Wales",2021-11-05,1.02,1.04,1.05,1.07,1.07,1.08,1.09,1.10,1.11,1.12,1.13,1.13,1.15,1.16,1.18,inferred
"Wales",2021-11-06,1.02,1.04,1.05,1.07,1.07,1.08,1.09,1.10,1.11,1.12,1.13,1.13,1.15,1.16,1.18,inferred
"Wales",2021-11-07,1.02,1.04,1.05,1.07,1.07,1.08,1.09,1.10,1.11,1.12,1.13,1.13,1.15,1.16,1.18,inferred
"Wales",2021-11-08,1.02,1.04,1.05,1.07,1.07,1.08,1.09,1.10,1.11,1.12,1.13,1.13,1.15,1.16,1.18,inferred
"Wales",2021-11-09,0.88,0.89,0.90,0.91,0.92,0.92,0.93,0.94,0.95,0.96,0.96,0.97,0.99,1.00,1.01,inferred
"Wales",2021-11-10,0.88,0.89,0.90,0.91,0.92,0.92,0.93,0.94,0.95,0.96,0.96,0.97,0.99,1.00,1.01,inferred
"Wales",2021-11-11,0.88,0.89,0.90,0.91,0.92,0.92,0.93,0.94,0.95,0.96,0.96,0.97,0.99,1.00,1.01,inferred
"Wales",2021-11-12,0.88,0.89,0.90,0.91,0.92,0.92,0.93,0.94,0.95,0.96,0.96,0.97,0.99,1.00,1.01,inferred
"Wales",2021-11-13,0.88,0.89,0.90,0.91,0.92,0.92,0.93,0.94,0.95,0.96,0.96,0.97,0.99,1.00,1.01,inferred
"Wales",2021-11-14,0.88,0.89,0.90,0.91,0.92,0.92,0.93,0.94,0.95,0.96,0.96,0.97,0.99,1.00,1.01,inferred
"Wales",2021-11-15,0.88,0.89,0.90,0.91,0.92,0.92,0.93,0.94,0.95,0.96,0.96,0.97,0.99,1.00,1.01,inferred
"Wales",2021-11-16,0.87,0.89,0.90,0.92,0.92,0.93,0.94,0.95,0.96,0.97,0.98,0.99,1.00,1.01,1.02,inferred
"Wales",2021-11-17,0.87,0.89,0.90,0.92,0.92,0.93,0.94,0.95,0.96,0.97,0.98,0.99,1.00,1.01,1.02,inferred
"Wales",2021-11-18,0.87,0.89,0.90,0.92,0.92,0.93,0.94,0.95,0.96,0.97,0.98,0.99,1.00,1.01,1.02,inferred
"Wales",2021-11-19,0.87,0.89,0.90,0.92,0.92,0.93,0.94,0.95,0.96,0.97,0.98,0.99,1.00,1.01,1.02,inferred
"Wales",2021-11-20,0.87,0.89,0.90,0.92,0.92,0.93,0.94,0.95,0.96,0.97,0.98,0.99,1.00,1.01,1.02,inferred
"Wales",2021-11-21,0.87,0.89,0.90,0.92,0.92,0.93,0.94,0.95,0.96,0.97,0.98,0.99,1.00,1.01,1.02,inferred
"Wales",2021-11-22,0.87,0.89,0.90,0.92,0.92,0.93,0.94,0.95,0.96,0.97,0.98,0.99,1.00,1.01,1.02,inferred
"Wales",2021-11-23,1.01,1.02,1.03,1.04,1.05,1.05,1.06,1.07,1.08,1.09,1.10,1.10,1.12,1.13,1.14,inferred
"Wales",2021-11-24,1.01,1.02,1.03,1.04,1.05,1.05,1.06,1.07,1.08,1.09,1.10,1.10,1.12,1.13,1.14,inferred
"Wales",2021-11-25,1.01,1.02,1.03,1.04,1.05,1.05,1.06,1.07,1.08,1.09,1.10,1.10,1.12,1.13,1.14,inferred
"Wales",2021-11-26,1.01,1.02,1.03,1.04,1.05,1.05,1.06,1.07,1.08,1.09,1.10,1.10,1.12,1.13,1.14,inferred
"Wales",2021-11-27,1.01,1.02,1.03,1.04,1.05,1.05,1.06,1.07,1.08,1.09,1.10,1.10,1.12,1.13,1.14,inferred
"Wales",2021-11-28,1.01,1.02,1.03,1.04,1.05,1.05,1.06,1.07,1.08,1.09,1.10,1.10,1.12,1.13,1.14,inferred
"Wales",2021-11-29,1.01,1.02,1.03,1.04,1.05,1.05,1.06,1.07,1.08,1.09,1.10,1.10,1.12,1.13,1.14,inferred
"Wales",2021-11-30,0.90,0.91,0.93,0.94,0.94,0.95,0.96,0.96,0.97,0.98,0.99,0.99,1.01,1.02,1.03,inferred
"Wales",2021-12-01,0.90,0.91,0.93,0.94,0.94,0.95,0.96,0.96,0.97,0.98,0.99,0.99,1.01,1.02,1.03,inferred
"Wales",2021-12-02,0.90,0.91,0.93,0.94,0.94,0.95,0.96,0.96,0.97,0.98,0.99,0.99,1.01,1.02,1.03,inferred
"Wales",2021-12-03,0.90,0.91,0.93,0.94,0.94,0.95,0.96,0.96,0.97,0.98,0.99,0.99,1.01,1.02,1.03,inferred
"Wales",2021-12-04,0.90,0.91,0.93,0.94,0.94,0.95,0.96,0.96,0.97,0.98,0.99,0.99,1.01,1.02,1.03,inferred
"Wales",2021-12-05,0.90,0.91,0.93,0.94,0.94,0.95,0.96,0.96,0.97,0.98,0.99,0.99,1.01,1.02,1.03,inferred
"Wales",2021-12-06,0.90,0.91,0.93,0.94,0.94,0.95,0.96,0.96,0.97,0.98,0.99,0.99,1.01,1.02,1.03,inferred
"Wales",2021-12-07,1.22,1.23,1.24,1.26,1.27,1.28,1.29,1.31,1.32,1.33,1.34,1.35,1.38,1.40,1.42,inferred
"Wales",2021-12-08,1.22,1.23,1.24,1.26,1.27,1.28,1.29,1.31,1.32,1.33,1.34,1.35,1.38,1.40,1.42,inferred
"Wales",2021-12-09,1.22,1.23,1.24,1.26,1.27,1.28,1.29,1.31,1.32,1.33,1.34,1.35,1.38,1.40,1.42,inferred
"Wales",2021-12-10,1.22,1.23,1.24,1.26,1.27,1.28,1.29,1.31,1.32,1.33,1.34,1.35,1.38,1.40,1.42,inferred
"Wales",2021-12-11,1.22,1.23,1.24,1.26,1.27,1.28,1.29,1.31,1.32,1.33,1.34,1.35,1.38,1.40,1.42,inferred
"Wales",2021-12-12,1.22,1.23,1.24,1.26,1.27,1.28,1.29,1.31,1.32,1.33,1.34,1.35,1.38,1.40,1.42,inferred
"Wales",2021-12-13,1.22,1.23,1.24,1.26,1.27,1.28,1.29,1.31,1.32,1.33,1.34,1.35,1.38,1.40,1.42,inferred
"Wales",2021-12-14,1.45,1.46,1.49,1.56,1.59,1.62,1.66,1.69,1.74,1.81,1.84,1.90,2.01,2.08,2.12,inferred
"Wales",2021-12-15,1.45,1.46,1.49,1.56,1.59,1.62,1.66,1.69,1.74,1.81,1.84,1.90,2.01,2.08,2.12,inferred
"Wales",2021-12-16,1.45,1.46,1.49,1.56,1.59,1.62,1.66,1.69,1.74,1.81,1.84,1.90,2.01,2.08,2.12,inferred
"Wales",2021-12-17,1.45,1.46,1.49,1.56,1.59,1.62,1.66,1.69,1.74,1.81,1.84,1.90,2.01,2.08,2.12,inferred
"Wales",2021-12-18,1.45,1.46,1.49,1.56,1.59,1.62,1.66,1.69,1.74,1.81,1.84,1.90,2.01,2.08,2.12,inferred
"Wales",2021-12-19,1.45,1.46,1.49,1.56,1.59,1.62,1.66,1.69,1.74,1.81,1.84,1.90,2.01,2.08,2.12,inferred
"Wales",2021-12-20,1.45,1.46,1.49,1.56,1.59,1.62,1.66,1.69,1.74,1.81,1.84,1.90,2.01,2.08,2.12,inferred
"Wales",2021-12-21,1.45,1.46,1.48,1.55,1.62,1.64,1.68,1.75,1.90,2.06,2.11,2.13,2.26,2.55,2.58,inferred
"Wales",2021-12-22,1.45,1.46,1.48,1.55,1.62,1.64,1.68,1.75,1.90,2.06,2.11,2.13,2.26,2.55,2.58,inferred
"Wales",2021-12-23,1.45,1.46,1.48,1.55,1.62,1.64,1.68,1.75,1.90,2.06,2.11,2.13,2.26,2.55,2.58,inferred
"Wales",2021-12-24,1.45,1.46,1.48,1.55,1.62,1.64,1.68,1.75,1.90,2.06,2.11,2.13,2.26,2.55,2.58,inferred
"Wales",2021-12-25,1.45,1.46,1.48,1.55,1.62,1.64,1.68,1.75,1.90,2.06,2.11,2.13,2.26,2.55,2.58,inferred
"Wales",2021-12-26,1.45,1.46,1.48,1.55,1.62,1.64,1.68,1.75,1.90,2.06,2.11,2.13,2.26,2.55,2.58,inferred
"Wales",2021-12-27,1.45,1.46,1.48,1.55,1.62,1.64,1.68,1.75,1.90,2.06,2.11,2.13,2.26,2.55,2.58,inferred
"Wales",2021-12-28,0.23,0.23,0.24,0.27,0.29,0.31,0.32,0.33,0.34,0.34,0.35,0.35,0.36,0.36,0.36,inferred
"Wales",2021-12-29,0.23,0.23,0.24,0.27,0.29,0.31,0.32,0.33,0.34,0.34,0.35,0.35,0.36,0.36,0.36,inferred
"Wales",2021-12-30,0.23,0.23,0.24,0.27,0.29,0.31,0.32,0.33,0.34,0.34,0.35,0.35,0.36,0.36,0.36,inferred
"Wales",2021-12-31,0.23,0.23,0.24,0.27,0.29,0.31,0.32,0.33,0.34,0.34,0.35,0.35,0.36,0.36,0.36,inferred
"Wales",2022-01-01,0.23,0.23,0.24,0.27,0.29,0.31,0.32,0.33,0.34,0.34,0.35,0.35,0.36,0.36,0.36,inferred
"Wales",2022-01-02,0.23,0.23,0.24,0.27,0.29,0.31,0.32,0.33,0.34,0.34,0.35,0.35,0.36,0.36,0.36,inferred
"Wales",2022-01-03,0.23,0.23,0.24,0.27,0.29,0.31,0.32,0.33,0.34,0.34,0.35,0.35,0.36,0.36,0.36,inferred
"Wales",2022-01-04,0.18,0.19,0.22,0.25,0.26,0.26,0.30,0.38,0.42,0.46,0.49,0.52,0.59,0.62,0.64,inferred
"Wales",2022-01-05,0.18,0.19,0.22,0.25,0.26,0.26,0.30,0.38,0.42,0.46,0.49,0.52,0.59,0.62,0.64,inferred
"Wales",2022-01-06,0.18,0.19,0.22,0.25,0.26,0.26,0.30,0.38,0.42,0.46,0.49,0.52,0.59,0.62,0.64,inferred
"Wales",2022-01-07,0.18,0.19,0.22,0.25,0.26,0.26,0.30,0.38,0.42,0.46,0.49,0.52,0.59,0.62,0.64,inferred
"Wales",2022-01-08,0.18,0.19,0.22,0.25,0.26,0.26,0.30,0.38,0.42,0.46,0.49,0.52,0.59,0.62,0.64,inferred
"Wales",2022-01-09,0.18,0.19,0.22,0.25,0.26,0.26,0.30,0.38,0.42,0.46,0.49,0.52,0.59,0.62,0.64,inferred
"Wales",2022-01-10,0.18,0.19,0.22,0.25,0.26,0.26,0.30,0.38,0.42,0.46,0.49,0.52,0.59,0.62,0.64,inferred
"Wales",2022-01-11,0.91,0.93,0.97,1.02,1.04,1.06,1.16,1.25,1.29,1.34,1.38,1.40,1.45,1.48,1.50,inferred
"Wales",2022-01-12,0.91,0.93,0.97,1.02,1.04,1.06,1.16,1.25,1.29,1.34,1.38,1.40,1.45,1.48,1.50,inferred
"Wales",2022-01-13,0.91,0.93,0.97,1.02,1.04,1.06,1.16,1.25,1.29,1.34,1.38,1.40,1.45,1.48,1.50,inferred
"Wales",2022-01-14,0.91,0.93,0.97,1.02,1.04,1.06,1.16,1.25,1.29,1.34,1.38,1.40,1.45,1.48,1.50,inferred
"Wales",2022-01-15,0.91,0.93,0.97,1.02,1.04,1.06,1.16,1.25,1.29,1.34,1.38,1.40,1.45,1.48,1.50,inferred
"Wales",2022-01-16,0.91,0.93,0.97,1.02,1.04,1.06,1.16,1.25,1.29,1.34,1.38,1.40,1.45,1.48,1.50,inferred
"Wales",2022-01-17,0.91,0.93,0.97,1.02,1.04,1.06,1.16,1.25,1.29,1.34,1.38,1.40,1.45,1.48,1.50,inferred
"Wales",2022-01-18,0.87,0.88,0.90,0.91,0.92,0.93,0.94,0.96,0.97,0.99,1.00,1.01,1.04,1.06,1.08,inferred
"Wales",2022-01-19,0.87,0.88,0.90,0.91,0.92,0.93,0.94,0.96,0.97,0.99,1.00,1.01,1.04,1.06,1.08,inferred
"Wales",2022-01-20,0.87,0.88,0.90,0.91,0.92,0.93,0.94,0.96,0.97,0.99,1.00,1.01,1.04,1.06,1.08,inferred
"Wales",2022-01-21,0.87,0.88,0.90,0.91,0.92,0.93,0.94,0.96,0.97,0.99,1.00,1.01,1.04,1.06,1.08,inferred
"Wales",2022-01-22,0.87,0.88,0.90,0.91,0.92,0.93,0.94,0.96,0.97,0.99,1.00,1.01,1.04,1.06,1.08,inferred
"Wales",2022-01-23,0.87,0.88,0.90,0.91,0.92,0.93,0.94,0.96,0.97,0.99,1.00,1.01,1.04,1.06,1.08,inferred
"Wales",2022-01-24,0.87,0.88,0.90,0.91,0.92,0.93,0.94,0.96,0.97,0.99,1.00,1.01,1.04,1.06,1.08,inferred
"Wales",2022-01-25,0.65,0.66,0.67,0.69,0.70,0.71,0.72,0.73,0.75,0.76,0.77,0.77,0.79,0.81,0.82,inferred
"Wales",2022-01-26,0.65,0.66,0.67,0.69,0.70,0.71,0.72,0.73,0.75,0.76,0.77,0.77,0.79,0.81,0.82,inferred
"Wales",2022-01-27,0.65,0.66,0.67,0.69,0.70,0.71,0.72,0.73,0.75,0.76,0.77,0.77,0.79,0.81,0.82,inferred
"Wales",2022-01-28,0.65,0.66,0.67,0.69,0.70,0.71,0.72,0.73,0.75,0.76,0.77,0.77,0.79,0.81,0.82,inferred
"Wales",2022-01-29,0.65,0.66,0.67,0.69,0.70,0.71,0.72,0.73,0.75,0.76,0.77,0.77,0.79,0.81,0.82,inferred
"Wales",2022-01-30,0.65,0.66,0.67,0.69,0.70,0.71,0.72,0.73,0.75,0.76,0.77,0.77,0.79,0.81,0.82,inferred
"Wales",2022-01-31,0.65,0.66,0.67,0.69,0.70,0.71,0.72,0.73,0.75,0.76,0.77,0.77,0.79,0.81,0.82,inferred
"Wales",2022-02-01,0.57,0.60,0.63,0.67,0.69,0.70,0.73,0.75,0.78,0.81,0.83,0.84,0.88,0.91,0.93,inferred
"Wales",2022-02-02,0.57,0.60,0.63,0.67,0.69,0.70,0.73,0.75,0.78,0.81,0.83,0.84,0.88,0.91,0.93,inferred
"Wales",2022-02-03,0.57,0.60,0.63,0.67,0.69,0.70,0.73,0.75,0.78,0.81,0.83,0.84,0.88,0.91,0.93,inferred
"Wales",2022-02-04,0.57,0.60,0.63,0.67,0.69,0.70,0.73,0.75,0.78,0.81,0.83,0.84,0.88,0.91,0.93,inferred
"Wales",2022-02-05,0.57,0.60,0.63,0.67,0.69,0.70,0.73,0.75,0.78,0.81,0.83,0.84,0.88,0.91,0.93,inferred
"Wales",2022-02-06,0.57,0.60,0.63,0.67,0.69,0.70,0.73,0.75,0.78,0.81,0.83,0.84,0.88,0.91,0.93,inferred
"Wales",2022-02-07,0.57,0.60,0.63,0.67,0.69,0.70,0.73,0.75,0.78,0.81,0.83,0.84,0.88,0.91,0.93,inferred
"Wales",2022-02-08,0.63,0.68,0.73,0.81,0.84,0.86,0.92,0.97,1.03,1.09,1.12,1.16,1.30,1.46,1.64,projected
"Wales",2022-02-09,0.63,0.68,0.73,0.81,0.84,0.86,0.92,0.97,1.03,1.09,1.12,1.16,1.30,1.46,1.64,projected
"Wales",2022-02-10,0.63,0.68,0.73,0.81,0.84,0.86,0.92,0.97,1.03,1.09,1.12,1.16,1.30,1.46,1.64,projected
"Wales",2022-02-11,0.63,0.68,0.73,0.81,0.84,0.86,0.92,0.97,1.03,1.09,1.12,1.16,1.30,1.46,1.64,projected
"Wales",2022-02-12,0.63,0.68,0.73,0.81,0.84,0.86,0.92,0.97,1.03,1.09,1.12,1.16,1.30,1.46,1.64,projected
"Wales",2022-02-13,0.63,0.68,0.73,0.81,0.84,0.86,0.92,0.97,1.03,1.09,1.12,1.16,1.30,1.46,1.64,projected
"Wales",2022-02-14,0.63,0.68,0.73,0.81,0.84,0.86,0.92,0.97,1.03,1.09,1.12,1.16,1.30,1.46,1.64,projected
"Wales",2022-02-15,0.73,0.81,0.90,1.03,1.08,1.13,1.24,1.35,1.48,1.63,1.76,1.87,2.30,2.93,3.71,projected
"Wales",2022-02-16,0.73,0.81,0.90,1.03,1.08,1.13,1.24,1.35,1.48,1.63,1.76,1.87,2.30,2.93,3.71,projected
"Wales",2022-02-17,0.73,0.81,0.90,1.03,1.08,1.13,1.24,1.35,1.48,1.63,1.76,1.87,2.30,2.93,3.71,projected
"Wales",2022-02-18,0.73,0.81,0.90,1.03,1.08,1.13,1.24,1.35,1.48,1.63,1.76,1.87,2.30,2.93,3.71,projected
"Wales",2022-02-19,0.73,0.81,0.90,1.03,1.08,1.13,1.24,1.35,1.48,1.63,1.76,1.87,2.30,2.93,3.71,projected
"Wales",2022-02-20,0.73,0.81,0.90,1.03,1.08,1.13,1.24,1.35,1.48,1.63,1.76,1.87,2.30,2.93,3.71,projected
"Wales",2022-02-21,0.73,0.81,0.90,1.03,1.08,1.13,1.24,1.35,1.48,1.63,1.76,1.87,2.30,2.93,3.71,projected
"Wales",2022-02-22,0.87,0.95,1.08,1.31,1.38,1.45,1.64,1.85,2.09,2.43,2.63,2.91,3.75,5.10,6.27,projected
"Wales",2022-02-23,0.87,0.95,1.08,1.31,1.38,1.45,1.64,1.85,2.09,2.43,2.63,2.91,3.75,5.10,6.27,projected
"Wales",2022-02-24,0.87,0.95,1.08,1.31,1.38,1.45,1.64,1.85,2.09,2.43,2.63,2.91,3.75,5.10,6.27,projected
"Wales",2022-02-25,0.87,0.95,1.08,1.31,1.38,1.45,1.64,1.85,2.09,2.43,2.63,2.91,3.75,5.10,6.27,projected
"Wales",2022-02-26,0.87,0.95,1.08,1.31,1.38,1.45,1.64,1.85,2.09,2.43,2.63,2.91,3.75,5.10,6.27,projected
"Wales",2022-02-27,0.87,0.95,1.08,1.31,1.38,1.45,1.64,1.85,2.09,2.43,2.63,2.91,3.75,5.10,6.27,projected
"Wales",2022-02-28,0.87,0.95,1.08,1.31,1.38,1.45,1.64,1.85,2.09,2.43,2.63,2.91,3.75,5.10,6.27,projected
"Scotland",2021-10-26,0.98,0.99,1.01,1.03,1.03,1.04,1.05,1.07,1.08,1.09,1.10,1.11,1.13,1.15,1.16,inferred
"Scotland",2021-10-27,0.98,0.99,1.01,1.03,1.03,1.04,1.05,1.07,1.08,1.09,1.10,1.11,1.13,1.15,1.16,inferred
"Scotland",2021-10-28,0.98,0.99,1.01,1.03,1.03,1.04,1.05,1.07,1.08,1.09,1.10,1.11,1.13,1.15,1.16,inferred
"Scotland",2021-10-29,0.98,0.99,1.01,1.03,1.03,1.04,1.05,1.07,1.08,1.09,1.10,1.11,1.13,1.15,1.16,inferred
"Scotland",2021-10-30,0.98,0.99,1.01,1.03,1.03,1.04,1.05,1.07,1.08,1.09,1.10,1.11,1.13,1.15,1.16,inferred
"Scotland",2021-10-31,0.98,0.99,1.01,1.03,1.03,1.04,1.05,1.07,1.08,1.09,1.10,1.11,1.13,1.15,1.16,inferred
"Scotland",2021-11-01,0.98,0.99,1.01,1.03,1.03,1.04,1.05,1.07,1.08,1.09,1.10,1.11,1.13,1.15,1.16,inferred
"Scotland",2021-11-02,1.00,1.01,1.03,1.05,1.06,1.07,1.08,1.10,1.11,1.13,1.13,1.15,1.17,1.20,1.22,inferred
"Scotland",2021-11-03,1.00,1.01,1.03,1.05,1.06,1.07,1.08,1.10,1.11,1.13,1.13,1.15,1.17,1.20,1.22,inferred
"Scotland",2021-11-04,1.00,1.01,1.03,1.05,1.06,1.07,1.08,1.10,1.11,1.13,1.13,1.15,1.17,1.20,1.22,inferred
"Scotland",2021-11-05,1.00,1.01,1.03,1.05,1.06,1.07,1.08,1.10,1.11,1.13,1.13,1.15,1.17,1.20,1.22,inferred
"Scotland",2021-11-06,1.00,1.01,1.03,1.05,1.06,1.07,1.08,1.10,1.11,1.13,1.13,1.15,1.17,1.20,1.22,inferred
"Scotland",2021-11-07,1.00,1.01,1.03,1.05,1.06,1.07,1.08,1.10,1.11,1.13,1.13,1.15,1.17,1.20,1.22,inferred
"Scotland",2021-11-08,1.00,1.01,1.03,1.05,1.06,1.07,1.08,1.10,1.11,1.13,1.13,1.15,1.17,1.20,1.22,inferred
"Scotland",2021-11-09,0.91,0.92,0.94,0.96,0.97,0.98,0.99,1.01,1.02,1.03,1.04,1.05,1.08,1.10,1.12,inferred
"Scotland",2021-11-10,0.91,0.92,0.94,0.96,0.97,0.98,0.99,1.01,1.02,1.03,1.04,1.05,1.08,1.10,1.12,inferred
"Scotland",2021-11-11,0.91,0.92,0.94,0.96,0.97,0.98,0.99,1.01,1.02,1.03,1.04,1.05,1.08,1.10,1.12,inferred
"Scotland",2021-11-12,0.91,0.92,0.94,0.96,0.97,0.98,0.99,1.01,1.02,1.03,1.04,1.05,1.08,1.10,1.12,inferred
"Scotland",2021-11-13,0.91,0.92,0.94,0.96,0.97,0.98,0.99,1.01,1.02,1.03,1.04,1.05,1.08,1.10,1.12,inferred
"Scotland",2021-11-14,0.91,0.92,0.94,0.96,0.97,0.98,0.99,1.01,1.02,1.03,1.04,1.05,1.08,1.10,1.12,inferred
"Scotland",2021-11-15,0.91,0.92,0.94,0.96,0.97,0.98,0.99,1.01,1.02,1.03,1.04,1.05,1.08,1.10,1.12,inferred
"Scotland",2021-11-16,0.77,0.79,0.82,0.84,0.85,0.86,0.87,0.88,0.89,0.90,0.91,0.92,0.94,0.95,0.96,inferred
"Scotland",2021-11-17,0.77,0.79,0.82,0.84,0.85,0.86,0.87,0.88,0.89,0.90,0.91,0.92,0.94,0.95,0.96,inferred
"Scotland",2021-11-18,0.77,0.79,0.82,0.84,0.85,0.86,0.87,0.88,0.89,0.90,0.91,0.92,0.94,0.95,0.96,inferred
"Scotland",2021-11-19,0.77,0.79,0.82,0.84,0.85,0.86,0.87,0.88,0.89,0.90,0.91,0.92,0.94,0.95,0.96,inferred
"Scotland",2021-11-20,0.77,0.79,0.82,0.84,0.85,0.86,0.87,0.88,0.89,0.90,0.91,0.92,0.94,0.95,0.96,inferred
"Scotland",2021-11-21,0.77,0.79,0.82,0.84,0.85,0.86,0.87,0.88,0.89,0.90,0.91,0.92,0.94,0.95,0.96,inferred
"Scotland",2021-11-22,0.77,0.79,0.82,0.84,0.85,0.86,0.87,0.88,0.89,0.90,0.91,0.92,0.94,0.95,0.96,inferred
"Scotland",2021-11-23,0.80,0.81,0.84,0.87,0.88,0.89,0.91,0.92,0.94,0.96,0.97,0.97,1.00,1.02,1.03,inferred
"Scotland",2021-11-24,0.80,0.81,0.84,0.87,0.88,0.89,0.91,0.92,0.94,0.96,0.97,0.97,1.00,1.02,1.03,inferred
"Scotland",2021-11-25,0.80,0.81,0.84,0.87,0.88,0.89,0.91,0.92,0.94,0.96,0.97,0.97,1.00,1.02,1.03,inferred
"Scotland",2021-11-26,0.80,0.81,0.84,0.87,0.88,0.89,0.91,0.92,0.94,0.96,0.97,0.97,1.00,1.02,1.03,inferred
"Scotland",2021-11-27,0.80,0.81,0.84,0.87,0.88,0.89,0.91,0.92,0.94,0.96,0.97,0.97,1.00,1.02,1.03,inferred
"Scotland",2021-11-28,0.80,0.81,0.84,0.87,0.88,0.89,0.91,0.92,0.94,0.96,0.97,0.97,1.00,1.02,1.03,inferred
"Scotland",2021-11-29,0.80,0.81,0.84,0.87,0.88,0.89,0.91,0.92,0.94,0.96,0.97,0.97,1.00,1.02,1.03,inferred
"Scotland",2021-11-30,1.21,1.23,1.25,1.28,1.29,1.31,1.32,1.35,1.36,1.39,1.40,1.42,1.46,1.50,1.52,inferred
"Scotland",2021-12-01,1.21,1.23,1.25,1.28,1.29,1.31,1.32,1.35,1.36,1.39,1.40,1.42,1.46,1.50,1.52,inferred
"Scotland",2021-12-02,1.21,1.23,1.25,1.28,1.29,1.31,1.32,1.35,1.36,1.39,1.40,1.42,1.46,1.50,1.52,inferred
"Scotland",2021-12-03,1.21,1.23,1.25,1.28,1.29,1.31,1.32,1.35,1.36,1.39,1.40,1.42,1.46,1.50,1.52,inferred
"Scotland",2021-12-04,1.21,1.23,1.25,1.28,1.29,1.31,1.32,1.35,1.36,1.39,1.40,1.42,1.46,1.50,1.52,inferred
"Scotland",2021-12-05,1.21,1.23,1.25,1.28,1.29,1.31,1.32,1.35,1.36,1.39,1.40,1.42,1.46,1.50,1.52,inferred
"Scotland",2021-12-06,1.21,1.23,1.25,1.28,1.29,1.31,1.32,1.35,1.36,1.39,1.40,1.42,1.46,1.50,1.52,inferred
"Scotland",2021-12-07,1.13,1.15,1.17,1.20,1.22,1.24,1.27,1.31,1.35,1.40,1.42,1.45,1.52,1.59,1.64,inferred
"Scotland",2021-12-08,1.13,1.15,1.17,1.20,1.22,1.24,1.27,1.31,1.35,1.40,1.42,1.45,1.52,1.59,1.64,inferred
"Scotland",2021-12-09,1.13,1.15,1.17,1.20,1.22,1.24,1.27,1.31,1.35,1.40,1.42,1.45,1.52,1.59,1.64,inferred
"Scotland",2021-12-10,1.13,1.15,1.17,1.20,1.22,1.24,1.27,1.31,1.35,1.40,1.42,1.45,1.52,1.59,1.64,inferred
"Scotland",2021-12-11,1.13,1.15,1.17,1.20,1.22,1.24,1.27,1.31,1.35,1.40,1.42,1.45,1.52,1.59,1.64,inferred
"Scotland",2021-12-12,1.13,1.15,1.17,1.20,1.22,1.24,1.27,1.31,1.35,1.40,1.42,1.45,1.52,1.59,1.64,inferred
"Scotland",2021-12-13,1.13,1.15,1.17,1.20,1.22,1.24,1.27,1.31,1.35,1.40,1.42,1.45,1.52,1.59,1.64,inferred
"Scotland",2021-12-14,1.18,1.20,1.22,1.24,1.25,1.26,1.28,1.30,1.32,1.35,1.36,1.38,1.42,1.46,1.50,inferred
"Scotland",2021-12-15,1.18,1.20,1.22,1.24,1.25,1.26,1.28,1.30,1.32,1.35,1.36,1.38,1.42,1.46,1.50,inferred
"Scotland",2021-12-16,1.18,1.20,1.22,1.24,1.25,1.26,1.28,1.30,1.32,1.35,1.36,1.38,1.42,1.46,1.50,inferred
"Scotland",2021-12-17,1.18,1.20,1.22,1.24,1.25,1.26,1.28,1.30,1.32,1.35,1.36,1.38,1.42,1.46,1.50,inferred
"Scotland",2021-12-18,1.18,1.20,1.22,1.24,1.25,1.26,1.28,1.30,1.32,1.35,1.36,1.38,1.42,1.46,1.50,inferred
"Scotland",2021-12-19,1.18,1.20,1.22,1.24,1.25,1.26,1.28,1.30,1.32,1.35,1.36,1.38,1.42,1.46,1.50,inferred
"Scotland",2021-12-20,1.18,1.20,1.22,1.24,1.25,1.26,1.28,1.30,1.32,1.35,1.36,1.38,1.42,1.46,1.50,inferred
"Scotland",2021-12-21,1.60,1.61,1.65,1.74,1.81,1.85,1.90,1.95,2.05,2.18,2.24,2.31,2.53,2.68,2.73,inferred
"Scotland",2021-12-22,1.60,1.61,1.65,1.74,1.81,1.85,1.90,1.95,2.05,2.18,2.24,2.31,2.53,2.68,2.73,inferred
"Scotland",2021-12-23,1.60,1.61,1.65,1.74,1.81,1.85,1.90,1.95,2.05,2.18,2.24,2.31,2.53,2.68,2.73,inferred
"Scotland",2021-12-24,1.60,1.61,1.65,1.74,1.81,1.85,1.90,1.95,2.05,2.18,2.24,2.31,2.53,2.68,2.73,inferred
"Scotland",2021-12-25,1.60,1.61,1.65,1.74,1.81,1.85,1.90,1.95,2.05,2.18,2.24,2.31,2.53,2.68,2.73,inferred
"Scotland",2021-12-26,1.60,1.61,1.65,1.74,1.81,1.85,1.90,1.95,2.05,2.18,2.24,2.31,2.53,2.68,2.73,inferred
"Scotland",2021-12-27,1.60,1.61,1.65,1.74,1.81,1.85,1.90,1.95,2.05,2.18,2.24,2.31,2.53,2.68,2.73,inferred
"Scotland",2021-12-28,0.77,0.78,0.80,0.82,0.83,0.84,0.86,0.88,0.91,0.96,0.98,1.00,1.05,1.08,1.11,inferred
"Scotland",2021-12-29,0.77,0.78,0.80,0.82,0.83,0.84,0.86,0.88,0.91,0.96,0.98,1.00,1.05,1.08,1.11,inferred
"Scotland",2021-12-30,0.77,0.78,0.80,0.82,0.83,0.84,0.86,0.88,0.91,0.96,0.98,1.00,1.05,1.08,1.11,inferred
"Scotland",2021-12-31,0.77,0.78,0.80,0.82,0.83,0.84,0.86,0.88,0.91,0.96,0.98,1.00,1.05,1.08,1.11,inferred
"Scotland",2022-01-01,0.77,0.78,0.80,0.82,0.83,0.84,0.86,0.88,0.91,0.96,0.98,1.00,1.05,1.08,1.11,inferred
"Scotland",2022-01-02,0.77,0.78,0.80,0.82,0.83,0.84,0.86,0.88,0.91,0.96,0.98,1.00,1.05,1.08,1.11,inferred
"Scotland",2022-01-03,0.77,0.78,0.80,0.82,0.83,0.84,0.86,0.88,0.91,0.96,0.98,1.00,1.05,1.08,1.11,inferred
"Scotland",2022-01-04,0.28,0.29,0.31,0.34,0.35,0.36,0.38,0.40,0.42,0.44,0.45,0.47,0.50,0.51,0.52,inferred
"Scotland",2022-01-05,0.28,0.29,0.31,0.34,0.35,0.36,0.38,0.40,0.42,0.44,0.45,0.47,0.50,0.51,0.52,inferred
"Scotland",2022-01-06,0.28,0.29,0.31,0.34,0.35,0.36,0.38,0.40,0.42,0.44,0.45,0.47,0.50,0.51,0.52,inferred
"Scotland",2022-01-07,0.28,0.29,0.31,0.34,0.35,0.36,0.38,0.40,0.42,0.44,0.45,0.47,0.50,0.51,0.52,inferred
"Scotland",2022-01-08,0.28,0.29,0.31,0.34,0.35,0.36,0.38,0.40,0.42,0.44,0.45,0.47,0.50,0.51,0.52,inferred
"Scotland",2022-01-09,0.28,0.29,0.31,0.34,0.35,0.36,0.38,0.40,0.42,0.44,0.45,0.47,0.50,0.51,0.52,inferred
"Scotland",2022-01-10,0.28,0.29,0.31,0.34,0.35,0.36,0.38,0.40,0.42,0.44,0.45,0.47,0.50,0.51,0.52,inferred
"Scotland",2022-01-11,0.39,0.40,0.43,0.48,0.49,0.51,0.56,0.63,0.68,0.72,0.74,0.76,0.80,0.84,0.86,inferred
"Scotland",2022-01-12,0.39,0.40,0.43,0.48,0.49,0.51,0.56,0.63,0.68,0.72,0.74,0.76,0.80,0.84,0.86,inferred
"Scotland",2022-01-13,0.39,0.40,0.43,0.48,0.49,0.51,0.56,0.63,0.68,0.72,0.74,0.76,0.80,0.84,0.86,inferred
"Scotland",2022-01-14,0.39,0.40,0.43,0.48,0.49,0.51,0.56,0.63,0.68,0.72,0.74,0.76,0.80,0.84,0.86,inferred
"Scotland",2022-01-15,0.39,0.40,0.43,0.48,0.49,0.51,0.56,0.63,0.68,0.72,0.74,0.76,0.80,0.84,0.86,inferred
"Scotland",2022-01-16,0.39,0.40,0.43,0.48,0.49,0.51,0.56,0.63,0.68,0.72,0.74,0.76,0.80,0.84,0.86,inferred
"Scotland",2022-01-17,0.39,0.40,0.43,0.48,0.49,0.51,0.56,0.63,0.68,0.72,0.74,0.76,0.80,0.84,0.86,inferred
"Scotland",2022-01-18,0.79,0.80,0.83,0.86,0.88,0.90,0.94,0.97,0.99,1.02,1.03,1.04,1.07,1.09,1.12,inferred
"Scotland",2022-01-19,0.79,0.80,0.83,0.86,0.88,0.90,0.94,0.97,0.99,1.02,1.03,1.04,1.07,1.09,1.12,inferred
"Scotland",2022-01-20,0.79,0.80,0.83,0.86,0.88,0.90,0.94,0.97,0.99,1.02,1.03,1.04,1.07,1.09,1.12,inferred
"Scotland",2022-01-21,0.79,0.80,0.83,0.86,0.88,0.90,0.94,0.97,0.99,1.02,1.03,1.04,1.07,1.09,1.12,inferred
"Scotland",2022-01-22,0.79,0.80,0.83,0.86,0.88,0.90,0.94,0.97,0.99,1.02,1.03,1.04,1.07,1.09,1.12,inferred
"Scotland",2022-01-23,0.79,0.80,0.83,0.86,0.88,0.90,0.94,0.97,0.99,1.02,1.03,1.04,1.07,1.09,1.12,inferred
"Scotland",2022-01-24,0.79,0.80,0.83,0.86,0.88,0.90,0.94,0.97,0.99,1.02,1.03,1.04,1.07,1.09,1.12,inferred
"Scotland",2022-01-25,0.86,0.88,0.89,0.92,0.93,0.94,0.95,0.96,0.97,0.98,0.99,1.00,1.02,1.04,1.06,inferred
"Scotland",2022-01-26,0.86,0.88,0.89,0.92,0.93,0.94,0.95,0.96,0.97,0.98,0.99,1.00,1.02,1.04,1.06,inferred
"Scotland",2022-01-27,0.86,0.88,0.89,0.92,0.93,0.94,0.95,0.96,0.97,0.98,0.99,1.00,1.02,1.04,1.06,inferred
"Scotland",2022-01-28,0.86,0.88,0.89,0.92,0.93,0.94,0.95,0.96,0.97,0.98,0.99,1.00,1.02,1.04,1.06,inferred
"Scotland",2022-01-29,0.86,0.88,0.89,0.92,0.93,0.94,0.95,0.96,0.97,0.98,0.99,1.00,1.02,1.04,1.06,inferred
"Scotland",2022-01-30,0.86,0.88,0.89,0.92,0.93,0.94,0.95,0.96,0.97,0.98,0.99,1.00,1.02,1.04,1.06,inferred
"Scotland",2022-01-31,0.86,0.88,0.89,0.92,0.93,0.94,0.95,0.96,0.97,0.98,0.99,1.00,1.02,1.04,1.06,inferred
"Scotland",2022-02-01,0.65,0.67,0.71,0.75,0.77,0.78,0.80,0.83,0.86,0.88,0.89,0.91,0.95,1.00,1.03,inferred
"Scotland",2022-02-02,0.65,0.67,0.71,0.75,0.77,0.78,0.80,0.83,0.86,0.88,0.89,0.91,0.95,1.00,1.03,inferred
"Scotland",2022-02-03,0.65,0.67,0.71,0.75,0.77,0.78,0.80,0.83,0.86,0.88,0.89,0.91,0.95,1.00,1.03,inferred
"Scotland",2022-02-04,0.65,0.67,0.71,0.75,0.77,0.78,0.80,0.83,0.86,0.88,0.89,0.91,0.95,1.00,1.03,inferred
"Scotland",2022-02-05,0.65,0.67,0.71,0.75,0.77,0.78,0.80,0.83,0.86,0.88,0.89,0.91,0.95,1.00,1.03,inferred
"Scotland",2022-02-06,0.65,0.67,0.71,0.75,0.77,0.78,0.80,0.83,0.86,0.88,0.89,0.91,0.95,1.00,1.03,inferred
"Scotland",2022-02-07,0.65,0.67,0.71,0.75,0.77,0.78,0.80,0.83,0.86,0.88,0.89,0.91,0.95,1.00,1.03,inferred
"Scotland",2022-02-08,0.66,0.70,0.76,0.83,0.86,0.88,0.94,0.99,1.05,1.11,1.15,1.21,1.33,1.48,1.62,projected
"Scotland",2022-02-09,0.66,0.70,0.76,0.83,0.86,0.88,0.94,0.99,1.05,1.11,1.15,1.21,1.33,1.48,1.62,projected
"Scotland",2022-02-10,0.66,0.70,0.76,0.83,0.86,0.88,0.94,0.99,1.05,1.11,1.15,1.21,1.33,1.48,1.62,projected
"Scotland",2022-02-11,0.66,0.70,0.76,0.83,0.86,0.88,0.94,0.99,1.05,1.11,1.15,1.21,1.33,1.48,1.62,projected
"Scotland",2022-02-12,0.66,0.70,0.76,0.83,0.86,0.88,0.94,0.99,1.05,1.11,1.15,1.21,1.33,1.48,1.62,projected
"Scotland",2022-02-13,0.66,0.70,0.76,0.83,0.86,0.88,0.94,0.99,1.05,1.11,1.15,1.21,1.33,1.48,1.62,projected
"Scotland",2022-02-14,0.66,0.70,0.76,0.83,0.86,0.88,0.94,0.99,1.05,1.11,1.15,1.21,1.33,1.48,1.62,projected
"Scotland",2022-02-15,0.73,0.80,0.89,1.00,1.05,1.09,1.19,1.29,1.40,1.56,1.66,1.78,2.17,2.73,3.44,projected
"Scotland",2022-02-16,0.73,0.80,0.89,1.00,1.05,1.09,1.19,1.29,1.40,1.56,1.66,1.78,2.17,2.73,3.44,projected
"Scotland",2022-02-17,0.73,0.80,0.89,1.00,1.05,1.09,1.19,1.29,1.40,1.56,1.66,1.78,2.17,2.73,3.44,projected
"Scotland",2022-02-18,0.73,0.80,0.89,1.00,1.05,1.09,1.19,1.29,1.40,1.56,1.66,1.78,2.17,2.73,3.44,projected
"Scotland",2022-02-19,0.73,0.80,0.89,1.00,1.05,1.09,1.19,1.29,1.40,1.56,1.66,1.78,2.17,2.73,3.44,projected
"Scotland",2022-02-20,0.73,0.80,0.89,1.00,1.05,1.09,1.19,1.29,1.40,1.56,1.66,1.78,2.17,2.73,3.44,projected
"Scotland",2022-02-21,0.73,0.80,0.89,1.00,1.05,1.09,1.19,1.29,1.40,1.56,1.66,1.78,2.17,2.73,3.44,projected
"Scotland",2022-02-22,0.80,0.92,1.03,1.22,1.30,1.38,1.54,1.71,1.93,2.28,2.43,2.69,3.65,4.92,6.79,projected
"Scotland",2022-02-23,0.80,0.92,1.03,1.22,1.30,1.38,1.54,1.71,1.93,2.28,2.43,2.69,3.65,4.92,6.79,projected
"Scotland",2022-02-24,0.80,0.92,1.03,1.22,1.30,1.38,1.54,1.71,1.93,2.28,2.43,2.69,3.65,4.92,6.79,projected
"Scotland",2022-02-25,0.80,0.92,1.03,1.22,1.30,1.38,1.54,1.71,1.93,2.28,2.43,2.69,3.65,4.92,6.79,projected
"Scotland",2022-02-26,0.80,0.92,1.03,1.22,1.30,1.38,1.54,1.71,1.93,2.28,2.43,2.69,3.65,4.92,6.79,projected
"Scotland",2022-02-27,0.80,0.92,1.03,1.22,1.30,1.38,1.54,1.71,1.93,2.28,2.43,2.69,3.65,4.92,6.79,projected
"Scotland",2022-02-28,0.80,0.92,1.03,1.22,1.30,1.38,1.54,1.71,1.93,2.28,2.43,2.69,3.65,4.92,6.79,projected
England,2021-10-26,0.81,0.81,0.82,0.82,0.82,0.83,0.84,0.84,0.85,0.85,0.85,0.85,0.86,0.86,0.86,inferred
England,2021-10-27,0.81,0.81,0.82,0.82,0.82,0.83,0.84,0.84,0.85,0.85,0.85,0.85,0.86,0.86,0.86,inferred
England,2021-10-28,0.81,0.81,0.82,0.82,0.82,0.83,0.84,0.84,0.85,0.85,0.85,0.85,0.86,0.86,0.86,inferred
England,2021-10-29,0.81,0.81,0.82,0.82,0.82,0.83,0.84,0.84,0.85,0.85,0.85,0.85,0.86,0.86,0.86,inferred
England,2021-10-30,0.81,0.81,0.82,0.82,0.82,0.83,0.84,0.84,0.85,0.85,0.85,0.85,0.86,0.86,0.86,inferred
England,2021-10-31,0.81,0.81,0.82,0.82,0.82,0.83,0.84,0.84,0.85,0.85,0.85,0.85,0.86,0.86,0.86,inferred
England,2021-11-01,0.81,0.81,0.82,0.82,0.82,0.83,0.84,0.84,0.85,0.85,0.85,0.85,0.86,0.86,0.86,inferred
England,2021-11-02,1.13,1.14,1.14,1.15,1.15,1.15,1.16,1.16,1.17,1.17,1.18,1.18,1.19,1.20,1.20,inferred
England,2021-11-03,1.13,1.14,1.14,1.15,1.15,1.15,1.16,1.16,1.17,1.17,1.18,1.18,1.19,1.20,1.20,inferred
England,2021-11-04,1.13,1.14,1.14,1.15,1.15,1.15,1.16,1.16,1.17,1.17,1.18,1.18,1.19,1.20,1.20,inferred
England,2021-11-05,1.13,1.14,1.14,1.15,1.15,1.15,1.16,1.16,1.17,1.17,1.18,1.18,1.19,1.20,1.20,inferred
England,2021-11-06,1.13,1.14,1.14,1.15,1.15,1.15,1.16,1.16,1.17,1.17,1.18,1.18,1.19,1.20,1.20,inferred
England,2021-11-07,1.13,1.14,1.14,1.15,1.15,1.15,1.16,1.16,1.17,1.17,1.18,1.18,1.19,1.20,1.20,inferred
England,2021-11-08,1.13,1.14,1.14,1.15,1.15,1.15,1.16,1.16,1.17,1.17,1.18,1.18,1.19,1.20,1.20,inferred
England,2021-11-09,1.02,1.03,1.03,1.05,1.05,1.05,1.06,1.08,1.10,1.11,1.12,1.12,1.14,1.16,1.17,inferred
England,2021-11-10,1.02,1.03,1.03,1.05,1.05,1.05,1.06,1.08,1.10,1.11,1.12,1.12,1.14,1.16,1.17,inferred
England,2021-11-11,1.02,1.03,1.03,1.05,1.05,1.05,1.06,1.08,1.10,1.11,1.12,1.12,1.14,1.16,1.17,inferred
England,2021-11-12,1.02,1.03,1.03,1.05,1.05,1.05,1.06,1.08,1.10,1.11,1.12,1.12,1.14,1.16,1.17,inferred
England,2021-11-13,1.02,1.03,1.03,1.05,1.05,1.05,1.06,1.08,1.10,1.11,1.12,1.12,1.14,1.16,1.17,inferred
England,2021-11-14,1.02,1.03,1.03,1.05,1.05,1.05,1.06,1.08,1.10,1.11,1.12,1.12,1.14,1.16,1.17,inferred
England,2021-11-15,1.02,1.03,1.03,1.05,1.05,1.05,1.06,1.08,1.10,1.11,1.12,1.12,1.14,1.16,1.17,inferred
England,2021-11-16,1.01,1.01,1.01,1.02,1.02,1.02,1.02,1.02,1.03,1.03,1.03,1.04,1.04,1.05,1.05,inferred
England,2021-11-17,1.01,1.01,1.01,1.02,1.02,1.02,1.02,1.02,1.03,1.03,1.03,1.04,1.04,1.05,1.05,inferred
England,2021-11-18,1.01,1.01,1.01,1.02,1.02,1.02,1.02,1.02,1.03,1.03,1.03,1.04,1.04,1.05,1.05,inferred
England,2021-11-19,1.01,1.01,1.01,1.02,1.02,1.02,1.02,1.02,1.03,1.03,1.03,1.04,1.04,1.05,1.05,inferred
England,2021-11-20,1.01,1.01,1.01,1.02,1.02,1.02,1.02,1.02,1.03,1.03,1.03,1.04,1.04,1.05,1.05,inferred
England,2021-11-21,1.01,1.01,1.01,1.02,1.02,1.02,1.02,1.02,1.03,1.03,1.03,1.04,1.04,1.05,1.05,inferred
England,2021-11-22,1.01,1.01,1.01,1.02,1.02,1.02,1.02,1.02,1.03,1.03,1.03,1.04,1.04,1.05,1.05,inferred
England,2021-11-23,1.06,1.06,1.07,1.08,1.09,1.09,1.10,1.11,1.12,1.14,1.14,1.14,1.16,1.17,1.17,inferred
England,2021-11-24,1.06,1.06,1.07,1.08,1.09,1.09,1.10,1.11,1.12,1.14,1.14,1.14,1.16,1.17,1.17,inferred
England,2021-11-25,1.06,1.06,1.07,1.08,1.09,1.09,1.10,1.11,1.12,1.14,1.14,1.14,1.16,1.17,1.17,inferred
England,2021-11-26,1.06,1.06,1.07,1.08,1.09,1.09,1.10,1.11,1.12,1.14,1.14,1.14,1.16,1.17,1.17,inferred
England,2021-11-27,1.06,1.06,1.07,1.08,1.09,1.09,1.10,1.11,1.12,1.14,1.14,1.14,1.16,1.17,1.17,inferred
England,2021-11-28,1.06,1.06,1.07,1.08,1.09,1.09,1.10,1.11,1.12,1.14,1.14,1.14,1.16,1.17,1.17,inferred
England,2021-11-29,1.06,1.06,1.07,1.08,1.09,1.09,1.10,1.11,1.12,1.14,1.14,1.14,1.16,1.17,1.17,inferred
England,2021-11-30,1.07,1.07,1.08,1.08,1.08,1.09,1.09,1.10,1.10,1.11,1.11,1.11,1.12,1.13,1.13,inferred
England,2021-12-01,1.07,1.07,1.08,1.08,1.08,1.09,1.09,1.10,1.10,1.11,1.11,1.11,1.12,1.13,1.13,inferred
England,2021-12-02,1.07,1.07,1.08,1.08,1.08,1.09,1.09,1.10,1.10,1.11,1.11,1.11,1.12,1.13,1.13,inferred
England,2021-12-03,1.07,1.07,1.08,1.08,1.08,1.09,1.09,1.10,1.10,1.11,1.11,1.11,1.12,1.13,1.13,inferred
England,2021-12-04,1.07,1.07,1.08,1.08,1.08,1.09,1.09,1.10,1.10,1.11,1.11,1.11,1.12,1.13,1.13,inferred
England,2021-12-05,1.07,1.07,1.08,1.08,1.08,1.09,1.09,1.10,1.10,1.11,1.11,1.11,1.12,1.13,1.13,inferred
England,2021-12-06,1.07,1.07,1.08,1.08,1.08,1.09,1.09,1.10,1.10,1.11,1.11,1.11,1.12,1.13,1.13,inferred
England,2021-12-07,1.53,1.53,1.54,1.64,1.67,1.69,1.72,1.75,1.80,1.88,1.90,1.94,2.04,2.12,2.13,inferred
England,2021-12-08,1.53,1.53,1.54,1.64,1.67,1.69,1.72,1.75,1.80,1.88,1.90,1.94,2.04,2.12,2.13,inferred
England,2021-12-09,1.53,1.53,1.54,1.64,1.67,1.69,1.72,1.75,1.80,1.88,1.90,1.94,2.04,2.12,2.13,inferred
England,2021-12-10,1.53,1.53,1.54,1.64,1.67,1.69,1.72,1.75,1.80,1.88,1.90,1.94,2.04,2.12,2.13,inferred
England,2021-12-11,1.53,1.53,1.54,1.64,1.67,1.69,1.72,1.75,1.80,1.88,1.90,1.94,2.04,2.12,2.13,inferred
England,2021-12-12,1.53,1.53,1.54,1.64,1.67,1.69,1.72,1.75,1.80,1.88,1.90,1.94,2.04,2.12,2.13,inferred
England,2021-12-13,1.53,1.53,1.54,1.64,1.67,1.69,1.72,1.75,1.80,1.88,1.90,1.94,2.04,2.12,2.13,inferred
England,2021-12-14,1.04,1.04,1.07,1.09,1.09,1.11,1.14,1.17,1.23,1.31,1.33,1.33,1.36,1.51,1.52,inferred
England,2021-12-15,1.04,1.04,1.07,1.09,1.09,1.11,1.14,1.17,1.23,1.31,1.33,1.33,1.36,1.51,1.52,inferred
England,2021-12-16,1.04,1.04,1.07,1.09,1.09,1.11,1.14,1.17,1.23,1.31,1.33,1.33,1.36,1.51,1.52,inferred
England,2021-12-17,1.04,1.04,1.07,1.09,1.09,1.11,1.14,1.17,1.23,1.31,1.33,1.33,1.36,1.51,1.52,inferred
England,2021-12-18,1.04,1.04,1.07,1.09,1.09,1.11,1.14,1.17,1.23,1.31,1.33,1.33,1.36,1.51,1.52,inferred
England,2021-12-19,1.04,1.04,1.07,1.09,1.09,1.11,1.14,1.17,1.23,1.31,1.33,1.33,1.36,1.51,1.52,inferred
England,2021-12-20,1.04,1.04,1.07,1.09,1.09,1.11,1.14,1.17,1.23,1.31,1.33,1.33,1.36,1.51,1.52,inferred
England,2021-12-21,1.34,1.34,1.35,1.38,1.41,1.42,1.45,1.46,1.49,1.54,1.56,1.59,1.66,1.69,1.69,inferred
England,2021-12-22,1.34,1.34,1.35,1.38,1.41,1.42,1.45,1.46,1.49,1.54,1.56,1.59,1.66,1.69,1.69,inferred
England,2021-12-23,1.34,1.34,1.35,1.38,1.41,1.42,1.45,1.46,1.49,1.54,1.56,1.59,1.66,1.69,1.69,inferred
England,2021-12-24,1.34,1.34,1.35,1.38,1.41,1.42,1.45,1.46,1.49,1.54,1.56,1.59,1.66,1.69,1.69,inferred
England,2021-12-25,1.34,1.34,1.35,1.38,1.41,1.42,1.45,1.46,1.49,1.54,1.56,1.59,1.66,1.69,1.69,inferred
England,2021-12-26,1.34,1.34,1.35,1.38,1.41,1.42,1.45,1.46,1.49,1.54,1.56,1.59,1.66,1.69,1.69,inferred
England,2021-12-27,1.34,1.34,1.35,1.38,1.41,1.42,1.45,1.46,1.49,1.54,1.56,1.59,1.66,1.69,1.69,inferred
England,2021-12-28,0.70,0.70,0.73,0.74,0.74,0.74,0.76,0.77,0.78,0.81,0.85,0.85,0.86,0.87,0.88,inferred
England,2021-12-29,0.70,0.70,0.73,0.74,0.74,0.74,0.76,0.77,0.78,0.81,0.85,0.85,0.86,0.87,0.88,inferred
England,2021-12-30,0.70,0.70,0.73,0.74,0.74,0.74,0.76,0.77,0.78,0.81,0.85,0.85,0.86,0.87,0.88,inferred
England,2021-12-31,0.70,0.70,0.73,0.74,0.74,0.74,0.76,0.77,0.78,0.81,0.85,0.85,0.86,0.87,0.88,inferred
England,2022-01-01,0.70,0.70,0.73,0.74,0.74,0.74,0.76,0.77,0.78,0.81,0.85,0.85,0.86,0.87,0.88,inferred
England,2022-01-02,0.70,0.70,0.73,0.74,0.74,0.74,0.76,0.77,0.78,0.81,0.85,0.85,0.86,0.87,0.88,inferred
England,2022-01-03,0.70,0.70,0.73,0.74,0.74,0.74,0.76,0.77,0.78,0.81,0.85,0.85,0.86,0.87,0.88,inferred
England,2022-01-04,0.41,0.41,0.47,0.48,0.48,0.49,0.52,0.58,0.61,0.62,0.63,0.65,0.71,0.72,0.72,inferred
England,2022-01-05,0.41,0.41,0.47,0.48,0.48,0.49,0.52,0.58,0.61,0.62,0.63,0.65,0.71,0.72,0.72,inferred
England,2022-01-06,0.41,0.41,0.47,0.48,0.48,0.49,0.52,0.58,0.61,0.62,0.63,0.65,0.71,0.72,0.72,inferred
England,2022-01-07,0.41,0.41,0.47,0.48,0.48,0.49,0.52,0.58,0.61,0.62,0.63,0.65,0.71,0.72,0.72,inferred
England,2022-01-08,0.41,0.41,0.47,0.48,0.48,0.49,0.52,0.58,0.61,0.62,0.63,0.65,0.71,0.72,0.72,inferred
England,2022-01-09,0.41,0.41,0.47,0.48,0.48,0.49,0.52,0.58,0.61,0.62,0.63,0.65,0.71,0.72,0.72,inferred
England,2022-01-10,0.41,0.41,0.47,0.48,0.48,0.49,0.52,0.58,0.61,0.62,0.63,0.65,0.71,0.72,0.72,inferred
England,2022-01-11,1.01,1.01,1.04,1.07,1.08,1.08,1.12,1.14,1.15,1.18,1.20,1.20,1.22,1.22,1.23,inferred
England,2022-01-12,1.01,1.01,1.04,1.07,1.08,1.08,1.12,1.14,1.15,1.18,1.20,1.20,1.22,1.22,1.23,inferred
England,2022-01-13,1.01,1.01,1.04,1.07,1.08,1.08,1.12,1.14,1.15,1.18,1.20,1.20,1.22,1.22,1.23,inferred
England,2022-01-14,1.01,1.01,1.04,1.07,1.08,1.08,1.12,1.14,1.15,1.18,1.20,1.20,1.22,1.22,1.23,inferred
England,2022-01-15,1.01,1.01,1.04,1.07,1.08,1.08,1.12,1.14,1.15,1.18,1.20,1.20,1.22,1.22,1.23,inferred
England,2022-01-16,1.01,1.01,1.04,1.07,1.08,1.08,1.12,1.14,1.15,1.18,1.20,1.20,1.22,1.22,1.23,inferred
England,2022-01-17,1.01,1.01,1.04,1.07,1.08,1.08,1.12,1.14,1.15,1.18,1.20,1.20,1.22,1.22,1.23,inferred
England,2022-01-18,0.88,0.89,0.89,0.90,0.90,0.90,0.91,0.91,0.92,0.92,0.92,0.93,0.93,0.94,0.94,inferred
England,2022-01-19,0.88,0.89,0.89,0.90,0.90,0.90,0.91,0.91,0.92,0.92,0.92,0.93,0.93,0.94,0.94,inferred
England,2022-01-20,0.88,0.89,0.89,0.90,0.90,0.90,0.91,0.91,0.92,0.92,0.92,0.93,0.93,0.94,0.94,inferred
England,2022-01-21,0.88,0.89,0.89,0.90,0.90,0.90,0.91,0.91,0.92,0.92,0.92,0.93,0.93,0.94,0.94,inferred
England,2022-01-22,0.88,0.89,0.89,0.90,0.90,0.90,0.91,0.91,0.92,0.92,0.92,0.93,0.93,0.94,0.94,inferred
England,2022-01-23,0.88,0.89,0.89,0.90,0.90,0.90,0.91,0.91,0.92,0.92,0.92,0.93,0.93,0.94,0.94,inferred
England,2022-01-24,0.88,0.89,0.89,0.90,0.90,0.90,0.91,0.91,0.92,0.92,0.92,0.93,0.93,0.94,0.94,inferred
England,2022-01-25,0.68,0.68,0.68,0.70,0.72,0.72,0.74,0.74,0.75,0.77,0.78,0.79,0.80,0.81,0.81,inferred
England,2022-01-26,0.68,0.68,0.68,0.70,0.72,0.72,0.74,0.74,0.75,0.77,0.78,0.79,0.80,0.81,0.81,inferred
England,2022-01-27,0.68,0.68,0.68,0.70,0.72,0.72,0.74,0.74,0.75,0.77,0.78,0.79,0.80,0.81,0.81,inferred
England,2022-01-28,0.68,0.68,0.68,0.70,0.72,0.72,0.74,0.74,0.75,0.77,0.78,0.79,0.80,0.81,0.81,inferred
England,2022-01-29,0.68,0.68,0.68,0.70,0.72,0.72,0.74,0.74,0.75,0.77,0.78,0.79,0.80,0.81,0.81,inferred
England,2022-01-30,0.68,0.68,0.68,0.70,0.72,0.72,0.74,0.74,0.75,0.77,0.78,0.79,0.80,0.81,0.81,inferred
England,2022-01-31,0.68,0.68,0.68,0.70,0.72,0.72,0.74,0.74,0.75,0.77,0.78,0.79,0.80,0.81,0.81,inferred
England,2022-02-01,0.65,0.66,0.68,0.71,0.72,0.72,0.75,0.78,0.79,0.81,0.82,0.83,0.85,0.86,0.87,inferred
England,2022-02-02,0.65,0.66,0.68,0.71,0.72,0.72,0.75,0.78,0.79,0.81,0.82,0.83,0.85,0.86,0.87,inferred
England,2022-02-03,0.65,0.66,0.68,0.71,0.72,0.72,0.75,0.78,0.79,0.81,0.82,0.83,0.85,0.86,0.87,inferred
England,2022-02-04,0.65,0.66,0.68,0.71,0.72,0.72,0.75,0.78,0.79,0.81,0.82,0.83,0.85,0.86,0.87,inferred
England,2022-02-05,0.65,0.66,0.68,0.71,0.72,0.72,0.75,0.78,0.79,0.81,0.82,0.83,0.85,0.86,0.87,inferred
England,2022-02-06,0.65,0.66,0.68,0.71,0.72,0.72,0.75,0.78,0.79,0.81,0.82,0.83,0.85,0.86,0.87,inferred
England,2022-02-07,0.65,0.66,0.68,0.71,0.72,0.72,0.75,0.78,0.79,0.81,0.82,0.83,0.85,0.86,0.87,inferred
England,2022-02-08,0.70,0.72,0.74,0.77,0.78,0.79,0.81,0.84,0.86,0.87,0.88,0.89,0.91,0.93,0.95,projected
England,2022-02-09,0.70,0.72,0.74,0.77,0.78,0.79,0.81,0.84,0.86,0.87,0.88,0.89,0.91,0.93,0.95,projected
England,2022-02-10,0.70,0.72,0.74,0.77,0.78,0.79,0.81,0.84,0.86,0.87,0.88,0.89,0.91,0.93,0.95,projected
England,2022-02-11,0.70,0.72,0.74,0.77,0.78,0.79,0.81,0.84,0.86,0.87,0.88,0.89,0.91,0.93,0.95,projected
England,2022-02-12,0.70,0.72,0.74,0.77,0.78,0.79,0.81,0.84,0.86,0.87,0.88,0.89,0.91,0.93,0.95,projected
England,2022-02-13,0.70,0.72,0.74,0.77,0.78,0.79,0.81,0.84,0.86,0.87,0.88,0.89,0.91,0.93,0.95,projected
England,2022-02-14,0.70,0.72,0.74,0.77,0.78,0.79,0.81,0.84,0.86,0.87,0.88,0.89,0.91,0.93,0.95,projected
England,2022-02-15,0.77,0.80,0.82,0.86,0.87,0.89,0.91,0.94,0.96,0.98,0.99,1.00,1.04,1.07,1.09,projected
England,2022-02-16,0.77,0.80,0.82,0.86,0.87,0.89,0.91,0.94,0.96,0.98,0.99,1.00,1.04,1.07,1.09,projected
England,2022-02-17,0.77,0.80,0.82,0.86,0.87,0.89,0.91,0.94,0.96,0.98,0.99,1.00,1.04,1.07,1.09,projected
England,2022-02-18,0.77,0.80,0.82,0.86,0.87,0.89,0.91,0.94,0.96,0.98,0.99,1.00,1.04,1.07,1.09,projected
England,2022-02-19,0.77,0.80,0.82,0.86,0.87,0.89,0.91,0.94,0.96,0.98,0.99,1.00,1.04,1.07,1.09,projected
England,2022-02-20,0.77,0.80,0.82,0.86,0.87,0.89,0.91,0.94,0.96,0.98,0.99,1.00,1.04,1.07,1.09,projected
England,2022-02-21,0.77,0.80,0.82,0.86,0.87,0.89,0.91,0.94,0.96,0.98,0.99,1.00,1.04,1.07,1.09,projected
England,2022-02-22,0.89,0.91,0.94,0.99,1.01,1.02,1.05,1.08,1.11,1.14,1.16,1.17,1.25,1.32,1.42,projected
England,2022-02-23,0.89,0.91,0.94,0.99,1.01,1.02,1.05,1.08,1.11,1.14,1.16,1.17,1.25,1.32,1.42,projected
England,2022-02-24,0.89,0.91,0.94,0.99,1.01,1.02,1.05,1.08,1.11,1.14,1.16,1.17,1.25,1.32,1.42,projected
England,2022-02-25,0.89,0.91,0.94,0.99,1.01,1.02,1.05,1.08,1.11,1.14,1.16,1.17,1.25,1.32,1.42,projected
England,2022-02-26,0.89,0.91,0.94,0.99,1.01,1.02,1.05,1.08,1.11,1.14,1.16,1.17,1.25,1.32,1.42,projected
England,2022-02-27,0.89,0.91,0.94,0.99,1.01,1.02,1.05,1.08,1.11,1.14,1.16,1.17,1.25,1.32,1.42,projected
England,2022-02-28,0.89,0.91,0.94,0.99,1.01,1.02,1.05,1.08,1.11,1.14,1.16,1.17,1.25,1.32,1.42,projected
