area,Date,Rt_025,Rt_05,Rt_10,Rt_20,Rt_25,Rt_30,Rt_40,Rt_50,Rt_60,Rt_70,Rt_75,Rt_80,Rt_90,Rt_95,Rt_975,provenance
"North East and Yorkshire",2021-04-19,0.88,0.89,0.90,0.92,0.93,0.93,0.94,0.95,0.96,0.97,0.97,0.98,0.99,1.00,1.01,inferred
"North East and Yorkshire",2021-04-20,0.88,0.89,0.90,0.92,0.93,0.93,0.94,0.95,0.96,0.97,0.97,0.98,0.99,1.00,1.01,inferred
"North East and Yorkshire",2021-04-21,0.88,0.89,0.90,0.92,0.93,0.93,0.94,0.95,0.96,0.97,0.97,0.98,0.99,1.00,1.01,inferred
"North East and Yorkshire",2021-04-22,0.88,0.89,0.90,0.92,0.93,0.93,0.94,0.95,0.96,0.97,0.97,0.98,0.99,1.00,1.01,inferred
"North East and Yorkshire",2021-04-23,0.88,0.89,0.90,0.92,0.93,0.93,0.94,0.95,0.96,0.97,0.97,0.98,0.99,1.00,1.01,inferred
"North East and Yorkshire",2021-04-24,0.88,0.89,0.90,0.92,0.93,0.93,0.94,0.95,0.96,0.97,0.97,0.98,0.99,1.00,1.01,inferred
"North East and Yorkshire",2021-04-25,0.88,0.89,0.90,0.92,0.93,0.93,0.94,0.95,0.96,0.97,0.97,0.98,0.99,1.00,1.01,inferred
"North East and Yorkshire",2021-04-26,0.87,0.88,0.90,0.92,0.92,0.93,0.94,0.95,0.96,0.97,0.98,0.98,1.00,1.01,1.03,inferred
"North East and Yorkshire",2021-04-27,0.87,0.88,0.90,0.92,0.92,0.93,0.94,0.95,0.96,0.97,0.98,0.98,1.00,1.01,1.03,inferred
"North East and Yorkshire",2021-04-28,0.87,0.88,0.90,0.92,0.92,0.93,0.94,0.95,0.96,0.97,0.98,0.98,1.00,1.01,1.03,inferred
"North East and Yorkshire",2021-04-29,0.87,0.88,0.90,0.92,0.92,0.93,0.94,0.95,0.96,0.97,0.98,0.98,1.00,1.01,1.03,inferred
"North East and Yorkshire",2021-04-30,0.87,0.88,0.90,0.92,0.92,0.93,0.94,0.95,0.96,0.97,0.98,0.98,1.00,1.01,1.03,inferred
"North East and Yorkshire",2021-05-01,0.87,0.88,0.90,0.92,0.92,0.93,0.94,0.95,0.96,0.97,0.98,0.98,1.00,1.01,1.03,inferred
"North East and Yorkshire",2021-05-02,0.87,0.88,0.90,0.92,0.92,0.93,0.94,0.95,0.96,0.97,0.98,0.98,1.00,1.01,1.03,inferred
"North East and Yorkshire",2021-05-03,0.83,0.85,0.86,0.88,0.88,0.89,0.90,0.91,0.92,0.93,0.94,0.94,0.96,0.98,0.99,inferred
"North East and Yorkshire",2021-05-04,0.83,0.85,0.86,0.88,0.88,0.89,0.90,0.91,0.92,0.93,0.94,0.94,0.96,0.98,0.99,inferred
"North East and Yorkshire",2021-05-05,0.83,0.85,0.86,0.88,0.88,0.89,0.90,0.91,0.92,0.93,0.94,0.94,0.96,0.98,0.99,inferred
"North East and Yorkshire",2021-05-06,0.83,0.85,0.86,0.88,0.88,0.89,0.90,0.91,0.92,0.93,0.94,0.94,0.96,0.98,0.99,inferred
"North East and Yorkshire",2021-05-07,0.83,0.85,0.86,0.88,0.88,0.89,0.90,0.91,0.92,0.93,0.94,0.94,0.96,0.98,0.99,inferred
"North East and Yorkshire",2021-05-08,0.83,0.85,0.86,0.88,0.88,0.89,0.90,0.91,0.92,0.93,0.94,0.94,0.96,0.98,0.99,inferred
"North East and Yorkshire",2021-05-09,0.83,0.85,0.86,0.88,0.88,0.89,0.90,0.91,0.92,0.93,0.94,0.94,0.96,0.98,0.99,inferred
"North East and Yorkshire",2021-05-10,0.96,0.97,0.98,1.00,1.01,1.01,1.02,1.03,1.05,1.06,1.06,1.07,1.09,1.10,1.12,inferred
"North East and Yorkshire",2021-05-11,0.96,0.97,0.98,1.00,1.01,1.01,1.02,1.03,1.05,1.06,1.06,1.07,1.09,1.10,1.12,inferred
"North East and Yorkshire",2021-05-12,0.96,0.97,0.98,1.00,1.01,1.01,1.02,1.03,1.05,1.06,1.06,1.07,1.09,1.10,1.12,inferred
"North East and Yorkshire",2021-05-13,0.96,0.97,0.98,1.00,1.01,1.01,1.02,1.03,1.05,1.06,1.06,1.07,1.09,1.10,1.12,inferred
"North East and Yorkshire",2021-05-14,0.96,0.97,0.98,1.00,1.01,1.01,1.02,1.03,1.05,1.06,1.06,1.07,1.09,1.10,1.12,inferred
"North East and Yorkshire",2021-05-15,0.96,0.97,0.98,1.00,1.01,1.01,1.02,1.03,1.05,1.06,1.06,1.07,1.09,1.10,1.12,inferred
"North East and Yorkshire",2021-05-16,0.96,0.97,0.98,1.00,1.01,1.01,1.02,1.03,1.05,1.06,1.06,1.07,1.09,1.10,1.12,inferred
"North East and Yorkshire",2021-05-17,0.97,0.99,1.00,1.02,1.03,1.03,1.05,1.06,1.07,1.08,1.09,1.09,1.11,1.13,1.15,inferred
"North East and Yorkshire",2021-05-18,0.97,0.99,1.00,1.02,1.03,1.03,1.05,1.06,1.07,1.08,1.09,1.09,1.11,1.13,1.15,inferred
"North East and Yorkshire",2021-05-19,0.97,0.99,1.00,1.02,1.03,1.03,1.05,1.06,1.07,1.08,1.09,1.09,1.11,1.13,1.15,inferred
"North East and Yorkshire",2021-05-20,0.97,0.99,1.00,1.02,1.03,1.03,1.05,1.06,1.07,1.08,1.09,1.09,1.11,1.13,1.15,inferred
"North East and Yorkshire",2021-05-21,0.97,0.99,1.00,1.02,1.03,1.03,1.05,1.06,1.07,1.08,1.09,1.09,1.11,1.13,1.15,inferred
"North East and Yorkshire",2021-05-22,0.97,0.99,1.00,1.02,1.03,1.03,1.05,1.06,1.07,1.08,1.09,1.09,1.11,1.13,1.15,inferred
"North East and Yorkshire",2021-05-23,0.97,0.99,1.00,1.02,1.03,1.03,1.05,1.06,1.07,1.08,1.09,1.09,1.11,1.13,1.15,inferred
"North East and Yorkshire",2021-05-24,1.33,1.35,1.37,1.39,1.40,1.41,1.43,1.45,1.46,1.48,1.49,1.51,1.54,1.56,1.60,inferred
"North East and Yorkshire",2021-05-25,1.33,1.35,1.37,1.39,1.40,1.41,1.43,1.45,1.46,1.48,1.49,1.51,1.54,1.56,1.60,inferred
"North East and Yorkshire",2021-05-26,1.33,1.35,1.37,1.39,1.40,1.41,1.43,1.45,1.46,1.48,1.49,1.51,1.54,1.56,1.60,inferred
"North East and Yorkshire",2021-05-27,1.33,1.35,1.37,1.39,1.40,1.41,1.43,1.45,1.46,1.48,1.49,1.51,1.54,1.56,1.60,inferred
"North East and Yorkshire",2021-05-28,1.33,1.35,1.37,1.39,1.40,1.41,1.43,1.45,1.46,1.48,1.49,1.51,1.54,1.56,1.60,inferred
"North East and Yorkshire",2021-05-29,1.33,1.35,1.37,1.39,1.40,1.41,1.43,1.45,1.46,1.48,1.49,1.51,1.54,1.56,1.60,inferred
"North East and Yorkshire",2021-05-30,1.33,1.35,1.37,1.39,1.40,1.41,1.43,1.45,1.46,1.48,1.49,1.51,1.54,1.56,1.60,inferred
"North East and Yorkshire",2021-05-31,1.40,1.41,1.44,1.49,1.53,1.57,1.62,1.67,1.70,1.74,1.76,1.79,1.88,1.97,2.01,inferred
"North East and Yorkshire",2021-06-01,1.40,1.41,1.44,1.49,1.53,1.57,1.62,1.67,1.70,1.74,1.76,1.79,1.88,1.97,2.01,inferred
"North East and Yorkshire",2021-06-02,1.40,1.41,1.44,1.49,1.53,1.57,1.62,1.67,1.70,1.74,1.76,1.79,1.88,1.97,2.01,inferred
"North East and Yorkshire",2021-06-03,1.40,1.41,1.44,1.49,1.53,1.57,1.62,1.67,1.70,1.74,1.76,1.79,1.88,1.97,2.01,inferred
"North East and Yorkshire",2021-06-04,1.40,1.41,1.44,1.49,1.53,1.57,1.62,1.67,1.70,1.74,1.76,1.79,1.88,1.97,2.01,inferred
"North East and Yorkshire",2021-06-05,1.40,1.41,1.44,1.49,1.53,1.57,1.62,1.67,1.70,1.74,1.76,1.79,1.88,1.97,2.01,inferred
"North East and Yorkshire",2021-06-06,1.40,1.41,1.44,1.49,1.53,1.57,1.62,1.67,1.70,1.74,1.76,1.79,1.88,1.97,2.01,inferred
"North East and Yorkshire",2021-06-07,1.30,1.31,1.33,1.37,1.41,1.43,1.48,1.51,1.54,1.58,1.60,1.63,1.73,1.81,1.84,inferred
"North East and Yorkshire",2021-06-08,1.30,1.31,1.33,1.37,1.41,1.43,1.48,1.51,1.54,1.58,1.60,1.63,1.73,1.81,1.84,inferred
"North East and Yorkshire",2021-06-09,1.30,1.31,1.33,1.37,1.41,1.43,1.48,1.51,1.54,1.58,1.60,1.63,1.73,1.81,1.84,inferred
"North East and Yorkshire",2021-06-10,1.30,1.31,1.33,1.37,1.41,1.43,1.48,1.51,1.54,1.58,1.60,1.63,1.73,1.81,1.84,inferred
"North East and Yorkshire",2021-06-11,1.30,1.31,1.33,1.37,1.41,1.43,1.48,1.51,1.54,1.58,1.60,1.63,1.73,1.81,1.84,inferred
"North East and Yorkshire",2021-06-12,1.30,1.31,1.33,1.37,1.41,1.43,1.48,1.51,1.54,1.58,1.60,1.63,1.73,1.81,1.84,inferred
"North East and Yorkshire",2021-06-13,1.30,1.31,1.33,1.37,1.41,1.43,1.48,1.51,1.54,1.58,1.60,1.63,1.73,1.81,1.84,inferred
"North East and Yorkshire",2021-06-14,1.54,1.56,1.58,1.62,1.66,1.70,1.77,1.81,1.83,1.89,1.93,1.96,2.06,2.14,2.17,inferred
"North East and Yorkshire",2021-06-15,1.54,1.56,1.58,1.62,1.66,1.70,1.77,1.81,1.83,1.89,1.93,1.96,2.06,2.14,2.17,inferred
"North East and Yorkshire",2021-06-16,1.54,1.56,1.58,1.62,1.66,1.70,1.77,1.81,1.83,1.89,1.93,1.96,2.06,2.14,2.17,inferred
"North East and Yorkshire",2021-06-17,1.54,1.56,1.58,1.62,1.66,1.70,1.77,1.81,1.83,1.89,1.93,1.96,2.06,2.14,2.17,inferred
"North East and Yorkshire",2021-06-18,1.54,1.56,1.58,1.62,1.66,1.70,1.77,1.81,1.83,1.89,1.93,1.96,2.06,2.14,2.17,inferred
"North East and Yorkshire",2021-06-19,1.54,1.56,1.58,1.62,1.66,1.70,1.77,1.81,1.83,1.89,1.93,1.96,2.06,2.14,2.17,inferred
"North East and Yorkshire",2021-06-20,1.54,1.56,1.58,1.62,1.66,1.70,1.77,1.81,1.83,1.89,1.93,1.96,2.06,2.14,2.17,inferred
"North East and Yorkshire",2021-06-21,1.45,1.45,1.47,1.54,1.58,1.62,1.70,1.75,1.77,1.82,1.87,1.89,2.00,2.15,2.17,inferred
"North East and Yorkshire",2021-06-22,1.45,1.45,1.47,1.54,1.58,1.62,1.70,1.75,1.77,1.82,1.87,1.89,2.00,2.15,2.17,inferred
"North East and Yorkshire",2021-06-23,1.45,1.45,1.47,1.54,1.58,1.62,1.70,1.75,1.77,1.82,1.87,1.89,2.00,2.15,2.17,inferred
"North East and Yorkshire",2021-06-24,1.45,1.45,1.47,1.54,1.58,1.62,1.70,1.75,1.77,1.82,1.87,1.89,2.00,2.15,2.17,inferred
"North East and Yorkshire",2021-06-25,1.45,1.45,1.47,1.54,1.58,1.62,1.70,1.75,1.77,1.82,1.87,1.89,2.00,2.15,2.17,inferred
"North East and Yorkshire",2021-06-26,1.45,1.45,1.47,1.54,1.58,1.62,1.70,1.75,1.77,1.82,1.87,1.89,2.00,2.15,2.17,inferred
"North East and Yorkshire",2021-06-27,1.45,1.45,1.47,1.54,1.58,1.62,1.70,1.75,1.77,1.82,1.87,1.89,2.00,2.15,2.17,inferred
"North East and Yorkshire",2021-06-28,1.17,1.18,1.19,1.23,1.27,1.28,1.32,1.36,1.38,1.41,1.43,1.44,1.50,1.62,1.63,inferred
"North East and Yorkshire",2021-06-29,1.17,1.18,1.19,1.23,1.27,1.28,1.32,1.36,1.38,1.41,1.43,1.44,1.50,1.62,1.63,inferred
"North East and Yorkshire",2021-06-30,1.17,1.18,1.19,1.23,1.27,1.28,1.32,1.36,1.38,1.41,1.43,1.44,1.50,1.62,1.63,inferred
"North East and Yorkshire",2021-07-01,1.17,1.18,1.19,1.23,1.27,1.28,1.32,1.36,1.38,1.41,1.43,1.44,1.50,1.62,1.63,inferred
"North East and Yorkshire",2021-07-02,1.17,1.18,1.19,1.23,1.27,1.28,1.32,1.36,1.38,1.41,1.43,1.44,1.50,1.62,1.63,inferred
"North East and Yorkshire",2021-07-03,1.17,1.18,1.19,1.23,1.27,1.28,1.32,1.36,1.38,1.41,1.43,1.44,1.50,1.62,1.63,inferred
"North East and Yorkshire",2021-07-04,1.17,1.18,1.19,1.23,1.27,1.28,1.32,1.36,1.38,1.41,1.43,1.44,1.50,1.62,1.63,inferred
"North East and Yorkshire",2021-07-05,1.30,1.31,1.31,1.35,1.36,1.38,1.42,1.44,1.46,1.48,1.50,1.52,1.56,1.62,1.63,inferred
"North East and Yorkshire",2021-07-06,1.30,1.31,1.31,1.35,1.36,1.38,1.42,1.44,1.46,1.48,1.50,1.52,1.56,1.62,1.63,inferred
"North East and Yorkshire",2021-07-07,1.30,1.31,1.31,1.35,1.36,1.38,1.42,1.44,1.46,1.48,1.50,1.52,1.56,1.62,1.63,inferred
"North East and Yorkshire",2021-07-08,1.30,1.31,1.31,1.35,1.36,1.38,1.42,1.44,1.46,1.48,1.50,1.52,1.56,1.62,1.63,inferred
"North East and Yorkshire",2021-07-09,1.30,1.31,1.31,1.35,1.36,1.38,1.42,1.44,1.46,1.48,1.50,1.52,1.56,1.62,1.63,inferred
"North East and Yorkshire",2021-07-10,1.30,1.31,1.31,1.35,1.36,1.38,1.42,1.44,1.46,1.48,1.50,1.52,1.56,1.62,1.63,inferred
"North East and Yorkshire",2021-07-11,1.30,1.31,1.31,1.35,1.36,1.38,1.42,1.44,1.46,1.48,1.50,1.52,1.56,1.62,1.63,inferred
"North East and Yorkshire",2021-07-12,0.48,0.49,0.49,0.50,0.50,0.51,0.52,0.53,0.54,0.54,0.54,0.55,0.55,0.56,0.56,inferred
"North East and Yorkshire",2021-07-13,0.48,0.49,0.49,0.50,0.50,0.51,0.52,0.53,0.54,0.54,0.54,0.55,0.55,0.56,0.56,inferred
"North East and Yorkshire",2021-07-14,0.48,0.49,0.49,0.50,0.50,0.51,0.52,0.53,0.54,0.54,0.54,0.55,0.55,0.56,0.56,inferred
"North East and Yorkshire",2021-07-15,0.48,0.49,0.49,0.50,0.50,0.51,0.52,0.53,0.54,0.54,0.54,0.55,0.55,0.56,0.56,inferred
"North East and Yorkshire",2021-07-16,0.48,0.49,0.49,0.50,0.50,0.51,0.52,0.53,0.54,0.54,0.54,0.55,0.55,0.56,0.56,inferred
"North East and Yorkshire",2021-07-17,0.48,0.49,0.49,0.50,0.50,0.51,0.52,0.53,0.54,0.54,0.54,0.55,0.55,0.56,0.56,inferred
"North East and Yorkshire",2021-07-18,0.48,0.49,0.49,0.50,0.50,0.51,0.52,0.53,0.54,0.54,0.54,0.55,0.55,0.56,0.56,inferred
"North East and Yorkshire",2021-07-19,0.56,0.57,0.62,0.65,0.65,0.66,0.66,0.67,0.71,0.74,0.75,0.78,0.85,0.86,0.87,inferred
"North East and Yorkshire",2021-07-20,0.56,0.57,0.62,0.65,0.65,0.66,0.66,0.67,0.71,0.74,0.75,0.78,0.85,0.86,0.87,inferred
"North East and Yorkshire",2021-07-21,0.56,0.57,0.62,0.65,0.65,0.66,0.66,0.67,0.71,0.74,0.75,0.78,0.85,0.86,0.87,inferred
"North East and Yorkshire",2021-07-22,0.56,0.57,0.62,0.65,0.65,0.66,0.66,0.67,0.71,0.74,0.75,0.78,0.85,0.86,0.87,inferred
"North East and Yorkshire",2021-07-23,0.56,0.57,0.62,0.65,0.65,0.66,0.66,0.67,0.71,0.74,0.75,0.78,0.85,0.86,0.87,inferred
"North East and Yorkshire",2021-07-24,0.56,0.57,0.62,0.65,0.65,0.66,0.66,0.67,0.71,0.74,0.75,0.78,0.85,0.86,0.87,inferred
"North East and Yorkshire",2021-07-25,0.56,0.57,0.62,0.65,0.65,0.66,0.66,0.67,0.71,0.74,0.75,0.78,0.85,0.86,0.87,inferred
"North East and Yorkshire",2021-07-26,0.78,0.80,0.83,0.86,0.87,0.89,0.90,0.92,0.94,0.96,0.97,0.98,1.01,1.04,1.05,inferred
"North East and Yorkshire",2021-07-27,0.78,0.80,0.83,0.86,0.87,0.89,0.90,0.92,0.94,0.96,0.97,0.98,1.01,1.04,1.05,inferred
"North East and Yorkshire",2021-07-28,0.78,0.80,0.83,0.86,0.87,0.89,0.90,0.92,0.94,0.96,0.97,0.98,1.01,1.04,1.05,inferred
"North East and Yorkshire",2021-07-29,0.78,0.80,0.83,0.86,0.87,0.89,0.90,0.92,0.94,0.96,0.97,0.98,1.01,1.04,1.05,inferred
"North East and Yorkshire",2021-07-30,0.78,0.80,0.83,0.86,0.87,0.89,0.90,0.92,0.94,0.96,0.97,0.98,1.01,1.04,1.05,inferred
"North East and Yorkshire",2021-07-31,0.78,0.80,0.83,0.86,0.87,0.89,0.90,0.92,0.94,0.96,0.97,0.98,1.01,1.04,1.05,inferred
"North East and Yorkshire",2021-08-01,0.78,0.80,0.83,0.86,0.87,0.89,0.90,0.92,0.94,0.96,0.97,0.98,1.01,1.04,1.05,inferred
"North East and Yorkshire",2021-08-02,0.77,0.80,0.85,0.92,0.95,0.97,1.01,1.05,1.09,1.13,1.16,1.18,1.27,1.35,1.41,projected
"North East and Yorkshire",2021-08-03,0.77,0.80,0.85,0.92,0.95,0.97,1.01,1.05,1.09,1.13,1.16,1.18,1.27,1.35,1.41,projected
"North East and Yorkshire",2021-08-04,0.77,0.80,0.85,0.92,0.95,0.97,1.01,1.05,1.09,1.13,1.16,1.18,1.27,1.35,1.41,projected
"North East and Yorkshire",2021-08-05,0.77,0.80,0.85,0.92,0.95,0.97,1.01,1.05,1.09,1.13,1.16,1.18,1.27,1.35,1.41,projected
"North East and Yorkshire",2021-08-06,0.77,0.80,0.85,0.92,0.95,0.97,1.01,1.05,1.09,1.13,1.16,1.18,1.27,1.35,1.41,projected
"North East and Yorkshire",2021-08-07,0.77,0.80,0.85,0.92,0.95,0.97,1.01,1.05,1.09,1.13,1.16,1.18,1.27,1.35,1.41,projected
"North East and Yorkshire",2021-08-08,0.77,0.80,0.85,0.92,0.95,0.97,1.01,1.05,1.09,1.13,1.16,1.18,1.27,1.35,1.41,projected
"North East and Yorkshire",2021-08-09,0.81,0.86,0.92,1.04,1.08,1.11,1.18,1.26,1.32,1.41,1.46,1.52,1.69,1.85,2.07,projected
"North East and Yorkshire",2021-08-10,0.81,0.86,0.92,1.04,1.08,1.11,1.18,1.26,1.32,1.41,1.46,1.52,1.69,1.85,2.07,projected
"North East and Yorkshire",2021-08-11,0.81,0.86,0.92,1.04,1.08,1.11,1.18,1.26,1.32,1.41,1.46,1.52,1.69,1.85,2.07,projected
"North East and Yorkshire",2021-08-12,0.81,0.86,0.92,1.04,1.08,1.11,1.18,1.26,1.32,1.41,1.46,1.52,1.69,1.85,2.07,projected
"North East and Yorkshire",2021-08-13,0.81,0.86,0.92,1.04,1.08,1.11,1.18,1.26,1.32,1.41,1.46,1.52,1.69,1.85,2.07,projected
"North East and Yorkshire",2021-08-14,0.81,0.86,0.92,1.04,1.08,1.11,1.18,1.26,1.32,1.41,1.46,1.52,1.69,1.85,2.07,projected
"North East and Yorkshire",2021-08-15,0.81,0.86,0.92,1.04,1.08,1.11,1.18,1.26,1.32,1.41,1.46,1.52,1.69,1.85,2.07,projected
"North East and Yorkshire",2021-08-16,0.88,0.96,1.06,1.19,1.25,1.29,1.40,1.52,1.64,1.79,1.87,1.97,2.37,2.77,3.37,projected
"North East and Yorkshire",2021-08-17,0.88,0.96,1.06,1.19,1.25,1.29,1.40,1.52,1.64,1.79,1.87,1.97,2.37,2.77,3.37,projected
"North East and Yorkshire",2021-08-18,0.88,0.96,1.06,1.19,1.25,1.29,1.40,1.52,1.64,1.79,1.87,1.97,2.37,2.77,3.37,projected
"North East and Yorkshire",2021-08-19,0.88,0.96,1.06,1.19,1.25,1.29,1.40,1.52,1.64,1.79,1.87,1.97,2.37,2.77,3.37,projected
"North East and Yorkshire",2021-08-20,0.88,0.96,1.06,1.19,1.25,1.29,1.40,1.52,1.64,1.79,1.87,1.97,2.37,2.77,3.37,projected
"North East and Yorkshire",2021-08-21,0.88,0.96,1.06,1.19,1.25,1.29,1.40,1.52,1.64,1.79,1.87,1.97,2.37,2.77,3.37,projected
"North East and Yorkshire",2021-08-22,0.88,0.96,1.06,1.19,1.25,1.29,1.40,1.52,1.64,1.79,1.87,1.97,2.37,2.77,3.37,projected
"North West",2021-04-19,0.96,0.97,0.99,1.01,1.02,1.03,1.04,1.05,1.07,1.08,1.08,1.09,1.11,1.13,1.14,inferred
"North West",2021-04-20,0.96,0.97,0.99,1.01,1.02,1.03,1.04,1.05,1.07,1.08,1.08,1.09,1.11,1.13,1.14,inferred
"North West",2021-04-21,0.96,0.97,0.99,1.01,1.02,1.03,1.04,1.05,1.07,1.08,1.08,1.09,1.11,1.13,1.14,inferred
"North West",2021-04-22,0.96,0.97,0.99,1.01,1.02,1.03,1.04,1.05,1.07,1.08,1.08,1.09,1.11,1.13,1.14,inferred
"North West",2021-04-23,0.96,0.97,0.99,1.01,1.02,1.03,1.04,1.05,1.07,1.08,1.08,1.09,1.11,1.13,1.14,inferred
"North West",2021-04-24,0.96,0.97,0.99,1.01,1.02,1.03,1.04,1.05,1.07,1.08,1.08,1.09,1.11,1.13,1.14,inferred
"North West",2021-04-25,0.96,0.97,0.99,1.01,1.02,1.03,1.04,1.05,1.07,1.08,1.08,1.09,1.11,1.13,1.14,inferred
"North West",2021-04-26,1.12,1.14,1.16,1.18,1.19,1.20,1.21,1.23,1.24,1.26,1.27,1.28,1.31,1.33,1.35,inferred
"North West",2021-04-27,1.12,1.14,1.16,1.18,1.19,1.20,1.21,1.23,1.24,1.26,1.27,1.28,1.31,1.33,1.35,inferred
"North West",2021-04-28,1.12,1.14,1.16,1.18,1.19,1.20,1.21,1.23,1.24,1.26,1.27,1.28,1.31,1.33,1.35,inferred
"North West",2021-04-29,1.12,1.14,1.16,1.18,1.19,1.20,1.21,1.23,1.24,1.26,1.27,1.28,1.31,1.33,1.35,inferred
"North West",2021-04-30,1.12,1.14,1.16,1.18,1.19,1.20,1.21,1.23,1.24,1.26,1.27,1.28,1.31,1.33,1.35,inferred
"North West",2021-05-01,1.12,1.14,1.16,1.18,1.19,1.20,1.21,1.23,1.24,1.26,1.27,1.28,1.31,1.33,1.35,inferred
"North West",2021-05-02,1.12,1.14,1.16,1.18,1.19,1.20,1.21,1.23,1.24,1.26,1.27,1.28,1.31,1.33,1.35,inferred
"North West",2021-05-03,1.14,1.16,1.18,1.21,1.22,1.23,1.25,1.27,1.30,1.32,1.33,1.35,1.39,1.42,1.44,inferred
"North West",2021-05-04,1.14,1.16,1.18,1.21,1.22,1.23,1.25,1.27,1.30,1.32,1.33,1.35,1.39,1.42,1.44,inferred
"North West",2021-05-05,1.14,1.16,1.18,1.21,1.22,1.23,1.25,1.27,1.30,1.32,1.33,1.35,1.39,1.42,1.44,inferred
"North West",2021-05-06,1.14,1.16,1.18,1.21,1.22,1.23,1.25,1.27,1.30,1.32,1.33,1.35,1.39,1.42,1.44,inferred
"North West",2021-05-07,1.14,1.16,1.18,1.21,1.22,1.23,1.25,1.27,1.30,1.32,1.33,1.35,1.39,1.42,1.44,inferred
"North West",2021-05-08,1.14,1.16,1.18,1.21,1.22,1.23,1.25,1.27,1.30,1.32,1.33,1.35,1.39,1.42,1.44,inferred
"North West",2021-05-09,1.14,1.16,1.18,1.21,1.22,1.23,1.25,1.27,1.30,1.32,1.33,1.35,1.39,1.42,1.44,inferred
"North West",2021-05-10,1.18,1.20,1.23,1.26,1.27,1.29,1.31,1.34,1.36,1.39,1.40,1.42,1.46,1.50,1.54,inferred
"North West",2021-05-11,1.18,1.20,1.23,1.26,1.27,1.29,1.31,1.34,1.36,1.39,1.40,1.42,1.46,1.50,1.54,inferred
"North West",2021-05-12,1.18,1.20,1.23,1.26,1.27,1.29,1.31,1.34,1.36,1.39,1.40,1.42,1.46,1.50,1.54,inferred
"North West",2021-05-13,1.18,1.20,1.23,1.26,1.27,1.29,1.31,1.34,1.36,1.39,1.40,1.42,1.46,1.50,1.54,inferred
"North West",2021-05-14,1.18,1.20,1.23,1.26,1.27,1.29,1.31,1.34,1.36,1.39,1.40,1.42,1.46,1.50,1.54,inferred
"North West",2021-05-15,1.18,1.20,1.23,1.26,1.27,1.29,1.31,1.34,1.36,1.39,1.40,1.42,1.46,1.50,1.54,inferred
"North West",2021-05-16,1.18,1.20,1.23,1.26,1.27,1.29,1.31,1.34,1.36,1.39,1.40,1.42,1.46,1.50,1.54,inferred
"North West",2021-05-17,1.35,1.36,1.38,1.43,1.45,1.47,1.51,1.55,1.57,1.61,1.63,1.66,1.73,1.78,1.81,inferred
"North West",2021-05-18,1.35,1.36,1.38,1.43,1.45,1.47,1.51,1.55,1.57,1.61,1.63,1.66,1.73,1.78,1.81,inferred
"North West",2021-05-19,1.35,1.36,1.38,1.43,1.45,1.47,1.51,1.55,1.57,1.61,1.63,1.66,1.73,1.78,1.81,inferred
"North West",2021-05-20,1.35,1.36,1.38,1.43,1.45,1.47,1.51,1.55,1.57,1.61,1.63,1.66,1.73,1.78,1.81,inferred
"North West",2021-05-21,1.35,1.36,1.38,1.43,1.45,1.47,1.51,1.55,1.57,1.61,1.63,1.66,1.73,1.78,1.81,inferred
"North West",2021-05-22,1.35,1.36,1.38,1.43,1.45,1.47,1.51,1.55,1.57,1.61,1.63,1.66,1.73,1.78,1.81,inferred
"North West",2021-05-23,1.35,1.36,1.38,1.43,1.45,1.47,1.51,1.55,1.57,1.61,1.63,1.66,1.73,1.78,1.81,inferred
"North West",2021-05-24,1.49,1.50,1.53,1.58,1.61,1.65,1.71,1.75,1.78,1.83,1.86,1.89,1.98,2.07,2.10,inferred
"North West",2021-05-25,1.49,1.50,1.53,1.58,1.61,1.65,1.71,1.75,1.78,1.83,1.86,1.89,1.98,2.07,2.10,inferred
"North West",2021-05-26,1.49,1.50,1.53,1.58,1.61,1.65,1.71,1.75,1.78,1.83,1.86,1.89,1.98,2.07,2.10,inferred
"North West",2021-05-27,1.49,1.50,1.53,1.58,1.61,1.65,1.71,1.75,1.78,1.83,1.86,1.89,1.98,2.07,2.10,inferred
"North West",2021-05-28,1.49,1.50,1.53,1.58,1.61,1.65,1.71,1.75,1.78,1.83,1.86,1.89,1.98,2.07,2.10,inferred
"North West",2021-05-29,1.49,1.50,1.53,1.58,1.61,1.65,1.71,1.75,1.78,1.83,1.86,1.89,1.98,2.07,2.10,inferred
"North West",2021-05-30,1.49,1.50,1.53,1.58,1.61,1.65,1.71,1.75,1.78,1.83,1.86,1.89,1.98,2.07,2.10,inferred
"North West",2021-05-31,1.15,1.16,1.18,1.22,1.26,1.27,1.32,1.36,1.38,1.41,1.42,1.44,1.54,1.62,1.64,inferred
"North West",2021-06-01,1.15,1.16,1.18,1.22,1.26,1.27,1.32,1.36,1.38,1.41,1.42,1.44,1.54,1.62,1.64,inferred
"North West",2021-06-02,1.15,1.16,1.18,1.22,1.26,1.27,1.32,1.36,1.38,1.41,1.42,1.44,1.54,1.62,1.64,inferred
"North West",2021-06-03,1.15,1.16,1.18,1.22,1.26,1.27,1.32,1.36,1.38,1.41,1.42,1.44,1.54,1.62,1.64,inferred
"North West",2021-06-04,1.15,1.16,1.18,1.22,1.26,1.27,1.32,1.36,1.38,1.41,1.42,1.44,1.54,1.62,1.64,inferred
"North West",2021-06-05,1.15,1.16,1.18,1.22,1.26,1.27,1.32,1.36,1.38,1.41,1.42,1.44,1.54,1.62,1.64,inferred
"North West",2021-06-06,1.15,1.16,1.18,1.22,1.26,1.27,1.32,1.36,1.38,1.41,1.42,1.44,1.54,1.62,1.64,inferred
"North West",2021-06-07,1.09,1.10,1.11,1.13,1.14,1.15,1.17,1.19,1.21,1.22,1.23,1.24,1.28,1.31,1.33,inferred
"North West",2021-06-08,1.09,1.10,1.11,1.13,1.14,1.15,1.17,1.19,1.21,1.22,1.23,1.24,1.28,1.31,1.33,inferred
"North West",2021-06-09,1.09,1.10,1.11,1.13,1.14,1.15,1.17,1.19,1.21,1.22,1.23,1.24,1.28,1.31,1.33,inferred
"North West",2021-06-10,1.09,1.10,1.11,1.13,1.14,1.15,1.17,1.19,1.21,1.22,1.23,1.24,1.28,1.31,1.33,inferred
"North West",2021-06-11,1.09,1.10,1.11,1.13,1.14,1.15,1.17,1.19,1.21,1.22,1.23,1.24,1.28,1.31,1.33,inferred
"North West",2021-06-12,1.09,1.10,1.11,1.13,1.14,1.15,1.17,1.19,1.21,1.22,1.23,1.24,1.28,1.31,1.33,inferred
"North West",2021-06-13,1.09,1.10,1.11,1.13,1.14,1.15,1.17,1.19,1.21,1.22,1.23,1.24,1.28,1.31,1.33,inferred
"North West",2021-06-14,1.22,1.23,1.24,1.26,1.27,1.28,1.29,1.31,1.32,1.34,1.35,1.36,1.39,1.41,1.42,inferred
"North West",2021-06-15,1.22,1.23,1.24,1.26,1.27,1.28,1.29,1.31,1.32,1.34,1.35,1.36,1.39,1.41,1.42,inferred
"North West",2021-06-16,1.22,1.23,1.24,1.26,1.27,1.28,1.29,1.31,1.32,1.34,1.35,1.36,1.39,1.41,1.42,inferred
"North West",2021-06-17,1.22,1.23,1.24,1.26,1.27,1.28,1.29,1.31,1.32,1.34,1.35,1.36,1.39,1.41,1.42,inferred
"North West",2021-06-18,1.22,1.23,1.24,1.26,1.27,1.28,1.29,1.31,1.32,1.34,1.35,1.36,1.39,1.41,1.42,inferred
"North West",2021-06-19,1.22,1.23,1.24,1.26,1.27,1.28,1.29,1.31,1.32,1.34,1.35,1.36,1.39,1.41,1.42,inferred
"North West",2021-06-20,1.22,1.23,1.24,1.26,1.27,1.28,1.29,1.31,1.32,1.34,1.35,1.36,1.39,1.41,1.42,inferred
"North West",2021-06-21,1.21,1.21,1.23,1.26,1.28,1.30,1.33,1.36,1.37,1.39,1.40,1.41,1.47,1.51,1.53,inferred
"North West",2021-06-22,1.21,1.21,1.23,1.26,1.28,1.30,1.33,1.36,1.37,1.39,1.40,1.41,1.47,1.51,1.53,inferred
"North West",2021-06-23,1.21,1.21,1.23,1.26,1.28,1.30,1.33,1.36,1.37,1.39,1.40,1.41,1.47,1.51,1.53,inferred
"North West",2021-06-24,1.21,1.21,1.23,1.26,1.28,1.30,1.33,1.36,1.37,1.39,1.40,1.41,1.47,1.51,1.53,inferred
"North West",2021-06-25,1.21,1.21,1.23,1.26,1.28,1.30,1.33,1.36,1.37,1.39,1.40,1.41,1.47,1.51,1.53,inferred
"North West",2021-06-26,1.21,1.21,1.23,1.26,1.28,1.30,1.33,1.36,1.37,1.39,1.40,1.41,1.47,1.51,1.53,inferred
"North West",2021-06-27,1.21,1.21,1.23,1.26,1.28,1.30,1.33,1.36,1.37,1.39,1.40,1.41,1.47,1.51,1.53,inferred
"North West",2021-06-28,0.94,0.95,0.96,0.97,0.98,0.99,1.00,1.01,1.01,1.03,1.03,1.04,1.06,1.09,1.10,inferred
"North West",2021-06-29,0.94,0.95,0.96,0.97,0.98,0.99,1.00,1.01,1.01,1.03,1.03,1.04,1.06,1.09,1.10,inferred
"North West",2021-06-30,0.94,0.95,0.96,0.97,0.98,0.99,1.00,1.01,1.01,1.03,1.03,1.04,1.06,1.09,1.10,inferred
"North West",2021-07-01,0.94,0.95,0.96,0.97,0.98,0.99,1.00,1.01,1.01,1.03,1.03,1.04,1.06,1.09,1.10,inferred
"North West",2021-07-02,0.94,0.95,0.96,0.97,0.98,0.99,1.00,1.01,1.01,1.03,1.03,1.04,1.06,1.09,1.10,inferred
"North West",2021-07-03,0.94,0.95,0.96,0.97,0.98,0.99,1.00,1.01,1.01,1.03,1.03,1.04,1.06,1.09,1.10,inferred
"North West",2021-07-04,0.94,0.95,0.96,0.97,0.98,0.99,1.00,1.01,1.01,1.03,1.03,1.04,1.06,1.09,1.10,inferred
"North West",2021-07-05,1.33,1.34,1.35,1.37,1.38,1.39,1.40,1.41,1.42,1.44,1.45,1.46,1.48,1.49,1.50,inferred
"North West",2021-07-06,1.33,1.34,1.35,1.37,1.38,1.39,1.40,1.41,1.42,1.44,1.45,1.46,1.48,1.49,1.50,inferred
"North West",2021-07-07,1.33,1.34,1.35,1.37,1.38,1.39,1.40,1.41,1.42,1.44,1.45,1.46,1.48,1.49,1.50,inferred
"North West",2021-07-08,1.33,1.34,1.35,1.37,1.38,1.39,1.40,1.41,1.42,1.44,1.45,1.46,1.48,1.49,1.50,inferred
"North West",2021-07-09,1.33,1.34,1.35,1.37,1.38,1.39,1.40,1.41,1.42,1.44,1.45,1.46,1.48,1.49,1.50,inferred
"North West",2021-07-10,1.33,1.34,1.35,1.37,1.38,1.39,1.40,1.41,1.42,1.44,1.45,1.46,1.48,1.49,1.50,inferred
"North West",2021-07-11,1.33,1.34,1.35,1.37,1.38,1.39,1.40,1.41,1.42,1.44,1.45,1.46,1.48,1.49,1.50,inferred
"North West",2021-07-12,0.54,0.54,0.55,0.56,0.57,0.57,0.58,0.59,0.60,0.61,0.61,0.61,0.62,0.63,0.63,inferred
"North West",2021-07-13,0.54,0.54,0.55,0.56,0.57,0.57,0.58,0.59,0.60,0.61,0.61,0.61,0.62,0.63,0.63,inferred
"North West",2021-07-14,0.54,0.54,0.55,0.56,0.57,0.57,0.58,0.59,0.60,0.61,0.61,0.61,0.62,0.63,0.63,inferred
"North West",2021-07-15,0.54,0.54,0.55,0.56,0.57,0.57,0.58,0.59,0.60,0.61,0.61,0.61,0.62,0.63,0.63,inferred
"North West",2021-07-16,0.54,0.54,0.55,0.56,0.57,0.57,0.58,0.59,0.60,0.61,0.61,0.61,0.62,0.63,0.63,inferred
"North West",2021-07-17,0.54,0.54,0.55,0.56,0.57,0.57,0.58,0.59,0.60,0.61,0.61,0.61,0.62,0.63,0.63,inferred
"North West",2021-07-18,0.54,0.54,0.55,0.56,0.57,0.57,0.58,0.59,0.60,0.61,0.61,0.61,0.62,0.63,0.63,inferred
"North West",2021-07-19,0.59,0.60,0.63,0.66,0.67,0.67,0.68,0.69,0.71,0.75,0.76,0.79,0.84,0.85,0.86,inferred
"North West",2021-07-20,0.59,0.60,0.63,0.66,0.67,0.67,0.68,0.69,0.71,0.75,0.76,0.79,0.84,0.85,0.86,inferred
"North West",2021-07-21,0.59,0.60,0.63,0.66,0.67,0.67,0.68,0.69,0.71,0.75,0.76,0.79,0.84,0.85,0.86,inferred
"North West",2021-07-22,0.59,0.60,0.63,0.66,0.67,0.67,0.68,0.69,0.71,0.75,0.76,0.79,0.84,0.85,0.86,inferred
"North West",2021-07-23,0.59,0.60,0.63,0.66,0.67,0.67,0.68,0.69,0.71,0.75,0.76,0.79,0.84,0.85,0.86,inferred
"North West",2021-07-24,0.59,0.60,0.63,0.66,0.67,0.67,0.68,0.69,0.71,0.75,0.76,0.79,0.84,0.85,0.86,inferred
"North West",2021-07-25,0.59,0.60,0.63,0.66,0.67,0.67,0.68,0.69,0.71,0.75,0.76,0.79,0.84,0.85,0.86,inferred
"North West",2021-07-26,0.77,0.79,0.82,0.85,0.86,0.87,0.89,0.91,0.93,0.95,0.96,0.97,1.00,1.03,1.06,inferred
"North West",2021-07-27,0.77,0.79,0.82,0.85,0.86,0.87,0.89,0.91,0.93,0.95,0.96,0.97,1.00,1.03,1.06,inferred
"North West",2021-07-28,0.77,0.79,0.82,0.85,0.86,0.87,0.89,0.91,0.93,0.95,0.96,0.97,1.00,1.03,1.06,inferred
"North West",2021-07-29,0.77,0.79,0.82,0.85,0.86,0.87,0.89,0.91,0.93,0.95,0.96,0.97,1.00,1.03,1.06,inferred
"North West",2021-07-30,0.77,0.79,0.82,0.85,0.86,0.87,0.89,0.91,0.93,0.95,0.96,0.97,1.00,1.03,1.06,inferred
"North West",2021-07-31,0.77,0.79,0.82,0.85,0.86,0.87,0.89,0.91,0.93,0.95,0.96,0.97,1.00,1.03,1.06,inferred
"North West",2021-08-01,0.77,0.79,0.82,0.85,0.86,0.87,0.89,0.91,0.93,0.95,0.96,0.97,1.00,1.03,1.06,inferred
"North West",2021-08-02,0.70,0.74,0.79,0.86,0.88,0.90,0.94,0.98,1.02,1.07,1.09,1.12,1.21,1.27,1.33,projected
"North West",2021-08-03,0.70,0.74,0.79,0.86,0.88,0.90,0.94,0.98,1.02,1.07,1.09,1.12,1.21,1.27,1.33,projected
"North West",2021-08-04,0.70,0.74,0.79,0.86,0.88,0.90,0.94,0.98,1.02,1.07,1.09,1.12,1.21,1.27,1.33,projected
"North West",2021-08-05,0.70,0.74,0.79,0.86,0.88,0.90,0.94,0.98,1.02,1.07,1.09,1.12,1.21,1.27,1.33,projected
"North West",2021-08-06,0.70,0.74,0.79,0.86,0.88,0.90,0.94,0.98,1.02,1.07,1.09,1.12,1.21,1.27,1.33,projected
"North West",2021-08-07,0.70,0.74,0.79,0.86,0.88,0.90,0.94,0.98,1.02,1.07,1.09,1.12,1.21,1.27,1.33,projected
"North West",2021-08-08,0.70,0.74,0.79,0.86,0.88,0.90,0.94,0.98,1.02,1.07,1.09,1.12,1.21,1.27,1.33,projected
"North West",2021-08-09,0.70,0.74,0.81,0.90,0.93,0.96,1.02,1.09,1.15,1.22,1.27,1.32,1.46,1.62,1.73,projected
"North West",2021-08-10,0.70,0.74,0.81,0.90,0.93,0.96,1.02,1.09,1.15,1.22,1.27,1.32,1.46,1.62,1.73,projected
"North West",2021-08-11,0.70,0.74,0.81,0.90,0.93,0.96,1.02,1.09,1.15,1.22,1.27,1.32,1.46,1.62,1.73,projected
"North West",2021-08-12,0.70,0.74,0.81,0.90,0.93,0.96,1.02,1.09,1.15,1.22,1.27,1.32,1.46,1.62,1.73,projected
"North West",2021-08-13,0.70,0.74,0.81,0.90,0.93,0.96,1.02,1.09,1.15,1.22,1.27,1.32,1.46,1.62,1.73,projected
"North West",2021-08-14,0.70,0.74,0.81,0.90,0.93,0.96,1.02,1.09,1.15,1.22,1.27,1.32,1.46,1.62,1.73,projected
"North West",2021-08-15,0.70,0.74,0.81,0.90,0.93,0.96,1.02,1.09,1.15,1.22,1.27,1.32,1.46,1.62,1.73,projected
"North West",2021-08-16,0.72,0.78,0.86,0.98,1.03,1.07,1.14,1.23,1.31,1.43,1.49,1.56,1.78,2.06,2.30,projected
"North West",2021-08-17,0.72,0.78,0.86,0.98,1.03,1.07,1.14,1.23,1.31,1.43,1.49,1.56,1.78,2.06,2.30,projected
"North West",2021-08-18,0.72,0.78,0.86,0.98,1.03,1.07,1.14,1.23,1.31,1.43,1.49,1.56,1.78,2.06,2.30,projected
"North West",2021-08-19,0.72,0.78,0.86,0.98,1.03,1.07,1.14,1.23,1.31,1.43,1.49,1.56,1.78,2.06,2.30,projected
"North West",2021-08-20,0.72,0.78,0.86,0.98,1.03,1.07,1.14,1.23,1.31,1.43,1.49,1.56,1.78,2.06,2.30,projected
"North West",2021-08-21,0.72,0.78,0.86,0.98,1.03,1.07,1.14,1.23,1.31,1.43,1.49,1.56,1.78,2.06,2.30,projected
"North West",2021-08-22,0.72,0.78,0.86,0.98,1.03,1.07,1.14,1.23,1.31,1.43,1.49,1.56,1.78,2.06,2.30,projected
"Midlands",2021-04-19,0.83,0.84,0.85,0.86,0.87,0.87,0.88,0.89,0.90,0.91,0.91,0.92,0.94,0.95,0.96,inferred
"Midlands",2021-04-20,0.83,0.84,0.85,0.86,0.87,0.87,0.88,0.89,0.90,0.91,0.91,0.92,0.94,0.95,0.96,inferred
"Midlands",2021-04-21,0.83,0.84,0.85,0.86,0.87,0.87,0.88,0.89,0.90,0.91,0.91,0.92,0.94,0.95,0.96,inferred
"Midlands",2021-04-22,0.83,0.84,0.85,0.86,0.87,0.87,0.88,0.89,0.90,0.91,0.91,0.92,0.94,0.95,0.96,inferred
"Midlands",2021-04-23,0.83,0.84,0.85,0.86,0.87,0.87,0.88,0.89,0.90,0.91,0.91,0.92,0.94,0.95,0.96,inferred
"Midlands",2021-04-24,0.83,0.84,0.85,0.86,0.87,0.87,0.88,0.89,0.90,0.91,0.91,0.92,0.94,0.95,0.96,inferred
"Midlands",2021-04-25,0.83,0.84,0.85,0.86,0.87,0.87,0.88,0.89,0.90,0.91,0.91,0.92,0.94,0.95,0.96,inferred
"Midlands",2021-04-26,0.97,0.98,1.00,1.02,1.03,1.03,1.04,1.05,1.06,1.07,1.08,1.09,1.11,1.12,1.14,inferred
"Midlands",2021-04-27,0.97,0.98,1.00,1.02,1.03,1.03,1.04,1.05,1.06,1.07,1.08,1.09,1.11,1.12,1.14,inferred
"Midlands",2021-04-28,0.97,0.98,1.00,1.02,1.03,1.03,1.04,1.05,1.06,1.07,1.08,1.09,1.11,1.12,1.14,inferred
"Midlands",2021-04-29,0.97,0.98,1.00,1.02,1.03,1.03,1.04,1.05,1.06,1.07,1.08,1.09,1.11,1.12,1.14,inferred
"Midlands",2021-04-30,0.97,0.98,1.00,1.02,1.03,1.03,1.04,1.05,1.06,1.07,1.08,1.09,1.11,1.12,1.14,inferred
"Midlands",2021-05-01,0.97,0.98,1.00,1.02,1.03,1.03,1.04,1.05,1.06,1.07,1.08,1.09,1.11,1.12,1.14,inferred
"Midlands",2021-05-02,0.97,0.98,1.00,1.02,1.03,1.03,1.04,1.05,1.06,1.07,1.08,1.09,1.11,1.12,1.14,inferred
"Midlands",2021-05-03,0.82,0.83,0.84,0.86,0.86,0.87,0.88,0.88,0.89,0.90,0.91,0.91,0.93,0.94,0.95,inferred
"Midlands",2021-05-04,0.82,0.83,0.84,0.86,0.86,0.87,0.88,0.88,0.89,0.90,0.91,0.91,0.93,0.94,0.95,inferred
"Midlands",2021-05-05,0.82,0.83,0.84,0.86,0.86,0.87,0.88,0.88,0.89,0.90,0.91,0.91,0.93,0.94,0.95,inferred
"Midlands",2021-05-06,0.82,0.83,0.84,0.86,0.86,0.87,0.88,0.88,0.89,0.90,0.91,0.91,0.93,0.94,0.95,inferred
"Midlands",2021-05-07,0.82,0.83,0.84,0.86,0.86,0.87,0.88,0.88,0.89,0.90,0.91,0.91,0.93,0.94,0.95,inferred
"Midlands",2021-05-08,0.82,0.83,0.84,0.86,0.86,0.87,0.88,0.88,0.89,0.90,0.91,0.91,0.93,0.94,0.95,inferred
"Midlands",2021-05-09,0.82,0.83,0.84,0.86,0.86,0.87,0.88,0.88,0.89,0.90,0.91,0.91,0.93,0.94,0.95,inferred
"Midlands",2021-05-10,0.91,0.93,0.94,0.96,0.97,0.97,0.98,0.99,1.00,1.01,1.02,1.03,1.04,1.06,1.07,inferred
"Midlands",2021-05-11,0.91,0.93,0.94,0.96,0.97,0.97,0.98,0.99,1.00,1.01,1.02,1.03,1.04,1.06,1.07,inferred
"Midlands",2021-05-12,0.91,0.93,0.94,0.96,0.97,0.97,0.98,0.99,1.00,1.01,1.02,1.03,1.04,1.06,1.07,inferred
"Midlands",2021-05-13,0.91,0.93,0.94,0.96,0.97,0.97,0.98,0.99,1.00,1.01,1.02,1.03,1.04,1.06,1.07,inferred
"Midlands",2021-05-14,0.91,0.93,0.94,0.96,0.97,0.97,0.98,0.99,1.00,1.01,1.02,1.03,1.04,1.06,1.07,inferred
"Midlands",2021-05-15,0.91,0.93,0.94,0.96,0.97,0.97,0.98,0.99,1.00,1.01,1.02,1.03,1.04,1.06,1.07,inferred
"Midlands",2021-05-16,0.91,0.93,0.94,0.96,0.97,0.97,0.98,0.99,1.00,1.01,1.02,1.03,1.04,1.06,1.07,inferred
"Midlands",2021-05-17,1.15,1.16,1.18,1.20,1.20,1.21,1.23,1.24,1.25,1.27,1.27,1.28,1.31,1.33,1.35,inferred
"Midlands",2021-05-18,1.15,1.16,1.18,1.20,1.20,1.21,1.23,1.24,1.25,1.27,1.27,1.28,1.31,1.33,1.35,inferred
"Midlands",2021-05-19,1.15,1.16,1.18,1.20,1.20,1.21,1.23,1.24,1.25,1.27,1.27,1.28,1.31,1.33,1.35,inferred
"Midlands",2021-05-20,1.15,1.16,1.18,1.20,1.20,1.21,1.23,1.24,1.25,1.27,1.27,1.28,1.31,1.33,1.35,inferred
"Midlands",2021-05-21,1.15,1.16,1.18,1.20,1.20,1.21,1.23,1.24,1.25,1.27,1.27,1.28,1.31,1.33,1.35,inferred
"Midlands",2021-05-22,1.15,1.16,1.18,1.20,1.20,1.21,1.23,1.24,1.25,1.27,1.27,1.28,1.31,1.33,1.35,inferred
"Midlands",2021-05-23,1.15,1.16,1.18,1.20,1.20,1.21,1.23,1.24,1.25,1.27,1.27,1.28,1.31,1.33,1.35,inferred
"Midlands",2021-05-24,1.36,1.38,1.40,1.43,1.45,1.47,1.50,1.52,1.55,1.58,1.60,1.62,1.66,1.70,1.73,inferred
"Midlands",2021-05-25,1.36,1.38,1.40,1.43,1.45,1.47,1.50,1.52,1.55,1.58,1.60,1.62,1.66,1.70,1.73,inferred
"Midlands",2021-05-26,1.36,1.38,1.40,1.43,1.45,1.47,1.50,1.52,1.55,1.58,1.60,1.62,1.66,1.70,1.73,inferred
"Midlands",2021-05-27,1.36,1.38,1.40,1.43,1.45,1.47,1.50,1.52,1.55,1.58,1.60,1.62,1.66,1.70,1.73,inferred
"Midlands",2021-05-28,1.36,1.38,1.40,1.43,1.45,1.47,1.50,1.52,1.55,1.58,1.60,1.62,1.66,1.70,1.73,inferred
"Midlands",2021-05-29,1.36,1.38,1.40,1.43,1.45,1.47,1.50,1.52,1.55,1.58,1.60,1.62,1.66,1.70,1.73,inferred
"Midlands",2021-05-30,1.36,1.38,1.40,1.43,1.45,1.47,1.50,1.52,1.55,1.58,1.60,1.62,1.66,1.70,1.73,inferred
"Midlands",2021-05-31,1.22,1.25,1.27,1.31,1.34,1.36,1.40,1.44,1.47,1.50,1.51,1.54,1.60,1.68,1.72,inferred
"Midlands",2021-06-01,1.22,1.25,1.27,1.31,1.34,1.36,1.40,1.44,1.47,1.50,1.51,1.54,1.60,1.68,1.72,inferred
"Midlands",2021-06-02,1.22,1.25,1.27,1.31,1.34,1.36,1.40,1.44,1.47,1.50,1.51,1.54,1.60,1.68,1.72,inferred
"Midlands",2021-06-03,1.22,1.25,1.27,1.31,1.34,1.36,1.40,1.44,1.47,1.50,1.51,1.54,1.60,1.68,1.72,inferred
"Midlands",2021-06-04,1.22,1.25,1.27,1.31,1.34,1.36,1.40,1.44,1.47,1.50,1.51,1.54,1.60,1.68,1.72,inferred
"Midlands",2021-06-05,1.22,1.25,1.27,1.31,1.34,1.36,1.40,1.44,1.47,1.50,1.51,1.54,1.60,1.68,1.72,inferred
"Midlands",2021-06-06,1.22,1.25,1.27,1.31,1.34,1.36,1.40,1.44,1.47,1.50,1.51,1.54,1.60,1.68,1.72,inferred
"Midlands",2021-06-07,1.22,1.23,1.25,1.28,1.30,1.32,1.35,1.37,1.40,1.43,1.44,1.46,1.52,1.57,1.60,inferred
"Midlands",2021-06-08,1.22,1.23,1.25,1.28,1.30,1.32,1.35,1.37,1.40,1.43,1.44,1.46,1.52,1.57,1.60,inferred
"Midlands",2021-06-09,1.22,1.23,1.25,1.28,1.30,1.32,1.35,1.37,1.40,1.43,1.44,1.46,1.52,1.57,1.60,inferred
"Midlands",2021-06-10,1.22,1.23,1.25,1.28,1.30,1.32,1.35,1.37,1.40,1.43,1.44,1.46,1.52,1.57,1.60,inferred
"Midlands",2021-06-11,1.22,1.23,1.25,1.28,1.30,1.32,1.35,1.37,1.40,1.43,1.44,1.46,1.52,1.57,1.60,inferred
"Midlands",2021-06-12,1.22,1.23,1.25,1.28,1.30,1.32,1.35,1.37,1.40,1.43,1.44,1.46,1.52,1.57,1.60,inferred
"Midlands",2021-06-13,1.22,1.23,1.25,1.28,1.30,1.32,1.35,1.37,1.40,1.43,1.44,1.46,1.52,1.57,1.60,inferred
"Midlands",2021-06-14,1.52,1.53,1.55,1.59,1.62,1.65,1.71,1.74,1.77,1.81,1.85,1.89,1.95,2.01,2.04,inferred
"Midlands",2021-06-15,1.52,1.53,1.55,1.59,1.62,1.65,1.71,1.74,1.77,1.81,1.85,1.89,1.95,2.01,2.04,inferred
"Midlands",2021-06-16,1.52,1.53,1.55,1.59,1.62,1.65,1.71,1.74,1.77,1.81,1.85,1.89,1.95,2.01,2.04,inferred
"Midlands",2021-06-17,1.52,1.53,1.55,1.59,1.62,1.65,1.71,1.74,1.77,1.81,1.85,1.89,1.95,2.01,2.04,inferred
"Midlands",2021-06-18,1.52,1.53,1.55,1.59,1.62,1.65,1.71,1.74,1.77,1.81,1.85,1.89,1.95,2.01,2.04,inferred
"Midlands",2021-06-19,1.52,1.53,1.55,1.59,1.62,1.65,1.71,1.74,1.77,1.81,1.85,1.89,1.95,2.01,2.04,inferred
"Midlands",2021-06-20,1.52,1.53,1.55,1.59,1.62,1.65,1.71,1.74,1.77,1.81,1.85,1.89,1.95,2.01,2.04,inferred
"Midlands",2021-06-21,1.49,1.50,1.51,1.58,1.64,1.67,1.76,1.81,1.84,1.88,1.94,1.96,2.08,2.22,2.25,inferred
"Midlands",2021-06-22,1.49,1.50,1.51,1.58,1.64,1.67,1.76,1.81,1.84,1.88,1.94,1.96,2.08,2.22,2.25,inferred
"Midlands",2021-06-23,1.49,1.50,1.51,1.58,1.64,1.67,1.76,1.81,1.84,1.88,1.94,1.96,2.08,2.22,2.25,inferred
"Midlands",2021-06-24,1.49,1.50,1.51,1.58,1.64,1.67,1.76,1.81,1.84,1.88,1.94,1.96,2.08,2.22,2.25,inferred
"Midlands",2021-06-25,1.49,1.50,1.51,1.58,1.64,1.67,1.76,1.81,1.84,1.88,1.94,1.96,2.08,2.22,2.25,inferred
"Midlands",2021-06-26,1.49,1.50,1.51,1.58,1.64,1.67,1.76,1.81,1.84,1.88,1.94,1.96,2.08,2.22,2.25,inferred
"Midlands",2021-06-27,1.49,1.50,1.51,1.58,1.64,1.67,1.76,1.81,1.84,1.88,1.94,1.96,2.08,2.22,2.25,inferred
"Midlands",2021-06-28,1.12,1.13,1.14,1.18,1.22,1.23,1.27,1.30,1.32,1.35,1.37,1.38,1.45,1.56,1.57,inferred
"Midlands",2021-06-29,1.12,1.13,1.14,1.18,1.22,1.23,1.27,1.30,1.32,1.35,1.37,1.38,1.45,1.56,1.57,inferred
"Midlands",2021-06-30,1.12,1.13,1.14,1.18,1.22,1.23,1.27,1.30,1.32,1.35,1.37,1.38,1.45,1.56,1.57,inferred
"Midlands",2021-07-01,1.12,1.13,1.14,1.18,1.22,1.23,1.27,1.30,1.32,1.35,1.37,1.38,1.45,1.56,1.57,inferred
"Midlands",2021-07-02,1.12,1.13,1.14,1.18,1.22,1.23,1.27,1.30,1.32,1.35,1.37,1.38,1.45,1.56,1.57,inferred
"Midlands",2021-07-03,1.12,1.13,1.14,1.18,1.22,1.23,1.27,1.30,1.32,1.35,1.37,1.38,1.45,1.56,1.57,inferred
"Midlands",2021-07-04,1.12,1.13,1.14,1.18,1.22,1.23,1.27,1.30,1.32,1.35,1.37,1.38,1.45,1.56,1.57,inferred
"Midlands",2021-07-05,1.54,1.55,1.57,1.61,1.63,1.67,1.73,1.76,1.77,1.82,1.86,1.87,1.95,2.02,2.03,inferred
"Midlands",2021-07-06,1.54,1.55,1.57,1.61,1.63,1.67,1.73,1.76,1.77,1.82,1.86,1.87,1.95,2.02,2.03,inferred
"Midlands",2021-07-07,1.54,1.55,1.57,1.61,1.63,1.67,1.73,1.76,1.77,1.82,1.86,1.87,1.95,2.02,2.03,inferred
"Midlands",2021-07-08,1.54,1.55,1.57,1.61,1.63,1.67,1.73,1.76,1.77,1.82,1.86,1.87,1.95,2.02,2.03,inferred
"Midlands",2021-07-09,1.54,1.55,1.57,1.61,1.63,1.67,1.73,1.76,1.77,1.82,1.86,1.87,1.95,2.02,2.03,inferred
"Midlands",2021-07-10,1.54,1.55,1.57,1.61,1.63,1.67,1.73,1.76,1.77,1.82,1.86,1.87,1.95,2.02,2.03,inferred
"Midlands",2021-07-11,1.54,1.55,1.57,1.61,1.63,1.67,1.73,1.76,1.77,1.82,1.86,1.87,1.95,2.02,2.03,inferred
"Midlands",2021-07-12,0.49,0.50,0.51,0.53,0.53,0.54,0.55,0.56,0.57,0.58,0.58,0.59,0.60,0.61,0.62,inferred
"Midlands",2021-07-13,0.49,0.50,0.51,0.53,0.53,0.54,0.55,0.56,0.57,0.58,0.58,0.59,0.60,0.61,0.62,inferred
"Midlands",2021-07-14,0.49,0.50,0.51,0.53,0.53,0.54,0.55,0.56,0.57,0.58,0.58,0.59,0.60,0.61,0.62,inferred
"Midlands",2021-07-15,0.49,0.50,0.51,0.53,0.53,0.54,0.55,0.56,0.57,0.58,0.58,0.59,0.60,0.61,0.62,inferred
"Midlands",2021-07-16,0.49,0.50,0.51,0.53,0.53,0.54,0.55,0.56,0.57,0.58,0.58,0.59,0.60,0.61,0.62,inferred
"Midlands",2021-07-17,0.49,0.50,0.51,0.53,0.53,0.54,0.55,0.56,0.57,0.58,0.58,0.59,0.60,0.61,0.62,inferred
"Midlands",2021-07-18,0.49,0.50,0.51,0.53,0.53,0.54,0.55,0.56,0.57,0.58,0.58,0.59,0.60,0.61,0.62,inferred
"Midlands",2021-07-19,0.64,0.65,0.69,0.71,0.72,0.72,0.73,0.74,0.76,0.80,0.81,0.85,0.91,0.92,0.93,inferred
"Midlands",2021-07-20,0.64,0.65,0.69,0.71,0.72,0.72,0.73,0.74,0.76,0.80,0.81,0.85,0.91,0.92,0.93,inferred
"Midlands",2021-07-21,0.64,0.65,0.69,0.71,0.72,0.72,0.73,0.74,0.76,0.80,0.81,0.85,0.91,0.92,0.93,inferred
"Midlands",2021-07-22,0.64,0.65,0.69,0.71,0.72,0.72,0.73,0.74,0.76,0.80,0.81,0.85,0.91,0.92,0.93,inferred
"Midlands",2021-07-23,0.64,0.65,0.69,0.71,0.72,0.72,0.73,0.74,0.76,0.80,0.81,0.85,0.91,0.92,0.93,inferred
"Midlands",2021-07-24,0.64,0.65,0.69,0.71,0.72,0.72,0.73,0.74,0.76,0.80,0.81,0.85,0.91,0.92,0.93,inferred
"Midlands",2021-07-25,0.64,0.65,0.69,0.71,0.72,0.72,0.73,0.74,0.76,0.80,0.81,0.85,0.91,0.92,0.93,inferred
"Midlands",2021-07-26,0.93,0.95,0.98,1.01,1.03,1.04,1.05,1.06,1.08,1.10,1.10,1.11,1.14,1.16,1.18,inferred
"Midlands",2021-07-27,0.93,0.95,0.98,1.01,1.03,1.04,1.05,1.06,1.08,1.10,1.10,1.11,1.14,1.16,1.18,inferred
"Midlands",2021-07-28,0.93,0.95,0.98,1.01,1.03,1.04,1.05,1.06,1.08,1.10,1.10,1.11,1.14,1.16,1.18,inferred
"Midlands",2021-07-29,0.93,0.95,0.98,1.01,1.03,1.04,1.05,1.06,1.08,1.10,1.10,1.11,1.14,1.16,1.18,inferred
"Midlands",2021-07-30,0.93,0.95,0.98,1.01,1.03,1.04,1.05,1.06,1.08,1.10,1.10,1.11,1.14,1.16,1.18,inferred
"Midlands",2021-07-31,0.93,0.95,0.98,1.01,1.03,1.04,1.05,1.06,1.08,1.10,1.10,1.11,1.14,1.16,1.18,inferred
"Midlands",2021-08-01,0.93,0.95,0.98,1.01,1.03,1.04,1.05,1.06,1.08,1.10,1.10,1.11,1.14,1.16,1.18,inferred
"Midlands",2021-08-02,0.88,0.92,0.98,1.04,1.06,1.08,1.13,1.17,1.21,1.26,1.30,1.33,1.41,1.48,1.56,projected
"Midlands",2021-08-03,0.88,0.92,0.98,1.04,1.06,1.08,1.13,1.17,1.21,1.26,1.30,1.33,1.41,1.48,1.56,projected
"Midlands",2021-08-04,0.88,0.92,0.98,1.04,1.06,1.08,1.13,1.17,1.21,1.26,1.30,1.33,1.41,1.48,1.56,projected
"Midlands",2021-08-05,0.88,0.92,0.98,1.04,1.06,1.08,1.13,1.17,1.21,1.26,1.30,1.33,1.41,1.48,1.56,projected
"Midlands",2021-08-06,0.88,0.92,0.98,1.04,1.06,1.08,1.13,1.17,1.21,1.26,1.30,1.33,1.41,1.48,1.56,projected
"Midlands",2021-08-07,0.88,0.92,0.98,1.04,1.06,1.08,1.13,1.17,1.21,1.26,1.30,1.33,1.41,1.48,1.56,projected
"Midlands",2021-08-08,0.88,0.92,0.98,1.04,1.06,1.08,1.13,1.17,1.21,1.26,1.30,1.33,1.41,1.48,1.56,projected
"Midlands",2021-08-09,0.94,1.00,1.06,1.15,1.19,1.23,1.30,1.37,1.44,1.53,1.57,1.62,1.80,1.97,2.21,projected
"Midlands",2021-08-10,0.94,1.00,1.06,1.15,1.19,1.23,1.30,1.37,1.44,1.53,1.57,1.62,1.80,1.97,2.21,projected
"Midlands",2021-08-11,0.94,1.00,1.06,1.15,1.19,1.23,1.30,1.37,1.44,1.53,1.57,1.62,1.80,1.97,2.21,projected
"Midlands",2021-08-12,0.94,1.00,1.06,1.15,1.19,1.23,1.30,1.37,1.44,1.53,1.57,1.62,1.80,1.97,2.21,projected
"Midlands",2021-08-13,0.94,1.00,1.06,1.15,1.19,1.23,1.30,1.37,1.44,1.53,1.57,1.62,1.80,1.97,2.21,projected
"Midlands",2021-08-14,0.94,1.00,1.06,1.15,1.19,1.23,1.30,1.37,1.44,1.53,1.57,1.62,1.80,1.97,2.21,projected
"Midlands",2021-08-15,0.94,1.00,1.06,1.15,1.19,1.23,1.30,1.37,1.44,1.53,1.57,1.62,1.80,1.97,2.21,projected
"Midlands",2021-08-16,1.02,1.09,1.19,1.31,1.37,1.43,1.55,1.65,1.74,1.90,1.97,2.08,2.44,2.78,3.14,projected
"Midlands",2021-08-17,1.02,1.09,1.19,1.31,1.37,1.43,1.55,1.65,1.74,1.90,1.97,2.08,2.44,2.78,3.14,projected
"Midlands",2021-08-18,1.02,1.09,1.19,1.31,1.37,1.43,1.55,1.65,1.74,1.90,1.97,2.08,2.44,2.78,3.14,projected
"Midlands",2021-08-19,1.02,1.09,1.19,1.31,1.37,1.43,1.55,1.65,1.74,1.90,1.97,2.08,2.44,2.78,3.14,projected
"Midlands",2021-08-20,1.02,1.09,1.19,1.31,1.37,1.43,1.55,1.65,1.74,1.90,1.97,2.08,2.44,2.78,3.14,projected
"Midlands",2021-08-21,1.02,1.09,1.19,1.31,1.37,1.43,1.55,1.65,1.74,1.90,1.97,2.08,2.44,2.78,3.14,projected
"Midlands",2021-08-22,1.02,1.09,1.19,1.31,1.37,1.43,1.55,1.65,1.74,1.90,1.97,2.08,2.44,2.78,3.14,projected
"East of England",2021-04-19,0.83,0.84,0.85,0.86,0.87,0.87,0.88,0.89,0.90,0.91,0.91,0.92,0.94,0.95,0.96,inferred
"East of England",2021-04-20,0.83,0.84,0.85,0.86,0.87,0.87,0.88,0.89,0.90,0.91,0.91,0.92,0.94,0.95,0.96,inferred
"East of England",2021-04-21,0.83,0.84,0.85,0.86,0.87,0.87,0.88,0.89,0.90,0.91,0.91,0.92,0.94,0.95,0.96,inferred
"East of England",2021-04-22,0.83,0.84,0.85,0.86,0.87,0.87,0.88,0.89,0.90,0.91,0.91,0.92,0.94,0.95,0.96,inferred
"East of England",2021-04-23,0.83,0.84,0.85,0.86,0.87,0.87,0.88,0.89,0.90,0.91,0.91,0.92,0.94,0.95,0.96,inferred
"East of England",2021-04-24,0.83,0.84,0.85,0.86,0.87,0.87,0.88,0.89,0.90,0.91,0.91,0.92,0.94,0.95,0.96,inferred
"East of England",2021-04-25,0.83,0.84,0.85,0.86,0.87,0.87,0.88,0.89,0.90,0.91,0.91,0.92,0.94,0.95,0.96,inferred
"East of England",2021-04-26,0.88,0.89,0.91,0.93,0.93,0.94,0.95,0.97,0.98,0.99,1.00,1.00,1.02,1.03,1.05,inferred
"East of England",2021-04-27,0.88,0.89,0.91,0.93,0.93,0.94,0.95,0.97,0.98,0.99,1.00,1.00,1.02,1.03,1.05,inferred
"East of England",2021-04-28,0.88,0.89,0.91,0.93,0.93,0.94,0.95,0.97,0.98,0.99,1.00,1.00,1.02,1.03,1.05,inferred
"East of England",2021-04-29,0.88,0.89,0.91,0.93,0.93,0.94,0.95,0.97,0.98,0.99,1.00,1.00,1.02,1.03,1.05,inferred
"East of England",2021-04-30,0.88,0.89,0.91,0.93,0.93,0.94,0.95,0.97,0.98,0.99,1.00,1.00,1.02,1.03,1.05,inferred
"East of England",2021-05-01,0.88,0.89,0.91,0.93,0.93,0.94,0.95,0.97,0.98,0.99,1.00,1.00,1.02,1.03,1.05,inferred
"East of England",2021-05-02,0.88,0.89,0.91,0.93,0.93,0.94,0.95,0.97,0.98,0.99,1.00,1.00,1.02,1.03,1.05,inferred
"East of England",2021-05-03,0.94,0.96,0.97,0.99,0.99,1.00,1.01,1.02,1.03,1.04,1.05,1.06,1.08,1.09,1.11,inferred
"East of England",2021-05-04,0.94,0.96,0.97,0.99,0.99,1.00,1.01,1.02,1.03,1.04,1.05,1.06,1.08,1.09,1.11,inferred
"East of England",2021-05-05,0.94,0.96,0.97,0.99,0.99,1.00,1.01,1.02,1.03,1.04,1.05,1.06,1.08,1.09,1.11,inferred
"East of England",2021-05-06,0.94,0.96,0.97,0.99,0.99,1.00,1.01,1.02,1.03,1.04,1.05,1.06,1.08,1.09,1.11,inferred
"East of England",2021-05-07,0.94,0.96,0.97,0.99,0.99,1.00,1.01,1.02,1.03,1.04,1.05,1.06,1.08,1.09,1.11,inferred
"East of England",2021-05-08,0.94,0.96,0.97,0.99,0.99,1.00,1.01,1.02,1.03,1.04,1.05,1.06,1.08,1.09,1.11,inferred
"East of England",2021-05-09,0.94,0.96,0.97,0.99,0.99,1.00,1.01,1.02,1.03,1.04,1.05,1.06,1.08,1.09,1.11,inferred
"East of England",2021-05-10,0.98,1.00,1.02,1.04,1.05,1.06,1.07,1.09,1.10,1.11,1.12,1.13,1.15,1.17,1.19,inferred
"East of England",2021-05-11,0.98,1.00,1.02,1.04,1.05,1.06,1.07,1.09,1.10,1.11,1.12,1.13,1.15,1.17,1.19,inferred
"East of England",2021-05-12,0.98,1.00,1.02,1.04,1.05,1.06,1.07,1.09,1.10,1.11,1.12,1.13,1.15,1.17,1.19,inferred
"East of England",2021-05-13,0.98,1.00,1.02,1.04,1.05,1.06,1.07,1.09,1.10,1.11,1.12,1.13,1.15,1.17,1.19,inferred
"East of England",2021-05-14,0.98,1.00,1.02,1.04,1.05,1.06,1.07,1.09,1.10,1.11,1.12,1.13,1.15,1.17,1.19,inferred
"East of England",2021-05-15,0.98,1.00,1.02,1.04,1.05,1.06,1.07,1.09,1.10,1.11,1.12,1.13,1.15,1.17,1.19,inferred
"East of England",2021-05-16,0.98,1.00,1.02,1.04,1.05,1.06,1.07,1.09,1.10,1.11,1.12,1.13,1.15,1.17,1.19,inferred
"East of England",2021-05-17,1.00,1.02,1.03,1.05,1.06,1.07,1.09,1.10,1.11,1.13,1.13,1.15,1.17,1.19,1.21,inferred
"East of England",2021-05-18,1.00,1.02,1.03,1.05,1.06,1.07,1.09,1.10,1.11,1.13,1.13,1.15,1.17,1.19,1.21,inferred
"East of England",2021-05-19,1.00,1.02,1.03,1.05,1.06,1.07,1.09,1.10,1.11,1.13,1.13,1.15,1.17,1.19,1.21,inferred
"East of England",2021-05-20,1.00,1.02,1.03,1.05,1.06,1.07,1.09,1.10,1.11,1.13,1.13,1.15,1.17,1.19,1.21,inferred
"East of England",2021-05-21,1.00,1.02,1.03,1.05,1.06,1.07,1.09,1.10,1.11,1.13,1.13,1.15,1.17,1.19,1.21,inferred
"East of England",2021-05-22,1.00,1.02,1.03,1.05,1.06,1.07,1.09,1.10,1.11,1.13,1.13,1.15,1.17,1.19,1.21,inferred
"East of England",2021-05-23,1.00,1.02,1.03,1.05,1.06,1.07,1.09,1.10,1.11,1.13,1.13,1.15,1.17,1.19,1.21,inferred
"East of England",2021-05-24,1.18,1.20,1.22,1.24,1.25,1.26,1.28,1.29,1.31,1.32,1.33,1.34,1.37,1.40,1.42,inferred
"East of England",2021-05-25,1.18,1.20,1.22,1.24,1.25,1.26,1.28,1.29,1.31,1.32,1.33,1.34,1.37,1.40,1.42,inferred
"East of England",2021-05-26,1.18,1.20,1.22,1.24,1.25,1.26,1.28,1.29,1.31,1.32,1.33,1.34,1.37,1.40,1.42,inferred
"East of England",2021-05-27,1.18,1.20,1.22,1.24,1.25,1.26,1.28,1.29,1.31,1.32,1.33,1.34,1.37,1.40,1.42,inferred
"East of England",2021-05-28,1.18,1.20,1.22,1.24,1.25,1.26,1.28,1.29,1.31,1.32,1.33,1.34,1.37,1.40,1.42,inferred
"East of England",2021-05-29,1.18,1.20,1.22,1.24,1.25,1.26,1.28,1.29,1.31,1.32,1.33,1.34,1.37,1.40,1.42,inferred
"East of England",2021-05-30,1.18,1.20,1.22,1.24,1.25,1.26,1.28,1.29,1.31,1.32,1.33,1.34,1.37,1.40,1.42,inferred
"East of England",2021-05-31,1.15,1.17,1.18,1.22,1.24,1.25,1.28,1.30,1.33,1.35,1.36,1.38,1.42,1.46,1.50,inferred
"East of England",2021-06-01,1.15,1.17,1.18,1.22,1.24,1.25,1.28,1.30,1.33,1.35,1.36,1.38,1.42,1.46,1.50,inferred
"East of England",2021-06-02,1.15,1.17,1.18,1.22,1.24,1.25,1.28,1.30,1.33,1.35,1.36,1.38,1.42,1.46,1.50,inferred
"East of England",2021-06-03,1.15,1.17,1.18,1.22,1.24,1.25,1.28,1.30,1.33,1.35,1.36,1.38,1.42,1.46,1.50,inferred
"East of England",2021-06-04,1.15,1.17,1.18,1.22,1.24,1.25,1.28,1.30,1.33,1.35,1.36,1.38,1.42,1.46,1.50,inferred
"East of England",2021-06-05,1.15,1.17,1.18,1.22,1.24,1.25,1.28,1.30,1.33,1.35,1.36,1.38,1.42,1.46,1.50,inferred
"East of England",2021-06-06,1.15,1.17,1.18,1.22,1.24,1.25,1.28,1.30,1.33,1.35,1.36,1.38,1.42,1.46,1.50,inferred
"East of England",2021-06-07,1.14,1.15,1.17,1.20,1.22,1.23,1.25,1.27,1.29,1.31,1.32,1.34,1.38,1.41,1.44,inferred
"East of England",2021-06-08,1.14,1.15,1.17,1.20,1.22,1.23,1.25,1.27,1.29,1.31,1.32,1.34,1.38,1.41,1.44,inferred
"East of England",2021-06-09,1.14,1.15,1.17,1.20,1.22,1.23,1.25,1.27,1.29,1.31,1.32,1.34,1.38,1.41,1.44,inferred
"East of England",2021-06-10,1.14,1.15,1.17,1.20,1.22,1.23,1.25,1.27,1.29,1.31,1.32,1.34,1.38,1.41,1.44,inferred
"East of England",2021-06-11,1.14,1.15,1.17,1.20,1.22,1.23,1.25,1.27,1.29,1.31,1.32,1.34,1.38,1.41,1.44,inferred
"East of England",2021-06-12,1.14,1.15,1.17,1.20,1.22,1.23,1.25,1.27,1.29,1.31,1.32,1.34,1.38,1.41,1.44,inferred
"East of England",2021-06-13,1.14,1.15,1.17,1.20,1.22,1.23,1.25,1.27,1.29,1.31,1.32,1.34,1.38,1.41,1.44,inferred
"East of England",2021-06-14,1.50,1.52,1.55,1.59,1.61,1.63,1.68,1.71,1.74,1.78,1.80,1.83,1.91,1.95,1.98,inferred
"East of England",2021-06-15,1.50,1.52,1.55,1.59,1.61,1.63,1.68,1.71,1.74,1.78,1.80,1.83,1.91,1.95,1.98,inferred
"East of England",2021-06-16,1.50,1.52,1.55,1.59,1.61,1.63,1.68,1.71,1.74,1.78,1.80,1.83,1.91,1.95,1.98,inferred
"East of England",2021-06-17,1.50,1.52,1.55,1.59,1.61,1.63,1.68,1.71,1.74,1.78,1.80,1.83,1.91,1.95,1.98,inferred
"East of England",2021-06-18,1.50,1.52,1.55,1.59,1.61,1.63,1.68,1.71,1.74,1.78,1.80,1.83,1.91,1.95,1.98,inferred
"East of England",2021-06-19,1.50,1.52,1.55,1.59,1.61,1.63,1.68,1.71,1.74,1.78,1.80,1.83,1.91,1.95,1.98,inferred
"East of England",2021-06-20,1.50,1.52,1.55,1.59,1.61,1.63,1.68,1.71,1.74,1.78,1.80,1.83,1.91,1.95,1.98,inferred
"East of England",2021-06-21,1.58,1.59,1.61,1.68,1.74,1.78,1.87,1.92,1.95,2.02,2.06,2.10,2.24,2.36,2.39,inferred
"East of England",2021-06-22,1.58,1.59,1.61,1.68,1.74,1.78,1.87,1.92,1.95,2.02,2.06,2.10,2.24,2.36,2.39,inferred
"East of England",2021-06-23,1.58,1.59,1.61,1.68,1.74,1.78,1.87,1.92,1.95,2.02,2.06,2.10,2.24,2.36,2.39,inferred
"East of England",2021-06-24,1.58,1.59,1.61,1.68,1.74,1.78,1.87,1.92,1.95,2.02,2.06,2.10,2.24,2.36,2.39,inferred
"East of England",2021-06-25,1.58,1.59,1.61,1.68,1.74,1.78,1.87,1.92,1.95,2.02,2.06,2.10,2.24,2.36,2.39,inferred
"East of England",2021-06-26,1.58,1.59,1.61,1.68,1.74,1.78,1.87,1.92,1.95,2.02,2.06,2.10,2.24,2.36,2.39,inferred
"East of England",2021-06-27,1.58,1.59,1.61,1.68,1.74,1.78,1.87,1.92,1.95,2.02,2.06,2.10,2.24,2.36,2.39,inferred
"East of England",2021-06-28,1.21,1.21,1.23,1.28,1.33,1.35,1.41,1.45,1.48,1.51,1.53,1.55,1.64,1.78,1.81,inferred
"East of England",2021-06-29,1.21,1.21,1.23,1.28,1.33,1.35,1.41,1.45,1.48,1.51,1.53,1.55,1.64,1.78,1.81,inferred
"East of England",2021-06-30,1.21,1.21,1.23,1.28,1.33,1.35,1.41,1.45,1.48,1.51,1.53,1.55,1.64,1.78,1.81,inferred
"East of England",2021-07-01,1.21,1.21,1.23,1.28,1.33,1.35,1.41,1.45,1.48,1.51,1.53,1.55,1.64,1.78,1.81,inferred
"East of England",2021-07-02,1.21,1.21,1.23,1.28,1.33,1.35,1.41,1.45,1.48,1.51,1.53,1.55,1.64,1.78,1.81,inferred
"East of England",2021-07-03,1.21,1.21,1.23,1.28,1.33,1.35,1.41,1.45,1.48,1.51,1.53,1.55,1.64,1.78,1.81,inferred
"East of England",2021-07-04,1.21,1.21,1.23,1.28,1.33,1.35,1.41,1.45,1.48,1.51,1.53,1.55,1.64,1.78,1.81,inferred
"East of England",2021-07-05,1.65,1.66,1.68,1.73,1.77,1.81,1.89,1.93,1.95,2.01,2.07,2.09,2.18,2.30,2.32,inferred
"East of England",2021-07-06,1.65,1.66,1.68,1.73,1.77,1.81,1.89,1.93,1.95,2.01,2.07,2.09,2.18,2.30,2.32,inferred
"East of England",2021-07-07,1.65,1.66,1.68,1.73,1.77,1.81,1.89,1.93,1.95,2.01,2.07,2.09,2.18,2.30,2.32,inferred
"East of England",2021-07-08,1.65,1.66,1.68,1.73,1.77,1.81,1.89,1.93,1.95,2.01,2.07,2.09,2.18,2.30,2.32,inferred
"East of England",2021-07-09,1.65,1.66,1.68,1.73,1.77,1.81,1.89,1.93,1.95,2.01,2.07,2.09,2.18,2.30,2.32,inferred
"East of England",2021-07-10,1.65,1.66,1.68,1.73,1.77,1.81,1.89,1.93,1.95,2.01,2.07,2.09,2.18,2.30,2.32,inferred
"East of England",2021-07-11,1.65,1.66,1.68,1.73,1.77,1.81,1.89,1.93,1.95,2.01,2.07,2.09,2.18,2.30,2.32,inferred
"East of England",2021-07-12,0.56,0.57,0.58,0.60,0.61,0.61,0.63,0.64,0.65,0.66,0.66,0.67,0.70,0.72,0.74,inferred
"East of England",2021-07-13,0.56,0.57,0.58,0.60,0.61,0.61,0.63,0.64,0.65,0.66,0.66,0.67,0.70,0.72,0.74,inferred
"East of England",2021-07-14,0.56,0.57,0.58,0.60,0.61,0.61,0.63,0.64,0.65,0.66,0.66,0.67,0.70,0.72,0.74,inferred
"East of England",2021-07-15,0.56,0.57,0.58,0.60,0.61,0.61,0.63,0.64,0.65,0.66,0.66,0.67,0.70,0.72,0.74,inferred
"East of England",2021-07-16,0.56,0.57,0.58,0.60,0.61,0.61,0.63,0.64,0.65,0.66,0.66,0.67,0.70,0.72,0.74,inferred
"East of England",2021-07-17,0.56,0.57,0.58,0.60,0.61,0.61,0.63,0.64,0.65,0.66,0.66,0.67,0.70,0.72,0.74,inferred
"East of England",2021-07-18,0.56,0.57,0.58,0.60,0.61,0.61,0.63,0.64,0.65,0.66,0.66,0.67,0.70,0.72,0.74,inferred
"East of England",2021-07-19,0.64,0.65,0.67,0.70,0.71,0.71,0.72,0.73,0.75,0.77,0.79,0.81,0.86,0.87,0.88,inferred
"East of England",2021-07-20,0.64,0.65,0.67,0.70,0.71,0.71,0.72,0.73,0.75,0.77,0.79,0.81,0.86,0.87,0.88,inferred
"East of England",2021-07-21,0.64,0.65,0.67,0.70,0.71,0.71,0.72,0.73,0.75,0.77,0.79,0.81,0.86,0.87,0.88,inferred
"East of England",2021-07-22,0.64,0.65,0.67,0.70,0.71,0.71,0.72,0.73,0.75,0.77,0.79,0.81,0.86,0.87,0.88,inferred
"East of England",2021-07-23,0.64,0.65,0.67,0.70,0.71,0.71,0.72,0.73,0.75,0.77,0.79,0.81,0.86,0.87,0.88,inferred
"East of England",2021-07-24,0.64,0.65,0.67,0.70,0.71,0.71,0.72,0.73,0.75,0.77,0.79,0.81,0.86,0.87,0.88,inferred
"East of England",2021-07-25,0.64,0.65,0.67,0.70,0.71,0.71,0.72,0.73,0.75,0.77,0.79,0.81,0.86,0.87,0.88,inferred
"East of England",2021-07-26,0.88,0.90,0.92,0.95,0.96,0.97,0.99,1.00,1.02,1.04,1.05,1.06,1.09,1.11,1.13,inferred
"East of England",2021-07-27,0.88,0.90,0.92,0.95,0.96,0.97,0.99,1.00,1.02,1.04,1.05,1.06,1.09,1.11,1.13,inferred
"East of England",2021-07-28,0.88,0.90,0.92,0.95,0.96,0.97,0.99,1.00,1.02,1.04,1.05,1.06,1.09,1.11,1.13,inferred
"East of England",2021-07-29,0.88,0.90,0.92,0.95,0.96,0.97,0.99,1.00,1.02,1.04,1.05,1.06,1.09,1.11,1.13,inferred
"East of England",2021-07-30,0.88,0.90,0.92,0.95,0.96,0.97,0.99,1.00,1.02,1.04,1.05,1.06,1.09,1.11,1.13,inferred
"East of England",2021-07-31,0.88,0.90,0.92,0.95,0.96,0.97,0.99,1.00,1.02,1.04,1.05,1.06,1.09,1.11,1.13,inferred
"East of England",2021-08-01,0.88,0.90,0.92,0.95,0.96,0.97,0.99,1.00,1.02,1.04,1.05,1.06,1.09,1.11,1.13,inferred
"East of England",2021-08-02,0.88,0.92,0.95,1.00,1.02,1.04,1.07,1.10,1.13,1.17,1.19,1.22,1.28,1.34,1.40,projected
"East of England",2021-08-03,0.88,0.92,0.95,1.00,1.02,1.04,1.07,1.10,1.13,1.17,1.19,1.22,1.28,1.34,1.40,projected
"East of England",2021-08-04,0.88,0.92,0.95,1.00,1.02,1.04,1.07,1.10,1.13,1.17,1.19,1.22,1.28,1.34,1.40,projected
"East of England",2021-08-05,0.88,0.92,0.95,1.00,1.02,1.04,1.07,1.10,1.13,1.17,1.19,1.22,1.28,1.34,1.40,projected
"East of England",2021-08-06,0.88,0.92,0.95,1.00,1.02,1.04,1.07,1.10,1.13,1.17,1.19,1.22,1.28,1.34,1.40,projected
"East of England",2021-08-07,0.88,0.92,0.95,1.00,1.02,1.04,1.07,1.10,1.13,1.17,1.19,1.22,1.28,1.34,1.40,projected
"East of England",2021-08-08,0.88,0.92,0.95,1.00,1.02,1.04,1.07,1.10,1.13,1.17,1.19,1.22,1.28,1.34,1.40,projected
"East of England",2021-08-09,0.91,0.97,1.02,1.09,1.13,1.16,1.20,1.25,1.32,1.37,1.41,1.45,1.57,1.67,1.82,projected
"East of England",2021-08-10,0.91,0.97,1.02,1.09,1.13,1.16,1.20,1.25,1.32,1.37,1.41,1.45,1.57,1.67,1.82,projected
"East of England",2021-08-11,0.91,0.97,1.02,1.09,1.13,1.16,1.20,1.25,1.32,1.37,1.41,1.45,1.57,1.67,1.82,projected
"East of England",2021-08-12,0.91,0.97,1.02,1.09,1.13,1.16,1.20,1.25,1.32,1.37,1.41,1.45,1.57,1.67,1.82,projected
"East of England",2021-08-13,0.91,0.97,1.02,1.09,1.13,1.16,1.20,1.25,1.32,1.37,1.41,1.45,1.57,1.67,1.82,projected
"East of England",2021-08-14,0.91,0.97,1.02,1.09,1.13,1.16,1.20,1.25,1.32,1.37,1.41,1.45,1.57,1.67,1.82,projected
"East of England",2021-08-15,0.91,0.97,1.02,1.09,1.13,1.16,1.20,1.25,1.32,1.37,1.41,1.45,1.57,1.67,1.82,projected
"East of England",2021-08-16,0.98,1.04,1.12,1.21,1.26,1.29,1.37,1.45,1.53,1.62,1.68,1.75,1.99,2.21,2.46,projected
"East of England",2021-08-17,0.98,1.04,1.12,1.21,1.26,1.29,1.37,1.45,1.53,1.62,1.68,1.75,1.99,2.21,2.46,projected
"East of England",2021-08-18,0.98,1.04,1.12,1.21,1.26,1.29,1.37,1.45,1.53,1.62,1.68,1.75,1.99,2.21,2.46,projected
"East of England",2021-08-19,0.98,1.04,1.12,1.21,1.26,1.29,1.37,1.45,1.53,1.62,1.68,1.75,1.99,2.21,2.46,projected
"East of England",2021-08-20,0.98,1.04,1.12,1.21,1.26,1.29,1.37,1.45,1.53,1.62,1.68,1.75,1.99,2.21,2.46,projected
"East of England",2021-08-21,0.98,1.04,1.12,1.21,1.26,1.29,1.37,1.45,1.53,1.62,1.68,1.75,1.99,2.21,2.46,projected
"East of England",2021-08-22,0.98,1.04,1.12,1.21,1.26,1.29,1.37,1.45,1.53,1.62,1.68,1.75,1.99,2.21,2.46,projected
"London",2021-04-19,0.77,0.78,0.80,0.81,0.81,0.82,0.83,0.84,0.85,0.86,0.86,0.87,0.88,0.89,0.91,inferred
"London",2021-04-20,0.77,0.78,0.80,0.81,0.81,0.82,0.83,0.84,0.85,0.86,0.86,0.87,0.88,0.89,0.91,inferred
"London",2021-04-21,0.77,0.78,0.80,0.81,0.81,0.82,0.83,0.84,0.85,0.86,0.86,0.87,0.88,0.89,0.91,inferred
"London",2021-04-22,0.77,0.78,0.80,0.81,0.81,0.82,0.83,0.84,0.85,0.86,0.86,0.87,0.88,0.89,0.91,inferred
"London",2021-04-23,0.77,0.78,0.80,0.81,0.81,0.82,0.83,0.84,0.85,0.86,0.86,0.87,0.88,0.89,0.91,inferred
"London",2021-04-24,0.77,0.78,0.80,0.81,0.81,0.82,0.83,0.84,0.85,0.86,0.86,0.87,0.88,0.89,0.91,inferred
"London",2021-04-25,0.77,0.78,0.80,0.81,0.81,0.82,0.83,0.84,0.85,0.86,0.86,0.87,0.88,0.89,0.91,inferred
"London",2021-04-26,0.89,0.90,0.92,0.95,0.96,0.97,0.98,0.99,1.01,1.03,1.04,1.04,1.07,1.09,1.11,inferred
"London",2021-04-27,0.89,0.90,0.92,0.95,0.96,0.97,0.98,0.99,1.01,1.03,1.04,1.04,1.07,1.09,1.11,inferred
"London",2021-04-28,0.89,0.90,0.92,0.95,0.96,0.97,0.98,0.99,1.01,1.03,1.04,1.04,1.07,1.09,1.11,inferred
"London",2021-04-29,0.89,0.90,0.92,0.95,0.96,0.97,0.98,0.99,1.01,1.03,1.04,1.04,1.07,1.09,1.11,inferred
"London",2021-04-30,0.89,0.90,0.92,0.95,0.96,0.97,0.98,0.99,1.01,1.03,1.04,1.04,1.07,1.09,1.11,inferred
"London",2021-05-01,0.89,0.90,0.92,0.95,0.96,0.97,0.98,0.99,1.01,1.03,1.04,1.04,1.07,1.09,1.11,inferred
"London",2021-05-02,0.89,0.90,0.92,0.95,0.96,0.97,0.98,0.99,1.01,1.03,1.04,1.04,1.07,1.09,1.11,inferred
"London",2021-05-03,0.91,0.93,0.95,0.97,0.98,0.98,1.00,1.01,1.02,1.03,1.04,1.05,1.07,1.08,1.10,inferred
"London",2021-05-04,0.91,0.93,0.95,0.97,0.98,0.98,1.00,1.01,1.02,1.03,1.04,1.05,1.07,1.08,1.10,inferred
"London",2021-05-05,0.91,0.93,0.95,0.97,0.98,0.98,1.00,1.01,1.02,1.03,1.04,1.05,1.07,1.08,1.10,inferred
"London",2021-05-06,0.91,0.93,0.95,0.97,0.98,0.98,1.00,1.01,1.02,1.03,1.04,1.05,1.07,1.08,1.10,inferred
"London",2021-05-07,0.91,0.93,0.95,0.97,0.98,0.98,1.00,1.01,1.02,1.03,1.04,1.05,1.07,1.08,1.10,inferred
"London",2021-05-08,0.91,0.93,0.95,0.97,0.98,0.98,1.00,1.01,1.02,1.03,1.04,1.05,1.07,1.08,1.10,inferred
"London",2021-05-09,0.91,0.93,0.95,0.97,0.98,0.98,1.00,1.01,1.02,1.03,1.04,1.05,1.07,1.08,1.10,inferred
"London",2021-05-10,1.03,1.04,1.06,1.08,1.09,1.09,1.11,1.12,1.13,1.15,1.15,1.16,1.19,1.21,1.22,inferred
"London",2021-05-11,1.03,1.04,1.06,1.08,1.09,1.09,1.11,1.12,1.13,1.15,1.15,1.16,1.19,1.21,1.22,inferred
"London",2021-05-12,1.03,1.04,1.06,1.08,1.09,1.09,1.11,1.12,1.13,1.15,1.15,1.16,1.19,1.21,1.22,inferred
"London",2021-05-13,1.03,1.04,1.06,1.08,1.09,1.09,1.11,1.12,1.13,1.15,1.15,1.16,1.19,1.21,1.22,inferred
"London",2021-05-14,1.03,1.04,1.06,1.08,1.09,1.09,1.11,1.12,1.13,1.15,1.15,1.16,1.19,1.21,1.22,inferred
"London",2021-05-15,1.03,1.04,1.06,1.08,1.09,1.09,1.11,1.12,1.13,1.15,1.15,1.16,1.19,1.21,1.22,inferred
"London",2021-05-16,1.03,1.04,1.06,1.08,1.09,1.09,1.11,1.12,1.13,1.15,1.15,1.16,1.19,1.21,1.22,inferred
"London",2021-05-17,1.24,1.26,1.28,1.31,1.33,1.34,1.36,1.38,1.41,1.43,1.44,1.46,1.49,1.52,1.55,inferred
"London",2021-05-18,1.24,1.26,1.28,1.31,1.33,1.34,1.36,1.38,1.41,1.43,1.44,1.46,1.49,1.52,1.55,inferred
"London",2021-05-19,1.24,1.26,1.28,1.31,1.33,1.34,1.36,1.38,1.41,1.43,1.44,1.46,1.49,1.52,1.55,inferred
"London",2021-05-20,1.24,1.26,1.28,1.31,1.33,1.34,1.36,1.38,1.41,1.43,1.44,1.46,1.49,1.52,1.55,inferred
"London",2021-05-21,1.24,1.26,1.28,1.31,1.33,1.34,1.36,1.38,1.41,1.43,1.44,1.46,1.49,1.52,1.55,inferred
"London",2021-05-22,1.24,1.26,1.28,1.31,1.33,1.34,1.36,1.38,1.41,1.43,1.44,1.46,1.49,1.52,1.55,inferred
"London",2021-05-23,1.24,1.26,1.28,1.31,1.33,1.34,1.36,1.38,1.41,1.43,1.44,1.46,1.49,1.52,1.55,inferred
"London",2021-05-24,1.41,1.43,1.46,1.51,1.53,1.55,1.59,1.63,1.66,1.70,1.72,1.75,1.83,1.87,1.91,inferred
"London",2021-05-25,1.41,1.43,1.46,1.51,1.53,1.55,1.59,1.63,1.66,1.70,1.72,1.75,1.83,1.87,1.91,inferred
"London",2021-05-26,1.41,1.43,1.46,1.51,1.53,1.55,1.59,1.63,1.66,1.70,1.72,1.75,1.83,1.87,1.91,inferred
"London",2021-05-27,1.41,1.43,1.46,1.51,1.53,1.55,1.59,1.63,1.66,1.70,1.72,1.75,1.83,1.87,1.91,inferred
"London",2021-05-28,1.41,1.43,1.46,1.51,1.53,1.55,1.59,1.63,1.66,1.70,1.72,1.75,1.83,1.87,1.91,inferred
"London",2021-05-29,1.41,1.43,1.46,1.51,1.53,1.55,1.59,1.63,1.66,1.70,1.72,1.75,1.83,1.87,1.91,inferred
"London",2021-05-30,1.41,1.43,1.46,1.51,1.53,1.55,1.59,1.63,1.66,1.70,1.72,1.75,1.83,1.87,1.91,inferred
"London",2021-05-31,1.20,1.22,1.24,1.29,1.32,1.34,1.38,1.42,1.45,1.47,1.49,1.51,1.59,1.68,1.70,inferred
"London",2021-06-01,1.20,1.22,1.24,1.29,1.32,1.34,1.38,1.42,1.45,1.47,1.49,1.51,1.59,1.68,1.70,inferred
"London",2021-06-02,1.20,1.22,1.24,1.29,1.32,1.34,1.38,1.42,1.45,1.47,1.49,1.51,1.59,1.68,1.70,inferred
"London",2021-06-03,1.20,1.22,1.24,1.29,1.32,1.34,1.38,1.42,1.45,1.47,1.49,1.51,1.59,1.68,1.70,inferred
"London",2021-06-04,1.20,1.22,1.24,1.29,1.32,1.34,1.38,1.42,1.45,1.47,1.49,1.51,1.59,1.68,1.70,inferred
"London",2021-06-05,1.20,1.22,1.24,1.29,1.32,1.34,1.38,1.42,1.45,1.47,1.49,1.51,1.59,1.68,1.70,inferred
"London",2021-06-06,1.20,1.22,1.24,1.29,1.32,1.34,1.38,1.42,1.45,1.47,1.49,1.51,1.59,1.68,1.70,inferred
"London",2021-06-07,1.01,1.02,1.04,1.06,1.07,1.08,1.10,1.11,1.13,1.15,1.15,1.17,1.21,1.24,1.27,inferred
"London",2021-06-08,1.01,1.02,1.04,1.06,1.07,1.08,1.10,1.11,1.13,1.15,1.15,1.17,1.21,1.24,1.27,inferred
"London",2021-06-09,1.01,1.02,1.04,1.06,1.07,1.08,1.10,1.11,1.13,1.15,1.15,1.17,1.21,1.24,1.27,inferred
"London",2021-06-10,1.01,1.02,1.04,1.06,1.07,1.08,1.10,1.11,1.13,1.15,1.15,1.17,1.21,1.24,1.27,inferred
"London",2021-06-11,1.01,1.02,1.04,1.06,1.07,1.08,1.10,1.11,1.13,1.15,1.15,1.17,1.21,1.24,1.27,inferred
"London",2021-06-12,1.01,1.02,1.04,1.06,1.07,1.08,1.10,1.11,1.13,1.15,1.15,1.17,1.21,1.24,1.27,inferred
"London",2021-06-13,1.01,1.02,1.04,1.06,1.07,1.08,1.10,1.11,1.13,1.15,1.15,1.17,1.21,1.24,1.27,inferred
"London",2021-06-14,1.44,1.45,1.47,1.50,1.51,1.53,1.56,1.58,1.60,1.63,1.64,1.66,1.70,1.73,1.75,inferred
"London",2021-06-15,1.44,1.45,1.47,1.50,1.51,1.53,1.56,1.58,1.60,1.63,1.64,1.66,1.70,1.73,1.75,inferred
"London",2021-06-16,1.44,1.45,1.47,1.50,1.51,1.53,1.56,1.58,1.60,1.63,1.64,1.66,1.70,1.73,1.75,inferred
"London",2021-06-17,1.44,1.45,1.47,1.50,1.51,1.53,1.56,1.58,1.60,1.63,1.64,1.66,1.70,1.73,1.75,inferred
"London",2021-06-18,1.44,1.45,1.47,1.50,1.51,1.53,1.56,1.58,1.60,1.63,1.64,1.66,1.70,1.73,1.75,inferred
"London",2021-06-19,1.44,1.45,1.47,1.50,1.51,1.53,1.56,1.58,1.60,1.63,1.64,1.66,1.70,1.73,1.75,inferred
"London",2021-06-20,1.44,1.45,1.47,1.50,1.51,1.53,1.56,1.58,1.60,1.63,1.64,1.66,1.70,1.73,1.75,inferred
"London",2021-06-21,1.39,1.40,1.42,1.47,1.51,1.54,1.60,1.64,1.66,1.70,1.73,1.75,1.85,1.94,1.96,inferred
"London",2021-06-22,1.39,1.40,1.42,1.47,1.51,1.54,1.60,1.64,1.66,1.70,1.73,1.75,1.85,1.94,1.96,inferred
"London",2021-06-23,1.39,1.40,1.42,1.47,1.51,1.54,1.60,1.64,1.66,1.70,1.73,1.75,1.85,1.94,1.96,inferred
"London",2021-06-24,1.39,1.40,1.42,1.47,1.51,1.54,1.60,1.64,1.66,1.70,1.73,1.75,1.85,1.94,1.96,inferred
"London",2021-06-25,1.39,1.40,1.42,1.47,1.51,1.54,1.60,1.64,1.66,1.70,1.73,1.75,1.85,1.94,1.96,inferred
"London",2021-06-26,1.39,1.40,1.42,1.47,1.51,1.54,1.60,1.64,1.66,1.70,1.73,1.75,1.85,1.94,1.96,inferred
"London",2021-06-27,1.39,1.40,1.42,1.47,1.51,1.54,1.60,1.64,1.66,1.70,1.73,1.75,1.85,1.94,1.96,inferred
"London",2021-06-28,1.04,1.05,1.06,1.09,1.12,1.13,1.16,1.19,1.22,1.23,1.24,1.25,1.32,1.40,1.42,inferred
"London",2021-06-29,1.04,1.05,1.06,1.09,1.12,1.13,1.16,1.19,1.22,1.23,1.24,1.25,1.32,1.40,1.42,inferred
"London",2021-06-30,1.04,1.05,1.06,1.09,1.12,1.13,1.16,1.19,1.22,1.23,1.24,1.25,1.32,1.40,1.42,inferred
"London",2021-07-01,1.04,1.05,1.06,1.09,1.12,1.13,1.16,1.19,1.22,1.23,1.24,1.25,1.32,1.40,1.42,inferred
"London",2021-07-02,1.04,1.05,1.06,1.09,1.12,1.13,1.16,1.19,1.22,1.23,1.24,1.25,1.32,1.40,1.42,inferred
"London",2021-07-03,1.04,1.05,1.06,1.09,1.12,1.13,1.16,1.19,1.22,1.23,1.24,1.25,1.32,1.40,1.42,inferred
"London",2021-07-04,1.04,1.05,1.06,1.09,1.12,1.13,1.16,1.19,1.22,1.23,1.24,1.25,1.32,1.40,1.42,inferred
"London",2021-07-05,1.58,1.59,1.61,1.64,1.65,1.68,1.74,1.75,1.77,1.81,1.85,1.87,1.92,1.96,1.98,inferred
"London",2021-07-06,1.58,1.59,1.61,1.64,1.65,1.68,1.74,1.75,1.77,1.81,1.85,1.87,1.92,1.96,1.98,inferred
"London",2021-07-07,1.58,1.59,1.61,1.64,1.65,1.68,1.74,1.75,1.77,1.81,1.85,1.87,1.92,1.96,1.98,inferred
"London",2021-07-08,1.58,1.59,1.61,1.64,1.65,1.68,1.74,1.75,1.77,1.81,1.85,1.87,1.92,1.96,1.98,inferred
"London",2021-07-09,1.58,1.59,1.61,1.64,1.65,1.68,1.74,1.75,1.77,1.81,1.85,1.87,1.92,1.96,1.98,inferred
"London",2021-07-10,1.58,1.59,1.61,1.64,1.65,1.68,1.74,1.75,1.77,1.81,1.85,1.87,1.92,1.96,1.98,inferred
"London",2021-07-11,1.58,1.59,1.61,1.64,1.65,1.68,1.74,1.75,1.77,1.81,1.85,1.87,1.92,1.96,1.98,inferred
"London",2021-07-12,0.60,0.61,0.63,0.65,0.66,0.67,0.69,0.70,0.71,0.71,0.72,0.73,0.76,0.79,0.79,inferred
"London",2021-07-13,0.60,0.61,0.63,0.65,0.66,0.67,0.69,0.70,0.71,0.71,0.72,0.73,0.76,0.79,0.79,inferred
"London",2021-07-14,0.60,0.61,0.63,0.65,0.66,0.67,0.69,0.70,0.71,0.71,0.72,0.73,0.76,0.79,0.79,inferred
"London",2021-07-15,0.60,0.61,0.63,0.65,0.66,0.67,0.69,0.70,0.71,0.71,0.72,0.73,0.76,0.79,0.79,inferred
"London",2021-07-16,0.60,0.61,0.63,0.65,0.66,0.67,0.69,0.70,0.71,0.71,0.72,0.73,0.76,0.79,0.79,inferred
"London",2021-07-17,0.60,0.61,0.63,0.65,0.66,0.67,0.69,0.70,0.71,0.71,0.72,0.73,0.76,0.79,0.79,inferred
"London",2021-07-18,0.60,0.61,0.63,0.65,0.66,0.67,0.69,0.70,0.71,0.71,0.72,0.73,0.76,0.79,0.79,inferred
"London",2021-07-19,0.66,0.67,0.69,0.72,0.73,0.73,0.74,0.74,0.76,0.79,0.80,0.83,0.87,0.88,0.89,inferred
"London",2021-07-20,0.66,0.67,0.69,0.72,0.73,0.73,0.74,0.74,0.76,0.79,0.80,0.83,0.87,0.88,0.89,inferred
"London",2021-07-21,0.66,0.67,0.69,0.72,0.73,0.73,0.74,0.74,0.76,0.79,0.80,0.83,0.87,0.88,0.89,inferred
"London",2021-07-22,0.66,0.67,0.69,0.72,0.73,0.73,0.74,0.74,0.76,0.79,0.80,0.83,0.87,0.88,0.89,inferred
"London",2021-07-23,0.66,0.67,0.69,0.72,0.73,0.73,0.74,0.74,0.76,0.79,0.80,0.83,0.87,0.88,0.89,inferred
"London",2021-07-24,0.66,0.67,0.69,0.72,0.73,0.73,0.74,0.74,0.76,0.79,0.80,0.83,0.87,0.88,0.89,inferred
"London",2021-07-25,0.66,0.67,0.69,0.72,0.73,0.73,0.74,0.74,0.76,0.79,0.80,0.83,0.87,0.88,0.89,inferred
"London",2021-07-26,0.82,0.83,0.85,0.88,0.89,0.90,0.92,0.93,0.94,0.96,0.97,0.98,1.00,1.03,1.05,inferred
"London",2021-07-27,0.82,0.83,0.85,0.88,0.89,0.90,0.92,0.93,0.94,0.96,0.97,0.98,1.00,1.03,1.05,inferred
"London",2021-07-28,0.82,0.83,0.85,0.88,0.89,0.90,0.92,0.93,0.94,0.96,0.97,0.98,1.00,1.03,1.05,inferred
"London",2021-07-29,0.82,0.83,0.85,0.88,0.89,0.90,0.92,0.93,0.94,0.96,0.97,0.98,1.00,1.03,1.05,inferred
"London",2021-07-30,0.82,0.83,0.85,0.88,0.89,0.90,0.92,0.93,0.94,0.96,0.97,0.98,1.00,1.03,1.05,inferred
"London",2021-07-31,0.82,0.83,0.85,0.88,0.89,0.90,0.92,0.93,0.94,0.96,0.97,0.98,1.00,1.03,1.05,inferred
"London",2021-08-01,0.82,0.83,0.85,0.88,0.89,0.90,0.92,0.93,0.94,0.96,0.97,0.98,1.00,1.03,1.05,inferred
"London",2021-08-02,0.67,0.72,0.77,0.83,0.86,0.88,0.93,0.97,1.01,1.06,1.09,1.12,1.20,1.28,1.35,projected
"London",2021-08-03,0.67,0.72,0.77,0.83,0.86,0.88,0.93,0.97,1.01,1.06,1.09,1.12,1.20,1.28,1.35,projected
"London",2021-08-04,0.67,0.72,0.77,0.83,0.86,0.88,0.93,0.97,1.01,1.06,1.09,1.12,1.20,1.28,1.35,projected
"London",2021-08-05,0.67,0.72,0.77,0.83,0.86,0.88,0.93,0.97,1.01,1.06,1.09,1.12,1.20,1.28,1.35,projected
"London",2021-08-06,0.67,0.72,0.77,0.83,0.86,0.88,0.93,0.97,1.01,1.06,1.09,1.12,1.20,1.28,1.35,projected
"London",2021-08-07,0.67,0.72,0.77,0.83,0.86,0.88,0.93,0.97,1.01,1.06,1.09,1.12,1.20,1.28,1.35,projected
"London",2021-08-08,0.67,0.72,0.77,0.83,0.86,0.88,0.93,0.97,1.01,1.06,1.09,1.12,1.20,1.28,1.35,projected
"London",2021-08-09,0.64,0.70,0.76,0.84,0.88,0.91,0.96,1.02,1.08,1.15,1.19,1.23,1.34,1.47,1.58,projected
"London",2021-08-10,0.64,0.70,0.76,0.84,0.88,0.91,0.96,1.02,1.08,1.15,1.19,1.23,1.34,1.47,1.58,projected
"London",2021-08-11,0.64,0.70,0.76,0.84,0.88,0.91,0.96,1.02,1.08,1.15,1.19,1.23,1.34,1.47,1.58,projected
"London",2021-08-12,0.64,0.70,0.76,0.84,0.88,0.91,0.96,1.02,1.08,1.15,1.19,1.23,1.34,1.47,1.58,projected
"London",2021-08-13,0.64,0.70,0.76,0.84,0.88,0.91,0.96,1.02,1.08,1.15,1.19,1.23,1.34,1.47,1.58,projected
"London",2021-08-14,0.64,0.70,0.76,0.84,0.88,0.91,0.96,1.02,1.08,1.15,1.19,1.23,1.34,1.47,1.58,projected
"London",2021-08-15,0.64,0.70,0.76,0.84,0.88,0.91,0.96,1.02,1.08,1.15,1.19,1.23,1.34,1.47,1.58,projected
"London",2021-08-16,0.64,0.70,0.77,0.87,0.91,0.95,1.02,1.09,1.17,1.25,1.30,1.38,1.55,1.70,1.88,projected
"London",2021-08-17,0.64,0.70,0.77,0.87,0.91,0.95,1.02,1.09,1.17,1.25,1.30,1.38,1.55,1.70,1.88,projected
"London",2021-08-18,0.64,0.70,0.77,0.87,0.91,0.95,1.02,1.09,1.17,1.25,1.30,1.38,1.55,1.70,1.88,projected
"London",2021-08-19,0.64,0.70,0.77,0.87,0.91,0.95,1.02,1.09,1.17,1.25,1.30,1.38,1.55,1.70,1.88,projected
"London",2021-08-20,0.64,0.70,0.77,0.87,0.91,0.95,1.02,1.09,1.17,1.25,1.30,1.38,1.55,1.70,1.88,projected
"London",2021-08-21,0.64,0.70,0.77,0.87,0.91,0.95,1.02,1.09,1.17,1.25,1.30,1.38,1.55,1.70,1.88,projected
"London",2021-08-22,0.64,0.70,0.77,0.87,0.91,0.95,1.02,1.09,1.17,1.25,1.30,1.38,1.55,1.70,1.88,projected
"South East",2021-04-19,0.80,0.81,0.82,0.84,0.85,0.85,0.86,0.87,0.88,0.89,0.90,0.90,0.93,0.93,0.93,inferred
"South East",2021-04-20,0.80,0.81,0.82,0.84,0.85,0.85,0.86,0.87,0.88,0.89,0.90,0.90,0.93,0.93,0.93,inferred
"South East",2021-04-21,0.80,0.81,0.82,0.84,0.85,0.85,0.86,0.87,0.88,0.89,0.90,0.90,0.93,0.93,0.93,inferred
"South East",2021-04-22,0.80,0.81,0.82,0.84,0.85,0.85,0.86,0.87,0.88,0.89,0.90,0.90,0.93,0.93,0.93,inferred
"South East",2021-04-23,0.80,0.81,0.82,0.84,0.85,0.85,0.86,0.87,0.88,0.89,0.90,0.90,0.93,0.93,0.93,inferred
"South East",2021-04-24,0.80,0.81,0.82,0.84,0.85,0.85,0.86,0.87,0.88,0.89,0.90,0.90,0.93,0.93,0.93,inferred
"South East",2021-04-25,0.80,0.81,0.82,0.84,0.85,0.85,0.86,0.87,0.88,0.89,0.90,0.90,0.93,0.93,0.93,inferred
"South East",2021-04-26,0.81,0.83,0.84,0.86,0.87,0.87,0.88,0.89,0.90,0.91,0.92,0.93,0.95,0.96,0.98,inferred
"South East",2021-04-27,0.81,0.83,0.84,0.86,0.87,0.87,0.88,0.89,0.90,0.91,0.92,0.93,0.95,0.96,0.98,inferred
"South East",2021-04-28,0.81,0.83,0.84,0.86,0.87,0.87,0.88,0.89,0.90,0.91,0.92,0.93,0.95,0.96,0.98,inferred
"South East",2021-04-29,0.81,0.83,0.84,0.86,0.87,0.87,0.88,0.89,0.90,0.91,0.92,0.93,0.95,0.96,0.98,inferred
"South East",2021-04-30,0.81,0.83,0.84,0.86,0.87,0.87,0.88,0.89,0.90,0.91,0.92,0.93,0.95,0.96,0.98,inferred
"South East",2021-05-01,0.81,0.83,0.84,0.86,0.87,0.87,0.88,0.89,0.90,0.91,0.92,0.93,0.95,0.96,0.98,inferred
"South East",2021-05-02,0.81,0.83,0.84,0.86,0.87,0.87,0.88,0.89,0.90,0.91,0.92,0.93,0.95,0.96,0.98,inferred
"South East",2021-05-03,0.85,0.87,0.88,0.90,0.91,0.91,0.93,0.94,0.95,0.96,0.96,0.96,0.98,1.00,1.01,inferred
"South East",2021-05-04,0.85,0.87,0.88,0.90,0.91,0.91,0.93,0.94,0.95,0.96,0.96,0.96,0.98,1.00,1.01,inferred
"South East",2021-05-05,0.85,0.87,0.88,0.90,0.91,0.91,0.93,0.94,0.95,0.96,0.96,0.96,0.98,1.00,1.01,inferred
"South East",2021-05-06,0.85,0.87,0.88,0.90,0.91,0.91,0.93,0.94,0.95,0.96,0.96,0.96,0.98,1.00,1.01,inferred
"South East",2021-05-07,0.85,0.87,0.88,0.90,0.91,0.91,0.93,0.94,0.95,0.96,0.96,0.96,0.98,1.00,1.01,inferred
"South East",2021-05-08,0.85,0.87,0.88,0.90,0.91,0.91,0.93,0.94,0.95,0.96,0.96,0.96,0.98,1.00,1.01,inferred
"South East",2021-05-09,0.85,0.87,0.88,0.90,0.91,0.91,0.93,0.94,0.95,0.96,0.96,0.96,0.98,1.00,1.01,inferred
"South East",2021-05-10,1.02,1.04,1.05,1.07,1.07,1.07,1.09,1.10,1.11,1.12,1.13,1.14,1.16,1.17,1.19,inferred
"South East",2021-05-11,1.02,1.04,1.05,1.07,1.07,1.07,1.09,1.10,1.11,1.12,1.13,1.14,1.16,1.17,1.19,inferred
"South East",2021-05-12,1.02,1.04,1.05,1.07,1.07,1.07,1.09,1.10,1.11,1.12,1.13,1.14,1.16,1.17,1.19,inferred
"South East",2021-05-13,1.02,1.04,1.05,1.07,1.07,1.07,1.09,1.10,1.11,1.12,1.13,1.14,1.16,1.17,1.19,inferred
"South East",2021-05-14,1.02,1.04,1.05,1.07,1.07,1.07,1.09,1.10,1.11,1.12,1.13,1.14,1.16,1.17,1.19,inferred
"South East",2021-05-15,1.02,1.04,1.05,1.07,1.07,1.07,1.09,1.10,1.11,1.12,1.13,1.14,1.16,1.17,1.19,inferred
"South East",2021-05-16,1.02,1.04,1.05,1.07,1.07,1.07,1.09,1.10,1.11,1.12,1.13,1.14,1.16,1.17,1.19,inferred
"South East",2021-05-17,1.39,1.41,1.44,1.46,1.46,1.48,1.52,1.55,1.58,1.61,1.63,1.65,1.69,1.72,1.75,inferred
"South East",2021-05-18,1.39,1.41,1.44,1.46,1.46,1.48,1.52,1.55,1.58,1.61,1.63,1.65,1.69,1.72,1.75,inferred
"South East",2021-05-19,1.39,1.41,1.44,1.46,1.46,1.48,1.52,1.55,1.58,1.61,1.63,1.65,1.69,1.72,1.75,inferred
"South East",2021-05-20,1.39,1.41,1.44,1.46,1.46,1.48,1.52,1.55,1.58,1.61,1.63,1.65,1.69,1.72,1.75,inferred
"South East",2021-05-21,1.39,1.41,1.44,1.46,1.46,1.48,1.52,1.55,1.58,1.61,1.63,1.65,1.69,1.72,1.75,inferred
"South East",2021-05-22,1.39,1.41,1.44,1.46,1.46,1.48,1.52,1.55,1.58,1.61,1.63,1.65,1.69,1.72,1.75,inferred
"South East",2021-05-23,1.39,1.41,1.44,1.46,1.46,1.48,1.52,1.55,1.58,1.61,1.63,1.65,1.69,1.72,1.75,inferred
"South East",2021-05-24,1.31,1.33,1.35,1.42,1.43,1.44,1.50,1.54,1.57,1.61,1.63,1.65,1.72,1.79,1.83,inferred
"South East",2021-05-25,1.31,1.33,1.35,1.42,1.43,1.44,1.50,1.54,1.57,1.61,1.63,1.65,1.72,1.79,1.83,inferred
"South East",2021-05-26,1.31,1.33,1.35,1.42,1.43,1.44,1.50,1.54,1.57,1.61,1.63,1.65,1.72,1.79,1.83,inferred
"South East",2021-05-27,1.31,1.33,1.35,1.42,1.43,1.44,1.50,1.54,1.57,1.61,1.63,1.65,1.72,1.79,1.83,inferred
"South East",2021-05-28,1.31,1.33,1.35,1.42,1.43,1.44,1.50,1.54,1.57,1.61,1.63,1.65,1.72,1.79,1.83,inferred
"South East",2021-05-29,1.31,1.33,1.35,1.42,1.43,1.44,1.50,1.54,1.57,1.61,1.63,1.65,1.72,1.79,1.83,inferred
"South East",2021-05-30,1.31,1.33,1.35,1.42,1.43,1.44,1.50,1.54,1.57,1.61,1.63,1.65,1.72,1.79,1.83,inferred
"South East",2021-05-31,1.15,1.16,1.19,1.23,1.27,1.28,1.29,1.31,1.34,1.36,1.38,1.40,1.45,1.50,1.53,inferred
"South East",2021-06-01,1.15,1.16,1.19,1.23,1.27,1.28,1.29,1.31,1.34,1.36,1.38,1.40,1.45,1.50,1.53,inferred
"South East",2021-06-02,1.15,1.16,1.19,1.23,1.27,1.28,1.29,1.31,1.34,1.36,1.38,1.40,1.45,1.50,1.53,inferred
"South East",2021-06-03,1.15,1.16,1.19,1.23,1.27,1.28,1.29,1.31,1.34,1.36,1.38,1.40,1.45,1.50,1.53,inferred
"South East",2021-06-04,1.15,1.16,1.19,1.23,1.27,1.28,1.29,1.31,1.34,1.36,1.38,1.40,1.45,1.50,1.53,inferred
"South East",2021-06-05,1.15,1.16,1.19,1.23,1.27,1.28,1.29,1.31,1.34,1.36,1.38,1.40,1.45,1.50,1.53,inferred
"South East",2021-06-06,1.15,1.16,1.19,1.23,1.27,1.28,1.29,1.31,1.34,1.36,1.38,1.40,1.45,1.50,1.53,inferred
"South East",2021-06-07,1.16,1.17,1.19,1.23,1.26,1.26,1.28,1.31,1.33,1.35,1.36,1.38,1.43,1.48,1.50,inferred
"South East",2021-06-08,1.16,1.17,1.19,1.23,1.26,1.26,1.28,1.31,1.33,1.35,1.36,1.38,1.43,1.48,1.50,inferred
"South East",2021-06-09,1.16,1.17,1.19,1.23,1.26,1.26,1.28,1.31,1.33,1.35,1.36,1.38,1.43,1.48,1.50,inferred
"South East",2021-06-10,1.16,1.17,1.19,1.23,1.26,1.26,1.28,1.31,1.33,1.35,1.36,1.38,1.43,1.48,1.50,inferred
"South East",2021-06-11,1.16,1.17,1.19,1.23,1.26,1.26,1.28,1.31,1.33,1.35,1.36,1.38,1.43,1.48,1.50,inferred
"South East",2021-06-12,1.16,1.17,1.19,1.23,1.26,1.26,1.28,1.31,1.33,1.35,1.36,1.38,1.43,1.48,1.50,inferred
"South East",2021-06-13,1.16,1.17,1.19,1.23,1.26,1.26,1.28,1.31,1.33,1.35,1.36,1.38,1.43,1.48,1.50,inferred
"South East",2021-06-14,1.48,1.50,1.51,1.57,1.58,1.58,1.61,1.64,1.66,1.70,1.72,1.75,1.80,1.83,1.86,inferred
"South East",2021-06-15,1.48,1.50,1.51,1.57,1.58,1.58,1.61,1.64,1.66,1.70,1.72,1.75,1.80,1.83,1.86,inferred
"South East",2021-06-16,1.48,1.50,1.51,1.57,1.58,1.58,1.61,1.64,1.66,1.70,1.72,1.75,1.80,1.83,1.86,inferred
"South East",2021-06-17,1.48,1.50,1.51,1.57,1.58,1.58,1.61,1.64,1.66,1.70,1.72,1.75,1.80,1.83,1.86,inferred
"South East",2021-06-18,1.48,1.50,1.51,1.57,1.58,1.58,1.61,1.64,1.66,1.70,1.72,1.75,1.80,1.83,1.86,inferred
"South East",2021-06-19,1.48,1.50,1.51,1.57,1.58,1.58,1.61,1.64,1.66,1.70,1.72,1.75,1.80,1.83,1.86,inferred
"South East",2021-06-20,1.48,1.50,1.51,1.57,1.58,1.58,1.61,1.64,1.66,1.70,1.72,1.75,1.80,1.83,1.86,inferred
"South East",2021-06-21,1.51,1.53,1.54,1.61,1.61,1.65,1.80,1.86,1.88,1.93,1.98,2.01,2.12,2.26,2.29,inferred
"South East",2021-06-22,1.51,1.53,1.54,1.61,1.61,1.65,1.80,1.86,1.88,1.93,1.98,2.01,2.12,2.26,2.29,inferred
"South East",2021-06-23,1.51,1.53,1.54,1.61,1.61,1.65,1.80,1.86,1.88,1.93,1.98,2.01,2.12,2.26,2.29,inferred
"South East",2021-06-24,1.51,1.53,1.54,1.61,1.61,1.65,1.80,1.86,1.88,1.93,1.98,2.01,2.12,2.26,2.29,inferred
"South East",2021-06-25,1.51,1.53,1.54,1.61,1.61,1.65,1.80,1.86,1.88,1.93,1.98,2.01,2.12,2.26,2.29,inferred
"South East",2021-06-26,1.51,1.53,1.54,1.61,1.61,1.65,1.80,1.86,1.88,1.93,1.98,2.01,2.12,2.26,2.29,inferred
"South East",2021-06-27,1.51,1.53,1.54,1.61,1.61,1.65,1.80,1.86,1.88,1.93,1.98,2.01,2.12,2.26,2.29,inferred
"South East",2021-06-28,1.08,1.09,1.10,1.16,1.20,1.20,1.22,1.26,1.28,1.31,1.32,1.33,1.39,1.51,1.52,inferred
"South East",2021-06-29,1.08,1.09,1.10,1.16,1.20,1.20,1.22,1.26,1.28,1.31,1.32,1.33,1.39,1.51,1.52,inferred
"South East",2021-06-30,1.08,1.09,1.10,1.16,1.20,1.20,1.22,1.26,1.28,1.31,1.32,1.33,1.39,1.51,1.52,inferred
"South East",2021-07-01,1.08,1.09,1.10,1.16,1.20,1.20,1.22,1.26,1.28,1.31,1.32,1.33,1.39,1.51,1.52,inferred
"South East",2021-07-02,1.08,1.09,1.10,1.16,1.20,1.20,1.22,1.26,1.28,1.31,1.32,1.33,1.39,1.51,1.52,inferred
"South East",2021-07-03,1.08,1.09,1.10,1.16,1.20,1.20,1.22,1.26,1.28,1.31,1.32,1.33,1.39,1.51,1.52,inferred
"South East",2021-07-04,1.08,1.09,1.10,1.16,1.20,1.20,1.22,1.26,1.28,1.31,1.32,1.33,1.39,1.51,1.52,inferred
"South East",2021-07-05,1.64,1.65,1.67,1.72,1.72,1.77,1.84,1.87,1.89,1.94,1.99,2.01,2.10,2.16,2.18,inferred
"South East",2021-07-06,1.64,1.65,1.67,1.72,1.72,1.77,1.84,1.87,1.89,1.94,1.99,2.01,2.10,2.16,2.18,inferred
"South East",2021-07-07,1.64,1.65,1.67,1.72,1.72,1.77,1.84,1.87,1.89,1.94,1.99,2.01,2.10,2.16,2.18,inferred
"South East",2021-07-08,1.64,1.65,1.67,1.72,1.72,1.77,1.84,1.87,1.89,1.94,1.99,2.01,2.10,2.16,2.18,inferred
"South East",2021-07-09,1.64,1.65,1.67,1.72,1.72,1.77,1.84,1.87,1.89,1.94,1.99,2.01,2.10,2.16,2.18,inferred
"South East",2021-07-10,1.64,1.65,1.67,1.72,1.72,1.77,1.84,1.87,1.89,1.94,1.99,2.01,2.10,2.16,2.18,inferred
"South East",2021-07-11,1.64,1.65,1.67,1.72,1.72,1.77,1.84,1.87,1.89,1.94,1.99,2.01,2.10,2.16,2.18,inferred
"South East",2021-07-12,0.53,0.54,0.55,0.57,0.57,0.58,0.59,0.61,0.62,0.63,0.64,0.64,0.66,0.68,0.69,inferred
"South East",2021-07-13,0.53,0.54,0.55,0.57,0.57,0.58,0.59,0.61,0.62,0.63,0.64,0.64,0.66,0.68,0.69,inferred
"South East",2021-07-14,0.53,0.54,0.55,0.57,0.57,0.58,0.59,0.61,0.62,0.63,0.64,0.64,0.66,0.68,0.69,inferred
"South East",2021-07-15,0.53,0.54,0.55,0.57,0.57,0.58,0.59,0.61,0.62,0.63,0.64,0.64,0.66,0.68,0.69,inferred
"South East",2021-07-16,0.53,0.54,0.55,0.57,0.57,0.58,0.59,0.61,0.62,0.63,0.64,0.64,0.66,0.68,0.69,inferred
"South East",2021-07-17,0.53,0.54,0.55,0.57,0.57,0.58,0.59,0.61,0.62,0.63,0.64,0.64,0.66,0.68,0.69,inferred
"South East",2021-07-18,0.53,0.54,0.55,0.57,0.57,0.58,0.59,0.61,0.62,0.63,0.64,0.64,0.66,0.68,0.69,inferred
"South East",2021-07-19,0.63,0.64,0.67,0.70,0.71,0.71,0.72,0.72,0.75,0.78,0.78,0.81,0.87,0.88,0.89,inferred
"South East",2021-07-20,0.63,0.64,0.67,0.70,0.71,0.71,0.72,0.72,0.75,0.78,0.78,0.81,0.87,0.88,0.89,inferred
"South East",2021-07-21,0.63,0.64,0.67,0.70,0.71,0.71,0.72,0.72,0.75,0.78,0.78,0.81,0.87,0.88,0.89,inferred
"South East",2021-07-22,0.63,0.64,0.67,0.70,0.71,0.71,0.72,0.72,0.75,0.78,0.78,0.81,0.87,0.88,0.89,inferred
"South East",2021-07-23,0.63,0.64,0.67,0.70,0.71,0.71,0.72,0.72,0.75,0.78,0.78,0.81,0.87,0.88,0.89,inferred
"South East",2021-07-24,0.63,0.64,0.67,0.70,0.71,0.71,0.72,0.72,0.75,0.78,0.78,0.81,0.87,0.88,0.89,inferred
"South East",2021-07-25,0.63,0.64,0.67,0.70,0.71,0.71,0.72,0.72,0.75,0.78,0.78,0.81,0.87,0.88,0.89,inferred
"South East",2021-07-26,0.90,0.92,0.95,0.98,0.99,1.00,1.02,1.03,1.04,1.06,1.07,1.09,1.12,1.16,1.17,inferred
"South East",2021-07-27,0.90,0.92,0.95,0.98,0.99,1.00,1.02,1.03,1.04,1.06,1.07,1.09,1.12,1.16,1.17,inferred
"South East",2021-07-28,0.90,0.92,0.95,0.98,0.99,1.00,1.02,1.03,1.04,1.06,1.07,1.09,1.12,1.16,1.17,inferred
"South East",2021-07-29,0.90,0.92,0.95,0.98,0.99,1.00,1.02,1.03,1.04,1.06,1.07,1.09,1.12,1.16,1.17,inferred
"South East",2021-07-30,0.90,0.92,0.95,0.98,0.99,1.00,1.02,1.03,1.04,1.06,1.07,1.09,1.12,1.16,1.17,inferred
"South East",2021-07-31,0.90,0.92,0.95,0.98,0.99,1.00,1.02,1.03,1.04,1.06,1.07,1.09,1.12,1.16,1.17,inferred
"South East",2021-08-01,0.90,0.92,0.95,0.98,0.99,1.00,1.02,1.03,1.04,1.06,1.07,1.09,1.12,1.16,1.17,inferred
"South East",2021-08-02,0.90,0.93,0.97,1.04,1.04,1.05,1.08,1.11,1.16,1.20,1.23,1.25,1.33,1.40,1.45,projected
"South East",2021-08-03,0.90,0.93,0.97,1.04,1.04,1.05,1.08,1.11,1.16,1.20,1.23,1.25,1.33,1.40,1.45,projected
"South East",2021-08-04,0.90,0.93,0.97,1.04,1.04,1.05,1.08,1.11,1.16,1.20,1.23,1.25,1.33,1.40,1.45,projected
"South East",2021-08-05,0.90,0.93,0.97,1.04,1.04,1.05,1.08,1.11,1.16,1.20,1.23,1.25,1.33,1.40,1.45,projected
"South East",2021-08-06,0.90,0.93,0.97,1.04,1.04,1.05,1.08,1.11,1.16,1.20,1.23,1.25,1.33,1.40,1.45,projected
"South East",2021-08-07,0.90,0.93,0.97,1.04,1.04,1.05,1.08,1.11,1.16,1.20,1.23,1.25,1.33,1.40,1.45,projected
"South East",2021-08-08,0.90,0.93,0.97,1.04,1.04,1.05,1.08,1.11,1.16,1.20,1.23,1.25,1.33,1.40,1.45,projected
"South East",2021-08-09,0.95,1.00,1.06,1.14,1.17,1.20,1.23,1.26,1.33,1.40,1.46,1.50,1.66,1.79,1.94,projected
"South East",2021-08-10,0.95,1.00,1.06,1.14,1.17,1.20,1.23,1.26,1.33,1.40,1.46,1.50,1.66,1.79,1.94,projected
"South East",2021-08-11,0.95,1.00,1.06,1.14,1.17,1.20,1.23,1.26,1.33,1.40,1.46,1.50,1.66,1.79,1.94,projected
"South East",2021-08-12,0.95,1.00,1.06,1.14,1.17,1.20,1.23,1.26,1.33,1.40,1.46,1.50,1.66,1.79,1.94,projected
"South East",2021-08-13,0.95,1.00,1.06,1.14,1.17,1.20,1.23,1.26,1.33,1.40,1.46,1.50,1.66,1.79,1.94,projected
"South East",2021-08-14,0.95,1.00,1.06,1.14,1.17,1.20,1.23,1.26,1.33,1.40,1.46,1.50,1.66,1.79,1.94,projected
"South East",2021-08-15,0.95,1.00,1.06,1.14,1.17,1.20,1.23,1.26,1.33,1.40,1.46,1.50,1.66,1.79,1.94,projected
"South East",2021-08-16,1.00,1.05,1.12,1.15,1.22,1.27,1.36,1.46,1.57,1.69,1.77,1.86,2.13,2.43,2.81,projected
"South East",2021-08-17,1.00,1.05,1.12,1.15,1.22,1.27,1.36,1.46,1.57,1.69,1.77,1.86,2.13,2.43,2.81,projected
"South East",2021-08-18,1.00,1.05,1.12,1.15,1.22,1.27,1.36,1.46,1.57,1.69,1.77,1.86,2.13,2.43,2.81,projected
"South East",2021-08-19,1.00,1.05,1.12,1.15,1.22,1.27,1.36,1.46,1.57,1.69,1.77,1.86,2.13,2.43,2.81,projected
"South East",2021-08-20,1.00,1.05,1.12,1.15,1.22,1.27,1.36,1.46,1.57,1.69,1.77,1.86,2.13,2.43,2.81,projected
"South East",2021-08-21,1.00,1.05,1.12,1.15,1.22,1.27,1.36,1.46,1.57,1.69,1.77,1.86,2.13,2.43,2.81,projected
"South East",2021-08-22,1.00,1.05,1.12,1.15,1.22,1.27,1.36,1.46,1.57,1.69,1.77,1.86,2.13,2.43,2.81,projected
"South West",2021-04-19,0.80,0.82,0.84,0.86,0.87,0.87,0.89,0.90,0.91,0.93,0.93,0.94,0.96,0.98,1.00,inferred
"South West",2021-04-20,0.80,0.82,0.84,0.86,0.87,0.87,0.89,0.90,0.91,0.93,0.93,0.94,0.96,0.98,1.00,inferred
"South West",2021-04-21,0.80,0.82,0.84,0.86,0.87,0.87,0.89,0.90,0.91,0.93,0.93,0.94,0.96,0.98,1.00,inferred
"South West",2021-04-22,0.80,0.82,0.84,0.86,0.87,0.87,0.89,0.90,0.91,0.93,0.93,0.94,0.96,0.98,1.00,inferred
"South West",2021-04-23,0.80,0.82,0.84,0.86,0.87,0.87,0.89,0.90,0.91,0.93,0.93,0.94,0.96,0.98,1.00,inferred
"South West",2021-04-24,0.80,0.82,0.84,0.86,0.87,0.87,0.89,0.90,0.91,0.93,0.93,0.94,0.96,0.98,1.00,inferred
"South West",2021-04-25,0.80,0.82,0.84,0.86,0.87,0.87,0.89,0.90,0.91,0.93,0.93,0.94,0.96,0.98,1.00,inferred
"South West",2021-04-26,0.82,0.83,0.86,0.88,0.89,0.90,0.91,0.93,0.94,0.96,0.97,0.98,1.00,1.02,1.04,inferred
"South West",2021-04-27,0.82,0.83,0.86,0.88,0.89,0.90,0.91,0.93,0.94,0.96,0.97,0.98,1.00,1.02,1.04,inferred
"South West",2021-04-28,0.82,0.83,0.86,0.88,0.89,0.90,0.91,0.93,0.94,0.96,0.97,0.98,1.00,1.02,1.04,inferred
"South West",2021-04-29,0.82,0.83,0.86,0.88,0.89,0.90,0.91,0.93,0.94,0.96,0.97,0.98,1.00,1.02,1.04,inferred
"South West",2021-04-30,0.82,0.83,0.86,0.88,0.89,0.90,0.91,0.93,0.94,0.96,0.97,0.98,1.00,1.02,1.04,inferred
"South West",2021-05-01,0.82,0.83,0.86,0.88,0.89,0.90,0.91,0.93,0.94,0.96,0.97,0.98,1.00,1.02,1.04,inferred
"South West",2021-05-02,0.82,0.83,0.86,0.88,0.89,0.90,0.91,0.93,0.94,0.96,0.97,0.98,1.00,1.02,1.04,inferred
"South West",2021-05-03,0.76,0.77,0.79,0.81,0.82,0.83,0.85,0.86,0.88,0.89,0.90,0.91,0.94,0.96,0.98,inferred
"South West",2021-05-04,0.76,0.77,0.79,0.81,0.82,0.83,0.85,0.86,0.88,0.89,0.90,0.91,0.94,0.96,0.98,inferred
"South West",2021-05-05,0.76,0.77,0.79,0.81,0.82,0.83,0.85,0.86,0.88,0.89,0.90,0.91,0.94,0.96,0.98,inferred
"South West",2021-05-06,0.76,0.77,0.79,0.81,0.82,0.83,0.85,0.86,0.88,0.89,0.90,0.91,0.94,0.96,0.98,inferred
"South West",2021-05-07,0.76,0.77,0.79,0.81,0.82,0.83,0.85,0.86,0.88,0.89,0.90,0.91,0.94,0.96,0.98,inferred
"South West",2021-05-08,0.76,0.77,0.79,0.81,0.82,0.83,0.85,0.86,0.88,0.89,0.90,0.91,0.94,0.96,0.98,inferred
"South West",2021-05-09,0.76,0.77,0.79,0.81,0.82,0.83,0.85,0.86,0.88,0.89,0.90,0.91,0.94,0.96,0.98,inferred
"South West",2021-05-10,0.82,0.83,0.85,0.88,0.89,0.90,0.92,0.93,0.95,0.97,0.98,0.99,1.02,1.04,1.05,inferred
"South West",2021-05-11,0.82,0.83,0.85,0.88,0.89,0.90,0.92,0.93,0.95,0.97,0.98,0.99,1.02,1.04,1.05,inferred
"South West",2021-05-12,0.82,0.83,0.85,0.88,0.89,0.90,0.92,0.93,0.95,0.97,0.98,0.99,1.02,1.04,1.05,inferred
"South West",2021-05-13,0.82,0.83,0.85,0.88,0.89,0.90,0.92,0.93,0.95,0.97,0.98,0.99,1.02,1.04,1.05,inferred
"South West",2021-05-14,0.82,0.83,0.85,0.88,0.89,0.90,0.92,0.93,0.95,0.97,0.98,0.99,1.02,1.04,1.05,inferred
"South West",2021-05-15,0.82,0.83,0.85,0.88,0.89,0.90,0.92,0.93,0.95,0.97,0.98,0.99,1.02,1.04,1.05,inferred
"South West",2021-05-16,0.82,0.83,0.85,0.88,0.89,0.90,0.92,0.93,0.95,0.97,0.98,0.99,1.02,1.04,1.05,inferred
"South West",2021-05-17,0.98,1.00,1.03,1.06,1.07,1.08,1.10,1.12,1.14,1.16,1.17,1.18,1.21,1.24,1.26,inferred
"South West",2021-05-18,0.98,1.00,1.03,1.06,1.07,1.08,1.10,1.12,1.14,1.16,1.17,1.18,1.21,1.24,1.26,inferred
"South West",2021-05-19,0.98,1.00,1.03,1.06,1.07,1.08,1.10,1.12,1.14,1.16,1.17,1.18,1.21,1.24,1.26,inferred
"South West",2021-05-20,0.98,1.00,1.03,1.06,1.07,1.08,1.10,1.12,1.14,1.16,1.17,1.18,1.21,1.24,1.26,inferred
"South West",2021-05-21,0.98,1.00,1.03,1.06,1.07,1.08,1.10,1.12,1.14,1.16,1.17,1.18,1.21,1.24,1.26,inferred
"South West",2021-05-22,0.98,1.00,1.03,1.06,1.07,1.08,1.10,1.12,1.14,1.16,1.17,1.18,1.21,1.24,1.26,inferred
"South West",2021-05-23,0.98,1.00,1.03,1.06,1.07,1.08,1.10,1.12,1.14,1.16,1.17,1.18,1.21,1.24,1.26,inferred
"South West",2021-05-24,1.55,1.58,1.62,1.66,1.68,1.70,1.74,1.78,1.82,1.86,1.88,1.91,1.97,2.03,2.08,inferred
"South West",2021-05-25,1.55,1.58,1.62,1.66,1.68,1.70,1.74,1.78,1.82,1.86,1.88,1.91,1.97,2.03,2.08,inferred
"South West",2021-05-26,1.55,1.58,1.62,1.66,1.68,1.70,1.74,1.78,1.82,1.86,1.88,1.91,1.97,2.03,2.08,inferred
"South West",2021-05-27,1.55,1.58,1.62,1.66,1.68,1.70,1.74,1.78,1.82,1.86,1.88,1.91,1.97,2.03,2.08,inferred
"South West",2021-05-28,1.55,1.58,1.62,1.66,1.68,1.70,1.74,1.78,1.82,1.86,1.88,1.91,1.97,2.03,2.08,inferred
"South West",2021-05-29,1.55,1.58,1.62,1.66,1.68,1.70,1.74,1.78,1.82,1.86,1.88,1.91,1.97,2.03,2.08,inferred
"South West",2021-05-30,1.55,1.58,1.62,1.66,1.68,1.70,1.74,1.78,1.82,1.86,1.88,1.91,1.97,2.03,2.08,inferred
"South West",2021-05-31,1.78,1.81,1.86,1.96,2.00,2.06,2.16,2.24,2.31,2.40,2.46,2.52,2.69,2.82,2.91,inferred
"South West",2021-06-01,1.78,1.81,1.86,1.96,2.00,2.06,2.16,2.24,2.31,2.40,2.46,2.52,2.69,2.82,2.91,inferred
"South West",2021-06-02,1.78,1.81,1.86,1.96,2.00,2.06,2.16,2.24,2.31,2.40,2.46,2.52,2.69,2.82,2.91,inferred
"South West",2021-06-03,1.78,1.81,1.86,1.96,2.00,2.06,2.16,2.24,2.31,2.40,2.46,2.52,2.69,2.82,2.91,inferred
"South West",2021-06-04,1.78,1.81,1.86,1.96,2.00,2.06,2.16,2.24,2.31,2.40,2.46,2.52,2.69,2.82,2.91,inferred
"South West",2021-06-05,1.78,1.81,1.86,1.96,2.00,2.06,2.16,2.24,2.31,2.40,2.46,2.52,2.69,2.82,2.91,inferred
"South West",2021-06-06,1.78,1.81,1.86,1.96,2.00,2.06,2.16,2.24,2.31,2.40,2.46,2.52,2.69,2.82,2.91,inferred
"South West",2021-06-07,1.42,1.44,1.47,1.56,1.62,1.67,1.76,1.84,1.89,1.95,1.99,2.02,2.21,2.42,2.47,inferred
"South West",2021-06-08,1.42,1.44,1.47,1.56,1.62,1.67,1.76,1.84,1.89,1.95,1.99,2.02,2.21,2.42,2.47,inferred
"South West",2021-06-09,1.42,1.44,1.47,1.56,1.62,1.67,1.76,1.84,1.89,1.95,1.99,2.02,2.21,2.42,2.47,inferred
"South West",2021-06-10,1.42,1.44,1.47,1.56,1.62,1.67,1.76,1.84,1.89,1.95,1.99,2.02,2.21,2.42,2.47,inferred
"South West",2021-06-11,1.42,1.44,1.47,1.56,1.62,1.67,1.76,1.84,1.89,1.95,1.99,2.02,2.21,2.42,2.47,inferred
"South West",2021-06-12,1.42,1.44,1.47,1.56,1.62,1.67,1.76,1.84,1.89,1.95,1.99,2.02,2.21,2.42,2.47,inferred
"South West",2021-06-13,1.42,1.44,1.47,1.56,1.62,1.67,1.76,1.84,1.89,1.95,1.99,2.02,2.21,2.42,2.47,inferred
"South West",2021-06-14,1.24,1.25,1.27,1.32,1.34,1.36,1.40,1.44,1.46,1.50,1.52,1.54,1.63,1.71,1.74,inferred
"South West",2021-06-15,1.24,1.25,1.27,1.32,1.34,1.36,1.40,1.44,1.46,1.50,1.52,1.54,1.63,1.71,1.74,inferred
"South West",2021-06-16,1.24,1.25,1.27,1.32,1.34,1.36,1.40,1.44,1.46,1.50,1.52,1.54,1.63,1.71,1.74,inferred
"South West",2021-06-17,1.24,1.25,1.27,1.32,1.34,1.36,1.40,1.44,1.46,1.50,1.52,1.54,1.63,1.71,1.74,inferred
"South West",2021-06-18,1.24,1.25,1.27,1.32,1.34,1.36,1.40,1.44,1.46,1.50,1.52,1.54,1.63,1.71,1.74,inferred
"South West",2021-06-19,1.24,1.25,1.27,1.32,1.34,1.36,1.40,1.44,1.46,1.50,1.52,1.54,1.63,1.71,1.74,inferred
"South West",2021-06-20,1.24,1.25,1.27,1.32,1.34,1.36,1.40,1.44,1.46,1.50,1.52,1.54,1.63,1.71,1.74,inferred
"South West",2021-06-21,1.36,1.37,1.39,1.43,1.45,1.48,1.53,1.56,1.59,1.62,1.65,1.67,1.74,1.81,1.85,inferred
"South West",2021-06-22,1.36,1.37,1.39,1.43,1.45,1.48,1.53,1.56,1.59,1.62,1.65,1.67,1.74,1.81,1.85,inferred
"South West",2021-06-23,1.36,1.37,1.39,1.43,1.45,1.48,1.53,1.56,1.59,1.62,1.65,1.67,1.74,1.81,1.85,inferred
"South West",2021-06-24,1.36,1.37,1.39,1.43,1.45,1.48,1.53,1.56,1.59,1.62,1.65,1.67,1.74,1.81,1.85,inferred
"South West",2021-06-25,1.36,1.37,1.39,1.43,1.45,1.48,1.53,1.56,1.59,1.62,1.65,1.67,1.74,1.81,1.85,inferred
"South West",2021-06-26,1.36,1.37,1.39,1.43,1.45,1.48,1.53,1.56,1.59,1.62,1.65,1.67,1.74,1.81,1.85,inferred
"South West",2021-06-27,1.36,1.37,1.39,1.43,1.45,1.48,1.53,1.56,1.59,1.62,1.65,1.67,1.74,1.81,1.85,inferred
"South West",2021-06-28,1.14,1.15,1.16,1.20,1.22,1.24,1.27,1.30,1.32,1.35,1.36,1.38,1.45,1.52,1.54,inferred
"South West",2021-06-29,1.14,1.15,1.16,1.20,1.22,1.24,1.27,1.30,1.32,1.35,1.36,1.38,1.45,1.52,1.54,inferred
"South West",2021-06-30,1.14,1.15,1.16,1.20,1.22,1.24,1.27,1.30,1.32,1.35,1.36,1.38,1.45,1.52,1.54,inferred
"South West",2021-07-01,1.14,1.15,1.16,1.20,1.22,1.24,1.27,1.30,1.32,1.35,1.36,1.38,1.45,1.52,1.54,inferred
"South West",2021-07-02,1.14,1.15,1.16,1.20,1.22,1.24,1.27,1.30,1.32,1.35,1.36,1.38,1.45,1.52,1.54,inferred
"South West",2021-07-03,1.14,1.15,1.16,1.20,1.22,1.24,1.27,1.30,1.32,1.35,1.36,1.38,1.45,1.52,1.54,inferred
"South West",2021-07-04,1.14,1.15,1.16,1.20,1.22,1.24,1.27,1.30,1.32,1.35,1.36,1.38,1.45,1.52,1.54,inferred
"South West",2021-07-05,1.70,1.71,1.74,1.79,1.82,1.86,1.95,1.99,2.01,2.06,2.11,2.14,2.25,2.33,2.35,inferred
"South West",2021-07-06,1.70,1.71,1.74,1.79,1.82,1.86,1.95,1.99,2.01,2.06,2.11,2.14,2.25,2.33,2.35,inferred
"South West",2021-07-07,1.70,1.71,1.74,1.79,1.82,1.86,1.95,1.99,2.01,2.06,2.11,2.14,2.25,2.33,2.35,inferred
"South West",2021-07-08,1.70,1.71,1.74,1.79,1.82,1.86,1.95,1.99,2.01,2.06,2.11,2.14,2.25,2.33,2.35,inferred
"South West",2021-07-09,1.70,1.71,1.74,1.79,1.82,1.86,1.95,1.99,2.01,2.06,2.11,2.14,2.25,2.33,2.35,inferred
"South West",2021-07-10,1.70,1.71,1.74,1.79,1.82,1.86,1.95,1.99,2.01,2.06,2.11,2.14,2.25,2.33,2.35,inferred
"South West",2021-07-11,1.70,1.71,1.74,1.79,1.82,1.86,1.95,1.99,2.01,2.06,2.11,2.14,2.25,2.33,2.35,inferred
"South West",2021-07-12,0.48,0.49,0.51,0.53,0.53,0.54,0.55,0.56,0.58,0.59,0.59,0.60,0.61,0.64,0.65,inferred
"South West",2021-07-13,0.48,0.49,0.51,0.53,0.53,0.54,0.55,0.56,0.58,0.59,0.59,0.60,0.61,0.64,0.65,inferred
"South West",2021-07-14,0.48,0.49,0.51,0.53,0.53,0.54,0.55,0.56,0.58,0.59,0.59,0.60,0.61,0.64,0.65,inferred
"South West",2021-07-15,0.48,0.49,0.51,0.53,0.53,0.54,0.55,0.56,0.58,0.59,0.59,0.60,0.61,0.64,0.65,inferred
"South West",2021-07-16,0.48,0.49,0.51,0.53,0.53,0.54,0.55,0.56,0.58,0.59,0.59,0.60,0.61,0.64,0.65,inferred
"South West",2021-07-17,0.48,0.49,0.51,0.53,0.53,0.54,0.55,0.56,0.58,0.59,0.59,0.60,0.61,0.64,0.65,inferred
"South West",2021-07-18,0.48,0.49,0.51,0.53,0.53,0.54,0.55,0.56,0.58,0.59,0.59,0.60,0.61,0.64,0.65,inferred
"South West",2021-07-19,0.74,0.75,0.78,0.81,0.82,0.82,0.83,0.84,0.87,0.89,0.91,0.94,1.00,1.01,1.02,inferred
"South West",2021-07-20,0.74,0.75,0.78,0.81,0.82,0.82,0.83,0.84,0.87,0.89,0.91,0.94,1.00,1.01,1.02,inferred
"South West",2021-07-21,0.74,0.75,0.78,0.81,0.82,0.82,0.83,0.84,0.87,0.89,0.91,0.94,1.00,1.01,1.02,inferred
"South West",2021-07-22,0.74,0.75,0.78,0.81,0.82,0.82,0.83,0.84,0.87,0.89,0.91,0.94,1.00,1.01,1.02,inferred
"South West",2021-07-23,0.74,0.75,0.78,0.81,0.82,0.82,0.83,0.84,0.87,0.89,0.91,0.94,1.00,1.01,1.02,inferred
"South West",2021-07-24,0.74,0.75,0.78,0.81,0.82,0.82,0.83,0.84,0.87,0.89,0.91,0.94,1.00,1.01,1.02,inferred
"South West",2021-07-25,0.74,0.75,0.78,0.81,0.82,0.82,0.83,0.84,0.87,0.89,0.91,0.94,1.00,1.01,1.02,inferred
"South West",2021-07-26,0.87,0.89,0.92,0.94,0.95,0.96,0.97,0.99,1.00,1.02,1.03,1.04,1.07,1.09,1.11,inferred
"South West",2021-07-27,0.87,0.89,0.92,0.94,0.95,0.96,0.97,0.99,1.00,1.02,1.03,1.04,1.07,1.09,1.11,inferred
"South West",2021-07-28,0.87,0.89,0.92,0.94,0.95,0.96,0.97,0.99,1.00,1.02,1.03,1.04,1.07,1.09,1.11,inferred
"South West",2021-07-29,0.87,0.89,0.92,0.94,0.95,0.96,0.97,0.99,1.00,1.02,1.03,1.04,1.07,1.09,1.11,inferred
"South West",2021-07-30,0.87,0.89,0.92,0.94,0.95,0.96,0.97,0.99,1.00,1.02,1.03,1.04,1.07,1.09,1.11,inferred
"South West",2021-07-31,0.87,0.89,0.92,0.94,0.95,0.96,0.97,0.99,1.00,1.02,1.03,1.04,1.07,1.09,1.11,inferred
"South West",2021-08-01,0.87,0.89,0.92,0.94,0.95,0.96,0.97,0.99,1.00,1.02,1.03,1.04,1.07,1.09,1.11,inferred
"South West",2021-08-02,0.86,0.90,0.94,1.01,1.04,1.06,1.11,1.15,1.20,1.26,1.29,1.34,1.44,1.53,1.64,projected
"South West",2021-08-03,0.86,0.90,0.94,1.01,1.04,1.06,1.11,1.15,1.20,1.26,1.29,1.34,1.44,1.53,1.64,projected
"South West",2021-08-04,0.86,0.90,0.94,1.01,1.04,1.06,1.11,1.15,1.20,1.26,1.29,1.34,1.44,1.53,1.64,projected
"South West",2021-08-05,0.86,0.90,0.94,1.01,1.04,1.06,1.11,1.15,1.20,1.26,1.29,1.34,1.44,1.53,1.64,projected
"South West",2021-08-06,0.86,0.90,0.94,1.01,1.04,1.06,1.11,1.15,1.20,1.26,1.29,1.34,1.44,1.53,1.64,projected
"South West",2021-08-07,0.86,0.90,0.94,1.01,1.04,1.06,1.11,1.15,1.20,1.26,1.29,1.34,1.44,1.53,1.64,projected
"South West",2021-08-08,0.86,0.90,0.94,1.01,1.04,1.06,1.11,1.15,1.20,1.26,1.29,1.34,1.44,1.53,1.64,projected
"South West",2021-08-09,0.94,1.00,1.09,1.20,1.25,1.29,1.39,1.48,1.58,1.73,1.80,1.90,2.23,2.63,3.19,projected
"South West",2021-08-10,0.94,1.00,1.09,1.20,1.25,1.29,1.39,1.48,1.58,1.73,1.80,1.90,2.23,2.63,3.19,projected
"South West",2021-08-11,0.94,1.00,1.09,1.20,1.25,1.29,1.39,1.48,1.58,1.73,1.80,1.90,2.23,2.63,3.19,projected
"South West",2021-08-12,0.94,1.00,1.09,1.20,1.25,1.29,1.39,1.48,1.58,1.73,1.80,1.90,2.23,2.63,3.19,projected
"South West",2021-08-13,0.94,1.00,1.09,1.20,1.25,1.29,1.39,1.48,1.58,1.73,1.80,1.90,2.23,2.63,3.19,projected
"South West",2021-08-14,0.94,1.00,1.09,1.20,1.25,1.29,1.39,1.48,1.58,1.73,1.80,1.90,2.23,2.63,3.19,projected
"South West",2021-08-15,0.94,1.00,1.09,1.20,1.25,1.29,1.39,1.48,1.58,1.73,1.80,1.90,2.23,2.63,3.19,projected
"South West",2021-08-16,1.05,1.15,1.28,1.46,1.54,1.61,1.78,1.94,2.13,2.43,2.66,2.84,3.58,4.57,5.72,projected
"South West",2021-08-17,1.05,1.15,1.28,1.46,1.54,1.61,1.78,1.94,2.13,2.43,2.66,2.84,3.58,4.57,5.72,projected
"South West",2021-08-18,1.05,1.15,1.28,1.46,1.54,1.61,1.78,1.94,2.13,2.43,2.66,2.84,3.58,4.57,5.72,projected
"South West",2021-08-19,1.05,1.15,1.28,1.46,1.54,1.61,1.78,1.94,2.13,2.43,2.66,2.84,3.58,4.57,5.72,projected
"South West",2021-08-20,1.05,1.15,1.28,1.46,1.54,1.61,1.78,1.94,2.13,2.43,2.66,2.84,3.58,4.57,5.72,projected
"South West",2021-08-21,1.05,1.15,1.28,1.46,1.54,1.61,1.78,1.94,2.13,2.43,2.66,2.84,3.58,4.57,5.72,projected
"South West",2021-08-22,1.05,1.15,1.28,1.46,1.54,1.61,1.78,1.94,2.13,2.43,2.66,2.84,3.58,4.57,5.72,projected
"Wales",2021-04-19,0.75,0.77,0.79,0.81,0.82,0.83,0.84,0.85,0.86,0.88,0.89,0.90,0.92,0.94,0.96,inferred
"Wales",2021-04-20,0.75,0.77,0.79,0.81,0.82,0.83,0.84,0.85,0.86,0.88,0.89,0.90,0.92,0.94,0.96,inferred
"Wales",2021-04-21,0.75,0.77,0.79,0.81,0.82,0.83,0.84,0.85,0.86,0.88,0.89,0.90,0.92,0.94,0.96,inferred
"Wales",2021-04-22,0.75,0.77,0.79,0.81,0.82,0.83,0.84,0.85,0.86,0.88,0.89,0.90,0.92,0.94,0.96,inferred
"Wales",2021-04-23,0.75,0.77,0.79,0.81,0.82,0.83,0.84,0.85,0.86,0.88,0.89,0.90,0.92,0.94,0.96,inferred
"Wales",2021-04-24,0.75,0.77,0.79,0.81,0.82,0.83,0.84,0.85,0.86,0.88,0.89,0.90,0.92,0.94,0.96,inferred
"Wales",2021-04-25,0.75,0.77,0.79,0.81,0.82,0.83,0.84,0.85,0.86,0.88,0.89,0.90,0.92,0.94,0.96,inferred
"Wales",2021-04-26,0.80,0.82,0.85,0.88,0.88,0.89,0.91,0.93,0.95,0.97,0.98,0.99,1.02,1.04,1.06,inferred
"Wales",2021-04-27,0.80,0.82,0.85,0.88,0.88,0.89,0.91,0.93,0.95,0.97,0.98,0.99,1.02,1.04,1.06,inferred
"Wales",2021-04-28,0.80,0.82,0.85,0.88,0.88,0.89,0.91,0.93,0.95,0.97,0.98,0.99,1.02,1.04,1.06,inferred
"Wales",2021-04-29,0.80,0.82,0.85,0.88,0.88,0.89,0.91,0.93,0.95,0.97,0.98,0.99,1.02,1.04,1.06,inferred
"Wales",2021-04-30,0.80,0.82,0.85,0.88,0.88,0.89,0.91,0.93,0.95,0.97,0.98,0.99,1.02,1.04,1.06,inferred
"Wales",2021-05-01,0.80,0.82,0.85,0.88,0.88,0.89,0.91,0.93,0.95,0.97,0.98,0.99,1.02,1.04,1.06,inferred
"Wales",2021-05-02,0.80,0.82,0.85,0.88,0.88,0.89,0.91,0.93,0.95,0.97,0.98,0.99,1.02,1.04,1.06,inferred
"Wales",2021-05-03,0.86,0.87,0.90,0.93,0.94,0.95,0.96,0.98,1.00,1.01,1.02,1.04,1.07,1.10,1.12,inferred
"Wales",2021-05-04,0.86,0.87,0.90,0.93,0.94,0.95,0.96,0.98,1.00,1.01,1.02,1.04,1.07,1.10,1.12,inferred
"Wales",2021-05-05,0.86,0.87,0.90,0.93,0.94,0.95,0.96,0.98,1.00,1.01,1.02,1.04,1.07,1.10,1.12,inferred
"Wales",2021-05-06,0.86,0.87,0.90,0.93,0.94,0.95,0.96,0.98,1.00,1.01,1.02,1.04,1.07,1.10,1.12,inferred
"Wales",2021-05-07,0.86,0.87,0.90,0.93,0.94,0.95,0.96,0.98,1.00,1.01,1.02,1.04,1.07,1.10,1.12,inferred
"Wales",2021-05-08,0.86,0.87,0.90,0.93,0.94,0.95,0.96,0.98,1.00,1.01,1.02,1.04,1.07,1.10,1.12,inferred
"Wales",2021-05-09,0.86,0.87,0.90,0.93,0.94,0.95,0.96,0.98,1.00,1.01,1.02,1.04,1.07,1.10,1.12,inferred
"Wales",2021-05-10,0.81,0.82,0.85,0.87,0.88,0.89,0.91,0.92,0.94,0.96,0.97,0.98,1.01,1.03,1.05,inferred
"Wales",2021-05-11,0.81,0.82,0.85,0.87,0.88,0.89,0.91,0.92,0.94,0.96,0.97,0.98,1.01,1.03,1.05,inferred
"Wales",2021-05-12,0.81,0.82,0.85,0.87,0.88,0.89,0.91,0.92,0.94,0.96,0.97,0.98,1.01,1.03,1.05,inferred
"Wales",2021-05-13,0.81,0.82,0.85,0.87,0.88,0.89,0.91,0.92,0.94,0.96,0.97,0.98,1.01,1.03,1.05,inferred
"Wales",2021-05-14,0.81,0.82,0.85,0.87,0.88,0.89,0.91,0.92,0.94,0.96,0.97,0.98,1.01,1.03,1.05,inferred
"Wales",2021-05-15,0.81,0.82,0.85,0.87,0.88,0.89,0.91,0.92,0.94,0.96,0.97,0.98,1.01,1.03,1.05,inferred
"Wales",2021-05-16,0.81,0.82,0.85,0.87,0.88,0.89,0.91,0.92,0.94,0.96,0.97,0.98,1.01,1.03,1.05,inferred
"Wales",2021-05-17,0.86,0.88,0.90,0.93,0.94,0.95,0.97,0.99,1.01,1.03,1.03,1.05,1.08,1.11,1.13,inferred
"Wales",2021-05-18,0.86,0.88,0.90,0.93,0.94,0.95,0.97,0.99,1.01,1.03,1.03,1.05,1.08,1.11,1.13,inferred
"Wales",2021-05-19,0.86,0.88,0.90,0.93,0.94,0.95,0.97,0.99,1.01,1.03,1.03,1.05,1.08,1.11,1.13,inferred
"Wales",2021-05-20,0.86,0.88,0.90,0.93,0.94,0.95,0.97,0.99,1.01,1.03,1.03,1.05,1.08,1.11,1.13,inferred
"Wales",2021-05-21,0.86,0.88,0.90,0.93,0.94,0.95,0.97,0.99,1.01,1.03,1.03,1.05,1.08,1.11,1.13,inferred
"Wales",2021-05-22,0.86,0.88,0.90,0.93,0.94,0.95,0.97,0.99,1.01,1.03,1.03,1.05,1.08,1.11,1.13,inferred
"Wales",2021-05-23,0.86,0.88,0.90,0.93,0.94,0.95,0.97,0.99,1.01,1.03,1.03,1.05,1.08,1.11,1.13,inferred
"Wales",2021-05-24,1.24,1.27,1.30,1.33,1.34,1.36,1.38,1.41,1.43,1.45,1.47,1.48,1.52,1.57,1.60,inferred
"Wales",2021-05-25,1.24,1.27,1.30,1.33,1.34,1.36,1.38,1.41,1.43,1.45,1.47,1.48,1.52,1.57,1.60,inferred
"Wales",2021-05-26,1.24,1.27,1.30,1.33,1.34,1.36,1.38,1.41,1.43,1.45,1.47,1.48,1.52,1.57,1.60,inferred
"Wales",2021-05-27,1.24,1.27,1.30,1.33,1.34,1.36,1.38,1.41,1.43,1.45,1.47,1.48,1.52,1.57,1.60,inferred
"Wales",2021-05-28,1.24,1.27,1.30,1.33,1.34,1.36,1.38,1.41,1.43,1.45,1.47,1.48,1.52,1.57,1.60,inferred
"Wales",2021-05-29,1.24,1.27,1.30,1.33,1.34,1.36,1.38,1.41,1.43,1.45,1.47,1.48,1.52,1.57,1.60,inferred
"Wales",2021-05-30,1.24,1.27,1.30,1.33,1.34,1.36,1.38,1.41,1.43,1.45,1.47,1.48,1.52,1.57,1.60,inferred
"Wales",2021-05-31,1.39,1.42,1.47,1.53,1.56,1.59,1.64,1.69,1.74,1.79,1.81,1.85,1.93,2.00,2.06,inferred
"Wales",2021-06-01,1.39,1.42,1.47,1.53,1.56,1.59,1.64,1.69,1.74,1.79,1.81,1.85,1.93,2.00,2.06,inferred
"Wales",2021-06-02,1.39,1.42,1.47,1.53,1.56,1.59,1.64,1.69,1.74,1.79,1.81,1.85,1.93,2.00,2.06,inferred
"Wales",2021-06-03,1.39,1.42,1.47,1.53,1.56,1.59,1.64,1.69,1.74,1.79,1.81,1.85,1.93,2.00,2.06,inferred
"Wales",2021-06-04,1.39,1.42,1.47,1.53,1.56,1.59,1.64,1.69,1.74,1.79,1.81,1.85,1.93,2.00,2.06,inferred
"Wales",2021-06-05,1.39,1.42,1.47,1.53,1.56,1.59,1.64,1.69,1.74,1.79,1.81,1.85,1.93,2.00,2.06,inferred
"Wales",2021-06-06,1.39,1.42,1.47,1.53,1.56,1.59,1.64,1.69,1.74,1.79,1.81,1.85,1.93,2.00,2.06,inferred
"Wales",2021-06-07,1.33,1.35,1.39,1.44,1.47,1.50,1.54,1.59,1.63,1.67,1.70,1.73,1.83,1.92,1.98,inferred
"Wales",2021-06-08,1.33,1.35,1.39,1.44,1.47,1.50,1.54,1.59,1.63,1.67,1.70,1.73,1.83,1.92,1.98,inferred
"Wales",2021-06-09,1.33,1.35,1.39,1.44,1.47,1.50,1.54,1.59,1.63,1.67,1.70,1.73,1.83,1.92,1.98,inferred
"Wales",2021-06-10,1.33,1.35,1.39,1.44,1.47,1.50,1.54,1.59,1.63,1.67,1.70,1.73,1.83,1.92,1.98,inferred
"Wales",2021-06-11,1.33,1.35,1.39,1.44,1.47,1.50,1.54,1.59,1.63,1.67,1.70,1.73,1.83,1.92,1.98,inferred
"Wales",2021-06-12,1.33,1.35,1.39,1.44,1.47,1.50,1.54,1.59,1.63,1.67,1.70,1.73,1.83,1.92,1.98,inferred
"Wales",2021-06-13,1.33,1.35,1.39,1.44,1.47,1.50,1.54,1.59,1.63,1.67,1.70,1.73,1.83,1.92,1.98,inferred
"Wales",2021-06-14,1.52,1.55,1.58,1.64,1.68,1.71,1.78,1.83,1.88,1.94,1.98,2.02,2.15,2.24,2.30,inferred
"Wales",2021-06-15,1.52,1.55,1.58,1.64,1.68,1.71,1.78,1.83,1.88,1.94,1.98,2.02,2.15,2.24,2.30,inferred
"Wales",2021-06-16,1.52,1.55,1.58,1.64,1.68,1.71,1.78,1.83,1.88,1.94,1.98,2.02,2.15,2.24,2.30,inferred
"Wales",2021-06-17,1.52,1.55,1.58,1.64,1.68,1.71,1.78,1.83,1.88,1.94,1.98,2.02,2.15,2.24,2.30,inferred
"Wales",2021-06-18,1.52,1.55,1.58,1.64,1.68,1.71,1.78,1.83,1.88,1.94,1.98,2.02,2.15,2.24,2.30,inferred
"Wales",2021-06-19,1.52,1.55,1.58,1.64,1.68,1.71,1.78,1.83,1.88,1.94,1.98,2.02,2.15,2.24,2.30,inferred
"Wales",2021-06-20,1.52,1.55,1.58,1.64,1.68,1.71,1.78,1.83,1.88,1.94,1.98,2.02,2.15,2.24,2.30,inferred
"Wales",2021-06-21,1.38,1.40,1.43,1.49,1.54,1.57,1.64,1.70,1.73,1.78,1.81,1.85,1.97,2.10,2.15,inferred
"Wales",2021-06-22,1.38,1.40,1.43,1.49,1.54,1.57,1.64,1.70,1.73,1.78,1.81,1.85,1.97,2.10,2.15,inferred
"Wales",2021-06-23,1.38,1.40,1.43,1.49,1.54,1.57,1.64,1.70,1.73,1.78,1.81,1.85,1.97,2.10,2.15,inferred
"Wales",2021-06-24,1.38,1.40,1.43,1.49,1.54,1.57,1.64,1.70,1.73,1.78,1.81,1.85,1.97,2.10,2.15,inferred
"Wales",2021-06-25,1.38,1.40,1.43,1.49,1.54,1.57,1.64,1.70,1.73,1.78,1.81,1.85,1.97,2.10,2.15,inferred
"Wales",2021-06-26,1.38,1.40,1.43,1.49,1.54,1.57,1.64,1.70,1.73,1.78,1.81,1.85,1.97,2.10,2.15,inferred
"Wales",2021-06-27,1.38,1.40,1.43,1.49,1.54,1.57,1.64,1.70,1.73,1.78,1.81,1.85,1.97,2.10,2.15,inferred
"Wales",2021-06-28,1.13,1.15,1.17,1.20,1.22,1.24,1.27,1.30,1.32,1.35,1.36,1.38,1.43,1.50,1.52,inferred
"Wales",2021-06-29,1.13,1.15,1.17,1.20,1.22,1.24,1.27,1.30,1.32,1.35,1.36,1.38,1.43,1.50,1.52,inferred
"Wales",2021-06-30,1.13,1.15,1.17,1.20,1.22,1.24,1.27,1.30,1.32,1.35,1.36,1.38,1.43,1.50,1.52,inferred
"Wales",2021-07-01,1.13,1.15,1.17,1.20,1.22,1.24,1.27,1.30,1.32,1.35,1.36,1.38,1.43,1.50,1.52,inferred
"Wales",2021-07-02,1.13,1.15,1.17,1.20,1.22,1.24,1.27,1.30,1.32,1.35,1.36,1.38,1.43,1.50,1.52,inferred
"Wales",2021-07-03,1.13,1.15,1.17,1.20,1.22,1.24,1.27,1.30,1.32,1.35,1.36,1.38,1.43,1.50,1.52,inferred
"Wales",2021-07-04,1.13,1.15,1.17,1.20,1.22,1.24,1.27,1.30,1.32,1.35,1.36,1.38,1.43,1.50,1.52,inferred
"Wales",2021-07-05,1.14,1.16,1.17,1.20,1.22,1.23,1.26,1.28,1.30,1.32,1.33,1.35,1.39,1.44,1.47,inferred
"Wales",2021-07-06,1.14,1.16,1.17,1.20,1.22,1.23,1.26,1.28,1.30,1.32,1.33,1.35,1.39,1.44,1.47,inferred
"Wales",2021-07-07,1.14,1.16,1.17,1.20,1.22,1.23,1.26,1.28,1.30,1.32,1.33,1.35,1.39,1.44,1.47,inferred
"Wales",2021-07-08,1.14,1.16,1.17,1.20,1.22,1.23,1.26,1.28,1.30,1.32,1.33,1.35,1.39,1.44,1.47,inferred
"Wales",2021-07-09,1.14,1.16,1.17,1.20,1.22,1.23,1.26,1.28,1.30,1.32,1.33,1.35,1.39,1.44,1.47,inferred
"Wales",2021-07-10,1.14,1.16,1.17,1.20,1.22,1.23,1.26,1.28,1.30,1.32,1.33,1.35,1.39,1.44,1.47,inferred
"Wales",2021-07-11,1.14,1.16,1.17,1.20,1.22,1.23,1.26,1.28,1.30,1.32,1.33,1.35,1.39,1.44,1.47,inferred
"Wales",2021-07-12,0.75,0.76,0.77,0.78,0.78,0.79,0.79,0.80,0.81,0.81,0.82,0.82,0.83,0.84,0.85,inferred
"Wales",2021-07-13,0.75,0.76,0.77,0.78,0.78,0.79,0.79,0.80,0.81,0.81,0.82,0.82,0.83,0.84,0.85,inferred
"Wales",2021-07-14,0.75,0.76,0.77,0.78,0.78,0.79,0.79,0.80,0.81,0.81,0.82,0.82,0.83,0.84,0.85,inferred
"Wales",2021-07-15,0.75,0.76,0.77,0.78,0.78,0.79,0.79,0.80,0.81,0.81,0.82,0.82,0.83,0.84,0.85,inferred
"Wales",2021-07-16,0.75,0.76,0.77,0.78,0.78,0.79,0.79,0.80,0.81,0.81,0.82,0.82,0.83,0.84,0.85,inferred
"Wales",2021-07-17,0.75,0.76,0.77,0.78,0.78,0.79,0.79,0.80,0.81,0.81,0.82,0.82,0.83,0.84,0.85,inferred
"Wales",2021-07-18,0.75,0.76,0.77,0.78,0.78,0.79,0.79,0.80,0.81,0.81,0.82,0.82,0.83,0.84,0.85,inferred
"Wales",2021-07-19,0.77,0.78,0.79,0.81,0.82,0.82,0.83,0.84,0.86,0.87,0.87,0.88,0.90,0.91,0.93,inferred
"Wales",2021-07-20,0.77,0.78,0.79,0.81,0.82,0.82,0.83,0.84,0.86,0.87,0.87,0.88,0.90,0.91,0.93,inferred
"Wales",2021-07-21,0.77,0.78,0.79,0.81,0.82,0.82,0.83,0.84,0.86,0.87,0.87,0.88,0.90,0.91,0.93,inferred
"Wales",2021-07-22,0.77,0.78,0.79,0.81,0.82,0.82,0.83,0.84,0.86,0.87,0.87,0.88,0.90,0.91,0.93,inferred
"Wales",2021-07-23,0.77,0.78,0.79,0.81,0.82,0.82,0.83,0.84,0.86,0.87,0.87,0.88,0.90,0.91,0.93,inferred
"Wales",2021-07-24,0.77,0.78,0.79,0.81,0.82,0.82,0.83,0.84,0.86,0.87,0.87,0.88,0.90,0.91,0.93,inferred
"Wales",2021-07-25,0.77,0.78,0.79,0.81,0.82,0.82,0.83,0.84,0.86,0.87,0.87,0.88,0.90,0.91,0.93,inferred
"Wales",2021-07-26,0.77,0.79,0.82,0.85,0.86,0.87,0.89,0.91,0.93,0.95,0.96,0.98,1.02,1.04,1.07,inferred
"Wales",2021-07-27,0.77,0.79,0.82,0.85,0.86,0.87,0.89,0.91,0.93,0.95,0.96,0.98,1.02,1.04,1.07,inferred
"Wales",2021-07-28,0.77,0.79,0.82,0.85,0.86,0.87,0.89,0.91,0.93,0.95,0.96,0.98,1.02,1.04,1.07,inferred
"Wales",2021-07-29,0.77,0.79,0.82,0.85,0.86,0.87,0.89,0.91,0.93,0.95,0.96,0.98,1.02,1.04,1.07,inferred
"Wales",2021-07-30,0.77,0.79,0.82,0.85,0.86,0.87,0.89,0.91,0.93,0.95,0.96,0.98,1.02,1.04,1.07,inferred
"Wales",2021-07-31,0.77,0.79,0.82,0.85,0.86,0.87,0.89,0.91,0.93,0.95,0.96,0.98,1.02,1.04,1.07,inferred
"Wales",2021-08-01,0.77,0.79,0.82,0.85,0.86,0.87,0.89,0.91,0.93,0.95,0.96,0.98,1.02,1.04,1.07,inferred
"Wales",2021-08-02,0.75,0.79,0.85,0.91,0.92,0.94,0.98,1.02,1.05,1.10,1.12,1.16,1.24,1.32,1.37,projected
"Wales",2021-08-03,0.75,0.79,0.85,0.91,0.92,0.94,0.98,1.02,1.05,1.10,1.12,1.16,1.24,1.32,1.37,projected
"Wales",2021-08-04,0.75,0.79,0.85,0.91,0.92,0.94,0.98,1.02,1.05,1.10,1.12,1.16,1.24,1.32,1.37,projected
"Wales",2021-08-05,0.75,0.79,0.85,0.91,0.92,0.94,0.98,1.02,1.05,1.10,1.12,1.16,1.24,1.32,1.37,projected
"Wales",2021-08-06,0.75,0.79,0.85,0.91,0.92,0.94,0.98,1.02,1.05,1.10,1.12,1.16,1.24,1.32,1.37,projected
"Wales",2021-08-07,0.75,0.79,0.85,0.91,0.92,0.94,0.98,1.02,1.05,1.10,1.12,1.16,1.24,1.32,1.37,projected
"Wales",2021-08-08,0.75,0.79,0.85,0.91,0.92,0.94,0.98,1.02,1.05,1.10,1.12,1.16,1.24,1.32,1.37,projected
"Wales",2021-08-09,0.81,0.85,0.91,0.98,1.01,1.05,1.11,1.17,1.24,1.33,1.37,1.43,1.57,1.71,1.85,projected
"Wales",2021-08-10,0.81,0.85,0.91,0.98,1.01,1.05,1.11,1.17,1.24,1.33,1.37,1.43,1.57,1.71,1.85,projected
"Wales",2021-08-11,0.81,0.85,0.91,0.98,1.01,1.05,1.11,1.17,1.24,1.33,1.37,1.43,1.57,1.71,1.85,projected
"Wales",2021-08-12,0.81,0.85,0.91,0.98,1.01,1.05,1.11,1.17,1.24,1.33,1.37,1.43,1.57,1.71,1.85,projected
"Wales",2021-08-13,0.81,0.85,0.91,0.98,1.01,1.05,1.11,1.17,1.24,1.33,1.37,1.43,1.57,1.71,1.85,projected
"Wales",2021-08-14,0.81,0.85,0.91,0.98,1.01,1.05,1.11,1.17,1.24,1.33,1.37,1.43,1.57,1.71,1.85,projected
"Wales",2021-08-15,0.81,0.85,0.91,0.98,1.01,1.05,1.11,1.17,1.24,1.33,1.37,1.43,1.57,1.71,1.85,projected
"Wales",2021-08-16,0.86,0.92,1.00,1.10,1.15,1.19,1.29,1.37,1.50,1.63,1.69,1.79,2.12,2.43,2.85,projected
"Wales",2021-08-17,0.86,0.92,1.00,1.10,1.15,1.19,1.29,1.37,1.50,1.63,1.69,1.79,2.12,2.43,2.85,projected
"Wales",2021-08-18,0.86,0.92,1.00,1.10,1.15,1.19,1.29,1.37,1.50,1.63,1.69,1.79,2.12,2.43,2.85,projected
"Wales",2021-08-19,0.86,0.92,1.00,1.10,1.15,1.19,1.29,1.37,1.50,1.63,1.69,1.79,2.12,2.43,2.85,projected
"Wales",2021-08-20,0.86,0.92,1.00,1.10,1.15,1.19,1.29,1.37,1.50,1.63,1.69,1.79,2.12,2.43,2.85,projected
"Wales",2021-08-21,0.86,0.92,1.00,1.10,1.15,1.19,1.29,1.37,1.50,1.63,1.69,1.79,2.12,2.43,2.85,projected
"Wales",2021-08-22,0.86,0.92,1.00,1.10,1.15,1.19,1.29,1.37,1.50,1.63,1.69,1.79,2.12,2.43,2.85,projected
"Scotland",2021-04-19,0.78,0.80,0.82,0.84,0.85,0.86,0.88,0.89,0.91,0.92,0.93,0.94,0.98,1.00,1.02,inferred
"Scotland",2021-04-20,0.78,0.80,0.82,0.84,0.85,0.86,0.88,0.89,0.91,0.92,0.93,0.94,0.98,1.00,1.02,inferred
"Scotland",2021-04-21,0.78,0.80,0.82,0.84,0.85,0.86,0.88,0.89,0.91,0.92,0.93,0.94,0.98,1.00,1.02,inferred
"Scotland",2021-04-22,0.78,0.80,0.82,0.84,0.85,0.86,0.88,0.89,0.91,0.92,0.93,0.94,0.98,1.00,1.02,inferred
"Scotland",2021-04-23,0.78,0.80,0.82,0.84,0.85,0.86,0.88,0.89,0.91,0.92,0.93,0.94,0.98,1.00,1.02,inferred
"Scotland",2021-04-24,0.78,0.80,0.82,0.84,0.85,0.86,0.88,0.89,0.91,0.92,0.93,0.94,0.98,1.00,1.02,inferred
"Scotland",2021-04-25,0.78,0.80,0.82,0.84,0.85,0.86,0.88,0.89,0.91,0.92,0.93,0.94,0.98,1.00,1.02,inferred
"Scotland",2021-04-26,0.89,0.91,0.93,0.97,0.98,0.99,1.01,1.03,1.04,1.07,1.08,1.09,1.12,1.15,1.18,inferred
"Scotland",2021-04-27,0.89,0.91,0.93,0.97,0.98,0.99,1.01,1.03,1.04,1.07,1.08,1.09,1.12,1.15,1.18,inferred
"Scotland",2021-04-28,0.89,0.91,0.93,0.97,0.98,0.99,1.01,1.03,1.04,1.07,1.08,1.09,1.12,1.15,1.18,inferred
"Scotland",2021-04-29,0.89,0.91,0.93,0.97,0.98,0.99,1.01,1.03,1.04,1.07,1.08,1.09,1.12,1.15,1.18,inferred
"Scotland",2021-04-30,0.89,0.91,0.93,0.97,0.98,0.99,1.01,1.03,1.04,1.07,1.08,1.09,1.12,1.15,1.18,inferred
"Scotland",2021-05-01,0.89,0.91,0.93,0.97,0.98,0.99,1.01,1.03,1.04,1.07,1.08,1.09,1.12,1.15,1.18,inferred
"Scotland",2021-05-02,0.89,0.91,0.93,0.97,0.98,0.99,1.01,1.03,1.04,1.07,1.08,1.09,1.12,1.15,1.18,inferred
"Scotland",2021-05-03,1.12,1.15,1.18,1.21,1.23,1.25,1.27,1.30,1.33,1.35,1.37,1.39,1.45,1.51,1.55,inferred
"Scotland",2021-05-04,1.12,1.15,1.18,1.21,1.23,1.25,1.27,1.30,1.33,1.35,1.37,1.39,1.45,1.51,1.55,inferred
"Scotland",2021-05-05,1.12,1.15,1.18,1.21,1.23,1.25,1.27,1.30,1.33,1.35,1.37,1.39,1.45,1.51,1.55,inferred
"Scotland",2021-05-06,1.12,1.15,1.18,1.21,1.23,1.25,1.27,1.30,1.33,1.35,1.37,1.39,1.45,1.51,1.55,inferred
"Scotland",2021-05-07,1.12,1.15,1.18,1.21,1.23,1.25,1.27,1.30,1.33,1.35,1.37,1.39,1.45,1.51,1.55,inferred
"Scotland",2021-05-08,1.12,1.15,1.18,1.21,1.23,1.25,1.27,1.30,1.33,1.35,1.37,1.39,1.45,1.51,1.55,inferred
"Scotland",2021-05-09,1.12,1.15,1.18,1.21,1.23,1.25,1.27,1.30,1.33,1.35,1.37,1.39,1.45,1.51,1.55,inferred
"Scotland",2021-05-10,1.12,1.15,1.19,1.23,1.25,1.26,1.29,1.32,1.36,1.39,1.41,1.43,1.50,1.56,1.61,inferred
"Scotland",2021-05-11,1.12,1.15,1.19,1.23,1.25,1.26,1.29,1.32,1.36,1.39,1.41,1.43,1.50,1.56,1.61,inferred
"Scotland",2021-05-12,1.12,1.15,1.19,1.23,1.25,1.26,1.29,1.32,1.36,1.39,1.41,1.43,1.50,1.56,1.61,inferred
"Scotland",2021-05-13,1.12,1.15,1.19,1.23,1.25,1.26,1.29,1.32,1.36,1.39,1.41,1.43,1.50,1.56,1.61,inferred
"Scotland",2021-05-14,1.12,1.15,1.19,1.23,1.25,1.26,1.29,1.32,1.36,1.39,1.41,1.43,1.50,1.56,1.61,inferred
"Scotland",2021-05-15,1.12,1.15,1.19,1.23,1.25,1.26,1.29,1.32,1.36,1.39,1.41,1.43,1.50,1.56,1.61,inferred
"Scotland",2021-05-16,1.12,1.15,1.19,1.23,1.25,1.26,1.29,1.32,1.36,1.39,1.41,1.43,1.50,1.56,1.61,inferred
"Scotland",2021-05-17,1.14,1.17,1.21,1.24,1.26,1.27,1.30,1.33,1.37,1.40,1.42,1.44,1.50,1.55,1.60,inferred
"Scotland",2021-05-18,1.14,1.17,1.21,1.24,1.26,1.27,1.30,1.33,1.37,1.40,1.42,1.44,1.50,1.55,1.60,inferred
"Scotland",2021-05-19,1.14,1.17,1.21,1.24,1.26,1.27,1.30,1.33,1.37,1.40,1.42,1.44,1.50,1.55,1.60,inferred
"Scotland",2021-05-20,1.14,1.17,1.21,1.24,1.26,1.27,1.30,1.33,1.37,1.40,1.42,1.44,1.50,1.55,1.60,inferred
"Scotland",2021-05-21,1.14,1.17,1.21,1.24,1.26,1.27,1.30,1.33,1.37,1.40,1.42,1.44,1.50,1.55,1.60,inferred
"Scotland",2021-05-22,1.14,1.17,1.21,1.24,1.26,1.27,1.30,1.33,1.37,1.40,1.42,1.44,1.50,1.55,1.60,inferred
"Scotland",2021-05-23,1.14,1.17,1.21,1.24,1.26,1.27,1.30,1.33,1.37,1.40,1.42,1.44,1.50,1.55,1.60,inferred
"Scotland",2021-05-24,1.20,1.22,1.26,1.31,1.32,1.34,1.38,1.42,1.45,1.49,1.51,1.53,1.60,1.65,1.70,inferred
"Scotland",2021-05-25,1.20,1.22,1.26,1.31,1.32,1.34,1.38,1.42,1.45,1.49,1.51,1.53,1.60,1.65,1.70,inferred
"Scotland",2021-05-26,1.20,1.22,1.26,1.31,1.32,1.34,1.38,1.42,1.45,1.49,1.51,1.53,1.60,1.65,1.70,inferred
"Scotland",2021-05-27,1.20,1.22,1.26,1.31,1.32,1.34,1.38,1.42,1.45,1.49,1.51,1.53,1.60,1.65,1.70,inferred
"Scotland",2021-05-28,1.20,1.22,1.26,1.31,1.32,1.34,1.38,1.42,1.45,1.49,1.51,1.53,1.60,1.65,1.70,inferred
"Scotland",2021-05-29,1.20,1.22,1.26,1.31,1.32,1.34,1.38,1.42,1.45,1.49,1.51,1.53,1.60,1.65,1.70,inferred
"Scotland",2021-05-30,1.20,1.22,1.26,1.31,1.32,1.34,1.38,1.42,1.45,1.49,1.51,1.53,1.60,1.65,1.70,inferred
"Scotland",2021-05-31,1.08,1.10,1.13,1.16,1.17,1.19,1.21,1.24,1.27,1.29,1.31,1.33,1.39,1.43,1.48,inferred
"Scotland",2021-06-01,1.08,1.10,1.13,1.16,1.17,1.19,1.21,1.24,1.27,1.29,1.31,1.33,1.39,1.43,1.48,inferred
"Scotland",2021-06-02,1.08,1.10,1.13,1.16,1.17,1.19,1.21,1.24,1.27,1.29,1.31,1.33,1.39,1.43,1.48,inferred
"Scotland",2021-06-03,1.08,1.10,1.13,1.16,1.17,1.19,1.21,1.24,1.27,1.29,1.31,1.33,1.39,1.43,1.48,inferred
"Scotland",2021-06-04,1.08,1.10,1.13,1.16,1.17,1.19,1.21,1.24,1.27,1.29,1.31,1.33,1.39,1.43,1.48,inferred
"Scotland",2021-06-05,1.08,1.10,1.13,1.16,1.17,1.19,1.21,1.24,1.27,1.29,1.31,1.33,1.39,1.43,1.48,inferred
"Scotland",2021-06-06,1.08,1.10,1.13,1.16,1.17,1.19,1.21,1.24,1.27,1.29,1.31,1.33,1.39,1.43,1.48,inferred
"Scotland",2021-06-07,1.10,1.12,1.14,1.17,1.18,1.19,1.21,1.23,1.25,1.28,1.29,1.30,1.34,1.38,1.42,inferred
"Scotland",2021-06-08,1.10,1.12,1.14,1.17,1.18,1.19,1.21,1.23,1.25,1.28,1.29,1.30,1.34,1.38,1.42,inferred
"Scotland",2021-06-09,1.10,1.12,1.14,1.17,1.18,1.19,1.21,1.23,1.25,1.28,1.29,1.30,1.34,1.38,1.42,inferred
"Scotland",2021-06-10,1.10,1.12,1.14,1.17,1.18,1.19,1.21,1.23,1.25,1.28,1.29,1.30,1.34,1.38,1.42,inferred
"Scotland",2021-06-11,1.10,1.12,1.14,1.17,1.18,1.19,1.21,1.23,1.25,1.28,1.29,1.30,1.34,1.38,1.42,inferred
"Scotland",2021-06-12,1.10,1.12,1.14,1.17,1.18,1.19,1.21,1.23,1.25,1.28,1.29,1.30,1.34,1.38,1.42,inferred
"Scotland",2021-06-13,1.10,1.12,1.14,1.17,1.18,1.19,1.21,1.23,1.25,1.28,1.29,1.30,1.34,1.38,1.42,inferred
"Scotland",2021-06-14,1.60,1.62,1.65,1.71,1.75,1.78,1.84,1.88,1.92,1.97,2.00,2.03,2.11,2.18,2.22,inferred
"Scotland",2021-06-15,1.60,1.62,1.65,1.71,1.75,1.78,1.84,1.88,1.92,1.97,2.00,2.03,2.11,2.18,2.22,inferred
"Scotland",2021-06-16,1.60,1.62,1.65,1.71,1.75,1.78,1.84,1.88,1.92,1.97,2.00,2.03,2.11,2.18,2.22,inferred
"Scotland",2021-06-17,1.60,1.62,1.65,1.71,1.75,1.78,1.84,1.88,1.92,1.97,2.00,2.03,2.11,2.18,2.22,inferred
"Scotland",2021-06-18,1.60,1.62,1.65,1.71,1.75,1.78,1.84,1.88,1.92,1.97,2.00,2.03,2.11,2.18,2.22,inferred
"Scotland",2021-06-19,1.60,1.62,1.65,1.71,1.75,1.78,1.84,1.88,1.92,1.97,2.00,2.03,2.11,2.18,2.22,inferred
"Scotland",2021-06-20,1.60,1.62,1.65,1.71,1.75,1.78,1.84,1.88,1.92,1.97,2.00,2.03,2.11,2.18,2.22,inferred
"Scotland",2021-06-21,1.28,1.30,1.33,1.40,1.45,1.48,1.54,1.61,1.66,1.69,1.71,1.74,1.86,2.02,2.08,inferred
"Scotland",2021-06-22,1.28,1.30,1.33,1.40,1.45,1.48,1.54,1.61,1.66,1.69,1.71,1.74,1.86,2.02,2.08,inferred
"Scotland",2021-06-23,1.28,1.30,1.33,1.40,1.45,1.48,1.54,1.61,1.66,1.69,1.71,1.74,1.86,2.02,2.08,inferred
"Scotland",2021-06-24,1.28,1.30,1.33,1.40,1.45,1.48,1.54,1.61,1.66,1.69,1.71,1.74,1.86,2.02,2.08,inferred
"Scotland",2021-06-25,1.28,1.30,1.33,1.40,1.45,1.48,1.54,1.61,1.66,1.69,1.71,1.74,1.86,2.02,2.08,inferred
"Scotland",2021-06-26,1.28,1.30,1.33,1.40,1.45,1.48,1.54,1.61,1.66,1.69,1.71,1.74,1.86,2.02,2.08,inferred
"Scotland",2021-06-27,1.28,1.30,1.33,1.40,1.45,1.48,1.54,1.61,1.66,1.69,1.71,1.74,1.86,2.02,2.08,inferred
"Scotland",2021-06-28,0.76,0.77,0.78,0.80,0.80,0.81,0.82,0.83,0.84,0.85,0.86,0.87,0.89,0.90,0.92,inferred
"Scotland",2021-06-29,0.76,0.77,0.78,0.80,0.80,0.81,0.82,0.83,0.84,0.85,0.86,0.87,0.89,0.90,0.92,inferred
"Scotland",2021-06-30,0.76,0.77,0.78,0.80,0.80,0.81,0.82,0.83,0.84,0.85,0.86,0.87,0.89,0.90,0.92,inferred
"Scotland",2021-07-01,0.76,0.77,0.78,0.80,0.80,0.81,0.82,0.83,0.84,0.85,0.86,0.87,0.89,0.90,0.92,inferred
"Scotland",2021-07-02,0.76,0.77,0.78,0.80,0.80,0.81,0.82,0.83,0.84,0.85,0.86,0.87,0.89,0.90,0.92,inferred
"Scotland",2021-07-03,0.76,0.77,0.78,0.80,0.80,0.81,0.82,0.83,0.84,0.85,0.86,0.87,0.89,0.90,0.92,inferred
"Scotland",2021-07-04,0.76,0.77,0.78,0.80,0.80,0.81,0.82,0.83,0.84,0.85,0.86,0.87,0.89,0.90,0.92,inferred
"Scotland",2021-07-05,0.70,0.71,0.73,0.74,0.75,0.76,0.77,0.78,0.79,0.80,0.81,0.81,0.83,0.85,0.86,inferred
"Scotland",2021-07-06,0.70,0.71,0.73,0.74,0.75,0.76,0.77,0.78,0.79,0.80,0.81,0.81,0.83,0.85,0.86,inferred
"Scotland",2021-07-07,0.70,0.71,0.73,0.74,0.75,0.76,0.77,0.78,0.79,0.80,0.81,0.81,0.83,0.85,0.86,inferred
"Scotland",2021-07-08,0.70,0.71,0.73,0.74,0.75,0.76,0.77,0.78,0.79,0.80,0.81,0.81,0.83,0.85,0.86,inferred
"Scotland",2021-07-09,0.70,0.71,0.73,0.74,0.75,0.76,0.77,0.78,0.79,0.80,0.81,0.81,0.83,0.85,0.86,inferred
"Scotland",2021-07-10,0.70,0.71,0.73,0.74,0.75,0.76,0.77,0.78,0.79,0.80,0.81,0.81,0.83,0.85,0.86,inferred
"Scotland",2021-07-11,0.70,0.71,0.73,0.74,0.75,0.76,0.77,0.78,0.79,0.80,0.81,0.81,0.83,0.85,0.86,inferred
"Scotland",2021-07-12,0.58,0.59,0.61,0.63,0.63,0.64,0.65,0.67,0.68,0.69,0.70,0.71,0.74,0.75,0.77,inferred
"Scotland",2021-07-13,0.58,0.59,0.61,0.63,0.63,0.64,0.65,0.67,0.68,0.69,0.70,0.71,0.74,0.75,0.77,inferred
"Scotland",2021-07-14,0.58,0.59,0.61,0.63,0.63,0.64,0.65,0.67,0.68,0.69,0.70,0.71,0.74,0.75,0.77,inferred
"Scotland",2021-07-15,0.58,0.59,0.61,0.63,0.63,0.64,0.65,0.67,0.68,0.69,0.70,0.71,0.74,0.75,0.77,inferred
"Scotland",2021-07-16,0.58,0.59,0.61,0.63,0.63,0.64,0.65,0.67,0.68,0.69,0.70,0.71,0.74,0.75,0.77,inferred
"Scotland",2021-07-17,0.58,0.59,0.61,0.63,0.63,0.64,0.65,0.67,0.68,0.69,0.70,0.71,0.74,0.75,0.77,inferred
"Scotland",2021-07-18,0.58,0.59,0.61,0.63,0.63,0.64,0.65,0.67,0.68,0.69,0.70,0.71,0.74,0.75,0.77,inferred
"Scotland",2021-07-19,0.41,0.43,0.45,0.49,0.50,0.51,0.52,0.54,0.57,0.60,0.62,0.63,0.67,0.69,0.72,inferred
"Scotland",2021-07-20,0.41,0.43,0.45,0.49,0.50,0.51,0.52,0.54,0.57,0.60,0.62,0.63,0.67,0.69,0.72,inferred
"Scotland",2021-07-21,0.41,0.43,0.45,0.49,0.50,0.51,0.52,0.54,0.57,0.60,0.62,0.63,0.67,0.69,0.72,inferred
"Scotland",2021-07-22,0.41,0.43,0.45,0.49,0.50,0.51,0.52,0.54,0.57,0.60,0.62,0.63,0.67,0.69,0.72,inferred
"Scotland",2021-07-23,0.41,0.43,0.45,0.49,0.50,0.51,0.52,0.54,0.57,0.60,0.62,0.63,0.67,0.69,0.72,inferred
"Scotland",2021-07-24,0.41,0.43,0.45,0.49,0.50,0.51,0.52,0.54,0.57,0.60,0.62,0.63,0.67,0.69,0.72,inferred
"Scotland",2021-07-25,0.41,0.43,0.45,0.49,0.50,0.51,0.52,0.54,0.57,0.60,0.62,0.63,0.67,0.69,0.72,inferred
"Scotland",2021-07-26,0.75,0.78,0.81,0.86,0.88,0.90,0.93,0.96,1.00,1.04,1.06,1.09,1.15,1.22,1.29,inferred
"Scotland",2021-07-27,0.75,0.78,0.81,0.86,0.88,0.90,0.93,0.96,1.00,1.04,1.06,1.09,1.15,1.22,1.29,inferred
"Scotland",2021-07-28,0.75,0.78,0.81,0.86,0.88,0.90,0.93,0.96,1.00,1.04,1.06,1.09,1.15,1.22,1.29,inferred
"Scotland",2021-07-29,0.75,0.78,0.81,0.86,0.88,0.90,0.93,0.96,1.00,1.04,1.06,1.09,1.15,1.22,1.29,inferred
"Scotland",2021-07-30,0.75,0.78,0.81,0.86,0.88,0.90,0.93,0.96,1.00,1.04,1.06,1.09,1.15,1.22,1.29,inferred
"Scotland",2021-07-31,0.75,0.78,0.81,0.86,0.88,0.90,0.93,0.96,1.00,1.04,1.06,1.09,1.15,1.22,1.29,inferred
"Scotland",2021-08-01,0.75,0.78,0.81,0.86,0.88,0.90,0.93,0.96,1.00,1.04,1.06,1.09,1.15,1.22,1.29,inferred
"Scotland",2021-08-02,0.73,0.78,0.84,0.91,0.94,0.97,1.03,1.09,1.15,1.22,1.27,1.32,1.48,1.65,1.87,projected
"Scotland",2021-08-03,0.73,0.78,0.84,0.91,0.94,0.97,1.03,1.09,1.15,1.22,1.27,1.32,1.48,1.65,1.87,projected
"Scotland",2021-08-04,0.73,0.78,0.84,0.91,0.94,0.97,1.03,1.09,1.15,1.22,1.27,1.32,1.48,1.65,1.87,projected
"Scotland",2021-08-05,0.73,0.78,0.84,0.91,0.94,0.97,1.03,1.09,1.15,1.22,1.27,1.32,1.48,1.65,1.87,projected
"Scotland",2021-08-06,0.73,0.78,0.84,0.91,0.94,0.97,1.03,1.09,1.15,1.22,1.27,1.32,1.48,1.65,1.87,projected
"Scotland",2021-08-07,0.73,0.78,0.84,0.91,0.94,0.97,1.03,1.09,1.15,1.22,1.27,1.32,1.48,1.65,1.87,projected
"Scotland",2021-08-08,0.73,0.78,0.84,0.91,0.94,0.97,1.03,1.09,1.15,1.22,1.27,1.32,1.48,1.65,1.87,projected
"Scotland",2021-08-09,0.78,0.83,0.90,1.02,1.06,1.10,1.20,1.28,1.37,1.51,1.60,1.69,2.01,2.37,2.78,projected
"Scotland",2021-08-10,0.78,0.83,0.90,1.02,1.06,1.10,1.20,1.28,1.37,1.51,1.60,1.69,2.01,2.37,2.78,projected
"Scotland",2021-08-11,0.78,0.83,0.90,1.02,1.06,1.10,1.20,1.28,1.37,1.51,1.60,1.69,2.01,2.37,2.78,projected
"Scotland",2021-08-12,0.78,0.83,0.90,1.02,1.06,1.10,1.20,1.28,1.37,1.51,1.60,1.69,2.01,2.37,2.78,projected
"Scotland",2021-08-13,0.78,0.83,0.90,1.02,1.06,1.10,1.20,1.28,1.37,1.51,1.60,1.69,2.01,2.37,2.78,projected
"Scotland",2021-08-14,0.78,0.83,0.90,1.02,1.06,1.10,1.20,1.28,1.37,1.51,1.60,1.69,2.01,2.37,2.78,projected
"Scotland",2021-08-15,0.78,0.83,0.90,1.02,1.06,1.10,1.20,1.28,1.37,1.51,1.60,1.69,2.01,2.37,2.78,projected
"Scotland",2021-08-16,0.82,0.89,0.98,1.14,1.21,1.26,1.39,1.51,1.68,1.87,1.99,2.15,2.68,3.34,3.99,projected
"Scotland",2021-08-17,0.82,0.89,0.98,1.14,1.21,1.26,1.39,1.51,1.68,1.87,1.99,2.15,2.68,3.34,3.99,projected
"Scotland",2021-08-18,0.82,0.89,0.98,1.14,1.21,1.26,1.39,1.51,1.68,1.87,1.99,2.15,2.68,3.34,3.99,projected
"Scotland",2021-08-19,0.82,0.89,0.98,1.14,1.21,1.26,1.39,1.51,1.68,1.87,1.99,2.15,2.68,3.34,3.99,projected
"Scotland",2021-08-20,0.82,0.89,0.98,1.14,1.21,1.26,1.39,1.51,1.68,1.87,1.99,2.15,2.68,3.34,3.99,projected
"Scotland",2021-08-21,0.82,0.89,0.98,1.14,1.21,1.26,1.39,1.51,1.68,1.87,1.99,2.15,2.68,3.34,3.99,projected
"Scotland",2021-08-22,0.82,0.89,0.98,1.14,1.21,1.26,1.39,1.51,1.68,1.87,1.99,2.15,2.68,3.34,3.99,projected
England,2021-04-19,0.88,0.88,0.89,0.90,0.90,0.90,0.91,0.92,0.92,0.93,0.93,0.94,0.95,0.96,0.96,inferred
England,2021-04-20,0.88,0.88,0.89,0.90,0.90,0.90,0.91,0.92,0.92,0.93,0.93,0.94,0.95,0.96,0.96,inferred
England,2021-04-21,0.88,0.88,0.89,0.90,0.90,0.90,0.91,0.92,0.92,0.93,0.93,0.94,0.95,0.96,0.96,inferred
England,2021-04-22,0.88,0.88,0.89,0.90,0.90,0.90,0.91,0.92,0.92,0.93,0.93,0.94,0.95,0.96,0.96,inferred
England,2021-04-23,0.88,0.88,0.89,0.90,0.90,0.90,0.91,0.92,0.92,0.93,0.93,0.94,0.95,0.96,0.96,inferred
England,2021-04-24,0.88,0.88,0.89,0.90,0.90,0.90,0.91,0.92,0.92,0.93,0.93,0.94,0.95,0.96,0.96,inferred
England,2021-04-25,0.88,0.88,0.89,0.90,0.90,0.90,0.91,0.92,0.92,0.93,0.93,0.94,0.95,0.96,0.96,inferred
England,2021-04-26,0.97,0.98,0.98,0.99,1.00,1.00,1.01,1.01,1.02,1.03,1.03,1.03,1.04,1.05,1.06,inferred
England,2021-04-27,0.97,0.98,0.98,0.99,1.00,1.00,1.01,1.01,1.02,1.03,1.03,1.03,1.04,1.05,1.06,inferred
England,2021-04-28,0.97,0.98,0.98,0.99,1.00,1.00,1.01,1.01,1.02,1.03,1.03,1.03,1.04,1.05,1.06,inferred
England,2021-04-29,0.97,0.98,0.98,0.99,1.00,1.00,1.01,1.01,1.02,1.03,1.03,1.03,1.04,1.05,1.06,inferred
England,2021-04-30,0.97,0.98,0.98,0.99,1.00,1.00,1.01,1.01,1.02,1.03,1.03,1.03,1.04,1.05,1.06,inferred
England,2021-05-01,0.97,0.98,0.98,0.99,1.00,1.00,1.01,1.01,1.02,1.03,1.03,1.03,1.04,1.05,1.06,inferred
England,2021-05-02,0.97,0.98,0.98,0.99,1.00,1.00,1.01,1.01,1.02,1.03,1.03,1.03,1.04,1.05,1.06,inferred
England,2021-05-03,0.97,0.97,0.98,0.99,0.99,0.99,1.00,1.00,1.00,1.01,1.01,1.01,1.02,1.03,1.04,inferred
England,2021-05-04,0.97,0.97,0.98,0.99,0.99,0.99,1.00,1.00,1.00,1.01,1.01,1.01,1.02,1.03,1.04,inferred
England,2021-05-05,0.97,0.97,0.98,0.99,0.99,0.99,1.00,1.00,1.00,1.01,1.01,1.01,1.02,1.03,1.04,inferred
England,2021-05-06,0.97,0.97,0.98,0.99,0.99,0.99,1.00,1.00,1.00,1.01,1.01,1.01,1.02,1.03,1.04,inferred
England,2021-05-07,0.97,0.97,0.98,0.99,0.99,0.99,1.00,1.00,1.00,1.01,1.01,1.01,1.02,1.03,1.04,inferred
England,2021-05-08,0.97,0.97,0.98,0.99,0.99,0.99,1.00,1.00,1.00,1.01,1.01,1.01,1.02,1.03,1.04,inferred
England,2021-05-09,0.97,0.97,0.98,0.99,0.99,0.99,1.00,1.00,1.00,1.01,1.01,1.01,1.02,1.03,1.04,inferred
England,2021-05-10,1.08,1.09,1.09,1.10,1.11,1.11,1.11,1.12,1.13,1.13,1.14,1.14,1.15,1.16,1.17,inferred
England,2021-05-11,1.08,1.09,1.09,1.10,1.11,1.11,1.11,1.12,1.13,1.13,1.14,1.14,1.15,1.16,1.17,inferred
England,2021-05-12,1.08,1.09,1.09,1.10,1.11,1.11,1.11,1.12,1.13,1.13,1.14,1.14,1.15,1.16,1.17,inferred
England,2021-05-13,1.08,1.09,1.09,1.10,1.11,1.11,1.11,1.12,1.13,1.13,1.14,1.14,1.15,1.16,1.17,inferred
England,2021-05-14,1.08,1.09,1.09,1.10,1.11,1.11,1.11,1.12,1.13,1.13,1.14,1.14,1.15,1.16,1.17,inferred
England,2021-05-15,1.08,1.09,1.09,1.10,1.11,1.11,1.11,1.12,1.13,1.13,1.14,1.14,1.15,1.16,1.17,inferred
England,2021-05-16,1.08,1.09,1.09,1.10,1.11,1.11,1.11,1.12,1.13,1.13,1.14,1.14,1.15,1.16,1.17,inferred
England,2021-05-17,1.23,1.24,1.25,1.27,1.28,1.30,1.32,1.33,1.35,1.36,1.37,1.38,1.41,1.43,1.44,inferred
England,2021-05-18,1.23,1.24,1.25,1.27,1.28,1.30,1.32,1.33,1.35,1.36,1.37,1.38,1.41,1.43,1.44,inferred
England,2021-05-19,1.23,1.24,1.25,1.27,1.28,1.30,1.32,1.33,1.35,1.36,1.37,1.38,1.41,1.43,1.44,inferred
England,2021-05-20,1.23,1.24,1.25,1.27,1.28,1.30,1.32,1.33,1.35,1.36,1.37,1.38,1.41,1.43,1.44,inferred
England,2021-05-21,1.23,1.24,1.25,1.27,1.28,1.30,1.32,1.33,1.35,1.36,1.37,1.38,1.41,1.43,1.44,inferred
England,2021-05-22,1.23,1.24,1.25,1.27,1.28,1.30,1.32,1.33,1.35,1.36,1.37,1.38,1.41,1.43,1.44,inferred
England,2021-05-23,1.23,1.24,1.25,1.27,1.28,1.30,1.32,1.33,1.35,1.36,1.37,1.38,1.41,1.43,1.44,inferred
England,2021-05-24,1.43,1.43,1.44,1.48,1.50,1.53,1.58,1.60,1.62,1.65,1.68,1.70,1.76,1.80,1.82,inferred
England,2021-05-25,1.43,1.43,1.44,1.48,1.50,1.53,1.58,1.60,1.62,1.65,1.68,1.70,1.76,1.80,1.82,inferred
England,2021-05-26,1.43,1.43,1.44,1.48,1.50,1.53,1.58,1.60,1.62,1.65,1.68,1.70,1.76,1.80,1.82,inferred
England,2021-05-27,1.43,1.43,1.44,1.48,1.50,1.53,1.58,1.60,1.62,1.65,1.68,1.70,1.76,1.80,1.82,inferred
England,2021-05-28,1.43,1.43,1.44,1.48,1.50,1.53,1.58,1.60,1.62,1.65,1.68,1.70,1.76,1.80,1.82,inferred
England,2021-05-29,1.43,1.43,1.44,1.48,1.50,1.53,1.58,1.60,1.62,1.65,1.68,1.70,1.76,1.80,1.82,inferred
England,2021-05-30,1.43,1.43,1.44,1.48,1.50,1.53,1.58,1.60,1.62,1.65,1.68,1.70,1.76,1.80,1.82,inferred
England,2021-05-31,1.26,1.26,1.27,1.32,1.36,1.37,1.43,1.46,1.48,1.51,1.54,1.55,1.63,1.71,1.73,inferred
England,2021-06-01,1.26,1.26,1.27,1.32,1.36,1.37,1.43,1.46,1.48,1.51,1.54,1.55,1.63,1.71,1.73,inferred
England,2021-06-02,1.26,1.26,1.27,1.32,1.36,1.37,1.43,1.46,1.48,1.51,1.54,1.55,1.63,1.71,1.73,inferred
England,2021-06-03,1.26,1.26,1.27,1.32,1.36,1.37,1.43,1.46,1.48,1.51,1.54,1.55,1.63,1.71,1.73,inferred
England,2021-06-04,1.26,1.26,1.27,1.32,1.36,1.37,1.43,1.46,1.48,1.51,1.54,1.55,1.63,1.71,1.73,inferred
England,2021-06-05,1.26,1.26,1.27,1.32,1.36,1.37,1.43,1.46,1.48,1.51,1.54,1.55,1.63,1.71,1.73,inferred
England,2021-06-06,1.26,1.26,1.27,1.32,1.36,1.37,1.43,1.46,1.48,1.51,1.54,1.55,1.63,1.71,1.73,inferred
England,2021-06-07,1.18,1.19,1.20,1.22,1.25,1.27,1.30,1.32,1.34,1.36,1.38,1.39,1.44,1.50,1.52,inferred
England,2021-06-08,1.18,1.19,1.20,1.22,1.25,1.27,1.30,1.32,1.34,1.36,1.38,1.39,1.44,1.50,1.52,inferred
England,2021-06-09,1.18,1.19,1.20,1.22,1.25,1.27,1.30,1.32,1.34,1.36,1.38,1.39,1.44,1.50,1.52,inferred
England,2021-06-10,1.18,1.19,1.20,1.22,1.25,1.27,1.30,1.32,1.34,1.36,1.38,1.39,1.44,1.50,1.52,inferred
England,2021-06-11,1.18,1.19,1.20,1.22,1.25,1.27,1.30,1.32,1.34,1.36,1.38,1.39,1.44,1.50,1.52,inferred
England,2021-06-12,1.18,1.19,1.20,1.22,1.25,1.27,1.30,1.32,1.34,1.36,1.38,1.39,1.44,1.50,1.52,inferred
England,2021-06-13,1.18,1.19,1.20,1.22,1.25,1.27,1.30,1.32,1.34,1.36,1.38,1.39,1.44,1.50,1.52,inferred
England,2021-06-14,1.41,1.42,1.43,1.46,1.48,1.51,1.55,1.57,1.58,1.62,1.65,1.67,1.73,1.76,1.77,inferred
England,2021-06-15,1.41,1.42,1.43,1.46,1.48,1.51,1.55,1.57,1.58,1.62,1.65,1.67,1.73,1.76,1.77,inferred
England,2021-06-16,1.41,1.42,1.43,1.46,1.48,1.51,1.55,1.57,1.58,1.62,1.65,1.67,1.73,1.76,1.77,inferred
England,2021-06-17,1.41,1.42,1.43,1.46,1.48,1.51,1.55,1.57,1.58,1.62,1.65,1.67,1.73,1.76,1.77,inferred
England,2021-06-18,1.41,1.42,1.43,1.46,1.48,1.51,1.55,1.57,1.58,1.62,1.65,1.67,1.73,1.76,1.77,inferred
England,2021-06-19,1.41,1.42,1.43,1.46,1.48,1.51,1.55,1.57,1.58,1.62,1.65,1.67,1.73,1.76,1.77,inferred
England,2021-06-20,1.41,1.42,1.43,1.46,1.48,1.51,1.55,1.57,1.58,1.62,1.65,1.67,1.73,1.76,1.77,inferred
England,2021-06-21,1.41,1.42,1.43,1.49,1.52,1.55,1.62,1.66,1.67,1.72,1.76,1.77,1.83,1.97,1.97,inferred
England,2021-06-22,1.41,1.42,1.43,1.49,1.52,1.55,1.62,1.66,1.67,1.72,1.76,1.77,1.83,1.97,1.97,inferred
England,2021-06-23,1.41,1.42,1.43,1.49,1.52,1.55,1.62,1.66,1.67,1.72,1.76,1.77,1.83,1.97,1.97,inferred
England,2021-06-24,1.41,1.42,1.43,1.49,1.52,1.55,1.62,1.66,1.67,1.72,1.76,1.77,1.83,1.97,1.97,inferred
England,2021-06-25,1.41,1.42,1.43,1.49,1.52,1.55,1.62,1.66,1.67,1.72,1.76,1.77,1.83,1.97,1.97,inferred
England,2021-06-26,1.41,1.42,1.43,1.49,1.52,1.55,1.62,1.66,1.67,1.72,1.76,1.77,1.83,1.97,1.97,inferred
England,2021-06-27,1.41,1.42,1.43,1.49,1.52,1.55,1.62,1.66,1.67,1.72,1.76,1.77,1.83,1.97,1.97,inferred
England,2021-06-28,1.10,1.11,1.11,1.16,1.18,1.19,1.22,1.25,1.27,1.29,1.31,1.31,1.35,1.46,1.47,inferred
England,2021-06-29,1.10,1.11,1.11,1.16,1.18,1.19,1.22,1.25,1.27,1.29,1.31,1.31,1.35,1.46,1.47,inferred
England,2021-06-30,1.10,1.11,1.11,1.16,1.18,1.19,1.22,1.25,1.27,1.29,1.31,1.31,1.35,1.46,1.47,inferred
England,2021-07-01,1.10,1.11,1.11,1.16,1.18,1.19,1.22,1.25,1.27,1.29,1.31,1.31,1.35,1.46,1.47,inferred
England,2021-07-02,1.10,1.11,1.11,1.16,1.18,1.19,1.22,1.25,1.27,1.29,1.31,1.31,1.35,1.46,1.47,inferred
England,2021-07-03,1.10,1.11,1.11,1.16,1.18,1.19,1.22,1.25,1.27,1.29,1.31,1.31,1.35,1.46,1.47,inferred
England,2021-07-04,1.10,1.11,1.11,1.16,1.18,1.19,1.22,1.25,1.27,1.29,1.31,1.31,1.35,1.46,1.47,inferred
England,2021-07-05,1.50,1.50,1.52,1.55,1.56,1.60,1.65,1.67,1.68,1.71,1.76,1.77,1.81,1.89,1.89,inferred
England,2021-07-06,1.50,1.50,1.52,1.55,1.56,1.60,1.65,1.67,1.68,1.71,1.76,1.77,1.81,1.89,1.89,inferred
England,2021-07-07,1.50,1.50,1.52,1.55,1.56,1.60,1.65,1.67,1.68,1.71,1.76,1.77,1.81,1.89,1.89,inferred
England,2021-07-08,1.50,1.50,1.52,1.55,1.56,1.60,1.65,1.67,1.68,1.71,1.76,1.77,1.81,1.89,1.89,inferred
England,2021-07-09,1.50,1.50,1.52,1.55,1.56,1.60,1.65,1.67,1.68,1.71,1.76,1.77,1.81,1.89,1.89,inferred
England,2021-07-10,1.50,1.50,1.52,1.55,1.56,1.60,1.65,1.67,1.68,1.71,1.76,1.77,1.81,1.89,1.89,inferred
England,2021-07-11,1.50,1.50,1.52,1.55,1.56,1.60,1.65,1.67,1.68,1.71,1.76,1.77,1.81,1.89,1.89,inferred
England,2021-07-12,0.53,0.53,0.54,0.56,0.56,0.56,0.58,0.59,0.60,0.61,0.61,0.62,0.63,0.64,0.64,inferred
England,2021-07-13,0.53,0.53,0.54,0.56,0.56,0.56,0.58,0.59,0.60,0.61,0.61,0.62,0.63,0.64,0.64,inferred
England,2021-07-14,0.53,0.53,0.54,0.56,0.56,0.56,0.58,0.59,0.60,0.61,0.61,0.62,0.63,0.64,0.64,inferred
England,2021-07-15,0.53,0.53,0.54,0.56,0.56,0.56,0.58,0.59,0.60,0.61,0.61,0.62,0.63,0.64,0.64,inferred
England,2021-07-16,0.53,0.53,0.54,0.56,0.56,0.56,0.58,0.59,0.60,0.61,0.61,0.62,0.63,0.64,0.64,inferred
England,2021-07-17,0.53,0.53,0.54,0.56,0.56,0.56,0.58,0.59,0.60,0.61,0.61,0.62,0.63,0.64,0.64,inferred
England,2021-07-18,0.53,0.53,0.54,0.56,0.56,0.56,0.58,0.59,0.60,0.61,0.61,0.62,0.63,0.64,0.64,inferred
England,2021-07-19,0.63,0.64,0.69,0.71,0.71,0.71,0.72,0.72,0.75,0.78,0.79,0.81,0.88,0.89,0.89,inferred
England,2021-07-20,0.63,0.64,0.69,0.71,0.71,0.71,0.72,0.72,0.75,0.78,0.79,0.81,0.88,0.89,0.89,inferred
England,2021-07-21,0.63,0.64,0.69,0.71,0.71,0.71,0.72,0.72,0.75,0.78,0.79,0.81,0.88,0.89,0.89,inferred
England,2021-07-22,0.63,0.64,0.69,0.71,0.71,0.71,0.72,0.72,0.75,0.78,0.79,0.81,0.88,0.89,0.89,inferred
England,2021-07-23,0.63,0.64,0.69,0.71,0.71,0.71,0.72,0.72,0.75,0.78,0.79,0.81,0.88,0.89,0.89,inferred
England,2021-07-24,0.63,0.64,0.69,0.71,0.71,0.71,0.72,0.72,0.75,0.78,0.79,0.81,0.88,0.89,0.89,inferred
England,2021-07-25,0.63,0.64,0.69,0.71,0.71,0.71,0.72,0.72,0.75,0.78,0.79,0.81,0.88,0.89,0.89,inferred
England,2021-07-26,0.87,0.88,0.91,0.94,0.95,0.95,0.97,0.98,0.99,1.00,1.01,1.02,1.05,1.07,1.08,inferred
England,2021-07-27,0.87,0.88,0.91,0.94,0.95,0.95,0.97,0.98,0.99,1.00,1.01,1.02,1.05,1.07,1.08,inferred
England,2021-07-28,0.87,0.88,0.91,0.94,0.95,0.95,0.97,0.98,0.99,1.00,1.01,1.02,1.05,1.07,1.08,inferred
England,2021-07-29,0.87,0.88,0.91,0.94,0.95,0.95,0.97,0.98,0.99,1.00,1.01,1.02,1.05,1.07,1.08,inferred
England,2021-07-30,0.87,0.88,0.91,0.94,0.95,0.95,0.97,0.98,0.99,1.00,1.01,1.02,1.05,1.07,1.08,inferred
England,2021-07-31,0.87,0.88,0.91,0.94,0.95,0.95,0.97,0.98,0.99,1.00,1.01,1.02,1.05,1.07,1.08,inferred
England,2021-08-01,0.87,0.88,0.91,0.94,0.95,0.95,0.97,0.98,0.99,1.00,1.01,1.02,1.05,1.07,1.08,inferred
England,2021-08-02,0.94,0.97,1.00,1.03,1.05,1.06,1.08,1.10,1.12,1.14,1.15,1.17,1.21,1.24,1.28,projected
England,2021-08-03,0.94,0.97,1.00,1.03,1.05,1.06,1.08,1.10,1.12,1.14,1.15,1.17,1.21,1.24,1.28,projected
England,2021-08-04,0.94,0.97,1.00,1.03,1.05,1.06,1.08,1.10,1.12,1.14,1.15,1.17,1.21,1.24,1.28,projected
England,2021-08-05,0.94,0.97,1.00,1.03,1.05,1.06,1.08,1.10,1.12,1.14,1.15,1.17,1.21,1.24,1.28,projected
England,2021-08-06,0.94,0.97,1.00,1.03,1.05,1.06,1.08,1.10,1.12,1.14,1.15,1.17,1.21,1.24,1.28,projected
England,2021-08-07,0.94,0.97,1.00,1.03,1.05,1.06,1.08,1.10,1.12,1.14,1.15,1.17,1.21,1.24,1.28,projected
England,2021-08-08,0.94,0.97,1.00,1.03,1.05,1.06,1.08,1.10,1.12,1.14,1.15,1.17,1.21,1.24,1.28,projected
England,2021-08-09,1.08,1.12,1.16,1.21,1.23,1.25,1.29,1.33,1.37,1.42,1.45,1.48,1.57,1.71,1.86,projected
England,2021-08-10,1.08,1.12,1.16,1.21,1.23,1.25,1.29,1.33,1.37,1.42,1.45,1.48,1.57,1.71,1.86,projected
England,2021-08-11,1.08,1.12,1.16,1.21,1.23,1.25,1.29,1.33,1.37,1.42,1.45,1.48,1.57,1.71,1.86,projected
England,2021-08-12,1.08,1.12,1.16,1.21,1.23,1.25,1.29,1.33,1.37,1.42,1.45,1.48,1.57,1.71,1.86,projected
England,2021-08-13,1.08,1.12,1.16,1.21,1.23,1.25,1.29,1.33,1.37,1.42,1.45,1.48,1.57,1.71,1.86,projected
England,2021-08-14,1.08,1.12,1.16,1.21,1.23,1.25,1.29,1.33,1.37,1.42,1.45,1.48,1.57,1.71,1.86,projected
England,2021-08-15,1.08,1.12,1.16,1.21,1.23,1.25,1.29,1.33,1.37,1.42,1.45,1.48,1.57,1.71,1.86,projected
England,2021-08-16,1.28,1.32,1.40,1.49,1.52,1.56,1.64,1.73,1.82,1.95,2.03,2.10,2.51,3.03,3.65,projected
England,2021-08-17,1.28,1.32,1.40,1.49,1.52,1.56,1.64,1.73,1.82,1.95,2.03,2.10,2.51,3.03,3.65,projected
England,2021-08-18,1.28,1.32,1.40,1.49,1.52,1.56,1.64,1.73,1.82,1.95,2.03,2.10,2.51,3.03,3.65,projected
England,2021-08-19,1.28,1.32,1.40,1.49,1.52,1.56,1.64,1.73,1.82,1.95,2.03,2.10,2.51,3.03,3.65,projected
England,2021-08-20,1.28,1.32,1.40,1.49,1.52,1.56,1.64,1.73,1.82,1.95,2.03,2.10,2.51,3.03,3.65,projected
England,2021-08-21,1.28,1.32,1.40,1.49,1.52,1.56,1.64,1.73,1.82,1.95,2.03,2.10,2.51,3.03,3.65,projected
England,2021-08-22,1.28,1.32,1.40,1.49,1.52,1.56,1.64,1.73,1.82,1.95,2.03,2.10,2.51,3.03,3.65,projected
