area,Date,C_weekly,provenance
Aberdeen City,2020-09-23,154,inferred
Aberdeen City,2020-09-24,154,inferred
Aberdeen City,2020-09-25,154,inferred
Aberdeen City,2020-09-26,154,inferred
Aberdeen City,2020-09-27,154,inferred
Aberdeen City,2020-09-28,154,inferred
Aberdeen City,2020-09-29,154,inferred
Aberdeen City,2020-09-30,176,inferred
Aberdeen City,2020-10-01,176,inferred
Aberdeen City,2020-10-02,176,inferred
Aberdeen City,2020-10-03,176,inferred
Aberdeen City,2020-10-04,176,inferred
Aberdeen City,2020-10-05,176,inferred
Aberdeen City,2020-10-06,176,inferred
Aberdeen City,2020-10-07,323,inferred
Aberdeen City,2020-10-08,323,inferred
Aberdeen City,2020-10-09,323,inferred
Aberdeen City,2020-10-10,323,inferred
Aberdeen City,2020-10-11,323,inferred
Aberdeen City,2020-10-12,323,inferred
Aberdeen City,2020-10-13,323,inferred
Aberdeen City,2020-10-14,242,inferred
Aberdeen City,2020-10-15,242,inferred
Aberdeen City,2020-10-16,242,inferred
Aberdeen City,2020-10-17,242,inferred
Aberdeen City,2020-10-18,242,inferred
Aberdeen City,2020-10-19,242,inferred
Aberdeen City,2020-10-20,242,inferred
Aberdeen City,2020-10-21,224,inferred
Aberdeen City,2020-10-22,224,inferred
Aberdeen City,2020-10-23,224,inferred
Aberdeen City,2020-10-24,224,inferred
Aberdeen City,2020-10-25,224,inferred
Aberdeen City,2020-10-26,224,inferred
Aberdeen City,2020-10-27,224,inferred
Aberdeen City,2020-10-28,203,inferred
Aberdeen City,2020-10-29,203,inferred
Aberdeen City,2020-10-30,203,inferred
Aberdeen City,2020-10-31,203,inferred
Aberdeen City,2020-11-01,203,inferred
Aberdeen City,2020-11-02,203,inferred
Aberdeen City,2020-11-03,203,inferred
Aberdeen City,2020-11-04,212,inferred
Aberdeen City,2020-11-05,212,inferred
Aberdeen City,2020-11-06,212,inferred
Aberdeen City,2020-11-07,212,inferred
Aberdeen City,2020-11-08,212,inferred
Aberdeen City,2020-11-09,212,inferred
Aberdeen City,2020-11-10,212,inferred
Aberdeen City,2020-11-11,360,inferred
Aberdeen City,2020-11-12,360,inferred
Aberdeen City,2020-11-13,360,inferred
Aberdeen City,2020-11-14,360,inferred
Aberdeen City,2020-11-15,360,inferred
Aberdeen City,2020-11-16,360,inferred
Aberdeen City,2020-11-17,360,inferred
Aberdeen City,2020-11-18,340,inferred
Aberdeen City,2020-11-19,340,inferred
Aberdeen City,2020-11-20,340,inferred
Aberdeen City,2020-11-21,340,inferred
Aberdeen City,2020-11-22,340,inferred
Aberdeen City,2020-11-23,340,inferred
Aberdeen City,2020-11-24,340,inferred
Aberdeen City,2020-11-25,446,inferred
Aberdeen City,2020-11-26,446,inferred
Aberdeen City,2020-11-27,446,inferred
Aberdeen City,2020-11-28,446,inferred
Aberdeen City,2020-11-29,446,inferred
Aberdeen City,2020-11-30,446,inferred
Aberdeen City,2020-12-01,446,inferred
Aberdeen City,2020-12-02,432,inferred
Aberdeen City,2020-12-03,432,inferred
Aberdeen City,2020-12-04,432,inferred
Aberdeen City,2020-12-05,432,inferred
Aberdeen City,2020-12-06,432,inferred
Aberdeen City,2020-12-07,432,inferred
Aberdeen City,2020-12-08,432,inferred
Aberdeen City,2020-12-09,579,inferred
Aberdeen City,2020-12-10,579,inferred
Aberdeen City,2020-12-11,579,inferred
Aberdeen City,2020-12-12,579,inferred
Aberdeen City,2020-12-13,579,inferred
Aberdeen City,2020-12-14,579,inferred
Aberdeen City,2020-12-15,579,inferred
Aberdeen City,2020-12-16,768,inferred
Aberdeen City,2020-12-17,768,inferred
Aberdeen City,2020-12-18,768,inferred
Aberdeen City,2020-12-19,768,inferred
Aberdeen City,2020-12-20,768,inferred
Aberdeen City,2020-12-21,768,inferred
Aberdeen City,2020-12-22,768,inferred
Aberdeen City,2020-12-23,846,inferred
Aberdeen City,2020-12-24,846,inferred
Aberdeen City,2020-12-25,846,inferred
Aberdeen City,2020-12-26,846,inferred
Aberdeen City,2020-12-27,846,inferred
Aberdeen City,2020-12-28,846,inferred
Aberdeen City,2020-12-29,846,inferred
Aberdeen City,2020-12-30,1545,inferred
Aberdeen City,2020-12-31,1545,inferred
Aberdeen City,2021-01-01,1545,inferred
Aberdeen City,2021-01-02,1545,inferred
Aberdeen City,2021-01-03,1545,inferred
Aberdeen City,2021-01-04,1545,inferred
Aberdeen City,2021-01-05,1545,inferred
Aberdeen City,2021-01-06,2169,projected
Aberdeen City,2021-01-07,2169,projected
Aberdeen City,2021-01-08,2169,projected
Aberdeen City,2021-01-09,2169,projected
Aberdeen City,2021-01-10,2169,projected
Aberdeen City,2021-01-11,2169,projected
Aberdeen City,2021-01-12,2169,projected
Aberdeen City,2021-01-13,3082,projected
Aberdeen City,2021-01-14,3082,projected
Aberdeen City,2021-01-15,3082,projected
Aberdeen City,2021-01-16,3082,projected
Aberdeen City,2021-01-17,3082,projected
Aberdeen City,2021-01-18,3082,projected
Aberdeen City,2021-01-19,3082,projected
Aberdeen City,2021-01-20,4257,projected
Aberdeen City,2021-01-21,4257,projected
Aberdeen City,2021-01-22,4257,projected
Aberdeen City,2021-01-23,4257,projected
Aberdeen City,2021-01-24,4257,projected
Aberdeen City,2021-01-25,4257,projected
Aberdeen City,2021-01-26,4257,projected
Aberdeenshire,2020-09-23,154,inferred
Aberdeenshire,2020-09-24,154,inferred
Aberdeenshire,2020-09-25,154,inferred
Aberdeenshire,2020-09-26,154,inferred
Aberdeenshire,2020-09-27,154,inferred
Aberdeenshire,2020-09-28,154,inferred
Aberdeenshire,2020-09-29,154,inferred
Aberdeenshire,2020-09-30,176,inferred
Aberdeenshire,2020-10-01,176,inferred
Aberdeenshire,2020-10-02,176,inferred
Aberdeenshire,2020-10-03,176,inferred
Aberdeenshire,2020-10-04,176,inferred
Aberdeenshire,2020-10-05,176,inferred
Aberdeenshire,2020-10-06,176,inferred
Aberdeenshire,2020-10-07,323,inferred
Aberdeenshire,2020-10-08,323,inferred
Aberdeenshire,2020-10-09,323,inferred
Aberdeenshire,2020-10-10,323,inferred
Aberdeenshire,2020-10-11,323,inferred
Aberdeenshire,2020-10-12,323,inferred
Aberdeenshire,2020-10-13,323,inferred
Aberdeenshire,2020-10-14,242,inferred
Aberdeenshire,2020-10-15,242,inferred
Aberdeenshire,2020-10-16,242,inferred
Aberdeenshire,2020-10-17,242,inferred
Aberdeenshire,2020-10-18,242,inferred
Aberdeenshire,2020-10-19,242,inferred
Aberdeenshire,2020-10-20,242,inferred
Aberdeenshire,2020-10-21,224,inferred
Aberdeenshire,2020-10-22,224,inferred
Aberdeenshire,2020-10-23,224,inferred
Aberdeenshire,2020-10-24,224,inferred
Aberdeenshire,2020-10-25,224,inferred
Aberdeenshire,2020-10-26,224,inferred
Aberdeenshire,2020-10-27,224,inferred
Aberdeenshire,2020-10-28,203,inferred
Aberdeenshire,2020-10-29,203,inferred
Aberdeenshire,2020-10-30,203,inferred
Aberdeenshire,2020-10-31,203,inferred
Aberdeenshire,2020-11-01,203,inferred
Aberdeenshire,2020-11-02,203,inferred
Aberdeenshire,2020-11-03,203,inferred
Aberdeenshire,2020-11-04,212,inferred
Aberdeenshire,2020-11-05,212,inferred
Aberdeenshire,2020-11-06,212,inferred
Aberdeenshire,2020-11-07,212,inferred
Aberdeenshire,2020-11-08,212,inferred
Aberdeenshire,2020-11-09,212,inferred
Aberdeenshire,2020-11-10,212,inferred
Aberdeenshire,2020-11-11,360,inferred
Aberdeenshire,2020-11-12,360,inferred
Aberdeenshire,2020-11-13,360,inferred
Aberdeenshire,2020-11-14,360,inferred
Aberdeenshire,2020-11-15,360,inferred
Aberdeenshire,2020-11-16,360,inferred
Aberdeenshire,2020-11-17,360,inferred
Aberdeenshire,2020-11-18,340,inferred
Aberdeenshire,2020-11-19,340,inferred
Aberdeenshire,2020-11-20,340,inferred
Aberdeenshire,2020-11-21,340,inferred
Aberdeenshire,2020-11-22,340,inferred
Aberdeenshire,2020-11-23,340,inferred
Aberdeenshire,2020-11-24,340,inferred
Aberdeenshire,2020-11-25,446,inferred
Aberdeenshire,2020-11-26,446,inferred
Aberdeenshire,2020-11-27,446,inferred
Aberdeenshire,2020-11-28,446,inferred
Aberdeenshire,2020-11-29,446,inferred
Aberdeenshire,2020-11-30,446,inferred
Aberdeenshire,2020-12-01,446,inferred
Aberdeenshire,2020-12-02,432,inferred
Aberdeenshire,2020-12-03,432,inferred
Aberdeenshire,2020-12-04,432,inferred
Aberdeenshire,2020-12-05,432,inferred
Aberdeenshire,2020-12-06,432,inferred
Aberdeenshire,2020-12-07,432,inferred
Aberdeenshire,2020-12-08,432,inferred
Aberdeenshire,2020-12-09,579,inferred
Aberdeenshire,2020-12-10,579,inferred
Aberdeenshire,2020-12-11,579,inferred
Aberdeenshire,2020-12-12,579,inferred
Aberdeenshire,2020-12-13,579,inferred
Aberdeenshire,2020-12-14,579,inferred
Aberdeenshire,2020-12-15,579,inferred
Aberdeenshire,2020-12-16,768,inferred
Aberdeenshire,2020-12-17,768,inferred
Aberdeenshire,2020-12-18,768,inferred
Aberdeenshire,2020-12-19,768,inferred
Aberdeenshire,2020-12-20,768,inferred
Aberdeenshire,2020-12-21,768,inferred
Aberdeenshire,2020-12-22,768,inferred
Aberdeenshire,2020-12-23,846,inferred
Aberdeenshire,2020-12-24,846,inferred
Aberdeenshire,2020-12-25,846,inferred
Aberdeenshire,2020-12-26,846,inferred
Aberdeenshire,2020-12-27,846,inferred
Aberdeenshire,2020-12-28,846,inferred
Aberdeenshire,2020-12-29,846,inferred
Aberdeenshire,2020-12-30,1545,inferred
Aberdeenshire,2020-12-31,1545,inferred
Aberdeenshire,2021-01-01,1545,inferred
Aberdeenshire,2021-01-02,1545,inferred
Aberdeenshire,2021-01-03,1545,inferred
Aberdeenshire,2021-01-04,1545,inferred
Aberdeenshire,2021-01-05,1545,inferred
Aberdeenshire,2021-01-06,2169,projected
Aberdeenshire,2021-01-07,2169,projected
Aberdeenshire,2021-01-08,2169,projected
Aberdeenshire,2021-01-09,2169,projected
Aberdeenshire,2021-01-10,2169,projected
Aberdeenshire,2021-01-11,2169,projected
Aberdeenshire,2021-01-12,2169,projected
Aberdeenshire,2021-01-13,3082,projected
Aberdeenshire,2021-01-14,3082,projected
Aberdeenshire,2021-01-15,3082,projected
Aberdeenshire,2021-01-16,3082,projected
Aberdeenshire,2021-01-17,3082,projected
Aberdeenshire,2021-01-18,3082,projected
Aberdeenshire,2021-01-19,3082,projected
Aberdeenshire,2021-01-20,4257,projected
Aberdeenshire,2021-01-21,4257,projected
Aberdeenshire,2021-01-22,4257,projected
Aberdeenshire,2021-01-23,4257,projected
Aberdeenshire,2021-01-24,4257,projected
Aberdeenshire,2021-01-25,4257,projected
Aberdeenshire,2021-01-26,4257,projected
Adur,2020-09-23, 13,inferred
Adur,2020-09-24, 13,inferred
Adur,2020-09-25, 13,inferred
Adur,2020-09-26, 13,inferred
Adur,2020-09-27, 13,inferred
Adur,2020-09-28, 13,inferred
Adur,2020-09-29, 13,inferred
Adur,2020-09-30, 17,inferred
Adur,2020-10-01, 17,inferred
Adur,2020-10-02, 17,inferred
Adur,2020-10-03, 17,inferred
Adur,2020-10-04, 17,inferred
Adur,2020-10-05, 17,inferred
Adur,2020-10-06, 17,inferred
Adur,2020-10-07, 15,inferred
Adur,2020-10-08, 15,inferred
Adur,2020-10-09, 15,inferred
Adur,2020-10-10, 15,inferred
Adur,2020-10-11, 15,inferred
Adur,2020-10-12, 15,inferred
Adur,2020-10-13, 15,inferred
Adur,2020-10-14, 24,inferred
Adur,2020-10-15, 24,inferred
Adur,2020-10-16, 24,inferred
Adur,2020-10-17, 24,inferred
Adur,2020-10-18, 24,inferred
Adur,2020-10-19, 24,inferred
Adur,2020-10-20, 24,inferred
Adur,2020-10-21, 50,inferred
Adur,2020-10-22, 50,inferred
Adur,2020-10-23, 50,inferred
Adur,2020-10-24, 50,inferred
Adur,2020-10-25, 50,inferred
Adur,2020-10-26, 50,inferred
Adur,2020-10-27, 50,inferred
Adur,2020-10-28, 45,inferred
Adur,2020-10-29, 45,inferred
Adur,2020-10-30, 45,inferred
Adur,2020-10-31, 45,inferred
Adur,2020-11-01, 45,inferred
Adur,2020-11-02, 45,inferred
Adur,2020-11-03, 45,inferred
Adur,2020-11-04, 49,inferred
Adur,2020-11-05, 49,inferred
Adur,2020-11-06, 49,inferred
Adur,2020-11-07, 49,inferred
Adur,2020-11-08, 49,inferred
Adur,2020-11-09, 49,inferred
Adur,2020-11-10, 49,inferred
Adur,2020-11-11, 65,inferred
Adur,2020-11-12, 65,inferred
Adur,2020-11-13, 65,inferred
Adur,2020-11-14, 65,inferred
Adur,2020-11-15, 65,inferred
Adur,2020-11-16, 65,inferred
Adur,2020-11-17, 65,inferred
Adur,2020-11-18, 36,inferred
Adur,2020-11-19, 36,inferred
Adur,2020-11-20, 36,inferred
Adur,2020-11-21, 36,inferred
Adur,2020-11-22, 36,inferred
Adur,2020-11-23, 36,inferred
Adur,2020-11-24, 36,inferred
Adur,2020-11-25, 24,inferred
Adur,2020-11-26, 24,inferred
Adur,2020-11-27, 24,inferred
Adur,2020-11-28, 24,inferred
Adur,2020-11-29, 24,inferred
Adur,2020-11-30, 24,inferred
Adur,2020-12-01, 24,inferred
Adur,2020-12-02, 33,inferred
Adur,2020-12-03, 33,inferred
Adur,2020-12-04, 33,inferred
Adur,2020-12-05, 33,inferred
Adur,2020-12-06, 33,inferred
Adur,2020-12-07, 33,inferred
Adur,2020-12-08, 33,inferred
Adur,2020-12-09,103,inferred
Adur,2020-12-10,103,inferred
Adur,2020-12-11,103,inferred
Adur,2020-12-12,103,inferred
Adur,2020-12-13,103,inferred
Adur,2020-12-14,103,inferred
Adur,2020-12-15,103,inferred
Adur,2020-12-16,254,inferred
Adur,2020-12-17,254,inferred
Adur,2020-12-18,254,inferred
Adur,2020-12-19,254,inferred
Adur,2020-12-20,254,inferred
Adur,2020-12-21,254,inferred
Adur,2020-12-22,254,inferred
Adur,2020-12-23,270,inferred
Adur,2020-12-24,270,inferred
Adur,2020-12-25,270,inferred
Adur,2020-12-26,270,inferred
Adur,2020-12-27,270,inferred
Adur,2020-12-28,270,inferred
Adur,2020-12-29,270,inferred
Adur,2020-12-30,464,inferred
Adur,2020-12-31,464,inferred
Adur,2021-01-01,464,inferred
Adur,2021-01-02,464,inferred
Adur,2021-01-03,464,inferred
Adur,2021-01-04,464,inferred
Adur,2021-01-05,464,inferred
Adur,2021-01-06,483,projected
Adur,2021-01-07,483,projected
Adur,2021-01-08,483,projected
Adur,2021-01-09,483,projected
Adur,2021-01-10,483,projected
Adur,2021-01-11,483,projected
Adur,2021-01-12,483,projected
Adur,2021-01-13,499,projected
Adur,2021-01-14,499,projected
Adur,2021-01-15,499,projected
Adur,2021-01-16,499,projected
Adur,2021-01-17,499,projected
Adur,2021-01-18,499,projected
Adur,2021-01-19,499,projected
Adur,2021-01-20,526,projected
Adur,2021-01-21,526,projected
Adur,2021-01-22,526,projected
Adur,2021-01-23,526,projected
Adur,2021-01-24,526,projected
Adur,2021-01-25,526,projected
Adur,2021-01-26,526,projected
Allerdale,2020-09-23, 41,inferred
Allerdale,2020-09-24, 41,inferred
Allerdale,2020-09-25, 41,inferred
Allerdale,2020-09-26, 41,inferred
Allerdale,2020-09-27, 41,inferred
Allerdale,2020-09-28, 41,inferred
Allerdale,2020-09-29, 41,inferred
Allerdale,2020-09-30, 66,inferred
Allerdale,2020-10-01, 66,inferred
Allerdale,2020-10-02, 66,inferred
Allerdale,2020-10-03, 66,inferred
Allerdale,2020-10-04, 66,inferred
Allerdale,2020-10-05, 66,inferred
Allerdale,2020-10-06, 66,inferred
Allerdale,2020-10-07, 57,inferred
Allerdale,2020-10-08, 57,inferred
Allerdale,2020-10-09, 57,inferred
Allerdale,2020-10-10, 57,inferred
Allerdale,2020-10-11, 57,inferred
Allerdale,2020-10-12, 57,inferred
Allerdale,2020-10-13, 57,inferred
Allerdale,2020-10-14, 71,inferred
Allerdale,2020-10-15, 71,inferred
Allerdale,2020-10-16, 71,inferred
Allerdale,2020-10-17, 71,inferred
Allerdale,2020-10-18, 71,inferred
Allerdale,2020-10-19, 71,inferred
Allerdale,2020-10-20, 71,inferred
Allerdale,2020-10-21,114,inferred
Allerdale,2020-10-22,114,inferred
Allerdale,2020-10-23,114,inferred
Allerdale,2020-10-24,114,inferred
Allerdale,2020-10-25,114,inferred
Allerdale,2020-10-26,114,inferred
Allerdale,2020-10-27,114,inferred
Allerdale,2020-10-28,166,inferred
Allerdale,2020-10-29,166,inferred
Allerdale,2020-10-30,166,inferred
Allerdale,2020-10-31,166,inferred
Allerdale,2020-11-01,166,inferred
Allerdale,2020-11-02,166,inferred
Allerdale,2020-11-03,166,inferred
Allerdale,2020-11-04,182,inferred
Allerdale,2020-11-05,182,inferred
Allerdale,2020-11-06,182,inferred
Allerdale,2020-11-07,182,inferred
Allerdale,2020-11-08,182,inferred
Allerdale,2020-11-09,182,inferred
Allerdale,2020-11-10,182,inferred
Allerdale,2020-11-11,160,inferred
Allerdale,2020-11-12,160,inferred
Allerdale,2020-11-13,160,inferred
Allerdale,2020-11-14,160,inferred
Allerdale,2020-11-15,160,inferred
Allerdale,2020-11-16,160,inferred
Allerdale,2020-11-17,160,inferred
Allerdale,2020-11-18, 76,inferred
Allerdale,2020-11-19, 76,inferred
Allerdale,2020-11-20, 76,inferred
Allerdale,2020-11-21, 76,inferred
Allerdale,2020-11-22, 76,inferred
Allerdale,2020-11-23, 76,inferred
Allerdale,2020-11-24, 76,inferred
Allerdale,2020-11-25, 69,inferred
Allerdale,2020-11-26, 69,inferred
Allerdale,2020-11-27, 69,inferred
Allerdale,2020-11-28, 69,inferred
Allerdale,2020-11-29, 69,inferred
Allerdale,2020-11-30, 69,inferred
Allerdale,2020-12-01, 69,inferred
Allerdale,2020-12-02, 68,inferred
Allerdale,2020-12-03, 68,inferred
Allerdale,2020-12-04, 68,inferred
Allerdale,2020-12-05, 68,inferred
Allerdale,2020-12-06, 68,inferred
Allerdale,2020-12-07, 68,inferred
Allerdale,2020-12-08, 68,inferred
Allerdale,2020-12-09, 78,inferred
Allerdale,2020-12-10, 78,inferred
Allerdale,2020-12-11, 78,inferred
Allerdale,2020-12-12, 78,inferred
Allerdale,2020-12-13, 78,inferred
Allerdale,2020-12-14, 78,inferred
Allerdale,2020-12-15, 78,inferred
Allerdale,2020-12-16,161,inferred
Allerdale,2020-12-17,161,inferred
Allerdale,2020-12-18,161,inferred
Allerdale,2020-12-19,161,inferred
Allerdale,2020-12-20,161,inferred
Allerdale,2020-12-21,161,inferred
Allerdale,2020-12-22,161,inferred
Allerdale,2020-12-23,318,inferred
Allerdale,2020-12-24,318,inferred
Allerdale,2020-12-25,318,inferred
Allerdale,2020-12-26,318,inferred
Allerdale,2020-12-27,318,inferred
Allerdale,2020-12-28,318,inferred
Allerdale,2020-12-29,318,inferred
Allerdale,2020-12-30,614,inferred
Allerdale,2020-12-31,614,inferred
Allerdale,2021-01-01,614,inferred
Allerdale,2021-01-02,614,inferred
Allerdale,2021-01-03,614,inferred
Allerdale,2021-01-04,614,inferred
Allerdale,2021-01-05,614,inferred
Allerdale,2021-01-06,886,projected
Allerdale,2021-01-07,886,projected
Allerdale,2021-01-08,886,projected
Allerdale,2021-01-09,886,projected
Allerdale,2021-01-10,886,projected
Allerdale,2021-01-11,886,projected
Allerdale,2021-01-12,886,projected
Allerdale,2021-01-13,1244,projected
Allerdale,2021-01-14,1244,projected
Allerdale,2021-01-15,1244,projected
Allerdale,2021-01-16,1244,projected
Allerdale,2021-01-17,1244,projected
Allerdale,2021-01-18,1244,projected
Allerdale,2021-01-19,1244,projected
Allerdale,2021-01-20,1773,projected
Allerdale,2021-01-21,1773,projected
Allerdale,2021-01-22,1773,projected
Allerdale,2021-01-23,1773,projected
Allerdale,2021-01-24,1773,projected
Allerdale,2021-01-25,1773,projected
Allerdale,2021-01-26,1773,projected
Amber Valley,2020-09-23, 63,inferred
Amber Valley,2020-09-24, 63,inferred
Amber Valley,2020-09-25, 63,inferred
Amber Valley,2020-09-26, 63,inferred
Amber Valley,2020-09-27, 63,inferred
Amber Valley,2020-09-28, 63,inferred
Amber Valley,2020-09-29, 63,inferred
Amber Valley,2020-09-30, 99,inferred
Amber Valley,2020-10-01, 99,inferred
Amber Valley,2020-10-02, 99,inferred
Amber Valley,2020-10-03, 99,inferred
Amber Valley,2020-10-04, 99,inferred
Amber Valley,2020-10-05, 99,inferred
Amber Valley,2020-10-06, 99,inferred
Amber Valley,2020-10-07,162,inferred
Amber Valley,2020-10-08,162,inferred
Amber Valley,2020-10-09,162,inferred
Amber Valley,2020-10-10,162,inferred
Amber Valley,2020-10-11,162,inferred
Amber Valley,2020-10-12,162,inferred
Amber Valley,2020-10-13,162,inferred
Amber Valley,2020-10-14,279,inferred
Amber Valley,2020-10-15,279,inferred
Amber Valley,2020-10-16,279,inferred
Amber Valley,2020-10-17,279,inferred
Amber Valley,2020-10-18,279,inferred
Amber Valley,2020-10-19,279,inferred
Amber Valley,2020-10-20,279,inferred
Amber Valley,2020-10-21,326,inferred
Amber Valley,2020-10-22,326,inferred
Amber Valley,2020-10-23,326,inferred
Amber Valley,2020-10-24,326,inferred
Amber Valley,2020-10-25,326,inferred
Amber Valley,2020-10-26,326,inferred
Amber Valley,2020-10-27,326,inferred
Amber Valley,2020-10-28,503,inferred
Amber Valley,2020-10-29,503,inferred
Amber Valley,2020-10-30,503,inferred
Amber Valley,2020-10-31,503,inferred
Amber Valley,2020-11-01,503,inferred
Amber Valley,2020-11-02,503,inferred
Amber Valley,2020-11-03,503,inferred
Amber Valley,2020-11-04,582,inferred
Amber Valley,2020-11-05,582,inferred
Amber Valley,2020-11-06,582,inferred
Amber Valley,2020-11-07,582,inferred
Amber Valley,2020-11-08,582,inferred
Amber Valley,2020-11-09,582,inferred
Amber Valley,2020-11-10,582,inferred
Amber Valley,2020-11-11,445,inferred
Amber Valley,2020-11-12,445,inferred
Amber Valley,2020-11-13,445,inferred
Amber Valley,2020-11-14,445,inferred
Amber Valley,2020-11-15,445,inferred
Amber Valley,2020-11-16,445,inferred
Amber Valley,2020-11-17,445,inferred
Amber Valley,2020-11-18,313,inferred
Amber Valley,2020-11-19,313,inferred
Amber Valley,2020-11-20,313,inferred
Amber Valley,2020-11-21,313,inferred
Amber Valley,2020-11-22,313,inferred
Amber Valley,2020-11-23,313,inferred
Amber Valley,2020-11-24,313,inferred
Amber Valley,2020-11-25,204,inferred
Amber Valley,2020-11-26,204,inferred
Amber Valley,2020-11-27,204,inferred
Amber Valley,2020-11-28,204,inferred
Amber Valley,2020-11-29,204,inferred
Amber Valley,2020-11-30,204,inferred
Amber Valley,2020-12-01,204,inferred
Amber Valley,2020-12-02,215,inferred
Amber Valley,2020-12-03,215,inferred
Amber Valley,2020-12-04,215,inferred
Amber Valley,2020-12-05,215,inferred
Amber Valley,2020-12-06,215,inferred
Amber Valley,2020-12-07,215,inferred
Amber Valley,2020-12-08,215,inferred
Amber Valley,2020-12-09,304,inferred
Amber Valley,2020-12-10,304,inferred
Amber Valley,2020-12-11,304,inferred
Amber Valley,2020-12-12,304,inferred
Amber Valley,2020-12-13,304,inferred
Amber Valley,2020-12-14,304,inferred
Amber Valley,2020-12-15,304,inferred
Amber Valley,2020-12-16,398,inferred
Amber Valley,2020-12-17,398,inferred
Amber Valley,2020-12-18,398,inferred
Amber Valley,2020-12-19,398,inferred
Amber Valley,2020-12-20,398,inferred
Amber Valley,2020-12-21,398,inferred
Amber Valley,2020-12-22,398,inferred
Amber Valley,2020-12-23,537,inferred
Amber Valley,2020-12-24,537,inferred
Amber Valley,2020-12-25,537,inferred
Amber Valley,2020-12-26,537,inferred
Amber Valley,2020-12-27,537,inferred
Amber Valley,2020-12-28,537,inferred
Amber Valley,2020-12-29,537,inferred
Amber Valley,2020-12-30,697,inferred
Amber Valley,2020-12-31,697,inferred
Amber Valley,2021-01-01,697,inferred
Amber Valley,2021-01-02,697,inferred
Amber Valley,2021-01-03,697,inferred
Amber Valley,2021-01-04,697,inferred
Amber Valley,2021-01-05,697,inferred
Amber Valley,2021-01-06,655,projected
Amber Valley,2021-01-07,655,projected
Amber Valley,2021-01-08,655,projected
Amber Valley,2021-01-09,655,projected
Amber Valley,2021-01-10,655,projected
Amber Valley,2021-01-11,655,projected
Amber Valley,2021-01-12,655,projected
Amber Valley,2021-01-13,585,projected
Amber Valley,2021-01-14,585,projected
Amber Valley,2021-01-15,585,projected
Amber Valley,2021-01-16,585,projected
Amber Valley,2021-01-17,585,projected
Amber Valley,2021-01-18,585,projected
Amber Valley,2021-01-19,585,projected
Amber Valley,2021-01-20,525,projected
Amber Valley,2021-01-21,525,projected
Amber Valley,2021-01-22,525,projected
Amber Valley,2021-01-23,525,projected
Amber Valley,2021-01-24,525,projected
Amber Valley,2021-01-25,525,projected
Amber Valley,2021-01-26,525,projected
Angus,2020-09-23,203,inferred
Angus,2020-09-24,203,inferred
Angus,2020-09-25,203,inferred
Angus,2020-09-26,203,inferred
Angus,2020-09-27,203,inferred
Angus,2020-09-28,203,inferred
Angus,2020-09-29,203,inferred
Angus,2020-09-30,191,inferred
Angus,2020-10-01,191,inferred
Angus,2020-10-02,191,inferred
Angus,2020-10-03,191,inferred
Angus,2020-10-04,191,inferred
Angus,2020-10-05,191,inferred
Angus,2020-10-06,191,inferred
Angus,2020-10-07,315,inferred
Angus,2020-10-08,315,inferred
Angus,2020-10-09,315,inferred
Angus,2020-10-10,315,inferred
Angus,2020-10-11,315,inferred
Angus,2020-10-12,315,inferred
Angus,2020-10-13,315,inferred
Angus,2020-10-14,350,inferred
Angus,2020-10-15,350,inferred
Angus,2020-10-16,350,inferred
Angus,2020-10-17,350,inferred
Angus,2020-10-18,350,inferred
Angus,2020-10-19,350,inferred
Angus,2020-10-20,350,inferred
Angus,2020-10-21,499,inferred
Angus,2020-10-22,499,inferred
Angus,2020-10-23,499,inferred
Angus,2020-10-24,499,inferred
Angus,2020-10-25,499,inferred
Angus,2020-10-26,499,inferred
Angus,2020-10-27,499,inferred
Angus,2020-10-28,396,inferred
Angus,2020-10-29,396,inferred
Angus,2020-10-30,396,inferred
Angus,2020-10-31,396,inferred
Angus,2020-11-01,396,inferred
Angus,2020-11-02,396,inferred
Angus,2020-11-03,396,inferred
Angus,2020-11-04,431,inferred
Angus,2020-11-05,431,inferred
Angus,2020-11-06,431,inferred
Angus,2020-11-07,431,inferred
Angus,2020-11-08,431,inferred
Angus,2020-11-09,431,inferred
Angus,2020-11-10,431,inferred
Angus,2020-11-11,480,inferred
Angus,2020-11-12,480,inferred
Angus,2020-11-13,480,inferred
Angus,2020-11-14,480,inferred
Angus,2020-11-15,480,inferred
Angus,2020-11-16,480,inferred
Angus,2020-11-17,480,inferred
Angus,2020-11-18,415,inferred
Angus,2020-11-19,415,inferred
Angus,2020-11-20,415,inferred
Angus,2020-11-21,415,inferred
Angus,2020-11-22,415,inferred
Angus,2020-11-23,415,inferred
Angus,2020-11-24,415,inferred
Angus,2020-11-25,355,inferred
Angus,2020-11-26,355,inferred
Angus,2020-11-27,355,inferred
Angus,2020-11-28,355,inferred
Angus,2020-11-29,355,inferred
Angus,2020-11-30,355,inferred
Angus,2020-12-01,355,inferred
Angus,2020-12-02,398,inferred
Angus,2020-12-03,398,inferred
Angus,2020-12-04,398,inferred
Angus,2020-12-05,398,inferred
Angus,2020-12-06,398,inferred
Angus,2020-12-07,398,inferred
Angus,2020-12-08,398,inferred
Angus,2020-12-09,448,inferred
Angus,2020-12-10,448,inferred
Angus,2020-12-11,448,inferred
Angus,2020-12-12,448,inferred
Angus,2020-12-13,448,inferred
Angus,2020-12-14,448,inferred
Angus,2020-12-15,448,inferred
Angus,2020-12-16,487,inferred
Angus,2020-12-17,487,inferred
Angus,2020-12-18,487,inferred
Angus,2020-12-19,487,inferred
Angus,2020-12-20,487,inferred
Angus,2020-12-21,487,inferred
Angus,2020-12-22,487,inferred
Angus,2020-12-23,686,inferred
Angus,2020-12-24,686,inferred
Angus,2020-12-25,686,inferred
Angus,2020-12-26,686,inferred
Angus,2020-12-27,686,inferred
Angus,2020-12-28,686,inferred
Angus,2020-12-29,686,inferred
Angus,2020-12-30,1250,inferred
Angus,2020-12-31,1250,inferred
Angus,2021-01-01,1250,inferred
Angus,2021-01-02,1250,inferred
Angus,2021-01-03,1250,inferred
Angus,2021-01-04,1250,inferred
Angus,2021-01-05,1250,inferred
Angus,2021-01-06,2031,projected
Angus,2021-01-07,2031,projected
Angus,2021-01-08,2031,projected
Angus,2021-01-09,2031,projected
Angus,2021-01-10,2031,projected
Angus,2021-01-11,2031,projected
Angus,2021-01-12,2031,projected
Angus,2021-01-13,3142,projected
Angus,2021-01-14,3142,projected
Angus,2021-01-15,3142,projected
Angus,2021-01-16,3142,projected
Angus,2021-01-17,3142,projected
Angus,2021-01-18,3142,projected
Angus,2021-01-19,3142,projected
Angus,2021-01-20,4913,projected
Angus,2021-01-21,4913,projected
Angus,2021-01-22,4913,projected
Angus,2021-01-23,4913,projected
Angus,2021-01-24,4913,projected
Angus,2021-01-25,4913,projected
Angus,2021-01-26,4913,projected
Argyll and Bute,2020-09-23, 80,inferred
Argyll and Bute,2020-09-24, 80,inferred
Argyll and Bute,2020-09-25, 80,inferred
Argyll and Bute,2020-09-26, 80,inferred
Argyll and Bute,2020-09-27, 80,inferred
Argyll and Bute,2020-09-28, 80,inferred
Argyll and Bute,2020-09-29, 80,inferred
Argyll and Bute,2020-09-30, 82,inferred
Argyll and Bute,2020-10-01, 82,inferred
Argyll and Bute,2020-10-02, 82,inferred
Argyll and Bute,2020-10-03, 82,inferred
Argyll and Bute,2020-10-04, 82,inferred
Argyll and Bute,2020-10-05, 82,inferred
Argyll and Bute,2020-10-06, 82,inferred
Argyll and Bute,2020-10-07, 92,inferred
Argyll and Bute,2020-10-08, 92,inferred
Argyll and Bute,2020-10-09, 92,inferred
Argyll and Bute,2020-10-10, 92,inferred
Argyll and Bute,2020-10-11, 92,inferred
Argyll and Bute,2020-10-12, 92,inferred
Argyll and Bute,2020-10-13, 92,inferred
Argyll and Bute,2020-10-14, 82,inferred
Argyll and Bute,2020-10-15, 82,inferred
Argyll and Bute,2020-10-16, 82,inferred
Argyll and Bute,2020-10-17, 82,inferred
Argyll and Bute,2020-10-18, 82,inferred
Argyll and Bute,2020-10-19, 82,inferred
Argyll and Bute,2020-10-20, 82,inferred
Argyll and Bute,2020-10-21,106,inferred
Argyll and Bute,2020-10-22,106,inferred
Argyll and Bute,2020-10-23,106,inferred
Argyll and Bute,2020-10-24,106,inferred
Argyll and Bute,2020-10-25,106,inferred
Argyll and Bute,2020-10-26,106,inferred
Argyll and Bute,2020-10-27,106,inferred
Argyll and Bute,2020-10-28,110,inferred
Argyll and Bute,2020-10-29,110,inferred
Argyll and Bute,2020-10-30,110,inferred
Argyll and Bute,2020-10-31,110,inferred
Argyll and Bute,2020-11-01,110,inferred
Argyll and Bute,2020-11-02,110,inferred
Argyll and Bute,2020-11-03,110,inferred
Argyll and Bute,2020-11-04, 97,inferred
Argyll and Bute,2020-11-05, 97,inferred
Argyll and Bute,2020-11-06, 97,inferred
Argyll and Bute,2020-11-07, 97,inferred
Argyll and Bute,2020-11-08, 97,inferred
Argyll and Bute,2020-11-09, 97,inferred
Argyll and Bute,2020-11-10, 97,inferred
Argyll and Bute,2020-11-11, 82,inferred
Argyll and Bute,2020-11-12, 82,inferred
Argyll and Bute,2020-11-13, 82,inferred
Argyll and Bute,2020-11-14, 82,inferred
Argyll and Bute,2020-11-15, 82,inferred
Argyll and Bute,2020-11-16, 82,inferred
Argyll and Bute,2020-11-17, 82,inferred
Argyll and Bute,2020-11-18, 60,inferred
Argyll and Bute,2020-11-19, 60,inferred
Argyll and Bute,2020-11-20, 60,inferred
Argyll and Bute,2020-11-21, 60,inferred
Argyll and Bute,2020-11-22, 60,inferred
Argyll and Bute,2020-11-23, 60,inferred
Argyll and Bute,2020-11-24, 60,inferred
Argyll and Bute,2020-11-25, 76,inferred
Argyll and Bute,2020-11-26, 76,inferred
Argyll and Bute,2020-11-27, 76,inferred
Argyll and Bute,2020-11-28, 76,inferred
Argyll and Bute,2020-11-29, 76,inferred
Argyll and Bute,2020-11-30, 76,inferred
Argyll and Bute,2020-12-01, 76,inferred
Argyll and Bute,2020-12-02,156,inferred
Argyll and Bute,2020-12-03,156,inferred
Argyll and Bute,2020-12-04,156,inferred
Argyll and Bute,2020-12-05,156,inferred
Argyll and Bute,2020-12-06,156,inferred
Argyll and Bute,2020-12-07,156,inferred
Argyll and Bute,2020-12-08,156,inferred
Argyll and Bute,2020-12-09, 92,inferred
Argyll and Bute,2020-12-10, 92,inferred
Argyll and Bute,2020-12-11, 92,inferred
Argyll and Bute,2020-12-12, 92,inferred
Argyll and Bute,2020-12-13, 92,inferred
Argyll and Bute,2020-12-14, 92,inferred
Argyll and Bute,2020-12-15, 92,inferred
Argyll and Bute,2020-12-16,138,inferred
Argyll and Bute,2020-12-17,138,inferred
Argyll and Bute,2020-12-18,138,inferred
Argyll and Bute,2020-12-19,138,inferred
Argyll and Bute,2020-12-20,138,inferred
Argyll and Bute,2020-12-21,138,inferred
Argyll and Bute,2020-12-22,138,inferred
Argyll and Bute,2020-12-23,205,inferred
Argyll and Bute,2020-12-24,205,inferred
Argyll and Bute,2020-12-25,205,inferred
Argyll and Bute,2020-12-26,205,inferred
Argyll and Bute,2020-12-27,205,inferred
Argyll and Bute,2020-12-28,205,inferred
Argyll and Bute,2020-12-29,205,inferred
Argyll and Bute,2020-12-30,598,inferred
Argyll and Bute,2020-12-31,598,inferred
Argyll and Bute,2021-01-01,598,inferred
Argyll and Bute,2021-01-02,598,inferred
Argyll and Bute,2021-01-03,598,inferred
Argyll and Bute,2021-01-04,598,inferred
Argyll and Bute,2021-01-05,598,inferred
Argyll and Bute,2021-01-06,1049,projected
Argyll and Bute,2021-01-07,1049,projected
Argyll and Bute,2021-01-08,1049,projected
Argyll and Bute,2021-01-09,1049,projected
Argyll and Bute,2021-01-10,1049,projected
Argyll and Bute,2021-01-11,1049,projected
Argyll and Bute,2021-01-12,1049,projected
Argyll and Bute,2021-01-13,1906,projected
Argyll and Bute,2021-01-14,1906,projected
Argyll and Bute,2021-01-15,1906,projected
Argyll and Bute,2021-01-16,1906,projected
Argyll and Bute,2021-01-17,1906,projected
Argyll and Bute,2021-01-18,1906,projected
Argyll and Bute,2021-01-19,1906,projected
Argyll and Bute,2021-01-20,3457,projected
Argyll and Bute,2021-01-21,3457,projected
Argyll and Bute,2021-01-22,3457,projected
Argyll and Bute,2021-01-23,3457,projected
Argyll and Bute,2021-01-24,3457,projected
Argyll and Bute,2021-01-25,3457,projected
Argyll and Bute,2021-01-26,3457,projected
Arun,2020-09-23, 35,inferred
Arun,2020-09-24, 35,inferred
Arun,2020-09-25, 35,inferred
Arun,2020-09-26, 35,inferred
Arun,2020-09-27, 35,inferred
Arun,2020-09-28, 35,inferred
Arun,2020-09-29, 35,inferred
Arun,2020-09-30, 29,inferred
Arun,2020-10-01, 29,inferred
Arun,2020-10-02, 29,inferred
Arun,2020-10-03, 29,inferred
Arun,2020-10-04, 29,inferred
Arun,2020-10-05, 29,inferred
Arun,2020-10-06, 29,inferred
Arun,2020-10-07, 28,inferred
Arun,2020-10-08, 28,inferred
Arun,2020-10-09, 28,inferred
Arun,2020-10-10, 28,inferred
Arun,2020-10-11, 28,inferred
Arun,2020-10-12, 28,inferred
Arun,2020-10-13, 28,inferred
Arun,2020-10-14, 89,inferred
Arun,2020-10-15, 89,inferred
Arun,2020-10-16, 89,inferred
Arun,2020-10-17, 89,inferred
Arun,2020-10-18, 89,inferred
Arun,2020-10-19, 89,inferred
Arun,2020-10-20, 89,inferred
Arun,2020-10-21,119,inferred
Arun,2020-10-22,119,inferred
Arun,2020-10-23,119,inferred
Arun,2020-10-24,119,inferred
Arun,2020-10-25,119,inferred
Arun,2020-10-26,119,inferred
Arun,2020-10-27,119,inferred
Arun,2020-10-28,158,inferred
Arun,2020-10-29,158,inferred
Arun,2020-10-30,158,inferred
Arun,2020-10-31,158,inferred
Arun,2020-11-01,158,inferred
Arun,2020-11-02,158,inferred
Arun,2020-11-03,158,inferred
Arun,2020-11-04,141,inferred
Arun,2020-11-05,141,inferred
Arun,2020-11-06,141,inferred
Arun,2020-11-07,141,inferred
Arun,2020-11-08,141,inferred
Arun,2020-11-09,141,inferred
Arun,2020-11-10,141,inferred
Arun,2020-11-11,198,inferred
Arun,2020-11-12,198,inferred
Arun,2020-11-13,198,inferred
Arun,2020-11-14,198,inferred
Arun,2020-11-15,198,inferred
Arun,2020-11-16,198,inferred
Arun,2020-11-17,198,inferred
Arun,2020-11-18, 88,inferred
Arun,2020-11-19, 88,inferred
Arun,2020-11-20, 88,inferred
Arun,2020-11-21, 88,inferred
Arun,2020-11-22, 88,inferred
Arun,2020-11-23, 88,inferred
Arun,2020-11-24, 88,inferred
Arun,2020-11-25,105,inferred
Arun,2020-11-26,105,inferred
Arun,2020-11-27,105,inferred
Arun,2020-11-28,105,inferred
Arun,2020-11-29,105,inferred
Arun,2020-11-30,105,inferred
Arun,2020-12-01,105,inferred
Arun,2020-12-02,131,inferred
Arun,2020-12-03,131,inferred
Arun,2020-12-04,131,inferred
Arun,2020-12-05,131,inferred
Arun,2020-12-06,131,inferred
Arun,2020-12-07,131,inferred
Arun,2020-12-08,131,inferred
Arun,2020-12-09,294,inferred
Arun,2020-12-10,294,inferred
Arun,2020-12-11,294,inferred
Arun,2020-12-12,294,inferred
Arun,2020-12-13,294,inferred
Arun,2020-12-14,294,inferred
Arun,2020-12-15,294,inferred
Arun,2020-12-16,463,inferred
Arun,2020-12-17,463,inferred
Arun,2020-12-18,463,inferred
Arun,2020-12-19,463,inferred
Arun,2020-12-20,463,inferred
Arun,2020-12-21,463,inferred
Arun,2020-12-22,463,inferred
Arun,2020-12-23,938,inferred
Arun,2020-12-24,938,inferred
Arun,2020-12-25,938,inferred
Arun,2020-12-26,938,inferred
Arun,2020-12-27,938,inferred
Arun,2020-12-28,938,inferred
Arun,2020-12-29,938,inferred
Arun,2020-12-30,1075,inferred
Arun,2020-12-31,1075,inferred
Arun,2021-01-01,1075,inferred
Arun,2021-01-02,1075,inferred
Arun,2021-01-03,1075,inferred
Arun,2021-01-04,1075,inferred
Arun,2021-01-05,1075,inferred
Arun,2021-01-06,1067,projected
Arun,2021-01-07,1067,projected
Arun,2021-01-08,1067,projected
Arun,2021-01-09,1067,projected
Arun,2021-01-10,1067,projected
Arun,2021-01-11,1067,projected
Arun,2021-01-12,1067,projected
Arun,2021-01-13,990,projected
Arun,2021-01-14,990,projected
Arun,2021-01-15,990,projected
Arun,2021-01-16,990,projected
Arun,2021-01-17,990,projected
Arun,2021-01-18,990,projected
Arun,2021-01-19,990,projected
Arun,2021-01-20,987,projected
Arun,2021-01-21,987,projected
Arun,2021-01-22,987,projected
Arun,2021-01-23,987,projected
Arun,2021-01-24,987,projected
Arun,2021-01-25,987,projected
Arun,2021-01-26,987,projected
Ashfield,2020-09-23, 85,inferred
Ashfield,2020-09-24, 85,inferred
Ashfield,2020-09-25, 85,inferred
Ashfield,2020-09-26, 85,inferred
Ashfield,2020-09-27, 85,inferred
Ashfield,2020-09-28, 85,inferred
Ashfield,2020-09-29, 85,inferred
Ashfield,2020-09-30,134,inferred
Ashfield,2020-10-01,134,inferred
Ashfield,2020-10-02,134,inferred
Ashfield,2020-10-03,134,inferred
Ashfield,2020-10-04,134,inferred
Ashfield,2020-10-05,134,inferred
Ashfield,2020-10-06,134,inferred
Ashfield,2020-10-07,222,inferred
Ashfield,2020-10-08,222,inferred
Ashfield,2020-10-09,222,inferred
Ashfield,2020-10-10,222,inferred
Ashfield,2020-10-11,222,inferred
Ashfield,2020-10-12,222,inferred
Ashfield,2020-10-13,222,inferred
Ashfield,2020-10-14,361,inferred
Ashfield,2020-10-15,361,inferred
Ashfield,2020-10-16,361,inferred
Ashfield,2020-10-17,361,inferred
Ashfield,2020-10-18,361,inferred
Ashfield,2020-10-19,361,inferred
Ashfield,2020-10-20,361,inferred
Ashfield,2020-10-21,397,inferred
Ashfield,2020-10-22,397,inferred
Ashfield,2020-10-23,397,inferred
Ashfield,2020-10-24,397,inferred
Ashfield,2020-10-25,397,inferred
Ashfield,2020-10-26,397,inferred
Ashfield,2020-10-27,397,inferred
Ashfield,2020-10-28,447,inferred
Ashfield,2020-10-29,447,inferred
Ashfield,2020-10-30,447,inferred
Ashfield,2020-10-31,447,inferred
Ashfield,2020-11-01,447,inferred
Ashfield,2020-11-02,447,inferred
Ashfield,2020-11-03,447,inferred
Ashfield,2020-11-04,393,inferred
Ashfield,2020-11-05,393,inferred
Ashfield,2020-11-06,393,inferred
Ashfield,2020-11-07,393,inferred
Ashfield,2020-11-08,393,inferred
Ashfield,2020-11-09,393,inferred
Ashfield,2020-11-10,393,inferred
Ashfield,2020-11-11,388,inferred
Ashfield,2020-11-12,388,inferred
Ashfield,2020-11-13,388,inferred
Ashfield,2020-11-14,388,inferred
Ashfield,2020-11-15,388,inferred
Ashfield,2020-11-16,388,inferred
Ashfield,2020-11-17,388,inferred
Ashfield,2020-11-18,270,inferred
Ashfield,2020-11-19,270,inferred
Ashfield,2020-11-20,270,inferred
Ashfield,2020-11-21,270,inferred
Ashfield,2020-11-22,270,inferred
Ashfield,2020-11-23,270,inferred
Ashfield,2020-11-24,270,inferred
Ashfield,2020-11-25,177,inferred
Ashfield,2020-11-26,177,inferred
Ashfield,2020-11-27,177,inferred
Ashfield,2020-11-28,177,inferred
Ashfield,2020-11-29,177,inferred
Ashfield,2020-11-30,177,inferred
Ashfield,2020-12-01,177,inferred
Ashfield,2020-12-02,208,inferred
Ashfield,2020-12-03,208,inferred
Ashfield,2020-12-04,208,inferred
Ashfield,2020-12-05,208,inferred
Ashfield,2020-12-06,208,inferred
Ashfield,2020-12-07,208,inferred
Ashfield,2020-12-08,208,inferred
Ashfield,2020-12-09,248,inferred
Ashfield,2020-12-10,248,inferred
Ashfield,2020-12-11,248,inferred
Ashfield,2020-12-12,248,inferred
Ashfield,2020-12-13,248,inferred
Ashfield,2020-12-14,248,inferred
Ashfield,2020-12-15,248,inferred
Ashfield,2020-12-16,369,inferred
Ashfield,2020-12-17,369,inferred
Ashfield,2020-12-18,369,inferred
Ashfield,2020-12-19,369,inferred
Ashfield,2020-12-20,369,inferred
Ashfield,2020-12-21,369,inferred
Ashfield,2020-12-22,369,inferred
Ashfield,2020-12-23,509,inferred
Ashfield,2020-12-24,509,inferred
Ashfield,2020-12-25,509,inferred
Ashfield,2020-12-26,509,inferred
Ashfield,2020-12-27,509,inferred
Ashfield,2020-12-28,509,inferred
Ashfield,2020-12-29,509,inferred
Ashfield,2020-12-30,778,inferred
Ashfield,2020-12-31,778,inferred
Ashfield,2021-01-01,778,inferred
Ashfield,2021-01-02,778,inferred
Ashfield,2021-01-03,778,inferred
Ashfield,2021-01-04,778,inferred
Ashfield,2021-01-05,778,inferred
Ashfield,2021-01-06,790,projected
Ashfield,2021-01-07,790,projected
Ashfield,2021-01-08,790,projected
Ashfield,2021-01-09,790,projected
Ashfield,2021-01-10,790,projected
Ashfield,2021-01-11,790,projected
Ashfield,2021-01-12,790,projected
Ashfield,2021-01-13,792,projected
Ashfield,2021-01-14,792,projected
Ashfield,2021-01-15,792,projected
Ashfield,2021-01-16,792,projected
Ashfield,2021-01-17,792,projected
Ashfield,2021-01-18,792,projected
Ashfield,2021-01-19,792,projected
Ashfield,2021-01-20,819,projected
Ashfield,2021-01-21,819,projected
Ashfield,2021-01-22,819,projected
Ashfield,2021-01-23,819,projected
Ashfield,2021-01-24,819,projected
Ashfield,2021-01-25,819,projected
Ashfield,2021-01-26,819,projected
Ashford,2020-09-23,  9,inferred
Ashford,2020-09-24,  9,inferred
Ashford,2020-09-25,  9,inferred
Ashford,2020-09-26,  9,inferred
Ashford,2020-09-27,  9,inferred
Ashford,2020-09-28,  9,inferred
Ashford,2020-09-29,  9,inferred
Ashford,2020-09-30, 29,inferred
Ashford,2020-10-01, 29,inferred
Ashford,2020-10-02, 29,inferred
Ashford,2020-10-03, 29,inferred
Ashford,2020-10-04, 29,inferred
Ashford,2020-10-05, 29,inferred
Ashford,2020-10-06, 29,inferred
Ashford,2020-10-07, 53,inferred
Ashford,2020-10-08, 53,inferred
Ashford,2020-10-09, 53,inferred
Ashford,2020-10-10, 53,inferred
Ashford,2020-10-11, 53,inferred
Ashford,2020-10-12, 53,inferred
Ashford,2020-10-13, 53,inferred
Ashford,2020-10-14, 69,inferred
Ashford,2020-10-15, 69,inferred
Ashford,2020-10-16, 69,inferred
Ashford,2020-10-17, 69,inferred
Ashford,2020-10-18, 69,inferred
Ashford,2020-10-19, 69,inferred
Ashford,2020-10-20, 69,inferred
Ashford,2020-10-21, 70,inferred
Ashford,2020-10-22, 70,inferred
Ashford,2020-10-23, 70,inferred
Ashford,2020-10-24, 70,inferred
Ashford,2020-10-25, 70,inferred
Ashford,2020-10-26, 70,inferred
Ashford,2020-10-27, 70,inferred
Ashford,2020-10-28,101,inferred
Ashford,2020-10-29,101,inferred
Ashford,2020-10-30,101,inferred
Ashford,2020-10-31,101,inferred
Ashford,2020-11-01,101,inferred
Ashford,2020-11-02,101,inferred
Ashford,2020-11-03,101,inferred
Ashford,2020-11-04,156,inferred
Ashford,2020-11-05,156,inferred
Ashford,2020-11-06,156,inferred
Ashford,2020-11-07,156,inferred
Ashford,2020-11-08,156,inferred
Ashford,2020-11-09,156,inferred
Ashford,2020-11-10,156,inferred
Ashford,2020-11-11,162,inferred
Ashford,2020-11-12,162,inferred
Ashford,2020-11-13,162,inferred
Ashford,2020-11-14,162,inferred
Ashford,2020-11-15,162,inferred
Ashford,2020-11-16,162,inferred
Ashford,2020-11-17,162,inferred
Ashford,2020-11-18,169,inferred
Ashford,2020-11-19,169,inferred
Ashford,2020-11-20,169,inferred
Ashford,2020-11-21,169,inferred
Ashford,2020-11-22,169,inferred
Ashford,2020-11-23,169,inferred
Ashford,2020-11-24,169,inferred
Ashford,2020-11-25,265,inferred
Ashford,2020-11-26,265,inferred
Ashford,2020-11-27,265,inferred
Ashford,2020-11-28,265,inferred
Ashford,2020-11-29,265,inferred
Ashford,2020-11-30,265,inferred
Ashford,2020-12-01,265,inferred
Ashford,2020-12-02,504,inferred
Ashford,2020-12-03,504,inferred
Ashford,2020-12-04,504,inferred
Ashford,2020-12-05,504,inferred
Ashford,2020-12-06,504,inferred
Ashford,2020-12-07,504,inferred
Ashford,2020-12-08,504,inferred
Ashford,2020-12-09,1056,inferred
Ashford,2020-12-10,1056,inferred
Ashford,2020-12-11,1056,inferred
Ashford,2020-12-12,1056,inferred
Ashford,2020-12-13,1056,inferred
Ashford,2020-12-14,1056,inferred
Ashford,2020-12-15,1056,inferred
Ashford,2020-12-16,1123,inferred
Ashford,2020-12-17,1123,inferred
Ashford,2020-12-18,1123,inferred
Ashford,2020-12-19,1123,inferred
Ashford,2020-12-20,1123,inferred
Ashford,2020-12-21,1123,inferred
Ashford,2020-12-22,1123,inferred
Ashford,2020-12-23,1054,inferred
Ashford,2020-12-24,1054,inferred
Ashford,2020-12-25,1054,inferred
Ashford,2020-12-26,1054,inferred
Ashford,2020-12-27,1054,inferred
Ashford,2020-12-28,1054,inferred
Ashford,2020-12-29,1054,inferred
Ashford,2020-12-30,1048,inferred
Ashford,2020-12-31,1048,inferred
Ashford,2021-01-01,1048,inferred
Ashford,2021-01-02,1048,inferred
Ashford,2021-01-03,1048,inferred
Ashford,2021-01-04,1048,inferred
Ashford,2021-01-05,1048,inferred
Ashford,2021-01-06,945,projected
Ashford,2021-01-07,945,projected
Ashford,2021-01-08,945,projected
Ashford,2021-01-09,945,projected
Ashford,2021-01-10,945,projected
Ashford,2021-01-11,945,projected
Ashford,2021-01-12,945,projected
Ashford,2021-01-13,839,projected
Ashford,2021-01-14,839,projected
Ashford,2021-01-15,839,projected
Ashford,2021-01-16,839,projected
Ashford,2021-01-17,839,projected
Ashford,2021-01-18,839,projected
Ashford,2021-01-19,839,projected
Ashford,2021-01-20,757,projected
Ashford,2021-01-21,757,projected
Ashford,2021-01-22,757,projected
Ashford,2021-01-23,757,projected
Ashford,2021-01-24,757,projected
Ashford,2021-01-25,757,projected
Ashford,2021-01-26,757,projected
Ayrshire and Arran,2020-09-23,142,inferred
Ayrshire and Arran,2020-09-24,142,inferred
Ayrshire and Arran,2020-09-25,142,inferred
Ayrshire and Arran,2020-09-26,142,inferred
Ayrshire and Arran,2020-09-27,142,inferred
Ayrshire and Arran,2020-09-28,142,inferred
Ayrshire and Arran,2020-09-29,142,inferred
Ayrshire and Arran,2020-09-30,248,inferred
Ayrshire and Arran,2020-10-01,248,inferred
Ayrshire and Arran,2020-10-02,248,inferred
Ayrshire and Arran,2020-10-03,248,inferred
Ayrshire and Arran,2020-10-04,248,inferred
Ayrshire and Arran,2020-10-05,248,inferred
Ayrshire and Arran,2020-10-06,248,inferred
Ayrshire and Arran,2020-10-07,546,inferred
Ayrshire and Arran,2020-10-08,546,inferred
Ayrshire and Arran,2020-10-09,546,inferred
Ayrshire and Arran,2020-10-10,546,inferred
Ayrshire and Arran,2020-10-11,546,inferred
Ayrshire and Arran,2020-10-12,546,inferred
Ayrshire and Arran,2020-10-13,546,inferred
Ayrshire and Arran,2020-10-14,621,inferred
Ayrshire and Arran,2020-10-15,621,inferred
Ayrshire and Arran,2020-10-16,621,inferred
Ayrshire and Arran,2020-10-17,621,inferred
Ayrshire and Arran,2020-10-18,621,inferred
Ayrshire and Arran,2020-10-19,621,inferred
Ayrshire and Arran,2020-10-20,621,inferred
Ayrshire and Arran,2020-10-21,872,inferred
Ayrshire and Arran,2020-10-22,872,inferred
Ayrshire and Arran,2020-10-23,872,inferred
Ayrshire and Arran,2020-10-24,872,inferred
Ayrshire and Arran,2020-10-25,872,inferred
Ayrshire and Arran,2020-10-26,872,inferred
Ayrshire and Arran,2020-10-27,872,inferred
Ayrshire and Arran,2020-10-28,647,inferred
Ayrshire and Arran,2020-10-29,647,inferred
Ayrshire and Arran,2020-10-30,647,inferred
Ayrshire and Arran,2020-10-31,647,inferred
Ayrshire and Arran,2020-11-01,647,inferred
Ayrshire and Arran,2020-11-02,647,inferred
Ayrshire and Arran,2020-11-03,647,inferred
Ayrshire and Arran,2020-11-04,625,inferred
Ayrshire and Arran,2020-11-05,625,inferred
Ayrshire and Arran,2020-11-06,625,inferred
Ayrshire and Arran,2020-11-07,625,inferred
Ayrshire and Arran,2020-11-08,625,inferred
Ayrshire and Arran,2020-11-09,625,inferred
Ayrshire and Arran,2020-11-10,625,inferred
Ayrshire and Arran,2020-11-11,528,inferred
Ayrshire and Arran,2020-11-12,528,inferred
Ayrshire and Arran,2020-11-13,528,inferred
Ayrshire and Arran,2020-11-14,528,inferred
Ayrshire and Arran,2020-11-15,528,inferred
Ayrshire and Arran,2020-11-16,528,inferred
Ayrshire and Arran,2020-11-17,528,inferred
Ayrshire and Arran,2020-11-18,488,inferred
Ayrshire and Arran,2020-11-19,488,inferred
Ayrshire and Arran,2020-11-20,488,inferred
Ayrshire and Arran,2020-11-21,488,inferred
Ayrshire and Arran,2020-11-22,488,inferred
Ayrshire and Arran,2020-11-23,488,inferred
Ayrshire and Arran,2020-11-24,488,inferred
Ayrshire and Arran,2020-11-25,457,inferred
Ayrshire and Arran,2020-11-26,457,inferred
Ayrshire and Arran,2020-11-27,457,inferred
Ayrshire and Arran,2020-11-28,457,inferred
Ayrshire and Arran,2020-11-29,457,inferred
Ayrshire and Arran,2020-11-30,457,inferred
Ayrshire and Arran,2020-12-01,457,inferred
Ayrshire and Arran,2020-12-02,502,inferred
Ayrshire and Arran,2020-12-03,502,inferred
Ayrshire and Arran,2020-12-04,502,inferred
Ayrshire and Arran,2020-12-05,502,inferred
Ayrshire and Arran,2020-12-06,502,inferred
Ayrshire and Arran,2020-12-07,502,inferred
Ayrshire and Arran,2020-12-08,502,inferred
Ayrshire and Arran,2020-12-09,593,inferred
Ayrshire and Arran,2020-12-10,593,inferred
Ayrshire and Arran,2020-12-11,593,inferred
Ayrshire and Arran,2020-12-12,593,inferred
Ayrshire and Arran,2020-12-13,593,inferred
Ayrshire and Arran,2020-12-14,593,inferred
Ayrshire and Arran,2020-12-15,593,inferred
Ayrshire and Arran,2020-12-16,571,inferred
Ayrshire and Arran,2020-12-17,571,inferred
Ayrshire and Arran,2020-12-18,571,inferred
Ayrshire and Arran,2020-12-19,571,inferred
Ayrshire and Arran,2020-12-20,571,inferred
Ayrshire and Arran,2020-12-21,571,inferred
Ayrshire and Arran,2020-12-22,571,inferred
Ayrshire and Arran,2020-12-23,641,inferred
Ayrshire and Arran,2020-12-24,641,inferred
Ayrshire and Arran,2020-12-25,641,inferred
Ayrshire and Arran,2020-12-26,641,inferred
Ayrshire and Arran,2020-12-27,641,inferred
Ayrshire and Arran,2020-12-28,641,inferred
Ayrshire and Arran,2020-12-29,641,inferred
Ayrshire and Arran,2020-12-30,1175,inferred
Ayrshire and Arran,2020-12-31,1175,inferred
Ayrshire and Arran,2021-01-01,1175,inferred
Ayrshire and Arran,2021-01-02,1175,inferred
Ayrshire and Arran,2021-01-03,1175,inferred
Ayrshire and Arran,2021-01-04,1175,inferred
Ayrshire and Arran,2021-01-05,1175,inferred
Ayrshire and Arran,2021-01-06,1511,projected
Ayrshire and Arran,2021-01-07,1511,projected
Ayrshire and Arran,2021-01-08,1511,projected
Ayrshire and Arran,2021-01-09,1511,projected
Ayrshire and Arran,2021-01-10,1511,projected
Ayrshire and Arran,2021-01-11,1511,projected
Ayrshire and Arran,2021-01-12,1511,projected
Ayrshire and Arran,2021-01-13,1995,projected
Ayrshire and Arran,2021-01-14,1995,projected
Ayrshire and Arran,2021-01-15,1995,projected
Ayrshire and Arran,2021-01-16,1995,projected
Ayrshire and Arran,2021-01-17,1995,projected
Ayrshire and Arran,2021-01-18,1995,projected
Ayrshire and Arran,2021-01-19,1995,projected
Ayrshire and Arran,2021-01-20,2865,projected
Ayrshire and Arran,2021-01-21,2865,projected
Ayrshire and Arran,2021-01-22,2865,projected
Ayrshire and Arran,2021-01-23,2865,projected
Ayrshire and Arran,2021-01-24,2865,projected
Ayrshire and Arran,2021-01-25,2865,projected
Ayrshire and Arran,2021-01-26,2865,projected
Babergh,2020-09-23,  5,inferred
Babergh,2020-09-24,  5,inferred
Babergh,2020-09-25,  5,inferred
Babergh,2020-09-26,  5,inferred
Babergh,2020-09-27,  5,inferred
Babergh,2020-09-28,  5,inferred
Babergh,2020-09-29,  5,inferred
Babergh,2020-09-30, 32,inferred
Babergh,2020-10-01, 32,inferred
Babergh,2020-10-02, 32,inferred
Babergh,2020-10-03, 32,inferred
Babergh,2020-10-04, 32,inferred
Babergh,2020-10-05, 32,inferred
Babergh,2020-10-06, 32,inferred
Babergh,2020-10-07, 48,inferred
Babergh,2020-10-08, 48,inferred
Babergh,2020-10-09, 48,inferred
Babergh,2020-10-10, 48,inferred
Babergh,2020-10-11, 48,inferred
Babergh,2020-10-12, 48,inferred
Babergh,2020-10-13, 48,inferred
Babergh,2020-10-14, 53,inferred
Babergh,2020-10-15, 53,inferred
Babergh,2020-10-16, 53,inferred
Babergh,2020-10-17, 53,inferred
Babergh,2020-10-18, 53,inferred
Babergh,2020-10-19, 53,inferred
Babergh,2020-10-20, 53,inferred
Babergh,2020-10-21, 79,inferred
Babergh,2020-10-22, 79,inferred
Babergh,2020-10-23, 79,inferred
Babergh,2020-10-24, 79,inferred
Babergh,2020-10-25, 79,inferred
Babergh,2020-10-26, 79,inferred
Babergh,2020-10-27, 79,inferred
Babergh,2020-10-28, 80,inferred
Babergh,2020-10-29, 80,inferred
Babergh,2020-10-30, 80,inferred
Babergh,2020-10-31, 80,inferred
Babergh,2020-11-01, 80,inferred
Babergh,2020-11-02, 80,inferred
Babergh,2020-11-03, 80,inferred
Babergh,2020-11-04,157,inferred
Babergh,2020-11-05,157,inferred
Babergh,2020-11-06,157,inferred
Babergh,2020-11-07,157,inferred
Babergh,2020-11-08,157,inferred
Babergh,2020-11-09,157,inferred
Babergh,2020-11-10,157,inferred
Babergh,2020-11-11,116,inferred
Babergh,2020-11-12,116,inferred
Babergh,2020-11-13,116,inferred
Babergh,2020-11-14,116,inferred
Babergh,2020-11-15,116,inferred
Babergh,2020-11-16,116,inferred
Babergh,2020-11-17,116,inferred
Babergh,2020-11-18,101,inferred
Babergh,2020-11-19,101,inferred
Babergh,2020-11-20,101,inferred
Babergh,2020-11-21,101,inferred
Babergh,2020-11-22,101,inferred
Babergh,2020-11-23,101,inferred
Babergh,2020-11-24,101,inferred
Babergh,2020-11-25, 77,inferred
Babergh,2020-11-26, 77,inferred
Babergh,2020-11-27, 77,inferred
Babergh,2020-11-28, 77,inferred
Babergh,2020-11-29, 77,inferred
Babergh,2020-11-30, 77,inferred
Babergh,2020-12-01, 77,inferred
Babergh,2020-12-02, 73,inferred
Babergh,2020-12-03, 73,inferred
Babergh,2020-12-04, 73,inferred
Babergh,2020-12-05, 73,inferred
Babergh,2020-12-06, 73,inferred
Babergh,2020-12-07, 73,inferred
Babergh,2020-12-08, 73,inferred
Babergh,2020-12-09,157,inferred
Babergh,2020-12-10,157,inferred
Babergh,2020-12-11,157,inferred
Babergh,2020-12-12,157,inferred
Babergh,2020-12-13,157,inferred
Babergh,2020-12-14,157,inferred
Babergh,2020-12-15,157,inferred
Babergh,2020-12-16,328,inferred
Babergh,2020-12-17,328,inferred
Babergh,2020-12-18,328,inferred
Babergh,2020-12-19,328,inferred
Babergh,2020-12-20,328,inferred
Babergh,2020-12-21,328,inferred
Babergh,2020-12-22,328,inferred
Babergh,2020-12-23,430,inferred
Babergh,2020-12-24,430,inferred
Babergh,2020-12-25,430,inferred
Babergh,2020-12-26,430,inferred
Babergh,2020-12-27,430,inferred
Babergh,2020-12-28,430,inferred
Babergh,2020-12-29,430,inferred
Babergh,2020-12-30,570,inferred
Babergh,2020-12-31,570,inferred
Babergh,2021-01-01,570,inferred
Babergh,2021-01-02,570,inferred
Babergh,2021-01-03,570,inferred
Babergh,2021-01-04,570,inferred
Babergh,2021-01-05,570,inferred
Babergh,2021-01-06,617,projected
Babergh,2021-01-07,617,projected
Babergh,2021-01-08,617,projected
Babergh,2021-01-09,617,projected
Babergh,2021-01-10,617,projected
Babergh,2021-01-11,617,projected
Babergh,2021-01-12,617,projected
Babergh,2021-01-13,675,projected
Babergh,2021-01-14,675,projected
Babergh,2021-01-15,675,projected
Babergh,2021-01-16,675,projected
Babergh,2021-01-17,675,projected
Babergh,2021-01-18,675,projected
Babergh,2021-01-19,675,projected
Babergh,2021-01-20,735,projected
Babergh,2021-01-21,735,projected
Babergh,2021-01-22,735,projected
Babergh,2021-01-23,735,projected
Babergh,2021-01-24,735,projected
Babergh,2021-01-25,735,projected
Babergh,2021-01-26,735,projected
Barking and Dagenham,2020-09-23,131,inferred
Barking and Dagenham,2020-09-24,131,inferred
Barking and Dagenham,2020-09-25,131,inferred
Barking and Dagenham,2020-09-26,131,inferred
Barking and Dagenham,2020-09-27,131,inferred
Barking and Dagenham,2020-09-28,131,inferred
Barking and Dagenham,2020-09-29,131,inferred
Barking and Dagenham,2020-09-30,143,inferred
Barking and Dagenham,2020-10-01,143,inferred
Barking and Dagenham,2020-10-02,143,inferred
Barking and Dagenham,2020-10-03,143,inferred
Barking and Dagenham,2020-10-04,143,inferred
Barking and Dagenham,2020-10-05,143,inferred
Barking and Dagenham,2020-10-06,143,inferred
Barking and Dagenham,2020-10-07,212,inferred
Barking and Dagenham,2020-10-08,212,inferred
Barking and Dagenham,2020-10-09,212,inferred
Barking and Dagenham,2020-10-10,212,inferred
Barking and Dagenham,2020-10-11,212,inferred
Barking and Dagenham,2020-10-12,212,inferred
Barking and Dagenham,2020-10-13,212,inferred
Barking and Dagenham,2020-10-14,287,inferred
Barking and Dagenham,2020-10-15,287,inferred
Barking and Dagenham,2020-10-16,287,inferred
Barking and Dagenham,2020-10-17,287,inferred
Barking and Dagenham,2020-10-18,287,inferred
Barking and Dagenham,2020-10-19,287,inferred
Barking and Dagenham,2020-10-20,287,inferred
Barking and Dagenham,2020-10-21,326,inferred
Barking and Dagenham,2020-10-22,326,inferred
Barking and Dagenham,2020-10-23,326,inferred
Barking and Dagenham,2020-10-24,326,inferred
Barking and Dagenham,2020-10-25,326,inferred
Barking and Dagenham,2020-10-26,326,inferred
Barking and Dagenham,2020-10-27,326,inferred
Barking and Dagenham,2020-10-28,404,inferred
Barking and Dagenham,2020-10-29,404,inferred
Barking and Dagenham,2020-10-30,404,inferred
Barking and Dagenham,2020-10-31,404,inferred
Barking and Dagenham,2020-11-01,404,inferred
Barking and Dagenham,2020-11-02,404,inferred
Barking and Dagenham,2020-11-03,404,inferred
Barking and Dagenham,2020-11-04,506,inferred
Barking and Dagenham,2020-11-05,506,inferred
Barking and Dagenham,2020-11-06,506,inferred
Barking and Dagenham,2020-11-07,506,inferred
Barking and Dagenham,2020-11-08,506,inferred
Barking and Dagenham,2020-11-09,506,inferred
Barking and Dagenham,2020-11-10,506,inferred
Barking and Dagenham,2020-11-11,569,inferred
Barking and Dagenham,2020-11-12,569,inferred
Barking and Dagenham,2020-11-13,569,inferred
Barking and Dagenham,2020-11-14,569,inferred
Barking and Dagenham,2020-11-15,569,inferred
Barking and Dagenham,2020-11-16,569,inferred
Barking and Dagenham,2020-11-17,569,inferred
Barking and Dagenham,2020-11-18,527,inferred
Barking and Dagenham,2020-11-19,527,inferred
Barking and Dagenham,2020-11-20,527,inferred
Barking and Dagenham,2020-11-21,527,inferred
Barking and Dagenham,2020-11-22,527,inferred
Barking and Dagenham,2020-11-23,527,inferred
Barking and Dagenham,2020-11-24,527,inferred
Barking and Dagenham,2020-11-25,606,inferred
Barking and Dagenham,2020-11-26,606,inferred
Barking and Dagenham,2020-11-27,606,inferred
Barking and Dagenham,2020-11-28,606,inferred
Barking and Dagenham,2020-11-29,606,inferred
Barking and Dagenham,2020-11-30,606,inferred
Barking and Dagenham,2020-12-01,606,inferred
Barking and Dagenham,2020-12-02,782,inferred
Barking and Dagenham,2020-12-03,782,inferred
Barking and Dagenham,2020-12-04,782,inferred
Barking and Dagenham,2020-12-05,782,inferred
Barking and Dagenham,2020-12-06,782,inferred
Barking and Dagenham,2020-12-07,782,inferred
Barking and Dagenham,2020-12-08,782,inferred
Barking and Dagenham,2020-12-09,1623,inferred
Barking and Dagenham,2020-12-10,1623,inferred
Barking and Dagenham,2020-12-11,1623,inferred
Barking and Dagenham,2020-12-12,1623,inferred
Barking and Dagenham,2020-12-13,1623,inferred
Barking and Dagenham,2020-12-14,1623,inferred
Barking and Dagenham,2020-12-15,1623,inferred
Barking and Dagenham,2020-12-16,2439,inferred
Barking and Dagenham,2020-12-17,2439,inferred
Barking and Dagenham,2020-12-18,2439,inferred
Barking and Dagenham,2020-12-19,2439,inferred
Barking and Dagenham,2020-12-20,2439,inferred
Barking and Dagenham,2020-12-21,2439,inferred
Barking and Dagenham,2020-12-22,2439,inferred
Barking and Dagenham,2020-12-23,2791,inferred
Barking and Dagenham,2020-12-24,2791,inferred
Barking and Dagenham,2020-12-25,2791,inferred
Barking and Dagenham,2020-12-26,2791,inferred
Barking and Dagenham,2020-12-27,2791,inferred
Barking and Dagenham,2020-12-28,2791,inferred
Barking and Dagenham,2020-12-29,2791,inferred
Barking and Dagenham,2020-12-30,3477,inferred
Barking and Dagenham,2020-12-31,3477,inferred
Barking and Dagenham,2021-01-01,3477,inferred
Barking and Dagenham,2021-01-02,3477,inferred
Barking and Dagenham,2021-01-03,3477,inferred
Barking and Dagenham,2021-01-04,3477,inferred
Barking and Dagenham,2021-01-05,3477,inferred
Barking and Dagenham,2021-01-06,2881,projected
Barking and Dagenham,2021-01-07,2881,projected
Barking and Dagenham,2021-01-08,2881,projected
Barking and Dagenham,2021-01-09,2881,projected
Barking and Dagenham,2021-01-10,2881,projected
Barking and Dagenham,2021-01-11,2881,projected
Barking and Dagenham,2021-01-12,2881,projected
Barking and Dagenham,2021-01-13,2370,projected
Barking and Dagenham,2021-01-14,2370,projected
Barking and Dagenham,2021-01-15,2370,projected
Barking and Dagenham,2021-01-16,2370,projected
Barking and Dagenham,2021-01-17,2370,projected
Barking and Dagenham,2021-01-18,2370,projected
Barking and Dagenham,2021-01-19,2370,projected
Barking and Dagenham,2021-01-20,2008,projected
Barking and Dagenham,2021-01-21,2008,projected
Barking and Dagenham,2021-01-22,2008,projected
Barking and Dagenham,2021-01-23,2008,projected
Barking and Dagenham,2021-01-24,2008,projected
Barking and Dagenham,2021-01-25,2008,projected
Barking and Dagenham,2021-01-26,2008,projected
Barnet,2020-09-23,163,inferred
Barnet,2020-09-24,163,inferred
Barnet,2020-09-25,163,inferred
Barnet,2020-09-26,163,inferred
Barnet,2020-09-27,163,inferred
Barnet,2020-09-28,163,inferred
Barnet,2020-09-29,163,inferred
Barnet,2020-09-30,329,inferred
Barnet,2020-10-01,329,inferred
Barnet,2020-10-02,329,inferred
Barnet,2020-10-03,329,inferred
Barnet,2020-10-04,329,inferred
Barnet,2020-10-05,329,inferred
Barnet,2020-10-06,329,inferred
Barnet,2020-10-07,422,inferred
Barnet,2020-10-08,422,inferred
Barnet,2020-10-09,422,inferred
Barnet,2020-10-10,422,inferred
Barnet,2020-10-11,422,inferred
Barnet,2020-10-12,422,inferred
Barnet,2020-10-13,422,inferred
Barnet,2020-10-14,489,inferred
Barnet,2020-10-15,489,inferred
Barnet,2020-10-16,489,inferred
Barnet,2020-10-17,489,inferred
Barnet,2020-10-18,489,inferred
Barnet,2020-10-19,489,inferred
Barnet,2020-10-20,489,inferred
Barnet,2020-10-21,601,inferred
Barnet,2020-10-22,601,inferred
Barnet,2020-10-23,601,inferred
Barnet,2020-10-24,601,inferred
Barnet,2020-10-25,601,inferred
Barnet,2020-10-26,601,inferred
Barnet,2020-10-27,601,inferred
Barnet,2020-10-28,502,inferred
Barnet,2020-10-29,502,inferred
Barnet,2020-10-30,502,inferred
Barnet,2020-10-31,502,inferred
Barnet,2020-11-01,502,inferred
Barnet,2020-11-02,502,inferred
Barnet,2020-11-03,502,inferred
Barnet,2020-11-04,687,inferred
Barnet,2020-11-05,687,inferred
Barnet,2020-11-06,687,inferred
Barnet,2020-11-07,687,inferred
Barnet,2020-11-08,687,inferred
Barnet,2020-11-09,687,inferred
Barnet,2020-11-10,687,inferred
Barnet,2020-11-11,710,inferred
Barnet,2020-11-12,710,inferred
Barnet,2020-11-13,710,inferred
Barnet,2020-11-14,710,inferred
Barnet,2020-11-15,710,inferred
Barnet,2020-11-16,710,inferred
Barnet,2020-11-17,710,inferred
Barnet,2020-11-18,551,inferred
Barnet,2020-11-19,551,inferred
Barnet,2020-11-20,551,inferred
Barnet,2020-11-21,551,inferred
Barnet,2020-11-22,551,inferred
Barnet,2020-11-23,551,inferred
Barnet,2020-11-24,551,inferred
Barnet,2020-11-25,615,inferred
Barnet,2020-11-26,615,inferred
Barnet,2020-11-27,615,inferred
Barnet,2020-11-28,615,inferred
Barnet,2020-11-29,615,inferred
Barnet,2020-11-30,615,inferred
Barnet,2020-12-01,615,inferred
Barnet,2020-12-02,771,inferred
Barnet,2020-12-03,771,inferred
Barnet,2020-12-04,771,inferred
Barnet,2020-12-05,771,inferred
Barnet,2020-12-06,771,inferred
Barnet,2020-12-07,771,inferred
Barnet,2020-12-08,771,inferred
Barnet,2020-12-09,1502,inferred
Barnet,2020-12-10,1502,inferred
Barnet,2020-12-11,1502,inferred
Barnet,2020-12-12,1502,inferred
Barnet,2020-12-13,1502,inferred
Barnet,2020-12-14,1502,inferred
Barnet,2020-12-15,1502,inferred
Barnet,2020-12-16,2913,inferred
Barnet,2020-12-17,2913,inferred
Barnet,2020-12-18,2913,inferred
Barnet,2020-12-19,2913,inferred
Barnet,2020-12-20,2913,inferred
Barnet,2020-12-21,2913,inferred
Barnet,2020-12-22,2913,inferred
Barnet,2020-12-23,3711,inferred
Barnet,2020-12-24,3711,inferred
Barnet,2020-12-25,3711,inferred
Barnet,2020-12-26,3711,inferred
Barnet,2020-12-27,3711,inferred
Barnet,2020-12-28,3711,inferred
Barnet,2020-12-29,3711,inferred
Barnet,2020-12-30,3924,inferred
Barnet,2020-12-31,3924,inferred
Barnet,2021-01-01,3924,inferred
Barnet,2021-01-02,3924,inferred
Barnet,2021-01-03,3924,inferred
Barnet,2021-01-04,3924,inferred
Barnet,2021-01-05,3924,inferred
Barnet,2021-01-06,3249,projected
Barnet,2021-01-07,3249,projected
Barnet,2021-01-08,3249,projected
Barnet,2021-01-09,3249,projected
Barnet,2021-01-10,3249,projected
Barnet,2021-01-11,3249,projected
Barnet,2021-01-12,3249,projected
Barnet,2021-01-13,2654,projected
Barnet,2021-01-14,2654,projected
Barnet,2021-01-15,2654,projected
Barnet,2021-01-16,2654,projected
Barnet,2021-01-17,2654,projected
Barnet,2021-01-18,2654,projected
Barnet,2021-01-19,2654,projected
Barnet,2021-01-20,2287,projected
Barnet,2021-01-21,2287,projected
Barnet,2021-01-22,2287,projected
Barnet,2021-01-23,2287,projected
Barnet,2021-01-24,2287,projected
Barnet,2021-01-25,2287,projected
Barnet,2021-01-26,2287,projected
Barnsley,2020-09-23,232,inferred
Barnsley,2020-09-24,232,inferred
Barnsley,2020-09-25,232,inferred
Barnsley,2020-09-26,232,inferred
Barnsley,2020-09-27,232,inferred
Barnsley,2020-09-28,232,inferred
Barnsley,2020-09-29,232,inferred
Barnsley,2020-09-30,452,inferred
Barnsley,2020-10-01,452,inferred
Barnsley,2020-10-02,452,inferred
Barnsley,2020-10-03,452,inferred
Barnsley,2020-10-04,452,inferred
Barnsley,2020-10-05,452,inferred
Barnsley,2020-10-06,452,inferred
Barnsley,2020-10-07,814,inferred
Barnsley,2020-10-08,814,inferred
Barnsley,2020-10-09,814,inferred
Barnsley,2020-10-10,814,inferred
Barnsley,2020-10-11,814,inferred
Barnsley,2020-10-12,814,inferred
Barnsley,2020-10-13,814,inferred
Barnsley,2020-10-14,1297,inferred
Barnsley,2020-10-15,1297,inferred
Barnsley,2020-10-16,1297,inferred
Barnsley,2020-10-17,1297,inferred
Barnsley,2020-10-18,1297,inferred
Barnsley,2020-10-19,1297,inferred
Barnsley,2020-10-20,1297,inferred
Barnsley,2020-10-21,1241,inferred
Barnsley,2020-10-22,1241,inferred
Barnsley,2020-10-23,1241,inferred
Barnsley,2020-10-24,1241,inferred
Barnsley,2020-10-25,1241,inferred
Barnsley,2020-10-26,1241,inferred
Barnsley,2020-10-27,1241,inferred
Barnsley,2020-10-28,1361,inferred
Barnsley,2020-10-29,1361,inferred
Barnsley,2020-10-30,1361,inferred
Barnsley,2020-10-31,1361,inferred
Barnsley,2020-11-01,1361,inferred
Barnsley,2020-11-02,1361,inferred
Barnsley,2020-11-03,1361,inferred
Barnsley,2020-11-04,1054,inferred
Barnsley,2020-11-05,1054,inferred
Barnsley,2020-11-06,1054,inferred
Barnsley,2020-11-07,1054,inferred
Barnsley,2020-11-08,1054,inferred
Barnsley,2020-11-09,1054,inferred
Barnsley,2020-11-10,1054,inferred
Barnsley,2020-11-11,836,inferred
Barnsley,2020-11-12,836,inferred
Barnsley,2020-11-13,836,inferred
Barnsley,2020-11-14,836,inferred
Barnsley,2020-11-15,836,inferred
Barnsley,2020-11-16,836,inferred
Barnsley,2020-11-17,836,inferred
Barnsley,2020-11-18,565,inferred
Barnsley,2020-11-19,565,inferred
Barnsley,2020-11-20,565,inferred
Barnsley,2020-11-21,565,inferred
Barnsley,2020-11-22,565,inferred
Barnsley,2020-11-23,565,inferred
Barnsley,2020-11-24,565,inferred
Barnsley,2020-11-25,401,inferred
Barnsley,2020-11-26,401,inferred
Barnsley,2020-11-27,401,inferred
Barnsley,2020-11-28,401,inferred
Barnsley,2020-11-29,401,inferred
Barnsley,2020-11-30,401,inferred
Barnsley,2020-12-01,401,inferred
Barnsley,2020-12-02,338,inferred
Barnsley,2020-12-03,338,inferred
Barnsley,2020-12-04,338,inferred
Barnsley,2020-12-05,338,inferred
Barnsley,2020-12-06,338,inferred
Barnsley,2020-12-07,338,inferred
Barnsley,2020-12-08,338,inferred
Barnsley,2020-12-09,427,inferred
Barnsley,2020-12-10,427,inferred
Barnsley,2020-12-11,427,inferred
Barnsley,2020-12-12,427,inferred
Barnsley,2020-12-13,427,inferred
Barnsley,2020-12-14,427,inferred
Barnsley,2020-12-15,427,inferred
Barnsley,2020-12-16,505,inferred
Barnsley,2020-12-17,505,inferred
Barnsley,2020-12-18,505,inferred
Barnsley,2020-12-19,505,inferred
Barnsley,2020-12-20,505,inferred
Barnsley,2020-12-21,505,inferred
Barnsley,2020-12-22,505,inferred
Barnsley,2020-12-23,584,inferred
Barnsley,2020-12-24,584,inferred
Barnsley,2020-12-25,584,inferred
Barnsley,2020-12-26,584,inferred
Barnsley,2020-12-27,584,inferred
Barnsley,2020-12-28,584,inferred
Barnsley,2020-12-29,584,inferred
Barnsley,2020-12-30,684,inferred
Barnsley,2020-12-31,684,inferred
Barnsley,2021-01-01,684,inferred
Barnsley,2021-01-02,684,inferred
Barnsley,2021-01-03,684,inferred
Barnsley,2021-01-04,684,inferred
Barnsley,2021-01-05,684,inferred
Barnsley,2021-01-06,620,projected
Barnsley,2021-01-07,620,projected
Barnsley,2021-01-08,620,projected
Barnsley,2021-01-09,620,projected
Barnsley,2021-01-10,620,projected
Barnsley,2021-01-11,620,projected
Barnsley,2021-01-12,620,projected
Barnsley,2021-01-13,552,projected
Barnsley,2021-01-14,552,projected
Barnsley,2021-01-15,552,projected
Barnsley,2021-01-16,552,projected
Barnsley,2021-01-17,552,projected
Barnsley,2021-01-18,552,projected
Barnsley,2021-01-19,552,projected
Barnsley,2021-01-20,531,projected
Barnsley,2021-01-21,531,projected
Barnsley,2021-01-22,531,projected
Barnsley,2021-01-23,531,projected
Barnsley,2021-01-24,531,projected
Barnsley,2021-01-25,531,projected
Barnsley,2021-01-26,531,projected
Barrow-in-Furness,2020-09-23,101,inferred
Barrow-in-Furness,2020-09-24,101,inferred
Barrow-in-Furness,2020-09-25,101,inferred
Barrow-in-Furness,2020-09-26,101,inferred
Barrow-in-Furness,2020-09-27,101,inferred
Barrow-in-Furness,2020-09-28,101,inferred
Barrow-in-Furness,2020-09-29,101,inferred
Barrow-in-Furness,2020-09-30,150,inferred
Barrow-in-Furness,2020-10-01,150,inferred
Barrow-in-Furness,2020-10-02,150,inferred
Barrow-in-Furness,2020-10-03,150,inferred
Barrow-in-Furness,2020-10-04,150,inferred
Barrow-in-Furness,2020-10-05,150,inferred
Barrow-in-Furness,2020-10-06,150,inferred
Barrow-in-Furness,2020-10-07,187,inferred
Barrow-in-Furness,2020-10-08,187,inferred
Barrow-in-Furness,2020-10-09,187,inferred
Barrow-in-Furness,2020-10-10,187,inferred
Barrow-in-Furness,2020-10-11,187,inferred
Barrow-in-Furness,2020-10-12,187,inferred
Barrow-in-Furness,2020-10-13,187,inferred
Barrow-in-Furness,2020-10-14,190,inferred
Barrow-in-Furness,2020-10-15,190,inferred
Barrow-in-Furness,2020-10-16,190,inferred
Barrow-in-Furness,2020-10-17,190,inferred
Barrow-in-Furness,2020-10-18,190,inferred
Barrow-in-Furness,2020-10-19,190,inferred
Barrow-in-Furness,2020-10-20,190,inferred
Barrow-in-Furness,2020-10-21,181,inferred
Barrow-in-Furness,2020-10-22,181,inferred
Barrow-in-Furness,2020-10-23,181,inferred
Barrow-in-Furness,2020-10-24,181,inferred
Barrow-in-Furness,2020-10-25,181,inferred
Barrow-in-Furness,2020-10-26,181,inferred
Barrow-in-Furness,2020-10-27,181,inferred
Barrow-in-Furness,2020-10-28,138,inferred
Barrow-in-Furness,2020-10-29,138,inferred
Barrow-in-Furness,2020-10-30,138,inferred
Barrow-in-Furness,2020-10-31,138,inferred
Barrow-in-Furness,2020-11-01,138,inferred
Barrow-in-Furness,2020-11-02,138,inferred
Barrow-in-Furness,2020-11-03,138,inferred
Barrow-in-Furness,2020-11-04,124,inferred
Barrow-in-Furness,2020-11-05,124,inferred
Barrow-in-Furness,2020-11-06,124,inferred
Barrow-in-Furness,2020-11-07,124,inferred
Barrow-in-Furness,2020-11-08,124,inferred
Barrow-in-Furness,2020-11-09,124,inferred
Barrow-in-Furness,2020-11-10,124,inferred
Barrow-in-Furness,2020-11-11,104,inferred
Barrow-in-Furness,2020-11-12,104,inferred
Barrow-in-Furness,2020-11-13,104,inferred
Barrow-in-Furness,2020-11-14,104,inferred
Barrow-in-Furness,2020-11-15,104,inferred
Barrow-in-Furness,2020-11-16,104,inferred
Barrow-in-Furness,2020-11-17,104,inferred
Barrow-in-Furness,2020-11-18, 58,inferred
Barrow-in-Furness,2020-11-19, 58,inferred
Barrow-in-Furness,2020-11-20, 58,inferred
Barrow-in-Furness,2020-11-21, 58,inferred
Barrow-in-Furness,2020-11-22, 58,inferred
Barrow-in-Furness,2020-11-23, 58,inferred
Barrow-in-Furness,2020-11-24, 58,inferred
Barrow-in-Furness,2020-11-25, 59,inferred
Barrow-in-Furness,2020-11-26, 59,inferred
Barrow-in-Furness,2020-11-27, 59,inferred
Barrow-in-Furness,2020-11-28, 59,inferred
Barrow-in-Furness,2020-11-29, 59,inferred
Barrow-in-Furness,2020-11-30, 59,inferred
Barrow-in-Furness,2020-12-01, 59,inferred
Barrow-in-Furness,2020-12-02, 85,inferred
Barrow-in-Furness,2020-12-03, 85,inferred
Barrow-in-Furness,2020-12-04, 85,inferred
Barrow-in-Furness,2020-12-05, 85,inferred
Barrow-in-Furness,2020-12-06, 85,inferred
Barrow-in-Furness,2020-12-07, 85,inferred
Barrow-in-Furness,2020-12-08, 85,inferred
Barrow-in-Furness,2020-12-09, 72,inferred
Barrow-in-Furness,2020-12-10, 72,inferred
Barrow-in-Furness,2020-12-11, 72,inferred
Barrow-in-Furness,2020-12-12, 72,inferred
Barrow-in-Furness,2020-12-13, 72,inferred
Barrow-in-Furness,2020-12-14, 72,inferred
Barrow-in-Furness,2020-12-15, 72,inferred
Barrow-in-Furness,2020-12-16, 58,inferred
Barrow-in-Furness,2020-12-17, 58,inferred
Barrow-in-Furness,2020-12-18, 58,inferred
Barrow-in-Furness,2020-12-19, 58,inferred
Barrow-in-Furness,2020-12-20, 58,inferred
Barrow-in-Furness,2020-12-21, 58,inferred
Barrow-in-Furness,2020-12-22, 58,inferred
Barrow-in-Furness,2020-12-23,132,inferred
Barrow-in-Furness,2020-12-24,132,inferred
Barrow-in-Furness,2020-12-25,132,inferred
Barrow-in-Furness,2020-12-26,132,inferred
Barrow-in-Furness,2020-12-27,132,inferred
Barrow-in-Furness,2020-12-28,132,inferred
Barrow-in-Furness,2020-12-29,132,inferred
Barrow-in-Furness,2020-12-30,387,inferred
Barrow-in-Furness,2020-12-31,387,inferred
Barrow-in-Furness,2021-01-01,387,inferred
Barrow-in-Furness,2021-01-02,387,inferred
Barrow-in-Furness,2021-01-03,387,inferred
Barrow-in-Furness,2021-01-04,387,inferred
Barrow-in-Furness,2021-01-05,387,inferred
Barrow-in-Furness,2021-01-06,763,projected
Barrow-in-Furness,2021-01-07,763,projected
Barrow-in-Furness,2021-01-08,763,projected
Barrow-in-Furness,2021-01-09,763,projected
Barrow-in-Furness,2021-01-10,763,projected
Barrow-in-Furness,2021-01-11,763,projected
Barrow-in-Furness,2021-01-12,763,projected
Barrow-in-Furness,2021-01-13,1420,projected
Barrow-in-Furness,2021-01-14,1420,projected
Barrow-in-Furness,2021-01-15,1420,projected
Barrow-in-Furness,2021-01-16,1420,projected
Barrow-in-Furness,2021-01-17,1420,projected
Barrow-in-Furness,2021-01-18,1420,projected
Barrow-in-Furness,2021-01-19,1420,projected
Barrow-in-Furness,2021-01-20,2577,projected
Barrow-in-Furness,2021-01-21,2577,projected
Barrow-in-Furness,2021-01-22,2577,projected
Barrow-in-Furness,2021-01-23,2577,projected
Barrow-in-Furness,2021-01-24,2577,projected
Barrow-in-Furness,2021-01-25,2577,projected
Barrow-in-Furness,2021-01-26,2577,projected
Basildon,2020-09-23, 78,inferred
Basildon,2020-09-24, 78,inferred
Basildon,2020-09-25, 78,inferred
Basildon,2020-09-26, 78,inferred
Basildon,2020-09-27, 78,inferred
Basildon,2020-09-28, 78,inferred
Basildon,2020-09-29, 78,inferred
Basildon,2020-09-30,110,inferred
Basildon,2020-10-01,110,inferred
Basildon,2020-10-02,110,inferred
Basildon,2020-10-03,110,inferred
Basildon,2020-10-04,110,inferred
Basildon,2020-10-05,110,inferred
Basildon,2020-10-06,110,inferred
Basildon,2020-10-07,165,inferred
Basildon,2020-10-08,165,inferred
Basildon,2020-10-09,165,inferred
Basildon,2020-10-10,165,inferred
Basildon,2020-10-11,165,inferred
Basildon,2020-10-12,165,inferred
Basildon,2020-10-13,165,inferred
Basildon,2020-10-14,249,inferred
Basildon,2020-10-15,249,inferred
Basildon,2020-10-16,249,inferred
Basildon,2020-10-17,249,inferred
Basildon,2020-10-18,249,inferred
Basildon,2020-10-19,249,inferred
Basildon,2020-10-20,249,inferred
Basildon,2020-10-21,267,inferred
Basildon,2020-10-22,267,inferred
Basildon,2020-10-23,267,inferred
Basildon,2020-10-24,267,inferred
Basildon,2020-10-25,267,inferred
Basildon,2020-10-26,267,inferred
Basildon,2020-10-27,267,inferred
Basildon,2020-10-28,202,inferred
Basildon,2020-10-29,202,inferred
Basildon,2020-10-30,202,inferred
Basildon,2020-10-31,202,inferred
Basildon,2020-11-01,202,inferred
Basildon,2020-11-02,202,inferred
Basildon,2020-11-03,202,inferred
Basildon,2020-11-04,322,inferred
Basildon,2020-11-05,322,inferred
Basildon,2020-11-06,322,inferred
Basildon,2020-11-07,322,inferred
Basildon,2020-11-08,322,inferred
Basildon,2020-11-09,322,inferred
Basildon,2020-11-10,322,inferred
Basildon,2020-11-11,472,inferred
Basildon,2020-11-12,472,inferred
Basildon,2020-11-13,472,inferred
Basildon,2020-11-14,472,inferred
Basildon,2020-11-15,472,inferred
Basildon,2020-11-16,472,inferred
Basildon,2020-11-17,472,inferred
Basildon,2020-11-18,515,inferred
Basildon,2020-11-19,515,inferred
Basildon,2020-11-20,515,inferred
Basildon,2020-11-21,515,inferred
Basildon,2020-11-22,515,inferred
Basildon,2020-11-23,515,inferred
Basildon,2020-11-24,515,inferred
Basildon,2020-11-25,652,inferred
Basildon,2020-11-26,652,inferred
Basildon,2020-11-27,652,inferred
Basildon,2020-11-28,652,inferred
Basildon,2020-11-29,652,inferred
Basildon,2020-11-30,652,inferred
Basildon,2020-12-01,652,inferred
Basildon,2020-12-02,1058,inferred
Basildon,2020-12-03,1058,inferred
Basildon,2020-12-04,1058,inferred
Basildon,2020-12-05,1058,inferred
Basildon,2020-12-06,1058,inferred
Basildon,2020-12-07,1058,inferred
Basildon,2020-12-08,1058,inferred
Basildon,2020-12-09,1749,inferred
Basildon,2020-12-10,1749,inferred
Basildon,2020-12-11,1749,inferred
Basildon,2020-12-12,1749,inferred
Basildon,2020-12-13,1749,inferred
Basildon,2020-12-14,1749,inferred
Basildon,2020-12-15,1749,inferred
Basildon,2020-12-16,2191,inferred
Basildon,2020-12-17,2191,inferred
Basildon,2020-12-18,2191,inferred
Basildon,2020-12-19,2191,inferred
Basildon,2020-12-20,2191,inferred
Basildon,2020-12-21,2191,inferred
Basildon,2020-12-22,2191,inferred
Basildon,2020-12-23,2092,inferred
Basildon,2020-12-24,2092,inferred
Basildon,2020-12-25,2092,inferred
Basildon,2020-12-26,2092,inferred
Basildon,2020-12-27,2092,inferred
Basildon,2020-12-28,2092,inferred
Basildon,2020-12-29,2092,inferred
Basildon,2020-12-30,2328,inferred
Basildon,2020-12-31,2328,inferred
Basildon,2021-01-01,2328,inferred
Basildon,2021-01-02,2328,inferred
Basildon,2021-01-03,2328,inferred
Basildon,2021-01-04,2328,inferred
Basildon,2021-01-05,2328,inferred
Basildon,2021-01-06,1692,projected
Basildon,2021-01-07,1692,projected
Basildon,2021-01-08,1692,projected
Basildon,2021-01-09,1692,projected
Basildon,2021-01-10,1692,projected
Basildon,2021-01-11,1692,projected
Basildon,2021-01-12,1692,projected
Basildon,2021-01-13,1242,projected
Basildon,2021-01-14,1242,projected
Basildon,2021-01-15,1242,projected
Basildon,2021-01-16,1242,projected
Basildon,2021-01-17,1242,projected
Basildon,2021-01-18,1242,projected
Basildon,2021-01-19,1242,projected
Basildon,2021-01-20,953,projected
Basildon,2021-01-21,953,projected
Basildon,2021-01-22,953,projected
Basildon,2021-01-23,953,projected
Basildon,2021-01-24,953,projected
Basildon,2021-01-25,953,projected
Basildon,2021-01-26,953,projected
Basingstoke and Deane,2020-09-23, 25,inferred
Basingstoke and Deane,2020-09-24, 25,inferred
Basingstoke and Deane,2020-09-25, 25,inferred
Basingstoke and Deane,2020-09-26, 25,inferred
Basingstoke and Deane,2020-09-27, 25,inferred
Basingstoke and Deane,2020-09-28, 25,inferred
Basingstoke and Deane,2020-09-29, 25,inferred
Basingstoke and Deane,2020-09-30, 55,inferred
Basingstoke and Deane,2020-10-01, 55,inferred
Basingstoke and Deane,2020-10-02, 55,inferred
Basingstoke and Deane,2020-10-03, 55,inferred
Basingstoke and Deane,2020-10-04, 55,inferred
Basingstoke and Deane,2020-10-05, 55,inferred
Basingstoke and Deane,2020-10-06, 55,inferred
Basingstoke and Deane,2020-10-07, 91,inferred
Basingstoke and Deane,2020-10-08, 91,inferred
Basingstoke and Deane,2020-10-09, 91,inferred
Basingstoke and Deane,2020-10-10, 91,inferred
Basingstoke and Deane,2020-10-11, 91,inferred
Basingstoke and Deane,2020-10-12, 91,inferred
Basingstoke and Deane,2020-10-13, 91,inferred
Basingstoke and Deane,2020-10-14,123,inferred
Basingstoke and Deane,2020-10-15,123,inferred
Basingstoke and Deane,2020-10-16,123,inferred
Basingstoke and Deane,2020-10-17,123,inferred
Basingstoke and Deane,2020-10-18,123,inferred
Basingstoke and Deane,2020-10-19,123,inferred
Basingstoke and Deane,2020-10-20,123,inferred
Basingstoke and Deane,2020-10-21,159,inferred
Basingstoke and Deane,2020-10-22,159,inferred
Basingstoke and Deane,2020-10-23,159,inferred
Basingstoke and Deane,2020-10-24,159,inferred
Basingstoke and Deane,2020-10-25,159,inferred
Basingstoke and Deane,2020-10-26,159,inferred
Basingstoke and Deane,2020-10-27,159,inferred
Basingstoke and Deane,2020-10-28,212,inferred
Basingstoke and Deane,2020-10-29,212,inferred
Basingstoke and Deane,2020-10-30,212,inferred
Basingstoke and Deane,2020-10-31,212,inferred
Basingstoke and Deane,2020-11-01,212,inferred
Basingstoke and Deane,2020-11-02,212,inferred
Basingstoke and Deane,2020-11-03,212,inferred
Basingstoke and Deane,2020-11-04,237,inferred
Basingstoke and Deane,2020-11-05,237,inferred
Basingstoke and Deane,2020-11-06,237,inferred
Basingstoke and Deane,2020-11-07,237,inferred
Basingstoke and Deane,2020-11-08,237,inferred
Basingstoke and Deane,2020-11-09,237,inferred
Basingstoke and Deane,2020-11-10,237,inferred
Basingstoke and Deane,2020-11-11,259,inferred
Basingstoke and Deane,2020-11-12,259,inferred
Basingstoke and Deane,2020-11-13,259,inferred
Basingstoke and Deane,2020-11-14,259,inferred
Basingstoke and Deane,2020-11-15,259,inferred
Basingstoke and Deane,2020-11-16,259,inferred
Basingstoke and Deane,2020-11-17,259,inferred
Basingstoke and Deane,2020-11-18,157,inferred
Basingstoke and Deane,2020-11-19,157,inferred
Basingstoke and Deane,2020-11-20,157,inferred
Basingstoke and Deane,2020-11-21,157,inferred
Basingstoke and Deane,2020-11-22,157,inferred
Basingstoke and Deane,2020-11-23,157,inferred
Basingstoke and Deane,2020-11-24,157,inferred
Basingstoke and Deane,2020-11-25,167,inferred
Basingstoke and Deane,2020-11-26,167,inferred
Basingstoke and Deane,2020-11-27,167,inferred
Basingstoke and Deane,2020-11-28,167,inferred
Basingstoke and Deane,2020-11-29,167,inferred
Basingstoke and Deane,2020-11-30,167,inferred
Basingstoke and Deane,2020-12-01,167,inferred
Basingstoke and Deane,2020-12-02,163,inferred
Basingstoke and Deane,2020-12-03,163,inferred
Basingstoke and Deane,2020-12-04,163,inferred
Basingstoke and Deane,2020-12-05,163,inferred
Basingstoke and Deane,2020-12-06,163,inferred
Basingstoke and Deane,2020-12-07,163,inferred
Basingstoke and Deane,2020-12-08,163,inferred
Basingstoke and Deane,2020-12-09,233,inferred
Basingstoke and Deane,2020-12-10,233,inferred
Basingstoke and Deane,2020-12-11,233,inferred
Basingstoke and Deane,2020-12-12,233,inferred
Basingstoke and Deane,2020-12-13,233,inferred
Basingstoke and Deane,2020-12-14,233,inferred
Basingstoke and Deane,2020-12-15,233,inferred
Basingstoke and Deane,2020-12-16,442,inferred
Basingstoke and Deane,2020-12-17,442,inferred
Basingstoke and Deane,2020-12-18,442,inferred
Basingstoke and Deane,2020-12-19,442,inferred
Basingstoke and Deane,2020-12-20,442,inferred
Basingstoke and Deane,2020-12-21,442,inferred
Basingstoke and Deane,2020-12-22,442,inferred
Basingstoke and Deane,2020-12-23,623,inferred
Basingstoke and Deane,2020-12-24,623,inferred
Basingstoke and Deane,2020-12-25,623,inferred
Basingstoke and Deane,2020-12-26,623,inferred
Basingstoke and Deane,2020-12-27,623,inferred
Basingstoke and Deane,2020-12-28,623,inferred
Basingstoke and Deane,2020-12-29,623,inferred
Basingstoke and Deane,2020-12-30,897,inferred
Basingstoke and Deane,2020-12-31,897,inferred
Basingstoke and Deane,2021-01-01,897,inferred
Basingstoke and Deane,2021-01-02,897,inferred
Basingstoke and Deane,2021-01-03,897,inferred
Basingstoke and Deane,2021-01-04,897,inferred
Basingstoke and Deane,2021-01-05,897,inferred
Basingstoke and Deane,2021-01-06,1141,projected
Basingstoke and Deane,2021-01-07,1141,projected
Basingstoke and Deane,2021-01-08,1141,projected
Basingstoke and Deane,2021-01-09,1141,projected
Basingstoke and Deane,2021-01-10,1141,projected
Basingstoke and Deane,2021-01-11,1141,projected
Basingstoke and Deane,2021-01-12,1141,projected
Basingstoke and Deane,2021-01-13,1319,projected
Basingstoke and Deane,2021-01-14,1319,projected
Basingstoke and Deane,2021-01-15,1319,projected
Basingstoke and Deane,2021-01-16,1319,projected
Basingstoke and Deane,2021-01-17,1319,projected
Basingstoke and Deane,2021-01-18,1319,projected
Basingstoke and Deane,2021-01-19,1319,projected
Basingstoke and Deane,2021-01-20,1485,projected
Basingstoke and Deane,2021-01-21,1485,projected
Basingstoke and Deane,2021-01-22,1485,projected
Basingstoke and Deane,2021-01-23,1485,projected
Basingstoke and Deane,2021-01-24,1485,projected
Basingstoke and Deane,2021-01-25,1485,projected
Basingstoke and Deane,2021-01-26,1485,projected
Bassetlaw,2020-09-23, 52,inferred
Bassetlaw,2020-09-24, 52,inferred
Bassetlaw,2020-09-25, 52,inferred
Bassetlaw,2020-09-26, 52,inferred
Bassetlaw,2020-09-27, 52,inferred
Bassetlaw,2020-09-28, 52,inferred
Bassetlaw,2020-09-29, 52,inferred
Bassetlaw,2020-09-30, 86,inferred
Bassetlaw,2020-10-01, 86,inferred
Bassetlaw,2020-10-02, 86,inferred
Bassetlaw,2020-10-03, 86,inferred
Bassetlaw,2020-10-04, 86,inferred
Bassetlaw,2020-10-05, 86,inferred
Bassetlaw,2020-10-06, 86,inferred
Bassetlaw,2020-10-07,149,inferred
Bassetlaw,2020-10-08,149,inferred
Bassetlaw,2020-10-09,149,inferred
Bassetlaw,2020-10-10,149,inferred
Bassetlaw,2020-10-11,149,inferred
Bassetlaw,2020-10-12,149,inferred
Bassetlaw,2020-10-13,149,inferred
Bassetlaw,2020-10-14,296,inferred
Bassetlaw,2020-10-15,296,inferred
Bassetlaw,2020-10-16,296,inferred
Bassetlaw,2020-10-17,296,inferred
Bassetlaw,2020-10-18,296,inferred
Bassetlaw,2020-10-19,296,inferred
Bassetlaw,2020-10-20,296,inferred
Bassetlaw,2020-10-21,390,inferred
Bassetlaw,2020-10-22,390,inferred
Bassetlaw,2020-10-23,390,inferred
Bassetlaw,2020-10-24,390,inferred
Bassetlaw,2020-10-25,390,inferred
Bassetlaw,2020-10-26,390,inferred
Bassetlaw,2020-10-27,390,inferred
Bassetlaw,2020-10-28,575,inferred
Bassetlaw,2020-10-29,575,inferred
Bassetlaw,2020-10-30,575,inferred
Bassetlaw,2020-10-31,575,inferred
Bassetlaw,2020-11-01,575,inferred
Bassetlaw,2020-11-02,575,inferred
Bassetlaw,2020-11-03,575,inferred
Bassetlaw,2020-11-04,487,inferred
Bassetlaw,2020-11-05,487,inferred
Bassetlaw,2020-11-06,487,inferred
Bassetlaw,2020-11-07,487,inferred
Bassetlaw,2020-11-08,487,inferred
Bassetlaw,2020-11-09,487,inferred
Bassetlaw,2020-11-10,487,inferred
Bassetlaw,2020-11-11,442,inferred
Bassetlaw,2020-11-12,442,inferred
Bassetlaw,2020-11-13,442,inferred
Bassetlaw,2020-11-14,442,inferred
Bassetlaw,2020-11-15,442,inferred
Bassetlaw,2020-11-16,442,inferred
Bassetlaw,2020-11-17,442,inferred
Bassetlaw,2020-11-18,303,inferred
Bassetlaw,2020-11-19,303,inferred
Bassetlaw,2020-11-20,303,inferred
Bassetlaw,2020-11-21,303,inferred
Bassetlaw,2020-11-22,303,inferred
Bassetlaw,2020-11-23,303,inferred
Bassetlaw,2020-11-24,303,inferred
Bassetlaw,2020-11-25,283,inferred
Bassetlaw,2020-11-26,283,inferred
Bassetlaw,2020-11-27,283,inferred
Bassetlaw,2020-11-28,283,inferred
Bassetlaw,2020-11-29,283,inferred
Bassetlaw,2020-11-30,283,inferred
Bassetlaw,2020-12-01,283,inferred
Bassetlaw,2020-12-02,273,inferred
Bassetlaw,2020-12-03,273,inferred
Bassetlaw,2020-12-04,273,inferred
Bassetlaw,2020-12-05,273,inferred
Bassetlaw,2020-12-06,273,inferred
Bassetlaw,2020-12-07,273,inferred
Bassetlaw,2020-12-08,273,inferred
Bassetlaw,2020-12-09,295,inferred
Bassetlaw,2020-12-10,295,inferred
Bassetlaw,2020-12-11,295,inferred
Bassetlaw,2020-12-12,295,inferred
Bassetlaw,2020-12-13,295,inferred
Bassetlaw,2020-12-14,295,inferred
Bassetlaw,2020-12-15,295,inferred
Bassetlaw,2020-12-16,295,inferred
Bassetlaw,2020-12-17,295,inferred
Bassetlaw,2020-12-18,295,inferred
Bassetlaw,2020-12-19,295,inferred
Bassetlaw,2020-12-20,295,inferred
Bassetlaw,2020-12-21,295,inferred
Bassetlaw,2020-12-22,295,inferred
Bassetlaw,2020-12-23,296,inferred
Bassetlaw,2020-12-24,296,inferred
Bassetlaw,2020-12-25,296,inferred
Bassetlaw,2020-12-26,296,inferred
Bassetlaw,2020-12-27,296,inferred
Bassetlaw,2020-12-28,296,inferred
Bassetlaw,2020-12-29,296,inferred
Bassetlaw,2020-12-30,366,inferred
Bassetlaw,2020-12-31,366,inferred
Bassetlaw,2021-01-01,366,inferred
Bassetlaw,2021-01-02,366,inferred
Bassetlaw,2021-01-03,366,inferred
Bassetlaw,2021-01-04,366,inferred
Bassetlaw,2021-01-05,366,inferred
Bassetlaw,2021-01-06,357,projected
Bassetlaw,2021-01-07,357,projected
Bassetlaw,2021-01-08,357,projected
Bassetlaw,2021-01-09,357,projected
Bassetlaw,2021-01-10,357,projected
Bassetlaw,2021-01-11,357,projected
Bassetlaw,2021-01-12,357,projected
Bassetlaw,2021-01-13,352,projected
Bassetlaw,2021-01-14,352,projected
Bassetlaw,2021-01-15,352,projected
Bassetlaw,2021-01-16,352,projected
Bassetlaw,2021-01-17,352,projected
Bassetlaw,2021-01-18,352,projected
Bassetlaw,2021-01-19,352,projected
Bassetlaw,2021-01-20,383,projected
Bassetlaw,2021-01-21,383,projected
Bassetlaw,2021-01-22,383,projected
Bassetlaw,2021-01-23,383,projected
Bassetlaw,2021-01-24,383,projected
Bassetlaw,2021-01-25,383,projected
Bassetlaw,2021-01-26,383,projected
Bath and North East Somerset,2020-09-23, 65,inferred
Bath and North East Somerset,2020-09-24, 65,inferred
Bath and North East Somerset,2020-09-25, 65,inferred
Bath and North East Somerset,2020-09-26, 65,inferred
Bath and North East Somerset,2020-09-27, 65,inferred
Bath and North East Somerset,2020-09-28, 65,inferred
Bath and North East Somerset,2020-09-29, 65,inferred
Bath and North East Somerset,2020-09-30,187,inferred
Bath and North East Somerset,2020-10-01,187,inferred
Bath and North East Somerset,2020-10-02,187,inferred
Bath and North East Somerset,2020-10-03,187,inferred
Bath and North East Somerset,2020-10-04,187,inferred
Bath and North East Somerset,2020-10-05,187,inferred
Bath and North East Somerset,2020-10-06,187,inferred
Bath and North East Somerset,2020-10-07,327,inferred
Bath and North East Somerset,2020-10-08,327,inferred
Bath and North East Somerset,2020-10-09,327,inferred
Bath and North East Somerset,2020-10-10,327,inferred
Bath and North East Somerset,2020-10-11,327,inferred
Bath and North East Somerset,2020-10-12,327,inferred
Bath and North East Somerset,2020-10-13,327,inferred
Bath and North East Somerset,2020-10-14,305,inferred
Bath and North East Somerset,2020-10-15,305,inferred
Bath and North East Somerset,2020-10-16,305,inferred
Bath and North East Somerset,2020-10-17,305,inferred
Bath and North East Somerset,2020-10-18,305,inferred
Bath and North East Somerset,2020-10-19,305,inferred
Bath and North East Somerset,2020-10-20,305,inferred
Bath and North East Somerset,2020-10-21,548,inferred
Bath and North East Somerset,2020-10-22,548,inferred
Bath and North East Somerset,2020-10-23,548,inferred
Bath and North East Somerset,2020-10-24,548,inferred
Bath and North East Somerset,2020-10-25,548,inferred
Bath and North East Somerset,2020-10-26,548,inferred
Bath and North East Somerset,2020-10-27,548,inferred
Bath and North East Somerset,2020-10-28,451,inferred
Bath and North East Somerset,2020-10-29,451,inferred
Bath and North East Somerset,2020-10-30,451,inferred
Bath and North East Somerset,2020-10-31,451,inferred
Bath and North East Somerset,2020-11-01,451,inferred
Bath and North East Somerset,2020-11-02,451,inferred
Bath and North East Somerset,2020-11-03,451,inferred
Bath and North East Somerset,2020-11-04,501,inferred
Bath and North East Somerset,2020-11-05,501,inferred
Bath and North East Somerset,2020-11-06,501,inferred
Bath and North East Somerset,2020-11-07,501,inferred
Bath and North East Somerset,2020-11-08,501,inferred
Bath and North East Somerset,2020-11-09,501,inferred
Bath and North East Somerset,2020-11-10,501,inferred
Bath and North East Somerset,2020-11-11,446,inferred
Bath and North East Somerset,2020-11-12,446,inferred
Bath and North East Somerset,2020-11-13,446,inferred
Bath and North East Somerset,2020-11-14,446,inferred
Bath and North East Somerset,2020-11-15,446,inferred
Bath and North East Somerset,2020-11-16,446,inferred
Bath and North East Somerset,2020-11-17,446,inferred
Bath and North East Somerset,2020-11-18,194,inferred
Bath and North East Somerset,2020-11-19,194,inferred
Bath and North East Somerset,2020-11-20,194,inferred
Bath and North East Somerset,2020-11-21,194,inferred
Bath and North East Somerset,2020-11-22,194,inferred
Bath and North East Somerset,2020-11-23,194,inferred
Bath and North East Somerset,2020-11-24,194,inferred
Bath and North East Somerset,2020-11-25,178,inferred
Bath and North East Somerset,2020-11-26,178,inferred
Bath and North East Somerset,2020-11-27,178,inferred
Bath and North East Somerset,2020-11-28,178,inferred
Bath and North East Somerset,2020-11-29,178,inferred
Bath and North East Somerset,2020-11-30,178,inferred
Bath and North East Somerset,2020-12-01,178,inferred
Bath and North East Somerset,2020-12-02,182,inferred
Bath and North East Somerset,2020-12-03,182,inferred
Bath and North East Somerset,2020-12-04,182,inferred
Bath and North East Somerset,2020-12-05,182,inferred
Bath and North East Somerset,2020-12-06,182,inferred
Bath and North East Somerset,2020-12-07,182,inferred
Bath and North East Somerset,2020-12-08,182,inferred
Bath and North East Somerset,2020-12-09,192,inferred
Bath and North East Somerset,2020-12-10,192,inferred
Bath and North East Somerset,2020-12-11,192,inferred
Bath and North East Somerset,2020-12-12,192,inferred
Bath and North East Somerset,2020-12-13,192,inferred
Bath and North East Somerset,2020-12-14,192,inferred
Bath and North East Somerset,2020-12-15,192,inferred
Bath and North East Somerset,2020-12-16,304,inferred
Bath and North East Somerset,2020-12-17,304,inferred
Bath and North East Somerset,2020-12-18,304,inferred
Bath and North East Somerset,2020-12-19,304,inferred
Bath and North East Somerset,2020-12-20,304,inferred
Bath and North East Somerset,2020-12-21,304,inferred
Bath and North East Somerset,2020-12-22,304,inferred
Bath and North East Somerset,2020-12-23,450,inferred
Bath and North East Somerset,2020-12-24,450,inferred
Bath and North East Somerset,2020-12-25,450,inferred
Bath and North East Somerset,2020-12-26,450,inferred
Bath and North East Somerset,2020-12-27,450,inferred
Bath and North East Somerset,2020-12-28,450,inferred
Bath and North East Somerset,2020-12-29,450,inferred
Bath and North East Somerset,2020-12-30,696,inferred
Bath and North East Somerset,2020-12-31,696,inferred
Bath and North East Somerset,2021-01-01,696,inferred
Bath and North East Somerset,2021-01-02,696,inferred
Bath and North East Somerset,2021-01-03,696,inferred
Bath and North East Somerset,2021-01-04,696,inferred
Bath and North East Somerset,2021-01-05,696,inferred
Bath and North East Somerset,2021-01-06,906,projected
Bath and North East Somerset,2021-01-07,906,projected
Bath and North East Somerset,2021-01-08,906,projected
Bath and North East Somerset,2021-01-09,906,projected
Bath and North East Somerset,2021-01-10,906,projected
Bath and North East Somerset,2021-01-11,906,projected
Bath and North East Somerset,2021-01-12,906,projected
Bath and North East Somerset,2021-01-13,1078,projected
Bath and North East Somerset,2021-01-14,1078,projected
Bath and North East Somerset,2021-01-15,1078,projected
Bath and North East Somerset,2021-01-16,1078,projected
Bath and North East Somerset,2021-01-17,1078,projected
Bath and North East Somerset,2021-01-18,1078,projected
Bath and North East Somerset,2021-01-19,1078,projected
Bath and North East Somerset,2021-01-20,1318,projected
Bath and North East Somerset,2021-01-21,1318,projected
Bath and North East Somerset,2021-01-22,1318,projected
Bath and North East Somerset,2021-01-23,1318,projected
Bath and North East Somerset,2021-01-24,1318,projected
Bath and North East Somerset,2021-01-25,1318,projected
Bath and North East Somerset,2021-01-26,1318,projected
Bedford,2020-09-23, 80,inferred
Bedford,2020-09-24, 80,inferred
Bedford,2020-09-25, 80,inferred
Bedford,2020-09-26, 80,inferred
Bedford,2020-09-27, 80,inferred
Bedford,2020-09-28, 80,inferred
Bedford,2020-09-29, 80,inferred
Bedford,2020-09-30,131,inferred
Bedford,2020-10-01,131,inferred
Bedford,2020-10-02,131,inferred
Bedford,2020-10-03,131,inferred
Bedford,2020-10-04,131,inferred
Bedford,2020-10-05,131,inferred
Bedford,2020-10-06,131,inferred
Bedford,2020-10-07,113,inferred
Bedford,2020-10-08,113,inferred
Bedford,2020-10-09,113,inferred
Bedford,2020-10-10,113,inferred
Bedford,2020-10-11,113,inferred
Bedford,2020-10-12,113,inferred
Bedford,2020-10-13,113,inferred
Bedford,2020-10-14,149,inferred
Bedford,2020-10-15,149,inferred
Bedford,2020-10-16,149,inferred
Bedford,2020-10-17,149,inferred
Bedford,2020-10-18,149,inferred
Bedford,2020-10-19,149,inferred
Bedford,2020-10-20,149,inferred
Bedford,2020-10-21,172,inferred
Bedford,2020-10-22,172,inferred
Bedford,2020-10-23,172,inferred
Bedford,2020-10-24,172,inferred
Bedford,2020-10-25,172,inferred
Bedford,2020-10-26,172,inferred
Bedford,2020-10-27,172,inferred
Bedford,2020-10-28,212,inferred
Bedford,2020-10-29,212,inferred
Bedford,2020-10-30,212,inferred
Bedford,2020-10-31,212,inferred
Bedford,2020-11-01,212,inferred
Bedford,2020-11-02,212,inferred
Bedford,2020-11-03,212,inferred
Bedford,2020-11-04,228,inferred
Bedford,2020-11-05,228,inferred
Bedford,2020-11-06,228,inferred
Bedford,2020-11-07,228,inferred
Bedford,2020-11-08,228,inferred
Bedford,2020-11-09,228,inferred
Bedford,2020-11-10,228,inferred
Bedford,2020-11-11,295,inferred
Bedford,2020-11-12,295,inferred
Bedford,2020-11-13,295,inferred
Bedford,2020-11-14,295,inferred
Bedford,2020-11-15,295,inferred
Bedford,2020-11-16,295,inferred
Bedford,2020-11-17,295,inferred
Bedford,2020-11-18,207,inferred
Bedford,2020-11-19,207,inferred
Bedford,2020-11-20,207,inferred
Bedford,2020-11-21,207,inferred
Bedford,2020-11-22,207,inferred
Bedford,2020-11-23,207,inferred
Bedford,2020-11-24,207,inferred
Bedford,2020-11-25,184,inferred
Bedford,2020-11-26,184,inferred
Bedford,2020-11-27,184,inferred
Bedford,2020-11-28,184,inferred
Bedford,2020-11-29,184,inferred
Bedford,2020-11-30,184,inferred
Bedford,2020-12-01,184,inferred
Bedford,2020-12-02,261,inferred
Bedford,2020-12-03,261,inferred
Bedford,2020-12-04,261,inferred
Bedford,2020-12-05,261,inferred
Bedford,2020-12-06,261,inferred
Bedford,2020-12-07,261,inferred
Bedford,2020-12-08,261,inferred
Bedford,2020-12-09,601,inferred
Bedford,2020-12-10,601,inferred
Bedford,2020-12-11,601,inferred
Bedford,2020-12-12,601,inferred
Bedford,2020-12-13,601,inferred
Bedford,2020-12-14,601,inferred
Bedford,2020-12-15,601,inferred
Bedford,2020-12-16,985,inferred
Bedford,2020-12-17,985,inferred
Bedford,2020-12-18,985,inferred
Bedford,2020-12-19,985,inferred
Bedford,2020-12-20,985,inferred
Bedford,2020-12-21,985,inferred
Bedford,2020-12-22,985,inferred
Bedford,2020-12-23,1308,inferred
Bedford,2020-12-24,1308,inferred
Bedford,2020-12-25,1308,inferred
Bedford,2020-12-26,1308,inferred
Bedford,2020-12-27,1308,inferred
Bedford,2020-12-28,1308,inferred
Bedford,2020-12-29,1308,inferred
Bedford,2020-12-30,1687,inferred
Bedford,2020-12-31,1687,inferred
Bedford,2021-01-01,1687,inferred
Bedford,2021-01-02,1687,inferred
Bedford,2021-01-03,1687,inferred
Bedford,2021-01-04,1687,inferred
Bedford,2021-01-05,1687,inferred
Bedford,2021-01-06,1739,projected
Bedford,2021-01-07,1739,projected
Bedford,2021-01-08,1739,projected
Bedford,2021-01-09,1739,projected
Bedford,2021-01-10,1739,projected
Bedford,2021-01-11,1739,projected
Bedford,2021-01-12,1739,projected
Bedford,2021-01-13,1760,projected
Bedford,2021-01-14,1760,projected
Bedford,2021-01-15,1760,projected
Bedford,2021-01-16,1760,projected
Bedford,2021-01-17,1760,projected
Bedford,2021-01-18,1760,projected
Bedford,2021-01-19,1760,projected
Bedford,2021-01-20,1730,projected
Bedford,2021-01-21,1730,projected
Bedford,2021-01-22,1730,projected
Bedford,2021-01-23,1730,projected
Bedford,2021-01-24,1730,projected
Bedford,2021-01-25,1730,projected
Bedford,2021-01-26,1730,projected
Bexley,2020-09-23, 73,inferred
Bexley,2020-09-24, 73,inferred
Bexley,2020-09-25, 73,inferred
Bexley,2020-09-26, 73,inferred
Bexley,2020-09-27, 73,inferred
Bexley,2020-09-28, 73,inferred
Bexley,2020-09-29, 73,inferred
Bexley,2020-09-30,138,inferred
Bexley,2020-10-01,138,inferred
Bexley,2020-10-02,138,inferred
Bexley,2020-10-03,138,inferred
Bexley,2020-10-04,138,inferred
Bexley,2020-10-05,138,inferred
Bexley,2020-10-06,138,inferred
Bexley,2020-10-07,167,inferred
Bexley,2020-10-08,167,inferred
Bexley,2020-10-09,167,inferred
Bexley,2020-10-10,167,inferred
Bexley,2020-10-11,167,inferred
Bexley,2020-10-12,167,inferred
Bexley,2020-10-13,167,inferred
Bexley,2020-10-14,235,inferred
Bexley,2020-10-15,235,inferred
Bexley,2020-10-16,235,inferred
Bexley,2020-10-17,235,inferred
Bexley,2020-10-18,235,inferred
Bexley,2020-10-19,235,inferred
Bexley,2020-10-20,235,inferred
Bexley,2020-10-21,338,inferred
Bexley,2020-10-22,338,inferred
Bexley,2020-10-23,338,inferred
Bexley,2020-10-24,338,inferred
Bexley,2020-10-25,338,inferred
Bexley,2020-10-26,338,inferred
Bexley,2020-10-27,338,inferred
Bexley,2020-10-28,436,inferred
Bexley,2020-10-29,436,inferred
Bexley,2020-10-30,436,inferred
Bexley,2020-10-31,436,inferred
Bexley,2020-11-01,436,inferred
Bexley,2020-11-02,436,inferred
Bexley,2020-11-03,436,inferred
Bexley,2020-11-04,603,inferred
Bexley,2020-11-05,603,inferred
Bexley,2020-11-06,603,inferred
Bexley,2020-11-07,603,inferred
Bexley,2020-11-08,603,inferred
Bexley,2020-11-09,603,inferred
Bexley,2020-11-10,603,inferred
Bexley,2020-11-11,697,inferred
Bexley,2020-11-12,697,inferred
Bexley,2020-11-13,697,inferred
Bexley,2020-11-14,697,inferred
Bexley,2020-11-15,697,inferred
Bexley,2020-11-16,697,inferred
Bexley,2020-11-17,697,inferred
Bexley,2020-11-18,527,inferred
Bexley,2020-11-19,527,inferred
Bexley,2020-11-20,527,inferred
Bexley,2020-11-21,527,inferred
Bexley,2020-11-22,527,inferred
Bexley,2020-11-23,527,inferred
Bexley,2020-11-24,527,inferred
Bexley,2020-11-25,572,inferred
Bexley,2020-11-26,572,inferred
Bexley,2020-11-27,572,inferred
Bexley,2020-11-28,572,inferred
Bexley,2020-11-29,572,inferred
Bexley,2020-11-30,572,inferred
Bexley,2020-12-01,572,inferred
Bexley,2020-12-02,728,inferred
Bexley,2020-12-03,728,inferred
Bexley,2020-12-04,728,inferred
Bexley,2020-12-05,728,inferred
Bexley,2020-12-06,728,inferred
Bexley,2020-12-07,728,inferred
Bexley,2020-12-08,728,inferred
Bexley,2020-12-09,1599,inferred
Bexley,2020-12-10,1599,inferred
Bexley,2020-12-11,1599,inferred
Bexley,2020-12-12,1599,inferred
Bexley,2020-12-13,1599,inferred
Bexley,2020-12-14,1599,inferred
Bexley,2020-12-15,1599,inferred
Bexley,2020-12-16,2851,inferred
Bexley,2020-12-17,2851,inferred
Bexley,2020-12-18,2851,inferred
Bexley,2020-12-19,2851,inferred
Bexley,2020-12-20,2851,inferred
Bexley,2020-12-21,2851,inferred
Bexley,2020-12-22,2851,inferred
Bexley,2020-12-23,2751,inferred
Bexley,2020-12-24,2751,inferred
Bexley,2020-12-25,2751,inferred
Bexley,2020-12-26,2751,inferred
Bexley,2020-12-27,2751,inferred
Bexley,2020-12-28,2751,inferred
Bexley,2020-12-29,2751,inferred
Bexley,2020-12-30,3110,inferred
Bexley,2020-12-31,3110,inferred
Bexley,2021-01-01,3110,inferred
Bexley,2021-01-02,3110,inferred
Bexley,2021-01-03,3110,inferred
Bexley,2021-01-04,3110,inferred
Bexley,2021-01-05,3110,inferred
Bexley,2021-01-06,2493,projected
Bexley,2021-01-07,2493,projected
Bexley,2021-01-08,2493,projected
Bexley,2021-01-09,2493,projected
Bexley,2021-01-10,2493,projected
Bexley,2021-01-11,2493,projected
Bexley,2021-01-12,2493,projected
Bexley,2021-01-13,2018,projected
Bexley,2021-01-14,2018,projected
Bexley,2021-01-15,2018,projected
Bexley,2021-01-16,2018,projected
Bexley,2021-01-17,2018,projected
Bexley,2021-01-18,2018,projected
Bexley,2021-01-19,2018,projected
Bexley,2021-01-20,1639,projected
Bexley,2021-01-21,1639,projected
Bexley,2021-01-22,1639,projected
Bexley,2021-01-23,1639,projected
Bexley,2021-01-24,1639,projected
Bexley,2021-01-25,1639,projected
Bexley,2021-01-26,1639,projected
Birmingham,2020-09-23,1773,inferred
Birmingham,2020-09-24,1773,inferred
Birmingham,2020-09-25,1773,inferred
Birmingham,2020-09-26,1773,inferred
Birmingham,2020-09-27,1773,inferred
Birmingham,2020-09-28,1773,inferred
Birmingham,2020-09-29,1773,inferred
Birmingham,2020-09-30,2380,inferred
Birmingham,2020-10-01,2380,inferred
Birmingham,2020-10-02,2380,inferred
Birmingham,2020-10-03,2380,inferred
Birmingham,2020-10-04,2380,inferred
Birmingham,2020-10-05,2380,inferred
Birmingham,2020-10-06,2380,inferred
Birmingham,2020-10-07,2606,inferred
Birmingham,2020-10-08,2606,inferred
Birmingham,2020-10-09,2606,inferred
Birmingham,2020-10-10,2606,inferred
Birmingham,2020-10-11,2606,inferred
Birmingham,2020-10-12,2606,inferred
Birmingham,2020-10-13,2606,inferred
Birmingham,2020-10-14,2992,inferred
Birmingham,2020-10-15,2992,inferred
Birmingham,2020-10-16,2992,inferred
Birmingham,2020-10-17,2992,inferred
Birmingham,2020-10-18,2992,inferred
Birmingham,2020-10-19,2992,inferred
Birmingham,2020-10-20,2992,inferred
Birmingham,2020-10-21,3140,inferred
Birmingham,2020-10-22,3140,inferred
Birmingham,2020-10-23,3140,inferred
Birmingham,2020-10-24,3140,inferred
Birmingham,2020-10-25,3140,inferred
Birmingham,2020-10-26,3140,inferred
Birmingham,2020-10-27,3140,inferred
Birmingham,2020-10-28,3681,inferred
Birmingham,2020-10-29,3681,inferred
Birmingham,2020-10-30,3681,inferred
Birmingham,2020-10-31,3681,inferred
Birmingham,2020-11-01,3681,inferred
Birmingham,2020-11-02,3681,inferred
Birmingham,2020-11-03,3681,inferred
Birmingham,2020-11-04,4165,inferred
Birmingham,2020-11-05,4165,inferred
Birmingham,2020-11-06,4165,inferred
Birmingham,2020-11-07,4165,inferred
Birmingham,2020-11-08,4165,inferred
Birmingham,2020-11-09,4165,inferred
Birmingham,2020-11-10,4165,inferred
Birmingham,2020-11-11,4290,inferred
Birmingham,2020-11-12,4290,inferred
Birmingham,2020-11-13,4290,inferred
Birmingham,2020-11-14,4290,inferred
Birmingham,2020-11-15,4290,inferred
Birmingham,2020-11-16,4290,inferred
Birmingham,2020-11-17,4290,inferred
Birmingham,2020-11-18,3395,inferred
Birmingham,2020-11-19,3395,inferred
Birmingham,2020-11-20,3395,inferred
Birmingham,2020-11-21,3395,inferred
Birmingham,2020-11-22,3395,inferred
Birmingham,2020-11-23,3395,inferred
Birmingham,2020-11-24,3395,inferred
Birmingham,2020-11-25,2256,inferred
Birmingham,2020-11-26,2256,inferred
Birmingham,2020-11-27,2256,inferred
Birmingham,2020-11-28,2256,inferred
Birmingham,2020-11-29,2256,inferred
Birmingham,2020-11-30,2256,inferred
Birmingham,2020-12-01,2256,inferred
Birmingham,2020-12-02,2285,inferred
Birmingham,2020-12-03,2285,inferred
Birmingham,2020-12-04,2285,inferred
Birmingham,2020-12-05,2285,inferred
Birmingham,2020-12-06,2285,inferred
Birmingham,2020-12-07,2285,inferred
Birmingham,2020-12-08,2285,inferred
Birmingham,2020-12-09,2758,inferred
Birmingham,2020-12-10,2758,inferred
Birmingham,2020-12-11,2758,inferred
Birmingham,2020-12-12,2758,inferred
Birmingham,2020-12-13,2758,inferred
Birmingham,2020-12-14,2758,inferred
Birmingham,2020-12-15,2758,inferred
Birmingham,2020-12-16,3604,inferred
Birmingham,2020-12-17,3604,inferred
Birmingham,2020-12-18,3604,inferred
Birmingham,2020-12-19,3604,inferred
Birmingham,2020-12-20,3604,inferred
Birmingham,2020-12-21,3604,inferred
Birmingham,2020-12-22,3604,inferred
Birmingham,2020-12-23,4919,inferred
Birmingham,2020-12-24,4919,inferred
Birmingham,2020-12-25,4919,inferred
Birmingham,2020-12-26,4919,inferred
Birmingham,2020-12-27,4919,inferred
Birmingham,2020-12-28,4919,inferred
Birmingham,2020-12-29,4919,inferred
Birmingham,2020-12-30,8546,inferred
Birmingham,2020-12-31,8546,inferred
Birmingham,2021-01-01,8546,inferred
Birmingham,2021-01-02,8546,inferred
Birmingham,2021-01-03,8546,inferred
Birmingham,2021-01-04,8546,inferred
Birmingham,2021-01-05,8546,inferred
Birmingham,2021-01-06,8097,projected
Birmingham,2021-01-07,8097,projected
Birmingham,2021-01-08,8097,projected
Birmingham,2021-01-09,8097,projected
Birmingham,2021-01-10,8097,projected
Birmingham,2021-01-11,8097,projected
Birmingham,2021-01-12,8097,projected
Birmingham,2021-01-13,7417,projected
Birmingham,2021-01-14,7417,projected
Birmingham,2021-01-15,7417,projected
Birmingham,2021-01-16,7417,projected
Birmingham,2021-01-17,7417,projected
Birmingham,2021-01-18,7417,projected
Birmingham,2021-01-19,7417,projected
Birmingham,2021-01-20,7063,projected
Birmingham,2021-01-21,7063,projected
Birmingham,2021-01-22,7063,projected
Birmingham,2021-01-23,7063,projected
Birmingham,2021-01-24,7063,projected
Birmingham,2021-01-25,7063,projected
Birmingham,2021-01-26,7063,projected
Blaby,2020-09-23, 57,inferred
Blaby,2020-09-24, 57,inferred
Blaby,2020-09-25, 57,inferred
Blaby,2020-09-26, 57,inferred
Blaby,2020-09-27, 57,inferred
Blaby,2020-09-28, 57,inferred
Blaby,2020-09-29, 57,inferred
Blaby,2020-09-30,106,inferred
Blaby,2020-10-01,106,inferred
Blaby,2020-10-02,106,inferred
Blaby,2020-10-03,106,inferred
Blaby,2020-10-04,106,inferred
Blaby,2020-10-05,106,inferred
Blaby,2020-10-06,106,inferred
Blaby,2020-10-07,151,inferred
Blaby,2020-10-08,151,inferred
Blaby,2020-10-09,151,inferred
Blaby,2020-10-10,151,inferred
Blaby,2020-10-11,151,inferred
Blaby,2020-10-12,151,inferred
Blaby,2020-10-13,151,inferred
Blaby,2020-10-14,161,inferred
Blaby,2020-10-15,161,inferred
Blaby,2020-10-16,161,inferred
Blaby,2020-10-17,161,inferred
Blaby,2020-10-18,161,inferred
Blaby,2020-10-19,161,inferred
Blaby,2020-10-20,161,inferred
Blaby,2020-10-21,312,inferred
Blaby,2020-10-22,312,inferred
Blaby,2020-10-23,312,inferred
Blaby,2020-10-24,312,inferred
Blaby,2020-10-25,312,inferred
Blaby,2020-10-26,312,inferred
Blaby,2020-10-27,312,inferred
Blaby,2020-10-28,305,inferred
Blaby,2020-10-29,305,inferred
Blaby,2020-10-30,305,inferred
Blaby,2020-10-31,305,inferred
Blaby,2020-11-01,305,inferred
Blaby,2020-11-02,305,inferred
Blaby,2020-11-03,305,inferred
Blaby,2020-11-04,402,inferred
Blaby,2020-11-05,402,inferred
Blaby,2020-11-06,402,inferred
Blaby,2020-11-07,402,inferred
Blaby,2020-11-08,402,inferred
Blaby,2020-11-09,402,inferred
Blaby,2020-11-10,402,inferred
Blaby,2020-11-11,456,inferred
Blaby,2020-11-12,456,inferred
Blaby,2020-11-13,456,inferred
Blaby,2020-11-14,456,inferred
Blaby,2020-11-15,456,inferred
Blaby,2020-11-16,456,inferred
Blaby,2020-11-17,456,inferred
Blaby,2020-11-18,270,inferred
Blaby,2020-11-19,270,inferred
Blaby,2020-11-20,270,inferred
Blaby,2020-11-21,270,inferred
Blaby,2020-11-22,270,inferred
Blaby,2020-11-23,270,inferred
Blaby,2020-11-24,270,inferred
Blaby,2020-11-25,195,inferred
Blaby,2020-11-26,195,inferred
Blaby,2020-11-27,195,inferred
Blaby,2020-11-28,195,inferred
Blaby,2020-11-29,195,inferred
Blaby,2020-11-30,195,inferred
Blaby,2020-12-01,195,inferred
Blaby,2020-12-02,219,inferred
Blaby,2020-12-03,219,inferred
Blaby,2020-12-04,219,inferred
Blaby,2020-12-05,219,inferred
Blaby,2020-12-06,219,inferred
Blaby,2020-12-07,219,inferred
Blaby,2020-12-08,219,inferred
Blaby,2020-12-09,223,inferred
Blaby,2020-12-10,223,inferred
Blaby,2020-12-11,223,inferred
Blaby,2020-12-12,223,inferred
Blaby,2020-12-13,223,inferred
Blaby,2020-12-14,223,inferred
Blaby,2020-12-15,223,inferred
Blaby,2020-12-16,239,inferred
Blaby,2020-12-17,239,inferred
Blaby,2020-12-18,239,inferred
Blaby,2020-12-19,239,inferred
Blaby,2020-12-20,239,inferred
Blaby,2020-12-21,239,inferred
Blaby,2020-12-22,239,inferred
Blaby,2020-12-23,297,inferred
Blaby,2020-12-24,297,inferred
Blaby,2020-12-25,297,inferred
Blaby,2020-12-26,297,inferred
Blaby,2020-12-27,297,inferred
Blaby,2020-12-28,297,inferred
Blaby,2020-12-29,297,inferred
Blaby,2020-12-30,479,inferred
Blaby,2020-12-31,479,inferred
Blaby,2021-01-01,479,inferred
Blaby,2021-01-02,479,inferred
Blaby,2021-01-03,479,inferred
Blaby,2021-01-04,479,inferred
Blaby,2021-01-05,479,inferred
Blaby,2021-01-06,463,projected
Blaby,2021-01-07,463,projected
Blaby,2021-01-08,463,projected
Blaby,2021-01-09,463,projected
Blaby,2021-01-10,463,projected
Blaby,2021-01-11,463,projected
Blaby,2021-01-12,463,projected
Blaby,2021-01-13,420,projected
Blaby,2021-01-14,420,projected
Blaby,2021-01-15,420,projected
Blaby,2021-01-16,420,projected
Blaby,2021-01-17,420,projected
Blaby,2021-01-18,420,projected
Blaby,2021-01-19,420,projected
Blaby,2021-01-20,406,projected
Blaby,2021-01-21,406,projected
Blaby,2021-01-22,406,projected
Blaby,2021-01-23,406,projected
Blaby,2021-01-24,406,projected
Blaby,2021-01-25,406,projected
Blaby,2021-01-26,406,projected
Blackburn with Darwen,2020-09-23,300,inferred
Blackburn with Darwen,2020-09-24,300,inferred
Blackburn with Darwen,2020-09-25,300,inferred
Blackburn with Darwen,2020-09-26,300,inferred
Blackburn with Darwen,2020-09-27,300,inferred
Blackburn with Darwen,2020-09-28,300,inferred
Blackburn with Darwen,2020-09-29,300,inferred
Blackburn with Darwen,2020-09-30,476,inferred
Blackburn with Darwen,2020-10-01,476,inferred
Blackburn with Darwen,2020-10-02,476,inferred
Blackburn with Darwen,2020-10-03,476,inferred
Blackburn with Darwen,2020-10-04,476,inferred
Blackburn with Darwen,2020-10-05,476,inferred
Blackburn with Darwen,2020-10-06,476,inferred
Blackburn with Darwen,2020-10-07,679,inferred
Blackburn with Darwen,2020-10-08,679,inferred
Blackburn with Darwen,2020-10-09,679,inferred
Blackburn with Darwen,2020-10-10,679,inferred
Blackburn with Darwen,2020-10-11,679,inferred
Blackburn with Darwen,2020-10-12,679,inferred
Blackburn with Darwen,2020-10-13,679,inferred
Blackburn with Darwen,2020-10-14,1029,inferred
Blackburn with Darwen,2020-10-15,1029,inferred
Blackburn with Darwen,2020-10-16,1029,inferred
Blackburn with Darwen,2020-10-17,1029,inferred
Blackburn with Darwen,2020-10-18,1029,inferred
Blackburn with Darwen,2020-10-19,1029,inferred
Blackburn with Darwen,2020-10-20,1029,inferred
Blackburn with Darwen,2020-10-21,1142,inferred
Blackburn with Darwen,2020-10-22,1142,inferred
Blackburn with Darwen,2020-10-23,1142,inferred
Blackburn with Darwen,2020-10-24,1142,inferred
Blackburn with Darwen,2020-10-25,1142,inferred
Blackburn with Darwen,2020-10-26,1142,inferred
Blackburn with Darwen,2020-10-27,1142,inferred
Blackburn with Darwen,2020-10-28,1122,inferred
Blackburn with Darwen,2020-10-29,1122,inferred
Blackburn with Darwen,2020-10-30,1122,inferred
Blackburn with Darwen,2020-10-31,1122,inferred
Blackburn with Darwen,2020-11-01,1122,inferred
Blackburn with Darwen,2020-11-02,1122,inferred
Blackburn with Darwen,2020-11-03,1122,inferred
Blackburn with Darwen,2020-11-04,962,inferred
Blackburn with Darwen,2020-11-05,962,inferred
Blackburn with Darwen,2020-11-06,962,inferred
Blackburn with Darwen,2020-11-07,962,inferred
Blackburn with Darwen,2020-11-08,962,inferred
Blackburn with Darwen,2020-11-09,962,inferred
Blackburn with Darwen,2020-11-10,962,inferred
Blackburn with Darwen,2020-11-11,688,inferred
Blackburn with Darwen,2020-11-12,688,inferred
Blackburn with Darwen,2020-11-13,688,inferred
Blackburn with Darwen,2020-11-14,688,inferred
Blackburn with Darwen,2020-11-15,688,inferred
Blackburn with Darwen,2020-11-16,688,inferred
Blackburn with Darwen,2020-11-17,688,inferred
Blackburn with Darwen,2020-11-18,437,inferred
Blackburn with Darwen,2020-11-19,437,inferred
Blackburn with Darwen,2020-11-20,437,inferred
Blackburn with Darwen,2020-11-21,437,inferred
Blackburn with Darwen,2020-11-22,437,inferred
Blackburn with Darwen,2020-11-23,437,inferred
Blackburn with Darwen,2020-11-24,437,inferred
Blackburn with Darwen,2020-11-25,454,inferred
Blackburn with Darwen,2020-11-26,454,inferred
Blackburn with Darwen,2020-11-27,454,inferred
Blackburn with Darwen,2020-11-28,454,inferred
Blackburn with Darwen,2020-11-29,454,inferred
Blackburn with Darwen,2020-11-30,454,inferred
Blackburn with Darwen,2020-12-01,454,inferred
Blackburn with Darwen,2020-12-02,385,inferred
Blackburn with Darwen,2020-12-03,385,inferred
Blackburn with Darwen,2020-12-04,385,inferred
Blackburn with Darwen,2020-12-05,385,inferred
Blackburn with Darwen,2020-12-06,385,inferred
Blackburn with Darwen,2020-12-07,385,inferred
Blackburn with Darwen,2020-12-08,385,inferred
Blackburn with Darwen,2020-12-09,376,inferred
Blackburn with Darwen,2020-12-10,376,inferred
Blackburn with Darwen,2020-12-11,376,inferred
Blackburn with Darwen,2020-12-12,376,inferred
Blackburn with Darwen,2020-12-13,376,inferred
Blackburn with Darwen,2020-12-14,376,inferred
Blackburn with Darwen,2020-12-15,376,inferred
Blackburn with Darwen,2020-12-16,493,inferred
Blackburn with Darwen,2020-12-17,493,inferred
Blackburn with Darwen,2020-12-18,493,inferred
Blackburn with Darwen,2020-12-19,493,inferred
Blackburn with Darwen,2020-12-20,493,inferred
Blackburn with Darwen,2020-12-21,493,inferred
Blackburn with Darwen,2020-12-22,493,inferred
Blackburn with Darwen,2020-12-23,678,inferred
Blackburn with Darwen,2020-12-24,678,inferred
Blackburn with Darwen,2020-12-25,678,inferred
Blackburn with Darwen,2020-12-26,678,inferred
Blackburn with Darwen,2020-12-27,678,inferred
Blackburn with Darwen,2020-12-28,678,inferred
Blackburn with Darwen,2020-12-29,678,inferred
Blackburn with Darwen,2020-12-30,1119,inferred
Blackburn with Darwen,2020-12-31,1119,inferred
Blackburn with Darwen,2021-01-01,1119,inferred
Blackburn with Darwen,2021-01-02,1119,inferred
Blackburn with Darwen,2021-01-03,1119,inferred
Blackburn with Darwen,2021-01-04,1119,inferred
Blackburn with Darwen,2021-01-05,1119,inferred
Blackburn with Darwen,2021-01-06,1338,projected
Blackburn with Darwen,2021-01-07,1338,projected
Blackburn with Darwen,2021-01-08,1338,projected
Blackburn with Darwen,2021-01-09,1338,projected
Blackburn with Darwen,2021-01-10,1338,projected
Blackburn with Darwen,2021-01-11,1338,projected
Blackburn with Darwen,2021-01-12,1338,projected
Blackburn with Darwen,2021-01-13,1499,projected
Blackburn with Darwen,2021-01-14,1499,projected
Blackburn with Darwen,2021-01-15,1499,projected
Blackburn with Darwen,2021-01-16,1499,projected
Blackburn with Darwen,2021-01-17,1499,projected
Blackburn with Darwen,2021-01-18,1499,projected
Blackburn with Darwen,2021-01-19,1499,projected
Blackburn with Darwen,2021-01-20,1721,projected
Blackburn with Darwen,2021-01-21,1721,projected
Blackburn with Darwen,2021-01-22,1721,projected
Blackburn with Darwen,2021-01-23,1721,projected
Blackburn with Darwen,2021-01-24,1721,projected
Blackburn with Darwen,2021-01-25,1721,projected
Blackburn with Darwen,2021-01-26,1721,projected
Blackpool,2020-09-23,159,inferred
Blackpool,2020-09-24,159,inferred
Blackpool,2020-09-25,159,inferred
Blackpool,2020-09-26,159,inferred
Blackpool,2020-09-27,159,inferred
Blackpool,2020-09-28,159,inferred
Blackpool,2020-09-29,159,inferred
Blackpool,2020-09-30,279,inferred
Blackpool,2020-10-01,279,inferred
Blackpool,2020-10-02,279,inferred
Blackpool,2020-10-03,279,inferred
Blackpool,2020-10-04,279,inferred
Blackpool,2020-10-05,279,inferred
Blackpool,2020-10-06,279,inferred
Blackpool,2020-10-07,458,inferred
Blackpool,2020-10-08,458,inferred
Blackpool,2020-10-09,458,inferred
Blackpool,2020-10-10,458,inferred
Blackpool,2020-10-11,458,inferred
Blackpool,2020-10-12,458,inferred
Blackpool,2020-10-13,458,inferred
Blackpool,2020-10-14,718,inferred
Blackpool,2020-10-15,718,inferred
Blackpool,2020-10-16,718,inferred
Blackpool,2020-10-17,718,inferred
Blackpool,2020-10-18,718,inferred
Blackpool,2020-10-19,718,inferred
Blackpool,2020-10-20,718,inferred
Blackpool,2020-10-21,641,inferred
Blackpool,2020-10-22,641,inferred
Blackpool,2020-10-23,641,inferred
Blackpool,2020-10-24,641,inferred
Blackpool,2020-10-25,641,inferred
Blackpool,2020-10-26,641,inferred
Blackpool,2020-10-27,641,inferred
Blackpool,2020-10-28,506,inferred
Blackpool,2020-10-29,506,inferred
Blackpool,2020-10-30,506,inferred
Blackpool,2020-10-31,506,inferred
Blackpool,2020-11-01,506,inferred
Blackpool,2020-11-02,506,inferred
Blackpool,2020-11-03,506,inferred
Blackpool,2020-11-04,427,inferred
Blackpool,2020-11-05,427,inferred
Blackpool,2020-11-06,427,inferred
Blackpool,2020-11-07,427,inferred
Blackpool,2020-11-08,427,inferred
Blackpool,2020-11-09,427,inferred
Blackpool,2020-11-10,427,inferred
Blackpool,2020-11-11,371,inferred
Blackpool,2020-11-12,371,inferred
Blackpool,2020-11-13,371,inferred
Blackpool,2020-11-14,371,inferred
Blackpool,2020-11-15,371,inferred
Blackpool,2020-11-16,371,inferred
Blackpool,2020-11-17,371,inferred
Blackpool,2020-11-18,244,inferred
Blackpool,2020-11-19,244,inferred
Blackpool,2020-11-20,244,inferred
Blackpool,2020-11-21,244,inferred
Blackpool,2020-11-22,244,inferred
Blackpool,2020-11-23,244,inferred
Blackpool,2020-11-24,244,inferred
Blackpool,2020-11-25,203,inferred
Blackpool,2020-11-26,203,inferred
Blackpool,2020-11-27,203,inferred
Blackpool,2020-11-28,203,inferred
Blackpool,2020-11-29,203,inferred
Blackpool,2020-11-30,203,inferred
Blackpool,2020-12-01,203,inferred
Blackpool,2020-12-02,211,inferred
Blackpool,2020-12-03,211,inferred
Blackpool,2020-12-04,211,inferred
Blackpool,2020-12-05,211,inferred
Blackpool,2020-12-06,211,inferred
Blackpool,2020-12-07,211,inferred
Blackpool,2020-12-08,211,inferred
Blackpool,2020-12-09,233,inferred
Blackpool,2020-12-10,233,inferred
Blackpool,2020-12-11,233,inferred
Blackpool,2020-12-12,233,inferred
Blackpool,2020-12-13,233,inferred
Blackpool,2020-12-14,233,inferred
Blackpool,2020-12-15,233,inferred
Blackpool,2020-12-16,231,inferred
Blackpool,2020-12-17,231,inferred
Blackpool,2020-12-18,231,inferred
Blackpool,2020-12-19,231,inferred
Blackpool,2020-12-20,231,inferred
Blackpool,2020-12-21,231,inferred
Blackpool,2020-12-22,231,inferred
Blackpool,2020-12-23,310,inferred
Blackpool,2020-12-24,310,inferred
Blackpool,2020-12-25,310,inferred
Blackpool,2020-12-26,310,inferred
Blackpool,2020-12-27,310,inferred
Blackpool,2020-12-28,310,inferred
Blackpool,2020-12-29,310,inferred
Blackpool,2020-12-30,425,inferred
Blackpool,2020-12-31,425,inferred
Blackpool,2021-01-01,425,inferred
Blackpool,2021-01-02,425,inferred
Blackpool,2021-01-03,425,inferred
Blackpool,2021-01-04,425,inferred
Blackpool,2021-01-05,425,inferred
Blackpool,2021-01-06,459,projected
Blackpool,2021-01-07,459,projected
Blackpool,2021-01-08,459,projected
Blackpool,2021-01-09,459,projected
Blackpool,2021-01-10,459,projected
Blackpool,2021-01-11,459,projected
Blackpool,2021-01-12,459,projected
Blackpool,2021-01-13,520,projected
Blackpool,2021-01-14,520,projected
Blackpool,2021-01-15,520,projected
Blackpool,2021-01-16,520,projected
Blackpool,2021-01-17,520,projected
Blackpool,2021-01-18,520,projected
Blackpool,2021-01-19,520,projected
Blackpool,2021-01-20,565,projected
Blackpool,2021-01-21,565,projected
Blackpool,2021-01-22,565,projected
Blackpool,2021-01-23,565,projected
Blackpool,2021-01-24,565,projected
Blackpool,2021-01-25,565,projected
Blackpool,2021-01-26,565,projected
Blaenau Gwent,2020-09-23,165,inferred
Blaenau Gwent,2020-09-24,165,inferred
Blaenau Gwent,2020-09-25,165,inferred
Blaenau Gwent,2020-09-26,165,inferred
Blaenau Gwent,2020-09-27,165,inferred
Blaenau Gwent,2020-09-28,165,inferred
Blaenau Gwent,2020-09-29,165,inferred
Blaenau Gwent,2020-09-30, 74,inferred
Blaenau Gwent,2020-10-01, 74,inferred
Blaenau Gwent,2020-10-02, 74,inferred
Blaenau Gwent,2020-10-03, 74,inferred
Blaenau Gwent,2020-10-04, 74,inferred
Blaenau Gwent,2020-10-05, 74,inferred
Blaenau Gwent,2020-10-06, 74,inferred
Blaenau Gwent,2020-10-07,129,inferred
Blaenau Gwent,2020-10-08,129,inferred
Blaenau Gwent,2020-10-09,129,inferred
Blaenau Gwent,2020-10-10,129,inferred
Blaenau Gwent,2020-10-11,129,inferred
Blaenau Gwent,2020-10-12,129,inferred
Blaenau Gwent,2020-10-13,129,inferred
Blaenau Gwent,2020-10-14,175,inferred
Blaenau Gwent,2020-10-15,175,inferred
Blaenau Gwent,2020-10-16,175,inferred
Blaenau Gwent,2020-10-17,175,inferred
Blaenau Gwent,2020-10-18,175,inferred
Blaenau Gwent,2020-10-19,175,inferred
Blaenau Gwent,2020-10-20,175,inferred
Blaenau Gwent,2020-10-21,324,inferred
Blaenau Gwent,2020-10-22,324,inferred
Blaenau Gwent,2020-10-23,324,inferred
Blaenau Gwent,2020-10-24,324,inferred
Blaenau Gwent,2020-10-25,324,inferred
Blaenau Gwent,2020-10-26,324,inferred
Blaenau Gwent,2020-10-27,324,inferred
Blaenau Gwent,2020-10-28,360,inferred
Blaenau Gwent,2020-10-29,360,inferred
Blaenau Gwent,2020-10-30,360,inferred
Blaenau Gwent,2020-10-31,360,inferred
Blaenau Gwent,2020-11-01,360,inferred
Blaenau Gwent,2020-11-02,360,inferred
Blaenau Gwent,2020-11-03,360,inferred
Blaenau Gwent,2020-11-04,241,inferred
Blaenau Gwent,2020-11-05,241,inferred
Blaenau Gwent,2020-11-06,241,inferred
Blaenau Gwent,2020-11-07,241,inferred
Blaenau Gwent,2020-11-08,241,inferred
Blaenau Gwent,2020-11-09,241,inferred
Blaenau Gwent,2020-11-10,241,inferred
Blaenau Gwent,2020-11-11,268,inferred
Blaenau Gwent,2020-11-12,268,inferred
Blaenau Gwent,2020-11-13,268,inferred
Blaenau Gwent,2020-11-14,268,inferred
Blaenau Gwent,2020-11-15,268,inferred
Blaenau Gwent,2020-11-16,268,inferred
Blaenau Gwent,2020-11-17,268,inferred
Blaenau Gwent,2020-11-18,270,inferred
Blaenau Gwent,2020-11-19,270,inferred
Blaenau Gwent,2020-11-20,270,inferred
Blaenau Gwent,2020-11-21,270,inferred
Blaenau Gwent,2020-11-22,270,inferred
Blaenau Gwent,2020-11-23,270,inferred
Blaenau Gwent,2020-11-24,270,inferred
Blaenau Gwent,2020-11-25,358,inferred
Blaenau Gwent,2020-11-26,358,inferred
Blaenau Gwent,2020-11-27,358,inferred
Blaenau Gwent,2020-11-28,358,inferred
Blaenau Gwent,2020-11-29,358,inferred
Blaenau Gwent,2020-11-30,358,inferred
Blaenau Gwent,2020-12-01,358,inferred
Blaenau Gwent,2020-12-02,429,inferred
Blaenau Gwent,2020-12-03,429,inferred
Blaenau Gwent,2020-12-04,429,inferred
Blaenau Gwent,2020-12-05,429,inferred
Blaenau Gwent,2020-12-06,429,inferred
Blaenau Gwent,2020-12-07,429,inferred
Blaenau Gwent,2020-12-08,429,inferred
Blaenau Gwent,2020-12-09,689,inferred
Blaenau Gwent,2020-12-10,689,inferred
Blaenau Gwent,2020-12-11,689,inferred
Blaenau Gwent,2020-12-12,689,inferred
Blaenau Gwent,2020-12-13,689,inferred
Blaenau Gwent,2020-12-14,689,inferred
Blaenau Gwent,2020-12-15,689,inferred
Blaenau Gwent,2020-12-16,601,inferred
Blaenau Gwent,2020-12-17,601,inferred
Blaenau Gwent,2020-12-18,601,inferred
Blaenau Gwent,2020-12-19,601,inferred
Blaenau Gwent,2020-12-20,601,inferred
Blaenau Gwent,2020-12-21,601,inferred
Blaenau Gwent,2020-12-22,601,inferred
Blaenau Gwent,2020-12-23,392,inferred
Blaenau Gwent,2020-12-24,392,inferred
Blaenau Gwent,2020-12-25,392,inferred
Blaenau Gwent,2020-12-26,392,inferred
Blaenau Gwent,2020-12-27,392,inferred
Blaenau Gwent,2020-12-28,392,inferred
Blaenau Gwent,2020-12-29,392,inferred
Blaenau Gwent,2020-12-30,361,inferred
Blaenau Gwent,2020-12-31,361,inferred
Blaenau Gwent,2021-01-01,361,inferred
Blaenau Gwent,2021-01-02,361,inferred
Blaenau Gwent,2021-01-03,361,inferred
Blaenau Gwent,2021-01-04,361,inferred
Blaenau Gwent,2021-01-05,361,inferred
Blaenau Gwent,2021-01-06,307,projected
Blaenau Gwent,2021-01-07,307,projected
Blaenau Gwent,2021-01-08,307,projected
Blaenau Gwent,2021-01-09,307,projected
Blaenau Gwent,2021-01-10,307,projected
Blaenau Gwent,2021-01-11,307,projected
Blaenau Gwent,2021-01-12,307,projected
Blaenau Gwent,2021-01-13,287,projected
Blaenau Gwent,2021-01-14,287,projected
Blaenau Gwent,2021-01-15,287,projected
Blaenau Gwent,2021-01-16,287,projected
Blaenau Gwent,2021-01-17,287,projected
Blaenau Gwent,2021-01-18,287,projected
Blaenau Gwent,2021-01-19,287,projected
Blaenau Gwent,2021-01-20,263,projected
Blaenau Gwent,2021-01-21,263,projected
Blaenau Gwent,2021-01-22,263,projected
Blaenau Gwent,2021-01-23,263,projected
Blaenau Gwent,2021-01-24,263,projected
Blaenau Gwent,2021-01-25,263,projected
Blaenau Gwent,2021-01-26,263,projected
Bolsover,2020-09-23, 44,inferred
Bolsover,2020-09-24, 44,inferred
Bolsover,2020-09-25, 44,inferred
Bolsover,2020-09-26, 44,inferred
Bolsover,2020-09-27, 44,inferred
Bolsover,2020-09-28, 44,inferred
Bolsover,2020-09-29, 44,inferred
Bolsover,2020-09-30, 72,inferred
Bolsover,2020-10-01, 72,inferred
Bolsover,2020-10-02, 72,inferred
Bolsover,2020-10-03, 72,inferred
Bolsover,2020-10-04, 72,inferred
Bolsover,2020-10-05, 72,inferred
Bolsover,2020-10-06, 72,inferred
Bolsover,2020-10-07,113,inferred
Bolsover,2020-10-08,113,inferred
Bolsover,2020-10-09,113,inferred
Bolsover,2020-10-10,113,inferred
Bolsover,2020-10-11,113,inferred
Bolsover,2020-10-12,113,inferred
Bolsover,2020-10-13,113,inferred
Bolsover,2020-10-14,195,inferred
Bolsover,2020-10-15,195,inferred
Bolsover,2020-10-16,195,inferred
Bolsover,2020-10-17,195,inferred
Bolsover,2020-10-18,195,inferred
Bolsover,2020-10-19,195,inferred
Bolsover,2020-10-20,195,inferred
Bolsover,2020-10-21,289,inferred
Bolsover,2020-10-22,289,inferred
Bolsover,2020-10-23,289,inferred
Bolsover,2020-10-24,289,inferred
Bolsover,2020-10-25,289,inferred
Bolsover,2020-10-26,289,inferred
Bolsover,2020-10-27,289,inferred
Bolsover,2020-10-28,391,inferred
Bolsover,2020-10-29,391,inferred
Bolsover,2020-10-30,391,inferred
Bolsover,2020-10-31,391,inferred
Bolsover,2020-11-01,391,inferred
Bolsover,2020-11-02,391,inferred
Bolsover,2020-11-03,391,inferred
Bolsover,2020-11-04,380,inferred
Bolsover,2020-11-05,380,inferred
Bolsover,2020-11-06,380,inferred
Bolsover,2020-11-07,380,inferred
Bolsover,2020-11-08,380,inferred
Bolsover,2020-11-09,380,inferred
Bolsover,2020-11-10,380,inferred
Bolsover,2020-11-11,284,inferred
Bolsover,2020-11-12,284,inferred
Bolsover,2020-11-13,284,inferred
Bolsover,2020-11-14,284,inferred
Bolsover,2020-11-15,284,inferred
Bolsover,2020-11-16,284,inferred
Bolsover,2020-11-17,284,inferred
Bolsover,2020-11-18,202,inferred
Bolsover,2020-11-19,202,inferred
Bolsover,2020-11-20,202,inferred
Bolsover,2020-11-21,202,inferred
Bolsover,2020-11-22,202,inferred
Bolsover,2020-11-23,202,inferred
Bolsover,2020-11-24,202,inferred
Bolsover,2020-11-25,122,inferred
Bolsover,2020-11-26,122,inferred
Bolsover,2020-11-27,122,inferred
Bolsover,2020-11-28,122,inferred
Bolsover,2020-11-29,122,inferred
Bolsover,2020-11-30,122,inferred
Bolsover,2020-12-01,122,inferred
Bolsover,2020-12-02,155,inferred
Bolsover,2020-12-03,155,inferred
Bolsover,2020-12-04,155,inferred
Bolsover,2020-12-05,155,inferred
Bolsover,2020-12-06,155,inferred
Bolsover,2020-12-07,155,inferred
Bolsover,2020-12-08,155,inferred
Bolsover,2020-12-09,194,inferred
Bolsover,2020-12-10,194,inferred
Bolsover,2020-12-11,194,inferred
Bolsover,2020-12-12,194,inferred
Bolsover,2020-12-13,194,inferred
Bolsover,2020-12-14,194,inferred
Bolsover,2020-12-15,194,inferred
Bolsover,2020-12-16,203,inferred
Bolsover,2020-12-17,203,inferred
Bolsover,2020-12-18,203,inferred
Bolsover,2020-12-19,203,inferred
Bolsover,2020-12-20,203,inferred
Bolsover,2020-12-21,203,inferred
Bolsover,2020-12-22,203,inferred
Bolsover,2020-12-23,222,inferred
Bolsover,2020-12-24,222,inferred
Bolsover,2020-12-25,222,inferred
Bolsover,2020-12-26,222,inferred
Bolsover,2020-12-27,222,inferred
Bolsover,2020-12-28,222,inferred
Bolsover,2020-12-29,222,inferred
Bolsover,2020-12-30,397,inferred
Bolsover,2020-12-31,397,inferred
Bolsover,2021-01-01,397,inferred
Bolsover,2021-01-02,397,inferred
Bolsover,2021-01-03,397,inferred
Bolsover,2021-01-04,397,inferred
Bolsover,2021-01-05,397,inferred
Bolsover,2021-01-06,485,projected
Bolsover,2021-01-07,485,projected
Bolsover,2021-01-08,485,projected
Bolsover,2021-01-09,485,projected
Bolsover,2021-01-10,485,projected
Bolsover,2021-01-11,485,projected
Bolsover,2021-01-12,485,projected
Bolsover,2021-01-13,567,projected
Bolsover,2021-01-14,567,projected
Bolsover,2021-01-15,567,projected
Bolsover,2021-01-16,567,projected
Bolsover,2021-01-17,567,projected
Bolsover,2021-01-18,567,projected
Bolsover,2021-01-19,567,projected
Bolsover,2021-01-20,628,projected
Bolsover,2021-01-21,628,projected
Bolsover,2021-01-22,628,projected
Bolsover,2021-01-23,628,projected
Bolsover,2021-01-24,628,projected
Bolsover,2021-01-25,628,projected
Bolsover,2021-01-26,628,projected
Bolton,2020-09-23,677,inferred
Bolton,2020-09-24,677,inferred
Bolton,2020-09-25,677,inferred
Bolton,2020-09-26,677,inferred
Bolton,2020-09-27,677,inferred
Bolton,2020-09-28,677,inferred
Bolton,2020-09-29,677,inferred
Bolton,2020-09-30,799,inferred
Bolton,2020-10-01,799,inferred
Bolton,2020-10-02,799,inferred
Bolton,2020-10-03,799,inferred
Bolton,2020-10-04,799,inferred
Bolton,2020-10-05,799,inferred
Bolton,2020-10-06,799,inferred
Bolton,2020-10-07,1010,inferred
Bolton,2020-10-08,1010,inferred
Bolton,2020-10-09,1010,inferred
Bolton,2020-10-10,1010,inferred
Bolton,2020-10-11,1010,inferred
Bolton,2020-10-12,1010,inferred
Bolton,2020-10-13,1010,inferred
Bolton,2020-10-14,1446,inferred
Bolton,2020-10-15,1446,inferred
Bolton,2020-10-16,1446,inferred
Bolton,2020-10-17,1446,inferred
Bolton,2020-10-18,1446,inferred
Bolton,2020-10-19,1446,inferred
Bolton,2020-10-20,1446,inferred
Bolton,2020-10-21,1609,inferred
Bolton,2020-10-22,1609,inferred
Bolton,2020-10-23,1609,inferred
Bolton,2020-10-24,1609,inferred
Bolton,2020-10-25,1609,inferred
Bolton,2020-10-26,1609,inferred
Bolton,2020-10-27,1609,inferred
Bolton,2020-10-28,1604,inferred
Bolton,2020-10-29,1604,inferred
Bolton,2020-10-30,1604,inferred
Bolton,2020-10-31,1604,inferred
Bolton,2020-11-01,1604,inferred
Bolton,2020-11-02,1604,inferred
Bolton,2020-11-03,1604,inferred
Bolton,2020-11-04,1352,inferred
Bolton,2020-11-05,1352,inferred
Bolton,2020-11-06,1352,inferred
Bolton,2020-11-07,1352,inferred
Bolton,2020-11-08,1352,inferred
Bolton,2020-11-09,1352,inferred
Bolton,2020-11-10,1352,inferred
Bolton,2020-11-11,1106,inferred
Bolton,2020-11-12,1106,inferred
Bolton,2020-11-13,1106,inferred
Bolton,2020-11-14,1106,inferred
Bolton,2020-11-15,1106,inferred
Bolton,2020-11-16,1106,inferred
Bolton,2020-11-17,1106,inferred
Bolton,2020-11-18,785,inferred
Bolton,2020-11-19,785,inferred
Bolton,2020-11-20,785,inferred
Bolton,2020-11-21,785,inferred
Bolton,2020-11-22,785,inferred
Bolton,2020-11-23,785,inferred
Bolton,2020-11-24,785,inferred
Bolton,2020-11-25,550,inferred
Bolton,2020-11-26,550,inferred
Bolton,2020-11-27,550,inferred
Bolton,2020-11-28,550,inferred
Bolton,2020-11-29,550,inferred
Bolton,2020-11-30,550,inferred
Bolton,2020-12-01,550,inferred
Bolton,2020-12-02,424,inferred
Bolton,2020-12-03,424,inferred
Bolton,2020-12-04,424,inferred
Bolton,2020-12-05,424,inferred
Bolton,2020-12-06,424,inferred
Bolton,2020-12-07,424,inferred
Bolton,2020-12-08,424,inferred
Bolton,2020-12-09,445,inferred
Bolton,2020-12-10,445,inferred
Bolton,2020-12-11,445,inferred
Bolton,2020-12-12,445,inferred
Bolton,2020-12-13,445,inferred
Bolton,2020-12-14,445,inferred
Bolton,2020-12-15,445,inferred
Bolton,2020-12-16,460,inferred
Bolton,2020-12-17,460,inferred
Bolton,2020-12-18,460,inferred
Bolton,2020-12-19,460,inferred
Bolton,2020-12-20,460,inferred
Bolton,2020-12-21,460,inferred
Bolton,2020-12-22,460,inferred
Bolton,2020-12-23,606,inferred
Bolton,2020-12-24,606,inferred
Bolton,2020-12-25,606,inferred
Bolton,2020-12-26,606,inferred
Bolton,2020-12-27,606,inferred
Bolton,2020-12-28,606,inferred
Bolton,2020-12-29,606,inferred
Bolton,2020-12-30,1020,inferred
Bolton,2020-12-31,1020,inferred
Bolton,2021-01-01,1020,inferred
Bolton,2021-01-02,1020,inferred
Bolton,2021-01-03,1020,inferred
Bolton,2021-01-04,1020,inferred
Bolton,2021-01-05,1020,inferred
Bolton,2021-01-06,1235,projected
Bolton,2021-01-07,1235,projected
Bolton,2021-01-08,1235,projected
Bolton,2021-01-09,1235,projected
Bolton,2021-01-10,1235,projected
Bolton,2021-01-11,1235,projected
Bolton,2021-01-12,1235,projected
Bolton,2021-01-13,1480,projected
Bolton,2021-01-14,1480,projected
Bolton,2021-01-15,1480,projected
Bolton,2021-01-16,1480,projected
Bolton,2021-01-17,1480,projected
Bolton,2021-01-18,1480,projected
Bolton,2021-01-19,1480,projected
Bolton,2021-01-20,1766,projected
Bolton,2021-01-21,1766,projected
Bolton,2021-01-22,1766,projected
Bolton,2021-01-23,1766,projected
Bolton,2021-01-24,1766,projected
Bolton,2021-01-25,1766,projected
Bolton,2021-01-26,1766,projected
Borders,2020-09-23, 36,inferred
Borders,2020-09-24, 36,inferred
Borders,2020-09-25, 36,inferred
Borders,2020-09-26, 36,inferred
Borders,2020-09-27, 36,inferred
Borders,2020-09-28, 36,inferred
Borders,2020-09-29, 36,inferred
Borders,2020-09-30, 35,inferred
Borders,2020-10-01, 35,inferred
Borders,2020-10-02, 35,inferred
Borders,2020-10-03, 35,inferred
Borders,2020-10-04, 35,inferred
Borders,2020-10-05, 35,inferred
Borders,2020-10-06, 35,inferred
Borders,2020-10-07, 41,inferred
Borders,2020-10-08, 41,inferred
Borders,2020-10-09, 41,inferred
Borders,2020-10-10, 41,inferred
Borders,2020-10-11, 41,inferred
Borders,2020-10-12, 41,inferred
Borders,2020-10-13, 41,inferred
Borders,2020-10-14, 45,inferred
Borders,2020-10-15, 45,inferred
Borders,2020-10-16, 45,inferred
Borders,2020-10-17, 45,inferred
Borders,2020-10-18, 45,inferred
Borders,2020-10-19, 45,inferred
Borders,2020-10-20, 45,inferred
Borders,2020-10-21, 47,inferred
Borders,2020-10-22, 47,inferred
Borders,2020-10-23, 47,inferred
Borders,2020-10-24, 47,inferred
Borders,2020-10-25, 47,inferred
Borders,2020-10-26, 47,inferred
Borders,2020-10-27, 47,inferred
Borders,2020-10-28, 63,inferred
Borders,2020-10-29, 63,inferred
Borders,2020-10-30, 63,inferred
Borders,2020-10-31, 63,inferred
Borders,2020-11-01, 63,inferred
Borders,2020-11-02, 63,inferred
Borders,2020-11-03, 63,inferred
Borders,2020-11-04, 66,inferred
Borders,2020-11-05, 66,inferred
Borders,2020-11-06, 66,inferred
Borders,2020-11-07, 66,inferred
Borders,2020-11-08, 66,inferred
Borders,2020-11-09, 66,inferred
Borders,2020-11-10, 66,inferred
Borders,2020-11-11, 82,inferred
Borders,2020-11-12, 82,inferred
Borders,2020-11-13, 82,inferred
Borders,2020-11-14, 82,inferred
Borders,2020-11-15, 82,inferred
Borders,2020-11-16, 82,inferred
Borders,2020-11-17, 82,inferred
Borders,2020-11-18, 68,inferred
Borders,2020-11-19, 68,inferred
Borders,2020-11-20, 68,inferred
Borders,2020-11-21, 68,inferred
Borders,2020-11-22, 68,inferred
Borders,2020-11-23, 68,inferred
Borders,2020-11-24, 68,inferred
Borders,2020-11-25, 38,inferred
Borders,2020-11-26, 38,inferred
Borders,2020-11-27, 38,inferred
Borders,2020-11-28, 38,inferred
Borders,2020-11-29, 38,inferred
Borders,2020-11-30, 38,inferred
Borders,2020-12-01, 38,inferred
Borders,2020-12-02, 47,inferred
Borders,2020-12-03, 47,inferred
Borders,2020-12-04, 47,inferred
Borders,2020-12-05, 47,inferred
Borders,2020-12-06, 47,inferred
Borders,2020-12-07, 47,inferred
Borders,2020-12-08, 47,inferred
Borders,2020-12-09,103,inferred
Borders,2020-12-10,103,inferred
Borders,2020-12-11,103,inferred
Borders,2020-12-12,103,inferred
Borders,2020-12-13,103,inferred
Borders,2020-12-14,103,inferred
Borders,2020-12-15,103,inferred
Borders,2020-12-16,123,inferred
Borders,2020-12-17,123,inferred
Borders,2020-12-18,123,inferred
Borders,2020-12-19,123,inferred
Borders,2020-12-20,123,inferred
Borders,2020-12-21,123,inferred
Borders,2020-12-22,123,inferred
Borders,2020-12-23,190,inferred
Borders,2020-12-24,190,inferred
Borders,2020-12-25,190,inferred
Borders,2020-12-26,190,inferred
Borders,2020-12-27,190,inferred
Borders,2020-12-28,190,inferred
Borders,2020-12-29,190,inferred
Borders,2020-12-30,507,inferred
Borders,2020-12-31,507,inferred
Borders,2021-01-01,507,inferred
Borders,2021-01-02,507,inferred
Borders,2021-01-03,507,inferred
Borders,2021-01-04,507,inferred
Borders,2021-01-05,507,inferred
Borders,2021-01-06,661,projected
Borders,2021-01-07,661,projected
Borders,2021-01-08,661,projected
Borders,2021-01-09,661,projected
Borders,2021-01-10,661,projected
Borders,2021-01-11,661,projected
Borders,2021-01-12,661,projected
Borders,2021-01-13,937,projected
Borders,2021-01-14,937,projected
Borders,2021-01-15,937,projected
Borders,2021-01-16,937,projected
Borders,2021-01-17,937,projected
Borders,2021-01-18,937,projected
Borders,2021-01-19,937,projected
Borders,2021-01-20,1329,projected
Borders,2021-01-21,1329,projected
Borders,2021-01-22,1329,projected
Borders,2021-01-23,1329,projected
Borders,2021-01-24,1329,projected
Borders,2021-01-25,1329,projected
Borders,2021-01-26,1329,projected
Boston,2020-09-23, 14,inferred
Boston,2020-09-24, 14,inferred
Boston,2020-09-25, 14,inferred
Boston,2020-09-26, 14,inferred
Boston,2020-09-27, 14,inferred
Boston,2020-09-28, 14,inferred
Boston,2020-09-29, 14,inferred
Boston,2020-09-30, 22,inferred
Boston,2020-10-01, 22,inferred
Boston,2020-10-02, 22,inferred
Boston,2020-10-03, 22,inferred
Boston,2020-10-04, 22,inferred
Boston,2020-10-05, 22,inferred
Boston,2020-10-06, 22,inferred
Boston,2020-10-07, 58,inferred
Boston,2020-10-08, 58,inferred
Boston,2020-10-09, 58,inferred
Boston,2020-10-10, 58,inferred
Boston,2020-10-11, 58,inferred
Boston,2020-10-12, 58,inferred
Boston,2020-10-13, 58,inferred
Boston,2020-10-14, 82,inferred
Boston,2020-10-15, 82,inferred
Boston,2020-10-16, 82,inferred
Boston,2020-10-17, 82,inferred
Boston,2020-10-18, 82,inferred
Boston,2020-10-19, 82,inferred
Boston,2020-10-20, 82,inferred
Boston,2020-10-21,111,inferred
Boston,2020-10-22,111,inferred
Boston,2020-10-23,111,inferred
Boston,2020-10-24,111,inferred
Boston,2020-10-25,111,inferred
Boston,2020-10-26,111,inferred
Boston,2020-10-27,111,inferred
Boston,2020-10-28,114,inferred
Boston,2020-10-29,114,inferred
Boston,2020-10-30,114,inferred
Boston,2020-10-31,114,inferred
Boston,2020-11-01,114,inferred
Boston,2020-11-02,114,inferred
Boston,2020-11-03,114,inferred
Boston,2020-11-04,273,inferred
Boston,2020-11-05,273,inferred
Boston,2020-11-06,273,inferred
Boston,2020-11-07,273,inferred
Boston,2020-11-08,273,inferred
Boston,2020-11-09,273,inferred
Boston,2020-11-10,273,inferred
Boston,2020-11-11,341,inferred
Boston,2020-11-12,341,inferred
Boston,2020-11-13,341,inferred
Boston,2020-11-14,341,inferred
Boston,2020-11-15,341,inferred
Boston,2020-11-16,341,inferred
Boston,2020-11-17,341,inferred
Boston,2020-11-18,351,inferred
Boston,2020-11-19,351,inferred
Boston,2020-11-20,351,inferred
Boston,2020-11-21,351,inferred
Boston,2020-11-22,351,inferred
Boston,2020-11-23,351,inferred
Boston,2020-11-24,351,inferred
Boston,2020-11-25,306,inferred
Boston,2020-11-26,306,inferred
Boston,2020-11-27,306,inferred
Boston,2020-11-28,306,inferred
Boston,2020-11-29,306,inferred
Boston,2020-11-30,306,inferred
Boston,2020-12-01,306,inferred
Boston,2020-12-02,297,inferred
Boston,2020-12-03,297,inferred
Boston,2020-12-04,297,inferred
Boston,2020-12-05,297,inferred
Boston,2020-12-06,297,inferred
Boston,2020-12-07,297,inferred
Boston,2020-12-08,297,inferred
Boston,2020-12-09,298,inferred
Boston,2020-12-10,298,inferred
Boston,2020-12-11,298,inferred
Boston,2020-12-12,298,inferred
Boston,2020-12-13,298,inferred
Boston,2020-12-14,298,inferred
Boston,2020-12-15,298,inferred
Boston,2020-12-16,281,inferred
Boston,2020-12-17,281,inferred
Boston,2020-12-18,281,inferred
Boston,2020-12-19,281,inferred
Boston,2020-12-20,281,inferred
Boston,2020-12-21,281,inferred
Boston,2020-12-22,281,inferred
Boston,2020-12-23,139,inferred
Boston,2020-12-24,139,inferred
Boston,2020-12-25,139,inferred
Boston,2020-12-26,139,inferred
Boston,2020-12-27,139,inferred
Boston,2020-12-28,139,inferred
Boston,2020-12-29,139,inferred
Boston,2020-12-30,215,inferred
Boston,2020-12-31,215,inferred
Boston,2021-01-01,215,inferred
Boston,2021-01-02,215,inferred
Boston,2021-01-03,215,inferred
Boston,2021-01-04,215,inferred
Boston,2021-01-05,215,inferred
Boston,2021-01-06,181,projected
Boston,2021-01-07,181,projected
Boston,2021-01-08,181,projected
Boston,2021-01-09,181,projected
Boston,2021-01-10,181,projected
Boston,2021-01-11,181,projected
Boston,2021-01-12,181,projected
Boston,2021-01-13,171,projected
Boston,2021-01-14,171,projected
Boston,2021-01-15,171,projected
Boston,2021-01-16,171,projected
Boston,2021-01-17,171,projected
Boston,2021-01-18,171,projected
Boston,2021-01-19,171,projected
Boston,2021-01-20,180,projected
Boston,2021-01-21,180,projected
Boston,2021-01-22,180,projected
Boston,2021-01-23,180,projected
Boston,2021-01-24,180,projected
Boston,2021-01-25,180,projected
Boston,2021-01-26,180,projected
"Bournemouth, Christchurch and Poole",2020-09-23,137,inferred
"Bournemouth, Christchurch and Poole",2020-09-24,137,inferred
"Bournemouth, Christchurch and Poole",2020-09-25,137,inferred
"Bournemouth, Christchurch and Poole",2020-09-26,137,inferred
"Bournemouth, Christchurch and Poole",2020-09-27,137,inferred
"Bournemouth, Christchurch and Poole",2020-09-28,137,inferred
"Bournemouth, Christchurch and Poole",2020-09-29,137,inferred
"Bournemouth, Christchurch and Poole",2020-09-30,478,inferred
"Bournemouth, Christchurch and Poole",2020-10-01,478,inferred
"Bournemouth, Christchurch and Poole",2020-10-02,478,inferred
"Bournemouth, Christchurch and Poole",2020-10-03,478,inferred
"Bournemouth, Christchurch and Poole",2020-10-04,478,inferred
"Bournemouth, Christchurch and Poole",2020-10-05,478,inferred
"Bournemouth, Christchurch and Poole",2020-10-06,478,inferred
"Bournemouth, Christchurch and Poole",2020-10-07,615,inferred
"Bournemouth, Christchurch and Poole",2020-10-08,615,inferred
"Bournemouth, Christchurch and Poole",2020-10-09,615,inferred
"Bournemouth, Christchurch and Poole",2020-10-10,615,inferred
"Bournemouth, Christchurch and Poole",2020-10-11,615,inferred
"Bournemouth, Christchurch and Poole",2020-10-12,615,inferred
"Bournemouth, Christchurch and Poole",2020-10-13,615,inferred
"Bournemouth, Christchurch and Poole",2020-10-14,710,inferred
"Bournemouth, Christchurch and Poole",2020-10-15,710,inferred
"Bournemouth, Christchurch and Poole",2020-10-16,710,inferred
"Bournemouth, Christchurch and Poole",2020-10-17,710,inferred
"Bournemouth, Christchurch and Poole",2020-10-18,710,inferred
"Bournemouth, Christchurch and Poole",2020-10-19,710,inferred
"Bournemouth, Christchurch and Poole",2020-10-20,710,inferred
"Bournemouth, Christchurch and Poole",2020-10-21,868,inferred
"Bournemouth, Christchurch and Poole",2020-10-22,868,inferred
"Bournemouth, Christchurch and Poole",2020-10-23,868,inferred
"Bournemouth, Christchurch and Poole",2020-10-24,868,inferred
"Bournemouth, Christchurch and Poole",2020-10-25,868,inferred
"Bournemouth, Christchurch and Poole",2020-10-26,868,inferred
"Bournemouth, Christchurch and Poole",2020-10-27,868,inferred
"Bournemouth, Christchurch and Poole",2020-10-28,853,inferred
"Bournemouth, Christchurch and Poole",2020-10-29,853,inferred
"Bournemouth, Christchurch and Poole",2020-10-30,853,inferred
"Bournemouth, Christchurch and Poole",2020-10-31,853,inferred
"Bournemouth, Christchurch and Poole",2020-11-01,853,inferred
"Bournemouth, Christchurch and Poole",2020-11-02,853,inferred
"Bournemouth, Christchurch and Poole",2020-11-03,853,inferred
"Bournemouth, Christchurch and Poole",2020-11-04,983,inferred
"Bournemouth, Christchurch and Poole",2020-11-05,983,inferred
"Bournemouth, Christchurch and Poole",2020-11-06,983,inferred
"Bournemouth, Christchurch and Poole",2020-11-07,983,inferred
"Bournemouth, Christchurch and Poole",2020-11-08,983,inferred
"Bournemouth, Christchurch and Poole",2020-11-09,983,inferred
"Bournemouth, Christchurch and Poole",2020-11-10,983,inferred
"Bournemouth, Christchurch and Poole",2020-11-11,790,inferred
"Bournemouth, Christchurch and Poole",2020-11-12,790,inferred
"Bournemouth, Christchurch and Poole",2020-11-13,790,inferred
"Bournemouth, Christchurch and Poole",2020-11-14,790,inferred
"Bournemouth, Christchurch and Poole",2020-11-15,790,inferred
"Bournemouth, Christchurch and Poole",2020-11-16,790,inferred
"Bournemouth, Christchurch and Poole",2020-11-17,790,inferred
"Bournemouth, Christchurch and Poole",2020-11-18,457,inferred
"Bournemouth, Christchurch and Poole",2020-11-19,457,inferred
"Bournemouth, Christchurch and Poole",2020-11-20,457,inferred
"Bournemouth, Christchurch and Poole",2020-11-21,457,inferred
"Bournemouth, Christchurch and Poole",2020-11-22,457,inferred
"Bournemouth, Christchurch and Poole",2020-11-23,457,inferred
"Bournemouth, Christchurch and Poole",2020-11-24,457,inferred
"Bournemouth, Christchurch and Poole",2020-11-25,293,inferred
"Bournemouth, Christchurch and Poole",2020-11-26,293,inferred
"Bournemouth, Christchurch and Poole",2020-11-27,293,inferred
"Bournemouth, Christchurch and Poole",2020-11-28,293,inferred
"Bournemouth, Christchurch and Poole",2020-11-29,293,inferred
"Bournemouth, Christchurch and Poole",2020-11-30,293,inferred
"Bournemouth, Christchurch and Poole",2020-12-01,293,inferred
"Bournemouth, Christchurch and Poole",2020-12-02,262,inferred
"Bournemouth, Christchurch and Poole",2020-12-03,262,inferred
"Bournemouth, Christchurch and Poole",2020-12-04,262,inferred
"Bournemouth, Christchurch and Poole",2020-12-05,262,inferred
"Bournemouth, Christchurch and Poole",2020-12-06,262,inferred
"Bournemouth, Christchurch and Poole",2020-12-07,262,inferred
"Bournemouth, Christchurch and Poole",2020-12-08,262,inferred
"Bournemouth, Christchurch and Poole",2020-12-09,434,inferred
"Bournemouth, Christchurch and Poole",2020-12-10,434,inferred
"Bournemouth, Christchurch and Poole",2020-12-11,434,inferred
"Bournemouth, Christchurch and Poole",2020-12-12,434,inferred
"Bournemouth, Christchurch and Poole",2020-12-13,434,inferred
"Bournemouth, Christchurch and Poole",2020-12-14,434,inferred
"Bournemouth, Christchurch and Poole",2020-12-15,434,inferred
"Bournemouth, Christchurch and Poole",2020-12-16,829,inferred
"Bournemouth, Christchurch and Poole",2020-12-17,829,inferred
"Bournemouth, Christchurch and Poole",2020-12-18,829,inferred
"Bournemouth, Christchurch and Poole",2020-12-19,829,inferred
"Bournemouth, Christchurch and Poole",2020-12-20,829,inferred
"Bournemouth, Christchurch and Poole",2020-12-21,829,inferred
"Bournemouth, Christchurch and Poole",2020-12-22,829,inferred
"Bournemouth, Christchurch and Poole",2020-12-23,1541,inferred
"Bournemouth, Christchurch and Poole",2020-12-24,1541,inferred
"Bournemouth, Christchurch and Poole",2020-12-25,1541,inferred
"Bournemouth, Christchurch and Poole",2020-12-26,1541,inferred
"Bournemouth, Christchurch and Poole",2020-12-27,1541,inferred
"Bournemouth, Christchurch and Poole",2020-12-28,1541,inferred
"Bournemouth, Christchurch and Poole",2020-12-29,1541,inferred
"Bournemouth, Christchurch and Poole",2020-12-30,3107,inferred
"Bournemouth, Christchurch and Poole",2020-12-31,3107,inferred
"Bournemouth, Christchurch and Poole",2021-01-01,3107,inferred
"Bournemouth, Christchurch and Poole",2021-01-02,3107,inferred
"Bournemouth, Christchurch and Poole",2021-01-03,3107,inferred
"Bournemouth, Christchurch and Poole",2021-01-04,3107,inferred
"Bournemouth, Christchurch and Poole",2021-01-05,3107,inferred
"Bournemouth, Christchurch and Poole",2021-01-06,4809,projected
"Bournemouth, Christchurch and Poole",2021-01-07,4809,projected
"Bournemouth, Christchurch and Poole",2021-01-08,4809,projected
"Bournemouth, Christchurch and Poole",2021-01-09,4809,projected
"Bournemouth, Christchurch and Poole",2021-01-10,4809,projected
"Bournemouth, Christchurch and Poole",2021-01-11,4809,projected
"Bournemouth, Christchurch and Poole",2021-01-12,4809,projected
"Bournemouth, Christchurch and Poole",2021-01-13,7326,projected
"Bournemouth, Christchurch and Poole",2021-01-14,7326,projected
"Bournemouth, Christchurch and Poole",2021-01-15,7326,projected
"Bournemouth, Christchurch and Poole",2021-01-16,7326,projected
"Bournemouth, Christchurch and Poole",2021-01-17,7326,projected
"Bournemouth, Christchurch and Poole",2021-01-18,7326,projected
"Bournemouth, Christchurch and Poole",2021-01-19,7326,projected
"Bournemouth, Christchurch and Poole",2021-01-20,10866,projected
"Bournemouth, Christchurch and Poole",2021-01-21,10866,projected
"Bournemouth, Christchurch and Poole",2021-01-22,10866,projected
"Bournemouth, Christchurch and Poole",2021-01-23,10866,projected
"Bournemouth, Christchurch and Poole",2021-01-24,10866,projected
"Bournemouth, Christchurch and Poole",2021-01-25,10866,projected
"Bournemouth, Christchurch and Poole",2021-01-26,10866,projected
Bracknell Forest,2020-09-23, 24,inferred
Bracknell Forest,2020-09-24, 24,inferred
Bracknell Forest,2020-09-25, 24,inferred
Bracknell Forest,2020-09-26, 24,inferred
Bracknell Forest,2020-09-27, 24,inferred
Bracknell Forest,2020-09-28, 24,inferred
Bracknell Forest,2020-09-29, 24,inferred
Bracknell Forest,2020-09-30, 58,inferred
Bracknell Forest,2020-10-01, 58,inferred
Bracknell Forest,2020-10-02, 58,inferred
Bracknell Forest,2020-10-03, 58,inferred
Bracknell Forest,2020-10-04, 58,inferred
Bracknell Forest,2020-10-05, 58,inferred
Bracknell Forest,2020-10-06, 58,inferred
Bracknell Forest,2020-10-07, 66,inferred
Bracknell Forest,2020-10-08, 66,inferred
Bracknell Forest,2020-10-09, 66,inferred
Bracknell Forest,2020-10-10, 66,inferred
Bracknell Forest,2020-10-11, 66,inferred
Bracknell Forest,2020-10-12, 66,inferred
Bracknell Forest,2020-10-13, 66,inferred
Bracknell Forest,2020-10-14,100,inferred
Bracknell Forest,2020-10-15,100,inferred
Bracknell Forest,2020-10-16,100,inferred
Bracknell Forest,2020-10-17,100,inferred
Bracknell Forest,2020-10-18,100,inferred
Bracknell Forest,2020-10-19,100,inferred
Bracknell Forest,2020-10-20,100,inferred
Bracknell Forest,2020-10-21,126,inferred
Bracknell Forest,2020-10-22,126,inferred
Bracknell Forest,2020-10-23,126,inferred
Bracknell Forest,2020-10-24,126,inferred
Bracknell Forest,2020-10-25,126,inferred
Bracknell Forest,2020-10-26,126,inferred
Bracknell Forest,2020-10-27,126,inferred
Bracknell Forest,2020-10-28,139,inferred
Bracknell Forest,2020-10-29,139,inferred
Bracknell Forest,2020-10-30,139,inferred
Bracknell Forest,2020-10-31,139,inferred
Bracknell Forest,2020-11-01,139,inferred
Bracknell Forest,2020-11-02,139,inferred
Bracknell Forest,2020-11-03,139,inferred
Bracknell Forest,2020-11-04,144,inferred
Bracknell Forest,2020-11-05,144,inferred
Bracknell Forest,2020-11-06,144,inferred
Bracknell Forest,2020-11-07,144,inferred
Bracknell Forest,2020-11-08,144,inferred
Bracknell Forest,2020-11-09,144,inferred
Bracknell Forest,2020-11-10,144,inferred
Bracknell Forest,2020-11-11,143,inferred
Bracknell Forest,2020-11-12,143,inferred
Bracknell Forest,2020-11-13,143,inferred
Bracknell Forest,2020-11-14,143,inferred
Bracknell Forest,2020-11-15,143,inferred
Bracknell Forest,2020-11-16,143,inferred
Bracknell Forest,2020-11-17,143,inferred
Bracknell Forest,2020-11-18, 86,inferred
Bracknell Forest,2020-11-19, 86,inferred
Bracknell Forest,2020-11-20, 86,inferred
Bracknell Forest,2020-11-21, 86,inferred
Bracknell Forest,2020-11-22, 86,inferred
Bracknell Forest,2020-11-23, 86,inferred
Bracknell Forest,2020-11-24, 86,inferred
Bracknell Forest,2020-11-25,127,inferred
Bracknell Forest,2020-11-26,127,inferred
Bracknell Forest,2020-11-27,127,inferred
Bracknell Forest,2020-11-28,127,inferred
Bracknell Forest,2020-11-29,127,inferred
Bracknell Forest,2020-11-30,127,inferred
Bracknell Forest,2020-12-01,127,inferred
Bracknell Forest,2020-12-02,246,inferred
Bracknell Forest,2020-12-03,246,inferred
Bracknell Forest,2020-12-04,246,inferred
Bracknell Forest,2020-12-05,246,inferred
Bracknell Forest,2020-12-06,246,inferred
Bracknell Forest,2020-12-07,246,inferred
Bracknell Forest,2020-12-08,246,inferred
Bracknell Forest,2020-12-09,395,inferred
Bracknell Forest,2020-12-10,395,inferred
Bracknell Forest,2020-12-11,395,inferred
Bracknell Forest,2020-12-12,395,inferred
Bracknell Forest,2020-12-13,395,inferred
Bracknell Forest,2020-12-14,395,inferred
Bracknell Forest,2020-12-15,395,inferred
Bracknell Forest,2020-12-16,693,inferred
Bracknell Forest,2020-12-17,693,inferred
Bracknell Forest,2020-12-18,693,inferred
Bracknell Forest,2020-12-19,693,inferred
Bracknell Forest,2020-12-20,693,inferred
Bracknell Forest,2020-12-21,693,inferred
Bracknell Forest,2020-12-22,693,inferred
Bracknell Forest,2020-12-23,900,inferred
Bracknell Forest,2020-12-24,900,inferred
Bracknell Forest,2020-12-25,900,inferred
Bracknell Forest,2020-12-26,900,inferred
Bracknell Forest,2020-12-27,900,inferred
Bracknell Forest,2020-12-28,900,inferred
Bracknell Forest,2020-12-29,900,inferred
Bracknell Forest,2020-12-30,924,inferred
Bracknell Forest,2020-12-31,924,inferred
Bracknell Forest,2021-01-01,924,inferred
Bracknell Forest,2021-01-02,924,inferred
Bracknell Forest,2021-01-03,924,inferred
Bracknell Forest,2021-01-04,924,inferred
Bracknell Forest,2021-01-05,924,inferred
Bracknell Forest,2021-01-06,694,projected
Bracknell Forest,2021-01-07,694,projected
Bracknell Forest,2021-01-08,694,projected
Bracknell Forest,2021-01-09,694,projected
Bracknell Forest,2021-01-10,694,projected
Bracknell Forest,2021-01-11,694,projected
Bracknell Forest,2021-01-12,694,projected
Bracknell Forest,2021-01-13,510,projected
Bracknell Forest,2021-01-14,510,projected
Bracknell Forest,2021-01-15,510,projected
Bracknell Forest,2021-01-16,510,projected
Bracknell Forest,2021-01-17,510,projected
Bracknell Forest,2021-01-18,510,projected
Bracknell Forest,2021-01-19,510,projected
Bracknell Forest,2021-01-20,397,projected
Bracknell Forest,2021-01-21,397,projected
Bracknell Forest,2021-01-22,397,projected
Bracknell Forest,2021-01-23,397,projected
Bracknell Forest,2021-01-24,397,projected
Bracknell Forest,2021-01-25,397,projected
Bracknell Forest,2021-01-26,397,projected
Bradford,2020-09-23,1156,inferred
Bradford,2020-09-24,1156,inferred
Bradford,2020-09-25,1156,inferred
Bradford,2020-09-26,1156,inferred
Bradford,2020-09-27,1156,inferred
Bradford,2020-09-28,1156,inferred
Bradford,2020-09-29,1156,inferred
Bradford,2020-09-30,1586,inferred
Bradford,2020-10-01,1586,inferred
Bradford,2020-10-02,1586,inferred
Bradford,2020-10-03,1586,inferred
Bradford,2020-10-04,1586,inferred
Bradford,2020-10-05,1586,inferred
Bradford,2020-10-06,1586,inferred
Bradford,2020-10-07,1870,inferred
Bradford,2020-10-08,1870,inferred
Bradford,2020-10-09,1870,inferred
Bradford,2020-10-10,1870,inferred
Bradford,2020-10-11,1870,inferred
Bradford,2020-10-12,1870,inferred
Bradford,2020-10-13,1870,inferred
Bradford,2020-10-14,2421,inferred
Bradford,2020-10-15,2421,inferred
Bradford,2020-10-16,2421,inferred
Bradford,2020-10-17,2421,inferred
Bradford,2020-10-18,2421,inferred
Bradford,2020-10-19,2421,inferred
Bradford,2020-10-20,2421,inferred
Bradford,2020-10-21,2692,inferred
Bradford,2020-10-22,2692,inferred
Bradford,2020-10-23,2692,inferred
Bradford,2020-10-24,2692,inferred
Bradford,2020-10-25,2692,inferred
Bradford,2020-10-26,2692,inferred
Bradford,2020-10-27,2692,inferred
Bradford,2020-10-28,3158,inferred
Bradford,2020-10-29,3158,inferred
Bradford,2020-10-30,3158,inferred
Bradford,2020-10-31,3158,inferred
Bradford,2020-11-01,3158,inferred
Bradford,2020-11-02,3158,inferred
Bradford,2020-11-03,3158,inferred
Bradford,2020-11-04,2951,inferred
Bradford,2020-11-05,2951,inferred
Bradford,2020-11-06,2951,inferred
Bradford,2020-11-07,2951,inferred
Bradford,2020-11-08,2951,inferred
Bradford,2020-11-09,2951,inferred
Bradford,2020-11-10,2951,inferred
Bradford,2020-11-11,2633,inferred
Bradford,2020-11-12,2633,inferred
Bradford,2020-11-13,2633,inferred
Bradford,2020-11-14,2633,inferred
Bradford,2020-11-15,2633,inferred
Bradford,2020-11-16,2633,inferred
Bradford,2020-11-17,2633,inferred
Bradford,2020-11-18,1619,inferred
Bradford,2020-11-19,1619,inferred
Bradford,2020-11-20,1619,inferred
Bradford,2020-11-21,1619,inferred
Bradford,2020-11-22,1619,inferred
Bradford,2020-11-23,1619,inferred
Bradford,2020-11-24,1619,inferred
Bradford,2020-11-25,1164,inferred
Bradford,2020-11-26,1164,inferred
Bradford,2020-11-27,1164,inferred
Bradford,2020-11-28,1164,inferred
Bradford,2020-11-29,1164,inferred
Bradford,2020-11-30,1164,inferred
Bradford,2020-12-01,1164,inferred
Bradford,2020-12-02,961,inferred
Bradford,2020-12-03,961,inferred
Bradford,2020-12-04,961,inferred
Bradford,2020-12-05,961,inferred
Bradford,2020-12-06,961,inferred
Bradford,2020-12-07,961,inferred
Bradford,2020-12-08,961,inferred
Bradford,2020-12-09,933,inferred
Bradford,2020-12-10,933,inferred
Bradford,2020-12-11,933,inferred
Bradford,2020-12-12,933,inferred
Bradford,2020-12-13,933,inferred
Bradford,2020-12-14,933,inferred
Bradford,2020-12-15,933,inferred
Bradford,2020-12-16,964,inferred
Bradford,2020-12-17,964,inferred
Bradford,2020-12-18,964,inferred
Bradford,2020-12-19,964,inferred
Bradford,2020-12-20,964,inferred
Bradford,2020-12-21,964,inferred
Bradford,2020-12-22,964,inferred
Bradford,2020-12-23,1074,inferred
Bradford,2020-12-24,1074,inferred
Bradford,2020-12-25,1074,inferred
Bradford,2020-12-26,1074,inferred
Bradford,2020-12-27,1074,inferred
Bradford,2020-12-28,1074,inferred
Bradford,2020-12-29,1074,inferred
Bradford,2020-12-30,1522,inferred
Bradford,2020-12-31,1522,inferred
Bradford,2021-01-01,1522,inferred
Bradford,2021-01-02,1522,inferred
Bradford,2021-01-03,1522,inferred
Bradford,2021-01-04,1522,inferred
Bradford,2021-01-05,1522,inferred
Bradford,2021-01-06,1595,projected
Bradford,2021-01-07,1595,projected
Bradford,2021-01-08,1595,projected
Bradford,2021-01-09,1595,projected
Bradford,2021-01-10,1595,projected
Bradford,2021-01-11,1595,projected
Bradford,2021-01-12,1595,projected
Bradford,2021-01-13,1633,projected
Bradford,2021-01-14,1633,projected
Bradford,2021-01-15,1633,projected
Bradford,2021-01-16,1633,projected
Bradford,2021-01-17,1633,projected
Bradford,2021-01-18,1633,projected
Bradford,2021-01-19,1633,projected
Bradford,2021-01-20,1640,projected
Bradford,2021-01-21,1640,projected
Bradford,2021-01-22,1640,projected
Bradford,2021-01-23,1640,projected
Bradford,2021-01-24,1640,projected
Bradford,2021-01-25,1640,projected
Bradford,2021-01-26,1640,projected
Braintree,2020-09-23, 32,inferred
Braintree,2020-09-24, 32,inferred
Braintree,2020-09-25, 32,inferred
Braintree,2020-09-26, 32,inferred
Braintree,2020-09-27, 32,inferred
Braintree,2020-09-28, 32,inferred
Braintree,2020-09-29, 32,inferred
Braintree,2020-09-30, 45,inferred
Braintree,2020-10-01, 45,inferred
Braintree,2020-10-02, 45,inferred
Braintree,2020-10-03, 45,inferred
Braintree,2020-10-04, 45,inferred
Braintree,2020-10-05, 45,inferred
Braintree,2020-10-06, 45,inferred
Braintree,2020-10-07, 49,inferred
Braintree,2020-10-08, 49,inferred
Braintree,2020-10-09, 49,inferred
Braintree,2020-10-10, 49,inferred
Braintree,2020-10-11, 49,inferred
Braintree,2020-10-12, 49,inferred
Braintree,2020-10-13, 49,inferred
Braintree,2020-10-14, 83,inferred
Braintree,2020-10-15, 83,inferred
Braintree,2020-10-16, 83,inferred
Braintree,2020-10-17, 83,inferred
Braintree,2020-10-18, 83,inferred
Braintree,2020-10-19, 83,inferred
Braintree,2020-10-20, 83,inferred
Braintree,2020-10-21, 79,inferred
Braintree,2020-10-22, 79,inferred
Braintree,2020-10-23, 79,inferred
Braintree,2020-10-24, 79,inferred
Braintree,2020-10-25, 79,inferred
Braintree,2020-10-26, 79,inferred
Braintree,2020-10-27, 79,inferred
Braintree,2020-10-28,103,inferred
Braintree,2020-10-29,103,inferred
Braintree,2020-10-30,103,inferred
Braintree,2020-10-31,103,inferred
Braintree,2020-11-01,103,inferred
Braintree,2020-11-02,103,inferred
Braintree,2020-11-03,103,inferred
Braintree,2020-11-04,145,inferred
Braintree,2020-11-05,145,inferred
Braintree,2020-11-06,145,inferred
Braintree,2020-11-07,145,inferred
Braintree,2020-11-08,145,inferred
Braintree,2020-11-09,145,inferred
Braintree,2020-11-10,145,inferred
Braintree,2020-11-11,189,inferred
Braintree,2020-11-12,189,inferred
Braintree,2020-11-13,189,inferred
Braintree,2020-11-14,189,inferred
Braintree,2020-11-15,189,inferred
Braintree,2020-11-16,189,inferred
Braintree,2020-11-17,189,inferred
Braintree,2020-11-18,170,inferred
Braintree,2020-11-19,170,inferred
Braintree,2020-11-20,170,inferred
Braintree,2020-11-21,170,inferred
Braintree,2020-11-22,170,inferred
Braintree,2020-11-23,170,inferred
Braintree,2020-11-24,170,inferred
Braintree,2020-11-25,157,inferred
Braintree,2020-11-26,157,inferred
Braintree,2020-11-27,157,inferred
Braintree,2020-11-28,157,inferred
Braintree,2020-11-29,157,inferred
Braintree,2020-11-30,157,inferred
Braintree,2020-12-01,157,inferred
Braintree,2020-12-02,349,inferred
Braintree,2020-12-03,349,inferred
Braintree,2020-12-04,349,inferred
Braintree,2020-12-05,349,inferred
Braintree,2020-12-06,349,inferred
Braintree,2020-12-07,349,inferred
Braintree,2020-12-08,349,inferred
Braintree,2020-12-09,786,inferred
Braintree,2020-12-10,786,inferred
Braintree,2020-12-11,786,inferred
Braintree,2020-12-12,786,inferred
Braintree,2020-12-13,786,inferred
Braintree,2020-12-14,786,inferred
Braintree,2020-12-15,786,inferred
Braintree,2020-12-16,1266,inferred
Braintree,2020-12-17,1266,inferred
Braintree,2020-12-18,1266,inferred
Braintree,2020-12-19,1266,inferred
Braintree,2020-12-20,1266,inferred
Braintree,2020-12-21,1266,inferred
Braintree,2020-12-22,1266,inferred
Braintree,2020-12-23,1512,inferred
Braintree,2020-12-24,1512,inferred
Braintree,2020-12-25,1512,inferred
Braintree,2020-12-26,1512,inferred
Braintree,2020-12-27,1512,inferred
Braintree,2020-12-28,1512,inferred
Braintree,2020-12-29,1512,inferred
Braintree,2020-12-30,1646,inferred
Braintree,2020-12-31,1646,inferred
Braintree,2021-01-01,1646,inferred
Braintree,2021-01-02,1646,inferred
Braintree,2021-01-03,1646,inferred
Braintree,2021-01-04,1646,inferred
Braintree,2021-01-05,1646,inferred
Braintree,2021-01-06,1333,projected
Braintree,2021-01-07,1333,projected
Braintree,2021-01-08,1333,projected
Braintree,2021-01-09,1333,projected
Braintree,2021-01-10,1333,projected
Braintree,2021-01-11,1333,projected
Braintree,2021-01-12,1333,projected
Braintree,2021-01-13,1086,projected
Braintree,2021-01-14,1086,projected
Braintree,2021-01-15,1086,projected
Braintree,2021-01-16,1086,projected
Braintree,2021-01-17,1086,projected
Braintree,2021-01-18,1086,projected
Braintree,2021-01-19,1086,projected
Braintree,2021-01-20,948,projected
Braintree,2021-01-21,948,projected
Braintree,2021-01-22,948,projected
Braintree,2021-01-23,948,projected
Braintree,2021-01-24,948,projected
Braintree,2021-01-25,948,projected
Braintree,2021-01-26,948,projected
Breckland,2020-09-23, 19,inferred
Breckland,2020-09-24, 19,inferred
Breckland,2020-09-25, 19,inferred
Breckland,2020-09-26, 19,inferred
Breckland,2020-09-27, 19,inferred
Breckland,2020-09-28, 19,inferred
Breckland,2020-09-29, 19,inferred
Breckland,2020-09-30, 47,inferred
Breckland,2020-10-01, 47,inferred
Breckland,2020-10-02, 47,inferred
Breckland,2020-10-03, 47,inferred
Breckland,2020-10-04, 47,inferred
Breckland,2020-10-05, 47,inferred
Breckland,2020-10-06, 47,inferred
Breckland,2020-10-07, 62,inferred
Breckland,2020-10-08, 62,inferred
Breckland,2020-10-09, 62,inferred
Breckland,2020-10-10, 62,inferred
Breckland,2020-10-11, 62,inferred
Breckland,2020-10-12, 62,inferred
Breckland,2020-10-13, 62,inferred
Breckland,2020-10-14,110,inferred
Breckland,2020-10-15,110,inferred
Breckland,2020-10-16,110,inferred
Breckland,2020-10-17,110,inferred
Breckland,2020-10-18,110,inferred
Breckland,2020-10-19,110,inferred
Breckland,2020-10-20,110,inferred
Breckland,2020-10-21,259,inferred
Breckland,2020-10-22,259,inferred
Breckland,2020-10-23,259,inferred
Breckland,2020-10-24,259,inferred
Breckland,2020-10-25,259,inferred
Breckland,2020-10-26,259,inferred
Breckland,2020-10-27,259,inferred
Breckland,2020-10-28,113,inferred
Breckland,2020-10-29,113,inferred
Breckland,2020-10-30,113,inferred
Breckland,2020-10-31,113,inferred
Breckland,2020-11-01,113,inferred
Breckland,2020-11-02,113,inferred
Breckland,2020-11-03,113,inferred
Breckland,2020-11-04,182,inferred
Breckland,2020-11-05,182,inferred
Breckland,2020-11-06,182,inferred
Breckland,2020-11-07,182,inferred
Breckland,2020-11-08,182,inferred
Breckland,2020-11-09,182,inferred
Breckland,2020-11-10,182,inferred
Breckland,2020-11-11,146,inferred
Breckland,2020-11-12,146,inferred
Breckland,2020-11-13,146,inferred
Breckland,2020-11-14,146,inferred
Breckland,2020-11-15,146,inferred
Breckland,2020-11-16,146,inferred
Breckland,2020-11-17,146,inferred
Breckland,2020-11-18, 85,inferred
Breckland,2020-11-19, 85,inferred
Breckland,2020-11-20, 85,inferred
Breckland,2020-11-21, 85,inferred
Breckland,2020-11-22, 85,inferred
Breckland,2020-11-23, 85,inferred
Breckland,2020-11-24, 85,inferred
Breckland,2020-11-25, 92,inferred
Breckland,2020-11-26, 92,inferred
Breckland,2020-11-27, 92,inferred
Breckland,2020-11-28, 92,inferred
Breckland,2020-11-29, 92,inferred
Breckland,2020-11-30, 92,inferred
Breckland,2020-12-01, 92,inferred
Breckland,2020-12-02,105,inferred
Breckland,2020-12-03,105,inferred
Breckland,2020-12-04,105,inferred
Breckland,2020-12-05,105,inferred
Breckland,2020-12-06,105,inferred
Breckland,2020-12-07,105,inferred
Breckland,2020-12-08,105,inferred
Breckland,2020-12-09,201,inferred
Breckland,2020-12-10,201,inferred
Breckland,2020-12-11,201,inferred
Breckland,2020-12-12,201,inferred
Breckland,2020-12-13,201,inferred
Breckland,2020-12-14,201,inferred
Breckland,2020-12-15,201,inferred
Breckland,2020-12-16,317,inferred
Breckland,2020-12-17,317,inferred
Breckland,2020-12-18,317,inferred
Breckland,2020-12-19,317,inferred
Breckland,2020-12-20,317,inferred
Breckland,2020-12-21,317,inferred
Breckland,2020-12-22,317,inferred
Breckland,2020-12-23,509,inferred
Breckland,2020-12-24,509,inferred
Breckland,2020-12-25,509,inferred
Breckland,2020-12-26,509,inferred
Breckland,2020-12-27,509,inferred
Breckland,2020-12-28,509,inferred
Breckland,2020-12-29,509,inferred
Breckland,2020-12-30,748,inferred
Breckland,2020-12-31,748,inferred
Breckland,2021-01-01,748,inferred
Breckland,2021-01-02,748,inferred
Breckland,2021-01-03,748,inferred
Breckland,2021-01-04,748,inferred
Breckland,2021-01-05,748,inferred
Breckland,2021-01-06,941,projected
Breckland,2021-01-07,941,projected
Breckland,2021-01-08,941,projected
Breckland,2021-01-09,941,projected
Breckland,2021-01-10,941,projected
Breckland,2021-01-11,941,projected
Breckland,2021-01-12,941,projected
Breckland,2021-01-13,1125,projected
Breckland,2021-01-14,1125,projected
Breckland,2021-01-15,1125,projected
Breckland,2021-01-16,1125,projected
Breckland,2021-01-17,1125,projected
Breckland,2021-01-18,1125,projected
Breckland,2021-01-19,1125,projected
Breckland,2021-01-20,1333,projected
Breckland,2021-01-21,1333,projected
Breckland,2021-01-22,1333,projected
Breckland,2021-01-23,1333,projected
Breckland,2021-01-24,1333,projected
Breckland,2021-01-25,1333,projected
Breckland,2021-01-26,1333,projected
Brent,2020-09-23,193,inferred
Brent,2020-09-24,193,inferred
Brent,2020-09-25,193,inferred
Brent,2020-09-26,193,inferred
Brent,2020-09-27,193,inferred
Brent,2020-09-28,193,inferred
Brent,2020-09-29,193,inferred
Brent,2020-09-30,268,inferred
Brent,2020-10-01,268,inferred
Brent,2020-10-02,268,inferred
Brent,2020-10-03,268,inferred
Brent,2020-10-04,268,inferred
Brent,2020-10-05,268,inferred
Brent,2020-10-06,268,inferred
Brent,2020-10-07,323,inferred
Brent,2020-10-08,323,inferred
Brent,2020-10-09,323,inferred
Brent,2020-10-10,323,inferred
Brent,2020-10-11,323,inferred
Brent,2020-10-12,323,inferred
Brent,2020-10-13,323,inferred
Brent,2020-10-14,369,inferred
Brent,2020-10-15,369,inferred
Brent,2020-10-16,369,inferred
Brent,2020-10-17,369,inferred
Brent,2020-10-18,369,inferred
Brent,2020-10-19,369,inferred
Brent,2020-10-20,369,inferred
Brent,2020-10-21,400,inferred
Brent,2020-10-22,400,inferred
Brent,2020-10-23,400,inferred
Brent,2020-10-24,400,inferred
Brent,2020-10-25,400,inferred
Brent,2020-10-26,400,inferred
Brent,2020-10-27,400,inferred
Brent,2020-10-28,469,inferred
Brent,2020-10-29,469,inferred
Brent,2020-10-30,469,inferred
Brent,2020-10-31,469,inferred
Brent,2020-11-01,469,inferred
Brent,2020-11-02,469,inferred
Brent,2020-11-03,469,inferred
Brent,2020-11-04,669,inferred
Brent,2020-11-05,669,inferred
Brent,2020-11-06,669,inferred
Brent,2020-11-07,669,inferred
Brent,2020-11-08,669,inferred
Brent,2020-11-09,669,inferred
Brent,2020-11-10,669,inferred
Brent,2020-11-11,710,inferred
Brent,2020-11-12,710,inferred
Brent,2020-11-13,710,inferred
Brent,2020-11-14,710,inferred
Brent,2020-11-15,710,inferred
Brent,2020-11-16,710,inferred
Brent,2020-11-17,710,inferred
Brent,2020-11-18,581,inferred
Brent,2020-11-19,581,inferred
Brent,2020-11-20,581,inferred
Brent,2020-11-21,581,inferred
Brent,2020-11-22,581,inferred
Brent,2020-11-23,581,inferred
Brent,2020-11-24,581,inferred
Brent,2020-11-25,508,inferred
Brent,2020-11-26,508,inferred
Brent,2020-11-27,508,inferred
Brent,2020-11-28,508,inferred
Brent,2020-11-29,508,inferred
Brent,2020-11-30,508,inferred
Brent,2020-12-01,508,inferred
Brent,2020-12-02,618,inferred
Brent,2020-12-03,618,inferred
Brent,2020-12-04,618,inferred
Brent,2020-12-05,618,inferred
Brent,2020-12-06,618,inferred
Brent,2020-12-07,618,inferred
Brent,2020-12-08,618,inferred
Brent,2020-12-09,1164,inferred
Brent,2020-12-10,1164,inferred
Brent,2020-12-11,1164,inferred
Brent,2020-12-12,1164,inferred
Brent,2020-12-13,1164,inferred
Brent,2020-12-14,1164,inferred
Brent,2020-12-15,1164,inferred
Brent,2020-12-16,2149,inferred
Brent,2020-12-17,2149,inferred
Brent,2020-12-18,2149,inferred
Brent,2020-12-19,2149,inferred
Brent,2020-12-20,2149,inferred
Brent,2020-12-21,2149,inferred
Brent,2020-12-22,2149,inferred
Brent,2020-12-23,2855,inferred
Brent,2020-12-24,2855,inferred
Brent,2020-12-25,2855,inferred
Brent,2020-12-26,2855,inferred
Brent,2020-12-27,2855,inferred
Brent,2020-12-28,2855,inferred
Brent,2020-12-29,2855,inferred
Brent,2020-12-30,3544,inferred
Brent,2020-12-31,3544,inferred
Brent,2021-01-01,3544,inferred
Brent,2021-01-02,3544,inferred
Brent,2021-01-03,3544,inferred
Brent,2021-01-04,3544,inferred
Brent,2021-01-05,3544,inferred
Brent,2021-01-06,3097,projected
Brent,2021-01-07,3097,projected
Brent,2021-01-08,3097,projected
Brent,2021-01-09,3097,projected
Brent,2021-01-10,3097,projected
Brent,2021-01-11,3097,projected
Brent,2021-01-12,3097,projected
Brent,2021-01-13,2643,projected
Brent,2021-01-14,2643,projected
Brent,2021-01-15,2643,projected
Brent,2021-01-16,2643,projected
Brent,2021-01-17,2643,projected
Brent,2021-01-18,2643,projected
Brent,2021-01-19,2643,projected
Brent,2021-01-20,2358,projected
Brent,2021-01-21,2358,projected
Brent,2021-01-22,2358,projected
Brent,2021-01-23,2358,projected
Brent,2021-01-24,2358,projected
Brent,2021-01-25,2358,projected
Brent,2021-01-26,2358,projected
Brentwood,2020-09-23, 23,inferred
Brentwood,2020-09-24, 23,inferred
Brentwood,2020-09-25, 23,inferred
Brentwood,2020-09-26, 23,inferred
Brentwood,2020-09-27, 23,inferred
Brentwood,2020-09-28, 23,inferred
Brentwood,2020-09-29, 23,inferred
Brentwood,2020-09-30, 59,inferred
Brentwood,2020-10-01, 59,inferred
Brentwood,2020-10-02, 59,inferred
Brentwood,2020-10-03, 59,inferred
Brentwood,2020-10-04, 59,inferred
Brentwood,2020-10-05, 59,inferred
Brentwood,2020-10-06, 59,inferred
Brentwood,2020-10-07, 54,inferred
Brentwood,2020-10-08, 54,inferred
Brentwood,2020-10-09, 54,inferred
Brentwood,2020-10-10, 54,inferred
Brentwood,2020-10-11, 54,inferred
Brentwood,2020-10-12, 54,inferred
Brentwood,2020-10-13, 54,inferred
Brentwood,2020-10-14,107,inferred
Brentwood,2020-10-15,107,inferred
Brentwood,2020-10-16,107,inferred
Brentwood,2020-10-17,107,inferred
Brentwood,2020-10-18,107,inferred
Brentwood,2020-10-19,107,inferred
Brentwood,2020-10-20,107,inferred
Brentwood,2020-10-21,158,inferred
Brentwood,2020-10-22,158,inferred
Brentwood,2020-10-23,158,inferred
Brentwood,2020-10-24,158,inferred
Brentwood,2020-10-25,158,inferred
Brentwood,2020-10-26,158,inferred
Brentwood,2020-10-27,158,inferred
Brentwood,2020-10-28,163,inferred
Brentwood,2020-10-29,163,inferred
Brentwood,2020-10-30,163,inferred
Brentwood,2020-10-31,163,inferred
Brentwood,2020-11-01,163,inferred
Brentwood,2020-11-02,163,inferred
Brentwood,2020-11-03,163,inferred
Brentwood,2020-11-04,172,inferred
Brentwood,2020-11-05,172,inferred
Brentwood,2020-11-06,172,inferred
Brentwood,2020-11-07,172,inferred
Brentwood,2020-11-08,172,inferred
Brentwood,2020-11-09,172,inferred
Brentwood,2020-11-10,172,inferred
Brentwood,2020-11-11,203,inferred
Brentwood,2020-11-12,203,inferred
Brentwood,2020-11-13,203,inferred
Brentwood,2020-11-14,203,inferred
Brentwood,2020-11-15,203,inferred
Brentwood,2020-11-16,203,inferred
Brentwood,2020-11-17,203,inferred
Brentwood,2020-11-18,131,inferred
Brentwood,2020-11-19,131,inferred
Brentwood,2020-11-20,131,inferred
Brentwood,2020-11-21,131,inferred
Brentwood,2020-11-22,131,inferred
Brentwood,2020-11-23,131,inferred
Brentwood,2020-11-24,131,inferred
Brentwood,2020-11-25,163,inferred
Brentwood,2020-11-26,163,inferred
Brentwood,2020-11-27,163,inferred
Brentwood,2020-11-28,163,inferred
Brentwood,2020-11-29,163,inferred
Brentwood,2020-11-30,163,inferred
Brentwood,2020-12-01,163,inferred
Brentwood,2020-12-02,284,inferred
Brentwood,2020-12-03,284,inferred
Brentwood,2020-12-04,284,inferred
Brentwood,2020-12-05,284,inferred
Brentwood,2020-12-06,284,inferred
Brentwood,2020-12-07,284,inferred
Brentwood,2020-12-08,284,inferred
Brentwood,2020-12-09,613,inferred
Brentwood,2020-12-10,613,inferred
Brentwood,2020-12-11,613,inferred
Brentwood,2020-12-12,613,inferred
Brentwood,2020-12-13,613,inferred
Brentwood,2020-12-14,613,inferred
Brentwood,2020-12-15,613,inferred
Brentwood,2020-12-16,1161,inferred
Brentwood,2020-12-17,1161,inferred
Brentwood,2020-12-18,1161,inferred
Brentwood,2020-12-19,1161,inferred
Brentwood,2020-12-20,1161,inferred
Brentwood,2020-12-21,1161,inferred
Brentwood,2020-12-22,1161,inferred
Brentwood,2020-12-23,962,inferred
Brentwood,2020-12-24,962,inferred
Brentwood,2020-12-25,962,inferred
Brentwood,2020-12-26,962,inferred
Brentwood,2020-12-27,962,inferred
Brentwood,2020-12-28,962,inferred
Brentwood,2020-12-29,962,inferred
Brentwood,2020-12-30,896,inferred
Brentwood,2020-12-31,896,inferred
Brentwood,2021-01-01,896,inferred
Brentwood,2021-01-02,896,inferred
Brentwood,2021-01-03,896,inferred
Brentwood,2021-01-04,896,inferred
Brentwood,2021-01-05,896,inferred
Brentwood,2021-01-06,601,projected
Brentwood,2021-01-07,601,projected
Brentwood,2021-01-08,601,projected
Brentwood,2021-01-09,601,projected
Brentwood,2021-01-10,601,projected
Brentwood,2021-01-11,601,projected
Brentwood,2021-01-12,601,projected
Brentwood,2021-01-13,413,projected
Brentwood,2021-01-14,413,projected
Brentwood,2021-01-15,413,projected
Brentwood,2021-01-16,413,projected
Brentwood,2021-01-17,413,projected
Brentwood,2021-01-18,413,projected
Brentwood,2021-01-19,413,projected
Brentwood,2021-01-20,311,projected
Brentwood,2021-01-21,311,projected
Brentwood,2021-01-22,311,projected
Brentwood,2021-01-23,311,projected
Brentwood,2021-01-24,311,projected
Brentwood,2021-01-25,311,projected
Brentwood,2021-01-26,311,projected
Bridgend,2020-09-23,164,inferred
Bridgend,2020-09-24,164,inferred
Bridgend,2020-09-25,164,inferred
Bridgend,2020-09-26,164,inferred
Bridgend,2020-09-27,164,inferred
Bridgend,2020-09-28,164,inferred
Bridgend,2020-09-29,164,inferred
Bridgend,2020-09-30,219,inferred
Bridgend,2020-10-01,219,inferred
Bridgend,2020-10-02,219,inferred
Bridgend,2020-10-03,219,inferred
Bridgend,2020-10-04,219,inferred
Bridgend,2020-10-05,219,inferred
Bridgend,2020-10-06,219,inferred
Bridgend,2020-10-07,318,inferred
Bridgend,2020-10-08,318,inferred
Bridgend,2020-10-09,318,inferred
Bridgend,2020-10-10,318,inferred
Bridgend,2020-10-11,318,inferred
Bridgend,2020-10-12,318,inferred
Bridgend,2020-10-13,318,inferred
Bridgend,2020-10-14,303,inferred
Bridgend,2020-10-15,303,inferred
Bridgend,2020-10-16,303,inferred
Bridgend,2020-10-17,303,inferred
Bridgend,2020-10-18,303,inferred
Bridgend,2020-10-19,303,inferred
Bridgend,2020-10-20,303,inferred
Bridgend,2020-10-21,415,inferred
Bridgend,2020-10-22,415,inferred
Bridgend,2020-10-23,415,inferred
Bridgend,2020-10-24,415,inferred
Bridgend,2020-10-25,415,inferred
Bridgend,2020-10-26,415,inferred
Bridgend,2020-10-27,415,inferred
Bridgend,2020-10-28,507,inferred
Bridgend,2020-10-29,507,inferred
Bridgend,2020-10-30,507,inferred
Bridgend,2020-10-31,507,inferred
Bridgend,2020-11-01,507,inferred
Bridgend,2020-11-02,507,inferred
Bridgend,2020-11-03,507,inferred
Bridgend,2020-11-04,364,inferred
Bridgend,2020-11-05,364,inferred
Bridgend,2020-11-06,364,inferred
Bridgend,2020-11-07,364,inferred
Bridgend,2020-11-08,364,inferred
Bridgend,2020-11-09,364,inferred
Bridgend,2020-11-10,364,inferred
Bridgend,2020-11-11,306,inferred
Bridgend,2020-11-12,306,inferred
Bridgend,2020-11-13,306,inferred
Bridgend,2020-11-14,306,inferred
Bridgend,2020-11-15,306,inferred
Bridgend,2020-11-16,306,inferred
Bridgend,2020-11-17,306,inferred
Bridgend,2020-11-18,326,inferred
Bridgend,2020-11-19,326,inferred
Bridgend,2020-11-20,326,inferred
Bridgend,2020-11-21,326,inferred
Bridgend,2020-11-22,326,inferred
Bridgend,2020-11-23,326,inferred
Bridgend,2020-11-24,326,inferred
Bridgend,2020-11-25,387,inferred
Bridgend,2020-11-26,387,inferred
Bridgend,2020-11-27,387,inferred
Bridgend,2020-11-28,387,inferred
Bridgend,2020-11-29,387,inferred
Bridgend,2020-11-30,387,inferred
Bridgend,2020-12-01,387,inferred
Bridgend,2020-12-02,921,inferred
Bridgend,2020-12-03,921,inferred
Bridgend,2020-12-04,921,inferred
Bridgend,2020-12-05,921,inferred
Bridgend,2020-12-06,921,inferred
Bridgend,2020-12-07,921,inferred
Bridgend,2020-12-08,921,inferred
Bridgend,2020-12-09,1682,inferred
Bridgend,2020-12-10,1682,inferred
Bridgend,2020-12-11,1682,inferred
Bridgend,2020-12-12,1682,inferred
Bridgend,2020-12-13,1682,inferred
Bridgend,2020-12-14,1682,inferred
Bridgend,2020-12-15,1682,inferred
Bridgend,2020-12-16,1522,inferred
Bridgend,2020-12-17,1522,inferred
Bridgend,2020-12-18,1522,inferred
Bridgend,2020-12-19,1522,inferred
Bridgend,2020-12-20,1522,inferred
Bridgend,2020-12-21,1522,inferred
Bridgend,2020-12-22,1522,inferred
Bridgend,2020-12-23,1338,inferred
Bridgend,2020-12-24,1338,inferred
Bridgend,2020-12-25,1338,inferred
Bridgend,2020-12-26,1338,inferred
Bridgend,2020-12-27,1338,inferred
Bridgend,2020-12-28,1338,inferred
Bridgend,2020-12-29,1338,inferred
Bridgend,2020-12-30,1096,inferred
Bridgend,2020-12-31,1096,inferred
Bridgend,2021-01-01,1096,inferred
Bridgend,2021-01-02,1096,inferred
Bridgend,2021-01-03,1096,inferred
Bridgend,2021-01-04,1096,inferred
Bridgend,2021-01-05,1096,inferred
Bridgend,2021-01-06,888,projected
Bridgend,2021-01-07,888,projected
Bridgend,2021-01-08,888,projected
Bridgend,2021-01-09,888,projected
Bridgend,2021-01-10,888,projected
Bridgend,2021-01-11,888,projected
Bridgend,2021-01-12,888,projected
Bridgend,2021-01-13,741,projected
Bridgend,2021-01-14,741,projected
Bridgend,2021-01-15,741,projected
Bridgend,2021-01-16,741,projected
Bridgend,2021-01-17,741,projected
Bridgend,2021-01-18,741,projected
Bridgend,2021-01-19,741,projected
Bridgend,2021-01-20,617,projected
Bridgend,2021-01-21,617,projected
Bridgend,2021-01-22,617,projected
Bridgend,2021-01-23,617,projected
Bridgend,2021-01-24,617,projected
Bridgend,2021-01-25,617,projected
Bridgend,2021-01-26,617,projected
Brighton and Hove,2020-09-23, 58,inferred
Brighton and Hove,2020-09-24, 58,inferred
Brighton and Hove,2020-09-25, 58,inferred
Brighton and Hove,2020-09-26, 58,inferred
Brighton and Hove,2020-09-27, 58,inferred
Brighton and Hove,2020-09-28, 58,inferred
Brighton and Hove,2020-09-29, 58,inferred
Brighton and Hove,2020-09-30,235,inferred
Brighton and Hove,2020-10-01,235,inferred
Brighton and Hove,2020-10-02,235,inferred
Brighton and Hove,2020-10-03,235,inferred
Brighton and Hove,2020-10-04,235,inferred
Brighton and Hove,2020-10-05,235,inferred
Brighton and Hove,2020-10-06,235,inferred
Brighton and Hove,2020-10-07,299,inferred
Brighton and Hove,2020-10-08,299,inferred
Brighton and Hove,2020-10-09,299,inferred
Brighton and Hove,2020-10-10,299,inferred
Brighton and Hove,2020-10-11,299,inferred
Brighton and Hove,2020-10-12,299,inferred
Brighton and Hove,2020-10-13,299,inferred
Brighton and Hove,2020-10-14,400,inferred
Brighton and Hove,2020-10-15,400,inferred
Brighton and Hove,2020-10-16,400,inferred
Brighton and Hove,2020-10-17,400,inferred
Brighton and Hove,2020-10-18,400,inferred
Brighton and Hove,2020-10-19,400,inferred
Brighton and Hove,2020-10-20,400,inferred
Brighton and Hove,2020-10-21,537,inferred
Brighton and Hove,2020-10-22,537,inferred
Brighton and Hove,2020-10-23,537,inferred
Brighton and Hove,2020-10-24,537,inferred
Brighton and Hove,2020-10-25,537,inferred
Brighton and Hove,2020-10-26,537,inferred
Brighton and Hove,2020-10-27,537,inferred
Brighton and Hove,2020-10-28,378,inferred
Brighton and Hove,2020-10-29,378,inferred
Brighton and Hove,2020-10-30,378,inferred
Brighton and Hove,2020-10-31,378,inferred
Brighton and Hove,2020-11-01,378,inferred
Brighton and Hove,2020-11-02,378,inferred
Brighton and Hove,2020-11-03,378,inferred
Brighton and Hove,2020-11-04,485,inferred
Brighton and Hove,2020-11-05,485,inferred
Brighton and Hove,2020-11-06,485,inferred
Brighton and Hove,2020-11-07,485,inferred
Brighton and Hove,2020-11-08,485,inferred
Brighton and Hove,2020-11-09,485,inferred
Brighton and Hove,2020-11-10,485,inferred
Brighton and Hove,2020-11-11,377,inferred
Brighton and Hove,2020-11-12,377,inferred
Brighton and Hove,2020-11-13,377,inferred
Brighton and Hove,2020-11-14,377,inferred
Brighton and Hove,2020-11-15,377,inferred
Brighton and Hove,2020-11-16,377,inferred
Brighton and Hove,2020-11-17,377,inferred
Brighton and Hove,2020-11-18,183,inferred
Brighton and Hove,2020-11-19,183,inferred
Brighton and Hove,2020-11-20,183,inferred
Brighton and Hove,2020-11-21,183,inferred
Brighton and Hove,2020-11-22,183,inferred
Brighton and Hove,2020-11-23,183,inferred
Brighton and Hove,2020-11-24,183,inferred
Brighton and Hove,2020-11-25,173,inferred
Brighton and Hove,2020-11-26,173,inferred
Brighton and Hove,2020-11-27,173,inferred
Brighton and Hove,2020-11-28,173,inferred
Brighton and Hove,2020-11-29,173,inferred
Brighton and Hove,2020-11-30,173,inferred
Brighton and Hove,2020-12-01,173,inferred
Brighton and Hove,2020-12-02,201,inferred
Brighton and Hove,2020-12-03,201,inferred
Brighton and Hove,2020-12-04,201,inferred
Brighton and Hove,2020-12-05,201,inferred
Brighton and Hove,2020-12-06,201,inferred
Brighton and Hove,2020-12-07,201,inferred
Brighton and Hove,2020-12-08,201,inferred
Brighton and Hove,2020-12-09,461,inferred
Brighton and Hove,2020-12-10,461,inferred
Brighton and Hove,2020-12-11,461,inferred
Brighton and Hove,2020-12-12,461,inferred
Brighton and Hove,2020-12-13,461,inferred
Brighton and Hove,2020-12-14,461,inferred
Brighton and Hove,2020-12-15,461,inferred
Brighton and Hove,2020-12-16,869,inferred
Brighton and Hove,2020-12-17,869,inferred
Brighton and Hove,2020-12-18,869,inferred
Brighton and Hove,2020-12-19,869,inferred
Brighton and Hove,2020-12-20,869,inferred
Brighton and Hove,2020-12-21,869,inferred
Brighton and Hove,2020-12-22,869,inferred
Brighton and Hove,2020-12-23,1419,inferred
Brighton and Hove,2020-12-24,1419,inferred
Brighton and Hove,2020-12-25,1419,inferred
Brighton and Hove,2020-12-26,1419,inferred
Brighton and Hove,2020-12-27,1419,inferred
Brighton and Hove,2020-12-28,1419,inferred
Brighton and Hove,2020-12-29,1419,inferred
Brighton and Hove,2020-12-30,2282,inferred
Brighton and Hove,2020-12-31,2282,inferred
Brighton and Hove,2021-01-01,2282,inferred
Brighton and Hove,2021-01-02,2282,inferred
Brighton and Hove,2021-01-03,2282,inferred
Brighton and Hove,2021-01-04,2282,inferred
Brighton and Hove,2021-01-05,2282,inferred
Brighton and Hove,2021-01-06,2454,projected
Brighton and Hove,2021-01-07,2454,projected
Brighton and Hove,2021-01-08,2454,projected
Brighton and Hove,2021-01-09,2454,projected
Brighton and Hove,2021-01-10,2454,projected
Brighton and Hove,2021-01-11,2454,projected
Brighton and Hove,2021-01-12,2454,projected
Brighton and Hove,2021-01-13,2533,projected
Brighton and Hove,2021-01-14,2533,projected
Brighton and Hove,2021-01-15,2533,projected
Brighton and Hove,2021-01-16,2533,projected
Brighton and Hove,2021-01-17,2533,projected
Brighton and Hove,2021-01-18,2533,projected
Brighton and Hove,2021-01-19,2533,projected
Brighton and Hove,2021-01-20,2677,projected
Brighton and Hove,2021-01-21,2677,projected
Brighton and Hove,2021-01-22,2677,projected
Brighton and Hove,2021-01-23,2677,projected
Brighton and Hove,2021-01-24,2677,projected
Brighton and Hove,2021-01-25,2677,projected
Brighton and Hove,2021-01-26,2677,projected
"Bristol, City of",2020-09-23,154,inferred
"Bristol, City of",2020-09-24,154,inferred
"Bristol, City of",2020-09-25,154,inferred
"Bristol, City of",2020-09-26,154,inferred
"Bristol, City of",2020-09-27,154,inferred
"Bristol, City of",2020-09-28,154,inferred
"Bristol, City of",2020-09-29,154,inferred
"Bristol, City of",2020-09-30,546,inferred
"Bristol, City of",2020-10-01,546,inferred
"Bristol, City of",2020-10-02,546,inferred
"Bristol, City of",2020-10-03,546,inferred
"Bristol, City of",2020-10-04,546,inferred
"Bristol, City of",2020-10-05,546,inferred
"Bristol, City of",2020-10-06,546,inferred
"Bristol, City of",2020-10-07,1416,inferred
"Bristol, City of",2020-10-08,1416,inferred
"Bristol, City of",2020-10-09,1416,inferred
"Bristol, City of",2020-10-10,1416,inferred
"Bristol, City of",2020-10-11,1416,inferred
"Bristol, City of",2020-10-12,1416,inferred
"Bristol, City of",2020-10-13,1416,inferred
"Bristol, City of",2020-10-14,1446,inferred
"Bristol, City of",2020-10-15,1446,inferred
"Bristol, City of",2020-10-16,1446,inferred
"Bristol, City of",2020-10-17,1446,inferred
"Bristol, City of",2020-10-18,1446,inferred
"Bristol, City of",2020-10-19,1446,inferred
"Bristol, City of",2020-10-20,1446,inferred
"Bristol, City of",2020-10-21,2081,inferred
"Bristol, City of",2020-10-22,2081,inferred
"Bristol, City of",2020-10-23,2081,inferred
"Bristol, City of",2020-10-24,2081,inferred
"Bristol, City of",2020-10-25,2081,inferred
"Bristol, City of",2020-10-26,2081,inferred
"Bristol, City of",2020-10-27,2081,inferred
"Bristol, City of",2020-10-28,2031,inferred
"Bristol, City of",2020-10-29,2031,inferred
"Bristol, City of",2020-10-30,2031,inferred
"Bristol, City of",2020-10-31,2031,inferred
"Bristol, City of",2020-11-01,2031,inferred
"Bristol, City of",2020-11-02,2031,inferred
"Bristol, City of",2020-11-03,2031,inferred
"Bristol, City of",2020-11-04,2303,inferred
"Bristol, City of",2020-11-05,2303,inferred
"Bristol, City of",2020-11-06,2303,inferred
"Bristol, City of",2020-11-07,2303,inferred
"Bristol, City of",2020-11-08,2303,inferred
"Bristol, City of",2020-11-09,2303,inferred
"Bristol, City of",2020-11-10,2303,inferred
"Bristol, City of",2020-11-11,2101,inferred
"Bristol, City of",2020-11-12,2101,inferred
"Bristol, City of",2020-11-13,2101,inferred
"Bristol, City of",2020-11-14,2101,inferred
"Bristol, City of",2020-11-15,2101,inferred
"Bristol, City of",2020-11-16,2101,inferred
"Bristol, City of",2020-11-17,2101,inferred
"Bristol, City of",2020-11-18,1063,inferred
"Bristol, City of",2020-11-19,1063,inferred
"Bristol, City of",2020-11-20,1063,inferred
"Bristol, City of",2020-11-21,1063,inferred
"Bristol, City of",2020-11-22,1063,inferred
"Bristol, City of",2020-11-23,1063,inferred
"Bristol, City of",2020-11-24,1063,inferred
"Bristol, City of",2020-11-25,694,inferred
"Bristol, City of",2020-11-26,694,inferred
"Bristol, City of",2020-11-27,694,inferred
"Bristol, City of",2020-11-28,694,inferred
"Bristol, City of",2020-11-29,694,inferred
"Bristol, City of",2020-11-30,694,inferred
"Bristol, City of",2020-12-01,694,inferred
"Bristol, City of",2020-12-02,580,inferred
"Bristol, City of",2020-12-03,580,inferred
"Bristol, City of",2020-12-04,580,inferred
"Bristol, City of",2020-12-05,580,inferred
"Bristol, City of",2020-12-06,580,inferred
"Bristol, City of",2020-12-07,580,inferred
"Bristol, City of",2020-12-08,580,inferred
"Bristol, City of",2020-12-09,664,inferred
"Bristol, City of",2020-12-10,664,inferred
"Bristol, City of",2020-12-11,664,inferred
"Bristol, City of",2020-12-12,664,inferred
"Bristol, City of",2020-12-13,664,inferred
"Bristol, City of",2020-12-14,664,inferred
"Bristol, City of",2020-12-15,664,inferred
"Bristol, City of",2020-12-16,878,inferred
"Bristol, City of",2020-12-17,878,inferred
"Bristol, City of",2020-12-18,878,inferred
"Bristol, City of",2020-12-19,878,inferred
"Bristol, City of",2020-12-20,878,inferred
"Bristol, City of",2020-12-21,878,inferred
"Bristol, City of",2020-12-22,878,inferred
"Bristol, City of",2020-12-23,1239,inferred
"Bristol, City of",2020-12-24,1239,inferred
"Bristol, City of",2020-12-25,1239,inferred
"Bristol, City of",2020-12-26,1239,inferred
"Bristol, City of",2020-12-27,1239,inferred
"Bristol, City of",2020-12-28,1239,inferred
"Bristol, City of",2020-12-29,1239,inferred
"Bristol, City of",2020-12-30,2232,inferred
"Bristol, City of",2020-12-31,2232,inferred
"Bristol, City of",2021-01-01,2232,inferred
"Bristol, City of",2021-01-02,2232,inferred
"Bristol, City of",2021-01-03,2232,inferred
"Bristol, City of",2021-01-04,2232,inferred
"Bristol, City of",2021-01-05,2232,inferred
"Bristol, City of",2021-01-06,3018,projected
"Bristol, City of",2021-01-07,3018,projected
"Bristol, City of",2021-01-08,3018,projected
"Bristol, City of",2021-01-09,3018,projected
"Bristol, City of",2021-01-10,3018,projected
"Bristol, City of",2021-01-11,3018,projected
"Bristol, City of",2021-01-12,3018,projected
"Bristol, City of",2021-01-13,3776,projected
"Bristol, City of",2021-01-14,3776,projected
"Bristol, City of",2021-01-15,3776,projected
"Bristol, City of",2021-01-16,3776,projected
"Bristol, City of",2021-01-17,3776,projected
"Bristol, City of",2021-01-18,3776,projected
"Bristol, City of",2021-01-19,3776,projected
"Bristol, City of",2021-01-20,4652,projected
"Bristol, City of",2021-01-21,4652,projected
"Bristol, City of",2021-01-22,4652,projected
"Bristol, City of",2021-01-23,4652,projected
"Bristol, City of",2021-01-24,4652,projected
"Bristol, City of",2021-01-25,4652,projected
"Bristol, City of",2021-01-26,4652,projected
Broadland,2020-09-23, 14,inferred
Broadland,2020-09-24, 14,inferred
Broadland,2020-09-25, 14,inferred
Broadland,2020-09-26, 14,inferred
Broadland,2020-09-27, 14,inferred
Broadland,2020-09-28, 14,inferred
Broadland,2020-09-29, 14,inferred
Broadland,2020-09-30, 35,inferred
Broadland,2020-10-01, 35,inferred
Broadland,2020-10-02, 35,inferred
Broadland,2020-10-03, 35,inferred
Broadland,2020-10-04, 35,inferred
Broadland,2020-10-05, 35,inferred
Broadland,2020-10-06, 35,inferred
Broadland,2020-10-07, 41,inferred
Broadland,2020-10-08, 41,inferred
Broadland,2020-10-09, 41,inferred
Broadland,2020-10-10, 41,inferred
Broadland,2020-10-11, 41,inferred
Broadland,2020-10-12, 41,inferred
Broadland,2020-10-13, 41,inferred
Broadland,2020-10-14, 75,inferred
Broadland,2020-10-15, 75,inferred
Broadland,2020-10-16, 75,inferred
Broadland,2020-10-17, 75,inferred
Broadland,2020-10-18, 75,inferred
Broadland,2020-10-19, 75,inferred
Broadland,2020-10-20, 75,inferred
Broadland,2020-10-21, 92,inferred
Broadland,2020-10-22, 92,inferred
Broadland,2020-10-23, 92,inferred
Broadland,2020-10-24, 92,inferred
Broadland,2020-10-25, 92,inferred
Broadland,2020-10-26, 92,inferred
Broadland,2020-10-27, 92,inferred
Broadland,2020-10-28, 93,inferred
Broadland,2020-10-29, 93,inferred
Broadland,2020-10-30, 93,inferred
Broadland,2020-10-31, 93,inferred
Broadland,2020-11-01, 93,inferred
Broadland,2020-11-02, 93,inferred
Broadland,2020-11-03, 93,inferred
Broadland,2020-11-04,207,inferred
Broadland,2020-11-05,207,inferred
Broadland,2020-11-06,207,inferred
Broadland,2020-11-07,207,inferred
Broadland,2020-11-08,207,inferred
Broadland,2020-11-09,207,inferred
Broadland,2020-11-10,207,inferred
Broadland,2020-11-11,159,inferred
Broadland,2020-11-12,159,inferred
Broadland,2020-11-13,159,inferred
Broadland,2020-11-14,159,inferred
Broadland,2020-11-15,159,inferred
Broadland,2020-11-16,159,inferred
Broadland,2020-11-17,159,inferred
Broadland,2020-11-18,124,inferred
Broadland,2020-11-19,124,inferred
Broadland,2020-11-20,124,inferred
Broadland,2020-11-21,124,inferred
Broadland,2020-11-22,124,inferred
Broadland,2020-11-23,124,inferred
Broadland,2020-11-24,124,inferred
Broadland,2020-11-25,160,inferred
Broadland,2020-11-26,160,inferred
Broadland,2020-11-27,160,inferred
Broadland,2020-11-28,160,inferred
Broadland,2020-11-29,160,inferred
Broadland,2020-11-30,160,inferred
Broadland,2020-12-01,160,inferred
Broadland,2020-12-02,142,inferred
Broadland,2020-12-03,142,inferred
Broadland,2020-12-04,142,inferred
Broadland,2020-12-05,142,inferred
Broadland,2020-12-06,142,inferred
Broadland,2020-12-07,142,inferred
Broadland,2020-12-08,142,inferred
Broadland,2020-12-09,245,inferred
Broadland,2020-12-10,245,inferred
Broadland,2020-12-11,245,inferred
Broadland,2020-12-12,245,inferred
Broadland,2020-12-13,245,inferred
Broadland,2020-12-14,245,inferred
Broadland,2020-12-15,245,inferred
Broadland,2020-12-16,369,inferred
Broadland,2020-12-17,369,inferred
Broadland,2020-12-18,369,inferred
Broadland,2020-12-19,369,inferred
Broadland,2020-12-20,369,inferred
Broadland,2020-12-21,369,inferred
Broadland,2020-12-22,369,inferred
Broadland,2020-12-23,516,inferred
Broadland,2020-12-24,516,inferred
Broadland,2020-12-25,516,inferred
Broadland,2020-12-26,516,inferred
Broadland,2020-12-27,516,inferred
Broadland,2020-12-28,516,inferred
Broadland,2020-12-29,516,inferred
Broadland,2020-12-30,763,inferred
Broadland,2020-12-31,763,inferred
Broadland,2021-01-01,763,inferred
Broadland,2021-01-02,763,inferred
Broadland,2021-01-03,763,inferred
Broadland,2021-01-04,763,inferred
Broadland,2021-01-05,763,inferred
Broadland,2021-01-06,812,projected
Broadland,2021-01-07,812,projected
Broadland,2021-01-08,812,projected
Broadland,2021-01-09,812,projected
Broadland,2021-01-10,812,projected
Broadland,2021-01-11,812,projected
Broadland,2021-01-12,812,projected
Broadland,2021-01-13,888,projected
Broadland,2021-01-14,888,projected
Broadland,2021-01-15,888,projected
Broadland,2021-01-16,888,projected
Broadland,2021-01-17,888,projected
Broadland,2021-01-18,888,projected
Broadland,2021-01-19,888,projected
Broadland,2021-01-20,955,projected
Broadland,2021-01-21,955,projected
Broadland,2021-01-22,955,projected
Broadland,2021-01-23,955,projected
Broadland,2021-01-24,955,projected
Broadland,2021-01-25,955,projected
Broadland,2021-01-26,955,projected
Bromley,2020-09-23, 91,inferred
Bromley,2020-09-24, 91,inferred
Bromley,2020-09-25, 91,inferred
Bromley,2020-09-26, 91,inferred
Bromley,2020-09-27, 91,inferred
Bromley,2020-09-28, 91,inferred
Bromley,2020-09-29, 91,inferred
Bromley,2020-09-30,199,inferred
Bromley,2020-10-01,199,inferred
Bromley,2020-10-02,199,inferred
Bromley,2020-10-03,199,inferred
Bromley,2020-10-04,199,inferred
Bromley,2020-10-05,199,inferred
Bromley,2020-10-06,199,inferred
Bromley,2020-10-07,224,inferred
Bromley,2020-10-08,224,inferred
Bromley,2020-10-09,224,inferred
Bromley,2020-10-10,224,inferred
Bromley,2020-10-11,224,inferred
Bromley,2020-10-12,224,inferred
Bromley,2020-10-13,224,inferred
Bromley,2020-10-14,325,inferred
Bromley,2020-10-15,325,inferred
Bromley,2020-10-16,325,inferred
Bromley,2020-10-17,325,inferred
Bromley,2020-10-18,325,inferred
Bromley,2020-10-19,325,inferred
Bromley,2020-10-20,325,inferred
Bromley,2020-10-21,406,inferred
Bromley,2020-10-22,406,inferred
Bromley,2020-10-23,406,inferred
Bromley,2020-10-24,406,inferred
Bromley,2020-10-25,406,inferred
Bromley,2020-10-26,406,inferred
Bromley,2020-10-27,406,inferred
Bromley,2020-10-28,322,inferred
Bromley,2020-10-29,322,inferred
Bromley,2020-10-30,322,inferred
Bromley,2020-10-31,322,inferred
Bromley,2020-11-01,322,inferred
Bromley,2020-11-02,322,inferred
Bromley,2020-11-03,322,inferred
Bromley,2020-11-04,422,inferred
Bromley,2020-11-05,422,inferred
Bromley,2020-11-06,422,inferred
Bromley,2020-11-07,422,inferred
Bromley,2020-11-08,422,inferred
Bromley,2020-11-09,422,inferred
Bromley,2020-11-10,422,inferred
Bromley,2020-11-11,559,inferred
Bromley,2020-11-12,559,inferred
Bromley,2020-11-13,559,inferred
Bromley,2020-11-14,559,inferred
Bromley,2020-11-15,559,inferred
Bromley,2020-11-16,559,inferred
Bromley,2020-11-17,559,inferred
Bromley,2020-11-18,417,inferred
Bromley,2020-11-19,417,inferred
Bromley,2020-11-20,417,inferred
Bromley,2020-11-21,417,inferred
Bromley,2020-11-22,417,inferred
Bromley,2020-11-23,417,inferred
Bromley,2020-11-24,417,inferred
Bromley,2020-11-25,559,inferred
Bromley,2020-11-26,559,inferred
Bromley,2020-11-27,559,inferred
Bromley,2020-11-28,559,inferred
Bromley,2020-11-29,559,inferred
Bromley,2020-11-30,559,inferred
Bromley,2020-12-01,559,inferred
Bromley,2020-12-02,760,inferred
Bromley,2020-12-03,760,inferred
Bromley,2020-12-04,760,inferred
Bromley,2020-12-05,760,inferred
Bromley,2020-12-06,760,inferred
Bromley,2020-12-07,760,inferred
Bromley,2020-12-08,760,inferred
Bromley,2020-12-09,1615,inferred
Bromley,2020-12-10,1615,inferred
Bromley,2020-12-11,1615,inferred
Bromley,2020-12-12,1615,inferred
Bromley,2020-12-13,1615,inferred
Bromley,2020-12-14,1615,inferred
Bromley,2020-12-15,1615,inferred
Bromley,2020-12-16,3019,inferred
Bromley,2020-12-17,3019,inferred
Bromley,2020-12-18,3019,inferred
Bromley,2020-12-19,3019,inferred
Bromley,2020-12-20,3019,inferred
Bromley,2020-12-21,3019,inferred
Bromley,2020-12-22,3019,inferred
Bromley,2020-12-23,3352,inferred
Bromley,2020-12-24,3352,inferred
Bromley,2020-12-25,3352,inferred
Bromley,2020-12-26,3352,inferred
Bromley,2020-12-27,3352,inferred
Bromley,2020-12-28,3352,inferred
Bromley,2020-12-29,3352,inferred
Bromley,2020-12-30,3397,inferred
Bromley,2020-12-31,3397,inferred
Bromley,2021-01-01,3397,inferred
Bromley,2021-01-02,3397,inferred
Bromley,2021-01-03,3397,inferred
Bromley,2021-01-04,3397,inferred
Bromley,2021-01-05,3397,inferred
Bromley,2021-01-06,2638,projected
Bromley,2021-01-07,2638,projected
Bromley,2021-01-08,2638,projected
Bromley,2021-01-09,2638,projected
Bromley,2021-01-10,2638,projected
Bromley,2021-01-11,2638,projected
Bromley,2021-01-12,2638,projected
Bromley,2021-01-13,2018,projected
Bromley,2021-01-14,2018,projected
Bromley,2021-01-15,2018,projected
Bromley,2021-01-16,2018,projected
Bromley,2021-01-17,2018,projected
Bromley,2021-01-18,2018,projected
Bromley,2021-01-19,2018,projected
Bromley,2021-01-20,1540,projected
Bromley,2021-01-21,1540,projected
Bromley,2021-01-22,1540,projected
Bromley,2021-01-23,1540,projected
Bromley,2021-01-24,1540,projected
Bromley,2021-01-25,1540,projected
Bromley,2021-01-26,1540,projected
Bromsgrove,2020-09-23, 45,inferred
Bromsgrove,2020-09-24, 45,inferred
Bromsgrove,2020-09-25, 45,inferred
Bromsgrove,2020-09-26, 45,inferred
Bromsgrove,2020-09-27, 45,inferred
Bromsgrove,2020-09-28, 45,inferred
Bromsgrove,2020-09-29, 45,inferred
Bromsgrove,2020-09-30,117,inferred
Bromsgrove,2020-10-01,117,inferred
Bromsgrove,2020-10-02,117,inferred
Bromsgrove,2020-10-03,117,inferred
Bromsgrove,2020-10-04,117,inferred
Bromsgrove,2020-10-05,117,inferred
Bromsgrove,2020-10-06,117,inferred
Bromsgrove,2020-10-07,136,inferred
Bromsgrove,2020-10-08,136,inferred
Bromsgrove,2020-10-09,136,inferred
Bromsgrove,2020-10-10,136,inferred
Bromsgrove,2020-10-11,136,inferred
Bromsgrove,2020-10-12,136,inferred
Bromsgrove,2020-10-13,136,inferred
Bromsgrove,2020-10-14,161,inferred
Bromsgrove,2020-10-15,161,inferred
Bromsgrove,2020-10-16,161,inferred
Bromsgrove,2020-10-17,161,inferred
Bromsgrove,2020-10-18,161,inferred
Bromsgrove,2020-10-19,161,inferred
Bromsgrove,2020-10-20,161,inferred
Bromsgrove,2020-10-21,191,inferred
Bromsgrove,2020-10-22,191,inferred
Bromsgrove,2020-10-23,191,inferred
Bromsgrove,2020-10-24,191,inferred
Bromsgrove,2020-10-25,191,inferred
Bromsgrove,2020-10-26,191,inferred
Bromsgrove,2020-10-27,191,inferred
Bromsgrove,2020-10-28,207,inferred
Bromsgrove,2020-10-29,207,inferred
Bromsgrove,2020-10-30,207,inferred
Bromsgrove,2020-10-31,207,inferred
Bromsgrove,2020-11-01,207,inferred
Bromsgrove,2020-11-02,207,inferred
Bromsgrove,2020-11-03,207,inferred
Bromsgrove,2020-11-04,279,inferred
Bromsgrove,2020-11-05,279,inferred
Bromsgrove,2020-11-06,279,inferred
Bromsgrove,2020-11-07,279,inferred
Bromsgrove,2020-11-08,279,inferred
Bromsgrove,2020-11-09,279,inferred
Bromsgrove,2020-11-10,279,inferred
Bromsgrove,2020-11-11,260,inferred
Bromsgrove,2020-11-12,260,inferred
Bromsgrove,2020-11-13,260,inferred
Bromsgrove,2020-11-14,260,inferred
Bromsgrove,2020-11-15,260,inferred
Bromsgrove,2020-11-16,260,inferred
Bromsgrove,2020-11-17,260,inferred
Bromsgrove,2020-11-18,175,inferred
Bromsgrove,2020-11-19,175,inferred
Bromsgrove,2020-11-20,175,inferred
Bromsgrove,2020-11-21,175,inferred
Bromsgrove,2020-11-22,175,inferred
Bromsgrove,2020-11-23,175,inferred
Bromsgrove,2020-11-24,175,inferred
Bromsgrove,2020-11-25,122,inferred
Bromsgrove,2020-11-26,122,inferred
Bromsgrove,2020-11-27,122,inferred
Bromsgrove,2020-11-28,122,inferred
Bromsgrove,2020-11-29,122,inferred
Bromsgrove,2020-11-30,122,inferred
Bromsgrove,2020-12-01,122,inferred
Bromsgrove,2020-12-02,130,inferred
Bromsgrove,2020-12-03,130,inferred
Bromsgrove,2020-12-04,130,inferred
Bromsgrove,2020-12-05,130,inferred
Bromsgrove,2020-12-06,130,inferred
Bromsgrove,2020-12-07,130,inferred
Bromsgrove,2020-12-08,130,inferred
Bromsgrove,2020-12-09,233,inferred
Bromsgrove,2020-12-10,233,inferred
Bromsgrove,2020-12-11,233,inferred
Bromsgrove,2020-12-12,233,inferred
Bromsgrove,2020-12-13,233,inferred
Bromsgrove,2020-12-14,233,inferred
Bromsgrove,2020-12-15,233,inferred
Bromsgrove,2020-12-16,280,inferred
Bromsgrove,2020-12-17,280,inferred
Bromsgrove,2020-12-18,280,inferred
Bromsgrove,2020-12-19,280,inferred
Bromsgrove,2020-12-20,280,inferred
Bromsgrove,2020-12-21,280,inferred
Bromsgrove,2020-12-22,280,inferred
Bromsgrove,2020-12-23,356,inferred
Bromsgrove,2020-12-24,356,inferred
Bromsgrove,2020-12-25,356,inferred
Bromsgrove,2020-12-26,356,inferred
Bromsgrove,2020-12-27,356,inferred
Bromsgrove,2020-12-28,356,inferred
Bromsgrove,2020-12-29,356,inferred
Bromsgrove,2020-12-30,675,inferred
Bromsgrove,2020-12-31,675,inferred
Bromsgrove,2021-01-01,675,inferred
Bromsgrove,2021-01-02,675,inferred
Bromsgrove,2021-01-03,675,inferred
Bromsgrove,2021-01-04,675,inferred
Bromsgrove,2021-01-05,675,inferred
Bromsgrove,2021-01-06,701,projected
Bromsgrove,2021-01-07,701,projected
Bromsgrove,2021-01-08,701,projected
Bromsgrove,2021-01-09,701,projected
Bromsgrove,2021-01-10,701,projected
Bromsgrove,2021-01-11,701,projected
Bromsgrove,2021-01-12,701,projected
Bromsgrove,2021-01-13,712,projected
Bromsgrove,2021-01-14,712,projected
Bromsgrove,2021-01-15,712,projected
Bromsgrove,2021-01-16,712,projected
Bromsgrove,2021-01-17,712,projected
Bromsgrove,2021-01-18,712,projected
Bromsgrove,2021-01-19,712,projected
Bromsgrove,2021-01-20,760,projected
Bromsgrove,2021-01-21,760,projected
Bromsgrove,2021-01-22,760,projected
Bromsgrove,2021-01-23,760,projected
Bromsgrove,2021-01-24,760,projected
Bromsgrove,2021-01-25,760,projected
Bromsgrove,2021-01-26,760,projected
Broxbourne,2020-09-23, 41,inferred
Broxbourne,2020-09-24, 41,inferred
Broxbourne,2020-09-25, 41,inferred
Broxbourne,2020-09-26, 41,inferred
Broxbourne,2020-09-27, 41,inferred
Broxbourne,2020-09-28, 41,inferred
Broxbourne,2020-09-29, 41,inferred
Broxbourne,2020-09-30, 73,inferred
Broxbourne,2020-10-01, 73,inferred
Broxbourne,2020-10-02, 73,inferred
Broxbourne,2020-10-03, 73,inferred
Broxbourne,2020-10-04, 73,inferred
Broxbourne,2020-10-05, 73,inferred
Broxbourne,2020-10-06, 73,inferred
Broxbourne,2020-10-07, 97,inferred
Broxbourne,2020-10-08, 97,inferred
Broxbourne,2020-10-09, 97,inferred
Broxbourne,2020-10-10, 97,inferred
Broxbourne,2020-10-11, 97,inferred
Broxbourne,2020-10-12, 97,inferred
Broxbourne,2020-10-13, 97,inferred
Broxbourne,2020-10-14,119,inferred
Broxbourne,2020-10-15,119,inferred
Broxbourne,2020-10-16,119,inferred
Broxbourne,2020-10-17,119,inferred
Broxbourne,2020-10-18,119,inferred
Broxbourne,2020-10-19,119,inferred
Broxbourne,2020-10-20,119,inferred
Broxbourne,2020-10-21,175,inferred
Broxbourne,2020-10-22,175,inferred
Broxbourne,2020-10-23,175,inferred
Broxbourne,2020-10-24,175,inferred
Broxbourne,2020-10-25,175,inferred
Broxbourne,2020-10-26,175,inferred
Broxbourne,2020-10-27,175,inferred
Broxbourne,2020-10-28,183,inferred
Broxbourne,2020-10-29,183,inferred
Broxbourne,2020-10-30,183,inferred
Broxbourne,2020-10-31,183,inferred
Broxbourne,2020-11-01,183,inferred
Broxbourne,2020-11-02,183,inferred
Broxbourne,2020-11-03,183,inferred
Broxbourne,2020-11-04,222,inferred
Broxbourne,2020-11-05,222,inferred
Broxbourne,2020-11-06,222,inferred
Broxbourne,2020-11-07,222,inferred
Broxbourne,2020-11-08,222,inferred
Broxbourne,2020-11-09,222,inferred
Broxbourne,2020-11-10,222,inferred
Broxbourne,2020-11-11,207,inferred
Broxbourne,2020-11-12,207,inferred
Broxbourne,2020-11-13,207,inferred
Broxbourne,2020-11-14,207,inferred
Broxbourne,2020-11-15,207,inferred
Broxbourne,2020-11-16,207,inferred
Broxbourne,2020-11-17,207,inferred
Broxbourne,2020-11-18,187,inferred
Broxbourne,2020-11-19,187,inferred
Broxbourne,2020-11-20,187,inferred
Broxbourne,2020-11-21,187,inferred
Broxbourne,2020-11-22,187,inferred
Broxbourne,2020-11-23,187,inferred
Broxbourne,2020-11-24,187,inferred
Broxbourne,2020-11-25,193,inferred
Broxbourne,2020-11-26,193,inferred
Broxbourne,2020-11-27,193,inferred
Broxbourne,2020-11-28,193,inferred
Broxbourne,2020-11-29,193,inferred
Broxbourne,2020-11-30,193,inferred
Broxbourne,2020-12-01,193,inferred
Broxbourne,2020-12-02,348,inferred
Broxbourne,2020-12-03,348,inferred
Broxbourne,2020-12-04,348,inferred
Broxbourne,2020-12-05,348,inferred
Broxbourne,2020-12-06,348,inferred
Broxbourne,2020-12-07,348,inferred
Broxbourne,2020-12-08,348,inferred
Broxbourne,2020-12-09,694,inferred
Broxbourne,2020-12-10,694,inferred
Broxbourne,2020-12-11,694,inferred
Broxbourne,2020-12-12,694,inferred
Broxbourne,2020-12-13,694,inferred
Broxbourne,2020-12-14,694,inferred
Broxbourne,2020-12-15,694,inferred
Broxbourne,2020-12-16,1046,inferred
Broxbourne,2020-12-17,1046,inferred
Broxbourne,2020-12-18,1046,inferred
Broxbourne,2020-12-19,1046,inferred
Broxbourne,2020-12-20,1046,inferred
Broxbourne,2020-12-21,1046,inferred
Broxbourne,2020-12-22,1046,inferred
Broxbourne,2020-12-23,1261,inferred
Broxbourne,2020-12-24,1261,inferred
Broxbourne,2020-12-25,1261,inferred
Broxbourne,2020-12-26,1261,inferred
Broxbourne,2020-12-27,1261,inferred
Broxbourne,2020-12-28,1261,inferred
Broxbourne,2020-12-29,1261,inferred
Broxbourne,2020-12-30,1315,inferred
Broxbourne,2020-12-31,1315,inferred
Broxbourne,2021-01-01,1315,inferred
Broxbourne,2021-01-02,1315,inferred
Broxbourne,2021-01-03,1315,inferred
Broxbourne,2021-01-04,1315,inferred
Broxbourne,2021-01-05,1315,inferred
Broxbourne,2021-01-06,1055,projected
Broxbourne,2021-01-07,1055,projected
Broxbourne,2021-01-08,1055,projected
Broxbourne,2021-01-09,1055,projected
Broxbourne,2021-01-10,1055,projected
Broxbourne,2021-01-11,1055,projected
Broxbourne,2021-01-12,1055,projected
Broxbourne,2021-01-13,804,projected
Broxbourne,2021-01-14,804,projected
Broxbourne,2021-01-15,804,projected
Broxbourne,2021-01-16,804,projected
Broxbourne,2021-01-17,804,projected
Broxbourne,2021-01-18,804,projected
Broxbourne,2021-01-19,804,projected
Broxbourne,2021-01-20,646,projected
Broxbourne,2021-01-21,646,projected
Broxbourne,2021-01-22,646,projected
Broxbourne,2021-01-23,646,projected
Broxbourne,2021-01-24,646,projected
Broxbourne,2021-01-25,646,projected
Broxbourne,2021-01-26,646,projected
Broxtowe,2020-09-23, 86,inferred
Broxtowe,2020-09-24, 86,inferred
Broxtowe,2020-09-25, 86,inferred
Broxtowe,2020-09-26, 86,inferred
Broxtowe,2020-09-27, 86,inferred
Broxtowe,2020-09-28, 86,inferred
Broxtowe,2020-09-29, 86,inferred
Broxtowe,2020-09-30,359,inferred
Broxtowe,2020-10-01,359,inferred
Broxtowe,2020-10-02,359,inferred
Broxtowe,2020-10-03,359,inferred
Broxtowe,2020-10-04,359,inferred
Broxtowe,2020-10-05,359,inferred
Broxtowe,2020-10-06,359,inferred
Broxtowe,2020-10-07,385,inferred
Broxtowe,2020-10-08,385,inferred
Broxtowe,2020-10-09,385,inferred
Broxtowe,2020-10-10,385,inferred
Broxtowe,2020-10-11,385,inferred
Broxtowe,2020-10-12,385,inferred
Broxtowe,2020-10-13,385,inferred
Broxtowe,2020-10-14,406,inferred
Broxtowe,2020-10-15,406,inferred
Broxtowe,2020-10-16,406,inferred
Broxtowe,2020-10-17,406,inferred
Broxtowe,2020-10-18,406,inferred
Broxtowe,2020-10-19,406,inferred
Broxtowe,2020-10-20,406,inferred
Broxtowe,2020-10-21,363,inferred
Broxtowe,2020-10-22,363,inferred
Broxtowe,2020-10-23,363,inferred
Broxtowe,2020-10-24,363,inferred
Broxtowe,2020-10-25,363,inferred
Broxtowe,2020-10-26,363,inferred
Broxtowe,2020-10-27,363,inferred
Broxtowe,2020-10-28,365,inferred
Broxtowe,2020-10-29,365,inferred
Broxtowe,2020-10-30,365,inferred
Broxtowe,2020-10-31,365,inferred
Broxtowe,2020-11-01,365,inferred
Broxtowe,2020-11-02,365,inferred
Broxtowe,2020-11-03,365,inferred
Broxtowe,2020-11-04,273,inferred
Broxtowe,2020-11-05,273,inferred
Broxtowe,2020-11-06,273,inferred
Broxtowe,2020-11-07,273,inferred
Broxtowe,2020-11-08,273,inferred
Broxtowe,2020-11-09,273,inferred
Broxtowe,2020-11-10,273,inferred
Broxtowe,2020-11-11,231,inferred
Broxtowe,2020-11-12,231,inferred
Broxtowe,2020-11-13,231,inferred
Broxtowe,2020-11-14,231,inferred
Broxtowe,2020-11-15,231,inferred
Broxtowe,2020-11-16,231,inferred
Broxtowe,2020-11-17,231,inferred
Broxtowe,2020-11-18,155,inferred
Broxtowe,2020-11-19,155,inferred
Broxtowe,2020-11-20,155,inferred
Broxtowe,2020-11-21,155,inferred
Broxtowe,2020-11-22,155,inferred
Broxtowe,2020-11-23,155,inferred
Broxtowe,2020-11-24,155,inferred
Broxtowe,2020-11-25,156,inferred
Broxtowe,2020-11-26,156,inferred
Broxtowe,2020-11-27,156,inferred
Broxtowe,2020-11-28,156,inferred
Broxtowe,2020-11-29,156,inferred
Broxtowe,2020-11-30,156,inferred
Broxtowe,2020-12-01,156,inferred
Broxtowe,2020-12-02,130,inferred
Broxtowe,2020-12-03,130,inferred
Broxtowe,2020-12-04,130,inferred
Broxtowe,2020-12-05,130,inferred
Broxtowe,2020-12-06,130,inferred
Broxtowe,2020-12-07,130,inferred
Broxtowe,2020-12-08,130,inferred
Broxtowe,2020-12-09,172,inferred
Broxtowe,2020-12-10,172,inferred
Broxtowe,2020-12-11,172,inferred
Broxtowe,2020-12-12,172,inferred
Broxtowe,2020-12-13,172,inferred
Broxtowe,2020-12-14,172,inferred
Broxtowe,2020-12-15,172,inferred
Broxtowe,2020-12-16,229,inferred
Broxtowe,2020-12-17,229,inferred
Broxtowe,2020-12-18,229,inferred
Broxtowe,2020-12-19,229,inferred
Broxtowe,2020-12-20,229,inferred
Broxtowe,2020-12-21,229,inferred
Broxtowe,2020-12-22,229,inferred
Broxtowe,2020-12-23,290,inferred
Broxtowe,2020-12-24,290,inferred
Broxtowe,2020-12-25,290,inferred
Broxtowe,2020-12-26,290,inferred
Broxtowe,2020-12-27,290,inferred
Broxtowe,2020-12-28,290,inferred
Broxtowe,2020-12-29,290,inferred
Broxtowe,2020-12-30,424,inferred
Broxtowe,2020-12-31,424,inferred
Broxtowe,2021-01-01,424,inferred
Broxtowe,2021-01-02,424,inferred
Broxtowe,2021-01-03,424,inferred
Broxtowe,2021-01-04,424,inferred
Broxtowe,2021-01-05,424,inferred
Broxtowe,2021-01-06,413,projected
Broxtowe,2021-01-07,413,projected
Broxtowe,2021-01-08,413,projected
Broxtowe,2021-01-09,413,projected
Broxtowe,2021-01-10,413,projected
Broxtowe,2021-01-11,413,projected
Broxtowe,2021-01-12,413,projected
Broxtowe,2021-01-13,392,projected
Broxtowe,2021-01-14,392,projected
Broxtowe,2021-01-15,392,projected
Broxtowe,2021-01-16,392,projected
Broxtowe,2021-01-17,392,projected
Broxtowe,2021-01-18,392,projected
Broxtowe,2021-01-19,392,projected
Broxtowe,2021-01-20,389,projected
Broxtowe,2021-01-21,389,projected
Broxtowe,2021-01-22,389,projected
Broxtowe,2021-01-23,389,projected
Broxtowe,2021-01-24,389,projected
Broxtowe,2021-01-25,389,projected
Broxtowe,2021-01-26,389,projected
Buckinghamshire,2020-09-23,122,inferred
Buckinghamshire,2020-09-24,122,inferred
Buckinghamshire,2020-09-25,122,inferred
Buckinghamshire,2020-09-26,122,inferred
Buckinghamshire,2020-09-27,122,inferred
Buckinghamshire,2020-09-28,122,inferred
Buckinghamshire,2020-09-29,122,inferred
Buckinghamshire,2020-09-30,247,inferred
Buckinghamshire,2020-10-01,247,inferred
Buckinghamshire,2020-10-02,247,inferred
Buckinghamshire,2020-10-03,247,inferred
Buckinghamshire,2020-10-04,247,inferred
Buckinghamshire,2020-10-05,247,inferred
Buckinghamshire,2020-10-06,247,inferred
Buckinghamshire,2020-10-07,405,inferred
Buckinghamshire,2020-10-08,405,inferred
Buckinghamshire,2020-10-09,405,inferred
Buckinghamshire,2020-10-10,405,inferred
Buckinghamshire,2020-10-11,405,inferred
Buckinghamshire,2020-10-12,405,inferred
Buckinghamshire,2020-10-13,405,inferred
Buckinghamshire,2020-10-14,522,inferred
Buckinghamshire,2020-10-15,522,inferred
Buckinghamshire,2020-10-16,522,inferred
Buckinghamshire,2020-10-17,522,inferred
Buckinghamshire,2020-10-18,522,inferred
Buckinghamshire,2020-10-19,522,inferred
Buckinghamshire,2020-10-20,522,inferred
Buckinghamshire,2020-10-21,615,inferred
Buckinghamshire,2020-10-22,615,inferred
Buckinghamshire,2020-10-23,615,inferred
Buckinghamshire,2020-10-24,615,inferred
Buckinghamshire,2020-10-25,615,inferred
Buckinghamshire,2020-10-26,615,inferred
Buckinghamshire,2020-10-27,615,inferred
Buckinghamshire,2020-10-28,733,inferred
Buckinghamshire,2020-10-29,733,inferred
Buckinghamshire,2020-10-30,733,inferred
Buckinghamshire,2020-10-31,733,inferred
Buckinghamshire,2020-11-01,733,inferred
Buckinghamshire,2020-11-02,733,inferred
Buckinghamshire,2020-11-03,733,inferred
Buckinghamshire,2020-11-04,813,inferred
Buckinghamshire,2020-11-05,813,inferred
Buckinghamshire,2020-11-06,813,inferred
Buckinghamshire,2020-11-07,813,inferred
Buckinghamshire,2020-11-08,813,inferred
Buckinghamshire,2020-11-09,813,inferred
Buckinghamshire,2020-11-10,813,inferred
Buckinghamshire,2020-11-11,847,inferred
Buckinghamshire,2020-11-12,847,inferred
Buckinghamshire,2020-11-13,847,inferred
Buckinghamshire,2020-11-14,847,inferred
Buckinghamshire,2020-11-15,847,inferred
Buckinghamshire,2020-11-16,847,inferred
Buckinghamshire,2020-11-17,847,inferred
Buckinghamshire,2020-11-18,631,inferred
Buckinghamshire,2020-11-19,631,inferred
Buckinghamshire,2020-11-20,631,inferred
Buckinghamshire,2020-11-21,631,inferred
Buckinghamshire,2020-11-22,631,inferred
Buckinghamshire,2020-11-23,631,inferred
Buckinghamshire,2020-11-24,631,inferred
Buckinghamshire,2020-11-25,679,inferred
Buckinghamshire,2020-11-26,679,inferred
Buckinghamshire,2020-11-27,679,inferred
Buckinghamshire,2020-11-28,679,inferred
Buckinghamshire,2020-11-29,679,inferred
Buckinghamshire,2020-11-30,679,inferred
Buckinghamshire,2020-12-01,679,inferred
Buckinghamshire,2020-12-02,909,inferred
Buckinghamshire,2020-12-03,909,inferred
Buckinghamshire,2020-12-04,909,inferred
Buckinghamshire,2020-12-05,909,inferred
Buckinghamshire,2020-12-06,909,inferred
Buckinghamshire,2020-12-07,909,inferred
Buckinghamshire,2020-12-08,909,inferred
Buckinghamshire,2020-12-09,1569,inferred
Buckinghamshire,2020-12-10,1569,inferred
Buckinghamshire,2020-12-11,1569,inferred
Buckinghamshire,2020-12-12,1569,inferred
Buckinghamshire,2020-12-13,1569,inferred
Buckinghamshire,2020-12-14,1569,inferred
Buckinghamshire,2020-12-15,1569,inferred
Buckinghamshire,2020-12-16,2663,inferred
Buckinghamshire,2020-12-17,2663,inferred
Buckinghamshire,2020-12-18,2663,inferred
Buckinghamshire,2020-12-19,2663,inferred
Buckinghamshire,2020-12-20,2663,inferred
Buckinghamshire,2020-12-21,2663,inferred
Buckinghamshire,2020-12-22,2663,inferred
Buckinghamshire,2020-12-23,3335,inferred
Buckinghamshire,2020-12-24,3335,inferred
Buckinghamshire,2020-12-25,3335,inferred
Buckinghamshire,2020-12-26,3335,inferred
Buckinghamshire,2020-12-27,3335,inferred
Buckinghamshire,2020-12-28,3335,inferred
Buckinghamshire,2020-12-29,3335,inferred
Buckinghamshire,2020-12-30,3578,inferred
Buckinghamshire,2020-12-31,3578,inferred
Buckinghamshire,2021-01-01,3578,inferred
Buckinghamshire,2021-01-02,3578,inferred
Buckinghamshire,2021-01-03,3578,inferred
Buckinghamshire,2021-01-04,3578,inferred
Buckinghamshire,2021-01-05,3578,inferred
Buckinghamshire,2021-01-06,3272,projected
Buckinghamshire,2021-01-07,3272,projected
Buckinghamshire,2021-01-08,3272,projected
Buckinghamshire,2021-01-09,3272,projected
Buckinghamshire,2021-01-10,3272,projected
Buckinghamshire,2021-01-11,3272,projected
Buckinghamshire,2021-01-12,3272,projected
Buckinghamshire,2021-01-13,2862,projected
Buckinghamshire,2021-01-14,2862,projected
Buckinghamshire,2021-01-15,2862,projected
Buckinghamshire,2021-01-16,2862,projected
Buckinghamshire,2021-01-17,2862,projected
Buckinghamshire,2021-01-18,2862,projected
Buckinghamshire,2021-01-19,2862,projected
Buckinghamshire,2021-01-20,2569,projected
Buckinghamshire,2021-01-21,2569,projected
Buckinghamshire,2021-01-22,2569,projected
Buckinghamshire,2021-01-23,2569,projected
Buckinghamshire,2021-01-24,2569,projected
Buckinghamshire,2021-01-25,2569,projected
Buckinghamshire,2021-01-26,2569,projected
Burnley,2020-09-23,361,inferred
Burnley,2020-09-24,361,inferred
Burnley,2020-09-25,361,inferred
Burnley,2020-09-26,361,inferred
Burnley,2020-09-27,361,inferred
Burnley,2020-09-28,361,inferred
Burnley,2020-09-29,361,inferred
Burnley,2020-09-30,425,inferred
Burnley,2020-10-01,425,inferred
Burnley,2020-10-02,425,inferred
Burnley,2020-10-03,425,inferred
Burnley,2020-10-04,425,inferred
Burnley,2020-10-05,425,inferred
Burnley,2020-10-06,425,inferred
Burnley,2020-10-07,488,inferred
Burnley,2020-10-08,488,inferred
Burnley,2020-10-09,488,inferred
Burnley,2020-10-10,488,inferred
Burnley,2020-10-11,488,inferred
Burnley,2020-10-12,488,inferred
Burnley,2020-10-13,488,inferred
Burnley,2020-10-14,437,inferred
Burnley,2020-10-15,437,inferred
Burnley,2020-10-16,437,inferred
Burnley,2020-10-17,437,inferred
Burnley,2020-10-18,437,inferred
Burnley,2020-10-19,437,inferred
Burnley,2020-10-20,437,inferred
Burnley,2020-10-21,333,inferred
Burnley,2020-10-22,333,inferred
Burnley,2020-10-23,333,inferred
Burnley,2020-10-24,333,inferred
Burnley,2020-10-25,333,inferred
Burnley,2020-10-26,333,inferred
Burnley,2020-10-27,333,inferred
Burnley,2020-10-28,322,inferred
Burnley,2020-10-29,322,inferred
Burnley,2020-10-30,322,inferred
Burnley,2020-10-31,322,inferred
Burnley,2020-11-01,322,inferred
Burnley,2020-11-02,322,inferred
Burnley,2020-11-03,322,inferred
Burnley,2020-11-04,392,inferred
Burnley,2020-11-05,392,inferred
Burnley,2020-11-06,392,inferred
Burnley,2020-11-07,392,inferred
Burnley,2020-11-08,392,inferred
Burnley,2020-11-09,392,inferred
Burnley,2020-11-10,392,inferred
Burnley,2020-11-11,364,inferred
Burnley,2020-11-12,364,inferred
Burnley,2020-11-13,364,inferred
Burnley,2020-11-14,364,inferred
Burnley,2020-11-15,364,inferred
Burnley,2020-11-16,364,inferred
Burnley,2020-11-17,364,inferred
Burnley,2020-11-18,277,inferred
Burnley,2020-11-19,277,inferred
Burnley,2020-11-20,277,inferred
Burnley,2020-11-21,277,inferred
Burnley,2020-11-22,277,inferred
Burnley,2020-11-23,277,inferred
Burnley,2020-11-24,277,inferred
Burnley,2020-11-25,242,inferred
Burnley,2020-11-26,242,inferred
Burnley,2020-11-27,242,inferred
Burnley,2020-11-28,242,inferred
Burnley,2020-11-29,242,inferred
Burnley,2020-11-30,242,inferred
Burnley,2020-12-01,242,inferred
Burnley,2020-12-02,256,inferred
Burnley,2020-12-03,256,inferred
Burnley,2020-12-04,256,inferred
Burnley,2020-12-05,256,inferred
Burnley,2020-12-06,256,inferred
Burnley,2020-12-07,256,inferred
Burnley,2020-12-08,256,inferred
Burnley,2020-12-09,334,inferred
Burnley,2020-12-10,334,inferred
Burnley,2020-12-11,334,inferred
Burnley,2020-12-12,334,inferred
Burnley,2020-12-13,334,inferred
Burnley,2020-12-14,334,inferred
Burnley,2020-12-15,334,inferred
Burnley,2020-12-16,439,inferred
Burnley,2020-12-17,439,inferred
Burnley,2020-12-18,439,inferred
Burnley,2020-12-19,439,inferred
Burnley,2020-12-20,439,inferred
Burnley,2020-12-21,439,inferred
Burnley,2020-12-22,439,inferred
Burnley,2020-12-23,552,inferred
Burnley,2020-12-24,552,inferred
Burnley,2020-12-25,552,inferred
Burnley,2020-12-26,552,inferred
Burnley,2020-12-27,552,inferred
Burnley,2020-12-28,552,inferred
Burnley,2020-12-29,552,inferred
Burnley,2020-12-30,881,inferred
Burnley,2020-12-31,881,inferred
Burnley,2021-01-01,881,inferred
Burnley,2021-01-02,881,inferred
Burnley,2021-01-03,881,inferred
Burnley,2021-01-04,881,inferred
Burnley,2021-01-05,881,inferred
Burnley,2021-01-06,1058,projected
Burnley,2021-01-07,1058,projected
Burnley,2021-01-08,1058,projected
Burnley,2021-01-09,1058,projected
Burnley,2021-01-10,1058,projected
Burnley,2021-01-11,1058,projected
Burnley,2021-01-12,1058,projected
Burnley,2021-01-13,1203,projected
Burnley,2021-01-14,1203,projected
Burnley,2021-01-15,1203,projected
Burnley,2021-01-16,1203,projected
Burnley,2021-01-17,1203,projected
Burnley,2021-01-18,1203,projected
Burnley,2021-01-19,1203,projected
Burnley,2021-01-20,1404,projected
Burnley,2021-01-21,1404,projected
Burnley,2021-01-22,1404,projected
Burnley,2021-01-23,1404,projected
Burnley,2021-01-24,1404,projected
Burnley,2021-01-25,1404,projected
Burnley,2021-01-26,1404,projected
Bury,2020-09-23,445,inferred
Bury,2020-09-24,445,inferred
Bury,2020-09-25,445,inferred
Bury,2020-09-26,445,inferred
Bury,2020-09-27,445,inferred
Bury,2020-09-28,445,inferred
Bury,2020-09-29,445,inferred
Bury,2020-09-30,588,inferred
Bury,2020-10-01,588,inferred
Bury,2020-10-02,588,inferred
Bury,2020-10-03,588,inferred
Bury,2020-10-04,588,inferred
Bury,2020-10-05,588,inferred
Bury,2020-10-06,588,inferred
Bury,2020-10-07,754,inferred
Bury,2020-10-08,754,inferred
Bury,2020-10-09,754,inferred
Bury,2020-10-10,754,inferred
Bury,2020-10-11,754,inferred
Bury,2020-10-12,754,inferred
Bury,2020-10-13,754,inferred
Bury,2020-10-14,897,inferred
Bury,2020-10-15,897,inferred
Bury,2020-10-16,897,inferred
Bury,2020-10-17,897,inferred
Bury,2020-10-18,897,inferred
Bury,2020-10-19,897,inferred
Bury,2020-10-20,897,inferred
Bury,2020-10-21,1018,inferred
Bury,2020-10-22,1018,inferred
Bury,2020-10-23,1018,inferred
Bury,2020-10-24,1018,inferred
Bury,2020-10-25,1018,inferred
Bury,2020-10-26,1018,inferred
Bury,2020-10-27,1018,inferred
Bury,2020-10-28,1159,inferred
Bury,2020-10-29,1159,inferred
Bury,2020-10-30,1159,inferred
Bury,2020-10-31,1159,inferred
Bury,2020-11-01,1159,inferred
Bury,2020-11-02,1159,inferred
Bury,2020-11-03,1159,inferred
Bury,2020-11-04,1010,inferred
Bury,2020-11-05,1010,inferred
Bury,2020-11-06,1010,inferred
Bury,2020-11-07,1010,inferred
Bury,2020-11-08,1010,inferred
Bury,2020-11-09,1010,inferred
Bury,2020-11-10,1010,inferred
Bury,2020-11-11,761,inferred
Bury,2020-11-12,761,inferred
Bury,2020-11-13,761,inferred
Bury,2020-11-14,761,inferred
Bury,2020-11-15,761,inferred
Bury,2020-11-16,761,inferred
Bury,2020-11-17,761,inferred
Bury,2020-11-18,500,inferred
Bury,2020-11-19,500,inferred
Bury,2020-11-20,500,inferred
Bury,2020-11-21,500,inferred
Bury,2020-11-22,500,inferred
Bury,2020-11-23,500,inferred
Bury,2020-11-24,500,inferred
Bury,2020-11-25,416,inferred
Bury,2020-11-26,416,inferred
Bury,2020-11-27,416,inferred
Bury,2020-11-28,416,inferred
Bury,2020-11-29,416,inferred
Bury,2020-11-30,416,inferred
Bury,2020-12-01,416,inferred
Bury,2020-12-02,424,inferred
Bury,2020-12-03,424,inferred
Bury,2020-12-04,424,inferred
Bury,2020-12-05,424,inferred
Bury,2020-12-06,424,inferred
Bury,2020-12-07,424,inferred
Bury,2020-12-08,424,inferred
Bury,2020-12-09,377,inferred
Bury,2020-12-10,377,inferred
Bury,2020-12-11,377,inferred
Bury,2020-12-12,377,inferred
Bury,2020-12-13,377,inferred
Bury,2020-12-14,377,inferred
Bury,2020-12-15,377,inferred
Bury,2020-12-16,433,inferred
Bury,2020-12-17,433,inferred
Bury,2020-12-18,433,inferred
Bury,2020-12-19,433,inferred
Bury,2020-12-20,433,inferred
Bury,2020-12-21,433,inferred
Bury,2020-12-22,433,inferred
Bury,2020-12-23,579,inferred
Bury,2020-12-24,579,inferred
Bury,2020-12-25,579,inferred
Bury,2020-12-26,579,inferred
Bury,2020-12-27,579,inferred
Bury,2020-12-28,579,inferred
Bury,2020-12-29,579,inferred
Bury,2020-12-30,830,inferred
Bury,2020-12-31,830,inferred
Bury,2021-01-01,830,inferred
Bury,2021-01-02,830,inferred
Bury,2021-01-03,830,inferred
Bury,2021-01-04,830,inferred
Bury,2021-01-05,830,inferred
Bury,2021-01-06,981,projected
Bury,2021-01-07,981,projected
Bury,2021-01-08,981,projected
Bury,2021-01-09,981,projected
Bury,2021-01-10,981,projected
Bury,2021-01-11,981,projected
Bury,2021-01-12,981,projected
Bury,2021-01-13,1110,projected
Bury,2021-01-14,1110,projected
Bury,2021-01-15,1110,projected
Bury,2021-01-16,1110,projected
Bury,2021-01-17,1110,projected
Bury,2021-01-18,1110,projected
Bury,2021-01-19,1110,projected
Bury,2021-01-20,1267,projected
Bury,2021-01-21,1267,projected
Bury,2021-01-22,1267,projected
Bury,2021-01-23,1267,projected
Bury,2021-01-24,1267,projected
Bury,2021-01-25,1267,projected
Bury,2021-01-26,1267,projected
Caerphilly,2020-09-23, 94,inferred
Caerphilly,2020-09-24, 94,inferred
Caerphilly,2020-09-25, 94,inferred
Caerphilly,2020-09-26, 94,inferred
Caerphilly,2020-09-27, 94,inferred
Caerphilly,2020-09-28, 94,inferred
Caerphilly,2020-09-29, 94,inferred
Caerphilly,2020-09-30,167,inferred
Caerphilly,2020-10-01,167,inferred
Caerphilly,2020-10-02,167,inferred
Caerphilly,2020-10-03,167,inferred
Caerphilly,2020-10-04,167,inferred
Caerphilly,2020-10-05,167,inferred
Caerphilly,2020-10-06,167,inferred
Caerphilly,2020-10-07,256,inferred
Caerphilly,2020-10-08,256,inferred
Caerphilly,2020-10-09,256,inferred
Caerphilly,2020-10-10,256,inferred
Caerphilly,2020-10-11,256,inferred
Caerphilly,2020-10-12,256,inferred
Caerphilly,2020-10-13,256,inferred
Caerphilly,2020-10-14,385,inferred
Caerphilly,2020-10-15,385,inferred
Caerphilly,2020-10-16,385,inferred
Caerphilly,2020-10-17,385,inferred
Caerphilly,2020-10-18,385,inferred
Caerphilly,2020-10-19,385,inferred
Caerphilly,2020-10-20,385,inferred
Caerphilly,2020-10-21,565,inferred
Caerphilly,2020-10-22,565,inferred
Caerphilly,2020-10-23,565,inferred
Caerphilly,2020-10-24,565,inferred
Caerphilly,2020-10-25,565,inferred
Caerphilly,2020-10-26,565,inferred
Caerphilly,2020-10-27,565,inferred
Caerphilly,2020-10-28,607,inferred
Caerphilly,2020-10-29,607,inferred
Caerphilly,2020-10-30,607,inferred
Caerphilly,2020-10-31,607,inferred
Caerphilly,2020-11-01,607,inferred
Caerphilly,2020-11-02,607,inferred
Caerphilly,2020-11-03,607,inferred
Caerphilly,2020-11-04,462,inferred
Caerphilly,2020-11-05,462,inferred
Caerphilly,2020-11-06,462,inferred
Caerphilly,2020-11-07,462,inferred
Caerphilly,2020-11-08,462,inferred
Caerphilly,2020-11-09,462,inferred
Caerphilly,2020-11-10,462,inferred
Caerphilly,2020-11-11,459,inferred
Caerphilly,2020-11-12,459,inferred
Caerphilly,2020-11-13,459,inferred
Caerphilly,2020-11-14,459,inferred
Caerphilly,2020-11-15,459,inferred
Caerphilly,2020-11-16,459,inferred
Caerphilly,2020-11-17,459,inferred
Caerphilly,2020-11-18,502,inferred
Caerphilly,2020-11-19,502,inferred
Caerphilly,2020-11-20,502,inferred
Caerphilly,2020-11-21,502,inferred
Caerphilly,2020-11-22,502,inferred
Caerphilly,2020-11-23,502,inferred
Caerphilly,2020-11-24,502,inferred
Caerphilly,2020-11-25,619,inferred
Caerphilly,2020-11-26,619,inferred
Caerphilly,2020-11-27,619,inferred
Caerphilly,2020-11-28,619,inferred
Caerphilly,2020-11-29,619,inferred
Caerphilly,2020-11-30,619,inferred
Caerphilly,2020-12-01,619,inferred
Caerphilly,2020-12-02,1133,inferred
Caerphilly,2020-12-03,1133,inferred
Caerphilly,2020-12-04,1133,inferred
Caerphilly,2020-12-05,1133,inferred
Caerphilly,2020-12-06,1133,inferred
Caerphilly,2020-12-07,1133,inferred
Caerphilly,2020-12-08,1133,inferred
Caerphilly,2020-12-09,1555,inferred
Caerphilly,2020-12-10,1555,inferred
Caerphilly,2020-12-11,1555,inferred
Caerphilly,2020-12-12,1555,inferred
Caerphilly,2020-12-13,1555,inferred
Caerphilly,2020-12-14,1555,inferred
Caerphilly,2020-12-15,1555,inferred
Caerphilly,2020-12-16,1211,inferred
Caerphilly,2020-12-17,1211,inferred
Caerphilly,2020-12-18,1211,inferred
Caerphilly,2020-12-19,1211,inferred
Caerphilly,2020-12-20,1211,inferred
Caerphilly,2020-12-21,1211,inferred
Caerphilly,2020-12-22,1211,inferred
Caerphilly,2020-12-23,922,inferred
Caerphilly,2020-12-24,922,inferred
Caerphilly,2020-12-25,922,inferred
Caerphilly,2020-12-26,922,inferred
Caerphilly,2020-12-27,922,inferred
Caerphilly,2020-12-28,922,inferred
Caerphilly,2020-12-29,922,inferred
Caerphilly,2020-12-30,769,inferred
Caerphilly,2020-12-31,769,inferred
Caerphilly,2021-01-01,769,inferred
Caerphilly,2021-01-02,769,inferred
Caerphilly,2021-01-03,769,inferred
Caerphilly,2021-01-04,769,inferred
Caerphilly,2021-01-05,769,inferred
Caerphilly,2021-01-06,677,projected
Caerphilly,2021-01-07,677,projected
Caerphilly,2021-01-08,677,projected
Caerphilly,2021-01-09,677,projected
Caerphilly,2021-01-10,677,projected
Caerphilly,2021-01-11,677,projected
Caerphilly,2021-01-12,677,projected
Caerphilly,2021-01-13,607,projected
Caerphilly,2021-01-14,607,projected
Caerphilly,2021-01-15,607,projected
Caerphilly,2021-01-16,607,projected
Caerphilly,2021-01-17,607,projected
Caerphilly,2021-01-18,607,projected
Caerphilly,2021-01-19,607,projected
Caerphilly,2021-01-20,575,projected
Caerphilly,2021-01-21,575,projected
Caerphilly,2021-01-22,575,projected
Caerphilly,2021-01-23,575,projected
Caerphilly,2021-01-24,575,projected
Caerphilly,2021-01-25,575,projected
Caerphilly,2021-01-26,575,projected
Calderdale,2020-09-23,211,inferred
Calderdale,2020-09-24,211,inferred
Calderdale,2020-09-25,211,inferred
Calderdale,2020-09-26,211,inferred
Calderdale,2020-09-27,211,inferred
Calderdale,2020-09-28,211,inferred
Calderdale,2020-09-29,211,inferred
Calderdale,2020-09-30,406,inferred
Calderdale,2020-10-01,406,inferred
Calderdale,2020-10-02,406,inferred
Calderdale,2020-10-03,406,inferred
Calderdale,2020-10-04,406,inferred
Calderdale,2020-10-05,406,inferred
Calderdale,2020-10-06,406,inferred
Calderdale,2020-10-07,506,inferred
Calderdale,2020-10-08,506,inferred
Calderdale,2020-10-09,506,inferred
Calderdale,2020-10-10,506,inferred
Calderdale,2020-10-11,506,inferred
Calderdale,2020-10-12,506,inferred
Calderdale,2020-10-13,506,inferred
Calderdale,2020-10-14,805,inferred
Calderdale,2020-10-15,805,inferred
Calderdale,2020-10-16,805,inferred
Calderdale,2020-10-17,805,inferred
Calderdale,2020-10-18,805,inferred
Calderdale,2020-10-19,805,inferred
Calderdale,2020-10-20,805,inferred
Calderdale,2020-10-21,835,inferred
Calderdale,2020-10-22,835,inferred
Calderdale,2020-10-23,835,inferred
Calderdale,2020-10-24,835,inferred
Calderdale,2020-10-25,835,inferred
Calderdale,2020-10-26,835,inferred
Calderdale,2020-10-27,835,inferred
Calderdale,2020-10-28,889,inferred
Calderdale,2020-10-29,889,inferred
Calderdale,2020-10-30,889,inferred
Calderdale,2020-10-31,889,inferred
Calderdale,2020-11-01,889,inferred
Calderdale,2020-11-02,889,inferred
Calderdale,2020-11-03,889,inferred
Calderdale,2020-11-04,1017,inferred
Calderdale,2020-11-05,1017,inferred
Calderdale,2020-11-06,1017,inferred
Calderdale,2020-11-07,1017,inferred
Calderdale,2020-11-08,1017,inferred
Calderdale,2020-11-09,1017,inferred
Calderdale,2020-11-10,1017,inferred
Calderdale,2020-11-11,910,inferred
Calderdale,2020-11-12,910,inferred
Calderdale,2020-11-13,910,inferred
Calderdale,2020-11-14,910,inferred
Calderdale,2020-11-15,910,inferred
Calderdale,2020-11-16,910,inferred
Calderdale,2020-11-17,910,inferred
Calderdale,2020-11-18,564,inferred
Calderdale,2020-11-19,564,inferred
Calderdale,2020-11-20,564,inferred
Calderdale,2020-11-21,564,inferred
Calderdale,2020-11-22,564,inferred
Calderdale,2020-11-23,564,inferred
Calderdale,2020-11-24,564,inferred
Calderdale,2020-11-25,500,inferred
Calderdale,2020-11-26,500,inferred
Calderdale,2020-11-27,500,inferred
Calderdale,2020-11-28,500,inferred
Calderdale,2020-11-29,500,inferred
Calderdale,2020-11-30,500,inferred
Calderdale,2020-12-01,500,inferred
Calderdale,2020-12-02,364,inferred
Calderdale,2020-12-03,364,inferred
Calderdale,2020-12-04,364,inferred
Calderdale,2020-12-05,364,inferred
Calderdale,2020-12-06,364,inferred
Calderdale,2020-12-07,364,inferred
Calderdale,2020-12-08,364,inferred
Calderdale,2020-12-09,337,inferred
Calderdale,2020-12-10,337,inferred
Calderdale,2020-12-11,337,inferred
Calderdale,2020-12-12,337,inferred
Calderdale,2020-12-13,337,inferred
Calderdale,2020-12-14,337,inferred
Calderdale,2020-12-15,337,inferred
Calderdale,2020-12-16,355,inferred
Calderdale,2020-12-17,355,inferred
Calderdale,2020-12-18,355,inferred
Calderdale,2020-12-19,355,inferred
Calderdale,2020-12-20,355,inferred
Calderdale,2020-12-21,355,inferred
Calderdale,2020-12-22,355,inferred
Calderdale,2020-12-23,422,inferred
Calderdale,2020-12-24,422,inferred
Calderdale,2020-12-25,422,inferred
Calderdale,2020-12-26,422,inferred
Calderdale,2020-12-27,422,inferred
Calderdale,2020-12-28,422,inferred
Calderdale,2020-12-29,422,inferred
Calderdale,2020-12-30,652,inferred
Calderdale,2020-12-31,652,inferred
Calderdale,2021-01-01,652,inferred
Calderdale,2021-01-02,652,inferred
Calderdale,2021-01-03,652,inferred
Calderdale,2021-01-04,652,inferred
Calderdale,2021-01-05,652,inferred
Calderdale,2021-01-06,612,projected
Calderdale,2021-01-07,612,projected
Calderdale,2021-01-08,612,projected
Calderdale,2021-01-09,612,projected
Calderdale,2021-01-10,612,projected
Calderdale,2021-01-11,612,projected
Calderdale,2021-01-12,612,projected
Calderdale,2021-01-13,621,projected
Calderdale,2021-01-14,621,projected
Calderdale,2021-01-15,621,projected
Calderdale,2021-01-16,621,projected
Calderdale,2021-01-17,621,projected
Calderdale,2021-01-18,621,projected
Calderdale,2021-01-19,621,projected
Calderdale,2021-01-20,659,projected
Calderdale,2021-01-21,659,projected
Calderdale,2021-01-22,659,projected
Calderdale,2021-01-23,659,projected
Calderdale,2021-01-24,659,projected
Calderdale,2021-01-25,659,projected
Calderdale,2021-01-26,659,projected
Cambridge,2020-09-23, 23,inferred
Cambridge,2020-09-24, 23,inferred
Cambridge,2020-09-25, 23,inferred
Cambridge,2020-09-26, 23,inferred
Cambridge,2020-09-27, 23,inferred
Cambridge,2020-09-28, 23,inferred
Cambridge,2020-09-29, 23,inferred
Cambridge,2020-09-30, 49,inferred
Cambridge,2020-10-01, 49,inferred
Cambridge,2020-10-02, 49,inferred
Cambridge,2020-10-03, 49,inferred
Cambridge,2020-10-04, 49,inferred
Cambridge,2020-10-05, 49,inferred
Cambridge,2020-10-06, 49,inferred
Cambridge,2020-10-07,112,inferred
Cambridge,2020-10-08,112,inferred
Cambridge,2020-10-09,112,inferred
Cambridge,2020-10-10,112,inferred
Cambridge,2020-10-11,112,inferred
Cambridge,2020-10-12,112,inferred
Cambridge,2020-10-13,112,inferred
Cambridge,2020-10-14,197,inferred
Cambridge,2020-10-15,197,inferred
Cambridge,2020-10-16,197,inferred
Cambridge,2020-10-17,197,inferred
Cambridge,2020-10-18,197,inferred
Cambridge,2020-10-19,197,inferred
Cambridge,2020-10-20,197,inferred
Cambridge,2020-10-21,201,inferred
Cambridge,2020-10-22,201,inferred
Cambridge,2020-10-23,201,inferred
Cambridge,2020-10-24,201,inferred
Cambridge,2020-10-25,201,inferred
Cambridge,2020-10-26,201,inferred
Cambridge,2020-10-27,201,inferred
Cambridge,2020-10-28,169,inferred
Cambridge,2020-10-29,169,inferred
Cambridge,2020-10-30,169,inferred
Cambridge,2020-10-31,169,inferred
Cambridge,2020-11-01,169,inferred
Cambridge,2020-11-02,169,inferred
Cambridge,2020-11-03,169,inferred
Cambridge,2020-11-04,310,inferred
Cambridge,2020-11-05,310,inferred
Cambridge,2020-11-06,310,inferred
Cambridge,2020-11-07,310,inferred
Cambridge,2020-11-08,310,inferred
Cambridge,2020-11-09,310,inferred
Cambridge,2020-11-10,310,inferred
Cambridge,2020-11-11,227,inferred
Cambridge,2020-11-12,227,inferred
Cambridge,2020-11-13,227,inferred
Cambridge,2020-11-14,227,inferred
Cambridge,2020-11-15,227,inferred
Cambridge,2020-11-16,227,inferred
Cambridge,2020-11-17,227,inferred
Cambridge,2020-11-18,106,inferred
Cambridge,2020-11-19,106,inferred
Cambridge,2020-11-20,106,inferred
Cambridge,2020-11-21,106,inferred
Cambridge,2020-11-22,106,inferred
Cambridge,2020-11-23,106,inferred
Cambridge,2020-11-24,106,inferred
Cambridge,2020-11-25, 76,inferred
Cambridge,2020-11-26, 76,inferred
Cambridge,2020-11-27, 76,inferred
Cambridge,2020-11-28, 76,inferred
Cambridge,2020-11-29, 76,inferred
Cambridge,2020-11-30, 76,inferred
Cambridge,2020-12-01, 76,inferred
Cambridge,2020-12-02,100,inferred
Cambridge,2020-12-03,100,inferred
Cambridge,2020-12-04,100,inferred
Cambridge,2020-12-05,100,inferred
Cambridge,2020-12-06,100,inferred
Cambridge,2020-12-07,100,inferred
Cambridge,2020-12-08,100,inferred
Cambridge,2020-12-09,192,inferred
Cambridge,2020-12-10,192,inferred
Cambridge,2020-12-11,192,inferred
Cambridge,2020-12-12,192,inferred
Cambridge,2020-12-13,192,inferred
Cambridge,2020-12-14,192,inferred
Cambridge,2020-12-15,192,inferred
Cambridge,2020-12-16,336,inferred
Cambridge,2020-12-17,336,inferred
Cambridge,2020-12-18,336,inferred
Cambridge,2020-12-19,336,inferred
Cambridge,2020-12-20,336,inferred
Cambridge,2020-12-21,336,inferred
Cambridge,2020-12-22,336,inferred
Cambridge,2020-12-23,523,inferred
Cambridge,2020-12-24,523,inferred
Cambridge,2020-12-25,523,inferred
Cambridge,2020-12-26,523,inferred
Cambridge,2020-12-27,523,inferred
Cambridge,2020-12-28,523,inferred
Cambridge,2020-12-29,523,inferred
Cambridge,2020-12-30,660,inferred
Cambridge,2020-12-31,660,inferred
Cambridge,2021-01-01,660,inferred
Cambridge,2021-01-02,660,inferred
Cambridge,2021-01-03,660,inferred
Cambridge,2021-01-04,660,inferred
Cambridge,2021-01-05,660,inferred
Cambridge,2021-01-06,686,projected
Cambridge,2021-01-07,686,projected
Cambridge,2021-01-08,686,projected
Cambridge,2021-01-09,686,projected
Cambridge,2021-01-10,686,projected
Cambridge,2021-01-11,686,projected
Cambridge,2021-01-12,686,projected
Cambridge,2021-01-13,709,projected
Cambridge,2021-01-14,709,projected
Cambridge,2021-01-15,709,projected
Cambridge,2021-01-16,709,projected
Cambridge,2021-01-17,709,projected
Cambridge,2021-01-18,709,projected
Cambridge,2021-01-19,709,projected
Cambridge,2021-01-20,746,projected
Cambridge,2021-01-21,746,projected
Cambridge,2021-01-22,746,projected
Cambridge,2021-01-23,746,projected
Cambridge,2021-01-24,746,projected
Cambridge,2021-01-25,746,projected
Cambridge,2021-01-26,746,projected
Camden,2020-09-23, 75,inferred
Camden,2020-09-24, 75,inferred
Camden,2020-09-25, 75,inferred
Camden,2020-09-26, 75,inferred
Camden,2020-09-27, 75,inferred
Camden,2020-09-28, 75,inferred
Camden,2020-09-29, 75,inferred
Camden,2020-09-30,206,inferred
Camden,2020-10-01,206,inferred
Camden,2020-10-02,206,inferred
Camden,2020-10-03,206,inferred
Camden,2020-10-04,206,inferred
Camden,2020-10-05,206,inferred
Camden,2020-10-06,206,inferred
Camden,2020-10-07,299,inferred
Camden,2020-10-08,299,inferred
Camden,2020-10-09,299,inferred
Camden,2020-10-10,299,inferred
Camden,2020-10-11,299,inferred
Camden,2020-10-12,299,inferred
Camden,2020-10-13,299,inferred
Camden,2020-10-14,340,inferred
Camden,2020-10-15,340,inferred
Camden,2020-10-16,340,inferred
Camden,2020-10-17,340,inferred
Camden,2020-10-18,340,inferred
Camden,2020-10-19,340,inferred
Camden,2020-10-20,340,inferred
Camden,2020-10-21,323,inferred
Camden,2020-10-22,323,inferred
Camden,2020-10-23,323,inferred
Camden,2020-10-24,323,inferred
Camden,2020-10-25,323,inferred
Camden,2020-10-26,323,inferred
Camden,2020-10-27,323,inferred
Camden,2020-10-28,290,inferred
Camden,2020-10-29,290,inferred
Camden,2020-10-30,290,inferred
Camden,2020-10-31,290,inferred
Camden,2020-11-01,290,inferred
Camden,2020-11-02,290,inferred
Camden,2020-11-03,290,inferred
Camden,2020-11-04,311,inferred
Camden,2020-11-05,311,inferred
Camden,2020-11-06,311,inferred
Camden,2020-11-07,311,inferred
Camden,2020-11-08,311,inferred
Camden,2020-11-09,311,inferred
Camden,2020-11-10,311,inferred
Camden,2020-11-11,340,inferred
Camden,2020-11-12,340,inferred
Camden,2020-11-13,340,inferred
Camden,2020-11-14,340,inferred
Camden,2020-11-15,340,inferred
Camden,2020-11-16,340,inferred
Camden,2020-11-17,340,inferred
Camden,2020-11-18,228,inferred
Camden,2020-11-19,228,inferred
Camden,2020-11-20,228,inferred
Camden,2020-11-21,228,inferred
Camden,2020-11-22,228,inferred
Camden,2020-11-23,228,inferred
Camden,2020-11-24,228,inferred
Camden,2020-11-25,253,inferred
Camden,2020-11-26,253,inferred
Camden,2020-11-27,253,inferred
Camden,2020-11-28,253,inferred
Camden,2020-11-29,253,inferred
Camden,2020-11-30,253,inferred
Camden,2020-12-01,253,inferred
Camden,2020-12-02,330,inferred
Camden,2020-12-03,330,inferred
Camden,2020-12-04,330,inferred
Camden,2020-12-05,330,inferred
Camden,2020-12-06,330,inferred
Camden,2020-12-07,330,inferred
Camden,2020-12-08,330,inferred
Camden,2020-12-09,721,inferred
Camden,2020-12-10,721,inferred
Camden,2020-12-11,721,inferred
Camden,2020-12-12,721,inferred
Camden,2020-12-13,721,inferred
Camden,2020-12-14,721,inferred
Camden,2020-12-15,721,inferred
Camden,2020-12-16,1406,inferred
Camden,2020-12-17,1406,inferred
Camden,2020-12-18,1406,inferred
Camden,2020-12-19,1406,inferred
Camden,2020-12-20,1406,inferred
Camden,2020-12-21,1406,inferred
Camden,2020-12-22,1406,inferred
Camden,2020-12-23,1642,inferred
Camden,2020-12-24,1642,inferred
Camden,2020-12-25,1642,inferred
Camden,2020-12-26,1642,inferred
Camden,2020-12-27,1642,inferred
Camden,2020-12-28,1642,inferred
Camden,2020-12-29,1642,inferred
Camden,2020-12-30,1844,inferred
Camden,2020-12-31,1844,inferred
Camden,2021-01-01,1844,inferred
Camden,2021-01-02,1844,inferred
Camden,2021-01-03,1844,inferred
Camden,2021-01-04,1844,inferred
Camden,2021-01-05,1844,inferred
Camden,2021-01-06,1495,projected
Camden,2021-01-07,1495,projected
Camden,2021-01-08,1495,projected
Camden,2021-01-09,1495,projected
Camden,2021-01-10,1495,projected
Camden,2021-01-11,1495,projected
Camden,2021-01-12,1495,projected
Camden,2021-01-13,1182,projected
Camden,2021-01-14,1182,projected
Camden,2021-01-15,1182,projected
Camden,2021-01-16,1182,projected
Camden,2021-01-17,1182,projected
Camden,2021-01-18,1182,projected
Camden,2021-01-19,1182,projected
Camden,2021-01-20,1001,projected
Camden,2021-01-21,1001,projected
Camden,2021-01-22,1001,projected
Camden,2021-01-23,1001,projected
Camden,2021-01-24,1001,projected
Camden,2021-01-25,1001,projected
Camden,2021-01-26,1001,projected
Cannock Chase,2020-09-23, 29,inferred
Cannock Chase,2020-09-24, 29,inferred
Cannock Chase,2020-09-25, 29,inferred
Cannock Chase,2020-09-26, 29,inferred
Cannock Chase,2020-09-27, 29,inferred
Cannock Chase,2020-09-28, 29,inferred
Cannock Chase,2020-09-29, 29,inferred
Cannock Chase,2020-09-30, 84,inferred
Cannock Chase,2020-10-01, 84,inferred
Cannock Chase,2020-10-02, 84,inferred
Cannock Chase,2020-10-03, 84,inferred
Cannock Chase,2020-10-04, 84,inferred
Cannock Chase,2020-10-05, 84,inferred
Cannock Chase,2020-10-06, 84,inferred
Cannock Chase,2020-10-07,126,inferred
Cannock Chase,2020-10-08,126,inferred
Cannock Chase,2020-10-09,126,inferred
Cannock Chase,2020-10-10,126,inferred
Cannock Chase,2020-10-11,126,inferred
Cannock Chase,2020-10-12,126,inferred
Cannock Chase,2020-10-13,126,inferred
Cannock Chase,2020-10-14,258,inferred
Cannock Chase,2020-10-15,258,inferred
Cannock Chase,2020-10-16,258,inferred
Cannock Chase,2020-10-17,258,inferred
Cannock Chase,2020-10-18,258,inferred
Cannock Chase,2020-10-19,258,inferred
Cannock Chase,2020-10-20,258,inferred
Cannock Chase,2020-10-21,353,inferred
Cannock Chase,2020-10-22,353,inferred
Cannock Chase,2020-10-23,353,inferred
Cannock Chase,2020-10-24,353,inferred
Cannock Chase,2020-10-25,353,inferred
Cannock Chase,2020-10-26,353,inferred
Cannock Chase,2020-10-27,353,inferred
Cannock Chase,2020-10-28,349,inferred
Cannock Chase,2020-10-29,349,inferred
Cannock Chase,2020-10-30,349,inferred
Cannock Chase,2020-10-31,349,inferred
Cannock Chase,2020-11-01,349,inferred
Cannock Chase,2020-11-02,349,inferred
Cannock Chase,2020-11-03,349,inferred
Cannock Chase,2020-11-04,330,inferred
Cannock Chase,2020-11-05,330,inferred
Cannock Chase,2020-11-06,330,inferred
Cannock Chase,2020-11-07,330,inferred
Cannock Chase,2020-11-08,330,inferred
Cannock Chase,2020-11-09,330,inferred
Cannock Chase,2020-11-10,330,inferred
Cannock Chase,2020-11-11,322,inferred
Cannock Chase,2020-11-12,322,inferred
Cannock Chase,2020-11-13,322,inferred
Cannock Chase,2020-11-14,322,inferred
Cannock Chase,2020-11-15,322,inferred
Cannock Chase,2020-11-16,322,inferred
Cannock Chase,2020-11-17,322,inferred
Cannock Chase,2020-11-18,225,inferred
Cannock Chase,2020-11-19,225,inferred
Cannock Chase,2020-11-20,225,inferred
Cannock Chase,2020-11-21,225,inferred
Cannock Chase,2020-11-22,225,inferred
Cannock Chase,2020-11-23,225,inferred
Cannock Chase,2020-11-24,225,inferred
Cannock Chase,2020-11-25,194,inferred
Cannock Chase,2020-11-26,194,inferred
Cannock Chase,2020-11-27,194,inferred
Cannock Chase,2020-11-28,194,inferred
Cannock Chase,2020-11-29,194,inferred
Cannock Chase,2020-11-30,194,inferred
Cannock Chase,2020-12-01,194,inferred
Cannock Chase,2020-12-02,187,inferred
Cannock Chase,2020-12-03,187,inferred
Cannock Chase,2020-12-04,187,inferred
Cannock Chase,2020-12-05,187,inferred
Cannock Chase,2020-12-06,187,inferred
Cannock Chase,2020-12-07,187,inferred
Cannock Chase,2020-12-08,187,inferred
Cannock Chase,2020-12-09,241,inferred
Cannock Chase,2020-12-10,241,inferred
Cannock Chase,2020-12-11,241,inferred
Cannock Chase,2020-12-12,241,inferred
Cannock Chase,2020-12-13,241,inferred
Cannock Chase,2020-12-14,241,inferred
Cannock Chase,2020-12-15,241,inferred
Cannock Chase,2020-12-16,286,inferred
Cannock Chase,2020-12-17,286,inferred
Cannock Chase,2020-12-18,286,inferred
Cannock Chase,2020-12-19,286,inferred
Cannock Chase,2020-12-20,286,inferred
Cannock Chase,2020-12-21,286,inferred
Cannock Chase,2020-12-22,286,inferred
Cannock Chase,2020-12-23,402,inferred
Cannock Chase,2020-12-24,402,inferred
Cannock Chase,2020-12-25,402,inferred
Cannock Chase,2020-12-26,402,inferred
Cannock Chase,2020-12-27,402,inferred
Cannock Chase,2020-12-28,402,inferred
Cannock Chase,2020-12-29,402,inferred
Cannock Chase,2020-12-30,653,inferred
Cannock Chase,2020-12-31,653,inferred
Cannock Chase,2021-01-01,653,inferred
Cannock Chase,2021-01-02,653,inferred
Cannock Chase,2021-01-03,653,inferred
Cannock Chase,2021-01-04,653,inferred
Cannock Chase,2021-01-05,653,inferred
Cannock Chase,2021-01-06,616,projected
Cannock Chase,2021-01-07,616,projected
Cannock Chase,2021-01-08,616,projected
Cannock Chase,2021-01-09,616,projected
Cannock Chase,2021-01-10,616,projected
Cannock Chase,2021-01-11,616,projected
Cannock Chase,2021-01-12,616,projected
Cannock Chase,2021-01-13,567,projected
Cannock Chase,2021-01-14,567,projected
Cannock Chase,2021-01-15,567,projected
Cannock Chase,2021-01-16,567,projected
Cannock Chase,2021-01-17,567,projected
Cannock Chase,2021-01-18,567,projected
Cannock Chase,2021-01-19,567,projected
Cannock Chase,2021-01-20,519,projected
Cannock Chase,2021-01-21,519,projected
Cannock Chase,2021-01-22,519,projected
Cannock Chase,2021-01-23,519,projected
Cannock Chase,2021-01-24,519,projected
Cannock Chase,2021-01-25,519,projected
Cannock Chase,2021-01-26,519,projected
Canterbury,2020-09-23, 34,inferred
Canterbury,2020-09-24, 34,inferred
Canterbury,2020-09-25, 34,inferred
Canterbury,2020-09-26, 34,inferred
Canterbury,2020-09-27, 34,inferred
Canterbury,2020-09-28, 34,inferred
Canterbury,2020-09-29, 34,inferred
Canterbury,2020-09-30, 55,inferred
Canterbury,2020-10-01, 55,inferred
Canterbury,2020-10-02, 55,inferred
Canterbury,2020-10-03, 55,inferred
Canterbury,2020-10-04, 55,inferred
Canterbury,2020-10-05, 55,inferred
Canterbury,2020-10-06, 55,inferred
Canterbury,2020-10-07, 70,inferred
Canterbury,2020-10-08, 70,inferred
Canterbury,2020-10-09, 70,inferred
Canterbury,2020-10-10, 70,inferred
Canterbury,2020-10-11, 70,inferred
Canterbury,2020-10-12, 70,inferred
Canterbury,2020-10-13, 70,inferred
Canterbury,2020-10-14, 98,inferred
Canterbury,2020-10-15, 98,inferred
Canterbury,2020-10-16, 98,inferred
Canterbury,2020-10-17, 98,inferred
Canterbury,2020-10-18, 98,inferred
Canterbury,2020-10-19, 98,inferred
Canterbury,2020-10-20, 98,inferred
Canterbury,2020-10-21,153,inferred
Canterbury,2020-10-22,153,inferred
Canterbury,2020-10-23,153,inferred
Canterbury,2020-10-24,153,inferred
Canterbury,2020-10-25,153,inferred
Canterbury,2020-10-26,153,inferred
Canterbury,2020-10-27,153,inferred
Canterbury,2020-10-28,161,inferred
Canterbury,2020-10-29,161,inferred
Canterbury,2020-10-30,161,inferred
Canterbury,2020-10-31,161,inferred
Canterbury,2020-11-01,161,inferred
Canterbury,2020-11-02,161,inferred
Canterbury,2020-11-03,161,inferred
Canterbury,2020-11-04,297,inferred
Canterbury,2020-11-05,297,inferred
Canterbury,2020-11-06,297,inferred
Canterbury,2020-11-07,297,inferred
Canterbury,2020-11-08,297,inferred
Canterbury,2020-11-09,297,inferred
Canterbury,2020-11-10,297,inferred
Canterbury,2020-11-11,453,inferred
Canterbury,2020-11-12,453,inferred
Canterbury,2020-11-13,453,inferred
Canterbury,2020-11-14,453,inferred
Canterbury,2020-11-15,453,inferred
Canterbury,2020-11-16,453,inferred
Canterbury,2020-11-17,453,inferred
Canterbury,2020-11-18,365,inferred
Canterbury,2020-11-19,365,inferred
Canterbury,2020-11-20,365,inferred
Canterbury,2020-11-21,365,inferred
Canterbury,2020-11-22,365,inferred
Canterbury,2020-11-23,365,inferred
Canterbury,2020-11-24,365,inferred
Canterbury,2020-11-25,436,inferred
Canterbury,2020-11-26,436,inferred
Canterbury,2020-11-27,436,inferred
Canterbury,2020-11-28,436,inferred
Canterbury,2020-11-29,436,inferred
Canterbury,2020-11-30,436,inferred
Canterbury,2020-12-01,436,inferred
Canterbury,2020-12-02,694,inferred
Canterbury,2020-12-03,694,inferred
Canterbury,2020-12-04,694,inferred
Canterbury,2020-12-05,694,inferred
Canterbury,2020-12-06,694,inferred
Canterbury,2020-12-07,694,inferred
Canterbury,2020-12-08,694,inferred
Canterbury,2020-12-09,1040,inferred
Canterbury,2020-12-10,1040,inferred
Canterbury,2020-12-11,1040,inferred
Canterbury,2020-12-12,1040,inferred
Canterbury,2020-12-13,1040,inferred
Canterbury,2020-12-14,1040,inferred
Canterbury,2020-12-15,1040,inferred
Canterbury,2020-12-16,1088,inferred
Canterbury,2020-12-17,1088,inferred
Canterbury,2020-12-18,1088,inferred
Canterbury,2020-12-19,1088,inferred
Canterbury,2020-12-20,1088,inferred
Canterbury,2020-12-21,1088,inferred
Canterbury,2020-12-22,1088,inferred
Canterbury,2020-12-23,825,inferred
Canterbury,2020-12-24,825,inferred
Canterbury,2020-12-25,825,inferred
Canterbury,2020-12-26,825,inferred
Canterbury,2020-12-27,825,inferred
Canterbury,2020-12-28,825,inferred
Canterbury,2020-12-29,825,inferred
Canterbury,2020-12-30,980,inferred
Canterbury,2020-12-31,980,inferred
Canterbury,2021-01-01,980,inferred
Canterbury,2021-01-02,980,inferred
Canterbury,2021-01-03,980,inferred
Canterbury,2021-01-04,980,inferred
Canterbury,2021-01-05,980,inferred
Canterbury,2021-01-06,934,projected
Canterbury,2021-01-07,934,projected
Canterbury,2021-01-08,934,projected
Canterbury,2021-01-09,934,projected
Canterbury,2021-01-10,934,projected
Canterbury,2021-01-11,934,projected
Canterbury,2021-01-12,934,projected
Canterbury,2021-01-13,855,projected
Canterbury,2021-01-14,855,projected
Canterbury,2021-01-15,855,projected
Canterbury,2021-01-16,855,projected
Canterbury,2021-01-17,855,projected
Canterbury,2021-01-18,855,projected
Canterbury,2021-01-19,855,projected
Canterbury,2021-01-20,850,projected
Canterbury,2021-01-21,850,projected
Canterbury,2021-01-22,850,projected
Canterbury,2021-01-23,850,projected
Canterbury,2021-01-24,850,projected
Canterbury,2021-01-25,850,projected
Canterbury,2021-01-26,850,projected
Cardiff,2020-09-23,381,inferred
Cardiff,2020-09-24,381,inferred
Cardiff,2020-09-25,381,inferred
Cardiff,2020-09-26,381,inferred
Cardiff,2020-09-27,381,inferred
Cardiff,2020-09-28,381,inferred
Cardiff,2020-09-29,381,inferred
Cardiff,2020-09-30,599,inferred
Cardiff,2020-10-01,599,inferred
Cardiff,2020-10-02,599,inferred
Cardiff,2020-10-03,599,inferred
Cardiff,2020-10-04,599,inferred
Cardiff,2020-10-05,599,inferred
Cardiff,2020-10-06,599,inferred
Cardiff,2020-10-07,1037,inferred
Cardiff,2020-10-08,1037,inferred
Cardiff,2020-10-09,1037,inferred
Cardiff,2020-10-10,1037,inferred
Cardiff,2020-10-11,1037,inferred
Cardiff,2020-10-12,1037,inferred
Cardiff,2020-10-13,1037,inferred
Cardiff,2020-10-14,1253,inferred
Cardiff,2020-10-15,1253,inferred
Cardiff,2020-10-16,1253,inferred
Cardiff,2020-10-17,1253,inferred
Cardiff,2020-10-18,1253,inferred
Cardiff,2020-10-19,1253,inferred
Cardiff,2020-10-20,1253,inferred
Cardiff,2020-10-21,1254,inferred
Cardiff,2020-10-22,1254,inferred
Cardiff,2020-10-23,1254,inferred
Cardiff,2020-10-24,1254,inferred
Cardiff,2020-10-25,1254,inferred
Cardiff,2020-10-26,1254,inferred
Cardiff,2020-10-27,1254,inferred
Cardiff,2020-10-28,1063,inferred
Cardiff,2020-10-29,1063,inferred
Cardiff,2020-10-30,1063,inferred
Cardiff,2020-10-31,1063,inferred
Cardiff,2020-11-01,1063,inferred
Cardiff,2020-11-02,1063,inferred
Cardiff,2020-11-03,1063,inferred
Cardiff,2020-11-04,684,inferred
Cardiff,2020-11-05,684,inferred
Cardiff,2020-11-06,684,inferred
Cardiff,2020-11-07,684,inferred
Cardiff,2020-11-08,684,inferred
Cardiff,2020-11-09,684,inferred
Cardiff,2020-11-10,684,inferred
Cardiff,2020-11-11,608,inferred
Cardiff,2020-11-12,608,inferred
Cardiff,2020-11-13,608,inferred
Cardiff,2020-11-14,608,inferred
Cardiff,2020-11-15,608,inferred
Cardiff,2020-11-16,608,inferred
Cardiff,2020-11-17,608,inferred
Cardiff,2020-11-18,685,inferred
Cardiff,2020-11-19,685,inferred
Cardiff,2020-11-20,685,inferred
Cardiff,2020-11-21,685,inferred
Cardiff,2020-11-22,685,inferred
Cardiff,2020-11-23,685,inferred
Cardiff,2020-11-24,685,inferred
Cardiff,2020-11-25,1001,inferred
Cardiff,2020-11-26,1001,inferred
Cardiff,2020-11-27,1001,inferred
Cardiff,2020-11-28,1001,inferred
Cardiff,2020-11-29,1001,inferred
Cardiff,2020-11-30,1001,inferred
Cardiff,2020-12-01,1001,inferred
Cardiff,2020-12-02,1715,inferred
Cardiff,2020-12-03,1715,inferred
Cardiff,2020-12-04,1715,inferred
Cardiff,2020-12-05,1715,inferred
Cardiff,2020-12-06,1715,inferred
Cardiff,2020-12-07,1715,inferred
Cardiff,2020-12-08,1715,inferred
Cardiff,2020-12-09,2408,inferred
Cardiff,2020-12-10,2408,inferred
Cardiff,2020-12-11,2408,inferred
Cardiff,2020-12-12,2408,inferred
Cardiff,2020-12-13,2408,inferred
Cardiff,2020-12-14,2408,inferred
Cardiff,2020-12-15,2408,inferred
Cardiff,2020-12-16,2430,inferred
Cardiff,2020-12-17,2430,inferred
Cardiff,2020-12-18,2430,inferred
Cardiff,2020-12-19,2430,inferred
Cardiff,2020-12-20,2430,inferred
Cardiff,2020-12-21,2430,inferred
Cardiff,2020-12-22,2430,inferred
Cardiff,2020-12-23,1682,inferred
Cardiff,2020-12-24,1682,inferred
Cardiff,2020-12-25,1682,inferred
Cardiff,2020-12-26,1682,inferred
Cardiff,2020-12-27,1682,inferred
Cardiff,2020-12-28,1682,inferred
Cardiff,2020-12-29,1682,inferred
Cardiff,2020-12-30,1420,inferred
Cardiff,2020-12-31,1420,inferred
Cardiff,2021-01-01,1420,inferred
Cardiff,2021-01-02,1420,inferred
Cardiff,2021-01-03,1420,inferred
Cardiff,2021-01-04,1420,inferred
Cardiff,2021-01-05,1420,inferred
Cardiff,2021-01-06,1242,projected
Cardiff,2021-01-07,1242,projected
Cardiff,2021-01-08,1242,projected
Cardiff,2021-01-09,1242,projected
Cardiff,2021-01-10,1242,projected
Cardiff,2021-01-11,1242,projected
Cardiff,2021-01-12,1242,projected
Cardiff,2021-01-13,1081,projected
Cardiff,2021-01-14,1081,projected
Cardiff,2021-01-15,1081,projected
Cardiff,2021-01-16,1081,projected
Cardiff,2021-01-17,1081,projected
Cardiff,2021-01-18,1081,projected
Cardiff,2021-01-19,1081,projected
Cardiff,2021-01-20,985,projected
Cardiff,2021-01-21,985,projected
Cardiff,2021-01-22,985,projected
Cardiff,2021-01-23,985,projected
Cardiff,2021-01-24,985,projected
Cardiff,2021-01-25,985,projected
Cardiff,2021-01-26,985,projected
Carlisle,2020-09-23, 29,inferred
Carlisle,2020-09-24, 29,inferred
Carlisle,2020-09-25, 29,inferred
Carlisle,2020-09-26, 29,inferred
Carlisle,2020-09-27, 29,inferred
Carlisle,2020-09-28, 29,inferred
Carlisle,2020-09-29, 29,inferred
Carlisle,2020-09-30, 55,inferred
Carlisle,2020-10-01, 55,inferred
Carlisle,2020-10-02, 55,inferred
Carlisle,2020-10-03, 55,inferred
Carlisle,2020-10-04, 55,inferred
Carlisle,2020-10-05, 55,inferred
Carlisle,2020-10-06, 55,inferred
Carlisle,2020-10-07,119,inferred
Carlisle,2020-10-08,119,inferred
Carlisle,2020-10-09,119,inferred
Carlisle,2020-10-10,119,inferred
Carlisle,2020-10-11,119,inferred
Carlisle,2020-10-12,119,inferred
Carlisle,2020-10-13,119,inferred
Carlisle,2020-10-14,230,inferred
Carlisle,2020-10-15,230,inferred
Carlisle,2020-10-16,230,inferred
Carlisle,2020-10-17,230,inferred
Carlisle,2020-10-18,230,inferred
Carlisle,2020-10-19,230,inferred
Carlisle,2020-10-20,230,inferred
Carlisle,2020-10-21,254,inferred
Carlisle,2020-10-22,254,inferred
Carlisle,2020-10-23,254,inferred
Carlisle,2020-10-24,254,inferred
Carlisle,2020-10-25,254,inferred
Carlisle,2020-10-26,254,inferred
Carlisle,2020-10-27,254,inferred
Carlisle,2020-10-28,306,inferred
Carlisle,2020-10-29,306,inferred
Carlisle,2020-10-30,306,inferred
Carlisle,2020-10-31,306,inferred
Carlisle,2020-11-01,306,inferred
Carlisle,2020-11-02,306,inferred
Carlisle,2020-11-03,306,inferred
Carlisle,2020-11-04,239,inferred
Carlisle,2020-11-05,239,inferred
Carlisle,2020-11-06,239,inferred
Carlisle,2020-11-07,239,inferred
Carlisle,2020-11-08,239,inferred
Carlisle,2020-11-09,239,inferred
Carlisle,2020-11-10,239,inferred
Carlisle,2020-11-11,294,inferred
Carlisle,2020-11-12,294,inferred
Carlisle,2020-11-13,294,inferred
Carlisle,2020-11-14,294,inferred
Carlisle,2020-11-15,294,inferred
Carlisle,2020-11-16,294,inferred
Carlisle,2020-11-17,294,inferred
Carlisle,2020-11-18,185,inferred
Carlisle,2020-11-19,185,inferred
Carlisle,2020-11-20,185,inferred
Carlisle,2020-11-21,185,inferred
Carlisle,2020-11-22,185,inferred
Carlisle,2020-11-23,185,inferred
Carlisle,2020-11-24,185,inferred
Carlisle,2020-11-25, 81,inferred
Carlisle,2020-11-26, 81,inferred
Carlisle,2020-11-27, 81,inferred
Carlisle,2020-11-28, 81,inferred
Carlisle,2020-11-29, 81,inferred
Carlisle,2020-11-30, 81,inferred
Carlisle,2020-12-01, 81,inferred
Carlisle,2020-12-02,107,inferred
Carlisle,2020-12-03,107,inferred
Carlisle,2020-12-04,107,inferred
Carlisle,2020-12-05,107,inferred
Carlisle,2020-12-06,107,inferred
Carlisle,2020-12-07,107,inferred
Carlisle,2020-12-08,107,inferred
Carlisle,2020-12-09,175,inferred
Carlisle,2020-12-10,175,inferred
Carlisle,2020-12-11,175,inferred
Carlisle,2020-12-12,175,inferred
Carlisle,2020-12-13,175,inferred
Carlisle,2020-12-14,175,inferred
Carlisle,2020-12-15,175,inferred
Carlisle,2020-12-16,310,inferred
Carlisle,2020-12-17,310,inferred
Carlisle,2020-12-18,310,inferred
Carlisle,2020-12-19,310,inferred
Carlisle,2020-12-20,310,inferred
Carlisle,2020-12-21,310,inferred
Carlisle,2020-12-22,310,inferred
Carlisle,2020-12-23,705,inferred
Carlisle,2020-12-24,705,inferred
Carlisle,2020-12-25,705,inferred
Carlisle,2020-12-26,705,inferred
Carlisle,2020-12-27,705,inferred
Carlisle,2020-12-28,705,inferred
Carlisle,2020-12-29,705,inferred
Carlisle,2020-12-30,1246,inferred
Carlisle,2020-12-31,1246,inferred
Carlisle,2021-01-01,1246,inferred
Carlisle,2021-01-02,1246,inferred
Carlisle,2021-01-03,1246,inferred
Carlisle,2021-01-04,1246,inferred
Carlisle,2021-01-05,1246,inferred
Carlisle,2021-01-06,1483,projected
Carlisle,2021-01-07,1483,projected
Carlisle,2021-01-08,1483,projected
Carlisle,2021-01-09,1483,projected
Carlisle,2021-01-10,1483,projected
Carlisle,2021-01-11,1483,projected
Carlisle,2021-01-12,1483,projected
Carlisle,2021-01-13,1840,projected
Carlisle,2021-01-14,1840,projected
Carlisle,2021-01-15,1840,projected
Carlisle,2021-01-16,1840,projected
Carlisle,2021-01-17,1840,projected
Carlisle,2021-01-18,1840,projected
Carlisle,2021-01-19,1840,projected
Carlisle,2021-01-20,2312,projected
Carlisle,2021-01-21,2312,projected
Carlisle,2021-01-22,2312,projected
Carlisle,2021-01-23,2312,projected
Carlisle,2021-01-24,2312,projected
Carlisle,2021-01-25,2312,projected
Carlisle,2021-01-26,2312,projected
Carmarthenshire,2020-09-23,139,inferred
Carmarthenshire,2020-09-24,139,inferred
Carmarthenshire,2020-09-25,139,inferred
Carmarthenshire,2020-09-26,139,inferred
Carmarthenshire,2020-09-27,139,inferred
Carmarthenshire,2020-09-28,139,inferred
Carmarthenshire,2020-09-29,139,inferred
Carmarthenshire,2020-09-30,109,inferred
Carmarthenshire,2020-10-01,109,inferred
Carmarthenshire,2020-10-02,109,inferred
Carmarthenshire,2020-10-03,109,inferred
Carmarthenshire,2020-10-04,109,inferred
Carmarthenshire,2020-10-05,109,inferred
Carmarthenshire,2020-10-06,109,inferred
Carmarthenshire,2020-10-07,160,inferred
Carmarthenshire,2020-10-08,160,inferred
Carmarthenshire,2020-10-09,160,inferred
Carmarthenshire,2020-10-10,160,inferred
Carmarthenshire,2020-10-11,160,inferred
Carmarthenshire,2020-10-12,160,inferred
Carmarthenshire,2020-10-13,160,inferred
Carmarthenshire,2020-10-14,177,inferred
Carmarthenshire,2020-10-15,177,inferred
Carmarthenshire,2020-10-16,177,inferred
Carmarthenshire,2020-10-17,177,inferred
Carmarthenshire,2020-10-18,177,inferred
Carmarthenshire,2020-10-19,177,inferred
Carmarthenshire,2020-10-20,177,inferred
Carmarthenshire,2020-10-21,264,inferred
Carmarthenshire,2020-10-22,264,inferred
Carmarthenshire,2020-10-23,264,inferred
Carmarthenshire,2020-10-24,264,inferred
Carmarthenshire,2020-10-25,264,inferred
Carmarthenshire,2020-10-26,264,inferred
Carmarthenshire,2020-10-27,264,inferred
Carmarthenshire,2020-10-28,360,inferred
Carmarthenshire,2020-10-29,360,inferred
Carmarthenshire,2020-10-30,360,inferred
Carmarthenshire,2020-10-31,360,inferred
Carmarthenshire,2020-11-01,360,inferred
Carmarthenshire,2020-11-02,360,inferred
Carmarthenshire,2020-11-03,360,inferred
Carmarthenshire,2020-11-04,279,inferred
Carmarthenshire,2020-11-05,279,inferred
Carmarthenshire,2020-11-06,279,inferred
Carmarthenshire,2020-11-07,279,inferred
Carmarthenshire,2020-11-08,279,inferred
Carmarthenshire,2020-11-09,279,inferred
Carmarthenshire,2020-11-10,279,inferred
Carmarthenshire,2020-11-11,308,inferred
Carmarthenshire,2020-11-12,308,inferred
Carmarthenshire,2020-11-13,308,inferred
Carmarthenshire,2020-11-14,308,inferred
Carmarthenshire,2020-11-15,308,inferred
Carmarthenshire,2020-11-16,308,inferred
Carmarthenshire,2020-11-17,308,inferred
Carmarthenshire,2020-11-18,395,inferred
Carmarthenshire,2020-11-19,395,inferred
Carmarthenshire,2020-11-20,395,inferred
Carmarthenshire,2020-11-21,395,inferred
Carmarthenshire,2020-11-22,395,inferred
Carmarthenshire,2020-11-23,395,inferred
Carmarthenshire,2020-11-24,395,inferred
Carmarthenshire,2020-11-25,476,inferred
Carmarthenshire,2020-11-26,476,inferred
Carmarthenshire,2020-11-27,476,inferred
Carmarthenshire,2020-11-28,476,inferred
Carmarthenshire,2020-11-29,476,inferred
Carmarthenshire,2020-11-30,476,inferred
Carmarthenshire,2020-12-01,476,inferred
Carmarthenshire,2020-12-02,721,inferred
Carmarthenshire,2020-12-03,721,inferred
Carmarthenshire,2020-12-04,721,inferred
Carmarthenshire,2020-12-05,721,inferred
Carmarthenshire,2020-12-06,721,inferred
Carmarthenshire,2020-12-07,721,inferred
Carmarthenshire,2020-12-08,721,inferred
Carmarthenshire,2020-12-09,1368,inferred
Carmarthenshire,2020-12-10,1368,inferred
Carmarthenshire,2020-12-11,1368,inferred
Carmarthenshire,2020-12-12,1368,inferred
Carmarthenshire,2020-12-13,1368,inferred
Carmarthenshire,2020-12-14,1368,inferred
Carmarthenshire,2020-12-15,1368,inferred
Carmarthenshire,2020-12-16,1146,inferred
Carmarthenshire,2020-12-17,1146,inferred
Carmarthenshire,2020-12-18,1146,inferred
Carmarthenshire,2020-12-19,1146,inferred
Carmarthenshire,2020-12-20,1146,inferred
Carmarthenshire,2020-12-21,1146,inferred
Carmarthenshire,2020-12-22,1146,inferred
Carmarthenshire,2020-12-23,805,inferred
Carmarthenshire,2020-12-24,805,inferred
Carmarthenshire,2020-12-25,805,inferred
Carmarthenshire,2020-12-26,805,inferred
Carmarthenshire,2020-12-27,805,inferred
Carmarthenshire,2020-12-28,805,inferred
Carmarthenshire,2020-12-29,805,inferred
Carmarthenshire,2020-12-30,690,inferred
Carmarthenshire,2020-12-31,690,inferred
Carmarthenshire,2021-01-01,690,inferred
Carmarthenshire,2021-01-02,690,inferred
Carmarthenshire,2021-01-03,690,inferred
Carmarthenshire,2021-01-04,690,inferred
Carmarthenshire,2021-01-05,690,inferred
Carmarthenshire,2021-01-06,660,projected
Carmarthenshire,2021-01-07,660,projected
Carmarthenshire,2021-01-08,660,projected
Carmarthenshire,2021-01-09,660,projected
Carmarthenshire,2021-01-10,660,projected
Carmarthenshire,2021-01-11,660,projected
Carmarthenshire,2021-01-12,660,projected
Carmarthenshire,2021-01-13,634,projected
Carmarthenshire,2021-01-14,634,projected
Carmarthenshire,2021-01-15,634,projected
Carmarthenshire,2021-01-16,634,projected
Carmarthenshire,2021-01-17,634,projected
Carmarthenshire,2021-01-18,634,projected
Carmarthenshire,2021-01-19,634,projected
Carmarthenshire,2021-01-20,598,projected
Carmarthenshire,2021-01-21,598,projected
Carmarthenshire,2021-01-22,598,projected
Carmarthenshire,2021-01-23,598,projected
Carmarthenshire,2021-01-24,598,projected
Carmarthenshire,2021-01-25,598,projected
Carmarthenshire,2021-01-26,598,projected
Castle Point,2020-09-23, 33,inferred
Castle Point,2020-09-24, 33,inferred
Castle Point,2020-09-25, 33,inferred
Castle Point,2020-09-26, 33,inferred
Castle Point,2020-09-27, 33,inferred
Castle Point,2020-09-28, 33,inferred
Castle Point,2020-09-29, 33,inferred
Castle Point,2020-09-30, 65,inferred
Castle Point,2020-10-01, 65,inferred
Castle Point,2020-10-02, 65,inferred
Castle Point,2020-10-03, 65,inferred
Castle Point,2020-10-04, 65,inferred
Castle Point,2020-10-05, 65,inferred
Castle Point,2020-10-06, 65,inferred
Castle Point,2020-10-07, 60,inferred
Castle Point,2020-10-08, 60,inferred
Castle Point,2020-10-09, 60,inferred
Castle Point,2020-10-10, 60,inferred
Castle Point,2020-10-11, 60,inferred
Castle Point,2020-10-12, 60,inferred
Castle Point,2020-10-13, 60,inferred
Castle Point,2020-10-14,133,inferred
Castle Point,2020-10-15,133,inferred
Castle Point,2020-10-16,133,inferred
Castle Point,2020-10-17,133,inferred
Castle Point,2020-10-18,133,inferred
Castle Point,2020-10-19,133,inferred
Castle Point,2020-10-20,133,inferred
Castle Point,2020-10-21, 83,inferred
Castle Point,2020-10-22, 83,inferred
Castle Point,2020-10-23, 83,inferred
Castle Point,2020-10-24, 83,inferred
Castle Point,2020-10-25, 83,inferred
Castle Point,2020-10-26, 83,inferred
Castle Point,2020-10-27, 83,inferred
Castle Point,2020-10-28,106,inferred
Castle Point,2020-10-29,106,inferred
Castle Point,2020-10-30,106,inferred
Castle Point,2020-10-31,106,inferred
Castle Point,2020-11-01,106,inferred
Castle Point,2020-11-02,106,inferred
Castle Point,2020-11-03,106,inferred
Castle Point,2020-11-04,125,inferred
Castle Point,2020-11-05,125,inferred
Castle Point,2020-11-06,125,inferred
Castle Point,2020-11-07,125,inferred
Castle Point,2020-11-08,125,inferred
Castle Point,2020-11-09,125,inferred
Castle Point,2020-11-10,125,inferred
Castle Point,2020-11-11,195,inferred
Castle Point,2020-11-12,195,inferred
Castle Point,2020-11-13,195,inferred
Castle Point,2020-11-14,195,inferred
Castle Point,2020-11-15,195,inferred
Castle Point,2020-11-16,195,inferred
Castle Point,2020-11-17,195,inferred
Castle Point,2020-11-18,154,inferred
Castle Point,2020-11-19,154,inferred
Castle Point,2020-11-20,154,inferred
Castle Point,2020-11-21,154,inferred
Castle Point,2020-11-22,154,inferred
Castle Point,2020-11-23,154,inferred
Castle Point,2020-11-24,154,inferred
Castle Point,2020-11-25,157,inferred
Castle Point,2020-11-26,157,inferred
Castle Point,2020-11-27,157,inferred
Castle Point,2020-11-28,157,inferred
Castle Point,2020-11-29,157,inferred
Castle Point,2020-11-30,157,inferred
Castle Point,2020-12-01,157,inferred
Castle Point,2020-12-02,247,inferred
Castle Point,2020-12-03,247,inferred
Castle Point,2020-12-04,247,inferred
Castle Point,2020-12-05,247,inferred
Castle Point,2020-12-06,247,inferred
Castle Point,2020-12-07,247,inferred
Castle Point,2020-12-08,247,inferred
Castle Point,2020-12-09,581,inferred
Castle Point,2020-12-10,581,inferred
Castle Point,2020-12-11,581,inferred
Castle Point,2020-12-12,581,inferred
Castle Point,2020-12-13,581,inferred
Castle Point,2020-12-14,581,inferred
Castle Point,2020-12-15,581,inferred
Castle Point,2020-12-16,1185,inferred
Castle Point,2020-12-17,1185,inferred
Castle Point,2020-12-18,1185,inferred
Castle Point,2020-12-19,1185,inferred
Castle Point,2020-12-20,1185,inferred
Castle Point,2020-12-21,1185,inferred
Castle Point,2020-12-22,1185,inferred
Castle Point,2020-12-23,1131,inferred
Castle Point,2020-12-24,1131,inferred
Castle Point,2020-12-25,1131,inferred
Castle Point,2020-12-26,1131,inferred
Castle Point,2020-12-27,1131,inferred
Castle Point,2020-12-28,1131,inferred
Castle Point,2020-12-29,1131,inferred
Castle Point,2020-12-30,1234,inferred
Castle Point,2020-12-31,1234,inferred
Castle Point,2021-01-01,1234,inferred
Castle Point,2021-01-02,1234,inferred
Castle Point,2021-01-03,1234,inferred
Castle Point,2021-01-04,1234,inferred
Castle Point,2021-01-05,1234,inferred
Castle Point,2021-01-06,956,projected
Castle Point,2021-01-07,956,projected
Castle Point,2021-01-08,956,projected
Castle Point,2021-01-09,956,projected
Castle Point,2021-01-10,956,projected
Castle Point,2021-01-11,956,projected
Castle Point,2021-01-12,956,projected
Castle Point,2021-01-13,717,projected
Castle Point,2021-01-14,717,projected
Castle Point,2021-01-15,717,projected
Castle Point,2021-01-16,717,projected
Castle Point,2021-01-17,717,projected
Castle Point,2021-01-18,717,projected
Castle Point,2021-01-19,717,projected
Castle Point,2021-01-20,535,projected
Castle Point,2021-01-21,535,projected
Castle Point,2021-01-22,535,projected
Castle Point,2021-01-23,535,projected
Castle Point,2021-01-24,535,projected
Castle Point,2021-01-25,535,projected
Castle Point,2021-01-26,535,projected
Central Bedfordshire,2020-09-23, 64,inferred
Central Bedfordshire,2020-09-24, 64,inferred
Central Bedfordshire,2020-09-25, 64,inferred
Central Bedfordshire,2020-09-26, 64,inferred
Central Bedfordshire,2020-09-27, 64,inferred
Central Bedfordshire,2020-09-28, 64,inferred
Central Bedfordshire,2020-09-29, 64,inferred
Central Bedfordshire,2020-09-30, 98,inferred
Central Bedfordshire,2020-10-01, 98,inferred
Central Bedfordshire,2020-10-02, 98,inferred
Central Bedfordshire,2020-10-03, 98,inferred
Central Bedfordshire,2020-10-04, 98,inferred
Central Bedfordshire,2020-10-05, 98,inferred
Central Bedfordshire,2020-10-06, 98,inferred
Central Bedfordshire,2020-10-07,156,inferred
Central Bedfordshire,2020-10-08,156,inferred
Central Bedfordshire,2020-10-09,156,inferred
Central Bedfordshire,2020-10-10,156,inferred
Central Bedfordshire,2020-10-11,156,inferred
Central Bedfordshire,2020-10-12,156,inferred
Central Bedfordshire,2020-10-13,156,inferred
Central Bedfordshire,2020-10-14,153,inferred
Central Bedfordshire,2020-10-15,153,inferred
Central Bedfordshire,2020-10-16,153,inferred
Central Bedfordshire,2020-10-17,153,inferred
Central Bedfordshire,2020-10-18,153,inferred
Central Bedfordshire,2020-10-19,153,inferred
Central Bedfordshire,2020-10-20,153,inferred
Central Bedfordshire,2020-10-21,232,inferred
Central Bedfordshire,2020-10-22,232,inferred
Central Bedfordshire,2020-10-23,232,inferred
Central Bedfordshire,2020-10-24,232,inferred
Central Bedfordshire,2020-10-25,232,inferred
Central Bedfordshire,2020-10-26,232,inferred
Central Bedfordshire,2020-10-27,232,inferred
Central Bedfordshire,2020-10-28,328,inferred
Central Bedfordshire,2020-10-29,328,inferred
Central Bedfordshire,2020-10-30,328,inferred
Central Bedfordshire,2020-10-31,328,inferred
Central Bedfordshire,2020-11-01,328,inferred
Central Bedfordshire,2020-11-02,328,inferred
Central Bedfordshire,2020-11-03,328,inferred
Central Bedfordshire,2020-11-04,358,inferred
Central Bedfordshire,2020-11-05,358,inferred
Central Bedfordshire,2020-11-06,358,inferred
Central Bedfordshire,2020-11-07,358,inferred
Central Bedfordshire,2020-11-08,358,inferred
Central Bedfordshire,2020-11-09,358,inferred
Central Bedfordshire,2020-11-10,358,inferred
Central Bedfordshire,2020-11-11,326,inferred
Central Bedfordshire,2020-11-12,326,inferred
Central Bedfordshire,2020-11-13,326,inferred
Central Bedfordshire,2020-11-14,326,inferred
Central Bedfordshire,2020-11-15,326,inferred
Central Bedfordshire,2020-11-16,326,inferred
Central Bedfordshire,2020-11-17,326,inferred
Central Bedfordshire,2020-11-18,220,inferred
Central Bedfordshire,2020-11-19,220,inferred
Central Bedfordshire,2020-11-20,220,inferred
Central Bedfordshire,2020-11-21,220,inferred
Central Bedfordshire,2020-11-22,220,inferred
Central Bedfordshire,2020-11-23,220,inferred
Central Bedfordshire,2020-11-24,220,inferred
Central Bedfordshire,2020-11-25,246,inferred
Central Bedfordshire,2020-11-26,246,inferred
Central Bedfordshire,2020-11-27,246,inferred
Central Bedfordshire,2020-11-28,246,inferred
Central Bedfordshire,2020-11-29,246,inferred
Central Bedfordshire,2020-11-30,246,inferred
Central Bedfordshire,2020-12-01,246,inferred
Central Bedfordshire,2020-12-02,490,inferred
Central Bedfordshire,2020-12-03,490,inferred
Central Bedfordshire,2020-12-04,490,inferred
Central Bedfordshire,2020-12-05,490,inferred
Central Bedfordshire,2020-12-06,490,inferred
Central Bedfordshire,2020-12-07,490,inferred
Central Bedfordshire,2020-12-08,490,inferred
Central Bedfordshire,2020-12-09,903,inferred
Central Bedfordshire,2020-12-10,903,inferred
Central Bedfordshire,2020-12-11,903,inferred
Central Bedfordshire,2020-12-12,903,inferred
Central Bedfordshire,2020-12-13,903,inferred
Central Bedfordshire,2020-12-14,903,inferred
Central Bedfordshire,2020-12-15,903,inferred
Central Bedfordshire,2020-12-16,1479,inferred
Central Bedfordshire,2020-12-17,1479,inferred
Central Bedfordshire,2020-12-18,1479,inferred
Central Bedfordshire,2020-12-19,1479,inferred
Central Bedfordshire,2020-12-20,1479,inferred
Central Bedfordshire,2020-12-21,1479,inferred
Central Bedfordshire,2020-12-22,1479,inferred
Central Bedfordshire,2020-12-23,1731,inferred
Central Bedfordshire,2020-12-24,1731,inferred
Central Bedfordshire,2020-12-25,1731,inferred
Central Bedfordshire,2020-12-26,1731,inferred
Central Bedfordshire,2020-12-27,1731,inferred
Central Bedfordshire,2020-12-28,1731,inferred
Central Bedfordshire,2020-12-29,1731,inferred
Central Bedfordshire,2020-12-30,1757,inferred
Central Bedfordshire,2020-12-31,1757,inferred
Central Bedfordshire,2021-01-01,1757,inferred
Central Bedfordshire,2021-01-02,1757,inferred
Central Bedfordshire,2021-01-03,1757,inferred
Central Bedfordshire,2021-01-04,1757,inferred
Central Bedfordshire,2021-01-05,1757,inferred
Central Bedfordshire,2021-01-06,1784,projected
Central Bedfordshire,2021-01-07,1784,projected
Central Bedfordshire,2021-01-08,1784,projected
Central Bedfordshire,2021-01-09,1784,projected
Central Bedfordshire,2021-01-10,1784,projected
Central Bedfordshire,2021-01-11,1784,projected
Central Bedfordshire,2021-01-12,1784,projected
Central Bedfordshire,2021-01-13,1707,projected
Central Bedfordshire,2021-01-14,1707,projected
Central Bedfordshire,2021-01-15,1707,projected
Central Bedfordshire,2021-01-16,1707,projected
Central Bedfordshire,2021-01-17,1707,projected
Central Bedfordshire,2021-01-18,1707,projected
Central Bedfordshire,2021-01-19,1707,projected
Central Bedfordshire,2021-01-20,1713,projected
Central Bedfordshire,2021-01-21,1713,projected
Central Bedfordshire,2021-01-22,1713,projected
Central Bedfordshire,2021-01-23,1713,projected
Central Bedfordshire,2021-01-24,1713,projected
Central Bedfordshire,2021-01-25,1713,projected
Central Bedfordshire,2021-01-26,1713,projected
Ceredigion,2020-09-23, 23,inferred
Ceredigion,2020-09-24, 23,inferred
Ceredigion,2020-09-25, 23,inferred
Ceredigion,2020-09-26, 23,inferred
Ceredigion,2020-09-27, 23,inferred
Ceredigion,2020-09-28, 23,inferred
Ceredigion,2020-09-29, 23,inferred
Ceredigion,2020-09-30, 32,inferred
Ceredigion,2020-10-01, 32,inferred
Ceredigion,2020-10-02, 32,inferred
Ceredigion,2020-10-03, 32,inferred
Ceredigion,2020-10-04, 32,inferred
Ceredigion,2020-10-05, 32,inferred
Ceredigion,2020-10-06, 32,inferred
Ceredigion,2020-10-07, 22,inferred
Ceredigion,2020-10-08, 22,inferred
Ceredigion,2020-10-09, 22,inferred
Ceredigion,2020-10-10, 22,inferred
Ceredigion,2020-10-11, 22,inferred
Ceredigion,2020-10-12, 22,inferred
Ceredigion,2020-10-13, 22,inferred
Ceredigion,2020-10-14, 24,inferred
Ceredigion,2020-10-15, 24,inferred
Ceredigion,2020-10-16, 24,inferred
Ceredigion,2020-10-17, 24,inferred
Ceredigion,2020-10-18, 24,inferred
Ceredigion,2020-10-19, 24,inferred
Ceredigion,2020-10-20, 24,inferred
Ceredigion,2020-10-21, 37,inferred
Ceredigion,2020-10-22, 37,inferred
Ceredigion,2020-10-23, 37,inferred
Ceredigion,2020-10-24, 37,inferred
Ceredigion,2020-10-25, 37,inferred
Ceredigion,2020-10-26, 37,inferred
Ceredigion,2020-10-27, 37,inferred
Ceredigion,2020-10-28, 37,inferred
Ceredigion,2020-10-29, 37,inferred
Ceredigion,2020-10-30, 37,inferred
Ceredigion,2020-10-31, 37,inferred
Ceredigion,2020-11-01, 37,inferred
Ceredigion,2020-11-02, 37,inferred
Ceredigion,2020-11-03, 37,inferred
Ceredigion,2020-11-04, 89,inferred
Ceredigion,2020-11-05, 89,inferred
Ceredigion,2020-11-06, 89,inferred
Ceredigion,2020-11-07, 89,inferred
Ceredigion,2020-11-08, 89,inferred
Ceredigion,2020-11-09, 89,inferred
Ceredigion,2020-11-10, 89,inferred
Ceredigion,2020-11-11, 68,inferred
Ceredigion,2020-11-12, 68,inferred
Ceredigion,2020-11-13, 68,inferred
Ceredigion,2020-11-14, 68,inferred
Ceredigion,2020-11-15, 68,inferred
Ceredigion,2020-11-16, 68,inferred
Ceredigion,2020-11-17, 68,inferred
Ceredigion,2020-11-18,115,inferred
Ceredigion,2020-11-19,115,inferred
Ceredigion,2020-11-20,115,inferred
Ceredigion,2020-11-21,115,inferred
Ceredigion,2020-11-22,115,inferred
Ceredigion,2020-11-23,115,inferred
Ceredigion,2020-11-24,115,inferred
Ceredigion,2020-11-25,101,inferred
Ceredigion,2020-11-26,101,inferred
Ceredigion,2020-11-27,101,inferred
Ceredigion,2020-11-28,101,inferred
Ceredigion,2020-11-29,101,inferred
Ceredigion,2020-11-30,101,inferred
Ceredigion,2020-12-01,101,inferred
Ceredigion,2020-12-02,151,inferred
Ceredigion,2020-12-03,151,inferred
Ceredigion,2020-12-04,151,inferred
Ceredigion,2020-12-05,151,inferred
Ceredigion,2020-12-06,151,inferred
Ceredigion,2020-12-07,151,inferred
Ceredigion,2020-12-08,151,inferred
Ceredigion,2020-12-09,159,inferred
Ceredigion,2020-12-10,159,inferred
Ceredigion,2020-12-11,159,inferred
Ceredigion,2020-12-12,159,inferred
Ceredigion,2020-12-13,159,inferred
Ceredigion,2020-12-14,159,inferred
Ceredigion,2020-12-15,159,inferred
Ceredigion,2020-12-16,158,inferred
Ceredigion,2020-12-17,158,inferred
Ceredigion,2020-12-18,158,inferred
Ceredigion,2020-12-19,158,inferred
Ceredigion,2020-12-20,158,inferred
Ceredigion,2020-12-21,158,inferred
Ceredigion,2020-12-22,158,inferred
Ceredigion,2020-12-23,140,inferred
Ceredigion,2020-12-24,140,inferred
Ceredigion,2020-12-25,140,inferred
Ceredigion,2020-12-26,140,inferred
Ceredigion,2020-12-27,140,inferred
Ceredigion,2020-12-28,140,inferred
Ceredigion,2020-12-29,140,inferred
Ceredigion,2020-12-30,116,inferred
Ceredigion,2020-12-31,116,inferred
Ceredigion,2021-01-01,116,inferred
Ceredigion,2021-01-02,116,inferred
Ceredigion,2021-01-03,116,inferred
Ceredigion,2021-01-04,116,inferred
Ceredigion,2021-01-05,116,inferred
Ceredigion,2021-01-06,124,projected
Ceredigion,2021-01-07,124,projected
Ceredigion,2021-01-08,124,projected
Ceredigion,2021-01-09,124,projected
Ceredigion,2021-01-10,124,projected
Ceredigion,2021-01-11,124,projected
Ceredigion,2021-01-12,124,projected
Ceredigion,2021-01-13,122,projected
Ceredigion,2021-01-14,122,projected
Ceredigion,2021-01-15,122,projected
Ceredigion,2021-01-16,122,projected
Ceredigion,2021-01-17,122,projected
Ceredigion,2021-01-18,122,projected
Ceredigion,2021-01-19,122,projected
Ceredigion,2021-01-20,125,projected
Ceredigion,2021-01-21,125,projected
Ceredigion,2021-01-22,125,projected
Ceredigion,2021-01-23,125,projected
Ceredigion,2021-01-24,125,projected
Ceredigion,2021-01-25,125,projected
Ceredigion,2021-01-26,125,projected
Charnwood,2020-09-23, 98,inferred
Charnwood,2020-09-24, 98,inferred
Charnwood,2020-09-25, 98,inferred
Charnwood,2020-09-26, 98,inferred
Charnwood,2020-09-27, 98,inferred
Charnwood,2020-09-28, 98,inferred
Charnwood,2020-09-29, 98,inferred
Charnwood,2020-09-30,234,inferred
Charnwood,2020-10-01,234,inferred
Charnwood,2020-10-02,234,inferred
Charnwood,2020-10-03,234,inferred
Charnwood,2020-10-04,234,inferred
Charnwood,2020-10-05,234,inferred
Charnwood,2020-10-06,234,inferred
Charnwood,2020-10-07,580,inferred
Charnwood,2020-10-08,580,inferred
Charnwood,2020-10-09,580,inferred
Charnwood,2020-10-10,580,inferred
Charnwood,2020-10-11,580,inferred
Charnwood,2020-10-12,580,inferred
Charnwood,2020-10-13,580,inferred
Charnwood,2020-10-14,752,inferred
Charnwood,2020-10-15,752,inferred
Charnwood,2020-10-16,752,inferred
Charnwood,2020-10-17,752,inferred
Charnwood,2020-10-18,752,inferred
Charnwood,2020-10-19,752,inferred
Charnwood,2020-10-20,752,inferred
Charnwood,2020-10-21,957,inferred
Charnwood,2020-10-22,957,inferred
Charnwood,2020-10-23,957,inferred
Charnwood,2020-10-24,957,inferred
Charnwood,2020-10-25,957,inferred
Charnwood,2020-10-26,957,inferred
Charnwood,2020-10-27,957,inferred
Charnwood,2020-10-28,755,inferred
Charnwood,2020-10-29,755,inferred
Charnwood,2020-10-30,755,inferred
Charnwood,2020-10-31,755,inferred
Charnwood,2020-11-01,755,inferred
Charnwood,2020-11-02,755,inferred
Charnwood,2020-11-03,755,inferred
Charnwood,2020-11-04,728,inferred
Charnwood,2020-11-05,728,inferred
Charnwood,2020-11-06,728,inferred
Charnwood,2020-11-07,728,inferred
Charnwood,2020-11-08,728,inferred
Charnwood,2020-11-09,728,inferred
Charnwood,2020-11-10,728,inferred
Charnwood,2020-11-11,631,inferred
Charnwood,2020-11-12,631,inferred
Charnwood,2020-11-13,631,inferred
Charnwood,2020-11-14,631,inferred
Charnwood,2020-11-15,631,inferred
Charnwood,2020-11-16,631,inferred
Charnwood,2020-11-17,631,inferred
Charnwood,2020-11-18,290,inferred
Charnwood,2020-11-19,290,inferred
Charnwood,2020-11-20,290,inferred
Charnwood,2020-11-21,290,inferred
Charnwood,2020-11-22,290,inferred
Charnwood,2020-11-23,290,inferred
Charnwood,2020-11-24,290,inferred
Charnwood,2020-11-25,237,inferred
Charnwood,2020-11-26,237,inferred
Charnwood,2020-11-27,237,inferred
Charnwood,2020-11-28,237,inferred
Charnwood,2020-11-29,237,inferred
Charnwood,2020-11-30,237,inferred
Charnwood,2020-12-01,237,inferred
Charnwood,2020-12-02,243,inferred
Charnwood,2020-12-03,243,inferred
Charnwood,2020-12-04,243,inferred
Charnwood,2020-12-05,243,inferred
Charnwood,2020-12-06,243,inferred
Charnwood,2020-12-07,243,inferred
Charnwood,2020-12-08,243,inferred
Charnwood,2020-12-09,315,inferred
Charnwood,2020-12-10,315,inferred
Charnwood,2020-12-11,315,inferred
Charnwood,2020-12-12,315,inferred
Charnwood,2020-12-13,315,inferred
Charnwood,2020-12-14,315,inferred
Charnwood,2020-12-15,315,inferred
Charnwood,2020-12-16,402,inferred
Charnwood,2020-12-17,402,inferred
Charnwood,2020-12-18,402,inferred
Charnwood,2020-12-19,402,inferred
Charnwood,2020-12-20,402,inferred
Charnwood,2020-12-21,402,inferred
Charnwood,2020-12-22,402,inferred
Charnwood,2020-12-23,412,inferred
Charnwood,2020-12-24,412,inferred
Charnwood,2020-12-25,412,inferred
Charnwood,2020-12-26,412,inferred
Charnwood,2020-12-27,412,inferred
Charnwood,2020-12-28,412,inferred
Charnwood,2020-12-29,412,inferred
Charnwood,2020-12-30,624,inferred
Charnwood,2020-12-31,624,inferred
Charnwood,2021-01-01,624,inferred
Charnwood,2021-01-02,624,inferred
Charnwood,2021-01-03,624,inferred
Charnwood,2021-01-04,624,inferred
Charnwood,2021-01-05,624,inferred
Charnwood,2021-01-06,596,projected
Charnwood,2021-01-07,596,projected
Charnwood,2021-01-08,596,projected
Charnwood,2021-01-09,596,projected
Charnwood,2021-01-10,596,projected
Charnwood,2021-01-11,596,projected
Charnwood,2021-01-12,596,projected
Charnwood,2021-01-13,572,projected
Charnwood,2021-01-14,572,projected
Charnwood,2021-01-15,572,projected
Charnwood,2021-01-16,572,projected
Charnwood,2021-01-17,572,projected
Charnwood,2021-01-18,572,projected
Charnwood,2021-01-19,572,projected
Charnwood,2021-01-20,572,projected
Charnwood,2021-01-21,572,projected
Charnwood,2021-01-22,572,projected
Charnwood,2021-01-23,572,projected
Charnwood,2021-01-24,572,projected
Charnwood,2021-01-25,572,projected
Charnwood,2021-01-26,572,projected
Chelmsford,2020-09-23, 56,inferred
Chelmsford,2020-09-24, 56,inferred
Chelmsford,2020-09-25, 56,inferred
Chelmsford,2020-09-26, 56,inferred
Chelmsford,2020-09-27, 56,inferred
Chelmsford,2020-09-28, 56,inferred
Chelmsford,2020-09-29, 56,inferred
Chelmsford,2020-09-30, 79,inferred
Chelmsford,2020-10-01, 79,inferred
Chelmsford,2020-10-02, 79,inferred
Chelmsford,2020-10-03, 79,inferred
Chelmsford,2020-10-04, 79,inferred
Chelmsford,2020-10-05, 79,inferred
Chelmsford,2020-10-06, 79,inferred
Chelmsford,2020-10-07,115,inferred
Chelmsford,2020-10-08,115,inferred
Chelmsford,2020-10-09,115,inferred
Chelmsford,2020-10-10,115,inferred
Chelmsford,2020-10-11,115,inferred
Chelmsford,2020-10-12,115,inferred
Chelmsford,2020-10-13,115,inferred
Chelmsford,2020-10-14,165,inferred
Chelmsford,2020-10-15,165,inferred
Chelmsford,2020-10-16,165,inferred
Chelmsford,2020-10-17,165,inferred
Chelmsford,2020-10-18,165,inferred
Chelmsford,2020-10-19,165,inferred
Chelmsford,2020-10-20,165,inferred
Chelmsford,2020-10-21,160,inferred
Chelmsford,2020-10-22,160,inferred
Chelmsford,2020-10-23,160,inferred
Chelmsford,2020-10-24,160,inferred
Chelmsford,2020-10-25,160,inferred
Chelmsford,2020-10-26,160,inferred
Chelmsford,2020-10-27,160,inferred
Chelmsford,2020-10-28,188,inferred
Chelmsford,2020-10-29,188,inferred
Chelmsford,2020-10-30,188,inferred
Chelmsford,2020-10-31,188,inferred
Chelmsford,2020-11-01,188,inferred
Chelmsford,2020-11-02,188,inferred
Chelmsford,2020-11-03,188,inferred
Chelmsford,2020-11-04,182,inferred
Chelmsford,2020-11-05,182,inferred
Chelmsford,2020-11-06,182,inferred
Chelmsford,2020-11-07,182,inferred
Chelmsford,2020-11-08,182,inferred
Chelmsford,2020-11-09,182,inferred
Chelmsford,2020-11-10,182,inferred
Chelmsford,2020-11-11,263,inferred
Chelmsford,2020-11-12,263,inferred
Chelmsford,2020-11-13,263,inferred
Chelmsford,2020-11-14,263,inferred
Chelmsford,2020-11-15,263,inferred
Chelmsford,2020-11-16,263,inferred
Chelmsford,2020-11-17,263,inferred
Chelmsford,2020-11-18,183,inferred
Chelmsford,2020-11-19,183,inferred
Chelmsford,2020-11-20,183,inferred
Chelmsford,2020-11-21,183,inferred
Chelmsford,2020-11-22,183,inferred
Chelmsford,2020-11-23,183,inferred
Chelmsford,2020-11-24,183,inferred
Chelmsford,2020-11-25,202,inferred
Chelmsford,2020-11-26,202,inferred
Chelmsford,2020-11-27,202,inferred
Chelmsford,2020-11-28,202,inferred
Chelmsford,2020-11-29,202,inferred
Chelmsford,2020-11-30,202,inferred
Chelmsford,2020-12-01,202,inferred
Chelmsford,2020-12-02,408,inferred
Chelmsford,2020-12-03,408,inferred
Chelmsford,2020-12-04,408,inferred
Chelmsford,2020-12-05,408,inferred
Chelmsford,2020-12-06,408,inferred
Chelmsford,2020-12-07,408,inferred
Chelmsford,2020-12-08,408,inferred
Chelmsford,2020-12-09,872,inferred
Chelmsford,2020-12-10,872,inferred
Chelmsford,2020-12-11,872,inferred
Chelmsford,2020-12-12,872,inferred
Chelmsford,2020-12-13,872,inferred
Chelmsford,2020-12-14,872,inferred
Chelmsford,2020-12-15,872,inferred
Chelmsford,2020-12-16,1554,inferred
Chelmsford,2020-12-17,1554,inferred
Chelmsford,2020-12-18,1554,inferred
Chelmsford,2020-12-19,1554,inferred
Chelmsford,2020-12-20,1554,inferred
Chelmsford,2020-12-21,1554,inferred
Chelmsford,2020-12-22,1554,inferred
Chelmsford,2020-12-23,1705,inferred
Chelmsford,2020-12-24,1705,inferred
Chelmsford,2020-12-25,1705,inferred
Chelmsford,2020-12-26,1705,inferred
Chelmsford,2020-12-27,1705,inferred
Chelmsford,2020-12-28,1705,inferred
Chelmsford,2020-12-29,1705,inferred
Chelmsford,2020-12-30,1852,inferred
Chelmsford,2020-12-31,1852,inferred
Chelmsford,2021-01-01,1852,inferred
Chelmsford,2021-01-02,1852,inferred
Chelmsford,2021-01-03,1852,inferred
Chelmsford,2021-01-04,1852,inferred
Chelmsford,2021-01-05,1852,inferred
Chelmsford,2021-01-06,1414,projected
Chelmsford,2021-01-07,1414,projected
Chelmsford,2021-01-08,1414,projected
Chelmsford,2021-01-09,1414,projected
Chelmsford,2021-01-10,1414,projected
Chelmsford,2021-01-11,1414,projected
Chelmsford,2021-01-12,1414,projected
Chelmsford,2021-01-13,1066,projected
Chelmsford,2021-01-14,1066,projected
Chelmsford,2021-01-15,1066,projected
Chelmsford,2021-01-16,1066,projected
Chelmsford,2021-01-17,1066,projected
Chelmsford,2021-01-18,1066,projected
Chelmsford,2021-01-19,1066,projected
Chelmsford,2021-01-20,837,projected
Chelmsford,2021-01-21,837,projected
Chelmsford,2021-01-22,837,projected
Chelmsford,2021-01-23,837,projected
Chelmsford,2021-01-24,837,projected
Chelmsford,2021-01-25,837,projected
Chelmsford,2021-01-26,837,projected
Cheltenham,2020-09-23, 35,inferred
Cheltenham,2020-09-24, 35,inferred
Cheltenham,2020-09-25, 35,inferred
Cheltenham,2020-09-26, 35,inferred
Cheltenham,2020-09-27, 35,inferred
Cheltenham,2020-09-28, 35,inferred
Cheltenham,2020-09-29, 35,inferred
Cheltenham,2020-09-30, 53,inferred
Cheltenham,2020-10-01, 53,inferred
Cheltenham,2020-10-02, 53,inferred
Cheltenham,2020-10-03, 53,inferred
Cheltenham,2020-10-04, 53,inferred
Cheltenham,2020-10-05, 53,inferred
Cheltenham,2020-10-06, 53,inferred
Cheltenham,2020-10-07, 79,inferred
Cheltenham,2020-10-08, 79,inferred
Cheltenham,2020-10-09, 79,inferred
Cheltenham,2020-10-10, 79,inferred
Cheltenham,2020-10-11, 79,inferred
Cheltenham,2020-10-12, 79,inferred
Cheltenham,2020-10-13, 79,inferred
Cheltenham,2020-10-14, 68,inferred
Cheltenham,2020-10-15, 68,inferred
Cheltenham,2020-10-16, 68,inferred
Cheltenham,2020-10-17, 68,inferred
Cheltenham,2020-10-18, 68,inferred
Cheltenham,2020-10-19, 68,inferred
Cheltenham,2020-10-20, 68,inferred
Cheltenham,2020-10-21,102,inferred
Cheltenham,2020-10-22,102,inferred
Cheltenham,2020-10-23,102,inferred
Cheltenham,2020-10-24,102,inferred
Cheltenham,2020-10-25,102,inferred
Cheltenham,2020-10-26,102,inferred
Cheltenham,2020-10-27,102,inferred
Cheltenham,2020-10-28,136,inferred
Cheltenham,2020-10-29,136,inferred
Cheltenham,2020-10-30,136,inferred
Cheltenham,2020-10-31,136,inferred
Cheltenham,2020-11-01,136,inferred
Cheltenham,2020-11-02,136,inferred
Cheltenham,2020-11-03,136,inferred
Cheltenham,2020-11-04,176,inferred
Cheltenham,2020-11-05,176,inferred
Cheltenham,2020-11-06,176,inferred
Cheltenham,2020-11-07,176,inferred
Cheltenham,2020-11-08,176,inferred
Cheltenham,2020-11-09,176,inferred
Cheltenham,2020-11-10,176,inferred
Cheltenham,2020-11-11,192,inferred
Cheltenham,2020-11-12,192,inferred
Cheltenham,2020-11-13,192,inferred
Cheltenham,2020-11-14,192,inferred
Cheltenham,2020-11-15,192,inferred
Cheltenham,2020-11-16,192,inferred
Cheltenham,2020-11-17,192,inferred
Cheltenham,2020-11-18,126,inferred
Cheltenham,2020-11-19,126,inferred
Cheltenham,2020-11-20,126,inferred
Cheltenham,2020-11-21,126,inferred
Cheltenham,2020-11-22,126,inferred
Cheltenham,2020-11-23,126,inferred
Cheltenham,2020-11-24,126,inferred
Cheltenham,2020-11-25,103,inferred
Cheltenham,2020-11-26,103,inferred
Cheltenham,2020-11-27,103,inferred
Cheltenham,2020-11-28,103,inferred
Cheltenham,2020-11-29,103,inferred
Cheltenham,2020-11-30,103,inferred
Cheltenham,2020-12-01,103,inferred
Cheltenham,2020-12-02,115,inferred
Cheltenham,2020-12-03,115,inferred
Cheltenham,2020-12-04,115,inferred
Cheltenham,2020-12-05,115,inferred
Cheltenham,2020-12-06,115,inferred
Cheltenham,2020-12-07,115,inferred
Cheltenham,2020-12-08,115,inferred
Cheltenham,2020-12-09,109,inferred
Cheltenham,2020-12-10,109,inferred
Cheltenham,2020-12-11,109,inferred
Cheltenham,2020-12-12,109,inferred
Cheltenham,2020-12-13,109,inferred
Cheltenham,2020-12-14,109,inferred
Cheltenham,2020-12-15,109,inferred
Cheltenham,2020-12-16,195,inferred
Cheltenham,2020-12-17,195,inferred
Cheltenham,2020-12-18,195,inferred
Cheltenham,2020-12-19,195,inferred
Cheltenham,2020-12-20,195,inferred
Cheltenham,2020-12-21,195,inferred
Cheltenham,2020-12-22,195,inferred
Cheltenham,2020-12-23,208,inferred
Cheltenham,2020-12-24,208,inferred
Cheltenham,2020-12-25,208,inferred
Cheltenham,2020-12-26,208,inferred
Cheltenham,2020-12-27,208,inferred
Cheltenham,2020-12-28,208,inferred
Cheltenham,2020-12-29,208,inferred
Cheltenham,2020-12-30,389,inferred
Cheltenham,2020-12-31,389,inferred
Cheltenham,2021-01-01,389,inferred
Cheltenham,2021-01-02,389,inferred
Cheltenham,2021-01-03,389,inferred
Cheltenham,2021-01-04,389,inferred
Cheltenham,2021-01-05,389,inferred
Cheltenham,2021-01-06,460,projected
Cheltenham,2021-01-07,460,projected
Cheltenham,2021-01-08,460,projected
Cheltenham,2021-01-09,460,projected
Cheltenham,2021-01-10,460,projected
Cheltenham,2021-01-11,460,projected
Cheltenham,2021-01-12,460,projected
Cheltenham,2021-01-13,566,projected
Cheltenham,2021-01-14,566,projected
Cheltenham,2021-01-15,566,projected
Cheltenham,2021-01-16,566,projected
Cheltenham,2021-01-17,566,projected
Cheltenham,2021-01-18,566,projected
Cheltenham,2021-01-19,566,projected
Cheltenham,2021-01-20,714,projected
Cheltenham,2021-01-21,714,projected
Cheltenham,2021-01-22,714,projected
Cheltenham,2021-01-23,714,projected
Cheltenham,2021-01-24,714,projected
Cheltenham,2021-01-25,714,projected
Cheltenham,2021-01-26,714,projected
Cherwell,2020-09-23, 23,inferred
Cherwell,2020-09-24, 23,inferred
Cherwell,2020-09-25, 23,inferred
Cherwell,2020-09-26, 23,inferred
Cherwell,2020-09-27, 23,inferred
Cherwell,2020-09-28, 23,inferred
Cherwell,2020-09-29, 23,inferred
Cherwell,2020-09-30, 80,inferred
Cherwell,2020-10-01, 80,inferred
Cherwell,2020-10-02, 80,inferred
Cherwell,2020-10-03, 80,inferred
Cherwell,2020-10-04, 80,inferred
Cherwell,2020-10-05, 80,inferred
Cherwell,2020-10-06, 80,inferred
Cherwell,2020-10-07,111,inferred
Cherwell,2020-10-08,111,inferred
Cherwell,2020-10-09,111,inferred
Cherwell,2020-10-10,111,inferred
Cherwell,2020-10-11,111,inferred
Cherwell,2020-10-12,111,inferred
Cherwell,2020-10-13,111,inferred
Cherwell,2020-10-14,145,inferred
Cherwell,2020-10-15,145,inferred
Cherwell,2020-10-16,145,inferred
Cherwell,2020-10-17,145,inferred
Cherwell,2020-10-18,145,inferred
Cherwell,2020-10-19,145,inferred
Cherwell,2020-10-20,145,inferred
Cherwell,2020-10-21,214,inferred
Cherwell,2020-10-22,214,inferred
Cherwell,2020-10-23,214,inferred
Cherwell,2020-10-24,214,inferred
Cherwell,2020-10-25,214,inferred
Cherwell,2020-10-26,214,inferred
Cherwell,2020-10-27,214,inferred
Cherwell,2020-10-28,232,inferred
Cherwell,2020-10-29,232,inferred
Cherwell,2020-10-30,232,inferred
Cherwell,2020-10-31,232,inferred
Cherwell,2020-11-01,232,inferred
Cherwell,2020-11-02,232,inferred
Cherwell,2020-11-03,232,inferred
Cherwell,2020-11-04,247,inferred
Cherwell,2020-11-05,247,inferred
Cherwell,2020-11-06,247,inferred
Cherwell,2020-11-07,247,inferred
Cherwell,2020-11-08,247,inferred
Cherwell,2020-11-09,247,inferred
Cherwell,2020-11-10,247,inferred
Cherwell,2020-11-11,193,inferred
Cherwell,2020-11-12,193,inferred
Cherwell,2020-11-13,193,inferred
Cherwell,2020-11-14,193,inferred
Cherwell,2020-11-15,193,inferred
Cherwell,2020-11-16,193,inferred
Cherwell,2020-11-17,193,inferred
Cherwell,2020-11-18,151,inferred
Cherwell,2020-11-19,151,inferred
Cherwell,2020-11-20,151,inferred
Cherwell,2020-11-21,151,inferred
Cherwell,2020-11-22,151,inferred
Cherwell,2020-11-23,151,inferred
Cherwell,2020-11-24,151,inferred
Cherwell,2020-11-25,102,inferred
Cherwell,2020-11-26,102,inferred
Cherwell,2020-11-27,102,inferred
Cherwell,2020-11-28,102,inferred
Cherwell,2020-11-29,102,inferred
Cherwell,2020-11-30,102,inferred
Cherwell,2020-12-01,102,inferred
Cherwell,2020-12-02,165,inferred
Cherwell,2020-12-03,165,inferred
Cherwell,2020-12-04,165,inferred
Cherwell,2020-12-05,165,inferred
Cherwell,2020-12-06,165,inferred
Cherwell,2020-12-07,165,inferred
Cherwell,2020-12-08,165,inferred
Cherwell,2020-12-09,341,inferred
Cherwell,2020-12-10,341,inferred
Cherwell,2020-12-11,341,inferred
Cherwell,2020-12-12,341,inferred
Cherwell,2020-12-13,341,inferred
Cherwell,2020-12-14,341,inferred
Cherwell,2020-12-15,341,inferred
Cherwell,2020-12-16,698,inferred
Cherwell,2020-12-17,698,inferred
Cherwell,2020-12-18,698,inferred
Cherwell,2020-12-19,698,inferred
Cherwell,2020-12-20,698,inferred
Cherwell,2020-12-21,698,inferred
Cherwell,2020-12-22,698,inferred
Cherwell,2020-12-23,929,inferred
Cherwell,2020-12-24,929,inferred
Cherwell,2020-12-25,929,inferred
Cherwell,2020-12-26,929,inferred
Cherwell,2020-12-27,929,inferred
Cherwell,2020-12-28,929,inferred
Cherwell,2020-12-29,929,inferred
Cherwell,2020-12-30,1503,inferred
Cherwell,2020-12-31,1503,inferred
Cherwell,2021-01-01,1503,inferred
Cherwell,2021-01-02,1503,inferred
Cherwell,2021-01-03,1503,inferred
Cherwell,2021-01-04,1503,inferred
Cherwell,2021-01-05,1503,inferred
Cherwell,2021-01-06,1501,projected
Cherwell,2021-01-07,1501,projected
Cherwell,2021-01-08,1501,projected
Cherwell,2021-01-09,1501,projected
Cherwell,2021-01-10,1501,projected
Cherwell,2021-01-11,1501,projected
Cherwell,2021-01-12,1501,projected
Cherwell,2021-01-13,1533,projected
Cherwell,2021-01-14,1533,projected
Cherwell,2021-01-15,1533,projected
Cherwell,2021-01-16,1533,projected
Cherwell,2021-01-17,1533,projected
Cherwell,2021-01-18,1533,projected
Cherwell,2021-01-19,1533,projected
Cherwell,2021-01-20,1514,projected
Cherwell,2021-01-21,1514,projected
Cherwell,2021-01-22,1514,projected
Cherwell,2021-01-23,1514,projected
Cherwell,2021-01-24,1514,projected
Cherwell,2021-01-25,1514,projected
Cherwell,2021-01-26,1514,projected
Cheshire East,2020-09-23,294,inferred
Cheshire East,2020-09-24,294,inferred
Cheshire East,2020-09-25,294,inferred
Cheshire East,2020-09-26,294,inferred
Cheshire East,2020-09-27,294,inferred
Cheshire East,2020-09-28,294,inferred
Cheshire East,2020-09-29,294,inferred
Cheshire East,2020-09-30,479,inferred
Cheshire East,2020-10-01,479,inferred
Cheshire East,2020-10-02,479,inferred
Cheshire East,2020-10-03,479,inferred
Cheshire East,2020-10-04,479,inferred
Cheshire East,2020-10-05,479,inferred
Cheshire East,2020-10-06,479,inferred
Cheshire East,2020-10-07,602,inferred
Cheshire East,2020-10-08,602,inferred
Cheshire East,2020-10-09,602,inferred
Cheshire East,2020-10-10,602,inferred
Cheshire East,2020-10-11,602,inferred
Cheshire East,2020-10-12,602,inferred
Cheshire East,2020-10-13,602,inferred
Cheshire East,2020-10-14,696,inferred
Cheshire East,2020-10-15,696,inferred
Cheshire East,2020-10-16,696,inferred
Cheshire East,2020-10-17,696,inferred
Cheshire East,2020-10-18,696,inferred
Cheshire East,2020-10-19,696,inferred
Cheshire East,2020-10-20,696,inferred
Cheshire East,2020-10-21,850,inferred
Cheshire East,2020-10-22,850,inferred
Cheshire East,2020-10-23,850,inferred
Cheshire East,2020-10-24,850,inferred
Cheshire East,2020-10-25,850,inferred
Cheshire East,2020-10-26,850,inferred
Cheshire East,2020-10-27,850,inferred
Cheshire East,2020-10-28,799,inferred
Cheshire East,2020-10-29,799,inferred
Cheshire East,2020-10-30,799,inferred
Cheshire East,2020-10-31,799,inferred
Cheshire East,2020-11-01,799,inferred
Cheshire East,2020-11-02,799,inferred
Cheshire East,2020-11-03,799,inferred
Cheshire East,2020-11-04,940,inferred
Cheshire East,2020-11-05,940,inferred
Cheshire East,2020-11-06,940,inferred
Cheshire East,2020-11-07,940,inferred
Cheshire East,2020-11-08,940,inferred
Cheshire East,2020-11-09,940,inferred
Cheshire East,2020-11-10,940,inferred
Cheshire East,2020-11-11,789,inferred
Cheshire East,2020-11-12,789,inferred
Cheshire East,2020-11-13,789,inferred
Cheshire East,2020-11-14,789,inferred
Cheshire East,2020-11-15,789,inferred
Cheshire East,2020-11-16,789,inferred
Cheshire East,2020-11-17,789,inferred
Cheshire East,2020-11-18,531,inferred
Cheshire East,2020-11-19,531,inferred
Cheshire East,2020-11-20,531,inferred
Cheshire East,2020-11-21,531,inferred
Cheshire East,2020-11-22,531,inferred
Cheshire East,2020-11-23,531,inferred
Cheshire East,2020-11-24,531,inferred
Cheshire East,2020-11-25,485,inferred
Cheshire East,2020-11-26,485,inferred
Cheshire East,2020-11-27,485,inferred
Cheshire East,2020-11-28,485,inferred
Cheshire East,2020-11-29,485,inferred
Cheshire East,2020-11-30,485,inferred
Cheshire East,2020-12-01,485,inferred
Cheshire East,2020-12-02,393,inferred
Cheshire East,2020-12-03,393,inferred
Cheshire East,2020-12-04,393,inferred
Cheshire East,2020-12-05,393,inferred
Cheshire East,2020-12-06,393,inferred
Cheshire East,2020-12-07,393,inferred
Cheshire East,2020-12-08,393,inferred
Cheshire East,2020-12-09,556,inferred
Cheshire East,2020-12-10,556,inferred
Cheshire East,2020-12-11,556,inferred
Cheshire East,2020-12-12,556,inferred
Cheshire East,2020-12-13,556,inferred
Cheshire East,2020-12-14,556,inferred
Cheshire East,2020-12-15,556,inferred
Cheshire East,2020-12-16,897,inferred
Cheshire East,2020-12-17,897,inferred
Cheshire East,2020-12-18,897,inferred
Cheshire East,2020-12-19,897,inferred
Cheshire East,2020-12-20,897,inferred
Cheshire East,2020-12-21,897,inferred
Cheshire East,2020-12-22,897,inferred
Cheshire East,2020-12-23,1243,inferred
Cheshire East,2020-12-24,1243,inferred
Cheshire East,2020-12-25,1243,inferred
Cheshire East,2020-12-26,1243,inferred
Cheshire East,2020-12-27,1243,inferred
Cheshire East,2020-12-28,1243,inferred
Cheshire East,2020-12-29,1243,inferred
Cheshire East,2020-12-30,1852,inferred
Cheshire East,2020-12-31,1852,inferred
Cheshire East,2021-01-01,1852,inferred
Cheshire East,2021-01-02,1852,inferred
Cheshire East,2021-01-03,1852,inferred
Cheshire East,2021-01-04,1852,inferred
Cheshire East,2021-01-05,1852,inferred
Cheshire East,2021-01-06,1939,projected
Cheshire East,2021-01-07,1939,projected
Cheshire East,2021-01-08,1939,projected
Cheshire East,2021-01-09,1939,projected
Cheshire East,2021-01-10,1939,projected
Cheshire East,2021-01-11,1939,projected
Cheshire East,2021-01-12,1939,projected
Cheshire East,2021-01-13,2092,projected
Cheshire East,2021-01-14,2092,projected
Cheshire East,2021-01-15,2092,projected
Cheshire East,2021-01-16,2092,projected
Cheshire East,2021-01-17,2092,projected
Cheshire East,2021-01-18,2092,projected
Cheshire East,2021-01-19,2092,projected
Cheshire East,2021-01-20,2350,projected
Cheshire East,2021-01-21,2350,projected
Cheshire East,2021-01-22,2350,projected
Cheshire East,2021-01-23,2350,projected
Cheshire East,2021-01-24,2350,projected
Cheshire East,2021-01-25,2350,projected
Cheshire East,2021-01-26,2350,projected
Cheshire West and Chester,2020-09-23,277,inferred
Cheshire West and Chester,2020-09-24,277,inferred
Cheshire West and Chester,2020-09-25,277,inferred
Cheshire West and Chester,2020-09-26,277,inferred
Cheshire West and Chester,2020-09-27,277,inferred
Cheshire West and Chester,2020-09-28,277,inferred
Cheshire West and Chester,2020-09-29,277,inferred
Cheshire West and Chester,2020-09-30,521,inferred
Cheshire West and Chester,2020-10-01,521,inferred
Cheshire West and Chester,2020-10-02,521,inferred
Cheshire West and Chester,2020-10-03,521,inferred
Cheshire West and Chester,2020-10-04,521,inferred
Cheshire West and Chester,2020-10-05,521,inferred
Cheshire West and Chester,2020-10-06,521,inferred
Cheshire West and Chester,2020-10-07,644,inferred
Cheshire West and Chester,2020-10-08,644,inferred
Cheshire West and Chester,2020-10-09,644,inferred
Cheshire West and Chester,2020-10-10,644,inferred
Cheshire West and Chester,2020-10-11,644,inferred
Cheshire West and Chester,2020-10-12,644,inferred
Cheshire West and Chester,2020-10-13,644,inferred
Cheshire West and Chester,2020-10-14,718,inferred
Cheshire West and Chester,2020-10-15,718,inferred
Cheshire West and Chester,2020-10-16,718,inferred
Cheshire West and Chester,2020-10-17,718,inferred
Cheshire West and Chester,2020-10-18,718,inferred
Cheshire West and Chester,2020-10-19,718,inferred
Cheshire West and Chester,2020-10-20,718,inferred
Cheshire West and Chester,2020-10-21,803,inferred
Cheshire West and Chester,2020-10-22,803,inferred
Cheshire West and Chester,2020-10-23,803,inferred
Cheshire West and Chester,2020-10-24,803,inferred
Cheshire West and Chester,2020-10-25,803,inferred
Cheshire West and Chester,2020-10-26,803,inferred
Cheshire West and Chester,2020-10-27,803,inferred
Cheshire West and Chester,2020-10-28,837,inferred
Cheshire West and Chester,2020-10-29,837,inferred
Cheshire West and Chester,2020-10-30,837,inferred
Cheshire West and Chester,2020-10-31,837,inferred
Cheshire West and Chester,2020-11-01,837,inferred
Cheshire West and Chester,2020-11-02,837,inferred
Cheshire West and Chester,2020-11-03,837,inferred
Cheshire West and Chester,2020-11-04,1081,inferred
Cheshire West and Chester,2020-11-05,1081,inferred
Cheshire West and Chester,2020-11-06,1081,inferred
Cheshire West and Chester,2020-11-07,1081,inferred
Cheshire West and Chester,2020-11-08,1081,inferred
Cheshire West and Chester,2020-11-09,1081,inferred
Cheshire West and Chester,2020-11-10,1081,inferred
Cheshire West and Chester,2020-11-11,884,inferred
Cheshire West and Chester,2020-11-12,884,inferred
Cheshire West and Chester,2020-11-13,884,inferred
Cheshire West and Chester,2020-11-14,884,inferred
Cheshire West and Chester,2020-11-15,884,inferred
Cheshire West and Chester,2020-11-16,884,inferred
Cheshire West and Chester,2020-11-17,884,inferred
Cheshire West and Chester,2020-11-18,429,inferred
Cheshire West and Chester,2020-11-19,429,inferred
Cheshire West and Chester,2020-11-20,429,inferred
Cheshire West and Chester,2020-11-21,429,inferred
Cheshire West and Chester,2020-11-22,429,inferred
Cheshire West and Chester,2020-11-23,429,inferred
Cheshire West and Chester,2020-11-24,429,inferred
Cheshire West and Chester,2020-11-25,340,inferred
Cheshire West and Chester,2020-11-26,340,inferred
Cheshire West and Chester,2020-11-27,340,inferred
Cheshire West and Chester,2020-11-28,340,inferred
Cheshire West and Chester,2020-11-29,340,inferred
Cheshire West and Chester,2020-11-30,340,inferred
Cheshire West and Chester,2020-12-01,340,inferred
Cheshire West and Chester,2020-12-02,353,inferred
Cheshire West and Chester,2020-12-03,353,inferred
Cheshire West and Chester,2020-12-04,353,inferred
Cheshire West and Chester,2020-12-05,353,inferred
Cheshire West and Chester,2020-12-06,353,inferred
Cheshire West and Chester,2020-12-07,353,inferred
Cheshire West and Chester,2020-12-08,353,inferred
Cheshire West and Chester,2020-12-09,605,inferred
Cheshire West and Chester,2020-12-10,605,inferred
Cheshire West and Chester,2020-12-11,605,inferred
Cheshire West and Chester,2020-12-12,605,inferred
Cheshire West and Chester,2020-12-13,605,inferred
Cheshire West and Chester,2020-12-14,605,inferred
Cheshire West and Chester,2020-12-15,605,inferred
Cheshire West and Chester,2020-12-16,835,inferred
Cheshire West and Chester,2020-12-17,835,inferred
Cheshire West and Chester,2020-12-18,835,inferred
Cheshire West and Chester,2020-12-19,835,inferred
Cheshire West and Chester,2020-12-20,835,inferred
Cheshire West and Chester,2020-12-21,835,inferred
Cheshire West and Chester,2020-12-22,835,inferred
Cheshire West and Chester,2020-12-23,1369,inferred
Cheshire West and Chester,2020-12-24,1369,inferred
Cheshire West and Chester,2020-12-25,1369,inferred
Cheshire West and Chester,2020-12-26,1369,inferred
Cheshire West and Chester,2020-12-27,1369,inferred
Cheshire West and Chester,2020-12-28,1369,inferred
Cheshire West and Chester,2020-12-29,1369,inferred
Cheshire West and Chester,2020-12-30,2026,inferred
Cheshire West and Chester,2020-12-31,2026,inferred
Cheshire West and Chester,2021-01-01,2026,inferred
Cheshire West and Chester,2021-01-02,2026,inferred
Cheshire West and Chester,2021-01-03,2026,inferred
Cheshire West and Chester,2021-01-04,2026,inferred
Cheshire West and Chester,2021-01-05,2026,inferred
Cheshire West and Chester,2021-01-06,2169,projected
Cheshire West and Chester,2021-01-07,2169,projected
Cheshire West and Chester,2021-01-08,2169,projected
Cheshire West and Chester,2021-01-09,2169,projected
Cheshire West and Chester,2021-01-10,2169,projected
Cheshire West and Chester,2021-01-11,2169,projected
Cheshire West and Chester,2021-01-12,2169,projected
Cheshire West and Chester,2021-01-13,2292,projected
Cheshire West and Chester,2021-01-14,2292,projected
Cheshire West and Chester,2021-01-15,2292,projected
Cheshire West and Chester,2021-01-16,2292,projected
Cheshire West and Chester,2021-01-17,2292,projected
Cheshire West and Chester,2021-01-18,2292,projected
Cheshire West and Chester,2021-01-19,2292,projected
Cheshire West and Chester,2021-01-20,2495,projected
Cheshire West and Chester,2021-01-21,2495,projected
Cheshire West and Chester,2021-01-22,2495,projected
Cheshire West and Chester,2021-01-23,2495,projected
Cheshire West and Chester,2021-01-24,2495,projected
Cheshire West and Chester,2021-01-25,2495,projected
Cheshire West and Chester,2021-01-26,2495,projected
Chesterfield,2020-09-23, 31,inferred
Chesterfield,2020-09-24, 31,inferred
Chesterfield,2020-09-25, 31,inferred
Chesterfield,2020-09-26, 31,inferred
Chesterfield,2020-09-27, 31,inferred
Chesterfield,2020-09-28, 31,inferred
Chesterfield,2020-09-29, 31,inferred
Chesterfield,2020-09-30,101,inferred
Chesterfield,2020-10-01,101,inferred
Chesterfield,2020-10-02,101,inferred
Chesterfield,2020-10-03,101,inferred
Chesterfield,2020-10-04,101,inferred
Chesterfield,2020-10-05,101,inferred
Chesterfield,2020-10-06,101,inferred
Chesterfield,2020-10-07,148,inferred
Chesterfield,2020-10-08,148,inferred
Chesterfield,2020-10-09,148,inferred
Chesterfield,2020-10-10,148,inferred
Chesterfield,2020-10-11,148,inferred
Chesterfield,2020-10-12,148,inferred
Chesterfield,2020-10-13,148,inferred
Chesterfield,2020-10-14,218,inferred
Chesterfield,2020-10-15,218,inferred
Chesterfield,2020-10-16,218,inferred
Chesterfield,2020-10-17,218,inferred
Chesterfield,2020-10-18,218,inferred
Chesterfield,2020-10-19,218,inferred
Chesterfield,2020-10-20,218,inferred
Chesterfield,2020-10-21,386,inferred
Chesterfield,2020-10-22,386,inferred
Chesterfield,2020-10-23,386,inferred
Chesterfield,2020-10-24,386,inferred
Chesterfield,2020-10-25,386,inferred
Chesterfield,2020-10-26,386,inferred
Chesterfield,2020-10-27,386,inferred
Chesterfield,2020-10-28,377,inferred
Chesterfield,2020-10-29,377,inferred
Chesterfield,2020-10-30,377,inferred
Chesterfield,2020-10-31,377,inferred
Chesterfield,2020-11-01,377,inferred
Chesterfield,2020-11-02,377,inferred
Chesterfield,2020-11-03,377,inferred
Chesterfield,2020-11-04,324,inferred
Chesterfield,2020-11-05,324,inferred
Chesterfield,2020-11-06,324,inferred
Chesterfield,2020-11-07,324,inferred
Chesterfield,2020-11-08,324,inferred
Chesterfield,2020-11-09,324,inferred
Chesterfield,2020-11-10,324,inferred
Chesterfield,2020-11-11,280,inferred
Chesterfield,2020-11-12,280,inferred
Chesterfield,2020-11-13,280,inferred
Chesterfield,2020-11-14,280,inferred
Chesterfield,2020-11-15,280,inferred
Chesterfield,2020-11-16,280,inferred
Chesterfield,2020-11-17,280,inferred
Chesterfield,2020-11-18,135,inferred
Chesterfield,2020-11-19,135,inferred
Chesterfield,2020-11-20,135,inferred
Chesterfield,2020-11-21,135,inferred
Chesterfield,2020-11-22,135,inferred
Chesterfield,2020-11-23,135,inferred
Chesterfield,2020-11-24,135,inferred
Chesterfield,2020-11-25,138,inferred
Chesterfield,2020-11-26,138,inferred
Chesterfield,2020-11-27,138,inferred
Chesterfield,2020-11-28,138,inferred
Chesterfield,2020-11-29,138,inferred
Chesterfield,2020-11-30,138,inferred
Chesterfield,2020-12-01,138,inferred
Chesterfield,2020-12-02,134,inferred
Chesterfield,2020-12-03,134,inferred
Chesterfield,2020-12-04,134,inferred
Chesterfield,2020-12-05,134,inferred
Chesterfield,2020-12-06,134,inferred
Chesterfield,2020-12-07,134,inferred
Chesterfield,2020-12-08,134,inferred
Chesterfield,2020-12-09,167,inferred
Chesterfield,2020-12-10,167,inferred
Chesterfield,2020-12-11,167,inferred
Chesterfield,2020-12-12,167,inferred
Chesterfield,2020-12-13,167,inferred
Chesterfield,2020-12-14,167,inferred
Chesterfield,2020-12-15,167,inferred
Chesterfield,2020-12-16,203,inferred
Chesterfield,2020-12-17,203,inferred
Chesterfield,2020-12-18,203,inferred
Chesterfield,2020-12-19,203,inferred
Chesterfield,2020-12-20,203,inferred
Chesterfield,2020-12-21,203,inferred
Chesterfield,2020-12-22,203,inferred
Chesterfield,2020-12-23,200,inferred
Chesterfield,2020-12-24,200,inferred
Chesterfield,2020-12-25,200,inferred
Chesterfield,2020-12-26,200,inferred
Chesterfield,2020-12-27,200,inferred
Chesterfield,2020-12-28,200,inferred
Chesterfield,2020-12-29,200,inferred
Chesterfield,2020-12-30,374,inferred
Chesterfield,2020-12-31,374,inferred
Chesterfield,2021-01-01,374,inferred
Chesterfield,2021-01-02,374,inferred
Chesterfield,2021-01-03,374,inferred
Chesterfield,2021-01-04,374,inferred
Chesterfield,2021-01-05,374,inferred
Chesterfield,2021-01-06,428,projected
Chesterfield,2021-01-07,428,projected
Chesterfield,2021-01-08,428,projected
Chesterfield,2021-01-09,428,projected
Chesterfield,2021-01-10,428,projected
Chesterfield,2021-01-11,428,projected
Chesterfield,2021-01-12,428,projected
Chesterfield,2021-01-13,497,projected
Chesterfield,2021-01-14,497,projected
Chesterfield,2021-01-15,497,projected
Chesterfield,2021-01-16,497,projected
Chesterfield,2021-01-17,497,projected
Chesterfield,2021-01-18,497,projected
Chesterfield,2021-01-19,497,projected
Chesterfield,2021-01-20,551,projected
Chesterfield,2021-01-21,551,projected
Chesterfield,2021-01-22,551,projected
Chesterfield,2021-01-23,551,projected
Chesterfield,2021-01-24,551,projected
Chesterfield,2021-01-25,551,projected
Chesterfield,2021-01-26,551,projected
Chichester,2020-09-23, 24,inferred
Chichester,2020-09-24, 24,inferred
Chichester,2020-09-25, 24,inferred
Chichester,2020-09-26, 24,inferred
Chichester,2020-09-27, 24,inferred
Chichester,2020-09-28, 24,inferred
Chichester,2020-09-29, 24,inferred
Chichester,2020-09-30, 19,inferred
Chichester,2020-10-01, 19,inferred
Chichester,2020-10-02, 19,inferred
Chichester,2020-10-03, 19,inferred
Chichester,2020-10-04, 19,inferred
Chichester,2020-10-05, 19,inferred
Chichester,2020-10-06, 19,inferred
Chichester,2020-10-07, 54,inferred
Chichester,2020-10-08, 54,inferred
Chichester,2020-10-09, 54,inferred
Chichester,2020-10-10, 54,inferred
Chichester,2020-10-11, 54,inferred
Chichester,2020-10-12, 54,inferred
Chichester,2020-10-13, 54,inferred
Chichester,2020-10-14, 60,inferred
Chichester,2020-10-15, 60,inferred
Chichester,2020-10-16, 60,inferred
Chichester,2020-10-17, 60,inferred
Chichester,2020-10-18, 60,inferred
Chichester,2020-10-19, 60,inferred
Chichester,2020-10-20, 60,inferred
Chichester,2020-10-21,141,inferred
Chichester,2020-10-22,141,inferred
Chichester,2020-10-23,141,inferred
Chichester,2020-10-24,141,inferred
Chichester,2020-10-25,141,inferred
Chichester,2020-10-26,141,inferred
Chichester,2020-10-27,141,inferred
Chichester,2020-10-28,151,inferred
Chichester,2020-10-29,151,inferred
Chichester,2020-10-30,151,inferred
Chichester,2020-10-31,151,inferred
Chichester,2020-11-01,151,inferred
Chichester,2020-11-02,151,inferred
Chichester,2020-11-03,151,inferred
Chichester,2020-11-04,162,inferred
Chichester,2020-11-05,162,inferred
Chichester,2020-11-06,162,inferred
Chichester,2020-11-07,162,inferred
Chichester,2020-11-08,162,inferred
Chichester,2020-11-09,162,inferred
Chichester,2020-11-10,162,inferred
Chichester,2020-11-11,160,inferred
Chichester,2020-11-12,160,inferred
Chichester,2020-11-13,160,inferred
Chichester,2020-11-14,160,inferred
Chichester,2020-11-15,160,inferred
Chichester,2020-11-16,160,inferred
Chichester,2020-11-17,160,inferred
Chichester,2020-11-18, 94,inferred
Chichester,2020-11-19, 94,inferred
Chichester,2020-11-20, 94,inferred
Chichester,2020-11-21, 94,inferred
Chichester,2020-11-22, 94,inferred
Chichester,2020-11-23, 94,inferred
Chichester,2020-11-24, 94,inferred
Chichester,2020-11-25, 62,inferred
Chichester,2020-11-26, 62,inferred
Chichester,2020-11-27, 62,inferred
Chichester,2020-11-28, 62,inferred
Chichester,2020-11-29, 62,inferred
Chichester,2020-11-30, 62,inferred
Chichester,2020-12-01, 62,inferred
Chichester,2020-12-02, 83,inferred
Chichester,2020-12-03, 83,inferred
Chichester,2020-12-04, 83,inferred
Chichester,2020-12-05, 83,inferred
Chichester,2020-12-06, 83,inferred
Chichester,2020-12-07, 83,inferred
Chichester,2020-12-08, 83,inferred
Chichester,2020-12-09,122,inferred
Chichester,2020-12-10,122,inferred
Chichester,2020-12-11,122,inferred
Chichester,2020-12-12,122,inferred
Chichester,2020-12-13,122,inferred
Chichester,2020-12-14,122,inferred
Chichester,2020-12-15,122,inferred
Chichester,2020-12-16,285,inferred
Chichester,2020-12-17,285,inferred
Chichester,2020-12-18,285,inferred
Chichester,2020-12-19,285,inferred
Chichester,2020-12-20,285,inferred
Chichester,2020-12-21,285,inferred
Chichester,2020-12-22,285,inferred
Chichester,2020-12-23,384,inferred
Chichester,2020-12-24,384,inferred
Chichester,2020-12-25,384,inferred
Chichester,2020-12-26,384,inferred
Chichester,2020-12-27,384,inferred
Chichester,2020-12-28,384,inferred
Chichester,2020-12-29,384,inferred
Chichester,2020-12-30,613,inferred
Chichester,2020-12-31,613,inferred
Chichester,2021-01-01,613,inferred
Chichester,2021-01-02,613,inferred
Chichester,2021-01-03,613,inferred
Chichester,2021-01-04,613,inferred
Chichester,2021-01-05,613,inferred
Chichester,2021-01-06,560,projected
Chichester,2021-01-07,560,projected
Chichester,2021-01-08,560,projected
Chichester,2021-01-09,560,projected
Chichester,2021-01-10,560,projected
Chichester,2021-01-11,560,projected
Chichester,2021-01-12,560,projected
Chichester,2021-01-13,529,projected
Chichester,2021-01-14,529,projected
Chichester,2021-01-15,529,projected
Chichester,2021-01-16,529,projected
Chichester,2021-01-17,529,projected
Chichester,2021-01-18,529,projected
Chichester,2021-01-19,529,projected
Chichester,2021-01-20,517,projected
Chichester,2021-01-21,517,projected
Chichester,2021-01-22,517,projected
Chichester,2021-01-23,517,projected
Chichester,2021-01-24,517,projected
Chichester,2021-01-25,517,projected
Chichester,2021-01-26,517,projected
Chorley,2020-09-23,112,inferred
Chorley,2020-09-24,112,inferred
Chorley,2020-09-25,112,inferred
Chorley,2020-09-26,112,inferred
Chorley,2020-09-27,112,inferred
Chorley,2020-09-28,112,inferred
Chorley,2020-09-29,112,inferred
Chorley,2020-09-30,231,inferred
Chorley,2020-10-01,231,inferred
Chorley,2020-10-02,231,inferred
Chorley,2020-10-03,231,inferred
Chorley,2020-10-04,231,inferred
Chorley,2020-10-05,231,inferred
Chorley,2020-10-06,231,inferred
Chorley,2020-10-07,292,inferred
Chorley,2020-10-08,292,inferred
Chorley,2020-10-09,292,inferred
Chorley,2020-10-10,292,inferred
Chorley,2020-10-11,292,inferred
Chorley,2020-10-12,292,inferred
Chorley,2020-10-13,292,inferred
Chorley,2020-10-14,408,inferred
Chorley,2020-10-15,408,inferred
Chorley,2020-10-16,408,inferred
Chorley,2020-10-17,408,inferred
Chorley,2020-10-18,408,inferred
Chorley,2020-10-19,408,inferred
Chorley,2020-10-20,408,inferred
Chorley,2020-10-21,436,inferred
Chorley,2020-10-22,436,inferred
Chorley,2020-10-23,436,inferred
Chorley,2020-10-24,436,inferred
Chorley,2020-10-25,436,inferred
Chorley,2020-10-26,436,inferred
Chorley,2020-10-27,436,inferred
Chorley,2020-10-28,348,inferred
Chorley,2020-10-29,348,inferred
Chorley,2020-10-30,348,inferred
Chorley,2020-10-31,348,inferred
Chorley,2020-11-01,348,inferred
Chorley,2020-11-02,348,inferred
Chorley,2020-11-03,348,inferred
Chorley,2020-11-04,312,inferred
Chorley,2020-11-05,312,inferred
Chorley,2020-11-06,312,inferred
Chorley,2020-11-07,312,inferred
Chorley,2020-11-08,312,inferred
Chorley,2020-11-09,312,inferred
Chorley,2020-11-10,312,inferred
Chorley,2020-11-11,323,inferred
Chorley,2020-11-12,323,inferred
Chorley,2020-11-13,323,inferred
Chorley,2020-11-14,323,inferred
Chorley,2020-11-15,323,inferred
Chorley,2020-11-16,323,inferred
Chorley,2020-11-17,323,inferred
Chorley,2020-11-18,223,inferred
Chorley,2020-11-19,223,inferred
Chorley,2020-11-20,223,inferred
Chorley,2020-11-21,223,inferred
Chorley,2020-11-22,223,inferred
Chorley,2020-11-23,223,inferred
Chorley,2020-11-24,223,inferred
Chorley,2020-11-25,216,inferred
Chorley,2020-11-26,216,inferred
Chorley,2020-11-27,216,inferred
Chorley,2020-11-28,216,inferred
Chorley,2020-11-29,216,inferred
Chorley,2020-11-30,216,inferred
Chorley,2020-12-01,216,inferred
Chorley,2020-12-02,242,inferred
Chorley,2020-12-03,242,inferred
Chorley,2020-12-04,242,inferred
Chorley,2020-12-05,242,inferred
Chorley,2020-12-06,242,inferred
Chorley,2020-12-07,242,inferred
Chorley,2020-12-08,242,inferred
Chorley,2020-12-09,238,inferred
Chorley,2020-12-10,238,inferred
Chorley,2020-12-11,238,inferred
Chorley,2020-12-12,238,inferred
Chorley,2020-12-13,238,inferred
Chorley,2020-12-14,238,inferred
Chorley,2020-12-15,238,inferred
Chorley,2020-12-16,233,inferred
Chorley,2020-12-17,233,inferred
Chorley,2020-12-18,233,inferred
Chorley,2020-12-19,233,inferred
Chorley,2020-12-20,233,inferred
Chorley,2020-12-21,233,inferred
Chorley,2020-12-22,233,inferred
Chorley,2020-12-23,346,inferred
Chorley,2020-12-24,346,inferred
Chorley,2020-12-25,346,inferred
Chorley,2020-12-26,346,inferred
Chorley,2020-12-27,346,inferred
Chorley,2020-12-28,346,inferred
Chorley,2020-12-29,346,inferred
Chorley,2020-12-30,403,inferred
Chorley,2020-12-31,403,inferred
Chorley,2021-01-01,403,inferred
Chorley,2021-01-02,403,inferred
Chorley,2021-01-03,403,inferred
Chorley,2021-01-04,403,inferred
Chorley,2021-01-05,403,inferred
Chorley,2021-01-06,465,projected
Chorley,2021-01-07,465,projected
Chorley,2021-01-08,465,projected
Chorley,2021-01-09,465,projected
Chorley,2021-01-10,465,projected
Chorley,2021-01-11,465,projected
Chorley,2021-01-12,465,projected
Chorley,2021-01-13,500,projected
Chorley,2021-01-14,500,projected
Chorley,2021-01-15,500,projected
Chorley,2021-01-16,500,projected
Chorley,2021-01-17,500,projected
Chorley,2021-01-18,500,projected
Chorley,2021-01-19,500,projected
Chorley,2021-01-20,568,projected
Chorley,2021-01-21,568,projected
Chorley,2021-01-22,568,projected
Chorley,2021-01-23,568,projected
Chorley,2021-01-24,568,projected
Chorley,2021-01-25,568,projected
Chorley,2021-01-26,568,projected
City of Edinburgh,2020-09-23,636,inferred
City of Edinburgh,2020-09-24,636,inferred
City of Edinburgh,2020-09-25,636,inferred
City of Edinburgh,2020-09-26,636,inferred
City of Edinburgh,2020-09-27,636,inferred
City of Edinburgh,2020-09-28,636,inferred
City of Edinburgh,2020-09-29,636,inferred
City of Edinburgh,2020-09-30,1118,inferred
City of Edinburgh,2020-10-01,1118,inferred
City of Edinburgh,2020-10-02,1118,inferred
City of Edinburgh,2020-10-03,1118,inferred
City of Edinburgh,2020-10-04,1118,inferred
City of Edinburgh,2020-10-05,1118,inferred
City of Edinburgh,2020-10-06,1118,inferred
City of Edinburgh,2020-10-07,1155,inferred
City of Edinburgh,2020-10-08,1155,inferred
City of Edinburgh,2020-10-09,1155,inferred
City of Edinburgh,2020-10-10,1155,inferred
City of Edinburgh,2020-10-11,1155,inferred
City of Edinburgh,2020-10-12,1155,inferred
City of Edinburgh,2020-10-13,1155,inferred
City of Edinburgh,2020-10-14,1030,inferred
City of Edinburgh,2020-10-15,1030,inferred
City of Edinburgh,2020-10-16,1030,inferred
City of Edinburgh,2020-10-17,1030,inferred
City of Edinburgh,2020-10-18,1030,inferred
City of Edinburgh,2020-10-19,1030,inferred
City of Edinburgh,2020-10-20,1030,inferred
City of Edinburgh,2020-10-21,1219,inferred
City of Edinburgh,2020-10-22,1219,inferred
City of Edinburgh,2020-10-23,1219,inferred
City of Edinburgh,2020-10-24,1219,inferred
City of Edinburgh,2020-10-25,1219,inferred
City of Edinburgh,2020-10-26,1219,inferred
City of Edinburgh,2020-10-27,1219,inferred
City of Edinburgh,2020-10-28,921,inferred
City of Edinburgh,2020-10-29,921,inferred
City of Edinburgh,2020-10-30,921,inferred
City of Edinburgh,2020-10-31,921,inferred
City of Edinburgh,2020-11-01,921,inferred
City of Edinburgh,2020-11-02,921,inferred
City of Edinburgh,2020-11-03,921,inferred
City of Edinburgh,2020-11-04,937,inferred
City of Edinburgh,2020-11-05,937,inferred
City of Edinburgh,2020-11-06,937,inferred
City of Edinburgh,2020-11-07,937,inferred
City of Edinburgh,2020-11-08,937,inferred
City of Edinburgh,2020-11-09,937,inferred
City of Edinburgh,2020-11-10,937,inferred
City of Edinburgh,2020-11-11,931,inferred
City of Edinburgh,2020-11-12,931,inferred
City of Edinburgh,2020-11-13,931,inferred
City of Edinburgh,2020-11-14,931,inferred
City of Edinburgh,2020-11-15,931,inferred
City of Edinburgh,2020-11-16,931,inferred
City of Edinburgh,2020-11-17,931,inferred
City of Edinburgh,2020-11-18,909,inferred
City of Edinburgh,2020-11-19,909,inferred
City of Edinburgh,2020-11-20,909,inferred
City of Edinburgh,2020-11-21,909,inferred
City of Edinburgh,2020-11-22,909,inferred
City of Edinburgh,2020-11-23,909,inferred
City of Edinburgh,2020-11-24,909,inferred
City of Edinburgh,2020-11-25,714,inferred
City of Edinburgh,2020-11-26,714,inferred
City of Edinburgh,2020-11-27,714,inferred
City of Edinburgh,2020-11-28,714,inferred
City of Edinburgh,2020-11-29,714,inferred
City of Edinburgh,2020-11-30,714,inferred
City of Edinburgh,2020-12-01,714,inferred
City of Edinburgh,2020-12-02,842,inferred
City of Edinburgh,2020-12-03,842,inferred
City of Edinburgh,2020-12-04,842,inferred
City of Edinburgh,2020-12-05,842,inferred
City of Edinburgh,2020-12-06,842,inferred
City of Edinburgh,2020-12-07,842,inferred
City of Edinburgh,2020-12-08,842,inferred
City of Edinburgh,2020-12-09,1089,inferred
City of Edinburgh,2020-12-10,1089,inferred
City of Edinburgh,2020-12-11,1089,inferred
City of Edinburgh,2020-12-12,1089,inferred
City of Edinburgh,2020-12-13,1089,inferred
City of Edinburgh,2020-12-14,1089,inferred
City of Edinburgh,2020-12-15,1089,inferred
City of Edinburgh,2020-12-16,1180,inferred
City of Edinburgh,2020-12-17,1180,inferred
City of Edinburgh,2020-12-18,1180,inferred
City of Edinburgh,2020-12-19,1180,inferred
City of Edinburgh,2020-12-20,1180,inferred
City of Edinburgh,2020-12-21,1180,inferred
City of Edinburgh,2020-12-22,1180,inferred
City of Edinburgh,2020-12-23,1265,inferred
City of Edinburgh,2020-12-24,1265,inferred
City of Edinburgh,2020-12-25,1265,inferred
City of Edinburgh,2020-12-26,1265,inferred
City of Edinburgh,2020-12-27,1265,inferred
City of Edinburgh,2020-12-28,1265,inferred
City of Edinburgh,2020-12-29,1265,inferred
City of Edinburgh,2020-12-30,1990,inferred
City of Edinburgh,2020-12-31,1990,inferred
City of Edinburgh,2021-01-01,1990,inferred
City of Edinburgh,2021-01-02,1990,inferred
City of Edinburgh,2021-01-03,1990,inferred
City of Edinburgh,2021-01-04,1990,inferred
City of Edinburgh,2021-01-05,1990,inferred
City of Edinburgh,2021-01-06,2752,projected
City of Edinburgh,2021-01-07,2752,projected
City of Edinburgh,2021-01-08,2752,projected
City of Edinburgh,2021-01-09,2752,projected
City of Edinburgh,2021-01-10,2752,projected
City of Edinburgh,2021-01-11,2752,projected
City of Edinburgh,2021-01-12,2752,projected
City of Edinburgh,2021-01-13,3993,projected
City of Edinburgh,2021-01-14,3993,projected
City of Edinburgh,2021-01-15,3993,projected
City of Edinburgh,2021-01-16,3993,projected
City of Edinburgh,2021-01-17,3993,projected
City of Edinburgh,2021-01-18,3993,projected
City of Edinburgh,2021-01-19,3993,projected
City of Edinburgh,2021-01-20,5901,projected
City of Edinburgh,2021-01-21,5901,projected
City of Edinburgh,2021-01-22,5901,projected
City of Edinburgh,2021-01-23,5901,projected
City of Edinburgh,2021-01-24,5901,projected
City of Edinburgh,2021-01-25,5901,projected
City of Edinburgh,2021-01-26,5901,projected
City of London,2020-09-23,177,inferred
City of London,2020-09-24,177,inferred
City of London,2020-09-25,177,inferred
City of London,2020-09-26,177,inferred
City of London,2020-09-27,177,inferred
City of London,2020-09-28,177,inferred
City of London,2020-09-29,177,inferred
City of London,2020-09-30,350,inferred
City of London,2020-10-01,350,inferred
City of London,2020-10-02,350,inferred
City of London,2020-10-03,350,inferred
City of London,2020-10-04,350,inferred
City of London,2020-10-05,350,inferred
City of London,2020-10-06,350,inferred
City of London,2020-10-07,386,inferred
City of London,2020-10-08,386,inferred
City of London,2020-10-09,386,inferred
City of London,2020-10-10,386,inferred
City of London,2020-10-11,386,inferred
City of London,2020-10-12,386,inferred
City of London,2020-10-13,386,inferred
City of London,2020-10-14,526,inferred
City of London,2020-10-15,526,inferred
City of London,2020-10-16,526,inferred
City of London,2020-10-17,526,inferred
City of London,2020-10-18,526,inferred
City of London,2020-10-19,526,inferred
City of London,2020-10-20,526,inferred
City of London,2020-10-21,491,inferred
City of London,2020-10-22,491,inferred
City of London,2020-10-23,491,inferred
City of London,2020-10-24,491,inferred
City of London,2020-10-25,491,inferred
City of London,2020-10-26,491,inferred
City of London,2020-10-27,491,inferred
City of London,2020-10-28,400,inferred
City of London,2020-10-29,400,inferred
City of London,2020-10-30,400,inferred
City of London,2020-10-31,400,inferred
City of London,2020-11-01,400,inferred
City of London,2020-11-02,400,inferred
City of London,2020-11-03,400,inferred
City of London,2020-11-04,391,inferred
City of London,2020-11-05,391,inferred
City of London,2020-11-06,391,inferred
City of London,2020-11-07,391,inferred
City of London,2020-11-08,391,inferred
City of London,2020-11-09,391,inferred
City of London,2020-11-10,391,inferred
City of London,2020-11-11,534,inferred
City of London,2020-11-12,534,inferred
City of London,2020-11-13,534,inferred
City of London,2020-11-14,534,inferred
City of London,2020-11-15,534,inferred
City of London,2020-11-16,534,inferred
City of London,2020-11-17,534,inferred
City of London,2020-11-18,380,inferred
City of London,2020-11-19,380,inferred
City of London,2020-11-20,380,inferred
City of London,2020-11-21,380,inferred
City of London,2020-11-22,380,inferred
City of London,2020-11-23,380,inferred
City of London,2020-11-24,380,inferred
City of London,2020-11-25,448,inferred
City of London,2020-11-26,448,inferred
City of London,2020-11-27,448,inferred
City of London,2020-11-28,448,inferred
City of London,2020-11-29,448,inferred
City of London,2020-11-30,448,inferred
City of London,2020-12-01,448,inferred
City of London,2020-12-02,652,inferred
City of London,2020-12-03,652,inferred
City of London,2020-12-04,652,inferred
City of London,2020-12-05,652,inferred
City of London,2020-12-06,652,inferred
City of London,2020-12-07,652,inferred
City of London,2020-12-08,652,inferred
City of London,2020-12-09,1357,inferred
City of London,2020-12-10,1357,inferred
City of London,2020-12-11,1357,inferred
City of London,2020-12-12,1357,inferred
City of London,2020-12-13,1357,inferred
City of London,2020-12-14,1357,inferred
City of London,2020-12-15,1357,inferred
City of London,2020-12-16,2480,inferred
City of London,2020-12-17,2480,inferred
City of London,2020-12-18,2480,inferred
City of London,2020-12-19,2480,inferred
City of London,2020-12-20,2480,inferred
City of London,2020-12-21,2480,inferred
City of London,2020-12-22,2480,inferred
City of London,2020-12-23,2416,inferred
City of London,2020-12-24,2416,inferred
City of London,2020-12-25,2416,inferred
City of London,2020-12-26,2416,inferred
City of London,2020-12-27,2416,inferred
City of London,2020-12-28,2416,inferred
City of London,2020-12-29,2416,inferred
City of London,2020-12-30,2703,inferred
City of London,2020-12-31,2703,inferred
City of London,2021-01-01,2703,inferred
City of London,2021-01-02,2703,inferred
City of London,2021-01-03,2703,inferred
City of London,2021-01-04,2703,inferred
City of London,2021-01-05,2703,inferred
City of London,2021-01-06,2183,projected
City of London,2021-01-07,2183,projected
City of London,2021-01-08,2183,projected
City of London,2021-01-09,2183,projected
City of London,2021-01-10,2183,projected
City of London,2021-01-11,2183,projected
City of London,2021-01-12,2183,projected
City of London,2021-01-13,1703,projected
City of London,2021-01-14,1703,projected
City of London,2021-01-15,1703,projected
City of London,2021-01-16,1703,projected
City of London,2021-01-17,1703,projected
City of London,2021-01-18,1703,projected
City of London,2021-01-19,1703,projected
City of London,2021-01-20,1397,projected
City of London,2021-01-21,1397,projected
City of London,2021-01-22,1397,projected
City of London,2021-01-23,1397,projected
City of London,2021-01-24,1397,projected
City of London,2021-01-25,1397,projected
City of London,2021-01-26,1397,projected
Clackmannanshire,2020-09-23, 96,inferred
Clackmannanshire,2020-09-24, 96,inferred
Clackmannanshire,2020-09-25, 96,inferred
Clackmannanshire,2020-09-26, 96,inferred
Clackmannanshire,2020-09-27, 96,inferred
Clackmannanshire,2020-09-28, 96,inferred
Clackmannanshire,2020-09-29, 96,inferred
Clackmannanshire,2020-09-30,211,inferred
Clackmannanshire,2020-10-01,211,inferred
Clackmannanshire,2020-10-02,211,inferred
Clackmannanshire,2020-10-03,211,inferred
Clackmannanshire,2020-10-04,211,inferred
Clackmannanshire,2020-10-05,211,inferred
Clackmannanshire,2020-10-06,211,inferred
Clackmannanshire,2020-10-07,287,inferred
Clackmannanshire,2020-10-08,287,inferred
Clackmannanshire,2020-10-09,287,inferred
Clackmannanshire,2020-10-10,287,inferred
Clackmannanshire,2020-10-11,287,inferred
Clackmannanshire,2020-10-12,287,inferred
Clackmannanshire,2020-10-13,287,inferred
Clackmannanshire,2020-10-14,259,inferred
Clackmannanshire,2020-10-15,259,inferred
Clackmannanshire,2020-10-16,259,inferred
Clackmannanshire,2020-10-17,259,inferred
Clackmannanshire,2020-10-18,259,inferred
Clackmannanshire,2020-10-19,259,inferred
Clackmannanshire,2020-10-20,259,inferred
Clackmannanshire,2020-10-21,388,inferred
Clackmannanshire,2020-10-22,388,inferred
Clackmannanshire,2020-10-23,388,inferred
Clackmannanshire,2020-10-24,388,inferred
Clackmannanshire,2020-10-25,388,inferred
Clackmannanshire,2020-10-26,388,inferred
Clackmannanshire,2020-10-27,388,inferred
Clackmannanshire,2020-10-28,276,inferred
Clackmannanshire,2020-10-29,276,inferred
Clackmannanshire,2020-10-30,276,inferred
Clackmannanshire,2020-10-31,276,inferred
Clackmannanshire,2020-11-01,276,inferred
Clackmannanshire,2020-11-02,276,inferred
Clackmannanshire,2020-11-03,276,inferred
Clackmannanshire,2020-11-04,306,inferred
Clackmannanshire,2020-11-05,306,inferred
Clackmannanshire,2020-11-06,306,inferred
Clackmannanshire,2020-11-07,306,inferred
Clackmannanshire,2020-11-08,306,inferred
Clackmannanshire,2020-11-09,306,inferred
Clackmannanshire,2020-11-10,306,inferred
Clackmannanshire,2020-11-11,439,inferred
Clackmannanshire,2020-11-12,439,inferred
Clackmannanshire,2020-11-13,439,inferred
Clackmannanshire,2020-11-14,439,inferred
Clackmannanshire,2020-11-15,439,inferred
Clackmannanshire,2020-11-16,439,inferred
Clackmannanshire,2020-11-17,439,inferred
Clackmannanshire,2020-11-18,307,inferred
Clackmannanshire,2020-11-19,307,inferred
Clackmannanshire,2020-11-20,307,inferred
Clackmannanshire,2020-11-21,307,inferred
Clackmannanshire,2020-11-22,307,inferred
Clackmannanshire,2020-11-23,307,inferred
Clackmannanshire,2020-11-24,307,inferred
Clackmannanshire,2020-11-25,285,inferred
Clackmannanshire,2020-11-26,285,inferred
Clackmannanshire,2020-11-27,285,inferred
Clackmannanshire,2020-11-28,285,inferred
Clackmannanshire,2020-11-29,285,inferred
Clackmannanshire,2020-11-30,285,inferred
Clackmannanshire,2020-12-01,285,inferred
Clackmannanshire,2020-12-02,310,inferred
Clackmannanshire,2020-12-03,310,inferred
Clackmannanshire,2020-12-04,310,inferred
Clackmannanshire,2020-12-05,310,inferred
Clackmannanshire,2020-12-06,310,inferred
Clackmannanshire,2020-12-07,310,inferred
Clackmannanshire,2020-12-08,310,inferred
Clackmannanshire,2020-12-09,317,inferred
Clackmannanshire,2020-12-10,317,inferred
Clackmannanshire,2020-12-11,317,inferred
Clackmannanshire,2020-12-12,317,inferred
Clackmannanshire,2020-12-13,317,inferred
Clackmannanshire,2020-12-14,317,inferred
Clackmannanshire,2020-12-15,317,inferred
Clackmannanshire,2020-12-16,295,inferred
Clackmannanshire,2020-12-17,295,inferred
Clackmannanshire,2020-12-18,295,inferred
Clackmannanshire,2020-12-19,295,inferred
Clackmannanshire,2020-12-20,295,inferred
Clackmannanshire,2020-12-21,295,inferred
Clackmannanshire,2020-12-22,295,inferred
Clackmannanshire,2020-12-23,350,inferred
Clackmannanshire,2020-12-24,350,inferred
Clackmannanshire,2020-12-25,350,inferred
Clackmannanshire,2020-12-26,350,inferred
Clackmannanshire,2020-12-27,350,inferred
Clackmannanshire,2020-12-28,350,inferred
Clackmannanshire,2020-12-29,350,inferred
Clackmannanshire,2020-12-30,723,inferred
Clackmannanshire,2020-12-31,723,inferred
Clackmannanshire,2021-01-01,723,inferred
Clackmannanshire,2021-01-02,723,inferred
Clackmannanshire,2021-01-03,723,inferred
Clackmannanshire,2021-01-04,723,inferred
Clackmannanshire,2021-01-05,723,inferred
Clackmannanshire,2021-01-06,1332,projected
Clackmannanshire,2021-01-07,1332,projected
Clackmannanshire,2021-01-08,1332,projected
Clackmannanshire,2021-01-09,1332,projected
Clackmannanshire,2021-01-10,1332,projected
Clackmannanshire,2021-01-11,1332,projected
Clackmannanshire,2021-01-12,1332,projected
Clackmannanshire,2021-01-13,2350,projected
Clackmannanshire,2021-01-14,2350,projected
Clackmannanshire,2021-01-15,2350,projected
Clackmannanshire,2021-01-16,2350,projected
Clackmannanshire,2021-01-17,2350,projected
Clackmannanshire,2021-01-18,2350,projected
Clackmannanshire,2021-01-19,2350,projected
Clackmannanshire,2021-01-20,3911,projected
Clackmannanshire,2021-01-21,3911,projected
Clackmannanshire,2021-01-22,3911,projected
Clackmannanshire,2021-01-23,3911,projected
Clackmannanshire,2021-01-24,3911,projected
Clackmannanshire,2021-01-25,3911,projected
Clackmannanshire,2021-01-26,3911,projected
Colchester,2020-09-23, 26,inferred
Colchester,2020-09-24, 26,inferred
Colchester,2020-09-25, 26,inferred
Colchester,2020-09-26, 26,inferred
Colchester,2020-09-27, 26,inferred
Colchester,2020-09-28, 26,inferred
Colchester,2020-09-29, 26,inferred
Colchester,2020-09-30, 73,inferred
Colchester,2020-10-01, 73,inferred
Colchester,2020-10-02, 73,inferred
Colchester,2020-10-03, 73,inferred
Colchester,2020-10-04, 73,inferred
Colchester,2020-10-05, 73,inferred
Colchester,2020-10-06, 73,inferred
Colchester,2020-10-07,130,inferred
Colchester,2020-10-08,130,inferred
Colchester,2020-10-09,130,inferred
Colchester,2020-10-10,130,inferred
Colchester,2020-10-11,130,inferred
Colchester,2020-10-12,130,inferred
Colchester,2020-10-13,130,inferred
Colchester,2020-10-14,185,inferred
Colchester,2020-10-15,185,inferred
Colchester,2020-10-16,185,inferred
Colchester,2020-10-17,185,inferred
Colchester,2020-10-18,185,inferred
Colchester,2020-10-19,185,inferred
Colchester,2020-10-20,185,inferred
Colchester,2020-10-21,253,inferred
Colchester,2020-10-22,253,inferred
Colchester,2020-10-23,253,inferred
Colchester,2020-10-24,253,inferred
Colchester,2020-10-25,253,inferred
Colchester,2020-10-26,253,inferred
Colchester,2020-10-27,253,inferred
Colchester,2020-10-28,192,inferred
Colchester,2020-10-29,192,inferred
Colchester,2020-10-30,192,inferred
Colchester,2020-10-31,192,inferred
Colchester,2020-11-01,192,inferred
Colchester,2020-11-02,192,inferred
Colchester,2020-11-03,192,inferred
Colchester,2020-11-04,192,inferred
Colchester,2020-11-05,192,inferred
Colchester,2020-11-06,192,inferred
Colchester,2020-11-07,192,inferred
Colchester,2020-11-08,192,inferred
Colchester,2020-11-09,192,inferred
Colchester,2020-11-10,192,inferred
Colchester,2020-11-11,162,inferred
Colchester,2020-11-12,162,inferred
Colchester,2020-11-13,162,inferred
Colchester,2020-11-14,162,inferred
Colchester,2020-11-15,162,inferred
Colchester,2020-11-16,162,inferred
Colchester,2020-11-17,162,inferred
Colchester,2020-11-18,127,inferred
Colchester,2020-11-19,127,inferred
Colchester,2020-11-20,127,inferred
Colchester,2020-11-21,127,inferred
Colchester,2020-11-22,127,inferred
Colchester,2020-11-23,127,inferred
Colchester,2020-11-24,127,inferred
Colchester,2020-11-25,170,inferred
Colchester,2020-11-26,170,inferred
Colchester,2020-11-27,170,inferred
Colchester,2020-11-28,170,inferred
Colchester,2020-11-29,170,inferred
Colchester,2020-11-30,170,inferred
Colchester,2020-12-01,170,inferred
Colchester,2020-12-02,193,inferred
Colchester,2020-12-03,193,inferred
Colchester,2020-12-04,193,inferred
Colchester,2020-12-05,193,inferred
Colchester,2020-12-06,193,inferred
Colchester,2020-12-07,193,inferred
Colchester,2020-12-08,193,inferred
Colchester,2020-12-09,363,inferred
Colchester,2020-12-10,363,inferred
Colchester,2020-12-11,363,inferred
Colchester,2020-12-12,363,inferred
Colchester,2020-12-13,363,inferred
Colchester,2020-12-14,363,inferred
Colchester,2020-12-15,363,inferred
Colchester,2020-12-16,786,inferred
Colchester,2020-12-17,786,inferred
Colchester,2020-12-18,786,inferred
Colchester,2020-12-19,786,inferred
Colchester,2020-12-20,786,inferred
Colchester,2020-12-21,786,inferred
Colchester,2020-12-22,786,inferred
Colchester,2020-12-23,1137,inferred
Colchester,2020-12-24,1137,inferred
Colchester,2020-12-25,1137,inferred
Colchester,2020-12-26,1137,inferred
Colchester,2020-12-27,1137,inferred
Colchester,2020-12-28,1137,inferred
Colchester,2020-12-29,1137,inferred
Colchester,2020-12-30,1830,inferred
Colchester,2020-12-31,1830,inferred
Colchester,2021-01-01,1830,inferred
Colchester,2021-01-02,1830,inferred
Colchester,2021-01-03,1830,inferred
Colchester,2021-01-04,1830,inferred
Colchester,2021-01-05,1830,inferred
Colchester,2021-01-06,1874,projected
Colchester,2021-01-07,1874,projected
Colchester,2021-01-08,1874,projected
Colchester,2021-01-09,1874,projected
Colchester,2021-01-10,1874,projected
Colchester,2021-01-11,1874,projected
Colchester,2021-01-12,1874,projected
Colchester,2021-01-13,1952,projected
Colchester,2021-01-14,1952,projected
Colchester,2021-01-15,1952,projected
Colchester,2021-01-16,1952,projected
Colchester,2021-01-17,1952,projected
Colchester,2021-01-18,1952,projected
Colchester,2021-01-19,1952,projected
Colchester,2021-01-20,2065,projected
Colchester,2021-01-21,2065,projected
Colchester,2021-01-22,2065,projected
Colchester,2021-01-23,2065,projected
Colchester,2021-01-24,2065,projected
Colchester,2021-01-25,2065,projected
Colchester,2021-01-26,2065,projected
Conwy,2020-09-23, 65,inferred
Conwy,2020-09-24, 65,inferred
Conwy,2020-09-25, 65,inferred
Conwy,2020-09-26, 65,inferred
Conwy,2020-09-27, 65,inferred
Conwy,2020-09-28, 65,inferred
Conwy,2020-09-29, 65,inferred
Conwy,2020-09-30,106,inferred
Conwy,2020-10-01,106,inferred
Conwy,2020-10-02,106,inferred
Conwy,2020-10-03,106,inferred
Conwy,2020-10-04,106,inferred
Conwy,2020-10-05,106,inferred
Conwy,2020-10-06,106,inferred
Conwy,2020-10-07,174,inferred
Conwy,2020-10-08,174,inferred
Conwy,2020-10-09,174,inferred
Conwy,2020-10-10,174,inferred
Conwy,2020-10-11,174,inferred
Conwy,2020-10-12,174,inferred
Conwy,2020-10-13,174,inferred
Conwy,2020-10-14,116,inferred
Conwy,2020-10-15,116,inferred
Conwy,2020-10-16,116,inferred
Conwy,2020-10-17,116,inferred
Conwy,2020-10-18,116,inferred
Conwy,2020-10-19,116,inferred
Conwy,2020-10-20,116,inferred
Conwy,2020-10-21,134,inferred
Conwy,2020-10-22,134,inferred
Conwy,2020-10-23,134,inferred
Conwy,2020-10-24,134,inferred
Conwy,2020-10-25,134,inferred
Conwy,2020-10-26,134,inferred
Conwy,2020-10-27,134,inferred
Conwy,2020-10-28,103,inferred
Conwy,2020-10-29,103,inferred
Conwy,2020-10-30,103,inferred
Conwy,2020-10-31,103,inferred
Conwy,2020-11-01,103,inferred
Conwy,2020-11-02,103,inferred
Conwy,2020-11-03,103,inferred
Conwy,2020-11-04, 86,inferred
Conwy,2020-11-05, 86,inferred
Conwy,2020-11-06, 86,inferred
Conwy,2020-11-07, 86,inferred
Conwy,2020-11-08, 86,inferred
Conwy,2020-11-09, 86,inferred
Conwy,2020-11-10, 86,inferred
Conwy,2020-11-11, 53,inferred
Conwy,2020-11-12, 53,inferred
Conwy,2020-11-13, 53,inferred
Conwy,2020-11-14, 53,inferred
Conwy,2020-11-15, 53,inferred
Conwy,2020-11-16, 53,inferred
Conwy,2020-11-17, 53,inferred
Conwy,2020-11-18, 24,inferred
Conwy,2020-11-19, 24,inferred
Conwy,2020-11-20, 24,inferred
Conwy,2020-11-21, 24,inferred
Conwy,2020-11-22, 24,inferred
Conwy,2020-11-23, 24,inferred
Conwy,2020-11-24, 24,inferred
Conwy,2020-11-25, 49,inferred
Conwy,2020-11-26, 49,inferred
Conwy,2020-11-27, 49,inferred
Conwy,2020-11-28, 49,inferred
Conwy,2020-11-29, 49,inferred
Conwy,2020-11-30, 49,inferred
Conwy,2020-12-01, 49,inferred
Conwy,2020-12-02,109,inferred
Conwy,2020-12-03,109,inferred
Conwy,2020-12-04,109,inferred
Conwy,2020-12-05,109,inferred
Conwy,2020-12-06,109,inferred
Conwy,2020-12-07,109,inferred
Conwy,2020-12-08,109,inferred
Conwy,2020-12-09,100,inferred
Conwy,2020-12-10,100,inferred
Conwy,2020-12-11,100,inferred
Conwy,2020-12-12,100,inferred
Conwy,2020-12-13,100,inferred
Conwy,2020-12-14,100,inferred
Conwy,2020-12-15,100,inferred
Conwy,2020-12-16,119,inferred
Conwy,2020-12-17,119,inferred
Conwy,2020-12-18,119,inferred
Conwy,2020-12-19,119,inferred
Conwy,2020-12-20,119,inferred
Conwy,2020-12-21,119,inferred
Conwy,2020-12-22,119,inferred
Conwy,2020-12-23,178,inferred
Conwy,2020-12-24,178,inferred
Conwy,2020-12-25,178,inferred
Conwy,2020-12-26,178,inferred
Conwy,2020-12-27,178,inferred
Conwy,2020-12-28,178,inferred
Conwy,2020-12-29,178,inferred
Conwy,2020-12-30,231,inferred
Conwy,2020-12-31,231,inferred
Conwy,2021-01-01,231,inferred
Conwy,2021-01-02,231,inferred
Conwy,2021-01-03,231,inferred
Conwy,2021-01-04,231,inferred
Conwy,2021-01-05,231,inferred
Conwy,2021-01-06,349,projected
Conwy,2021-01-07,349,projected
Conwy,2021-01-08,349,projected
Conwy,2021-01-09,349,projected
Conwy,2021-01-10,349,projected
Conwy,2021-01-11,349,projected
Conwy,2021-01-12,349,projected
Conwy,2021-01-13,522,projected
Conwy,2021-01-14,522,projected
Conwy,2021-01-15,522,projected
Conwy,2021-01-16,522,projected
Conwy,2021-01-17,522,projected
Conwy,2021-01-18,522,projected
Conwy,2021-01-19,522,projected
Conwy,2021-01-20,765,projected
Conwy,2021-01-21,765,projected
Conwy,2021-01-22,765,projected
Conwy,2021-01-23,765,projected
Conwy,2021-01-24,765,projected
Conwy,2021-01-25,765,projected
Conwy,2021-01-26,765,projected
Copeland,2020-09-23, 24,inferred
Copeland,2020-09-24, 24,inferred
Copeland,2020-09-25, 24,inferred
Copeland,2020-09-26, 24,inferred
Copeland,2020-09-27, 24,inferred
Copeland,2020-09-28, 24,inferred
Copeland,2020-09-29, 24,inferred
Copeland,2020-09-30, 31,inferred
Copeland,2020-10-01, 31,inferred
Copeland,2020-10-02, 31,inferred
Copeland,2020-10-03, 31,inferred
Copeland,2020-10-04, 31,inferred
Copeland,2020-10-05, 31,inferred
Copeland,2020-10-06, 31,inferred
Copeland,2020-10-07, 53,inferred
Copeland,2020-10-08, 53,inferred
Copeland,2020-10-09, 53,inferred
Copeland,2020-10-10, 53,inferred
Copeland,2020-10-11, 53,inferred
Copeland,2020-10-12, 53,inferred
Copeland,2020-10-13, 53,inferred
Copeland,2020-10-14, 65,inferred
Copeland,2020-10-15, 65,inferred
Copeland,2020-10-16, 65,inferred
Copeland,2020-10-17, 65,inferred
Copeland,2020-10-18, 65,inferred
Copeland,2020-10-19, 65,inferred
Copeland,2020-10-20, 65,inferred
Copeland,2020-10-21,115,inferred
Copeland,2020-10-22,115,inferred
Copeland,2020-10-23,115,inferred
Copeland,2020-10-24,115,inferred
Copeland,2020-10-25,115,inferred
Copeland,2020-10-26,115,inferred
Copeland,2020-10-27,115,inferred
Copeland,2020-10-28,155,inferred
Copeland,2020-10-29,155,inferred
Copeland,2020-10-30,155,inferred
Copeland,2020-10-31,155,inferred
Copeland,2020-11-01,155,inferred
Copeland,2020-11-02,155,inferred
Copeland,2020-11-03,155,inferred
Copeland,2020-11-04,158,inferred
Copeland,2020-11-05,158,inferred
Copeland,2020-11-06,158,inferred
Copeland,2020-11-07,158,inferred
Copeland,2020-11-08,158,inferred
Copeland,2020-11-09,158,inferred
Copeland,2020-11-10,158,inferred
Copeland,2020-11-11, 96,inferred
Copeland,2020-11-12, 96,inferred
Copeland,2020-11-13, 96,inferred
Copeland,2020-11-14, 96,inferred
Copeland,2020-11-15, 96,inferred
Copeland,2020-11-16, 96,inferred
Copeland,2020-11-17, 96,inferred
Copeland,2020-11-18, 60,inferred
Copeland,2020-11-19, 60,inferred
Copeland,2020-11-20, 60,inferred
Copeland,2020-11-21, 60,inferred
Copeland,2020-11-22, 60,inferred
Copeland,2020-11-23, 60,inferred
Copeland,2020-11-24, 60,inferred
Copeland,2020-11-25, 31,inferred
Copeland,2020-11-26, 31,inferred
Copeland,2020-11-27, 31,inferred
Copeland,2020-11-28, 31,inferred
Copeland,2020-11-29, 31,inferred
Copeland,2020-11-30, 31,inferred
Copeland,2020-12-01, 31,inferred
Copeland,2020-12-02, 20,inferred
Copeland,2020-12-03, 20,inferred
Copeland,2020-12-04, 20,inferred
Copeland,2020-12-05, 20,inferred
Copeland,2020-12-06, 20,inferred
Copeland,2020-12-07, 20,inferred
Copeland,2020-12-08, 20,inferred
Copeland,2020-12-09, 15,inferred
Copeland,2020-12-10, 15,inferred
Copeland,2020-12-11, 15,inferred
Copeland,2020-12-12, 15,inferred
Copeland,2020-12-13, 15,inferred
Copeland,2020-12-14, 15,inferred
Copeland,2020-12-15, 15,inferred
Copeland,2020-12-16, 44,inferred
Copeland,2020-12-17, 44,inferred
Copeland,2020-12-18, 44,inferred
Copeland,2020-12-19, 44,inferred
Copeland,2020-12-20, 44,inferred
Copeland,2020-12-21, 44,inferred
Copeland,2020-12-22, 44,inferred
Copeland,2020-12-23, 97,inferred
Copeland,2020-12-24, 97,inferred
Copeland,2020-12-25, 97,inferred
Copeland,2020-12-26, 97,inferred
Copeland,2020-12-27, 97,inferred
Copeland,2020-12-28, 97,inferred
Copeland,2020-12-29, 97,inferred
Copeland,2020-12-30,365,inferred
Copeland,2020-12-31,365,inferred
Copeland,2021-01-01,365,inferred
Copeland,2021-01-02,365,inferred
Copeland,2021-01-03,365,inferred
Copeland,2021-01-04,365,inferred
Copeland,2021-01-05,365,inferred
Copeland,2021-01-06,632,projected
Copeland,2021-01-07,632,projected
Copeland,2021-01-08,632,projected
Copeland,2021-01-09,632,projected
Copeland,2021-01-10,632,projected
Copeland,2021-01-11,632,projected
Copeland,2021-01-12,632,projected
Copeland,2021-01-13,1023,projected
Copeland,2021-01-14,1023,projected
Copeland,2021-01-15,1023,projected
Copeland,2021-01-16,1023,projected
Copeland,2021-01-17,1023,projected
Copeland,2021-01-18,1023,projected
Copeland,2021-01-19,1023,projected
Copeland,2021-01-20,1750,projected
Copeland,2021-01-21,1750,projected
Copeland,2021-01-22,1750,projected
Copeland,2021-01-23,1750,projected
Copeland,2021-01-24,1750,projected
Copeland,2021-01-25,1750,projected
Copeland,2021-01-26,1750,projected
Corby,2020-09-23, 29,inferred
Corby,2020-09-24, 29,inferred
Corby,2020-09-25, 29,inferred
Corby,2020-09-26, 29,inferred
Corby,2020-09-27, 29,inferred
Corby,2020-09-28, 29,inferred
Corby,2020-09-29, 29,inferred
Corby,2020-09-30, 38,inferred
Corby,2020-10-01, 38,inferred
Corby,2020-10-02, 38,inferred
Corby,2020-10-03, 38,inferred
Corby,2020-10-04, 38,inferred
Corby,2020-10-05, 38,inferred
Corby,2020-10-06, 38,inferred
Corby,2020-10-07, 49,inferred
Corby,2020-10-08, 49,inferred
Corby,2020-10-09, 49,inferred
Corby,2020-10-10, 49,inferred
Corby,2020-10-11, 49,inferred
Corby,2020-10-12, 49,inferred
Corby,2020-10-13, 49,inferred
Corby,2020-10-14, 68,inferred
Corby,2020-10-15, 68,inferred
Corby,2020-10-16, 68,inferred
Corby,2020-10-17, 68,inferred
Corby,2020-10-18, 68,inferred
Corby,2020-10-19, 68,inferred
Corby,2020-10-20, 68,inferred
Corby,2020-10-21, 62,inferred
Corby,2020-10-22, 62,inferred
Corby,2020-10-23, 62,inferred
Corby,2020-10-24, 62,inferred
Corby,2020-10-25, 62,inferred
Corby,2020-10-26, 62,inferred
Corby,2020-10-27, 62,inferred
Corby,2020-10-28, 74,inferred
Corby,2020-10-29, 74,inferred
Corby,2020-10-30, 74,inferred
Corby,2020-10-31, 74,inferred
Corby,2020-11-01, 74,inferred
Corby,2020-11-02, 74,inferred
Corby,2020-11-03, 74,inferred
Corby,2020-11-04,127,inferred
Corby,2020-11-05,127,inferred
Corby,2020-11-06,127,inferred
Corby,2020-11-07,127,inferred
Corby,2020-11-08,127,inferred
Corby,2020-11-09,127,inferred
Corby,2020-11-10,127,inferred
Corby,2020-11-11,133,inferred
Corby,2020-11-12,133,inferred
Corby,2020-11-13,133,inferred
Corby,2020-11-14,133,inferred
Corby,2020-11-15,133,inferred
Corby,2020-11-16,133,inferred
Corby,2020-11-17,133,inferred
Corby,2020-11-18, 92,inferred
Corby,2020-11-19, 92,inferred
Corby,2020-11-20, 92,inferred
Corby,2020-11-21, 92,inferred
Corby,2020-11-22, 92,inferred
Corby,2020-11-23, 92,inferred
Corby,2020-11-24, 92,inferred
Corby,2020-11-25, 75,inferred
Corby,2020-11-26, 75,inferred
Corby,2020-11-27, 75,inferred
Corby,2020-11-28, 75,inferred
Corby,2020-11-29, 75,inferred
Corby,2020-11-30, 75,inferred
Corby,2020-12-01, 75,inferred
Corby,2020-12-02, 72,inferred
Corby,2020-12-03, 72,inferred
Corby,2020-12-04, 72,inferred
Corby,2020-12-05, 72,inferred
Corby,2020-12-06, 72,inferred
Corby,2020-12-07, 72,inferred
Corby,2020-12-08, 72,inferred
Corby,2020-12-09, 87,inferred
Corby,2020-12-10, 87,inferred
Corby,2020-12-11, 87,inferred
Corby,2020-12-12, 87,inferred
Corby,2020-12-13, 87,inferred
Corby,2020-12-14, 87,inferred
Corby,2020-12-15, 87,inferred
Corby,2020-12-16,149,inferred
Corby,2020-12-17,149,inferred
Corby,2020-12-18,149,inferred
Corby,2020-12-19,149,inferred
Corby,2020-12-20,149,inferred
Corby,2020-12-21,149,inferred
Corby,2020-12-22,149,inferred
Corby,2020-12-23,261,inferred
Corby,2020-12-24,261,inferred
Corby,2020-12-25,261,inferred
Corby,2020-12-26,261,inferred
Corby,2020-12-27,261,inferred
Corby,2020-12-28,261,inferred
Corby,2020-12-29,261,inferred
Corby,2020-12-30,700,inferred
Corby,2020-12-31,700,inferred
Corby,2021-01-01,700,inferred
Corby,2021-01-02,700,inferred
Corby,2021-01-03,700,inferred
Corby,2021-01-04,700,inferred
Corby,2021-01-05,700,inferred
Corby,2021-01-06,1000,projected
Corby,2021-01-07,1000,projected
Corby,2021-01-08,1000,projected
Corby,2021-01-09,1000,projected
Corby,2021-01-10,1000,projected
Corby,2021-01-11,1000,projected
Corby,2021-01-12,1000,projected
Corby,2021-01-13,1435,projected
Corby,2021-01-14,1435,projected
Corby,2021-01-15,1435,projected
Corby,2021-01-16,1435,projected
Corby,2021-01-17,1435,projected
Corby,2021-01-18,1435,projected
Corby,2021-01-19,1435,projected
Corby,2021-01-20,2079,projected
Corby,2021-01-21,2079,projected
Corby,2021-01-22,2079,projected
Corby,2021-01-23,2079,projected
Corby,2021-01-24,2079,projected
Corby,2021-01-25,2079,projected
Corby,2021-01-26,2079,projected
Cornwall,2020-09-23,207,inferred
Cornwall,2020-09-24,207,inferred
Cornwall,2020-09-25,207,inferred
Cornwall,2020-09-26,207,inferred
Cornwall,2020-09-27,207,inferred
Cornwall,2020-09-28,207,inferred
Cornwall,2020-09-29,207,inferred
Cornwall,2020-09-30,145,inferred
Cornwall,2020-10-01,145,inferred
Cornwall,2020-10-02,145,inferred
Cornwall,2020-10-03,145,inferred
Cornwall,2020-10-04,145,inferred
Cornwall,2020-10-05,145,inferred
Cornwall,2020-10-06,145,inferred
Cornwall,2020-10-07,163,inferred
Cornwall,2020-10-08,163,inferred
Cornwall,2020-10-09,163,inferred
Cornwall,2020-10-10,163,inferred
Cornwall,2020-10-11,163,inferred
Cornwall,2020-10-12,163,inferred
Cornwall,2020-10-13,163,inferred
Cornwall,2020-10-14,167,inferred
Cornwall,2020-10-15,167,inferred
Cornwall,2020-10-16,167,inferred
Cornwall,2020-10-17,167,inferred
Cornwall,2020-10-18,167,inferred
Cornwall,2020-10-19,167,inferred
Cornwall,2020-10-20,167,inferred
Cornwall,2020-10-21,301,inferred
Cornwall,2020-10-22,301,inferred
Cornwall,2020-10-23,301,inferred
Cornwall,2020-10-24,301,inferred
Cornwall,2020-10-25,301,inferred
Cornwall,2020-10-26,301,inferred
Cornwall,2020-10-27,301,inferred
Cornwall,2020-10-28,302,inferred
Cornwall,2020-10-29,302,inferred
Cornwall,2020-10-30,302,inferred
Cornwall,2020-10-31,302,inferred
Cornwall,2020-11-01,302,inferred
Cornwall,2020-11-02,302,inferred
Cornwall,2020-11-03,302,inferred
Cornwall,2020-11-04,477,inferred
Cornwall,2020-11-05,477,inferred
Cornwall,2020-11-06,477,inferred
Cornwall,2020-11-07,477,inferred
Cornwall,2020-11-08,477,inferred
Cornwall,2020-11-09,477,inferred
Cornwall,2020-11-10,477,inferred
Cornwall,2020-11-11,415,inferred
Cornwall,2020-11-12,415,inferred
Cornwall,2020-11-13,415,inferred
Cornwall,2020-11-14,415,inferred
Cornwall,2020-11-15,415,inferred
Cornwall,2020-11-16,415,inferred
Cornwall,2020-11-17,415,inferred
Cornwall,2020-11-18,259,inferred
Cornwall,2020-11-19,259,inferred
Cornwall,2020-11-20,259,inferred
Cornwall,2020-11-21,259,inferred
Cornwall,2020-11-22,259,inferred
Cornwall,2020-11-23,259,inferred
Cornwall,2020-11-24,259,inferred
Cornwall,2020-11-25,144,inferred
Cornwall,2020-11-26,144,inferred
Cornwall,2020-11-27,144,inferred
Cornwall,2020-11-28,144,inferred
Cornwall,2020-11-29,144,inferred
Cornwall,2020-11-30,144,inferred
Cornwall,2020-12-01,144,inferred
Cornwall,2020-12-02,105,inferred
Cornwall,2020-12-03,105,inferred
Cornwall,2020-12-04,105,inferred
Cornwall,2020-12-05,105,inferred
Cornwall,2020-12-06,105,inferred
Cornwall,2020-12-07,105,inferred
Cornwall,2020-12-08,105,inferred
Cornwall,2020-12-09,311,inferred
Cornwall,2020-12-10,311,inferred
Cornwall,2020-12-11,311,inferred
Cornwall,2020-12-12,311,inferred
Cornwall,2020-12-13,311,inferred
Cornwall,2020-12-14,311,inferred
Cornwall,2020-12-15,311,inferred
Cornwall,2020-12-16,518,inferred
Cornwall,2020-12-17,518,inferred
Cornwall,2020-12-18,518,inferred
Cornwall,2020-12-19,518,inferred
Cornwall,2020-12-20,518,inferred
Cornwall,2020-12-21,518,inferred
Cornwall,2020-12-22,518,inferred
Cornwall,2020-12-23,1342,inferred
Cornwall,2020-12-24,1342,inferred
Cornwall,2020-12-25,1342,inferred
Cornwall,2020-12-26,1342,inferred
Cornwall,2020-12-27,1342,inferred
Cornwall,2020-12-28,1342,inferred
Cornwall,2020-12-29,1342,inferred
Cornwall,2020-12-30,1996,inferred
Cornwall,2020-12-31,1996,inferred
Cornwall,2021-01-01,1996,inferred
Cornwall,2021-01-02,1996,inferred
Cornwall,2021-01-03,1996,inferred
Cornwall,2021-01-04,1996,inferred
Cornwall,2021-01-05,1996,inferred
Cornwall,2021-01-06,2768,projected
Cornwall,2021-01-07,2768,projected
Cornwall,2021-01-08,2768,projected
Cornwall,2021-01-09,2768,projected
Cornwall,2021-01-10,2768,projected
Cornwall,2021-01-11,2768,projected
Cornwall,2021-01-12,2768,projected
Cornwall,2021-01-13,3776,projected
Cornwall,2021-01-14,3776,projected
Cornwall,2021-01-15,3776,projected
Cornwall,2021-01-16,3776,projected
Cornwall,2021-01-17,3776,projected
Cornwall,2021-01-18,3776,projected
Cornwall,2021-01-19,3776,projected
Cornwall,2021-01-20,5087,projected
Cornwall,2021-01-21,5087,projected
Cornwall,2021-01-22,5087,projected
Cornwall,2021-01-23,5087,projected
Cornwall,2021-01-24,5087,projected
Cornwall,2021-01-25,5087,projected
Cornwall,2021-01-26,5087,projected
Cornwall and Isles of Scilly,2020-09-23,207,inferred
Cornwall and Isles of Scilly,2020-09-24,207,inferred
Cornwall and Isles of Scilly,2020-09-25,207,inferred
Cornwall and Isles of Scilly,2020-09-26,207,inferred
Cornwall and Isles of Scilly,2020-09-27,207,inferred
Cornwall and Isles of Scilly,2020-09-28,207,inferred
Cornwall and Isles of Scilly,2020-09-29,207,inferred
Cornwall and Isles of Scilly,2020-09-30,145,inferred
Cornwall and Isles of Scilly,2020-10-01,145,inferred
Cornwall and Isles of Scilly,2020-10-02,145,inferred
Cornwall and Isles of Scilly,2020-10-03,145,inferred
Cornwall and Isles of Scilly,2020-10-04,145,inferred
Cornwall and Isles of Scilly,2020-10-05,145,inferred
Cornwall and Isles of Scilly,2020-10-06,145,inferred
Cornwall and Isles of Scilly,2020-10-07,163,inferred
Cornwall and Isles of Scilly,2020-10-08,163,inferred
Cornwall and Isles of Scilly,2020-10-09,163,inferred
Cornwall and Isles of Scilly,2020-10-10,163,inferred
Cornwall and Isles of Scilly,2020-10-11,163,inferred
Cornwall and Isles of Scilly,2020-10-12,163,inferred
Cornwall and Isles of Scilly,2020-10-13,163,inferred
Cornwall and Isles of Scilly,2020-10-14,167,inferred
Cornwall and Isles of Scilly,2020-10-15,167,inferred
Cornwall and Isles of Scilly,2020-10-16,167,inferred
Cornwall and Isles of Scilly,2020-10-17,167,inferred
Cornwall and Isles of Scilly,2020-10-18,167,inferred
Cornwall and Isles of Scilly,2020-10-19,167,inferred
Cornwall and Isles of Scilly,2020-10-20,167,inferred
Cornwall and Isles of Scilly,2020-10-21,301,inferred
Cornwall and Isles of Scilly,2020-10-22,301,inferred
Cornwall and Isles of Scilly,2020-10-23,301,inferred
Cornwall and Isles of Scilly,2020-10-24,301,inferred
Cornwall and Isles of Scilly,2020-10-25,301,inferred
Cornwall and Isles of Scilly,2020-10-26,301,inferred
Cornwall and Isles of Scilly,2020-10-27,301,inferred
Cornwall and Isles of Scilly,2020-10-28,302,inferred
Cornwall and Isles of Scilly,2020-10-29,302,inferred
Cornwall and Isles of Scilly,2020-10-30,302,inferred
Cornwall and Isles of Scilly,2020-10-31,302,inferred
Cornwall and Isles of Scilly,2020-11-01,302,inferred
Cornwall and Isles of Scilly,2020-11-02,302,inferred
Cornwall and Isles of Scilly,2020-11-03,302,inferred
Cornwall and Isles of Scilly,2020-11-04,477,inferred
Cornwall and Isles of Scilly,2020-11-05,477,inferred
Cornwall and Isles of Scilly,2020-11-06,477,inferred
Cornwall and Isles of Scilly,2020-11-07,477,inferred
Cornwall and Isles of Scilly,2020-11-08,477,inferred
Cornwall and Isles of Scilly,2020-11-09,477,inferred
Cornwall and Isles of Scilly,2020-11-10,477,inferred
Cornwall and Isles of Scilly,2020-11-11,415,inferred
Cornwall and Isles of Scilly,2020-11-12,415,inferred
Cornwall and Isles of Scilly,2020-11-13,415,inferred
Cornwall and Isles of Scilly,2020-11-14,415,inferred
Cornwall and Isles of Scilly,2020-11-15,415,inferred
Cornwall and Isles of Scilly,2020-11-16,415,inferred
Cornwall and Isles of Scilly,2020-11-17,415,inferred
Cornwall and Isles of Scilly,2020-11-18,259,inferred
Cornwall and Isles of Scilly,2020-11-19,259,inferred
Cornwall and Isles of Scilly,2020-11-20,259,inferred
Cornwall and Isles of Scilly,2020-11-21,259,inferred
Cornwall and Isles of Scilly,2020-11-22,259,inferred
Cornwall and Isles of Scilly,2020-11-23,259,inferred
Cornwall and Isles of Scilly,2020-11-24,259,inferred
Cornwall and Isles of Scilly,2020-11-25,144,inferred
Cornwall and Isles of Scilly,2020-11-26,144,inferred
Cornwall and Isles of Scilly,2020-11-27,144,inferred
Cornwall and Isles of Scilly,2020-11-28,144,inferred
Cornwall and Isles of Scilly,2020-11-29,144,inferred
Cornwall and Isles of Scilly,2020-11-30,144,inferred
Cornwall and Isles of Scilly,2020-12-01,144,inferred
Cornwall and Isles of Scilly,2020-12-02,105,inferred
Cornwall and Isles of Scilly,2020-12-03,105,inferred
Cornwall and Isles of Scilly,2020-12-04,105,inferred
Cornwall and Isles of Scilly,2020-12-05,105,inferred
Cornwall and Isles of Scilly,2020-12-06,105,inferred
Cornwall and Isles of Scilly,2020-12-07,105,inferred
Cornwall and Isles of Scilly,2020-12-08,105,inferred
Cornwall and Isles of Scilly,2020-12-09,311,inferred
Cornwall and Isles of Scilly,2020-12-10,311,inferred
Cornwall and Isles of Scilly,2020-12-11,311,inferred
Cornwall and Isles of Scilly,2020-12-12,311,inferred
Cornwall and Isles of Scilly,2020-12-13,311,inferred
Cornwall and Isles of Scilly,2020-12-14,311,inferred
Cornwall and Isles of Scilly,2020-12-15,311,inferred
Cornwall and Isles of Scilly,2020-12-16,518,inferred
Cornwall and Isles of Scilly,2020-12-17,518,inferred
Cornwall and Isles of Scilly,2020-12-18,518,inferred
Cornwall and Isles of Scilly,2020-12-19,518,inferred
Cornwall and Isles of Scilly,2020-12-20,518,inferred
Cornwall and Isles of Scilly,2020-12-21,518,inferred
Cornwall and Isles of Scilly,2020-12-22,518,inferred
Cornwall and Isles of Scilly,2020-12-23,1342,inferred
Cornwall and Isles of Scilly,2020-12-24,1342,inferred
Cornwall and Isles of Scilly,2020-12-25,1342,inferred
Cornwall and Isles of Scilly,2020-12-26,1342,inferred
Cornwall and Isles of Scilly,2020-12-27,1342,inferred
Cornwall and Isles of Scilly,2020-12-28,1342,inferred
Cornwall and Isles of Scilly,2020-12-29,1342,inferred
Cornwall and Isles of Scilly,2020-12-30,1996,inferred
Cornwall and Isles of Scilly,2020-12-31,1996,inferred
Cornwall and Isles of Scilly,2021-01-01,1996,inferred
Cornwall and Isles of Scilly,2021-01-02,1996,inferred
Cornwall and Isles of Scilly,2021-01-03,1996,inferred
Cornwall and Isles of Scilly,2021-01-04,1996,inferred
Cornwall and Isles of Scilly,2021-01-05,1996,inferred
Cornwall and Isles of Scilly,2021-01-06,2768,projected
Cornwall and Isles of Scilly,2021-01-07,2768,projected
Cornwall and Isles of Scilly,2021-01-08,2768,projected
Cornwall and Isles of Scilly,2021-01-09,2768,projected
Cornwall and Isles of Scilly,2021-01-10,2768,projected
Cornwall and Isles of Scilly,2021-01-11,2768,projected
Cornwall and Isles of Scilly,2021-01-12,2768,projected
Cornwall and Isles of Scilly,2021-01-13,3776,projected
Cornwall and Isles of Scilly,2021-01-14,3776,projected
Cornwall and Isles of Scilly,2021-01-15,3776,projected
Cornwall and Isles of Scilly,2021-01-16,3776,projected
Cornwall and Isles of Scilly,2021-01-17,3776,projected
Cornwall and Isles of Scilly,2021-01-18,3776,projected
Cornwall and Isles of Scilly,2021-01-19,3776,projected
Cornwall and Isles of Scilly,2021-01-20,5087,projected
Cornwall and Isles of Scilly,2021-01-21,5087,projected
Cornwall and Isles of Scilly,2021-01-22,5087,projected
Cornwall and Isles of Scilly,2021-01-23,5087,projected
Cornwall and Isles of Scilly,2021-01-24,5087,projected
Cornwall and Isles of Scilly,2021-01-25,5087,projected
Cornwall and Isles of Scilly,2021-01-26,5087,projected
Cotswold,2020-09-23, 13,inferred
Cotswold,2020-09-24, 13,inferred
Cotswold,2020-09-25, 13,inferred
Cotswold,2020-09-26, 13,inferred
Cotswold,2020-09-27, 13,inferred
Cotswold,2020-09-28, 13,inferred
Cotswold,2020-09-29, 13,inferred
Cotswold,2020-09-30, 33,inferred
Cotswold,2020-10-01, 33,inferred
Cotswold,2020-10-02, 33,inferred
Cotswold,2020-10-03, 33,inferred
Cotswold,2020-10-04, 33,inferred
Cotswold,2020-10-05, 33,inferred
Cotswold,2020-10-06, 33,inferred
Cotswold,2020-10-07, 71,inferred
Cotswold,2020-10-08, 71,inferred
Cotswold,2020-10-09, 71,inferred
Cotswold,2020-10-10, 71,inferred
Cotswold,2020-10-11, 71,inferred
Cotswold,2020-10-12, 71,inferred
Cotswold,2020-10-13, 71,inferred
Cotswold,2020-10-14, 63,inferred
Cotswold,2020-10-15, 63,inferred
Cotswold,2020-10-16, 63,inferred
Cotswold,2020-10-17, 63,inferred
Cotswold,2020-10-18, 63,inferred
Cotswold,2020-10-19, 63,inferred
Cotswold,2020-10-20, 63,inferred
Cotswold,2020-10-21, 85,inferred
Cotswold,2020-10-22, 85,inferred
Cotswold,2020-10-23, 85,inferred
Cotswold,2020-10-24, 85,inferred
Cotswold,2020-10-25, 85,inferred
Cotswold,2020-10-26, 85,inferred
Cotswold,2020-10-27, 85,inferred
Cotswold,2020-10-28,125,inferred
Cotswold,2020-10-29,125,inferred
Cotswold,2020-10-30,125,inferred
Cotswold,2020-10-31,125,inferred
Cotswold,2020-11-01,125,inferred
Cotswold,2020-11-02,125,inferred
Cotswold,2020-11-03,125,inferred
Cotswold,2020-11-04,142,inferred
Cotswold,2020-11-05,142,inferred
Cotswold,2020-11-06,142,inferred
Cotswold,2020-11-07,142,inferred
Cotswold,2020-11-08,142,inferred
Cotswold,2020-11-09,142,inferred
Cotswold,2020-11-10,142,inferred
Cotswold,2020-11-11,121,inferred
Cotswold,2020-11-12,121,inferred
Cotswold,2020-11-13,121,inferred
Cotswold,2020-11-14,121,inferred
Cotswold,2020-11-15,121,inferred
Cotswold,2020-11-16,121,inferred
Cotswold,2020-11-17,121,inferred
Cotswold,2020-11-18, 37,inferred
Cotswold,2020-11-19, 37,inferred
Cotswold,2020-11-20, 37,inferred
Cotswold,2020-11-21, 37,inferred
Cotswold,2020-11-22, 37,inferred
Cotswold,2020-11-23, 37,inferred
Cotswold,2020-11-24, 37,inferred
Cotswold,2020-11-25, 44,inferred
Cotswold,2020-11-26, 44,inferred
Cotswold,2020-11-27, 44,inferred
Cotswold,2020-11-28, 44,inferred
Cotswold,2020-11-29, 44,inferred
Cotswold,2020-11-30, 44,inferred
Cotswold,2020-12-01, 44,inferred
Cotswold,2020-12-02, 35,inferred
Cotswold,2020-12-03, 35,inferred
Cotswold,2020-12-04, 35,inferred
Cotswold,2020-12-05, 35,inferred
Cotswold,2020-12-06, 35,inferred
Cotswold,2020-12-07, 35,inferred
Cotswold,2020-12-08, 35,inferred
Cotswold,2020-12-09,103,inferred
Cotswold,2020-12-10,103,inferred
Cotswold,2020-12-11,103,inferred
Cotswold,2020-12-12,103,inferred
Cotswold,2020-12-13,103,inferred
Cotswold,2020-12-14,103,inferred
Cotswold,2020-12-15,103,inferred
Cotswold,2020-12-16,197,inferred
Cotswold,2020-12-17,197,inferred
Cotswold,2020-12-18,197,inferred
Cotswold,2020-12-19,197,inferred
Cotswold,2020-12-20,197,inferred
Cotswold,2020-12-21,197,inferred
Cotswold,2020-12-22,197,inferred
Cotswold,2020-12-23,219,inferred
Cotswold,2020-12-24,219,inferred
Cotswold,2020-12-25,219,inferred
Cotswold,2020-12-26,219,inferred
Cotswold,2020-12-27,219,inferred
Cotswold,2020-12-28,219,inferred
Cotswold,2020-12-29,219,inferred
Cotswold,2020-12-30,256,inferred
Cotswold,2020-12-31,256,inferred
Cotswold,2021-01-01,256,inferred
Cotswold,2021-01-02,256,inferred
Cotswold,2021-01-03,256,inferred
Cotswold,2021-01-04,256,inferred
Cotswold,2021-01-05,256,inferred
Cotswold,2021-01-06,255,projected
Cotswold,2021-01-07,255,projected
Cotswold,2021-01-08,255,projected
Cotswold,2021-01-09,255,projected
Cotswold,2021-01-10,255,projected
Cotswold,2021-01-11,255,projected
Cotswold,2021-01-12,255,projected
Cotswold,2021-01-13,256,projected
Cotswold,2021-01-14,256,projected
Cotswold,2021-01-15,256,projected
Cotswold,2021-01-16,256,projected
Cotswold,2021-01-17,256,projected
Cotswold,2021-01-18,256,projected
Cotswold,2021-01-19,256,projected
Cotswold,2021-01-20,270,projected
Cotswold,2021-01-21,270,projected
Cotswold,2021-01-22,270,projected
Cotswold,2021-01-23,270,projected
Cotswold,2021-01-24,270,projected
Cotswold,2021-01-25,270,projected
Cotswold,2021-01-26,270,projected
County Durham,2020-09-23,631,inferred
County Durham,2020-09-24,631,inferred
County Durham,2020-09-25,631,inferred
County Durham,2020-09-26,631,inferred
County Durham,2020-09-27,631,inferred
County Durham,2020-09-28,631,inferred
County Durham,2020-09-29,631,inferred
County Durham,2020-09-30,1307,inferred
County Durham,2020-10-01,1307,inferred
County Durham,2020-10-02,1307,inferred
County Durham,2020-10-03,1307,inferred
County Durham,2020-10-04,1307,inferred
County Durham,2020-10-05,1307,inferred
County Durham,2020-10-06,1307,inferred
County Durham,2020-10-07,2207,inferred
County Durham,2020-10-08,2207,inferred
County Durham,2020-10-09,2207,inferred
County Durham,2020-10-10,2207,inferred
County Durham,2020-10-11,2207,inferred
County Durham,2020-10-12,2207,inferred
County Durham,2020-10-13,2207,inferred
County Durham,2020-10-14,1821,inferred
County Durham,2020-10-15,1821,inferred
County Durham,2020-10-16,1821,inferred
County Durham,2020-10-17,1821,inferred
County Durham,2020-10-18,1821,inferred
County Durham,2020-10-19,1821,inferred
County Durham,2020-10-20,1821,inferred
County Durham,2020-10-21,1431,inferred
County Durham,2020-10-22,1431,inferred
County Durham,2020-10-23,1431,inferred
County Durham,2020-10-24,1431,inferred
County Durham,2020-10-25,1431,inferred
County Durham,2020-10-26,1431,inferred
County Durham,2020-10-27,1431,inferred
County Durham,2020-10-28,1719,inferred
County Durham,2020-10-29,1719,inferred
County Durham,2020-10-30,1719,inferred
County Durham,2020-10-31,1719,inferred
County Durham,2020-11-01,1719,inferred
County Durham,2020-11-02,1719,inferred
County Durham,2020-11-03,1719,inferred
County Durham,2020-11-04,2128,inferred
County Durham,2020-11-05,2128,inferred
County Durham,2020-11-06,2128,inferred
County Durham,2020-11-07,2128,inferred
County Durham,2020-11-08,2128,inferred
County Durham,2020-11-09,2128,inferred
County Durham,2020-11-10,2128,inferred
County Durham,2020-11-11,1885,inferred
County Durham,2020-11-12,1885,inferred
County Durham,2020-11-13,1885,inferred
County Durham,2020-11-14,1885,inferred
County Durham,2020-11-15,1885,inferred
County Durham,2020-11-16,1885,inferred
County Durham,2020-11-17,1885,inferred
County Durham,2020-11-18,1187,inferred
County Durham,2020-11-19,1187,inferred
County Durham,2020-11-20,1187,inferred
County Durham,2020-11-21,1187,inferred
County Durham,2020-11-22,1187,inferred
County Durham,2020-11-23,1187,inferred
County Durham,2020-11-24,1187,inferred
County Durham,2020-11-25,859,inferred
County Durham,2020-11-26,859,inferred
County Durham,2020-11-27,859,inferred
County Durham,2020-11-28,859,inferred
County Durham,2020-11-29,859,inferred
County Durham,2020-11-30,859,inferred
County Durham,2020-12-01,859,inferred
County Durham,2020-12-02,820,inferred
County Durham,2020-12-03,820,inferred
County Durham,2020-12-04,820,inferred
County Durham,2020-12-05,820,inferred
County Durham,2020-12-06,820,inferred
County Durham,2020-12-07,820,inferred
County Durham,2020-12-08,820,inferred
County Durham,2020-12-09,888,inferred
County Durham,2020-12-10,888,inferred
County Durham,2020-12-11,888,inferred
County Durham,2020-12-12,888,inferred
County Durham,2020-12-13,888,inferred
County Durham,2020-12-14,888,inferred
County Durham,2020-12-15,888,inferred
County Durham,2020-12-16,1319,inferred
County Durham,2020-12-17,1319,inferred
County Durham,2020-12-18,1319,inferred
County Durham,2020-12-19,1319,inferred
County Durham,2020-12-20,1319,inferred
County Durham,2020-12-21,1319,inferred
County Durham,2020-12-22,1319,inferred
County Durham,2020-12-23,1814,inferred
County Durham,2020-12-24,1814,inferred
County Durham,2020-12-25,1814,inferred
County Durham,2020-12-26,1814,inferred
County Durham,2020-12-27,1814,inferred
County Durham,2020-12-28,1814,inferred
County Durham,2020-12-29,1814,inferred
County Durham,2020-12-30,2666,inferred
County Durham,2020-12-31,2666,inferred
County Durham,2021-01-01,2666,inferred
County Durham,2021-01-02,2666,inferred
County Durham,2021-01-03,2666,inferred
County Durham,2021-01-04,2666,inferred
County Durham,2021-01-05,2666,inferred
County Durham,2021-01-06,2467,projected
County Durham,2021-01-07,2467,projected
County Durham,2021-01-08,2467,projected
County Durham,2021-01-09,2467,projected
County Durham,2021-01-10,2467,projected
County Durham,2021-01-11,2467,projected
County Durham,2021-01-12,2467,projected
County Durham,2021-01-13,2210,projected
County Durham,2021-01-14,2210,projected
County Durham,2021-01-15,2210,projected
County Durham,2021-01-16,2210,projected
County Durham,2021-01-17,2210,projected
County Durham,2021-01-18,2210,projected
County Durham,2021-01-19,2210,projected
County Durham,2021-01-20,2029,projected
County Durham,2021-01-21,2029,projected
County Durham,2021-01-22,2029,projected
County Durham,2021-01-23,2029,projected
County Durham,2021-01-24,2029,projected
County Durham,2021-01-25,2029,projected
County Durham,2021-01-26,2029,projected
Coventry,2020-09-23,273,inferred
Coventry,2020-09-24,273,inferred
Coventry,2020-09-25,273,inferred
Coventry,2020-09-26,273,inferred
Coventry,2020-09-27,273,inferred
Coventry,2020-09-28,273,inferred
Coventry,2020-09-29,273,inferred
Coventry,2020-09-30,462,inferred
Coventry,2020-10-01,462,inferred
Coventry,2020-10-02,462,inferred
Coventry,2020-10-03,462,inferred
Coventry,2020-10-04,462,inferred
Coventry,2020-10-05,462,inferred
Coventry,2020-10-06,462,inferred
Coventry,2020-10-07,663,inferred
Coventry,2020-10-08,663,inferred
Coventry,2020-10-09,663,inferred
Coventry,2020-10-10,663,inferred
Coventry,2020-10-11,663,inferred
Coventry,2020-10-12,663,inferred
Coventry,2020-10-13,663,inferred
Coventry,2020-10-14,677,inferred
Coventry,2020-10-15,677,inferred
Coventry,2020-10-16,677,inferred
Coventry,2020-10-17,677,inferred
Coventry,2020-10-18,677,inferred
Coventry,2020-10-19,677,inferred
Coventry,2020-10-20,677,inferred
Coventry,2020-10-21,670,inferred
Coventry,2020-10-22,670,inferred
Coventry,2020-10-23,670,inferred
Coventry,2020-10-24,670,inferred
Coventry,2020-10-25,670,inferred
Coventry,2020-10-26,670,inferred
Coventry,2020-10-27,670,inferred
Coventry,2020-10-28,783,inferred
Coventry,2020-10-29,783,inferred
Coventry,2020-10-30,783,inferred
Coventry,2020-10-31,783,inferred
Coventry,2020-11-01,783,inferred
Coventry,2020-11-02,783,inferred
Coventry,2020-11-03,783,inferred
Coventry,2020-11-04,981,inferred
Coventry,2020-11-05,981,inferred
Coventry,2020-11-06,981,inferred
Coventry,2020-11-07,981,inferred
Coventry,2020-11-08,981,inferred
Coventry,2020-11-09,981,inferred
Coventry,2020-11-10,981,inferred
Coventry,2020-11-11,930,inferred
Coventry,2020-11-12,930,inferred
Coventry,2020-11-13,930,inferred
Coventry,2020-11-14,930,inferred
Coventry,2020-11-15,930,inferred
Coventry,2020-11-16,930,inferred
Coventry,2020-11-17,930,inferred
Coventry,2020-11-18,697,inferred
Coventry,2020-11-19,697,inferred
Coventry,2020-11-20,697,inferred
Coventry,2020-11-21,697,inferred
Coventry,2020-11-22,697,inferred
Coventry,2020-11-23,697,inferred
Coventry,2020-11-24,697,inferred
Coventry,2020-11-25,549,inferred
Coventry,2020-11-26,549,inferred
Coventry,2020-11-27,549,inferred
Coventry,2020-11-28,549,inferred
Coventry,2020-11-29,549,inferred
Coventry,2020-11-30,549,inferred
Coventry,2020-12-01,549,inferred
Coventry,2020-12-02,536,inferred
Coventry,2020-12-03,536,inferred
Coventry,2020-12-04,536,inferred
Coventry,2020-12-05,536,inferred
Coventry,2020-12-06,536,inferred
Coventry,2020-12-07,536,inferred
Coventry,2020-12-08,536,inferred
Coventry,2020-12-09,727,inferred
Coventry,2020-12-10,727,inferred
Coventry,2020-12-11,727,inferred
Coventry,2020-12-12,727,inferred
Coventry,2020-12-13,727,inferred
Coventry,2020-12-14,727,inferred
Coventry,2020-12-15,727,inferred
Coventry,2020-12-16,942,inferred
Coventry,2020-12-17,942,inferred
Coventry,2020-12-18,942,inferred
Coventry,2020-12-19,942,inferred
Coventry,2020-12-20,942,inferred
Coventry,2020-12-21,942,inferred
Coventry,2020-12-22,942,inferred
Coventry,2020-12-23,1198,inferred
Coventry,2020-12-24,1198,inferred
Coventry,2020-12-25,1198,inferred
Coventry,2020-12-26,1198,inferred
Coventry,2020-12-27,1198,inferred
Coventry,2020-12-28,1198,inferred
Coventry,2020-12-29,1198,inferred
Coventry,2020-12-30,2078,inferred
Coventry,2020-12-31,2078,inferred
Coventry,2021-01-01,2078,inferred
Coventry,2021-01-02,2078,inferred
Coventry,2021-01-03,2078,inferred
Coventry,2021-01-04,2078,inferred
Coventry,2021-01-05,2078,inferred
Coventry,2021-01-06,2070,projected
Coventry,2021-01-07,2070,projected
Coventry,2021-01-08,2070,projected
Coventry,2021-01-09,2070,projected
Coventry,2021-01-10,2070,projected
Coventry,2021-01-11,2070,projected
Coventry,2021-01-12,2070,projected
Coventry,2021-01-13,2070,projected
Coventry,2021-01-14,2070,projected
Coventry,2021-01-15,2070,projected
Coventry,2021-01-16,2070,projected
Coventry,2021-01-17,2070,projected
Coventry,2021-01-18,2070,projected
Coventry,2021-01-19,2070,projected
Coventry,2021-01-20,2068,projected
Coventry,2021-01-21,2068,projected
Coventry,2021-01-22,2068,projected
Coventry,2021-01-23,2068,projected
Coventry,2021-01-24,2068,projected
Coventry,2021-01-25,2068,projected
Coventry,2021-01-26,2068,projected
Craven,2020-09-23, 63,inferred
Craven,2020-09-24, 63,inferred
Craven,2020-09-25, 63,inferred
Craven,2020-09-26, 63,inferred
Craven,2020-09-27, 63,inferred
Craven,2020-09-28, 63,inferred
Craven,2020-09-29, 63,inferred
Craven,2020-09-30, 71,inferred
Craven,2020-10-01, 71,inferred
Craven,2020-10-02, 71,inferred
Craven,2020-10-03, 71,inferred
Craven,2020-10-04, 71,inferred
Craven,2020-10-05, 71,inferred
Craven,2020-10-06, 71,inferred
Craven,2020-10-07, 74,inferred
Craven,2020-10-08, 74,inferred
Craven,2020-10-09, 74,inferred
Craven,2020-10-10, 74,inferred
Craven,2020-10-11, 74,inferred
Craven,2020-10-12, 74,inferred
Craven,2020-10-13, 74,inferred
Craven,2020-10-14,103,inferred
Craven,2020-10-15,103,inferred
Craven,2020-10-16,103,inferred
Craven,2020-10-17,103,inferred
Craven,2020-10-18,103,inferred
Craven,2020-10-19,103,inferred
Craven,2020-10-20,103,inferred
Craven,2020-10-21,101,inferred
Craven,2020-10-22,101,inferred
Craven,2020-10-23,101,inferred
Craven,2020-10-24,101,inferred
Craven,2020-10-25,101,inferred
Craven,2020-10-26,101,inferred
Craven,2020-10-27,101,inferred
Craven,2020-10-28,100,inferred
Craven,2020-10-29,100,inferred
Craven,2020-10-30,100,inferred
Craven,2020-10-31,100,inferred
Craven,2020-11-01,100,inferred
Craven,2020-11-02,100,inferred
Craven,2020-11-03,100,inferred
Craven,2020-11-04,147,inferred
Craven,2020-11-05,147,inferred
Craven,2020-11-06,147,inferred
Craven,2020-11-07,147,inferred
Craven,2020-11-08,147,inferred
Craven,2020-11-09,147,inferred
Craven,2020-11-10,147,inferred
Craven,2020-11-11,152,inferred
Craven,2020-11-12,152,inferred
Craven,2020-11-13,152,inferred
Craven,2020-11-14,152,inferred
Craven,2020-11-15,152,inferred
Craven,2020-11-16,152,inferred
Craven,2020-11-17,152,inferred
Craven,2020-11-18, 80,inferred
Craven,2020-11-19, 80,inferred
Craven,2020-11-20, 80,inferred
Craven,2020-11-21, 80,inferred
Craven,2020-11-22, 80,inferred
Craven,2020-11-23, 80,inferred
Craven,2020-11-24, 80,inferred
Craven,2020-11-25, 85,inferred
Craven,2020-11-26, 85,inferred
Craven,2020-11-27, 85,inferred
Craven,2020-11-28, 85,inferred
Craven,2020-11-29, 85,inferred
Craven,2020-11-30, 85,inferred
Craven,2020-12-01, 85,inferred
Craven,2020-12-02, 61,inferred
Craven,2020-12-03, 61,inferred
Craven,2020-12-04, 61,inferred
Craven,2020-12-05, 61,inferred
Craven,2020-12-06, 61,inferred
Craven,2020-12-07, 61,inferred
Craven,2020-12-08, 61,inferred
Craven,2020-12-09, 72,inferred
Craven,2020-12-10, 72,inferred
Craven,2020-12-11, 72,inferred
Craven,2020-12-12, 72,inferred
Craven,2020-12-13, 72,inferred
Craven,2020-12-14, 72,inferred
Craven,2020-12-15, 72,inferred
Craven,2020-12-16, 76,inferred
Craven,2020-12-17, 76,inferred
Craven,2020-12-18, 76,inferred
Craven,2020-12-19, 76,inferred
Craven,2020-12-20, 76,inferred
Craven,2020-12-21, 76,inferred
Craven,2020-12-22, 76,inferred
Craven,2020-12-23,139,inferred
Craven,2020-12-24,139,inferred
Craven,2020-12-25,139,inferred
Craven,2020-12-26,139,inferred
Craven,2020-12-27,139,inferred
Craven,2020-12-28,139,inferred
Craven,2020-12-29,139,inferred
Craven,2020-12-30,288,inferred
Craven,2020-12-31,288,inferred
Craven,2021-01-01,288,inferred
Craven,2021-01-02,288,inferred
Craven,2021-01-03,288,inferred
Craven,2021-01-04,288,inferred
Craven,2021-01-05,288,inferred
Craven,2021-01-06,358,projected
Craven,2021-01-07,358,projected
Craven,2021-01-08,358,projected
Craven,2021-01-09,358,projected
Craven,2021-01-10,358,projected
Craven,2021-01-11,358,projected
Craven,2021-01-12,358,projected
Craven,2021-01-13,436,projected
Craven,2021-01-14,436,projected
Craven,2021-01-15,436,projected
Craven,2021-01-16,436,projected
Craven,2021-01-17,436,projected
Craven,2021-01-18,436,projected
Craven,2021-01-19,436,projected
Craven,2021-01-20,529,projected
Craven,2021-01-21,529,projected
Craven,2021-01-22,529,projected
Craven,2021-01-23,529,projected
Craven,2021-01-24,529,projected
Craven,2021-01-25,529,projected
Craven,2021-01-26,529,projected
Crawley,2020-09-23, 32,inferred
Crawley,2020-09-24, 32,inferred
Crawley,2020-09-25, 32,inferred
Crawley,2020-09-26, 32,inferred
Crawley,2020-09-27, 32,inferred
Crawley,2020-09-28, 32,inferred
Crawley,2020-09-29, 32,inferred
Crawley,2020-09-30, 42,inferred
Crawley,2020-10-01, 42,inferred
Crawley,2020-10-02, 42,inferred
Crawley,2020-10-03, 42,inferred
Crawley,2020-10-04, 42,inferred
Crawley,2020-10-05, 42,inferred
Crawley,2020-10-06, 42,inferred
Crawley,2020-10-07, 45,inferred
Crawley,2020-10-08, 45,inferred
Crawley,2020-10-09, 45,inferred
Crawley,2020-10-10, 45,inferred
Crawley,2020-10-11, 45,inferred
Crawley,2020-10-12, 45,inferred
Crawley,2020-10-13, 45,inferred
Crawley,2020-10-14, 83,inferred
Crawley,2020-10-15, 83,inferred
Crawley,2020-10-16, 83,inferred
Crawley,2020-10-17, 83,inferred
Crawley,2020-10-18, 83,inferred
Crawley,2020-10-19, 83,inferred
Crawley,2020-10-20, 83,inferred
Crawley,2020-10-21,164,inferred
Crawley,2020-10-22,164,inferred
Crawley,2020-10-23,164,inferred
Crawley,2020-10-24,164,inferred
Crawley,2020-10-25,164,inferred
Crawley,2020-10-26,164,inferred
Crawley,2020-10-27,164,inferred
Crawley,2020-10-28,150,inferred
Crawley,2020-10-29,150,inferred
Crawley,2020-10-30,150,inferred
Crawley,2020-10-31,150,inferred
Crawley,2020-11-01,150,inferred
Crawley,2020-11-02,150,inferred
Crawley,2020-11-03,150,inferred
Crawley,2020-11-04,175,inferred
Crawley,2020-11-05,175,inferred
Crawley,2020-11-06,175,inferred
Crawley,2020-11-07,175,inferred
Crawley,2020-11-08,175,inferred
Crawley,2020-11-09,175,inferred
Crawley,2020-11-10,175,inferred
Crawley,2020-11-11,143,inferred
Crawley,2020-11-12,143,inferred
Crawley,2020-11-13,143,inferred
Crawley,2020-11-14,143,inferred
Crawley,2020-11-15,143,inferred
Crawley,2020-11-16,143,inferred
Crawley,2020-11-17,143,inferred
Crawley,2020-11-18, 89,inferred
Crawley,2020-11-19, 89,inferred
Crawley,2020-11-20, 89,inferred
Crawley,2020-11-21, 89,inferred
Crawley,2020-11-22, 89,inferred
Crawley,2020-11-23, 89,inferred
Crawley,2020-11-24, 89,inferred
Crawley,2020-11-25, 46,inferred
Crawley,2020-11-26, 46,inferred
Crawley,2020-11-27, 46,inferred
Crawley,2020-11-28, 46,inferred
Crawley,2020-11-29, 46,inferred
Crawley,2020-11-30, 46,inferred
Crawley,2020-12-01, 46,inferred
Crawley,2020-12-02,106,inferred
Crawley,2020-12-03,106,inferred
Crawley,2020-12-04,106,inferred
Crawley,2020-12-05,106,inferred
Crawley,2020-12-06,106,inferred
Crawley,2020-12-07,106,inferred
Crawley,2020-12-08,106,inferred
Crawley,2020-12-09,230,inferred
Crawley,2020-12-10,230,inferred
Crawley,2020-12-11,230,inferred
Crawley,2020-12-12,230,inferred
Crawley,2020-12-13,230,inferred
Crawley,2020-12-14,230,inferred
Crawley,2020-12-15,230,inferred
Crawley,2020-12-16,471,inferred
Crawley,2020-12-17,471,inferred
Crawley,2020-12-18,471,inferred
Crawley,2020-12-19,471,inferred
Crawley,2020-12-20,471,inferred
Crawley,2020-12-21,471,inferred
Crawley,2020-12-22,471,inferred
Crawley,2020-12-23,783,inferred
Crawley,2020-12-24,783,inferred
Crawley,2020-12-25,783,inferred
Crawley,2020-12-26,783,inferred
Crawley,2020-12-27,783,inferred
Crawley,2020-12-28,783,inferred
Crawley,2020-12-29,783,inferred
Crawley,2020-12-30,1341,inferred
Crawley,2020-12-31,1341,inferred
Crawley,2021-01-01,1341,inferred
Crawley,2021-01-02,1341,inferred
Crawley,2021-01-03,1341,inferred
Crawley,2021-01-04,1341,inferred
Crawley,2021-01-05,1341,inferred
Crawley,2021-01-06,1194,projected
Crawley,2021-01-07,1194,projected
Crawley,2021-01-08,1194,projected
Crawley,2021-01-09,1194,projected
Crawley,2021-01-10,1194,projected
Crawley,2021-01-11,1194,projected
Crawley,2021-01-12,1194,projected
Crawley,2021-01-13,971,projected
Crawley,2021-01-14,971,projected
Crawley,2021-01-15,971,projected
Crawley,2021-01-16,971,projected
Crawley,2021-01-17,971,projected
Crawley,2021-01-18,971,projected
Crawley,2021-01-19,971,projected
Crawley,2021-01-20,827,projected
Crawley,2021-01-21,827,projected
Crawley,2021-01-22,827,projected
Crawley,2021-01-23,827,projected
Crawley,2021-01-24,827,projected
Crawley,2021-01-25,827,projected
Crawley,2021-01-26,827,projected
Croydon,2020-09-23,158,inferred
Croydon,2020-09-24,158,inferred
Croydon,2020-09-25,158,inferred
Croydon,2020-09-26,158,inferred
Croydon,2020-09-27,158,inferred
Croydon,2020-09-28,158,inferred
Croydon,2020-09-29,158,inferred
Croydon,2020-09-30,247,inferred
Croydon,2020-10-01,247,inferred
Croydon,2020-10-02,247,inferred
Croydon,2020-10-03,247,inferred
Croydon,2020-10-04,247,inferred
Croydon,2020-10-05,247,inferred
Croydon,2020-10-06,247,inferred
Croydon,2020-10-07,252,inferred
Croydon,2020-10-08,252,inferred
Croydon,2020-10-09,252,inferred
Croydon,2020-10-10,252,inferred
Croydon,2020-10-11,252,inferred
Croydon,2020-10-12,252,inferred
Croydon,2020-10-13,252,inferred
Croydon,2020-10-14,335,inferred
Croydon,2020-10-15,335,inferred
Croydon,2020-10-16,335,inferred
Croydon,2020-10-17,335,inferred
Croydon,2020-10-18,335,inferred
Croydon,2020-10-19,335,inferred
Croydon,2020-10-20,335,inferred
Croydon,2020-10-21,472,inferred
Croydon,2020-10-22,472,inferred
Croydon,2020-10-23,472,inferred
Croydon,2020-10-24,472,inferred
Croydon,2020-10-25,472,inferred
Croydon,2020-10-26,472,inferred
Croydon,2020-10-27,472,inferred
Croydon,2020-10-28,459,inferred
Croydon,2020-10-29,459,inferred
Croydon,2020-10-30,459,inferred
Croydon,2020-10-31,459,inferred
Croydon,2020-11-01,459,inferred
Croydon,2020-11-02,459,inferred
Croydon,2020-11-03,459,inferred
Croydon,2020-11-04,492,inferred
Croydon,2020-11-05,492,inferred
Croydon,2020-11-06,492,inferred
Croydon,2020-11-07,492,inferred
Croydon,2020-11-08,492,inferred
Croydon,2020-11-09,492,inferred
Croydon,2020-11-10,492,inferred
Croydon,2020-11-11,649,inferred
Croydon,2020-11-12,649,inferred
Croydon,2020-11-13,649,inferred
Croydon,2020-11-14,649,inferred
Croydon,2020-11-15,649,inferred
Croydon,2020-11-16,649,inferred
Croydon,2020-11-17,649,inferred
Croydon,2020-11-18,552,inferred
Croydon,2020-11-19,552,inferred
Croydon,2020-11-20,552,inferred
Croydon,2020-11-21,552,inferred
Croydon,2020-11-22,552,inferred
Croydon,2020-11-23,552,inferred
Croydon,2020-11-24,552,inferred
Croydon,2020-11-25,563,inferred
Croydon,2020-11-26,563,inferred
Croydon,2020-11-27,563,inferred
Croydon,2020-11-28,563,inferred
Croydon,2020-11-29,563,inferred
Croydon,2020-11-30,563,inferred
Croydon,2020-12-01,563,inferred
Croydon,2020-12-02,767,inferred
Croydon,2020-12-03,767,inferred
Croydon,2020-12-04,767,inferred
Croydon,2020-12-05,767,inferred
Croydon,2020-12-06,767,inferred
Croydon,2020-12-07,767,inferred
Croydon,2020-12-08,767,inferred
Croydon,2020-12-09,1732,inferred
Croydon,2020-12-10,1732,inferred
Croydon,2020-12-11,1732,inferred
Croydon,2020-12-12,1732,inferred
Croydon,2020-12-13,1732,inferred
Croydon,2020-12-14,1732,inferred
Croydon,2020-12-15,1732,inferred
Croydon,2020-12-16,3135,inferred
Croydon,2020-12-17,3135,inferred
Croydon,2020-12-18,3135,inferred
Croydon,2020-12-19,3135,inferred
Croydon,2020-12-20,3135,inferred
Croydon,2020-12-21,3135,inferred
Croydon,2020-12-22,3135,inferred
Croydon,2020-12-23,3514,inferred
Croydon,2020-12-24,3514,inferred
Croydon,2020-12-25,3514,inferred
Croydon,2020-12-26,3514,inferred
Croydon,2020-12-27,3514,inferred
Croydon,2020-12-28,3514,inferred
Croydon,2020-12-29,3514,inferred
Croydon,2020-12-30,4401,inferred
Croydon,2020-12-31,4401,inferred
Croydon,2021-01-01,4401,inferred
Croydon,2021-01-02,4401,inferred
Croydon,2021-01-03,4401,inferred
Croydon,2021-01-04,4401,inferred
Croydon,2021-01-05,4401,inferred
Croydon,2021-01-06,3382,projected
Croydon,2021-01-07,3382,projected
Croydon,2021-01-08,3382,projected
Croydon,2021-01-09,3382,projected
Croydon,2021-01-10,3382,projected
Croydon,2021-01-11,3382,projected
Croydon,2021-01-12,3382,projected
Croydon,2021-01-13,2665,projected
Croydon,2021-01-14,2665,projected
Croydon,2021-01-15,2665,projected
Croydon,2021-01-16,2665,projected
Croydon,2021-01-17,2665,projected
Croydon,2021-01-18,2665,projected
Croydon,2021-01-19,2665,projected
Croydon,2021-01-20,2214,projected
Croydon,2021-01-21,2214,projected
Croydon,2021-01-22,2214,projected
Croydon,2021-01-23,2214,projected
Croydon,2021-01-24,2214,projected
Croydon,2021-01-25,2214,projected
Croydon,2021-01-26,2214,projected
Dacorum,2020-09-23, 58,inferred
Dacorum,2020-09-24, 58,inferred
Dacorum,2020-09-25, 58,inferred
Dacorum,2020-09-26, 58,inferred
Dacorum,2020-09-27, 58,inferred
Dacorum,2020-09-28, 58,inferred
Dacorum,2020-09-29, 58,inferred
Dacorum,2020-09-30, 74,inferred
Dacorum,2020-10-01, 74,inferred
Dacorum,2020-10-02, 74,inferred
Dacorum,2020-10-03, 74,inferred
Dacorum,2020-10-04, 74,inferred
Dacorum,2020-10-05, 74,inferred
Dacorum,2020-10-06, 74,inferred
Dacorum,2020-10-07,109,inferred
Dacorum,2020-10-08,109,inferred
Dacorum,2020-10-09,109,inferred
Dacorum,2020-10-10,109,inferred
Dacorum,2020-10-11,109,inferred
Dacorum,2020-10-12,109,inferred
Dacorum,2020-10-13,109,inferred
Dacorum,2020-10-14,145,inferred
Dacorum,2020-10-15,145,inferred
Dacorum,2020-10-16,145,inferred
Dacorum,2020-10-17,145,inferred
Dacorum,2020-10-18,145,inferred
Dacorum,2020-10-19,145,inferred
Dacorum,2020-10-20,145,inferred
Dacorum,2020-10-21,142,inferred
Dacorum,2020-10-22,142,inferred
Dacorum,2020-10-23,142,inferred
Dacorum,2020-10-24,142,inferred
Dacorum,2020-10-25,142,inferred
Dacorum,2020-10-26,142,inferred
Dacorum,2020-10-27,142,inferred
Dacorum,2020-10-28,126,inferred
Dacorum,2020-10-29,126,inferred
Dacorum,2020-10-30,126,inferred
Dacorum,2020-10-31,126,inferred
Dacorum,2020-11-01,126,inferred
Dacorum,2020-11-02,126,inferred
Dacorum,2020-11-03,126,inferred
Dacorum,2020-11-04,206,inferred
Dacorum,2020-11-05,206,inferred
Dacorum,2020-11-06,206,inferred
Dacorum,2020-11-07,206,inferred
Dacorum,2020-11-08,206,inferred
Dacorum,2020-11-09,206,inferred
Dacorum,2020-11-10,206,inferred
Dacorum,2020-11-11,193,inferred
Dacorum,2020-11-12,193,inferred
Dacorum,2020-11-13,193,inferred
Dacorum,2020-11-14,193,inferred
Dacorum,2020-11-15,193,inferred
Dacorum,2020-11-16,193,inferred
Dacorum,2020-11-17,193,inferred
Dacorum,2020-11-18,160,inferred
Dacorum,2020-11-19,160,inferred
Dacorum,2020-11-20,160,inferred
Dacorum,2020-11-21,160,inferred
Dacorum,2020-11-22,160,inferred
Dacorum,2020-11-23,160,inferred
Dacorum,2020-11-24,160,inferred
Dacorum,2020-11-25,154,inferred
Dacorum,2020-11-26,154,inferred
Dacorum,2020-11-27,154,inferred
Dacorum,2020-11-28,154,inferred
Dacorum,2020-11-29,154,inferred
Dacorum,2020-11-30,154,inferred
Dacorum,2020-12-01,154,inferred
Dacorum,2020-12-02,244,inferred
Dacorum,2020-12-03,244,inferred
Dacorum,2020-12-04,244,inferred
Dacorum,2020-12-05,244,inferred
Dacorum,2020-12-06,244,inferred
Dacorum,2020-12-07,244,inferred
Dacorum,2020-12-08,244,inferred
Dacorum,2020-12-09,382,inferred
Dacorum,2020-12-10,382,inferred
Dacorum,2020-12-11,382,inferred
Dacorum,2020-12-12,382,inferred
Dacorum,2020-12-13,382,inferred
Dacorum,2020-12-14,382,inferred
Dacorum,2020-12-15,382,inferred
Dacorum,2020-12-16,769,inferred
Dacorum,2020-12-17,769,inferred
Dacorum,2020-12-18,769,inferred
Dacorum,2020-12-19,769,inferred
Dacorum,2020-12-20,769,inferred
Dacorum,2020-12-21,769,inferred
Dacorum,2020-12-22,769,inferred
Dacorum,2020-12-23,949,inferred
Dacorum,2020-12-24,949,inferred
Dacorum,2020-12-25,949,inferred
Dacorum,2020-12-26,949,inferred
Dacorum,2020-12-27,949,inferred
Dacorum,2020-12-28,949,inferred
Dacorum,2020-12-29,949,inferred
Dacorum,2020-12-30,1067,inferred
Dacorum,2020-12-31,1067,inferred
Dacorum,2021-01-01,1067,inferred
Dacorum,2021-01-02,1067,inferred
Dacorum,2021-01-03,1067,inferred
Dacorum,2021-01-04,1067,inferred
Dacorum,2021-01-05,1067,inferred
Dacorum,2021-01-06,963,projected
Dacorum,2021-01-07,963,projected
Dacorum,2021-01-08,963,projected
Dacorum,2021-01-09,963,projected
Dacorum,2021-01-10,963,projected
Dacorum,2021-01-11,963,projected
Dacorum,2021-01-12,963,projected
Dacorum,2021-01-13,850,projected
Dacorum,2021-01-14,850,projected
Dacorum,2021-01-15,850,projected
Dacorum,2021-01-16,850,projected
Dacorum,2021-01-17,850,projected
Dacorum,2021-01-18,850,projected
Dacorum,2021-01-19,850,projected
Dacorum,2021-01-20,795,projected
Dacorum,2021-01-21,795,projected
Dacorum,2021-01-22,795,projected
Dacorum,2021-01-23,795,projected
Dacorum,2021-01-24,795,projected
Dacorum,2021-01-25,795,projected
Dacorum,2021-01-26,795,projected
Darlington,2020-09-23,137,inferred
Darlington,2020-09-24,137,inferred
Darlington,2020-09-25,137,inferred
Darlington,2020-09-26,137,inferred
Darlington,2020-09-27,137,inferred
Darlington,2020-09-28,137,inferred
Darlington,2020-09-29,137,inferred
Darlington,2020-09-30,162,inferred
Darlington,2020-10-01,162,inferred
Darlington,2020-10-02,162,inferred
Darlington,2020-10-03,162,inferred
Darlington,2020-10-04,162,inferred
Darlington,2020-10-05,162,inferred
Darlington,2020-10-06,162,inferred
Darlington,2020-10-07,222,inferred
Darlington,2020-10-08,222,inferred
Darlington,2020-10-09,222,inferred
Darlington,2020-10-10,222,inferred
Darlington,2020-10-11,222,inferred
Darlington,2020-10-12,222,inferred
Darlington,2020-10-13,222,inferred
Darlington,2020-10-14,340,inferred
Darlington,2020-10-15,340,inferred
Darlington,2020-10-16,340,inferred
Darlington,2020-10-17,340,inferred
Darlington,2020-10-18,340,inferred
Darlington,2020-10-19,340,inferred
Darlington,2020-10-20,340,inferred
Darlington,2020-10-21,299,inferred
Darlington,2020-10-22,299,inferred
Darlington,2020-10-23,299,inferred
Darlington,2020-10-24,299,inferred
Darlington,2020-10-25,299,inferred
Darlington,2020-10-26,299,inferred
Darlington,2020-10-27,299,inferred
Darlington,2020-10-28,293,inferred
Darlington,2020-10-29,293,inferred
Darlington,2020-10-30,293,inferred
Darlington,2020-10-31,293,inferred
Darlington,2020-11-01,293,inferred
Darlington,2020-11-02,293,inferred
Darlington,2020-11-03,293,inferred
Darlington,2020-11-04,354,inferred
Darlington,2020-11-05,354,inferred
Darlington,2020-11-06,354,inferred
Darlington,2020-11-07,354,inferred
Darlington,2020-11-08,354,inferred
Darlington,2020-11-09,354,inferred
Darlington,2020-11-10,354,inferred
Darlington,2020-11-11,382,inferred
Darlington,2020-11-12,382,inferred
Darlington,2020-11-13,382,inferred
Darlington,2020-11-14,382,inferred
Darlington,2020-11-15,382,inferred
Darlington,2020-11-16,382,inferred
Darlington,2020-11-17,382,inferred
Darlington,2020-11-18,278,inferred
Darlington,2020-11-19,278,inferred
Darlington,2020-11-20,278,inferred
Darlington,2020-11-21,278,inferred
Darlington,2020-11-22,278,inferred
Darlington,2020-11-23,278,inferred
Darlington,2020-11-24,278,inferred
Darlington,2020-11-25,251,inferred
Darlington,2020-11-26,251,inferred
Darlington,2020-11-27,251,inferred
Darlington,2020-11-28,251,inferred
Darlington,2020-11-29,251,inferred
Darlington,2020-11-30,251,inferred
Darlington,2020-12-01,251,inferred
Darlington,2020-12-02,213,inferred
Darlington,2020-12-03,213,inferred
Darlington,2020-12-04,213,inferred
Darlington,2020-12-05,213,inferred
Darlington,2020-12-06,213,inferred
Darlington,2020-12-07,213,inferred
Darlington,2020-12-08,213,inferred
Darlington,2020-12-09,188,inferred
Darlington,2020-12-10,188,inferred
Darlington,2020-12-11,188,inferred
Darlington,2020-12-12,188,inferred
Darlington,2020-12-13,188,inferred
Darlington,2020-12-14,188,inferred
Darlington,2020-12-15,188,inferred
Darlington,2020-12-16,252,inferred
Darlington,2020-12-17,252,inferred
Darlington,2020-12-18,252,inferred
Darlington,2020-12-19,252,inferred
Darlington,2020-12-20,252,inferred
Darlington,2020-12-21,252,inferred
Darlington,2020-12-22,252,inferred
Darlington,2020-12-23,332,inferred
Darlington,2020-12-24,332,inferred
Darlington,2020-12-25,332,inferred
Darlington,2020-12-26,332,inferred
Darlington,2020-12-27,332,inferred
Darlington,2020-12-28,332,inferred
Darlington,2020-12-29,332,inferred
Darlington,2020-12-30,489,inferred
Darlington,2020-12-31,489,inferred
Darlington,2021-01-01,489,inferred
Darlington,2021-01-02,489,inferred
Darlington,2021-01-03,489,inferred
Darlington,2021-01-04,489,inferred
Darlington,2021-01-05,489,inferred
Darlington,2021-01-06,494,projected
Darlington,2021-01-07,494,projected
Darlington,2021-01-08,494,projected
Darlington,2021-01-09,494,projected
Darlington,2021-01-10,494,projected
Darlington,2021-01-11,494,projected
Darlington,2021-01-12,494,projected
Darlington,2021-01-13,478,projected
Darlington,2021-01-14,478,projected
Darlington,2021-01-15,478,projected
Darlington,2021-01-16,478,projected
Darlington,2021-01-17,478,projected
Darlington,2021-01-18,478,projected
Darlington,2021-01-19,478,projected
Darlington,2021-01-20,508,projected
Darlington,2021-01-21,508,projected
Darlington,2021-01-22,508,projected
Darlington,2021-01-23,508,projected
Darlington,2021-01-24,508,projected
Darlington,2021-01-25,508,projected
Darlington,2021-01-26,508,projected
Dartford,2020-09-23, 42,inferred
Dartford,2020-09-24, 42,inferred
Dartford,2020-09-25, 42,inferred
Dartford,2020-09-26, 42,inferred
Dartford,2020-09-27, 42,inferred
Dartford,2020-09-28, 42,inferred
Dartford,2020-09-29, 42,inferred
Dartford,2020-09-30, 46,inferred
Dartford,2020-10-01, 46,inferred
Dartford,2020-10-02, 46,inferred
Dartford,2020-10-03, 46,inferred
Dartford,2020-10-04, 46,inferred
Dartford,2020-10-05, 46,inferred
Dartford,2020-10-06, 46,inferred
Dartford,2020-10-07, 57,inferred
Dartford,2020-10-08, 57,inferred
Dartford,2020-10-09, 57,inferred
Dartford,2020-10-10, 57,inferred
Dartford,2020-10-11, 57,inferred
Dartford,2020-10-12, 57,inferred
Dartford,2020-10-13, 57,inferred
Dartford,2020-10-14, 86,inferred
Dartford,2020-10-15, 86,inferred
Dartford,2020-10-16, 86,inferred
Dartford,2020-10-17, 86,inferred
Dartford,2020-10-18, 86,inferred
Dartford,2020-10-19, 86,inferred
Dartford,2020-10-20, 86,inferred
Dartford,2020-10-21,139,inferred
Dartford,2020-10-22,139,inferred
Dartford,2020-10-23,139,inferred
Dartford,2020-10-24,139,inferred
Dartford,2020-10-25,139,inferred
Dartford,2020-10-26,139,inferred
Dartford,2020-10-27,139,inferred
Dartford,2020-10-28,186,inferred
Dartford,2020-10-29,186,inferred
Dartford,2020-10-30,186,inferred
Dartford,2020-10-31,186,inferred
Dartford,2020-11-01,186,inferred
Dartford,2020-11-02,186,inferred
Dartford,2020-11-03,186,inferred
Dartford,2020-11-04,312,inferred
Dartford,2020-11-05,312,inferred
Dartford,2020-11-06,312,inferred
Dartford,2020-11-07,312,inferred
Dartford,2020-11-08,312,inferred
Dartford,2020-11-09,312,inferred
Dartford,2020-11-10,312,inferred
Dartford,2020-11-11,352,inferred
Dartford,2020-11-12,352,inferred
Dartford,2020-11-13,352,inferred
Dartford,2020-11-14,352,inferred
Dartford,2020-11-15,352,inferred
Dartford,2020-11-16,352,inferred
Dartford,2020-11-17,352,inferred
Dartford,2020-11-18,293,inferred
Dartford,2020-11-19,293,inferred
Dartford,2020-11-20,293,inferred
Dartford,2020-11-21,293,inferred
Dartford,2020-11-22,293,inferred
Dartford,2020-11-23,293,inferred
Dartford,2020-11-24,293,inferred
Dartford,2020-11-25,283,inferred
Dartford,2020-11-26,283,inferred
Dartford,2020-11-27,283,inferred
Dartford,2020-11-28,283,inferred
Dartford,2020-11-29,283,inferred
Dartford,2020-11-30,283,inferred
Dartford,2020-12-01,283,inferred
Dartford,2020-12-02,351,inferred
Dartford,2020-12-03,351,inferred
Dartford,2020-12-04,351,inferred
Dartford,2020-12-05,351,inferred
Dartford,2020-12-06,351,inferred
Dartford,2020-12-07,351,inferred
Dartford,2020-12-08,351,inferred
Dartford,2020-12-09,703,inferred
Dartford,2020-12-10,703,inferred
Dartford,2020-12-11,703,inferred
Dartford,2020-12-12,703,inferred
Dartford,2020-12-13,703,inferred
Dartford,2020-12-14,703,inferred
Dartford,2020-12-15,703,inferred
Dartford,2020-12-16,1092,inferred
Dartford,2020-12-17,1092,inferred
Dartford,2020-12-18,1092,inferred
Dartford,2020-12-19,1092,inferred
Dartford,2020-12-20,1092,inferred
Dartford,2020-12-21,1092,inferred
Dartford,2020-12-22,1092,inferred
Dartford,2020-12-23,1243,inferred
Dartford,2020-12-24,1243,inferred
Dartford,2020-12-25,1243,inferred
Dartford,2020-12-26,1243,inferred
Dartford,2020-12-27,1243,inferred
Dartford,2020-12-28,1243,inferred
Dartford,2020-12-29,1243,inferred
Dartford,2020-12-30,1367,inferred
Dartford,2020-12-31,1367,inferred
Dartford,2021-01-01,1367,inferred
Dartford,2021-01-02,1367,inferred
Dartford,2021-01-03,1367,inferred
Dartford,2021-01-04,1367,inferred
Dartford,2021-01-05,1367,inferred
Dartford,2021-01-06,1146,projected
Dartford,2021-01-07,1146,projected
Dartford,2021-01-08,1146,projected
Dartford,2021-01-09,1146,projected
Dartford,2021-01-10,1146,projected
Dartford,2021-01-11,1146,projected
Dartford,2021-01-12,1146,projected
Dartford,2021-01-13,953,projected
Dartford,2021-01-14,953,projected
Dartford,2021-01-15,953,projected
Dartford,2021-01-16,953,projected
Dartford,2021-01-17,953,projected
Dartford,2021-01-18,953,projected
Dartford,2021-01-19,953,projected
Dartford,2021-01-20,764,projected
Dartford,2021-01-21,764,projected
Dartford,2021-01-22,764,projected
Dartford,2021-01-23,764,projected
Dartford,2021-01-24,764,projected
Dartford,2021-01-25,764,projected
Dartford,2021-01-26,764,projected
Daventry,2020-09-23, 19,inferred
Daventry,2020-09-24, 19,inferred
Daventry,2020-09-25, 19,inferred
Daventry,2020-09-26, 19,inferred
Daventry,2020-09-27, 19,inferred
Daventry,2020-09-28, 19,inferred
Daventry,2020-09-29, 19,inferred
Daventry,2020-09-30, 54,inferred
Daventry,2020-10-01, 54,inferred
Daventry,2020-10-02, 54,inferred
Daventry,2020-10-03, 54,inferred
Daventry,2020-10-04, 54,inferred
Daventry,2020-10-05, 54,inferred
Daventry,2020-10-06, 54,inferred
Daventry,2020-10-07, 62,inferred
Daventry,2020-10-08, 62,inferred
Daventry,2020-10-09, 62,inferred
Daventry,2020-10-10, 62,inferred
Daventry,2020-10-11, 62,inferred
Daventry,2020-10-12, 62,inferred
Daventry,2020-10-13, 62,inferred
Daventry,2020-10-14, 75,inferred
Daventry,2020-10-15, 75,inferred
Daventry,2020-10-16, 75,inferred
Daventry,2020-10-17, 75,inferred
Daventry,2020-10-18, 75,inferred
Daventry,2020-10-19, 75,inferred
Daventry,2020-10-20, 75,inferred
Daventry,2020-10-21, 96,inferred
Daventry,2020-10-22, 96,inferred
Daventry,2020-10-23, 96,inferred
Daventry,2020-10-24, 96,inferred
Daventry,2020-10-25, 96,inferred
Daventry,2020-10-26, 96,inferred
Daventry,2020-10-27, 96,inferred
Daventry,2020-10-28,132,inferred
Daventry,2020-10-29,132,inferred
Daventry,2020-10-30,132,inferred
Daventry,2020-10-31,132,inferred
Daventry,2020-11-01,132,inferred
Daventry,2020-11-02,132,inferred
Daventry,2020-11-03,132,inferred
Daventry,2020-11-04,198,inferred
Daventry,2020-11-05,198,inferred
Daventry,2020-11-06,198,inferred
Daventry,2020-11-07,198,inferred
Daventry,2020-11-08,198,inferred
Daventry,2020-11-09,198,inferred
Daventry,2020-11-10,198,inferred
Daventry,2020-11-11,149,inferred
Daventry,2020-11-12,149,inferred
Daventry,2020-11-13,149,inferred
Daventry,2020-11-14,149,inferred
Daventry,2020-11-15,149,inferred
Daventry,2020-11-16,149,inferred
Daventry,2020-11-17,149,inferred
Daventry,2020-11-18,102,inferred
Daventry,2020-11-19,102,inferred
Daventry,2020-11-20,102,inferred
Daventry,2020-11-21,102,inferred
Daventry,2020-11-22,102,inferred
Daventry,2020-11-23,102,inferred
Daventry,2020-11-24,102,inferred
Daventry,2020-11-25, 95,inferred
Daventry,2020-11-26, 95,inferred
Daventry,2020-11-27, 95,inferred
Daventry,2020-11-28, 95,inferred
Daventry,2020-11-29, 95,inferred
Daventry,2020-11-30, 95,inferred
Daventry,2020-12-01, 95,inferred
Daventry,2020-12-02, 79,inferred
Daventry,2020-12-03, 79,inferred
Daventry,2020-12-04, 79,inferred
Daventry,2020-12-05, 79,inferred
Daventry,2020-12-06, 79,inferred
Daventry,2020-12-07, 79,inferred
Daventry,2020-12-08, 79,inferred
Daventry,2020-12-09,110,inferred
Daventry,2020-12-10,110,inferred
Daventry,2020-12-11,110,inferred
Daventry,2020-12-12,110,inferred
Daventry,2020-12-13,110,inferred
Daventry,2020-12-14,110,inferred
Daventry,2020-12-15,110,inferred
Daventry,2020-12-16,222,inferred
Daventry,2020-12-17,222,inferred
Daventry,2020-12-18,222,inferred
Daventry,2020-12-19,222,inferred
Daventry,2020-12-20,222,inferred
Daventry,2020-12-21,222,inferred
Daventry,2020-12-22,222,inferred
Daventry,2020-12-23,341,inferred
Daventry,2020-12-24,341,inferred
Daventry,2020-12-25,341,inferred
Daventry,2020-12-26,341,inferred
Daventry,2020-12-27,341,inferred
Daventry,2020-12-28,341,inferred
Daventry,2020-12-29,341,inferred
Daventry,2020-12-30,514,inferred
Daventry,2020-12-31,514,inferred
Daventry,2021-01-01,514,inferred
Daventry,2021-01-02,514,inferred
Daventry,2021-01-03,514,inferred
Daventry,2021-01-04,514,inferred
Daventry,2021-01-05,514,inferred
Daventry,2021-01-06,563,projected
Daventry,2021-01-07,563,projected
Daventry,2021-01-08,563,projected
Daventry,2021-01-09,563,projected
Daventry,2021-01-10,563,projected
Daventry,2021-01-11,563,projected
Daventry,2021-01-12,563,projected
Daventry,2021-01-13,570,projected
Daventry,2021-01-14,570,projected
Daventry,2021-01-15,570,projected
Daventry,2021-01-16,570,projected
Daventry,2021-01-17,570,projected
Daventry,2021-01-18,570,projected
Daventry,2021-01-19,570,projected
Daventry,2021-01-20,633,projected
Daventry,2021-01-21,633,projected
Daventry,2021-01-22,633,projected
Daventry,2021-01-23,633,projected
Daventry,2021-01-24,633,projected
Daventry,2021-01-25,633,projected
Daventry,2021-01-26,633,projected
Denbighshire,2020-09-23, 49,inferred
Denbighshire,2020-09-24, 49,inferred
Denbighshire,2020-09-25, 49,inferred
Denbighshire,2020-09-26, 49,inferred
Denbighshire,2020-09-27, 49,inferred
Denbighshire,2020-09-28, 49,inferred
Denbighshire,2020-09-29, 49,inferred
Denbighshire,2020-09-30,115,inferred
Denbighshire,2020-10-01,115,inferred
Denbighshire,2020-10-02,115,inferred
Denbighshire,2020-10-03,115,inferred
Denbighshire,2020-10-04,115,inferred
Denbighshire,2020-10-05,115,inferred
Denbighshire,2020-10-06,115,inferred
Denbighshire,2020-10-07,127,inferred
Denbighshire,2020-10-08,127,inferred
Denbighshire,2020-10-09,127,inferred
Denbighshire,2020-10-10,127,inferred
Denbighshire,2020-10-11,127,inferred
Denbighshire,2020-10-12,127,inferred
Denbighshire,2020-10-13,127,inferred
Denbighshire,2020-10-14,134,inferred
Denbighshire,2020-10-15,134,inferred
Denbighshire,2020-10-16,134,inferred
Denbighshire,2020-10-17,134,inferred
Denbighshire,2020-10-18,134,inferred
Denbighshire,2020-10-19,134,inferred
Denbighshire,2020-10-20,134,inferred
Denbighshire,2020-10-21, 78,inferred
Denbighshire,2020-10-22, 78,inferred
Denbighshire,2020-10-23, 78,inferred
Denbighshire,2020-10-24, 78,inferred
Denbighshire,2020-10-25, 78,inferred
Denbighshire,2020-10-26, 78,inferred
Denbighshire,2020-10-27, 78,inferred
Denbighshire,2020-10-28,123,inferred
Denbighshire,2020-10-29,123,inferred
Denbighshire,2020-10-30,123,inferred
Denbighshire,2020-10-31,123,inferred
Denbighshire,2020-11-01,123,inferred
Denbighshire,2020-11-02,123,inferred
Denbighshire,2020-11-03,123,inferred
Denbighshire,2020-11-04, 73,inferred
Denbighshire,2020-11-05, 73,inferred
Denbighshire,2020-11-06, 73,inferred
Denbighshire,2020-11-07, 73,inferred
Denbighshire,2020-11-08, 73,inferred
Denbighshire,2020-11-09, 73,inferred
Denbighshire,2020-11-10, 73,inferred
Denbighshire,2020-11-11, 88,inferred
Denbighshire,2020-11-12, 88,inferred
Denbighshire,2020-11-13, 88,inferred
Denbighshire,2020-11-14, 88,inferred
Denbighshire,2020-11-15, 88,inferred
Denbighshire,2020-11-16, 88,inferred
Denbighshire,2020-11-17, 88,inferred
Denbighshire,2020-11-18, 80,inferred
Denbighshire,2020-11-19, 80,inferred
Denbighshire,2020-11-20, 80,inferred
Denbighshire,2020-11-21, 80,inferred
Denbighshire,2020-11-22, 80,inferred
Denbighshire,2020-11-23, 80,inferred
Denbighshire,2020-11-24, 80,inferred
Denbighshire,2020-11-25, 75,inferred
Denbighshire,2020-11-26, 75,inferred
Denbighshire,2020-11-27, 75,inferred
Denbighshire,2020-11-28, 75,inferred
Denbighshire,2020-11-29, 75,inferred
Denbighshire,2020-11-30, 75,inferred
Denbighshire,2020-12-01, 75,inferred
Denbighshire,2020-12-02,101,inferred
Denbighshire,2020-12-03,101,inferred
Denbighshire,2020-12-04,101,inferred
Denbighshire,2020-12-05,101,inferred
Denbighshire,2020-12-06,101,inferred
Denbighshire,2020-12-07,101,inferred
Denbighshire,2020-12-08,101,inferred
Denbighshire,2020-12-09,152,inferred
Denbighshire,2020-12-10,152,inferred
Denbighshire,2020-12-11,152,inferred
Denbighshire,2020-12-12,152,inferred
Denbighshire,2020-12-13,152,inferred
Denbighshire,2020-12-14,152,inferred
Denbighshire,2020-12-15,152,inferred
Denbighshire,2020-12-16,192,inferred
Denbighshire,2020-12-17,192,inferred
Denbighshire,2020-12-18,192,inferred
Denbighshire,2020-12-19,192,inferred
Denbighshire,2020-12-20,192,inferred
Denbighshire,2020-12-21,192,inferred
Denbighshire,2020-12-22,192,inferred
Denbighshire,2020-12-23,311,inferred
Denbighshire,2020-12-24,311,inferred
Denbighshire,2020-12-25,311,inferred
Denbighshire,2020-12-26,311,inferred
Denbighshire,2020-12-27,311,inferred
Denbighshire,2020-12-28,311,inferred
Denbighshire,2020-12-29,311,inferred
Denbighshire,2020-12-30,406,inferred
Denbighshire,2020-12-31,406,inferred
Denbighshire,2021-01-01,406,inferred
Denbighshire,2021-01-02,406,inferred
Denbighshire,2021-01-03,406,inferred
Denbighshire,2021-01-04,406,inferred
Denbighshire,2021-01-05,406,inferred
Denbighshire,2021-01-06,502,projected
Denbighshire,2021-01-07,502,projected
Denbighshire,2021-01-08,502,projected
Denbighshire,2021-01-09,502,projected
Denbighshire,2021-01-10,502,projected
Denbighshire,2021-01-11,502,projected
Denbighshire,2021-01-12,502,projected
Denbighshire,2021-01-13,589,projected
Denbighshire,2021-01-14,589,projected
Denbighshire,2021-01-15,589,projected
Denbighshire,2021-01-16,589,projected
Denbighshire,2021-01-17,589,projected
Denbighshire,2021-01-18,589,projected
Denbighshire,2021-01-19,589,projected
Denbighshire,2021-01-20,743,projected
Denbighshire,2021-01-21,743,projected
Denbighshire,2021-01-22,743,projected
Denbighshire,2021-01-23,743,projected
Denbighshire,2021-01-24,743,projected
Denbighshire,2021-01-25,743,projected
Denbighshire,2021-01-26,743,projected
Derby,2020-09-23,117,inferred
Derby,2020-09-24,117,inferred
Derby,2020-09-25,117,inferred
Derby,2020-09-26,117,inferred
Derby,2020-09-27,117,inferred
Derby,2020-09-28,117,inferred
Derby,2020-09-29,117,inferred
Derby,2020-09-30,213,inferred
Derby,2020-10-01,213,inferred
Derby,2020-10-02,213,inferred
Derby,2020-10-03,213,inferred
Derby,2020-10-04,213,inferred
Derby,2020-10-05,213,inferred
Derby,2020-10-06,213,inferred
Derby,2020-10-07,353,inferred
Derby,2020-10-08,353,inferred
Derby,2020-10-09,353,inferred
Derby,2020-10-10,353,inferred
Derby,2020-10-11,353,inferred
Derby,2020-10-12,353,inferred
Derby,2020-10-13,353,inferred
Derby,2020-10-14,571,inferred
Derby,2020-10-15,571,inferred
Derby,2020-10-16,571,inferred
Derby,2020-10-17,571,inferred
Derby,2020-10-18,571,inferred
Derby,2020-10-19,571,inferred
Derby,2020-10-20,571,inferred
Derby,2020-10-21,909,inferred
Derby,2020-10-22,909,inferred
Derby,2020-10-23,909,inferred
Derby,2020-10-24,909,inferred
Derby,2020-10-25,909,inferred
Derby,2020-10-26,909,inferred
Derby,2020-10-27,909,inferred
Derby,2020-10-28,1130,inferred
Derby,2020-10-29,1130,inferred
Derby,2020-10-30,1130,inferred
Derby,2020-10-31,1130,inferred
Derby,2020-11-01,1130,inferred
Derby,2020-11-02,1130,inferred
Derby,2020-11-03,1130,inferred
Derby,2020-11-04,1157,inferred
Derby,2020-11-05,1157,inferred
Derby,2020-11-06,1157,inferred
Derby,2020-11-07,1157,inferred
Derby,2020-11-08,1157,inferred
Derby,2020-11-09,1157,inferred
Derby,2020-11-10,1157,inferred
Derby,2020-11-11,903,inferred
Derby,2020-11-12,903,inferred
Derby,2020-11-13,903,inferred
Derby,2020-11-14,903,inferred
Derby,2020-11-15,903,inferred
Derby,2020-11-16,903,inferred
Derby,2020-11-17,903,inferred
Derby,2020-11-18,564,inferred
Derby,2020-11-19,564,inferred
Derby,2020-11-20,564,inferred
Derby,2020-11-21,564,inferred
Derby,2020-11-22,564,inferred
Derby,2020-11-23,564,inferred
Derby,2020-11-24,564,inferred
Derby,2020-11-25,379,inferred
Derby,2020-11-26,379,inferred
Derby,2020-11-27,379,inferred
Derby,2020-11-28,379,inferred
Derby,2020-11-29,379,inferred
Derby,2020-11-30,379,inferred
Derby,2020-12-01,379,inferred
Derby,2020-12-02,430,inferred
Derby,2020-12-03,430,inferred
Derby,2020-12-04,430,inferred
Derby,2020-12-05,430,inferred
Derby,2020-12-06,430,inferred
Derby,2020-12-07,430,inferred
Derby,2020-12-08,430,inferred
Derby,2020-12-09,584,inferred
Derby,2020-12-10,584,inferred
Derby,2020-12-11,584,inferred
Derby,2020-12-12,584,inferred
Derby,2020-12-13,584,inferred
Derby,2020-12-14,584,inferred
Derby,2020-12-15,584,inferred
Derby,2020-12-16,683,inferred
Derby,2020-12-17,683,inferred
Derby,2020-12-18,683,inferred
Derby,2020-12-19,683,inferred
Derby,2020-12-20,683,inferred
Derby,2020-12-21,683,inferred
Derby,2020-12-22,683,inferred
Derby,2020-12-23,973,inferred
Derby,2020-12-24,973,inferred
Derby,2020-12-25,973,inferred
Derby,2020-12-26,973,inferred
Derby,2020-12-27,973,inferred
Derby,2020-12-28,973,inferred
Derby,2020-12-29,973,inferred
Derby,2020-12-30,1633,inferred
Derby,2020-12-31,1633,inferred
Derby,2021-01-01,1633,inferred
Derby,2021-01-02,1633,inferred
Derby,2021-01-03,1633,inferred
Derby,2021-01-04,1633,inferred
Derby,2021-01-05,1633,inferred
Derby,2021-01-06,1690,projected
Derby,2021-01-07,1690,projected
Derby,2021-01-08,1690,projected
Derby,2021-01-09,1690,projected
Derby,2021-01-10,1690,projected
Derby,2021-01-11,1690,projected
Derby,2021-01-12,1690,projected
Derby,2021-01-13,1647,projected
Derby,2021-01-14,1647,projected
Derby,2021-01-15,1647,projected
Derby,2021-01-16,1647,projected
Derby,2021-01-17,1647,projected
Derby,2021-01-18,1647,projected
Derby,2021-01-19,1647,projected
Derby,2021-01-20,1581,projected
Derby,2021-01-21,1581,projected
Derby,2021-01-22,1581,projected
Derby,2021-01-23,1581,projected
Derby,2021-01-24,1581,projected
Derby,2021-01-25,1581,projected
Derby,2021-01-26,1581,projected
Derbyshire Dales,2020-09-23, 11,inferred
Derbyshire Dales,2020-09-24, 11,inferred
Derbyshire Dales,2020-09-25, 11,inferred
Derbyshire Dales,2020-09-26, 11,inferred
Derbyshire Dales,2020-09-27, 11,inferred
Derbyshire Dales,2020-09-28, 11,inferred
Derbyshire Dales,2020-09-29, 11,inferred
Derbyshire Dales,2020-09-30, 40,inferred
Derbyshire Dales,2020-10-01, 40,inferred
Derbyshire Dales,2020-10-02, 40,inferred
Derbyshire Dales,2020-10-03, 40,inferred
Derbyshire Dales,2020-10-04, 40,inferred
Derbyshire Dales,2020-10-05, 40,inferred
Derbyshire Dales,2020-10-06, 40,inferred
Derbyshire Dales,2020-10-07, 63,inferred
Derbyshire Dales,2020-10-08, 63,inferred
Derbyshire Dales,2020-10-09, 63,inferred
Derbyshire Dales,2020-10-10, 63,inferred
Derbyshire Dales,2020-10-11, 63,inferred
Derbyshire Dales,2020-10-12, 63,inferred
Derbyshire Dales,2020-10-13, 63,inferred
Derbyshire Dales,2020-10-14,109,inferred
Derbyshire Dales,2020-10-15,109,inferred
Derbyshire Dales,2020-10-16,109,inferred
Derbyshire Dales,2020-10-17,109,inferred
Derbyshire Dales,2020-10-18,109,inferred
Derbyshire Dales,2020-10-19,109,inferred
Derbyshire Dales,2020-10-20,109,inferred
Derbyshire Dales,2020-10-21,130,inferred
Derbyshire Dales,2020-10-22,130,inferred
Derbyshire Dales,2020-10-23,130,inferred
Derbyshire Dales,2020-10-24,130,inferred
Derbyshire Dales,2020-10-25,130,inferred
Derbyshire Dales,2020-10-26,130,inferred
Derbyshire Dales,2020-10-27,130,inferred
Derbyshire Dales,2020-10-28,123,inferred
Derbyshire Dales,2020-10-29,123,inferred
Derbyshire Dales,2020-10-30,123,inferred
Derbyshire Dales,2020-10-31,123,inferred
Derbyshire Dales,2020-11-01,123,inferred
Derbyshire Dales,2020-11-02,123,inferred
Derbyshire Dales,2020-11-03,123,inferred
Derbyshire Dales,2020-11-04,177,inferred
Derbyshire Dales,2020-11-05,177,inferred
Derbyshire Dales,2020-11-06,177,inferred
Derbyshire Dales,2020-11-07,177,inferred
Derbyshire Dales,2020-11-08,177,inferred
Derbyshire Dales,2020-11-09,177,inferred
Derbyshire Dales,2020-11-10,177,inferred
Derbyshire Dales,2020-11-11,132,inferred
Derbyshire Dales,2020-11-12,132,inferred
Derbyshire Dales,2020-11-13,132,inferred
Derbyshire Dales,2020-11-14,132,inferred
Derbyshire Dales,2020-11-15,132,inferred
Derbyshire Dales,2020-11-16,132,inferred
Derbyshire Dales,2020-11-17,132,inferred
Derbyshire Dales,2020-11-18, 99,inferred
Derbyshire Dales,2020-11-19, 99,inferred
Derbyshire Dales,2020-11-20, 99,inferred
Derbyshire Dales,2020-11-21, 99,inferred
Derbyshire Dales,2020-11-22, 99,inferred
Derbyshire Dales,2020-11-23, 99,inferred
Derbyshire Dales,2020-11-24, 99,inferred
Derbyshire Dales,2020-11-25, 66,inferred
Derbyshire Dales,2020-11-26, 66,inferred
Derbyshire Dales,2020-11-27, 66,inferred
Derbyshire Dales,2020-11-28, 66,inferred
Derbyshire Dales,2020-11-29, 66,inferred
Derbyshire Dales,2020-11-30, 66,inferred
Derbyshire Dales,2020-12-01, 66,inferred
Derbyshire Dales,2020-12-02, 55,inferred
Derbyshire Dales,2020-12-03, 55,inferred
Derbyshire Dales,2020-12-04, 55,inferred
Derbyshire Dales,2020-12-05, 55,inferred
Derbyshire Dales,2020-12-06, 55,inferred
Derbyshire Dales,2020-12-07, 55,inferred
Derbyshire Dales,2020-12-08, 55,inferred
Derbyshire Dales,2020-12-09, 53,inferred
Derbyshire Dales,2020-12-10, 53,inferred
Derbyshire Dales,2020-12-11, 53,inferred
Derbyshire Dales,2020-12-12, 53,inferred
Derbyshire Dales,2020-12-13, 53,inferred
Derbyshire Dales,2020-12-14, 53,inferred
Derbyshire Dales,2020-12-15, 53,inferred
Derbyshire Dales,2020-12-16,129,inferred
Derbyshire Dales,2020-12-17,129,inferred
Derbyshire Dales,2020-12-18,129,inferred
Derbyshire Dales,2020-12-19,129,inferred
Derbyshire Dales,2020-12-20,129,inferred
Derbyshire Dales,2020-12-21,129,inferred
Derbyshire Dales,2020-12-22,129,inferred
Derbyshire Dales,2020-12-23,113,inferred
Derbyshire Dales,2020-12-24,113,inferred
Derbyshire Dales,2020-12-25,113,inferred
Derbyshire Dales,2020-12-26,113,inferred
Derbyshire Dales,2020-12-27,113,inferred
Derbyshire Dales,2020-12-28,113,inferred
Derbyshire Dales,2020-12-29,113,inferred
Derbyshire Dales,2020-12-30,190,inferred
Derbyshire Dales,2020-12-31,190,inferred
Derbyshire Dales,2021-01-01,190,inferred
Derbyshire Dales,2021-01-02,190,inferred
Derbyshire Dales,2021-01-03,190,inferred
Derbyshire Dales,2021-01-04,190,inferred
Derbyshire Dales,2021-01-05,190,inferred
Derbyshire Dales,2021-01-06,190,projected
Derbyshire Dales,2021-01-07,190,projected
Derbyshire Dales,2021-01-08,190,projected
Derbyshire Dales,2021-01-09,190,projected
Derbyshire Dales,2021-01-10,190,projected
Derbyshire Dales,2021-01-11,190,projected
Derbyshire Dales,2021-01-12,190,projected
Derbyshire Dales,2021-01-13,193,projected
Derbyshire Dales,2021-01-14,193,projected
Derbyshire Dales,2021-01-15,193,projected
Derbyshire Dales,2021-01-16,193,projected
Derbyshire Dales,2021-01-17,193,projected
Derbyshire Dales,2021-01-18,193,projected
Derbyshire Dales,2021-01-19,193,projected
Derbyshire Dales,2021-01-20,199,projected
Derbyshire Dales,2021-01-21,199,projected
Derbyshire Dales,2021-01-22,199,projected
Derbyshire Dales,2021-01-23,199,projected
Derbyshire Dales,2021-01-24,199,projected
Derbyshire Dales,2021-01-25,199,projected
Derbyshire Dales,2021-01-26,199,projected
Doncaster,2020-09-23,234,inferred
Doncaster,2020-09-24,234,inferred
Doncaster,2020-09-25,234,inferred
Doncaster,2020-09-26,234,inferred
Doncaster,2020-09-27,234,inferred
Doncaster,2020-09-28,234,inferred
Doncaster,2020-09-29,234,inferred
Doncaster,2020-09-30,506,inferred
Doncaster,2020-10-01,506,inferred
Doncaster,2020-10-02,506,inferred
Doncaster,2020-10-03,506,inferred
Doncaster,2020-10-04,506,inferred
Doncaster,2020-10-05,506,inferred
Doncaster,2020-10-06,506,inferred
Doncaster,2020-10-07,765,inferred
Doncaster,2020-10-08,765,inferred
Doncaster,2020-10-09,765,inferred
Doncaster,2020-10-10,765,inferred
Doncaster,2020-10-11,765,inferred
Doncaster,2020-10-12,765,inferred
Doncaster,2020-10-13,765,inferred
Doncaster,2020-10-14,1371,inferred
Doncaster,2020-10-15,1371,inferred
Doncaster,2020-10-16,1371,inferred
Doncaster,2020-10-17,1371,inferred
Doncaster,2020-10-18,1371,inferred
Doncaster,2020-10-19,1371,inferred
Doncaster,2020-10-20,1371,inferred
Doncaster,2020-10-21,1784,inferred
Doncaster,2020-10-22,1784,inferred
Doncaster,2020-10-23,1784,inferred
Doncaster,2020-10-24,1784,inferred
Doncaster,2020-10-25,1784,inferred
Doncaster,2020-10-26,1784,inferred
Doncaster,2020-10-27,1784,inferred
Doncaster,2020-10-28,1615,inferred
Doncaster,2020-10-29,1615,inferred
Doncaster,2020-10-30,1615,inferred
Doncaster,2020-10-31,1615,inferred
Doncaster,2020-11-01,1615,inferred
Doncaster,2020-11-02,1615,inferred
Doncaster,2020-11-03,1615,inferred
Doncaster,2020-11-04,1203,inferred
Doncaster,2020-11-05,1203,inferred
Doncaster,2020-11-06,1203,inferred
Doncaster,2020-11-07,1203,inferred
Doncaster,2020-11-08,1203,inferred
Doncaster,2020-11-09,1203,inferred
Doncaster,2020-11-10,1203,inferred
Doncaster,2020-11-11,960,inferred
Doncaster,2020-11-12,960,inferred
Doncaster,2020-11-13,960,inferred
Doncaster,2020-11-14,960,inferred
Doncaster,2020-11-15,960,inferred
Doncaster,2020-11-16,960,inferred
Doncaster,2020-11-17,960,inferred
Doncaster,2020-11-18,691,inferred
Doncaster,2020-11-19,691,inferred
Doncaster,2020-11-20,691,inferred
Doncaster,2020-11-21,691,inferred
Doncaster,2020-11-22,691,inferred
Doncaster,2020-11-23,691,inferred
Doncaster,2020-11-24,691,inferred
Doncaster,2020-11-25,636,inferred
Doncaster,2020-11-26,636,inferred
Doncaster,2020-11-27,636,inferred
Doncaster,2020-11-28,636,inferred
Doncaster,2020-11-29,636,inferred
Doncaster,2020-11-30,636,inferred
Doncaster,2020-12-01,636,inferred
Doncaster,2020-12-02,587,inferred
Doncaster,2020-12-03,587,inferred
Doncaster,2020-12-04,587,inferred
Doncaster,2020-12-05,587,inferred
Doncaster,2020-12-06,587,inferred
Doncaster,2020-12-07,587,inferred
Doncaster,2020-12-08,587,inferred
Doncaster,2020-12-09,694,inferred
Doncaster,2020-12-10,694,inferred
Doncaster,2020-12-11,694,inferred
Doncaster,2020-12-12,694,inferred
Doncaster,2020-12-13,694,inferred
Doncaster,2020-12-14,694,inferred
Doncaster,2020-12-15,694,inferred
Doncaster,2020-12-16,681,inferred
Doncaster,2020-12-17,681,inferred
Doncaster,2020-12-18,681,inferred
Doncaster,2020-12-19,681,inferred
Doncaster,2020-12-20,681,inferred
Doncaster,2020-12-21,681,inferred
Doncaster,2020-12-22,681,inferred
Doncaster,2020-12-23,868,inferred
Doncaster,2020-12-24,868,inferred
Doncaster,2020-12-25,868,inferred
Doncaster,2020-12-26,868,inferred
Doncaster,2020-12-27,868,inferred
Doncaster,2020-12-28,868,inferred
Doncaster,2020-12-29,868,inferred
Doncaster,2020-12-30,1033,inferred
Doncaster,2020-12-31,1033,inferred
Doncaster,2021-01-01,1033,inferred
Doncaster,2021-01-02,1033,inferred
Doncaster,2021-01-03,1033,inferred
Doncaster,2021-01-04,1033,inferred
Doncaster,2021-01-05,1033,inferred
Doncaster,2021-01-06,1064,projected
Doncaster,2021-01-07,1064,projected
Doncaster,2021-01-08,1064,projected
Doncaster,2021-01-09,1064,projected
Doncaster,2021-01-10,1064,projected
Doncaster,2021-01-11,1064,projected
Doncaster,2021-01-12,1064,projected
Doncaster,2021-01-13,1079,projected
Doncaster,2021-01-14,1079,projected
Doncaster,2021-01-15,1079,projected
Doncaster,2021-01-16,1079,projected
Doncaster,2021-01-17,1079,projected
Doncaster,2021-01-18,1079,projected
Doncaster,2021-01-19,1079,projected
Doncaster,2021-01-20,1124,projected
Doncaster,2021-01-21,1124,projected
Doncaster,2021-01-22,1124,projected
Doncaster,2021-01-23,1124,projected
Doncaster,2021-01-24,1124,projected
Doncaster,2021-01-25,1124,projected
Doncaster,2021-01-26,1124,projected
Dorset,2020-09-23, 40,inferred
Dorset,2020-09-24, 40,inferred
Dorset,2020-09-25, 40,inferred
Dorset,2020-09-26, 40,inferred
Dorset,2020-09-27, 40,inferred
Dorset,2020-09-28, 40,inferred
Dorset,2020-09-29, 40,inferred
Dorset,2020-09-30, 95,inferred
Dorset,2020-10-01, 95,inferred
Dorset,2020-10-02, 95,inferred
Dorset,2020-10-03, 95,inferred
Dorset,2020-10-04, 95,inferred
Dorset,2020-10-05, 95,inferred
Dorset,2020-10-06, 95,inferred
Dorset,2020-10-07,208,inferred
Dorset,2020-10-08,208,inferred
Dorset,2020-10-09,208,inferred
Dorset,2020-10-10,208,inferred
Dorset,2020-10-11,208,inferred
Dorset,2020-10-12,208,inferred
Dorset,2020-10-13,208,inferred
Dorset,2020-10-14,309,inferred
Dorset,2020-10-15,309,inferred
Dorset,2020-10-16,309,inferred
Dorset,2020-10-17,309,inferred
Dorset,2020-10-18,309,inferred
Dorset,2020-10-19,309,inferred
Dorset,2020-10-20,309,inferred
Dorset,2020-10-21,392,inferred
Dorset,2020-10-22,392,inferred
Dorset,2020-10-23,392,inferred
Dorset,2020-10-24,392,inferred
Dorset,2020-10-25,392,inferred
Dorset,2020-10-26,392,inferred
Dorset,2020-10-27,392,inferred
Dorset,2020-10-28,357,inferred
Dorset,2020-10-29,357,inferred
Dorset,2020-10-30,357,inferred
Dorset,2020-10-31,357,inferred
Dorset,2020-11-01,357,inferred
Dorset,2020-11-02,357,inferred
Dorset,2020-11-03,357,inferred
Dorset,2020-11-04,428,inferred
Dorset,2020-11-05,428,inferred
Dorset,2020-11-06,428,inferred
Dorset,2020-11-07,428,inferred
Dorset,2020-11-08,428,inferred
Dorset,2020-11-09,428,inferred
Dorset,2020-11-10,428,inferred
Dorset,2020-11-11,356,inferred
Dorset,2020-11-12,356,inferred
Dorset,2020-11-13,356,inferred
Dorset,2020-11-14,356,inferred
Dorset,2020-11-15,356,inferred
Dorset,2020-11-16,356,inferred
Dorset,2020-11-17,356,inferred
Dorset,2020-11-18,191,inferred
Dorset,2020-11-19,191,inferred
Dorset,2020-11-20,191,inferred
Dorset,2020-11-21,191,inferred
Dorset,2020-11-22,191,inferred
Dorset,2020-11-23,191,inferred
Dorset,2020-11-24,191,inferred
Dorset,2020-11-25,156,inferred
Dorset,2020-11-26,156,inferred
Dorset,2020-11-27,156,inferred
Dorset,2020-11-28,156,inferred
Dorset,2020-11-29,156,inferred
Dorset,2020-11-30,156,inferred
Dorset,2020-12-01,156,inferred
Dorset,2020-12-02,164,inferred
Dorset,2020-12-03,164,inferred
Dorset,2020-12-04,164,inferred
Dorset,2020-12-05,164,inferred
Dorset,2020-12-06,164,inferred
Dorset,2020-12-07,164,inferred
Dorset,2020-12-08,164,inferred
Dorset,2020-12-09,235,inferred
Dorset,2020-12-10,235,inferred
Dorset,2020-12-11,235,inferred
Dorset,2020-12-12,235,inferred
Dorset,2020-12-13,235,inferred
Dorset,2020-12-14,235,inferred
Dorset,2020-12-15,235,inferred
Dorset,2020-12-16,431,inferred
Dorset,2020-12-17,431,inferred
Dorset,2020-12-18,431,inferred
Dorset,2020-12-19,431,inferred
Dorset,2020-12-20,431,inferred
Dorset,2020-12-21,431,inferred
Dorset,2020-12-22,431,inferred
Dorset,2020-12-23,751,inferred
Dorset,2020-12-24,751,inferred
Dorset,2020-12-25,751,inferred
Dorset,2020-12-26,751,inferred
Dorset,2020-12-27,751,inferred
Dorset,2020-12-28,751,inferred
Dorset,2020-12-29,751,inferred
Dorset,2020-12-30,1344,inferred
Dorset,2020-12-31,1344,inferred
Dorset,2021-01-01,1344,inferred
Dorset,2021-01-02,1344,inferred
Dorset,2021-01-03,1344,inferred
Dorset,2021-01-04,1344,inferred
Dorset,2021-01-05,1344,inferred
Dorset,2021-01-06,1653,projected
Dorset,2021-01-07,1653,projected
Dorset,2021-01-08,1653,projected
Dorset,2021-01-09,1653,projected
Dorset,2021-01-10,1653,projected
Dorset,2021-01-11,1653,projected
Dorset,2021-01-12,1653,projected
Dorset,2021-01-13,2009,projected
Dorset,2021-01-14,2009,projected
Dorset,2021-01-15,2009,projected
Dorset,2021-01-16,2009,projected
Dorset,2021-01-17,2009,projected
Dorset,2021-01-18,2009,projected
Dorset,2021-01-19,2009,projected
Dorset,2021-01-20,2751,projected
Dorset,2021-01-21,2751,projected
Dorset,2021-01-22,2751,projected
Dorset,2021-01-23,2751,projected
Dorset,2021-01-24,2751,projected
Dorset,2021-01-25,2751,projected
Dorset,2021-01-26,2751,projected
Dover,2020-09-23, 10,inferred
Dover,2020-09-24, 10,inferred
Dover,2020-09-25, 10,inferred
Dover,2020-09-26, 10,inferred
Dover,2020-09-27, 10,inferred
Dover,2020-09-28, 10,inferred
Dover,2020-09-29, 10,inferred
Dover,2020-09-30, 40,inferred
Dover,2020-10-01, 40,inferred
Dover,2020-10-02, 40,inferred
Dover,2020-10-03, 40,inferred
Dover,2020-10-04, 40,inferred
Dover,2020-10-05, 40,inferred
Dover,2020-10-06, 40,inferred
Dover,2020-10-07, 41,inferred
Dover,2020-10-08, 41,inferred
Dover,2020-10-09, 41,inferred
Dover,2020-10-10, 41,inferred
Dover,2020-10-11, 41,inferred
Dover,2020-10-12, 41,inferred
Dover,2020-10-13, 41,inferred
Dover,2020-10-14, 67,inferred
Dover,2020-10-15, 67,inferred
Dover,2020-10-16, 67,inferred
Dover,2020-10-17, 67,inferred
Dover,2020-10-18, 67,inferred
Dover,2020-10-19, 67,inferred
Dover,2020-10-20, 67,inferred
Dover,2020-10-21, 79,inferred
Dover,2020-10-22, 79,inferred
Dover,2020-10-23, 79,inferred
Dover,2020-10-24, 79,inferred
Dover,2020-10-25, 79,inferred
Dover,2020-10-26, 79,inferred
Dover,2020-10-27, 79,inferred
Dover,2020-10-28,161,inferred
Dover,2020-10-29,161,inferred
Dover,2020-10-30,161,inferred
Dover,2020-10-31,161,inferred
Dover,2020-11-01,161,inferred
Dover,2020-11-02,161,inferred
Dover,2020-11-03,161,inferred
Dover,2020-11-04,198,inferred
Dover,2020-11-05,198,inferred
Dover,2020-11-06,198,inferred
Dover,2020-11-07,198,inferred
Dover,2020-11-08,198,inferred
Dover,2020-11-09,198,inferred
Dover,2020-11-10,198,inferred
Dover,2020-11-11,304,inferred
Dover,2020-11-12,304,inferred
Dover,2020-11-13,304,inferred
Dover,2020-11-14,304,inferred
Dover,2020-11-15,304,inferred
Dover,2020-11-16,304,inferred
Dover,2020-11-17,304,inferred
Dover,2020-11-18,368,inferred
Dover,2020-11-19,368,inferred
Dover,2020-11-20,368,inferred
Dover,2020-11-21,368,inferred
Dover,2020-11-22,368,inferred
Dover,2020-11-23,368,inferred
Dover,2020-11-24,368,inferred
Dover,2020-11-25,384,inferred
Dover,2020-11-26,384,inferred
Dover,2020-11-27,384,inferred
Dover,2020-11-28,384,inferred
Dover,2020-11-29,384,inferred
Dover,2020-11-30,384,inferred
Dover,2020-12-01,384,inferred
Dover,2020-12-02,567,inferred
Dover,2020-12-03,567,inferred
Dover,2020-12-04,567,inferred
Dover,2020-12-05,567,inferred
Dover,2020-12-06,567,inferred
Dover,2020-12-07,567,inferred
Dover,2020-12-08,567,inferred
Dover,2020-12-09,828,inferred
Dover,2020-12-10,828,inferred
Dover,2020-12-11,828,inferred
Dover,2020-12-12,828,inferred
Dover,2020-12-13,828,inferred
Dover,2020-12-14,828,inferred
Dover,2020-12-15,828,inferred
Dover,2020-12-16,831,inferred
Dover,2020-12-17,831,inferred
Dover,2020-12-18,831,inferred
Dover,2020-12-19,831,inferred
Dover,2020-12-20,831,inferred
Dover,2020-12-21,831,inferred
Dover,2020-12-22,831,inferred
Dover,2020-12-23,587,inferred
Dover,2020-12-24,587,inferred
Dover,2020-12-25,587,inferred
Dover,2020-12-26,587,inferred
Dover,2020-12-27,587,inferred
Dover,2020-12-28,587,inferred
Dover,2020-12-29,587,inferred
Dover,2020-12-30,738,inferred
Dover,2020-12-31,738,inferred
Dover,2021-01-01,738,inferred
Dover,2021-01-02,738,inferred
Dover,2021-01-03,738,inferred
Dover,2021-01-04,738,inferred
Dover,2021-01-05,738,inferred
Dover,2021-01-06,680,projected
Dover,2021-01-07,680,projected
Dover,2021-01-08,680,projected
Dover,2021-01-09,680,projected
Dover,2021-01-10,680,projected
Dover,2021-01-11,680,projected
Dover,2021-01-12,680,projected
Dover,2021-01-13,660,projected
Dover,2021-01-14,660,projected
Dover,2021-01-15,660,projected
Dover,2021-01-16,660,projected
Dover,2021-01-17,660,projected
Dover,2021-01-18,660,projected
Dover,2021-01-19,660,projected
Dover,2021-01-20,687,projected
Dover,2021-01-21,687,projected
Dover,2021-01-22,687,projected
Dover,2021-01-23,687,projected
Dover,2021-01-24,687,projected
Dover,2021-01-25,687,projected
Dover,2021-01-26,687,projected
Dudley,2020-09-23,197,inferred
Dudley,2020-09-24,197,inferred
Dudley,2020-09-25,197,inferred
Dudley,2020-09-26,197,inferred
Dudley,2020-09-27,197,inferred
Dudley,2020-09-28,197,inferred
Dudley,2020-09-29,197,inferred
Dudley,2020-09-30,250,inferred
Dudley,2020-10-01,250,inferred
Dudley,2020-10-02,250,inferred
Dudley,2020-10-03,250,inferred
Dudley,2020-10-04,250,inferred
Dudley,2020-10-05,250,inferred
Dudley,2020-10-06,250,inferred
Dudley,2020-10-07,357,inferred
Dudley,2020-10-08,357,inferred
Dudley,2020-10-09,357,inferred
Dudley,2020-10-10,357,inferred
Dudley,2020-10-11,357,inferred
Dudley,2020-10-12,357,inferred
Dudley,2020-10-13,357,inferred
Dudley,2020-10-14,586,inferred
Dudley,2020-10-15,586,inferred
Dudley,2020-10-16,586,inferred
Dudley,2020-10-17,586,inferred
Dudley,2020-10-18,586,inferred
Dudley,2020-10-19,586,inferred
Dudley,2020-10-20,586,inferred
Dudley,2020-10-21,906,inferred
Dudley,2020-10-22,906,inferred
Dudley,2020-10-23,906,inferred
Dudley,2020-10-24,906,inferred
Dudley,2020-10-25,906,inferred
Dudley,2020-10-26,906,inferred
Dudley,2020-10-27,906,inferred
Dudley,2020-10-28,1367,inferred
Dudley,2020-10-29,1367,inferred
Dudley,2020-10-30,1367,inferred
Dudley,2020-10-31,1367,inferred
Dudley,2020-11-01,1367,inferred
Dudley,2020-11-02,1367,inferred
Dudley,2020-11-03,1367,inferred
Dudley,2020-11-04,1675,inferred
Dudley,2020-11-05,1675,inferred
Dudley,2020-11-06,1675,inferred
Dudley,2020-11-07,1675,inferred
Dudley,2020-11-08,1675,inferred
Dudley,2020-11-09,1675,inferred
Dudley,2020-11-10,1675,inferred
Dudley,2020-11-11,1695,inferred
Dudley,2020-11-12,1695,inferred
Dudley,2020-11-13,1695,inferred
Dudley,2020-11-14,1695,inferred
Dudley,2020-11-15,1695,inferred
Dudley,2020-11-16,1695,inferred
Dudley,2020-11-17,1695,inferred
Dudley,2020-11-18,1160,inferred
Dudley,2020-11-19,1160,inferred
Dudley,2020-11-20,1160,inferred
Dudley,2020-11-21,1160,inferred
Dudley,2020-11-22,1160,inferred
Dudley,2020-11-23,1160,inferred
Dudley,2020-11-24,1160,inferred
Dudley,2020-11-25,804,inferred
Dudley,2020-11-26,804,inferred
Dudley,2020-11-27,804,inferred
Dudley,2020-11-28,804,inferred
Dudley,2020-11-29,804,inferred
Dudley,2020-11-30,804,inferred
Dudley,2020-12-01,804,inferred
Dudley,2020-12-02,623,inferred
Dudley,2020-12-03,623,inferred
Dudley,2020-12-04,623,inferred
Dudley,2020-12-05,623,inferred
Dudley,2020-12-06,623,inferred
Dudley,2020-12-07,623,inferred
Dudley,2020-12-08,623,inferred
Dudley,2020-12-09,719,inferred
Dudley,2020-12-10,719,inferred
Dudley,2020-12-11,719,inferred
Dudley,2020-12-12,719,inferred
Dudley,2020-12-13,719,inferred
Dudley,2020-12-14,719,inferred
Dudley,2020-12-15,719,inferred
Dudley,2020-12-16,933,inferred
Dudley,2020-12-17,933,inferred
Dudley,2020-12-18,933,inferred
Dudley,2020-12-19,933,inferred
Dudley,2020-12-20,933,inferred
Dudley,2020-12-21,933,inferred
Dudley,2020-12-22,933,inferred
Dudley,2020-12-23,1257,inferred
Dudley,2020-12-24,1257,inferred
Dudley,2020-12-25,1257,inferred
Dudley,2020-12-26,1257,inferred
Dudley,2020-12-27,1257,inferred
Dudley,2020-12-28,1257,inferred
Dudley,2020-12-29,1257,inferred
Dudley,2020-12-30,2387,inferred
Dudley,2020-12-31,2387,inferred
Dudley,2021-01-01,2387,inferred
Dudley,2021-01-02,2387,inferred
Dudley,2021-01-03,2387,inferred
Dudley,2021-01-04,2387,inferred
Dudley,2021-01-05,2387,inferred
Dudley,2021-01-06,2226,projected
Dudley,2021-01-07,2226,projected
Dudley,2021-01-08,2226,projected
Dudley,2021-01-09,2226,projected
Dudley,2021-01-10,2226,projected
Dudley,2021-01-11,2226,projected
Dudley,2021-01-12,2226,projected
Dudley,2021-01-13,2050,projected
Dudley,2021-01-14,2050,projected
Dudley,2021-01-15,2050,projected
Dudley,2021-01-16,2050,projected
Dudley,2021-01-17,2050,projected
Dudley,2021-01-18,2050,projected
Dudley,2021-01-19,2050,projected
Dudley,2021-01-20,2002,projected
Dudley,2021-01-21,2002,projected
Dudley,2021-01-22,2002,projected
Dudley,2021-01-23,2002,projected
Dudley,2021-01-24,2002,projected
Dudley,2021-01-25,2002,projected
Dudley,2021-01-26,2002,projected
Dumfries and Galloway,2020-09-23, 43,inferred
Dumfries and Galloway,2020-09-24, 43,inferred
Dumfries and Galloway,2020-09-25, 43,inferred
Dumfries and Galloway,2020-09-26, 43,inferred
Dumfries and Galloway,2020-09-27, 43,inferred
Dumfries and Galloway,2020-09-28, 43,inferred
Dumfries and Galloway,2020-09-29, 43,inferred
Dumfries and Galloway,2020-09-30, 50,inferred
Dumfries and Galloway,2020-10-01, 50,inferred
Dumfries and Galloway,2020-10-02, 50,inferred
Dumfries and Galloway,2020-10-03, 50,inferred
Dumfries and Galloway,2020-10-04, 50,inferred
Dumfries and Galloway,2020-10-05, 50,inferred
Dumfries and Galloway,2020-10-06, 50,inferred
Dumfries and Galloway,2020-10-07,131,inferred
Dumfries and Galloway,2020-10-08,131,inferred
Dumfries and Galloway,2020-10-09,131,inferred
Dumfries and Galloway,2020-10-10,131,inferred
Dumfries and Galloway,2020-10-11,131,inferred
Dumfries and Galloway,2020-10-12,131,inferred
Dumfries and Galloway,2020-10-13,131,inferred
Dumfries and Galloway,2020-10-14,118,inferred
Dumfries and Galloway,2020-10-15,118,inferred
Dumfries and Galloway,2020-10-16,118,inferred
Dumfries and Galloway,2020-10-17,118,inferred
Dumfries and Galloway,2020-10-18,118,inferred
Dumfries and Galloway,2020-10-19,118,inferred
Dumfries and Galloway,2020-10-20,118,inferred
Dumfries and Galloway,2020-10-21,120,inferred
Dumfries and Galloway,2020-10-22,120,inferred
Dumfries and Galloway,2020-10-23,120,inferred
Dumfries and Galloway,2020-10-24,120,inferred
Dumfries and Galloway,2020-10-25,120,inferred
Dumfries and Galloway,2020-10-26,120,inferred
Dumfries and Galloway,2020-10-27,120,inferred
Dumfries and Galloway,2020-10-28, 88,inferred
Dumfries and Galloway,2020-10-29, 88,inferred
Dumfries and Galloway,2020-10-30, 88,inferred
Dumfries and Galloway,2020-10-31, 88,inferred
Dumfries and Galloway,2020-11-01, 88,inferred
Dumfries and Galloway,2020-11-02, 88,inferred
Dumfries and Galloway,2020-11-03, 88,inferred
Dumfries and Galloway,2020-11-04, 97,inferred
Dumfries and Galloway,2020-11-05, 97,inferred
Dumfries and Galloway,2020-11-06, 97,inferred
Dumfries and Galloway,2020-11-07, 97,inferred
Dumfries and Galloway,2020-11-08, 97,inferred
Dumfries and Galloway,2020-11-09, 97,inferred
Dumfries and Galloway,2020-11-10, 97,inferred
Dumfries and Galloway,2020-11-11, 71,inferred
Dumfries and Galloway,2020-11-12, 71,inferred
Dumfries and Galloway,2020-11-13, 71,inferred
Dumfries and Galloway,2020-11-14, 71,inferred
Dumfries and Galloway,2020-11-15, 71,inferred
Dumfries and Galloway,2020-11-16, 71,inferred
Dumfries and Galloway,2020-11-17, 71,inferred
Dumfries and Galloway,2020-11-18, 41,inferred
Dumfries and Galloway,2020-11-19, 41,inferred
Dumfries and Galloway,2020-11-20, 41,inferred
Dumfries and Galloway,2020-11-21, 41,inferred
Dumfries and Galloway,2020-11-22, 41,inferred
Dumfries and Galloway,2020-11-23, 41,inferred
Dumfries and Galloway,2020-11-24, 41,inferred
Dumfries and Galloway,2020-11-25, 32,inferred
Dumfries and Galloway,2020-11-26, 32,inferred
Dumfries and Galloway,2020-11-27, 32,inferred
Dumfries and Galloway,2020-11-28, 32,inferred
Dumfries and Galloway,2020-11-29, 32,inferred
Dumfries and Galloway,2020-11-30, 32,inferred
Dumfries and Galloway,2020-12-01, 32,inferred
Dumfries and Galloway,2020-12-02, 38,inferred
Dumfries and Galloway,2020-12-03, 38,inferred
Dumfries and Galloway,2020-12-04, 38,inferred
Dumfries and Galloway,2020-12-05, 38,inferred
Dumfries and Galloway,2020-12-06, 38,inferred
Dumfries and Galloway,2020-12-07, 38,inferred
Dumfries and Galloway,2020-12-08, 38,inferred
Dumfries and Galloway,2020-12-09, 33,inferred
Dumfries and Galloway,2020-12-10, 33,inferred
Dumfries and Galloway,2020-12-11, 33,inferred
Dumfries and Galloway,2020-12-12, 33,inferred
Dumfries and Galloway,2020-12-13, 33,inferred
Dumfries and Galloway,2020-12-14, 33,inferred
Dumfries and Galloway,2020-12-15, 33,inferred
Dumfries and Galloway,2020-12-16, 80,inferred
Dumfries and Galloway,2020-12-17, 80,inferred
Dumfries and Galloway,2020-12-18, 80,inferred
Dumfries and Galloway,2020-12-19, 80,inferred
Dumfries and Galloway,2020-12-20, 80,inferred
Dumfries and Galloway,2020-12-21, 80,inferred
Dumfries and Galloway,2020-12-22, 80,inferred
Dumfries and Galloway,2020-12-23,201,inferred
Dumfries and Galloway,2020-12-24,201,inferred
Dumfries and Galloway,2020-12-25,201,inferred
Dumfries and Galloway,2020-12-26,201,inferred
Dumfries and Galloway,2020-12-27,201,inferred
Dumfries and Galloway,2020-12-28,201,inferred
Dumfries and Galloway,2020-12-29,201,inferred
Dumfries and Galloway,2020-12-30,838,inferred
Dumfries and Galloway,2020-12-31,838,inferred
Dumfries and Galloway,2021-01-01,838,inferred
Dumfries and Galloway,2021-01-02,838,inferred
Dumfries and Galloway,2021-01-03,838,inferred
Dumfries and Galloway,2021-01-04,838,inferred
Dumfries and Galloway,2021-01-05,838,inferred
Dumfries and Galloway,2021-01-06,1680,projected
Dumfries and Galloway,2021-01-07,1680,projected
Dumfries and Galloway,2021-01-08,1680,projected
Dumfries and Galloway,2021-01-09,1680,projected
Dumfries and Galloway,2021-01-10,1680,projected
Dumfries and Galloway,2021-01-11,1680,projected
Dumfries and Galloway,2021-01-12,1680,projected
Dumfries and Galloway,2021-01-13,3289,projected
Dumfries and Galloway,2021-01-14,3289,projected
Dumfries and Galloway,2021-01-15,3289,projected
Dumfries and Galloway,2021-01-16,3289,projected
Dumfries and Galloway,2021-01-17,3289,projected
Dumfries and Galloway,2021-01-18,3289,projected
Dumfries and Galloway,2021-01-19,3289,projected
Dumfries and Galloway,2021-01-20,5563,projected
Dumfries and Galloway,2021-01-21,5563,projected
Dumfries and Galloway,2021-01-22,5563,projected
Dumfries and Galloway,2021-01-23,5563,projected
Dumfries and Galloway,2021-01-24,5563,projected
Dumfries and Galloway,2021-01-25,5563,projected
Dumfries and Galloway,2021-01-26,5563,projected
Dundee City,2020-09-23,203,inferred
Dundee City,2020-09-24,203,inferred
Dundee City,2020-09-25,203,inferred
Dundee City,2020-09-26,203,inferred
Dundee City,2020-09-27,203,inferred
Dundee City,2020-09-28,203,inferred
Dundee City,2020-09-29,203,inferred
Dundee City,2020-09-30,191,inferred
Dundee City,2020-10-01,191,inferred
Dundee City,2020-10-02,191,inferred
Dundee City,2020-10-03,191,inferred
Dundee City,2020-10-04,191,inferred
Dundee City,2020-10-05,191,inferred
Dundee City,2020-10-06,191,inferred
Dundee City,2020-10-07,315,inferred
Dundee City,2020-10-08,315,inferred
Dundee City,2020-10-09,315,inferred
Dundee City,2020-10-10,315,inferred
Dundee City,2020-10-11,315,inferred
Dundee City,2020-10-12,315,inferred
Dundee City,2020-10-13,315,inferred
Dundee City,2020-10-14,350,inferred
Dundee City,2020-10-15,350,inferred
Dundee City,2020-10-16,350,inferred
Dundee City,2020-10-17,350,inferred
Dundee City,2020-10-18,350,inferred
Dundee City,2020-10-19,350,inferred
Dundee City,2020-10-20,350,inferred
Dundee City,2020-10-21,499,inferred
Dundee City,2020-10-22,499,inferred
Dundee City,2020-10-23,499,inferred
Dundee City,2020-10-24,499,inferred
Dundee City,2020-10-25,499,inferred
Dundee City,2020-10-26,499,inferred
Dundee City,2020-10-27,499,inferred
Dundee City,2020-10-28,396,inferred
Dundee City,2020-10-29,396,inferred
Dundee City,2020-10-30,396,inferred
Dundee City,2020-10-31,396,inferred
Dundee City,2020-11-01,396,inferred
Dundee City,2020-11-02,396,inferred
Dundee City,2020-11-03,396,inferred
Dundee City,2020-11-04,431,inferred
Dundee City,2020-11-05,431,inferred
Dundee City,2020-11-06,431,inferred
Dundee City,2020-11-07,431,inferred
Dundee City,2020-11-08,431,inferred
Dundee City,2020-11-09,431,inferred
Dundee City,2020-11-10,431,inferred
Dundee City,2020-11-11,480,inferred
Dundee City,2020-11-12,480,inferred
Dundee City,2020-11-13,480,inferred
Dundee City,2020-11-14,480,inferred
Dundee City,2020-11-15,480,inferred
Dundee City,2020-11-16,480,inferred
Dundee City,2020-11-17,480,inferred
Dundee City,2020-11-18,415,inferred
Dundee City,2020-11-19,415,inferred
Dundee City,2020-11-20,415,inferred
Dundee City,2020-11-21,415,inferred
Dundee City,2020-11-22,415,inferred
Dundee City,2020-11-23,415,inferred
Dundee City,2020-11-24,415,inferred
Dundee City,2020-11-25,355,inferred
Dundee City,2020-11-26,355,inferred
Dundee City,2020-11-27,355,inferred
Dundee City,2020-11-28,355,inferred
Dundee City,2020-11-29,355,inferred
Dundee City,2020-11-30,355,inferred
Dundee City,2020-12-01,355,inferred
Dundee City,2020-12-02,398,inferred
Dundee City,2020-12-03,398,inferred
Dundee City,2020-12-04,398,inferred
Dundee City,2020-12-05,398,inferred
Dundee City,2020-12-06,398,inferred
Dundee City,2020-12-07,398,inferred
Dundee City,2020-12-08,398,inferred
Dundee City,2020-12-09,448,inferred
Dundee City,2020-12-10,448,inferred
Dundee City,2020-12-11,448,inferred
Dundee City,2020-12-12,448,inferred
Dundee City,2020-12-13,448,inferred
Dundee City,2020-12-14,448,inferred
Dundee City,2020-12-15,448,inferred
Dundee City,2020-12-16,487,inferred
Dundee City,2020-12-17,487,inferred
Dundee City,2020-12-18,487,inferred
Dundee City,2020-12-19,487,inferred
Dundee City,2020-12-20,487,inferred
Dundee City,2020-12-21,487,inferred
Dundee City,2020-12-22,487,inferred
Dundee City,2020-12-23,686,inferred
Dundee City,2020-12-24,686,inferred
Dundee City,2020-12-25,686,inferred
Dundee City,2020-12-26,686,inferred
Dundee City,2020-12-27,686,inferred
Dundee City,2020-12-28,686,inferred
Dundee City,2020-12-29,686,inferred
Dundee City,2020-12-30,1250,inferred
Dundee City,2020-12-31,1250,inferred
Dundee City,2021-01-01,1250,inferred
Dundee City,2021-01-02,1250,inferred
Dundee City,2021-01-03,1250,inferred
Dundee City,2021-01-04,1250,inferred
Dundee City,2021-01-05,1250,inferred
Dundee City,2021-01-06,2031,projected
Dundee City,2021-01-07,2031,projected
Dundee City,2021-01-08,2031,projected
Dundee City,2021-01-09,2031,projected
Dundee City,2021-01-10,2031,projected
Dundee City,2021-01-11,2031,projected
Dundee City,2021-01-12,2031,projected
Dundee City,2021-01-13,3142,projected
Dundee City,2021-01-14,3142,projected
Dundee City,2021-01-15,3142,projected
Dundee City,2021-01-16,3142,projected
Dundee City,2021-01-17,3142,projected
Dundee City,2021-01-18,3142,projected
Dundee City,2021-01-19,3142,projected
Dundee City,2021-01-20,4913,projected
Dundee City,2021-01-21,4913,projected
Dundee City,2021-01-22,4913,projected
Dundee City,2021-01-23,4913,projected
Dundee City,2021-01-24,4913,projected
Dundee City,2021-01-25,4913,projected
Dundee City,2021-01-26,4913,projected
Ealing,2020-09-23,206,inferred
Ealing,2020-09-24,206,inferred
Ealing,2020-09-25,206,inferred
Ealing,2020-09-26,206,inferred
Ealing,2020-09-27,206,inferred
Ealing,2020-09-28,206,inferred
Ealing,2020-09-29,206,inferred
Ealing,2020-09-30,357,inferred
Ealing,2020-10-01,357,inferred
Ealing,2020-10-02,357,inferred
Ealing,2020-10-03,357,inferred
Ealing,2020-10-04,357,inferred
Ealing,2020-10-05,357,inferred
Ealing,2020-10-06,357,inferred
Ealing,2020-10-07,464,inferred
Ealing,2020-10-08,464,inferred
Ealing,2020-10-09,464,inferred
Ealing,2020-10-10,464,inferred
Ealing,2020-10-11,464,inferred
Ealing,2020-10-12,464,inferred
Ealing,2020-10-13,464,inferred
Ealing,2020-10-14,653,inferred
Ealing,2020-10-15,653,inferred
Ealing,2020-10-16,653,inferred
Ealing,2020-10-17,653,inferred
Ealing,2020-10-18,653,inferred
Ealing,2020-10-19,653,inferred
Ealing,2020-10-20,653,inferred
Ealing,2020-10-21,768,inferred
Ealing,2020-10-22,768,inferred
Ealing,2020-10-23,768,inferred
Ealing,2020-10-24,768,inferred
Ealing,2020-10-25,768,inferred
Ealing,2020-10-26,768,inferred
Ealing,2020-10-27,768,inferred
Ealing,2020-10-28,717,inferred
Ealing,2020-10-29,717,inferred
Ealing,2020-10-30,717,inferred
Ealing,2020-10-31,717,inferred
Ealing,2020-11-01,717,inferred
Ealing,2020-11-02,717,inferred
Ealing,2020-11-03,717,inferred
Ealing,2020-11-04,792,inferred
Ealing,2020-11-05,792,inferred
Ealing,2020-11-06,792,inferred
Ealing,2020-11-07,792,inferred
Ealing,2020-11-08,792,inferred
Ealing,2020-11-09,792,inferred
Ealing,2020-11-10,792,inferred
Ealing,2020-11-11,855,inferred
Ealing,2020-11-12,855,inferred
Ealing,2020-11-13,855,inferred
Ealing,2020-11-14,855,inferred
Ealing,2020-11-15,855,inferred
Ealing,2020-11-16,855,inferred
Ealing,2020-11-17,855,inferred
Ealing,2020-11-18,661,inferred
Ealing,2020-11-19,661,inferred
Ealing,2020-11-20,661,inferred
Ealing,2020-11-21,661,inferred
Ealing,2020-11-22,661,inferred
Ealing,2020-11-23,661,inferred
Ealing,2020-11-24,661,inferred
Ealing,2020-11-25,564,inferred
Ealing,2020-11-26,564,inferred
Ealing,2020-11-27,564,inferred
Ealing,2020-11-28,564,inferred
Ealing,2020-11-29,564,inferred
Ealing,2020-11-30,564,inferred
Ealing,2020-12-01,564,inferred
Ealing,2020-12-02,620,inferred
Ealing,2020-12-03,620,inferred
Ealing,2020-12-04,620,inferred
Ealing,2020-12-05,620,inferred
Ealing,2020-12-06,620,inferred
Ealing,2020-12-07,620,inferred
Ealing,2020-12-08,620,inferred
Ealing,2020-12-09,1147,inferred
Ealing,2020-12-10,1147,inferred
Ealing,2020-12-11,1147,inferred
Ealing,2020-12-12,1147,inferred
Ealing,2020-12-13,1147,inferred
Ealing,2020-12-14,1147,inferred
Ealing,2020-12-15,1147,inferred
Ealing,2020-12-16,2118,inferred
Ealing,2020-12-17,2118,inferred
Ealing,2020-12-18,2118,inferred
Ealing,2020-12-19,2118,inferred
Ealing,2020-12-20,2118,inferred
Ealing,2020-12-21,2118,inferred
Ealing,2020-12-22,2118,inferred
Ealing,2020-12-23,2683,inferred
Ealing,2020-12-24,2683,inferred
Ealing,2020-12-25,2683,inferred
Ealing,2020-12-26,2683,inferred
Ealing,2020-12-27,2683,inferred
Ealing,2020-12-28,2683,inferred
Ealing,2020-12-29,2683,inferred
Ealing,2020-12-30,3666,inferred
Ealing,2020-12-31,3666,inferred
Ealing,2021-01-01,3666,inferred
Ealing,2021-01-02,3666,inferred
Ealing,2021-01-03,3666,inferred
Ealing,2021-01-04,3666,inferred
Ealing,2021-01-05,3666,inferred
Ealing,2021-01-06,3164,projected
Ealing,2021-01-07,3164,projected
Ealing,2021-01-08,3164,projected
Ealing,2021-01-09,3164,projected
Ealing,2021-01-10,3164,projected
Ealing,2021-01-11,3164,projected
Ealing,2021-01-12,3164,projected
Ealing,2021-01-13,2832,projected
Ealing,2021-01-14,2832,projected
Ealing,2021-01-15,2832,projected
Ealing,2021-01-16,2832,projected
Ealing,2021-01-17,2832,projected
Ealing,2021-01-18,2832,projected
Ealing,2021-01-19,2832,projected
Ealing,2021-01-20,2524,projected
Ealing,2021-01-21,2524,projected
Ealing,2021-01-22,2524,projected
Ealing,2021-01-23,2524,projected
Ealing,2021-01-24,2524,projected
Ealing,2021-01-25,2524,projected
Ealing,2021-01-26,2524,projected
East Ayrshire,2020-09-23,142,inferred
East Ayrshire,2020-09-24,142,inferred
East Ayrshire,2020-09-25,142,inferred
East Ayrshire,2020-09-26,142,inferred
East Ayrshire,2020-09-27,142,inferred
East Ayrshire,2020-09-28,142,inferred
East Ayrshire,2020-09-29,142,inferred
East Ayrshire,2020-09-30,248,inferred
East Ayrshire,2020-10-01,248,inferred
East Ayrshire,2020-10-02,248,inferred
East Ayrshire,2020-10-03,248,inferred
East Ayrshire,2020-10-04,248,inferred
East Ayrshire,2020-10-05,248,inferred
East Ayrshire,2020-10-06,248,inferred
East Ayrshire,2020-10-07,546,inferred
East Ayrshire,2020-10-08,546,inferred
East Ayrshire,2020-10-09,546,inferred
East Ayrshire,2020-10-10,546,inferred
East Ayrshire,2020-10-11,546,inferred
East Ayrshire,2020-10-12,546,inferred
East Ayrshire,2020-10-13,546,inferred
East Ayrshire,2020-10-14,621,inferred
East Ayrshire,2020-10-15,621,inferred
East Ayrshire,2020-10-16,621,inferred
East Ayrshire,2020-10-17,621,inferred
East Ayrshire,2020-10-18,621,inferred
East Ayrshire,2020-10-19,621,inferred
East Ayrshire,2020-10-20,621,inferred
East Ayrshire,2020-10-21,872,inferred
East Ayrshire,2020-10-22,872,inferred
East Ayrshire,2020-10-23,872,inferred
East Ayrshire,2020-10-24,872,inferred
East Ayrshire,2020-10-25,872,inferred
East Ayrshire,2020-10-26,872,inferred
East Ayrshire,2020-10-27,872,inferred
East Ayrshire,2020-10-28,647,inferred
East Ayrshire,2020-10-29,647,inferred
East Ayrshire,2020-10-30,647,inferred
East Ayrshire,2020-10-31,647,inferred
East Ayrshire,2020-11-01,647,inferred
East Ayrshire,2020-11-02,647,inferred
East Ayrshire,2020-11-03,647,inferred
East Ayrshire,2020-11-04,625,inferred
East Ayrshire,2020-11-05,625,inferred
East Ayrshire,2020-11-06,625,inferred
East Ayrshire,2020-11-07,625,inferred
East Ayrshire,2020-11-08,625,inferred
East Ayrshire,2020-11-09,625,inferred
East Ayrshire,2020-11-10,625,inferred
East Ayrshire,2020-11-11,528,inferred
East Ayrshire,2020-11-12,528,inferred
East Ayrshire,2020-11-13,528,inferred
East Ayrshire,2020-11-14,528,inferred
East Ayrshire,2020-11-15,528,inferred
East Ayrshire,2020-11-16,528,inferred
East Ayrshire,2020-11-17,528,inferred
East Ayrshire,2020-11-18,488,inferred
East Ayrshire,2020-11-19,488,inferred
East Ayrshire,2020-11-20,488,inferred
East Ayrshire,2020-11-21,488,inferred
East Ayrshire,2020-11-22,488,inferred
East Ayrshire,2020-11-23,488,inferred
East Ayrshire,2020-11-24,488,inferred
East Ayrshire,2020-11-25,457,inferred
East Ayrshire,2020-11-26,457,inferred
East Ayrshire,2020-11-27,457,inferred
East Ayrshire,2020-11-28,457,inferred
East Ayrshire,2020-11-29,457,inferred
East Ayrshire,2020-11-30,457,inferred
East Ayrshire,2020-12-01,457,inferred
East Ayrshire,2020-12-02,502,inferred
East Ayrshire,2020-12-03,502,inferred
East Ayrshire,2020-12-04,502,inferred
East Ayrshire,2020-12-05,502,inferred
East Ayrshire,2020-12-06,502,inferred
East Ayrshire,2020-12-07,502,inferred
East Ayrshire,2020-12-08,502,inferred
East Ayrshire,2020-12-09,593,inferred
East Ayrshire,2020-12-10,593,inferred
East Ayrshire,2020-12-11,593,inferred
East Ayrshire,2020-12-12,593,inferred
East Ayrshire,2020-12-13,593,inferred
East Ayrshire,2020-12-14,593,inferred
East Ayrshire,2020-12-15,593,inferred
East Ayrshire,2020-12-16,571,inferred
East Ayrshire,2020-12-17,571,inferred
East Ayrshire,2020-12-18,571,inferred
East Ayrshire,2020-12-19,571,inferred
East Ayrshire,2020-12-20,571,inferred
East Ayrshire,2020-12-21,571,inferred
East Ayrshire,2020-12-22,571,inferred
East Ayrshire,2020-12-23,641,inferred
East Ayrshire,2020-12-24,641,inferred
East Ayrshire,2020-12-25,641,inferred
East Ayrshire,2020-12-26,641,inferred
East Ayrshire,2020-12-27,641,inferred
East Ayrshire,2020-12-28,641,inferred
East Ayrshire,2020-12-29,641,inferred
East Ayrshire,2020-12-30,1175,inferred
East Ayrshire,2020-12-31,1175,inferred
East Ayrshire,2021-01-01,1175,inferred
East Ayrshire,2021-01-02,1175,inferred
East Ayrshire,2021-01-03,1175,inferred
East Ayrshire,2021-01-04,1175,inferred
East Ayrshire,2021-01-05,1175,inferred
East Ayrshire,2021-01-06,1511,projected
East Ayrshire,2021-01-07,1511,projected
East Ayrshire,2021-01-08,1511,projected
East Ayrshire,2021-01-09,1511,projected
East Ayrshire,2021-01-10,1511,projected
East Ayrshire,2021-01-11,1511,projected
East Ayrshire,2021-01-12,1511,projected
East Ayrshire,2021-01-13,1995,projected
East Ayrshire,2021-01-14,1995,projected
East Ayrshire,2021-01-15,1995,projected
East Ayrshire,2021-01-16,1995,projected
East Ayrshire,2021-01-17,1995,projected
East Ayrshire,2021-01-18,1995,projected
East Ayrshire,2021-01-19,1995,projected
East Ayrshire,2021-01-20,2865,projected
East Ayrshire,2021-01-21,2865,projected
East Ayrshire,2021-01-22,2865,projected
East Ayrshire,2021-01-23,2865,projected
East Ayrshire,2021-01-24,2865,projected
East Ayrshire,2021-01-25,2865,projected
East Ayrshire,2021-01-26,2865,projected
East Cambridgeshire,2020-09-23,  8,inferred
East Cambridgeshire,2020-09-24,  8,inferred
East Cambridgeshire,2020-09-25,  8,inferred
East Cambridgeshire,2020-09-26,  8,inferred
East Cambridgeshire,2020-09-27,  8,inferred
East Cambridgeshire,2020-09-28,  8,inferred
East Cambridgeshire,2020-09-29,  8,inferred
East Cambridgeshire,2020-09-30, 27,inferred
East Cambridgeshire,2020-10-01, 27,inferred
East Cambridgeshire,2020-10-02, 27,inferred
East Cambridgeshire,2020-10-03, 27,inferred
East Cambridgeshire,2020-10-04, 27,inferred
East Cambridgeshire,2020-10-05, 27,inferred
East Cambridgeshire,2020-10-06, 27,inferred
East Cambridgeshire,2020-10-07, 49,inferred
East Cambridgeshire,2020-10-08, 49,inferred
East Cambridgeshire,2020-10-09, 49,inferred
East Cambridgeshire,2020-10-10, 49,inferred
East Cambridgeshire,2020-10-11, 49,inferred
East Cambridgeshire,2020-10-12, 49,inferred
East Cambridgeshire,2020-10-13, 49,inferred
East Cambridgeshire,2020-10-14, 30,inferred
East Cambridgeshire,2020-10-15, 30,inferred
East Cambridgeshire,2020-10-16, 30,inferred
East Cambridgeshire,2020-10-17, 30,inferred
East Cambridgeshire,2020-10-18, 30,inferred
East Cambridgeshire,2020-10-19, 30,inferred
East Cambridgeshire,2020-10-20, 30,inferred
East Cambridgeshire,2020-10-21, 32,inferred
East Cambridgeshire,2020-10-22, 32,inferred
East Cambridgeshire,2020-10-23, 32,inferred
East Cambridgeshire,2020-10-24, 32,inferred
East Cambridgeshire,2020-10-25, 32,inferred
East Cambridgeshire,2020-10-26, 32,inferred
East Cambridgeshire,2020-10-27, 32,inferred
East Cambridgeshire,2020-10-28, 48,inferred
East Cambridgeshire,2020-10-29, 48,inferred
East Cambridgeshire,2020-10-30, 48,inferred
East Cambridgeshire,2020-10-31, 48,inferred
East Cambridgeshire,2020-11-01, 48,inferred
East Cambridgeshire,2020-11-02, 48,inferred
East Cambridgeshire,2020-11-03, 48,inferred
East Cambridgeshire,2020-11-04, 65,inferred
East Cambridgeshire,2020-11-05, 65,inferred
East Cambridgeshire,2020-11-06, 65,inferred
East Cambridgeshire,2020-11-07, 65,inferred
East Cambridgeshire,2020-11-08, 65,inferred
East Cambridgeshire,2020-11-09, 65,inferred
East Cambridgeshire,2020-11-10, 65,inferred
East Cambridgeshire,2020-11-11, 61,inferred
East Cambridgeshire,2020-11-12, 61,inferred
East Cambridgeshire,2020-11-13, 61,inferred
East Cambridgeshire,2020-11-14, 61,inferred
East Cambridgeshire,2020-11-15, 61,inferred
East Cambridgeshire,2020-11-16, 61,inferred
East Cambridgeshire,2020-11-17, 61,inferred
East Cambridgeshire,2020-11-18, 72,inferred
East Cambridgeshire,2020-11-19, 72,inferred
East Cambridgeshire,2020-11-20, 72,inferred
East Cambridgeshire,2020-11-21, 72,inferred
East Cambridgeshire,2020-11-22, 72,inferred
East Cambridgeshire,2020-11-23, 72,inferred
East Cambridgeshire,2020-11-24, 72,inferred
East Cambridgeshire,2020-11-25, 50,inferred
East Cambridgeshire,2020-11-26, 50,inferred
East Cambridgeshire,2020-11-27, 50,inferred
East Cambridgeshire,2020-11-28, 50,inferred
East Cambridgeshire,2020-11-29, 50,inferred
East Cambridgeshire,2020-11-30, 50,inferred
East Cambridgeshire,2020-12-01, 50,inferred
East Cambridgeshire,2020-12-02, 84,inferred
East Cambridgeshire,2020-12-03, 84,inferred
East Cambridgeshire,2020-12-04, 84,inferred
East Cambridgeshire,2020-12-05, 84,inferred
East Cambridgeshire,2020-12-06, 84,inferred
East Cambridgeshire,2020-12-07, 84,inferred
East Cambridgeshire,2020-12-08, 84,inferred
East Cambridgeshire,2020-12-09,112,inferred
East Cambridgeshire,2020-12-10,112,inferred
East Cambridgeshire,2020-12-11,112,inferred
East Cambridgeshire,2020-12-12,112,inferred
East Cambridgeshire,2020-12-13,112,inferred
East Cambridgeshire,2020-12-14,112,inferred
East Cambridgeshire,2020-12-15,112,inferred
East Cambridgeshire,2020-12-16,186,inferred
East Cambridgeshire,2020-12-17,186,inferred
East Cambridgeshire,2020-12-18,186,inferred
East Cambridgeshire,2020-12-19,186,inferred
East Cambridgeshire,2020-12-20,186,inferred
East Cambridgeshire,2020-12-21,186,inferred
East Cambridgeshire,2020-12-22,186,inferred
East Cambridgeshire,2020-12-23,312,inferred
East Cambridgeshire,2020-12-24,312,inferred
East Cambridgeshire,2020-12-25,312,inferred
East Cambridgeshire,2020-12-26,312,inferred
East Cambridgeshire,2020-12-27,312,inferred
East Cambridgeshire,2020-12-28,312,inferred
East Cambridgeshire,2020-12-29,312,inferred
East Cambridgeshire,2020-12-30,423,inferred
East Cambridgeshire,2020-12-31,423,inferred
East Cambridgeshire,2021-01-01,423,inferred
East Cambridgeshire,2021-01-02,423,inferred
East Cambridgeshire,2021-01-03,423,inferred
East Cambridgeshire,2021-01-04,423,inferred
East Cambridgeshire,2021-01-05,423,inferred
East Cambridgeshire,2021-01-06,447,projected
East Cambridgeshire,2021-01-07,447,projected
East Cambridgeshire,2021-01-08,447,projected
East Cambridgeshire,2021-01-09,447,projected
East Cambridgeshire,2021-01-10,447,projected
East Cambridgeshire,2021-01-11,447,projected
East Cambridgeshire,2021-01-12,447,projected
East Cambridgeshire,2021-01-13,491,projected
East Cambridgeshire,2021-01-14,491,projected
East Cambridgeshire,2021-01-15,491,projected
East Cambridgeshire,2021-01-16,491,projected
East Cambridgeshire,2021-01-17,491,projected
East Cambridgeshire,2021-01-18,491,projected
East Cambridgeshire,2021-01-19,491,projected
East Cambridgeshire,2021-01-20,533,projected
East Cambridgeshire,2021-01-21,533,projected
East Cambridgeshire,2021-01-22,533,projected
East Cambridgeshire,2021-01-23,533,projected
East Cambridgeshire,2021-01-24,533,projected
East Cambridgeshire,2021-01-25,533,projected
East Cambridgeshire,2021-01-26,533,projected
East Devon,2020-09-23, 17,inferred
East Devon,2020-09-24, 17,inferred
East Devon,2020-09-25, 17,inferred
East Devon,2020-09-26, 17,inferred
East Devon,2020-09-27, 17,inferred
East Devon,2020-09-28, 17,inferred
East Devon,2020-09-29, 17,inferred
East Devon,2020-09-30, 61,inferred
East Devon,2020-10-01, 61,inferred
East Devon,2020-10-02, 61,inferred
East Devon,2020-10-03, 61,inferred
East Devon,2020-10-04, 61,inferred
East Devon,2020-10-05, 61,inferred
East Devon,2020-10-06, 61,inferred
East Devon,2020-10-07, 86,inferred
East Devon,2020-10-08, 86,inferred
East Devon,2020-10-09, 86,inferred
East Devon,2020-10-10, 86,inferred
East Devon,2020-10-11, 86,inferred
East Devon,2020-10-12, 86,inferred
East Devon,2020-10-13, 86,inferred
East Devon,2020-10-14,100,inferred
East Devon,2020-10-15,100,inferred
East Devon,2020-10-16,100,inferred
East Devon,2020-10-17,100,inferred
East Devon,2020-10-18,100,inferred
East Devon,2020-10-19,100,inferred
East Devon,2020-10-20,100,inferred
East Devon,2020-10-21,131,inferred
East Devon,2020-10-22,131,inferred
East Devon,2020-10-23,131,inferred
East Devon,2020-10-24,131,inferred
East Devon,2020-10-25,131,inferred
East Devon,2020-10-26,131,inferred
East Devon,2020-10-27,131,inferred
East Devon,2020-10-28,161,inferred
East Devon,2020-10-29,161,inferred
East Devon,2020-10-30,161,inferred
East Devon,2020-10-31,161,inferred
East Devon,2020-11-01,161,inferred
East Devon,2020-11-02,161,inferred
East Devon,2020-11-03,161,inferred
East Devon,2020-11-04,234,inferred
East Devon,2020-11-05,234,inferred
East Devon,2020-11-06,234,inferred
East Devon,2020-11-07,234,inferred
East Devon,2020-11-08,234,inferred
East Devon,2020-11-09,234,inferred
East Devon,2020-11-10,234,inferred
East Devon,2020-11-11,211,inferred
East Devon,2020-11-12,211,inferred
East Devon,2020-11-13,211,inferred
East Devon,2020-11-14,211,inferred
East Devon,2020-11-15,211,inferred
East Devon,2020-11-16,211,inferred
East Devon,2020-11-17,211,inferred
East Devon,2020-11-18,189,inferred
East Devon,2020-11-19,189,inferred
East Devon,2020-11-20,189,inferred
East Devon,2020-11-21,189,inferred
East Devon,2020-11-22,189,inferred
East Devon,2020-11-23,189,inferred
East Devon,2020-11-24,189,inferred
East Devon,2020-11-25,158,inferred
East Devon,2020-11-26,158,inferred
East Devon,2020-11-27,158,inferred
East Devon,2020-11-28,158,inferred
East Devon,2020-11-29,158,inferred
East Devon,2020-11-30,158,inferred
East Devon,2020-12-01,158,inferred
East Devon,2020-12-02,162,inferred
East Devon,2020-12-03,162,inferred
East Devon,2020-12-04,162,inferred
East Devon,2020-12-05,162,inferred
East Devon,2020-12-06,162,inferred
East Devon,2020-12-07,162,inferred
East Devon,2020-12-08,162,inferred
East Devon,2020-12-09,228,inferred
East Devon,2020-12-10,228,inferred
East Devon,2020-12-11,228,inferred
East Devon,2020-12-12,228,inferred
East Devon,2020-12-13,228,inferred
East Devon,2020-12-14,228,inferred
East Devon,2020-12-15,228,inferred
East Devon,2020-12-16,214,inferred
East Devon,2020-12-17,214,inferred
East Devon,2020-12-18,214,inferred
East Devon,2020-12-19,214,inferred
East Devon,2020-12-20,214,inferred
East Devon,2020-12-21,214,inferred
East Devon,2020-12-22,214,inferred
East Devon,2020-12-23,220,inferred
East Devon,2020-12-24,220,inferred
East Devon,2020-12-25,220,inferred
East Devon,2020-12-26,220,inferred
East Devon,2020-12-27,220,inferred
East Devon,2020-12-28,220,inferred
East Devon,2020-12-29,220,inferred
East Devon,2020-12-30,325,inferred
East Devon,2020-12-31,325,inferred
East Devon,2021-01-01,325,inferred
East Devon,2021-01-02,325,inferred
East Devon,2021-01-03,325,inferred
East Devon,2021-01-04,325,inferred
East Devon,2021-01-05,325,inferred
East Devon,2021-01-06,453,projected
East Devon,2021-01-07,453,projected
East Devon,2021-01-08,453,projected
East Devon,2021-01-09,453,projected
East Devon,2021-01-10,453,projected
East Devon,2021-01-11,453,projected
East Devon,2021-01-12,453,projected
East Devon,2021-01-13,580,projected
East Devon,2021-01-14,580,projected
East Devon,2021-01-15,580,projected
East Devon,2021-01-16,580,projected
East Devon,2021-01-17,580,projected
East Devon,2021-01-18,580,projected
East Devon,2021-01-19,580,projected
East Devon,2021-01-20,790,projected
East Devon,2021-01-21,790,projected
East Devon,2021-01-22,790,projected
East Devon,2021-01-23,790,projected
East Devon,2021-01-24,790,projected
East Devon,2021-01-25,790,projected
East Devon,2021-01-26,790,projected
East Dunbartonshire,2020-09-23,1515,inferred
East Dunbartonshire,2020-09-24,1515,inferred
East Dunbartonshire,2020-09-25,1515,inferred
East Dunbartonshire,2020-09-26,1515,inferred
East Dunbartonshire,2020-09-27,1515,inferred
East Dunbartonshire,2020-09-28,1515,inferred
East Dunbartonshire,2020-09-29,1515,inferred
East Dunbartonshire,2020-09-30,1910,inferred
East Dunbartonshire,2020-10-01,1910,inferred
East Dunbartonshire,2020-10-02,1910,inferred
East Dunbartonshire,2020-10-03,1910,inferred
East Dunbartonshire,2020-10-04,1910,inferred
East Dunbartonshire,2020-10-05,1910,inferred
East Dunbartonshire,2020-10-06,1910,inferred
East Dunbartonshire,2020-10-07,2686,inferred
East Dunbartonshire,2020-10-08,2686,inferred
East Dunbartonshire,2020-10-09,2686,inferred
East Dunbartonshire,2020-10-10,2686,inferred
East Dunbartonshire,2020-10-11,2686,inferred
East Dunbartonshire,2020-10-12,2686,inferred
East Dunbartonshire,2020-10-13,2686,inferred
East Dunbartonshire,2020-10-14,2803,inferred
East Dunbartonshire,2020-10-15,2803,inferred
East Dunbartonshire,2020-10-16,2803,inferred
East Dunbartonshire,2020-10-17,2803,inferred
East Dunbartonshire,2020-10-18,2803,inferred
East Dunbartonshire,2020-10-19,2803,inferred
East Dunbartonshire,2020-10-20,2803,inferred
East Dunbartonshire,2020-10-21,3525,inferred
East Dunbartonshire,2020-10-22,3525,inferred
East Dunbartonshire,2020-10-23,3525,inferred
East Dunbartonshire,2020-10-24,3525,inferred
East Dunbartonshire,2020-10-25,3525,inferred
East Dunbartonshire,2020-10-26,3525,inferred
East Dunbartonshire,2020-10-27,3525,inferred
East Dunbartonshire,2020-10-28,2943,inferred
East Dunbartonshire,2020-10-29,2943,inferred
East Dunbartonshire,2020-10-30,2943,inferred
East Dunbartonshire,2020-10-31,2943,inferred
East Dunbartonshire,2020-11-01,2943,inferred
East Dunbartonshire,2020-11-02,2943,inferred
East Dunbartonshire,2020-11-03,2943,inferred
East Dunbartonshire,2020-11-04,3217,inferred
East Dunbartonshire,2020-11-05,3217,inferred
East Dunbartonshire,2020-11-06,3217,inferred
East Dunbartonshire,2020-11-07,3217,inferred
East Dunbartonshire,2020-11-08,3217,inferred
East Dunbartonshire,2020-11-09,3217,inferred
East Dunbartonshire,2020-11-10,3217,inferred
East Dunbartonshire,2020-11-11,2913,inferred
East Dunbartonshire,2020-11-12,2913,inferred
East Dunbartonshire,2020-11-13,2913,inferred
East Dunbartonshire,2020-11-14,2913,inferred
East Dunbartonshire,2020-11-15,2913,inferred
East Dunbartonshire,2020-11-16,2913,inferred
East Dunbartonshire,2020-11-17,2913,inferred
East Dunbartonshire,2020-11-18,2320,inferred
East Dunbartonshire,2020-11-19,2320,inferred
East Dunbartonshire,2020-11-20,2320,inferred
East Dunbartonshire,2020-11-21,2320,inferred
East Dunbartonshire,2020-11-22,2320,inferred
East Dunbartonshire,2020-11-23,2320,inferred
East Dunbartonshire,2020-11-24,2320,inferred
East Dunbartonshire,2020-11-25,1777,inferred
East Dunbartonshire,2020-11-26,1777,inferred
East Dunbartonshire,2020-11-27,1777,inferred
East Dunbartonshire,2020-11-28,1777,inferred
East Dunbartonshire,2020-11-29,1777,inferred
East Dunbartonshire,2020-11-30,1777,inferred
East Dunbartonshire,2020-12-01,1777,inferred
East Dunbartonshire,2020-12-02,1625,inferred
East Dunbartonshire,2020-12-03,1625,inferred
East Dunbartonshire,2020-12-04,1625,inferred
East Dunbartonshire,2020-12-05,1625,inferred
East Dunbartonshire,2020-12-06,1625,inferred
East Dunbartonshire,2020-12-07,1625,inferred
East Dunbartonshire,2020-12-08,1625,inferred
East Dunbartonshire,2020-12-09,1578,inferred
East Dunbartonshire,2020-12-10,1578,inferred
East Dunbartonshire,2020-12-11,1578,inferred
East Dunbartonshire,2020-12-12,1578,inferred
East Dunbartonshire,2020-12-13,1578,inferred
East Dunbartonshire,2020-12-14,1578,inferred
East Dunbartonshire,2020-12-15,1578,inferred
East Dunbartonshire,2020-12-16,1683,inferred
East Dunbartonshire,2020-12-17,1683,inferred
East Dunbartonshire,2020-12-18,1683,inferred
East Dunbartonshire,2020-12-19,1683,inferred
East Dunbartonshire,2020-12-20,1683,inferred
East Dunbartonshire,2020-12-21,1683,inferred
East Dunbartonshire,2020-12-22,1683,inferred
East Dunbartonshire,2020-12-23,2218,inferred
East Dunbartonshire,2020-12-24,2218,inferred
East Dunbartonshire,2020-12-25,2218,inferred
East Dunbartonshire,2020-12-26,2218,inferred
East Dunbartonshire,2020-12-27,2218,inferred
East Dunbartonshire,2020-12-28,2218,inferred
East Dunbartonshire,2020-12-29,2218,inferred
East Dunbartonshire,2020-12-30,4334,inferred
East Dunbartonshire,2020-12-31,4334,inferred
East Dunbartonshire,2021-01-01,4334,inferred
East Dunbartonshire,2021-01-02,4334,inferred
East Dunbartonshire,2021-01-03,4334,inferred
East Dunbartonshire,2021-01-04,4334,inferred
East Dunbartonshire,2021-01-05,4334,inferred
East Dunbartonshire,2021-01-06,6602,projected
East Dunbartonshire,2021-01-07,6602,projected
East Dunbartonshire,2021-01-08,6602,projected
East Dunbartonshire,2021-01-09,6602,projected
East Dunbartonshire,2021-01-10,6602,projected
East Dunbartonshire,2021-01-11,6602,projected
East Dunbartonshire,2021-01-12,6602,projected
East Dunbartonshire,2021-01-13,9729,projected
East Dunbartonshire,2021-01-14,9729,projected
East Dunbartonshire,2021-01-15,9729,projected
East Dunbartonshire,2021-01-16,9729,projected
East Dunbartonshire,2021-01-17,9729,projected
East Dunbartonshire,2021-01-18,9729,projected
East Dunbartonshire,2021-01-19,9729,projected
East Dunbartonshire,2021-01-20,14285,projected
East Dunbartonshire,2021-01-21,14285,projected
East Dunbartonshire,2021-01-22,14285,projected
East Dunbartonshire,2021-01-23,14285,projected
East Dunbartonshire,2021-01-24,14285,projected
East Dunbartonshire,2021-01-25,14285,projected
East Dunbartonshire,2021-01-26,14285,projected
East Hampshire,2020-09-23, 15,inferred
East Hampshire,2020-09-24, 15,inferred
East Hampshire,2020-09-25, 15,inferred
East Hampshire,2020-09-26, 15,inferred
East Hampshire,2020-09-27, 15,inferred
East Hampshire,2020-09-28, 15,inferred
East Hampshire,2020-09-29, 15,inferred
East Hampshire,2020-09-30, 47,inferred
East Hampshire,2020-10-01, 47,inferred
East Hampshire,2020-10-02, 47,inferred
East Hampshire,2020-10-03, 47,inferred
East Hampshire,2020-10-04, 47,inferred
East Hampshire,2020-10-05, 47,inferred
East Hampshire,2020-10-06, 47,inferred
East Hampshire,2020-10-07, 52,inferred
East Hampshire,2020-10-08, 52,inferred
East Hampshire,2020-10-09, 52,inferred
East Hampshire,2020-10-10, 52,inferred
East Hampshire,2020-10-11, 52,inferred
East Hampshire,2020-10-12, 52,inferred
East Hampshire,2020-10-13, 52,inferred
East Hampshire,2020-10-14, 64,inferred
East Hampshire,2020-10-15, 64,inferred
East Hampshire,2020-10-16, 64,inferred
East Hampshire,2020-10-17, 64,inferred
East Hampshire,2020-10-18, 64,inferred
East Hampshire,2020-10-19, 64,inferred
East Hampshire,2020-10-20, 64,inferred
East Hampshire,2020-10-21, 92,inferred
East Hampshire,2020-10-22, 92,inferred
East Hampshire,2020-10-23, 92,inferred
East Hampshire,2020-10-24, 92,inferred
East Hampshire,2020-10-25, 92,inferred
East Hampshire,2020-10-26, 92,inferred
East Hampshire,2020-10-27, 92,inferred
East Hampshire,2020-10-28,120,inferred
East Hampshire,2020-10-29,120,inferred
East Hampshire,2020-10-30,120,inferred
East Hampshire,2020-10-31,120,inferred
East Hampshire,2020-11-01,120,inferred
East Hampshire,2020-11-02,120,inferred
East Hampshire,2020-11-03,120,inferred
East Hampshire,2020-11-04,203,inferred
East Hampshire,2020-11-05,203,inferred
East Hampshire,2020-11-06,203,inferred
East Hampshire,2020-11-07,203,inferred
East Hampshire,2020-11-08,203,inferred
East Hampshire,2020-11-09,203,inferred
East Hampshire,2020-11-10,203,inferred
East Hampshire,2020-11-11,175,inferred
East Hampshire,2020-11-12,175,inferred
East Hampshire,2020-11-13,175,inferred
East Hampshire,2020-11-14,175,inferred
East Hampshire,2020-11-15,175,inferred
East Hampshire,2020-11-16,175,inferred
East Hampshire,2020-11-17,175,inferred
East Hampshire,2020-11-18,134,inferred
East Hampshire,2020-11-19,134,inferred
East Hampshire,2020-11-20,134,inferred
East Hampshire,2020-11-21,134,inferred
East Hampshire,2020-11-22,134,inferred
East Hampshire,2020-11-23,134,inferred
East Hampshire,2020-11-24,134,inferred
East Hampshire,2020-11-25, 70,inferred
East Hampshire,2020-11-26, 70,inferred
East Hampshire,2020-11-27, 70,inferred
East Hampshire,2020-11-28, 70,inferred
East Hampshire,2020-11-29, 70,inferred
East Hampshire,2020-11-30, 70,inferred
East Hampshire,2020-12-01, 70,inferred
East Hampshire,2020-12-02, 81,inferred
East Hampshire,2020-12-03, 81,inferred
East Hampshire,2020-12-04, 81,inferred
East Hampshire,2020-12-05, 81,inferred
East Hampshire,2020-12-06, 81,inferred
East Hampshire,2020-12-07, 81,inferred
East Hampshire,2020-12-08, 81,inferred
East Hampshire,2020-12-09,170,inferred
East Hampshire,2020-12-10,170,inferred
East Hampshire,2020-12-11,170,inferred
East Hampshire,2020-12-12,170,inferred
East Hampshire,2020-12-13,170,inferred
East Hampshire,2020-12-14,170,inferred
East Hampshire,2020-12-15,170,inferred
East Hampshire,2020-12-16,342,inferred
East Hampshire,2020-12-17,342,inferred
East Hampshire,2020-12-18,342,inferred
East Hampshire,2020-12-19,342,inferred
East Hampshire,2020-12-20,342,inferred
East Hampshire,2020-12-21,342,inferred
East Hampshire,2020-12-22,342,inferred
East Hampshire,2020-12-23,421,inferred
East Hampshire,2020-12-24,421,inferred
East Hampshire,2020-12-25,421,inferred
East Hampshire,2020-12-26,421,inferred
East Hampshire,2020-12-27,421,inferred
East Hampshire,2020-12-28,421,inferred
East Hampshire,2020-12-29,421,inferred
East Hampshire,2020-12-30,552,inferred
East Hampshire,2020-12-31,552,inferred
East Hampshire,2021-01-01,552,inferred
East Hampshire,2021-01-02,552,inferred
East Hampshire,2021-01-03,552,inferred
East Hampshire,2021-01-04,552,inferred
East Hampshire,2021-01-05,552,inferred
East Hampshire,2021-01-06,486,projected
East Hampshire,2021-01-07,486,projected
East Hampshire,2021-01-08,486,projected
East Hampshire,2021-01-09,486,projected
East Hampshire,2021-01-10,486,projected
East Hampshire,2021-01-11,486,projected
East Hampshire,2021-01-12,486,projected
East Hampshire,2021-01-13,424,projected
East Hampshire,2021-01-14,424,projected
East Hampshire,2021-01-15,424,projected
East Hampshire,2021-01-16,424,projected
East Hampshire,2021-01-17,424,projected
East Hampshire,2021-01-18,424,projected
East Hampshire,2021-01-19,424,projected
East Hampshire,2021-01-20,378,projected
East Hampshire,2021-01-21,378,projected
East Hampshire,2021-01-22,378,projected
East Hampshire,2021-01-23,378,projected
East Hampshire,2021-01-24,378,projected
East Hampshire,2021-01-25,378,projected
East Hampshire,2021-01-26,378,projected
East Hertfordshire,2020-09-23, 53,inferred
East Hertfordshire,2020-09-24, 53,inferred
East Hertfordshire,2020-09-25, 53,inferred
East Hertfordshire,2020-09-26, 53,inferred
East Hertfordshire,2020-09-27, 53,inferred
East Hertfordshire,2020-09-28, 53,inferred
East Hertfordshire,2020-09-29, 53,inferred
East Hertfordshire,2020-09-30,127,inferred
East Hertfordshire,2020-10-01,127,inferred
East Hertfordshire,2020-10-02,127,inferred
East Hertfordshire,2020-10-03,127,inferred
East Hertfordshire,2020-10-04,127,inferred
East Hertfordshire,2020-10-05,127,inferred
East Hertfordshire,2020-10-06,127,inferred
East Hertfordshire,2020-10-07,112,inferred
East Hertfordshire,2020-10-08,112,inferred
East Hertfordshire,2020-10-09,112,inferred
East Hertfordshire,2020-10-10,112,inferred
East Hertfordshire,2020-10-11,112,inferred
East Hertfordshire,2020-10-12,112,inferred
East Hertfordshire,2020-10-13,112,inferred
East Hertfordshire,2020-10-14,129,inferred
East Hertfordshire,2020-10-15,129,inferred
East Hertfordshire,2020-10-16,129,inferred
East Hertfordshire,2020-10-17,129,inferred
East Hertfordshire,2020-10-18,129,inferred
East Hertfordshire,2020-10-19,129,inferred
East Hertfordshire,2020-10-20,129,inferred
East Hertfordshire,2020-10-21,152,inferred
East Hertfordshire,2020-10-22,152,inferred
East Hertfordshire,2020-10-23,152,inferred
East Hertfordshire,2020-10-24,152,inferred
East Hertfordshire,2020-10-25,152,inferred
East Hertfordshire,2020-10-26,152,inferred
East Hertfordshire,2020-10-27,152,inferred
East Hertfordshire,2020-10-28,169,inferred
East Hertfordshire,2020-10-29,169,inferred
East Hertfordshire,2020-10-30,169,inferred
East Hertfordshire,2020-10-31,169,inferred
East Hertfordshire,2020-11-01,169,inferred
East Hertfordshire,2020-11-02,169,inferred
East Hertfordshire,2020-11-03,169,inferred
East Hertfordshire,2020-11-04,222,inferred
East Hertfordshire,2020-11-05,222,inferred
East Hertfordshire,2020-11-06,222,inferred
East Hertfordshire,2020-11-07,222,inferred
East Hertfordshire,2020-11-08,222,inferred
East Hertfordshire,2020-11-09,222,inferred
East Hertfordshire,2020-11-10,222,inferred
East Hertfordshire,2020-11-11,287,inferred
East Hertfordshire,2020-11-12,287,inferred
East Hertfordshire,2020-11-13,287,inferred
East Hertfordshire,2020-11-14,287,inferred
East Hertfordshire,2020-11-15,287,inferred
East Hertfordshire,2020-11-16,287,inferred
East Hertfordshire,2020-11-17,287,inferred
East Hertfordshire,2020-11-18,179,inferred
East Hertfordshire,2020-11-19,179,inferred
East Hertfordshire,2020-11-20,179,inferred
East Hertfordshire,2020-11-21,179,inferred
East Hertfordshire,2020-11-22,179,inferred
East Hertfordshire,2020-11-23,179,inferred
East Hertfordshire,2020-11-24,179,inferred
East Hertfordshire,2020-11-25,226,inferred
East Hertfordshire,2020-11-26,226,inferred
East Hertfordshire,2020-11-27,226,inferred
East Hertfordshire,2020-11-28,226,inferred
East Hertfordshire,2020-11-29,226,inferred
East Hertfordshire,2020-11-30,226,inferred
East Hertfordshire,2020-12-01,226,inferred
East Hertfordshire,2020-12-02,224,inferred
East Hertfordshire,2020-12-03,224,inferred
East Hertfordshire,2020-12-04,224,inferred
East Hertfordshire,2020-12-05,224,inferred
East Hertfordshire,2020-12-06,224,inferred
East Hertfordshire,2020-12-07,224,inferred
East Hertfordshire,2020-12-08,224,inferred
East Hertfordshire,2020-12-09,374,inferred
East Hertfordshire,2020-12-10,374,inferred
East Hertfordshire,2020-12-11,374,inferred
East Hertfordshire,2020-12-12,374,inferred
East Hertfordshire,2020-12-13,374,inferred
East Hertfordshire,2020-12-14,374,inferred
East Hertfordshire,2020-12-15,374,inferred
East Hertfordshire,2020-12-16,772,inferred
East Hertfordshire,2020-12-17,772,inferred
East Hertfordshire,2020-12-18,772,inferred
East Hertfordshire,2020-12-19,772,inferred
East Hertfordshire,2020-12-20,772,inferred
East Hertfordshire,2020-12-21,772,inferred
East Hertfordshire,2020-12-22,772,inferred
East Hertfordshire,2020-12-23,1033,inferred
East Hertfordshire,2020-12-24,1033,inferred
East Hertfordshire,2020-12-25,1033,inferred
East Hertfordshire,2020-12-26,1033,inferred
East Hertfordshire,2020-12-27,1033,inferred
East Hertfordshire,2020-12-28,1033,inferred
East Hertfordshire,2020-12-29,1033,inferred
East Hertfordshire,2020-12-30,1085,inferred
East Hertfordshire,2020-12-31,1085,inferred
East Hertfordshire,2021-01-01,1085,inferred
East Hertfordshire,2021-01-02,1085,inferred
East Hertfordshire,2021-01-03,1085,inferred
East Hertfordshire,2021-01-04,1085,inferred
East Hertfordshire,2021-01-05,1085,inferred
East Hertfordshire,2021-01-06,938,projected
East Hertfordshire,2021-01-07,938,projected
East Hertfordshire,2021-01-08,938,projected
East Hertfordshire,2021-01-09,938,projected
East Hertfordshire,2021-01-10,938,projected
East Hertfordshire,2021-01-11,938,projected
East Hertfordshire,2021-01-12,938,projected
East Hertfordshire,2021-01-13,784,projected
East Hertfordshire,2021-01-14,784,projected
East Hertfordshire,2021-01-15,784,projected
East Hertfordshire,2021-01-16,784,projected
East Hertfordshire,2021-01-17,784,projected
East Hertfordshire,2021-01-18,784,projected
East Hertfordshire,2021-01-19,784,projected
East Hertfordshire,2021-01-20,687,projected
East Hertfordshire,2021-01-21,687,projected
East Hertfordshire,2021-01-22,687,projected
East Hertfordshire,2021-01-23,687,projected
East Hertfordshire,2021-01-24,687,projected
East Hertfordshire,2021-01-25,687,projected
East Hertfordshire,2021-01-26,687,projected
East Lindsey,2020-09-23, 22,inferred
East Lindsey,2020-09-24, 22,inferred
East Lindsey,2020-09-25, 22,inferred
East Lindsey,2020-09-26, 22,inferred
East Lindsey,2020-09-27, 22,inferred
East Lindsey,2020-09-28, 22,inferred
East Lindsey,2020-09-29, 22,inferred
East Lindsey,2020-09-30, 43,inferred
East Lindsey,2020-10-01, 43,inferred
East Lindsey,2020-10-02, 43,inferred
East Lindsey,2020-10-03, 43,inferred
East Lindsey,2020-10-04, 43,inferred
East Lindsey,2020-10-05, 43,inferred
East Lindsey,2020-10-06, 43,inferred
East Lindsey,2020-10-07,115,inferred
East Lindsey,2020-10-08,115,inferred
East Lindsey,2020-10-09,115,inferred
East Lindsey,2020-10-10,115,inferred
East Lindsey,2020-10-11,115,inferred
East Lindsey,2020-10-12,115,inferred
East Lindsey,2020-10-13,115,inferred
East Lindsey,2020-10-14,169,inferred
East Lindsey,2020-10-15,169,inferred
East Lindsey,2020-10-16,169,inferred
East Lindsey,2020-10-17,169,inferred
East Lindsey,2020-10-18,169,inferred
East Lindsey,2020-10-19,169,inferred
East Lindsey,2020-10-20,169,inferred
East Lindsey,2020-10-21,287,inferred
East Lindsey,2020-10-22,287,inferred
East Lindsey,2020-10-23,287,inferred
East Lindsey,2020-10-24,287,inferred
East Lindsey,2020-10-25,287,inferred
East Lindsey,2020-10-26,287,inferred
East Lindsey,2020-10-27,287,inferred
East Lindsey,2020-10-28,414,inferred
East Lindsey,2020-10-29,414,inferred
East Lindsey,2020-10-30,414,inferred
East Lindsey,2020-10-31,414,inferred
East Lindsey,2020-11-01,414,inferred
East Lindsey,2020-11-02,414,inferred
East Lindsey,2020-11-03,414,inferred
East Lindsey,2020-11-04,690,inferred
East Lindsey,2020-11-05,690,inferred
East Lindsey,2020-11-06,690,inferred
East Lindsey,2020-11-07,690,inferred
East Lindsey,2020-11-08,690,inferred
East Lindsey,2020-11-09,690,inferred
East Lindsey,2020-11-10,690,inferred
East Lindsey,2020-11-11,791,inferred
East Lindsey,2020-11-12,791,inferred
East Lindsey,2020-11-13,791,inferred
East Lindsey,2020-11-14,791,inferred
East Lindsey,2020-11-15,791,inferred
East Lindsey,2020-11-16,791,inferred
East Lindsey,2020-11-17,791,inferred
East Lindsey,2020-11-18,470,inferred
East Lindsey,2020-11-19,470,inferred
East Lindsey,2020-11-20,470,inferred
East Lindsey,2020-11-21,470,inferred
East Lindsey,2020-11-22,470,inferred
East Lindsey,2020-11-23,470,inferred
East Lindsey,2020-11-24,470,inferred
East Lindsey,2020-11-25,329,inferred
East Lindsey,2020-11-26,329,inferred
East Lindsey,2020-11-27,329,inferred
East Lindsey,2020-11-28,329,inferred
East Lindsey,2020-11-29,329,inferred
East Lindsey,2020-11-30,329,inferred
East Lindsey,2020-12-01,329,inferred
East Lindsey,2020-12-02,243,inferred
East Lindsey,2020-12-03,243,inferred
East Lindsey,2020-12-04,243,inferred
East Lindsey,2020-12-05,243,inferred
East Lindsey,2020-12-06,243,inferred
East Lindsey,2020-12-07,243,inferred
East Lindsey,2020-12-08,243,inferred
East Lindsey,2020-12-09,247,inferred
East Lindsey,2020-12-10,247,inferred
East Lindsey,2020-12-11,247,inferred
East Lindsey,2020-12-12,247,inferred
East Lindsey,2020-12-13,247,inferred
East Lindsey,2020-12-14,247,inferred
East Lindsey,2020-12-15,247,inferred
East Lindsey,2020-12-16,205,inferred
East Lindsey,2020-12-17,205,inferred
East Lindsey,2020-12-18,205,inferred
East Lindsey,2020-12-19,205,inferred
East Lindsey,2020-12-20,205,inferred
East Lindsey,2020-12-21,205,inferred
East Lindsey,2020-12-22,205,inferred
East Lindsey,2020-12-23,188,inferred
East Lindsey,2020-12-24,188,inferred
East Lindsey,2020-12-25,188,inferred
East Lindsey,2020-12-26,188,inferred
East Lindsey,2020-12-27,188,inferred
East Lindsey,2020-12-28,188,inferred
East Lindsey,2020-12-29,188,inferred
East Lindsey,2020-12-30,291,inferred
East Lindsey,2020-12-31,291,inferred
East Lindsey,2021-01-01,291,inferred
East Lindsey,2021-01-02,291,inferred
East Lindsey,2021-01-03,291,inferred
East Lindsey,2021-01-04,291,inferred
East Lindsey,2021-01-05,291,inferred
East Lindsey,2021-01-06,301,projected
East Lindsey,2021-01-07,301,projected
East Lindsey,2021-01-08,301,projected
East Lindsey,2021-01-09,301,projected
East Lindsey,2021-01-10,301,projected
East Lindsey,2021-01-11,301,projected
East Lindsey,2021-01-12,301,projected
East Lindsey,2021-01-13,332,projected
East Lindsey,2021-01-14,332,projected
East Lindsey,2021-01-15,332,projected
East Lindsey,2021-01-16,332,projected
East Lindsey,2021-01-17,332,projected
East Lindsey,2021-01-18,332,projected
East Lindsey,2021-01-19,332,projected
East Lindsey,2021-01-20,375,projected
East Lindsey,2021-01-21,375,projected
East Lindsey,2021-01-22,375,projected
East Lindsey,2021-01-23,375,projected
East Lindsey,2021-01-24,375,projected
East Lindsey,2021-01-25,375,projected
East Lindsey,2021-01-26,375,projected
East Lothian,2020-09-23,636,inferred
East Lothian,2020-09-24,636,inferred
East Lothian,2020-09-25,636,inferred
East Lothian,2020-09-26,636,inferred
East Lothian,2020-09-27,636,inferred
East Lothian,2020-09-28,636,inferred
East Lothian,2020-09-29,636,inferred
East Lothian,2020-09-30,1118,inferred
East Lothian,2020-10-01,1118,inferred
East Lothian,2020-10-02,1118,inferred
East Lothian,2020-10-03,1118,inferred
East Lothian,2020-10-04,1118,inferred
East Lothian,2020-10-05,1118,inferred
East Lothian,2020-10-06,1118,inferred
East Lothian,2020-10-07,1155,inferred
East Lothian,2020-10-08,1155,inferred
East Lothian,2020-10-09,1155,inferred
East Lothian,2020-10-10,1155,inferred
East Lothian,2020-10-11,1155,inferred
East Lothian,2020-10-12,1155,inferred
East Lothian,2020-10-13,1155,inferred
East Lothian,2020-10-14,1030,inferred
East Lothian,2020-10-15,1030,inferred
East Lothian,2020-10-16,1030,inferred
East Lothian,2020-10-17,1030,inferred
East Lothian,2020-10-18,1030,inferred
East Lothian,2020-10-19,1030,inferred
East Lothian,2020-10-20,1030,inferred
East Lothian,2020-10-21,1219,inferred
East Lothian,2020-10-22,1219,inferred
East Lothian,2020-10-23,1219,inferred
East Lothian,2020-10-24,1219,inferred
East Lothian,2020-10-25,1219,inferred
East Lothian,2020-10-26,1219,inferred
East Lothian,2020-10-27,1219,inferred
East Lothian,2020-10-28,921,inferred
East Lothian,2020-10-29,921,inferred
East Lothian,2020-10-30,921,inferred
East Lothian,2020-10-31,921,inferred
East Lothian,2020-11-01,921,inferred
East Lothian,2020-11-02,921,inferred
East Lothian,2020-11-03,921,inferred
East Lothian,2020-11-04,937,inferred
East Lothian,2020-11-05,937,inferred
East Lothian,2020-11-06,937,inferred
East Lothian,2020-11-07,937,inferred
East Lothian,2020-11-08,937,inferred
East Lothian,2020-11-09,937,inferred
East Lothian,2020-11-10,937,inferred
East Lothian,2020-11-11,931,inferred
East Lothian,2020-11-12,931,inferred
East Lothian,2020-11-13,931,inferred
East Lothian,2020-11-14,931,inferred
East Lothian,2020-11-15,931,inferred
East Lothian,2020-11-16,931,inferred
East Lothian,2020-11-17,931,inferred
East Lothian,2020-11-18,909,inferred
East Lothian,2020-11-19,909,inferred
East Lothian,2020-11-20,909,inferred
East Lothian,2020-11-21,909,inferred
East Lothian,2020-11-22,909,inferred
East Lothian,2020-11-23,909,inferred
East Lothian,2020-11-24,909,inferred
East Lothian,2020-11-25,714,inferred
East Lothian,2020-11-26,714,inferred
East Lothian,2020-11-27,714,inferred
East Lothian,2020-11-28,714,inferred
East Lothian,2020-11-29,714,inferred
East Lothian,2020-11-30,714,inferred
East Lothian,2020-12-01,714,inferred
East Lothian,2020-12-02,842,inferred
East Lothian,2020-12-03,842,inferred
East Lothian,2020-12-04,842,inferred
East Lothian,2020-12-05,842,inferred
East Lothian,2020-12-06,842,inferred
East Lothian,2020-12-07,842,inferred
East Lothian,2020-12-08,842,inferred
East Lothian,2020-12-09,1089,inferred
East Lothian,2020-12-10,1089,inferred
East Lothian,2020-12-11,1089,inferred
East Lothian,2020-12-12,1089,inferred
East Lothian,2020-12-13,1089,inferred
East Lothian,2020-12-14,1089,inferred
East Lothian,2020-12-15,1089,inferred
East Lothian,2020-12-16,1180,inferred
East Lothian,2020-12-17,1180,inferred
East Lothian,2020-12-18,1180,inferred
East Lothian,2020-12-19,1180,inferred
East Lothian,2020-12-20,1180,inferred
East Lothian,2020-12-21,1180,inferred
East Lothian,2020-12-22,1180,inferred
East Lothian,2020-12-23,1265,inferred
East Lothian,2020-12-24,1265,inferred
East Lothian,2020-12-25,1265,inferred
East Lothian,2020-12-26,1265,inferred
East Lothian,2020-12-27,1265,inferred
East Lothian,2020-12-28,1265,inferred
East Lothian,2020-12-29,1265,inferred
East Lothian,2020-12-30,1990,inferred
East Lothian,2020-12-31,1990,inferred
East Lothian,2021-01-01,1990,inferred
East Lothian,2021-01-02,1990,inferred
East Lothian,2021-01-03,1990,inferred
East Lothian,2021-01-04,1990,inferred
East Lothian,2021-01-05,1990,inferred
East Lothian,2021-01-06,2752,projected
East Lothian,2021-01-07,2752,projected
East Lothian,2021-01-08,2752,projected
East Lothian,2021-01-09,2752,projected
East Lothian,2021-01-10,2752,projected
East Lothian,2021-01-11,2752,projected
East Lothian,2021-01-12,2752,projected
East Lothian,2021-01-13,3993,projected
East Lothian,2021-01-14,3993,projected
East Lothian,2021-01-15,3993,projected
East Lothian,2021-01-16,3993,projected
East Lothian,2021-01-17,3993,projected
East Lothian,2021-01-18,3993,projected
East Lothian,2021-01-19,3993,projected
East Lothian,2021-01-20,5901,projected
East Lothian,2021-01-21,5901,projected
East Lothian,2021-01-22,5901,projected
East Lothian,2021-01-23,5901,projected
East Lothian,2021-01-24,5901,projected
East Lothian,2021-01-25,5901,projected
East Lothian,2021-01-26,5901,projected
East Northamptonshire,2020-09-23, 29,inferred
East Northamptonshire,2020-09-24, 29,inferred
East Northamptonshire,2020-09-25, 29,inferred
East Northamptonshire,2020-09-26, 29,inferred
East Northamptonshire,2020-09-27, 29,inferred
East Northamptonshire,2020-09-28, 29,inferred
East Northamptonshire,2020-09-29, 29,inferred
East Northamptonshire,2020-09-30, 59,inferred
East Northamptonshire,2020-10-01, 59,inferred
East Northamptonshire,2020-10-02, 59,inferred
East Northamptonshire,2020-10-03, 59,inferred
East Northamptonshire,2020-10-04, 59,inferred
East Northamptonshire,2020-10-05, 59,inferred
East Northamptonshire,2020-10-06, 59,inferred
East Northamptonshire,2020-10-07, 64,inferred
East Northamptonshire,2020-10-08, 64,inferred
East Northamptonshire,2020-10-09, 64,inferred
East Northamptonshire,2020-10-10, 64,inferred
East Northamptonshire,2020-10-11, 64,inferred
East Northamptonshire,2020-10-12, 64,inferred
East Northamptonshire,2020-10-13, 64,inferred
East Northamptonshire,2020-10-14, 75,inferred
East Northamptonshire,2020-10-15, 75,inferred
East Northamptonshire,2020-10-16, 75,inferred
East Northamptonshire,2020-10-17, 75,inferred
East Northamptonshire,2020-10-18, 75,inferred
East Northamptonshire,2020-10-19, 75,inferred
East Northamptonshire,2020-10-20, 75,inferred
East Northamptonshire,2020-10-21,140,inferred
East Northamptonshire,2020-10-22,140,inferred
East Northamptonshire,2020-10-23,140,inferred
East Northamptonshire,2020-10-24,140,inferred
East Northamptonshire,2020-10-25,140,inferred
East Northamptonshire,2020-10-26,140,inferred
East Northamptonshire,2020-10-27,140,inferred
East Northamptonshire,2020-10-28,187,inferred
East Northamptonshire,2020-10-29,187,inferred
East Northamptonshire,2020-10-30,187,inferred
East Northamptonshire,2020-10-31,187,inferred
East Northamptonshire,2020-11-01,187,inferred
East Northamptonshire,2020-11-02,187,inferred
East Northamptonshire,2020-11-03,187,inferred
East Northamptonshire,2020-11-04,258,inferred
East Northamptonshire,2020-11-05,258,inferred
East Northamptonshire,2020-11-06,258,inferred
East Northamptonshire,2020-11-07,258,inferred
East Northamptonshire,2020-11-08,258,inferred
East Northamptonshire,2020-11-09,258,inferred
East Northamptonshire,2020-11-10,258,inferred
East Northamptonshire,2020-11-11,144,inferred
East Northamptonshire,2020-11-12,144,inferred
East Northamptonshire,2020-11-13,144,inferred
East Northamptonshire,2020-11-14,144,inferred
East Northamptonshire,2020-11-15,144,inferred
East Northamptonshire,2020-11-16,144,inferred
East Northamptonshire,2020-11-17,144,inferred
East Northamptonshire,2020-11-18,114,inferred
East Northamptonshire,2020-11-19,114,inferred
East Northamptonshire,2020-11-20,114,inferred
East Northamptonshire,2020-11-21,114,inferred
East Northamptonshire,2020-11-22,114,inferred
East Northamptonshire,2020-11-23,114,inferred
East Northamptonshire,2020-11-24,114,inferred
East Northamptonshire,2020-11-25,109,inferred
East Northamptonshire,2020-11-26,109,inferred
East Northamptonshire,2020-11-27,109,inferred
East Northamptonshire,2020-11-28,109,inferred
East Northamptonshire,2020-11-29,109,inferred
East Northamptonshire,2020-11-30,109,inferred
East Northamptonshire,2020-12-01,109,inferred
East Northamptonshire,2020-12-02,128,inferred
East Northamptonshire,2020-12-03,128,inferred
East Northamptonshire,2020-12-04,128,inferred
East Northamptonshire,2020-12-05,128,inferred
East Northamptonshire,2020-12-06,128,inferred
East Northamptonshire,2020-12-07,128,inferred
East Northamptonshire,2020-12-08,128,inferred
East Northamptonshire,2020-12-09,131,inferred
East Northamptonshire,2020-12-10,131,inferred
East Northamptonshire,2020-12-11,131,inferred
East Northamptonshire,2020-12-12,131,inferred
East Northamptonshire,2020-12-13,131,inferred
East Northamptonshire,2020-12-14,131,inferred
East Northamptonshire,2020-12-15,131,inferred
East Northamptonshire,2020-12-16,201,inferred
East Northamptonshire,2020-12-17,201,inferred
East Northamptonshire,2020-12-18,201,inferred
East Northamptonshire,2020-12-19,201,inferred
East Northamptonshire,2020-12-20,201,inferred
East Northamptonshire,2020-12-21,201,inferred
East Northamptonshire,2020-12-22,201,inferred
East Northamptonshire,2020-12-23,278,inferred
East Northamptonshire,2020-12-24,278,inferred
East Northamptonshire,2020-12-25,278,inferred
East Northamptonshire,2020-12-26,278,inferred
East Northamptonshire,2020-12-27,278,inferred
East Northamptonshire,2020-12-28,278,inferred
East Northamptonshire,2020-12-29,278,inferred
East Northamptonshire,2020-12-30,348,inferred
East Northamptonshire,2020-12-31,348,inferred
East Northamptonshire,2021-01-01,348,inferred
East Northamptonshire,2021-01-02,348,inferred
East Northamptonshire,2021-01-03,348,inferred
East Northamptonshire,2021-01-04,348,inferred
East Northamptonshire,2021-01-05,348,inferred
East Northamptonshire,2021-01-06,400,projected
East Northamptonshire,2021-01-07,400,projected
East Northamptonshire,2021-01-08,400,projected
East Northamptonshire,2021-01-09,400,projected
East Northamptonshire,2021-01-10,400,projected
East Northamptonshire,2021-01-11,400,projected
East Northamptonshire,2021-01-12,400,projected
East Northamptonshire,2021-01-13,446,projected
East Northamptonshire,2021-01-14,446,projected
East Northamptonshire,2021-01-15,446,projected
East Northamptonshire,2021-01-16,446,projected
East Northamptonshire,2021-01-17,446,projected
East Northamptonshire,2021-01-18,446,projected
East Northamptonshire,2021-01-19,446,projected
East Northamptonshire,2021-01-20,524,projected
East Northamptonshire,2021-01-21,524,projected
East Northamptonshire,2021-01-22,524,projected
East Northamptonshire,2021-01-23,524,projected
East Northamptonshire,2021-01-24,524,projected
East Northamptonshire,2021-01-25,524,projected
East Northamptonshire,2021-01-26,524,projected
East Renfrewshire,2020-09-23,1515,inferred
East Renfrewshire,2020-09-24,1515,inferred
East Renfrewshire,2020-09-25,1515,inferred
East Renfrewshire,2020-09-26,1515,inferred
East Renfrewshire,2020-09-27,1515,inferred
East Renfrewshire,2020-09-28,1515,inferred
East Renfrewshire,2020-09-29,1515,inferred
East Renfrewshire,2020-09-30,1910,inferred
East Renfrewshire,2020-10-01,1910,inferred
East Renfrewshire,2020-10-02,1910,inferred
East Renfrewshire,2020-10-03,1910,inferred
East Renfrewshire,2020-10-04,1910,inferred
East Renfrewshire,2020-10-05,1910,inferred
East Renfrewshire,2020-10-06,1910,inferred
East Renfrewshire,2020-10-07,2686,inferred
East Renfrewshire,2020-10-08,2686,inferred
East Renfrewshire,2020-10-09,2686,inferred
East Renfrewshire,2020-10-10,2686,inferred
East Renfrewshire,2020-10-11,2686,inferred
East Renfrewshire,2020-10-12,2686,inferred
East Renfrewshire,2020-10-13,2686,inferred
East Renfrewshire,2020-10-14,2803,inferred
East Renfrewshire,2020-10-15,2803,inferred
East Renfrewshire,2020-10-16,2803,inferred
East Renfrewshire,2020-10-17,2803,inferred
East Renfrewshire,2020-10-18,2803,inferred
East Renfrewshire,2020-10-19,2803,inferred
East Renfrewshire,2020-10-20,2803,inferred
East Renfrewshire,2020-10-21,3525,inferred
East Renfrewshire,2020-10-22,3525,inferred
East Renfrewshire,2020-10-23,3525,inferred
East Renfrewshire,2020-10-24,3525,inferred
East Renfrewshire,2020-10-25,3525,inferred
East Renfrewshire,2020-10-26,3525,inferred
East Renfrewshire,2020-10-27,3525,inferred
East Renfrewshire,2020-10-28,2943,inferred
East Renfrewshire,2020-10-29,2943,inferred
East Renfrewshire,2020-10-30,2943,inferred
East Renfrewshire,2020-10-31,2943,inferred
East Renfrewshire,2020-11-01,2943,inferred
East Renfrewshire,2020-11-02,2943,inferred
East Renfrewshire,2020-11-03,2943,inferred
East Renfrewshire,2020-11-04,3217,inferred
East Renfrewshire,2020-11-05,3217,inferred
East Renfrewshire,2020-11-06,3217,inferred
East Renfrewshire,2020-11-07,3217,inferred
East Renfrewshire,2020-11-08,3217,inferred
East Renfrewshire,2020-11-09,3217,inferred
East Renfrewshire,2020-11-10,3217,inferred
East Renfrewshire,2020-11-11,2913,inferred
East Renfrewshire,2020-11-12,2913,inferred
East Renfrewshire,2020-11-13,2913,inferred
East Renfrewshire,2020-11-14,2913,inferred
East Renfrewshire,2020-11-15,2913,inferred
East Renfrewshire,2020-11-16,2913,inferred
East Renfrewshire,2020-11-17,2913,inferred
East Renfrewshire,2020-11-18,2320,inferred
East Renfrewshire,2020-11-19,2320,inferred
East Renfrewshire,2020-11-20,2320,inferred
East Renfrewshire,2020-11-21,2320,inferred
East Renfrewshire,2020-11-22,2320,inferred
East Renfrewshire,2020-11-23,2320,inferred
East Renfrewshire,2020-11-24,2320,inferred
East Renfrewshire,2020-11-25,1777,inferred
East Renfrewshire,2020-11-26,1777,inferred
East Renfrewshire,2020-11-27,1777,inferred
East Renfrewshire,2020-11-28,1777,inferred
East Renfrewshire,2020-11-29,1777,inferred
East Renfrewshire,2020-11-30,1777,inferred
East Renfrewshire,2020-12-01,1777,inferred
East Renfrewshire,2020-12-02,1625,inferred
East Renfrewshire,2020-12-03,1625,inferred
East Renfrewshire,2020-12-04,1625,inferred
East Renfrewshire,2020-12-05,1625,inferred
East Renfrewshire,2020-12-06,1625,inferred
East Renfrewshire,2020-12-07,1625,inferred
East Renfrewshire,2020-12-08,1625,inferred
East Renfrewshire,2020-12-09,1578,inferred
East Renfrewshire,2020-12-10,1578,inferred
East Renfrewshire,2020-12-11,1578,inferred
East Renfrewshire,2020-12-12,1578,inferred
East Renfrewshire,2020-12-13,1578,inferred
East Renfrewshire,2020-12-14,1578,inferred
East Renfrewshire,2020-12-15,1578,inferred
East Renfrewshire,2020-12-16,1683,inferred
East Renfrewshire,2020-12-17,1683,inferred
East Renfrewshire,2020-12-18,1683,inferred
East Renfrewshire,2020-12-19,1683,inferred
East Renfrewshire,2020-12-20,1683,inferred
East Renfrewshire,2020-12-21,1683,inferred
East Renfrewshire,2020-12-22,1683,inferred
East Renfrewshire,2020-12-23,2218,inferred
East Renfrewshire,2020-12-24,2218,inferred
East Renfrewshire,2020-12-25,2218,inferred
East Renfrewshire,2020-12-26,2218,inferred
East Renfrewshire,2020-12-27,2218,inferred
East Renfrewshire,2020-12-28,2218,inferred
East Renfrewshire,2020-12-29,2218,inferred
East Renfrewshire,2020-12-30,4334,inferred
East Renfrewshire,2020-12-31,4334,inferred
East Renfrewshire,2021-01-01,4334,inferred
East Renfrewshire,2021-01-02,4334,inferred
East Renfrewshire,2021-01-03,4334,inferred
East Renfrewshire,2021-01-04,4334,inferred
East Renfrewshire,2021-01-05,4334,inferred
East Renfrewshire,2021-01-06,6602,projected
East Renfrewshire,2021-01-07,6602,projected
East Renfrewshire,2021-01-08,6602,projected
East Renfrewshire,2021-01-09,6602,projected
East Renfrewshire,2021-01-10,6602,projected
East Renfrewshire,2021-01-11,6602,projected
East Renfrewshire,2021-01-12,6602,projected
East Renfrewshire,2021-01-13,9729,projected
East Renfrewshire,2021-01-14,9729,projected
East Renfrewshire,2021-01-15,9729,projected
East Renfrewshire,2021-01-16,9729,projected
East Renfrewshire,2021-01-17,9729,projected
East Renfrewshire,2021-01-18,9729,projected
East Renfrewshire,2021-01-19,9729,projected
East Renfrewshire,2021-01-20,14285,projected
East Renfrewshire,2021-01-21,14285,projected
East Renfrewshire,2021-01-22,14285,projected
East Renfrewshire,2021-01-23,14285,projected
East Renfrewshire,2021-01-24,14285,projected
East Renfrewshire,2021-01-25,14285,projected
East Renfrewshire,2021-01-26,14285,projected
East Riding of Yorkshire,2020-09-23,190,inferred
East Riding of Yorkshire,2020-09-24,190,inferred
East Riding of Yorkshire,2020-09-25,190,inferred
East Riding of Yorkshire,2020-09-26,190,inferred
East Riding of Yorkshire,2020-09-27,190,inferred
East Riding of Yorkshire,2020-09-28,190,inferred
East Riding of Yorkshire,2020-09-29,190,inferred
East Riding of Yorkshire,2020-09-30,321,inferred
East Riding of Yorkshire,2020-10-01,321,inferred
East Riding of Yorkshire,2020-10-02,321,inferred
East Riding of Yorkshire,2020-10-03,321,inferred
East Riding of Yorkshire,2020-10-04,321,inferred
East Riding of Yorkshire,2020-10-05,321,inferred
East Riding of Yorkshire,2020-10-06,321,inferred
East Riding of Yorkshire,2020-10-07,432,inferred
East Riding of Yorkshire,2020-10-08,432,inferred
East Riding of Yorkshire,2020-10-09,432,inferred
East Riding of Yorkshire,2020-10-10,432,inferred
East Riding of Yorkshire,2020-10-11,432,inferred
East Riding of Yorkshire,2020-10-12,432,inferred
East Riding of Yorkshire,2020-10-13,432,inferred
East Riding of Yorkshire,2020-10-14,687,inferred
East Riding of Yorkshire,2020-10-15,687,inferred
East Riding of Yorkshire,2020-10-16,687,inferred
East Riding of Yorkshire,2020-10-17,687,inferred
East Riding of Yorkshire,2020-10-18,687,inferred
East Riding of Yorkshire,2020-10-19,687,inferred
East Riding of Yorkshire,2020-10-20,687,inferred
East Riding of Yorkshire,2020-10-21,922,inferred
East Riding of Yorkshire,2020-10-22,922,inferred
East Riding of Yorkshire,2020-10-23,922,inferred
East Riding of Yorkshire,2020-10-24,922,inferred
East Riding of Yorkshire,2020-10-25,922,inferred
East Riding of Yorkshire,2020-10-26,922,inferred
East Riding of Yorkshire,2020-10-27,922,inferred
East Riding of Yorkshire,2020-10-28,1237,inferred
East Riding of Yorkshire,2020-10-29,1237,inferred
East Riding of Yorkshire,2020-10-30,1237,inferred
East Riding of Yorkshire,2020-10-31,1237,inferred
East Riding of Yorkshire,2020-11-01,1237,inferred
East Riding of Yorkshire,2020-11-02,1237,inferred
East Riding of Yorkshire,2020-11-03,1237,inferred
East Riding of Yorkshire,2020-11-04,1667,inferred
East Riding of Yorkshire,2020-11-05,1667,inferred
East Riding of Yorkshire,2020-11-06,1667,inferred
East Riding of Yorkshire,2020-11-07,1667,inferred
East Riding of Yorkshire,2020-11-08,1667,inferred
East Riding of Yorkshire,2020-11-09,1667,inferred
East Riding of Yorkshire,2020-11-10,1667,inferred
East Riding of Yorkshire,2020-11-11,1300,inferred
East Riding of Yorkshire,2020-11-12,1300,inferred
East Riding of Yorkshire,2020-11-13,1300,inferred
East Riding of Yorkshire,2020-11-14,1300,inferred
East Riding of Yorkshire,2020-11-15,1300,inferred
East Riding of Yorkshire,2020-11-16,1300,inferred
East Riding of Yorkshire,2020-11-17,1300,inferred
East Riding of Yorkshire,2020-11-18,812,inferred
East Riding of Yorkshire,2020-11-19,812,inferred
East Riding of Yorkshire,2020-11-20,812,inferred
East Riding of Yorkshire,2020-11-21,812,inferred
East Riding of Yorkshire,2020-11-22,812,inferred
East Riding of Yorkshire,2020-11-23,812,inferred
East Riding of Yorkshire,2020-11-24,812,inferred
East Riding of Yorkshire,2020-11-25,564,inferred
East Riding of Yorkshire,2020-11-26,564,inferred
East Riding of Yorkshire,2020-11-27,564,inferred
East Riding of Yorkshire,2020-11-28,564,inferred
East Riding of Yorkshire,2020-11-29,564,inferred
East Riding of Yorkshire,2020-11-30,564,inferred
East Riding of Yorkshire,2020-12-01,564,inferred
East Riding of Yorkshire,2020-12-02,417,inferred
East Riding of Yorkshire,2020-12-03,417,inferred
East Riding of Yorkshire,2020-12-04,417,inferred
East Riding of Yorkshire,2020-12-05,417,inferred
East Riding of Yorkshire,2020-12-06,417,inferred
East Riding of Yorkshire,2020-12-07,417,inferred
East Riding of Yorkshire,2020-12-08,417,inferred
East Riding of Yorkshire,2020-12-09,536,inferred
East Riding of Yorkshire,2020-12-10,536,inferred
East Riding of Yorkshire,2020-12-11,536,inferred
East Riding of Yorkshire,2020-12-12,536,inferred
East Riding of Yorkshire,2020-12-13,536,inferred
East Riding of Yorkshire,2020-12-14,536,inferred
East Riding of Yorkshire,2020-12-15,536,inferred
East Riding of Yorkshire,2020-12-16,599,inferred
East Riding of Yorkshire,2020-12-17,599,inferred
East Riding of Yorkshire,2020-12-18,599,inferred
East Riding of Yorkshire,2020-12-19,599,inferred
East Riding of Yorkshire,2020-12-20,599,inferred
East Riding of Yorkshire,2020-12-21,599,inferred
East Riding of Yorkshire,2020-12-22,599,inferred
East Riding of Yorkshire,2020-12-23,673,inferred
East Riding of Yorkshire,2020-12-24,673,inferred
East Riding of Yorkshire,2020-12-25,673,inferred
East Riding of Yorkshire,2020-12-26,673,inferred
East Riding of Yorkshire,2020-12-27,673,inferred
East Riding of Yorkshire,2020-12-28,673,inferred
East Riding of Yorkshire,2020-12-29,673,inferred
East Riding of Yorkshire,2020-12-30,781,inferred
East Riding of Yorkshire,2020-12-31,781,inferred
East Riding of Yorkshire,2021-01-01,781,inferred
East Riding of Yorkshire,2021-01-02,781,inferred
East Riding of Yorkshire,2021-01-03,781,inferred
East Riding of Yorkshire,2021-01-04,781,inferred
East Riding of Yorkshire,2021-01-05,781,inferred
East Riding of Yorkshire,2021-01-06,836,projected
East Riding of Yorkshire,2021-01-07,836,projected
East Riding of Yorkshire,2021-01-08,836,projected
East Riding of Yorkshire,2021-01-09,836,projected
East Riding of Yorkshire,2021-01-10,836,projected
East Riding of Yorkshire,2021-01-11,836,projected
East Riding of Yorkshire,2021-01-12,836,projected
East Riding of Yorkshire,2021-01-13,861,projected
East Riding of Yorkshire,2021-01-14,861,projected
East Riding of Yorkshire,2021-01-15,861,projected
East Riding of Yorkshire,2021-01-16,861,projected
East Riding of Yorkshire,2021-01-17,861,projected
East Riding of Yorkshire,2021-01-18,861,projected
East Riding of Yorkshire,2021-01-19,861,projected
East Riding of Yorkshire,2021-01-20,968,projected
East Riding of Yorkshire,2021-01-21,968,projected
East Riding of Yorkshire,2021-01-22,968,projected
East Riding of Yorkshire,2021-01-23,968,projected
East Riding of Yorkshire,2021-01-24,968,projected
East Riding of Yorkshire,2021-01-25,968,projected
East Riding of Yorkshire,2021-01-26,968,projected
East Staffordshire,2020-09-23, 42,inferred
East Staffordshire,2020-09-24, 42,inferred
East Staffordshire,2020-09-25, 42,inferred
East Staffordshire,2020-09-26, 42,inferred
East Staffordshire,2020-09-27, 42,inferred
East Staffordshire,2020-09-28, 42,inferred
East Staffordshire,2020-09-29, 42,inferred
East Staffordshire,2020-09-30, 75,inferred
East Staffordshire,2020-10-01, 75,inferred
East Staffordshire,2020-10-02, 75,inferred
East Staffordshire,2020-10-03, 75,inferred
East Staffordshire,2020-10-04, 75,inferred
East Staffordshire,2020-10-05, 75,inferred
East Staffordshire,2020-10-06, 75,inferred
East Staffordshire,2020-10-07,128,inferred
East Staffordshire,2020-10-08,128,inferred
East Staffordshire,2020-10-09,128,inferred
East Staffordshire,2020-10-10,128,inferred
East Staffordshire,2020-10-11,128,inferred
East Staffordshire,2020-10-12,128,inferred
East Staffordshire,2020-10-13,128,inferred
East Staffordshire,2020-10-14,223,inferred
East Staffordshire,2020-10-15,223,inferred
East Staffordshire,2020-10-16,223,inferred
East Staffordshire,2020-10-17,223,inferred
East Staffordshire,2020-10-18,223,inferred
East Staffordshire,2020-10-19,223,inferred
East Staffordshire,2020-10-20,223,inferred
East Staffordshire,2020-10-21,331,inferred
East Staffordshire,2020-10-22,331,inferred
East Staffordshire,2020-10-23,331,inferred
East Staffordshire,2020-10-24,331,inferred
East Staffordshire,2020-10-25,331,inferred
East Staffordshire,2020-10-26,331,inferred
East Staffordshire,2020-10-27,331,inferred
East Staffordshire,2020-10-28,420,inferred
East Staffordshire,2020-10-29,420,inferred
East Staffordshire,2020-10-30,420,inferred
East Staffordshire,2020-10-31,420,inferred
East Staffordshire,2020-11-01,420,inferred
East Staffordshire,2020-11-02,420,inferred
East Staffordshire,2020-11-03,420,inferred
East Staffordshire,2020-11-04,522,inferred
East Staffordshire,2020-11-05,522,inferred
East Staffordshire,2020-11-06,522,inferred
East Staffordshire,2020-11-07,522,inferred
East Staffordshire,2020-11-08,522,inferred
East Staffordshire,2020-11-09,522,inferred
East Staffordshire,2020-11-10,522,inferred
East Staffordshire,2020-11-11,523,inferred
East Staffordshire,2020-11-12,523,inferred
East Staffordshire,2020-11-13,523,inferred
East Staffordshire,2020-11-14,523,inferred
East Staffordshire,2020-11-15,523,inferred
East Staffordshire,2020-11-16,523,inferred
East Staffordshire,2020-11-17,523,inferred
East Staffordshire,2020-11-18,354,inferred
East Staffordshire,2020-11-19,354,inferred
East Staffordshire,2020-11-20,354,inferred
East Staffordshire,2020-11-21,354,inferred
East Staffordshire,2020-11-22,354,inferred
East Staffordshire,2020-11-23,354,inferred
East Staffordshire,2020-11-24,354,inferred
East Staffordshire,2020-11-25,267,inferred
East Staffordshire,2020-11-26,267,inferred
East Staffordshire,2020-11-27,267,inferred
East Staffordshire,2020-11-28,267,inferred
East Staffordshire,2020-11-29,267,inferred
East Staffordshire,2020-11-30,267,inferred
East Staffordshire,2020-12-01,267,inferred
East Staffordshire,2020-12-02,301,inferred
East Staffordshire,2020-12-03,301,inferred
East Staffordshire,2020-12-04,301,inferred
East Staffordshire,2020-12-05,301,inferred
East Staffordshire,2020-12-06,301,inferred
East Staffordshire,2020-12-07,301,inferred
East Staffordshire,2020-12-08,301,inferred
East Staffordshire,2020-12-09,408,inferred
East Staffordshire,2020-12-10,408,inferred
East Staffordshire,2020-12-11,408,inferred
East Staffordshire,2020-12-12,408,inferred
East Staffordshire,2020-12-13,408,inferred
East Staffordshire,2020-12-14,408,inferred
East Staffordshire,2020-12-15,408,inferred
East Staffordshire,2020-12-16,410,inferred
East Staffordshire,2020-12-17,410,inferred
East Staffordshire,2020-12-18,410,inferred
East Staffordshire,2020-12-19,410,inferred
East Staffordshire,2020-12-20,410,inferred
East Staffordshire,2020-12-21,410,inferred
East Staffordshire,2020-12-22,410,inferred
East Staffordshire,2020-12-23,490,inferred
East Staffordshire,2020-12-24,490,inferred
East Staffordshire,2020-12-25,490,inferred
East Staffordshire,2020-12-26,490,inferred
East Staffordshire,2020-12-27,490,inferred
East Staffordshire,2020-12-28,490,inferred
East Staffordshire,2020-12-29,490,inferred
East Staffordshire,2020-12-30,773,inferred
East Staffordshire,2020-12-31,773,inferred
East Staffordshire,2021-01-01,773,inferred
East Staffordshire,2021-01-02,773,inferred
East Staffordshire,2021-01-03,773,inferred
East Staffordshire,2021-01-04,773,inferred
East Staffordshire,2021-01-05,773,inferred
East Staffordshire,2021-01-06,778,projected
East Staffordshire,2021-01-07,778,projected
East Staffordshire,2021-01-08,778,projected
East Staffordshire,2021-01-09,778,projected
East Staffordshire,2021-01-10,778,projected
East Staffordshire,2021-01-11,778,projected
East Staffordshire,2021-01-12,778,projected
East Staffordshire,2021-01-13,757,projected
East Staffordshire,2021-01-14,757,projected
East Staffordshire,2021-01-15,757,projected
East Staffordshire,2021-01-16,757,projected
East Staffordshire,2021-01-17,757,projected
East Staffordshire,2021-01-18,757,projected
East Staffordshire,2021-01-19,757,projected
East Staffordshire,2021-01-20,735,projected
East Staffordshire,2021-01-21,735,projected
East Staffordshire,2021-01-22,735,projected
East Staffordshire,2021-01-23,735,projected
East Staffordshire,2021-01-24,735,projected
East Staffordshire,2021-01-25,735,projected
East Staffordshire,2021-01-26,735,projected
East Suffolk,2020-09-23, 38,inferred
East Suffolk,2020-09-24, 38,inferred
East Suffolk,2020-09-25, 38,inferred
East Suffolk,2020-09-26, 38,inferred
East Suffolk,2020-09-27, 38,inferred
East Suffolk,2020-09-28, 38,inferred
East Suffolk,2020-09-29, 38,inferred
East Suffolk,2020-09-30, 63,inferred
East Suffolk,2020-10-01, 63,inferred
East Suffolk,2020-10-02, 63,inferred
East Suffolk,2020-10-03, 63,inferred
East Suffolk,2020-10-04, 63,inferred
East Suffolk,2020-10-05, 63,inferred
East Suffolk,2020-10-06, 63,inferred
East Suffolk,2020-10-07, 84,inferred
East Suffolk,2020-10-08, 84,inferred
East Suffolk,2020-10-09, 84,inferred
East Suffolk,2020-10-10, 84,inferred
East Suffolk,2020-10-11, 84,inferred
East Suffolk,2020-10-12, 84,inferred
East Suffolk,2020-10-13, 84,inferred
East Suffolk,2020-10-14,115,inferred
East Suffolk,2020-10-15,115,inferred
East Suffolk,2020-10-16,115,inferred
East Suffolk,2020-10-17,115,inferred
East Suffolk,2020-10-18,115,inferred
East Suffolk,2020-10-19,115,inferred
East Suffolk,2020-10-20,115,inferred
East Suffolk,2020-10-21,126,inferred
East Suffolk,2020-10-22,126,inferred
East Suffolk,2020-10-23,126,inferred
East Suffolk,2020-10-24,126,inferred
East Suffolk,2020-10-25,126,inferred
East Suffolk,2020-10-26,126,inferred
East Suffolk,2020-10-27,126,inferred
East Suffolk,2020-10-28,140,inferred
East Suffolk,2020-10-29,140,inferred
East Suffolk,2020-10-30,140,inferred
East Suffolk,2020-10-31,140,inferred
East Suffolk,2020-11-01,140,inferred
East Suffolk,2020-11-02,140,inferred
East Suffolk,2020-11-03,140,inferred
East Suffolk,2020-11-04,208,inferred
East Suffolk,2020-11-05,208,inferred
East Suffolk,2020-11-06,208,inferred
East Suffolk,2020-11-07,208,inferred
East Suffolk,2020-11-08,208,inferred
East Suffolk,2020-11-09,208,inferred
East Suffolk,2020-11-10,208,inferred
East Suffolk,2020-11-11,207,inferred
East Suffolk,2020-11-12,207,inferred
East Suffolk,2020-11-13,207,inferred
East Suffolk,2020-11-14,207,inferred
East Suffolk,2020-11-15,207,inferred
East Suffolk,2020-11-16,207,inferred
East Suffolk,2020-11-17,207,inferred
East Suffolk,2020-11-18,150,inferred
East Suffolk,2020-11-19,150,inferred
East Suffolk,2020-11-20,150,inferred
East Suffolk,2020-11-21,150,inferred
East Suffolk,2020-11-22,150,inferred
East Suffolk,2020-11-23,150,inferred
East Suffolk,2020-11-24,150,inferred
East Suffolk,2020-11-25,125,inferred
East Suffolk,2020-11-26,125,inferred
East Suffolk,2020-11-27,125,inferred
East Suffolk,2020-11-28,125,inferred
East Suffolk,2020-11-29,125,inferred
East Suffolk,2020-11-30,125,inferred
East Suffolk,2020-12-01,125,inferred
East Suffolk,2020-12-02,184,inferred
East Suffolk,2020-12-03,184,inferred
East Suffolk,2020-12-04,184,inferred
East Suffolk,2020-12-05,184,inferred
East Suffolk,2020-12-06,184,inferred
East Suffolk,2020-12-07,184,inferred
East Suffolk,2020-12-08,184,inferred
East Suffolk,2020-12-09,310,inferred
East Suffolk,2020-12-10,310,inferred
East Suffolk,2020-12-11,310,inferred
East Suffolk,2020-12-12,310,inferred
East Suffolk,2020-12-13,310,inferred
East Suffolk,2020-12-14,310,inferred
East Suffolk,2020-12-15,310,inferred
East Suffolk,2020-12-16,457,inferred
East Suffolk,2020-12-17,457,inferred
East Suffolk,2020-12-18,457,inferred
East Suffolk,2020-12-19,457,inferred
East Suffolk,2020-12-20,457,inferred
East Suffolk,2020-12-21,457,inferred
East Suffolk,2020-12-22,457,inferred
East Suffolk,2020-12-23,712,inferred
East Suffolk,2020-12-24,712,inferred
East Suffolk,2020-12-25,712,inferred
East Suffolk,2020-12-26,712,inferred
East Suffolk,2020-12-27,712,inferred
East Suffolk,2020-12-28,712,inferred
East Suffolk,2020-12-29,712,inferred
East Suffolk,2020-12-30,1149,inferred
East Suffolk,2020-12-31,1149,inferred
East Suffolk,2021-01-01,1149,inferred
East Suffolk,2021-01-02,1149,inferred
East Suffolk,2021-01-03,1149,inferred
East Suffolk,2021-01-04,1149,inferred
East Suffolk,2021-01-05,1149,inferred
East Suffolk,2021-01-06,1480,projected
East Suffolk,2021-01-07,1480,projected
East Suffolk,2021-01-08,1480,projected
East Suffolk,2021-01-09,1480,projected
East Suffolk,2021-01-10,1480,projected
East Suffolk,2021-01-11,1480,projected
East Suffolk,2021-01-12,1480,projected
East Suffolk,2021-01-13,1860,projected
East Suffolk,2021-01-14,1860,projected
East Suffolk,2021-01-15,1860,projected
East Suffolk,2021-01-16,1860,projected
East Suffolk,2021-01-17,1860,projected
East Suffolk,2021-01-18,1860,projected
East Suffolk,2021-01-19,1860,projected
East Suffolk,2021-01-20,2130,projected
East Suffolk,2021-01-21,2130,projected
East Suffolk,2021-01-22,2130,projected
East Suffolk,2021-01-23,2130,projected
East Suffolk,2021-01-24,2130,projected
East Suffolk,2021-01-25,2130,projected
East Suffolk,2021-01-26,2130,projected
Eastbourne,2020-09-23, 22,inferred
Eastbourne,2020-09-24, 22,inferred
Eastbourne,2020-09-25, 22,inferred
Eastbourne,2020-09-26, 22,inferred
Eastbourne,2020-09-27, 22,inferred
Eastbourne,2020-09-28, 22,inferred
Eastbourne,2020-09-29, 22,inferred
Eastbourne,2020-09-30, 34,inferred
Eastbourne,2020-10-01, 34,inferred
Eastbourne,2020-10-02, 34,inferred
Eastbourne,2020-10-03, 34,inferred
Eastbourne,2020-10-04, 34,inferred
Eastbourne,2020-10-05, 34,inferred
Eastbourne,2020-10-06, 34,inferred
Eastbourne,2020-10-07, 17,inferred
Eastbourne,2020-10-08, 17,inferred
Eastbourne,2020-10-09, 17,inferred
Eastbourne,2020-10-10, 17,inferred
Eastbourne,2020-10-11, 17,inferred
Eastbourne,2020-10-12, 17,inferred
Eastbourne,2020-10-13, 17,inferred
Eastbourne,2020-10-14, 63,inferred
Eastbourne,2020-10-15, 63,inferred
Eastbourne,2020-10-16, 63,inferred
Eastbourne,2020-10-17, 63,inferred
Eastbourne,2020-10-18, 63,inferred
Eastbourne,2020-10-19, 63,inferred
Eastbourne,2020-10-20, 63,inferred
Eastbourne,2020-10-21, 87,inferred
Eastbourne,2020-10-22, 87,inferred
Eastbourne,2020-10-23, 87,inferred
Eastbourne,2020-10-24, 87,inferred
Eastbourne,2020-10-25, 87,inferred
Eastbourne,2020-10-26, 87,inferred
Eastbourne,2020-10-27, 87,inferred
Eastbourne,2020-10-28, 95,inferred
Eastbourne,2020-10-29, 95,inferred
Eastbourne,2020-10-30, 95,inferred
Eastbourne,2020-10-31, 95,inferred
Eastbourne,2020-11-01, 95,inferred
Eastbourne,2020-11-02, 95,inferred
Eastbourne,2020-11-03, 95,inferred
Eastbourne,2020-11-04, 95,inferred
Eastbourne,2020-11-05, 95,inferred
Eastbourne,2020-11-06, 95,inferred
Eastbourne,2020-11-07, 95,inferred
Eastbourne,2020-11-08, 95,inferred
Eastbourne,2020-11-09, 95,inferred
Eastbourne,2020-11-10, 95,inferred
Eastbourne,2020-11-11,155,inferred
Eastbourne,2020-11-12,155,inferred
Eastbourne,2020-11-13,155,inferred
Eastbourne,2020-11-14,155,inferred
Eastbourne,2020-11-15,155,inferred
Eastbourne,2020-11-16,155,inferred
Eastbourne,2020-11-17,155,inferred
Eastbourne,2020-11-18,101,inferred
Eastbourne,2020-11-19,101,inferred
Eastbourne,2020-11-20,101,inferred
Eastbourne,2020-11-21,101,inferred
Eastbourne,2020-11-22,101,inferred
Eastbourne,2020-11-23,101,inferred
Eastbourne,2020-11-24,101,inferred
Eastbourne,2020-11-25, 64,inferred
Eastbourne,2020-11-26, 64,inferred
Eastbourne,2020-11-27, 64,inferred
Eastbourne,2020-11-28, 64,inferred
Eastbourne,2020-11-29, 64,inferred
Eastbourne,2020-11-30, 64,inferred
Eastbourne,2020-12-01, 64,inferred
Eastbourne,2020-12-02, 78,inferred
Eastbourne,2020-12-03, 78,inferred
Eastbourne,2020-12-04, 78,inferred
Eastbourne,2020-12-05, 78,inferred
Eastbourne,2020-12-06, 78,inferred
Eastbourne,2020-12-07, 78,inferred
Eastbourne,2020-12-08, 78,inferred
Eastbourne,2020-12-09,250,inferred
Eastbourne,2020-12-10,250,inferred
Eastbourne,2020-12-11,250,inferred
Eastbourne,2020-12-12,250,inferred
Eastbourne,2020-12-13,250,inferred
Eastbourne,2020-12-14,250,inferred
Eastbourne,2020-12-15,250,inferred
Eastbourne,2020-12-16,470,inferred
Eastbourne,2020-12-17,470,inferred
Eastbourne,2020-12-18,470,inferred
Eastbourne,2020-12-19,470,inferred
Eastbourne,2020-12-20,470,inferred
Eastbourne,2020-12-21,470,inferred
Eastbourne,2020-12-22,470,inferred
Eastbourne,2020-12-23,609,inferred
Eastbourne,2020-12-24,609,inferred
Eastbourne,2020-12-25,609,inferred
Eastbourne,2020-12-26,609,inferred
Eastbourne,2020-12-27,609,inferred
Eastbourne,2020-12-28,609,inferred
Eastbourne,2020-12-29,609,inferred
Eastbourne,2020-12-30,1047,inferred
Eastbourne,2020-12-31,1047,inferred
Eastbourne,2021-01-01,1047,inferred
Eastbourne,2021-01-02,1047,inferred
Eastbourne,2021-01-03,1047,inferred
Eastbourne,2021-01-04,1047,inferred
Eastbourne,2021-01-05,1047,inferred
Eastbourne,2021-01-06,1380,projected
Eastbourne,2021-01-07,1380,projected
Eastbourne,2021-01-08,1380,projected
Eastbourne,2021-01-09,1380,projected
Eastbourne,2021-01-10,1380,projected
Eastbourne,2021-01-11,1380,projected
Eastbourne,2021-01-12,1380,projected
Eastbourne,2021-01-13,1783,projected
Eastbourne,2021-01-14,1783,projected
Eastbourne,2021-01-15,1783,projected
Eastbourne,2021-01-16,1783,projected
Eastbourne,2021-01-17,1783,projected
Eastbourne,2021-01-18,1783,projected
Eastbourne,2021-01-19,1783,projected
Eastbourne,2021-01-20,2121,projected
Eastbourne,2021-01-21,2121,projected
Eastbourne,2021-01-22,2121,projected
Eastbourne,2021-01-23,2121,projected
Eastbourne,2021-01-24,2121,projected
Eastbourne,2021-01-25,2121,projected
Eastbourne,2021-01-26,2121,projected
Eastleigh,2020-09-23, 13,inferred
Eastleigh,2020-09-24, 13,inferred
Eastleigh,2020-09-25, 13,inferred
Eastleigh,2020-09-26, 13,inferred
Eastleigh,2020-09-27, 13,inferred
Eastleigh,2020-09-28, 13,inferred
Eastleigh,2020-09-29, 13,inferred
Eastleigh,2020-09-30, 51,inferred
Eastleigh,2020-10-01, 51,inferred
Eastleigh,2020-10-02, 51,inferred
Eastleigh,2020-10-03, 51,inferred
Eastleigh,2020-10-04, 51,inferred
Eastleigh,2020-10-05, 51,inferred
Eastleigh,2020-10-06, 51,inferred
Eastleigh,2020-10-07, 93,inferred
Eastleigh,2020-10-08, 93,inferred
Eastleigh,2020-10-09, 93,inferred
Eastleigh,2020-10-10, 93,inferred
Eastleigh,2020-10-11, 93,inferred
Eastleigh,2020-10-12, 93,inferred
Eastleigh,2020-10-13, 93,inferred
Eastleigh,2020-10-14,124,inferred
Eastleigh,2020-10-15,124,inferred
Eastleigh,2020-10-16,124,inferred
Eastleigh,2020-10-17,124,inferred
Eastleigh,2020-10-18,124,inferred
Eastleigh,2020-10-19,124,inferred
Eastleigh,2020-10-20,124,inferred
Eastleigh,2020-10-21,202,inferred
Eastleigh,2020-10-22,202,inferred
Eastleigh,2020-10-23,202,inferred
Eastleigh,2020-10-24,202,inferred
Eastleigh,2020-10-25,202,inferred
Eastleigh,2020-10-26,202,inferred
Eastleigh,2020-10-27,202,inferred
Eastleigh,2020-10-28,211,inferred
Eastleigh,2020-10-29,211,inferred
Eastleigh,2020-10-30,211,inferred
Eastleigh,2020-10-31,211,inferred
Eastleigh,2020-11-01,211,inferred
Eastleigh,2020-11-02,211,inferred
Eastleigh,2020-11-03,211,inferred
Eastleigh,2020-11-04,185,inferred
Eastleigh,2020-11-05,185,inferred
Eastleigh,2020-11-06,185,inferred
Eastleigh,2020-11-07,185,inferred
Eastleigh,2020-11-08,185,inferred
Eastleigh,2020-11-09,185,inferred
Eastleigh,2020-11-10,185,inferred
Eastleigh,2020-11-11,153,inferred
Eastleigh,2020-11-12,153,inferred
Eastleigh,2020-11-13,153,inferred
Eastleigh,2020-11-14,153,inferred
Eastleigh,2020-11-15,153,inferred
Eastleigh,2020-11-16,153,inferred
Eastleigh,2020-11-17,153,inferred
Eastleigh,2020-11-18, 95,inferred
Eastleigh,2020-11-19, 95,inferred
Eastleigh,2020-11-20, 95,inferred
Eastleigh,2020-11-21, 95,inferred
Eastleigh,2020-11-22, 95,inferred
Eastleigh,2020-11-23, 95,inferred
Eastleigh,2020-11-24, 95,inferred
Eastleigh,2020-11-25, 71,inferred
Eastleigh,2020-11-26, 71,inferred
Eastleigh,2020-11-27, 71,inferred
Eastleigh,2020-11-28, 71,inferred
Eastleigh,2020-11-29, 71,inferred
Eastleigh,2020-11-30, 71,inferred
Eastleigh,2020-12-01, 71,inferred
Eastleigh,2020-12-02, 77,inferred
Eastleigh,2020-12-03, 77,inferred
Eastleigh,2020-12-04, 77,inferred
Eastleigh,2020-12-05, 77,inferred
Eastleigh,2020-12-06, 77,inferred
Eastleigh,2020-12-07, 77,inferred
Eastleigh,2020-12-08, 77,inferred
Eastleigh,2020-12-09,104,inferred
Eastleigh,2020-12-10,104,inferred
Eastleigh,2020-12-11,104,inferred
Eastleigh,2020-12-12,104,inferred
Eastleigh,2020-12-13,104,inferred
Eastleigh,2020-12-14,104,inferred
Eastleigh,2020-12-15,104,inferred
Eastleigh,2020-12-16,274,inferred
Eastleigh,2020-12-17,274,inferred
Eastleigh,2020-12-18,274,inferred
Eastleigh,2020-12-19,274,inferred
Eastleigh,2020-12-20,274,inferred
Eastleigh,2020-12-21,274,inferred
Eastleigh,2020-12-22,274,inferred
Eastleigh,2020-12-23,506,inferred
Eastleigh,2020-12-24,506,inferred
Eastleigh,2020-12-25,506,inferred
Eastleigh,2020-12-26,506,inferred
Eastleigh,2020-12-27,506,inferred
Eastleigh,2020-12-28,506,inferred
Eastleigh,2020-12-29,506,inferred
Eastleigh,2020-12-30,686,inferred
Eastleigh,2020-12-31,686,inferred
Eastleigh,2021-01-01,686,inferred
Eastleigh,2021-01-02,686,inferred
Eastleigh,2021-01-03,686,inferred
Eastleigh,2021-01-04,686,inferred
Eastleigh,2021-01-05,686,inferred
Eastleigh,2021-01-06,710,projected
Eastleigh,2021-01-07,710,projected
Eastleigh,2021-01-08,710,projected
Eastleigh,2021-01-09,710,projected
Eastleigh,2021-01-10,710,projected
Eastleigh,2021-01-11,710,projected
Eastleigh,2021-01-12,710,projected
Eastleigh,2021-01-13,693,projected
Eastleigh,2021-01-14,693,projected
Eastleigh,2021-01-15,693,projected
Eastleigh,2021-01-16,693,projected
Eastleigh,2021-01-17,693,projected
Eastleigh,2021-01-18,693,projected
Eastleigh,2021-01-19,693,projected
Eastleigh,2021-01-20,703,projected
Eastleigh,2021-01-21,703,projected
Eastleigh,2021-01-22,703,projected
Eastleigh,2021-01-23,703,projected
Eastleigh,2021-01-24,703,projected
Eastleigh,2021-01-25,703,projected
Eastleigh,2021-01-26,703,projected
Eden,2020-09-23,  5,inferred
Eden,2020-09-24,  5,inferred
Eden,2020-09-25,  5,inferred
Eden,2020-09-26,  5,inferred
Eden,2020-09-27,  5,inferred
Eden,2020-09-28,  5,inferred
Eden,2020-09-29,  5,inferred
Eden,2020-09-30, 13,inferred
Eden,2020-10-01, 13,inferred
Eden,2020-10-02, 13,inferred
Eden,2020-10-03, 13,inferred
Eden,2020-10-04, 13,inferred
Eden,2020-10-05, 13,inferred
Eden,2020-10-06, 13,inferred
Eden,2020-10-07, 72,inferred
Eden,2020-10-08, 72,inferred
Eden,2020-10-09, 72,inferred
Eden,2020-10-10, 72,inferred
Eden,2020-10-11, 72,inferred
Eden,2020-10-12, 72,inferred
Eden,2020-10-13, 72,inferred
Eden,2020-10-14,120,inferred
Eden,2020-10-15,120,inferred
Eden,2020-10-16,120,inferred
Eden,2020-10-17,120,inferred
Eden,2020-10-18,120,inferred
Eden,2020-10-19,120,inferred
Eden,2020-10-20,120,inferred
Eden,2020-10-21, 94,inferred
Eden,2020-10-22, 94,inferred
Eden,2020-10-23, 94,inferred
Eden,2020-10-24, 94,inferred
Eden,2020-10-25, 94,inferred
Eden,2020-10-26, 94,inferred
Eden,2020-10-27, 94,inferred
Eden,2020-10-28,101,inferred
Eden,2020-10-29,101,inferred
Eden,2020-10-30,101,inferred
Eden,2020-10-31,101,inferred
Eden,2020-11-01,101,inferred
Eden,2020-11-02,101,inferred
Eden,2020-11-03,101,inferred
Eden,2020-11-04,125,inferred
Eden,2020-11-05,125,inferred
Eden,2020-11-06,125,inferred
Eden,2020-11-07,125,inferred
Eden,2020-11-08,125,inferred
Eden,2020-11-09,125,inferred
Eden,2020-11-10,125,inferred
Eden,2020-11-11, 76,inferred
Eden,2020-11-12, 76,inferred
Eden,2020-11-13, 76,inferred
Eden,2020-11-14, 76,inferred
Eden,2020-11-15, 76,inferred
Eden,2020-11-16, 76,inferred
Eden,2020-11-17, 76,inferred
Eden,2020-11-18, 43,inferred
Eden,2020-11-19, 43,inferred
Eden,2020-11-20, 43,inferred
Eden,2020-11-21, 43,inferred
Eden,2020-11-22, 43,inferred
Eden,2020-11-23, 43,inferred
Eden,2020-11-24, 43,inferred
Eden,2020-11-25, 22,inferred
Eden,2020-11-26, 22,inferred
Eden,2020-11-27, 22,inferred
Eden,2020-11-28, 22,inferred
Eden,2020-11-29, 22,inferred
Eden,2020-11-30, 22,inferred
Eden,2020-12-01, 22,inferred
Eden,2020-12-02, 42,inferred
Eden,2020-12-03, 42,inferred
Eden,2020-12-04, 42,inferred
Eden,2020-12-05, 42,inferred
Eden,2020-12-06, 42,inferred
Eden,2020-12-07, 42,inferred
Eden,2020-12-08, 42,inferred
Eden,2020-12-09,107,inferred
Eden,2020-12-10,107,inferred
Eden,2020-12-11,107,inferred
Eden,2020-12-12,107,inferred
Eden,2020-12-13,107,inferred
Eden,2020-12-14,107,inferred
Eden,2020-12-15,107,inferred
Eden,2020-12-16,225,inferred
Eden,2020-12-17,225,inferred
Eden,2020-12-18,225,inferred
Eden,2020-12-19,225,inferred
Eden,2020-12-20,225,inferred
Eden,2020-12-21,225,inferred
Eden,2020-12-22,225,inferred
Eden,2020-12-23,304,inferred
Eden,2020-12-24,304,inferred
Eden,2020-12-25,304,inferred
Eden,2020-12-26,304,inferred
Eden,2020-12-27,304,inferred
Eden,2020-12-28,304,inferred
Eden,2020-12-29,304,inferred
Eden,2020-12-30,413,inferred
Eden,2020-12-31,413,inferred
Eden,2021-01-01,413,inferred
Eden,2021-01-02,413,inferred
Eden,2021-01-03,413,inferred
Eden,2021-01-04,413,inferred
Eden,2021-01-05,413,inferred
Eden,2021-01-06,442,projected
Eden,2021-01-07,442,projected
Eden,2021-01-08,442,projected
Eden,2021-01-09,442,projected
Eden,2021-01-10,442,projected
Eden,2021-01-11,442,projected
Eden,2021-01-12,442,projected
Eden,2021-01-13,487,projected
Eden,2021-01-14,487,projected
Eden,2021-01-15,487,projected
Eden,2021-01-16,487,projected
Eden,2021-01-17,487,projected
Eden,2021-01-18,487,projected
Eden,2021-01-19,487,projected
Eden,2021-01-20,570,projected
Eden,2021-01-21,570,projected
Eden,2021-01-22,570,projected
Eden,2021-01-23,570,projected
Eden,2021-01-24,570,projected
Eden,2021-01-25,570,projected
Eden,2021-01-26,570,projected
Elmbridge,2020-09-23, 38,inferred
Elmbridge,2020-09-24, 38,inferred
Elmbridge,2020-09-25, 38,inferred
Elmbridge,2020-09-26, 38,inferred
Elmbridge,2020-09-27, 38,inferred
Elmbridge,2020-09-28, 38,inferred
Elmbridge,2020-09-29, 38,inferred
Elmbridge,2020-09-30,129,inferred
Elmbridge,2020-10-01,129,inferred
Elmbridge,2020-10-02,129,inferred
Elmbridge,2020-10-03,129,inferred
Elmbridge,2020-10-04,129,inferred
Elmbridge,2020-10-05,129,inferred
Elmbridge,2020-10-06,129,inferred
Elmbridge,2020-10-07,165,inferred
Elmbridge,2020-10-08,165,inferred
Elmbridge,2020-10-09,165,inferred
Elmbridge,2020-10-10,165,inferred
Elmbridge,2020-10-11,165,inferred
Elmbridge,2020-10-12,165,inferred
Elmbridge,2020-10-13,165,inferred
Elmbridge,2020-10-14,186,inferred
Elmbridge,2020-10-15,186,inferred
Elmbridge,2020-10-16,186,inferred
Elmbridge,2020-10-17,186,inferred
Elmbridge,2020-10-18,186,inferred
Elmbridge,2020-10-19,186,inferred
Elmbridge,2020-10-20,186,inferred
Elmbridge,2020-10-21,139,inferred
Elmbridge,2020-10-22,139,inferred
Elmbridge,2020-10-23,139,inferred
Elmbridge,2020-10-24,139,inferred
Elmbridge,2020-10-25,139,inferred
Elmbridge,2020-10-26,139,inferred
Elmbridge,2020-10-27,139,inferred
Elmbridge,2020-10-28,133,inferred
Elmbridge,2020-10-29,133,inferred
Elmbridge,2020-10-30,133,inferred
Elmbridge,2020-10-31,133,inferred
Elmbridge,2020-11-01,133,inferred
Elmbridge,2020-11-02,133,inferred
Elmbridge,2020-11-03,133,inferred
Elmbridge,2020-11-04,186,inferred
Elmbridge,2020-11-05,186,inferred
Elmbridge,2020-11-06,186,inferred
Elmbridge,2020-11-07,186,inferred
Elmbridge,2020-11-08,186,inferred
Elmbridge,2020-11-09,186,inferred
Elmbridge,2020-11-10,186,inferred
Elmbridge,2020-11-11,192,inferred
Elmbridge,2020-11-12,192,inferred
Elmbridge,2020-11-13,192,inferred
Elmbridge,2020-11-14,192,inferred
Elmbridge,2020-11-15,192,inferred
Elmbridge,2020-11-16,192,inferred
Elmbridge,2020-11-17,192,inferred
Elmbridge,2020-11-18,116,inferred
Elmbridge,2020-11-19,116,inferred
Elmbridge,2020-11-20,116,inferred
Elmbridge,2020-11-21,116,inferred
Elmbridge,2020-11-22,116,inferred
Elmbridge,2020-11-23,116,inferred
Elmbridge,2020-11-24,116,inferred
Elmbridge,2020-11-25,142,inferred
Elmbridge,2020-11-26,142,inferred
Elmbridge,2020-11-27,142,inferred
Elmbridge,2020-11-28,142,inferred
Elmbridge,2020-11-29,142,inferred
Elmbridge,2020-11-30,142,inferred
Elmbridge,2020-12-01,142,inferred
Elmbridge,2020-12-02,174,inferred
Elmbridge,2020-12-03,174,inferred
Elmbridge,2020-12-04,174,inferred
Elmbridge,2020-12-05,174,inferred
Elmbridge,2020-12-06,174,inferred
Elmbridge,2020-12-07,174,inferred
Elmbridge,2020-12-08,174,inferred
Elmbridge,2020-12-09,339,inferred
Elmbridge,2020-12-10,339,inferred
Elmbridge,2020-12-11,339,inferred
Elmbridge,2020-12-12,339,inferred
Elmbridge,2020-12-13,339,inferred
Elmbridge,2020-12-14,339,inferred
Elmbridge,2020-12-15,339,inferred
Elmbridge,2020-12-16,781,inferred
Elmbridge,2020-12-17,781,inferred
Elmbridge,2020-12-18,781,inferred
Elmbridge,2020-12-19,781,inferred
Elmbridge,2020-12-20,781,inferred
Elmbridge,2020-12-21,781,inferred
Elmbridge,2020-12-22,781,inferred
Elmbridge,2020-12-23,890,inferred
Elmbridge,2020-12-24,890,inferred
Elmbridge,2020-12-25,890,inferred
Elmbridge,2020-12-26,890,inferred
Elmbridge,2020-12-27,890,inferred
Elmbridge,2020-12-28,890,inferred
Elmbridge,2020-12-29,890,inferred
Elmbridge,2020-12-30,998,inferred
Elmbridge,2020-12-31,998,inferred
Elmbridge,2021-01-01,998,inferred
Elmbridge,2021-01-02,998,inferred
Elmbridge,2021-01-03,998,inferred
Elmbridge,2021-01-04,998,inferred
Elmbridge,2021-01-05,998,inferred
Elmbridge,2021-01-06,651,projected
Elmbridge,2021-01-07,651,projected
Elmbridge,2021-01-08,651,projected
Elmbridge,2021-01-09,651,projected
Elmbridge,2021-01-10,651,projected
Elmbridge,2021-01-11,651,projected
Elmbridge,2021-01-12,651,projected
Elmbridge,2021-01-13,422,projected
Elmbridge,2021-01-14,422,projected
Elmbridge,2021-01-15,422,projected
Elmbridge,2021-01-16,422,projected
Elmbridge,2021-01-17,422,projected
Elmbridge,2021-01-18,422,projected
Elmbridge,2021-01-19,422,projected
Elmbridge,2021-01-20,299,projected
Elmbridge,2021-01-21,299,projected
Elmbridge,2021-01-22,299,projected
Elmbridge,2021-01-23,299,projected
Elmbridge,2021-01-24,299,projected
Elmbridge,2021-01-25,299,projected
Elmbridge,2021-01-26,299,projected
Enfield,2020-09-23,174,inferred
Enfield,2020-09-24,174,inferred
Enfield,2020-09-25,174,inferred
Enfield,2020-09-26,174,inferred
Enfield,2020-09-27,174,inferred
Enfield,2020-09-28,174,inferred
Enfield,2020-09-29,174,inferred
Enfield,2020-09-30,229,inferred
Enfield,2020-10-01,229,inferred
Enfield,2020-10-02,229,inferred
Enfield,2020-10-03,229,inferred
Enfield,2020-10-04,229,inferred
Enfield,2020-10-05,229,inferred
Enfield,2020-10-06,229,inferred
Enfield,2020-10-07,322,inferred
Enfield,2020-10-08,322,inferred
Enfield,2020-10-09,322,inferred
Enfield,2020-10-10,322,inferred
Enfield,2020-10-11,322,inferred
Enfield,2020-10-12,322,inferred
Enfield,2020-10-13,322,inferred
Enfield,2020-10-14,549,inferred
Enfield,2020-10-15,549,inferred
Enfield,2020-10-16,549,inferred
Enfield,2020-10-17,549,inferred
Enfield,2020-10-18,549,inferred
Enfield,2020-10-19,549,inferred
Enfield,2020-10-20,549,inferred
Enfield,2020-10-21,510,inferred
Enfield,2020-10-22,510,inferred
Enfield,2020-10-23,510,inferred
Enfield,2020-10-24,510,inferred
Enfield,2020-10-25,510,inferred
Enfield,2020-10-26,510,inferred
Enfield,2020-10-27,510,inferred
Enfield,2020-10-28,489,inferred
Enfield,2020-10-29,489,inferred
Enfield,2020-10-30,489,inferred
Enfield,2020-10-31,489,inferred
Enfield,2020-11-01,489,inferred
Enfield,2020-11-02,489,inferred
Enfield,2020-11-03,489,inferred
Enfield,2020-11-04,546,inferred
Enfield,2020-11-05,546,inferred
Enfield,2020-11-06,546,inferred
Enfield,2020-11-07,546,inferred
Enfield,2020-11-08,546,inferred
Enfield,2020-11-09,546,inferred
Enfield,2020-11-10,546,inferred
Enfield,2020-11-11,772,inferred
Enfield,2020-11-12,772,inferred
Enfield,2020-11-13,772,inferred
Enfield,2020-11-14,772,inferred
Enfield,2020-11-15,772,inferred
Enfield,2020-11-16,772,inferred
Enfield,2020-11-17,772,inferred
Enfield,2020-11-18,635,inferred
Enfield,2020-11-19,635,inferred
Enfield,2020-11-20,635,inferred
Enfield,2020-11-21,635,inferred
Enfield,2020-11-22,635,inferred
Enfield,2020-11-23,635,inferred
Enfield,2020-11-24,635,inferred
Enfield,2020-11-25,584,inferred
Enfield,2020-11-26,584,inferred
Enfield,2020-11-27,584,inferred
Enfield,2020-11-28,584,inferred
Enfield,2020-11-29,584,inferred
Enfield,2020-11-30,584,inferred
Enfield,2020-12-01,584,inferred
Enfield,2020-12-02,1023,inferred
Enfield,2020-12-03,1023,inferred
Enfield,2020-12-04,1023,inferred
Enfield,2020-12-05,1023,inferred
Enfield,2020-12-06,1023,inferred
Enfield,2020-12-07,1023,inferred
Enfield,2020-12-08,1023,inferred
Enfield,2020-12-09,2190,inferred
Enfield,2020-12-10,2190,inferred
Enfield,2020-12-11,2190,inferred
Enfield,2020-12-12,2190,inferred
Enfield,2020-12-13,2190,inferred
Enfield,2020-12-14,2190,inferred
Enfield,2020-12-15,2190,inferred
Enfield,2020-12-16,3242,inferred
Enfield,2020-12-17,3242,inferred
Enfield,2020-12-18,3242,inferred
Enfield,2020-12-19,3242,inferred
Enfield,2020-12-20,3242,inferred
Enfield,2020-12-21,3242,inferred
Enfield,2020-12-22,3242,inferred
Enfield,2020-12-23,3874,inferred
Enfield,2020-12-24,3874,inferred
Enfield,2020-12-25,3874,inferred
Enfield,2020-12-26,3874,inferred
Enfield,2020-12-27,3874,inferred
Enfield,2020-12-28,3874,inferred
Enfield,2020-12-29,3874,inferred
Enfield,2020-12-30,4301,inferred
Enfield,2020-12-31,4301,inferred
Enfield,2021-01-01,4301,inferred
Enfield,2021-01-02,4301,inferred
Enfield,2021-01-03,4301,inferred
Enfield,2021-01-04,4301,inferred
Enfield,2021-01-05,4301,inferred
Enfield,2021-01-06,3541,projected
Enfield,2021-01-07,3541,projected
Enfield,2021-01-08,3541,projected
Enfield,2021-01-09,3541,projected
Enfield,2021-01-10,3541,projected
Enfield,2021-01-11,3541,projected
Enfield,2021-01-12,3541,projected
Enfield,2021-01-13,2860,projected
Enfield,2021-01-14,2860,projected
Enfield,2021-01-15,2860,projected
Enfield,2021-01-16,2860,projected
Enfield,2021-01-17,2860,projected
Enfield,2021-01-18,2860,projected
Enfield,2021-01-19,2860,projected
Enfield,2021-01-20,2350,projected
Enfield,2021-01-21,2350,projected
Enfield,2021-01-22,2350,projected
Enfield,2021-01-23,2350,projected
Enfield,2021-01-24,2350,projected
Enfield,2021-01-25,2350,projected
Enfield,2021-01-26,2350,projected
Epping Forest,2020-09-23, 67,inferred
Epping Forest,2020-09-24, 67,inferred
Epping Forest,2020-09-25, 67,inferred
Epping Forest,2020-09-26, 67,inferred
Epping Forest,2020-09-27, 67,inferred
Epping Forest,2020-09-28, 67,inferred
Epping Forest,2020-09-29, 67,inferred
Epping Forest,2020-09-30, 93,inferred
Epping Forest,2020-10-01, 93,inferred
Epping Forest,2020-10-02, 93,inferred
Epping Forest,2020-10-03, 93,inferred
Epping Forest,2020-10-04, 93,inferred
Epping Forest,2020-10-05, 93,inferred
Epping Forest,2020-10-06, 93,inferred
Epping Forest,2020-10-07,108,inferred
Epping Forest,2020-10-08,108,inferred
Epping Forest,2020-10-09,108,inferred
Epping Forest,2020-10-10,108,inferred
Epping Forest,2020-10-11,108,inferred
Epping Forest,2020-10-12,108,inferred
Epping Forest,2020-10-13,108,inferred
Epping Forest,2020-10-14,172,inferred
Epping Forest,2020-10-15,172,inferred
Epping Forest,2020-10-16,172,inferred
Epping Forest,2020-10-17,172,inferred
Epping Forest,2020-10-18,172,inferred
Epping Forest,2020-10-19,172,inferred
Epping Forest,2020-10-20,172,inferred
Epping Forest,2020-10-21,201,inferred
Epping Forest,2020-10-22,201,inferred
Epping Forest,2020-10-23,201,inferred
Epping Forest,2020-10-24,201,inferred
Epping Forest,2020-10-25,201,inferred
Epping Forest,2020-10-26,201,inferred
Epping Forest,2020-10-27,201,inferred
Epping Forest,2020-10-28,214,inferred
Epping Forest,2020-10-29,214,inferred
Epping Forest,2020-10-30,214,inferred
Epping Forest,2020-10-31,214,inferred
Epping Forest,2020-11-01,214,inferred
Epping Forest,2020-11-02,214,inferred
Epping Forest,2020-11-03,214,inferred
Epping Forest,2020-11-04,259,inferred
Epping Forest,2020-11-05,259,inferred
Epping Forest,2020-11-06,259,inferred
Epping Forest,2020-11-07,259,inferred
Epping Forest,2020-11-08,259,inferred
Epping Forest,2020-11-09,259,inferred
Epping Forest,2020-11-10,259,inferred
Epping Forest,2020-11-11,288,inferred
Epping Forest,2020-11-12,288,inferred
Epping Forest,2020-11-13,288,inferred
Epping Forest,2020-11-14,288,inferred
Epping Forest,2020-11-15,288,inferred
Epping Forest,2020-11-16,288,inferred
Epping Forest,2020-11-17,288,inferred
Epping Forest,2020-11-18,256,inferred
Epping Forest,2020-11-19,256,inferred
Epping Forest,2020-11-20,256,inferred
Epping Forest,2020-11-21,256,inferred
Epping Forest,2020-11-22,256,inferred
Epping Forest,2020-11-23,256,inferred
Epping Forest,2020-11-24,256,inferred
Epping Forest,2020-11-25,260,inferred
Epping Forest,2020-11-26,260,inferred
Epping Forest,2020-11-27,260,inferred
Epping Forest,2020-11-28,260,inferred
Epping Forest,2020-11-29,260,inferred
Epping Forest,2020-11-30,260,inferred
Epping Forest,2020-12-01,260,inferred
Epping Forest,2020-12-02,444,inferred
Epping Forest,2020-12-03,444,inferred
Epping Forest,2020-12-04,444,inferred
Epping Forest,2020-12-05,444,inferred
Epping Forest,2020-12-06,444,inferred
Epping Forest,2020-12-07,444,inferred
Epping Forest,2020-12-08,444,inferred
Epping Forest,2020-12-09,1110,inferred
Epping Forest,2020-12-10,1110,inferred
Epping Forest,2020-12-11,1110,inferred
Epping Forest,2020-12-12,1110,inferred
Epping Forest,2020-12-13,1110,inferred
Epping Forest,2020-12-14,1110,inferred
Epping Forest,2020-12-15,1110,inferred
Epping Forest,2020-12-16,1976,inferred
Epping Forest,2020-12-17,1976,inferred
Epping Forest,2020-12-18,1976,inferred
Epping Forest,2020-12-19,1976,inferred
Epping Forest,2020-12-20,1976,inferred
Epping Forest,2020-12-21,1976,inferred
Epping Forest,2020-12-22,1976,inferred
Epping Forest,2020-12-23,1716,inferred
Epping Forest,2020-12-24,1716,inferred
Epping Forest,2020-12-25,1716,inferred
Epping Forest,2020-12-26,1716,inferred
Epping Forest,2020-12-27,1716,inferred
Epping Forest,2020-12-28,1716,inferred
Epping Forest,2020-12-29,1716,inferred
Epping Forest,2020-12-30,1765,inferred
Epping Forest,2020-12-31,1765,inferred
Epping Forest,2021-01-01,1765,inferred
Epping Forest,2021-01-02,1765,inferred
Epping Forest,2021-01-03,1765,inferred
Epping Forest,2021-01-04,1765,inferred
Epping Forest,2021-01-05,1765,inferred
Epping Forest,2021-01-06,1211,projected
Epping Forest,2021-01-07,1211,projected
Epping Forest,2021-01-08,1211,projected
Epping Forest,2021-01-09,1211,projected
Epping Forest,2021-01-10,1211,projected
Epping Forest,2021-01-11,1211,projected
Epping Forest,2021-01-12,1211,projected
Epping Forest,2021-01-13,839,projected
Epping Forest,2021-01-14,839,projected
Epping Forest,2021-01-15,839,projected
Epping Forest,2021-01-16,839,projected
Epping Forest,2021-01-17,839,projected
Epping Forest,2021-01-18,839,projected
Epping Forest,2021-01-19,839,projected
Epping Forest,2021-01-20,631,projected
Epping Forest,2021-01-21,631,projected
Epping Forest,2021-01-22,631,projected
Epping Forest,2021-01-23,631,projected
Epping Forest,2021-01-24,631,projected
Epping Forest,2021-01-25,631,projected
Epping Forest,2021-01-26,631,projected
Epsom and Ewell,2020-09-23, 22,inferred
Epsom and Ewell,2020-09-24, 22,inferred
Epsom and Ewell,2020-09-25, 22,inferred
Epsom and Ewell,2020-09-26, 22,inferred
Epsom and Ewell,2020-09-27, 22,inferred
Epsom and Ewell,2020-09-28, 22,inferred
Epsom and Ewell,2020-09-29, 22,inferred
Epsom and Ewell,2020-09-30, 52,inferred
Epsom and Ewell,2020-10-01, 52,inferred
Epsom and Ewell,2020-10-02, 52,inferred
Epsom and Ewell,2020-10-03, 52,inferred
Epsom and Ewell,2020-10-04, 52,inferred
Epsom and Ewell,2020-10-05, 52,inferred
Epsom and Ewell,2020-10-06, 52,inferred
Epsom and Ewell,2020-10-07, 64,inferred
Epsom and Ewell,2020-10-08, 64,inferred
Epsom and Ewell,2020-10-09, 64,inferred
Epsom and Ewell,2020-10-10, 64,inferred
Epsom and Ewell,2020-10-11, 64,inferred
Epsom and Ewell,2020-10-12, 64,inferred
Epsom and Ewell,2020-10-13, 64,inferred
Epsom and Ewell,2020-10-14, 78,inferred
Epsom and Ewell,2020-10-15, 78,inferred
Epsom and Ewell,2020-10-16, 78,inferred
Epsom and Ewell,2020-10-17, 78,inferred
Epsom and Ewell,2020-10-18, 78,inferred
Epsom and Ewell,2020-10-19, 78,inferred
Epsom and Ewell,2020-10-20, 78,inferred
Epsom and Ewell,2020-10-21, 97,inferred
Epsom and Ewell,2020-10-22, 97,inferred
Epsom and Ewell,2020-10-23, 97,inferred
Epsom and Ewell,2020-10-24, 97,inferred
Epsom and Ewell,2020-10-25, 97,inferred
Epsom and Ewell,2020-10-26, 97,inferred
Epsom and Ewell,2020-10-27, 97,inferred
Epsom and Ewell,2020-10-28, 91,inferred
Epsom and Ewell,2020-10-29, 91,inferred
Epsom and Ewell,2020-10-30, 91,inferred
Epsom and Ewell,2020-10-31, 91,inferred
Epsom and Ewell,2020-11-01, 91,inferred
Epsom and Ewell,2020-11-02, 91,inferred
Epsom and Ewell,2020-11-03, 91,inferred
Epsom and Ewell,2020-11-04,152,inferred
Epsom and Ewell,2020-11-05,152,inferred
Epsom and Ewell,2020-11-06,152,inferred
Epsom and Ewell,2020-11-07,152,inferred
Epsom and Ewell,2020-11-08,152,inferred
Epsom and Ewell,2020-11-09,152,inferred
Epsom and Ewell,2020-11-10,152,inferred
Epsom and Ewell,2020-11-11,174,inferred
Epsom and Ewell,2020-11-12,174,inferred
Epsom and Ewell,2020-11-13,174,inferred
Epsom and Ewell,2020-11-14,174,inferred
Epsom and Ewell,2020-11-15,174,inferred
Epsom and Ewell,2020-11-16,174,inferred
Epsom and Ewell,2020-11-17,174,inferred
Epsom and Ewell,2020-11-18,102,inferred
Epsom and Ewell,2020-11-19,102,inferred
Epsom and Ewell,2020-11-20,102,inferred
Epsom and Ewell,2020-11-21,102,inferred
Epsom and Ewell,2020-11-22,102,inferred
Epsom and Ewell,2020-11-23,102,inferred
Epsom and Ewell,2020-11-24,102,inferred
Epsom and Ewell,2020-11-25,125,inferred
Epsom and Ewell,2020-11-26,125,inferred
Epsom and Ewell,2020-11-27,125,inferred
Epsom and Ewell,2020-11-28,125,inferred
Epsom and Ewell,2020-11-29,125,inferred
Epsom and Ewell,2020-11-30,125,inferred
Epsom and Ewell,2020-12-01,125,inferred
Epsom and Ewell,2020-12-02,126,inferred
Epsom and Ewell,2020-12-03,126,inferred
Epsom and Ewell,2020-12-04,126,inferred
Epsom and Ewell,2020-12-05,126,inferred
Epsom and Ewell,2020-12-06,126,inferred
Epsom and Ewell,2020-12-07,126,inferred
Epsom and Ewell,2020-12-08,126,inferred
Epsom and Ewell,2020-12-09,273,inferred
Epsom and Ewell,2020-12-10,273,inferred
Epsom and Ewell,2020-12-11,273,inferred
Epsom and Ewell,2020-12-12,273,inferred
Epsom and Ewell,2020-12-13,273,inferred
Epsom and Ewell,2020-12-14,273,inferred
Epsom and Ewell,2020-12-15,273,inferred
Epsom and Ewell,2020-12-16,484,inferred
Epsom and Ewell,2020-12-17,484,inferred
Epsom and Ewell,2020-12-18,484,inferred
Epsom and Ewell,2020-12-19,484,inferred
Epsom and Ewell,2020-12-20,484,inferred
Epsom and Ewell,2020-12-21,484,inferred
Epsom and Ewell,2020-12-22,484,inferred
Epsom and Ewell,2020-12-23,604,inferred
Epsom and Ewell,2020-12-24,604,inferred
Epsom and Ewell,2020-12-25,604,inferred
Epsom and Ewell,2020-12-26,604,inferred
Epsom and Ewell,2020-12-27,604,inferred
Epsom and Ewell,2020-12-28,604,inferred
Epsom and Ewell,2020-12-29,604,inferred
Epsom and Ewell,2020-12-30,689,inferred
Epsom and Ewell,2020-12-31,689,inferred
Epsom and Ewell,2021-01-01,689,inferred
Epsom and Ewell,2021-01-02,689,inferred
Epsom and Ewell,2021-01-03,689,inferred
Epsom and Ewell,2021-01-04,689,inferred
Epsom and Ewell,2021-01-05,689,inferred
Epsom and Ewell,2021-01-06,431,projected
Epsom and Ewell,2021-01-07,431,projected
Epsom and Ewell,2021-01-08,431,projected
Epsom and Ewell,2021-01-09,431,projected
Epsom and Ewell,2021-01-10,431,projected
Epsom and Ewell,2021-01-11,431,projected
Epsom and Ewell,2021-01-12,431,projected
Epsom and Ewell,2021-01-13,269,projected
Epsom and Ewell,2021-01-14,269,projected
Epsom and Ewell,2021-01-15,269,projected
Epsom and Ewell,2021-01-16,269,projected
Epsom and Ewell,2021-01-17,269,projected
Epsom and Ewell,2021-01-18,269,projected
Epsom and Ewell,2021-01-19,269,projected
Epsom and Ewell,2021-01-20,186,projected
Epsom and Ewell,2021-01-21,186,projected
Epsom and Ewell,2021-01-22,186,projected
Epsom and Ewell,2021-01-23,186,projected
Epsom and Ewell,2021-01-24,186,projected
Epsom and Ewell,2021-01-25,186,projected
Epsom and Ewell,2021-01-26,186,projected
Erewash,2020-09-23, 51,inferred
Erewash,2020-09-24, 51,inferred
Erewash,2020-09-25, 51,inferred
Erewash,2020-09-26, 51,inferred
Erewash,2020-09-27, 51,inferred
Erewash,2020-09-28, 51,inferred
Erewash,2020-09-29, 51,inferred
Erewash,2020-09-30,115,inferred
Erewash,2020-10-01,115,inferred
Erewash,2020-10-02,115,inferred
Erewash,2020-10-03,115,inferred
Erewash,2020-10-04,115,inferred
Erewash,2020-10-05,115,inferred
Erewash,2020-10-06,115,inferred
Erewash,2020-10-07,230,inferred
Erewash,2020-10-08,230,inferred
Erewash,2020-10-09,230,inferred
Erewash,2020-10-10,230,inferred
Erewash,2020-10-11,230,inferred
Erewash,2020-10-12,230,inferred
Erewash,2020-10-13,230,inferred
Erewash,2020-10-14,318,inferred
Erewash,2020-10-15,318,inferred
Erewash,2020-10-16,318,inferred
Erewash,2020-10-17,318,inferred
Erewash,2020-10-18,318,inferred
Erewash,2020-10-19,318,inferred
Erewash,2020-10-20,318,inferred
Erewash,2020-10-21,376,inferred
Erewash,2020-10-22,376,inferred
Erewash,2020-10-23,376,inferred
Erewash,2020-10-24,376,inferred
Erewash,2020-10-25,376,inferred
Erewash,2020-10-26,376,inferred
Erewash,2020-10-27,376,inferred
Erewash,2020-10-28,341,inferred
Erewash,2020-10-29,341,inferred
Erewash,2020-10-30,341,inferred
Erewash,2020-10-31,341,inferred
Erewash,2020-11-01,341,inferred
Erewash,2020-11-02,341,inferred
Erewash,2020-11-03,341,inferred
Erewash,2020-11-04,353,inferred
Erewash,2020-11-05,353,inferred
Erewash,2020-11-06,353,inferred
Erewash,2020-11-07,353,inferred
Erewash,2020-11-08,353,inferred
Erewash,2020-11-09,353,inferred
Erewash,2020-11-10,353,inferred
Erewash,2020-11-11,340,inferred
Erewash,2020-11-12,340,inferred
Erewash,2020-11-13,340,inferred
Erewash,2020-11-14,340,inferred
Erewash,2020-11-15,340,inferred
Erewash,2020-11-16,340,inferred
Erewash,2020-11-17,340,inferred
Erewash,2020-11-18,169,inferred
Erewash,2020-11-19,169,inferred
Erewash,2020-11-20,169,inferred
Erewash,2020-11-21,169,inferred
Erewash,2020-11-22,169,inferred
Erewash,2020-11-23,169,inferred
Erewash,2020-11-24,169,inferred
Erewash,2020-11-25,139,inferred
Erewash,2020-11-26,139,inferred
Erewash,2020-11-27,139,inferred
Erewash,2020-11-28,139,inferred
Erewash,2020-11-29,139,inferred
Erewash,2020-11-30,139,inferred
Erewash,2020-12-01,139,inferred
Erewash,2020-12-02,133,inferred
Erewash,2020-12-03,133,inferred
Erewash,2020-12-04,133,inferred
Erewash,2020-12-05,133,inferred
Erewash,2020-12-06,133,inferred
Erewash,2020-12-07,133,inferred
Erewash,2020-12-08,133,inferred
Erewash,2020-12-09,154,inferred
Erewash,2020-12-10,154,inferred
Erewash,2020-12-11,154,inferred
Erewash,2020-12-12,154,inferred
Erewash,2020-12-13,154,inferred
Erewash,2020-12-14,154,inferred
Erewash,2020-12-15,154,inferred
Erewash,2020-12-16,206,inferred
Erewash,2020-12-17,206,inferred
Erewash,2020-12-18,206,inferred
Erewash,2020-12-19,206,inferred
Erewash,2020-12-20,206,inferred
Erewash,2020-12-21,206,inferred
Erewash,2020-12-22,206,inferred
Erewash,2020-12-23,272,inferred
Erewash,2020-12-24,272,inferred
Erewash,2020-12-25,272,inferred
Erewash,2020-12-26,272,inferred
Erewash,2020-12-27,272,inferred
Erewash,2020-12-28,272,inferred
Erewash,2020-12-29,272,inferred
Erewash,2020-12-30,471,inferred
Erewash,2020-12-31,471,inferred
Erewash,2021-01-01,471,inferred
Erewash,2021-01-02,471,inferred
Erewash,2021-01-03,471,inferred
Erewash,2021-01-04,471,inferred
Erewash,2021-01-05,471,inferred
Erewash,2021-01-06,465,projected
Erewash,2021-01-07,465,projected
Erewash,2021-01-08,465,projected
Erewash,2021-01-09,465,projected
Erewash,2021-01-10,465,projected
Erewash,2021-01-11,465,projected
Erewash,2021-01-12,465,projected
Erewash,2021-01-13,440,projected
Erewash,2021-01-14,440,projected
Erewash,2021-01-15,440,projected
Erewash,2021-01-16,440,projected
Erewash,2021-01-17,440,projected
Erewash,2021-01-18,440,projected
Erewash,2021-01-19,440,projected
Erewash,2021-01-20,423,projected
Erewash,2021-01-21,423,projected
Erewash,2021-01-22,423,projected
Erewash,2021-01-23,423,projected
Erewash,2021-01-24,423,projected
Erewash,2021-01-25,423,projected
Erewash,2021-01-26,423,projected
Exeter,2020-09-23,121,inferred
Exeter,2020-09-24,121,inferred
Exeter,2020-09-25,121,inferred
Exeter,2020-09-26,121,inferred
Exeter,2020-09-27,121,inferred
Exeter,2020-09-28,121,inferred
Exeter,2020-09-29,121,inferred
Exeter,2020-09-30,576,inferred
Exeter,2020-10-01,576,inferred
Exeter,2020-10-02,576,inferred
Exeter,2020-10-03,576,inferred
Exeter,2020-10-04,576,inferred
Exeter,2020-10-05,576,inferred
Exeter,2020-10-06,576,inferred
Exeter,2020-10-07,422,inferred
Exeter,2020-10-08,422,inferred
Exeter,2020-10-09,422,inferred
Exeter,2020-10-10,422,inferred
Exeter,2020-10-11,422,inferred
Exeter,2020-10-12,422,inferred
Exeter,2020-10-13,422,inferred
Exeter,2020-10-14,218,inferred
Exeter,2020-10-15,218,inferred
Exeter,2020-10-16,218,inferred
Exeter,2020-10-17,218,inferred
Exeter,2020-10-18,218,inferred
Exeter,2020-10-19,218,inferred
Exeter,2020-10-20,218,inferred
Exeter,2020-10-21,166,inferred
Exeter,2020-10-22,166,inferred
Exeter,2020-10-23,166,inferred
Exeter,2020-10-24,166,inferred
Exeter,2020-10-25,166,inferred
Exeter,2020-10-26,166,inferred
Exeter,2020-10-27,166,inferred
Exeter,2020-10-28,160,inferred
Exeter,2020-10-29,160,inferred
Exeter,2020-10-30,160,inferred
Exeter,2020-10-31,160,inferred
Exeter,2020-11-01,160,inferred
Exeter,2020-11-02,160,inferred
Exeter,2020-11-03,160,inferred
Exeter,2020-11-04,210,inferred
Exeter,2020-11-05,210,inferred
Exeter,2020-11-06,210,inferred
Exeter,2020-11-07,210,inferred
Exeter,2020-11-08,210,inferred
Exeter,2020-11-09,210,inferred
Exeter,2020-11-10,210,inferred
Exeter,2020-11-11,202,inferred
Exeter,2020-11-12,202,inferred
Exeter,2020-11-13,202,inferred
Exeter,2020-11-14,202,inferred
Exeter,2020-11-15,202,inferred
Exeter,2020-11-16,202,inferred
Exeter,2020-11-17,202,inferred
Exeter,2020-11-18,148,inferred
Exeter,2020-11-19,148,inferred
Exeter,2020-11-20,148,inferred
Exeter,2020-11-21,148,inferred
Exeter,2020-11-22,148,inferred
Exeter,2020-11-23,148,inferred
Exeter,2020-11-24,148,inferred
Exeter,2020-11-25,136,inferred
Exeter,2020-11-26,136,inferred
Exeter,2020-11-27,136,inferred
Exeter,2020-11-28,136,inferred
Exeter,2020-11-29,136,inferred
Exeter,2020-11-30,136,inferred
Exeter,2020-12-01,136,inferred
Exeter,2020-12-02,111,inferred
Exeter,2020-12-03,111,inferred
Exeter,2020-12-04,111,inferred
Exeter,2020-12-05,111,inferred
Exeter,2020-12-06,111,inferred
Exeter,2020-12-07,111,inferred
Exeter,2020-12-08,111,inferred
Exeter,2020-12-09,138,inferred
Exeter,2020-12-10,138,inferred
Exeter,2020-12-11,138,inferred
Exeter,2020-12-12,138,inferred
Exeter,2020-12-13,138,inferred
Exeter,2020-12-14,138,inferred
Exeter,2020-12-15,138,inferred
Exeter,2020-12-16,217,inferred
Exeter,2020-12-17,217,inferred
Exeter,2020-12-18,217,inferred
Exeter,2020-12-19,217,inferred
Exeter,2020-12-20,217,inferred
Exeter,2020-12-21,217,inferred
Exeter,2020-12-22,217,inferred
Exeter,2020-12-23,255,inferred
Exeter,2020-12-24,255,inferred
Exeter,2020-12-25,255,inferred
Exeter,2020-12-26,255,inferred
Exeter,2020-12-27,255,inferred
Exeter,2020-12-28,255,inferred
Exeter,2020-12-29,255,inferred
Exeter,2020-12-30,331,inferred
Exeter,2020-12-31,331,inferred
Exeter,2021-01-01,331,inferred
Exeter,2021-01-02,331,inferred
Exeter,2021-01-03,331,inferred
Exeter,2021-01-04,331,inferred
Exeter,2021-01-05,331,inferred
Exeter,2021-01-06,515,projected
Exeter,2021-01-07,515,projected
Exeter,2021-01-08,515,projected
Exeter,2021-01-09,515,projected
Exeter,2021-01-10,515,projected
Exeter,2021-01-11,515,projected
Exeter,2021-01-12,515,projected
Exeter,2021-01-13,728,projected
Exeter,2021-01-14,728,projected
Exeter,2021-01-15,728,projected
Exeter,2021-01-16,728,projected
Exeter,2021-01-17,728,projected
Exeter,2021-01-18,728,projected
Exeter,2021-01-19,728,projected
Exeter,2021-01-20,1039,projected
Exeter,2021-01-21,1039,projected
Exeter,2021-01-22,1039,projected
Exeter,2021-01-23,1039,projected
Exeter,2021-01-24,1039,projected
Exeter,2021-01-25,1039,projected
Exeter,2021-01-26,1039,projected
Falkirk,2020-09-23, 96,inferred
Falkirk,2020-09-24, 96,inferred
Falkirk,2020-09-25, 96,inferred
Falkirk,2020-09-26, 96,inferred
Falkirk,2020-09-27, 96,inferred
Falkirk,2020-09-28, 96,inferred
Falkirk,2020-09-29, 96,inferred
Falkirk,2020-09-30,211,inferred
Falkirk,2020-10-01,211,inferred
Falkirk,2020-10-02,211,inferred
Falkirk,2020-10-03,211,inferred
Falkirk,2020-10-04,211,inferred
Falkirk,2020-10-05,211,inferred
Falkirk,2020-10-06,211,inferred
Falkirk,2020-10-07,287,inferred
Falkirk,2020-10-08,287,inferred
Falkirk,2020-10-09,287,inferred
Falkirk,2020-10-10,287,inferred
Falkirk,2020-10-11,287,inferred
Falkirk,2020-10-12,287,inferred
Falkirk,2020-10-13,287,inferred
Falkirk,2020-10-14,259,inferred
Falkirk,2020-10-15,259,inferred
Falkirk,2020-10-16,259,inferred
Falkirk,2020-10-17,259,inferred
Falkirk,2020-10-18,259,inferred
Falkirk,2020-10-19,259,inferred
Falkirk,2020-10-20,259,inferred
Falkirk,2020-10-21,388,inferred
Falkirk,2020-10-22,388,inferred
Falkirk,2020-10-23,388,inferred
Falkirk,2020-10-24,388,inferred
Falkirk,2020-10-25,388,inferred
Falkirk,2020-10-26,388,inferred
Falkirk,2020-10-27,388,inferred
Falkirk,2020-10-28,276,inferred
Falkirk,2020-10-29,276,inferred
Falkirk,2020-10-30,276,inferred
Falkirk,2020-10-31,276,inferred
Falkirk,2020-11-01,276,inferred
Falkirk,2020-11-02,276,inferred
Falkirk,2020-11-03,276,inferred
Falkirk,2020-11-04,306,inferred
Falkirk,2020-11-05,306,inferred
Falkirk,2020-11-06,306,inferred
Falkirk,2020-11-07,306,inferred
Falkirk,2020-11-08,306,inferred
Falkirk,2020-11-09,306,inferred
Falkirk,2020-11-10,306,inferred
Falkirk,2020-11-11,439,inferred
Falkirk,2020-11-12,439,inferred
Falkirk,2020-11-13,439,inferred
Falkirk,2020-11-14,439,inferred
Falkirk,2020-11-15,439,inferred
Falkirk,2020-11-16,439,inferred
Falkirk,2020-11-17,439,inferred
Falkirk,2020-11-18,307,inferred
Falkirk,2020-11-19,307,inferred
Falkirk,2020-11-20,307,inferred
Falkirk,2020-11-21,307,inferred
Falkirk,2020-11-22,307,inferred
Falkirk,2020-11-23,307,inferred
Falkirk,2020-11-24,307,inferred
Falkirk,2020-11-25,285,inferred
Falkirk,2020-11-26,285,inferred
Falkirk,2020-11-27,285,inferred
Falkirk,2020-11-28,285,inferred
Falkirk,2020-11-29,285,inferred
Falkirk,2020-11-30,285,inferred
Falkirk,2020-12-01,285,inferred
Falkirk,2020-12-02,310,inferred
Falkirk,2020-12-03,310,inferred
Falkirk,2020-12-04,310,inferred
Falkirk,2020-12-05,310,inferred
Falkirk,2020-12-06,310,inferred
Falkirk,2020-12-07,310,inferred
Falkirk,2020-12-08,310,inferred
Falkirk,2020-12-09,317,inferred
Falkirk,2020-12-10,317,inferred
Falkirk,2020-12-11,317,inferred
Falkirk,2020-12-12,317,inferred
Falkirk,2020-12-13,317,inferred
Falkirk,2020-12-14,317,inferred
Falkirk,2020-12-15,317,inferred
Falkirk,2020-12-16,295,inferred
Falkirk,2020-12-17,295,inferred
Falkirk,2020-12-18,295,inferred
Falkirk,2020-12-19,295,inferred
Falkirk,2020-12-20,295,inferred
Falkirk,2020-12-21,295,inferred
Falkirk,2020-12-22,295,inferred
Falkirk,2020-12-23,350,inferred
Falkirk,2020-12-24,350,inferred
Falkirk,2020-12-25,350,inferred
Falkirk,2020-12-26,350,inferred
Falkirk,2020-12-27,350,inferred
Falkirk,2020-12-28,350,inferred
Falkirk,2020-12-29,350,inferred
Falkirk,2020-12-30,723,inferred
Falkirk,2020-12-31,723,inferred
Falkirk,2021-01-01,723,inferred
Falkirk,2021-01-02,723,inferred
Falkirk,2021-01-03,723,inferred
Falkirk,2021-01-04,723,inferred
Falkirk,2021-01-05,723,inferred
Falkirk,2021-01-06,1332,projected
Falkirk,2021-01-07,1332,projected
Falkirk,2021-01-08,1332,projected
Falkirk,2021-01-09,1332,projected
Falkirk,2021-01-10,1332,projected
Falkirk,2021-01-11,1332,projected
Falkirk,2021-01-12,1332,projected
Falkirk,2021-01-13,2350,projected
Falkirk,2021-01-14,2350,projected
Falkirk,2021-01-15,2350,projected
Falkirk,2021-01-16,2350,projected
Falkirk,2021-01-17,2350,projected
Falkirk,2021-01-18,2350,projected
Falkirk,2021-01-19,2350,projected
Falkirk,2021-01-20,3911,projected
Falkirk,2021-01-21,3911,projected
Falkirk,2021-01-22,3911,projected
Falkirk,2021-01-23,3911,projected
Falkirk,2021-01-24,3911,projected
Falkirk,2021-01-25,3911,projected
Falkirk,2021-01-26,3911,projected
Fareham,2020-09-23, 13,inferred
Fareham,2020-09-24, 13,inferred
Fareham,2020-09-25, 13,inferred
Fareham,2020-09-26, 13,inferred
Fareham,2020-09-27, 13,inferred
Fareham,2020-09-28, 13,inferred
Fareham,2020-09-29, 13,inferred
Fareham,2020-09-30, 23,inferred
Fareham,2020-10-01, 23,inferred
Fareham,2020-10-02, 23,inferred
Fareham,2020-10-03, 23,inferred
Fareham,2020-10-04, 23,inferred
Fareham,2020-10-05, 23,inferred
Fareham,2020-10-06, 23,inferred
Fareham,2020-10-07, 47,inferred
Fareham,2020-10-08, 47,inferred
Fareham,2020-10-09, 47,inferred
Fareham,2020-10-10, 47,inferred
Fareham,2020-10-11, 47,inferred
Fareham,2020-10-12, 47,inferred
Fareham,2020-10-13, 47,inferred
Fareham,2020-10-14, 76,inferred
Fareham,2020-10-15, 76,inferred
Fareham,2020-10-16, 76,inferred
Fareham,2020-10-17, 76,inferred
Fareham,2020-10-18, 76,inferred
Fareham,2020-10-19, 76,inferred
Fareham,2020-10-20, 76,inferred
Fareham,2020-10-21,156,inferred
Fareham,2020-10-22,156,inferred
Fareham,2020-10-23,156,inferred
Fareham,2020-10-24,156,inferred
Fareham,2020-10-25,156,inferred
Fareham,2020-10-26,156,inferred
Fareham,2020-10-27,156,inferred
Fareham,2020-10-28,159,inferred
Fareham,2020-10-29,159,inferred
Fareham,2020-10-30,159,inferred
Fareham,2020-10-31,159,inferred
Fareham,2020-11-01,159,inferred
Fareham,2020-11-02,159,inferred
Fareham,2020-11-03,159,inferred
Fareham,2020-11-04,172,inferred
Fareham,2020-11-05,172,inferred
Fareham,2020-11-06,172,inferred
Fareham,2020-11-07,172,inferred
Fareham,2020-11-08,172,inferred
Fareham,2020-11-09,172,inferred
Fareham,2020-11-10,172,inferred
Fareham,2020-11-11,204,inferred
Fareham,2020-11-12,204,inferred
Fareham,2020-11-13,204,inferred
Fareham,2020-11-14,204,inferred
Fareham,2020-11-15,204,inferred
Fareham,2020-11-16,204,inferred
Fareham,2020-11-17,204,inferred
Fareham,2020-11-18,107,inferred
Fareham,2020-11-19,107,inferred
Fareham,2020-11-20,107,inferred
Fareham,2020-11-21,107,inferred
Fareham,2020-11-22,107,inferred
Fareham,2020-11-23,107,inferred
Fareham,2020-11-24,107,inferred
Fareham,2020-11-25, 98,inferred
Fareham,2020-11-26, 98,inferred
Fareham,2020-11-27, 98,inferred
Fareham,2020-11-28, 98,inferred
Fareham,2020-11-29, 98,inferred
Fareham,2020-11-30, 98,inferred
Fareham,2020-12-01, 98,inferred
Fareham,2020-12-02,104,inferred
Fareham,2020-12-03,104,inferred
Fareham,2020-12-04,104,inferred
Fareham,2020-12-05,104,inferred
Fareham,2020-12-06,104,inferred
Fareham,2020-12-07,104,inferred
Fareham,2020-12-08,104,inferred
Fareham,2020-12-09,179,inferred
Fareham,2020-12-10,179,inferred
Fareham,2020-12-11,179,inferred
Fareham,2020-12-12,179,inferred
Fareham,2020-12-13,179,inferred
Fareham,2020-12-14,179,inferred
Fareham,2020-12-15,179,inferred
Fareham,2020-12-16,302,inferred
Fareham,2020-12-17,302,inferred
Fareham,2020-12-18,302,inferred
Fareham,2020-12-19,302,inferred
Fareham,2020-12-20,302,inferred
Fareham,2020-12-21,302,inferred
Fareham,2020-12-22,302,inferred
Fareham,2020-12-23,492,inferred
Fareham,2020-12-24,492,inferred
Fareham,2020-12-25,492,inferred
Fareham,2020-12-26,492,inferred
Fareham,2020-12-27,492,inferred
Fareham,2020-12-28,492,inferred
Fareham,2020-12-29,492,inferred
Fareham,2020-12-30,649,inferred
Fareham,2020-12-31,649,inferred
Fareham,2021-01-01,649,inferred
Fareham,2021-01-02,649,inferred
Fareham,2021-01-03,649,inferred
Fareham,2021-01-04,649,inferred
Fareham,2021-01-05,649,inferred
Fareham,2021-01-06,685,projected
Fareham,2021-01-07,685,projected
Fareham,2021-01-08,685,projected
Fareham,2021-01-09,685,projected
Fareham,2021-01-10,685,projected
Fareham,2021-01-11,685,projected
Fareham,2021-01-12,685,projected
Fareham,2021-01-13,689,projected
Fareham,2021-01-14,689,projected
Fareham,2021-01-15,689,projected
Fareham,2021-01-16,689,projected
Fareham,2021-01-17,689,projected
Fareham,2021-01-18,689,projected
Fareham,2021-01-19,689,projected
Fareham,2021-01-20,682,projected
Fareham,2021-01-21,682,projected
Fareham,2021-01-22,682,projected
Fareham,2021-01-23,682,projected
Fareham,2021-01-24,682,projected
Fareham,2021-01-25,682,projected
Fareham,2021-01-26,682,projected
Fenland,2020-09-23, 13,inferred
Fenland,2020-09-24, 13,inferred
Fenland,2020-09-25, 13,inferred
Fenland,2020-09-26, 13,inferred
Fenland,2020-09-27, 13,inferred
Fenland,2020-09-28, 13,inferred
Fenland,2020-09-29, 13,inferred
Fenland,2020-09-30, 47,inferred
Fenland,2020-10-01, 47,inferred
Fenland,2020-10-02, 47,inferred
Fenland,2020-10-03, 47,inferred
Fenland,2020-10-04, 47,inferred
Fenland,2020-10-05, 47,inferred
Fenland,2020-10-06, 47,inferred
Fenland,2020-10-07, 31,inferred
Fenland,2020-10-08, 31,inferred
Fenland,2020-10-09, 31,inferred
Fenland,2020-10-10, 31,inferred
Fenland,2020-10-11, 31,inferred
Fenland,2020-10-12, 31,inferred
Fenland,2020-10-13, 31,inferred
Fenland,2020-10-14, 62,inferred
Fenland,2020-10-15, 62,inferred
Fenland,2020-10-16, 62,inferred
Fenland,2020-10-17, 62,inferred
Fenland,2020-10-18, 62,inferred
Fenland,2020-10-19, 62,inferred
Fenland,2020-10-20, 62,inferred
Fenland,2020-10-21, 74,inferred
Fenland,2020-10-22, 74,inferred
Fenland,2020-10-23, 74,inferred
Fenland,2020-10-24, 74,inferred
Fenland,2020-10-25, 74,inferred
Fenland,2020-10-26, 74,inferred
Fenland,2020-10-27, 74,inferred
Fenland,2020-10-28, 94,inferred
Fenland,2020-10-29, 94,inferred
Fenland,2020-10-30, 94,inferred
Fenland,2020-10-31, 94,inferred
Fenland,2020-11-01, 94,inferred
Fenland,2020-11-02, 94,inferred
Fenland,2020-11-03, 94,inferred
Fenland,2020-11-04, 95,inferred
Fenland,2020-11-05, 95,inferred
Fenland,2020-11-06, 95,inferred
Fenland,2020-11-07, 95,inferred
Fenland,2020-11-08, 95,inferred
Fenland,2020-11-09, 95,inferred
Fenland,2020-11-10, 95,inferred
Fenland,2020-11-11,137,inferred
Fenland,2020-11-12,137,inferred
Fenland,2020-11-13,137,inferred
Fenland,2020-11-14,137,inferred
Fenland,2020-11-15,137,inferred
Fenland,2020-11-16,137,inferred
Fenland,2020-11-17,137,inferred
Fenland,2020-11-18,108,inferred
Fenland,2020-11-19,108,inferred
Fenland,2020-11-20,108,inferred
Fenland,2020-11-21,108,inferred
Fenland,2020-11-22,108,inferred
Fenland,2020-11-23,108,inferred
Fenland,2020-11-24,108,inferred
Fenland,2020-11-25,117,inferred
Fenland,2020-11-26,117,inferred
Fenland,2020-11-27,117,inferred
Fenland,2020-11-28,117,inferred
Fenland,2020-11-29,117,inferred
Fenland,2020-11-30,117,inferred
Fenland,2020-12-01,117,inferred
Fenland,2020-12-02,120,inferred
Fenland,2020-12-03,120,inferred
Fenland,2020-12-04,120,inferred
Fenland,2020-12-05,120,inferred
Fenland,2020-12-06,120,inferred
Fenland,2020-12-07,120,inferred
Fenland,2020-12-08,120,inferred
Fenland,2020-12-09,184,inferred
Fenland,2020-12-10,184,inferred
Fenland,2020-12-11,184,inferred
Fenland,2020-12-12,184,inferred
Fenland,2020-12-13,184,inferred
Fenland,2020-12-14,184,inferred
Fenland,2020-12-15,184,inferred
Fenland,2020-12-16,223,inferred
Fenland,2020-12-17,223,inferred
Fenland,2020-12-18,223,inferred
Fenland,2020-12-19,223,inferred
Fenland,2020-12-20,223,inferred
Fenland,2020-12-21,223,inferred
Fenland,2020-12-22,223,inferred
Fenland,2020-12-23,305,inferred
Fenland,2020-12-24,305,inferred
Fenland,2020-12-25,305,inferred
Fenland,2020-12-26,305,inferred
Fenland,2020-12-27,305,inferred
Fenland,2020-12-28,305,inferred
Fenland,2020-12-29,305,inferred
Fenland,2020-12-30,516,inferred
Fenland,2020-12-31,516,inferred
Fenland,2021-01-01,516,inferred
Fenland,2021-01-02,516,inferred
Fenland,2021-01-03,516,inferred
Fenland,2021-01-04,516,inferred
Fenland,2021-01-05,516,inferred
Fenland,2021-01-06,696,projected
Fenland,2021-01-07,696,projected
Fenland,2021-01-08,696,projected
Fenland,2021-01-09,696,projected
Fenland,2021-01-10,696,projected
Fenland,2021-01-11,696,projected
Fenland,2021-01-12,696,projected
Fenland,2021-01-13,909,projected
Fenland,2021-01-14,909,projected
Fenland,2021-01-15,909,projected
Fenland,2021-01-16,909,projected
Fenland,2021-01-17,909,projected
Fenland,2021-01-18,909,projected
Fenland,2021-01-19,909,projected
Fenland,2021-01-20,1162,projected
Fenland,2021-01-21,1162,projected
Fenland,2021-01-22,1162,projected
Fenland,2021-01-23,1162,projected
Fenland,2021-01-24,1162,projected
Fenland,2021-01-25,1162,projected
Fenland,2021-01-26,1162,projected
Fife,2020-09-23,157,inferred
Fife,2020-09-24,157,inferred
Fife,2020-09-25,157,inferred
Fife,2020-09-26,157,inferred
Fife,2020-09-27,157,inferred
Fife,2020-09-28,157,inferred
Fife,2020-09-29,157,inferred
Fife,2020-09-30,174,inferred
Fife,2020-10-01,174,inferred
Fife,2020-10-02,174,inferred
Fife,2020-10-03,174,inferred
Fife,2020-10-04,174,inferred
Fife,2020-10-05,174,inferred
Fife,2020-10-06,174,inferred
Fife,2020-10-07,222,inferred
Fife,2020-10-08,222,inferred
Fife,2020-10-09,222,inferred
Fife,2020-10-10,222,inferred
Fife,2020-10-11,222,inferred
Fife,2020-10-12,222,inferred
Fife,2020-10-13,222,inferred
Fife,2020-10-14,208,inferred
Fife,2020-10-15,208,inferred
Fife,2020-10-16,208,inferred
Fife,2020-10-17,208,inferred
Fife,2020-10-18,208,inferred
Fife,2020-10-19,208,inferred
Fife,2020-10-20,208,inferred
Fife,2020-10-21,352,inferred
Fife,2020-10-22,352,inferred
Fife,2020-10-23,352,inferred
Fife,2020-10-24,352,inferred
Fife,2020-10-25,352,inferred
Fife,2020-10-26,352,inferred
Fife,2020-10-27,352,inferred
Fife,2020-10-28,296,inferred
Fife,2020-10-29,296,inferred
Fife,2020-10-30,296,inferred
Fife,2020-10-31,296,inferred
Fife,2020-11-01,296,inferred
Fife,2020-11-02,296,inferred
Fife,2020-11-03,296,inferred
Fife,2020-11-04,418,inferred
Fife,2020-11-05,418,inferred
Fife,2020-11-06,418,inferred
Fife,2020-11-07,418,inferred
Fife,2020-11-08,418,inferred
Fife,2020-11-09,418,inferred
Fife,2020-11-10,418,inferred
Fife,2020-11-11,547,inferred
Fife,2020-11-12,547,inferred
Fife,2020-11-13,547,inferred
Fife,2020-11-14,547,inferred
Fife,2020-11-15,547,inferred
Fife,2020-11-16,547,inferred
Fife,2020-11-17,547,inferred
Fife,2020-11-18,413,inferred
Fife,2020-11-19,413,inferred
Fife,2020-11-20,413,inferred
Fife,2020-11-21,413,inferred
Fife,2020-11-22,413,inferred
Fife,2020-11-23,413,inferred
Fife,2020-11-24,413,inferred
Fife,2020-11-25,371,inferred
Fife,2020-11-26,371,inferred
Fife,2020-11-27,371,inferred
Fife,2020-11-28,371,inferred
Fife,2020-11-29,371,inferred
Fife,2020-11-30,371,inferred
Fife,2020-12-01,371,inferred
Fife,2020-12-02,401,inferred
Fife,2020-12-03,401,inferred
Fife,2020-12-04,401,inferred
Fife,2020-12-05,401,inferred
Fife,2020-12-06,401,inferred
Fife,2020-12-07,401,inferred
Fife,2020-12-08,401,inferred
Fife,2020-12-09,518,inferred
Fife,2020-12-10,518,inferred
Fife,2020-12-11,518,inferred
Fife,2020-12-12,518,inferred
Fife,2020-12-13,518,inferred
Fife,2020-12-14,518,inferred
Fife,2020-12-15,518,inferred
Fife,2020-12-16,414,inferred
Fife,2020-12-17,414,inferred
Fife,2020-12-18,414,inferred
Fife,2020-12-19,414,inferred
Fife,2020-12-20,414,inferred
Fife,2020-12-21,414,inferred
Fife,2020-12-22,414,inferred
Fife,2020-12-23,434,inferred
Fife,2020-12-24,434,inferred
Fife,2020-12-25,434,inferred
Fife,2020-12-26,434,inferred
Fife,2020-12-27,434,inferred
Fife,2020-12-28,434,inferred
Fife,2020-12-29,434,inferred
Fife,2020-12-30,824,inferred
Fife,2020-12-31,824,inferred
Fife,2021-01-01,824,inferred
Fife,2021-01-02,824,inferred
Fife,2021-01-03,824,inferred
Fife,2021-01-04,824,inferred
Fife,2021-01-05,824,inferred
Fife,2021-01-06,1278,projected
Fife,2021-01-07,1278,projected
Fife,2021-01-08,1278,projected
Fife,2021-01-09,1278,projected
Fife,2021-01-10,1278,projected
Fife,2021-01-11,1278,projected
Fife,2021-01-12,1278,projected
Fife,2021-01-13,2014,projected
Fife,2021-01-14,2014,projected
Fife,2021-01-15,2014,projected
Fife,2021-01-16,2014,projected
Fife,2021-01-17,2014,projected
Fife,2021-01-18,2014,projected
Fife,2021-01-19,2014,projected
Fife,2021-01-20,2882,projected
Fife,2021-01-21,2882,projected
Fife,2021-01-22,2882,projected
Fife,2021-01-23,2882,projected
Fife,2021-01-24,2882,projected
Fife,2021-01-25,2882,projected
Fife,2021-01-26,2882,projected
Flintshire,2020-09-23,105,inferred
Flintshire,2020-09-24,105,inferred
Flintshire,2020-09-25,105,inferred
Flintshire,2020-09-26,105,inferred
Flintshire,2020-09-27,105,inferred
Flintshire,2020-09-28,105,inferred
Flintshire,2020-09-29,105,inferred
Flintshire,2020-09-30,254,inferred
Flintshire,2020-10-01,254,inferred
Flintshire,2020-10-02,254,inferred
Flintshire,2020-10-03,254,inferred
Flintshire,2020-10-04,254,inferred
Flintshire,2020-10-05,254,inferred
Flintshire,2020-10-06,254,inferred
Flintshire,2020-10-07,262,inferred
Flintshire,2020-10-08,262,inferred
Flintshire,2020-10-09,262,inferred
Flintshire,2020-10-10,262,inferred
Flintshire,2020-10-11,262,inferred
Flintshire,2020-10-12,262,inferred
Flintshire,2020-10-13,262,inferred
Flintshire,2020-10-14,236,inferred
Flintshire,2020-10-15,236,inferred
Flintshire,2020-10-16,236,inferred
Flintshire,2020-10-17,236,inferred
Flintshire,2020-10-18,236,inferred
Flintshire,2020-10-19,236,inferred
Flintshire,2020-10-20,236,inferred
Flintshire,2020-10-21,266,inferred
Flintshire,2020-10-22,266,inferred
Flintshire,2020-10-23,266,inferred
Flintshire,2020-10-24,266,inferred
Flintshire,2020-10-25,266,inferred
Flintshire,2020-10-26,266,inferred
Flintshire,2020-10-27,266,inferred
Flintshire,2020-10-28,269,inferred
Flintshire,2020-10-29,269,inferred
Flintshire,2020-10-30,269,inferred
Flintshire,2020-10-31,269,inferred
Flintshire,2020-11-01,269,inferred
Flintshire,2020-11-02,269,inferred
Flintshire,2020-11-03,269,inferred
Flintshire,2020-11-04,214,inferred
Flintshire,2020-11-05,214,inferred
Flintshire,2020-11-06,214,inferred
Flintshire,2020-11-07,214,inferred
Flintshire,2020-11-08,214,inferred
Flintshire,2020-11-09,214,inferred
Flintshire,2020-11-10,214,inferred
Flintshire,2020-11-11,261,inferred
Flintshire,2020-11-12,261,inferred
Flintshire,2020-11-13,261,inferred
Flintshire,2020-11-14,261,inferred
Flintshire,2020-11-15,261,inferred
Flintshire,2020-11-16,261,inferred
Flintshire,2020-11-17,261,inferred
Flintshire,2020-11-18,173,inferred
Flintshire,2020-11-19,173,inferred
Flintshire,2020-11-20,173,inferred
Flintshire,2020-11-21,173,inferred
Flintshire,2020-11-22,173,inferred
Flintshire,2020-11-23,173,inferred
Flintshire,2020-11-24,173,inferred
Flintshire,2020-11-25,188,inferred
Flintshire,2020-11-26,188,inferred
Flintshire,2020-11-27,188,inferred
Flintshire,2020-11-28,188,inferred
Flintshire,2020-11-29,188,inferred
Flintshire,2020-11-30,188,inferred
Flintshire,2020-12-01,188,inferred
Flintshire,2020-12-02,318,inferred
Flintshire,2020-12-03,318,inferred
Flintshire,2020-12-04,318,inferred
Flintshire,2020-12-05,318,inferred
Flintshire,2020-12-06,318,inferred
Flintshire,2020-12-07,318,inferred
Flintshire,2020-12-08,318,inferred
Flintshire,2020-12-09,381,inferred
Flintshire,2020-12-10,381,inferred
Flintshire,2020-12-11,381,inferred
Flintshire,2020-12-12,381,inferred
Flintshire,2020-12-13,381,inferred
Flintshire,2020-12-14,381,inferred
Flintshire,2020-12-15,381,inferred
Flintshire,2020-12-16,525,inferred
Flintshire,2020-12-17,525,inferred
Flintshire,2020-12-18,525,inferred
Flintshire,2020-12-19,525,inferred
Flintshire,2020-12-20,525,inferred
Flintshire,2020-12-21,525,inferred
Flintshire,2020-12-22,525,inferred
Flintshire,2020-12-23,684,inferred
Flintshire,2020-12-24,684,inferred
Flintshire,2020-12-25,684,inferred
Flintshire,2020-12-26,684,inferred
Flintshire,2020-12-27,684,inferred
Flintshire,2020-12-28,684,inferred
Flintshire,2020-12-29,684,inferred
Flintshire,2020-12-30,1185,inferred
Flintshire,2020-12-31,1185,inferred
Flintshire,2021-01-01,1185,inferred
Flintshire,2021-01-02,1185,inferred
Flintshire,2021-01-03,1185,inferred
Flintshire,2021-01-04,1185,inferred
Flintshire,2021-01-05,1185,inferred
Flintshire,2021-01-06,1315,projected
Flintshire,2021-01-07,1315,projected
Flintshire,2021-01-08,1315,projected
Flintshire,2021-01-09,1315,projected
Flintshire,2021-01-10,1315,projected
Flintshire,2021-01-11,1315,projected
Flintshire,2021-01-12,1315,projected
Flintshire,2021-01-13,1509,projected
Flintshire,2021-01-14,1509,projected
Flintshire,2021-01-15,1509,projected
Flintshire,2021-01-16,1509,projected
Flintshire,2021-01-17,1509,projected
Flintshire,2021-01-18,1509,projected
Flintshire,2021-01-19,1509,projected
Flintshire,2021-01-20,1750,projected
Flintshire,2021-01-21,1750,projected
Flintshire,2021-01-22,1750,projected
Flintshire,2021-01-23,1750,projected
Flintshire,2021-01-24,1750,projected
Flintshire,2021-01-25,1750,projected
Flintshire,2021-01-26,1750,projected
Folkestone and Hythe,2020-09-23, 13,inferred
Folkestone and Hythe,2020-09-24, 13,inferred
Folkestone and Hythe,2020-09-25, 13,inferred
Folkestone and Hythe,2020-09-26, 13,inferred
Folkestone and Hythe,2020-09-27, 13,inferred
Folkestone and Hythe,2020-09-28, 13,inferred
Folkestone and Hythe,2020-09-29, 13,inferred
Folkestone and Hythe,2020-09-30, 18,inferred
Folkestone and Hythe,2020-10-01, 18,inferred
Folkestone and Hythe,2020-10-02, 18,inferred
Folkestone and Hythe,2020-10-03, 18,inferred
Folkestone and Hythe,2020-10-04, 18,inferred
Folkestone and Hythe,2020-10-05, 18,inferred
Folkestone and Hythe,2020-10-06, 18,inferred
Folkestone and Hythe,2020-10-07, 18,inferred
Folkestone and Hythe,2020-10-08, 18,inferred
Folkestone and Hythe,2020-10-09, 18,inferred
Folkestone and Hythe,2020-10-10, 18,inferred
Folkestone and Hythe,2020-10-11, 18,inferred
Folkestone and Hythe,2020-10-12, 18,inferred
Folkestone and Hythe,2020-10-13, 18,inferred
Folkestone and Hythe,2020-10-14, 49,inferred
Folkestone and Hythe,2020-10-15, 49,inferred
Folkestone and Hythe,2020-10-16, 49,inferred
Folkestone and Hythe,2020-10-17, 49,inferred
Folkestone and Hythe,2020-10-18, 49,inferred
Folkestone and Hythe,2020-10-19, 49,inferred
Folkestone and Hythe,2020-10-20, 49,inferred
Folkestone and Hythe,2020-10-21, 72,inferred
Folkestone and Hythe,2020-10-22, 72,inferred
Folkestone and Hythe,2020-10-23, 72,inferred
Folkestone and Hythe,2020-10-24, 72,inferred
Folkestone and Hythe,2020-10-25, 72,inferred
Folkestone and Hythe,2020-10-26, 72,inferred
Folkestone and Hythe,2020-10-27, 72,inferred
Folkestone and Hythe,2020-10-28, 88,inferred
Folkestone and Hythe,2020-10-29, 88,inferred
Folkestone and Hythe,2020-10-30, 88,inferred
Folkestone and Hythe,2020-10-31, 88,inferred
Folkestone and Hythe,2020-11-01, 88,inferred
Folkestone and Hythe,2020-11-02, 88,inferred
Folkestone and Hythe,2020-11-03, 88,inferred
Folkestone and Hythe,2020-11-04,139,inferred
Folkestone and Hythe,2020-11-05,139,inferred
Folkestone and Hythe,2020-11-06,139,inferred
Folkestone and Hythe,2020-11-07,139,inferred
Folkestone and Hythe,2020-11-08,139,inferred
Folkestone and Hythe,2020-11-09,139,inferred
Folkestone and Hythe,2020-11-10,139,inferred
Folkestone and Hythe,2020-11-11,199,inferred
Folkestone and Hythe,2020-11-12,199,inferred
Folkestone and Hythe,2020-11-13,199,inferred
Folkestone and Hythe,2020-11-14,199,inferred
Folkestone and Hythe,2020-11-15,199,inferred
Folkestone and Hythe,2020-11-16,199,inferred
Folkestone and Hythe,2020-11-17,199,inferred
Folkestone and Hythe,2020-11-18,228,inferred
Folkestone and Hythe,2020-11-19,228,inferred
Folkestone and Hythe,2020-11-20,228,inferred
Folkestone and Hythe,2020-11-21,228,inferred
Folkestone and Hythe,2020-11-22,228,inferred
Folkestone and Hythe,2020-11-23,228,inferred
Folkestone and Hythe,2020-11-24,228,inferred
Folkestone and Hythe,2020-11-25,269,inferred
Folkestone and Hythe,2020-11-26,269,inferred
Folkestone and Hythe,2020-11-27,269,inferred
Folkestone and Hythe,2020-11-28,269,inferred
Folkestone and Hythe,2020-11-29,269,inferred
Folkestone and Hythe,2020-11-30,269,inferred
Folkestone and Hythe,2020-12-01,269,inferred
Folkestone and Hythe,2020-12-02,430,inferred
Folkestone and Hythe,2020-12-03,430,inferred
Folkestone and Hythe,2020-12-04,430,inferred
Folkestone and Hythe,2020-12-05,430,inferred
Folkestone and Hythe,2020-12-06,430,inferred
Folkestone and Hythe,2020-12-07,430,inferred
Folkestone and Hythe,2020-12-08,430,inferred
Folkestone and Hythe,2020-12-09,692,inferred
Folkestone and Hythe,2020-12-10,692,inferred
Folkestone and Hythe,2020-12-11,692,inferred
Folkestone and Hythe,2020-12-12,692,inferred
Folkestone and Hythe,2020-12-13,692,inferred
Folkestone and Hythe,2020-12-14,692,inferred
Folkestone and Hythe,2020-12-15,692,inferred
Folkestone and Hythe,2020-12-16,873,inferred
Folkestone and Hythe,2020-12-17,873,inferred
Folkestone and Hythe,2020-12-18,873,inferred
Folkestone and Hythe,2020-12-19,873,inferred
Folkestone and Hythe,2020-12-20,873,inferred
Folkestone and Hythe,2020-12-21,873,inferred
Folkestone and Hythe,2020-12-22,873,inferred
Folkestone and Hythe,2020-12-23,800,inferred
Folkestone and Hythe,2020-12-24,800,inferred
Folkestone and Hythe,2020-12-25,800,inferred
Folkestone and Hythe,2020-12-26,800,inferred
Folkestone and Hythe,2020-12-27,800,inferred
Folkestone and Hythe,2020-12-28,800,inferred
Folkestone and Hythe,2020-12-29,800,inferred
Folkestone and Hythe,2020-12-30,938,inferred
Folkestone and Hythe,2020-12-31,938,inferred
Folkestone and Hythe,2021-01-01,938,inferred
Folkestone and Hythe,2021-01-02,938,inferred
Folkestone and Hythe,2021-01-03,938,inferred
Folkestone and Hythe,2021-01-04,938,inferred
Folkestone and Hythe,2021-01-05,938,inferred
Folkestone and Hythe,2021-01-06,1021,projected
Folkestone and Hythe,2021-01-07,1021,projected
Folkestone and Hythe,2021-01-08,1021,projected
Folkestone and Hythe,2021-01-09,1021,projected
Folkestone and Hythe,2021-01-10,1021,projected
Folkestone and Hythe,2021-01-11,1021,projected
Folkestone and Hythe,2021-01-12,1021,projected
Folkestone and Hythe,2021-01-13,1105,projected
Folkestone and Hythe,2021-01-14,1105,projected
Folkestone and Hythe,2021-01-15,1105,projected
Folkestone and Hythe,2021-01-16,1105,projected
Folkestone and Hythe,2021-01-17,1105,projected
Folkestone and Hythe,2021-01-18,1105,projected
Folkestone and Hythe,2021-01-19,1105,projected
Folkestone and Hythe,2021-01-20,1184,projected
Folkestone and Hythe,2021-01-21,1184,projected
Folkestone and Hythe,2021-01-22,1184,projected
Folkestone and Hythe,2021-01-23,1184,projected
Folkestone and Hythe,2021-01-24,1184,projected
Folkestone and Hythe,2021-01-25,1184,projected
Folkestone and Hythe,2021-01-26,1184,projected
Forest of Dean,2020-09-23, 27,inferred
Forest of Dean,2020-09-24, 27,inferred
Forest of Dean,2020-09-25, 27,inferred
Forest of Dean,2020-09-26, 27,inferred
Forest of Dean,2020-09-27, 27,inferred
Forest of Dean,2020-09-28, 27,inferred
Forest of Dean,2020-09-29, 27,inferred
Forest of Dean,2020-09-30, 28,inferred
Forest of Dean,2020-10-01, 28,inferred
Forest of Dean,2020-10-02, 28,inferred
Forest of Dean,2020-10-03, 28,inferred
Forest of Dean,2020-10-04, 28,inferred
Forest of Dean,2020-10-05, 28,inferred
Forest of Dean,2020-10-06, 28,inferred
Forest of Dean,2020-10-07, 45,inferred
Forest of Dean,2020-10-08, 45,inferred
Forest of Dean,2020-10-09, 45,inferred
Forest of Dean,2020-10-10, 45,inferred
Forest of Dean,2020-10-11, 45,inferred
Forest of Dean,2020-10-12, 45,inferred
Forest of Dean,2020-10-13, 45,inferred
Forest of Dean,2020-10-14, 49,inferred
Forest of Dean,2020-10-15, 49,inferred
Forest of Dean,2020-10-16, 49,inferred
Forest of Dean,2020-10-17, 49,inferred
Forest of Dean,2020-10-18, 49,inferred
Forest of Dean,2020-10-19, 49,inferred
Forest of Dean,2020-10-20, 49,inferred
Forest of Dean,2020-10-21, 70,inferred
Forest of Dean,2020-10-22, 70,inferred
Forest of Dean,2020-10-23, 70,inferred
Forest of Dean,2020-10-24, 70,inferred
Forest of Dean,2020-10-25, 70,inferred
Forest of Dean,2020-10-26, 70,inferred
Forest of Dean,2020-10-27, 70,inferred
Forest of Dean,2020-10-28, 72,inferred
Forest of Dean,2020-10-29, 72,inferred
Forest of Dean,2020-10-30, 72,inferred
Forest of Dean,2020-10-31, 72,inferred
Forest of Dean,2020-11-01, 72,inferred
Forest of Dean,2020-11-02, 72,inferred
Forest of Dean,2020-11-03, 72,inferred
Forest of Dean,2020-11-04, 95,inferred
Forest of Dean,2020-11-05, 95,inferred
Forest of Dean,2020-11-06, 95,inferred
Forest of Dean,2020-11-07, 95,inferred
Forest of Dean,2020-11-08, 95,inferred
Forest of Dean,2020-11-09, 95,inferred
Forest of Dean,2020-11-10, 95,inferred
Forest of Dean,2020-11-11,116,inferred
Forest of Dean,2020-11-12,116,inferred
Forest of Dean,2020-11-13,116,inferred
Forest of Dean,2020-11-14,116,inferred
Forest of Dean,2020-11-15,116,inferred
Forest of Dean,2020-11-16,116,inferred
Forest of Dean,2020-11-17,116,inferred
Forest of Dean,2020-11-18, 89,inferred
Forest of Dean,2020-11-19, 89,inferred
Forest of Dean,2020-11-20, 89,inferred
Forest of Dean,2020-11-21, 89,inferred
Forest of Dean,2020-11-22, 89,inferred
Forest of Dean,2020-11-23, 89,inferred
Forest of Dean,2020-11-24, 89,inferred
Forest of Dean,2020-11-25, 69,inferred
Forest of Dean,2020-11-26, 69,inferred
Forest of Dean,2020-11-27, 69,inferred
Forest of Dean,2020-11-28, 69,inferred
Forest of Dean,2020-11-29, 69,inferred
Forest of Dean,2020-11-30, 69,inferred
Forest of Dean,2020-12-01, 69,inferred
Forest of Dean,2020-12-02,127,inferred
Forest of Dean,2020-12-03,127,inferred
Forest of Dean,2020-12-04,127,inferred
Forest of Dean,2020-12-05,127,inferred
Forest of Dean,2020-12-06,127,inferred
Forest of Dean,2020-12-07,127,inferred
Forest of Dean,2020-12-08,127,inferred
Forest of Dean,2020-12-09,169,inferred
Forest of Dean,2020-12-10,169,inferred
Forest of Dean,2020-12-11,169,inferred
Forest of Dean,2020-12-12,169,inferred
Forest of Dean,2020-12-13,169,inferred
Forest of Dean,2020-12-14,169,inferred
Forest of Dean,2020-12-15,169,inferred
Forest of Dean,2020-12-16,223,inferred
Forest of Dean,2020-12-17,223,inferred
Forest of Dean,2020-12-18,223,inferred
Forest of Dean,2020-12-19,223,inferred
Forest of Dean,2020-12-20,223,inferred
Forest of Dean,2020-12-21,223,inferred
Forest of Dean,2020-12-22,223,inferred
Forest of Dean,2020-12-23,262,inferred
Forest of Dean,2020-12-24,262,inferred
Forest of Dean,2020-12-25,262,inferred
Forest of Dean,2020-12-26,262,inferred
Forest of Dean,2020-12-27,262,inferred
Forest of Dean,2020-12-28,262,inferred
Forest of Dean,2020-12-29,262,inferred
Forest of Dean,2020-12-30,391,inferred
Forest of Dean,2020-12-31,391,inferred
Forest of Dean,2021-01-01,391,inferred
Forest of Dean,2021-01-02,391,inferred
Forest of Dean,2021-01-03,391,inferred
Forest of Dean,2021-01-04,391,inferred
Forest of Dean,2021-01-05,391,inferred
Forest of Dean,2021-01-06,478,projected
Forest of Dean,2021-01-07,478,projected
Forest of Dean,2021-01-08,478,projected
Forest of Dean,2021-01-09,478,projected
Forest of Dean,2021-01-10,478,projected
Forest of Dean,2021-01-11,478,projected
Forest of Dean,2021-01-12,478,projected
Forest of Dean,2021-01-13,538,projected
Forest of Dean,2021-01-14,538,projected
Forest of Dean,2021-01-15,538,projected
Forest of Dean,2021-01-16,538,projected
Forest of Dean,2021-01-17,538,projected
Forest of Dean,2021-01-18,538,projected
Forest of Dean,2021-01-19,538,projected
Forest of Dean,2021-01-20,625,projected
Forest of Dean,2021-01-21,625,projected
Forest of Dean,2021-01-22,625,projected
Forest of Dean,2021-01-23,625,projected
Forest of Dean,2021-01-24,625,projected
Forest of Dean,2021-01-25,625,projected
Forest of Dean,2021-01-26,625,projected
Forth Valley,2020-09-23, 96,inferred
Forth Valley,2020-09-24, 96,inferred
Forth Valley,2020-09-25, 96,inferred
Forth Valley,2020-09-26, 96,inferred
Forth Valley,2020-09-27, 96,inferred
Forth Valley,2020-09-28, 96,inferred
Forth Valley,2020-09-29, 96,inferred
Forth Valley,2020-09-30,211,inferred
Forth Valley,2020-10-01,211,inferred
Forth Valley,2020-10-02,211,inferred
Forth Valley,2020-10-03,211,inferred
Forth Valley,2020-10-04,211,inferred
Forth Valley,2020-10-05,211,inferred
Forth Valley,2020-10-06,211,inferred
Forth Valley,2020-10-07,287,inferred
Forth Valley,2020-10-08,287,inferred
Forth Valley,2020-10-09,287,inferred
Forth Valley,2020-10-10,287,inferred
Forth Valley,2020-10-11,287,inferred
Forth Valley,2020-10-12,287,inferred
Forth Valley,2020-10-13,287,inferred
Forth Valley,2020-10-14,259,inferred
Forth Valley,2020-10-15,259,inferred
Forth Valley,2020-10-16,259,inferred
Forth Valley,2020-10-17,259,inferred
Forth Valley,2020-10-18,259,inferred
Forth Valley,2020-10-19,259,inferred
Forth Valley,2020-10-20,259,inferred
Forth Valley,2020-10-21,388,inferred
Forth Valley,2020-10-22,388,inferred
Forth Valley,2020-10-23,388,inferred
Forth Valley,2020-10-24,388,inferred
Forth Valley,2020-10-25,388,inferred
Forth Valley,2020-10-26,388,inferred
Forth Valley,2020-10-27,388,inferred
Forth Valley,2020-10-28,276,inferred
Forth Valley,2020-10-29,276,inferred
Forth Valley,2020-10-30,276,inferred
Forth Valley,2020-10-31,276,inferred
Forth Valley,2020-11-01,276,inferred
Forth Valley,2020-11-02,276,inferred
Forth Valley,2020-11-03,276,inferred
Forth Valley,2020-11-04,306,inferred
Forth Valley,2020-11-05,306,inferred
Forth Valley,2020-11-06,306,inferred
Forth Valley,2020-11-07,306,inferred
Forth Valley,2020-11-08,306,inferred
Forth Valley,2020-11-09,306,inferred
Forth Valley,2020-11-10,306,inferred
Forth Valley,2020-11-11,439,inferred
Forth Valley,2020-11-12,439,inferred
Forth Valley,2020-11-13,439,inferred
Forth Valley,2020-11-14,439,inferred
Forth Valley,2020-11-15,439,inferred
Forth Valley,2020-11-16,439,inferred
Forth Valley,2020-11-17,439,inferred
Forth Valley,2020-11-18,307,inferred
Forth Valley,2020-11-19,307,inferred
Forth Valley,2020-11-20,307,inferred
Forth Valley,2020-11-21,307,inferred
Forth Valley,2020-11-22,307,inferred
Forth Valley,2020-11-23,307,inferred
Forth Valley,2020-11-24,307,inferred
Forth Valley,2020-11-25,285,inferred
Forth Valley,2020-11-26,285,inferred
Forth Valley,2020-11-27,285,inferred
Forth Valley,2020-11-28,285,inferred
Forth Valley,2020-11-29,285,inferred
Forth Valley,2020-11-30,285,inferred
Forth Valley,2020-12-01,285,inferred
Forth Valley,2020-12-02,310,inferred
Forth Valley,2020-12-03,310,inferred
Forth Valley,2020-12-04,310,inferred
Forth Valley,2020-12-05,310,inferred
Forth Valley,2020-12-06,310,inferred
Forth Valley,2020-12-07,310,inferred
Forth Valley,2020-12-08,310,inferred
Forth Valley,2020-12-09,317,inferred
Forth Valley,2020-12-10,317,inferred
Forth Valley,2020-12-11,317,inferred
Forth Valley,2020-12-12,317,inferred
Forth Valley,2020-12-13,317,inferred
Forth Valley,2020-12-14,317,inferred
Forth Valley,2020-12-15,317,inferred
Forth Valley,2020-12-16,295,inferred
Forth Valley,2020-12-17,295,inferred
Forth Valley,2020-12-18,295,inferred
Forth Valley,2020-12-19,295,inferred
Forth Valley,2020-12-20,295,inferred
Forth Valley,2020-12-21,295,inferred
Forth Valley,2020-12-22,295,inferred
Forth Valley,2020-12-23,350,inferred
Forth Valley,2020-12-24,350,inferred
Forth Valley,2020-12-25,350,inferred
Forth Valley,2020-12-26,350,inferred
Forth Valley,2020-12-27,350,inferred
Forth Valley,2020-12-28,350,inferred
Forth Valley,2020-12-29,350,inferred
Forth Valley,2020-12-30,723,inferred
Forth Valley,2020-12-31,723,inferred
Forth Valley,2021-01-01,723,inferred
Forth Valley,2021-01-02,723,inferred
Forth Valley,2021-01-03,723,inferred
Forth Valley,2021-01-04,723,inferred
Forth Valley,2021-01-05,723,inferred
Forth Valley,2021-01-06,1332,projected
Forth Valley,2021-01-07,1332,projected
Forth Valley,2021-01-08,1332,projected
Forth Valley,2021-01-09,1332,projected
Forth Valley,2021-01-10,1332,projected
Forth Valley,2021-01-11,1332,projected
Forth Valley,2021-01-12,1332,projected
Forth Valley,2021-01-13,2350,projected
Forth Valley,2021-01-14,2350,projected
Forth Valley,2021-01-15,2350,projected
Forth Valley,2021-01-16,2350,projected
Forth Valley,2021-01-17,2350,projected
Forth Valley,2021-01-18,2350,projected
Forth Valley,2021-01-19,2350,projected
Forth Valley,2021-01-20,3911,projected
Forth Valley,2021-01-21,3911,projected
Forth Valley,2021-01-22,3911,projected
Forth Valley,2021-01-23,3911,projected
Forth Valley,2021-01-24,3911,projected
Forth Valley,2021-01-25,3911,projected
Forth Valley,2021-01-26,3911,projected
Fylde,2020-09-23, 97,inferred
Fylde,2020-09-24, 97,inferred
Fylde,2020-09-25, 97,inferred
Fylde,2020-09-26, 97,inferred
Fylde,2020-09-27, 97,inferred
Fylde,2020-09-28, 97,inferred
Fylde,2020-09-29, 97,inferred
Fylde,2020-09-30,135,inferred
Fylde,2020-10-01,135,inferred
Fylde,2020-10-02,135,inferred
Fylde,2020-10-03,135,inferred
Fylde,2020-10-04,135,inferred
Fylde,2020-10-05,135,inferred
Fylde,2020-10-06,135,inferred
Fylde,2020-10-07,165,inferred
Fylde,2020-10-08,165,inferred
Fylde,2020-10-09,165,inferred
Fylde,2020-10-10,165,inferred
Fylde,2020-10-11,165,inferred
Fylde,2020-10-12,165,inferred
Fylde,2020-10-13,165,inferred
Fylde,2020-10-14,272,inferred
Fylde,2020-10-15,272,inferred
Fylde,2020-10-16,272,inferred
Fylde,2020-10-17,272,inferred
Fylde,2020-10-18,272,inferred
Fylde,2020-10-19,272,inferred
Fylde,2020-10-20,272,inferred
Fylde,2020-10-21,281,inferred
Fylde,2020-10-22,281,inferred
Fylde,2020-10-23,281,inferred
Fylde,2020-10-24,281,inferred
Fylde,2020-10-25,281,inferred
Fylde,2020-10-26,281,inferred
Fylde,2020-10-27,281,inferred
Fylde,2020-10-28,223,inferred
Fylde,2020-10-29,223,inferred
Fylde,2020-10-30,223,inferred
Fylde,2020-10-31,223,inferred
Fylde,2020-11-01,223,inferred
Fylde,2020-11-02,223,inferred
Fylde,2020-11-03,223,inferred
Fylde,2020-11-04,232,inferred
Fylde,2020-11-05,232,inferred
Fylde,2020-11-06,232,inferred
Fylde,2020-11-07,232,inferred
Fylde,2020-11-08,232,inferred
Fylde,2020-11-09,232,inferred
Fylde,2020-11-10,232,inferred
Fylde,2020-11-11,226,inferred
Fylde,2020-11-12,226,inferred
Fylde,2020-11-13,226,inferred
Fylde,2020-11-14,226,inferred
Fylde,2020-11-15,226,inferred
Fylde,2020-11-16,226,inferred
Fylde,2020-11-17,226,inferred
Fylde,2020-11-18,159,inferred
Fylde,2020-11-19,159,inferred
Fylde,2020-11-20,159,inferred
Fylde,2020-11-21,159,inferred
Fylde,2020-11-22,159,inferred
Fylde,2020-11-23,159,inferred
Fylde,2020-11-24,159,inferred
Fylde,2020-11-25,101,inferred
Fylde,2020-11-26,101,inferred
Fylde,2020-11-27,101,inferred
Fylde,2020-11-28,101,inferred
Fylde,2020-11-29,101,inferred
Fylde,2020-11-30,101,inferred
Fylde,2020-12-01,101,inferred
Fylde,2020-12-02, 65,inferred
Fylde,2020-12-03, 65,inferred
Fylde,2020-12-04, 65,inferred
Fylde,2020-12-05, 65,inferred
Fylde,2020-12-06, 65,inferred
Fylde,2020-12-07, 65,inferred
Fylde,2020-12-08, 65,inferred
Fylde,2020-12-09, 86,inferred
Fylde,2020-12-10, 86,inferred
Fylde,2020-12-11, 86,inferred
Fylde,2020-12-12, 86,inferred
Fylde,2020-12-13, 86,inferred
Fylde,2020-12-14, 86,inferred
Fylde,2020-12-15, 86,inferred
Fylde,2020-12-16,132,inferred
Fylde,2020-12-17,132,inferred
Fylde,2020-12-18,132,inferred
Fylde,2020-12-19,132,inferred
Fylde,2020-12-20,132,inferred
Fylde,2020-12-21,132,inferred
Fylde,2020-12-22,132,inferred
Fylde,2020-12-23,148,inferred
Fylde,2020-12-24,148,inferred
Fylde,2020-12-25,148,inferred
Fylde,2020-12-26,148,inferred
Fylde,2020-12-27,148,inferred
Fylde,2020-12-28,148,inferred
Fylde,2020-12-29,148,inferred
Fylde,2020-12-30,247,inferred
Fylde,2020-12-31,247,inferred
Fylde,2021-01-01,247,inferred
Fylde,2021-01-02,247,inferred
Fylde,2021-01-03,247,inferred
Fylde,2021-01-04,247,inferred
Fylde,2021-01-05,247,inferred
Fylde,2021-01-06,282,projected
Fylde,2021-01-07,282,projected
Fylde,2021-01-08,282,projected
Fylde,2021-01-09,282,projected
Fylde,2021-01-10,282,projected
Fylde,2021-01-11,282,projected
Fylde,2021-01-12,282,projected
Fylde,2021-01-13,338,projected
Fylde,2021-01-14,338,projected
Fylde,2021-01-15,338,projected
Fylde,2021-01-16,338,projected
Fylde,2021-01-17,338,projected
Fylde,2021-01-18,338,projected
Fylde,2021-01-19,338,projected
Fylde,2021-01-20,414,projected
Fylde,2021-01-21,414,projected
Fylde,2021-01-22,414,projected
Fylde,2021-01-23,414,projected
Fylde,2021-01-24,414,projected
Fylde,2021-01-25,414,projected
Fylde,2021-01-26,414,projected
Gateshead,2020-09-23,347,inferred
Gateshead,2020-09-24,347,inferred
Gateshead,2020-09-25,347,inferred
Gateshead,2020-09-26,347,inferred
Gateshead,2020-09-27,347,inferred
Gateshead,2020-09-28,347,inferred
Gateshead,2020-09-29,347,inferred
Gateshead,2020-09-30,508,inferred
Gateshead,2020-10-01,508,inferred
Gateshead,2020-10-02,508,inferred
Gateshead,2020-10-03,508,inferred
Gateshead,2020-10-04,508,inferred
Gateshead,2020-10-05,508,inferred
Gateshead,2020-10-06,508,inferred
Gateshead,2020-10-07,510,inferred
Gateshead,2020-10-08,510,inferred
Gateshead,2020-10-09,510,inferred
Gateshead,2020-10-10,510,inferred
Gateshead,2020-10-11,510,inferred
Gateshead,2020-10-12,510,inferred
Gateshead,2020-10-13,510,inferred
Gateshead,2020-10-14,547,inferred
Gateshead,2020-10-15,547,inferred
Gateshead,2020-10-16,547,inferred
Gateshead,2020-10-17,547,inferred
Gateshead,2020-10-18,547,inferred
Gateshead,2020-10-19,547,inferred
Gateshead,2020-10-20,547,inferred
Gateshead,2020-10-21,769,inferred
Gateshead,2020-10-22,769,inferred
Gateshead,2020-10-23,769,inferred
Gateshead,2020-10-24,769,inferred
Gateshead,2020-10-25,769,inferred
Gateshead,2020-10-26,769,inferred
Gateshead,2020-10-27,769,inferred
Gateshead,2020-10-28,795,inferred
Gateshead,2020-10-29,795,inferred
Gateshead,2020-10-30,795,inferred
Gateshead,2020-10-31,795,inferred
Gateshead,2020-11-01,795,inferred
Gateshead,2020-11-02,795,inferred
Gateshead,2020-11-03,795,inferred
Gateshead,2020-11-04,931,inferred
Gateshead,2020-11-05,931,inferred
Gateshead,2020-11-06,931,inferred
Gateshead,2020-11-07,931,inferred
Gateshead,2020-11-08,931,inferred
Gateshead,2020-11-09,931,inferred
Gateshead,2020-11-10,931,inferred
Gateshead,2020-11-11,709,inferred
Gateshead,2020-11-12,709,inferred
Gateshead,2020-11-13,709,inferred
Gateshead,2020-11-14,709,inferred
Gateshead,2020-11-15,709,inferred
Gateshead,2020-11-16,709,inferred
Gateshead,2020-11-17,709,inferred
Gateshead,2020-11-18,466,inferred
Gateshead,2020-11-19,466,inferred
Gateshead,2020-11-20,466,inferred
Gateshead,2020-11-21,466,inferred
Gateshead,2020-11-22,466,inferred
Gateshead,2020-11-23,466,inferred
Gateshead,2020-11-24,466,inferred
Gateshead,2020-11-25,254,inferred
Gateshead,2020-11-26,254,inferred
Gateshead,2020-11-27,254,inferred
Gateshead,2020-11-28,254,inferred
Gateshead,2020-11-29,254,inferred
Gateshead,2020-11-30,254,inferred
Gateshead,2020-12-01,254,inferred
Gateshead,2020-12-02,177,inferred
Gateshead,2020-12-03,177,inferred
Gateshead,2020-12-04,177,inferred
Gateshead,2020-12-05,177,inferred
Gateshead,2020-12-06,177,inferred
Gateshead,2020-12-07,177,inferred
Gateshead,2020-12-08,177,inferred
Gateshead,2020-12-09,240,inferred
Gateshead,2020-12-10,240,inferred
Gateshead,2020-12-11,240,inferred
Gateshead,2020-12-12,240,inferred
Gateshead,2020-12-13,240,inferred
Gateshead,2020-12-14,240,inferred
Gateshead,2020-12-15,240,inferred
Gateshead,2020-12-16,409,inferred
Gateshead,2020-12-17,409,inferred
Gateshead,2020-12-18,409,inferred
Gateshead,2020-12-19,409,inferred
Gateshead,2020-12-20,409,inferred
Gateshead,2020-12-21,409,inferred
Gateshead,2020-12-22,409,inferred
Gateshead,2020-12-23,678,inferred
Gateshead,2020-12-24,678,inferred
Gateshead,2020-12-25,678,inferred
Gateshead,2020-12-26,678,inferred
Gateshead,2020-12-27,678,inferred
Gateshead,2020-12-28,678,inferred
Gateshead,2020-12-29,678,inferred
Gateshead,2020-12-30,906,inferred
Gateshead,2020-12-31,906,inferred
Gateshead,2021-01-01,906,inferred
Gateshead,2021-01-02,906,inferred
Gateshead,2021-01-03,906,inferred
Gateshead,2021-01-04,906,inferred
Gateshead,2021-01-05,906,inferred
Gateshead,2021-01-06,876,projected
Gateshead,2021-01-07,876,projected
Gateshead,2021-01-08,876,projected
Gateshead,2021-01-09,876,projected
Gateshead,2021-01-10,876,projected
Gateshead,2021-01-11,876,projected
Gateshead,2021-01-12,876,projected
Gateshead,2021-01-13,833,projected
Gateshead,2021-01-14,833,projected
Gateshead,2021-01-15,833,projected
Gateshead,2021-01-16,833,projected
Gateshead,2021-01-17,833,projected
Gateshead,2021-01-18,833,projected
Gateshead,2021-01-19,833,projected
Gateshead,2021-01-20,829,projected
Gateshead,2021-01-21,829,projected
Gateshead,2021-01-22,829,projected
Gateshead,2021-01-23,829,projected
Gateshead,2021-01-24,829,projected
Gateshead,2021-01-25,829,projected
Gateshead,2021-01-26,829,projected
Gedling,2020-09-23, 69,inferred
Gedling,2020-09-24, 69,inferred
Gedling,2020-09-25, 69,inferred
Gedling,2020-09-26, 69,inferred
Gedling,2020-09-27, 69,inferred
Gedling,2020-09-28, 69,inferred
Gedling,2020-09-29, 69,inferred
Gedling,2020-09-30,188,inferred
Gedling,2020-10-01,188,inferred
Gedling,2020-10-02,188,inferred
Gedling,2020-10-03,188,inferred
Gedling,2020-10-04,188,inferred
Gedling,2020-10-05,188,inferred
Gedling,2020-10-06,188,inferred
Gedling,2020-10-07,440,inferred
Gedling,2020-10-08,440,inferred
Gedling,2020-10-09,440,inferred
Gedling,2020-10-10,440,inferred
Gedling,2020-10-11,440,inferred
Gedling,2020-10-12,440,inferred
Gedling,2020-10-13,440,inferred
Gedling,2020-10-14,485,inferred
Gedling,2020-10-15,485,inferred
Gedling,2020-10-16,485,inferred
Gedling,2020-10-17,485,inferred
Gedling,2020-10-18,485,inferred
Gedling,2020-10-19,485,inferred
Gedling,2020-10-20,485,inferred
Gedling,2020-10-21,465,inferred
Gedling,2020-10-22,465,inferred
Gedling,2020-10-23,465,inferred
Gedling,2020-10-24,465,inferred
Gedling,2020-10-25,465,inferred
Gedling,2020-10-26,465,inferred
Gedling,2020-10-27,465,inferred
Gedling,2020-10-28,399,inferred
Gedling,2020-10-29,399,inferred
Gedling,2020-10-30,399,inferred
Gedling,2020-10-31,399,inferred
Gedling,2020-11-01,399,inferred
Gedling,2020-11-02,399,inferred
Gedling,2020-11-03,399,inferred
Gedling,2020-11-04,357,inferred
Gedling,2020-11-05,357,inferred
Gedling,2020-11-06,357,inferred
Gedling,2020-11-07,357,inferred
Gedling,2020-11-08,357,inferred
Gedling,2020-11-09,357,inferred
Gedling,2020-11-10,357,inferred
Gedling,2020-11-11,286,inferred
Gedling,2020-11-12,286,inferred
Gedling,2020-11-13,286,inferred
Gedling,2020-11-14,286,inferred
Gedling,2020-11-15,286,inferred
Gedling,2020-11-16,286,inferred
Gedling,2020-11-17,286,inferred
Gedling,2020-11-18,201,inferred
Gedling,2020-11-19,201,inferred
Gedling,2020-11-20,201,inferred
Gedling,2020-11-21,201,inferred
Gedling,2020-11-22,201,inferred
Gedling,2020-11-23,201,inferred
Gedling,2020-11-24,201,inferred
Gedling,2020-11-25,167,inferred
Gedling,2020-11-26,167,inferred
Gedling,2020-11-27,167,inferred
Gedling,2020-11-28,167,inferred
Gedling,2020-11-29,167,inferred
Gedling,2020-11-30,167,inferred
Gedling,2020-12-01,167,inferred
Gedling,2020-12-02,172,inferred
Gedling,2020-12-03,172,inferred
Gedling,2020-12-04,172,inferred
Gedling,2020-12-05,172,inferred
Gedling,2020-12-06,172,inferred
Gedling,2020-12-07,172,inferred
Gedling,2020-12-08,172,inferred
Gedling,2020-12-09,296,inferred
Gedling,2020-12-10,296,inferred
Gedling,2020-12-11,296,inferred
Gedling,2020-12-12,296,inferred
Gedling,2020-12-13,296,inferred
Gedling,2020-12-14,296,inferred
Gedling,2020-12-15,296,inferred
Gedling,2020-12-16,372,inferred
Gedling,2020-12-17,372,inferred
Gedling,2020-12-18,372,inferred
Gedling,2020-12-19,372,inferred
Gedling,2020-12-20,372,inferred
Gedling,2020-12-21,372,inferred
Gedling,2020-12-22,372,inferred
Gedling,2020-12-23,344,inferred
Gedling,2020-12-24,344,inferred
Gedling,2020-12-25,344,inferred
Gedling,2020-12-26,344,inferred
Gedling,2020-12-27,344,inferred
Gedling,2020-12-28,344,inferred
Gedling,2020-12-29,344,inferred
Gedling,2020-12-30,600,inferred
Gedling,2020-12-31,600,inferred
Gedling,2021-01-01,600,inferred
Gedling,2021-01-02,600,inferred
Gedling,2021-01-03,600,inferred
Gedling,2021-01-04,600,inferred
Gedling,2021-01-05,600,inferred
Gedling,2021-01-06,594,projected
Gedling,2021-01-07,594,projected
Gedling,2021-01-08,594,projected
Gedling,2021-01-09,594,projected
Gedling,2021-01-10,594,projected
Gedling,2021-01-11,594,projected
Gedling,2021-01-12,594,projected
Gedling,2021-01-13,588,projected
Gedling,2021-01-14,588,projected
Gedling,2021-01-15,588,projected
Gedling,2021-01-16,588,projected
Gedling,2021-01-17,588,projected
Gedling,2021-01-18,588,projected
Gedling,2021-01-19,588,projected
Gedling,2021-01-20,588,projected
Gedling,2021-01-21,588,projected
Gedling,2021-01-22,588,projected
Gedling,2021-01-23,588,projected
Gedling,2021-01-24,588,projected
Gedling,2021-01-25,588,projected
Gedling,2021-01-26,588,projected
Glasgow City,2020-09-23,1515,inferred
Glasgow City,2020-09-24,1515,inferred
Glasgow City,2020-09-25,1515,inferred
Glasgow City,2020-09-26,1515,inferred
Glasgow City,2020-09-27,1515,inferred
Glasgow City,2020-09-28,1515,inferred
Glasgow City,2020-09-29,1515,inferred
Glasgow City,2020-09-30,1910,inferred
Glasgow City,2020-10-01,1910,inferred
Glasgow City,2020-10-02,1910,inferred
Glasgow City,2020-10-03,1910,inferred
Glasgow City,2020-10-04,1910,inferred
Glasgow City,2020-10-05,1910,inferred
Glasgow City,2020-10-06,1910,inferred
Glasgow City,2020-10-07,2686,inferred
Glasgow City,2020-10-08,2686,inferred
Glasgow City,2020-10-09,2686,inferred
Glasgow City,2020-10-10,2686,inferred
Glasgow City,2020-10-11,2686,inferred
Glasgow City,2020-10-12,2686,inferred
Glasgow City,2020-10-13,2686,inferred
Glasgow City,2020-10-14,2803,inferred
Glasgow City,2020-10-15,2803,inferred
Glasgow City,2020-10-16,2803,inferred
Glasgow City,2020-10-17,2803,inferred
Glasgow City,2020-10-18,2803,inferred
Glasgow City,2020-10-19,2803,inferred
Glasgow City,2020-10-20,2803,inferred
Glasgow City,2020-10-21,3525,inferred
Glasgow City,2020-10-22,3525,inferred
Glasgow City,2020-10-23,3525,inferred
Glasgow City,2020-10-24,3525,inferred
Glasgow City,2020-10-25,3525,inferred
Glasgow City,2020-10-26,3525,inferred
Glasgow City,2020-10-27,3525,inferred
Glasgow City,2020-10-28,2943,inferred
Glasgow City,2020-10-29,2943,inferred
Glasgow City,2020-10-30,2943,inferred
Glasgow City,2020-10-31,2943,inferred
Glasgow City,2020-11-01,2943,inferred
Glasgow City,2020-11-02,2943,inferred
Glasgow City,2020-11-03,2943,inferred
Glasgow City,2020-11-04,3217,inferred
Glasgow City,2020-11-05,3217,inferred
Glasgow City,2020-11-06,3217,inferred
Glasgow City,2020-11-07,3217,inferred
Glasgow City,2020-11-08,3217,inferred
Glasgow City,2020-11-09,3217,inferred
Glasgow City,2020-11-10,3217,inferred
Glasgow City,2020-11-11,2913,inferred
Glasgow City,2020-11-12,2913,inferred
Glasgow City,2020-11-13,2913,inferred
Glasgow City,2020-11-14,2913,inferred
Glasgow City,2020-11-15,2913,inferred
Glasgow City,2020-11-16,2913,inferred
Glasgow City,2020-11-17,2913,inferred
Glasgow City,2020-11-18,2320,inferred
Glasgow City,2020-11-19,2320,inferred
Glasgow City,2020-11-20,2320,inferred
Glasgow City,2020-11-21,2320,inferred
Glasgow City,2020-11-22,2320,inferred
Glasgow City,2020-11-23,2320,inferred
Glasgow City,2020-11-24,2320,inferred
Glasgow City,2020-11-25,1777,inferred
Glasgow City,2020-11-26,1777,inferred
Glasgow City,2020-11-27,1777,inferred
Glasgow City,2020-11-28,1777,inferred
Glasgow City,2020-11-29,1777,inferred
Glasgow City,2020-11-30,1777,inferred
Glasgow City,2020-12-01,1777,inferred
Glasgow City,2020-12-02,1625,inferred
Glasgow City,2020-12-03,1625,inferred
Glasgow City,2020-12-04,1625,inferred
Glasgow City,2020-12-05,1625,inferred
Glasgow City,2020-12-06,1625,inferred
Glasgow City,2020-12-07,1625,inferred
Glasgow City,2020-12-08,1625,inferred
Glasgow City,2020-12-09,1578,inferred
Glasgow City,2020-12-10,1578,inferred
Glasgow City,2020-12-11,1578,inferred
Glasgow City,2020-12-12,1578,inferred
Glasgow City,2020-12-13,1578,inferred
Glasgow City,2020-12-14,1578,inferred
Glasgow City,2020-12-15,1578,inferred
Glasgow City,2020-12-16,1683,inferred
Glasgow City,2020-12-17,1683,inferred
Glasgow City,2020-12-18,1683,inferred
Glasgow City,2020-12-19,1683,inferred
Glasgow City,2020-12-20,1683,inferred
Glasgow City,2020-12-21,1683,inferred
Glasgow City,2020-12-22,1683,inferred
Glasgow City,2020-12-23,2218,inferred
Glasgow City,2020-12-24,2218,inferred
Glasgow City,2020-12-25,2218,inferred
Glasgow City,2020-12-26,2218,inferred
Glasgow City,2020-12-27,2218,inferred
Glasgow City,2020-12-28,2218,inferred
Glasgow City,2020-12-29,2218,inferred
Glasgow City,2020-12-30,4334,inferred
Glasgow City,2020-12-31,4334,inferred
Glasgow City,2021-01-01,4334,inferred
Glasgow City,2021-01-02,4334,inferred
Glasgow City,2021-01-03,4334,inferred
Glasgow City,2021-01-04,4334,inferred
Glasgow City,2021-01-05,4334,inferred
Glasgow City,2021-01-06,6602,projected
Glasgow City,2021-01-07,6602,projected
Glasgow City,2021-01-08,6602,projected
Glasgow City,2021-01-09,6602,projected
Glasgow City,2021-01-10,6602,projected
Glasgow City,2021-01-11,6602,projected
Glasgow City,2021-01-12,6602,projected
Glasgow City,2021-01-13,9729,projected
Glasgow City,2021-01-14,9729,projected
Glasgow City,2021-01-15,9729,projected
Glasgow City,2021-01-16,9729,projected
Glasgow City,2021-01-17,9729,projected
Glasgow City,2021-01-18,9729,projected
Glasgow City,2021-01-19,9729,projected
Glasgow City,2021-01-20,14285,projected
Glasgow City,2021-01-21,14285,projected
Glasgow City,2021-01-22,14285,projected
Glasgow City,2021-01-23,14285,projected
Glasgow City,2021-01-24,14285,projected
Glasgow City,2021-01-25,14285,projected
Glasgow City,2021-01-26,14285,projected
Gloucester,2020-09-23, 38,inferred
Gloucester,2020-09-24, 38,inferred
Gloucester,2020-09-25, 38,inferred
Gloucester,2020-09-26, 38,inferred
Gloucester,2020-09-27, 38,inferred
Gloucester,2020-09-28, 38,inferred
Gloucester,2020-09-29, 38,inferred
Gloucester,2020-09-30, 88,inferred
Gloucester,2020-10-01, 88,inferred
Gloucester,2020-10-02, 88,inferred
Gloucester,2020-10-03, 88,inferred
Gloucester,2020-10-04, 88,inferred
Gloucester,2020-10-05, 88,inferred
Gloucester,2020-10-06, 88,inferred
Gloucester,2020-10-07, 95,inferred
Gloucester,2020-10-08, 95,inferred
Gloucester,2020-10-09, 95,inferred
Gloucester,2020-10-10, 95,inferred
Gloucester,2020-10-11, 95,inferred
Gloucester,2020-10-12, 95,inferred
Gloucester,2020-10-13, 95,inferred
Gloucester,2020-10-14,109,inferred
Gloucester,2020-10-15,109,inferred
Gloucester,2020-10-16,109,inferred
Gloucester,2020-10-17,109,inferred
Gloucester,2020-10-18,109,inferred
Gloucester,2020-10-19,109,inferred
Gloucester,2020-10-20,109,inferred
Gloucester,2020-10-21,144,inferred
Gloucester,2020-10-22,144,inferred
Gloucester,2020-10-23,144,inferred
Gloucester,2020-10-24,144,inferred
Gloucester,2020-10-25,144,inferred
Gloucester,2020-10-26,144,inferred
Gloucester,2020-10-27,144,inferred
Gloucester,2020-10-28,202,inferred
Gloucester,2020-10-29,202,inferred
Gloucester,2020-10-30,202,inferred
Gloucester,2020-10-31,202,inferred
Gloucester,2020-11-01,202,inferred
Gloucester,2020-11-02,202,inferred
Gloucester,2020-11-03,202,inferred
Gloucester,2020-11-04,196,inferred
Gloucester,2020-11-05,196,inferred
Gloucester,2020-11-06,196,inferred
Gloucester,2020-11-07,196,inferred
Gloucester,2020-11-08,196,inferred
Gloucester,2020-11-09,196,inferred
Gloucester,2020-11-10,196,inferred
Gloucester,2020-11-11,304,inferred
Gloucester,2020-11-12,304,inferred
Gloucester,2020-11-13,304,inferred
Gloucester,2020-11-14,304,inferred
Gloucester,2020-11-15,304,inferred
Gloucester,2020-11-16,304,inferred
Gloucester,2020-11-17,304,inferred
Gloucester,2020-11-18,227,inferred
Gloucester,2020-11-19,227,inferred
Gloucester,2020-11-20,227,inferred
Gloucester,2020-11-21,227,inferred
Gloucester,2020-11-22,227,inferred
Gloucester,2020-11-23,227,inferred
Gloucester,2020-11-24,227,inferred
Gloucester,2020-11-25,232,inferred
Gloucester,2020-11-26,232,inferred
Gloucester,2020-11-27,232,inferred
Gloucester,2020-11-28,232,inferred
Gloucester,2020-11-29,232,inferred
Gloucester,2020-11-30,232,inferred
Gloucester,2020-12-01,232,inferred
Gloucester,2020-12-02,255,inferred
Gloucester,2020-12-03,255,inferred
Gloucester,2020-12-04,255,inferred
Gloucester,2020-12-05,255,inferred
Gloucester,2020-12-06,255,inferred
Gloucester,2020-12-07,255,inferred
Gloucester,2020-12-08,255,inferred
Gloucester,2020-12-09,289,inferred
Gloucester,2020-12-10,289,inferred
Gloucester,2020-12-11,289,inferred
Gloucester,2020-12-12,289,inferred
Gloucester,2020-12-13,289,inferred
Gloucester,2020-12-14,289,inferred
Gloucester,2020-12-15,289,inferred
Gloucester,2020-12-16,376,inferred
Gloucester,2020-12-17,376,inferred
Gloucester,2020-12-18,376,inferred
Gloucester,2020-12-19,376,inferred
Gloucester,2020-12-20,376,inferred
Gloucester,2020-12-21,376,inferred
Gloucester,2020-12-22,376,inferred
Gloucester,2020-12-23,520,inferred
Gloucester,2020-12-24,520,inferred
Gloucester,2020-12-25,520,inferred
Gloucester,2020-12-26,520,inferred
Gloucester,2020-12-27,520,inferred
Gloucester,2020-12-28,520,inferred
Gloucester,2020-12-29,520,inferred
Gloucester,2020-12-30,681,inferred
Gloucester,2020-12-31,681,inferred
Gloucester,2021-01-01,681,inferred
Gloucester,2021-01-02,681,inferred
Gloucester,2021-01-03,681,inferred
Gloucester,2021-01-04,681,inferred
Gloucester,2021-01-05,681,inferred
Gloucester,2021-01-06,734,projected
Gloucester,2021-01-07,734,projected
Gloucester,2021-01-08,734,projected
Gloucester,2021-01-09,734,projected
Gloucester,2021-01-10,734,projected
Gloucester,2021-01-11,734,projected
Gloucester,2021-01-12,734,projected
Gloucester,2021-01-13,757,projected
Gloucester,2021-01-14,757,projected
Gloucester,2021-01-15,757,projected
Gloucester,2021-01-16,757,projected
Gloucester,2021-01-17,757,projected
Gloucester,2021-01-18,757,projected
Gloucester,2021-01-19,757,projected
Gloucester,2021-01-20,822,projected
Gloucester,2021-01-21,822,projected
Gloucester,2021-01-22,822,projected
Gloucester,2021-01-23,822,projected
Gloucester,2021-01-24,822,projected
Gloucester,2021-01-25,822,projected
Gloucester,2021-01-26,822,projected
Gosport,2020-09-23, 19,inferred
Gosport,2020-09-24, 19,inferred
Gosport,2020-09-25, 19,inferred
Gosport,2020-09-26, 19,inferred
Gosport,2020-09-27, 19,inferred
Gosport,2020-09-28, 19,inferred
Gosport,2020-09-29, 19,inferred
Gosport,2020-09-30, 12,inferred
Gosport,2020-10-01, 12,inferred
Gosport,2020-10-02, 12,inferred
Gosport,2020-10-03, 12,inferred
Gosport,2020-10-04, 12,inferred
Gosport,2020-10-05, 12,inferred
Gosport,2020-10-06, 12,inferred
Gosport,2020-10-07, 22,inferred
Gosport,2020-10-08, 22,inferred
Gosport,2020-10-09, 22,inferred
Gosport,2020-10-10, 22,inferred
Gosport,2020-10-11, 22,inferred
Gosport,2020-10-12, 22,inferred
Gosport,2020-10-13, 22,inferred
Gosport,2020-10-14, 31,inferred
Gosport,2020-10-15, 31,inferred
Gosport,2020-10-16, 31,inferred
Gosport,2020-10-17, 31,inferred
Gosport,2020-10-18, 31,inferred
Gosport,2020-10-19, 31,inferred
Gosport,2020-10-20, 31,inferred
Gosport,2020-10-21, 97,inferred
Gosport,2020-10-22, 97,inferred
Gosport,2020-10-23, 97,inferred
Gosport,2020-10-24, 97,inferred
Gosport,2020-10-25, 97,inferred
Gosport,2020-10-26, 97,inferred
Gosport,2020-10-27, 97,inferred
Gosport,2020-10-28,115,inferred
Gosport,2020-10-29,115,inferred
Gosport,2020-10-30,115,inferred
Gosport,2020-10-31,115,inferred
Gosport,2020-11-01,115,inferred
Gosport,2020-11-02,115,inferred
Gosport,2020-11-03,115,inferred
Gosport,2020-11-04,159,inferred
Gosport,2020-11-05,159,inferred
Gosport,2020-11-06,159,inferred
Gosport,2020-11-07,159,inferred
Gosport,2020-11-08,159,inferred
Gosport,2020-11-09,159,inferred
Gosport,2020-11-10,159,inferred
Gosport,2020-11-11,165,inferred
Gosport,2020-11-12,165,inferred
Gosport,2020-11-13,165,inferred
Gosport,2020-11-14,165,inferred
Gosport,2020-11-15,165,inferred
Gosport,2020-11-16,165,inferred
Gosport,2020-11-17,165,inferred
Gosport,2020-11-18, 93,inferred
Gosport,2020-11-19, 93,inferred
Gosport,2020-11-20, 93,inferred
Gosport,2020-11-21, 93,inferred
Gosport,2020-11-22, 93,inferred
Gosport,2020-11-23, 93,inferred
Gosport,2020-11-24, 93,inferred
Gosport,2020-11-25,143,inferred
Gosport,2020-11-26,143,inferred
Gosport,2020-11-27,143,inferred
Gosport,2020-11-28,143,inferred
Gosport,2020-11-29,143,inferred
Gosport,2020-11-30,143,inferred
Gosport,2020-12-01,143,inferred
Gosport,2020-12-02,103,inferred
Gosport,2020-12-03,103,inferred
Gosport,2020-12-04,103,inferred
Gosport,2020-12-05,103,inferred
Gosport,2020-12-06,103,inferred
Gosport,2020-12-07,103,inferred
Gosport,2020-12-08,103,inferred
Gosport,2020-12-09,137,inferred
Gosport,2020-12-10,137,inferred
Gosport,2020-12-11,137,inferred
Gosport,2020-12-12,137,inferred
Gosport,2020-12-13,137,inferred
Gosport,2020-12-14,137,inferred
Gosport,2020-12-15,137,inferred
Gosport,2020-12-16,173,inferred
Gosport,2020-12-17,173,inferred
Gosport,2020-12-18,173,inferred
Gosport,2020-12-19,173,inferred
Gosport,2020-12-20,173,inferred
Gosport,2020-12-21,173,inferred
Gosport,2020-12-22,173,inferred
Gosport,2020-12-23,258,inferred
Gosport,2020-12-24,258,inferred
Gosport,2020-12-25,258,inferred
Gosport,2020-12-26,258,inferred
Gosport,2020-12-27,258,inferred
Gosport,2020-12-28,258,inferred
Gosport,2020-12-29,258,inferred
Gosport,2020-12-30,402,inferred
Gosport,2020-12-31,402,inferred
Gosport,2021-01-01,402,inferred
Gosport,2021-01-02,402,inferred
Gosport,2021-01-03,402,inferred
Gosport,2021-01-04,402,inferred
Gosport,2021-01-05,402,inferred
Gosport,2021-01-06,418,projected
Gosport,2021-01-07,418,projected
Gosport,2021-01-08,418,projected
Gosport,2021-01-09,418,projected
Gosport,2021-01-10,418,projected
Gosport,2021-01-11,418,projected
Gosport,2021-01-12,418,projected
Gosport,2021-01-13,451,projected
Gosport,2021-01-14,451,projected
Gosport,2021-01-15,451,projected
Gosport,2021-01-16,451,projected
Gosport,2021-01-17,451,projected
Gosport,2021-01-18,451,projected
Gosport,2021-01-19,451,projected
Gosport,2021-01-20,464,projected
Gosport,2021-01-21,464,projected
Gosport,2021-01-22,464,projected
Gosport,2021-01-23,464,projected
Gosport,2021-01-24,464,projected
Gosport,2021-01-25,464,projected
Gosport,2021-01-26,464,projected
Grampian,2020-09-23,154,inferred
Grampian,2020-09-24,154,inferred
Grampian,2020-09-25,154,inferred
Grampian,2020-09-26,154,inferred
Grampian,2020-09-27,154,inferred
Grampian,2020-09-28,154,inferred
Grampian,2020-09-29,154,inferred
Grampian,2020-09-30,176,inferred
Grampian,2020-10-01,176,inferred
Grampian,2020-10-02,176,inferred
Grampian,2020-10-03,176,inferred
Grampian,2020-10-04,176,inferred
Grampian,2020-10-05,176,inferred
Grampian,2020-10-06,176,inferred
Grampian,2020-10-07,323,inferred
Grampian,2020-10-08,323,inferred
Grampian,2020-10-09,323,inferred
Grampian,2020-10-10,323,inferred
Grampian,2020-10-11,323,inferred
Grampian,2020-10-12,323,inferred
Grampian,2020-10-13,323,inferred
Grampian,2020-10-14,242,inferred
Grampian,2020-10-15,242,inferred
Grampian,2020-10-16,242,inferred
Grampian,2020-10-17,242,inferred
Grampian,2020-10-18,242,inferred
Grampian,2020-10-19,242,inferred
Grampian,2020-10-20,242,inferred
Grampian,2020-10-21,224,inferred
Grampian,2020-10-22,224,inferred
Grampian,2020-10-23,224,inferred
Grampian,2020-10-24,224,inferred
Grampian,2020-10-25,224,inferred
Grampian,2020-10-26,224,inferred
Grampian,2020-10-27,224,inferred
Grampian,2020-10-28,203,inferred
Grampian,2020-10-29,203,inferred
Grampian,2020-10-30,203,inferred
Grampian,2020-10-31,203,inferred
Grampian,2020-11-01,203,inferred
Grampian,2020-11-02,203,inferred
Grampian,2020-11-03,203,inferred
Grampian,2020-11-04,212,inferred
Grampian,2020-11-05,212,inferred
Grampian,2020-11-06,212,inferred
Grampian,2020-11-07,212,inferred
Grampian,2020-11-08,212,inferred
Grampian,2020-11-09,212,inferred
Grampian,2020-11-10,212,inferred
Grampian,2020-11-11,360,inferred
Grampian,2020-11-12,360,inferred
Grampian,2020-11-13,360,inferred
Grampian,2020-11-14,360,inferred
Grampian,2020-11-15,360,inferred
Grampian,2020-11-16,360,inferred
Grampian,2020-11-17,360,inferred
Grampian,2020-11-18,340,inferred
Grampian,2020-11-19,340,inferred
Grampian,2020-11-20,340,inferred
Grampian,2020-11-21,340,inferred
Grampian,2020-11-22,340,inferred
Grampian,2020-11-23,340,inferred
Grampian,2020-11-24,340,inferred
Grampian,2020-11-25,446,inferred
Grampian,2020-11-26,446,inferred
Grampian,2020-11-27,446,inferred
Grampian,2020-11-28,446,inferred
Grampian,2020-11-29,446,inferred
Grampian,2020-11-30,446,inferred
Grampian,2020-12-01,446,inferred
Grampian,2020-12-02,432,inferred
Grampian,2020-12-03,432,inferred
Grampian,2020-12-04,432,inferred
Grampian,2020-12-05,432,inferred
Grampian,2020-12-06,432,inferred
Grampian,2020-12-07,432,inferred
Grampian,2020-12-08,432,inferred
Grampian,2020-12-09,579,inferred
Grampian,2020-12-10,579,inferred
Grampian,2020-12-11,579,inferred
Grampian,2020-12-12,579,inferred
Grampian,2020-12-13,579,inferred
Grampian,2020-12-14,579,inferred
Grampian,2020-12-15,579,inferred
Grampian,2020-12-16,768,inferred
Grampian,2020-12-17,768,inferred
Grampian,2020-12-18,768,inferred
Grampian,2020-12-19,768,inferred
Grampian,2020-12-20,768,inferred
Grampian,2020-12-21,768,inferred
Grampian,2020-12-22,768,inferred
Grampian,2020-12-23,846,inferred
Grampian,2020-12-24,846,inferred
Grampian,2020-12-25,846,inferred
Grampian,2020-12-26,846,inferred
Grampian,2020-12-27,846,inferred
Grampian,2020-12-28,846,inferred
Grampian,2020-12-29,846,inferred
Grampian,2020-12-30,1545,inferred
Grampian,2020-12-31,1545,inferred
Grampian,2021-01-01,1545,inferred
Grampian,2021-01-02,1545,inferred
Grampian,2021-01-03,1545,inferred
Grampian,2021-01-04,1545,inferred
Grampian,2021-01-05,1545,inferred
Grampian,2021-01-06,2169,projected
Grampian,2021-01-07,2169,projected
Grampian,2021-01-08,2169,projected
Grampian,2021-01-09,2169,projected
Grampian,2021-01-10,2169,projected
Grampian,2021-01-11,2169,projected
Grampian,2021-01-12,2169,projected
Grampian,2021-01-13,3082,projected
Grampian,2021-01-14,3082,projected
Grampian,2021-01-15,3082,projected
Grampian,2021-01-16,3082,projected
Grampian,2021-01-17,3082,projected
Grampian,2021-01-18,3082,projected
Grampian,2021-01-19,3082,projected
Grampian,2021-01-20,4257,projected
Grampian,2021-01-21,4257,projected
Grampian,2021-01-22,4257,projected
Grampian,2021-01-23,4257,projected
Grampian,2021-01-24,4257,projected
Grampian,2021-01-25,4257,projected
Grampian,2021-01-26,4257,projected
Gravesham,2020-09-23, 20,inferred
Gravesham,2020-09-24, 20,inferred
Gravesham,2020-09-25, 20,inferred
Gravesham,2020-09-26, 20,inferred
Gravesham,2020-09-27, 20,inferred
Gravesham,2020-09-28, 20,inferred
Gravesham,2020-09-29, 20,inferred
Gravesham,2020-09-30, 54,inferred
Gravesham,2020-10-01, 54,inferred
Gravesham,2020-10-02, 54,inferred
Gravesham,2020-10-03, 54,inferred
Gravesham,2020-10-04, 54,inferred
Gravesham,2020-10-05, 54,inferred
Gravesham,2020-10-06, 54,inferred
Gravesham,2020-10-07, 52,inferred
Gravesham,2020-10-08, 52,inferred
Gravesham,2020-10-09, 52,inferred
Gravesham,2020-10-10, 52,inferred
Gravesham,2020-10-11, 52,inferred
Gravesham,2020-10-12, 52,inferred
Gravesham,2020-10-13, 52,inferred
Gravesham,2020-10-14, 88,inferred
Gravesham,2020-10-15, 88,inferred
Gravesham,2020-10-16, 88,inferred
Gravesham,2020-10-17, 88,inferred
Gravesham,2020-10-18, 88,inferred
Gravesham,2020-10-19, 88,inferred
Gravesham,2020-10-20, 88,inferred
Gravesham,2020-10-21,104,inferred
Gravesham,2020-10-22,104,inferred
Gravesham,2020-10-23,104,inferred
Gravesham,2020-10-24,104,inferred
Gravesham,2020-10-25,104,inferred
Gravesham,2020-10-26,104,inferred
Gravesham,2020-10-27,104,inferred
Gravesham,2020-10-28,147,inferred
Gravesham,2020-10-29,147,inferred
Gravesham,2020-10-30,147,inferred
Gravesham,2020-10-31,147,inferred
Gravesham,2020-11-01,147,inferred
Gravesham,2020-11-02,147,inferred
Gravesham,2020-11-03,147,inferred
Gravesham,2020-11-04,268,inferred
Gravesham,2020-11-05,268,inferred
Gravesham,2020-11-06,268,inferred
Gravesham,2020-11-07,268,inferred
Gravesham,2020-11-08,268,inferred
Gravesham,2020-11-09,268,inferred
Gravesham,2020-11-10,268,inferred
Gravesham,2020-11-11,392,inferred
Gravesham,2020-11-12,392,inferred
Gravesham,2020-11-13,392,inferred
Gravesham,2020-11-14,392,inferred
Gravesham,2020-11-15,392,inferred
Gravesham,2020-11-16,392,inferred
Gravesham,2020-11-17,392,inferred
Gravesham,2020-11-18,417,inferred
Gravesham,2020-11-19,417,inferred
Gravesham,2020-11-20,417,inferred
Gravesham,2020-11-21,417,inferred
Gravesham,2020-11-22,417,inferred
Gravesham,2020-11-23,417,inferred
Gravesham,2020-11-24,417,inferred
Gravesham,2020-11-25,400,inferred
Gravesham,2020-11-26,400,inferred
Gravesham,2020-11-27,400,inferred
Gravesham,2020-11-28,400,inferred
Gravesham,2020-11-29,400,inferred
Gravesham,2020-11-30,400,inferred
Gravesham,2020-12-01,400,inferred
Gravesham,2020-12-02,494,inferred
Gravesham,2020-12-03,494,inferred
Gravesham,2020-12-04,494,inferred
Gravesham,2020-12-05,494,inferred
Gravesham,2020-12-06,494,inferred
Gravesham,2020-12-07,494,inferred
Gravesham,2020-12-08,494,inferred
Gravesham,2020-12-09,691,inferred
Gravesham,2020-12-10,691,inferred
Gravesham,2020-12-11,691,inferred
Gravesham,2020-12-12,691,inferred
Gravesham,2020-12-13,691,inferred
Gravesham,2020-12-14,691,inferred
Gravesham,2020-12-15,691,inferred
Gravesham,2020-12-16,1053,inferred
Gravesham,2020-12-17,1053,inferred
Gravesham,2020-12-18,1053,inferred
Gravesham,2020-12-19,1053,inferred
Gravesham,2020-12-20,1053,inferred
Gravesham,2020-12-21,1053,inferred
Gravesham,2020-12-22,1053,inferred
Gravesham,2020-12-23,1104,inferred
Gravesham,2020-12-24,1104,inferred
Gravesham,2020-12-25,1104,inferred
Gravesham,2020-12-26,1104,inferred
Gravesham,2020-12-27,1104,inferred
Gravesham,2020-12-28,1104,inferred
Gravesham,2020-12-29,1104,inferred
Gravesham,2020-12-30,1308,inferred
Gravesham,2020-12-31,1308,inferred
Gravesham,2021-01-01,1308,inferred
Gravesham,2021-01-02,1308,inferred
Gravesham,2021-01-03,1308,inferred
Gravesham,2021-01-04,1308,inferred
Gravesham,2021-01-05,1308,inferred
Gravesham,2021-01-06,1162,projected
Gravesham,2021-01-07,1162,projected
Gravesham,2021-01-08,1162,projected
Gravesham,2021-01-09,1162,projected
Gravesham,2021-01-10,1162,projected
Gravesham,2021-01-11,1162,projected
Gravesham,2021-01-12,1162,projected
Gravesham,2021-01-13,996,projected
Gravesham,2021-01-14,996,projected
Gravesham,2021-01-15,996,projected
Gravesham,2021-01-16,996,projected
Gravesham,2021-01-17,996,projected
Gravesham,2021-01-18,996,projected
Gravesham,2021-01-19,996,projected
Gravesham,2021-01-20,822,projected
Gravesham,2021-01-21,822,projected
Gravesham,2021-01-22,822,projected
Gravesham,2021-01-23,822,projected
Gravesham,2021-01-24,822,projected
Gravesham,2021-01-25,822,projected
Gravesham,2021-01-26,822,projected
Great Yarmouth,2020-09-23, 90,inferred
Great Yarmouth,2020-09-24, 90,inferred
Great Yarmouth,2020-09-25, 90,inferred
Great Yarmouth,2020-09-26, 90,inferred
Great Yarmouth,2020-09-27, 90,inferred
Great Yarmouth,2020-09-28, 90,inferred
Great Yarmouth,2020-09-29, 90,inferred
Great Yarmouth,2020-09-30, 68,inferred
Great Yarmouth,2020-10-01, 68,inferred
Great Yarmouth,2020-10-02, 68,inferred
Great Yarmouth,2020-10-03, 68,inferred
Great Yarmouth,2020-10-04, 68,inferred
Great Yarmouth,2020-10-05, 68,inferred
Great Yarmouth,2020-10-06, 68,inferred
Great Yarmouth,2020-10-07, 57,inferred
Great Yarmouth,2020-10-08, 57,inferred
Great Yarmouth,2020-10-09, 57,inferred
Great Yarmouth,2020-10-10, 57,inferred
Great Yarmouth,2020-10-11, 57,inferred
Great Yarmouth,2020-10-12, 57,inferred
Great Yarmouth,2020-10-13, 57,inferred
Great Yarmouth,2020-10-14,115,inferred
Great Yarmouth,2020-10-15,115,inferred
Great Yarmouth,2020-10-16,115,inferred
Great Yarmouth,2020-10-17,115,inferred
Great Yarmouth,2020-10-18,115,inferred
Great Yarmouth,2020-10-19,115,inferred
Great Yarmouth,2020-10-20,115,inferred
Great Yarmouth,2020-10-21,164,inferred
Great Yarmouth,2020-10-22,164,inferred
Great Yarmouth,2020-10-23,164,inferred
Great Yarmouth,2020-10-24,164,inferred
Great Yarmouth,2020-10-25,164,inferred
Great Yarmouth,2020-10-26,164,inferred
Great Yarmouth,2020-10-27,164,inferred
Great Yarmouth,2020-10-28,162,inferred
Great Yarmouth,2020-10-29,162,inferred
Great Yarmouth,2020-10-30,162,inferred
Great Yarmouth,2020-10-31,162,inferred
Great Yarmouth,2020-11-01,162,inferred
Great Yarmouth,2020-11-02,162,inferred
Great Yarmouth,2020-11-03,162,inferred
Great Yarmouth,2020-11-04,221,inferred
Great Yarmouth,2020-11-05,221,inferred
Great Yarmouth,2020-11-06,221,inferred
Great Yarmouth,2020-11-07,221,inferred
Great Yarmouth,2020-11-08,221,inferred
Great Yarmouth,2020-11-09,221,inferred
Great Yarmouth,2020-11-10,221,inferred
Great Yarmouth,2020-11-11,138,inferred
Great Yarmouth,2020-11-12,138,inferred
Great Yarmouth,2020-11-13,138,inferred
Great Yarmouth,2020-11-14,138,inferred
Great Yarmouth,2020-11-15,138,inferred
Great Yarmouth,2020-11-16,138,inferred
Great Yarmouth,2020-11-17,138,inferred
Great Yarmouth,2020-11-18, 75,inferred
Great Yarmouth,2020-11-19, 75,inferred
Great Yarmouth,2020-11-20, 75,inferred
Great Yarmouth,2020-11-21, 75,inferred
Great Yarmouth,2020-11-22, 75,inferred
Great Yarmouth,2020-11-23, 75,inferred
Great Yarmouth,2020-11-24, 75,inferred
Great Yarmouth,2020-11-25,106,inferred
Great Yarmouth,2020-11-26,106,inferred
Great Yarmouth,2020-11-27,106,inferred
Great Yarmouth,2020-11-28,106,inferred
Great Yarmouth,2020-11-29,106,inferred
Great Yarmouth,2020-11-30,106,inferred
Great Yarmouth,2020-12-01,106,inferred
Great Yarmouth,2020-12-02,137,inferred
Great Yarmouth,2020-12-03,137,inferred
Great Yarmouth,2020-12-04,137,inferred
Great Yarmouth,2020-12-05,137,inferred
Great Yarmouth,2020-12-06,137,inferred
Great Yarmouth,2020-12-07,137,inferred
Great Yarmouth,2020-12-08,137,inferred
Great Yarmouth,2020-12-09,187,inferred
Great Yarmouth,2020-12-10,187,inferred
Great Yarmouth,2020-12-11,187,inferred
Great Yarmouth,2020-12-12,187,inferred
Great Yarmouth,2020-12-13,187,inferred
Great Yarmouth,2020-12-14,187,inferred
Great Yarmouth,2020-12-15,187,inferred
Great Yarmouth,2020-12-16,229,inferred
Great Yarmouth,2020-12-17,229,inferred
Great Yarmouth,2020-12-18,229,inferred
Great Yarmouth,2020-12-19,229,inferred
Great Yarmouth,2020-12-20,229,inferred
Great Yarmouth,2020-12-21,229,inferred
Great Yarmouth,2020-12-22,229,inferred
Great Yarmouth,2020-12-23,395,inferred
Great Yarmouth,2020-12-24,395,inferred
Great Yarmouth,2020-12-25,395,inferred
Great Yarmouth,2020-12-26,395,inferred
Great Yarmouth,2020-12-27,395,inferred
Great Yarmouth,2020-12-28,395,inferred
Great Yarmouth,2020-12-29,395,inferred
Great Yarmouth,2020-12-30,619,inferred
Great Yarmouth,2020-12-31,619,inferred
Great Yarmouth,2021-01-01,619,inferred
Great Yarmouth,2021-01-02,619,inferred
Great Yarmouth,2021-01-03,619,inferred
Great Yarmouth,2021-01-04,619,inferred
Great Yarmouth,2021-01-05,619,inferred
Great Yarmouth,2021-01-06,767,projected
Great Yarmouth,2021-01-07,767,projected
Great Yarmouth,2021-01-08,767,projected
Great Yarmouth,2021-01-09,767,projected
Great Yarmouth,2021-01-10,767,projected
Great Yarmouth,2021-01-11,767,projected
Great Yarmouth,2021-01-12,767,projected
Great Yarmouth,2021-01-13,964,projected
Great Yarmouth,2021-01-14,964,projected
Great Yarmouth,2021-01-15,964,projected
Great Yarmouth,2021-01-16,964,projected
Great Yarmouth,2021-01-17,964,projected
Great Yarmouth,2021-01-18,964,projected
Great Yarmouth,2021-01-19,964,projected
Great Yarmouth,2021-01-20,1188,projected
Great Yarmouth,2021-01-21,1188,projected
Great Yarmouth,2021-01-22,1188,projected
Great Yarmouth,2021-01-23,1188,projected
Great Yarmouth,2021-01-24,1188,projected
Great Yarmouth,2021-01-25,1188,projected
Great Yarmouth,2021-01-26,1188,projected
Greater Glasgow and Clyde,2020-09-23,1515,inferred
Greater Glasgow and Clyde,2020-09-24,1515,inferred
Greater Glasgow and Clyde,2020-09-25,1515,inferred
Greater Glasgow and Clyde,2020-09-26,1515,inferred
Greater Glasgow and Clyde,2020-09-27,1515,inferred
Greater Glasgow and Clyde,2020-09-28,1515,inferred
Greater Glasgow and Clyde,2020-09-29,1515,inferred
Greater Glasgow and Clyde,2020-09-30,1910,inferred
Greater Glasgow and Clyde,2020-10-01,1910,inferred
Greater Glasgow and Clyde,2020-10-02,1910,inferred
Greater Glasgow and Clyde,2020-10-03,1910,inferred
Greater Glasgow and Clyde,2020-10-04,1910,inferred
Greater Glasgow and Clyde,2020-10-05,1910,inferred
Greater Glasgow and Clyde,2020-10-06,1910,inferred
Greater Glasgow and Clyde,2020-10-07,2686,inferred
Greater Glasgow and Clyde,2020-10-08,2686,inferred
Greater Glasgow and Clyde,2020-10-09,2686,inferred
Greater Glasgow and Clyde,2020-10-10,2686,inferred
Greater Glasgow and Clyde,2020-10-11,2686,inferred
Greater Glasgow and Clyde,2020-10-12,2686,inferred
Greater Glasgow and Clyde,2020-10-13,2686,inferred
Greater Glasgow and Clyde,2020-10-14,2803,inferred
Greater Glasgow and Clyde,2020-10-15,2803,inferred
Greater Glasgow and Clyde,2020-10-16,2803,inferred
Greater Glasgow and Clyde,2020-10-17,2803,inferred
Greater Glasgow and Clyde,2020-10-18,2803,inferred
Greater Glasgow and Clyde,2020-10-19,2803,inferred
Greater Glasgow and Clyde,2020-10-20,2803,inferred
Greater Glasgow and Clyde,2020-10-21,3525,inferred
Greater Glasgow and Clyde,2020-10-22,3525,inferred
Greater Glasgow and Clyde,2020-10-23,3525,inferred
Greater Glasgow and Clyde,2020-10-24,3525,inferred
Greater Glasgow and Clyde,2020-10-25,3525,inferred
Greater Glasgow and Clyde,2020-10-26,3525,inferred
Greater Glasgow and Clyde,2020-10-27,3525,inferred
Greater Glasgow and Clyde,2020-10-28,2943,inferred
Greater Glasgow and Clyde,2020-10-29,2943,inferred
Greater Glasgow and Clyde,2020-10-30,2943,inferred
Greater Glasgow and Clyde,2020-10-31,2943,inferred
Greater Glasgow and Clyde,2020-11-01,2943,inferred
Greater Glasgow and Clyde,2020-11-02,2943,inferred
Greater Glasgow and Clyde,2020-11-03,2943,inferred
Greater Glasgow and Clyde,2020-11-04,3217,inferred
Greater Glasgow and Clyde,2020-11-05,3217,inferred
Greater Glasgow and Clyde,2020-11-06,3217,inferred
Greater Glasgow and Clyde,2020-11-07,3217,inferred
Greater Glasgow and Clyde,2020-11-08,3217,inferred
Greater Glasgow and Clyde,2020-11-09,3217,inferred
Greater Glasgow and Clyde,2020-11-10,3217,inferred
Greater Glasgow and Clyde,2020-11-11,2913,inferred
Greater Glasgow and Clyde,2020-11-12,2913,inferred
Greater Glasgow and Clyde,2020-11-13,2913,inferred
Greater Glasgow and Clyde,2020-11-14,2913,inferred
Greater Glasgow and Clyde,2020-11-15,2913,inferred
Greater Glasgow and Clyde,2020-11-16,2913,inferred
Greater Glasgow and Clyde,2020-11-17,2913,inferred
Greater Glasgow and Clyde,2020-11-18,2320,inferred
Greater Glasgow and Clyde,2020-11-19,2320,inferred
Greater Glasgow and Clyde,2020-11-20,2320,inferred
Greater Glasgow and Clyde,2020-11-21,2320,inferred
Greater Glasgow and Clyde,2020-11-22,2320,inferred
Greater Glasgow and Clyde,2020-11-23,2320,inferred
Greater Glasgow and Clyde,2020-11-24,2320,inferred
Greater Glasgow and Clyde,2020-11-25,1777,inferred
Greater Glasgow and Clyde,2020-11-26,1777,inferred
Greater Glasgow and Clyde,2020-11-27,1777,inferred
Greater Glasgow and Clyde,2020-11-28,1777,inferred
Greater Glasgow and Clyde,2020-11-29,1777,inferred
Greater Glasgow and Clyde,2020-11-30,1777,inferred
Greater Glasgow and Clyde,2020-12-01,1777,inferred
Greater Glasgow and Clyde,2020-12-02,1625,inferred
Greater Glasgow and Clyde,2020-12-03,1625,inferred
Greater Glasgow and Clyde,2020-12-04,1625,inferred
Greater Glasgow and Clyde,2020-12-05,1625,inferred
Greater Glasgow and Clyde,2020-12-06,1625,inferred
Greater Glasgow and Clyde,2020-12-07,1625,inferred
Greater Glasgow and Clyde,2020-12-08,1625,inferred
Greater Glasgow and Clyde,2020-12-09,1578,inferred
Greater Glasgow and Clyde,2020-12-10,1578,inferred
Greater Glasgow and Clyde,2020-12-11,1578,inferred
Greater Glasgow and Clyde,2020-12-12,1578,inferred
Greater Glasgow and Clyde,2020-12-13,1578,inferred
Greater Glasgow and Clyde,2020-12-14,1578,inferred
Greater Glasgow and Clyde,2020-12-15,1578,inferred
Greater Glasgow and Clyde,2020-12-16,1683,inferred
Greater Glasgow and Clyde,2020-12-17,1683,inferred
Greater Glasgow and Clyde,2020-12-18,1683,inferred
Greater Glasgow and Clyde,2020-12-19,1683,inferred
Greater Glasgow and Clyde,2020-12-20,1683,inferred
Greater Glasgow and Clyde,2020-12-21,1683,inferred
Greater Glasgow and Clyde,2020-12-22,1683,inferred
Greater Glasgow and Clyde,2020-12-23,2218,inferred
Greater Glasgow and Clyde,2020-12-24,2218,inferred
Greater Glasgow and Clyde,2020-12-25,2218,inferred
Greater Glasgow and Clyde,2020-12-26,2218,inferred
Greater Glasgow and Clyde,2020-12-27,2218,inferred
Greater Glasgow and Clyde,2020-12-28,2218,inferred
Greater Glasgow and Clyde,2020-12-29,2218,inferred
Greater Glasgow and Clyde,2020-12-30,4334,inferred
Greater Glasgow and Clyde,2020-12-31,4334,inferred
Greater Glasgow and Clyde,2021-01-01,4334,inferred
Greater Glasgow and Clyde,2021-01-02,4334,inferred
Greater Glasgow and Clyde,2021-01-03,4334,inferred
Greater Glasgow and Clyde,2021-01-04,4334,inferred
Greater Glasgow and Clyde,2021-01-05,4334,inferred
Greater Glasgow and Clyde,2021-01-06,6602,projected
Greater Glasgow and Clyde,2021-01-07,6602,projected
Greater Glasgow and Clyde,2021-01-08,6602,projected
Greater Glasgow and Clyde,2021-01-09,6602,projected
Greater Glasgow and Clyde,2021-01-10,6602,projected
Greater Glasgow and Clyde,2021-01-11,6602,projected
Greater Glasgow and Clyde,2021-01-12,6602,projected
Greater Glasgow and Clyde,2021-01-13,9729,projected
Greater Glasgow and Clyde,2021-01-14,9729,projected
Greater Glasgow and Clyde,2021-01-15,9729,projected
Greater Glasgow and Clyde,2021-01-16,9729,projected
Greater Glasgow and Clyde,2021-01-17,9729,projected
Greater Glasgow and Clyde,2021-01-18,9729,projected
Greater Glasgow and Clyde,2021-01-19,9729,projected
Greater Glasgow and Clyde,2021-01-20,14285,projected
Greater Glasgow and Clyde,2021-01-21,14285,projected
Greater Glasgow and Clyde,2021-01-22,14285,projected
Greater Glasgow and Clyde,2021-01-23,14285,projected
Greater Glasgow and Clyde,2021-01-24,14285,projected
Greater Glasgow and Clyde,2021-01-25,14285,projected
Greater Glasgow and Clyde,2021-01-26,14285,projected
Greenwich,2020-09-23,123,inferred
Greenwich,2020-09-24,123,inferred
Greenwich,2020-09-25,123,inferred
Greenwich,2020-09-26,123,inferred
Greenwich,2020-09-27,123,inferred
Greenwich,2020-09-28,123,inferred
Greenwich,2020-09-29,123,inferred
Greenwich,2020-09-30,169,inferred
Greenwich,2020-10-01,169,inferred
Greenwich,2020-10-02,169,inferred
Greenwich,2020-10-03,169,inferred
Greenwich,2020-10-04,169,inferred
Greenwich,2020-10-05,169,inferred
Greenwich,2020-10-06,169,inferred
Greenwich,2020-10-07,209,inferred
Greenwich,2020-10-08,209,inferred
Greenwich,2020-10-09,209,inferred
Greenwich,2020-10-10,209,inferred
Greenwich,2020-10-11,209,inferred
Greenwich,2020-10-12,209,inferred
Greenwich,2020-10-13,209,inferred
Greenwich,2020-10-14,269,inferred
Greenwich,2020-10-15,269,inferred
Greenwich,2020-10-16,269,inferred
Greenwich,2020-10-17,269,inferred
Greenwich,2020-10-18,269,inferred
Greenwich,2020-10-19,269,inferred
Greenwich,2020-10-20,269,inferred
Greenwich,2020-10-21,341,inferred
Greenwich,2020-10-22,341,inferred
Greenwich,2020-10-23,341,inferred
Greenwich,2020-10-24,341,inferred
Greenwich,2020-10-25,341,inferred
Greenwich,2020-10-26,341,inferred
Greenwich,2020-10-27,341,inferred
Greenwich,2020-10-28,332,inferred
Greenwich,2020-10-29,332,inferred
Greenwich,2020-10-30,332,inferred
Greenwich,2020-10-31,332,inferred
Greenwich,2020-11-01,332,inferred
Greenwich,2020-11-02,332,inferred
Greenwich,2020-11-03,332,inferred
Greenwich,2020-11-04,399,inferred
Greenwich,2020-11-05,399,inferred
Greenwich,2020-11-06,399,inferred
Greenwich,2020-11-07,399,inferred
Greenwich,2020-11-08,399,inferred
Greenwich,2020-11-09,399,inferred
Greenwich,2020-11-10,399,inferred
Greenwich,2020-11-11,581,inferred
Greenwich,2020-11-12,581,inferred
Greenwich,2020-11-13,581,inferred
Greenwich,2020-11-14,581,inferred
Greenwich,2020-11-15,581,inferred
Greenwich,2020-11-16,581,inferred
Greenwich,2020-11-17,581,inferred
Greenwich,2020-11-18,463,inferred
Greenwich,2020-11-19,463,inferred
Greenwich,2020-11-20,463,inferred
Greenwich,2020-11-21,463,inferred
Greenwich,2020-11-22,463,inferred
Greenwich,2020-11-23,463,inferred
Greenwich,2020-11-24,463,inferred
Greenwich,2020-11-25,439,inferred
Greenwich,2020-11-26,439,inferred
Greenwich,2020-11-27,439,inferred
Greenwich,2020-11-28,439,inferred
Greenwich,2020-11-29,439,inferred
Greenwich,2020-11-30,439,inferred
Greenwich,2020-12-01,439,inferred
Greenwich,2020-12-02,652,inferred
Greenwich,2020-12-03,652,inferred
Greenwich,2020-12-04,652,inferred
Greenwich,2020-12-05,652,inferred
Greenwich,2020-12-06,652,inferred
Greenwich,2020-12-07,652,inferred
Greenwich,2020-12-08,652,inferred
Greenwich,2020-12-09,1292,inferred
Greenwich,2020-12-10,1292,inferred
Greenwich,2020-12-11,1292,inferred
Greenwich,2020-12-12,1292,inferred
Greenwich,2020-12-13,1292,inferred
Greenwich,2020-12-14,1292,inferred
Greenwich,2020-12-15,1292,inferred
Greenwich,2020-12-16,2243,inferred
Greenwich,2020-12-17,2243,inferred
Greenwich,2020-12-18,2243,inferred
Greenwich,2020-12-19,2243,inferred
Greenwich,2020-12-20,2243,inferred
Greenwich,2020-12-21,2243,inferred
Greenwich,2020-12-22,2243,inferred
Greenwich,2020-12-23,2677,inferred
Greenwich,2020-12-24,2677,inferred
Greenwich,2020-12-25,2677,inferred
Greenwich,2020-12-26,2677,inferred
Greenwich,2020-12-27,2677,inferred
Greenwich,2020-12-28,2677,inferred
Greenwich,2020-12-29,2677,inferred
Greenwich,2020-12-30,3193,inferred
Greenwich,2020-12-31,3193,inferred
Greenwich,2021-01-01,3193,inferred
Greenwich,2021-01-02,3193,inferred
Greenwich,2021-01-03,3193,inferred
Greenwich,2021-01-04,3193,inferred
Greenwich,2021-01-05,3193,inferred
Greenwich,2021-01-06,2678,projected
Greenwich,2021-01-07,2678,projected
Greenwich,2021-01-08,2678,projected
Greenwich,2021-01-09,2678,projected
Greenwich,2021-01-10,2678,projected
Greenwich,2021-01-11,2678,projected
Greenwich,2021-01-12,2678,projected
Greenwich,2021-01-13,2177,projected
Greenwich,2021-01-14,2177,projected
Greenwich,2021-01-15,2177,projected
Greenwich,2021-01-16,2177,projected
Greenwich,2021-01-17,2177,projected
Greenwich,2021-01-18,2177,projected
Greenwich,2021-01-19,2177,projected
Greenwich,2021-01-20,1859,projected
Greenwich,2021-01-21,1859,projected
Greenwich,2021-01-22,1859,projected
Greenwich,2021-01-23,1859,projected
Greenwich,2021-01-24,1859,projected
Greenwich,2021-01-25,1859,projected
Greenwich,2021-01-26,1859,projected
Guildford,2020-09-23, 35,inferred
Guildford,2020-09-24, 35,inferred
Guildford,2020-09-25, 35,inferred
Guildford,2020-09-26, 35,inferred
Guildford,2020-09-27, 35,inferred
Guildford,2020-09-28, 35,inferred
Guildford,2020-09-29, 35,inferred
Guildford,2020-09-30, 88,inferred
Guildford,2020-10-01, 88,inferred
Guildford,2020-10-02, 88,inferred
Guildford,2020-10-03, 88,inferred
Guildford,2020-10-04, 88,inferred
Guildford,2020-10-05, 88,inferred
Guildford,2020-10-06, 88,inferred
Guildford,2020-10-07,106,inferred
Guildford,2020-10-08,106,inferred
Guildford,2020-10-09,106,inferred
Guildford,2020-10-10,106,inferred
Guildford,2020-10-11,106,inferred
Guildford,2020-10-12,106,inferred
Guildford,2020-10-13,106,inferred
Guildford,2020-10-14,161,inferred
Guildford,2020-10-15,161,inferred
Guildford,2020-10-16,161,inferred
Guildford,2020-10-17,161,inferred
Guildford,2020-10-18,161,inferred
Guildford,2020-10-19,161,inferred
Guildford,2020-10-20,161,inferred
Guildford,2020-10-21,176,inferred
Guildford,2020-10-22,176,inferred
Guildford,2020-10-23,176,inferred
Guildford,2020-10-24,176,inferred
Guildford,2020-10-25,176,inferred
Guildford,2020-10-26,176,inferred
Guildford,2020-10-27,176,inferred
Guildford,2020-10-28,207,inferred
Guildford,2020-10-29,207,inferred
Guildford,2020-10-30,207,inferred
Guildford,2020-10-31,207,inferred
Guildford,2020-11-01,207,inferred
Guildford,2020-11-02,207,inferred
Guildford,2020-11-03,207,inferred
Guildford,2020-11-04,251,inferred
Guildford,2020-11-05,251,inferred
Guildford,2020-11-06,251,inferred
Guildford,2020-11-07,251,inferred
Guildford,2020-11-08,251,inferred
Guildford,2020-11-09,251,inferred
Guildford,2020-11-10,251,inferred
Guildford,2020-11-11,176,inferred
Guildford,2020-11-12,176,inferred
Guildford,2020-11-13,176,inferred
Guildford,2020-11-14,176,inferred
Guildford,2020-11-15,176,inferred
Guildford,2020-11-16,176,inferred
Guildford,2020-11-17,176,inferred
Guildford,2020-11-18,174,inferred
Guildford,2020-11-19,174,inferred
Guildford,2020-11-20,174,inferred
Guildford,2020-11-21,174,inferred
Guildford,2020-11-22,174,inferred
Guildford,2020-11-23,174,inferred
Guildford,2020-11-24,174,inferred
Guildford,2020-11-25,154,inferred
Guildford,2020-11-26,154,inferred
Guildford,2020-11-27,154,inferred
Guildford,2020-11-28,154,inferred
Guildford,2020-11-29,154,inferred
Guildford,2020-11-30,154,inferred
Guildford,2020-12-01,154,inferred
Guildford,2020-12-02,174,inferred
Guildford,2020-12-03,174,inferred
Guildford,2020-12-04,174,inferred
Guildford,2020-12-05,174,inferred
Guildford,2020-12-06,174,inferred
Guildford,2020-12-07,174,inferred
Guildford,2020-12-08,174,inferred
Guildford,2020-12-09,339,inferred
Guildford,2020-12-10,339,inferred
Guildford,2020-12-11,339,inferred
Guildford,2020-12-12,339,inferred
Guildford,2020-12-13,339,inferred
Guildford,2020-12-14,339,inferred
Guildford,2020-12-15,339,inferred
Guildford,2020-12-16,602,inferred
Guildford,2020-12-17,602,inferred
Guildford,2020-12-18,602,inferred
Guildford,2020-12-19,602,inferred
Guildford,2020-12-20,602,inferred
Guildford,2020-12-21,602,inferred
Guildford,2020-12-22,602,inferred
Guildford,2020-12-23,772,inferred
Guildford,2020-12-24,772,inferred
Guildford,2020-12-25,772,inferred
Guildford,2020-12-26,772,inferred
Guildford,2020-12-27,772,inferred
Guildford,2020-12-28,772,inferred
Guildford,2020-12-29,772,inferred
Guildford,2020-12-30,837,inferred
Guildford,2020-12-31,837,inferred
Guildford,2021-01-01,837,inferred
Guildford,2021-01-02,837,inferred
Guildford,2021-01-03,837,inferred
Guildford,2021-01-04,837,inferred
Guildford,2021-01-05,837,inferred
Guildford,2021-01-06,597,projected
Guildford,2021-01-07,597,projected
Guildford,2021-01-08,597,projected
Guildford,2021-01-09,597,projected
Guildford,2021-01-10,597,projected
Guildford,2021-01-11,597,projected
Guildford,2021-01-12,597,projected
Guildford,2021-01-13,418,projected
Guildford,2021-01-14,418,projected
Guildford,2021-01-15,418,projected
Guildford,2021-01-16,418,projected
Guildford,2021-01-17,418,projected
Guildford,2021-01-18,418,projected
Guildford,2021-01-19,418,projected
Guildford,2021-01-20,324,projected
Guildford,2021-01-21,324,projected
Guildford,2021-01-22,324,projected
Guildford,2021-01-23,324,projected
Guildford,2021-01-24,324,projected
Guildford,2021-01-25,324,projected
Guildford,2021-01-26,324,projected
Gwynedd,2020-09-23, 29,inferred
Gwynedd,2020-09-24, 29,inferred
Gwynedd,2020-09-25, 29,inferred
Gwynedd,2020-09-26, 29,inferred
Gwynedd,2020-09-27, 29,inferred
Gwynedd,2020-09-28, 29,inferred
Gwynedd,2020-09-29, 29,inferred
Gwynedd,2020-09-30,127,inferred
Gwynedd,2020-10-01,127,inferred
Gwynedd,2020-10-02,127,inferred
Gwynedd,2020-10-03,127,inferred
Gwynedd,2020-10-04,127,inferred
Gwynedd,2020-10-05,127,inferred
Gwynedd,2020-10-06,127,inferred
Gwynedd,2020-10-07,127,inferred
Gwynedd,2020-10-08,127,inferred
Gwynedd,2020-10-09,127,inferred
Gwynedd,2020-10-10,127,inferred
Gwynedd,2020-10-11,127,inferred
Gwynedd,2020-10-12,127,inferred
Gwynedd,2020-10-13,127,inferred
Gwynedd,2020-10-14,105,inferred
Gwynedd,2020-10-15,105,inferred
Gwynedd,2020-10-16,105,inferred
Gwynedd,2020-10-17,105,inferred
Gwynedd,2020-10-18,105,inferred
Gwynedd,2020-10-19,105,inferred
Gwynedd,2020-10-20,105,inferred
Gwynedd,2020-10-21, 86,inferred
Gwynedd,2020-10-22, 86,inferred
Gwynedd,2020-10-23, 86,inferred
Gwynedd,2020-10-24, 86,inferred
Gwynedd,2020-10-25, 86,inferred
Gwynedd,2020-10-26, 86,inferred
Gwynedd,2020-10-27, 86,inferred
Gwynedd,2020-10-28, 69,inferred
Gwynedd,2020-10-29, 69,inferred
Gwynedd,2020-10-30, 69,inferred
Gwynedd,2020-10-31, 69,inferred
Gwynedd,2020-11-01, 69,inferred
Gwynedd,2020-11-02, 69,inferred
Gwynedd,2020-11-03, 69,inferred
Gwynedd,2020-11-04, 65,inferred
Gwynedd,2020-11-05, 65,inferred
Gwynedd,2020-11-06, 65,inferred
Gwynedd,2020-11-07, 65,inferred
Gwynedd,2020-11-08, 65,inferred
Gwynedd,2020-11-09, 65,inferred
Gwynedd,2020-11-10, 65,inferred
Gwynedd,2020-11-11, 38,inferred
Gwynedd,2020-11-12, 38,inferred
Gwynedd,2020-11-13, 38,inferred
Gwynedd,2020-11-14, 38,inferred
Gwynedd,2020-11-15, 38,inferred
Gwynedd,2020-11-16, 38,inferred
Gwynedd,2020-11-17, 38,inferred
Gwynedd,2020-11-18, 31,inferred
Gwynedd,2020-11-19, 31,inferred
Gwynedd,2020-11-20, 31,inferred
Gwynedd,2020-11-21, 31,inferred
Gwynedd,2020-11-22, 31,inferred
Gwynedd,2020-11-23, 31,inferred
Gwynedd,2020-11-24, 31,inferred
Gwynedd,2020-11-25, 45,inferred
Gwynedd,2020-11-26, 45,inferred
Gwynedd,2020-11-27, 45,inferred
Gwynedd,2020-11-28, 45,inferred
Gwynedd,2020-11-29, 45,inferred
Gwynedd,2020-11-30, 45,inferred
Gwynedd,2020-12-01, 45,inferred
Gwynedd,2020-12-02, 59,inferred
Gwynedd,2020-12-03, 59,inferred
Gwynedd,2020-12-04, 59,inferred
Gwynedd,2020-12-05, 59,inferred
Gwynedd,2020-12-06, 59,inferred
Gwynedd,2020-12-07, 59,inferred
Gwynedd,2020-12-08, 59,inferred
Gwynedd,2020-12-09, 97,inferred
Gwynedd,2020-12-10, 97,inferred
Gwynedd,2020-12-11, 97,inferred
Gwynedd,2020-12-12, 97,inferred
Gwynedd,2020-12-13, 97,inferred
Gwynedd,2020-12-14, 97,inferred
Gwynedd,2020-12-15, 97,inferred
Gwynedd,2020-12-16,107,inferred
Gwynedd,2020-12-17,107,inferred
Gwynedd,2020-12-18,107,inferred
Gwynedd,2020-12-19,107,inferred
Gwynedd,2020-12-20,107,inferred
Gwynedd,2020-12-21,107,inferred
Gwynedd,2020-12-22,107,inferred
Gwynedd,2020-12-23, 98,inferred
Gwynedd,2020-12-24, 98,inferred
Gwynedd,2020-12-25, 98,inferred
Gwynedd,2020-12-26, 98,inferred
Gwynedd,2020-12-27, 98,inferred
Gwynedd,2020-12-28, 98,inferred
Gwynedd,2020-12-29, 98,inferred
Gwynedd,2020-12-30,145,inferred
Gwynedd,2020-12-31,145,inferred
Gwynedd,2021-01-01,145,inferred
Gwynedd,2021-01-02,145,inferred
Gwynedd,2021-01-03,145,inferred
Gwynedd,2021-01-04,145,inferred
Gwynedd,2021-01-05,145,inferred
Gwynedd,2021-01-06,245,projected
Gwynedd,2021-01-07,245,projected
Gwynedd,2021-01-08,245,projected
Gwynedd,2021-01-09,245,projected
Gwynedd,2021-01-10,245,projected
Gwynedd,2021-01-11,245,projected
Gwynedd,2021-01-12,245,projected
Gwynedd,2021-01-13,378,projected
Gwynedd,2021-01-14,378,projected
Gwynedd,2021-01-15,378,projected
Gwynedd,2021-01-16,378,projected
Gwynedd,2021-01-17,378,projected
Gwynedd,2021-01-18,378,projected
Gwynedd,2021-01-19,378,projected
Gwynedd,2021-01-20,613,projected
Gwynedd,2021-01-21,613,projected
Gwynedd,2021-01-22,613,projected
Gwynedd,2021-01-23,613,projected
Gwynedd,2021-01-24,613,projected
Gwynedd,2021-01-25,613,projected
Gwynedd,2021-01-26,613,projected
Hackney,2020-09-23,177,inferred
Hackney,2020-09-24,177,inferred
Hackney,2020-09-25,177,inferred
Hackney,2020-09-26,177,inferred
Hackney,2020-09-27,177,inferred
Hackney,2020-09-28,177,inferred
Hackney,2020-09-29,177,inferred
Hackney,2020-09-30,350,inferred
Hackney,2020-10-01,350,inferred
Hackney,2020-10-02,350,inferred
Hackney,2020-10-03,350,inferred
Hackney,2020-10-04,350,inferred
Hackney,2020-10-05,350,inferred
Hackney,2020-10-06,350,inferred
Hackney,2020-10-07,386,inferred
Hackney,2020-10-08,386,inferred
Hackney,2020-10-09,386,inferred
Hackney,2020-10-10,386,inferred
Hackney,2020-10-11,386,inferred
Hackney,2020-10-12,386,inferred
Hackney,2020-10-13,386,inferred
Hackney,2020-10-14,526,inferred
Hackney,2020-10-15,526,inferred
Hackney,2020-10-16,526,inferred
Hackney,2020-10-17,526,inferred
Hackney,2020-10-18,526,inferred
Hackney,2020-10-19,526,inferred
Hackney,2020-10-20,526,inferred
Hackney,2020-10-21,491,inferred
Hackney,2020-10-22,491,inferred
Hackney,2020-10-23,491,inferred
Hackney,2020-10-24,491,inferred
Hackney,2020-10-25,491,inferred
Hackney,2020-10-26,491,inferred
Hackney,2020-10-27,491,inferred
Hackney,2020-10-28,400,inferred
Hackney,2020-10-29,400,inferred
Hackney,2020-10-30,400,inferred
Hackney,2020-10-31,400,inferred
Hackney,2020-11-01,400,inferred
Hackney,2020-11-02,400,inferred
Hackney,2020-11-03,400,inferred
Hackney,2020-11-04,391,inferred
Hackney,2020-11-05,391,inferred
Hackney,2020-11-06,391,inferred
Hackney,2020-11-07,391,inferred
Hackney,2020-11-08,391,inferred
Hackney,2020-11-09,391,inferred
Hackney,2020-11-10,391,inferred
Hackney,2020-11-11,534,inferred
Hackney,2020-11-12,534,inferred
Hackney,2020-11-13,534,inferred
Hackney,2020-11-14,534,inferred
Hackney,2020-11-15,534,inferred
Hackney,2020-11-16,534,inferred
Hackney,2020-11-17,534,inferred
Hackney,2020-11-18,380,inferred
Hackney,2020-11-19,380,inferred
Hackney,2020-11-20,380,inferred
Hackney,2020-11-21,380,inferred
Hackney,2020-11-22,380,inferred
Hackney,2020-11-23,380,inferred
Hackney,2020-11-24,380,inferred
Hackney,2020-11-25,448,inferred
Hackney,2020-11-26,448,inferred
Hackney,2020-11-27,448,inferred
Hackney,2020-11-28,448,inferred
Hackney,2020-11-29,448,inferred
Hackney,2020-11-30,448,inferred
Hackney,2020-12-01,448,inferred
Hackney,2020-12-02,652,inferred
Hackney,2020-12-03,652,inferred
Hackney,2020-12-04,652,inferred
Hackney,2020-12-05,652,inferred
Hackney,2020-12-06,652,inferred
Hackney,2020-12-07,652,inferred
Hackney,2020-12-08,652,inferred
Hackney,2020-12-09,1357,inferred
Hackney,2020-12-10,1357,inferred
Hackney,2020-12-11,1357,inferred
Hackney,2020-12-12,1357,inferred
Hackney,2020-12-13,1357,inferred
Hackney,2020-12-14,1357,inferred
Hackney,2020-12-15,1357,inferred
Hackney,2020-12-16,2480,inferred
Hackney,2020-12-17,2480,inferred
Hackney,2020-12-18,2480,inferred
Hackney,2020-12-19,2480,inferred
Hackney,2020-12-20,2480,inferred
Hackney,2020-12-21,2480,inferred
Hackney,2020-12-22,2480,inferred
Hackney,2020-12-23,2416,inferred
Hackney,2020-12-24,2416,inferred
Hackney,2020-12-25,2416,inferred
Hackney,2020-12-26,2416,inferred
Hackney,2020-12-27,2416,inferred
Hackney,2020-12-28,2416,inferred
Hackney,2020-12-29,2416,inferred
Hackney,2020-12-30,2703,inferred
Hackney,2020-12-31,2703,inferred
Hackney,2021-01-01,2703,inferred
Hackney,2021-01-02,2703,inferred
Hackney,2021-01-03,2703,inferred
Hackney,2021-01-04,2703,inferred
Hackney,2021-01-05,2703,inferred
Hackney,2021-01-06,2183,projected
Hackney,2021-01-07,2183,projected
Hackney,2021-01-08,2183,projected
Hackney,2021-01-09,2183,projected
Hackney,2021-01-10,2183,projected
Hackney,2021-01-11,2183,projected
Hackney,2021-01-12,2183,projected
Hackney,2021-01-13,1703,projected
Hackney,2021-01-14,1703,projected
Hackney,2021-01-15,1703,projected
Hackney,2021-01-16,1703,projected
Hackney,2021-01-17,1703,projected
Hackney,2021-01-18,1703,projected
Hackney,2021-01-19,1703,projected
Hackney,2021-01-20,1397,projected
Hackney,2021-01-21,1397,projected
Hackney,2021-01-22,1397,projected
Hackney,2021-01-23,1397,projected
Hackney,2021-01-24,1397,projected
Hackney,2021-01-25,1397,projected
Hackney,2021-01-26,1397,projected
Hackney and City of London,2020-09-23,177,inferred
Hackney and City of London,2020-09-24,177,inferred
Hackney and City of London,2020-09-25,177,inferred
Hackney and City of London,2020-09-26,177,inferred
Hackney and City of London,2020-09-27,177,inferred
Hackney and City of London,2020-09-28,177,inferred
Hackney and City of London,2020-09-29,177,inferred
Hackney and City of London,2020-09-30,350,inferred
Hackney and City of London,2020-10-01,350,inferred
Hackney and City of London,2020-10-02,350,inferred
Hackney and City of London,2020-10-03,350,inferred
Hackney and City of London,2020-10-04,350,inferred
Hackney and City of London,2020-10-05,350,inferred
Hackney and City of London,2020-10-06,350,inferred
Hackney and City of London,2020-10-07,386,inferred
Hackney and City of London,2020-10-08,386,inferred
Hackney and City of London,2020-10-09,386,inferred
Hackney and City of London,2020-10-10,386,inferred
Hackney and City of London,2020-10-11,386,inferred
Hackney and City of London,2020-10-12,386,inferred
Hackney and City of London,2020-10-13,386,inferred
Hackney and City of London,2020-10-14,526,inferred
Hackney and City of London,2020-10-15,526,inferred
Hackney and City of London,2020-10-16,526,inferred
Hackney and City of London,2020-10-17,526,inferred
Hackney and City of London,2020-10-18,526,inferred
Hackney and City of London,2020-10-19,526,inferred
Hackney and City of London,2020-10-20,526,inferred
Hackney and City of London,2020-10-21,491,inferred
Hackney and City of London,2020-10-22,491,inferred
Hackney and City of London,2020-10-23,491,inferred
Hackney and City of London,2020-10-24,491,inferred
Hackney and City of London,2020-10-25,491,inferred
Hackney and City of London,2020-10-26,491,inferred
Hackney and City of London,2020-10-27,491,inferred
Hackney and City of London,2020-10-28,400,inferred
Hackney and City of London,2020-10-29,400,inferred
Hackney and City of London,2020-10-30,400,inferred
Hackney and City of London,2020-10-31,400,inferred
Hackney and City of London,2020-11-01,400,inferred
Hackney and City of London,2020-11-02,400,inferred
Hackney and City of London,2020-11-03,400,inferred
Hackney and City of London,2020-11-04,391,inferred
Hackney and City of London,2020-11-05,391,inferred
Hackney and City of London,2020-11-06,391,inferred
Hackney and City of London,2020-11-07,391,inferred
Hackney and City of London,2020-11-08,391,inferred
Hackney and City of London,2020-11-09,391,inferred
Hackney and City of London,2020-11-10,391,inferred
Hackney and City of London,2020-11-11,534,inferred
Hackney and City of London,2020-11-12,534,inferred
Hackney and City of London,2020-11-13,534,inferred
Hackney and City of London,2020-11-14,534,inferred
Hackney and City of London,2020-11-15,534,inferred
Hackney and City of London,2020-11-16,534,inferred
Hackney and City of London,2020-11-17,534,inferred
Hackney and City of London,2020-11-18,380,inferred
Hackney and City of London,2020-11-19,380,inferred
Hackney and City of London,2020-11-20,380,inferred
Hackney and City of London,2020-11-21,380,inferred
Hackney and City of London,2020-11-22,380,inferred
Hackney and City of London,2020-11-23,380,inferred
Hackney and City of London,2020-11-24,380,inferred
Hackney and City of London,2020-11-25,448,inferred
Hackney and City of London,2020-11-26,448,inferred
Hackney and City of London,2020-11-27,448,inferred
Hackney and City of London,2020-11-28,448,inferred
Hackney and City of London,2020-11-29,448,inferred
Hackney and City of London,2020-11-30,448,inferred
Hackney and City of London,2020-12-01,448,inferred
Hackney and City of London,2020-12-02,652,inferred
Hackney and City of London,2020-12-03,652,inferred
Hackney and City of London,2020-12-04,652,inferred
Hackney and City of London,2020-12-05,652,inferred
Hackney and City of London,2020-12-06,652,inferred
Hackney and City of London,2020-12-07,652,inferred
Hackney and City of London,2020-12-08,652,inferred
Hackney and City of London,2020-12-09,1357,inferred
Hackney and City of London,2020-12-10,1357,inferred
Hackney and City of London,2020-12-11,1357,inferred
Hackney and City of London,2020-12-12,1357,inferred
Hackney and City of London,2020-12-13,1357,inferred
Hackney and City of London,2020-12-14,1357,inferred
Hackney and City of London,2020-12-15,1357,inferred
Hackney and City of London,2020-12-16,2480,inferred
Hackney and City of London,2020-12-17,2480,inferred
Hackney and City of London,2020-12-18,2480,inferred
Hackney and City of London,2020-12-19,2480,inferred
Hackney and City of London,2020-12-20,2480,inferred
Hackney and City of London,2020-12-21,2480,inferred
Hackney and City of London,2020-12-22,2480,inferred
Hackney and City of London,2020-12-23,2416,inferred
Hackney and City of London,2020-12-24,2416,inferred
Hackney and City of London,2020-12-25,2416,inferred
Hackney and City of London,2020-12-26,2416,inferred
Hackney and City of London,2020-12-27,2416,inferred
Hackney and City of London,2020-12-28,2416,inferred
Hackney and City of London,2020-12-29,2416,inferred
Hackney and City of London,2020-12-30,2703,inferred
Hackney and City of London,2020-12-31,2703,inferred
Hackney and City of London,2021-01-01,2703,inferred
Hackney and City of London,2021-01-02,2703,inferred
Hackney and City of London,2021-01-03,2703,inferred
Hackney and City of London,2021-01-04,2703,inferred
Hackney and City of London,2021-01-05,2703,inferred
Hackney and City of London,2021-01-06,2183,projected
Hackney and City of London,2021-01-07,2183,projected
Hackney and City of London,2021-01-08,2183,projected
Hackney and City of London,2021-01-09,2183,projected
Hackney and City of London,2021-01-10,2183,projected
Hackney and City of London,2021-01-11,2183,projected
Hackney and City of London,2021-01-12,2183,projected
Hackney and City of London,2021-01-13,1703,projected
Hackney and City of London,2021-01-14,1703,projected
Hackney and City of London,2021-01-15,1703,projected
Hackney and City of London,2021-01-16,1703,projected
Hackney and City of London,2021-01-17,1703,projected
Hackney and City of London,2021-01-18,1703,projected
Hackney and City of London,2021-01-19,1703,projected
Hackney and City of London,2021-01-20,1397,projected
Hackney and City of London,2021-01-21,1397,projected
Hackney and City of London,2021-01-22,1397,projected
Hackney and City of London,2021-01-23,1397,projected
Hackney and City of London,2021-01-24,1397,projected
Hackney and City of London,2021-01-25,1397,projected
Hackney and City of London,2021-01-26,1397,projected
Halton,2020-09-23,381,inferred
Halton,2020-09-24,381,inferred
Halton,2020-09-25,381,inferred
Halton,2020-09-26,381,inferred
Halton,2020-09-27,381,inferred
Halton,2020-09-28,381,inferred
Halton,2020-09-29,381,inferred
Halton,2020-09-30,507,inferred
Halton,2020-10-01,507,inferred
Halton,2020-10-02,507,inferred
Halton,2020-10-03,507,inferred
Halton,2020-10-04,507,inferred
Halton,2020-10-05,507,inferred
Halton,2020-10-06,507,inferred
Halton,2020-10-07,456,inferred
Halton,2020-10-08,456,inferred
Halton,2020-10-09,456,inferred
Halton,2020-10-10,456,inferred
Halton,2020-10-11,456,inferred
Halton,2020-10-12,456,inferred
Halton,2020-10-13,456,inferred
Halton,2020-10-14,448,inferred
Halton,2020-10-15,448,inferred
Halton,2020-10-16,448,inferred
Halton,2020-10-17,448,inferred
Halton,2020-10-18,448,inferred
Halton,2020-10-19,448,inferred
Halton,2020-10-20,448,inferred
Halton,2020-10-21,398,inferred
Halton,2020-10-22,398,inferred
Halton,2020-10-23,398,inferred
Halton,2020-10-24,398,inferred
Halton,2020-10-25,398,inferred
Halton,2020-10-26,398,inferred
Halton,2020-10-27,398,inferred
Halton,2020-10-28,342,inferred
Halton,2020-10-29,342,inferred
Halton,2020-10-30,342,inferred
Halton,2020-10-31,342,inferred
Halton,2020-11-01,342,inferred
Halton,2020-11-02,342,inferred
Halton,2020-11-03,342,inferred
Halton,2020-11-04,329,inferred
Halton,2020-11-05,329,inferred
Halton,2020-11-06,329,inferred
Halton,2020-11-07,329,inferred
Halton,2020-11-08,329,inferred
Halton,2020-11-09,329,inferred
Halton,2020-11-10,329,inferred
Halton,2020-11-11,305,inferred
Halton,2020-11-12,305,inferred
Halton,2020-11-13,305,inferred
Halton,2020-11-14,305,inferred
Halton,2020-11-15,305,inferred
Halton,2020-11-16,305,inferred
Halton,2020-11-17,305,inferred
Halton,2020-11-18,192,inferred
Halton,2020-11-19,192,inferred
Halton,2020-11-20,192,inferred
Halton,2020-11-21,192,inferred
Halton,2020-11-22,192,inferred
Halton,2020-11-23,192,inferred
Halton,2020-11-24,192,inferred
Halton,2020-11-25,172,inferred
Halton,2020-11-26,172,inferred
Halton,2020-11-27,172,inferred
Halton,2020-11-28,172,inferred
Halton,2020-11-29,172,inferred
Halton,2020-11-30,172,inferred
Halton,2020-12-01,172,inferred
Halton,2020-12-02,161,inferred
Halton,2020-12-03,161,inferred
Halton,2020-12-04,161,inferred
Halton,2020-12-05,161,inferred
Halton,2020-12-06,161,inferred
Halton,2020-12-07,161,inferred
Halton,2020-12-08,161,inferred
Halton,2020-12-09,176,inferred
Halton,2020-12-10,176,inferred
Halton,2020-12-11,176,inferred
Halton,2020-12-12,176,inferred
Halton,2020-12-13,176,inferred
Halton,2020-12-14,176,inferred
Halton,2020-12-15,176,inferred
Halton,2020-12-16,250,inferred
Halton,2020-12-17,250,inferred
Halton,2020-12-18,250,inferred
Halton,2020-12-19,250,inferred
Halton,2020-12-20,250,inferred
Halton,2020-12-21,250,inferred
Halton,2020-12-22,250,inferred
Halton,2020-12-23,534,inferred
Halton,2020-12-24,534,inferred
Halton,2020-12-25,534,inferred
Halton,2020-12-26,534,inferred
Halton,2020-12-27,534,inferred
Halton,2020-12-28,534,inferred
Halton,2020-12-29,534,inferred
Halton,2020-12-30,1537,inferred
Halton,2020-12-31,1537,inferred
Halton,2021-01-01,1537,inferred
Halton,2021-01-02,1537,inferred
Halton,2021-01-03,1537,inferred
Halton,2021-01-04,1537,inferred
Halton,2021-01-05,1537,inferred
Halton,2021-01-06,2111,projected
Halton,2021-01-07,2111,projected
Halton,2021-01-08,2111,projected
Halton,2021-01-09,2111,projected
Halton,2021-01-10,2111,projected
Halton,2021-01-11,2111,projected
Halton,2021-01-12,2111,projected
Halton,2021-01-13,2827,projected
Halton,2021-01-14,2827,projected
Halton,2021-01-15,2827,projected
Halton,2021-01-16,2827,projected
Halton,2021-01-17,2827,projected
Halton,2021-01-18,2827,projected
Halton,2021-01-19,2827,projected
Halton,2021-01-20,3913,projected
Halton,2021-01-21,3913,projected
Halton,2021-01-22,3913,projected
Halton,2021-01-23,3913,projected
Halton,2021-01-24,3913,projected
Halton,2021-01-25,3913,projected
Halton,2021-01-26,3913,projected
Hambleton,2020-09-23, 47,inferred
Hambleton,2020-09-24, 47,inferred
Hambleton,2020-09-25, 47,inferred
Hambleton,2020-09-26, 47,inferred
Hambleton,2020-09-27, 47,inferred
Hambleton,2020-09-28, 47,inferred
Hambleton,2020-09-29, 47,inferred
Hambleton,2020-09-30, 77,inferred
Hambleton,2020-10-01, 77,inferred
Hambleton,2020-10-02, 77,inferred
Hambleton,2020-10-03, 77,inferred
Hambleton,2020-10-04, 77,inferred
Hambleton,2020-10-05, 77,inferred
Hambleton,2020-10-06, 77,inferred
Hambleton,2020-10-07,103,inferred
Hambleton,2020-10-08,103,inferred
Hambleton,2020-10-09,103,inferred
Hambleton,2020-10-10,103,inferred
Hambleton,2020-10-11,103,inferred
Hambleton,2020-10-12,103,inferred
Hambleton,2020-10-13,103,inferred
Hambleton,2020-10-14,129,inferred
Hambleton,2020-10-15,129,inferred
Hambleton,2020-10-16,129,inferred
Hambleton,2020-10-17,129,inferred
Hambleton,2020-10-18,129,inferred
Hambleton,2020-10-19,129,inferred
Hambleton,2020-10-20,129,inferred
Hambleton,2020-10-21,188,inferred
Hambleton,2020-10-22,188,inferred
Hambleton,2020-10-23,188,inferred
Hambleton,2020-10-24,188,inferred
Hambleton,2020-10-25,188,inferred
Hambleton,2020-10-26,188,inferred
Hambleton,2020-10-27,188,inferred
Hambleton,2020-10-28,232,inferred
Hambleton,2020-10-29,232,inferred
Hambleton,2020-10-30,232,inferred
Hambleton,2020-10-31,232,inferred
Hambleton,2020-11-01,232,inferred
Hambleton,2020-11-02,232,inferred
Hambleton,2020-11-03,232,inferred
Hambleton,2020-11-04,203,inferred
Hambleton,2020-11-05,203,inferred
Hambleton,2020-11-06,203,inferred
Hambleton,2020-11-07,203,inferred
Hambleton,2020-11-08,203,inferred
Hambleton,2020-11-09,203,inferred
Hambleton,2020-11-10,203,inferred
Hambleton,2020-11-11,173,inferred
Hambleton,2020-11-12,173,inferred
Hambleton,2020-11-13,173,inferred
Hambleton,2020-11-14,173,inferred
Hambleton,2020-11-15,173,inferred
Hambleton,2020-11-16,173,inferred
Hambleton,2020-11-17,173,inferred
Hambleton,2020-11-18,108,inferred
Hambleton,2020-11-19,108,inferred
Hambleton,2020-11-20,108,inferred
Hambleton,2020-11-21,108,inferred
Hambleton,2020-11-22,108,inferred
Hambleton,2020-11-23,108,inferred
Hambleton,2020-11-24,108,inferred
Hambleton,2020-11-25, 67,inferred
Hambleton,2020-11-26, 67,inferred
Hambleton,2020-11-27, 67,inferred
Hambleton,2020-11-28, 67,inferred
Hambleton,2020-11-29, 67,inferred
Hambleton,2020-11-30, 67,inferred
Hambleton,2020-12-01, 67,inferred
Hambleton,2020-12-02, 45,inferred
Hambleton,2020-12-03, 45,inferred
Hambleton,2020-12-04, 45,inferred
Hambleton,2020-12-05, 45,inferred
Hambleton,2020-12-06, 45,inferred
Hambleton,2020-12-07, 45,inferred
Hambleton,2020-12-08, 45,inferred
Hambleton,2020-12-09, 68,inferred
Hambleton,2020-12-10, 68,inferred
Hambleton,2020-12-11, 68,inferred
Hambleton,2020-12-12, 68,inferred
Hambleton,2020-12-13, 68,inferred
Hambleton,2020-12-14, 68,inferred
Hambleton,2020-12-15, 68,inferred
Hambleton,2020-12-16,178,inferred
Hambleton,2020-12-17,178,inferred
Hambleton,2020-12-18,178,inferred
Hambleton,2020-12-19,178,inferred
Hambleton,2020-12-20,178,inferred
Hambleton,2020-12-21,178,inferred
Hambleton,2020-12-22,178,inferred
Hambleton,2020-12-23,305,inferred
Hambleton,2020-12-24,305,inferred
Hambleton,2020-12-25,305,inferred
Hambleton,2020-12-26,305,inferred
Hambleton,2020-12-27,305,inferred
Hambleton,2020-12-28,305,inferred
Hambleton,2020-12-29,305,inferred
Hambleton,2020-12-30,403,inferred
Hambleton,2020-12-31,403,inferred
Hambleton,2021-01-01,403,inferred
Hambleton,2021-01-02,403,inferred
Hambleton,2021-01-03,403,inferred
Hambleton,2021-01-04,403,inferred
Hambleton,2021-01-05,403,inferred
Hambleton,2021-01-06,418,projected
Hambleton,2021-01-07,418,projected
Hambleton,2021-01-08,418,projected
Hambleton,2021-01-09,418,projected
Hambleton,2021-01-10,418,projected
Hambleton,2021-01-11,418,projected
Hambleton,2021-01-12,418,projected
Hambleton,2021-01-13,425,projected
Hambleton,2021-01-14,425,projected
Hambleton,2021-01-15,425,projected
Hambleton,2021-01-16,425,projected
Hambleton,2021-01-17,425,projected
Hambleton,2021-01-18,425,projected
Hambleton,2021-01-19,425,projected
Hambleton,2021-01-20,473,projected
Hambleton,2021-01-21,473,projected
Hambleton,2021-01-22,473,projected
Hambleton,2021-01-23,473,projected
Hambleton,2021-01-24,473,projected
Hambleton,2021-01-25,473,projected
Hambleton,2021-01-26,473,projected
Hammersmith and Fulham,2020-09-23, 98,inferred
Hammersmith and Fulham,2020-09-24, 98,inferred
Hammersmith and Fulham,2020-09-25, 98,inferred
Hammersmith and Fulham,2020-09-26, 98,inferred
Hammersmith and Fulham,2020-09-27, 98,inferred
Hammersmith and Fulham,2020-09-28, 98,inferred
Hammersmith and Fulham,2020-09-29, 98,inferred
Hammersmith and Fulham,2020-09-30,169,inferred
Hammersmith and Fulham,2020-10-01,169,inferred
Hammersmith and Fulham,2020-10-02,169,inferred
Hammersmith and Fulham,2020-10-03,169,inferred
Hammersmith and Fulham,2020-10-04,169,inferred
Hammersmith and Fulham,2020-10-05,169,inferred
Hammersmith and Fulham,2020-10-06,169,inferred
Hammersmith and Fulham,2020-10-07,227,inferred
Hammersmith and Fulham,2020-10-08,227,inferred
Hammersmith and Fulham,2020-10-09,227,inferred
Hammersmith and Fulham,2020-10-10,227,inferred
Hammersmith and Fulham,2020-10-11,227,inferred
Hammersmith and Fulham,2020-10-12,227,inferred
Hammersmith and Fulham,2020-10-13,227,inferred
Hammersmith and Fulham,2020-10-14,364,inferred
Hammersmith and Fulham,2020-10-15,364,inferred
Hammersmith and Fulham,2020-10-16,364,inferred
Hammersmith and Fulham,2020-10-17,364,inferred
Hammersmith and Fulham,2020-10-18,364,inferred
Hammersmith and Fulham,2020-10-19,364,inferred
Hammersmith and Fulham,2020-10-20,364,inferred
Hammersmith and Fulham,2020-10-21,405,inferred
Hammersmith and Fulham,2020-10-22,405,inferred
Hammersmith and Fulham,2020-10-23,405,inferred
Hammersmith and Fulham,2020-10-24,405,inferred
Hammersmith and Fulham,2020-10-25,405,inferred
Hammersmith and Fulham,2020-10-26,405,inferred
Hammersmith and Fulham,2020-10-27,405,inferred
Hammersmith and Fulham,2020-10-28,338,inferred
Hammersmith and Fulham,2020-10-29,338,inferred
Hammersmith and Fulham,2020-10-30,338,inferred
Hammersmith and Fulham,2020-10-31,338,inferred
Hammersmith and Fulham,2020-11-01,338,inferred
Hammersmith and Fulham,2020-11-02,338,inferred
Hammersmith and Fulham,2020-11-03,338,inferred
Hammersmith and Fulham,2020-11-04,329,inferred
Hammersmith and Fulham,2020-11-05,329,inferred
Hammersmith and Fulham,2020-11-06,329,inferred
Hammersmith and Fulham,2020-11-07,329,inferred
Hammersmith and Fulham,2020-11-08,329,inferred
Hammersmith and Fulham,2020-11-09,329,inferred
Hammersmith and Fulham,2020-11-10,329,inferred
Hammersmith and Fulham,2020-11-11,360,inferred
Hammersmith and Fulham,2020-11-12,360,inferred
Hammersmith and Fulham,2020-11-13,360,inferred
Hammersmith and Fulham,2020-11-14,360,inferred
Hammersmith and Fulham,2020-11-15,360,inferred
Hammersmith and Fulham,2020-11-16,360,inferred
Hammersmith and Fulham,2020-11-17,360,inferred
Hammersmith and Fulham,2020-11-18,247,inferred
Hammersmith and Fulham,2020-11-19,247,inferred
Hammersmith and Fulham,2020-11-20,247,inferred
Hammersmith and Fulham,2020-11-21,247,inferred
Hammersmith and Fulham,2020-11-22,247,inferred
Hammersmith and Fulham,2020-11-23,247,inferred
Hammersmith and Fulham,2020-11-24,247,inferred
Hammersmith and Fulham,2020-11-25,182,inferred
Hammersmith and Fulham,2020-11-26,182,inferred
Hammersmith and Fulham,2020-11-27,182,inferred
Hammersmith and Fulham,2020-11-28,182,inferred
Hammersmith and Fulham,2020-11-29,182,inferred
Hammersmith and Fulham,2020-11-30,182,inferred
Hammersmith and Fulham,2020-12-01,182,inferred
Hammersmith and Fulham,2020-12-02,258,inferred
Hammersmith and Fulham,2020-12-03,258,inferred
Hammersmith and Fulham,2020-12-04,258,inferred
Hammersmith and Fulham,2020-12-05,258,inferred
Hammersmith and Fulham,2020-12-06,258,inferred
Hammersmith and Fulham,2020-12-07,258,inferred
Hammersmith and Fulham,2020-12-08,258,inferred
Hammersmith and Fulham,2020-12-09,596,inferred
Hammersmith and Fulham,2020-12-10,596,inferred
Hammersmith and Fulham,2020-12-11,596,inferred
Hammersmith and Fulham,2020-12-12,596,inferred
Hammersmith and Fulham,2020-12-13,596,inferred
Hammersmith and Fulham,2020-12-14,596,inferred
Hammersmith and Fulham,2020-12-15,596,inferred
Hammersmith and Fulham,2020-12-16,1221,inferred
Hammersmith and Fulham,2020-12-17,1221,inferred
Hammersmith and Fulham,2020-12-18,1221,inferred
Hammersmith and Fulham,2020-12-19,1221,inferred
Hammersmith and Fulham,2020-12-20,1221,inferred
Hammersmith and Fulham,2020-12-21,1221,inferred
Hammersmith and Fulham,2020-12-22,1221,inferred
Hammersmith and Fulham,2020-12-23,1188,inferred
Hammersmith and Fulham,2020-12-24,1188,inferred
Hammersmith and Fulham,2020-12-25,1188,inferred
Hammersmith and Fulham,2020-12-26,1188,inferred
Hammersmith and Fulham,2020-12-27,1188,inferred
Hammersmith and Fulham,2020-12-28,1188,inferred
Hammersmith and Fulham,2020-12-29,1188,inferred
Hammersmith and Fulham,2020-12-30,1461,inferred
Hammersmith and Fulham,2020-12-31,1461,inferred
Hammersmith and Fulham,2021-01-01,1461,inferred
Hammersmith and Fulham,2021-01-02,1461,inferred
Hammersmith and Fulham,2021-01-03,1461,inferred
Hammersmith and Fulham,2021-01-04,1461,inferred
Hammersmith and Fulham,2021-01-05,1461,inferred
Hammersmith and Fulham,2021-01-06,1128,projected
Hammersmith and Fulham,2021-01-07,1128,projected
Hammersmith and Fulham,2021-01-08,1128,projected
Hammersmith and Fulham,2021-01-09,1128,projected
Hammersmith and Fulham,2021-01-10,1128,projected
Hammersmith and Fulham,2021-01-11,1128,projected
Hammersmith and Fulham,2021-01-12,1128,projected
Hammersmith and Fulham,2021-01-13,874,projected
Hammersmith and Fulham,2021-01-14,874,projected
Hammersmith and Fulham,2021-01-15,874,projected
Hammersmith and Fulham,2021-01-16,874,projected
Hammersmith and Fulham,2021-01-17,874,projected
Hammersmith and Fulham,2021-01-18,874,projected
Hammersmith and Fulham,2021-01-19,874,projected
Hammersmith and Fulham,2021-01-20,715,projected
Hammersmith and Fulham,2021-01-21,715,projected
Hammersmith and Fulham,2021-01-22,715,projected
Hammersmith and Fulham,2021-01-23,715,projected
Hammersmith and Fulham,2021-01-24,715,projected
Hammersmith and Fulham,2021-01-25,715,projected
Hammersmith and Fulham,2021-01-26,715,projected
Harborough,2020-09-23, 34,inferred
Harborough,2020-09-24, 34,inferred
Harborough,2020-09-25, 34,inferred
Harborough,2020-09-26, 34,inferred
Harborough,2020-09-27, 34,inferred
Harborough,2020-09-28, 34,inferred
Harborough,2020-09-29, 34,inferred
Harborough,2020-09-30, 84,inferred
Harborough,2020-10-01, 84,inferred
Harborough,2020-10-02, 84,inferred
Harborough,2020-10-03, 84,inferred
Harborough,2020-10-04, 84,inferred
Harborough,2020-10-05, 84,inferred
Harborough,2020-10-06, 84,inferred
Harborough,2020-10-07, 76,inferred
Harborough,2020-10-08, 76,inferred
Harborough,2020-10-09, 76,inferred
Harborough,2020-10-10, 76,inferred
Harborough,2020-10-11, 76,inferred
Harborough,2020-10-12, 76,inferred
Harborough,2020-10-13, 76,inferred
Harborough,2020-10-14,138,inferred
Harborough,2020-10-15,138,inferred
Harborough,2020-10-16,138,inferred
Harborough,2020-10-17,138,inferred
Harborough,2020-10-18,138,inferred
Harborough,2020-10-19,138,inferred
Harborough,2020-10-20,138,inferred
Harborough,2020-10-21,159,inferred
Harborough,2020-10-22,159,inferred
Harborough,2020-10-23,159,inferred
Harborough,2020-10-24,159,inferred
Harborough,2020-10-25,159,inferred
Harborough,2020-10-26,159,inferred
Harborough,2020-10-27,159,inferred
Harborough,2020-10-28,177,inferred
Harborough,2020-10-29,177,inferred
Harborough,2020-10-30,177,inferred
Harborough,2020-10-31,177,inferred
Harborough,2020-11-01,177,inferred
Harborough,2020-11-02,177,inferred
Harborough,2020-11-03,177,inferred
Harborough,2020-11-04,267,inferred
Harborough,2020-11-05,267,inferred
Harborough,2020-11-06,267,inferred
Harborough,2020-11-07,267,inferred
Harborough,2020-11-08,267,inferred
Harborough,2020-11-09,267,inferred
Harborough,2020-11-10,267,inferred
Harborough,2020-11-11,300,inferred
Harborough,2020-11-12,300,inferred
Harborough,2020-11-13,300,inferred
Harborough,2020-11-14,300,inferred
Harborough,2020-11-15,300,inferred
Harborough,2020-11-16,300,inferred
Harborough,2020-11-17,300,inferred
Harborough,2020-11-18,228,inferred
Harborough,2020-11-19,228,inferred
Harborough,2020-11-20,228,inferred
Harborough,2020-11-21,228,inferred
Harborough,2020-11-22,228,inferred
Harborough,2020-11-23,228,inferred
Harborough,2020-11-24,228,inferred
Harborough,2020-11-25,106,inferred
Harborough,2020-11-26,106,inferred
Harborough,2020-11-27,106,inferred
Harborough,2020-11-28,106,inferred
Harborough,2020-11-29,106,inferred
Harborough,2020-11-30,106,inferred
Harborough,2020-12-01,106,inferred
Harborough,2020-12-02,154,inferred
Harborough,2020-12-03,154,inferred
Harborough,2020-12-04,154,inferred
Harborough,2020-12-05,154,inferred
Harborough,2020-12-06,154,inferred
Harborough,2020-12-07,154,inferred
Harborough,2020-12-08,154,inferred
Harborough,2020-12-09,127,inferred
Harborough,2020-12-10,127,inferred
Harborough,2020-12-11,127,inferred
Harborough,2020-12-12,127,inferred
Harborough,2020-12-13,127,inferred
Harborough,2020-12-14,127,inferred
Harborough,2020-12-15,127,inferred
Harborough,2020-12-16,228,inferred
Harborough,2020-12-17,228,inferred
Harborough,2020-12-18,228,inferred
Harborough,2020-12-19,228,inferred
Harborough,2020-12-20,228,inferred
Harborough,2020-12-21,228,inferred
Harborough,2020-12-22,228,inferred
Harborough,2020-12-23,320,inferred
Harborough,2020-12-24,320,inferred
Harborough,2020-12-25,320,inferred
Harborough,2020-12-26,320,inferred
Harborough,2020-12-27,320,inferred
Harborough,2020-12-28,320,inferred
Harborough,2020-12-29,320,inferred
Harborough,2020-12-30,406,inferred
Harborough,2020-12-31,406,inferred
Harborough,2021-01-01,406,inferred
Harborough,2021-01-02,406,inferred
Harborough,2021-01-03,406,inferred
Harborough,2021-01-04,406,inferred
Harborough,2021-01-05,406,inferred
Harborough,2021-01-06,381,projected
Harborough,2021-01-07,381,projected
Harborough,2021-01-08,381,projected
Harborough,2021-01-09,381,projected
Harborough,2021-01-10,381,projected
Harborough,2021-01-11,381,projected
Harborough,2021-01-12,381,projected
Harborough,2021-01-13,379,projected
Harborough,2021-01-14,379,projected
Harborough,2021-01-15,379,projected
Harborough,2021-01-16,379,projected
Harborough,2021-01-17,379,projected
Harborough,2021-01-18,379,projected
Harborough,2021-01-19,379,projected
Harborough,2021-01-20,370,projected
Harborough,2021-01-21,370,projected
Harborough,2021-01-22,370,projected
Harborough,2021-01-23,370,projected
Harborough,2021-01-24,370,projected
Harborough,2021-01-25,370,projected
Harborough,2021-01-26,370,projected
Haringey,2020-09-23,146,inferred
Haringey,2020-09-24,146,inferred
Haringey,2020-09-25,146,inferred
Haringey,2020-09-26,146,inferred
Haringey,2020-09-27,146,inferred
Haringey,2020-09-28,146,inferred
Haringey,2020-09-29,146,inferred
Haringey,2020-09-30,207,inferred
Haringey,2020-10-01,207,inferred
Haringey,2020-10-02,207,inferred
Haringey,2020-10-03,207,inferred
Haringey,2020-10-04,207,inferred
Haringey,2020-10-05,207,inferred
Haringey,2020-10-06,207,inferred
Haringey,2020-10-07,313,inferred
Haringey,2020-10-08,313,inferred
Haringey,2020-10-09,313,inferred
Haringey,2020-10-10,313,inferred
Haringey,2020-10-11,313,inferred
Haringey,2020-10-12,313,inferred
Haringey,2020-10-13,313,inferred
Haringey,2020-10-14,359,inferred
Haringey,2020-10-15,359,inferred
Haringey,2020-10-16,359,inferred
Haringey,2020-10-17,359,inferred
Haringey,2020-10-18,359,inferred
Haringey,2020-10-19,359,inferred
Haringey,2020-10-20,359,inferred
Haringey,2020-10-21,432,inferred
Haringey,2020-10-22,432,inferred
Haringey,2020-10-23,432,inferred
Haringey,2020-10-24,432,inferred
Haringey,2020-10-25,432,inferred
Haringey,2020-10-26,432,inferred
Haringey,2020-10-27,432,inferred
Haringey,2020-10-28,387,inferred
Haringey,2020-10-29,387,inferred
Haringey,2020-10-30,387,inferred
Haringey,2020-10-31,387,inferred
Haringey,2020-11-01,387,inferred
Haringey,2020-11-02,387,inferred
Haringey,2020-11-03,387,inferred
Haringey,2020-11-04,355,inferred
Haringey,2020-11-05,355,inferred
Haringey,2020-11-06,355,inferred
Haringey,2020-11-07,355,inferred
Haringey,2020-11-08,355,inferred
Haringey,2020-11-09,355,inferred
Haringey,2020-11-10,355,inferred
Haringey,2020-11-11,397,inferred
Haringey,2020-11-12,397,inferred
Haringey,2020-11-13,397,inferred
Haringey,2020-11-14,397,inferred
Haringey,2020-11-15,397,inferred
Haringey,2020-11-16,397,inferred
Haringey,2020-11-17,397,inferred
Haringey,2020-11-18,333,inferred
Haringey,2020-11-19,333,inferred
Haringey,2020-11-20,333,inferred
Haringey,2020-11-21,333,inferred
Haringey,2020-11-22,333,inferred
Haringey,2020-11-23,333,inferred
Haringey,2020-11-24,333,inferred
Haringey,2020-11-25,443,inferred
Haringey,2020-11-26,443,inferred
Haringey,2020-11-27,443,inferred
Haringey,2020-11-28,443,inferred
Haringey,2020-11-29,443,inferred
Haringey,2020-11-30,443,inferred
Haringey,2020-12-01,443,inferred
Haringey,2020-12-02,613,inferred
Haringey,2020-12-03,613,inferred
Haringey,2020-12-04,613,inferred
Haringey,2020-12-05,613,inferred
Haringey,2020-12-06,613,inferred
Haringey,2020-12-07,613,inferred
Haringey,2020-12-08,613,inferred
Haringey,2020-12-09,1273,inferred
Haringey,2020-12-10,1273,inferred
Haringey,2020-12-11,1273,inferred
Haringey,2020-12-12,1273,inferred
Haringey,2020-12-13,1273,inferred
Haringey,2020-12-14,1273,inferred
Haringey,2020-12-15,1273,inferred
Haringey,2020-12-16,2269,inferred
Haringey,2020-12-17,2269,inferred
Haringey,2020-12-18,2269,inferred
Haringey,2020-12-19,2269,inferred
Haringey,2020-12-20,2269,inferred
Haringey,2020-12-21,2269,inferred
Haringey,2020-12-22,2269,inferred
Haringey,2020-12-23,2602,inferred
Haringey,2020-12-24,2602,inferred
Haringey,2020-12-25,2602,inferred
Haringey,2020-12-26,2602,inferred
Haringey,2020-12-27,2602,inferred
Haringey,2020-12-28,2602,inferred
Haringey,2020-12-29,2602,inferred
Haringey,2020-12-30,2817,inferred
Haringey,2020-12-31,2817,inferred
Haringey,2021-01-01,2817,inferred
Haringey,2021-01-02,2817,inferred
Haringey,2021-01-03,2817,inferred
Haringey,2021-01-04,2817,inferred
Haringey,2021-01-05,2817,inferred
Haringey,2021-01-06,2301,projected
Haringey,2021-01-07,2301,projected
Haringey,2021-01-08,2301,projected
Haringey,2021-01-09,2301,projected
Haringey,2021-01-10,2301,projected
Haringey,2021-01-11,2301,projected
Haringey,2021-01-12,2301,projected
Haringey,2021-01-13,1808,projected
Haringey,2021-01-14,1808,projected
Haringey,2021-01-15,1808,projected
Haringey,2021-01-16,1808,projected
Haringey,2021-01-17,1808,projected
Haringey,2021-01-18,1808,projected
Haringey,2021-01-19,1808,projected
Haringey,2021-01-20,1486,projected
Haringey,2021-01-21,1486,projected
Haringey,2021-01-22,1486,projected
Haringey,2021-01-23,1486,projected
Haringey,2021-01-24,1486,projected
Haringey,2021-01-25,1486,projected
Haringey,2021-01-26,1486,projected
Harlow,2020-09-23, 23,inferred
Harlow,2020-09-24, 23,inferred
Harlow,2020-09-25, 23,inferred
Harlow,2020-09-26, 23,inferred
Harlow,2020-09-27, 23,inferred
Harlow,2020-09-28, 23,inferred
Harlow,2020-09-29, 23,inferred
Harlow,2020-09-30, 28,inferred
Harlow,2020-10-01, 28,inferred
Harlow,2020-10-02, 28,inferred
Harlow,2020-10-03, 28,inferred
Harlow,2020-10-04, 28,inferred
Harlow,2020-10-05, 28,inferred
Harlow,2020-10-06, 28,inferred
Harlow,2020-10-07, 60,inferred
Harlow,2020-10-08, 60,inferred
Harlow,2020-10-09, 60,inferred
Harlow,2020-10-10, 60,inferred
Harlow,2020-10-11, 60,inferred
Harlow,2020-10-12, 60,inferred
Harlow,2020-10-13, 60,inferred
Harlow,2020-10-14, 52,inferred
Harlow,2020-10-15, 52,inferred
Harlow,2020-10-16, 52,inferred
Harlow,2020-10-17, 52,inferred
Harlow,2020-10-18, 52,inferred
Harlow,2020-10-19, 52,inferred
Harlow,2020-10-20, 52,inferred
Harlow,2020-10-21, 79,inferred
Harlow,2020-10-22, 79,inferred
Harlow,2020-10-23, 79,inferred
Harlow,2020-10-24, 79,inferred
Harlow,2020-10-25, 79,inferred
Harlow,2020-10-26, 79,inferred
Harlow,2020-10-27, 79,inferred
Harlow,2020-10-28, 82,inferred
Harlow,2020-10-29, 82,inferred
Harlow,2020-10-30, 82,inferred
Harlow,2020-10-31, 82,inferred
Harlow,2020-11-01, 82,inferred
Harlow,2020-11-02, 82,inferred
Harlow,2020-11-03, 82,inferred
Harlow,2020-11-04,111,inferred
Harlow,2020-11-05,111,inferred
Harlow,2020-11-06,111,inferred
Harlow,2020-11-07,111,inferred
Harlow,2020-11-08,111,inferred
Harlow,2020-11-09,111,inferred
Harlow,2020-11-10,111,inferred
Harlow,2020-11-11,151,inferred
Harlow,2020-11-12,151,inferred
Harlow,2020-11-13,151,inferred
Harlow,2020-11-14,151,inferred
Harlow,2020-11-15,151,inferred
Harlow,2020-11-16,151,inferred
Harlow,2020-11-17,151,inferred
Harlow,2020-11-18,183,inferred
Harlow,2020-11-19,183,inferred
Harlow,2020-11-20,183,inferred
Harlow,2020-11-21,183,inferred
Harlow,2020-11-22,183,inferred
Harlow,2020-11-23,183,inferred
Harlow,2020-11-24,183,inferred
Harlow,2020-11-25,197,inferred
Harlow,2020-11-26,197,inferred
Harlow,2020-11-27,197,inferred
Harlow,2020-11-28,197,inferred
Harlow,2020-11-29,197,inferred
Harlow,2020-11-30,197,inferred
Harlow,2020-12-01,197,inferred
Harlow,2020-12-02,220,inferred
Harlow,2020-12-03,220,inferred
Harlow,2020-12-04,220,inferred
Harlow,2020-12-05,220,inferred
Harlow,2020-12-06,220,inferred
Harlow,2020-12-07,220,inferred
Harlow,2020-12-08,220,inferred
Harlow,2020-12-09,417,inferred
Harlow,2020-12-10,417,inferred
Harlow,2020-12-11,417,inferred
Harlow,2020-12-12,417,inferred
Harlow,2020-12-13,417,inferred
Harlow,2020-12-14,417,inferred
Harlow,2020-12-15,417,inferred
Harlow,2020-12-16,862,inferred
Harlow,2020-12-17,862,inferred
Harlow,2020-12-18,862,inferred
Harlow,2020-12-19,862,inferred
Harlow,2020-12-20,862,inferred
Harlow,2020-12-21,862,inferred
Harlow,2020-12-22,862,inferred
Harlow,2020-12-23,1039,inferred
Harlow,2020-12-24,1039,inferred
Harlow,2020-12-25,1039,inferred
Harlow,2020-12-26,1039,inferred
Harlow,2020-12-27,1039,inferred
Harlow,2020-12-28,1039,inferred
Harlow,2020-12-29,1039,inferred
Harlow,2020-12-30,1272,inferred
Harlow,2020-12-31,1272,inferred
Harlow,2021-01-01,1272,inferred
Harlow,2021-01-02,1272,inferred
Harlow,2021-01-03,1272,inferred
Harlow,2021-01-04,1272,inferred
Harlow,2021-01-05,1272,inferred
Harlow,2021-01-06,1029,projected
Harlow,2021-01-07,1029,projected
Harlow,2021-01-08,1029,projected
Harlow,2021-01-09,1029,projected
Harlow,2021-01-10,1029,projected
Harlow,2021-01-11,1029,projected
Harlow,2021-01-12,1029,projected
Harlow,2021-01-13,819,projected
Harlow,2021-01-14,819,projected
Harlow,2021-01-15,819,projected
Harlow,2021-01-16,819,projected
Harlow,2021-01-17,819,projected
Harlow,2021-01-18,819,projected
Harlow,2021-01-19,819,projected
Harlow,2021-01-20,666,projected
Harlow,2021-01-21,666,projected
Harlow,2021-01-22,666,projected
Harlow,2021-01-23,666,projected
Harlow,2021-01-24,666,projected
Harlow,2021-01-25,666,projected
Harlow,2021-01-26,666,projected
Harrogate,2020-09-23, 88,inferred
Harrogate,2020-09-24, 88,inferred
Harrogate,2020-09-25, 88,inferred
Harrogate,2020-09-26, 88,inferred
Harrogate,2020-09-27, 88,inferred
Harrogate,2020-09-28, 88,inferred
Harrogate,2020-09-29, 88,inferred
Harrogate,2020-09-30,144,inferred
Harrogate,2020-10-01,144,inferred
Harrogate,2020-10-02,144,inferred
Harrogate,2020-10-03,144,inferred
Harrogate,2020-10-04,144,inferred
Harrogate,2020-10-05,144,inferred
Harrogate,2020-10-06,144,inferred
Harrogate,2020-10-07,236,inferred
Harrogate,2020-10-08,236,inferred
Harrogate,2020-10-09,236,inferred
Harrogate,2020-10-10,236,inferred
Harrogate,2020-10-11,236,inferred
Harrogate,2020-10-12,236,inferred
Harrogate,2020-10-13,236,inferred
Harrogate,2020-10-14,243,inferred
Harrogate,2020-10-15,243,inferred
Harrogate,2020-10-16,243,inferred
Harrogate,2020-10-17,243,inferred
Harrogate,2020-10-18,243,inferred
Harrogate,2020-10-19,243,inferred
Harrogate,2020-10-20,243,inferred
Harrogate,2020-10-21,383,inferred
Harrogate,2020-10-22,383,inferred
Harrogate,2020-10-23,383,inferred
Harrogate,2020-10-24,383,inferred
Harrogate,2020-10-25,383,inferred
Harrogate,2020-10-26,383,inferred
Harrogate,2020-10-27,383,inferred
Harrogate,2020-10-28,454,inferred
Harrogate,2020-10-29,454,inferred
Harrogate,2020-10-30,454,inferred
Harrogate,2020-10-31,454,inferred
Harrogate,2020-11-01,454,inferred
Harrogate,2020-11-02,454,inferred
Harrogate,2020-11-03,454,inferred
Harrogate,2020-11-04,460,inferred
Harrogate,2020-11-05,460,inferred
Harrogate,2020-11-06,460,inferred
Harrogate,2020-11-07,460,inferred
Harrogate,2020-11-08,460,inferred
Harrogate,2020-11-09,460,inferred
Harrogate,2020-11-10,460,inferred
Harrogate,2020-11-11,358,inferred
Harrogate,2020-11-12,358,inferred
Harrogate,2020-11-13,358,inferred
Harrogate,2020-11-14,358,inferred
Harrogate,2020-11-15,358,inferred
Harrogate,2020-11-16,358,inferred
Harrogate,2020-11-17,358,inferred
Harrogate,2020-11-18,178,inferred
Harrogate,2020-11-19,178,inferred
Harrogate,2020-11-20,178,inferred
Harrogate,2020-11-21,178,inferred
Harrogate,2020-11-22,178,inferred
Harrogate,2020-11-23,178,inferred
Harrogate,2020-11-24,178,inferred
Harrogate,2020-11-25,146,inferred
Harrogate,2020-11-26,146,inferred
Harrogate,2020-11-27,146,inferred
Harrogate,2020-11-28,146,inferred
Harrogate,2020-11-29,146,inferred
Harrogate,2020-11-30,146,inferred
Harrogate,2020-12-01,146,inferred
Harrogate,2020-12-02,143,inferred
Harrogate,2020-12-03,143,inferred
Harrogate,2020-12-04,143,inferred
Harrogate,2020-12-05,143,inferred
Harrogate,2020-12-06,143,inferred
Harrogate,2020-12-07,143,inferred
Harrogate,2020-12-08,143,inferred
Harrogate,2020-12-09,146,inferred
Harrogate,2020-12-10,146,inferred
Harrogate,2020-12-11,146,inferred
Harrogate,2020-12-12,146,inferred
Harrogate,2020-12-13,146,inferred
Harrogate,2020-12-14,146,inferred
Harrogate,2020-12-15,146,inferred
Harrogate,2020-12-16,160,inferred
Harrogate,2020-12-17,160,inferred
Harrogate,2020-12-18,160,inferred
Harrogate,2020-12-19,160,inferred
Harrogate,2020-12-20,160,inferred
Harrogate,2020-12-21,160,inferred
Harrogate,2020-12-22,160,inferred
Harrogate,2020-12-23,325,inferred
Harrogate,2020-12-24,325,inferred
Harrogate,2020-12-25,325,inferred
Harrogate,2020-12-26,325,inferred
Harrogate,2020-12-27,325,inferred
Harrogate,2020-12-28,325,inferred
Harrogate,2020-12-29,325,inferred
Harrogate,2020-12-30,772,inferred
Harrogate,2020-12-31,772,inferred
Harrogate,2021-01-01,772,inferred
Harrogate,2021-01-02,772,inferred
Harrogate,2021-01-03,772,inferred
Harrogate,2021-01-04,772,inferred
Harrogate,2021-01-05,772,inferred
Harrogate,2021-01-06,1043,projected
Harrogate,2021-01-07,1043,projected
Harrogate,2021-01-08,1043,projected
Harrogate,2021-01-09,1043,projected
Harrogate,2021-01-10,1043,projected
Harrogate,2021-01-11,1043,projected
Harrogate,2021-01-12,1043,projected
Harrogate,2021-01-13,1382,projected
Harrogate,2021-01-14,1382,projected
Harrogate,2021-01-15,1382,projected
Harrogate,2021-01-16,1382,projected
Harrogate,2021-01-17,1382,projected
Harrogate,2021-01-18,1382,projected
Harrogate,2021-01-19,1382,projected
Harrogate,2021-01-20,1808,projected
Harrogate,2021-01-21,1808,projected
Harrogate,2021-01-22,1808,projected
Harrogate,2021-01-23,1808,projected
Harrogate,2021-01-24,1808,projected
Harrogate,2021-01-25,1808,projected
Harrogate,2021-01-26,1808,projected
Harrow,2020-09-23,130,inferred
Harrow,2020-09-24,130,inferred
Harrow,2020-09-25,130,inferred
Harrow,2020-09-26,130,inferred
Harrow,2020-09-27,130,inferred
Harrow,2020-09-28,130,inferred
Harrow,2020-09-29,130,inferred
Harrow,2020-09-30,228,inferred
Harrow,2020-10-01,228,inferred
Harrow,2020-10-02,228,inferred
Harrow,2020-10-03,228,inferred
Harrow,2020-10-04,228,inferred
Harrow,2020-10-05,228,inferred
Harrow,2020-10-06,228,inferred
Harrow,2020-10-07,290,inferred
Harrow,2020-10-08,290,inferred
Harrow,2020-10-09,290,inferred
Harrow,2020-10-10,290,inferred
Harrow,2020-10-11,290,inferred
Harrow,2020-10-12,290,inferred
Harrow,2020-10-13,290,inferred
Harrow,2020-10-14,304,inferred
Harrow,2020-10-15,304,inferred
Harrow,2020-10-16,304,inferred
Harrow,2020-10-17,304,inferred
Harrow,2020-10-18,304,inferred
Harrow,2020-10-19,304,inferred
Harrow,2020-10-20,304,inferred
Harrow,2020-10-21,352,inferred
Harrow,2020-10-22,352,inferred
Harrow,2020-10-23,352,inferred
Harrow,2020-10-24,352,inferred
Harrow,2020-10-25,352,inferred
Harrow,2020-10-26,352,inferred
Harrow,2020-10-27,352,inferred
Harrow,2020-10-28,382,inferred
Harrow,2020-10-29,382,inferred
Harrow,2020-10-30,382,inferred
Harrow,2020-10-31,382,inferred
Harrow,2020-11-01,382,inferred
Harrow,2020-11-02,382,inferred
Harrow,2020-11-03,382,inferred
Harrow,2020-11-04,444,inferred
Harrow,2020-11-05,444,inferred
Harrow,2020-11-06,444,inferred
Harrow,2020-11-07,444,inferred
Harrow,2020-11-08,444,inferred
Harrow,2020-11-09,444,inferred
Harrow,2020-11-10,444,inferred
Harrow,2020-11-11,496,inferred
Harrow,2020-11-12,496,inferred
Harrow,2020-11-13,496,inferred
Harrow,2020-11-14,496,inferred
Harrow,2020-11-15,496,inferred
Harrow,2020-11-16,496,inferred
Harrow,2020-11-17,496,inferred
Harrow,2020-11-18,374,inferred
Harrow,2020-11-19,374,inferred
Harrow,2020-11-20,374,inferred
Harrow,2020-11-21,374,inferred
Harrow,2020-11-22,374,inferred
Harrow,2020-11-23,374,inferred
Harrow,2020-11-24,374,inferred
Harrow,2020-11-25,403,inferred
Harrow,2020-11-26,403,inferred
Harrow,2020-11-27,403,inferred
Harrow,2020-11-28,403,inferred
Harrow,2020-11-29,403,inferred
Harrow,2020-11-30,403,inferred
Harrow,2020-12-01,403,inferred
Harrow,2020-12-02,618,inferred
Harrow,2020-12-03,618,inferred
Harrow,2020-12-04,618,inferred
Harrow,2020-12-05,618,inferred
Harrow,2020-12-06,618,inferred
Harrow,2020-12-07,618,inferred
Harrow,2020-12-08,618,inferred
Harrow,2020-12-09,1171,inferred
Harrow,2020-12-10,1171,inferred
Harrow,2020-12-11,1171,inferred
Harrow,2020-12-12,1171,inferred
Harrow,2020-12-13,1171,inferred
Harrow,2020-12-14,1171,inferred
Harrow,2020-12-15,1171,inferred
Harrow,2020-12-16,1781,inferred
Harrow,2020-12-17,1781,inferred
Harrow,2020-12-18,1781,inferred
Harrow,2020-12-19,1781,inferred
Harrow,2020-12-20,1781,inferred
Harrow,2020-12-21,1781,inferred
Harrow,2020-12-22,1781,inferred
Harrow,2020-12-23,2233,inferred
Harrow,2020-12-24,2233,inferred
Harrow,2020-12-25,2233,inferred
Harrow,2020-12-26,2233,inferred
Harrow,2020-12-27,2233,inferred
Harrow,2020-12-28,2233,inferred
Harrow,2020-12-29,2233,inferred
Harrow,2020-12-30,2396,inferred
Harrow,2020-12-31,2396,inferred
Harrow,2021-01-01,2396,inferred
Harrow,2021-01-02,2396,inferred
Harrow,2021-01-03,2396,inferred
Harrow,2021-01-04,2396,inferred
Harrow,2021-01-05,2396,inferred
Harrow,2021-01-06,1999,projected
Harrow,2021-01-07,1999,projected
Harrow,2021-01-08,1999,projected
Harrow,2021-01-09,1999,projected
Harrow,2021-01-10,1999,projected
Harrow,2021-01-11,1999,projected
Harrow,2021-01-12,1999,projected
Harrow,2021-01-13,1655,projected
Harrow,2021-01-14,1655,projected
Harrow,2021-01-15,1655,projected
Harrow,2021-01-16,1655,projected
Harrow,2021-01-17,1655,projected
Harrow,2021-01-18,1655,projected
Harrow,2021-01-19,1655,projected
Harrow,2021-01-20,1405,projected
Harrow,2021-01-21,1405,projected
Harrow,2021-01-22,1405,projected
Harrow,2021-01-23,1405,projected
Harrow,2021-01-24,1405,projected
Harrow,2021-01-25,1405,projected
Harrow,2021-01-26,1405,projected
Hart,2020-09-23, 24,inferred
Hart,2020-09-24, 24,inferred
Hart,2020-09-25, 24,inferred
Hart,2020-09-26, 24,inferred
Hart,2020-09-27, 24,inferred
Hart,2020-09-28, 24,inferred
Hart,2020-09-29, 24,inferred
Hart,2020-09-30, 47,inferred
Hart,2020-10-01, 47,inferred
Hart,2020-10-02, 47,inferred
Hart,2020-10-03, 47,inferred
Hart,2020-10-04, 47,inferred
Hart,2020-10-05, 47,inferred
Hart,2020-10-06, 47,inferred
Hart,2020-10-07, 49,inferred
Hart,2020-10-08, 49,inferred
Hart,2020-10-09, 49,inferred
Hart,2020-10-10, 49,inferred
Hart,2020-10-11, 49,inferred
Hart,2020-10-12, 49,inferred
Hart,2020-10-13, 49,inferred
Hart,2020-10-14, 61,inferred
Hart,2020-10-15, 61,inferred
Hart,2020-10-16, 61,inferred
Hart,2020-10-17, 61,inferred
Hart,2020-10-18, 61,inferred
Hart,2020-10-19, 61,inferred
Hart,2020-10-20, 61,inferred
Hart,2020-10-21, 88,inferred
Hart,2020-10-22, 88,inferred
Hart,2020-10-23, 88,inferred
Hart,2020-10-24, 88,inferred
Hart,2020-10-25, 88,inferred
Hart,2020-10-26, 88,inferred
Hart,2020-10-27, 88,inferred
Hart,2020-10-28,100,inferred
Hart,2020-10-29,100,inferred
Hart,2020-10-30,100,inferred
Hart,2020-10-31,100,inferred
Hart,2020-11-01,100,inferred
Hart,2020-11-02,100,inferred
Hart,2020-11-03,100,inferred
Hart,2020-11-04,108,inferred
Hart,2020-11-05,108,inferred
Hart,2020-11-06,108,inferred
Hart,2020-11-07,108,inferred
Hart,2020-11-08,108,inferred
Hart,2020-11-09,108,inferred
Hart,2020-11-10,108,inferred
Hart,2020-11-11, 91,inferred
Hart,2020-11-12, 91,inferred
Hart,2020-11-13, 91,inferred
Hart,2020-11-14, 91,inferred
Hart,2020-11-15, 91,inferred
Hart,2020-11-16, 91,inferred
Hart,2020-11-17, 91,inferred
Hart,2020-11-18, 55,inferred
Hart,2020-11-19, 55,inferred
Hart,2020-11-20, 55,inferred
Hart,2020-11-21, 55,inferred
Hart,2020-11-22, 55,inferred
Hart,2020-11-23, 55,inferred
Hart,2020-11-24, 55,inferred
Hart,2020-11-25, 64,inferred
Hart,2020-11-26, 64,inferred
Hart,2020-11-27, 64,inferred
Hart,2020-11-28, 64,inferred
Hart,2020-11-29, 64,inferred
Hart,2020-11-30, 64,inferred
Hart,2020-12-01, 64,inferred
Hart,2020-12-02, 97,inferred
Hart,2020-12-03, 97,inferred
Hart,2020-12-04, 97,inferred
Hart,2020-12-05, 97,inferred
Hart,2020-12-06, 97,inferred
Hart,2020-12-07, 97,inferred
Hart,2020-12-08, 97,inferred
Hart,2020-12-09,165,inferred
Hart,2020-12-10,165,inferred
Hart,2020-12-11,165,inferred
Hart,2020-12-12,165,inferred
Hart,2020-12-13,165,inferred
Hart,2020-12-14,165,inferred
Hart,2020-12-15,165,inferred
Hart,2020-12-16,286,inferred
Hart,2020-12-17,286,inferred
Hart,2020-12-18,286,inferred
Hart,2020-12-19,286,inferred
Hart,2020-12-20,286,inferred
Hart,2020-12-21,286,inferred
Hart,2020-12-22,286,inferred
Hart,2020-12-23,530,inferred
Hart,2020-12-24,530,inferred
Hart,2020-12-25,530,inferred
Hart,2020-12-26,530,inferred
Hart,2020-12-27,530,inferred
Hart,2020-12-28,530,inferred
Hart,2020-12-29,530,inferred
Hart,2020-12-30,685,inferred
Hart,2020-12-31,685,inferred
Hart,2021-01-01,685,inferred
Hart,2021-01-02,685,inferred
Hart,2021-01-03,685,inferred
Hart,2021-01-04,685,inferred
Hart,2021-01-05,685,inferred
Hart,2021-01-06,586,projected
Hart,2021-01-07,586,projected
Hart,2021-01-08,586,projected
Hart,2021-01-09,586,projected
Hart,2021-01-10,586,projected
Hart,2021-01-11,586,projected
Hart,2021-01-12,586,projected
Hart,2021-01-13,509,projected
Hart,2021-01-14,509,projected
Hart,2021-01-15,509,projected
Hart,2021-01-16,509,projected
Hart,2021-01-17,509,projected
Hart,2021-01-18,509,projected
Hart,2021-01-19,509,projected
Hart,2021-01-20,450,projected
Hart,2021-01-21,450,projected
Hart,2021-01-22,450,projected
Hart,2021-01-23,450,projected
Hart,2021-01-24,450,projected
Hart,2021-01-25,450,projected
Hart,2021-01-26,450,projected
Hartlepool,2020-09-23,152,inferred
Hartlepool,2020-09-24,152,inferred
Hartlepool,2020-09-25,152,inferred
Hartlepool,2020-09-26,152,inferred
Hartlepool,2020-09-27,152,inferred
Hartlepool,2020-09-28,152,inferred
Hartlepool,2020-09-29,152,inferred
Hartlepool,2020-09-30,228,inferred
Hartlepool,2020-10-01,228,inferred
Hartlepool,2020-10-02,228,inferred
Hartlepool,2020-10-03,228,inferred
Hartlepool,2020-10-04,228,inferred
Hartlepool,2020-10-05,228,inferred
Hartlepool,2020-10-06,228,inferred
Hartlepool,2020-10-07,324,inferred
Hartlepool,2020-10-08,324,inferred
Hartlepool,2020-10-09,324,inferred
Hartlepool,2020-10-10,324,inferred
Hartlepool,2020-10-11,324,inferred
Hartlepool,2020-10-12,324,inferred
Hartlepool,2020-10-13,324,inferred
Hartlepool,2020-10-14,306,inferred
Hartlepool,2020-10-15,306,inferred
Hartlepool,2020-10-16,306,inferred
Hartlepool,2020-10-17,306,inferred
Hartlepool,2020-10-18,306,inferred
Hartlepool,2020-10-19,306,inferred
Hartlepool,2020-10-20,306,inferred
Hartlepool,2020-10-21,304,inferred
Hartlepool,2020-10-22,304,inferred
Hartlepool,2020-10-23,304,inferred
Hartlepool,2020-10-24,304,inferred
Hartlepool,2020-10-25,304,inferred
Hartlepool,2020-10-26,304,inferred
Hartlepool,2020-10-27,304,inferred
Hartlepool,2020-10-28,346,inferred
Hartlepool,2020-10-29,346,inferred
Hartlepool,2020-10-30,346,inferred
Hartlepool,2020-10-31,346,inferred
Hartlepool,2020-11-01,346,inferred
Hartlepool,2020-11-02,346,inferred
Hartlepool,2020-11-03,346,inferred
Hartlepool,2020-11-04,481,inferred
Hartlepool,2020-11-05,481,inferred
Hartlepool,2020-11-06,481,inferred
Hartlepool,2020-11-07,481,inferred
Hartlepool,2020-11-08,481,inferred
Hartlepool,2020-11-09,481,inferred
Hartlepool,2020-11-10,481,inferred
Hartlepool,2020-11-11,519,inferred
Hartlepool,2020-11-12,519,inferred
Hartlepool,2020-11-13,519,inferred
Hartlepool,2020-11-14,519,inferred
Hartlepool,2020-11-15,519,inferred
Hartlepool,2020-11-16,519,inferred
Hartlepool,2020-11-17,519,inferred
Hartlepool,2020-11-18,267,inferred
Hartlepool,2020-11-19,267,inferred
Hartlepool,2020-11-20,267,inferred
Hartlepool,2020-11-21,267,inferred
Hartlepool,2020-11-22,267,inferred
Hartlepool,2020-11-23,267,inferred
Hartlepool,2020-11-24,267,inferred
Hartlepool,2020-11-25,237,inferred
Hartlepool,2020-11-26,237,inferred
Hartlepool,2020-11-27,237,inferred
Hartlepool,2020-11-28,237,inferred
Hartlepool,2020-11-29,237,inferred
Hartlepool,2020-11-30,237,inferred
Hartlepool,2020-12-01,237,inferred
Hartlepool,2020-12-02,227,inferred
Hartlepool,2020-12-03,227,inferred
Hartlepool,2020-12-04,227,inferred
Hartlepool,2020-12-05,227,inferred
Hartlepool,2020-12-06,227,inferred
Hartlepool,2020-12-07,227,inferred
Hartlepool,2020-12-08,227,inferred
Hartlepool,2020-12-09,267,inferred
Hartlepool,2020-12-10,267,inferred
Hartlepool,2020-12-11,267,inferred
Hartlepool,2020-12-12,267,inferred
Hartlepool,2020-12-13,267,inferred
Hartlepool,2020-12-14,267,inferred
Hartlepool,2020-12-15,267,inferred
Hartlepool,2020-12-16,388,inferred
Hartlepool,2020-12-17,388,inferred
Hartlepool,2020-12-18,388,inferred
Hartlepool,2020-12-19,388,inferred
Hartlepool,2020-12-20,388,inferred
Hartlepool,2020-12-21,388,inferred
Hartlepool,2020-12-22,388,inferred
Hartlepool,2020-12-23,586,inferred
Hartlepool,2020-12-24,586,inferred
Hartlepool,2020-12-25,586,inferred
Hartlepool,2020-12-26,586,inferred
Hartlepool,2020-12-27,586,inferred
Hartlepool,2020-12-28,586,inferred
Hartlepool,2020-12-29,586,inferred
Hartlepool,2020-12-30,783,inferred
Hartlepool,2020-12-31,783,inferred
Hartlepool,2021-01-01,783,inferred
Hartlepool,2021-01-02,783,inferred
Hartlepool,2021-01-03,783,inferred
Hartlepool,2021-01-04,783,inferred
Hartlepool,2021-01-05,783,inferred
Hartlepool,2021-01-06,775,projected
Hartlepool,2021-01-07,775,projected
Hartlepool,2021-01-08,775,projected
Hartlepool,2021-01-09,775,projected
Hartlepool,2021-01-10,775,projected
Hartlepool,2021-01-11,775,projected
Hartlepool,2021-01-12,775,projected
Hartlepool,2021-01-13,735,projected
Hartlepool,2021-01-14,735,projected
Hartlepool,2021-01-15,735,projected
Hartlepool,2021-01-16,735,projected
Hartlepool,2021-01-17,735,projected
Hartlepool,2021-01-18,735,projected
Hartlepool,2021-01-19,735,projected
Hartlepool,2021-01-20,736,projected
Hartlepool,2021-01-21,736,projected
Hartlepool,2021-01-22,736,projected
Hartlepool,2021-01-23,736,projected
Hartlepool,2021-01-24,736,projected
Hartlepool,2021-01-25,736,projected
Hartlepool,2021-01-26,736,projected
Hastings,2020-09-23, 20,inferred
Hastings,2020-09-24, 20,inferred
Hastings,2020-09-25, 20,inferred
Hastings,2020-09-26, 20,inferred
Hastings,2020-09-27, 20,inferred
Hastings,2020-09-28, 20,inferred
Hastings,2020-09-29, 20,inferred
Hastings,2020-09-30, 40,inferred
Hastings,2020-10-01, 40,inferred
Hastings,2020-10-02, 40,inferred
Hastings,2020-10-03, 40,inferred
Hastings,2020-10-04, 40,inferred
Hastings,2020-10-05, 40,inferred
Hastings,2020-10-06, 40,inferred
Hastings,2020-10-07, 30,inferred
Hastings,2020-10-08, 30,inferred
Hastings,2020-10-09, 30,inferred
Hastings,2020-10-10, 30,inferred
Hastings,2020-10-11, 30,inferred
Hastings,2020-10-12, 30,inferred
Hastings,2020-10-13, 30,inferred
Hastings,2020-10-14, 39,inferred
Hastings,2020-10-15, 39,inferred
Hastings,2020-10-16, 39,inferred
Hastings,2020-10-17, 39,inferred
Hastings,2020-10-18, 39,inferred
Hastings,2020-10-19, 39,inferred
Hastings,2020-10-20, 39,inferred
Hastings,2020-10-21, 50,inferred
Hastings,2020-10-22, 50,inferred
Hastings,2020-10-23, 50,inferred
Hastings,2020-10-24, 50,inferred
Hastings,2020-10-25, 50,inferred
Hastings,2020-10-26, 50,inferred
Hastings,2020-10-27, 50,inferred
Hastings,2020-10-28, 34,inferred
Hastings,2020-10-29, 34,inferred
Hastings,2020-10-30, 34,inferred
Hastings,2020-10-31, 34,inferred
Hastings,2020-11-01, 34,inferred
Hastings,2020-11-02, 34,inferred
Hastings,2020-11-03, 34,inferred
Hastings,2020-11-04, 60,inferred
Hastings,2020-11-05, 60,inferred
Hastings,2020-11-06, 60,inferred
Hastings,2020-11-07, 60,inferred
Hastings,2020-11-08, 60,inferred
Hastings,2020-11-09, 60,inferred
Hastings,2020-11-10, 60,inferred
Hastings,2020-11-11,103,inferred
Hastings,2020-11-12,103,inferred
Hastings,2020-11-13,103,inferred
Hastings,2020-11-14,103,inferred
Hastings,2020-11-15,103,inferred
Hastings,2020-11-16,103,inferred
Hastings,2020-11-17,103,inferred
Hastings,2020-11-18, 83,inferred
Hastings,2020-11-19, 83,inferred
Hastings,2020-11-20, 83,inferred
Hastings,2020-11-21, 83,inferred
Hastings,2020-11-22, 83,inferred
Hastings,2020-11-23, 83,inferred
Hastings,2020-11-24, 83,inferred
Hastings,2020-11-25, 89,inferred
Hastings,2020-11-26, 89,inferred
Hastings,2020-11-27, 89,inferred
Hastings,2020-11-28, 89,inferred
Hastings,2020-11-29, 89,inferred
Hastings,2020-11-30, 89,inferred
Hastings,2020-12-01, 89,inferred
Hastings,2020-12-02,322,inferred
Hastings,2020-12-03,322,inferred
Hastings,2020-12-04,322,inferred
Hastings,2020-12-05,322,inferred
Hastings,2020-12-06,322,inferred
Hastings,2020-12-07,322,inferred
Hastings,2020-12-08,322,inferred
Hastings,2020-12-09,683,inferred
Hastings,2020-12-10,683,inferred
Hastings,2020-12-11,683,inferred
Hastings,2020-12-12,683,inferred
Hastings,2020-12-13,683,inferred
Hastings,2020-12-14,683,inferred
Hastings,2020-12-15,683,inferred
Hastings,2020-12-16,1034,inferred
Hastings,2020-12-17,1034,inferred
Hastings,2020-12-18,1034,inferred
Hastings,2020-12-19,1034,inferred
Hastings,2020-12-20,1034,inferred
Hastings,2020-12-21,1034,inferred
Hastings,2020-12-22,1034,inferred
Hastings,2020-12-23,771,inferred
Hastings,2020-12-24,771,inferred
Hastings,2020-12-25,771,inferred
Hastings,2020-12-26,771,inferred
Hastings,2020-12-27,771,inferred
Hastings,2020-12-28,771,inferred
Hastings,2020-12-29,771,inferred
Hastings,2020-12-30,774,inferred
Hastings,2020-12-31,774,inferred
Hastings,2021-01-01,774,inferred
Hastings,2021-01-02,774,inferred
Hastings,2021-01-03,774,inferred
Hastings,2021-01-04,774,inferred
Hastings,2021-01-05,774,inferred
Hastings,2021-01-06,690,projected
Hastings,2021-01-07,690,projected
Hastings,2021-01-08,690,projected
Hastings,2021-01-09,690,projected
Hastings,2021-01-10,690,projected
Hastings,2021-01-11,690,projected
Hastings,2021-01-12,690,projected
Hastings,2021-01-13,599,projected
Hastings,2021-01-14,599,projected
Hastings,2021-01-15,599,projected
Hastings,2021-01-16,599,projected
Hastings,2021-01-17,599,projected
Hastings,2021-01-18,599,projected
Hastings,2021-01-19,599,projected
Hastings,2021-01-20,561,projected
Hastings,2021-01-21,561,projected
Hastings,2021-01-22,561,projected
Hastings,2021-01-23,561,projected
Hastings,2021-01-24,561,projected
Hastings,2021-01-25,561,projected
Hastings,2021-01-26,561,projected
Havant,2020-09-23, 31,inferred
Havant,2020-09-24, 31,inferred
Havant,2020-09-25, 31,inferred
Havant,2020-09-26, 31,inferred
Havant,2020-09-27, 31,inferred
Havant,2020-09-28, 31,inferred
Havant,2020-09-29, 31,inferred
Havant,2020-09-30, 27,inferred
Havant,2020-10-01, 27,inferred
Havant,2020-10-02, 27,inferred
Havant,2020-10-03, 27,inferred
Havant,2020-10-04, 27,inferred
Havant,2020-10-05, 27,inferred
Havant,2020-10-06, 27,inferred
Havant,2020-10-07, 53,inferred
Havant,2020-10-08, 53,inferred
Havant,2020-10-09, 53,inferred
Havant,2020-10-10, 53,inferred
Havant,2020-10-11, 53,inferred
Havant,2020-10-12, 53,inferred
Havant,2020-10-13, 53,inferred
Havant,2020-10-14, 63,inferred
Havant,2020-10-15, 63,inferred
Havant,2020-10-16, 63,inferred
Havant,2020-10-17, 63,inferred
Havant,2020-10-18, 63,inferred
Havant,2020-10-19, 63,inferred
Havant,2020-10-20, 63,inferred
Havant,2020-10-21,128,inferred
Havant,2020-10-22,128,inferred
Havant,2020-10-23,128,inferred
Havant,2020-10-24,128,inferred
Havant,2020-10-25,128,inferred
Havant,2020-10-26,128,inferred
Havant,2020-10-27,128,inferred
Havant,2020-10-28,188,inferred
Havant,2020-10-29,188,inferred
Havant,2020-10-30,188,inferred
Havant,2020-10-31,188,inferred
Havant,2020-11-01,188,inferred
Havant,2020-11-02,188,inferred
Havant,2020-11-03,188,inferred
Havant,2020-11-04,257,inferred
Havant,2020-11-05,257,inferred
Havant,2020-11-06,257,inferred
Havant,2020-11-07,257,inferred
Havant,2020-11-08,257,inferred
Havant,2020-11-09,257,inferred
Havant,2020-11-10,257,inferred
Havant,2020-11-11,311,inferred
Havant,2020-11-12,311,inferred
Havant,2020-11-13,311,inferred
Havant,2020-11-14,311,inferred
Havant,2020-11-15,311,inferred
Havant,2020-11-16,311,inferred
Havant,2020-11-17,311,inferred
Havant,2020-11-18,178,inferred
Havant,2020-11-19,178,inferred
Havant,2020-11-20,178,inferred
Havant,2020-11-21,178,inferred
Havant,2020-11-22,178,inferred
Havant,2020-11-23,178,inferred
Havant,2020-11-24,178,inferred
Havant,2020-11-25,121,inferred
Havant,2020-11-26,121,inferred
Havant,2020-11-27,121,inferred
Havant,2020-11-28,121,inferred
Havant,2020-11-29,121,inferred
Havant,2020-11-30,121,inferred
Havant,2020-12-01,121,inferred
Havant,2020-12-02,218,inferred
Havant,2020-12-03,218,inferred
Havant,2020-12-04,218,inferred
Havant,2020-12-05,218,inferred
Havant,2020-12-06,218,inferred
Havant,2020-12-07,218,inferred
Havant,2020-12-08,218,inferred
Havant,2020-12-09,381,inferred
Havant,2020-12-10,381,inferred
Havant,2020-12-11,381,inferred
Havant,2020-12-12,381,inferred
Havant,2020-12-13,381,inferred
Havant,2020-12-14,381,inferred
Havant,2020-12-15,381,inferred
Havant,2020-12-16,606,inferred
Havant,2020-12-17,606,inferred
Havant,2020-12-18,606,inferred
Havant,2020-12-19,606,inferred
Havant,2020-12-20,606,inferred
Havant,2020-12-21,606,inferred
Havant,2020-12-22,606,inferred
Havant,2020-12-23,728,inferred
Havant,2020-12-24,728,inferred
Havant,2020-12-25,728,inferred
Havant,2020-12-26,728,inferred
Havant,2020-12-27,728,inferred
Havant,2020-12-28,728,inferred
Havant,2020-12-29,728,inferred
Havant,2020-12-30,860,inferred
Havant,2020-12-31,860,inferred
Havant,2021-01-01,860,inferred
Havant,2021-01-02,860,inferred
Havant,2021-01-03,860,inferred
Havant,2021-01-04,860,inferred
Havant,2021-01-05,860,inferred
Havant,2021-01-06,744,projected
Havant,2021-01-07,744,projected
Havant,2021-01-08,744,projected
Havant,2021-01-09,744,projected
Havant,2021-01-10,744,projected
Havant,2021-01-11,744,projected
Havant,2021-01-12,744,projected
Havant,2021-01-13,663,projected
Havant,2021-01-14,663,projected
Havant,2021-01-15,663,projected
Havant,2021-01-16,663,projected
Havant,2021-01-17,663,projected
Havant,2021-01-18,663,projected
Havant,2021-01-19,663,projected
Havant,2021-01-20,628,projected
Havant,2021-01-21,628,projected
Havant,2021-01-22,628,projected
Havant,2021-01-23,628,projected
Havant,2021-01-24,628,projected
Havant,2021-01-25,628,projected
Havant,2021-01-26,628,projected
Havering,2020-09-23,173,inferred
Havering,2020-09-24,173,inferred
Havering,2020-09-25,173,inferred
Havering,2020-09-26,173,inferred
Havering,2020-09-27,173,inferred
Havering,2020-09-28,173,inferred
Havering,2020-09-29,173,inferred
Havering,2020-09-30,196,inferred
Havering,2020-10-01,196,inferred
Havering,2020-10-02,196,inferred
Havering,2020-10-03,196,inferred
Havering,2020-10-04,196,inferred
Havering,2020-10-05,196,inferred
Havering,2020-10-06,196,inferred
Havering,2020-10-07,285,inferred
Havering,2020-10-08,285,inferred
Havering,2020-10-09,285,inferred
Havering,2020-10-10,285,inferred
Havering,2020-10-11,285,inferred
Havering,2020-10-12,285,inferred
Havering,2020-10-13,285,inferred
Havering,2020-10-14,377,inferred
Havering,2020-10-15,377,inferred
Havering,2020-10-16,377,inferred
Havering,2020-10-17,377,inferred
Havering,2020-10-18,377,inferred
Havering,2020-10-19,377,inferred
Havering,2020-10-20,377,inferred
Havering,2020-10-21,467,inferred
Havering,2020-10-22,467,inferred
Havering,2020-10-23,467,inferred
Havering,2020-10-24,467,inferred
Havering,2020-10-25,467,inferred
Havering,2020-10-26,467,inferred
Havering,2020-10-27,467,inferred
Havering,2020-10-28,630,inferred
Havering,2020-10-29,630,inferred
Havering,2020-10-30,630,inferred
Havering,2020-10-31,630,inferred
Havering,2020-11-01,630,inferred
Havering,2020-11-02,630,inferred
Havering,2020-11-03,630,inferred
Havering,2020-11-04,746,inferred
Havering,2020-11-05,746,inferred
Havering,2020-11-06,746,inferred
Havering,2020-11-07,746,inferred
Havering,2020-11-08,746,inferred
Havering,2020-11-09,746,inferred
Havering,2020-11-10,746,inferred
Havering,2020-11-11,1034,inferred
Havering,2020-11-12,1034,inferred
Havering,2020-11-13,1034,inferred
Havering,2020-11-14,1034,inferred
Havering,2020-11-15,1034,inferred
Havering,2020-11-16,1034,inferred
Havering,2020-11-17,1034,inferred
Havering,2020-11-18,747,inferred
Havering,2020-11-19,747,inferred
Havering,2020-11-20,747,inferred
Havering,2020-11-21,747,inferred
Havering,2020-11-22,747,inferred
Havering,2020-11-23,747,inferred
Havering,2020-11-24,747,inferred
Havering,2020-11-25,825,inferred
Havering,2020-11-26,825,inferred
Havering,2020-11-27,825,inferred
Havering,2020-11-28,825,inferred
Havering,2020-11-29,825,inferred
Havering,2020-11-30,825,inferred
Havering,2020-12-01,825,inferred
Havering,2020-12-02,1230,inferred
Havering,2020-12-03,1230,inferred
Havering,2020-12-04,1230,inferred
Havering,2020-12-05,1230,inferred
Havering,2020-12-06,1230,inferred
Havering,2020-12-07,1230,inferred
Havering,2020-12-08,1230,inferred
Havering,2020-12-09,2418,inferred
Havering,2020-12-10,2418,inferred
Havering,2020-12-11,2418,inferred
Havering,2020-12-12,2418,inferred
Havering,2020-12-13,2418,inferred
Havering,2020-12-14,2418,inferred
Havering,2020-12-15,2418,inferred
Havering,2020-12-16,3478,inferred
Havering,2020-12-17,3478,inferred
Havering,2020-12-18,3478,inferred
Havering,2020-12-19,3478,inferred
Havering,2020-12-20,3478,inferred
Havering,2020-12-21,3478,inferred
Havering,2020-12-22,3478,inferred
Havering,2020-12-23,2942,inferred
Havering,2020-12-24,2942,inferred
Havering,2020-12-25,2942,inferred
Havering,2020-12-26,2942,inferred
Havering,2020-12-27,2942,inferred
Havering,2020-12-28,2942,inferred
Havering,2020-12-29,2942,inferred
Havering,2020-12-30,3416,inferred
Havering,2020-12-31,3416,inferred
Havering,2021-01-01,3416,inferred
Havering,2021-01-02,3416,inferred
Havering,2021-01-03,3416,inferred
Havering,2021-01-04,3416,inferred
Havering,2021-01-05,3416,inferred
Havering,2021-01-06,2439,projected
Havering,2021-01-07,2439,projected
Havering,2021-01-08,2439,projected
Havering,2021-01-09,2439,projected
Havering,2021-01-10,2439,projected
Havering,2021-01-11,2439,projected
Havering,2021-01-12,2439,projected
Havering,2021-01-13,1817,projected
Havering,2021-01-14,1817,projected
Havering,2021-01-15,1817,projected
Havering,2021-01-16,1817,projected
Havering,2021-01-17,1817,projected
Havering,2021-01-18,1817,projected
Havering,2021-01-19,1817,projected
Havering,2021-01-20,1458,projected
Havering,2021-01-21,1458,projected
Havering,2021-01-22,1458,projected
Havering,2021-01-23,1458,projected
Havering,2021-01-24,1458,projected
Havering,2021-01-25,1458,projected
Havering,2021-01-26,1458,projected
"Herefordshire, County of",2020-09-23, 18,inferred
"Herefordshire, County of",2020-09-24, 18,inferred
"Herefordshire, County of",2020-09-25, 18,inferred
"Herefordshire, County of",2020-09-26, 18,inferred
"Herefordshire, County of",2020-09-27, 18,inferred
"Herefordshire, County of",2020-09-28, 18,inferred
"Herefordshire, County of",2020-09-29, 18,inferred
"Herefordshire, County of",2020-09-30, 53,inferred
"Herefordshire, County of",2020-10-01, 53,inferred
"Herefordshire, County of",2020-10-02, 53,inferred
"Herefordshire, County of",2020-10-03, 53,inferred
"Herefordshire, County of",2020-10-04, 53,inferred
"Herefordshire, County of",2020-10-05, 53,inferred
"Herefordshire, County of",2020-10-06, 53,inferred
"Herefordshire, County of",2020-10-07, 61,inferred
"Herefordshire, County of",2020-10-08, 61,inferred
"Herefordshire, County of",2020-10-09, 61,inferred
"Herefordshire, County of",2020-10-10, 61,inferred
"Herefordshire, County of",2020-10-11, 61,inferred
"Herefordshire, County of",2020-10-12, 61,inferred
"Herefordshire, County of",2020-10-13, 61,inferred
"Herefordshire, County of",2020-10-14,140,inferred
"Herefordshire, County of",2020-10-15,140,inferred
"Herefordshire, County of",2020-10-16,140,inferred
"Herefordshire, County of",2020-10-17,140,inferred
"Herefordshire, County of",2020-10-18,140,inferred
"Herefordshire, County of",2020-10-19,140,inferred
"Herefordshire, County of",2020-10-20,140,inferred
"Herefordshire, County of",2020-10-21,166,inferred
"Herefordshire, County of",2020-10-22,166,inferred
"Herefordshire, County of",2020-10-23,166,inferred
"Herefordshire, County of",2020-10-24,166,inferred
"Herefordshire, County of",2020-10-25,166,inferred
"Herefordshire, County of",2020-10-26,166,inferred
"Herefordshire, County of",2020-10-27,166,inferred
"Herefordshire, County of",2020-10-28,169,inferred
"Herefordshire, County of",2020-10-29,169,inferred
"Herefordshire, County of",2020-10-30,169,inferred
"Herefordshire, County of",2020-10-31,169,inferred
"Herefordshire, County of",2020-11-01,169,inferred
"Herefordshire, County of",2020-11-02,169,inferred
"Herefordshire, County of",2020-11-03,169,inferred
"Herefordshire, County of",2020-11-04,277,inferred
"Herefordshire, County of",2020-11-05,277,inferred
"Herefordshire, County of",2020-11-06,277,inferred
"Herefordshire, County of",2020-11-07,277,inferred
"Herefordshire, County of",2020-11-08,277,inferred
"Herefordshire, County of",2020-11-09,277,inferred
"Herefordshire, County of",2020-11-10,277,inferred
"Herefordshire, County of",2020-11-11,339,inferred
"Herefordshire, County of",2020-11-12,339,inferred
"Herefordshire, County of",2020-11-13,339,inferred
"Herefordshire, County of",2020-11-14,339,inferred
"Herefordshire, County of",2020-11-15,339,inferred
"Herefordshire, County of",2020-11-16,339,inferred
"Herefordshire, County of",2020-11-17,339,inferred
"Herefordshire, County of",2020-11-18,173,inferred
"Herefordshire, County of",2020-11-19,173,inferred
"Herefordshire, County of",2020-11-20,173,inferred
"Herefordshire, County of",2020-11-21,173,inferred
"Herefordshire, County of",2020-11-22,173,inferred
"Herefordshire, County of",2020-11-23,173,inferred
"Herefordshire, County of",2020-11-24,173,inferred
"Herefordshire, County of",2020-11-25,130,inferred
"Herefordshire, County of",2020-11-26,130,inferred
"Herefordshire, County of",2020-11-27,130,inferred
"Herefordshire, County of",2020-11-28,130,inferred
"Herefordshire, County of",2020-11-29,130,inferred
"Herefordshire, County of",2020-11-30,130,inferred
"Herefordshire, County of",2020-12-01,130,inferred
"Herefordshire, County of",2020-12-02, 89,inferred
"Herefordshire, County of",2020-12-03, 89,inferred
"Herefordshire, County of",2020-12-04, 89,inferred
"Herefordshire, County of",2020-12-05, 89,inferred
"Herefordshire, County of",2020-12-06, 89,inferred
"Herefordshire, County of",2020-12-07, 89,inferred
"Herefordshire, County of",2020-12-08, 89,inferred
"Herefordshire, County of",2020-12-09,129,inferred
"Herefordshire, County of",2020-12-10,129,inferred
"Herefordshire, County of",2020-12-11,129,inferred
"Herefordshire, County of",2020-12-12,129,inferred
"Herefordshire, County of",2020-12-13,129,inferred
"Herefordshire, County of",2020-12-14,129,inferred
"Herefordshire, County of",2020-12-15,129,inferred
"Herefordshire, County of",2020-12-16,350,inferred
"Herefordshire, County of",2020-12-17,350,inferred
"Herefordshire, County of",2020-12-18,350,inferred
"Herefordshire, County of",2020-12-19,350,inferred
"Herefordshire, County of",2020-12-20,350,inferred
"Herefordshire, County of",2020-12-21,350,inferred
"Herefordshire, County of",2020-12-22,350,inferred
"Herefordshire, County of",2020-12-23,465,inferred
"Herefordshire, County of",2020-12-24,465,inferred
"Herefordshire, County of",2020-12-25,465,inferred
"Herefordshire, County of",2020-12-26,465,inferred
"Herefordshire, County of",2020-12-27,465,inferred
"Herefordshire, County of",2020-12-28,465,inferred
"Herefordshire, County of",2020-12-29,465,inferred
"Herefordshire, County of",2020-12-30,685,inferred
"Herefordshire, County of",2020-12-31,685,inferred
"Herefordshire, County of",2021-01-01,685,inferred
"Herefordshire, County of",2021-01-02,685,inferred
"Herefordshire, County of",2021-01-03,685,inferred
"Herefordshire, County of",2021-01-04,685,inferred
"Herefordshire, County of",2021-01-05,685,inferred
"Herefordshire, County of",2021-01-06,866,projected
"Herefordshire, County of",2021-01-07,866,projected
"Herefordshire, County of",2021-01-08,866,projected
"Herefordshire, County of",2021-01-09,866,projected
"Herefordshire, County of",2021-01-10,866,projected
"Herefordshire, County of",2021-01-11,866,projected
"Herefordshire, County of",2021-01-12,866,projected
"Herefordshire, County of",2021-01-13,1065,projected
"Herefordshire, County of",2021-01-14,1065,projected
"Herefordshire, County of",2021-01-15,1065,projected
"Herefordshire, County of",2021-01-16,1065,projected
"Herefordshire, County of",2021-01-17,1065,projected
"Herefordshire, County of",2021-01-18,1065,projected
"Herefordshire, County of",2021-01-19,1065,projected
"Herefordshire, County of",2021-01-20,1263,projected
"Herefordshire, County of",2021-01-21,1263,projected
"Herefordshire, County of",2021-01-22,1263,projected
"Herefordshire, County of",2021-01-23,1263,projected
"Herefordshire, County of",2021-01-24,1263,projected
"Herefordshire, County of",2021-01-25,1263,projected
"Herefordshire, County of",2021-01-26,1263,projected
Hertsmere,2020-09-23, 25,inferred
Hertsmere,2020-09-24, 25,inferred
Hertsmere,2020-09-25, 25,inferred
Hertsmere,2020-09-26, 25,inferred
Hertsmere,2020-09-27, 25,inferred
Hertsmere,2020-09-28, 25,inferred
Hertsmere,2020-09-29, 25,inferred
Hertsmere,2020-09-30, 86,inferred
Hertsmere,2020-10-01, 86,inferred
Hertsmere,2020-10-02, 86,inferred
Hertsmere,2020-10-03, 86,inferred
Hertsmere,2020-10-04, 86,inferred
Hertsmere,2020-10-05, 86,inferred
Hertsmere,2020-10-06, 86,inferred
Hertsmere,2020-10-07,111,inferred
Hertsmere,2020-10-08,111,inferred
Hertsmere,2020-10-09,111,inferred
Hertsmere,2020-10-10,111,inferred
Hertsmere,2020-10-11,111,inferred
Hertsmere,2020-10-12,111,inferred
Hertsmere,2020-10-13,111,inferred
Hertsmere,2020-10-14,113,inferred
Hertsmere,2020-10-15,113,inferred
Hertsmere,2020-10-16,113,inferred
Hertsmere,2020-10-17,113,inferred
Hertsmere,2020-10-18,113,inferred
Hertsmere,2020-10-19,113,inferred
Hertsmere,2020-10-20,113,inferred
Hertsmere,2020-10-21,152,inferred
Hertsmere,2020-10-22,152,inferred
Hertsmere,2020-10-23,152,inferred
Hertsmere,2020-10-24,152,inferred
Hertsmere,2020-10-25,152,inferred
Hertsmere,2020-10-26,152,inferred
Hertsmere,2020-10-27,152,inferred
Hertsmere,2020-10-28,146,inferred
Hertsmere,2020-10-29,146,inferred
Hertsmere,2020-10-30,146,inferred
Hertsmere,2020-10-31,146,inferred
Hertsmere,2020-11-01,146,inferred
Hertsmere,2020-11-02,146,inferred
Hertsmere,2020-11-03,146,inferred
Hertsmere,2020-11-04,111,inferred
Hertsmere,2020-11-05,111,inferred
Hertsmere,2020-11-06,111,inferred
Hertsmere,2020-11-07,111,inferred
Hertsmere,2020-11-08,111,inferred
Hertsmere,2020-11-09,111,inferred
Hertsmere,2020-11-10,111,inferred
Hertsmere,2020-11-11,180,inferred
Hertsmere,2020-11-12,180,inferred
Hertsmere,2020-11-13,180,inferred
Hertsmere,2020-11-14,180,inferred
Hertsmere,2020-11-15,180,inferred
Hertsmere,2020-11-16,180,inferred
Hertsmere,2020-11-17,180,inferred
Hertsmere,2020-11-18,145,inferred
Hertsmere,2020-11-19,145,inferred
Hertsmere,2020-11-20,145,inferred
Hertsmere,2020-11-21,145,inferred
Hertsmere,2020-11-22,145,inferred
Hertsmere,2020-11-23,145,inferred
Hertsmere,2020-11-24,145,inferred
Hertsmere,2020-11-25,151,inferred
Hertsmere,2020-11-26,151,inferred
Hertsmere,2020-11-27,151,inferred
Hertsmere,2020-11-28,151,inferred
Hertsmere,2020-11-29,151,inferred
Hertsmere,2020-11-30,151,inferred
Hertsmere,2020-12-01,151,inferred
Hertsmere,2020-12-02,221,inferred
Hertsmere,2020-12-03,221,inferred
Hertsmere,2020-12-04,221,inferred
Hertsmere,2020-12-05,221,inferred
Hertsmere,2020-12-06,221,inferred
Hertsmere,2020-12-07,221,inferred
Hertsmere,2020-12-08,221,inferred
Hertsmere,2020-12-09,446,inferred
Hertsmere,2020-12-10,446,inferred
Hertsmere,2020-12-11,446,inferred
Hertsmere,2020-12-12,446,inferred
Hertsmere,2020-12-13,446,inferred
Hertsmere,2020-12-14,446,inferred
Hertsmere,2020-12-15,446,inferred
Hertsmere,2020-12-16,910,inferred
Hertsmere,2020-12-17,910,inferred
Hertsmere,2020-12-18,910,inferred
Hertsmere,2020-12-19,910,inferred
Hertsmere,2020-12-20,910,inferred
Hertsmere,2020-12-21,910,inferred
Hertsmere,2020-12-22,910,inferred
Hertsmere,2020-12-23,1064,inferred
Hertsmere,2020-12-24,1064,inferred
Hertsmere,2020-12-25,1064,inferred
Hertsmere,2020-12-26,1064,inferred
Hertsmere,2020-12-27,1064,inferred
Hertsmere,2020-12-28,1064,inferred
Hertsmere,2020-12-29,1064,inferred
Hertsmere,2020-12-30,1049,inferred
Hertsmere,2020-12-31,1049,inferred
Hertsmere,2021-01-01,1049,inferred
Hertsmere,2021-01-02,1049,inferred
Hertsmere,2021-01-03,1049,inferred
Hertsmere,2021-01-04,1049,inferred
Hertsmere,2021-01-05,1049,inferred
Hertsmere,2021-01-06,829,projected
Hertsmere,2021-01-07,829,projected
Hertsmere,2021-01-08,829,projected
Hertsmere,2021-01-09,829,projected
Hertsmere,2021-01-10,829,projected
Hertsmere,2021-01-11,829,projected
Hertsmere,2021-01-12,829,projected
Hertsmere,2021-01-13,636,projected
Hertsmere,2021-01-14,636,projected
Hertsmere,2021-01-15,636,projected
Hertsmere,2021-01-16,636,projected
Hertsmere,2021-01-17,636,projected
Hertsmere,2021-01-18,636,projected
Hertsmere,2021-01-19,636,projected
Hertsmere,2021-01-20,518,projected
Hertsmere,2021-01-21,518,projected
Hertsmere,2021-01-22,518,projected
Hertsmere,2021-01-23,518,projected
Hertsmere,2021-01-24,518,projected
Hertsmere,2021-01-25,518,projected
Hertsmere,2021-01-26,518,projected
High Peak,2020-09-23, 59,inferred
High Peak,2020-09-24, 59,inferred
High Peak,2020-09-25, 59,inferred
High Peak,2020-09-26, 59,inferred
High Peak,2020-09-27, 59,inferred
High Peak,2020-09-28, 59,inferred
High Peak,2020-09-29, 59,inferred
High Peak,2020-09-30,126,inferred
High Peak,2020-10-01,126,inferred
High Peak,2020-10-02,126,inferred
High Peak,2020-10-03,126,inferred
High Peak,2020-10-04,126,inferred
High Peak,2020-10-05,126,inferred
High Peak,2020-10-06,126,inferred
High Peak,2020-10-07,173,inferred
High Peak,2020-10-08,173,inferred
High Peak,2020-10-09,173,inferred
High Peak,2020-10-10,173,inferred
High Peak,2020-10-11,173,inferred
High Peak,2020-10-12,173,inferred
High Peak,2020-10-13,173,inferred
High Peak,2020-10-14,186,inferred
High Peak,2020-10-15,186,inferred
High Peak,2020-10-16,186,inferred
High Peak,2020-10-17,186,inferred
High Peak,2020-10-18,186,inferred
High Peak,2020-10-19,186,inferred
High Peak,2020-10-20,186,inferred
High Peak,2020-10-21,258,inferred
High Peak,2020-10-22,258,inferred
High Peak,2020-10-23,258,inferred
High Peak,2020-10-24,258,inferred
High Peak,2020-10-25,258,inferred
High Peak,2020-10-26,258,inferred
High Peak,2020-10-27,258,inferred
High Peak,2020-10-28,284,inferred
High Peak,2020-10-29,284,inferred
High Peak,2020-10-30,284,inferred
High Peak,2020-10-31,284,inferred
High Peak,2020-11-01,284,inferred
High Peak,2020-11-02,284,inferred
High Peak,2020-11-03,284,inferred
High Peak,2020-11-04,312,inferred
High Peak,2020-11-05,312,inferred
High Peak,2020-11-06,312,inferred
High Peak,2020-11-07,312,inferred
High Peak,2020-11-08,312,inferred
High Peak,2020-11-09,312,inferred
High Peak,2020-11-10,312,inferred
High Peak,2020-11-11,210,inferred
High Peak,2020-11-12,210,inferred
High Peak,2020-11-13,210,inferred
High Peak,2020-11-14,210,inferred
High Peak,2020-11-15,210,inferred
High Peak,2020-11-16,210,inferred
High Peak,2020-11-17,210,inferred
High Peak,2020-11-18,124,inferred
High Peak,2020-11-19,124,inferred
High Peak,2020-11-20,124,inferred
High Peak,2020-11-21,124,inferred
High Peak,2020-11-22,124,inferred
High Peak,2020-11-23,124,inferred
High Peak,2020-11-24,124,inferred
High Peak,2020-11-25, 74,inferred
High Peak,2020-11-26, 74,inferred
High Peak,2020-11-27, 74,inferred
High Peak,2020-11-28, 74,inferred
High Peak,2020-11-29, 74,inferred
High Peak,2020-11-30, 74,inferred
High Peak,2020-12-01, 74,inferred
High Peak,2020-12-02,114,inferred
High Peak,2020-12-03,114,inferred
High Peak,2020-12-04,114,inferred
High Peak,2020-12-05,114,inferred
High Peak,2020-12-06,114,inferred
High Peak,2020-12-07,114,inferred
High Peak,2020-12-08,114,inferred
High Peak,2020-12-09,111,inferred
High Peak,2020-12-10,111,inferred
High Peak,2020-12-11,111,inferred
High Peak,2020-12-12,111,inferred
High Peak,2020-12-13,111,inferred
High Peak,2020-12-14,111,inferred
High Peak,2020-12-15,111,inferred
High Peak,2020-12-16,141,inferred
High Peak,2020-12-17,141,inferred
High Peak,2020-12-18,141,inferred
High Peak,2020-12-19,141,inferred
High Peak,2020-12-20,141,inferred
High Peak,2020-12-21,141,inferred
High Peak,2020-12-22,141,inferred
High Peak,2020-12-23,155,inferred
High Peak,2020-12-24,155,inferred
High Peak,2020-12-25,155,inferred
High Peak,2020-12-26,155,inferred
High Peak,2020-12-27,155,inferred
High Peak,2020-12-28,155,inferred
High Peak,2020-12-29,155,inferred
High Peak,2020-12-30,309,inferred
High Peak,2020-12-31,309,inferred
High Peak,2021-01-01,309,inferred
High Peak,2021-01-02,309,inferred
High Peak,2021-01-03,309,inferred
High Peak,2021-01-04,309,inferred
High Peak,2021-01-05,309,inferred
High Peak,2021-01-06,353,projected
High Peak,2021-01-07,353,projected
High Peak,2021-01-08,353,projected
High Peak,2021-01-09,353,projected
High Peak,2021-01-10,353,projected
High Peak,2021-01-11,353,projected
High Peak,2021-01-12,353,projected
High Peak,2021-01-13,431,projected
High Peak,2021-01-14,431,projected
High Peak,2021-01-15,431,projected
High Peak,2021-01-16,431,projected
High Peak,2021-01-17,431,projected
High Peak,2021-01-18,431,projected
High Peak,2021-01-19,431,projected
High Peak,2021-01-20,516,projected
High Peak,2021-01-21,516,projected
High Peak,2021-01-22,516,projected
High Peak,2021-01-23,516,projected
High Peak,2021-01-24,516,projected
High Peak,2021-01-25,516,projected
High Peak,2021-01-26,516,projected
Highland,2020-09-23, 80,inferred
Highland,2020-09-24, 80,inferred
Highland,2020-09-25, 80,inferred
Highland,2020-09-26, 80,inferred
Highland,2020-09-27, 80,inferred
Highland,2020-09-28, 80,inferred
Highland,2020-09-29, 80,inferred
Highland,2020-09-30, 82,inferred
Highland,2020-10-01, 82,inferred
Highland,2020-10-02, 82,inferred
Highland,2020-10-03, 82,inferred
Highland,2020-10-04, 82,inferred
Highland,2020-10-05, 82,inferred
Highland,2020-10-06, 82,inferred
Highland,2020-10-07, 92,inferred
Highland,2020-10-08, 92,inferred
Highland,2020-10-09, 92,inferred
Highland,2020-10-10, 92,inferred
Highland,2020-10-11, 92,inferred
Highland,2020-10-12, 92,inferred
Highland,2020-10-13, 92,inferred
Highland,2020-10-14, 82,inferred
Highland,2020-10-15, 82,inferred
Highland,2020-10-16, 82,inferred
Highland,2020-10-17, 82,inferred
Highland,2020-10-18, 82,inferred
Highland,2020-10-19, 82,inferred
Highland,2020-10-20, 82,inferred
Highland,2020-10-21,106,inferred
Highland,2020-10-22,106,inferred
Highland,2020-10-23,106,inferred
Highland,2020-10-24,106,inferred
Highland,2020-10-25,106,inferred
Highland,2020-10-26,106,inferred
Highland,2020-10-27,106,inferred
Highland,2020-10-28,110,inferred
Highland,2020-10-29,110,inferred
Highland,2020-10-30,110,inferred
Highland,2020-10-31,110,inferred
Highland,2020-11-01,110,inferred
Highland,2020-11-02,110,inferred
Highland,2020-11-03,110,inferred
Highland,2020-11-04, 97,inferred
Highland,2020-11-05, 97,inferred
Highland,2020-11-06, 97,inferred
Highland,2020-11-07, 97,inferred
Highland,2020-11-08, 97,inferred
Highland,2020-11-09, 97,inferred
Highland,2020-11-10, 97,inferred
Highland,2020-11-11, 82,inferred
Highland,2020-11-12, 82,inferred
Highland,2020-11-13, 82,inferred
Highland,2020-11-14, 82,inferred
Highland,2020-11-15, 82,inferred
Highland,2020-11-16, 82,inferred
Highland,2020-11-17, 82,inferred
Highland,2020-11-18, 60,inferred
Highland,2020-11-19, 60,inferred
Highland,2020-11-20, 60,inferred
Highland,2020-11-21, 60,inferred
Highland,2020-11-22, 60,inferred
Highland,2020-11-23, 60,inferred
Highland,2020-11-24, 60,inferred
Highland,2020-11-25, 76,inferred
Highland,2020-11-26, 76,inferred
Highland,2020-11-27, 76,inferred
Highland,2020-11-28, 76,inferred
Highland,2020-11-29, 76,inferred
Highland,2020-11-30, 76,inferred
Highland,2020-12-01, 76,inferred
Highland,2020-12-02,156,inferred
Highland,2020-12-03,156,inferred
Highland,2020-12-04,156,inferred
Highland,2020-12-05,156,inferred
Highland,2020-12-06,156,inferred
Highland,2020-12-07,156,inferred
Highland,2020-12-08,156,inferred
Highland,2020-12-09, 92,inferred
Highland,2020-12-10, 92,inferred
Highland,2020-12-11, 92,inferred
Highland,2020-12-12, 92,inferred
Highland,2020-12-13, 92,inferred
Highland,2020-12-14, 92,inferred
Highland,2020-12-15, 92,inferred
Highland,2020-12-16,138,inferred
Highland,2020-12-17,138,inferred
Highland,2020-12-18,138,inferred
Highland,2020-12-19,138,inferred
Highland,2020-12-20,138,inferred
Highland,2020-12-21,138,inferred
Highland,2020-12-22,138,inferred
Highland,2020-12-23,205,inferred
Highland,2020-12-24,205,inferred
Highland,2020-12-25,205,inferred
Highland,2020-12-26,205,inferred
Highland,2020-12-27,205,inferred
Highland,2020-12-28,205,inferred
Highland,2020-12-29,205,inferred
Highland,2020-12-30,598,inferred
Highland,2020-12-31,598,inferred
Highland,2021-01-01,598,inferred
Highland,2021-01-02,598,inferred
Highland,2021-01-03,598,inferred
Highland,2021-01-04,598,inferred
Highland,2021-01-05,598,inferred
Highland,2021-01-06,1049,projected
Highland,2021-01-07,1049,projected
Highland,2021-01-08,1049,projected
Highland,2021-01-09,1049,projected
Highland,2021-01-10,1049,projected
Highland,2021-01-11,1049,projected
Highland,2021-01-12,1049,projected
Highland,2021-01-13,1906,projected
Highland,2021-01-14,1906,projected
Highland,2021-01-15,1906,projected
Highland,2021-01-16,1906,projected
Highland,2021-01-17,1906,projected
Highland,2021-01-18,1906,projected
Highland,2021-01-19,1906,projected
Highland,2021-01-20,3457,projected
Highland,2021-01-21,3457,projected
Highland,2021-01-22,3457,projected
Highland,2021-01-23,3457,projected
Highland,2021-01-24,3457,projected
Highland,2021-01-25,3457,projected
Highland,2021-01-26,3457,projected
Hillingdon,2020-09-23,185,inferred
Hillingdon,2020-09-24,185,inferred
Hillingdon,2020-09-25,185,inferred
Hillingdon,2020-09-26,185,inferred
Hillingdon,2020-09-27,185,inferred
Hillingdon,2020-09-28,185,inferred
Hillingdon,2020-09-29,185,inferred
Hillingdon,2020-09-30,260,inferred
Hillingdon,2020-10-01,260,inferred
Hillingdon,2020-10-02,260,inferred
Hillingdon,2020-10-03,260,inferred
Hillingdon,2020-10-04,260,inferred
Hillingdon,2020-10-05,260,inferred
Hillingdon,2020-10-06,260,inferred
Hillingdon,2020-10-07,315,inferred
Hillingdon,2020-10-08,315,inferred
Hillingdon,2020-10-09,315,inferred
Hillingdon,2020-10-10,315,inferred
Hillingdon,2020-10-11,315,inferred
Hillingdon,2020-10-12,315,inferred
Hillingdon,2020-10-13,315,inferred
Hillingdon,2020-10-14,493,inferred
Hillingdon,2020-10-15,493,inferred
Hillingdon,2020-10-16,493,inferred
Hillingdon,2020-10-17,493,inferred
Hillingdon,2020-10-18,493,inferred
Hillingdon,2020-10-19,493,inferred
Hillingdon,2020-10-20,493,inferred
Hillingdon,2020-10-21,591,inferred
Hillingdon,2020-10-22,591,inferred
Hillingdon,2020-10-23,591,inferred
Hillingdon,2020-10-24,591,inferred
Hillingdon,2020-10-25,591,inferred
Hillingdon,2020-10-26,591,inferred
Hillingdon,2020-10-27,591,inferred
Hillingdon,2020-10-28,582,inferred
Hillingdon,2020-10-29,582,inferred
Hillingdon,2020-10-30,582,inferred
Hillingdon,2020-10-31,582,inferred
Hillingdon,2020-11-01,582,inferred
Hillingdon,2020-11-02,582,inferred
Hillingdon,2020-11-03,582,inferred
Hillingdon,2020-11-04,658,inferred
Hillingdon,2020-11-05,658,inferred
Hillingdon,2020-11-06,658,inferred
Hillingdon,2020-11-07,658,inferred
Hillingdon,2020-11-08,658,inferred
Hillingdon,2020-11-09,658,inferred
Hillingdon,2020-11-10,658,inferred
Hillingdon,2020-11-11,697,inferred
Hillingdon,2020-11-12,697,inferred
Hillingdon,2020-11-13,697,inferred
Hillingdon,2020-11-14,697,inferred
Hillingdon,2020-11-15,697,inferred
Hillingdon,2020-11-16,697,inferred
Hillingdon,2020-11-17,697,inferred
Hillingdon,2020-11-18,530,inferred
Hillingdon,2020-11-19,530,inferred
Hillingdon,2020-11-20,530,inferred
Hillingdon,2020-11-21,530,inferred
Hillingdon,2020-11-22,530,inferred
Hillingdon,2020-11-23,530,inferred
Hillingdon,2020-11-24,530,inferred
Hillingdon,2020-11-25,491,inferred
Hillingdon,2020-11-26,491,inferred
Hillingdon,2020-11-27,491,inferred
Hillingdon,2020-11-28,491,inferred
Hillingdon,2020-11-29,491,inferred
Hillingdon,2020-11-30,491,inferred
Hillingdon,2020-12-01,491,inferred
Hillingdon,2020-12-02,640,inferred
Hillingdon,2020-12-03,640,inferred
Hillingdon,2020-12-04,640,inferred
Hillingdon,2020-12-05,640,inferred
Hillingdon,2020-12-06,640,inferred
Hillingdon,2020-12-07,640,inferred
Hillingdon,2020-12-08,640,inferred
Hillingdon,2020-12-09,1156,inferred
Hillingdon,2020-12-10,1156,inferred
Hillingdon,2020-12-11,1156,inferred
Hillingdon,2020-12-12,1156,inferred
Hillingdon,2020-12-13,1156,inferred
Hillingdon,2020-12-14,1156,inferred
Hillingdon,2020-12-15,1156,inferred
Hillingdon,2020-12-16,2248,inferred
Hillingdon,2020-12-17,2248,inferred
Hillingdon,2020-12-18,2248,inferred
Hillingdon,2020-12-19,2248,inferred
Hillingdon,2020-12-20,2248,inferred
Hillingdon,2020-12-21,2248,inferred
Hillingdon,2020-12-22,2248,inferred
Hillingdon,2020-12-23,2746,inferred
Hillingdon,2020-12-24,2746,inferred
Hillingdon,2020-12-25,2746,inferred
Hillingdon,2020-12-26,2746,inferred
Hillingdon,2020-12-27,2746,inferred
Hillingdon,2020-12-28,2746,inferred
Hillingdon,2020-12-29,2746,inferred
Hillingdon,2020-12-30,3216,inferred
Hillingdon,2020-12-31,3216,inferred
Hillingdon,2021-01-01,3216,inferred
Hillingdon,2021-01-02,3216,inferred
Hillingdon,2021-01-03,3216,inferred
Hillingdon,2021-01-04,3216,inferred
Hillingdon,2021-01-05,3216,inferred
Hillingdon,2021-01-06,2808,projected
Hillingdon,2021-01-07,2808,projected
Hillingdon,2021-01-08,2808,projected
Hillingdon,2021-01-09,2808,projected
Hillingdon,2021-01-10,2808,projected
Hillingdon,2021-01-11,2808,projected
Hillingdon,2021-01-12,2808,projected
Hillingdon,2021-01-13,2370,projected
Hillingdon,2021-01-14,2370,projected
Hillingdon,2021-01-15,2370,projected
Hillingdon,2021-01-16,2370,projected
Hillingdon,2021-01-17,2370,projected
Hillingdon,2021-01-18,2370,projected
Hillingdon,2021-01-19,2370,projected
Hillingdon,2021-01-20,2080,projected
Hillingdon,2021-01-21,2080,projected
Hillingdon,2021-01-22,2080,projected
Hillingdon,2021-01-23,2080,projected
Hillingdon,2021-01-24,2080,projected
Hillingdon,2021-01-25,2080,projected
Hillingdon,2021-01-26,2080,projected
Hinckley and Bosworth,2020-09-23, 58,inferred
Hinckley and Bosworth,2020-09-24, 58,inferred
Hinckley and Bosworth,2020-09-25, 58,inferred
Hinckley and Bosworth,2020-09-26, 58,inferred
Hinckley and Bosworth,2020-09-27, 58,inferred
Hinckley and Bosworth,2020-09-28, 58,inferred
Hinckley and Bosworth,2020-09-29, 58,inferred
Hinckley and Bosworth,2020-09-30, 91,inferred
Hinckley and Bosworth,2020-10-01, 91,inferred
Hinckley and Bosworth,2020-10-02, 91,inferred
Hinckley and Bosworth,2020-10-03, 91,inferred
Hinckley and Bosworth,2020-10-04, 91,inferred
Hinckley and Bosworth,2020-10-05, 91,inferred
Hinckley and Bosworth,2020-10-06, 91,inferred
Hinckley and Bosworth,2020-10-07,118,inferred
Hinckley and Bosworth,2020-10-08,118,inferred
Hinckley and Bosworth,2020-10-09,118,inferred
Hinckley and Bosworth,2020-10-10,118,inferred
Hinckley and Bosworth,2020-10-11,118,inferred
Hinckley and Bosworth,2020-10-12,118,inferred
Hinckley and Bosworth,2020-10-13,118,inferred
Hinckley and Bosworth,2020-10-14,152,inferred
Hinckley and Bosworth,2020-10-15,152,inferred
Hinckley and Bosworth,2020-10-16,152,inferred
Hinckley and Bosworth,2020-10-17,152,inferred
Hinckley and Bosworth,2020-10-18,152,inferred
Hinckley and Bosworth,2020-10-19,152,inferred
Hinckley and Bosworth,2020-10-20,152,inferred
Hinckley and Bosworth,2020-10-21,212,inferred
Hinckley and Bosworth,2020-10-22,212,inferred
Hinckley and Bosworth,2020-10-23,212,inferred
Hinckley and Bosworth,2020-10-24,212,inferred
Hinckley and Bosworth,2020-10-25,212,inferred
Hinckley and Bosworth,2020-10-26,212,inferred
Hinckley and Bosworth,2020-10-27,212,inferred
Hinckley and Bosworth,2020-10-28,237,inferred
Hinckley and Bosworth,2020-10-29,237,inferred
Hinckley and Bosworth,2020-10-30,237,inferred
Hinckley and Bosworth,2020-10-31,237,inferred
Hinckley and Bosworth,2020-11-01,237,inferred
Hinckley and Bosworth,2020-11-02,237,inferred
Hinckley and Bosworth,2020-11-03,237,inferred
Hinckley and Bosworth,2020-11-04,387,inferred
Hinckley and Bosworth,2020-11-05,387,inferred
Hinckley and Bosworth,2020-11-06,387,inferred
Hinckley and Bosworth,2020-11-07,387,inferred
Hinckley and Bosworth,2020-11-08,387,inferred
Hinckley and Bosworth,2020-11-09,387,inferred
Hinckley and Bosworth,2020-11-10,387,inferred
Hinckley and Bosworth,2020-11-11,352,inferred
Hinckley and Bosworth,2020-11-12,352,inferred
Hinckley and Bosworth,2020-11-13,352,inferred
Hinckley and Bosworth,2020-11-14,352,inferred
Hinckley and Bosworth,2020-11-15,352,inferred
Hinckley and Bosworth,2020-11-16,352,inferred
Hinckley and Bosworth,2020-11-17,352,inferred
Hinckley and Bosworth,2020-11-18,153,inferred
Hinckley and Bosworth,2020-11-19,153,inferred
Hinckley and Bosworth,2020-11-20,153,inferred
Hinckley and Bosworth,2020-11-21,153,inferred
Hinckley and Bosworth,2020-11-22,153,inferred
Hinckley and Bosworth,2020-11-23,153,inferred
Hinckley and Bosworth,2020-11-24,153,inferred
Hinckley and Bosworth,2020-11-25,116,inferred
Hinckley and Bosworth,2020-11-26,116,inferred
Hinckley and Bosworth,2020-11-27,116,inferred
Hinckley and Bosworth,2020-11-28,116,inferred
Hinckley and Bosworth,2020-11-29,116,inferred
Hinckley and Bosworth,2020-11-30,116,inferred
Hinckley and Bosworth,2020-12-01,116,inferred
Hinckley and Bosworth,2020-12-02,139,inferred
Hinckley and Bosworth,2020-12-03,139,inferred
Hinckley and Bosworth,2020-12-04,139,inferred
Hinckley and Bosworth,2020-12-05,139,inferred
Hinckley and Bosworth,2020-12-06,139,inferred
Hinckley and Bosworth,2020-12-07,139,inferred
Hinckley and Bosworth,2020-12-08,139,inferred
Hinckley and Bosworth,2020-12-09,191,inferred
Hinckley and Bosworth,2020-12-10,191,inferred
Hinckley and Bosworth,2020-12-11,191,inferred
Hinckley and Bosworth,2020-12-12,191,inferred
Hinckley and Bosworth,2020-12-13,191,inferred
Hinckley and Bosworth,2020-12-14,191,inferred
Hinckley and Bosworth,2020-12-15,191,inferred
Hinckley and Bosworth,2020-12-16,248,inferred
Hinckley and Bosworth,2020-12-17,248,inferred
Hinckley and Bosworth,2020-12-18,248,inferred
Hinckley and Bosworth,2020-12-19,248,inferred
Hinckley and Bosworth,2020-12-20,248,inferred
Hinckley and Bosworth,2020-12-21,248,inferred
Hinckley and Bosworth,2020-12-22,248,inferred
Hinckley and Bosworth,2020-12-23,272,inferred
Hinckley and Bosworth,2020-12-24,272,inferred
Hinckley and Bosworth,2020-12-25,272,inferred
Hinckley and Bosworth,2020-12-26,272,inferred
Hinckley and Bosworth,2020-12-27,272,inferred
Hinckley and Bosworth,2020-12-28,272,inferred
Hinckley and Bosworth,2020-12-29,272,inferred
Hinckley and Bosworth,2020-12-30,411,inferred
Hinckley and Bosworth,2020-12-31,411,inferred
Hinckley and Bosworth,2021-01-01,411,inferred
Hinckley and Bosworth,2021-01-02,411,inferred
Hinckley and Bosworth,2021-01-03,411,inferred
Hinckley and Bosworth,2021-01-04,411,inferred
Hinckley and Bosworth,2021-01-05,411,inferred
Hinckley and Bosworth,2021-01-06,381,projected
Hinckley and Bosworth,2021-01-07,381,projected
Hinckley and Bosworth,2021-01-08,381,projected
Hinckley and Bosworth,2021-01-09,381,projected
Hinckley and Bosworth,2021-01-10,381,projected
Hinckley and Bosworth,2021-01-11,381,projected
Hinckley and Bosworth,2021-01-12,381,projected
Hinckley and Bosworth,2021-01-13,345,projected
Hinckley and Bosworth,2021-01-14,345,projected
Hinckley and Bosworth,2021-01-15,345,projected
Hinckley and Bosworth,2021-01-16,345,projected
Hinckley and Bosworth,2021-01-17,345,projected
Hinckley and Bosworth,2021-01-18,345,projected
Hinckley and Bosworth,2021-01-19,345,projected
Hinckley and Bosworth,2021-01-20,347,projected
Hinckley and Bosworth,2021-01-21,347,projected
Hinckley and Bosworth,2021-01-22,347,projected
Hinckley and Bosworth,2021-01-23,347,projected
Hinckley and Bosworth,2021-01-24,347,projected
Hinckley and Bosworth,2021-01-25,347,projected
Hinckley and Bosworth,2021-01-26,347,projected
Horsham,2020-09-23, 31,inferred
Horsham,2020-09-24, 31,inferred
Horsham,2020-09-25, 31,inferred
Horsham,2020-09-26, 31,inferred
Horsham,2020-09-27, 31,inferred
Horsham,2020-09-28, 31,inferred
Horsham,2020-09-29, 31,inferred
Horsham,2020-09-30, 56,inferred
Horsham,2020-10-01, 56,inferred
Horsham,2020-10-02, 56,inferred
Horsham,2020-10-03, 56,inferred
Horsham,2020-10-04, 56,inferred
Horsham,2020-10-05, 56,inferred
Horsham,2020-10-06, 56,inferred
Horsham,2020-10-07, 72,inferred
Horsham,2020-10-08, 72,inferred
Horsham,2020-10-09, 72,inferred
Horsham,2020-10-10, 72,inferred
Horsham,2020-10-11, 72,inferred
Horsham,2020-10-12, 72,inferred
Horsham,2020-10-13, 72,inferred
Horsham,2020-10-14, 86,inferred
Horsham,2020-10-15, 86,inferred
Horsham,2020-10-16, 86,inferred
Horsham,2020-10-17, 86,inferred
Horsham,2020-10-18, 86,inferred
Horsham,2020-10-19, 86,inferred
Horsham,2020-10-20, 86,inferred
Horsham,2020-10-21, 91,inferred
Horsham,2020-10-22, 91,inferred
Horsham,2020-10-23, 91,inferred
Horsham,2020-10-24, 91,inferred
Horsham,2020-10-25, 91,inferred
Horsham,2020-10-26, 91,inferred
Horsham,2020-10-27, 91,inferred
Horsham,2020-10-28,123,inferred
Horsham,2020-10-29,123,inferred
Horsham,2020-10-30,123,inferred
Horsham,2020-10-31,123,inferred
Horsham,2020-11-01,123,inferred
Horsham,2020-11-02,123,inferred
Horsham,2020-11-03,123,inferred
Horsham,2020-11-04,163,inferred
Horsham,2020-11-05,163,inferred
Horsham,2020-11-06,163,inferred
Horsham,2020-11-07,163,inferred
Horsham,2020-11-08,163,inferred
Horsham,2020-11-09,163,inferred
Horsham,2020-11-10,163,inferred
Horsham,2020-11-11,172,inferred
Horsham,2020-11-12,172,inferred
Horsham,2020-11-13,172,inferred
Horsham,2020-11-14,172,inferred
Horsham,2020-11-15,172,inferred
Horsham,2020-11-16,172,inferred
Horsham,2020-11-17,172,inferred
Horsham,2020-11-18,106,inferred
Horsham,2020-11-19,106,inferred
Horsham,2020-11-20,106,inferred
Horsham,2020-11-21,106,inferred
Horsham,2020-11-22,106,inferred
Horsham,2020-11-23,106,inferred
Horsham,2020-11-24,106,inferred
Horsham,2020-11-25, 85,inferred
Horsham,2020-11-26, 85,inferred
Horsham,2020-11-27, 85,inferred
Horsham,2020-11-28, 85,inferred
Horsham,2020-11-29, 85,inferred
Horsham,2020-11-30, 85,inferred
Horsham,2020-12-01, 85,inferred
Horsham,2020-12-02,144,inferred
Horsham,2020-12-03,144,inferred
Horsham,2020-12-04,144,inferred
Horsham,2020-12-05,144,inferred
Horsham,2020-12-06,144,inferred
Horsham,2020-12-07,144,inferred
Horsham,2020-12-08,144,inferred
Horsham,2020-12-09,140,inferred
Horsham,2020-12-10,140,inferred
Horsham,2020-12-11,140,inferred
Horsham,2020-12-12,140,inferred
Horsham,2020-12-13,140,inferred
Horsham,2020-12-14,140,inferred
Horsham,2020-12-15,140,inferred
Horsham,2020-12-16,312,inferred
Horsham,2020-12-17,312,inferred
Horsham,2020-12-18,312,inferred
Horsham,2020-12-19,312,inferred
Horsham,2020-12-20,312,inferred
Horsham,2020-12-21,312,inferred
Horsham,2020-12-22,312,inferred
Horsham,2020-12-23,572,inferred
Horsham,2020-12-24,572,inferred
Horsham,2020-12-25,572,inferred
Horsham,2020-12-26,572,inferred
Horsham,2020-12-27,572,inferred
Horsham,2020-12-28,572,inferred
Horsham,2020-12-29,572,inferred
Horsham,2020-12-30,842,inferred
Horsham,2020-12-31,842,inferred
Horsham,2021-01-01,842,inferred
Horsham,2021-01-02,842,inferred
Horsham,2021-01-03,842,inferred
Horsham,2021-01-04,842,inferred
Horsham,2021-01-05,842,inferred
Horsham,2021-01-06,790,projected
Horsham,2021-01-07,790,projected
Horsham,2021-01-08,790,projected
Horsham,2021-01-09,790,projected
Horsham,2021-01-10,790,projected
Horsham,2021-01-11,790,projected
Horsham,2021-01-12,790,projected
Horsham,2021-01-13,695,projected
Horsham,2021-01-14,695,projected
Horsham,2021-01-15,695,projected
Horsham,2021-01-16,695,projected
Horsham,2021-01-17,695,projected
Horsham,2021-01-18,695,projected
Horsham,2021-01-19,695,projected
Horsham,2021-01-20,681,projected
Horsham,2021-01-21,681,projected
Horsham,2021-01-22,681,projected
Horsham,2021-01-23,681,projected
Horsham,2021-01-24,681,projected
Horsham,2021-01-25,681,projected
Horsham,2021-01-26,681,projected
Hounslow,2020-09-23,158,inferred
Hounslow,2020-09-24,158,inferred
Hounslow,2020-09-25,158,inferred
Hounslow,2020-09-26,158,inferred
Hounslow,2020-09-27,158,inferred
Hounslow,2020-09-28,158,inferred
Hounslow,2020-09-29,158,inferred
Hounslow,2020-09-30,242,inferred
Hounslow,2020-10-01,242,inferred
Hounslow,2020-10-02,242,inferred
Hounslow,2020-10-03,242,inferred
Hounslow,2020-10-04,242,inferred
Hounslow,2020-10-05,242,inferred
Hounslow,2020-10-06,242,inferred
Hounslow,2020-10-07,313,inferred
Hounslow,2020-10-08,313,inferred
Hounslow,2020-10-09,313,inferred
Hounslow,2020-10-10,313,inferred
Hounslow,2020-10-11,313,inferred
Hounslow,2020-10-12,313,inferred
Hounslow,2020-10-13,313,inferred
Hounslow,2020-10-14,447,inferred
Hounslow,2020-10-15,447,inferred
Hounslow,2020-10-16,447,inferred
Hounslow,2020-10-17,447,inferred
Hounslow,2020-10-18,447,inferred
Hounslow,2020-10-19,447,inferred
Hounslow,2020-10-20,447,inferred
Hounslow,2020-10-21,487,inferred
Hounslow,2020-10-22,487,inferred
Hounslow,2020-10-23,487,inferred
Hounslow,2020-10-24,487,inferred
Hounslow,2020-10-25,487,inferred
Hounslow,2020-10-26,487,inferred
Hounslow,2020-10-27,487,inferred
Hounslow,2020-10-28,476,inferred
Hounslow,2020-10-29,476,inferred
Hounslow,2020-10-30,476,inferred
Hounslow,2020-10-31,476,inferred
Hounslow,2020-11-01,476,inferred
Hounslow,2020-11-02,476,inferred
Hounslow,2020-11-03,476,inferred
Hounslow,2020-11-04,501,inferred
Hounslow,2020-11-05,501,inferred
Hounslow,2020-11-06,501,inferred
Hounslow,2020-11-07,501,inferred
Hounslow,2020-11-08,501,inferred
Hounslow,2020-11-09,501,inferred
Hounslow,2020-11-10,501,inferred
Hounslow,2020-11-11,568,inferred
Hounslow,2020-11-12,568,inferred
Hounslow,2020-11-13,568,inferred
Hounslow,2020-11-14,568,inferred
Hounslow,2020-11-15,568,inferred
Hounslow,2020-11-16,568,inferred
Hounslow,2020-11-17,568,inferred
Hounslow,2020-11-18,480,inferred
Hounslow,2020-11-19,480,inferred
Hounslow,2020-11-20,480,inferred
Hounslow,2020-11-21,480,inferred
Hounslow,2020-11-22,480,inferred
Hounslow,2020-11-23,480,inferred
Hounslow,2020-11-24,480,inferred
Hounslow,2020-11-25,404,inferred
Hounslow,2020-11-26,404,inferred
Hounslow,2020-11-27,404,inferred
Hounslow,2020-11-28,404,inferred
Hounslow,2020-11-29,404,inferred
Hounslow,2020-11-30,404,inferred
Hounslow,2020-12-01,404,inferred
Hounslow,2020-12-02,508,inferred
Hounslow,2020-12-03,508,inferred
Hounslow,2020-12-04,508,inferred
Hounslow,2020-12-05,508,inferred
Hounslow,2020-12-06,508,inferred
Hounslow,2020-12-07,508,inferred
Hounslow,2020-12-08,508,inferred
Hounslow,2020-12-09,967,inferred
Hounslow,2020-12-10,967,inferred
Hounslow,2020-12-11,967,inferred
Hounslow,2020-12-12,967,inferred
Hounslow,2020-12-13,967,inferred
Hounslow,2020-12-14,967,inferred
Hounslow,2020-12-15,967,inferred
Hounslow,2020-12-16,1950,inferred
Hounslow,2020-12-17,1950,inferred
Hounslow,2020-12-18,1950,inferred
Hounslow,2020-12-19,1950,inferred
Hounslow,2020-12-20,1950,inferred
Hounslow,2020-12-21,1950,inferred
Hounslow,2020-12-22,1950,inferred
Hounslow,2020-12-23,2475,inferred
Hounslow,2020-12-24,2475,inferred
Hounslow,2020-12-25,2475,inferred
Hounslow,2020-12-26,2475,inferred
Hounslow,2020-12-27,2475,inferred
Hounslow,2020-12-28,2475,inferred
Hounslow,2020-12-29,2475,inferred
Hounslow,2020-12-30,3254,inferred
Hounslow,2020-12-31,3254,inferred
Hounslow,2021-01-01,3254,inferred
Hounslow,2021-01-02,3254,inferred
Hounslow,2021-01-03,3254,inferred
Hounslow,2021-01-04,3254,inferred
Hounslow,2021-01-05,3254,inferred
Hounslow,2021-01-06,2719,projected
Hounslow,2021-01-07,2719,projected
Hounslow,2021-01-08,2719,projected
Hounslow,2021-01-09,2719,projected
Hounslow,2021-01-10,2719,projected
Hounslow,2021-01-11,2719,projected
Hounslow,2021-01-12,2719,projected
Hounslow,2021-01-13,2273,projected
Hounslow,2021-01-14,2273,projected
Hounslow,2021-01-15,2273,projected
Hounslow,2021-01-16,2273,projected
Hounslow,2021-01-17,2273,projected
Hounslow,2021-01-18,2273,projected
Hounslow,2021-01-19,2273,projected
Hounslow,2021-01-20,2037,projected
Hounslow,2021-01-21,2037,projected
Hounslow,2021-01-22,2037,projected
Hounslow,2021-01-23,2037,projected
Hounslow,2021-01-24,2037,projected
Hounslow,2021-01-25,2037,projected
Hounslow,2021-01-26,2037,projected
Huntingdonshire,2020-09-23, 44,inferred
Huntingdonshire,2020-09-24, 44,inferred
Huntingdonshire,2020-09-25, 44,inferred
Huntingdonshire,2020-09-26, 44,inferred
Huntingdonshire,2020-09-27, 44,inferred
Huntingdonshire,2020-09-28, 44,inferred
Huntingdonshire,2020-09-29, 44,inferred
Huntingdonshire,2020-09-30, 65,inferred
Huntingdonshire,2020-10-01, 65,inferred
Huntingdonshire,2020-10-02, 65,inferred
Huntingdonshire,2020-10-03, 65,inferred
Huntingdonshire,2020-10-04, 65,inferred
Huntingdonshire,2020-10-05, 65,inferred
Huntingdonshire,2020-10-06, 65,inferred
Huntingdonshire,2020-10-07, 69,inferred
Huntingdonshire,2020-10-08, 69,inferred
Huntingdonshire,2020-10-09, 69,inferred
Huntingdonshire,2020-10-10, 69,inferred
Huntingdonshire,2020-10-11, 69,inferred
Huntingdonshire,2020-10-12, 69,inferred
Huntingdonshire,2020-10-13, 69,inferred
Huntingdonshire,2020-10-14, 93,inferred
Huntingdonshire,2020-10-15, 93,inferred
Huntingdonshire,2020-10-16, 93,inferred
Huntingdonshire,2020-10-17, 93,inferred
Huntingdonshire,2020-10-18, 93,inferred
Huntingdonshire,2020-10-19, 93,inferred
Huntingdonshire,2020-10-20, 93,inferred
Huntingdonshire,2020-10-21, 67,inferred
Huntingdonshire,2020-10-22, 67,inferred
Huntingdonshire,2020-10-23, 67,inferred
Huntingdonshire,2020-10-24, 67,inferred
Huntingdonshire,2020-10-25, 67,inferred
Huntingdonshire,2020-10-26, 67,inferred
Huntingdonshire,2020-10-27, 67,inferred
Huntingdonshire,2020-10-28,147,inferred
Huntingdonshire,2020-10-29,147,inferred
Huntingdonshire,2020-10-30,147,inferred
Huntingdonshire,2020-10-31,147,inferred
Huntingdonshire,2020-11-01,147,inferred
Huntingdonshire,2020-11-02,147,inferred
Huntingdonshire,2020-11-03,147,inferred
Huntingdonshire,2020-11-04,201,inferred
Huntingdonshire,2020-11-05,201,inferred
Huntingdonshire,2020-11-06,201,inferred
Huntingdonshire,2020-11-07,201,inferred
Huntingdonshire,2020-11-08,201,inferred
Huntingdonshire,2020-11-09,201,inferred
Huntingdonshire,2020-11-10,201,inferred
Huntingdonshire,2020-11-11,152,inferred
Huntingdonshire,2020-11-12,152,inferred
Huntingdonshire,2020-11-13,152,inferred
Huntingdonshire,2020-11-14,152,inferred
Huntingdonshire,2020-11-15,152,inferred
Huntingdonshire,2020-11-16,152,inferred
Huntingdonshire,2020-11-17,152,inferred
Huntingdonshire,2020-11-18,110,inferred
Huntingdonshire,2020-11-19,110,inferred
Huntingdonshire,2020-11-20,110,inferred
Huntingdonshire,2020-11-21,110,inferred
Huntingdonshire,2020-11-22,110,inferred
Huntingdonshire,2020-11-23,110,inferred
Huntingdonshire,2020-11-24,110,inferred
Huntingdonshire,2020-11-25, 94,inferred
Huntingdonshire,2020-11-26, 94,inferred
Huntingdonshire,2020-11-27, 94,inferred
Huntingdonshire,2020-11-28, 94,inferred
Huntingdonshire,2020-11-29, 94,inferred
Huntingdonshire,2020-11-30, 94,inferred
Huntingdonshire,2020-12-01, 94,inferred
Huntingdonshire,2020-12-02, 97,inferred
Huntingdonshire,2020-12-03, 97,inferred
Huntingdonshire,2020-12-04, 97,inferred
Huntingdonshire,2020-12-05, 97,inferred
Huntingdonshire,2020-12-06, 97,inferred
Huntingdonshire,2020-12-07, 97,inferred
Huntingdonshire,2020-12-08, 97,inferred
Huntingdonshire,2020-12-09,222,inferred
Huntingdonshire,2020-12-10,222,inferred
Huntingdonshire,2020-12-11,222,inferred
Huntingdonshire,2020-12-12,222,inferred
Huntingdonshire,2020-12-13,222,inferred
Huntingdonshire,2020-12-14,222,inferred
Huntingdonshire,2020-12-15,222,inferred
Huntingdonshire,2020-12-16,341,inferred
Huntingdonshire,2020-12-17,341,inferred
Huntingdonshire,2020-12-18,341,inferred
Huntingdonshire,2020-12-19,341,inferred
Huntingdonshire,2020-12-20,341,inferred
Huntingdonshire,2020-12-21,341,inferred
Huntingdonshire,2020-12-22,341,inferred
Huntingdonshire,2020-12-23,686,inferred
Huntingdonshire,2020-12-24,686,inferred
Huntingdonshire,2020-12-25,686,inferred
Huntingdonshire,2020-12-26,686,inferred
Huntingdonshire,2020-12-27,686,inferred
Huntingdonshire,2020-12-28,686,inferred
Huntingdonshire,2020-12-29,686,inferred
Huntingdonshire,2020-12-30,960,inferred
Huntingdonshire,2020-12-31,960,inferred
Huntingdonshire,2021-01-01,960,inferred
Huntingdonshire,2021-01-02,960,inferred
Huntingdonshire,2021-01-03,960,inferred
Huntingdonshire,2021-01-04,960,inferred
Huntingdonshire,2021-01-05,960,inferred
Huntingdonshire,2021-01-06,1234,projected
Huntingdonshire,2021-01-07,1234,projected
Huntingdonshire,2021-01-08,1234,projected
Huntingdonshire,2021-01-09,1234,projected
Huntingdonshire,2021-01-10,1234,projected
Huntingdonshire,2021-01-11,1234,projected
Huntingdonshire,2021-01-12,1234,projected
Huntingdonshire,2021-01-13,1480,projected
Huntingdonshire,2021-01-14,1480,projected
Huntingdonshire,2021-01-15,1480,projected
Huntingdonshire,2021-01-16,1480,projected
Huntingdonshire,2021-01-17,1480,projected
Huntingdonshire,2021-01-18,1480,projected
Huntingdonshire,2021-01-19,1480,projected
Huntingdonshire,2021-01-20,1694,projected
Huntingdonshire,2021-01-21,1694,projected
Huntingdonshire,2021-01-22,1694,projected
Huntingdonshire,2021-01-23,1694,projected
Huntingdonshire,2021-01-24,1694,projected
Huntingdonshire,2021-01-25,1694,projected
Huntingdonshire,2021-01-26,1694,projected
Hyndburn,2020-09-23,214,inferred
Hyndburn,2020-09-24,214,inferred
Hyndburn,2020-09-25,214,inferred
Hyndburn,2020-09-26,214,inferred
Hyndburn,2020-09-27,214,inferred
Hyndburn,2020-09-28,214,inferred
Hyndburn,2020-09-29,214,inferred
Hyndburn,2020-09-30,267,inferred
Hyndburn,2020-10-01,267,inferred
Hyndburn,2020-10-02,267,inferred
Hyndburn,2020-10-03,267,inferred
Hyndburn,2020-10-04,267,inferred
Hyndburn,2020-10-05,267,inferred
Hyndburn,2020-10-06,267,inferred
Hyndburn,2020-10-07,250,inferred
Hyndburn,2020-10-08,250,inferred
Hyndburn,2020-10-09,250,inferred
Hyndburn,2020-10-10,250,inferred
Hyndburn,2020-10-11,250,inferred
Hyndburn,2020-10-12,250,inferred
Hyndburn,2020-10-13,250,inferred
Hyndburn,2020-10-14,368,inferred
Hyndburn,2020-10-15,368,inferred
Hyndburn,2020-10-16,368,inferred
Hyndburn,2020-10-17,368,inferred
Hyndburn,2020-10-18,368,inferred
Hyndburn,2020-10-19,368,inferred
Hyndburn,2020-10-20,368,inferred
Hyndburn,2020-10-21,416,inferred
Hyndburn,2020-10-22,416,inferred
Hyndburn,2020-10-23,416,inferred
Hyndburn,2020-10-24,416,inferred
Hyndburn,2020-10-25,416,inferred
Hyndburn,2020-10-26,416,inferred
Hyndburn,2020-10-27,416,inferred
Hyndburn,2020-10-28,374,inferred
Hyndburn,2020-10-29,374,inferred
Hyndburn,2020-10-30,374,inferred
Hyndburn,2020-10-31,374,inferred
Hyndburn,2020-11-01,374,inferred
Hyndburn,2020-11-02,374,inferred
Hyndburn,2020-11-03,374,inferred
Hyndburn,2020-11-04,322,inferred
Hyndburn,2020-11-05,322,inferred
Hyndburn,2020-11-06,322,inferred
Hyndburn,2020-11-07,322,inferred
Hyndburn,2020-11-08,322,inferred
Hyndburn,2020-11-09,322,inferred
Hyndburn,2020-11-10,322,inferred
Hyndburn,2020-11-11,387,inferred
Hyndburn,2020-11-12,387,inferred
Hyndburn,2020-11-13,387,inferred
Hyndburn,2020-11-14,387,inferred
Hyndburn,2020-11-15,387,inferred
Hyndburn,2020-11-16,387,inferred
Hyndburn,2020-11-17,387,inferred
Hyndburn,2020-11-18,248,inferred
Hyndburn,2020-11-19,248,inferred
Hyndburn,2020-11-20,248,inferred
Hyndburn,2020-11-21,248,inferred
Hyndburn,2020-11-22,248,inferred
Hyndburn,2020-11-23,248,inferred
Hyndburn,2020-11-24,248,inferred
Hyndburn,2020-11-25,170,inferred
Hyndburn,2020-11-26,170,inferred
Hyndburn,2020-11-27,170,inferred
Hyndburn,2020-11-28,170,inferred
Hyndburn,2020-11-29,170,inferred
Hyndburn,2020-11-30,170,inferred
Hyndburn,2020-12-01,170,inferred
Hyndburn,2020-12-02,153,inferred
Hyndburn,2020-12-03,153,inferred
Hyndburn,2020-12-04,153,inferred
Hyndburn,2020-12-05,153,inferred
Hyndburn,2020-12-06,153,inferred
Hyndburn,2020-12-07,153,inferred
Hyndburn,2020-12-08,153,inferred
Hyndburn,2020-12-09,211,inferred
Hyndburn,2020-12-10,211,inferred
Hyndburn,2020-12-11,211,inferred
Hyndburn,2020-12-12,211,inferred
Hyndburn,2020-12-13,211,inferred
Hyndburn,2020-12-14,211,inferred
Hyndburn,2020-12-15,211,inferred
Hyndburn,2020-12-16,227,inferred
Hyndburn,2020-12-17,227,inferred
Hyndburn,2020-12-18,227,inferred
Hyndburn,2020-12-19,227,inferred
Hyndburn,2020-12-20,227,inferred
Hyndburn,2020-12-21,227,inferred
Hyndburn,2020-12-22,227,inferred
Hyndburn,2020-12-23,307,inferred
Hyndburn,2020-12-24,307,inferred
Hyndburn,2020-12-25,307,inferred
Hyndburn,2020-12-26,307,inferred
Hyndburn,2020-12-27,307,inferred
Hyndburn,2020-12-28,307,inferred
Hyndburn,2020-12-29,307,inferred
Hyndburn,2020-12-30,536,inferred
Hyndburn,2020-12-31,536,inferred
Hyndburn,2021-01-01,536,inferred
Hyndburn,2021-01-02,536,inferred
Hyndburn,2021-01-03,536,inferred
Hyndburn,2021-01-04,536,inferred
Hyndburn,2021-01-05,536,inferred
Hyndburn,2021-01-06,667,projected
Hyndburn,2021-01-07,667,projected
Hyndburn,2021-01-08,667,projected
Hyndburn,2021-01-09,667,projected
Hyndburn,2021-01-10,667,projected
Hyndburn,2021-01-11,667,projected
Hyndburn,2021-01-12,667,projected
Hyndburn,2021-01-13,807,projected
Hyndburn,2021-01-14,807,projected
Hyndburn,2021-01-15,807,projected
Hyndburn,2021-01-16,807,projected
Hyndburn,2021-01-17,807,projected
Hyndburn,2021-01-18,807,projected
Hyndburn,2021-01-19,807,projected
Hyndburn,2021-01-20,958,projected
Hyndburn,2021-01-21,958,projected
Hyndburn,2021-01-22,958,projected
Hyndburn,2021-01-23,958,projected
Hyndburn,2021-01-24,958,projected
Hyndburn,2021-01-25,958,projected
Hyndburn,2021-01-26,958,projected
Inverclyde,2020-09-23,1515,inferred
Inverclyde,2020-09-24,1515,inferred
Inverclyde,2020-09-25,1515,inferred
Inverclyde,2020-09-26,1515,inferred
Inverclyde,2020-09-27,1515,inferred
Inverclyde,2020-09-28,1515,inferred
Inverclyde,2020-09-29,1515,inferred
Inverclyde,2020-09-30,1910,inferred
Inverclyde,2020-10-01,1910,inferred
Inverclyde,2020-10-02,1910,inferred
Inverclyde,2020-10-03,1910,inferred
Inverclyde,2020-10-04,1910,inferred
Inverclyde,2020-10-05,1910,inferred
Inverclyde,2020-10-06,1910,inferred
Inverclyde,2020-10-07,2686,inferred
Inverclyde,2020-10-08,2686,inferred
Inverclyde,2020-10-09,2686,inferred
Inverclyde,2020-10-10,2686,inferred
Inverclyde,2020-10-11,2686,inferred
Inverclyde,2020-10-12,2686,inferred
Inverclyde,2020-10-13,2686,inferred
Inverclyde,2020-10-14,2803,inferred
Inverclyde,2020-10-15,2803,inferred
Inverclyde,2020-10-16,2803,inferred
Inverclyde,2020-10-17,2803,inferred
Inverclyde,2020-10-18,2803,inferred
Inverclyde,2020-10-19,2803,inferred
Inverclyde,2020-10-20,2803,inferred
Inverclyde,2020-10-21,3525,inferred
Inverclyde,2020-10-22,3525,inferred
Inverclyde,2020-10-23,3525,inferred
Inverclyde,2020-10-24,3525,inferred
Inverclyde,2020-10-25,3525,inferred
Inverclyde,2020-10-26,3525,inferred
Inverclyde,2020-10-27,3525,inferred
Inverclyde,2020-10-28,2943,inferred
Inverclyde,2020-10-29,2943,inferred
Inverclyde,2020-10-30,2943,inferred
Inverclyde,2020-10-31,2943,inferred
Inverclyde,2020-11-01,2943,inferred
Inverclyde,2020-11-02,2943,inferred
Inverclyde,2020-11-03,2943,inferred
Inverclyde,2020-11-04,3217,inferred
Inverclyde,2020-11-05,3217,inferred
Inverclyde,2020-11-06,3217,inferred
Inverclyde,2020-11-07,3217,inferred
Inverclyde,2020-11-08,3217,inferred
Inverclyde,2020-11-09,3217,inferred
Inverclyde,2020-11-10,3217,inferred
Inverclyde,2020-11-11,2913,inferred
Inverclyde,2020-11-12,2913,inferred
Inverclyde,2020-11-13,2913,inferred
Inverclyde,2020-11-14,2913,inferred
Inverclyde,2020-11-15,2913,inferred
Inverclyde,2020-11-16,2913,inferred
Inverclyde,2020-11-17,2913,inferred
Inverclyde,2020-11-18,2320,inferred
Inverclyde,2020-11-19,2320,inferred
Inverclyde,2020-11-20,2320,inferred
Inverclyde,2020-11-21,2320,inferred
Inverclyde,2020-11-22,2320,inferred
Inverclyde,2020-11-23,2320,inferred
Inverclyde,2020-11-24,2320,inferred
Inverclyde,2020-11-25,1777,inferred
Inverclyde,2020-11-26,1777,inferred
Inverclyde,2020-11-27,1777,inferred
Inverclyde,2020-11-28,1777,inferred
Inverclyde,2020-11-29,1777,inferred
Inverclyde,2020-11-30,1777,inferred
Inverclyde,2020-12-01,1777,inferred
Inverclyde,2020-12-02,1625,inferred
Inverclyde,2020-12-03,1625,inferred
Inverclyde,2020-12-04,1625,inferred
Inverclyde,2020-12-05,1625,inferred
Inverclyde,2020-12-06,1625,inferred
Inverclyde,2020-12-07,1625,inferred
Inverclyde,2020-12-08,1625,inferred
Inverclyde,2020-12-09,1578,inferred
Inverclyde,2020-12-10,1578,inferred
Inverclyde,2020-12-11,1578,inferred
Inverclyde,2020-12-12,1578,inferred
Inverclyde,2020-12-13,1578,inferred
Inverclyde,2020-12-14,1578,inferred
Inverclyde,2020-12-15,1578,inferred
Inverclyde,2020-12-16,1683,inferred
Inverclyde,2020-12-17,1683,inferred
Inverclyde,2020-12-18,1683,inferred
Inverclyde,2020-12-19,1683,inferred
Inverclyde,2020-12-20,1683,inferred
Inverclyde,2020-12-21,1683,inferred
Inverclyde,2020-12-22,1683,inferred
Inverclyde,2020-12-23,2218,inferred
Inverclyde,2020-12-24,2218,inferred
Inverclyde,2020-12-25,2218,inferred
Inverclyde,2020-12-26,2218,inferred
Inverclyde,2020-12-27,2218,inferred
Inverclyde,2020-12-28,2218,inferred
Inverclyde,2020-12-29,2218,inferred
Inverclyde,2020-12-30,4334,inferred
Inverclyde,2020-12-31,4334,inferred
Inverclyde,2021-01-01,4334,inferred
Inverclyde,2021-01-02,4334,inferred
Inverclyde,2021-01-03,4334,inferred
Inverclyde,2021-01-04,4334,inferred
Inverclyde,2021-01-05,4334,inferred
Inverclyde,2021-01-06,6602,projected
Inverclyde,2021-01-07,6602,projected
Inverclyde,2021-01-08,6602,projected
Inverclyde,2021-01-09,6602,projected
Inverclyde,2021-01-10,6602,projected
Inverclyde,2021-01-11,6602,projected
Inverclyde,2021-01-12,6602,projected
Inverclyde,2021-01-13,9729,projected
Inverclyde,2021-01-14,9729,projected
Inverclyde,2021-01-15,9729,projected
Inverclyde,2021-01-16,9729,projected
Inverclyde,2021-01-17,9729,projected
Inverclyde,2021-01-18,9729,projected
Inverclyde,2021-01-19,9729,projected
Inverclyde,2021-01-20,14285,projected
Inverclyde,2021-01-21,14285,projected
Inverclyde,2021-01-22,14285,projected
Inverclyde,2021-01-23,14285,projected
Inverclyde,2021-01-24,14285,projected
Inverclyde,2021-01-25,14285,projected
Inverclyde,2021-01-26,14285,projected
Ipswich,2020-09-23, 17,inferred
Ipswich,2020-09-24, 17,inferred
Ipswich,2020-09-25, 17,inferred
Ipswich,2020-09-26, 17,inferred
Ipswich,2020-09-27, 17,inferred
Ipswich,2020-09-28, 17,inferred
Ipswich,2020-09-29, 17,inferred
Ipswich,2020-09-30, 35,inferred
Ipswich,2020-10-01, 35,inferred
Ipswich,2020-10-02, 35,inferred
Ipswich,2020-10-03, 35,inferred
Ipswich,2020-10-04, 35,inferred
Ipswich,2020-10-05, 35,inferred
Ipswich,2020-10-06, 35,inferred
Ipswich,2020-10-07, 52,inferred
Ipswich,2020-10-08, 52,inferred
Ipswich,2020-10-09, 52,inferred
Ipswich,2020-10-10, 52,inferred
Ipswich,2020-10-11, 52,inferred
Ipswich,2020-10-12, 52,inferred
Ipswich,2020-10-13, 52,inferred
Ipswich,2020-10-14,106,inferred
Ipswich,2020-10-15,106,inferred
Ipswich,2020-10-16,106,inferred
Ipswich,2020-10-17,106,inferred
Ipswich,2020-10-18,106,inferred
Ipswich,2020-10-19,106,inferred
Ipswich,2020-10-20,106,inferred
Ipswich,2020-10-21,122,inferred
Ipswich,2020-10-22,122,inferred
Ipswich,2020-10-23,122,inferred
Ipswich,2020-10-24,122,inferred
Ipswich,2020-10-25,122,inferred
Ipswich,2020-10-26,122,inferred
Ipswich,2020-10-27,122,inferred
Ipswich,2020-10-28,119,inferred
Ipswich,2020-10-29,119,inferred
Ipswich,2020-10-30,119,inferred
Ipswich,2020-10-31,119,inferred
Ipswich,2020-11-01,119,inferred
Ipswich,2020-11-02,119,inferred
Ipswich,2020-11-03,119,inferred
Ipswich,2020-11-04,138,inferred
Ipswich,2020-11-05,138,inferred
Ipswich,2020-11-06,138,inferred
Ipswich,2020-11-07,138,inferred
Ipswich,2020-11-08,138,inferred
Ipswich,2020-11-09,138,inferred
Ipswich,2020-11-10,138,inferred
Ipswich,2020-11-11,130,inferred
Ipswich,2020-11-12,130,inferred
Ipswich,2020-11-13,130,inferred
Ipswich,2020-11-14,130,inferred
Ipswich,2020-11-15,130,inferred
Ipswich,2020-11-16,130,inferred
Ipswich,2020-11-17,130,inferred
Ipswich,2020-11-18,219,inferred
Ipswich,2020-11-19,219,inferred
Ipswich,2020-11-20,219,inferred
Ipswich,2020-11-21,219,inferred
Ipswich,2020-11-22,219,inferred
Ipswich,2020-11-23,219,inferred
Ipswich,2020-11-24,219,inferred
Ipswich,2020-11-25,177,inferred
Ipswich,2020-11-26,177,inferred
Ipswich,2020-11-27,177,inferred
Ipswich,2020-11-28,177,inferred
Ipswich,2020-11-29,177,inferred
Ipswich,2020-11-30,177,inferred
Ipswich,2020-12-01,177,inferred
Ipswich,2020-12-02,242,inferred
Ipswich,2020-12-03,242,inferred
Ipswich,2020-12-04,242,inferred
Ipswich,2020-12-05,242,inferred
Ipswich,2020-12-06,242,inferred
Ipswich,2020-12-07,242,inferred
Ipswich,2020-12-08,242,inferred
Ipswich,2020-12-09,326,inferred
Ipswich,2020-12-10,326,inferred
Ipswich,2020-12-11,326,inferred
Ipswich,2020-12-12,326,inferred
Ipswich,2020-12-13,326,inferred
Ipswich,2020-12-14,326,inferred
Ipswich,2020-12-15,326,inferred
Ipswich,2020-12-16,390,inferred
Ipswich,2020-12-17,390,inferred
Ipswich,2020-12-18,390,inferred
Ipswich,2020-12-19,390,inferred
Ipswich,2020-12-20,390,inferred
Ipswich,2020-12-21,390,inferred
Ipswich,2020-12-22,390,inferred
Ipswich,2020-12-23,621,inferred
Ipswich,2020-12-24,621,inferred
Ipswich,2020-12-25,621,inferred
Ipswich,2020-12-26,621,inferred
Ipswich,2020-12-27,621,inferred
Ipswich,2020-12-28,621,inferred
Ipswich,2020-12-29,621,inferred
Ipswich,2020-12-30,940,inferred
Ipswich,2020-12-31,940,inferred
Ipswich,2021-01-01,940,inferred
Ipswich,2021-01-02,940,inferred
Ipswich,2021-01-03,940,inferred
Ipswich,2021-01-04,940,inferred
Ipswich,2021-01-05,940,inferred
Ipswich,2021-01-06,1121,projected
Ipswich,2021-01-07,1121,projected
Ipswich,2021-01-08,1121,projected
Ipswich,2021-01-09,1121,projected
Ipswich,2021-01-10,1121,projected
Ipswich,2021-01-11,1121,projected
Ipswich,2021-01-12,1121,projected
Ipswich,2021-01-13,1292,projected
Ipswich,2021-01-14,1292,projected
Ipswich,2021-01-15,1292,projected
Ipswich,2021-01-16,1292,projected
Ipswich,2021-01-17,1292,projected
Ipswich,2021-01-18,1292,projected
Ipswich,2021-01-19,1292,projected
Ipswich,2021-01-20,1498,projected
Ipswich,2021-01-21,1498,projected
Ipswich,2021-01-22,1498,projected
Ipswich,2021-01-23,1498,projected
Ipswich,2021-01-24,1498,projected
Ipswich,2021-01-25,1498,projected
Ipswich,2021-01-26,1498,projected
Isle of Anglesey,2020-09-23, 10,inferred
Isle of Anglesey,2020-09-24, 10,inferred
Isle of Anglesey,2020-09-25, 10,inferred
Isle of Anglesey,2020-09-26, 10,inferred
Isle of Anglesey,2020-09-27, 10,inferred
Isle of Anglesey,2020-09-28, 10,inferred
Isle of Anglesey,2020-09-29, 10,inferred
Isle of Anglesey,2020-09-30, 20,inferred
Isle of Anglesey,2020-10-01, 20,inferred
Isle of Anglesey,2020-10-02, 20,inferred
Isle of Anglesey,2020-10-03, 20,inferred
Isle of Anglesey,2020-10-04, 20,inferred
Isle of Anglesey,2020-10-05, 20,inferred
Isle of Anglesey,2020-10-06, 20,inferred
Isle of Anglesey,2020-10-07, 54,inferred
Isle of Anglesey,2020-10-08, 54,inferred
Isle of Anglesey,2020-10-09, 54,inferred
Isle of Anglesey,2020-10-10, 54,inferred
Isle of Anglesey,2020-10-11, 54,inferred
Isle of Anglesey,2020-10-12, 54,inferred
Isle of Anglesey,2020-10-13, 54,inferred
Isle of Anglesey,2020-10-14, 90,inferred
Isle of Anglesey,2020-10-15, 90,inferred
Isle of Anglesey,2020-10-16, 90,inferred
Isle of Anglesey,2020-10-17, 90,inferred
Isle of Anglesey,2020-10-18, 90,inferred
Isle of Anglesey,2020-10-19, 90,inferred
Isle of Anglesey,2020-10-20, 90,inferred
Isle of Anglesey,2020-10-21, 83,inferred
Isle of Anglesey,2020-10-22, 83,inferred
Isle of Anglesey,2020-10-23, 83,inferred
Isle of Anglesey,2020-10-24, 83,inferred
Isle of Anglesey,2020-10-25, 83,inferred
Isle of Anglesey,2020-10-26, 83,inferred
Isle of Anglesey,2020-10-27, 83,inferred
Isle of Anglesey,2020-10-28, 50,inferred
Isle of Anglesey,2020-10-29, 50,inferred
Isle of Anglesey,2020-10-30, 50,inferred
Isle of Anglesey,2020-10-31, 50,inferred
Isle of Anglesey,2020-11-01, 50,inferred
Isle of Anglesey,2020-11-02, 50,inferred
Isle of Anglesey,2020-11-03, 50,inferred
Isle of Anglesey,2020-11-04, 34,inferred
Isle of Anglesey,2020-11-05, 34,inferred
Isle of Anglesey,2020-11-06, 34,inferred
Isle of Anglesey,2020-11-07, 34,inferred
Isle of Anglesey,2020-11-08, 34,inferred
Isle of Anglesey,2020-11-09, 34,inferred
Isle of Anglesey,2020-11-10, 34,inferred
Isle of Anglesey,2020-11-11, 18,inferred
Isle of Anglesey,2020-11-12, 18,inferred
Isle of Anglesey,2020-11-13, 18,inferred
Isle of Anglesey,2020-11-14, 18,inferred
Isle of Anglesey,2020-11-15, 18,inferred
Isle of Anglesey,2020-11-16, 18,inferred
Isle of Anglesey,2020-11-17, 18,inferred
Isle of Anglesey,2020-11-18, 29,inferred
Isle of Anglesey,2020-11-19, 29,inferred
Isle of Anglesey,2020-11-20, 29,inferred
Isle of Anglesey,2020-11-21, 29,inferred
Isle of Anglesey,2020-11-22, 29,inferred
Isle of Anglesey,2020-11-23, 29,inferred
Isle of Anglesey,2020-11-24, 29,inferred
Isle of Anglesey,2020-11-25, 59,inferred
Isle of Anglesey,2020-11-26, 59,inferred
Isle of Anglesey,2020-11-27, 59,inferred
Isle of Anglesey,2020-11-28, 59,inferred
Isle of Anglesey,2020-11-29, 59,inferred
Isle of Anglesey,2020-11-30, 59,inferred
Isle of Anglesey,2020-12-01, 59,inferred
Isle of Anglesey,2020-12-02, 27,inferred
Isle of Anglesey,2020-12-03, 27,inferred
Isle of Anglesey,2020-12-04, 27,inferred
Isle of Anglesey,2020-12-05, 27,inferred
Isle of Anglesey,2020-12-06, 27,inferred
Isle of Anglesey,2020-12-07, 27,inferred
Isle of Anglesey,2020-12-08, 27,inferred
Isle of Anglesey,2020-12-09, 28,inferred
Isle of Anglesey,2020-12-10, 28,inferred
Isle of Anglesey,2020-12-11, 28,inferred
Isle of Anglesey,2020-12-12, 28,inferred
Isle of Anglesey,2020-12-13, 28,inferred
Isle of Anglesey,2020-12-14, 28,inferred
Isle of Anglesey,2020-12-15, 28,inferred
Isle of Anglesey,2020-12-16, 44,inferred
Isle of Anglesey,2020-12-17, 44,inferred
Isle of Anglesey,2020-12-18, 44,inferred
Isle of Anglesey,2020-12-19, 44,inferred
Isle of Anglesey,2020-12-20, 44,inferred
Isle of Anglesey,2020-12-21, 44,inferred
Isle of Anglesey,2020-12-22, 44,inferred
Isle of Anglesey,2020-12-23,117,inferred
Isle of Anglesey,2020-12-24,117,inferred
Isle of Anglesey,2020-12-25,117,inferred
Isle of Anglesey,2020-12-26,117,inferred
Isle of Anglesey,2020-12-27,117,inferred
Isle of Anglesey,2020-12-28,117,inferred
Isle of Anglesey,2020-12-29,117,inferred
Isle of Anglesey,2020-12-30,127,inferred
Isle of Anglesey,2020-12-31,127,inferred
Isle of Anglesey,2021-01-01,127,inferred
Isle of Anglesey,2021-01-02,127,inferred
Isle of Anglesey,2021-01-03,127,inferred
Isle of Anglesey,2021-01-04,127,inferred
Isle of Anglesey,2021-01-05,127,inferred
Isle of Anglesey,2021-01-06,164,projected
Isle of Anglesey,2021-01-07,164,projected
Isle of Anglesey,2021-01-08,164,projected
Isle of Anglesey,2021-01-09,164,projected
Isle of Anglesey,2021-01-10,164,projected
Isle of Anglesey,2021-01-11,164,projected
Isle of Anglesey,2021-01-12,164,projected
Isle of Anglesey,2021-01-13,205,projected
Isle of Anglesey,2021-01-14,205,projected
Isle of Anglesey,2021-01-15,205,projected
Isle of Anglesey,2021-01-16,205,projected
Isle of Anglesey,2021-01-17,205,projected
Isle of Anglesey,2021-01-18,205,projected
Isle of Anglesey,2021-01-19,205,projected
Isle of Anglesey,2021-01-20,243,projected
Isle of Anglesey,2021-01-21,243,projected
Isle of Anglesey,2021-01-22,243,projected
Isle of Anglesey,2021-01-23,243,projected
Isle of Anglesey,2021-01-24,243,projected
Isle of Anglesey,2021-01-25,243,projected
Isle of Anglesey,2021-01-26,243,projected
Isle of Wight,2020-09-23, 11,inferred
Isle of Wight,2020-09-24, 11,inferred
Isle of Wight,2020-09-25, 11,inferred
Isle of Wight,2020-09-26, 11,inferred
Isle of Wight,2020-09-27, 11,inferred
Isle of Wight,2020-09-28, 11,inferred
Isle of Wight,2020-09-29, 11,inferred
Isle of Wight,2020-09-30, 16,inferred
Isle of Wight,2020-10-01, 16,inferred
Isle of Wight,2020-10-02, 16,inferred
Isle of Wight,2020-10-03, 16,inferred
Isle of Wight,2020-10-04, 16,inferred
Isle of Wight,2020-10-05, 16,inferred
Isle of Wight,2020-10-06, 16,inferred
Isle of Wight,2020-10-07, 31,inferred
Isle of Wight,2020-10-08, 31,inferred
Isle of Wight,2020-10-09, 31,inferred
Isle of Wight,2020-10-10, 31,inferred
Isle of Wight,2020-10-11, 31,inferred
Isle of Wight,2020-10-12, 31,inferred
Isle of Wight,2020-10-13, 31,inferred
Isle of Wight,2020-10-14, 30,inferred
Isle of Wight,2020-10-15, 30,inferred
Isle of Wight,2020-10-16, 30,inferred
Isle of Wight,2020-10-17, 30,inferred
Isle of Wight,2020-10-18, 30,inferred
Isle of Wight,2020-10-19, 30,inferred
Isle of Wight,2020-10-20, 30,inferred
Isle of Wight,2020-10-21, 48,inferred
Isle of Wight,2020-10-22, 48,inferred
Isle of Wight,2020-10-23, 48,inferred
Isle of Wight,2020-10-24, 48,inferred
Isle of Wight,2020-10-25, 48,inferred
Isle of Wight,2020-10-26, 48,inferred
Isle of Wight,2020-10-27, 48,inferred
Isle of Wight,2020-10-28, 76,inferred
Isle of Wight,2020-10-29, 76,inferred
Isle of Wight,2020-10-30, 76,inferred
Isle of Wight,2020-10-31, 76,inferred
Isle of Wight,2020-11-01, 76,inferred
Isle of Wight,2020-11-02, 76,inferred
Isle of Wight,2020-11-03, 76,inferred
Isle of Wight,2020-11-04,113,inferred
Isle of Wight,2020-11-05,113,inferred
Isle of Wight,2020-11-06,113,inferred
Isle of Wight,2020-11-07,113,inferred
Isle of Wight,2020-11-08,113,inferred
Isle of Wight,2020-11-09,113,inferred
Isle of Wight,2020-11-10,113,inferred
Isle of Wight,2020-11-11,109,inferred
Isle of Wight,2020-11-12,109,inferred
Isle of Wight,2020-11-13,109,inferred
Isle of Wight,2020-11-14,109,inferred
Isle of Wight,2020-11-15,109,inferred
Isle of Wight,2020-11-16,109,inferred
Isle of Wight,2020-11-17,109,inferred
Isle of Wight,2020-11-18, 57,inferred
Isle of Wight,2020-11-19, 57,inferred
Isle of Wight,2020-11-20, 57,inferred
Isle of Wight,2020-11-21, 57,inferred
Isle of Wight,2020-11-22, 57,inferred
Isle of Wight,2020-11-23, 57,inferred
Isle of Wight,2020-11-24, 57,inferred
Isle of Wight,2020-11-25, 40,inferred
Isle of Wight,2020-11-26, 40,inferred
Isle of Wight,2020-11-27, 40,inferred
Isle of Wight,2020-11-28, 40,inferred
Isle of Wight,2020-11-29, 40,inferred
Isle of Wight,2020-11-30, 40,inferred
Isle of Wight,2020-12-01, 40,inferred
Isle of Wight,2020-12-02, 16,inferred
Isle of Wight,2020-12-03, 16,inferred
Isle of Wight,2020-12-04, 16,inferred
Isle of Wight,2020-12-05, 16,inferred
Isle of Wight,2020-12-06, 16,inferred
Isle of Wight,2020-12-07, 16,inferred
Isle of Wight,2020-12-08, 16,inferred
Isle of Wight,2020-12-09, 65,inferred
Isle of Wight,2020-12-10, 65,inferred
Isle of Wight,2020-12-11, 65,inferred
Isle of Wight,2020-12-12, 65,inferred
Isle of Wight,2020-12-13, 65,inferred
Isle of Wight,2020-12-14, 65,inferred
Isle of Wight,2020-12-15, 65,inferred
Isle of Wight,2020-12-16,268,inferred
Isle of Wight,2020-12-17,268,inferred
Isle of Wight,2020-12-18,268,inferred
Isle of Wight,2020-12-19,268,inferred
Isle of Wight,2020-12-20,268,inferred
Isle of Wight,2020-12-21,268,inferred
Isle of Wight,2020-12-22,268,inferred
Isle of Wight,2020-12-23,617,inferred
Isle of Wight,2020-12-24,617,inferred
Isle of Wight,2020-12-25,617,inferred
Isle of Wight,2020-12-26,617,inferred
Isle of Wight,2020-12-27,617,inferred
Isle of Wight,2020-12-28,617,inferred
Isle of Wight,2020-12-29,617,inferred
Isle of Wight,2020-12-30,1677,inferred
Isle of Wight,2020-12-31,1677,inferred
Isle of Wight,2021-01-01,1677,inferred
Isle of Wight,2021-01-02,1677,inferred
Isle of Wight,2021-01-03,1677,inferred
Isle of Wight,2021-01-04,1677,inferred
Isle of Wight,2021-01-05,1677,inferred
Isle of Wight,2021-01-06,2817,projected
Isle of Wight,2021-01-07,2817,projected
Isle of Wight,2021-01-08,2817,projected
Isle of Wight,2021-01-09,2817,projected
Isle of Wight,2021-01-10,2817,projected
Isle of Wight,2021-01-11,2817,projected
Isle of Wight,2021-01-12,2817,projected
Isle of Wight,2021-01-13,5299,projected
Isle of Wight,2021-01-14,5299,projected
Isle of Wight,2021-01-15,5299,projected
Isle of Wight,2021-01-16,5299,projected
Isle of Wight,2021-01-17,5299,projected
Isle of Wight,2021-01-18,5299,projected
Isle of Wight,2021-01-19,5299,projected
Isle of Wight,2021-01-20,8936,projected
Isle of Wight,2021-01-21,8936,projected
Isle of Wight,2021-01-22,8936,projected
Isle of Wight,2021-01-23,8936,projected
Isle of Wight,2021-01-24,8936,projected
Isle of Wight,2021-01-25,8936,projected
Isle of Wight,2021-01-26,8936,projected
Isles of Scilly,2020-09-23,207,inferred
Isles of Scilly,2020-09-24,207,inferred
Isles of Scilly,2020-09-25,207,inferred
Isles of Scilly,2020-09-26,207,inferred
Isles of Scilly,2020-09-27,207,inferred
Isles of Scilly,2020-09-28,207,inferred
Isles of Scilly,2020-09-29,207,inferred
Isles of Scilly,2020-09-30,145,inferred
Isles of Scilly,2020-10-01,145,inferred
Isles of Scilly,2020-10-02,145,inferred
Isles of Scilly,2020-10-03,145,inferred
Isles of Scilly,2020-10-04,145,inferred
Isles of Scilly,2020-10-05,145,inferred
Isles of Scilly,2020-10-06,145,inferred
Isles of Scilly,2020-10-07,163,inferred
Isles of Scilly,2020-10-08,163,inferred
Isles of Scilly,2020-10-09,163,inferred
Isles of Scilly,2020-10-10,163,inferred
Isles of Scilly,2020-10-11,163,inferred
Isles of Scilly,2020-10-12,163,inferred
Isles of Scilly,2020-10-13,163,inferred
Isles of Scilly,2020-10-14,167,inferred
Isles of Scilly,2020-10-15,167,inferred
Isles of Scilly,2020-10-16,167,inferred
Isles of Scilly,2020-10-17,167,inferred
Isles of Scilly,2020-10-18,167,inferred
Isles of Scilly,2020-10-19,167,inferred
Isles of Scilly,2020-10-20,167,inferred
Isles of Scilly,2020-10-21,301,inferred
Isles of Scilly,2020-10-22,301,inferred
Isles of Scilly,2020-10-23,301,inferred
Isles of Scilly,2020-10-24,301,inferred
Isles of Scilly,2020-10-25,301,inferred
Isles of Scilly,2020-10-26,301,inferred
Isles of Scilly,2020-10-27,301,inferred
Isles of Scilly,2020-10-28,302,inferred
Isles of Scilly,2020-10-29,302,inferred
Isles of Scilly,2020-10-30,302,inferred
Isles of Scilly,2020-10-31,302,inferred
Isles of Scilly,2020-11-01,302,inferred
Isles of Scilly,2020-11-02,302,inferred
Isles of Scilly,2020-11-03,302,inferred
Isles of Scilly,2020-11-04,477,inferred
Isles of Scilly,2020-11-05,477,inferred
Isles of Scilly,2020-11-06,477,inferred
Isles of Scilly,2020-11-07,477,inferred
Isles of Scilly,2020-11-08,477,inferred
Isles of Scilly,2020-11-09,477,inferred
Isles of Scilly,2020-11-10,477,inferred
Isles of Scilly,2020-11-11,415,inferred
Isles of Scilly,2020-11-12,415,inferred
Isles of Scilly,2020-11-13,415,inferred
Isles of Scilly,2020-11-14,415,inferred
Isles of Scilly,2020-11-15,415,inferred
Isles of Scilly,2020-11-16,415,inferred
Isles of Scilly,2020-11-17,415,inferred
Isles of Scilly,2020-11-18,259,inferred
Isles of Scilly,2020-11-19,259,inferred
Isles of Scilly,2020-11-20,259,inferred
Isles of Scilly,2020-11-21,259,inferred
Isles of Scilly,2020-11-22,259,inferred
Isles of Scilly,2020-11-23,259,inferred
Isles of Scilly,2020-11-24,259,inferred
Isles of Scilly,2020-11-25,144,inferred
Isles of Scilly,2020-11-26,144,inferred
Isles of Scilly,2020-11-27,144,inferred
Isles of Scilly,2020-11-28,144,inferred
Isles of Scilly,2020-11-29,144,inferred
Isles of Scilly,2020-11-30,144,inferred
Isles of Scilly,2020-12-01,144,inferred
Isles of Scilly,2020-12-02,105,inferred
Isles of Scilly,2020-12-03,105,inferred
Isles of Scilly,2020-12-04,105,inferred
Isles of Scilly,2020-12-05,105,inferred
Isles of Scilly,2020-12-06,105,inferred
Isles of Scilly,2020-12-07,105,inferred
Isles of Scilly,2020-12-08,105,inferred
Isles of Scilly,2020-12-09,311,inferred
Isles of Scilly,2020-12-10,311,inferred
Isles of Scilly,2020-12-11,311,inferred
Isles of Scilly,2020-12-12,311,inferred
Isles of Scilly,2020-12-13,311,inferred
Isles of Scilly,2020-12-14,311,inferred
Isles of Scilly,2020-12-15,311,inferred
Isles of Scilly,2020-12-16,518,inferred
Isles of Scilly,2020-12-17,518,inferred
Isles of Scilly,2020-12-18,518,inferred
Isles of Scilly,2020-12-19,518,inferred
Isles of Scilly,2020-12-20,518,inferred
Isles of Scilly,2020-12-21,518,inferred
Isles of Scilly,2020-12-22,518,inferred
Isles of Scilly,2020-12-23,1342,inferred
Isles of Scilly,2020-12-24,1342,inferred
Isles of Scilly,2020-12-25,1342,inferred
Isles of Scilly,2020-12-26,1342,inferred
Isles of Scilly,2020-12-27,1342,inferred
Isles of Scilly,2020-12-28,1342,inferred
Isles of Scilly,2020-12-29,1342,inferred
Isles of Scilly,2020-12-30,1996,inferred
Isles of Scilly,2020-12-31,1996,inferred
Isles of Scilly,2021-01-01,1996,inferred
Isles of Scilly,2021-01-02,1996,inferred
Isles of Scilly,2021-01-03,1996,inferred
Isles of Scilly,2021-01-04,1996,inferred
Isles of Scilly,2021-01-05,1996,inferred
Isles of Scilly,2021-01-06,2768,projected
Isles of Scilly,2021-01-07,2768,projected
Isles of Scilly,2021-01-08,2768,projected
Isles of Scilly,2021-01-09,2768,projected
Isles of Scilly,2021-01-10,2768,projected
Isles of Scilly,2021-01-11,2768,projected
Isles of Scilly,2021-01-12,2768,projected
Isles of Scilly,2021-01-13,3776,projected
Isles of Scilly,2021-01-14,3776,projected
Isles of Scilly,2021-01-15,3776,projected
Isles of Scilly,2021-01-16,3776,projected
Isles of Scilly,2021-01-17,3776,projected
Isles of Scilly,2021-01-18,3776,projected
Isles of Scilly,2021-01-19,3776,projected
Isles of Scilly,2021-01-20,5087,projected
Isles of Scilly,2021-01-21,5087,projected
Isles of Scilly,2021-01-22,5087,projected
Isles of Scilly,2021-01-23,5087,projected
Isles of Scilly,2021-01-24,5087,projected
Isles of Scilly,2021-01-25,5087,projected
Isles of Scilly,2021-01-26,5087,projected
Islington,2020-09-23,119,inferred
Islington,2020-09-24,119,inferred
Islington,2020-09-25,119,inferred
Islington,2020-09-26,119,inferred
Islington,2020-09-27,119,inferred
Islington,2020-09-28,119,inferred
Islington,2020-09-29,119,inferred
Islington,2020-09-30,207,inferred
Islington,2020-10-01,207,inferred
Islington,2020-10-02,207,inferred
Islington,2020-10-03,207,inferred
Islington,2020-10-04,207,inferred
Islington,2020-10-05,207,inferred
Islington,2020-10-06,207,inferred
Islington,2020-10-07,235,inferred
Islington,2020-10-08,235,inferred
Islington,2020-10-09,235,inferred
Islington,2020-10-10,235,inferred
Islington,2020-10-11,235,inferred
Islington,2020-10-12,235,inferred
Islington,2020-10-13,235,inferred
Islington,2020-10-14,325,inferred
Islington,2020-10-15,325,inferred
Islington,2020-10-16,325,inferred
Islington,2020-10-17,325,inferred
Islington,2020-10-18,325,inferred
Islington,2020-10-19,325,inferred
Islington,2020-10-20,325,inferred
Islington,2020-10-21,360,inferred
Islington,2020-10-22,360,inferred
Islington,2020-10-23,360,inferred
Islington,2020-10-24,360,inferred
Islington,2020-10-25,360,inferred
Islington,2020-10-26,360,inferred
Islington,2020-10-27,360,inferred
Islington,2020-10-28,283,inferred
Islington,2020-10-29,283,inferred
Islington,2020-10-30,283,inferred
Islington,2020-10-31,283,inferred
Islington,2020-11-01,283,inferred
Islington,2020-11-02,283,inferred
Islington,2020-11-03,283,inferred
Islington,2020-11-04,406,inferred
Islington,2020-11-05,406,inferred
Islington,2020-11-06,406,inferred
Islington,2020-11-07,406,inferred
Islington,2020-11-08,406,inferred
Islington,2020-11-09,406,inferred
Islington,2020-11-10,406,inferred
Islington,2020-11-11,365,inferred
Islington,2020-11-12,365,inferred
Islington,2020-11-13,365,inferred
Islington,2020-11-14,365,inferred
Islington,2020-11-15,365,inferred
Islington,2020-11-16,365,inferred
Islington,2020-11-17,365,inferred
Islington,2020-11-18,277,inferred
Islington,2020-11-19,277,inferred
Islington,2020-11-20,277,inferred
Islington,2020-11-21,277,inferred
Islington,2020-11-22,277,inferred
Islington,2020-11-23,277,inferred
Islington,2020-11-24,277,inferred
Islington,2020-11-25,282,inferred
Islington,2020-11-26,282,inferred
Islington,2020-11-27,282,inferred
Islington,2020-11-28,282,inferred
Islington,2020-11-29,282,inferred
Islington,2020-11-30,282,inferred
Islington,2020-12-01,282,inferred
Islington,2020-12-02,352,inferred
Islington,2020-12-03,352,inferred
Islington,2020-12-04,352,inferred
Islington,2020-12-05,352,inferred
Islington,2020-12-06,352,inferred
Islington,2020-12-07,352,inferred
Islington,2020-12-08,352,inferred
Islington,2020-12-09,906,inferred
Islington,2020-12-10,906,inferred
Islington,2020-12-11,906,inferred
Islington,2020-12-12,906,inferred
Islington,2020-12-13,906,inferred
Islington,2020-12-14,906,inferred
Islington,2020-12-15,906,inferred
Islington,2020-12-16,1689,inferred
Islington,2020-12-17,1689,inferred
Islington,2020-12-18,1689,inferred
Islington,2020-12-19,1689,inferred
Islington,2020-12-20,1689,inferred
Islington,2020-12-21,1689,inferred
Islington,2020-12-22,1689,inferred
Islington,2020-12-23,1668,inferred
Islington,2020-12-24,1668,inferred
Islington,2020-12-25,1668,inferred
Islington,2020-12-26,1668,inferred
Islington,2020-12-27,1668,inferred
Islington,2020-12-28,1668,inferred
Islington,2020-12-29,1668,inferred
Islington,2020-12-30,2025,inferred
Islington,2020-12-31,2025,inferred
Islington,2021-01-01,2025,inferred
Islington,2021-01-02,2025,inferred
Islington,2021-01-03,2025,inferred
Islington,2021-01-04,2025,inferred
Islington,2021-01-05,2025,inferred
Islington,2021-01-06,1603,projected
Islington,2021-01-07,1603,projected
Islington,2021-01-08,1603,projected
Islington,2021-01-09,1603,projected
Islington,2021-01-10,1603,projected
Islington,2021-01-11,1603,projected
Islington,2021-01-12,1603,projected
Islington,2021-01-13,1298,projected
Islington,2021-01-14,1298,projected
Islington,2021-01-15,1298,projected
Islington,2021-01-16,1298,projected
Islington,2021-01-17,1298,projected
Islington,2021-01-18,1298,projected
Islington,2021-01-19,1298,projected
Islington,2021-01-20,1051,projected
Islington,2021-01-21,1051,projected
Islington,2021-01-22,1051,projected
Islington,2021-01-23,1051,projected
Islington,2021-01-24,1051,projected
Islington,2021-01-25,1051,projected
Islington,2021-01-26,1051,projected
Kensington and Chelsea,2020-09-23, 65,inferred
Kensington and Chelsea,2020-09-24, 65,inferred
Kensington and Chelsea,2020-09-25, 65,inferred
Kensington and Chelsea,2020-09-26, 65,inferred
Kensington and Chelsea,2020-09-27, 65,inferred
Kensington and Chelsea,2020-09-28, 65,inferred
Kensington and Chelsea,2020-09-29, 65,inferred
Kensington and Chelsea,2020-09-30,147,inferred
Kensington and Chelsea,2020-10-01,147,inferred
Kensington and Chelsea,2020-10-02,147,inferred
Kensington and Chelsea,2020-10-03,147,inferred
Kensington and Chelsea,2020-10-04,147,inferred
Kensington and Chelsea,2020-10-05,147,inferred
Kensington and Chelsea,2020-10-06,147,inferred
Kensington and Chelsea,2020-10-07,166,inferred
Kensington and Chelsea,2020-10-08,166,inferred
Kensington and Chelsea,2020-10-09,166,inferred
Kensington and Chelsea,2020-10-10,166,inferred
Kensington and Chelsea,2020-10-11,166,inferred
Kensington and Chelsea,2020-10-12,166,inferred
Kensington and Chelsea,2020-10-13,166,inferred
Kensington and Chelsea,2020-10-14,253,inferred
Kensington and Chelsea,2020-10-15,253,inferred
Kensington and Chelsea,2020-10-16,253,inferred
Kensington and Chelsea,2020-10-17,253,inferred
Kensington and Chelsea,2020-10-18,253,inferred
Kensington and Chelsea,2020-10-19,253,inferred
Kensington and Chelsea,2020-10-20,253,inferred
Kensington and Chelsea,2020-10-21,219,inferred
Kensington and Chelsea,2020-10-22,219,inferred
Kensington and Chelsea,2020-10-23,219,inferred
Kensington and Chelsea,2020-10-24,219,inferred
Kensington and Chelsea,2020-10-25,219,inferred
Kensington and Chelsea,2020-10-26,219,inferred
Kensington and Chelsea,2020-10-27,219,inferred
Kensington and Chelsea,2020-10-28,199,inferred
Kensington and Chelsea,2020-10-29,199,inferred
Kensington and Chelsea,2020-10-30,199,inferred
Kensington and Chelsea,2020-10-31,199,inferred
Kensington and Chelsea,2020-11-01,199,inferred
Kensington and Chelsea,2020-11-02,199,inferred
Kensington and Chelsea,2020-11-03,199,inferred
Kensington and Chelsea,2020-11-04,187,inferred
Kensington and Chelsea,2020-11-05,187,inferred
Kensington and Chelsea,2020-11-06,187,inferred
Kensington and Chelsea,2020-11-07,187,inferred
Kensington and Chelsea,2020-11-08,187,inferred
Kensington and Chelsea,2020-11-09,187,inferred
Kensington and Chelsea,2020-11-10,187,inferred
Kensington and Chelsea,2020-11-11,238,inferred
Kensington and Chelsea,2020-11-12,238,inferred
Kensington and Chelsea,2020-11-13,238,inferred
Kensington and Chelsea,2020-11-14,238,inferred
Kensington and Chelsea,2020-11-15,238,inferred
Kensington and Chelsea,2020-11-16,238,inferred
Kensington and Chelsea,2020-11-17,238,inferred
Kensington and Chelsea,2020-11-18,183,inferred
Kensington and Chelsea,2020-11-19,183,inferred
Kensington and Chelsea,2020-11-20,183,inferred
Kensington and Chelsea,2020-11-21,183,inferred
Kensington and Chelsea,2020-11-22,183,inferred
Kensington and Chelsea,2020-11-23,183,inferred
Kensington and Chelsea,2020-11-24,183,inferred
Kensington and Chelsea,2020-11-25,161,inferred
Kensington and Chelsea,2020-11-26,161,inferred
Kensington and Chelsea,2020-11-27,161,inferred
Kensington and Chelsea,2020-11-28,161,inferred
Kensington and Chelsea,2020-11-29,161,inferred
Kensington and Chelsea,2020-11-30,161,inferred
Kensington and Chelsea,2020-12-01,161,inferred
Kensington and Chelsea,2020-12-02,212,inferred
Kensington and Chelsea,2020-12-03,212,inferred
Kensington and Chelsea,2020-12-04,212,inferred
Kensington and Chelsea,2020-12-05,212,inferred
Kensington and Chelsea,2020-12-06,212,inferred
Kensington and Chelsea,2020-12-07,212,inferred
Kensington and Chelsea,2020-12-08,212,inferred
Kensington and Chelsea,2020-12-09,426,inferred
Kensington and Chelsea,2020-12-10,426,inferred
Kensington and Chelsea,2020-12-11,426,inferred
Kensington and Chelsea,2020-12-12,426,inferred
Kensington and Chelsea,2020-12-13,426,inferred
Kensington and Chelsea,2020-12-14,426,inferred
Kensington and Chelsea,2020-12-15,426,inferred
Kensington and Chelsea,2020-12-16,822,inferred
Kensington and Chelsea,2020-12-17,822,inferred
Kensington and Chelsea,2020-12-18,822,inferred
Kensington and Chelsea,2020-12-19,822,inferred
Kensington and Chelsea,2020-12-20,822,inferred
Kensington and Chelsea,2020-12-21,822,inferred
Kensington and Chelsea,2020-12-22,822,inferred
Kensington and Chelsea,2020-12-23,880,inferred
Kensington and Chelsea,2020-12-24,880,inferred
Kensington and Chelsea,2020-12-25,880,inferred
Kensington and Chelsea,2020-12-26,880,inferred
Kensington and Chelsea,2020-12-27,880,inferred
Kensington and Chelsea,2020-12-28,880,inferred
Kensington and Chelsea,2020-12-29,880,inferred
Kensington and Chelsea,2020-12-30,985,inferred
Kensington and Chelsea,2020-12-31,985,inferred
Kensington and Chelsea,2021-01-01,985,inferred
Kensington and Chelsea,2021-01-02,985,inferred
Kensington and Chelsea,2021-01-03,985,inferred
Kensington and Chelsea,2021-01-04,985,inferred
Kensington and Chelsea,2021-01-05,985,inferred
Kensington and Chelsea,2021-01-06,787,projected
Kensington and Chelsea,2021-01-07,787,projected
Kensington and Chelsea,2021-01-08,787,projected
Kensington and Chelsea,2021-01-09,787,projected
Kensington and Chelsea,2021-01-10,787,projected
Kensington and Chelsea,2021-01-11,787,projected
Kensington and Chelsea,2021-01-12,787,projected
Kensington and Chelsea,2021-01-13,618,projected
Kensington and Chelsea,2021-01-14,618,projected
Kensington and Chelsea,2021-01-15,618,projected
Kensington and Chelsea,2021-01-16,618,projected
Kensington and Chelsea,2021-01-17,618,projected
Kensington and Chelsea,2021-01-18,618,projected
Kensington and Chelsea,2021-01-19,618,projected
Kensington and Chelsea,2021-01-20,518,projected
Kensington and Chelsea,2021-01-21,518,projected
Kensington and Chelsea,2021-01-22,518,projected
Kensington and Chelsea,2021-01-23,518,projected
Kensington and Chelsea,2021-01-24,518,projected
Kensington and Chelsea,2021-01-25,518,projected
Kensington and Chelsea,2021-01-26,518,projected
Kettering,2020-09-23, 20,inferred
Kettering,2020-09-24, 20,inferred
Kettering,2020-09-25, 20,inferred
Kettering,2020-09-26, 20,inferred
Kettering,2020-09-27, 20,inferred
Kettering,2020-09-28, 20,inferred
Kettering,2020-09-29, 20,inferred
Kettering,2020-09-30, 66,inferred
Kettering,2020-10-01, 66,inferred
Kettering,2020-10-02, 66,inferred
Kettering,2020-10-03, 66,inferred
Kettering,2020-10-04, 66,inferred
Kettering,2020-10-05, 66,inferred
Kettering,2020-10-06, 66,inferred
Kettering,2020-10-07, 87,inferred
Kettering,2020-10-08, 87,inferred
Kettering,2020-10-09, 87,inferred
Kettering,2020-10-10, 87,inferred
Kettering,2020-10-11, 87,inferred
Kettering,2020-10-12, 87,inferred
Kettering,2020-10-13, 87,inferred
Kettering,2020-10-14,100,inferred
Kettering,2020-10-15,100,inferred
Kettering,2020-10-16,100,inferred
Kettering,2020-10-17,100,inferred
Kettering,2020-10-18,100,inferred
Kettering,2020-10-19,100,inferred
Kettering,2020-10-20,100,inferred
Kettering,2020-10-21,104,inferred
Kettering,2020-10-22,104,inferred
Kettering,2020-10-23,104,inferred
Kettering,2020-10-24,104,inferred
Kettering,2020-10-25,104,inferred
Kettering,2020-10-26,104,inferred
Kettering,2020-10-27,104,inferred
Kettering,2020-10-28, 98,inferred
Kettering,2020-10-29, 98,inferred
Kettering,2020-10-30, 98,inferred
Kettering,2020-10-31, 98,inferred
Kettering,2020-11-01, 98,inferred
Kettering,2020-11-02, 98,inferred
Kettering,2020-11-03, 98,inferred
Kettering,2020-11-04,207,inferred
Kettering,2020-11-05,207,inferred
Kettering,2020-11-06,207,inferred
Kettering,2020-11-07,207,inferred
Kettering,2020-11-08,207,inferred
Kettering,2020-11-09,207,inferred
Kettering,2020-11-10,207,inferred
Kettering,2020-11-11,191,inferred
Kettering,2020-11-12,191,inferred
Kettering,2020-11-13,191,inferred
Kettering,2020-11-14,191,inferred
Kettering,2020-11-15,191,inferred
Kettering,2020-11-16,191,inferred
Kettering,2020-11-17,191,inferred
Kettering,2020-11-18,140,inferred
Kettering,2020-11-19,140,inferred
Kettering,2020-11-20,140,inferred
Kettering,2020-11-21,140,inferred
Kettering,2020-11-22,140,inferred
Kettering,2020-11-23,140,inferred
Kettering,2020-11-24,140,inferred
Kettering,2020-11-25,127,inferred
Kettering,2020-11-26,127,inferred
Kettering,2020-11-27,127,inferred
Kettering,2020-11-28,127,inferred
Kettering,2020-11-29,127,inferred
Kettering,2020-11-30,127,inferred
Kettering,2020-12-01,127,inferred
Kettering,2020-12-02, 83,inferred
Kettering,2020-12-03, 83,inferred
Kettering,2020-12-04, 83,inferred
Kettering,2020-12-05, 83,inferred
Kettering,2020-12-06, 83,inferred
Kettering,2020-12-07, 83,inferred
Kettering,2020-12-08, 83,inferred
Kettering,2020-12-09,156,inferred
Kettering,2020-12-10,156,inferred
Kettering,2020-12-11,156,inferred
Kettering,2020-12-12,156,inferred
Kettering,2020-12-13,156,inferred
Kettering,2020-12-14,156,inferred
Kettering,2020-12-15,156,inferred
Kettering,2020-12-16,235,inferred
Kettering,2020-12-17,235,inferred
Kettering,2020-12-18,235,inferred
Kettering,2020-12-19,235,inferred
Kettering,2020-12-20,235,inferred
Kettering,2020-12-21,235,inferred
Kettering,2020-12-22,235,inferred
Kettering,2020-12-23,312,inferred
Kettering,2020-12-24,312,inferred
Kettering,2020-12-25,312,inferred
Kettering,2020-12-26,312,inferred
Kettering,2020-12-27,312,inferred
Kettering,2020-12-28,312,inferred
Kettering,2020-12-29,312,inferred
Kettering,2020-12-30,489,inferred
Kettering,2020-12-31,489,inferred
Kettering,2021-01-01,489,inferred
Kettering,2021-01-02,489,inferred
Kettering,2021-01-03,489,inferred
Kettering,2021-01-04,489,inferred
Kettering,2021-01-05,489,inferred
Kettering,2021-01-06,602,projected
Kettering,2021-01-07,602,projected
Kettering,2021-01-08,602,projected
Kettering,2021-01-09,602,projected
Kettering,2021-01-10,602,projected
Kettering,2021-01-11,602,projected
Kettering,2021-01-12,602,projected
Kettering,2021-01-13,705,projected
Kettering,2021-01-14,705,projected
Kettering,2021-01-15,705,projected
Kettering,2021-01-16,705,projected
Kettering,2021-01-17,705,projected
Kettering,2021-01-18,705,projected
Kettering,2021-01-19,705,projected
Kettering,2021-01-20,855,projected
Kettering,2021-01-21,855,projected
Kettering,2021-01-22,855,projected
Kettering,2021-01-23,855,projected
Kettering,2021-01-24,855,projected
Kettering,2021-01-25,855,projected
Kettering,2021-01-26,855,projected
King's Lynn and West Norfolk,2020-09-23, 29,inferred
King's Lynn and West Norfolk,2020-09-24, 29,inferred
King's Lynn and West Norfolk,2020-09-25, 29,inferred
King's Lynn and West Norfolk,2020-09-26, 29,inferred
King's Lynn and West Norfolk,2020-09-27, 29,inferred
King's Lynn and West Norfolk,2020-09-28, 29,inferred
King's Lynn and West Norfolk,2020-09-29, 29,inferred
King's Lynn and West Norfolk,2020-09-30, 43,inferred
King's Lynn and West Norfolk,2020-10-01, 43,inferred
King's Lynn and West Norfolk,2020-10-02, 43,inferred
King's Lynn and West Norfolk,2020-10-03, 43,inferred
King's Lynn and West Norfolk,2020-10-04, 43,inferred
King's Lynn and West Norfolk,2020-10-05, 43,inferred
King's Lynn and West Norfolk,2020-10-06, 43,inferred
King's Lynn and West Norfolk,2020-10-07, 47,inferred
King's Lynn and West Norfolk,2020-10-08, 47,inferred
King's Lynn and West Norfolk,2020-10-09, 47,inferred
King's Lynn and West Norfolk,2020-10-10, 47,inferred
King's Lynn and West Norfolk,2020-10-11, 47,inferred
King's Lynn and West Norfolk,2020-10-12, 47,inferred
King's Lynn and West Norfolk,2020-10-13, 47,inferred
King's Lynn and West Norfolk,2020-10-14, 70,inferred
King's Lynn and West Norfolk,2020-10-15, 70,inferred
King's Lynn and West Norfolk,2020-10-16, 70,inferred
King's Lynn and West Norfolk,2020-10-17, 70,inferred
King's Lynn and West Norfolk,2020-10-18, 70,inferred
King's Lynn and West Norfolk,2020-10-19, 70,inferred
King's Lynn and West Norfolk,2020-10-20, 70,inferred
King's Lynn and West Norfolk,2020-10-21,105,inferred
King's Lynn and West Norfolk,2020-10-22,105,inferred
King's Lynn and West Norfolk,2020-10-23,105,inferred
King's Lynn and West Norfolk,2020-10-24,105,inferred
King's Lynn and West Norfolk,2020-10-25,105,inferred
King's Lynn and West Norfolk,2020-10-26,105,inferred
King's Lynn and West Norfolk,2020-10-27,105,inferred
King's Lynn and West Norfolk,2020-10-28,218,inferred
King's Lynn and West Norfolk,2020-10-29,218,inferred
King's Lynn and West Norfolk,2020-10-30,218,inferred
King's Lynn and West Norfolk,2020-10-31,218,inferred
King's Lynn and West Norfolk,2020-11-01,218,inferred
King's Lynn and West Norfolk,2020-11-02,218,inferred
King's Lynn and West Norfolk,2020-11-03,218,inferred
King's Lynn and West Norfolk,2020-11-04,180,inferred
King's Lynn and West Norfolk,2020-11-05,180,inferred
King's Lynn and West Norfolk,2020-11-06,180,inferred
King's Lynn and West Norfolk,2020-11-07,180,inferred
King's Lynn and West Norfolk,2020-11-08,180,inferred
King's Lynn and West Norfolk,2020-11-09,180,inferred
King's Lynn and West Norfolk,2020-11-10,180,inferred
King's Lynn and West Norfolk,2020-11-11,222,inferred
King's Lynn and West Norfolk,2020-11-12,222,inferred
King's Lynn and West Norfolk,2020-11-13,222,inferred
King's Lynn and West Norfolk,2020-11-14,222,inferred
King's Lynn and West Norfolk,2020-11-15,222,inferred
King's Lynn and West Norfolk,2020-11-16,222,inferred
King's Lynn and West Norfolk,2020-11-17,222,inferred
King's Lynn and West Norfolk,2020-11-18,141,inferred
King's Lynn and West Norfolk,2020-11-19,141,inferred
King's Lynn and West Norfolk,2020-11-20,141,inferred
King's Lynn and West Norfolk,2020-11-21,141,inferred
King's Lynn and West Norfolk,2020-11-22,141,inferred
King's Lynn and West Norfolk,2020-11-23,141,inferred
King's Lynn and West Norfolk,2020-11-24,141,inferred
King's Lynn and West Norfolk,2020-11-25,130,inferred
King's Lynn and West Norfolk,2020-11-26,130,inferred
King's Lynn and West Norfolk,2020-11-27,130,inferred
King's Lynn and West Norfolk,2020-11-28,130,inferred
King's Lynn and West Norfolk,2020-11-29,130,inferred
King's Lynn and West Norfolk,2020-11-30,130,inferred
King's Lynn and West Norfolk,2020-12-01,130,inferred
King's Lynn and West Norfolk,2020-12-02,170,inferred
King's Lynn and West Norfolk,2020-12-03,170,inferred
King's Lynn and West Norfolk,2020-12-04,170,inferred
King's Lynn and West Norfolk,2020-12-05,170,inferred
King's Lynn and West Norfolk,2020-12-06,170,inferred
King's Lynn and West Norfolk,2020-12-07,170,inferred
King's Lynn and West Norfolk,2020-12-08,170,inferred
King's Lynn and West Norfolk,2020-12-09,289,inferred
King's Lynn and West Norfolk,2020-12-10,289,inferred
King's Lynn and West Norfolk,2020-12-11,289,inferred
King's Lynn and West Norfolk,2020-12-12,289,inferred
King's Lynn and West Norfolk,2020-12-13,289,inferred
King's Lynn and West Norfolk,2020-12-14,289,inferred
King's Lynn and West Norfolk,2020-12-15,289,inferred
King's Lynn and West Norfolk,2020-12-16,431,inferred
King's Lynn and West Norfolk,2020-12-17,431,inferred
King's Lynn and West Norfolk,2020-12-18,431,inferred
King's Lynn and West Norfolk,2020-12-19,431,inferred
King's Lynn and West Norfolk,2020-12-20,431,inferred
King's Lynn and West Norfolk,2020-12-21,431,inferred
King's Lynn and West Norfolk,2020-12-22,431,inferred
King's Lynn and West Norfolk,2020-12-23,542,inferred
King's Lynn and West Norfolk,2020-12-24,542,inferred
King's Lynn and West Norfolk,2020-12-25,542,inferred
King's Lynn and West Norfolk,2020-12-26,542,inferred
King's Lynn and West Norfolk,2020-12-27,542,inferred
King's Lynn and West Norfolk,2020-12-28,542,inferred
King's Lynn and West Norfolk,2020-12-29,542,inferred
King's Lynn and West Norfolk,2020-12-30,718,inferred
King's Lynn and West Norfolk,2020-12-31,718,inferred
King's Lynn and West Norfolk,2021-01-01,718,inferred
King's Lynn and West Norfolk,2021-01-02,718,inferred
King's Lynn and West Norfolk,2021-01-03,718,inferred
King's Lynn and West Norfolk,2021-01-04,718,inferred
King's Lynn and West Norfolk,2021-01-05,718,inferred
King's Lynn and West Norfolk,2021-01-06,810,projected
King's Lynn and West Norfolk,2021-01-07,810,projected
King's Lynn and West Norfolk,2021-01-08,810,projected
King's Lynn and West Norfolk,2021-01-09,810,projected
King's Lynn and West Norfolk,2021-01-10,810,projected
King's Lynn and West Norfolk,2021-01-11,810,projected
King's Lynn and West Norfolk,2021-01-12,810,projected
King's Lynn and West Norfolk,2021-01-13,915,projected
King's Lynn and West Norfolk,2021-01-14,915,projected
King's Lynn and West Norfolk,2021-01-15,915,projected
King's Lynn and West Norfolk,2021-01-16,915,projected
King's Lynn and West Norfolk,2021-01-17,915,projected
King's Lynn and West Norfolk,2021-01-18,915,projected
King's Lynn and West Norfolk,2021-01-19,915,projected
King's Lynn and West Norfolk,2021-01-20,1132,projected
King's Lynn and West Norfolk,2021-01-21,1132,projected
King's Lynn and West Norfolk,2021-01-22,1132,projected
King's Lynn and West Norfolk,2021-01-23,1132,projected
King's Lynn and West Norfolk,2021-01-24,1132,projected
King's Lynn and West Norfolk,2021-01-25,1132,projected
King's Lynn and West Norfolk,2021-01-26,1132,projected
"Kingston upon Hull, City of",2020-09-23,109,inferred
"Kingston upon Hull, City of",2020-09-24,109,inferred
"Kingston upon Hull, City of",2020-09-25,109,inferred
"Kingston upon Hull, City of",2020-09-26,109,inferred
"Kingston upon Hull, City of",2020-09-27,109,inferred
"Kingston upon Hull, City of",2020-09-28,109,inferred
"Kingston upon Hull, City of",2020-09-29,109,inferred
"Kingston upon Hull, City of",2020-09-30,267,inferred
"Kingston upon Hull, City of",2020-10-01,267,inferred
"Kingston upon Hull, City of",2020-10-02,267,inferred
"Kingston upon Hull, City of",2020-10-03,267,inferred
"Kingston upon Hull, City of",2020-10-04,267,inferred
"Kingston upon Hull, City of",2020-10-05,267,inferred
"Kingston upon Hull, City of",2020-10-06,267,inferred
"Kingston upon Hull, City of",2020-10-07,303,inferred
"Kingston upon Hull, City of",2020-10-08,303,inferred
"Kingston upon Hull, City of",2020-10-09,303,inferred
"Kingston upon Hull, City of",2020-10-10,303,inferred
"Kingston upon Hull, City of",2020-10-11,303,inferred
"Kingston upon Hull, City of",2020-10-12,303,inferred
"Kingston upon Hull, City of",2020-10-13,303,inferred
"Kingston upon Hull, City of",2020-10-14,491,inferred
"Kingston upon Hull, City of",2020-10-15,491,inferred
"Kingston upon Hull, City of",2020-10-16,491,inferred
"Kingston upon Hull, City of",2020-10-17,491,inferred
"Kingston upon Hull, City of",2020-10-18,491,inferred
"Kingston upon Hull, City of",2020-10-19,491,inferred
"Kingston upon Hull, City of",2020-10-20,491,inferred
"Kingston upon Hull, City of",2020-10-21,893,inferred
"Kingston upon Hull, City of",2020-10-22,893,inferred
"Kingston upon Hull, City of",2020-10-23,893,inferred
"Kingston upon Hull, City of",2020-10-24,893,inferred
"Kingston upon Hull, City of",2020-10-25,893,inferred
"Kingston upon Hull, City of",2020-10-26,893,inferred
"Kingston upon Hull, City of",2020-10-27,893,inferred
"Kingston upon Hull, City of",2020-10-28,1580,inferred
"Kingston upon Hull, City of",2020-10-29,1580,inferred
"Kingston upon Hull, City of",2020-10-30,1580,inferred
"Kingston upon Hull, City of",2020-10-31,1580,inferred
"Kingston upon Hull, City of",2020-11-01,1580,inferred
"Kingston upon Hull, City of",2020-11-02,1580,inferred
"Kingston upon Hull, City of",2020-11-03,1580,inferred
"Kingston upon Hull, City of",2020-11-04,2019,inferred
"Kingston upon Hull, City of",2020-11-05,2019,inferred
"Kingston upon Hull, City of",2020-11-06,2019,inferred
"Kingston upon Hull, City of",2020-11-07,2019,inferred
"Kingston upon Hull, City of",2020-11-08,2019,inferred
"Kingston upon Hull, City of",2020-11-09,2019,inferred
"Kingston upon Hull, City of",2020-11-10,2019,inferred
"Kingston upon Hull, City of",2020-11-11,1696,inferred
"Kingston upon Hull, City of",2020-11-12,1696,inferred
"Kingston upon Hull, City of",2020-11-13,1696,inferred
"Kingston upon Hull, City of",2020-11-14,1696,inferred
"Kingston upon Hull, City of",2020-11-15,1696,inferred
"Kingston upon Hull, City of",2020-11-16,1696,inferred
"Kingston upon Hull, City of",2020-11-17,1696,inferred
"Kingston upon Hull, City of",2020-11-18,960,inferred
"Kingston upon Hull, City of",2020-11-19,960,inferred
"Kingston upon Hull, City of",2020-11-20,960,inferred
"Kingston upon Hull, City of",2020-11-21,960,inferred
"Kingston upon Hull, City of",2020-11-22,960,inferred
"Kingston upon Hull, City of",2020-11-23,960,inferred
"Kingston upon Hull, City of",2020-11-24,960,inferred
"Kingston upon Hull, City of",2020-11-25,566,inferred
"Kingston upon Hull, City of",2020-11-26,566,inferred
"Kingston upon Hull, City of",2020-11-27,566,inferred
"Kingston upon Hull, City of",2020-11-28,566,inferred
"Kingston upon Hull, City of",2020-11-29,566,inferred
"Kingston upon Hull, City of",2020-11-30,566,inferred
"Kingston upon Hull, City of",2020-12-01,566,inferred
"Kingston upon Hull, City of",2020-12-02,514,inferred
"Kingston upon Hull, City of",2020-12-03,514,inferred
"Kingston upon Hull, City of",2020-12-04,514,inferred
"Kingston upon Hull, City of",2020-12-05,514,inferred
"Kingston upon Hull, City of",2020-12-06,514,inferred
"Kingston upon Hull, City of",2020-12-07,514,inferred
"Kingston upon Hull, City of",2020-12-08,514,inferred
"Kingston upon Hull, City of",2020-12-09,554,inferred
"Kingston upon Hull, City of",2020-12-10,554,inferred
"Kingston upon Hull, City of",2020-12-11,554,inferred
"Kingston upon Hull, City of",2020-12-12,554,inferred
"Kingston upon Hull, City of",2020-12-13,554,inferred
"Kingston upon Hull, City of",2020-12-14,554,inferred
"Kingston upon Hull, City of",2020-12-15,554,inferred
"Kingston upon Hull, City of",2020-12-16,686,inferred
"Kingston upon Hull, City of",2020-12-17,686,inferred
"Kingston upon Hull, City of",2020-12-18,686,inferred
"Kingston upon Hull, City of",2020-12-19,686,inferred
"Kingston upon Hull, City of",2020-12-20,686,inferred
"Kingston upon Hull, City of",2020-12-21,686,inferred
"Kingston upon Hull, City of",2020-12-22,686,inferred
"Kingston upon Hull, City of",2020-12-23,683,inferred
"Kingston upon Hull, City of",2020-12-24,683,inferred
"Kingston upon Hull, City of",2020-12-25,683,inferred
"Kingston upon Hull, City of",2020-12-26,683,inferred
"Kingston upon Hull, City of",2020-12-27,683,inferred
"Kingston upon Hull, City of",2020-12-28,683,inferred
"Kingston upon Hull, City of",2020-12-29,683,inferred
"Kingston upon Hull, City of",2020-12-30,828,inferred
"Kingston upon Hull, City of",2020-12-31,828,inferred
"Kingston upon Hull, City of",2021-01-01,828,inferred
"Kingston upon Hull, City of",2021-01-02,828,inferred
"Kingston upon Hull, City of",2021-01-03,828,inferred
"Kingston upon Hull, City of",2021-01-04,828,inferred
"Kingston upon Hull, City of",2021-01-05,828,inferred
"Kingston upon Hull, City of",2021-01-06,842,projected
"Kingston upon Hull, City of",2021-01-07,842,projected
"Kingston upon Hull, City of",2021-01-08,842,projected
"Kingston upon Hull, City of",2021-01-09,842,projected
"Kingston upon Hull, City of",2021-01-10,842,projected
"Kingston upon Hull, City of",2021-01-11,842,projected
"Kingston upon Hull, City of",2021-01-12,842,projected
"Kingston upon Hull, City of",2021-01-13,837,projected
"Kingston upon Hull, City of",2021-01-14,837,projected
"Kingston upon Hull, City of",2021-01-15,837,projected
"Kingston upon Hull, City of",2021-01-16,837,projected
"Kingston upon Hull, City of",2021-01-17,837,projected
"Kingston upon Hull, City of",2021-01-18,837,projected
"Kingston upon Hull, City of",2021-01-19,837,projected
"Kingston upon Hull, City of",2021-01-20,849,projected
"Kingston upon Hull, City of",2021-01-21,849,projected
"Kingston upon Hull, City of",2021-01-22,849,projected
"Kingston upon Hull, City of",2021-01-23,849,projected
"Kingston upon Hull, City of",2021-01-24,849,projected
"Kingston upon Hull, City of",2021-01-25,849,projected
"Kingston upon Hull, City of",2021-01-26,849,projected
Kingston upon Thames,2020-09-23, 68,inferred
Kingston upon Thames,2020-09-24, 68,inferred
Kingston upon Thames,2020-09-25, 68,inferred
Kingston upon Thames,2020-09-26, 68,inferred
Kingston upon Thames,2020-09-27, 68,inferred
Kingston upon Thames,2020-09-28, 68,inferred
Kingston upon Thames,2020-09-29, 68,inferred
Kingston upon Thames,2020-09-30,126,inferred
Kingston upon Thames,2020-10-01,126,inferred
Kingston upon Thames,2020-10-02,126,inferred
Kingston upon Thames,2020-10-03,126,inferred
Kingston upon Thames,2020-10-04,126,inferred
Kingston upon Thames,2020-10-05,126,inferred
Kingston upon Thames,2020-10-06,126,inferred
Kingston upon Thames,2020-10-07,159,inferred
Kingston upon Thames,2020-10-08,159,inferred
Kingston upon Thames,2020-10-09,159,inferred
Kingston upon Thames,2020-10-10,159,inferred
Kingston upon Thames,2020-10-11,159,inferred
Kingston upon Thames,2020-10-12,159,inferred
Kingston upon Thames,2020-10-13,159,inferred
Kingston upon Thames,2020-10-14,315,inferred
Kingston upon Thames,2020-10-15,315,inferred
Kingston upon Thames,2020-10-16,315,inferred
Kingston upon Thames,2020-10-17,315,inferred
Kingston upon Thames,2020-10-18,315,inferred
Kingston upon Thames,2020-10-19,315,inferred
Kingston upon Thames,2020-10-20,315,inferred
Kingston upon Thames,2020-10-21,341,inferred
Kingston upon Thames,2020-10-22,341,inferred
Kingston upon Thames,2020-10-23,341,inferred
Kingston upon Thames,2020-10-24,341,inferred
Kingston upon Thames,2020-10-25,341,inferred
Kingston upon Thames,2020-10-26,341,inferred
Kingston upon Thames,2020-10-27,341,inferred
Kingston upon Thames,2020-10-28,241,inferred
Kingston upon Thames,2020-10-29,241,inferred
Kingston upon Thames,2020-10-30,241,inferred
Kingston upon Thames,2020-10-31,241,inferred
Kingston upon Thames,2020-11-01,241,inferred
Kingston upon Thames,2020-11-02,241,inferred
Kingston upon Thames,2020-11-03,241,inferred
Kingston upon Thames,2020-11-04,287,inferred
Kingston upon Thames,2020-11-05,287,inferred
Kingston upon Thames,2020-11-06,287,inferred
Kingston upon Thames,2020-11-07,287,inferred
Kingston upon Thames,2020-11-08,287,inferred
Kingston upon Thames,2020-11-09,287,inferred
Kingston upon Thames,2020-11-10,287,inferred
Kingston upon Thames,2020-11-11,343,inferred
Kingston upon Thames,2020-11-12,343,inferred
Kingston upon Thames,2020-11-13,343,inferred
Kingston upon Thames,2020-11-14,343,inferred
Kingston upon Thames,2020-11-15,343,inferred
Kingston upon Thames,2020-11-16,343,inferred
Kingston upon Thames,2020-11-17,343,inferred
Kingston upon Thames,2020-11-18,254,inferred
Kingston upon Thames,2020-11-19,254,inferred
Kingston upon Thames,2020-11-20,254,inferred
Kingston upon Thames,2020-11-21,254,inferred
Kingston upon Thames,2020-11-22,254,inferred
Kingston upon Thames,2020-11-23,254,inferred
Kingston upon Thames,2020-11-24,254,inferred
Kingston upon Thames,2020-11-25,358,inferred
Kingston upon Thames,2020-11-26,358,inferred
Kingston upon Thames,2020-11-27,358,inferred
Kingston upon Thames,2020-11-28,358,inferred
Kingston upon Thames,2020-11-29,358,inferred
Kingston upon Thames,2020-11-30,358,inferred
Kingston upon Thames,2020-12-01,358,inferred
Kingston upon Thames,2020-12-02,458,inferred
Kingston upon Thames,2020-12-03,458,inferred
Kingston upon Thames,2020-12-04,458,inferred
Kingston upon Thames,2020-12-05,458,inferred
Kingston upon Thames,2020-12-06,458,inferred
Kingston upon Thames,2020-12-07,458,inferred
Kingston upon Thames,2020-12-08,458,inferred
Kingston upon Thames,2020-12-09,797,inferred
Kingston upon Thames,2020-12-10,797,inferred
Kingston upon Thames,2020-12-11,797,inferred
Kingston upon Thames,2020-12-12,797,inferred
Kingston upon Thames,2020-12-13,797,inferred
Kingston upon Thames,2020-12-14,797,inferred
Kingston upon Thames,2020-12-15,797,inferred
Kingston upon Thames,2020-12-16,1116,inferred
Kingston upon Thames,2020-12-17,1116,inferred
Kingston upon Thames,2020-12-18,1116,inferred
Kingston upon Thames,2020-12-19,1116,inferred
Kingston upon Thames,2020-12-20,1116,inferred
Kingston upon Thames,2020-12-21,1116,inferred
Kingston upon Thames,2020-12-22,1116,inferred
Kingston upon Thames,2020-12-23,1288,inferred
Kingston upon Thames,2020-12-24,1288,inferred
Kingston upon Thames,2020-12-25,1288,inferred
Kingston upon Thames,2020-12-26,1288,inferred
Kingston upon Thames,2020-12-27,1288,inferred
Kingston upon Thames,2020-12-28,1288,inferred
Kingston upon Thames,2020-12-29,1288,inferred
Kingston upon Thames,2020-12-30,1408,inferred
Kingston upon Thames,2020-12-31,1408,inferred
Kingston upon Thames,2021-01-01,1408,inferred
Kingston upon Thames,2021-01-02,1408,inferred
Kingston upon Thames,2021-01-03,1408,inferred
Kingston upon Thames,2021-01-04,1408,inferred
Kingston upon Thames,2021-01-05,1408,inferred
Kingston upon Thames,2021-01-06,966,projected
Kingston upon Thames,2021-01-07,966,projected
Kingston upon Thames,2021-01-08,966,projected
Kingston upon Thames,2021-01-09,966,projected
Kingston upon Thames,2021-01-10,966,projected
Kingston upon Thames,2021-01-11,966,projected
Kingston upon Thames,2021-01-12,966,projected
Kingston upon Thames,2021-01-13,681,projected
Kingston upon Thames,2021-01-14,681,projected
Kingston upon Thames,2021-01-15,681,projected
Kingston upon Thames,2021-01-16,681,projected
Kingston upon Thames,2021-01-17,681,projected
Kingston upon Thames,2021-01-18,681,projected
Kingston upon Thames,2021-01-19,681,projected
Kingston upon Thames,2021-01-20,535,projected
Kingston upon Thames,2021-01-21,535,projected
Kingston upon Thames,2021-01-22,535,projected
Kingston upon Thames,2021-01-23,535,projected
Kingston upon Thames,2021-01-24,535,projected
Kingston upon Thames,2021-01-25,535,projected
Kingston upon Thames,2021-01-26,535,projected
Kirklees,2020-09-23,546,inferred
Kirklees,2020-09-24,546,inferred
Kirklees,2020-09-25,546,inferred
Kirklees,2020-09-26,546,inferred
Kirklees,2020-09-27,546,inferred
Kirklees,2020-09-28,546,inferred
Kirklees,2020-09-29,546,inferred
Kirklees,2020-09-30,893,inferred
Kirklees,2020-10-01,893,inferred
Kirklees,2020-10-02,893,inferred
Kirklees,2020-10-03,893,inferred
Kirklees,2020-10-04,893,inferred
Kirklees,2020-10-05,893,inferred
Kirklees,2020-10-06,893,inferred
Kirklees,2020-10-07,1100,inferred
Kirklees,2020-10-08,1100,inferred
Kirklees,2020-10-09,1100,inferred
Kirklees,2020-10-10,1100,inferred
Kirklees,2020-10-11,1100,inferred
Kirklees,2020-10-12,1100,inferred
Kirklees,2020-10-13,1100,inferred
Kirklees,2020-10-14,1523,inferred
Kirklees,2020-10-15,1523,inferred
Kirklees,2020-10-16,1523,inferred
Kirklees,2020-10-17,1523,inferred
Kirklees,2020-10-18,1523,inferred
Kirklees,2020-10-19,1523,inferred
Kirklees,2020-10-20,1523,inferred
Kirklees,2020-10-21,1852,inferred
Kirklees,2020-10-22,1852,inferred
Kirklees,2020-10-23,1852,inferred
Kirklees,2020-10-24,1852,inferred
Kirklees,2020-10-25,1852,inferred
Kirklees,2020-10-26,1852,inferred
Kirklees,2020-10-27,1852,inferred
Kirklees,2020-10-28,2454,inferred
Kirklees,2020-10-29,2454,inferred
Kirklees,2020-10-30,2454,inferred
Kirklees,2020-10-31,2454,inferred
Kirklees,2020-11-01,2454,inferred
Kirklees,2020-11-02,2454,inferred
Kirklees,2020-11-03,2454,inferred
Kirklees,2020-11-04,2483,inferred
Kirklees,2020-11-05,2483,inferred
Kirklees,2020-11-06,2483,inferred
Kirklees,2020-11-07,2483,inferred
Kirklees,2020-11-08,2483,inferred
Kirklees,2020-11-09,2483,inferred
Kirklees,2020-11-10,2483,inferred
Kirklees,2020-11-11,2252,inferred
Kirklees,2020-11-12,2252,inferred
Kirklees,2020-11-13,2252,inferred
Kirklees,2020-11-14,2252,inferred
Kirklees,2020-11-15,2252,inferred
Kirklees,2020-11-16,2252,inferred
Kirklees,2020-11-17,2252,inferred
Kirklees,2020-11-18,1374,inferred
Kirklees,2020-11-19,1374,inferred
Kirklees,2020-11-20,1374,inferred
Kirklees,2020-11-21,1374,inferred
Kirklees,2020-11-22,1374,inferred
Kirklees,2020-11-23,1374,inferred
Kirklees,2020-11-24,1374,inferred
Kirklees,2020-11-25,971,inferred
Kirklees,2020-11-26,971,inferred
Kirklees,2020-11-27,971,inferred
Kirklees,2020-11-28,971,inferred
Kirklees,2020-11-29,971,inferred
Kirklees,2020-11-30,971,inferred
Kirklees,2020-12-01,971,inferred
Kirklees,2020-12-02,722,inferred
Kirklees,2020-12-03,722,inferred
Kirklees,2020-12-04,722,inferred
Kirklees,2020-12-05,722,inferred
Kirklees,2020-12-06,722,inferred
Kirklees,2020-12-07,722,inferred
Kirklees,2020-12-08,722,inferred
Kirklees,2020-12-09,732,inferred
Kirklees,2020-12-10,732,inferred
Kirklees,2020-12-11,732,inferred
Kirklees,2020-12-12,732,inferred
Kirklees,2020-12-13,732,inferred
Kirklees,2020-12-14,732,inferred
Kirklees,2020-12-15,732,inferred
Kirklees,2020-12-16,763,inferred
Kirklees,2020-12-17,763,inferred
Kirklees,2020-12-18,763,inferred
Kirklees,2020-12-19,763,inferred
Kirklees,2020-12-20,763,inferred
Kirklees,2020-12-21,763,inferred
Kirklees,2020-12-22,763,inferred
Kirklees,2020-12-23,815,inferred
Kirklees,2020-12-24,815,inferred
Kirklees,2020-12-25,815,inferred
Kirklees,2020-12-26,815,inferred
Kirklees,2020-12-27,815,inferred
Kirklees,2020-12-28,815,inferred
Kirklees,2020-12-29,815,inferred
Kirklees,2020-12-30,1380,inferred
Kirklees,2020-12-31,1380,inferred
Kirklees,2021-01-01,1380,inferred
Kirklees,2021-01-02,1380,inferred
Kirklees,2021-01-03,1380,inferred
Kirklees,2021-01-04,1380,inferred
Kirklees,2021-01-05,1380,inferred
Kirklees,2021-01-06,1525,projected
Kirklees,2021-01-07,1525,projected
Kirklees,2021-01-08,1525,projected
Kirklees,2021-01-09,1525,projected
Kirklees,2021-01-10,1525,projected
Kirklees,2021-01-11,1525,projected
Kirklees,2021-01-12,1525,projected
Kirklees,2021-01-13,1604,projected
Kirklees,2021-01-14,1604,projected
Kirklees,2021-01-15,1604,projected
Kirklees,2021-01-16,1604,projected
Kirklees,2021-01-17,1604,projected
Kirklees,2021-01-18,1604,projected
Kirklees,2021-01-19,1604,projected
Kirklees,2021-01-20,1781,projected
Kirklees,2021-01-21,1781,projected
Kirklees,2021-01-22,1781,projected
Kirklees,2021-01-23,1781,projected
Kirklees,2021-01-24,1781,projected
Kirklees,2021-01-25,1781,projected
Kirklees,2021-01-26,1781,projected
Knowsley,2020-09-23,593,inferred
Knowsley,2020-09-24,593,inferred
Knowsley,2020-09-25,593,inferred
Knowsley,2020-09-26,593,inferred
Knowsley,2020-09-27,593,inferred
Knowsley,2020-09-28,593,inferred
Knowsley,2020-09-29,593,inferred
Knowsley,2020-09-30,1020,inferred
Knowsley,2020-10-01,1020,inferred
Knowsley,2020-10-02,1020,inferred
Knowsley,2020-10-03,1020,inferred
Knowsley,2020-10-04,1020,inferred
Knowsley,2020-10-05,1020,inferred
Knowsley,2020-10-06,1020,inferred
Knowsley,2020-10-07,1051,inferred
Knowsley,2020-10-08,1051,inferred
Knowsley,2020-10-09,1051,inferred
Knowsley,2020-10-10,1051,inferred
Knowsley,2020-10-11,1051,inferred
Knowsley,2020-10-12,1051,inferred
Knowsley,2020-10-13,1051,inferred
Knowsley,2020-10-14,987,inferred
Knowsley,2020-10-15,987,inferred
Knowsley,2020-10-16,987,inferred
Knowsley,2020-10-17,987,inferred
Knowsley,2020-10-18,987,inferred
Knowsley,2020-10-19,987,inferred
Knowsley,2020-10-20,987,inferred
Knowsley,2020-10-21,716,inferred
Knowsley,2020-10-22,716,inferred
Knowsley,2020-10-23,716,inferred
Knowsley,2020-10-24,716,inferred
Knowsley,2020-10-25,716,inferred
Knowsley,2020-10-26,716,inferred
Knowsley,2020-10-27,716,inferred
Knowsley,2020-10-28,557,inferred
Knowsley,2020-10-29,557,inferred
Knowsley,2020-10-30,557,inferred
Knowsley,2020-10-31,557,inferred
Knowsley,2020-11-01,557,inferred
Knowsley,2020-11-02,557,inferred
Knowsley,2020-11-03,557,inferred
Knowsley,2020-11-04,484,inferred
Knowsley,2020-11-05,484,inferred
Knowsley,2020-11-06,484,inferred
Knowsley,2020-11-07,484,inferred
Knowsley,2020-11-08,484,inferred
Knowsley,2020-11-09,484,inferred
Knowsley,2020-11-10,484,inferred
Knowsley,2020-11-11,332,inferred
Knowsley,2020-11-12,332,inferred
Knowsley,2020-11-13,332,inferred
Knowsley,2020-11-14,332,inferred
Knowsley,2020-11-15,332,inferred
Knowsley,2020-11-16,332,inferred
Knowsley,2020-11-17,332,inferred
Knowsley,2020-11-18,213,inferred
Knowsley,2020-11-19,213,inferred
Knowsley,2020-11-20,213,inferred
Knowsley,2020-11-21,213,inferred
Knowsley,2020-11-22,213,inferred
Knowsley,2020-11-23,213,inferred
Knowsley,2020-11-24,213,inferred
Knowsley,2020-11-25,147,inferred
Knowsley,2020-11-26,147,inferred
Knowsley,2020-11-27,147,inferred
Knowsley,2020-11-28,147,inferred
Knowsley,2020-11-29,147,inferred
Knowsley,2020-11-30,147,inferred
Knowsley,2020-12-01,147,inferred
Knowsley,2020-12-02,148,inferred
Knowsley,2020-12-03,148,inferred
Knowsley,2020-12-04,148,inferred
Knowsley,2020-12-05,148,inferred
Knowsley,2020-12-06,148,inferred
Knowsley,2020-12-07,148,inferred
Knowsley,2020-12-08,148,inferred
Knowsley,2020-12-09,176,inferred
Knowsley,2020-12-10,176,inferred
Knowsley,2020-12-11,176,inferred
Knowsley,2020-12-12,176,inferred
Knowsley,2020-12-13,176,inferred
Knowsley,2020-12-14,176,inferred
Knowsley,2020-12-15,176,inferred
Knowsley,2020-12-16,268,inferred
Knowsley,2020-12-17,268,inferred
Knowsley,2020-12-18,268,inferred
Knowsley,2020-12-19,268,inferred
Knowsley,2020-12-20,268,inferred
Knowsley,2020-12-21,268,inferred
Knowsley,2020-12-22,268,inferred
Knowsley,2020-12-23,518,inferred
Knowsley,2020-12-24,518,inferred
Knowsley,2020-12-25,518,inferred
Knowsley,2020-12-26,518,inferred
Knowsley,2020-12-27,518,inferred
Knowsley,2020-12-28,518,inferred
Knowsley,2020-12-29,518,inferred
Knowsley,2020-12-30,1835,inferred
Knowsley,2020-12-31,1835,inferred
Knowsley,2021-01-01,1835,inferred
Knowsley,2021-01-02,1835,inferred
Knowsley,2021-01-03,1835,inferred
Knowsley,2021-01-04,1835,inferred
Knowsley,2021-01-05,1835,inferred
Knowsley,2021-01-06,3009,projected
Knowsley,2021-01-07,3009,projected
Knowsley,2021-01-08,3009,projected
Knowsley,2021-01-09,3009,projected
Knowsley,2021-01-10,3009,projected
Knowsley,2021-01-11,3009,projected
Knowsley,2021-01-12,3009,projected
Knowsley,2021-01-13,4715,projected
Knowsley,2021-01-14,4715,projected
Knowsley,2021-01-15,4715,projected
Knowsley,2021-01-16,4715,projected
Knowsley,2021-01-17,4715,projected
Knowsley,2021-01-18,4715,projected
Knowsley,2021-01-19,4715,projected
Knowsley,2021-01-20,7011,projected
Knowsley,2021-01-21,7011,projected
Knowsley,2021-01-22,7011,projected
Knowsley,2021-01-23,7011,projected
Knowsley,2021-01-24,7011,projected
Knowsley,2021-01-25,7011,projected
Knowsley,2021-01-26,7011,projected
Lambeth,2020-09-23,135,inferred
Lambeth,2020-09-24,135,inferred
Lambeth,2020-09-25,135,inferred
Lambeth,2020-09-26,135,inferred
Lambeth,2020-09-27,135,inferred
Lambeth,2020-09-28,135,inferred
Lambeth,2020-09-29,135,inferred
Lambeth,2020-09-30,256,inferred
Lambeth,2020-10-01,256,inferred
Lambeth,2020-10-02,256,inferred
Lambeth,2020-10-03,256,inferred
Lambeth,2020-10-04,256,inferred
Lambeth,2020-10-05,256,inferred
Lambeth,2020-10-06,256,inferred
Lambeth,2020-10-07,298,inferred
Lambeth,2020-10-08,298,inferred
Lambeth,2020-10-09,298,inferred
Lambeth,2020-10-10,298,inferred
Lambeth,2020-10-11,298,inferred
Lambeth,2020-10-12,298,inferred
Lambeth,2020-10-13,298,inferred
Lambeth,2020-10-14,460,inferred
Lambeth,2020-10-15,460,inferred
Lambeth,2020-10-16,460,inferred
Lambeth,2020-10-17,460,inferred
Lambeth,2020-10-18,460,inferred
Lambeth,2020-10-19,460,inferred
Lambeth,2020-10-20,460,inferred
Lambeth,2020-10-21,510,inferred
Lambeth,2020-10-22,510,inferred
Lambeth,2020-10-23,510,inferred
Lambeth,2020-10-24,510,inferred
Lambeth,2020-10-25,510,inferred
Lambeth,2020-10-26,510,inferred
Lambeth,2020-10-27,510,inferred
Lambeth,2020-10-28,460,inferred
Lambeth,2020-10-29,460,inferred
Lambeth,2020-10-30,460,inferred
Lambeth,2020-10-31,460,inferred
Lambeth,2020-11-01,460,inferred
Lambeth,2020-11-02,460,inferred
Lambeth,2020-11-03,460,inferred
Lambeth,2020-11-04,486,inferred
Lambeth,2020-11-05,486,inferred
Lambeth,2020-11-06,486,inferred
Lambeth,2020-11-07,486,inferred
Lambeth,2020-11-08,486,inferred
Lambeth,2020-11-09,486,inferred
Lambeth,2020-11-10,486,inferred
Lambeth,2020-11-11,500,inferred
Lambeth,2020-11-12,500,inferred
Lambeth,2020-11-13,500,inferred
Lambeth,2020-11-14,500,inferred
Lambeth,2020-11-15,500,inferred
Lambeth,2020-11-16,500,inferred
Lambeth,2020-11-17,500,inferred
Lambeth,2020-11-18,393,inferred
Lambeth,2020-11-19,393,inferred
Lambeth,2020-11-20,393,inferred
Lambeth,2020-11-21,393,inferred
Lambeth,2020-11-22,393,inferred
Lambeth,2020-11-23,393,inferred
Lambeth,2020-11-24,393,inferred
Lambeth,2020-11-25,376,inferred
Lambeth,2020-11-26,376,inferred
Lambeth,2020-11-27,376,inferred
Lambeth,2020-11-28,376,inferred
Lambeth,2020-11-29,376,inferred
Lambeth,2020-11-30,376,inferred
Lambeth,2020-12-01,376,inferred
Lambeth,2020-12-02,505,inferred
Lambeth,2020-12-03,505,inferred
Lambeth,2020-12-04,505,inferred
Lambeth,2020-12-05,505,inferred
Lambeth,2020-12-06,505,inferred
Lambeth,2020-12-07,505,inferred
Lambeth,2020-12-08,505,inferred
Lambeth,2020-12-09,1333,inferred
Lambeth,2020-12-10,1333,inferred
Lambeth,2020-12-11,1333,inferred
Lambeth,2020-12-12,1333,inferred
Lambeth,2020-12-13,1333,inferred
Lambeth,2020-12-14,1333,inferred
Lambeth,2020-12-15,1333,inferred
Lambeth,2020-12-16,2597,inferred
Lambeth,2020-12-17,2597,inferred
Lambeth,2020-12-18,2597,inferred
Lambeth,2020-12-19,2597,inferred
Lambeth,2020-12-20,2597,inferred
Lambeth,2020-12-21,2597,inferred
Lambeth,2020-12-22,2597,inferred
Lambeth,2020-12-23,2540,inferred
Lambeth,2020-12-24,2540,inferred
Lambeth,2020-12-25,2540,inferred
Lambeth,2020-12-26,2540,inferred
Lambeth,2020-12-27,2540,inferred
Lambeth,2020-12-28,2540,inferred
Lambeth,2020-12-29,2540,inferred
Lambeth,2020-12-30,3019,inferred
Lambeth,2020-12-31,3019,inferred
Lambeth,2021-01-01,3019,inferred
Lambeth,2021-01-02,3019,inferred
Lambeth,2021-01-03,3019,inferred
Lambeth,2021-01-04,3019,inferred
Lambeth,2021-01-05,3019,inferred
Lambeth,2021-01-06,2398,projected
Lambeth,2021-01-07,2398,projected
Lambeth,2021-01-08,2398,projected
Lambeth,2021-01-09,2398,projected
Lambeth,2021-01-10,2398,projected
Lambeth,2021-01-11,2398,projected
Lambeth,2021-01-12,2398,projected
Lambeth,2021-01-13,1884,projected
Lambeth,2021-01-14,1884,projected
Lambeth,2021-01-15,1884,projected
Lambeth,2021-01-16,1884,projected
Lambeth,2021-01-17,1884,projected
Lambeth,2021-01-18,1884,projected
Lambeth,2021-01-19,1884,projected
Lambeth,2021-01-20,1535,projected
Lambeth,2021-01-21,1535,projected
Lambeth,2021-01-22,1535,projected
Lambeth,2021-01-23,1535,projected
Lambeth,2021-01-24,1535,projected
Lambeth,2021-01-25,1535,projected
Lambeth,2021-01-26,1535,projected
Lanarkshire,2020-09-23,511,inferred
Lanarkshire,2020-09-24,511,inferred
Lanarkshire,2020-09-25,511,inferred
Lanarkshire,2020-09-26,511,inferred
Lanarkshire,2020-09-27,511,inferred
Lanarkshire,2020-09-28,511,inferred
Lanarkshire,2020-09-29,511,inferred
Lanarkshire,2020-09-30,885,inferred
Lanarkshire,2020-10-01,885,inferred
Lanarkshire,2020-10-02,885,inferred
Lanarkshire,2020-10-03,885,inferred
Lanarkshire,2020-10-04,885,inferred
Lanarkshire,2020-10-05,885,inferred
Lanarkshire,2020-10-06,885,inferred
Lanarkshire,2020-10-07,1741,inferred
Lanarkshire,2020-10-08,1741,inferred
Lanarkshire,2020-10-09,1741,inferred
Lanarkshire,2020-10-10,1741,inferred
Lanarkshire,2020-10-11,1741,inferred
Lanarkshire,2020-10-12,1741,inferred
Lanarkshire,2020-10-13,1741,inferred
Lanarkshire,2020-10-14,2141,inferred
Lanarkshire,2020-10-15,2141,inferred
Lanarkshire,2020-10-16,2141,inferred
Lanarkshire,2020-10-17,2141,inferred
Lanarkshire,2020-10-18,2141,inferred
Lanarkshire,2020-10-19,2141,inferred
Lanarkshire,2020-10-20,2141,inferred
Lanarkshire,2020-10-21,2673,inferred
Lanarkshire,2020-10-22,2673,inferred
Lanarkshire,2020-10-23,2673,inferred
Lanarkshire,2020-10-24,2673,inferred
Lanarkshire,2020-10-25,2673,inferred
Lanarkshire,2020-10-26,2673,inferred
Lanarkshire,2020-10-27,2673,inferred
Lanarkshire,2020-10-28,1861,inferred
Lanarkshire,2020-10-29,1861,inferred
Lanarkshire,2020-10-30,1861,inferred
Lanarkshire,2020-10-31,1861,inferred
Lanarkshire,2020-11-01,1861,inferred
Lanarkshire,2020-11-02,1861,inferred
Lanarkshire,2020-11-03,1861,inferred
Lanarkshire,2020-11-04,1767,inferred
Lanarkshire,2020-11-05,1767,inferred
Lanarkshire,2020-11-06,1767,inferred
Lanarkshire,2020-11-07,1767,inferred
Lanarkshire,2020-11-08,1767,inferred
Lanarkshire,2020-11-09,1767,inferred
Lanarkshire,2020-11-10,1767,inferred
Lanarkshire,2020-11-11,1632,inferred
Lanarkshire,2020-11-12,1632,inferred
Lanarkshire,2020-11-13,1632,inferred
Lanarkshire,2020-11-14,1632,inferred
Lanarkshire,2020-11-15,1632,inferred
Lanarkshire,2020-11-16,1632,inferred
Lanarkshire,2020-11-17,1632,inferred
Lanarkshire,2020-11-18,1460,inferred
Lanarkshire,2020-11-19,1460,inferred
Lanarkshire,2020-11-20,1460,inferred
Lanarkshire,2020-11-21,1460,inferred
Lanarkshire,2020-11-22,1460,inferred
Lanarkshire,2020-11-23,1460,inferred
Lanarkshire,2020-11-24,1460,inferred
Lanarkshire,2020-11-25,1167,inferred
Lanarkshire,2020-11-26,1167,inferred
Lanarkshire,2020-11-27,1167,inferred
Lanarkshire,2020-11-28,1167,inferred
Lanarkshire,2020-11-29,1167,inferred
Lanarkshire,2020-11-30,1167,inferred
Lanarkshire,2020-12-01,1167,inferred
Lanarkshire,2020-12-02,911,inferred
Lanarkshire,2020-12-03,911,inferred
Lanarkshire,2020-12-04,911,inferred
Lanarkshire,2020-12-05,911,inferred
Lanarkshire,2020-12-06,911,inferred
Lanarkshire,2020-12-07,911,inferred
Lanarkshire,2020-12-08,911,inferred
Lanarkshire,2020-12-09,917,inferred
Lanarkshire,2020-12-10,917,inferred
Lanarkshire,2020-12-11,917,inferred
Lanarkshire,2020-12-12,917,inferred
Lanarkshire,2020-12-13,917,inferred
Lanarkshire,2020-12-14,917,inferred
Lanarkshire,2020-12-15,917,inferred
Lanarkshire,2020-12-16,874,inferred
Lanarkshire,2020-12-17,874,inferred
Lanarkshire,2020-12-18,874,inferred
Lanarkshire,2020-12-19,874,inferred
Lanarkshire,2020-12-20,874,inferred
Lanarkshire,2020-12-21,874,inferred
Lanarkshire,2020-12-22,874,inferred
Lanarkshire,2020-12-23,1353,inferred
Lanarkshire,2020-12-24,1353,inferred
Lanarkshire,2020-12-25,1353,inferred
Lanarkshire,2020-12-26,1353,inferred
Lanarkshire,2020-12-27,1353,inferred
Lanarkshire,2020-12-28,1353,inferred
Lanarkshire,2020-12-29,1353,inferred
Lanarkshire,2020-12-30,2398,inferred
Lanarkshire,2020-12-31,2398,inferred
Lanarkshire,2021-01-01,2398,inferred
Lanarkshire,2021-01-02,2398,inferred
Lanarkshire,2021-01-03,2398,inferred
Lanarkshire,2021-01-04,2398,inferred
Lanarkshire,2021-01-05,2398,inferred
Lanarkshire,2021-01-06,3772,projected
Lanarkshire,2021-01-07,3772,projected
Lanarkshire,2021-01-08,3772,projected
Lanarkshire,2021-01-09,3772,projected
Lanarkshire,2021-01-10,3772,projected
Lanarkshire,2021-01-11,3772,projected
Lanarkshire,2021-01-12,3772,projected
Lanarkshire,2021-01-13,5787,projected
Lanarkshire,2021-01-14,5787,projected
Lanarkshire,2021-01-15,5787,projected
Lanarkshire,2021-01-16,5787,projected
Lanarkshire,2021-01-17,5787,projected
Lanarkshire,2021-01-18,5787,projected
Lanarkshire,2021-01-19,5787,projected
Lanarkshire,2021-01-20,8143,projected
Lanarkshire,2021-01-21,8143,projected
Lanarkshire,2021-01-22,8143,projected
Lanarkshire,2021-01-23,8143,projected
Lanarkshire,2021-01-24,8143,projected
Lanarkshire,2021-01-25,8143,projected
Lanarkshire,2021-01-26,8143,projected
Lancaster,2020-09-23,126,inferred
Lancaster,2020-09-24,126,inferred
Lancaster,2020-09-25,126,inferred
Lancaster,2020-09-26,126,inferred
Lancaster,2020-09-27,126,inferred
Lancaster,2020-09-28,126,inferred
Lancaster,2020-09-29,126,inferred
Lancaster,2020-09-30,359,inferred
Lancaster,2020-10-01,359,inferred
Lancaster,2020-10-02,359,inferred
Lancaster,2020-10-03,359,inferred
Lancaster,2020-10-04,359,inferred
Lancaster,2020-10-05,359,inferred
Lancaster,2020-10-06,359,inferred
Lancaster,2020-10-07,537,inferred
Lancaster,2020-10-08,537,inferred
Lancaster,2020-10-09,537,inferred
Lancaster,2020-10-10,537,inferred
Lancaster,2020-10-11,537,inferred
Lancaster,2020-10-12,537,inferred
Lancaster,2020-10-13,537,inferred
Lancaster,2020-10-14,634,inferred
Lancaster,2020-10-15,634,inferred
Lancaster,2020-10-16,634,inferred
Lancaster,2020-10-17,634,inferred
Lancaster,2020-10-18,634,inferred
Lancaster,2020-10-19,634,inferred
Lancaster,2020-10-20,634,inferred
Lancaster,2020-10-21,462,inferred
Lancaster,2020-10-22,462,inferred
Lancaster,2020-10-23,462,inferred
Lancaster,2020-10-24,462,inferred
Lancaster,2020-10-25,462,inferred
Lancaster,2020-10-26,462,inferred
Lancaster,2020-10-27,462,inferred
Lancaster,2020-10-28,340,inferred
Lancaster,2020-10-29,340,inferred
Lancaster,2020-10-30,340,inferred
Lancaster,2020-10-31,340,inferred
Lancaster,2020-11-01,340,inferred
Lancaster,2020-11-02,340,inferred
Lancaster,2020-11-03,340,inferred
Lancaster,2020-11-04,211,inferred
Lancaster,2020-11-05,211,inferred
Lancaster,2020-11-06,211,inferred
Lancaster,2020-11-07,211,inferred
Lancaster,2020-11-08,211,inferred
Lancaster,2020-11-09,211,inferred
Lancaster,2020-11-10,211,inferred
Lancaster,2020-11-11,204,inferred
Lancaster,2020-11-12,204,inferred
Lancaster,2020-11-13,204,inferred
Lancaster,2020-11-14,204,inferred
Lancaster,2020-11-15,204,inferred
Lancaster,2020-11-16,204,inferred
Lancaster,2020-11-17,204,inferred
Lancaster,2020-11-18,160,inferred
Lancaster,2020-11-19,160,inferred
Lancaster,2020-11-20,160,inferred
Lancaster,2020-11-21,160,inferred
Lancaster,2020-11-22,160,inferred
Lancaster,2020-11-23,160,inferred
Lancaster,2020-11-24,160,inferred
Lancaster,2020-11-25,179,inferred
Lancaster,2020-11-26,179,inferred
Lancaster,2020-11-27,179,inferred
Lancaster,2020-11-28,179,inferred
Lancaster,2020-11-29,179,inferred
Lancaster,2020-11-30,179,inferred
Lancaster,2020-12-01,179,inferred
Lancaster,2020-12-02,124,inferred
Lancaster,2020-12-03,124,inferred
Lancaster,2020-12-04,124,inferred
Lancaster,2020-12-05,124,inferred
Lancaster,2020-12-06,124,inferred
Lancaster,2020-12-07,124,inferred
Lancaster,2020-12-08,124,inferred
Lancaster,2020-12-09,263,inferred
Lancaster,2020-12-10,263,inferred
Lancaster,2020-12-11,263,inferred
Lancaster,2020-12-12,263,inferred
Lancaster,2020-12-13,263,inferred
Lancaster,2020-12-14,263,inferred
Lancaster,2020-12-15,263,inferred
Lancaster,2020-12-16,300,inferred
Lancaster,2020-12-17,300,inferred
Lancaster,2020-12-18,300,inferred
Lancaster,2020-12-19,300,inferred
Lancaster,2020-12-20,300,inferred
Lancaster,2020-12-21,300,inferred
Lancaster,2020-12-22,300,inferred
Lancaster,2020-12-23,414,inferred
Lancaster,2020-12-24,414,inferred
Lancaster,2020-12-25,414,inferred
Lancaster,2020-12-26,414,inferred
Lancaster,2020-12-27,414,inferred
Lancaster,2020-12-28,414,inferred
Lancaster,2020-12-29,414,inferred
Lancaster,2020-12-30,649,inferred
Lancaster,2020-12-31,649,inferred
Lancaster,2021-01-01,649,inferred
Lancaster,2021-01-02,649,inferred
Lancaster,2021-01-03,649,inferred
Lancaster,2021-01-04,649,inferred
Lancaster,2021-01-05,649,inferred
Lancaster,2021-01-06,852,projected
Lancaster,2021-01-07,852,projected
Lancaster,2021-01-08,852,projected
Lancaster,2021-01-09,852,projected
Lancaster,2021-01-10,852,projected
Lancaster,2021-01-11,852,projected
Lancaster,2021-01-12,852,projected
Lancaster,2021-01-13,1136,projected
Lancaster,2021-01-14,1136,projected
Lancaster,2021-01-15,1136,projected
Lancaster,2021-01-16,1136,projected
Lancaster,2021-01-17,1136,projected
Lancaster,2021-01-18,1136,projected
Lancaster,2021-01-19,1136,projected
Lancaster,2021-01-20,1458,projected
Lancaster,2021-01-21,1458,projected
Lancaster,2021-01-22,1458,projected
Lancaster,2021-01-23,1458,projected
Lancaster,2021-01-24,1458,projected
Lancaster,2021-01-25,1458,projected
Lancaster,2021-01-26,1458,projected
Leeds,2020-09-23,2065,inferred
Leeds,2020-09-24,2065,inferred
Leeds,2020-09-25,2065,inferred
Leeds,2020-09-26,2065,inferred
Leeds,2020-09-27,2065,inferred
Leeds,2020-09-28,2065,inferred
Leeds,2020-09-29,2065,inferred
Leeds,2020-09-30,4024,inferred
Leeds,2020-10-01,4024,inferred
Leeds,2020-10-02,4024,inferred
Leeds,2020-10-03,4024,inferred
Leeds,2020-10-04,4024,inferred
Leeds,2020-10-05,4024,inferred
Leeds,2020-10-06,4024,inferred
Leeds,2020-10-07,3318,inferred
Leeds,2020-10-08,3318,inferred
Leeds,2020-10-09,3318,inferred
Leeds,2020-10-10,3318,inferred
Leeds,2020-10-11,3318,inferred
Leeds,2020-10-12,3318,inferred
Leeds,2020-10-13,3318,inferred
Leeds,2020-10-14,3372,inferred
Leeds,2020-10-15,3372,inferred
Leeds,2020-10-16,3372,inferred
Leeds,2020-10-17,3372,inferred
Leeds,2020-10-18,3372,inferred
Leeds,2020-10-19,3372,inferred
Leeds,2020-10-20,3372,inferred
Leeds,2020-10-21,3322,inferred
Leeds,2020-10-22,3322,inferred
Leeds,2020-10-23,3322,inferred
Leeds,2020-10-24,3322,inferred
Leeds,2020-10-25,3322,inferred
Leeds,2020-10-26,3322,inferred
Leeds,2020-10-27,3322,inferred
Leeds,2020-10-28,3551,inferred
Leeds,2020-10-29,3551,inferred
Leeds,2020-10-30,3551,inferred
Leeds,2020-10-31,3551,inferred
Leeds,2020-11-01,3551,inferred
Leeds,2020-11-02,3551,inferred
Leeds,2020-11-03,3551,inferred
Leeds,2020-11-04,3555,inferred
Leeds,2020-11-05,3555,inferred
Leeds,2020-11-06,3555,inferred
Leeds,2020-11-07,3555,inferred
Leeds,2020-11-08,3555,inferred
Leeds,2020-11-09,3555,inferred
Leeds,2020-11-10,3555,inferred
Leeds,2020-11-11,2970,inferred
Leeds,2020-11-12,2970,inferred
Leeds,2020-11-13,2970,inferred
Leeds,2020-11-14,2970,inferred
Leeds,2020-11-15,2970,inferred
Leeds,2020-11-16,2970,inferred
Leeds,2020-11-17,2970,inferred
Leeds,2020-11-18,1751,inferred
Leeds,2020-11-19,1751,inferred
Leeds,2020-11-20,1751,inferred
Leeds,2020-11-21,1751,inferred
Leeds,2020-11-22,1751,inferred
Leeds,2020-11-23,1751,inferred
Leeds,2020-11-24,1751,inferred
Leeds,2020-11-25,1225,inferred
Leeds,2020-11-26,1225,inferred
Leeds,2020-11-27,1225,inferred
Leeds,2020-11-28,1225,inferred
Leeds,2020-11-29,1225,inferred
Leeds,2020-11-30,1225,inferred
Leeds,2020-12-01,1225,inferred
Leeds,2020-12-02,1082,inferred
Leeds,2020-12-03,1082,inferred
Leeds,2020-12-04,1082,inferred
Leeds,2020-12-05,1082,inferred
Leeds,2020-12-06,1082,inferred
Leeds,2020-12-07,1082,inferred
Leeds,2020-12-08,1082,inferred
Leeds,2020-12-09,1118,inferred
Leeds,2020-12-10,1118,inferred
Leeds,2020-12-11,1118,inferred
Leeds,2020-12-12,1118,inferred
Leeds,2020-12-13,1118,inferred
Leeds,2020-12-14,1118,inferred
Leeds,2020-12-15,1118,inferred
Leeds,2020-12-16,1440,inferred
Leeds,2020-12-17,1440,inferred
Leeds,2020-12-18,1440,inferred
Leeds,2020-12-19,1440,inferred
Leeds,2020-12-20,1440,inferred
Leeds,2020-12-21,1440,inferred
Leeds,2020-12-22,1440,inferred
Leeds,2020-12-23,1790,inferred
Leeds,2020-12-24,1790,inferred
Leeds,2020-12-25,1790,inferred
Leeds,2020-12-26,1790,inferred
Leeds,2020-12-27,1790,inferred
Leeds,2020-12-28,1790,inferred
Leeds,2020-12-29,1790,inferred
Leeds,2020-12-30,2748,inferred
Leeds,2020-12-31,2748,inferred
Leeds,2021-01-01,2748,inferred
Leeds,2021-01-02,2748,inferred
Leeds,2021-01-03,2748,inferred
Leeds,2021-01-04,2748,inferred
Leeds,2021-01-05,2748,inferred
Leeds,2021-01-06,2667,projected
Leeds,2021-01-07,2667,projected
Leeds,2021-01-08,2667,projected
Leeds,2021-01-09,2667,projected
Leeds,2021-01-10,2667,projected
Leeds,2021-01-11,2667,projected
Leeds,2021-01-12,2667,projected
Leeds,2021-01-13,2541,projected
Leeds,2021-01-14,2541,projected
Leeds,2021-01-15,2541,projected
Leeds,2021-01-16,2541,projected
Leeds,2021-01-17,2541,projected
Leeds,2021-01-18,2541,projected
Leeds,2021-01-19,2541,projected
Leeds,2021-01-20,2637,projected
Leeds,2021-01-21,2637,projected
Leeds,2021-01-22,2637,projected
Leeds,2021-01-23,2637,projected
Leeds,2021-01-24,2637,projected
Leeds,2021-01-25,2637,projected
Leeds,2021-01-26,2637,projected
Leicester,2020-09-23,386,inferred
Leicester,2020-09-24,386,inferred
Leicester,2020-09-25,386,inferred
Leicester,2020-09-26,386,inferred
Leicester,2020-09-27,386,inferred
Leicester,2020-09-28,386,inferred
Leicester,2020-09-29,386,inferred
Leicester,2020-09-30,605,inferred
Leicester,2020-10-01,605,inferred
Leicester,2020-10-02,605,inferred
Leicester,2020-10-03,605,inferred
Leicester,2020-10-04,605,inferred
Leicester,2020-10-05,605,inferred
Leicester,2020-10-06,605,inferred
Leicester,2020-10-07,846,inferred
Leicester,2020-10-08,846,inferred
Leicester,2020-10-09,846,inferred
Leicester,2020-10-10,846,inferred
Leicester,2020-10-11,846,inferred
Leicester,2020-10-12,846,inferred
Leicester,2020-10-13,846,inferred
Leicester,2020-10-14,986,inferred
Leicester,2020-10-15,986,inferred
Leicester,2020-10-16,986,inferred
Leicester,2020-10-17,986,inferred
Leicester,2020-10-18,986,inferred
Leicester,2020-10-19,986,inferred
Leicester,2020-10-20,986,inferred
Leicester,2020-10-21,1291,inferred
Leicester,2020-10-22,1291,inferred
Leicester,2020-10-23,1291,inferred
Leicester,2020-10-24,1291,inferred
Leicester,2020-10-25,1291,inferred
Leicester,2020-10-26,1291,inferred
Leicester,2020-10-27,1291,inferred
Leicester,2020-10-28,1467,inferred
Leicester,2020-10-29,1467,inferred
Leicester,2020-10-30,1467,inferred
Leicester,2020-10-31,1467,inferred
Leicester,2020-11-01,1467,inferred
Leicester,2020-11-02,1467,inferred
Leicester,2020-11-03,1467,inferred
Leicester,2020-11-04,1732,inferred
Leicester,2020-11-05,1732,inferred
Leicester,2020-11-06,1732,inferred
Leicester,2020-11-07,1732,inferred
Leicester,2020-11-08,1732,inferred
Leicester,2020-11-09,1732,inferred
Leicester,2020-11-10,1732,inferred
Leicester,2020-11-11,1691,inferred
Leicester,2020-11-12,1691,inferred
Leicester,2020-11-13,1691,inferred
Leicester,2020-11-14,1691,inferred
Leicester,2020-11-15,1691,inferred
Leicester,2020-11-16,1691,inferred
Leicester,2020-11-17,1691,inferred
Leicester,2020-11-18,1199,inferred
Leicester,2020-11-19,1199,inferred
Leicester,2020-11-20,1199,inferred
Leicester,2020-11-21,1199,inferred
Leicester,2020-11-22,1199,inferred
Leicester,2020-11-23,1199,inferred
Leicester,2020-11-24,1199,inferred
Leicester,2020-11-25,935,inferred
Leicester,2020-11-26,935,inferred
Leicester,2020-11-27,935,inferred
Leicester,2020-11-28,935,inferred
Leicester,2020-11-29,935,inferred
Leicester,2020-11-30,935,inferred
Leicester,2020-12-01,935,inferred
Leicester,2020-12-02,851,inferred
Leicester,2020-12-03,851,inferred
Leicester,2020-12-04,851,inferred
Leicester,2020-12-05,851,inferred
Leicester,2020-12-06,851,inferred
Leicester,2020-12-07,851,inferred
Leicester,2020-12-08,851,inferred
Leicester,2020-12-09,1018,inferred
Leicester,2020-12-10,1018,inferred
Leicester,2020-12-11,1018,inferred
Leicester,2020-12-12,1018,inferred
Leicester,2020-12-13,1018,inferred
Leicester,2020-12-14,1018,inferred
Leicester,2020-12-15,1018,inferred
Leicester,2020-12-16,1113,inferred
Leicester,2020-12-17,1113,inferred
Leicester,2020-12-18,1113,inferred
Leicester,2020-12-19,1113,inferred
Leicester,2020-12-20,1113,inferred
Leicester,2020-12-21,1113,inferred
Leicester,2020-12-22,1113,inferred
Leicester,2020-12-23,1311,inferred
Leicester,2020-12-24,1311,inferred
Leicester,2020-12-25,1311,inferred
Leicester,2020-12-26,1311,inferred
Leicester,2020-12-27,1311,inferred
Leicester,2020-12-28,1311,inferred
Leicester,2020-12-29,1311,inferred
Leicester,2020-12-30,1950,inferred
Leicester,2020-12-31,1950,inferred
Leicester,2021-01-01,1950,inferred
Leicester,2021-01-02,1950,inferred
Leicester,2021-01-03,1950,inferred
Leicester,2021-01-04,1950,inferred
Leicester,2021-01-05,1950,inferred
Leicester,2021-01-06,1866,projected
Leicester,2021-01-07,1866,projected
Leicester,2021-01-08,1866,projected
Leicester,2021-01-09,1866,projected
Leicester,2021-01-10,1866,projected
Leicester,2021-01-11,1866,projected
Leicester,2021-01-12,1866,projected
Leicester,2021-01-13,1739,projected
Leicester,2021-01-14,1739,projected
Leicester,2021-01-15,1739,projected
Leicester,2021-01-16,1739,projected
Leicester,2021-01-17,1739,projected
Leicester,2021-01-18,1739,projected
Leicester,2021-01-19,1739,projected
Leicester,2021-01-20,1631,projected
Leicester,2021-01-21,1631,projected
Leicester,2021-01-22,1631,projected
Leicester,2021-01-23,1631,projected
Leicester,2021-01-24,1631,projected
Leicester,2021-01-25,1631,projected
Leicester,2021-01-26,1631,projected
Lewes,2020-09-23, 12,inferred
Lewes,2020-09-24, 12,inferred
Lewes,2020-09-25, 12,inferred
Lewes,2020-09-26, 12,inferred
Lewes,2020-09-27, 12,inferred
Lewes,2020-09-28, 12,inferred
Lewes,2020-09-29, 12,inferred
Lewes,2020-09-30, 24,inferred
Lewes,2020-10-01, 24,inferred
Lewes,2020-10-02, 24,inferred
Lewes,2020-10-03, 24,inferred
Lewes,2020-10-04, 24,inferred
Lewes,2020-10-05, 24,inferred
Lewes,2020-10-06, 24,inferred
Lewes,2020-10-07, 32,inferred
Lewes,2020-10-08, 32,inferred
Lewes,2020-10-09, 32,inferred
Lewes,2020-10-10, 32,inferred
Lewes,2020-10-11, 32,inferred
Lewes,2020-10-12, 32,inferred
Lewes,2020-10-13, 32,inferred
Lewes,2020-10-14, 50,inferred
Lewes,2020-10-15, 50,inferred
Lewes,2020-10-16, 50,inferred
Lewes,2020-10-17, 50,inferred
Lewes,2020-10-18, 50,inferred
Lewes,2020-10-19, 50,inferred
Lewes,2020-10-20, 50,inferred
Lewes,2020-10-21, 76,inferred
Lewes,2020-10-22, 76,inferred
Lewes,2020-10-23, 76,inferred
Lewes,2020-10-24, 76,inferred
Lewes,2020-10-25, 76,inferred
Lewes,2020-10-26, 76,inferred
Lewes,2020-10-27, 76,inferred
Lewes,2020-10-28, 62,inferred
Lewes,2020-10-29, 62,inferred
Lewes,2020-10-30, 62,inferred
Lewes,2020-10-31, 62,inferred
Lewes,2020-11-01, 62,inferred
Lewes,2020-11-02, 62,inferred
Lewes,2020-11-03, 62,inferred
Lewes,2020-11-04, 79,inferred
Lewes,2020-11-05, 79,inferred
Lewes,2020-11-06, 79,inferred
Lewes,2020-11-07, 79,inferred
Lewes,2020-11-08, 79,inferred
Lewes,2020-11-09, 79,inferred
Lewes,2020-11-10, 79,inferred
Lewes,2020-11-11,108,inferred
Lewes,2020-11-12,108,inferred
Lewes,2020-11-13,108,inferred
Lewes,2020-11-14,108,inferred
Lewes,2020-11-15,108,inferred
Lewes,2020-11-16,108,inferred
Lewes,2020-11-17,108,inferred
Lewes,2020-11-18, 72,inferred
Lewes,2020-11-19, 72,inferred
Lewes,2020-11-20, 72,inferred
Lewes,2020-11-21, 72,inferred
Lewes,2020-11-22, 72,inferred
Lewes,2020-11-23, 72,inferred
Lewes,2020-11-24, 72,inferred
Lewes,2020-11-25, 65,inferred
Lewes,2020-11-26, 65,inferred
Lewes,2020-11-27, 65,inferred
Lewes,2020-11-28, 65,inferred
Lewes,2020-11-29, 65,inferred
Lewes,2020-11-30, 65,inferred
Lewes,2020-12-01, 65,inferred
Lewes,2020-12-02, 66,inferred
Lewes,2020-12-03, 66,inferred
Lewes,2020-12-04, 66,inferred
Lewes,2020-12-05, 66,inferred
Lewes,2020-12-06, 66,inferred
Lewes,2020-12-07, 66,inferred
Lewes,2020-12-08, 66,inferred
Lewes,2020-12-09,175,inferred
Lewes,2020-12-10,175,inferred
Lewes,2020-12-11,175,inferred
Lewes,2020-12-12,175,inferred
Lewes,2020-12-13,175,inferred
Lewes,2020-12-14,175,inferred
Lewes,2020-12-15,175,inferred
Lewes,2020-12-16,435,inferred
Lewes,2020-12-17,435,inferred
Lewes,2020-12-18,435,inferred
Lewes,2020-12-19,435,inferred
Lewes,2020-12-20,435,inferred
Lewes,2020-12-21,435,inferred
Lewes,2020-12-22,435,inferred
Lewes,2020-12-23,495,inferred
Lewes,2020-12-24,495,inferred
Lewes,2020-12-25,495,inferred
Lewes,2020-12-26,495,inferred
Lewes,2020-12-27,495,inferred
Lewes,2020-12-28,495,inferred
Lewes,2020-12-29,495,inferred
Lewes,2020-12-30,793,inferred
Lewes,2020-12-31,793,inferred
Lewes,2021-01-01,793,inferred
Lewes,2021-01-02,793,inferred
Lewes,2021-01-03,793,inferred
Lewes,2021-01-04,793,inferred
Lewes,2021-01-05,793,inferred
Lewes,2021-01-06,883,projected
Lewes,2021-01-07,883,projected
Lewes,2021-01-08,883,projected
Lewes,2021-01-09,883,projected
Lewes,2021-01-10,883,projected
Lewes,2021-01-11,883,projected
Lewes,2021-01-12,883,projected
Lewes,2021-01-13,951,projected
Lewes,2021-01-14,951,projected
Lewes,2021-01-15,951,projected
Lewes,2021-01-16,951,projected
Lewes,2021-01-17,951,projected
Lewes,2021-01-18,951,projected
Lewes,2021-01-19,951,projected
Lewes,2021-01-20,1039,projected
Lewes,2021-01-21,1039,projected
Lewes,2021-01-22,1039,projected
Lewes,2021-01-23,1039,projected
Lewes,2021-01-24,1039,projected
Lewes,2021-01-25,1039,projected
Lewes,2021-01-26,1039,projected
Lewisham,2020-09-23,129,inferred
Lewisham,2020-09-24,129,inferred
Lewisham,2020-09-25,129,inferred
Lewisham,2020-09-26,129,inferred
Lewisham,2020-09-27,129,inferred
Lewisham,2020-09-28,129,inferred
Lewisham,2020-09-29,129,inferred
Lewisham,2020-09-30,210,inferred
Lewisham,2020-10-01,210,inferred
Lewisham,2020-10-02,210,inferred
Lewisham,2020-10-03,210,inferred
Lewisham,2020-10-04,210,inferred
Lewisham,2020-10-05,210,inferred
Lewisham,2020-10-06,210,inferred
Lewisham,2020-10-07,242,inferred
Lewisham,2020-10-08,242,inferred
Lewisham,2020-10-09,242,inferred
Lewisham,2020-10-10,242,inferred
Lewisham,2020-10-11,242,inferred
Lewisham,2020-10-12,242,inferred
Lewisham,2020-10-13,242,inferred
Lewisham,2020-10-14,279,inferred
Lewisham,2020-10-15,279,inferred
Lewisham,2020-10-16,279,inferred
Lewisham,2020-10-17,279,inferred
Lewisham,2020-10-18,279,inferred
Lewisham,2020-10-19,279,inferred
Lewisham,2020-10-20,279,inferred
Lewisham,2020-10-21,320,inferred
Lewisham,2020-10-22,320,inferred
Lewisham,2020-10-23,320,inferred
Lewisham,2020-10-24,320,inferred
Lewisham,2020-10-25,320,inferred
Lewisham,2020-10-26,320,inferred
Lewisham,2020-10-27,320,inferred
Lewisham,2020-10-28,312,inferred
Lewisham,2020-10-29,312,inferred
Lewisham,2020-10-30,312,inferred
Lewisham,2020-10-31,312,inferred
Lewisham,2020-11-01,312,inferred
Lewisham,2020-11-02,312,inferred
Lewisham,2020-11-03,312,inferred
Lewisham,2020-11-04,333,inferred
Lewisham,2020-11-05,333,inferred
Lewisham,2020-11-06,333,inferred
Lewisham,2020-11-07,333,inferred
Lewisham,2020-11-08,333,inferred
Lewisham,2020-11-09,333,inferred
Lewisham,2020-11-10,333,inferred
Lewisham,2020-11-11,395,inferred
Lewisham,2020-11-12,395,inferred
Lewisham,2020-11-13,395,inferred
Lewisham,2020-11-14,395,inferred
Lewisham,2020-11-15,395,inferred
Lewisham,2020-11-16,395,inferred
Lewisham,2020-11-17,395,inferred
Lewisham,2020-11-18,282,inferred
Lewisham,2020-11-19,282,inferred
Lewisham,2020-11-20,282,inferred
Lewisham,2020-11-21,282,inferred
Lewisham,2020-11-22,282,inferred
Lewisham,2020-11-23,282,inferred
Lewisham,2020-11-24,282,inferred
Lewisham,2020-11-25,345,inferred
Lewisham,2020-11-26,345,inferred
Lewisham,2020-11-27,345,inferred
Lewisham,2020-11-28,345,inferred
Lewisham,2020-11-29,345,inferred
Lewisham,2020-11-30,345,inferred
Lewisham,2020-12-01,345,inferred
Lewisham,2020-12-02,516,inferred
Lewisham,2020-12-03,516,inferred
Lewisham,2020-12-04,516,inferred
Lewisham,2020-12-05,516,inferred
Lewisham,2020-12-06,516,inferred
Lewisham,2020-12-07,516,inferred
Lewisham,2020-12-08,516,inferred
Lewisham,2020-12-09,1274,inferred
Lewisham,2020-12-10,1274,inferred
Lewisham,2020-12-11,1274,inferred
Lewisham,2020-12-12,1274,inferred
Lewisham,2020-12-13,1274,inferred
Lewisham,2020-12-14,1274,inferred
Lewisham,2020-12-15,1274,inferred
Lewisham,2020-12-16,2219,inferred
Lewisham,2020-12-17,2219,inferred
Lewisham,2020-12-18,2219,inferred
Lewisham,2020-12-19,2219,inferred
Lewisham,2020-12-20,2219,inferred
Lewisham,2020-12-21,2219,inferred
Lewisham,2020-12-22,2219,inferred
Lewisham,2020-12-23,2683,inferred
Lewisham,2020-12-24,2683,inferred
Lewisham,2020-12-25,2683,inferred
Lewisham,2020-12-26,2683,inferred
Lewisham,2020-12-27,2683,inferred
Lewisham,2020-12-28,2683,inferred
Lewisham,2020-12-29,2683,inferred
Lewisham,2020-12-30,3220,inferred
Lewisham,2020-12-31,3220,inferred
Lewisham,2021-01-01,3220,inferred
Lewisham,2021-01-02,3220,inferred
Lewisham,2021-01-03,3220,inferred
Lewisham,2021-01-04,3220,inferred
Lewisham,2021-01-05,3220,inferred
Lewisham,2021-01-06,2699,projected
Lewisham,2021-01-07,2699,projected
Lewisham,2021-01-08,2699,projected
Lewisham,2021-01-09,2699,projected
Lewisham,2021-01-10,2699,projected
Lewisham,2021-01-11,2699,projected
Lewisham,2021-01-12,2699,projected
Lewisham,2021-01-13,2183,projected
Lewisham,2021-01-14,2183,projected
Lewisham,2021-01-15,2183,projected
Lewisham,2021-01-16,2183,projected
Lewisham,2021-01-17,2183,projected
Lewisham,2021-01-18,2183,projected
Lewisham,2021-01-19,2183,projected
Lewisham,2021-01-20,1852,projected
Lewisham,2021-01-21,1852,projected
Lewisham,2021-01-22,1852,projected
Lewisham,2021-01-23,1852,projected
Lewisham,2021-01-24,1852,projected
Lewisham,2021-01-25,1852,projected
Lewisham,2021-01-26,1852,projected
Lichfield,2020-09-23, 39,inferred
Lichfield,2020-09-24, 39,inferred
Lichfield,2020-09-25, 39,inferred
Lichfield,2020-09-26, 39,inferred
Lichfield,2020-09-27, 39,inferred
Lichfield,2020-09-28, 39,inferred
Lichfield,2020-09-29, 39,inferred
Lichfield,2020-09-30, 70,inferred
Lichfield,2020-10-01, 70,inferred
Lichfield,2020-10-02, 70,inferred
Lichfield,2020-10-03, 70,inferred
Lichfield,2020-10-04, 70,inferred
Lichfield,2020-10-05, 70,inferred
Lichfield,2020-10-06, 70,inferred
Lichfield,2020-10-07,100,inferred
Lichfield,2020-10-08,100,inferred
Lichfield,2020-10-09,100,inferred
Lichfield,2020-10-10,100,inferred
Lichfield,2020-10-11,100,inferred
Lichfield,2020-10-12,100,inferred
Lichfield,2020-10-13,100,inferred
Lichfield,2020-10-14,183,inferred
Lichfield,2020-10-15,183,inferred
Lichfield,2020-10-16,183,inferred
Lichfield,2020-10-17,183,inferred
Lichfield,2020-10-18,183,inferred
Lichfield,2020-10-19,183,inferred
Lichfield,2020-10-20,183,inferred
Lichfield,2020-10-21,247,inferred
Lichfield,2020-10-22,247,inferred
Lichfield,2020-10-23,247,inferred
Lichfield,2020-10-24,247,inferred
Lichfield,2020-10-25,247,inferred
Lichfield,2020-10-26,247,inferred
Lichfield,2020-10-27,247,inferred
Lichfield,2020-10-28,348,inferred
Lichfield,2020-10-29,348,inferred
Lichfield,2020-10-30,348,inferred
Lichfield,2020-10-31,348,inferred
Lichfield,2020-11-01,348,inferred
Lichfield,2020-11-02,348,inferred
Lichfield,2020-11-03,348,inferred
Lichfield,2020-11-04,410,inferred
Lichfield,2020-11-05,410,inferred
Lichfield,2020-11-06,410,inferred
Lichfield,2020-11-07,410,inferred
Lichfield,2020-11-08,410,inferred
Lichfield,2020-11-09,410,inferred
Lichfield,2020-11-10,410,inferred
Lichfield,2020-11-11,419,inferred
Lichfield,2020-11-12,419,inferred
Lichfield,2020-11-13,419,inferred
Lichfield,2020-11-14,419,inferred
Lichfield,2020-11-15,419,inferred
Lichfield,2020-11-16,419,inferred
Lichfield,2020-11-17,419,inferred
Lichfield,2020-11-18,226,inferred
Lichfield,2020-11-19,226,inferred
Lichfield,2020-11-20,226,inferred
Lichfield,2020-11-21,226,inferred
Lichfield,2020-11-22,226,inferred
Lichfield,2020-11-23,226,inferred
Lichfield,2020-11-24,226,inferred
Lichfield,2020-11-25,163,inferred
Lichfield,2020-11-26,163,inferred
Lichfield,2020-11-27,163,inferred
Lichfield,2020-11-28,163,inferred
Lichfield,2020-11-29,163,inferred
Lichfield,2020-11-30,163,inferred
Lichfield,2020-12-01,163,inferred
Lichfield,2020-12-02,165,inferred
Lichfield,2020-12-03,165,inferred
Lichfield,2020-12-04,165,inferred
Lichfield,2020-12-05,165,inferred
Lichfield,2020-12-06,165,inferred
Lichfield,2020-12-07,165,inferred
Lichfield,2020-12-08,165,inferred
Lichfield,2020-12-09,187,inferred
Lichfield,2020-12-10,187,inferred
Lichfield,2020-12-11,187,inferred
Lichfield,2020-12-12,187,inferred
Lichfield,2020-12-13,187,inferred
Lichfield,2020-12-14,187,inferred
Lichfield,2020-12-15,187,inferred
Lichfield,2020-12-16,267,inferred
Lichfield,2020-12-17,267,inferred
Lichfield,2020-12-18,267,inferred
Lichfield,2020-12-19,267,inferred
Lichfield,2020-12-20,267,inferred
Lichfield,2020-12-21,267,inferred
Lichfield,2020-12-22,267,inferred
Lichfield,2020-12-23,343,inferred
Lichfield,2020-12-24,343,inferred
Lichfield,2020-12-25,343,inferred
Lichfield,2020-12-26,343,inferred
Lichfield,2020-12-27,343,inferred
Lichfield,2020-12-28,343,inferred
Lichfield,2020-12-29,343,inferred
Lichfield,2020-12-30,532,inferred
Lichfield,2020-12-31,532,inferred
Lichfield,2021-01-01,532,inferred
Lichfield,2021-01-02,532,inferred
Lichfield,2021-01-03,532,inferred
Lichfield,2021-01-04,532,inferred
Lichfield,2021-01-05,532,inferred
Lichfield,2021-01-06,499,projected
Lichfield,2021-01-07,499,projected
Lichfield,2021-01-08,499,projected
Lichfield,2021-01-09,499,projected
Lichfield,2021-01-10,499,projected
Lichfield,2021-01-11,499,projected
Lichfield,2021-01-12,499,projected
Lichfield,2021-01-13,445,projected
Lichfield,2021-01-14,445,projected
Lichfield,2021-01-15,445,projected
Lichfield,2021-01-16,445,projected
Lichfield,2021-01-17,445,projected
Lichfield,2021-01-18,445,projected
Lichfield,2021-01-19,445,projected
Lichfield,2021-01-20,427,projected
Lichfield,2021-01-21,427,projected
Lichfield,2021-01-22,427,projected
Lichfield,2021-01-23,427,projected
Lichfield,2021-01-24,427,projected
Lichfield,2021-01-25,427,projected
Lichfield,2021-01-26,427,projected
Lincoln,2020-09-23, 64,inferred
Lincoln,2020-09-24, 64,inferred
Lincoln,2020-09-25, 64,inferred
Lincoln,2020-09-26, 64,inferred
Lincoln,2020-09-27, 64,inferred
Lincoln,2020-09-28, 64,inferred
Lincoln,2020-09-29, 64,inferred
Lincoln,2020-09-30, 84,inferred
Lincoln,2020-10-01, 84,inferred
Lincoln,2020-10-02, 84,inferred
Lincoln,2020-10-03, 84,inferred
Lincoln,2020-10-04, 84,inferred
Lincoln,2020-10-05, 84,inferred
Lincoln,2020-10-06, 84,inferred
Lincoln,2020-10-07,158,inferred
Lincoln,2020-10-08,158,inferred
Lincoln,2020-10-09,158,inferred
Lincoln,2020-10-10,158,inferred
Lincoln,2020-10-11,158,inferred
Lincoln,2020-10-12,158,inferred
Lincoln,2020-10-13,158,inferred
Lincoln,2020-10-14,248,inferred
Lincoln,2020-10-15,248,inferred
Lincoln,2020-10-16,248,inferred
Lincoln,2020-10-17,248,inferred
Lincoln,2020-10-18,248,inferred
Lincoln,2020-10-19,248,inferred
Lincoln,2020-10-20,248,inferred
Lincoln,2020-10-21,396,inferred
Lincoln,2020-10-22,396,inferred
Lincoln,2020-10-23,396,inferred
Lincoln,2020-10-24,396,inferred
Lincoln,2020-10-25,396,inferred
Lincoln,2020-10-26,396,inferred
Lincoln,2020-10-27,396,inferred
Lincoln,2020-10-28,296,inferred
Lincoln,2020-10-29,296,inferred
Lincoln,2020-10-30,296,inferred
Lincoln,2020-10-31,296,inferred
Lincoln,2020-11-01,296,inferred
Lincoln,2020-11-02,296,inferred
Lincoln,2020-11-03,296,inferred
Lincoln,2020-11-04,410,inferred
Lincoln,2020-11-05,410,inferred
Lincoln,2020-11-06,410,inferred
Lincoln,2020-11-07,410,inferred
Lincoln,2020-11-08,410,inferred
Lincoln,2020-11-09,410,inferred
Lincoln,2020-11-10,410,inferred
Lincoln,2020-11-11,406,inferred
Lincoln,2020-11-12,406,inferred
Lincoln,2020-11-13,406,inferred
Lincoln,2020-11-14,406,inferred
Lincoln,2020-11-15,406,inferred
Lincoln,2020-11-16,406,inferred
Lincoln,2020-11-17,406,inferred
Lincoln,2020-11-18,350,inferred
Lincoln,2020-11-19,350,inferred
Lincoln,2020-11-20,350,inferred
Lincoln,2020-11-21,350,inferred
Lincoln,2020-11-22,350,inferred
Lincoln,2020-11-23,350,inferred
Lincoln,2020-11-24,350,inferred
Lincoln,2020-11-25,329,inferred
Lincoln,2020-11-26,329,inferred
Lincoln,2020-11-27,329,inferred
Lincoln,2020-11-28,329,inferred
Lincoln,2020-11-29,329,inferred
Lincoln,2020-11-30,329,inferred
Lincoln,2020-12-01,329,inferred
Lincoln,2020-12-02,504,inferred
Lincoln,2020-12-03,504,inferred
Lincoln,2020-12-04,504,inferred
Lincoln,2020-12-05,504,inferred
Lincoln,2020-12-06,504,inferred
Lincoln,2020-12-07,504,inferred
Lincoln,2020-12-08,504,inferred
Lincoln,2020-12-09,424,inferred
Lincoln,2020-12-10,424,inferred
Lincoln,2020-12-11,424,inferred
Lincoln,2020-12-12,424,inferred
Lincoln,2020-12-13,424,inferred
Lincoln,2020-12-14,424,inferred
Lincoln,2020-12-15,424,inferred
Lincoln,2020-12-16,375,inferred
Lincoln,2020-12-17,375,inferred
Lincoln,2020-12-18,375,inferred
Lincoln,2020-12-19,375,inferred
Lincoln,2020-12-20,375,inferred
Lincoln,2020-12-21,375,inferred
Lincoln,2020-12-22,375,inferred
Lincoln,2020-12-23,340,inferred
Lincoln,2020-12-24,340,inferred
Lincoln,2020-12-25,340,inferred
Lincoln,2020-12-26,340,inferred
Lincoln,2020-12-27,340,inferred
Lincoln,2020-12-28,340,inferred
Lincoln,2020-12-29,340,inferred
Lincoln,2020-12-30,355,inferred
Lincoln,2020-12-31,355,inferred
Lincoln,2021-01-01,355,inferred
Lincoln,2021-01-02,355,inferred
Lincoln,2021-01-03,355,inferred
Lincoln,2021-01-04,355,inferred
Lincoln,2021-01-05,355,inferred
Lincoln,2021-01-06,344,projected
Lincoln,2021-01-07,344,projected
Lincoln,2021-01-08,344,projected
Lincoln,2021-01-09,344,projected
Lincoln,2021-01-10,344,projected
Lincoln,2021-01-11,344,projected
Lincoln,2021-01-12,344,projected
Lincoln,2021-01-13,341,projected
Lincoln,2021-01-14,341,projected
Lincoln,2021-01-15,341,projected
Lincoln,2021-01-16,341,projected
Lincoln,2021-01-17,341,projected
Lincoln,2021-01-18,341,projected
Lincoln,2021-01-19,341,projected
Lincoln,2021-01-20,355,projected
Lincoln,2021-01-21,355,projected
Lincoln,2021-01-22,355,projected
Lincoln,2021-01-23,355,projected
Lincoln,2021-01-24,355,projected
Lincoln,2021-01-25,355,projected
Lincoln,2021-01-26,355,projected
Liverpool,2020-09-23,2209,inferred
Liverpool,2020-09-24,2209,inferred
Liverpool,2020-09-25,2209,inferred
Liverpool,2020-09-26,2209,inferred
Liverpool,2020-09-27,2209,inferred
Liverpool,2020-09-28,2209,inferred
Liverpool,2020-09-29,2209,inferred
Liverpool,2020-09-30,3609,inferred
Liverpool,2020-10-01,3609,inferred
Liverpool,2020-10-02,3609,inferred
Liverpool,2020-10-03,3609,inferred
Liverpool,2020-10-04,3609,inferred
Liverpool,2020-10-05,3609,inferred
Liverpool,2020-10-06,3609,inferred
Liverpool,2020-10-07,3503,inferred
Liverpool,2020-10-08,3503,inferred
Liverpool,2020-10-09,3503,inferred
Liverpool,2020-10-10,3503,inferred
Liverpool,2020-10-11,3503,inferred
Liverpool,2020-10-12,3503,inferred
Liverpool,2020-10-13,3503,inferred
Liverpool,2020-10-14,2741,inferred
Liverpool,2020-10-15,2741,inferred
Liverpool,2020-10-16,2741,inferred
Liverpool,2020-10-17,2741,inferred
Liverpool,2020-10-18,2741,inferred
Liverpool,2020-10-19,2741,inferred
Liverpool,2020-10-20,2741,inferred
Liverpool,2020-10-21,2007,inferred
Liverpool,2020-10-22,2007,inferred
Liverpool,2020-10-23,2007,inferred
Liverpool,2020-10-24,2007,inferred
Liverpool,2020-10-25,2007,inferred
Liverpool,2020-10-26,2007,inferred
Liverpool,2020-10-27,2007,inferred
Liverpool,2020-10-28,1483,inferred
Liverpool,2020-10-29,1483,inferred
Liverpool,2020-10-30,1483,inferred
Liverpool,2020-10-31,1483,inferred
Liverpool,2020-11-01,1483,inferred
Liverpool,2020-11-02,1483,inferred
Liverpool,2020-11-03,1483,inferred
Liverpool,2020-11-04,1425,inferred
Liverpool,2020-11-05,1425,inferred
Liverpool,2020-11-06,1425,inferred
Liverpool,2020-11-07,1425,inferred
Liverpool,2020-11-08,1425,inferred
Liverpool,2020-11-09,1425,inferred
Liverpool,2020-11-10,1425,inferred
Liverpool,2020-11-11,1153,inferred
Liverpool,2020-11-12,1153,inferred
Liverpool,2020-11-13,1153,inferred
Liverpool,2020-11-14,1153,inferred
Liverpool,2020-11-15,1153,inferred
Liverpool,2020-11-16,1153,inferred
Liverpool,2020-11-17,1153,inferred
Liverpool,2020-11-18,588,inferred
Liverpool,2020-11-19,588,inferred
Liverpool,2020-11-20,588,inferred
Liverpool,2020-11-21,588,inferred
Liverpool,2020-11-22,588,inferred
Liverpool,2020-11-23,588,inferred
Liverpool,2020-11-24,588,inferred
Liverpool,2020-11-25,464,inferred
Liverpool,2020-11-26,464,inferred
Liverpool,2020-11-27,464,inferred
Liverpool,2020-11-28,464,inferred
Liverpool,2020-11-29,464,inferred
Liverpool,2020-11-30,464,inferred
Liverpool,2020-12-01,464,inferred
Liverpool,2020-12-02,453,inferred
Liverpool,2020-12-03,453,inferred
Liverpool,2020-12-04,453,inferred
Liverpool,2020-12-05,453,inferred
Liverpool,2020-12-06,453,inferred
Liverpool,2020-12-07,453,inferred
Liverpool,2020-12-08,453,inferred
Liverpool,2020-12-09,582,inferred
Liverpool,2020-12-10,582,inferred
Liverpool,2020-12-11,582,inferred
Liverpool,2020-12-12,582,inferred
Liverpool,2020-12-13,582,inferred
Liverpool,2020-12-14,582,inferred
Liverpool,2020-12-15,582,inferred
Liverpool,2020-12-16,978,inferred
Liverpool,2020-12-17,978,inferred
Liverpool,2020-12-18,978,inferred
Liverpool,2020-12-19,978,inferred
Liverpool,2020-12-20,978,inferred
Liverpool,2020-12-21,978,inferred
Liverpool,2020-12-22,978,inferred
Liverpool,2020-12-23,1567,inferred
Liverpool,2020-12-24,1567,inferred
Liverpool,2020-12-25,1567,inferred
Liverpool,2020-12-26,1567,inferred
Liverpool,2020-12-27,1567,inferred
Liverpool,2020-12-28,1567,inferred
Liverpool,2020-12-29,1567,inferred
Liverpool,2020-12-30,4663,inferred
Liverpool,2020-12-31,4663,inferred
Liverpool,2021-01-01,4663,inferred
Liverpool,2021-01-02,4663,inferred
Liverpool,2021-01-03,4663,inferred
Liverpool,2021-01-04,4663,inferred
Liverpool,2021-01-05,4663,inferred
Liverpool,2021-01-06,7205,projected
Liverpool,2021-01-07,7205,projected
Liverpool,2021-01-08,7205,projected
Liverpool,2021-01-09,7205,projected
Liverpool,2021-01-10,7205,projected
Liverpool,2021-01-11,7205,projected
Liverpool,2021-01-12,7205,projected
Liverpool,2021-01-13,10461,projected
Liverpool,2021-01-14,10461,projected
Liverpool,2021-01-15,10461,projected
Liverpool,2021-01-16,10461,projected
Liverpool,2021-01-17,10461,projected
Liverpool,2021-01-18,10461,projected
Liverpool,2021-01-19,10461,projected
Liverpool,2021-01-20,14506,projected
Liverpool,2021-01-21,14506,projected
Liverpool,2021-01-22,14506,projected
Liverpool,2021-01-23,14506,projected
Liverpool,2021-01-24,14506,projected
Liverpool,2021-01-25,14506,projected
Liverpool,2021-01-26,14506,projected
Lothian,2020-09-23,636,inferred
Lothian,2020-09-24,636,inferred
Lothian,2020-09-25,636,inferred
Lothian,2020-09-26,636,inferred
Lothian,2020-09-27,636,inferred
Lothian,2020-09-28,636,inferred
Lothian,2020-09-29,636,inferred
Lothian,2020-09-30,1118,inferred
Lothian,2020-10-01,1118,inferred
Lothian,2020-10-02,1118,inferred
Lothian,2020-10-03,1118,inferred
Lothian,2020-10-04,1118,inferred
Lothian,2020-10-05,1118,inferred
Lothian,2020-10-06,1118,inferred
Lothian,2020-10-07,1155,inferred
Lothian,2020-10-08,1155,inferred
Lothian,2020-10-09,1155,inferred
Lothian,2020-10-10,1155,inferred
Lothian,2020-10-11,1155,inferred
Lothian,2020-10-12,1155,inferred
Lothian,2020-10-13,1155,inferred
Lothian,2020-10-14,1030,inferred
Lothian,2020-10-15,1030,inferred
Lothian,2020-10-16,1030,inferred
Lothian,2020-10-17,1030,inferred
Lothian,2020-10-18,1030,inferred
Lothian,2020-10-19,1030,inferred
Lothian,2020-10-20,1030,inferred
Lothian,2020-10-21,1219,inferred
Lothian,2020-10-22,1219,inferred
Lothian,2020-10-23,1219,inferred
Lothian,2020-10-24,1219,inferred
Lothian,2020-10-25,1219,inferred
Lothian,2020-10-26,1219,inferred
Lothian,2020-10-27,1219,inferred
Lothian,2020-10-28,921,inferred
Lothian,2020-10-29,921,inferred
Lothian,2020-10-30,921,inferred
Lothian,2020-10-31,921,inferred
Lothian,2020-11-01,921,inferred
Lothian,2020-11-02,921,inferred
Lothian,2020-11-03,921,inferred
Lothian,2020-11-04,937,inferred
Lothian,2020-11-05,937,inferred
Lothian,2020-11-06,937,inferred
Lothian,2020-11-07,937,inferred
Lothian,2020-11-08,937,inferred
Lothian,2020-11-09,937,inferred
Lothian,2020-11-10,937,inferred
Lothian,2020-11-11,931,inferred
Lothian,2020-11-12,931,inferred
Lothian,2020-11-13,931,inferred
Lothian,2020-11-14,931,inferred
Lothian,2020-11-15,931,inferred
Lothian,2020-11-16,931,inferred
Lothian,2020-11-17,931,inferred
Lothian,2020-11-18,909,inferred
Lothian,2020-11-19,909,inferred
Lothian,2020-11-20,909,inferred
Lothian,2020-11-21,909,inferred
Lothian,2020-11-22,909,inferred
Lothian,2020-11-23,909,inferred
Lothian,2020-11-24,909,inferred
Lothian,2020-11-25,714,inferred
Lothian,2020-11-26,714,inferred
Lothian,2020-11-27,714,inferred
Lothian,2020-11-28,714,inferred
Lothian,2020-11-29,714,inferred
Lothian,2020-11-30,714,inferred
Lothian,2020-12-01,714,inferred
Lothian,2020-12-02,842,inferred
Lothian,2020-12-03,842,inferred
Lothian,2020-12-04,842,inferred
Lothian,2020-12-05,842,inferred
Lothian,2020-12-06,842,inferred
Lothian,2020-12-07,842,inferred
Lothian,2020-12-08,842,inferred
Lothian,2020-12-09,1089,inferred
Lothian,2020-12-10,1089,inferred
Lothian,2020-12-11,1089,inferred
Lothian,2020-12-12,1089,inferred
Lothian,2020-12-13,1089,inferred
Lothian,2020-12-14,1089,inferred
Lothian,2020-12-15,1089,inferred
Lothian,2020-12-16,1180,inferred
Lothian,2020-12-17,1180,inferred
Lothian,2020-12-18,1180,inferred
Lothian,2020-12-19,1180,inferred
Lothian,2020-12-20,1180,inferred
Lothian,2020-12-21,1180,inferred
Lothian,2020-12-22,1180,inferred
Lothian,2020-12-23,1265,inferred
Lothian,2020-12-24,1265,inferred
Lothian,2020-12-25,1265,inferred
Lothian,2020-12-26,1265,inferred
Lothian,2020-12-27,1265,inferred
Lothian,2020-12-28,1265,inferred
Lothian,2020-12-29,1265,inferred
Lothian,2020-12-30,1990,inferred
Lothian,2020-12-31,1990,inferred
Lothian,2021-01-01,1990,inferred
Lothian,2021-01-02,1990,inferred
Lothian,2021-01-03,1990,inferred
Lothian,2021-01-04,1990,inferred
Lothian,2021-01-05,1990,inferred
Lothian,2021-01-06,2752,projected
Lothian,2021-01-07,2752,projected
Lothian,2021-01-08,2752,projected
Lothian,2021-01-09,2752,projected
Lothian,2021-01-10,2752,projected
Lothian,2021-01-11,2752,projected
Lothian,2021-01-12,2752,projected
Lothian,2021-01-13,3993,projected
Lothian,2021-01-14,3993,projected
Lothian,2021-01-15,3993,projected
Lothian,2021-01-16,3993,projected
Lothian,2021-01-17,3993,projected
Lothian,2021-01-18,3993,projected
Lothian,2021-01-19,3993,projected
Lothian,2021-01-20,5901,projected
Lothian,2021-01-21,5901,projected
Lothian,2021-01-22,5901,projected
Lothian,2021-01-23,5901,projected
Lothian,2021-01-24,5901,projected
Lothian,2021-01-25,5901,projected
Lothian,2021-01-26,5901,projected
Luton,2020-09-23,135,inferred
Luton,2020-09-24,135,inferred
Luton,2020-09-25,135,inferred
Luton,2020-09-26,135,inferred
Luton,2020-09-27,135,inferred
Luton,2020-09-28,135,inferred
Luton,2020-09-29,135,inferred
Luton,2020-09-30,158,inferred
Luton,2020-10-01,158,inferred
Luton,2020-10-02,158,inferred
Luton,2020-10-03,158,inferred
Luton,2020-10-04,158,inferred
Luton,2020-10-05,158,inferred
Luton,2020-10-06,158,inferred
Luton,2020-10-07,222,inferred
Luton,2020-10-08,222,inferred
Luton,2020-10-09,222,inferred
Luton,2020-10-10,222,inferred
Luton,2020-10-11,222,inferred
Luton,2020-10-12,222,inferred
Luton,2020-10-13,222,inferred
Luton,2020-10-14,336,inferred
Luton,2020-10-15,336,inferred
Luton,2020-10-16,336,inferred
Luton,2020-10-17,336,inferred
Luton,2020-10-18,336,inferred
Luton,2020-10-19,336,inferred
Luton,2020-10-20,336,inferred
Luton,2020-10-21,369,inferred
Luton,2020-10-22,369,inferred
Luton,2020-10-23,369,inferred
Luton,2020-10-24,369,inferred
Luton,2020-10-25,369,inferred
Luton,2020-10-26,369,inferred
Luton,2020-10-27,369,inferred
Luton,2020-10-28,560,inferred
Luton,2020-10-29,560,inferred
Luton,2020-10-30,560,inferred
Luton,2020-10-31,560,inferred
Luton,2020-11-01,560,inferred
Luton,2020-11-02,560,inferred
Luton,2020-11-03,560,inferred
Luton,2020-11-04,541,inferred
Luton,2020-11-05,541,inferred
Luton,2020-11-06,541,inferred
Luton,2020-11-07,541,inferred
Luton,2020-11-08,541,inferred
Luton,2020-11-09,541,inferred
Luton,2020-11-10,541,inferred
Luton,2020-11-11,619,inferred
Luton,2020-11-12,619,inferred
Luton,2020-11-13,619,inferred
Luton,2020-11-14,619,inferred
Luton,2020-11-15,619,inferred
Luton,2020-11-16,619,inferred
Luton,2020-11-17,619,inferred
Luton,2020-11-18,572,inferred
Luton,2020-11-19,572,inferred
Luton,2020-11-20,572,inferred
Luton,2020-11-21,572,inferred
Luton,2020-11-22,572,inferred
Luton,2020-11-23,572,inferred
Luton,2020-11-24,572,inferred
Luton,2020-11-25,617,inferred
Luton,2020-11-26,617,inferred
Luton,2020-11-27,617,inferred
Luton,2020-11-28,617,inferred
Luton,2020-11-29,617,inferred
Luton,2020-11-30,617,inferred
Luton,2020-12-01,617,inferred
Luton,2020-12-02,622,inferred
Luton,2020-12-03,622,inferred
Luton,2020-12-04,622,inferred
Luton,2020-12-05,622,inferred
Luton,2020-12-06,622,inferred
Luton,2020-12-07,622,inferred
Luton,2020-12-08,622,inferred
Luton,2020-12-09,857,inferred
Luton,2020-12-10,857,inferred
Luton,2020-12-11,857,inferred
Luton,2020-12-12,857,inferred
Luton,2020-12-13,857,inferred
Luton,2020-12-14,857,inferred
Luton,2020-12-15,857,inferred
Luton,2020-12-16,1233,inferred
Luton,2020-12-17,1233,inferred
Luton,2020-12-18,1233,inferred
Luton,2020-12-19,1233,inferred
Luton,2020-12-20,1233,inferred
Luton,2020-12-21,1233,inferred
Luton,2020-12-22,1233,inferred
Luton,2020-12-23,1325,inferred
Luton,2020-12-24,1325,inferred
Luton,2020-12-25,1325,inferred
Luton,2020-12-26,1325,inferred
Luton,2020-12-27,1325,inferred
Luton,2020-12-28,1325,inferred
Luton,2020-12-29,1325,inferred
Luton,2020-12-30,1944,inferred
Luton,2020-12-31,1944,inferred
Luton,2021-01-01,1944,inferred
Luton,2021-01-02,1944,inferred
Luton,2021-01-03,1944,inferred
Luton,2021-01-04,1944,inferred
Luton,2021-01-05,1944,inferred
Luton,2021-01-06,1973,projected
Luton,2021-01-07,1973,projected
Luton,2021-01-08,1973,projected
Luton,2021-01-09,1973,projected
Luton,2021-01-10,1973,projected
Luton,2021-01-11,1973,projected
Luton,2021-01-12,1973,projected
Luton,2021-01-13,2000,projected
Luton,2021-01-14,2000,projected
Luton,2021-01-15,2000,projected
Luton,2021-01-16,2000,projected
Luton,2021-01-17,2000,projected
Luton,2021-01-18,2000,projected
Luton,2021-01-19,2000,projected
Luton,2021-01-20,2089,projected
Luton,2021-01-21,2089,projected
Luton,2021-01-22,2089,projected
Luton,2021-01-23,2089,projected
Luton,2021-01-24,2089,projected
Luton,2021-01-25,2089,projected
Luton,2021-01-26,2089,projected
Maidstone,2020-09-23, 16,inferred
Maidstone,2020-09-24, 16,inferred
Maidstone,2020-09-25, 16,inferred
Maidstone,2020-09-26, 16,inferred
Maidstone,2020-09-27, 16,inferred
Maidstone,2020-09-28, 16,inferred
Maidstone,2020-09-29, 16,inferred
Maidstone,2020-09-30, 41,inferred
Maidstone,2020-10-01, 41,inferred
Maidstone,2020-10-02, 41,inferred
Maidstone,2020-10-03, 41,inferred
Maidstone,2020-10-04, 41,inferred
Maidstone,2020-10-05, 41,inferred
Maidstone,2020-10-06, 41,inferred
Maidstone,2020-10-07, 62,inferred
Maidstone,2020-10-08, 62,inferred
Maidstone,2020-10-09, 62,inferred
Maidstone,2020-10-10, 62,inferred
Maidstone,2020-10-11, 62,inferred
Maidstone,2020-10-12, 62,inferred
Maidstone,2020-10-13, 62,inferred
Maidstone,2020-10-14, 79,inferred
Maidstone,2020-10-15, 79,inferred
Maidstone,2020-10-16, 79,inferred
Maidstone,2020-10-17, 79,inferred
Maidstone,2020-10-18, 79,inferred
Maidstone,2020-10-19, 79,inferred
Maidstone,2020-10-20, 79,inferred
Maidstone,2020-10-21,161,inferred
Maidstone,2020-10-22,161,inferred
Maidstone,2020-10-23,161,inferred
Maidstone,2020-10-24,161,inferred
Maidstone,2020-10-25,161,inferred
Maidstone,2020-10-26,161,inferred
Maidstone,2020-10-27,161,inferred
Maidstone,2020-10-28,222,inferred
Maidstone,2020-10-29,222,inferred
Maidstone,2020-10-30,222,inferred
Maidstone,2020-10-31,222,inferred
Maidstone,2020-11-01,222,inferred
Maidstone,2020-11-02,222,inferred
Maidstone,2020-11-03,222,inferred
Maidstone,2020-11-04,300,inferred
Maidstone,2020-11-05,300,inferred
Maidstone,2020-11-06,300,inferred
Maidstone,2020-11-07,300,inferred
Maidstone,2020-11-08,300,inferred
Maidstone,2020-11-09,300,inferred
Maidstone,2020-11-10,300,inferred
Maidstone,2020-11-11,431,inferred
Maidstone,2020-11-12,431,inferred
Maidstone,2020-11-13,431,inferred
Maidstone,2020-11-14,431,inferred
Maidstone,2020-11-15,431,inferred
Maidstone,2020-11-16,431,inferred
Maidstone,2020-11-17,431,inferred
Maidstone,2020-11-18,526,inferred
Maidstone,2020-11-19,526,inferred
Maidstone,2020-11-20,526,inferred
Maidstone,2020-11-21,526,inferred
Maidstone,2020-11-22,526,inferred
Maidstone,2020-11-23,526,inferred
Maidstone,2020-11-24,526,inferred
Maidstone,2020-11-25,673,inferred
Maidstone,2020-11-26,673,inferred
Maidstone,2020-11-27,673,inferred
Maidstone,2020-11-28,673,inferred
Maidstone,2020-11-29,673,inferred
Maidstone,2020-11-30,673,inferred
Maidstone,2020-12-01,673,inferred
Maidstone,2020-12-02,800,inferred
Maidstone,2020-12-03,800,inferred
Maidstone,2020-12-04,800,inferred
Maidstone,2020-12-05,800,inferred
Maidstone,2020-12-06,800,inferred
Maidstone,2020-12-07,800,inferred
Maidstone,2020-12-08,800,inferred
Maidstone,2020-12-09,1227,inferred
Maidstone,2020-12-10,1227,inferred
Maidstone,2020-12-11,1227,inferred
Maidstone,2020-12-12,1227,inferred
Maidstone,2020-12-13,1227,inferred
Maidstone,2020-12-14,1227,inferred
Maidstone,2020-12-15,1227,inferred
Maidstone,2020-12-16,1367,inferred
Maidstone,2020-12-17,1367,inferred
Maidstone,2020-12-18,1367,inferred
Maidstone,2020-12-19,1367,inferred
Maidstone,2020-12-20,1367,inferred
Maidstone,2020-12-21,1367,inferred
Maidstone,2020-12-22,1367,inferred
Maidstone,2020-12-23,1296,inferred
Maidstone,2020-12-24,1296,inferred
Maidstone,2020-12-25,1296,inferred
Maidstone,2020-12-26,1296,inferred
Maidstone,2020-12-27,1296,inferred
Maidstone,2020-12-28,1296,inferred
Maidstone,2020-12-29,1296,inferred
Maidstone,2020-12-30,1406,inferred
Maidstone,2020-12-31,1406,inferred
Maidstone,2021-01-01,1406,inferred
Maidstone,2021-01-02,1406,inferred
Maidstone,2021-01-03,1406,inferred
Maidstone,2021-01-04,1406,inferred
Maidstone,2021-01-05,1406,inferred
Maidstone,2021-01-06,1200,projected
Maidstone,2021-01-07,1200,projected
Maidstone,2021-01-08,1200,projected
Maidstone,2021-01-09,1200,projected
Maidstone,2021-01-10,1200,projected
Maidstone,2021-01-11,1200,projected
Maidstone,2021-01-12,1200,projected
Maidstone,2021-01-13,990,projected
Maidstone,2021-01-14,990,projected
Maidstone,2021-01-15,990,projected
Maidstone,2021-01-16,990,projected
Maidstone,2021-01-17,990,projected
Maidstone,2021-01-18,990,projected
Maidstone,2021-01-19,990,projected
Maidstone,2021-01-20,834,projected
Maidstone,2021-01-21,834,projected
Maidstone,2021-01-22,834,projected
Maidstone,2021-01-23,834,projected
Maidstone,2021-01-24,834,projected
Maidstone,2021-01-25,834,projected
Maidstone,2021-01-26,834,projected
Maldon,2020-09-23, 13,inferred
Maldon,2020-09-24, 13,inferred
Maldon,2020-09-25, 13,inferred
Maldon,2020-09-26, 13,inferred
Maldon,2020-09-27, 13,inferred
Maldon,2020-09-28, 13,inferred
Maldon,2020-09-29, 13,inferred
Maldon,2020-09-30, 19,inferred
Maldon,2020-10-01, 19,inferred
Maldon,2020-10-02, 19,inferred
Maldon,2020-10-03, 19,inferred
Maldon,2020-10-04, 19,inferred
Maldon,2020-10-05, 19,inferred
Maldon,2020-10-06, 19,inferred
Maldon,2020-10-07, 21,inferred
Maldon,2020-10-08, 21,inferred
Maldon,2020-10-09, 21,inferred
Maldon,2020-10-10, 21,inferred
Maldon,2020-10-11, 21,inferred
Maldon,2020-10-12, 21,inferred
Maldon,2020-10-13, 21,inferred
Maldon,2020-10-14, 37,inferred
Maldon,2020-10-15, 37,inferred
Maldon,2020-10-16, 37,inferred
Maldon,2020-10-17, 37,inferred
Maldon,2020-10-18, 37,inferred
Maldon,2020-10-19, 37,inferred
Maldon,2020-10-20, 37,inferred
Maldon,2020-10-21, 43,inferred
Maldon,2020-10-22, 43,inferred
Maldon,2020-10-23, 43,inferred
Maldon,2020-10-24, 43,inferred
Maldon,2020-10-25, 43,inferred
Maldon,2020-10-26, 43,inferred
Maldon,2020-10-27, 43,inferred
Maldon,2020-10-28, 40,inferred
Maldon,2020-10-29, 40,inferred
Maldon,2020-10-30, 40,inferred
Maldon,2020-10-31, 40,inferred
Maldon,2020-11-01, 40,inferred
Maldon,2020-11-02, 40,inferred
Maldon,2020-11-03, 40,inferred
Maldon,2020-11-04, 51,inferred
Maldon,2020-11-05, 51,inferred
Maldon,2020-11-06, 51,inferred
Maldon,2020-11-07, 51,inferred
Maldon,2020-11-08, 51,inferred
Maldon,2020-11-09, 51,inferred
Maldon,2020-11-10, 51,inferred
Maldon,2020-11-11, 50,inferred
Maldon,2020-11-12, 50,inferred
Maldon,2020-11-13, 50,inferred
Maldon,2020-11-14, 50,inferred
Maldon,2020-11-15, 50,inferred
Maldon,2020-11-16, 50,inferred
Maldon,2020-11-17, 50,inferred
Maldon,2020-11-18, 40,inferred
Maldon,2020-11-19, 40,inferred
Maldon,2020-11-20, 40,inferred
Maldon,2020-11-21, 40,inferred
Maldon,2020-11-22, 40,inferred
Maldon,2020-11-23, 40,inferred
Maldon,2020-11-24, 40,inferred
Maldon,2020-11-25, 53,inferred
Maldon,2020-11-26, 53,inferred
Maldon,2020-11-27, 53,inferred
Maldon,2020-11-28, 53,inferred
Maldon,2020-11-29, 53,inferred
Maldon,2020-11-30, 53,inferred
Maldon,2020-12-01, 53,inferred
Maldon,2020-12-02,121,inferred
Maldon,2020-12-03,121,inferred
Maldon,2020-12-04,121,inferred
Maldon,2020-12-05,121,inferred
Maldon,2020-12-06,121,inferred
Maldon,2020-12-07,121,inferred
Maldon,2020-12-08,121,inferred
Maldon,2020-12-09,241,inferred
Maldon,2020-12-10,241,inferred
Maldon,2020-12-11,241,inferred
Maldon,2020-12-12,241,inferred
Maldon,2020-12-13,241,inferred
Maldon,2020-12-14,241,inferred
Maldon,2020-12-15,241,inferred
Maldon,2020-12-16,449,inferred
Maldon,2020-12-17,449,inferred
Maldon,2020-12-18,449,inferred
Maldon,2020-12-19,449,inferred
Maldon,2020-12-20,449,inferred
Maldon,2020-12-21,449,inferred
Maldon,2020-12-22,449,inferred
Maldon,2020-12-23,572,inferred
Maldon,2020-12-24,572,inferred
Maldon,2020-12-25,572,inferred
Maldon,2020-12-26,572,inferred
Maldon,2020-12-27,572,inferred
Maldon,2020-12-28,572,inferred
Maldon,2020-12-29,572,inferred
Maldon,2020-12-30,611,inferred
Maldon,2020-12-31,611,inferred
Maldon,2021-01-01,611,inferred
Maldon,2021-01-02,611,inferred
Maldon,2021-01-03,611,inferred
Maldon,2021-01-04,611,inferred
Maldon,2021-01-05,611,inferred
Maldon,2021-01-06,504,projected
Maldon,2021-01-07,504,projected
Maldon,2021-01-08,504,projected
Maldon,2021-01-09,504,projected
Maldon,2021-01-10,504,projected
Maldon,2021-01-11,504,projected
Maldon,2021-01-12,504,projected
Maldon,2021-01-13,393,projected
Maldon,2021-01-14,393,projected
Maldon,2021-01-15,393,projected
Maldon,2021-01-16,393,projected
Maldon,2021-01-17,393,projected
Maldon,2021-01-18,393,projected
Maldon,2021-01-19,393,projected
Maldon,2021-01-20,317,projected
Maldon,2021-01-21,317,projected
Maldon,2021-01-22,317,projected
Maldon,2021-01-23,317,projected
Maldon,2021-01-24,317,projected
Maldon,2021-01-25,317,projected
Maldon,2021-01-26,317,projected
Malvern Hills,2020-09-23, 26,inferred
Malvern Hills,2020-09-24, 26,inferred
Malvern Hills,2020-09-25, 26,inferred
Malvern Hills,2020-09-26, 26,inferred
Malvern Hills,2020-09-27, 26,inferred
Malvern Hills,2020-09-28, 26,inferred
Malvern Hills,2020-09-29, 26,inferred
Malvern Hills,2020-09-30, 52,inferred
Malvern Hills,2020-10-01, 52,inferred
Malvern Hills,2020-10-02, 52,inferred
Malvern Hills,2020-10-03, 52,inferred
Malvern Hills,2020-10-04, 52,inferred
Malvern Hills,2020-10-05, 52,inferred
Malvern Hills,2020-10-06, 52,inferred
Malvern Hills,2020-10-07, 46,inferred
Malvern Hills,2020-10-08, 46,inferred
Malvern Hills,2020-10-09, 46,inferred
Malvern Hills,2020-10-10, 46,inferred
Malvern Hills,2020-10-11, 46,inferred
Malvern Hills,2020-10-12, 46,inferred
Malvern Hills,2020-10-13, 46,inferred
Malvern Hills,2020-10-14, 54,inferred
Malvern Hills,2020-10-15, 54,inferred
Malvern Hills,2020-10-16, 54,inferred
Malvern Hills,2020-10-17, 54,inferred
Malvern Hills,2020-10-18, 54,inferred
Malvern Hills,2020-10-19, 54,inferred
Malvern Hills,2020-10-20, 54,inferred
Malvern Hills,2020-10-21, 94,inferred
Malvern Hills,2020-10-22, 94,inferred
Malvern Hills,2020-10-23, 94,inferred
Malvern Hills,2020-10-24, 94,inferred
Malvern Hills,2020-10-25, 94,inferred
Malvern Hills,2020-10-26, 94,inferred
Malvern Hills,2020-10-27, 94,inferred
Malvern Hills,2020-10-28, 99,inferred
Malvern Hills,2020-10-29, 99,inferred
Malvern Hills,2020-10-30, 99,inferred
Malvern Hills,2020-10-31, 99,inferred
Malvern Hills,2020-11-01, 99,inferred
Malvern Hills,2020-11-02, 99,inferred
Malvern Hills,2020-11-03, 99,inferred
Malvern Hills,2020-11-04, 97,inferred
Malvern Hills,2020-11-05, 97,inferred
Malvern Hills,2020-11-06, 97,inferred
Malvern Hills,2020-11-07, 97,inferred
Malvern Hills,2020-11-08, 97,inferred
Malvern Hills,2020-11-09, 97,inferred
Malvern Hills,2020-11-10, 97,inferred
Malvern Hills,2020-11-11, 76,inferred
Malvern Hills,2020-11-12, 76,inferred
Malvern Hills,2020-11-13, 76,inferred
Malvern Hills,2020-11-14, 76,inferred
Malvern Hills,2020-11-15, 76,inferred
Malvern Hills,2020-11-16, 76,inferred
Malvern Hills,2020-11-17, 76,inferred
Malvern Hills,2020-11-18, 66,inferred
Malvern Hills,2020-11-19, 66,inferred
Malvern Hills,2020-11-20, 66,inferred
Malvern Hills,2020-11-21, 66,inferred
Malvern Hills,2020-11-22, 66,inferred
Malvern Hills,2020-11-23, 66,inferred
Malvern Hills,2020-11-24, 66,inferred
Malvern Hills,2020-11-25, 54,inferred
Malvern Hills,2020-11-26, 54,inferred
Malvern Hills,2020-11-27, 54,inferred
Malvern Hills,2020-11-28, 54,inferred
Malvern Hills,2020-11-29, 54,inferred
Malvern Hills,2020-11-30, 54,inferred
Malvern Hills,2020-12-01, 54,inferred
Malvern Hills,2020-12-02, 39,inferred
Malvern Hills,2020-12-03, 39,inferred
Malvern Hills,2020-12-04, 39,inferred
Malvern Hills,2020-12-05, 39,inferred
Malvern Hills,2020-12-06, 39,inferred
Malvern Hills,2020-12-07, 39,inferred
Malvern Hills,2020-12-08, 39,inferred
Malvern Hills,2020-12-09, 63,inferred
Malvern Hills,2020-12-10, 63,inferred
Malvern Hills,2020-12-11, 63,inferred
Malvern Hills,2020-12-12, 63,inferred
Malvern Hills,2020-12-13, 63,inferred
Malvern Hills,2020-12-14, 63,inferred
Malvern Hills,2020-12-15, 63,inferred
Malvern Hills,2020-12-16, 84,inferred
Malvern Hills,2020-12-17, 84,inferred
Malvern Hills,2020-12-18, 84,inferred
Malvern Hills,2020-12-19, 84,inferred
Malvern Hills,2020-12-20, 84,inferred
Malvern Hills,2020-12-21, 84,inferred
Malvern Hills,2020-12-22, 84,inferred
Malvern Hills,2020-12-23,151,inferred
Malvern Hills,2020-12-24,151,inferred
Malvern Hills,2020-12-25,151,inferred
Malvern Hills,2020-12-26,151,inferred
Malvern Hills,2020-12-27,151,inferred
Malvern Hills,2020-12-28,151,inferred
Malvern Hills,2020-12-29,151,inferred
Malvern Hills,2020-12-30,229,inferred
Malvern Hills,2020-12-31,229,inferred
Malvern Hills,2021-01-01,229,inferred
Malvern Hills,2021-01-02,229,inferred
Malvern Hills,2021-01-03,229,inferred
Malvern Hills,2021-01-04,229,inferred
Malvern Hills,2021-01-05,229,inferred
Malvern Hills,2021-01-06,297,projected
Malvern Hills,2021-01-07,297,projected
Malvern Hills,2021-01-08,297,projected
Malvern Hills,2021-01-09,297,projected
Malvern Hills,2021-01-10,297,projected
Malvern Hills,2021-01-11,297,projected
Malvern Hills,2021-01-12,297,projected
Malvern Hills,2021-01-13,363,projected
Malvern Hills,2021-01-14,363,projected
Malvern Hills,2021-01-15,363,projected
Malvern Hills,2021-01-16,363,projected
Malvern Hills,2021-01-17,363,projected
Malvern Hills,2021-01-18,363,projected
Malvern Hills,2021-01-19,363,projected
Malvern Hills,2021-01-20,426,projected
Malvern Hills,2021-01-21,426,projected
Malvern Hills,2021-01-22,426,projected
Malvern Hills,2021-01-23,426,projected
Malvern Hills,2021-01-24,426,projected
Malvern Hills,2021-01-25,426,projected
Malvern Hills,2021-01-26,426,projected
Manchester,2020-09-23,3398,inferred
Manchester,2020-09-24,3398,inferred
Manchester,2020-09-25,3398,inferred
Manchester,2020-09-26,3398,inferred
Manchester,2020-09-27,3398,inferred
Manchester,2020-09-28,3398,inferred
Manchester,2020-09-29,3398,inferred
Manchester,2020-09-30,4034,inferred
Manchester,2020-10-01,4034,inferred
Manchester,2020-10-02,4034,inferred
Manchester,2020-10-03,4034,inferred
Manchester,2020-10-04,4034,inferred
Manchester,2020-10-05,4034,inferred
Manchester,2020-10-06,4034,inferred
Manchester,2020-10-07,2725,inferred
Manchester,2020-10-08,2725,inferred
Manchester,2020-10-09,2725,inferred
Manchester,2020-10-10,2725,inferred
Manchester,2020-10-11,2725,inferred
Manchester,2020-10-12,2725,inferred
Manchester,2020-10-13,2725,inferred
Manchester,2020-10-14,2828,inferred
Manchester,2020-10-15,2828,inferred
Manchester,2020-10-16,2828,inferred
Manchester,2020-10-17,2828,inferred
Manchester,2020-10-18,2828,inferred
Manchester,2020-10-19,2828,inferred
Manchester,2020-10-20,2828,inferred
Manchester,2020-10-21,2816,inferred
Manchester,2020-10-22,2816,inferred
Manchester,2020-10-23,2816,inferred
Manchester,2020-10-24,2816,inferred
Manchester,2020-10-25,2816,inferred
Manchester,2020-10-26,2816,inferred
Manchester,2020-10-27,2816,inferred
Manchester,2020-10-28,2675,inferred
Manchester,2020-10-29,2675,inferred
Manchester,2020-10-30,2675,inferred
Manchester,2020-10-31,2675,inferred
Manchester,2020-11-01,2675,inferred
Manchester,2020-11-02,2675,inferred
Manchester,2020-11-03,2675,inferred
Manchester,2020-11-04,2222,inferred
Manchester,2020-11-05,2222,inferred
Manchester,2020-11-06,2222,inferred
Manchester,2020-11-07,2222,inferred
Manchester,2020-11-08,2222,inferred
Manchester,2020-11-09,2222,inferred
Manchester,2020-11-10,2222,inferred
Manchester,2020-11-11,1819,inferred
Manchester,2020-11-12,1819,inferred
Manchester,2020-11-13,1819,inferred
Manchester,2020-11-14,1819,inferred
Manchester,2020-11-15,1819,inferred
Manchester,2020-11-16,1819,inferred
Manchester,2020-11-17,1819,inferred
Manchester,2020-11-18,1225,inferred
Manchester,2020-11-19,1225,inferred
Manchester,2020-11-20,1225,inferred
Manchester,2020-11-21,1225,inferred
Manchester,2020-11-22,1225,inferred
Manchester,2020-11-23,1225,inferred
Manchester,2020-11-24,1225,inferred
Manchester,2020-11-25,982,inferred
Manchester,2020-11-26,982,inferred
Manchester,2020-11-27,982,inferred
Manchester,2020-11-28,982,inferred
Manchester,2020-11-29,982,inferred
Manchester,2020-11-30,982,inferred
Manchester,2020-12-01,982,inferred
Manchester,2020-12-02,972,inferred
Manchester,2020-12-03,972,inferred
Manchester,2020-12-04,972,inferred
Manchester,2020-12-05,972,inferred
Manchester,2020-12-06,972,inferred
Manchester,2020-12-07,972,inferred
Manchester,2020-12-08,972,inferred
Manchester,2020-12-09,961,inferred
Manchester,2020-12-10,961,inferred
Manchester,2020-12-11,961,inferred
Manchester,2020-12-12,961,inferred
Manchester,2020-12-13,961,inferred
Manchester,2020-12-14,961,inferred
Manchester,2020-12-15,961,inferred
Manchester,2020-12-16,1145,inferred
Manchester,2020-12-17,1145,inferred
Manchester,2020-12-18,1145,inferred
Manchester,2020-12-19,1145,inferred
Manchester,2020-12-20,1145,inferred
Manchester,2020-12-21,1145,inferred
Manchester,2020-12-22,1145,inferred
Manchester,2020-12-23,1324,inferred
Manchester,2020-12-24,1324,inferred
Manchester,2020-12-25,1324,inferred
Manchester,2020-12-26,1324,inferred
Manchester,2020-12-27,1324,inferred
Manchester,2020-12-28,1324,inferred
Manchester,2020-12-29,1324,inferred
Manchester,2020-12-30,2437,inferred
Manchester,2020-12-31,2437,inferred
Manchester,2021-01-01,2437,inferred
Manchester,2021-01-02,2437,inferred
Manchester,2021-01-03,2437,inferred
Manchester,2021-01-04,2437,inferred
Manchester,2021-01-05,2437,inferred
Manchester,2021-01-06,2857,projected
Manchester,2021-01-07,2857,projected
Manchester,2021-01-08,2857,projected
Manchester,2021-01-09,2857,projected
Manchester,2021-01-10,2857,projected
Manchester,2021-01-11,2857,projected
Manchester,2021-01-12,2857,projected
Manchester,2021-01-13,3400,projected
Manchester,2021-01-14,3400,projected
Manchester,2021-01-15,3400,projected
Manchester,2021-01-16,3400,projected
Manchester,2021-01-17,3400,projected
Manchester,2021-01-18,3400,projected
Manchester,2021-01-19,3400,projected
Manchester,2021-01-20,3775,projected
Manchester,2021-01-21,3775,projected
Manchester,2021-01-22,3775,projected
Manchester,2021-01-23,3775,projected
Manchester,2021-01-24,3775,projected
Manchester,2021-01-25,3775,projected
Manchester,2021-01-26,3775,projected
Mansfield,2020-09-23, 45,inferred
Mansfield,2020-09-24, 45,inferred
Mansfield,2020-09-25, 45,inferred
Mansfield,2020-09-26, 45,inferred
Mansfield,2020-09-27, 45,inferred
Mansfield,2020-09-28, 45,inferred
Mansfield,2020-09-29, 45,inferred
Mansfield,2020-09-30, 76,inferred
Mansfield,2020-10-01, 76,inferred
Mansfield,2020-10-02, 76,inferred
Mansfield,2020-10-03, 76,inferred
Mansfield,2020-10-04, 76,inferred
Mansfield,2020-10-05, 76,inferred
Mansfield,2020-10-06, 76,inferred
Mansfield,2020-10-07,169,inferred
Mansfield,2020-10-08,169,inferred
Mansfield,2020-10-09,169,inferred
Mansfield,2020-10-10,169,inferred
Mansfield,2020-10-11,169,inferred
Mansfield,2020-10-12,169,inferred
Mansfield,2020-10-13,169,inferred
Mansfield,2020-10-14,282,inferred
Mansfield,2020-10-15,282,inferred
Mansfield,2020-10-16,282,inferred
Mansfield,2020-10-17,282,inferred
Mansfield,2020-10-18,282,inferred
Mansfield,2020-10-19,282,inferred
Mansfield,2020-10-20,282,inferred
Mansfield,2020-10-21,381,inferred
Mansfield,2020-10-22,381,inferred
Mansfield,2020-10-23,381,inferred
Mansfield,2020-10-24,381,inferred
Mansfield,2020-10-25,381,inferred
Mansfield,2020-10-26,381,inferred
Mansfield,2020-10-27,381,inferred
Mansfield,2020-10-28,430,inferred
Mansfield,2020-10-29,430,inferred
Mansfield,2020-10-30,430,inferred
Mansfield,2020-10-31,430,inferred
Mansfield,2020-11-01,430,inferred
Mansfield,2020-11-02,430,inferred
Mansfield,2020-11-03,430,inferred
Mansfield,2020-11-04,377,inferred
Mansfield,2020-11-05,377,inferred
Mansfield,2020-11-06,377,inferred
Mansfield,2020-11-07,377,inferred
Mansfield,2020-11-08,377,inferred
Mansfield,2020-11-09,377,inferred
Mansfield,2020-11-10,377,inferred
Mansfield,2020-11-11,380,inferred
Mansfield,2020-11-12,380,inferred
Mansfield,2020-11-13,380,inferred
Mansfield,2020-11-14,380,inferred
Mansfield,2020-11-15,380,inferred
Mansfield,2020-11-16,380,inferred
Mansfield,2020-11-17,380,inferred
Mansfield,2020-11-18,219,inferred
Mansfield,2020-11-19,219,inferred
Mansfield,2020-11-20,219,inferred
Mansfield,2020-11-21,219,inferred
Mansfield,2020-11-22,219,inferred
Mansfield,2020-11-23,219,inferred
Mansfield,2020-11-24,219,inferred
Mansfield,2020-11-25,153,inferred
Mansfield,2020-11-26,153,inferred
Mansfield,2020-11-27,153,inferred
Mansfield,2020-11-28,153,inferred
Mansfield,2020-11-29,153,inferred
Mansfield,2020-11-30,153,inferred
Mansfield,2020-12-01,153,inferred
Mansfield,2020-12-02,130,inferred
Mansfield,2020-12-03,130,inferred
Mansfield,2020-12-04,130,inferred
Mansfield,2020-12-05,130,inferred
Mansfield,2020-12-06,130,inferred
Mansfield,2020-12-07,130,inferred
Mansfield,2020-12-08,130,inferred
Mansfield,2020-12-09,279,inferred
Mansfield,2020-12-10,279,inferred
Mansfield,2020-12-11,279,inferred
Mansfield,2020-12-12,279,inferred
Mansfield,2020-12-13,279,inferred
Mansfield,2020-12-14,279,inferred
Mansfield,2020-12-15,279,inferred
Mansfield,2020-12-16,284,inferred
Mansfield,2020-12-17,284,inferred
Mansfield,2020-12-18,284,inferred
Mansfield,2020-12-19,284,inferred
Mansfield,2020-12-20,284,inferred
Mansfield,2020-12-21,284,inferred
Mansfield,2020-12-22,284,inferred
Mansfield,2020-12-23,360,inferred
Mansfield,2020-12-24,360,inferred
Mansfield,2020-12-25,360,inferred
Mansfield,2020-12-26,360,inferred
Mansfield,2020-12-27,360,inferred
Mansfield,2020-12-28,360,inferred
Mansfield,2020-12-29,360,inferred
Mansfield,2020-12-30,543,inferred
Mansfield,2020-12-31,543,inferred
Mansfield,2021-01-01,543,inferred
Mansfield,2021-01-02,543,inferred
Mansfield,2021-01-03,543,inferred
Mansfield,2021-01-04,543,inferred
Mansfield,2021-01-05,543,inferred
Mansfield,2021-01-06,632,projected
Mansfield,2021-01-07,632,projected
Mansfield,2021-01-08,632,projected
Mansfield,2021-01-09,632,projected
Mansfield,2021-01-10,632,projected
Mansfield,2021-01-11,632,projected
Mansfield,2021-01-12,632,projected
Mansfield,2021-01-13,687,projected
Mansfield,2021-01-14,687,projected
Mansfield,2021-01-15,687,projected
Mansfield,2021-01-16,687,projected
Mansfield,2021-01-17,687,projected
Mansfield,2021-01-18,687,projected
Mansfield,2021-01-19,687,projected
Mansfield,2021-01-20,748,projected
Mansfield,2021-01-21,748,projected
Mansfield,2021-01-22,748,projected
Mansfield,2021-01-23,748,projected
Mansfield,2021-01-24,748,projected
Mansfield,2021-01-25,748,projected
Mansfield,2021-01-26,748,projected
Medway,2020-09-23, 55,inferred
Medway,2020-09-24, 55,inferred
Medway,2020-09-25, 55,inferred
Medway,2020-09-26, 55,inferred
Medway,2020-09-27, 55,inferred
Medway,2020-09-28, 55,inferred
Medway,2020-09-29, 55,inferred
Medway,2020-09-30, 88,inferred
Medway,2020-10-01, 88,inferred
Medway,2020-10-02, 88,inferred
Medway,2020-10-03, 88,inferred
Medway,2020-10-04, 88,inferred
Medway,2020-10-05, 88,inferred
Medway,2020-10-06, 88,inferred
Medway,2020-10-07,109,inferred
Medway,2020-10-08,109,inferred
Medway,2020-10-09,109,inferred
Medway,2020-10-10,109,inferred
Medway,2020-10-11,109,inferred
Medway,2020-10-12,109,inferred
Medway,2020-10-13,109,inferred
Medway,2020-10-14,172,inferred
Medway,2020-10-15,172,inferred
Medway,2020-10-16,172,inferred
Medway,2020-10-17,172,inferred
Medway,2020-10-18,172,inferred
Medway,2020-10-19,172,inferred
Medway,2020-10-20,172,inferred
Medway,2020-10-21,316,inferred
Medway,2020-10-22,316,inferred
Medway,2020-10-23,316,inferred
Medway,2020-10-24,316,inferred
Medway,2020-10-25,316,inferred
Medway,2020-10-26,316,inferred
Medway,2020-10-27,316,inferred
Medway,2020-10-28,469,inferred
Medway,2020-10-29,469,inferred
Medway,2020-10-30,469,inferred
Medway,2020-10-31,469,inferred
Medway,2020-11-01,469,inferred
Medway,2020-11-02,469,inferred
Medway,2020-11-03,469,inferred
Medway,2020-11-04,647,inferred
Medway,2020-11-05,647,inferred
Medway,2020-11-06,647,inferred
Medway,2020-11-07,647,inferred
Medway,2020-11-08,647,inferred
Medway,2020-11-09,647,inferred
Medway,2020-11-10,647,inferred
Medway,2020-11-11,1010,inferred
Medway,2020-11-12,1010,inferred
Medway,2020-11-13,1010,inferred
Medway,2020-11-14,1010,inferred
Medway,2020-11-15,1010,inferred
Medway,2020-11-16,1010,inferred
Medway,2020-11-17,1010,inferred
Medway,2020-11-18,1316,inferred
Medway,2020-11-19,1316,inferred
Medway,2020-11-20,1316,inferred
Medway,2020-11-21,1316,inferred
Medway,2020-11-22,1316,inferred
Medway,2020-11-23,1316,inferred
Medway,2020-11-24,1316,inferred
Medway,2020-11-25,1662,inferred
Medway,2020-11-26,1662,inferred
Medway,2020-11-27,1662,inferred
Medway,2020-11-28,1662,inferred
Medway,2020-11-29,1662,inferred
Medway,2020-11-30,1662,inferred
Medway,2020-12-01,1662,inferred
Medway,2020-12-02,1686,inferred
Medway,2020-12-03,1686,inferred
Medway,2020-12-04,1686,inferred
Medway,2020-12-05,1686,inferred
Medway,2020-12-06,1686,inferred
Medway,2020-12-07,1686,inferred
Medway,2020-12-08,1686,inferred
Medway,2020-12-09,2598,inferred
Medway,2020-12-10,2598,inferred
Medway,2020-12-11,2598,inferred
Medway,2020-12-12,2598,inferred
Medway,2020-12-13,2598,inferred
Medway,2020-12-14,2598,inferred
Medway,2020-12-15,2598,inferred
Medway,2020-12-16,3003,inferred
Medway,2020-12-17,3003,inferred
Medway,2020-12-18,3003,inferred
Medway,2020-12-19,3003,inferred
Medway,2020-12-20,3003,inferred
Medway,2020-12-21,3003,inferred
Medway,2020-12-22,3003,inferred
Medway,2020-12-23,2724,inferred
Medway,2020-12-24,2724,inferred
Medway,2020-12-25,2724,inferred
Medway,2020-12-26,2724,inferred
Medway,2020-12-27,2724,inferred
Medway,2020-12-28,2724,inferred
Medway,2020-12-29,2724,inferred
Medway,2020-12-30,2954,inferred
Medway,2020-12-31,2954,inferred
Medway,2021-01-01,2954,inferred
Medway,2021-01-02,2954,inferred
Medway,2021-01-03,2954,inferred
Medway,2021-01-04,2954,inferred
Medway,2021-01-05,2954,inferred
Medway,2021-01-06,2503,projected
Medway,2021-01-07,2503,projected
Medway,2021-01-08,2503,projected
Medway,2021-01-09,2503,projected
Medway,2021-01-10,2503,projected
Medway,2021-01-11,2503,projected
Medway,2021-01-12,2503,projected
Medway,2021-01-13,2104,projected
Medway,2021-01-14,2104,projected
Medway,2021-01-15,2104,projected
Medway,2021-01-16,2104,projected
Medway,2021-01-17,2104,projected
Medway,2021-01-18,2104,projected
Medway,2021-01-19,2104,projected
Medway,2021-01-20,1861,projected
Medway,2021-01-21,1861,projected
Medway,2021-01-22,1861,projected
Medway,2021-01-23,1861,projected
Medway,2021-01-24,1861,projected
Medway,2021-01-25,1861,projected
Medway,2021-01-26,1861,projected
Melton,2020-09-23,  8,inferred
Melton,2020-09-24,  8,inferred
Melton,2020-09-25,  8,inferred
Melton,2020-09-26,  8,inferred
Melton,2020-09-27,  8,inferred
Melton,2020-09-28,  8,inferred
Melton,2020-09-29,  8,inferred
Melton,2020-09-30, 45,inferred
Melton,2020-10-01, 45,inferred
Melton,2020-10-02, 45,inferred
Melton,2020-10-03, 45,inferred
Melton,2020-10-04, 45,inferred
Melton,2020-10-05, 45,inferred
Melton,2020-10-06, 45,inferred
Melton,2020-10-07, 36,inferred
Melton,2020-10-08, 36,inferred
Melton,2020-10-09, 36,inferred
Melton,2020-10-10, 36,inferred
Melton,2020-10-11, 36,inferred
Melton,2020-10-12, 36,inferred
Melton,2020-10-13, 36,inferred
Melton,2020-10-14, 64,inferred
Melton,2020-10-15, 64,inferred
Melton,2020-10-16, 64,inferred
Melton,2020-10-17, 64,inferred
Melton,2020-10-18, 64,inferred
Melton,2020-10-19, 64,inferred
Melton,2020-10-20, 64,inferred
Melton,2020-10-21, 75,inferred
Melton,2020-10-22, 75,inferred
Melton,2020-10-23, 75,inferred
Melton,2020-10-24, 75,inferred
Melton,2020-10-25, 75,inferred
Melton,2020-10-26, 75,inferred
Melton,2020-10-27, 75,inferred
Melton,2020-10-28,126,inferred
Melton,2020-10-29,126,inferred
Melton,2020-10-30,126,inferred
Melton,2020-10-31,126,inferred
Melton,2020-11-01,126,inferred
Melton,2020-11-02,126,inferred
Melton,2020-11-03,126,inferred
Melton,2020-11-04,198,inferred
Melton,2020-11-05,198,inferred
Melton,2020-11-06,198,inferred
Melton,2020-11-07,198,inferred
Melton,2020-11-08,198,inferred
Melton,2020-11-09,198,inferred
Melton,2020-11-10,198,inferred
Melton,2020-11-11,172,inferred
Melton,2020-11-12,172,inferred
Melton,2020-11-13,172,inferred
Melton,2020-11-14,172,inferred
Melton,2020-11-15,172,inferred
Melton,2020-11-16,172,inferred
Melton,2020-11-17,172,inferred
Melton,2020-11-18,102,inferred
Melton,2020-11-19,102,inferred
Melton,2020-11-20,102,inferred
Melton,2020-11-21,102,inferred
Melton,2020-11-22,102,inferred
Melton,2020-11-23,102,inferred
Melton,2020-11-24,102,inferred
Melton,2020-11-25, 90,inferred
Melton,2020-11-26, 90,inferred
Melton,2020-11-27, 90,inferred
Melton,2020-11-28, 90,inferred
Melton,2020-11-29, 90,inferred
Melton,2020-11-30, 90,inferred
Melton,2020-12-01, 90,inferred
Melton,2020-12-02,127,inferred
Melton,2020-12-03,127,inferred
Melton,2020-12-04,127,inferred
Melton,2020-12-05,127,inferred
Melton,2020-12-06,127,inferred
Melton,2020-12-07,127,inferred
Melton,2020-12-08,127,inferred
Melton,2020-12-09, 91,inferred
Melton,2020-12-10, 91,inferred
Melton,2020-12-11, 91,inferred
Melton,2020-12-12, 91,inferred
Melton,2020-12-13, 91,inferred
Melton,2020-12-14, 91,inferred
Melton,2020-12-15, 91,inferred
Melton,2020-12-16,116,inferred
Melton,2020-12-17,116,inferred
Melton,2020-12-18,116,inferred
Melton,2020-12-19,116,inferred
Melton,2020-12-20,116,inferred
Melton,2020-12-21,116,inferred
Melton,2020-12-22,116,inferred
Melton,2020-12-23,138,inferred
Melton,2020-12-24,138,inferred
Melton,2020-12-25,138,inferred
Melton,2020-12-26,138,inferred
Melton,2020-12-27,138,inferred
Melton,2020-12-28,138,inferred
Melton,2020-12-29,138,inferred
Melton,2020-12-30,144,inferred
Melton,2020-12-31,144,inferred
Melton,2021-01-01,144,inferred
Melton,2021-01-02,144,inferred
Melton,2021-01-03,144,inferred
Melton,2021-01-04,144,inferred
Melton,2021-01-05,144,inferred
Melton,2021-01-06,134,projected
Melton,2021-01-07,134,projected
Melton,2021-01-08,134,projected
Melton,2021-01-09,134,projected
Melton,2021-01-10,134,projected
Melton,2021-01-11,134,projected
Melton,2021-01-12,134,projected
Melton,2021-01-13,118,projected
Melton,2021-01-14,118,projected
Melton,2021-01-15,118,projected
Melton,2021-01-16,118,projected
Melton,2021-01-17,118,projected
Melton,2021-01-18,118,projected
Melton,2021-01-19,118,projected
Melton,2021-01-20,116,projected
Melton,2021-01-21,116,projected
Melton,2021-01-22,116,projected
Melton,2021-01-23,116,projected
Melton,2021-01-24,116,projected
Melton,2021-01-25,116,projected
Melton,2021-01-26,116,projected
Mendip,2020-09-23, 17,inferred
Mendip,2020-09-24, 17,inferred
Mendip,2020-09-25, 17,inferred
Mendip,2020-09-26, 17,inferred
Mendip,2020-09-27, 17,inferred
Mendip,2020-09-28, 17,inferred
Mendip,2020-09-29, 17,inferred
Mendip,2020-09-30, 24,inferred
Mendip,2020-10-01, 24,inferred
Mendip,2020-10-02, 24,inferred
Mendip,2020-10-03, 24,inferred
Mendip,2020-10-04, 24,inferred
Mendip,2020-10-05, 24,inferred
Mendip,2020-10-06, 24,inferred
Mendip,2020-10-07, 39,inferred
Mendip,2020-10-08, 39,inferred
Mendip,2020-10-09, 39,inferred
Mendip,2020-10-10, 39,inferred
Mendip,2020-10-11, 39,inferred
Mendip,2020-10-12, 39,inferred
Mendip,2020-10-13, 39,inferred
Mendip,2020-10-14, 39,inferred
Mendip,2020-10-15, 39,inferred
Mendip,2020-10-16, 39,inferred
Mendip,2020-10-17, 39,inferred
Mendip,2020-10-18, 39,inferred
Mendip,2020-10-19, 39,inferred
Mendip,2020-10-20, 39,inferred
Mendip,2020-10-21, 53,inferred
Mendip,2020-10-22, 53,inferred
Mendip,2020-10-23, 53,inferred
Mendip,2020-10-24, 53,inferred
Mendip,2020-10-25, 53,inferred
Mendip,2020-10-26, 53,inferred
Mendip,2020-10-27, 53,inferred
Mendip,2020-10-28, 92,inferred
Mendip,2020-10-29, 92,inferred
Mendip,2020-10-30, 92,inferred
Mendip,2020-10-31, 92,inferred
Mendip,2020-11-01, 92,inferred
Mendip,2020-11-02, 92,inferred
Mendip,2020-11-03, 92,inferred
Mendip,2020-11-04,110,inferred
Mendip,2020-11-05,110,inferred
Mendip,2020-11-06,110,inferred
Mendip,2020-11-07,110,inferred
Mendip,2020-11-08,110,inferred
Mendip,2020-11-09,110,inferred
Mendip,2020-11-10,110,inferred
Mendip,2020-11-11,128,inferred
Mendip,2020-11-12,128,inferred
Mendip,2020-11-13,128,inferred
Mendip,2020-11-14,128,inferred
Mendip,2020-11-15,128,inferred
Mendip,2020-11-16,128,inferred
Mendip,2020-11-17,128,inferred
Mendip,2020-11-18,139,inferred
Mendip,2020-11-19,139,inferred
Mendip,2020-11-20,139,inferred
Mendip,2020-11-21,139,inferred
Mendip,2020-11-22,139,inferred
Mendip,2020-11-23,139,inferred
Mendip,2020-11-24,139,inferred
Mendip,2020-11-25, 85,inferred
Mendip,2020-11-26, 85,inferred
Mendip,2020-11-27, 85,inferred
Mendip,2020-11-28, 85,inferred
Mendip,2020-11-29, 85,inferred
Mendip,2020-11-30, 85,inferred
Mendip,2020-12-01, 85,inferred
Mendip,2020-12-02, 99,inferred
Mendip,2020-12-03, 99,inferred
Mendip,2020-12-04, 99,inferred
Mendip,2020-12-05, 99,inferred
Mendip,2020-12-06, 99,inferred
Mendip,2020-12-07, 99,inferred
Mendip,2020-12-08, 99,inferred
Mendip,2020-12-09,164,inferred
Mendip,2020-12-10,164,inferred
Mendip,2020-12-11,164,inferred
Mendip,2020-12-12,164,inferred
Mendip,2020-12-13,164,inferred
Mendip,2020-12-14,164,inferred
Mendip,2020-12-15,164,inferred
Mendip,2020-12-16,216,inferred
Mendip,2020-12-17,216,inferred
Mendip,2020-12-18,216,inferred
Mendip,2020-12-19,216,inferred
Mendip,2020-12-20,216,inferred
Mendip,2020-12-21,216,inferred
Mendip,2020-12-22,216,inferred
Mendip,2020-12-23,248,inferred
Mendip,2020-12-24,248,inferred
Mendip,2020-12-25,248,inferred
Mendip,2020-12-26,248,inferred
Mendip,2020-12-27,248,inferred
Mendip,2020-12-28,248,inferred
Mendip,2020-12-29,248,inferred
Mendip,2020-12-30,316,inferred
Mendip,2020-12-31,316,inferred
Mendip,2021-01-01,316,inferred
Mendip,2021-01-02,316,inferred
Mendip,2021-01-03,316,inferred
Mendip,2021-01-04,316,inferred
Mendip,2021-01-05,316,inferred
Mendip,2021-01-06,346,projected
Mendip,2021-01-07,346,projected
Mendip,2021-01-08,346,projected
Mendip,2021-01-09,346,projected
Mendip,2021-01-10,346,projected
Mendip,2021-01-11,346,projected
Mendip,2021-01-12,346,projected
Mendip,2021-01-13,389,projected
Mendip,2021-01-14,389,projected
Mendip,2021-01-15,389,projected
Mendip,2021-01-16,389,projected
Mendip,2021-01-17,389,projected
Mendip,2021-01-18,389,projected
Mendip,2021-01-19,389,projected
Mendip,2021-01-20,475,projected
Mendip,2021-01-21,475,projected
Mendip,2021-01-22,475,projected
Mendip,2021-01-23,475,projected
Mendip,2021-01-24,475,projected
Mendip,2021-01-25,475,projected
Mendip,2021-01-26,475,projected
Merthyr Tydfil,2020-09-23,117,inferred
Merthyr Tydfil,2020-09-24,117,inferred
Merthyr Tydfil,2020-09-25,117,inferred
Merthyr Tydfil,2020-09-26,117,inferred
Merthyr Tydfil,2020-09-27,117,inferred
Merthyr Tydfil,2020-09-28,117,inferred
Merthyr Tydfil,2020-09-29,117,inferred
Merthyr Tydfil,2020-09-30,154,inferred
Merthyr Tydfil,2020-10-01,154,inferred
Merthyr Tydfil,2020-10-02,154,inferred
Merthyr Tydfil,2020-10-03,154,inferred
Merthyr Tydfil,2020-10-04,154,inferred
Merthyr Tydfil,2020-10-05,154,inferred
Merthyr Tydfil,2020-10-06,154,inferred
Merthyr Tydfil,2020-10-07,133,inferred
Merthyr Tydfil,2020-10-08,133,inferred
Merthyr Tydfil,2020-10-09,133,inferred
Merthyr Tydfil,2020-10-10,133,inferred
Merthyr Tydfil,2020-10-11,133,inferred
Merthyr Tydfil,2020-10-12,133,inferred
Merthyr Tydfil,2020-10-13,133,inferred
Merthyr Tydfil,2020-10-14,229,inferred
Merthyr Tydfil,2020-10-15,229,inferred
Merthyr Tydfil,2020-10-16,229,inferred
Merthyr Tydfil,2020-10-17,229,inferred
Merthyr Tydfil,2020-10-18,229,inferred
Merthyr Tydfil,2020-10-19,229,inferred
Merthyr Tydfil,2020-10-20,229,inferred
Merthyr Tydfil,2020-10-21,396,inferred
Merthyr Tydfil,2020-10-22,396,inferred
Merthyr Tydfil,2020-10-23,396,inferred
Merthyr Tydfil,2020-10-24,396,inferred
Merthyr Tydfil,2020-10-25,396,inferred
Merthyr Tydfil,2020-10-26,396,inferred
Merthyr Tydfil,2020-10-27,396,inferred
Merthyr Tydfil,2020-10-28,395,inferred
Merthyr Tydfil,2020-10-29,395,inferred
Merthyr Tydfil,2020-10-30,395,inferred
Merthyr Tydfil,2020-10-31,395,inferred
Merthyr Tydfil,2020-11-01,395,inferred
Merthyr Tydfil,2020-11-02,395,inferred
Merthyr Tydfil,2020-11-03,395,inferred
Merthyr Tydfil,2020-11-04,268,inferred
Merthyr Tydfil,2020-11-05,268,inferred
Merthyr Tydfil,2020-11-06,268,inferred
Merthyr Tydfil,2020-11-07,268,inferred
Merthyr Tydfil,2020-11-08,268,inferred
Merthyr Tydfil,2020-11-09,268,inferred
Merthyr Tydfil,2020-11-10,268,inferred
Merthyr Tydfil,2020-11-11,160,inferred
Merthyr Tydfil,2020-11-12,160,inferred
Merthyr Tydfil,2020-11-13,160,inferred
Merthyr Tydfil,2020-11-14,160,inferred
Merthyr Tydfil,2020-11-15,160,inferred
Merthyr Tydfil,2020-11-16,160,inferred
Merthyr Tydfil,2020-11-17,160,inferred
Merthyr Tydfil,2020-11-18,159,inferred
Merthyr Tydfil,2020-11-19,159,inferred
Merthyr Tydfil,2020-11-20,159,inferred
Merthyr Tydfil,2020-11-21,159,inferred
Merthyr Tydfil,2020-11-22,159,inferred
Merthyr Tydfil,2020-11-23,159,inferred
Merthyr Tydfil,2020-11-24,159,inferred
Merthyr Tydfil,2020-11-25,250,inferred
Merthyr Tydfil,2020-11-26,250,inferred
Merthyr Tydfil,2020-11-27,250,inferred
Merthyr Tydfil,2020-11-28,250,inferred
Merthyr Tydfil,2020-11-29,250,inferred
Merthyr Tydfil,2020-11-30,250,inferred
Merthyr Tydfil,2020-12-01,250,inferred
Merthyr Tydfil,2020-12-02,480,inferred
Merthyr Tydfil,2020-12-03,480,inferred
Merthyr Tydfil,2020-12-04,480,inferred
Merthyr Tydfil,2020-12-05,480,inferred
Merthyr Tydfil,2020-12-06,480,inferred
Merthyr Tydfil,2020-12-07,480,inferred
Merthyr Tydfil,2020-12-08,480,inferred
Merthyr Tydfil,2020-12-09,744,inferred
Merthyr Tydfil,2020-12-10,744,inferred
Merthyr Tydfil,2020-12-11,744,inferred
Merthyr Tydfil,2020-12-12,744,inferred
Merthyr Tydfil,2020-12-13,744,inferred
Merthyr Tydfil,2020-12-14,744,inferred
Merthyr Tydfil,2020-12-15,744,inferred
Merthyr Tydfil,2020-12-16,661,inferred
Merthyr Tydfil,2020-12-17,661,inferred
Merthyr Tydfil,2020-12-18,661,inferred
Merthyr Tydfil,2020-12-19,661,inferred
Merthyr Tydfil,2020-12-20,661,inferred
Merthyr Tydfil,2020-12-21,661,inferred
Merthyr Tydfil,2020-12-22,661,inferred
Merthyr Tydfil,2020-12-23,423,inferred
Merthyr Tydfil,2020-12-24,423,inferred
Merthyr Tydfil,2020-12-25,423,inferred
Merthyr Tydfil,2020-12-26,423,inferred
Merthyr Tydfil,2020-12-27,423,inferred
Merthyr Tydfil,2020-12-28,423,inferred
Merthyr Tydfil,2020-12-29,423,inferred
Merthyr Tydfil,2020-12-30,394,inferred
Merthyr Tydfil,2020-12-31,394,inferred
Merthyr Tydfil,2021-01-01,394,inferred
Merthyr Tydfil,2021-01-02,394,inferred
Merthyr Tydfil,2021-01-03,394,inferred
Merthyr Tydfil,2021-01-04,394,inferred
Merthyr Tydfil,2021-01-05,394,inferred
Merthyr Tydfil,2021-01-06,349,projected
Merthyr Tydfil,2021-01-07,349,projected
Merthyr Tydfil,2021-01-08,349,projected
Merthyr Tydfil,2021-01-09,349,projected
Merthyr Tydfil,2021-01-10,349,projected
Merthyr Tydfil,2021-01-11,349,projected
Merthyr Tydfil,2021-01-12,349,projected
Merthyr Tydfil,2021-01-13,321,projected
Merthyr Tydfil,2021-01-14,321,projected
Merthyr Tydfil,2021-01-15,321,projected
Merthyr Tydfil,2021-01-16,321,projected
Merthyr Tydfil,2021-01-17,321,projected
Merthyr Tydfil,2021-01-18,321,projected
Merthyr Tydfil,2021-01-19,321,projected
Merthyr Tydfil,2021-01-20,279,projected
Merthyr Tydfil,2021-01-21,279,projected
Merthyr Tydfil,2021-01-22,279,projected
Merthyr Tydfil,2021-01-23,279,projected
Merthyr Tydfil,2021-01-24,279,projected
Merthyr Tydfil,2021-01-25,279,projected
Merthyr Tydfil,2021-01-26,279,projected
Merton,2020-09-23, 54,inferred
Merton,2020-09-24, 54,inferred
Merton,2020-09-25, 54,inferred
Merton,2020-09-26, 54,inferred
Merton,2020-09-27, 54,inferred
Merton,2020-09-28, 54,inferred
Merton,2020-09-29, 54,inferred
Merton,2020-09-30,100,inferred
Merton,2020-10-01,100,inferred
Merton,2020-10-02,100,inferred
Merton,2020-10-03,100,inferred
Merton,2020-10-04,100,inferred
Merton,2020-10-05,100,inferred
Merton,2020-10-06,100,inferred
Merton,2020-10-07,152,inferred
Merton,2020-10-08,152,inferred
Merton,2020-10-09,152,inferred
Merton,2020-10-10,152,inferred
Merton,2020-10-11,152,inferred
Merton,2020-10-12,152,inferred
Merton,2020-10-13,152,inferred
Merton,2020-10-14,219,inferred
Merton,2020-10-15,219,inferred
Merton,2020-10-16,219,inferred
Merton,2020-10-17,219,inferred
Merton,2020-10-18,219,inferred
Merton,2020-10-19,219,inferred
Merton,2020-10-20,219,inferred
Merton,2020-10-21,302,inferred
Merton,2020-10-22,302,inferred
Merton,2020-10-23,302,inferred
Merton,2020-10-24,302,inferred
Merton,2020-10-25,302,inferred
Merton,2020-10-26,302,inferred
Merton,2020-10-27,302,inferred
Merton,2020-10-28,260,inferred
Merton,2020-10-29,260,inferred
Merton,2020-10-30,260,inferred
Merton,2020-10-31,260,inferred
Merton,2020-11-01,260,inferred
Merton,2020-11-02,260,inferred
Merton,2020-11-03,260,inferred
Merton,2020-11-04,286,inferred
Merton,2020-11-05,286,inferred
Merton,2020-11-06,286,inferred
Merton,2020-11-07,286,inferred
Merton,2020-11-08,286,inferred
Merton,2020-11-09,286,inferred
Merton,2020-11-10,286,inferred
Merton,2020-11-11,388,inferred
Merton,2020-11-12,388,inferred
Merton,2020-11-13,388,inferred
Merton,2020-11-14,388,inferred
Merton,2020-11-15,388,inferred
Merton,2020-11-16,388,inferred
Merton,2020-11-17,388,inferred
Merton,2020-11-18,310,inferred
Merton,2020-11-19,310,inferred
Merton,2020-11-20,310,inferred
Merton,2020-11-21,310,inferred
Merton,2020-11-22,310,inferred
Merton,2020-11-23,310,inferred
Merton,2020-11-24,310,inferred
Merton,2020-11-25,377,inferred
Merton,2020-11-26,377,inferred
Merton,2020-11-27,377,inferred
Merton,2020-11-28,377,inferred
Merton,2020-11-29,377,inferred
Merton,2020-11-30,377,inferred
Merton,2020-12-01,377,inferred
Merton,2020-12-02,492,inferred
Merton,2020-12-03,492,inferred
Merton,2020-12-04,492,inferred
Merton,2020-12-05,492,inferred
Merton,2020-12-06,492,inferred
Merton,2020-12-07,492,inferred
Merton,2020-12-08,492,inferred
Merton,2020-12-09,915,inferred
Merton,2020-12-10,915,inferred
Merton,2020-12-11,915,inferred
Merton,2020-12-12,915,inferred
Merton,2020-12-13,915,inferred
Merton,2020-12-14,915,inferred
Merton,2020-12-15,915,inferred
Merton,2020-12-16,1700,inferred
Merton,2020-12-17,1700,inferred
Merton,2020-12-18,1700,inferred
Merton,2020-12-19,1700,inferred
Merton,2020-12-20,1700,inferred
Merton,2020-12-21,1700,inferred
Merton,2020-12-22,1700,inferred
Merton,2020-12-23,1954,inferred
Merton,2020-12-24,1954,inferred
Merton,2020-12-25,1954,inferred
Merton,2020-12-26,1954,inferred
Merton,2020-12-27,1954,inferred
Merton,2020-12-28,1954,inferred
Merton,2020-12-29,1954,inferred
Merton,2020-12-30,1979,inferred
Merton,2020-12-31,1979,inferred
Merton,2021-01-01,1979,inferred
Merton,2021-01-02,1979,inferred
Merton,2021-01-03,1979,inferred
Merton,2021-01-04,1979,inferred
Merton,2021-01-05,1979,inferred
Merton,2021-01-06,1399,projected
Merton,2021-01-07,1399,projected
Merton,2021-01-08,1399,projected
Merton,2021-01-09,1399,projected
Merton,2021-01-10,1399,projected
Merton,2021-01-11,1399,projected
Merton,2021-01-12,1399,projected
Merton,2021-01-13,968,projected
Merton,2021-01-14,968,projected
Merton,2021-01-15,968,projected
Merton,2021-01-16,968,projected
Merton,2021-01-17,968,projected
Merton,2021-01-18,968,projected
Merton,2021-01-19,968,projected
Merton,2021-01-20,737,projected
Merton,2021-01-21,737,projected
Merton,2021-01-22,737,projected
Merton,2021-01-23,737,projected
Merton,2021-01-24,737,projected
Merton,2021-01-25,737,projected
Merton,2021-01-26,737,projected
Mid Devon,2020-09-23,  8,inferred
Mid Devon,2020-09-24,  8,inferred
Mid Devon,2020-09-25,  8,inferred
Mid Devon,2020-09-26,  8,inferred
Mid Devon,2020-09-27,  8,inferred
Mid Devon,2020-09-28,  8,inferred
Mid Devon,2020-09-29,  8,inferred
Mid Devon,2020-09-30, 24,inferred
Mid Devon,2020-10-01, 24,inferred
Mid Devon,2020-10-02, 24,inferred
Mid Devon,2020-10-03, 24,inferred
Mid Devon,2020-10-04, 24,inferred
Mid Devon,2020-10-05, 24,inferred
Mid Devon,2020-10-06, 24,inferred
Mid Devon,2020-10-07, 37,inferred
Mid Devon,2020-10-08, 37,inferred
Mid Devon,2020-10-09, 37,inferred
Mid Devon,2020-10-10, 37,inferred
Mid Devon,2020-10-11, 37,inferred
Mid Devon,2020-10-12, 37,inferred
Mid Devon,2020-10-13, 37,inferred
Mid Devon,2020-10-14, 37,inferred
Mid Devon,2020-10-15, 37,inferred
Mid Devon,2020-10-16, 37,inferred
Mid Devon,2020-10-17, 37,inferred
Mid Devon,2020-10-18, 37,inferred
Mid Devon,2020-10-19, 37,inferred
Mid Devon,2020-10-20, 37,inferred
Mid Devon,2020-10-21, 46,inferred
Mid Devon,2020-10-22, 46,inferred
Mid Devon,2020-10-23, 46,inferred
Mid Devon,2020-10-24, 46,inferred
Mid Devon,2020-10-25, 46,inferred
Mid Devon,2020-10-26, 46,inferred
Mid Devon,2020-10-27, 46,inferred
Mid Devon,2020-10-28, 69,inferred
Mid Devon,2020-10-29, 69,inferred
Mid Devon,2020-10-30, 69,inferred
Mid Devon,2020-10-31, 69,inferred
Mid Devon,2020-11-01, 69,inferred
Mid Devon,2020-11-02, 69,inferred
Mid Devon,2020-11-03, 69,inferred
Mid Devon,2020-11-04, 68,inferred
Mid Devon,2020-11-05, 68,inferred
Mid Devon,2020-11-06, 68,inferred
Mid Devon,2020-11-07, 68,inferred
Mid Devon,2020-11-08, 68,inferred
Mid Devon,2020-11-09, 68,inferred
Mid Devon,2020-11-10, 68,inferred
Mid Devon,2020-11-11, 70,inferred
Mid Devon,2020-11-12, 70,inferred
Mid Devon,2020-11-13, 70,inferred
Mid Devon,2020-11-14, 70,inferred
Mid Devon,2020-11-15, 70,inferred
Mid Devon,2020-11-16, 70,inferred
Mid Devon,2020-11-17, 70,inferred
Mid Devon,2020-11-18, 60,inferred
Mid Devon,2020-11-19, 60,inferred
Mid Devon,2020-11-20, 60,inferred
Mid Devon,2020-11-21, 60,inferred
Mid Devon,2020-11-22, 60,inferred
Mid Devon,2020-11-23, 60,inferred
Mid Devon,2020-11-24, 60,inferred
Mid Devon,2020-11-25, 49,inferred
Mid Devon,2020-11-26, 49,inferred
Mid Devon,2020-11-27, 49,inferred
Mid Devon,2020-11-28, 49,inferred
Mid Devon,2020-11-29, 49,inferred
Mid Devon,2020-11-30, 49,inferred
Mid Devon,2020-12-01, 49,inferred
Mid Devon,2020-12-02, 67,inferred
Mid Devon,2020-12-03, 67,inferred
Mid Devon,2020-12-04, 67,inferred
Mid Devon,2020-12-05, 67,inferred
Mid Devon,2020-12-06, 67,inferred
Mid Devon,2020-12-07, 67,inferred
Mid Devon,2020-12-08, 67,inferred
Mid Devon,2020-12-09, 90,inferred
Mid Devon,2020-12-10, 90,inferred
Mid Devon,2020-12-11, 90,inferred
Mid Devon,2020-12-12, 90,inferred
Mid Devon,2020-12-13, 90,inferred
Mid Devon,2020-12-14, 90,inferred
Mid Devon,2020-12-15, 90,inferred
Mid Devon,2020-12-16,134,inferred
Mid Devon,2020-12-17,134,inferred
Mid Devon,2020-12-18,134,inferred
Mid Devon,2020-12-19,134,inferred
Mid Devon,2020-12-20,134,inferred
Mid Devon,2020-12-21,134,inferred
Mid Devon,2020-12-22,134,inferred
Mid Devon,2020-12-23,165,inferred
Mid Devon,2020-12-24,165,inferred
Mid Devon,2020-12-25,165,inferred
Mid Devon,2020-12-26,165,inferred
Mid Devon,2020-12-27,165,inferred
Mid Devon,2020-12-28,165,inferred
Mid Devon,2020-12-29,165,inferred
Mid Devon,2020-12-30,203,inferred
Mid Devon,2020-12-31,203,inferred
Mid Devon,2021-01-01,203,inferred
Mid Devon,2021-01-02,203,inferred
Mid Devon,2021-01-03,203,inferred
Mid Devon,2021-01-04,203,inferred
Mid Devon,2021-01-05,203,inferred
Mid Devon,2021-01-06,317,projected
Mid Devon,2021-01-07,317,projected
Mid Devon,2021-01-08,317,projected
Mid Devon,2021-01-09,317,projected
Mid Devon,2021-01-10,317,projected
Mid Devon,2021-01-11,317,projected
Mid Devon,2021-01-12,317,projected
Mid Devon,2021-01-13,453,projected
Mid Devon,2021-01-14,453,projected
Mid Devon,2021-01-15,453,projected
Mid Devon,2021-01-16,453,projected
Mid Devon,2021-01-17,453,projected
Mid Devon,2021-01-18,453,projected
Mid Devon,2021-01-19,453,projected
Mid Devon,2021-01-20,619,projected
Mid Devon,2021-01-21,619,projected
Mid Devon,2021-01-22,619,projected
Mid Devon,2021-01-23,619,projected
Mid Devon,2021-01-24,619,projected
Mid Devon,2021-01-25,619,projected
Mid Devon,2021-01-26,619,projected
Mid Suffolk,2020-09-23,  6,inferred
Mid Suffolk,2020-09-24,  6,inferred
Mid Suffolk,2020-09-25,  6,inferred
Mid Suffolk,2020-09-26,  6,inferred
Mid Suffolk,2020-09-27,  6,inferred
Mid Suffolk,2020-09-28,  6,inferred
Mid Suffolk,2020-09-29,  6,inferred
Mid Suffolk,2020-09-30, 22,inferred
Mid Suffolk,2020-10-01, 22,inferred
Mid Suffolk,2020-10-02, 22,inferred
Mid Suffolk,2020-10-03, 22,inferred
Mid Suffolk,2020-10-04, 22,inferred
Mid Suffolk,2020-10-05, 22,inferred
Mid Suffolk,2020-10-06, 22,inferred
Mid Suffolk,2020-10-07, 44,inferred
Mid Suffolk,2020-10-08, 44,inferred
Mid Suffolk,2020-10-09, 44,inferred
Mid Suffolk,2020-10-10, 44,inferred
Mid Suffolk,2020-10-11, 44,inferred
Mid Suffolk,2020-10-12, 44,inferred
Mid Suffolk,2020-10-13, 44,inferred
Mid Suffolk,2020-10-14, 53,inferred
Mid Suffolk,2020-10-15, 53,inferred
Mid Suffolk,2020-10-16, 53,inferred
Mid Suffolk,2020-10-17, 53,inferred
Mid Suffolk,2020-10-18, 53,inferred
Mid Suffolk,2020-10-19, 53,inferred
Mid Suffolk,2020-10-20, 53,inferred
Mid Suffolk,2020-10-21, 43,inferred
Mid Suffolk,2020-10-22, 43,inferred
Mid Suffolk,2020-10-23, 43,inferred
Mid Suffolk,2020-10-24, 43,inferred
Mid Suffolk,2020-10-25, 43,inferred
Mid Suffolk,2020-10-26, 43,inferred
Mid Suffolk,2020-10-27, 43,inferred
Mid Suffolk,2020-10-28, 60,inferred
Mid Suffolk,2020-10-29, 60,inferred
Mid Suffolk,2020-10-30, 60,inferred
Mid Suffolk,2020-10-31, 60,inferred
Mid Suffolk,2020-11-01, 60,inferred
Mid Suffolk,2020-11-02, 60,inferred
Mid Suffolk,2020-11-03, 60,inferred
Mid Suffolk,2020-11-04, 80,inferred
Mid Suffolk,2020-11-05, 80,inferred
Mid Suffolk,2020-11-06, 80,inferred
Mid Suffolk,2020-11-07, 80,inferred
Mid Suffolk,2020-11-08, 80,inferred
Mid Suffolk,2020-11-09, 80,inferred
Mid Suffolk,2020-11-10, 80,inferred
Mid Suffolk,2020-11-11, 60,inferred
Mid Suffolk,2020-11-12, 60,inferred
Mid Suffolk,2020-11-13, 60,inferred
Mid Suffolk,2020-11-14, 60,inferred
Mid Suffolk,2020-11-15, 60,inferred
Mid Suffolk,2020-11-16, 60,inferred
Mid Suffolk,2020-11-17, 60,inferred
Mid Suffolk,2020-11-18, 44,inferred
Mid Suffolk,2020-11-19, 44,inferred
Mid Suffolk,2020-11-20, 44,inferred
Mid Suffolk,2020-11-21, 44,inferred
Mid Suffolk,2020-11-22, 44,inferred
Mid Suffolk,2020-11-23, 44,inferred
Mid Suffolk,2020-11-24, 44,inferred
Mid Suffolk,2020-11-25, 49,inferred
Mid Suffolk,2020-11-26, 49,inferred
Mid Suffolk,2020-11-27, 49,inferred
Mid Suffolk,2020-11-28, 49,inferred
Mid Suffolk,2020-11-29, 49,inferred
Mid Suffolk,2020-11-30, 49,inferred
Mid Suffolk,2020-12-01, 49,inferred
Mid Suffolk,2020-12-02, 55,inferred
Mid Suffolk,2020-12-03, 55,inferred
Mid Suffolk,2020-12-04, 55,inferred
Mid Suffolk,2020-12-05, 55,inferred
Mid Suffolk,2020-12-06, 55,inferred
Mid Suffolk,2020-12-07, 55,inferred
Mid Suffolk,2020-12-08, 55,inferred
Mid Suffolk,2020-12-09,150,inferred
Mid Suffolk,2020-12-10,150,inferred
Mid Suffolk,2020-12-11,150,inferred
Mid Suffolk,2020-12-12,150,inferred
Mid Suffolk,2020-12-13,150,inferred
Mid Suffolk,2020-12-14,150,inferred
Mid Suffolk,2020-12-15,150,inferred
Mid Suffolk,2020-12-16,190,inferred
Mid Suffolk,2020-12-17,190,inferred
Mid Suffolk,2020-12-18,190,inferred
Mid Suffolk,2020-12-19,190,inferred
Mid Suffolk,2020-12-20,190,inferred
Mid Suffolk,2020-12-21,190,inferred
Mid Suffolk,2020-12-22,190,inferred
Mid Suffolk,2020-12-23,321,inferred
Mid Suffolk,2020-12-24,321,inferred
Mid Suffolk,2020-12-25,321,inferred
Mid Suffolk,2020-12-26,321,inferred
Mid Suffolk,2020-12-27,321,inferred
Mid Suffolk,2020-12-28,321,inferred
Mid Suffolk,2020-12-29,321,inferred
Mid Suffolk,2020-12-30,454,inferred
Mid Suffolk,2020-12-31,454,inferred
Mid Suffolk,2021-01-01,454,inferred
Mid Suffolk,2021-01-02,454,inferred
Mid Suffolk,2021-01-03,454,inferred
Mid Suffolk,2021-01-04,454,inferred
Mid Suffolk,2021-01-05,454,inferred
Mid Suffolk,2021-01-06,547,projected
Mid Suffolk,2021-01-07,547,projected
Mid Suffolk,2021-01-08,547,projected
Mid Suffolk,2021-01-09,547,projected
Mid Suffolk,2021-01-10,547,projected
Mid Suffolk,2021-01-11,547,projected
Mid Suffolk,2021-01-12,547,projected
Mid Suffolk,2021-01-13,655,projected
Mid Suffolk,2021-01-14,655,projected
Mid Suffolk,2021-01-15,655,projected
Mid Suffolk,2021-01-16,655,projected
Mid Suffolk,2021-01-17,655,projected
Mid Suffolk,2021-01-18,655,projected
Mid Suffolk,2021-01-19,655,projected
Mid Suffolk,2021-01-20,780,projected
Mid Suffolk,2021-01-21,780,projected
Mid Suffolk,2021-01-22,780,projected
Mid Suffolk,2021-01-23,780,projected
Mid Suffolk,2021-01-24,780,projected
Mid Suffolk,2021-01-25,780,projected
Mid Suffolk,2021-01-26,780,projected
Mid Sussex,2020-09-23, 26,inferred
Mid Sussex,2020-09-24, 26,inferred
Mid Sussex,2020-09-25, 26,inferred
Mid Sussex,2020-09-26, 26,inferred
Mid Sussex,2020-09-27, 26,inferred
Mid Sussex,2020-09-28, 26,inferred
Mid Sussex,2020-09-29, 26,inferred
Mid Sussex,2020-09-30, 42,inferred
Mid Sussex,2020-10-01, 42,inferred
Mid Sussex,2020-10-02, 42,inferred
Mid Sussex,2020-10-03, 42,inferred
Mid Sussex,2020-10-04, 42,inferred
Mid Sussex,2020-10-05, 42,inferred
Mid Sussex,2020-10-06, 42,inferred
Mid Sussex,2020-10-07, 61,inferred
Mid Sussex,2020-10-08, 61,inferred
Mid Sussex,2020-10-09, 61,inferred
Mid Sussex,2020-10-10, 61,inferred
Mid Sussex,2020-10-11, 61,inferred
Mid Sussex,2020-10-12, 61,inferred
Mid Sussex,2020-10-13, 61,inferred
Mid Sussex,2020-10-14, 84,inferred
Mid Sussex,2020-10-15, 84,inferred
Mid Sussex,2020-10-16, 84,inferred
Mid Sussex,2020-10-17, 84,inferred
Mid Sussex,2020-10-18, 84,inferred
Mid Sussex,2020-10-19, 84,inferred
Mid Sussex,2020-10-20, 84,inferred
Mid Sussex,2020-10-21,135,inferred
Mid Sussex,2020-10-22,135,inferred
Mid Sussex,2020-10-23,135,inferred
Mid Sussex,2020-10-24,135,inferred
Mid Sussex,2020-10-25,135,inferred
Mid Sussex,2020-10-26,135,inferred
Mid Sussex,2020-10-27,135,inferred
Mid Sussex,2020-10-28,126,inferred
Mid Sussex,2020-10-29,126,inferred
Mid Sussex,2020-10-30,126,inferred
Mid Sussex,2020-10-31,126,inferred
Mid Sussex,2020-11-01,126,inferred
Mid Sussex,2020-11-02,126,inferred
Mid Sussex,2020-11-03,126,inferred
Mid Sussex,2020-11-04,193,inferred
Mid Sussex,2020-11-05,193,inferred
Mid Sussex,2020-11-06,193,inferred
Mid Sussex,2020-11-07,193,inferred
Mid Sussex,2020-11-08,193,inferred
Mid Sussex,2020-11-09,193,inferred
Mid Sussex,2020-11-10,193,inferred
Mid Sussex,2020-11-11,251,inferred
Mid Sussex,2020-11-12,251,inferred
Mid Sussex,2020-11-13,251,inferred
Mid Sussex,2020-11-14,251,inferred
Mid Sussex,2020-11-15,251,inferred
Mid Sussex,2020-11-16,251,inferred
Mid Sussex,2020-11-17,251,inferred
Mid Sussex,2020-11-18,155,inferred
Mid Sussex,2020-11-19,155,inferred
Mid Sussex,2020-11-20,155,inferred
Mid Sussex,2020-11-21,155,inferred
Mid Sussex,2020-11-22,155,inferred
Mid Sussex,2020-11-23,155,inferred
Mid Sussex,2020-11-24,155,inferred
Mid Sussex,2020-11-25,137,inferred
Mid Sussex,2020-11-26,137,inferred
Mid Sussex,2020-11-27,137,inferred
Mid Sussex,2020-11-28,137,inferred
Mid Sussex,2020-11-29,137,inferred
Mid Sussex,2020-11-30,137,inferred
Mid Sussex,2020-12-01,137,inferred
Mid Sussex,2020-12-02,151,inferred
Mid Sussex,2020-12-03,151,inferred
Mid Sussex,2020-12-04,151,inferred
Mid Sussex,2020-12-05,151,inferred
Mid Sussex,2020-12-06,151,inferred
Mid Sussex,2020-12-07,151,inferred
Mid Sussex,2020-12-08,151,inferred
Mid Sussex,2020-12-09,320,inferred
Mid Sussex,2020-12-10,320,inferred
Mid Sussex,2020-12-11,320,inferred
Mid Sussex,2020-12-12,320,inferred
Mid Sussex,2020-12-13,320,inferred
Mid Sussex,2020-12-14,320,inferred
Mid Sussex,2020-12-15,320,inferred
Mid Sussex,2020-12-16,572,inferred
Mid Sussex,2020-12-17,572,inferred
Mid Sussex,2020-12-18,572,inferred
Mid Sussex,2020-12-19,572,inferred
Mid Sussex,2020-12-20,572,inferred
Mid Sussex,2020-12-21,572,inferred
Mid Sussex,2020-12-22,572,inferred
Mid Sussex,2020-12-23,697,inferred
Mid Sussex,2020-12-24,697,inferred
Mid Sussex,2020-12-25,697,inferred
Mid Sussex,2020-12-26,697,inferred
Mid Sussex,2020-12-27,697,inferred
Mid Sussex,2020-12-28,697,inferred
Mid Sussex,2020-12-29,697,inferred
Mid Sussex,2020-12-30,954,inferred
Mid Sussex,2020-12-31,954,inferred
Mid Sussex,2021-01-01,954,inferred
Mid Sussex,2021-01-02,954,inferred
Mid Sussex,2021-01-03,954,inferred
Mid Sussex,2021-01-04,954,inferred
Mid Sussex,2021-01-05,954,inferred
Mid Sussex,2021-01-06,797,projected
Mid Sussex,2021-01-07,797,projected
Mid Sussex,2021-01-08,797,projected
Mid Sussex,2021-01-09,797,projected
Mid Sussex,2021-01-10,797,projected
Mid Sussex,2021-01-11,797,projected
Mid Sussex,2021-01-12,797,projected
Mid Sussex,2021-01-13,656,projected
Mid Sussex,2021-01-14,656,projected
Mid Sussex,2021-01-15,656,projected
Mid Sussex,2021-01-16,656,projected
Mid Sussex,2021-01-17,656,projected
Mid Sussex,2021-01-18,656,projected
Mid Sussex,2021-01-19,656,projected
Mid Sussex,2021-01-20,570,projected
Mid Sussex,2021-01-21,570,projected
Mid Sussex,2021-01-22,570,projected
Mid Sussex,2021-01-23,570,projected
Mid Sussex,2021-01-24,570,projected
Mid Sussex,2021-01-25,570,projected
Mid Sussex,2021-01-26,570,projected
Middlesbrough,2020-09-23,212,inferred
Middlesbrough,2020-09-24,212,inferred
Middlesbrough,2020-09-25,212,inferred
Middlesbrough,2020-09-26,212,inferred
Middlesbrough,2020-09-27,212,inferred
Middlesbrough,2020-09-28,212,inferred
Middlesbrough,2020-09-29,212,inferred
Middlesbrough,2020-09-30,385,inferred
Middlesbrough,2020-10-01,385,inferred
Middlesbrough,2020-10-02,385,inferred
Middlesbrough,2020-10-03,385,inferred
Middlesbrough,2020-10-04,385,inferred
Middlesbrough,2020-10-05,385,inferred
Middlesbrough,2020-10-06,385,inferred
Middlesbrough,2020-10-07,413,inferred
Middlesbrough,2020-10-08,413,inferred
Middlesbrough,2020-10-09,413,inferred
Middlesbrough,2020-10-10,413,inferred
Middlesbrough,2020-10-11,413,inferred
Middlesbrough,2020-10-12,413,inferred
Middlesbrough,2020-10-13,413,inferred
Middlesbrough,2020-10-14,516,inferred
Middlesbrough,2020-10-15,516,inferred
Middlesbrough,2020-10-16,516,inferred
Middlesbrough,2020-10-17,516,inferred
Middlesbrough,2020-10-18,516,inferred
Middlesbrough,2020-10-19,516,inferred
Middlesbrough,2020-10-20,516,inferred
Middlesbrough,2020-10-21,478,inferred
Middlesbrough,2020-10-22,478,inferred
Middlesbrough,2020-10-23,478,inferred
Middlesbrough,2020-10-24,478,inferred
Middlesbrough,2020-10-25,478,inferred
Middlesbrough,2020-10-26,478,inferred
Middlesbrough,2020-10-27,478,inferred
Middlesbrough,2020-10-28,508,inferred
Middlesbrough,2020-10-29,508,inferred
Middlesbrough,2020-10-30,508,inferred
Middlesbrough,2020-10-31,508,inferred
Middlesbrough,2020-11-01,508,inferred
Middlesbrough,2020-11-02,508,inferred
Middlesbrough,2020-11-03,508,inferred
Middlesbrough,2020-11-04,675,inferred
Middlesbrough,2020-11-05,675,inferred
Middlesbrough,2020-11-06,675,inferred
Middlesbrough,2020-11-07,675,inferred
Middlesbrough,2020-11-08,675,inferred
Middlesbrough,2020-11-09,675,inferred
Middlesbrough,2020-11-10,675,inferred
Middlesbrough,2020-11-11,579,inferred
Middlesbrough,2020-11-12,579,inferred
Middlesbrough,2020-11-13,579,inferred
Middlesbrough,2020-11-14,579,inferred
Middlesbrough,2020-11-15,579,inferred
Middlesbrough,2020-11-16,579,inferred
Middlesbrough,2020-11-17,579,inferred
Middlesbrough,2020-11-18,336,inferred
Middlesbrough,2020-11-19,336,inferred
Middlesbrough,2020-11-20,336,inferred
Middlesbrough,2020-11-21,336,inferred
Middlesbrough,2020-11-22,336,inferred
Middlesbrough,2020-11-23,336,inferred
Middlesbrough,2020-11-24,336,inferred
Middlesbrough,2020-11-25,244,inferred
Middlesbrough,2020-11-26,244,inferred
Middlesbrough,2020-11-27,244,inferred
Middlesbrough,2020-11-28,244,inferred
Middlesbrough,2020-11-29,244,inferred
Middlesbrough,2020-11-30,244,inferred
Middlesbrough,2020-12-01,244,inferred
Middlesbrough,2020-12-02,284,inferred
Middlesbrough,2020-12-03,284,inferred
Middlesbrough,2020-12-04,284,inferred
Middlesbrough,2020-12-05,284,inferred
Middlesbrough,2020-12-06,284,inferred
Middlesbrough,2020-12-07,284,inferred
Middlesbrough,2020-12-08,284,inferred
Middlesbrough,2020-12-09,304,inferred
Middlesbrough,2020-12-10,304,inferred
Middlesbrough,2020-12-11,304,inferred
Middlesbrough,2020-12-12,304,inferred
Middlesbrough,2020-12-13,304,inferred
Middlesbrough,2020-12-14,304,inferred
Middlesbrough,2020-12-15,304,inferred
Middlesbrough,2020-12-16,347,inferred
Middlesbrough,2020-12-17,347,inferred
Middlesbrough,2020-12-18,347,inferred
Middlesbrough,2020-12-19,347,inferred
Middlesbrough,2020-12-20,347,inferred
Middlesbrough,2020-12-21,347,inferred
Middlesbrough,2020-12-22,347,inferred
Middlesbrough,2020-12-23,460,inferred
Middlesbrough,2020-12-24,460,inferred
Middlesbrough,2020-12-25,460,inferred
Middlesbrough,2020-12-26,460,inferred
Middlesbrough,2020-12-27,460,inferred
Middlesbrough,2020-12-28,460,inferred
Middlesbrough,2020-12-29,460,inferred
Middlesbrough,2020-12-30,811,inferred
Middlesbrough,2020-12-31,811,inferred
Middlesbrough,2021-01-01,811,inferred
Middlesbrough,2021-01-02,811,inferred
Middlesbrough,2021-01-03,811,inferred
Middlesbrough,2021-01-04,811,inferred
Middlesbrough,2021-01-05,811,inferred
Middlesbrough,2021-01-06,825,projected
Middlesbrough,2021-01-07,825,projected
Middlesbrough,2021-01-08,825,projected
Middlesbrough,2021-01-09,825,projected
Middlesbrough,2021-01-10,825,projected
Middlesbrough,2021-01-11,825,projected
Middlesbrough,2021-01-12,825,projected
Middlesbrough,2021-01-13,831,projected
Middlesbrough,2021-01-14,831,projected
Middlesbrough,2021-01-15,831,projected
Middlesbrough,2021-01-16,831,projected
Middlesbrough,2021-01-17,831,projected
Middlesbrough,2021-01-18,831,projected
Middlesbrough,2021-01-19,831,projected
Middlesbrough,2021-01-20,916,projected
Middlesbrough,2021-01-21,916,projected
Middlesbrough,2021-01-22,916,projected
Middlesbrough,2021-01-23,916,projected
Middlesbrough,2021-01-24,916,projected
Middlesbrough,2021-01-25,916,projected
Middlesbrough,2021-01-26,916,projected
Midlothian,2020-09-23,636,inferred
Midlothian,2020-09-24,636,inferred
Midlothian,2020-09-25,636,inferred
Midlothian,2020-09-26,636,inferred
Midlothian,2020-09-27,636,inferred
Midlothian,2020-09-28,636,inferred
Midlothian,2020-09-29,636,inferred
Midlothian,2020-09-30,1118,inferred
Midlothian,2020-10-01,1118,inferred
Midlothian,2020-10-02,1118,inferred
Midlothian,2020-10-03,1118,inferred
Midlothian,2020-10-04,1118,inferred
Midlothian,2020-10-05,1118,inferred
Midlothian,2020-10-06,1118,inferred
Midlothian,2020-10-07,1155,inferred
Midlothian,2020-10-08,1155,inferred
Midlothian,2020-10-09,1155,inferred
Midlothian,2020-10-10,1155,inferred
Midlothian,2020-10-11,1155,inferred
Midlothian,2020-10-12,1155,inferred
Midlothian,2020-10-13,1155,inferred
Midlothian,2020-10-14,1030,inferred
Midlothian,2020-10-15,1030,inferred
Midlothian,2020-10-16,1030,inferred
Midlothian,2020-10-17,1030,inferred
Midlothian,2020-10-18,1030,inferred
Midlothian,2020-10-19,1030,inferred
Midlothian,2020-10-20,1030,inferred
Midlothian,2020-10-21,1219,inferred
Midlothian,2020-10-22,1219,inferred
Midlothian,2020-10-23,1219,inferred
Midlothian,2020-10-24,1219,inferred
Midlothian,2020-10-25,1219,inferred
Midlothian,2020-10-26,1219,inferred
Midlothian,2020-10-27,1219,inferred
Midlothian,2020-10-28,921,inferred
Midlothian,2020-10-29,921,inferred
Midlothian,2020-10-30,921,inferred
Midlothian,2020-10-31,921,inferred
Midlothian,2020-11-01,921,inferred
Midlothian,2020-11-02,921,inferred
Midlothian,2020-11-03,921,inferred
Midlothian,2020-11-04,937,inferred
Midlothian,2020-11-05,937,inferred
Midlothian,2020-11-06,937,inferred
Midlothian,2020-11-07,937,inferred
Midlothian,2020-11-08,937,inferred
Midlothian,2020-11-09,937,inferred
Midlothian,2020-11-10,937,inferred
Midlothian,2020-11-11,931,inferred
Midlothian,2020-11-12,931,inferred
Midlothian,2020-11-13,931,inferred
Midlothian,2020-11-14,931,inferred
Midlothian,2020-11-15,931,inferred
Midlothian,2020-11-16,931,inferred
Midlothian,2020-11-17,931,inferred
Midlothian,2020-11-18,909,inferred
Midlothian,2020-11-19,909,inferred
Midlothian,2020-11-20,909,inferred
Midlothian,2020-11-21,909,inferred
Midlothian,2020-11-22,909,inferred
Midlothian,2020-11-23,909,inferred
Midlothian,2020-11-24,909,inferred
Midlothian,2020-11-25,714,inferred
Midlothian,2020-11-26,714,inferred
Midlothian,2020-11-27,714,inferred
Midlothian,2020-11-28,714,inferred
Midlothian,2020-11-29,714,inferred
Midlothian,2020-11-30,714,inferred
Midlothian,2020-12-01,714,inferred
Midlothian,2020-12-02,842,inferred
Midlothian,2020-12-03,842,inferred
Midlothian,2020-12-04,842,inferred
Midlothian,2020-12-05,842,inferred
Midlothian,2020-12-06,842,inferred
Midlothian,2020-12-07,842,inferred
Midlothian,2020-12-08,842,inferred
Midlothian,2020-12-09,1089,inferred
Midlothian,2020-12-10,1089,inferred
Midlothian,2020-12-11,1089,inferred
Midlothian,2020-12-12,1089,inferred
Midlothian,2020-12-13,1089,inferred
Midlothian,2020-12-14,1089,inferred
Midlothian,2020-12-15,1089,inferred
Midlothian,2020-12-16,1180,inferred
Midlothian,2020-12-17,1180,inferred
Midlothian,2020-12-18,1180,inferred
Midlothian,2020-12-19,1180,inferred
Midlothian,2020-12-20,1180,inferred
Midlothian,2020-12-21,1180,inferred
Midlothian,2020-12-22,1180,inferred
Midlothian,2020-12-23,1265,inferred
Midlothian,2020-12-24,1265,inferred
Midlothian,2020-12-25,1265,inferred
Midlothian,2020-12-26,1265,inferred
Midlothian,2020-12-27,1265,inferred
Midlothian,2020-12-28,1265,inferred
Midlothian,2020-12-29,1265,inferred
Midlothian,2020-12-30,1990,inferred
Midlothian,2020-12-31,1990,inferred
Midlothian,2021-01-01,1990,inferred
Midlothian,2021-01-02,1990,inferred
Midlothian,2021-01-03,1990,inferred
Midlothian,2021-01-04,1990,inferred
Midlothian,2021-01-05,1990,inferred
Midlothian,2021-01-06,2752,projected
Midlothian,2021-01-07,2752,projected
Midlothian,2021-01-08,2752,projected
Midlothian,2021-01-09,2752,projected
Midlothian,2021-01-10,2752,projected
Midlothian,2021-01-11,2752,projected
Midlothian,2021-01-12,2752,projected
Midlothian,2021-01-13,3993,projected
Midlothian,2021-01-14,3993,projected
Midlothian,2021-01-15,3993,projected
Midlothian,2021-01-16,3993,projected
Midlothian,2021-01-17,3993,projected
Midlothian,2021-01-18,3993,projected
Midlothian,2021-01-19,3993,projected
Midlothian,2021-01-20,5901,projected
Midlothian,2021-01-21,5901,projected
Midlothian,2021-01-22,5901,projected
Midlothian,2021-01-23,5901,projected
Midlothian,2021-01-24,5901,projected
Midlothian,2021-01-25,5901,projected
Midlothian,2021-01-26,5901,projected
Milton Keynes,2020-09-23, 68,inferred
Milton Keynes,2020-09-24, 68,inferred
Milton Keynes,2020-09-25, 68,inferred
Milton Keynes,2020-09-26, 68,inferred
Milton Keynes,2020-09-27, 68,inferred
Milton Keynes,2020-09-28, 68,inferred
Milton Keynes,2020-09-29, 68,inferred
Milton Keynes,2020-09-30,118,inferred
Milton Keynes,2020-10-01,118,inferred
Milton Keynes,2020-10-02,118,inferred
Milton Keynes,2020-10-03,118,inferred
Milton Keynes,2020-10-04,118,inferred
Milton Keynes,2020-10-05,118,inferred
Milton Keynes,2020-10-06,118,inferred
Milton Keynes,2020-10-07,152,inferred
Milton Keynes,2020-10-08,152,inferred
Milton Keynes,2020-10-09,152,inferred
Milton Keynes,2020-10-10,152,inferred
Milton Keynes,2020-10-11,152,inferred
Milton Keynes,2020-10-12,152,inferred
Milton Keynes,2020-10-13,152,inferred
Milton Keynes,2020-10-14,186,inferred
Milton Keynes,2020-10-15,186,inferred
Milton Keynes,2020-10-16,186,inferred
Milton Keynes,2020-10-17,186,inferred
Milton Keynes,2020-10-18,186,inferred
Milton Keynes,2020-10-19,186,inferred
Milton Keynes,2020-10-20,186,inferred
Milton Keynes,2020-10-21,299,inferred
Milton Keynes,2020-10-22,299,inferred
Milton Keynes,2020-10-23,299,inferred
Milton Keynes,2020-10-24,299,inferred
Milton Keynes,2020-10-25,299,inferred
Milton Keynes,2020-10-26,299,inferred
Milton Keynes,2020-10-27,299,inferred
Milton Keynes,2020-10-28,328,inferred
Milton Keynes,2020-10-29,328,inferred
Milton Keynes,2020-10-30,328,inferred
Milton Keynes,2020-10-31,328,inferred
Milton Keynes,2020-11-01,328,inferred
Milton Keynes,2020-11-02,328,inferred
Milton Keynes,2020-11-03,328,inferred
Milton Keynes,2020-11-04,382,inferred
Milton Keynes,2020-11-05,382,inferred
Milton Keynes,2020-11-06,382,inferred
Milton Keynes,2020-11-07,382,inferred
Milton Keynes,2020-11-08,382,inferred
Milton Keynes,2020-11-09,382,inferred
Milton Keynes,2020-11-10,382,inferred
Milton Keynes,2020-11-11,538,inferred
Milton Keynes,2020-11-12,538,inferred
Milton Keynes,2020-11-13,538,inferred
Milton Keynes,2020-11-14,538,inferred
Milton Keynes,2020-11-15,538,inferred
Milton Keynes,2020-11-16,538,inferred
Milton Keynes,2020-11-17,538,inferred
Milton Keynes,2020-11-18,389,inferred
Milton Keynes,2020-11-19,389,inferred
Milton Keynes,2020-11-20,389,inferred
Milton Keynes,2020-11-21,389,inferred
Milton Keynes,2020-11-22,389,inferred
Milton Keynes,2020-11-23,389,inferred
Milton Keynes,2020-11-24,389,inferred
Milton Keynes,2020-11-25,453,inferred
Milton Keynes,2020-11-26,453,inferred
Milton Keynes,2020-11-27,453,inferred
Milton Keynes,2020-11-28,453,inferred
Milton Keynes,2020-11-29,453,inferred
Milton Keynes,2020-11-30,453,inferred
Milton Keynes,2020-12-01,453,inferred
Milton Keynes,2020-12-02,587,inferred
Milton Keynes,2020-12-03,587,inferred
Milton Keynes,2020-12-04,587,inferred
Milton Keynes,2020-12-05,587,inferred
Milton Keynes,2020-12-06,587,inferred
Milton Keynes,2020-12-07,587,inferred
Milton Keynes,2020-12-08,587,inferred
Milton Keynes,2020-12-09,1227,inferred
Milton Keynes,2020-12-10,1227,inferred
Milton Keynes,2020-12-11,1227,inferred
Milton Keynes,2020-12-12,1227,inferred
Milton Keynes,2020-12-13,1227,inferred
Milton Keynes,2020-12-14,1227,inferred
Milton Keynes,2020-12-15,1227,inferred
Milton Keynes,2020-12-16,2368,inferred
Milton Keynes,2020-12-17,2368,inferred
Milton Keynes,2020-12-18,2368,inferred
Milton Keynes,2020-12-19,2368,inferred
Milton Keynes,2020-12-20,2368,inferred
Milton Keynes,2020-12-21,2368,inferred
Milton Keynes,2020-12-22,2368,inferred
Milton Keynes,2020-12-23,2257,inferred
Milton Keynes,2020-12-24,2257,inferred
Milton Keynes,2020-12-25,2257,inferred
Milton Keynes,2020-12-26,2257,inferred
Milton Keynes,2020-12-27,2257,inferred
Milton Keynes,2020-12-28,2257,inferred
Milton Keynes,2020-12-29,2257,inferred
Milton Keynes,2020-12-30,2523,inferred
Milton Keynes,2020-12-31,2523,inferred
Milton Keynes,2021-01-01,2523,inferred
Milton Keynes,2021-01-02,2523,inferred
Milton Keynes,2021-01-03,2523,inferred
Milton Keynes,2021-01-04,2523,inferred
Milton Keynes,2021-01-05,2523,inferred
Milton Keynes,2021-01-06,2259,projected
Milton Keynes,2021-01-07,2259,projected
Milton Keynes,2021-01-08,2259,projected
Milton Keynes,2021-01-09,2259,projected
Milton Keynes,2021-01-10,2259,projected
Milton Keynes,2021-01-11,2259,projected
Milton Keynes,2021-01-12,2259,projected
Milton Keynes,2021-01-13,2058,projected
Milton Keynes,2021-01-14,2058,projected
Milton Keynes,2021-01-15,2058,projected
Milton Keynes,2021-01-16,2058,projected
Milton Keynes,2021-01-17,2058,projected
Milton Keynes,2021-01-18,2058,projected
Milton Keynes,2021-01-19,2058,projected
Milton Keynes,2021-01-20,1913,projected
Milton Keynes,2021-01-21,1913,projected
Milton Keynes,2021-01-22,1913,projected
Milton Keynes,2021-01-23,1913,projected
Milton Keynes,2021-01-24,1913,projected
Milton Keynes,2021-01-25,1913,projected
Milton Keynes,2021-01-26,1913,projected
Mole Valley,2020-09-23, 14,inferred
Mole Valley,2020-09-24, 14,inferred
Mole Valley,2020-09-25, 14,inferred
Mole Valley,2020-09-26, 14,inferred
Mole Valley,2020-09-27, 14,inferred
Mole Valley,2020-09-28, 14,inferred
Mole Valley,2020-09-29, 14,inferred
Mole Valley,2020-09-30, 57,inferred
Mole Valley,2020-10-01, 57,inferred
Mole Valley,2020-10-02, 57,inferred
Mole Valley,2020-10-03, 57,inferred
Mole Valley,2020-10-04, 57,inferred
Mole Valley,2020-10-05, 57,inferred
Mole Valley,2020-10-06, 57,inferred
Mole Valley,2020-10-07, 57,inferred
Mole Valley,2020-10-08, 57,inferred
Mole Valley,2020-10-09, 57,inferred
Mole Valley,2020-10-10, 57,inferred
Mole Valley,2020-10-11, 57,inferred
Mole Valley,2020-10-12, 57,inferred
Mole Valley,2020-10-13, 57,inferred
Mole Valley,2020-10-14, 74,inferred
Mole Valley,2020-10-15, 74,inferred
Mole Valley,2020-10-16, 74,inferred
Mole Valley,2020-10-17, 74,inferred
Mole Valley,2020-10-18, 74,inferred
Mole Valley,2020-10-19, 74,inferred
Mole Valley,2020-10-20, 74,inferred
Mole Valley,2020-10-21,117,inferred
Mole Valley,2020-10-22,117,inferred
Mole Valley,2020-10-23,117,inferred
Mole Valley,2020-10-24,117,inferred
Mole Valley,2020-10-25,117,inferred
Mole Valley,2020-10-26,117,inferred
Mole Valley,2020-10-27,117,inferred
Mole Valley,2020-10-28,194,inferred
Mole Valley,2020-10-29,194,inferred
Mole Valley,2020-10-30,194,inferred
Mole Valley,2020-10-31,194,inferred
Mole Valley,2020-11-01,194,inferred
Mole Valley,2020-11-02,194,inferred
Mole Valley,2020-11-03,194,inferred
Mole Valley,2020-11-04,138,inferred
Mole Valley,2020-11-05,138,inferred
Mole Valley,2020-11-06,138,inferred
Mole Valley,2020-11-07,138,inferred
Mole Valley,2020-11-08,138,inferred
Mole Valley,2020-11-09,138,inferred
Mole Valley,2020-11-10,138,inferred
Mole Valley,2020-11-11,111,inferred
Mole Valley,2020-11-12,111,inferred
Mole Valley,2020-11-13,111,inferred
Mole Valley,2020-11-14,111,inferred
Mole Valley,2020-11-15,111,inferred
Mole Valley,2020-11-16,111,inferred
Mole Valley,2020-11-17,111,inferred
Mole Valley,2020-11-18, 81,inferred
Mole Valley,2020-11-19, 81,inferred
Mole Valley,2020-11-20, 81,inferred
Mole Valley,2020-11-21, 81,inferred
Mole Valley,2020-11-22, 81,inferred
Mole Valley,2020-11-23, 81,inferred
Mole Valley,2020-11-24, 81,inferred
Mole Valley,2020-11-25,107,inferred
Mole Valley,2020-11-26,107,inferred
Mole Valley,2020-11-27,107,inferred
Mole Valley,2020-11-28,107,inferred
Mole Valley,2020-11-29,107,inferred
Mole Valley,2020-11-30,107,inferred
Mole Valley,2020-12-01,107,inferred
Mole Valley,2020-12-02, 72,inferred
Mole Valley,2020-12-03, 72,inferred
Mole Valley,2020-12-04, 72,inferred
Mole Valley,2020-12-05, 72,inferred
Mole Valley,2020-12-06, 72,inferred
Mole Valley,2020-12-07, 72,inferred
Mole Valley,2020-12-08, 72,inferred
Mole Valley,2020-12-09,201,inferred
Mole Valley,2020-12-10,201,inferred
Mole Valley,2020-12-11,201,inferred
Mole Valley,2020-12-12,201,inferred
Mole Valley,2020-12-13,201,inferred
Mole Valley,2020-12-14,201,inferred
Mole Valley,2020-12-15,201,inferred
Mole Valley,2020-12-16,337,inferred
Mole Valley,2020-12-17,337,inferred
Mole Valley,2020-12-18,337,inferred
Mole Valley,2020-12-19,337,inferred
Mole Valley,2020-12-20,337,inferred
Mole Valley,2020-12-21,337,inferred
Mole Valley,2020-12-22,337,inferred
Mole Valley,2020-12-23,457,inferred
Mole Valley,2020-12-24,457,inferred
Mole Valley,2020-12-25,457,inferred
Mole Valley,2020-12-26,457,inferred
Mole Valley,2020-12-27,457,inferred
Mole Valley,2020-12-28,457,inferred
Mole Valley,2020-12-29,457,inferred
Mole Valley,2020-12-30,548,inferred
Mole Valley,2020-12-31,548,inferred
Mole Valley,2021-01-01,548,inferred
Mole Valley,2021-01-02,548,inferred
Mole Valley,2021-01-03,548,inferred
Mole Valley,2021-01-04,548,inferred
Mole Valley,2021-01-05,548,inferred
Mole Valley,2021-01-06,406,projected
Mole Valley,2021-01-07,406,projected
Mole Valley,2021-01-08,406,projected
Mole Valley,2021-01-09,406,projected
Mole Valley,2021-01-10,406,projected
Mole Valley,2021-01-11,406,projected
Mole Valley,2021-01-12,406,projected
Mole Valley,2021-01-13,279,projected
Mole Valley,2021-01-14,279,projected
Mole Valley,2021-01-15,279,projected
Mole Valley,2021-01-16,279,projected
Mole Valley,2021-01-17,279,projected
Mole Valley,2021-01-18,279,projected
Mole Valley,2021-01-19,279,projected
Mole Valley,2021-01-20,207,projected
Mole Valley,2021-01-21,207,projected
Mole Valley,2021-01-22,207,projected
Mole Valley,2021-01-23,207,projected
Mole Valley,2021-01-24,207,projected
Mole Valley,2021-01-25,207,projected
Mole Valley,2021-01-26,207,projected
Monmouthshire,2020-09-23, 20,inferred
Monmouthshire,2020-09-24, 20,inferred
Monmouthshire,2020-09-25, 20,inferred
Monmouthshire,2020-09-26, 20,inferred
Monmouthshire,2020-09-27, 20,inferred
Monmouthshire,2020-09-28, 20,inferred
Monmouthshire,2020-09-29, 20,inferred
Monmouthshire,2020-09-30, 37,inferred
Monmouthshire,2020-10-01, 37,inferred
Monmouthshire,2020-10-02, 37,inferred
Monmouthshire,2020-10-03, 37,inferred
Monmouthshire,2020-10-04, 37,inferred
Monmouthshire,2020-10-05, 37,inferred
Monmouthshire,2020-10-06, 37,inferred
Monmouthshire,2020-10-07, 67,inferred
Monmouthshire,2020-10-08, 67,inferred
Monmouthshire,2020-10-09, 67,inferred
Monmouthshire,2020-10-10, 67,inferred
Monmouthshire,2020-10-11, 67,inferred
Monmouthshire,2020-10-12, 67,inferred
Monmouthshire,2020-10-13, 67,inferred
Monmouthshire,2020-10-14,108,inferred
Monmouthshire,2020-10-15,108,inferred
Monmouthshire,2020-10-16,108,inferred
Monmouthshire,2020-10-17,108,inferred
Monmouthshire,2020-10-18,108,inferred
Monmouthshire,2020-10-19,108,inferred
Monmouthshire,2020-10-20,108,inferred
Monmouthshire,2020-10-21,173,inferred
Monmouthshire,2020-10-22,173,inferred
Monmouthshire,2020-10-23,173,inferred
Monmouthshire,2020-10-24,173,inferred
Monmouthshire,2020-10-25,173,inferred
Monmouthshire,2020-10-26,173,inferred
Monmouthshire,2020-10-27,173,inferred
Monmouthshire,2020-10-28,127,inferred
Monmouthshire,2020-10-29,127,inferred
Monmouthshire,2020-10-30,127,inferred
Monmouthshire,2020-10-31,127,inferred
Monmouthshire,2020-11-01,127,inferred
Monmouthshire,2020-11-02,127,inferred
Monmouthshire,2020-11-03,127,inferred
Monmouthshire,2020-11-04,121,inferred
Monmouthshire,2020-11-05,121,inferred
Monmouthshire,2020-11-06,121,inferred
Monmouthshire,2020-11-07,121,inferred
Monmouthshire,2020-11-08,121,inferred
Monmouthshire,2020-11-09,121,inferred
Monmouthshire,2020-11-10,121,inferred
Monmouthshire,2020-11-11,138,inferred
Monmouthshire,2020-11-12,138,inferred
Monmouthshire,2020-11-13,138,inferred
Monmouthshire,2020-11-14,138,inferred
Monmouthshire,2020-11-15,138,inferred
Monmouthshire,2020-11-16,138,inferred
Monmouthshire,2020-11-17,138,inferred
Monmouthshire,2020-11-18,151,inferred
Monmouthshire,2020-11-19,151,inferred
Monmouthshire,2020-11-20,151,inferred
Monmouthshire,2020-11-21,151,inferred
Monmouthshire,2020-11-22,151,inferred
Monmouthshire,2020-11-23,151,inferred
Monmouthshire,2020-11-24,151,inferred
Monmouthshire,2020-11-25,218,inferred
Monmouthshire,2020-11-26,218,inferred
Monmouthshire,2020-11-27,218,inferred
Monmouthshire,2020-11-28,218,inferred
Monmouthshire,2020-11-29,218,inferred
Monmouthshire,2020-11-30,218,inferred
Monmouthshire,2020-12-01,218,inferred
Monmouthshire,2020-12-02,320,inferred
Monmouthshire,2020-12-03,320,inferred
Monmouthshire,2020-12-04,320,inferred
Monmouthshire,2020-12-05,320,inferred
Monmouthshire,2020-12-06,320,inferred
Monmouthshire,2020-12-07,320,inferred
Monmouthshire,2020-12-08,320,inferred
Monmouthshire,2020-12-09,449,inferred
Monmouthshire,2020-12-10,449,inferred
Monmouthshire,2020-12-11,449,inferred
Monmouthshire,2020-12-12,449,inferred
Monmouthshire,2020-12-13,449,inferred
Monmouthshire,2020-12-14,449,inferred
Monmouthshire,2020-12-15,449,inferred
Monmouthshire,2020-12-16,394,inferred
Monmouthshire,2020-12-17,394,inferred
Monmouthshire,2020-12-18,394,inferred
Monmouthshire,2020-12-19,394,inferred
Monmouthshire,2020-12-20,394,inferred
Monmouthshire,2020-12-21,394,inferred
Monmouthshire,2020-12-22,394,inferred
Monmouthshire,2020-12-23,297,inferred
Monmouthshire,2020-12-24,297,inferred
Monmouthshire,2020-12-25,297,inferred
Monmouthshire,2020-12-26,297,inferred
Monmouthshire,2020-12-27,297,inferred
Monmouthshire,2020-12-28,297,inferred
Monmouthshire,2020-12-29,297,inferred
Monmouthshire,2020-12-30,294,inferred
Monmouthshire,2020-12-31,294,inferred
Monmouthshire,2021-01-01,294,inferred
Monmouthshire,2021-01-02,294,inferred
Monmouthshire,2021-01-03,294,inferred
Monmouthshire,2021-01-04,294,inferred
Monmouthshire,2021-01-05,294,inferred
Monmouthshire,2021-01-06,253,projected
Monmouthshire,2021-01-07,253,projected
Monmouthshire,2021-01-08,253,projected
Monmouthshire,2021-01-09,253,projected
Monmouthshire,2021-01-10,253,projected
Monmouthshire,2021-01-11,253,projected
Monmouthshire,2021-01-12,253,projected
Monmouthshire,2021-01-13,241,projected
Monmouthshire,2021-01-14,241,projected
Monmouthshire,2021-01-15,241,projected
Monmouthshire,2021-01-16,241,projected
Monmouthshire,2021-01-17,241,projected
Monmouthshire,2021-01-18,241,projected
Monmouthshire,2021-01-19,241,projected
Monmouthshire,2021-01-20,244,projected
Monmouthshire,2021-01-21,244,projected
Monmouthshire,2021-01-22,244,projected
Monmouthshire,2021-01-23,244,projected
Monmouthshire,2021-01-24,244,projected
Monmouthshire,2021-01-25,244,projected
Monmouthshire,2021-01-26,244,projected
Moray,2020-09-23,154,inferred
Moray,2020-09-24,154,inferred
Moray,2020-09-25,154,inferred
Moray,2020-09-26,154,inferred
Moray,2020-09-27,154,inferred
Moray,2020-09-28,154,inferred
Moray,2020-09-29,154,inferred
Moray,2020-09-30,176,inferred
Moray,2020-10-01,176,inferred
Moray,2020-10-02,176,inferred
Moray,2020-10-03,176,inferred
Moray,2020-10-04,176,inferred
Moray,2020-10-05,176,inferred
Moray,2020-10-06,176,inferred
Moray,2020-10-07,323,inferred
Moray,2020-10-08,323,inferred
Moray,2020-10-09,323,inferred
Moray,2020-10-10,323,inferred
Moray,2020-10-11,323,inferred
Moray,2020-10-12,323,inferred
Moray,2020-10-13,323,inferred
Moray,2020-10-14,242,inferred
Moray,2020-10-15,242,inferred
Moray,2020-10-16,242,inferred
Moray,2020-10-17,242,inferred
Moray,2020-10-18,242,inferred
Moray,2020-10-19,242,inferred
Moray,2020-10-20,242,inferred
Moray,2020-10-21,224,inferred
Moray,2020-10-22,224,inferred
Moray,2020-10-23,224,inferred
Moray,2020-10-24,224,inferred
Moray,2020-10-25,224,inferred
Moray,2020-10-26,224,inferred
Moray,2020-10-27,224,inferred
Moray,2020-10-28,203,inferred
Moray,2020-10-29,203,inferred
Moray,2020-10-30,203,inferred
Moray,2020-10-31,203,inferred
Moray,2020-11-01,203,inferred
Moray,2020-11-02,203,inferred
Moray,2020-11-03,203,inferred
Moray,2020-11-04,212,inferred
Moray,2020-11-05,212,inferred
Moray,2020-11-06,212,inferred
Moray,2020-11-07,212,inferred
Moray,2020-11-08,212,inferred
Moray,2020-11-09,212,inferred
Moray,2020-11-10,212,inferred
Moray,2020-11-11,360,inferred
Moray,2020-11-12,360,inferred
Moray,2020-11-13,360,inferred
Moray,2020-11-14,360,inferred
Moray,2020-11-15,360,inferred
Moray,2020-11-16,360,inferred
Moray,2020-11-17,360,inferred
Moray,2020-11-18,340,inferred
Moray,2020-11-19,340,inferred
Moray,2020-11-20,340,inferred
Moray,2020-11-21,340,inferred
Moray,2020-11-22,340,inferred
Moray,2020-11-23,340,inferred
Moray,2020-11-24,340,inferred
Moray,2020-11-25,446,inferred
Moray,2020-11-26,446,inferred
Moray,2020-11-27,446,inferred
Moray,2020-11-28,446,inferred
Moray,2020-11-29,446,inferred
Moray,2020-11-30,446,inferred
Moray,2020-12-01,446,inferred
Moray,2020-12-02,432,inferred
Moray,2020-12-03,432,inferred
Moray,2020-12-04,432,inferred
Moray,2020-12-05,432,inferred
Moray,2020-12-06,432,inferred
Moray,2020-12-07,432,inferred
Moray,2020-12-08,432,inferred
Moray,2020-12-09,579,inferred
Moray,2020-12-10,579,inferred
Moray,2020-12-11,579,inferred
Moray,2020-12-12,579,inferred
Moray,2020-12-13,579,inferred
Moray,2020-12-14,579,inferred
Moray,2020-12-15,579,inferred
Moray,2020-12-16,768,inferred
Moray,2020-12-17,768,inferred
Moray,2020-12-18,768,inferred
Moray,2020-12-19,768,inferred
Moray,2020-12-20,768,inferred
Moray,2020-12-21,768,inferred
Moray,2020-12-22,768,inferred
Moray,2020-12-23,846,inferred
Moray,2020-12-24,846,inferred
Moray,2020-12-25,846,inferred
Moray,2020-12-26,846,inferred
Moray,2020-12-27,846,inferred
Moray,2020-12-28,846,inferred
Moray,2020-12-29,846,inferred
Moray,2020-12-30,1545,inferred
Moray,2020-12-31,1545,inferred
Moray,2021-01-01,1545,inferred
Moray,2021-01-02,1545,inferred
Moray,2021-01-03,1545,inferred
Moray,2021-01-04,1545,inferred
Moray,2021-01-05,1545,inferred
Moray,2021-01-06,2169,projected
Moray,2021-01-07,2169,projected
Moray,2021-01-08,2169,projected
Moray,2021-01-09,2169,projected
Moray,2021-01-10,2169,projected
Moray,2021-01-11,2169,projected
Moray,2021-01-12,2169,projected
Moray,2021-01-13,3082,projected
Moray,2021-01-14,3082,projected
Moray,2021-01-15,3082,projected
Moray,2021-01-16,3082,projected
Moray,2021-01-17,3082,projected
Moray,2021-01-18,3082,projected
Moray,2021-01-19,3082,projected
Moray,2021-01-20,4257,projected
Moray,2021-01-21,4257,projected
Moray,2021-01-22,4257,projected
Moray,2021-01-23,4257,projected
Moray,2021-01-24,4257,projected
Moray,2021-01-25,4257,projected
Moray,2021-01-26,4257,projected
Na h-Eileanan Siar,2020-09-23, 18,inferred
Na h-Eileanan Siar,2020-09-24, 18,inferred
Na h-Eileanan Siar,2020-09-25, 18,inferred
Na h-Eileanan Siar,2020-09-26, 18,inferred
Na h-Eileanan Siar,2020-09-27, 18,inferred
Na h-Eileanan Siar,2020-09-28, 18,inferred
Na h-Eileanan Siar,2020-09-29, 18,inferred
Na h-Eileanan Siar,2020-09-30, 22,inferred
Na h-Eileanan Siar,2020-10-01, 22,inferred
Na h-Eileanan Siar,2020-10-02, 22,inferred
Na h-Eileanan Siar,2020-10-03, 22,inferred
Na h-Eileanan Siar,2020-10-04, 22,inferred
Na h-Eileanan Siar,2020-10-05, 22,inferred
Na h-Eileanan Siar,2020-10-06, 22,inferred
Na h-Eileanan Siar,2020-10-07,  8,inferred
Na h-Eileanan Siar,2020-10-08,  8,inferred
Na h-Eileanan Siar,2020-10-09,  8,inferred
Na h-Eileanan Siar,2020-10-10,  8,inferred
Na h-Eileanan Siar,2020-10-11,  8,inferred
Na h-Eileanan Siar,2020-10-12,  8,inferred
Na h-Eileanan Siar,2020-10-13,  8,inferred
Na h-Eileanan Siar,2020-10-14,  4,inferred
Na h-Eileanan Siar,2020-10-15,  4,inferred
Na h-Eileanan Siar,2020-10-16,  4,inferred
Na h-Eileanan Siar,2020-10-17,  4,inferred
Na h-Eileanan Siar,2020-10-18,  4,inferred
Na h-Eileanan Siar,2020-10-19,  4,inferred
Na h-Eileanan Siar,2020-10-20,  4,inferred
Na h-Eileanan Siar,2020-10-21,  6,inferred
Na h-Eileanan Siar,2020-10-22,  6,inferred
Na h-Eileanan Siar,2020-10-23,  6,inferred
Na h-Eileanan Siar,2020-10-24,  6,inferred
Na h-Eileanan Siar,2020-10-25,  6,inferred
Na h-Eileanan Siar,2020-10-26,  6,inferred
Na h-Eileanan Siar,2020-10-27,  6,inferred
Na h-Eileanan Siar,2020-10-28,  1,inferred
Na h-Eileanan Siar,2020-10-29,  1,inferred
Na h-Eileanan Siar,2020-10-30,  1,inferred
Na h-Eileanan Siar,2020-10-31,  1,inferred
Na h-Eileanan Siar,2020-11-01,  1,inferred
Na h-Eileanan Siar,2020-11-02,  1,inferred
Na h-Eileanan Siar,2020-11-03,  1,inferred
Na h-Eileanan Siar,2020-11-04,  1,inferred
Na h-Eileanan Siar,2020-11-05,  1,inferred
Na h-Eileanan Siar,2020-11-06,  1,inferred
Na h-Eileanan Siar,2020-11-07,  1,inferred
Na h-Eileanan Siar,2020-11-08,  1,inferred
Na h-Eileanan Siar,2020-11-09,  1,inferred
Na h-Eileanan Siar,2020-11-10,  1,inferred
Na h-Eileanan Siar,2020-11-11,  5,inferred
Na h-Eileanan Siar,2020-11-12,  5,inferred
Na h-Eileanan Siar,2020-11-13,  5,inferred
Na h-Eileanan Siar,2020-11-14,  5,inferred
Na h-Eileanan Siar,2020-11-15,  5,inferred
Na h-Eileanan Siar,2020-11-16,  5,inferred
Na h-Eileanan Siar,2020-11-17,  5,inferred
Na h-Eileanan Siar,2020-11-18,  0,inferred
Na h-Eileanan Siar,2020-11-19,  0,inferred
Na h-Eileanan Siar,2020-11-20,  0,inferred
Na h-Eileanan Siar,2020-11-21,  0,inferred
Na h-Eileanan Siar,2020-11-22,  0,inferred
Na h-Eileanan Siar,2020-11-23,  0,inferred
Na h-Eileanan Siar,2020-11-24,  0,inferred
Na h-Eileanan Siar,2020-11-25,  6,inferred
Na h-Eileanan Siar,2020-11-26,  6,inferred
Na h-Eileanan Siar,2020-11-27,  6,inferred
Na h-Eileanan Siar,2020-11-28,  6,inferred
Na h-Eileanan Siar,2020-11-29,  6,inferred
Na h-Eileanan Siar,2020-11-30,  6,inferred
Na h-Eileanan Siar,2020-12-01,  6,inferred
Na h-Eileanan Siar,2020-12-02,  1,inferred
Na h-Eileanan Siar,2020-12-03,  1,inferred
Na h-Eileanan Siar,2020-12-04,  1,inferred
Na h-Eileanan Siar,2020-12-05,  1,inferred
Na h-Eileanan Siar,2020-12-06,  1,inferred
Na h-Eileanan Siar,2020-12-07,  1,inferred
Na h-Eileanan Siar,2020-12-08,  1,inferred
Na h-Eileanan Siar,2020-12-09,  7,inferred
Na h-Eileanan Siar,2020-12-10,  7,inferred
Na h-Eileanan Siar,2020-12-11,  7,inferred
Na h-Eileanan Siar,2020-12-12,  7,inferred
Na h-Eileanan Siar,2020-12-13,  7,inferred
Na h-Eileanan Siar,2020-12-14,  7,inferred
Na h-Eileanan Siar,2020-12-15,  7,inferred
Na h-Eileanan Siar,2020-12-16,  3,inferred
Na h-Eileanan Siar,2020-12-17,  3,inferred
Na h-Eileanan Siar,2020-12-18,  3,inferred
Na h-Eileanan Siar,2020-12-19,  3,inferred
Na h-Eileanan Siar,2020-12-20,  3,inferred
Na h-Eileanan Siar,2020-12-21,  3,inferred
Na h-Eileanan Siar,2020-12-22,  3,inferred
Na h-Eileanan Siar,2020-12-23,  2,inferred
Na h-Eileanan Siar,2020-12-24,  2,inferred
Na h-Eileanan Siar,2020-12-25,  2,inferred
Na h-Eileanan Siar,2020-12-26,  2,inferred
Na h-Eileanan Siar,2020-12-27,  2,inferred
Na h-Eileanan Siar,2020-12-28,  2,inferred
Na h-Eileanan Siar,2020-12-29,  2,inferred
Na h-Eileanan Siar,2020-12-30, 13,inferred
Na h-Eileanan Siar,2020-12-31, 13,inferred
Na h-Eileanan Siar,2021-01-01, 13,inferred
Na h-Eileanan Siar,2021-01-02, 13,inferred
Na h-Eileanan Siar,2021-01-03, 13,inferred
Na h-Eileanan Siar,2021-01-04, 13,inferred
Na h-Eileanan Siar,2021-01-05, 13,inferred
Na h-Eileanan Siar,2021-01-06,  5,projected
Na h-Eileanan Siar,2021-01-07,  5,projected
Na h-Eileanan Siar,2021-01-08,  5,projected
Na h-Eileanan Siar,2021-01-09,  5,projected
Na h-Eileanan Siar,2021-01-10,  5,projected
Na h-Eileanan Siar,2021-01-11,  5,projected
Na h-Eileanan Siar,2021-01-12,  5,projected
Na h-Eileanan Siar,2021-01-13,  6,projected
Na h-Eileanan Siar,2021-01-14,  6,projected
Na h-Eileanan Siar,2021-01-15,  6,projected
Na h-Eileanan Siar,2021-01-16,  6,projected
Na h-Eileanan Siar,2021-01-17,  6,projected
Na h-Eileanan Siar,2021-01-18,  6,projected
Na h-Eileanan Siar,2021-01-19,  6,projected
Na h-Eileanan Siar,2021-01-20,  7,projected
Na h-Eileanan Siar,2021-01-21,  7,projected
Na h-Eileanan Siar,2021-01-22,  7,projected
Na h-Eileanan Siar,2021-01-23,  7,projected
Na h-Eileanan Siar,2021-01-24,  7,projected
Na h-Eileanan Siar,2021-01-25,  7,projected
Na h-Eileanan Siar,2021-01-26,  7,projected
Neath Port Talbot,2020-09-23, 82,inferred
Neath Port Talbot,2020-09-24, 82,inferred
Neath Port Talbot,2020-09-25, 82,inferred
Neath Port Talbot,2020-09-26, 82,inferred
Neath Port Talbot,2020-09-27, 82,inferred
Neath Port Talbot,2020-09-28, 82,inferred
Neath Port Talbot,2020-09-29, 82,inferred
Neath Port Talbot,2020-09-30,194,inferred
Neath Port Talbot,2020-10-01,194,inferred
Neath Port Talbot,2020-10-02,194,inferred
Neath Port Talbot,2020-10-03,194,inferred
Neath Port Talbot,2020-10-04,194,inferred
Neath Port Talbot,2020-10-05,194,inferred
Neath Port Talbot,2020-10-06,194,inferred
Neath Port Talbot,2020-10-07,227,inferred
Neath Port Talbot,2020-10-08,227,inferred
Neath Port Talbot,2020-10-09,227,inferred
Neath Port Talbot,2020-10-10,227,inferred
Neath Port Talbot,2020-10-11,227,inferred
Neath Port Talbot,2020-10-12,227,inferred
Neath Port Talbot,2020-10-13,227,inferred
Neath Port Talbot,2020-10-14,370,inferred
Neath Port Talbot,2020-10-15,370,inferred
Neath Port Talbot,2020-10-16,370,inferred
Neath Port Talbot,2020-10-17,370,inferred
Neath Port Talbot,2020-10-18,370,inferred
Neath Port Talbot,2020-10-19,370,inferred
Neath Port Talbot,2020-10-20,370,inferred
Neath Port Talbot,2020-10-21,534,inferred
Neath Port Talbot,2020-10-22,534,inferred
Neath Port Talbot,2020-10-23,534,inferred
Neath Port Talbot,2020-10-24,534,inferred
Neath Port Talbot,2020-10-25,534,inferred
Neath Port Talbot,2020-10-26,534,inferred
Neath Port Talbot,2020-10-27,534,inferred
Neath Port Talbot,2020-10-28,531,inferred
Neath Port Talbot,2020-10-29,531,inferred
Neath Port Talbot,2020-10-30,531,inferred
Neath Port Talbot,2020-10-31,531,inferred
Neath Port Talbot,2020-11-01,531,inferred
Neath Port Talbot,2020-11-02,531,inferred
Neath Port Talbot,2020-11-03,531,inferred
Neath Port Talbot,2020-11-04,412,inferred
Neath Port Talbot,2020-11-05,412,inferred
Neath Port Talbot,2020-11-06,412,inferred
Neath Port Talbot,2020-11-07,412,inferred
Neath Port Talbot,2020-11-08,412,inferred
Neath Port Talbot,2020-11-09,412,inferred
Neath Port Talbot,2020-11-10,412,inferred
Neath Port Talbot,2020-11-11,377,inferred
Neath Port Talbot,2020-11-12,377,inferred
Neath Port Talbot,2020-11-13,377,inferred
Neath Port Talbot,2020-11-14,377,inferred
Neath Port Talbot,2020-11-15,377,inferred
Neath Port Talbot,2020-11-16,377,inferred
Neath Port Talbot,2020-11-17,377,inferred
Neath Port Talbot,2020-11-18,467,inferred
Neath Port Talbot,2020-11-19,467,inferred
Neath Port Talbot,2020-11-20,467,inferred
Neath Port Talbot,2020-11-21,467,inferred
Neath Port Talbot,2020-11-22,467,inferred
Neath Port Talbot,2020-11-23,467,inferred
Neath Port Talbot,2020-11-24,467,inferred
Neath Port Talbot,2020-11-25,716,inferred
Neath Port Talbot,2020-11-26,716,inferred
Neath Port Talbot,2020-11-27,716,inferred
Neath Port Talbot,2020-11-28,716,inferred
Neath Port Talbot,2020-11-29,716,inferred
Neath Port Talbot,2020-11-30,716,inferred
Neath Port Talbot,2020-12-01,716,inferred
Neath Port Talbot,2020-12-02,1103,inferred
Neath Port Talbot,2020-12-03,1103,inferred
Neath Port Talbot,2020-12-04,1103,inferred
Neath Port Talbot,2020-12-05,1103,inferred
Neath Port Talbot,2020-12-06,1103,inferred
Neath Port Talbot,2020-12-07,1103,inferred
Neath Port Talbot,2020-12-08,1103,inferred
Neath Port Talbot,2020-12-09,1426,inferred
Neath Port Talbot,2020-12-10,1426,inferred
Neath Port Talbot,2020-12-11,1426,inferred
Neath Port Talbot,2020-12-12,1426,inferred
Neath Port Talbot,2020-12-13,1426,inferred
Neath Port Talbot,2020-12-14,1426,inferred
Neath Port Talbot,2020-12-15,1426,inferred
Neath Port Talbot,2020-12-16,1218,inferred
Neath Port Talbot,2020-12-17,1218,inferred
Neath Port Talbot,2020-12-18,1218,inferred
Neath Port Talbot,2020-12-19,1218,inferred
Neath Port Talbot,2020-12-20,1218,inferred
Neath Port Talbot,2020-12-21,1218,inferred
Neath Port Talbot,2020-12-22,1218,inferred
Neath Port Talbot,2020-12-23,790,inferred
Neath Port Talbot,2020-12-24,790,inferred
Neath Port Talbot,2020-12-25,790,inferred
Neath Port Talbot,2020-12-26,790,inferred
Neath Port Talbot,2020-12-27,790,inferred
Neath Port Talbot,2020-12-28,790,inferred
Neath Port Talbot,2020-12-29,790,inferred
Neath Port Talbot,2020-12-30,588,inferred
Neath Port Talbot,2020-12-31,588,inferred
Neath Port Talbot,2021-01-01,588,inferred
Neath Port Talbot,2021-01-02,588,inferred
Neath Port Talbot,2021-01-03,588,inferred
Neath Port Talbot,2021-01-04,588,inferred
Neath Port Talbot,2021-01-05,588,inferred
Neath Port Talbot,2021-01-06,510,projected
Neath Port Talbot,2021-01-07,510,projected
Neath Port Talbot,2021-01-08,510,projected
Neath Port Talbot,2021-01-09,510,projected
Neath Port Talbot,2021-01-10,510,projected
Neath Port Talbot,2021-01-11,510,projected
Neath Port Talbot,2021-01-12,510,projected
Neath Port Talbot,2021-01-13,424,projected
Neath Port Talbot,2021-01-14,424,projected
Neath Port Talbot,2021-01-15,424,projected
Neath Port Talbot,2021-01-16,424,projected
Neath Port Talbot,2021-01-17,424,projected
Neath Port Talbot,2021-01-18,424,projected
Neath Port Talbot,2021-01-19,424,projected
Neath Port Talbot,2021-01-20,379,projected
Neath Port Talbot,2021-01-21,379,projected
Neath Port Talbot,2021-01-22,379,projected
Neath Port Talbot,2021-01-23,379,projected
Neath Port Talbot,2021-01-24,379,projected
Neath Port Talbot,2021-01-25,379,projected
Neath Port Talbot,2021-01-26,379,projected
New Forest,2020-09-23, 32,inferred
New Forest,2020-09-24, 32,inferred
New Forest,2020-09-25, 32,inferred
New Forest,2020-09-26, 32,inferred
New Forest,2020-09-27, 32,inferred
New Forest,2020-09-28, 32,inferred
New Forest,2020-09-29, 32,inferred
New Forest,2020-09-30, 45,inferred
New Forest,2020-10-01, 45,inferred
New Forest,2020-10-02, 45,inferred
New Forest,2020-10-03, 45,inferred
New Forest,2020-10-04, 45,inferred
New Forest,2020-10-05, 45,inferred
New Forest,2020-10-06, 45,inferred
New Forest,2020-10-07,100,inferred
New Forest,2020-10-08,100,inferred
New Forest,2020-10-09,100,inferred
New Forest,2020-10-10,100,inferred
New Forest,2020-10-11,100,inferred
New Forest,2020-10-12,100,inferred
New Forest,2020-10-13,100,inferred
New Forest,2020-10-14,148,inferred
New Forest,2020-10-15,148,inferred
New Forest,2020-10-16,148,inferred
New Forest,2020-10-17,148,inferred
New Forest,2020-10-18,148,inferred
New Forest,2020-10-19,148,inferred
New Forest,2020-10-20,148,inferred
New Forest,2020-10-21,163,inferred
New Forest,2020-10-22,163,inferred
New Forest,2020-10-23,163,inferred
New Forest,2020-10-24,163,inferred
New Forest,2020-10-25,163,inferred
New Forest,2020-10-26,163,inferred
New Forest,2020-10-27,163,inferred
New Forest,2020-10-28,183,inferred
New Forest,2020-10-29,183,inferred
New Forest,2020-10-30,183,inferred
New Forest,2020-10-31,183,inferred
New Forest,2020-11-01,183,inferred
New Forest,2020-11-02,183,inferred
New Forest,2020-11-03,183,inferred
New Forest,2020-11-04,235,inferred
New Forest,2020-11-05,235,inferred
New Forest,2020-11-06,235,inferred
New Forest,2020-11-07,235,inferred
New Forest,2020-11-08,235,inferred
New Forest,2020-11-09,235,inferred
New Forest,2020-11-10,235,inferred
New Forest,2020-11-11,216,inferred
New Forest,2020-11-12,216,inferred
New Forest,2020-11-13,216,inferred
New Forest,2020-11-14,216,inferred
New Forest,2020-11-15,216,inferred
New Forest,2020-11-16,216,inferred
New Forest,2020-11-17,216,inferred
New Forest,2020-11-18,103,inferred
New Forest,2020-11-19,103,inferred
New Forest,2020-11-20,103,inferred
New Forest,2020-11-21,103,inferred
New Forest,2020-11-22,103,inferred
New Forest,2020-11-23,103,inferred
New Forest,2020-11-24,103,inferred
New Forest,2020-11-25, 66,inferred
New Forest,2020-11-26, 66,inferred
New Forest,2020-11-27, 66,inferred
New Forest,2020-11-28, 66,inferred
New Forest,2020-11-29, 66,inferred
New Forest,2020-11-30, 66,inferred
New Forest,2020-12-01, 66,inferred
New Forest,2020-12-02,129,inferred
New Forest,2020-12-03,129,inferred
New Forest,2020-12-04,129,inferred
New Forest,2020-12-05,129,inferred
New Forest,2020-12-06,129,inferred
New Forest,2020-12-07,129,inferred
New Forest,2020-12-08,129,inferred
New Forest,2020-12-09,155,inferred
New Forest,2020-12-10,155,inferred
New Forest,2020-12-11,155,inferred
New Forest,2020-12-12,155,inferred
New Forest,2020-12-13,155,inferred
New Forest,2020-12-14,155,inferred
New Forest,2020-12-15,155,inferred
New Forest,2020-12-16,243,inferred
New Forest,2020-12-17,243,inferred
New Forest,2020-12-18,243,inferred
New Forest,2020-12-19,243,inferred
New Forest,2020-12-20,243,inferred
New Forest,2020-12-21,243,inferred
New Forest,2020-12-22,243,inferred
New Forest,2020-12-23,428,inferred
New Forest,2020-12-24,428,inferred
New Forest,2020-12-25,428,inferred
New Forest,2020-12-26,428,inferred
New Forest,2020-12-27,428,inferred
New Forest,2020-12-28,428,inferred
New Forest,2020-12-29,428,inferred
New Forest,2020-12-30,773,inferred
New Forest,2020-12-31,773,inferred
New Forest,2021-01-01,773,inferred
New Forest,2021-01-02,773,inferred
New Forest,2021-01-03,773,inferred
New Forest,2021-01-04,773,inferred
New Forest,2021-01-05,773,inferred
New Forest,2021-01-06,965,projected
New Forest,2021-01-07,965,projected
New Forest,2021-01-08,965,projected
New Forest,2021-01-09,965,projected
New Forest,2021-01-10,965,projected
New Forest,2021-01-11,965,projected
New Forest,2021-01-12,965,projected
New Forest,2021-01-13,1190,projected
New Forest,2021-01-14,1190,projected
New Forest,2021-01-15,1190,projected
New Forest,2021-01-16,1190,projected
New Forest,2021-01-17,1190,projected
New Forest,2021-01-18,1190,projected
New Forest,2021-01-19,1190,projected
New Forest,2021-01-20,1434,projected
New Forest,2021-01-21,1434,projected
New Forest,2021-01-22,1434,projected
New Forest,2021-01-23,1434,projected
New Forest,2021-01-24,1434,projected
New Forest,2021-01-25,1434,projected
New Forest,2021-01-26,1434,projected
Newark and Sherwood,2020-09-23,127,inferred
Newark and Sherwood,2020-09-24,127,inferred
Newark and Sherwood,2020-09-25,127,inferred
Newark and Sherwood,2020-09-26,127,inferred
Newark and Sherwood,2020-09-27,127,inferred
Newark and Sherwood,2020-09-28,127,inferred
Newark and Sherwood,2020-09-29,127,inferred
Newark and Sherwood,2020-09-30,229,inferred
Newark and Sherwood,2020-10-01,229,inferred
Newark and Sherwood,2020-10-02,229,inferred
Newark and Sherwood,2020-10-03,229,inferred
Newark and Sherwood,2020-10-04,229,inferred
Newark and Sherwood,2020-10-05,229,inferred
Newark and Sherwood,2020-10-06,229,inferred
Newark and Sherwood,2020-10-07,227,inferred
Newark and Sherwood,2020-10-08,227,inferred
Newark and Sherwood,2020-10-09,227,inferred
Newark and Sherwood,2020-10-10,227,inferred
Newark and Sherwood,2020-10-11,227,inferred
Newark and Sherwood,2020-10-12,227,inferred
Newark and Sherwood,2020-10-13,227,inferred
Newark and Sherwood,2020-10-14,228,inferred
Newark and Sherwood,2020-10-15,228,inferred
Newark and Sherwood,2020-10-16,228,inferred
Newark and Sherwood,2020-10-17,228,inferred
Newark and Sherwood,2020-10-18,228,inferred
Newark and Sherwood,2020-10-19,228,inferred
Newark and Sherwood,2020-10-20,228,inferred
Newark and Sherwood,2020-10-21,301,inferred
Newark and Sherwood,2020-10-22,301,inferred
Newark and Sherwood,2020-10-23,301,inferred
Newark and Sherwood,2020-10-24,301,inferred
Newark and Sherwood,2020-10-25,301,inferred
Newark and Sherwood,2020-10-26,301,inferred
Newark and Sherwood,2020-10-27,301,inferred
Newark and Sherwood,2020-10-28,310,inferred
Newark and Sherwood,2020-10-29,310,inferred
Newark and Sherwood,2020-10-30,310,inferred
Newark and Sherwood,2020-10-31,310,inferred
Newark and Sherwood,2020-11-01,310,inferred
Newark and Sherwood,2020-11-02,310,inferred
Newark and Sherwood,2020-11-03,310,inferred
Newark and Sherwood,2020-11-04,315,inferred
Newark and Sherwood,2020-11-05,315,inferred
Newark and Sherwood,2020-11-06,315,inferred
Newark and Sherwood,2020-11-07,315,inferred
Newark and Sherwood,2020-11-08,315,inferred
Newark and Sherwood,2020-11-09,315,inferred
Newark and Sherwood,2020-11-10,315,inferred
Newark and Sherwood,2020-11-11,280,inferred
Newark and Sherwood,2020-11-12,280,inferred
Newark and Sherwood,2020-11-13,280,inferred
Newark and Sherwood,2020-11-14,280,inferred
Newark and Sherwood,2020-11-15,280,inferred
Newark and Sherwood,2020-11-16,280,inferred
Newark and Sherwood,2020-11-17,280,inferred
Newark and Sherwood,2020-11-18,228,inferred
Newark and Sherwood,2020-11-19,228,inferred
Newark and Sherwood,2020-11-20,228,inferred
Newark and Sherwood,2020-11-21,228,inferred
Newark and Sherwood,2020-11-22,228,inferred
Newark and Sherwood,2020-11-23,228,inferred
Newark and Sherwood,2020-11-24,228,inferred
Newark and Sherwood,2020-11-25,238,inferred
Newark and Sherwood,2020-11-26,238,inferred
Newark and Sherwood,2020-11-27,238,inferred
Newark and Sherwood,2020-11-28,238,inferred
Newark and Sherwood,2020-11-29,238,inferred
Newark and Sherwood,2020-11-30,238,inferred
Newark and Sherwood,2020-12-01,238,inferred
Newark and Sherwood,2020-12-02,204,inferred
Newark and Sherwood,2020-12-03,204,inferred
Newark and Sherwood,2020-12-04,204,inferred
Newark and Sherwood,2020-12-05,204,inferred
Newark and Sherwood,2020-12-06,204,inferred
Newark and Sherwood,2020-12-07,204,inferred
Newark and Sherwood,2020-12-08,204,inferred
Newark and Sherwood,2020-12-09,253,inferred
Newark and Sherwood,2020-12-10,253,inferred
Newark and Sherwood,2020-12-11,253,inferred
Newark and Sherwood,2020-12-12,253,inferred
Newark and Sherwood,2020-12-13,253,inferred
Newark and Sherwood,2020-12-14,253,inferred
Newark and Sherwood,2020-12-15,253,inferred
Newark and Sherwood,2020-12-16,280,inferred
Newark and Sherwood,2020-12-17,280,inferred
Newark and Sherwood,2020-12-18,280,inferred
Newark and Sherwood,2020-12-19,280,inferred
Newark and Sherwood,2020-12-20,280,inferred
Newark and Sherwood,2020-12-21,280,inferred
Newark and Sherwood,2020-12-22,280,inferred
Newark and Sherwood,2020-12-23,312,inferred
Newark and Sherwood,2020-12-24,312,inferred
Newark and Sherwood,2020-12-25,312,inferred
Newark and Sherwood,2020-12-26,312,inferred
Newark and Sherwood,2020-12-27,312,inferred
Newark and Sherwood,2020-12-28,312,inferred
Newark and Sherwood,2020-12-29,312,inferred
Newark and Sherwood,2020-12-30,445,inferred
Newark and Sherwood,2020-12-31,445,inferred
Newark and Sherwood,2021-01-01,445,inferred
Newark and Sherwood,2021-01-02,445,inferred
Newark and Sherwood,2021-01-03,445,inferred
Newark and Sherwood,2021-01-04,445,inferred
Newark and Sherwood,2021-01-05,445,inferred
Newark and Sherwood,2021-01-06,511,projected
Newark and Sherwood,2021-01-07,511,projected
Newark and Sherwood,2021-01-08,511,projected
Newark and Sherwood,2021-01-09,511,projected
Newark and Sherwood,2021-01-10,511,projected
Newark and Sherwood,2021-01-11,511,projected
Newark and Sherwood,2021-01-12,511,projected
Newark and Sherwood,2021-01-13,561,projected
Newark and Sherwood,2021-01-14,561,projected
Newark and Sherwood,2021-01-15,561,projected
Newark and Sherwood,2021-01-16,561,projected
Newark and Sherwood,2021-01-17,561,projected
Newark and Sherwood,2021-01-18,561,projected
Newark and Sherwood,2021-01-19,561,projected
Newark and Sherwood,2021-01-20,622,projected
Newark and Sherwood,2021-01-21,622,projected
Newark and Sherwood,2021-01-22,622,projected
Newark and Sherwood,2021-01-23,622,projected
Newark and Sherwood,2021-01-24,622,projected
Newark and Sherwood,2021-01-25,622,projected
Newark and Sherwood,2021-01-26,622,projected
Newcastle upon Tyne,2020-09-23,1722,inferred
Newcastle upon Tyne,2020-09-24,1722,inferred
Newcastle upon Tyne,2020-09-25,1722,inferred
Newcastle upon Tyne,2020-09-26,1722,inferred
Newcastle upon Tyne,2020-09-27,1722,inferred
Newcastle upon Tyne,2020-09-28,1722,inferred
Newcastle upon Tyne,2020-09-29,1722,inferred
Newcastle upon Tyne,2020-09-30,2922,inferred
Newcastle upon Tyne,2020-10-01,2922,inferred
Newcastle upon Tyne,2020-10-02,2922,inferred
Newcastle upon Tyne,2020-10-03,2922,inferred
Newcastle upon Tyne,2020-10-04,2922,inferred
Newcastle upon Tyne,2020-10-05,2922,inferred
Newcastle upon Tyne,2020-10-06,2922,inferred
Newcastle upon Tyne,2020-10-07,1650,inferred
Newcastle upon Tyne,2020-10-08,1650,inferred
Newcastle upon Tyne,2020-10-09,1650,inferred
Newcastle upon Tyne,2020-10-10,1650,inferred
Newcastle upon Tyne,2020-10-11,1650,inferred
Newcastle upon Tyne,2020-10-12,1650,inferred
Newcastle upon Tyne,2020-10-13,1650,inferred
Newcastle upon Tyne,2020-10-14,1071,inferred
Newcastle upon Tyne,2020-10-15,1071,inferred
Newcastle upon Tyne,2020-10-16,1071,inferred
Newcastle upon Tyne,2020-10-17,1071,inferred
Newcastle upon Tyne,2020-10-18,1071,inferred
Newcastle upon Tyne,2020-10-19,1071,inferred
Newcastle upon Tyne,2020-10-20,1071,inferred
Newcastle upon Tyne,2020-10-21,977,inferred
Newcastle upon Tyne,2020-10-22,977,inferred
Newcastle upon Tyne,2020-10-23,977,inferred
Newcastle upon Tyne,2020-10-24,977,inferred
Newcastle upon Tyne,2020-10-25,977,inferred
Newcastle upon Tyne,2020-10-26,977,inferred
Newcastle upon Tyne,2020-10-27,977,inferred
Newcastle upon Tyne,2020-10-28,945,inferred
Newcastle upon Tyne,2020-10-29,945,inferred
Newcastle upon Tyne,2020-10-30,945,inferred
Newcastle upon Tyne,2020-10-31,945,inferred
Newcastle upon Tyne,2020-11-01,945,inferred
Newcastle upon Tyne,2020-11-02,945,inferred
Newcastle upon Tyne,2020-11-03,945,inferred
Newcastle upon Tyne,2020-11-04,1288,inferred
Newcastle upon Tyne,2020-11-05,1288,inferred
Newcastle upon Tyne,2020-11-06,1288,inferred
Newcastle upon Tyne,2020-11-07,1288,inferred
Newcastle upon Tyne,2020-11-08,1288,inferred
Newcastle upon Tyne,2020-11-09,1288,inferred
Newcastle upon Tyne,2020-11-10,1288,inferred
Newcastle upon Tyne,2020-11-11,1262,inferred
Newcastle upon Tyne,2020-11-12,1262,inferred
Newcastle upon Tyne,2020-11-13,1262,inferred
Newcastle upon Tyne,2020-11-14,1262,inferred
Newcastle upon Tyne,2020-11-15,1262,inferred
Newcastle upon Tyne,2020-11-16,1262,inferred
Newcastle upon Tyne,2020-11-17,1262,inferred
Newcastle upon Tyne,2020-11-18,728,inferred
Newcastle upon Tyne,2020-11-19,728,inferred
Newcastle upon Tyne,2020-11-20,728,inferred
Newcastle upon Tyne,2020-11-21,728,inferred
Newcastle upon Tyne,2020-11-22,728,inferred
Newcastle upon Tyne,2020-11-23,728,inferred
Newcastle upon Tyne,2020-11-24,728,inferred
Newcastle upon Tyne,2020-11-25,452,inferred
Newcastle upon Tyne,2020-11-26,452,inferred
Newcastle upon Tyne,2020-11-27,452,inferred
Newcastle upon Tyne,2020-11-28,452,inferred
Newcastle upon Tyne,2020-11-29,452,inferred
Newcastle upon Tyne,2020-11-30,452,inferred
Newcastle upon Tyne,2020-12-01,452,inferred
Newcastle upon Tyne,2020-12-02,341,inferred
Newcastle upon Tyne,2020-12-03,341,inferred
Newcastle upon Tyne,2020-12-04,341,inferred
Newcastle upon Tyne,2020-12-05,341,inferred
Newcastle upon Tyne,2020-12-06,341,inferred
Newcastle upon Tyne,2020-12-07,341,inferred
Newcastle upon Tyne,2020-12-08,341,inferred
Newcastle upon Tyne,2020-12-09,511,inferred
Newcastle upon Tyne,2020-12-10,511,inferred
Newcastle upon Tyne,2020-12-11,511,inferred
Newcastle upon Tyne,2020-12-12,511,inferred
Newcastle upon Tyne,2020-12-13,511,inferred
Newcastle upon Tyne,2020-12-14,511,inferred
Newcastle upon Tyne,2020-12-15,511,inferred
Newcastle upon Tyne,2020-12-16,416,inferred
Newcastle upon Tyne,2020-12-17,416,inferred
Newcastle upon Tyne,2020-12-18,416,inferred
Newcastle upon Tyne,2020-12-19,416,inferred
Newcastle upon Tyne,2020-12-20,416,inferred
Newcastle upon Tyne,2020-12-21,416,inferred
Newcastle upon Tyne,2020-12-22,416,inferred
Newcastle upon Tyne,2020-12-23,515,inferred
Newcastle upon Tyne,2020-12-24,515,inferred
Newcastle upon Tyne,2020-12-25,515,inferred
Newcastle upon Tyne,2020-12-26,515,inferred
Newcastle upon Tyne,2020-12-27,515,inferred
Newcastle upon Tyne,2020-12-28,515,inferred
Newcastle upon Tyne,2020-12-29,515,inferred
Newcastle upon Tyne,2020-12-30,840,inferred
Newcastle upon Tyne,2020-12-31,840,inferred
Newcastle upon Tyne,2021-01-01,840,inferred
Newcastle upon Tyne,2021-01-02,840,inferred
Newcastle upon Tyne,2021-01-03,840,inferred
Newcastle upon Tyne,2021-01-04,840,inferred
Newcastle upon Tyne,2021-01-05,840,inferred
Newcastle upon Tyne,2021-01-06,889,projected
Newcastle upon Tyne,2021-01-07,889,projected
Newcastle upon Tyne,2021-01-08,889,projected
Newcastle upon Tyne,2021-01-09,889,projected
Newcastle upon Tyne,2021-01-10,889,projected
Newcastle upon Tyne,2021-01-11,889,projected
Newcastle upon Tyne,2021-01-12,889,projected
Newcastle upon Tyne,2021-01-13,961,projected
Newcastle upon Tyne,2021-01-14,961,projected
Newcastle upon Tyne,2021-01-15,961,projected
Newcastle upon Tyne,2021-01-16,961,projected
Newcastle upon Tyne,2021-01-17,961,projected
Newcastle upon Tyne,2021-01-18,961,projected
Newcastle upon Tyne,2021-01-19,961,projected
Newcastle upon Tyne,2021-01-20,1027,projected
Newcastle upon Tyne,2021-01-21,1027,projected
Newcastle upon Tyne,2021-01-22,1027,projected
Newcastle upon Tyne,2021-01-23,1027,projected
Newcastle upon Tyne,2021-01-24,1027,projected
Newcastle upon Tyne,2021-01-25,1027,projected
Newcastle upon Tyne,2021-01-26,1027,projected
Newcastle-under-Lyme,2020-09-23, 76,inferred
Newcastle-under-Lyme,2020-09-24, 76,inferred
Newcastle-under-Lyme,2020-09-25, 76,inferred
Newcastle-under-Lyme,2020-09-26, 76,inferred
Newcastle-under-Lyme,2020-09-27, 76,inferred
Newcastle-under-Lyme,2020-09-28, 76,inferred
Newcastle-under-Lyme,2020-09-29, 76,inferred
Newcastle-under-Lyme,2020-09-30,196,inferred
Newcastle-under-Lyme,2020-10-01,196,inferred
Newcastle-under-Lyme,2020-10-02,196,inferred
Newcastle-under-Lyme,2020-10-03,196,inferred
Newcastle-under-Lyme,2020-10-04,196,inferred
Newcastle-under-Lyme,2020-10-05,196,inferred
Newcastle-under-Lyme,2020-10-06,196,inferred
Newcastle-under-Lyme,2020-10-07,182,inferred
Newcastle-under-Lyme,2020-10-08,182,inferred
Newcastle-under-Lyme,2020-10-09,182,inferred
Newcastle-under-Lyme,2020-10-10,182,inferred
Newcastle-under-Lyme,2020-10-11,182,inferred
Newcastle-under-Lyme,2020-10-12,182,inferred
Newcastle-under-Lyme,2020-10-13,182,inferred
Newcastle-under-Lyme,2020-10-14,300,inferred
Newcastle-under-Lyme,2020-10-15,300,inferred
Newcastle-under-Lyme,2020-10-16,300,inferred
Newcastle-under-Lyme,2020-10-17,300,inferred
Newcastle-under-Lyme,2020-10-18,300,inferred
Newcastle-under-Lyme,2020-10-19,300,inferred
Newcastle-under-Lyme,2020-10-20,300,inferred
Newcastle-under-Lyme,2020-10-21,396,inferred
Newcastle-under-Lyme,2020-10-22,396,inferred
Newcastle-under-Lyme,2020-10-23,396,inferred
Newcastle-under-Lyme,2020-10-24,396,inferred
Newcastle-under-Lyme,2020-10-25,396,inferred
Newcastle-under-Lyme,2020-10-26,396,inferred
Newcastle-under-Lyme,2020-10-27,396,inferred
Newcastle-under-Lyme,2020-10-28,580,inferred
Newcastle-under-Lyme,2020-10-29,580,inferred
Newcastle-under-Lyme,2020-10-30,580,inferred
Newcastle-under-Lyme,2020-10-31,580,inferred
Newcastle-under-Lyme,2020-11-01,580,inferred
Newcastle-under-Lyme,2020-11-02,580,inferred
Newcastle-under-Lyme,2020-11-03,580,inferred
Newcastle-under-Lyme,2020-11-04,556,inferred
Newcastle-under-Lyme,2020-11-05,556,inferred
Newcastle-under-Lyme,2020-11-06,556,inferred
Newcastle-under-Lyme,2020-11-07,556,inferred
Newcastle-under-Lyme,2020-11-08,556,inferred
Newcastle-under-Lyme,2020-11-09,556,inferred
Newcastle-under-Lyme,2020-11-10,556,inferred
Newcastle-under-Lyme,2020-11-11,605,inferred
Newcastle-under-Lyme,2020-11-12,605,inferred
Newcastle-under-Lyme,2020-11-13,605,inferred
Newcastle-under-Lyme,2020-11-14,605,inferred
Newcastle-under-Lyme,2020-11-15,605,inferred
Newcastle-under-Lyme,2020-11-16,605,inferred
Newcastle-under-Lyme,2020-11-17,605,inferred
Newcastle-under-Lyme,2020-11-18,418,inferred
Newcastle-under-Lyme,2020-11-19,418,inferred
Newcastle-under-Lyme,2020-11-20,418,inferred
Newcastle-under-Lyme,2020-11-21,418,inferred
Newcastle-under-Lyme,2020-11-22,418,inferred
Newcastle-under-Lyme,2020-11-23,418,inferred
Newcastle-under-Lyme,2020-11-24,418,inferred
Newcastle-under-Lyme,2020-11-25,307,inferred
Newcastle-under-Lyme,2020-11-26,307,inferred
Newcastle-under-Lyme,2020-11-27,307,inferred
Newcastle-under-Lyme,2020-11-28,307,inferred
Newcastle-under-Lyme,2020-11-29,307,inferred
Newcastle-under-Lyme,2020-11-30,307,inferred
Newcastle-under-Lyme,2020-12-01,307,inferred
Newcastle-under-Lyme,2020-12-02,238,inferred
Newcastle-under-Lyme,2020-12-03,238,inferred
Newcastle-under-Lyme,2020-12-04,238,inferred
Newcastle-under-Lyme,2020-12-05,238,inferred
Newcastle-under-Lyme,2020-12-06,238,inferred
Newcastle-under-Lyme,2020-12-07,238,inferred
Newcastle-under-Lyme,2020-12-08,238,inferred
Newcastle-under-Lyme,2020-12-09,286,inferred
Newcastle-under-Lyme,2020-12-10,286,inferred
Newcastle-under-Lyme,2020-12-11,286,inferred
Newcastle-under-Lyme,2020-12-12,286,inferred
Newcastle-under-Lyme,2020-12-13,286,inferred
Newcastle-under-Lyme,2020-12-14,286,inferred
Newcastle-under-Lyme,2020-12-15,286,inferred
Newcastle-under-Lyme,2020-12-16,310,inferred
Newcastle-under-Lyme,2020-12-17,310,inferred
Newcastle-under-Lyme,2020-12-18,310,inferred
Newcastle-under-Lyme,2020-12-19,310,inferred
Newcastle-under-Lyme,2020-12-20,310,inferred
Newcastle-under-Lyme,2020-12-21,310,inferred
Newcastle-under-Lyme,2020-12-22,310,inferred
Newcastle-under-Lyme,2020-12-23,296,inferred
Newcastle-under-Lyme,2020-12-24,296,inferred
Newcastle-under-Lyme,2020-12-25,296,inferred
Newcastle-under-Lyme,2020-12-26,296,inferred
Newcastle-under-Lyme,2020-12-27,296,inferred
Newcastle-under-Lyme,2020-12-28,296,inferred
Newcastle-under-Lyme,2020-12-29,296,inferred
Newcastle-under-Lyme,2020-12-30,505,inferred
Newcastle-under-Lyme,2020-12-31,505,inferred
Newcastle-under-Lyme,2021-01-01,505,inferred
Newcastle-under-Lyme,2021-01-02,505,inferred
Newcastle-under-Lyme,2021-01-03,505,inferred
Newcastle-under-Lyme,2021-01-04,505,inferred
Newcastle-under-Lyme,2021-01-05,505,inferred
Newcastle-under-Lyme,2021-01-06,580,projected
Newcastle-under-Lyme,2021-01-07,580,projected
Newcastle-under-Lyme,2021-01-08,580,projected
Newcastle-under-Lyme,2021-01-09,580,projected
Newcastle-under-Lyme,2021-01-10,580,projected
Newcastle-under-Lyme,2021-01-11,580,projected
Newcastle-under-Lyme,2021-01-12,580,projected
Newcastle-under-Lyme,2021-01-13,650,projected
Newcastle-under-Lyme,2021-01-14,650,projected
Newcastle-under-Lyme,2021-01-15,650,projected
Newcastle-under-Lyme,2021-01-16,650,projected
Newcastle-under-Lyme,2021-01-17,650,projected
Newcastle-under-Lyme,2021-01-18,650,projected
Newcastle-under-Lyme,2021-01-19,650,projected
Newcastle-under-Lyme,2021-01-20,727,projected
Newcastle-under-Lyme,2021-01-21,727,projected
Newcastle-under-Lyme,2021-01-22,727,projected
Newcastle-under-Lyme,2021-01-23,727,projected
Newcastle-under-Lyme,2021-01-24,727,projected
Newcastle-under-Lyme,2021-01-25,727,projected
Newcastle-under-Lyme,2021-01-26,727,projected
Newham,2020-09-23,260,inferred
Newham,2020-09-24,260,inferred
Newham,2020-09-25,260,inferred
Newham,2020-09-26,260,inferred
Newham,2020-09-27,260,inferred
Newham,2020-09-28,260,inferred
Newham,2020-09-29,260,inferred
Newham,2020-09-30,269,inferred
Newham,2020-10-01,269,inferred
Newham,2020-10-02,269,inferred
Newham,2020-10-03,269,inferred
Newham,2020-10-04,269,inferred
Newham,2020-10-05,269,inferred
Newham,2020-10-06,269,inferred
Newham,2020-10-07,381,inferred
Newham,2020-10-08,381,inferred
Newham,2020-10-09,381,inferred
Newham,2020-10-10,381,inferred
Newham,2020-10-11,381,inferred
Newham,2020-10-12,381,inferred
Newham,2020-10-13,381,inferred
Newham,2020-10-14,527,inferred
Newham,2020-10-15,527,inferred
Newham,2020-10-16,527,inferred
Newham,2020-10-17,527,inferred
Newham,2020-10-18,527,inferred
Newham,2020-10-19,527,inferred
Newham,2020-10-20,527,inferred
Newham,2020-10-21,599,inferred
Newham,2020-10-22,599,inferred
Newham,2020-10-23,599,inferred
Newham,2020-10-24,599,inferred
Newham,2020-10-25,599,inferred
Newham,2020-10-26,599,inferred
Newham,2020-10-27,599,inferred
Newham,2020-10-28,619,inferred
Newham,2020-10-29,619,inferred
Newham,2020-10-30,619,inferred
Newham,2020-10-31,619,inferred
Newham,2020-11-01,619,inferred
Newham,2020-11-02,619,inferred
Newham,2020-11-03,619,inferred
Newham,2020-11-04,684,inferred
Newham,2020-11-05,684,inferred
Newham,2020-11-06,684,inferred
Newham,2020-11-07,684,inferred
Newham,2020-11-08,684,inferred
Newham,2020-11-09,684,inferred
Newham,2020-11-10,684,inferred
Newham,2020-11-11,778,inferred
Newham,2020-11-12,778,inferred
Newham,2020-11-13,778,inferred
Newham,2020-11-14,778,inferred
Newham,2020-11-15,778,inferred
Newham,2020-11-16,778,inferred
Newham,2020-11-17,778,inferred
Newham,2020-11-18,776,inferred
Newham,2020-11-19,776,inferred
Newham,2020-11-20,776,inferred
Newham,2020-11-21,776,inferred
Newham,2020-11-22,776,inferred
Newham,2020-11-23,776,inferred
Newham,2020-11-24,776,inferred
Newham,2020-11-25,852,inferred
Newham,2020-11-26,852,inferred
Newham,2020-11-27,852,inferred
Newham,2020-11-28,852,inferred
Newham,2020-11-29,852,inferred
Newham,2020-11-30,852,inferred
Newham,2020-12-01,852,inferred
Newham,2020-12-02,1089,inferred
Newham,2020-12-03,1089,inferred
Newham,2020-12-04,1089,inferred
Newham,2020-12-05,1089,inferred
Newham,2020-12-06,1089,inferred
Newham,2020-12-07,1089,inferred
Newham,2020-12-08,1089,inferred
Newham,2020-12-09,2148,inferred
Newham,2020-12-10,2148,inferred
Newham,2020-12-11,2148,inferred
Newham,2020-12-12,2148,inferred
Newham,2020-12-13,2148,inferred
Newham,2020-12-14,2148,inferred
Newham,2020-12-15,2148,inferred
Newham,2020-12-16,3367,inferred
Newham,2020-12-17,3367,inferred
Newham,2020-12-18,3367,inferred
Newham,2020-12-19,3367,inferred
Newham,2020-12-20,3367,inferred
Newham,2020-12-21,3367,inferred
Newham,2020-12-22,3367,inferred
Newham,2020-12-23,4289,inferred
Newham,2020-12-24,4289,inferred
Newham,2020-12-25,4289,inferred
Newham,2020-12-26,4289,inferred
Newham,2020-12-27,4289,inferred
Newham,2020-12-28,4289,inferred
Newham,2020-12-29,4289,inferred
Newham,2020-12-30,5052,inferred
Newham,2020-12-31,5052,inferred
Newham,2021-01-01,5052,inferred
Newham,2021-01-02,5052,inferred
Newham,2021-01-03,5052,inferred
Newham,2021-01-04,5052,inferred
Newham,2021-01-05,5052,inferred
Newham,2021-01-06,4273,projected
Newham,2021-01-07,4273,projected
Newham,2021-01-08,4273,projected
Newham,2021-01-09,4273,projected
Newham,2021-01-10,4273,projected
Newham,2021-01-11,4273,projected
Newham,2021-01-12,4273,projected
Newham,2021-01-13,3511,projected
Newham,2021-01-14,3511,projected
Newham,2021-01-15,3511,projected
Newham,2021-01-16,3511,projected
Newham,2021-01-17,3511,projected
Newham,2021-01-18,3511,projected
Newham,2021-01-19,3511,projected
Newham,2021-01-20,2990,projected
Newham,2021-01-21,2990,projected
Newham,2021-01-22,2990,projected
Newham,2021-01-23,2990,projected
Newham,2021-01-24,2990,projected
Newham,2021-01-25,2990,projected
Newham,2021-01-26,2990,projected
Newport,2020-09-23,100,inferred
Newport,2020-09-24,100,inferred
Newport,2020-09-25,100,inferred
Newport,2020-09-26,100,inferred
Newport,2020-09-27,100,inferred
Newport,2020-09-28,100,inferred
Newport,2020-09-29,100,inferred
Newport,2020-09-30, 94,inferred
Newport,2020-10-01, 94,inferred
Newport,2020-10-02, 94,inferred
Newport,2020-10-03, 94,inferred
Newport,2020-10-04, 94,inferred
Newport,2020-10-05, 94,inferred
Newport,2020-10-06, 94,inferred
Newport,2020-10-07,119,inferred
Newport,2020-10-08,119,inferred
Newport,2020-10-09,119,inferred
Newport,2020-10-10,119,inferred
Newport,2020-10-11,119,inferred
Newport,2020-10-12,119,inferred
Newport,2020-10-13,119,inferred
Newport,2020-10-14,159,inferred
Newport,2020-10-15,159,inferred
Newport,2020-10-16,159,inferred
Newport,2020-10-17,159,inferred
Newport,2020-10-18,159,inferred
Newport,2020-10-19,159,inferred
Newport,2020-10-20,159,inferred
Newport,2020-10-21,271,inferred
Newport,2020-10-22,271,inferred
Newport,2020-10-23,271,inferred
Newport,2020-10-24,271,inferred
Newport,2020-10-25,271,inferred
Newport,2020-10-26,271,inferred
Newport,2020-10-27,271,inferred
Newport,2020-10-28,301,inferred
Newport,2020-10-29,301,inferred
Newport,2020-10-30,301,inferred
Newport,2020-10-31,301,inferred
Newport,2020-11-01,301,inferred
Newport,2020-11-02,301,inferred
Newport,2020-11-03,301,inferred
Newport,2020-11-04,244,inferred
Newport,2020-11-05,244,inferred
Newport,2020-11-06,244,inferred
Newport,2020-11-07,244,inferred
Newport,2020-11-08,244,inferred
Newport,2020-11-09,244,inferred
Newport,2020-11-10,244,inferred
Newport,2020-11-11,322,inferred
Newport,2020-11-12,322,inferred
Newport,2020-11-13,322,inferred
Newport,2020-11-14,322,inferred
Newport,2020-11-15,322,inferred
Newport,2020-11-16,322,inferred
Newport,2020-11-17,322,inferred
Newport,2020-11-18,474,inferred
Newport,2020-11-19,474,inferred
Newport,2020-11-20,474,inferred
Newport,2020-11-21,474,inferred
Newport,2020-11-22,474,inferred
Newport,2020-11-23,474,inferred
Newport,2020-11-24,474,inferred
Newport,2020-11-25,542,inferred
Newport,2020-11-26,542,inferred
Newport,2020-11-27,542,inferred
Newport,2020-11-28,542,inferred
Newport,2020-11-29,542,inferred
Newport,2020-11-30,542,inferred
Newport,2020-12-01,542,inferred
Newport,2020-12-02,1014,inferred
Newport,2020-12-03,1014,inferred
Newport,2020-12-04,1014,inferred
Newport,2020-12-05,1014,inferred
Newport,2020-12-06,1014,inferred
Newport,2020-12-07,1014,inferred
Newport,2020-12-08,1014,inferred
Newport,2020-12-09,1365,inferred
Newport,2020-12-10,1365,inferred
Newport,2020-12-11,1365,inferred
Newport,2020-12-12,1365,inferred
Newport,2020-12-13,1365,inferred
Newport,2020-12-14,1365,inferred
Newport,2020-12-15,1365,inferred
Newport,2020-12-16,1146,inferred
Newport,2020-12-17,1146,inferred
Newport,2020-12-18,1146,inferred
Newport,2020-12-19,1146,inferred
Newport,2020-12-20,1146,inferred
Newport,2020-12-21,1146,inferred
Newport,2020-12-22,1146,inferred
Newport,2020-12-23,853,inferred
Newport,2020-12-24,853,inferred
Newport,2020-12-25,853,inferred
Newport,2020-12-26,853,inferred
Newport,2020-12-27,853,inferred
Newport,2020-12-28,853,inferred
Newport,2020-12-29,853,inferred
Newport,2020-12-30,771,inferred
Newport,2020-12-31,771,inferred
Newport,2021-01-01,771,inferred
Newport,2021-01-02,771,inferred
Newport,2021-01-03,771,inferred
Newport,2021-01-04,771,inferred
Newport,2021-01-05,771,inferred
Newport,2021-01-06,727,projected
Newport,2021-01-07,727,projected
Newport,2021-01-08,727,projected
Newport,2021-01-09,727,projected
Newport,2021-01-10,727,projected
Newport,2021-01-11,727,projected
Newport,2021-01-12,727,projected
Newport,2021-01-13,664,projected
Newport,2021-01-14,664,projected
Newport,2021-01-15,664,projected
Newport,2021-01-16,664,projected
Newport,2021-01-17,664,projected
Newport,2021-01-18,664,projected
Newport,2021-01-19,664,projected
Newport,2021-01-20,610,projected
Newport,2021-01-21,610,projected
Newport,2021-01-22,610,projected
Newport,2021-01-23,610,projected
Newport,2021-01-24,610,projected
Newport,2021-01-25,610,projected
Newport,2021-01-26,610,projected
North Ayrshire,2020-09-23,142,inferred
North Ayrshire,2020-09-24,142,inferred
North Ayrshire,2020-09-25,142,inferred
North Ayrshire,2020-09-26,142,inferred
North Ayrshire,2020-09-27,142,inferred
North Ayrshire,2020-09-28,142,inferred
North Ayrshire,2020-09-29,142,inferred
North Ayrshire,2020-09-30,248,inferred
North Ayrshire,2020-10-01,248,inferred
North Ayrshire,2020-10-02,248,inferred
North Ayrshire,2020-10-03,248,inferred
North Ayrshire,2020-10-04,248,inferred
North Ayrshire,2020-10-05,248,inferred
North Ayrshire,2020-10-06,248,inferred
North Ayrshire,2020-10-07,546,inferred
North Ayrshire,2020-10-08,546,inferred
North Ayrshire,2020-10-09,546,inferred
North Ayrshire,2020-10-10,546,inferred
North Ayrshire,2020-10-11,546,inferred
North Ayrshire,2020-10-12,546,inferred
North Ayrshire,2020-10-13,546,inferred
North Ayrshire,2020-10-14,621,inferred
North Ayrshire,2020-10-15,621,inferred
North Ayrshire,2020-10-16,621,inferred
North Ayrshire,2020-10-17,621,inferred
North Ayrshire,2020-10-18,621,inferred
North Ayrshire,2020-10-19,621,inferred
North Ayrshire,2020-10-20,621,inferred
North Ayrshire,2020-10-21,872,inferred
North Ayrshire,2020-10-22,872,inferred
North Ayrshire,2020-10-23,872,inferred
North Ayrshire,2020-10-24,872,inferred
North Ayrshire,2020-10-25,872,inferred
North Ayrshire,2020-10-26,872,inferred
North Ayrshire,2020-10-27,872,inferred
North Ayrshire,2020-10-28,647,inferred
North Ayrshire,2020-10-29,647,inferred
North Ayrshire,2020-10-30,647,inferred
North Ayrshire,2020-10-31,647,inferred
North Ayrshire,2020-11-01,647,inferred
North Ayrshire,2020-11-02,647,inferred
North Ayrshire,2020-11-03,647,inferred
North Ayrshire,2020-11-04,625,inferred
North Ayrshire,2020-11-05,625,inferred
North Ayrshire,2020-11-06,625,inferred
North Ayrshire,2020-11-07,625,inferred
North Ayrshire,2020-11-08,625,inferred
North Ayrshire,2020-11-09,625,inferred
North Ayrshire,2020-11-10,625,inferred
North Ayrshire,2020-11-11,528,inferred
North Ayrshire,2020-11-12,528,inferred
North Ayrshire,2020-11-13,528,inferred
North Ayrshire,2020-11-14,528,inferred
North Ayrshire,2020-11-15,528,inferred
North Ayrshire,2020-11-16,528,inferred
North Ayrshire,2020-11-17,528,inferred
North Ayrshire,2020-11-18,488,inferred
North Ayrshire,2020-11-19,488,inferred
North Ayrshire,2020-11-20,488,inferred
North Ayrshire,2020-11-21,488,inferred
North Ayrshire,2020-11-22,488,inferred
North Ayrshire,2020-11-23,488,inferred
North Ayrshire,2020-11-24,488,inferred
North Ayrshire,2020-11-25,457,inferred
North Ayrshire,2020-11-26,457,inferred
North Ayrshire,2020-11-27,457,inferred
North Ayrshire,2020-11-28,457,inferred
North Ayrshire,2020-11-29,457,inferred
North Ayrshire,2020-11-30,457,inferred
North Ayrshire,2020-12-01,457,inferred
North Ayrshire,2020-12-02,502,inferred
North Ayrshire,2020-12-03,502,inferred
North Ayrshire,2020-12-04,502,inferred
North Ayrshire,2020-12-05,502,inferred
North Ayrshire,2020-12-06,502,inferred
North Ayrshire,2020-12-07,502,inferred
North Ayrshire,2020-12-08,502,inferred
North Ayrshire,2020-12-09,593,inferred
North Ayrshire,2020-12-10,593,inferred
North Ayrshire,2020-12-11,593,inferred
North Ayrshire,2020-12-12,593,inferred
North Ayrshire,2020-12-13,593,inferred
North Ayrshire,2020-12-14,593,inferred
North Ayrshire,2020-12-15,593,inferred
North Ayrshire,2020-12-16,571,inferred
North Ayrshire,2020-12-17,571,inferred
North Ayrshire,2020-12-18,571,inferred
North Ayrshire,2020-12-19,571,inferred
North Ayrshire,2020-12-20,571,inferred
North Ayrshire,2020-12-21,571,inferred
North Ayrshire,2020-12-22,571,inferred
North Ayrshire,2020-12-23,641,inferred
North Ayrshire,2020-12-24,641,inferred
North Ayrshire,2020-12-25,641,inferred
North Ayrshire,2020-12-26,641,inferred
North Ayrshire,2020-12-27,641,inferred
North Ayrshire,2020-12-28,641,inferred
North Ayrshire,2020-12-29,641,inferred
North Ayrshire,2020-12-30,1175,inferred
North Ayrshire,2020-12-31,1175,inferred
North Ayrshire,2021-01-01,1175,inferred
North Ayrshire,2021-01-02,1175,inferred
North Ayrshire,2021-01-03,1175,inferred
North Ayrshire,2021-01-04,1175,inferred
North Ayrshire,2021-01-05,1175,inferred
North Ayrshire,2021-01-06,1511,projected
North Ayrshire,2021-01-07,1511,projected
North Ayrshire,2021-01-08,1511,projected
North Ayrshire,2021-01-09,1511,projected
North Ayrshire,2021-01-10,1511,projected
North Ayrshire,2021-01-11,1511,projected
North Ayrshire,2021-01-12,1511,projected
North Ayrshire,2021-01-13,1995,projected
North Ayrshire,2021-01-14,1995,projected
North Ayrshire,2021-01-15,1995,projected
North Ayrshire,2021-01-16,1995,projected
North Ayrshire,2021-01-17,1995,projected
North Ayrshire,2021-01-18,1995,projected
North Ayrshire,2021-01-19,1995,projected
North Ayrshire,2021-01-20,2865,projected
North Ayrshire,2021-01-21,2865,projected
North Ayrshire,2021-01-22,2865,projected
North Ayrshire,2021-01-23,2865,projected
North Ayrshire,2021-01-24,2865,projected
North Ayrshire,2021-01-25,2865,projected
North Ayrshire,2021-01-26,2865,projected
North Devon,2020-09-23,  9,inferred
North Devon,2020-09-24,  9,inferred
North Devon,2020-09-25,  9,inferred
North Devon,2020-09-26,  9,inferred
North Devon,2020-09-27,  9,inferred
North Devon,2020-09-28,  9,inferred
North Devon,2020-09-29,  9,inferred
North Devon,2020-09-30, 34,inferred
North Devon,2020-10-01, 34,inferred
North Devon,2020-10-02, 34,inferred
North Devon,2020-10-03, 34,inferred
North Devon,2020-10-04, 34,inferred
North Devon,2020-10-05, 34,inferred
North Devon,2020-10-06, 34,inferred
North Devon,2020-10-07, 46,inferred
North Devon,2020-10-08, 46,inferred
North Devon,2020-10-09, 46,inferred
North Devon,2020-10-10, 46,inferred
North Devon,2020-10-11, 46,inferred
North Devon,2020-10-12, 46,inferred
North Devon,2020-10-13, 46,inferred
North Devon,2020-10-14, 35,inferred
North Devon,2020-10-15, 35,inferred
North Devon,2020-10-16, 35,inferred
North Devon,2020-10-17, 35,inferred
North Devon,2020-10-18, 35,inferred
North Devon,2020-10-19, 35,inferred
North Devon,2020-10-20, 35,inferred
North Devon,2020-10-21, 58,inferred
North Devon,2020-10-22, 58,inferred
North Devon,2020-10-23, 58,inferred
North Devon,2020-10-24, 58,inferred
North Devon,2020-10-25, 58,inferred
North Devon,2020-10-26, 58,inferred
North Devon,2020-10-27, 58,inferred
North Devon,2020-10-28, 98,inferred
North Devon,2020-10-29, 98,inferred
North Devon,2020-10-30, 98,inferred
North Devon,2020-10-31, 98,inferred
North Devon,2020-11-01, 98,inferred
North Devon,2020-11-02, 98,inferred
North Devon,2020-11-03, 98,inferred
North Devon,2020-11-04,142,inferred
North Devon,2020-11-05,142,inferred
North Devon,2020-11-06,142,inferred
North Devon,2020-11-07,142,inferred
North Devon,2020-11-08,142,inferred
North Devon,2020-11-09,142,inferred
North Devon,2020-11-10,142,inferred
North Devon,2020-11-11,151,inferred
North Devon,2020-11-12,151,inferred
North Devon,2020-11-13,151,inferred
North Devon,2020-11-14,151,inferred
North Devon,2020-11-15,151,inferred
North Devon,2020-11-16,151,inferred
North Devon,2020-11-17,151,inferred
North Devon,2020-11-18,109,inferred
North Devon,2020-11-19,109,inferred
North Devon,2020-11-20,109,inferred
North Devon,2020-11-21,109,inferred
North Devon,2020-11-22,109,inferred
North Devon,2020-11-23,109,inferred
North Devon,2020-11-24,109,inferred
North Devon,2020-11-25, 78,inferred
North Devon,2020-11-26, 78,inferred
North Devon,2020-11-27, 78,inferred
North Devon,2020-11-28, 78,inferred
North Devon,2020-11-29, 78,inferred
North Devon,2020-11-30, 78,inferred
North Devon,2020-12-01, 78,inferred
North Devon,2020-12-02, 89,inferred
North Devon,2020-12-03, 89,inferred
North Devon,2020-12-04, 89,inferred
North Devon,2020-12-05, 89,inferred
North Devon,2020-12-06, 89,inferred
North Devon,2020-12-07, 89,inferred
North Devon,2020-12-08, 89,inferred
North Devon,2020-12-09,168,inferred
North Devon,2020-12-10,168,inferred
North Devon,2020-12-11,168,inferred
North Devon,2020-12-12,168,inferred
North Devon,2020-12-13,168,inferred
North Devon,2020-12-14,168,inferred
North Devon,2020-12-15,168,inferred
North Devon,2020-12-16,174,inferred
North Devon,2020-12-17,174,inferred
North Devon,2020-12-18,174,inferred
North Devon,2020-12-19,174,inferred
North Devon,2020-12-20,174,inferred
North Devon,2020-12-21,174,inferred
North Devon,2020-12-22,174,inferred
North Devon,2020-12-23,117,inferred
North Devon,2020-12-24,117,inferred
North Devon,2020-12-25,117,inferred
North Devon,2020-12-26,117,inferred
North Devon,2020-12-27,117,inferred
North Devon,2020-12-28,117,inferred
North Devon,2020-12-29,117,inferred
North Devon,2020-12-30,120,inferred
North Devon,2020-12-31,120,inferred
North Devon,2021-01-01,120,inferred
North Devon,2021-01-02,120,inferred
North Devon,2021-01-03,120,inferred
North Devon,2021-01-04,120,inferred
North Devon,2021-01-05,120,inferred
North Devon,2021-01-06,116,projected
North Devon,2021-01-07,116,projected
North Devon,2021-01-08,116,projected
North Devon,2021-01-09,116,projected
North Devon,2021-01-10,116,projected
North Devon,2021-01-11,116,projected
North Devon,2021-01-12,116,projected
North Devon,2021-01-13,115,projected
North Devon,2021-01-14,115,projected
North Devon,2021-01-15,115,projected
North Devon,2021-01-16,115,projected
North Devon,2021-01-17,115,projected
North Devon,2021-01-18,115,projected
North Devon,2021-01-19,115,projected
North Devon,2021-01-20,126,projected
North Devon,2021-01-21,126,projected
North Devon,2021-01-22,126,projected
North Devon,2021-01-23,126,projected
North Devon,2021-01-24,126,projected
North Devon,2021-01-25,126,projected
North Devon,2021-01-26,126,projected
North East Derbyshire,2020-09-23, 54,inferred
North East Derbyshire,2020-09-24, 54,inferred
North East Derbyshire,2020-09-25, 54,inferred
North East Derbyshire,2020-09-26, 54,inferred
North East Derbyshire,2020-09-27, 54,inferred
North East Derbyshire,2020-09-28, 54,inferred
North East Derbyshire,2020-09-29, 54,inferred
North East Derbyshire,2020-09-30,155,inferred
North East Derbyshire,2020-10-01,155,inferred
North East Derbyshire,2020-10-02,155,inferred
North East Derbyshire,2020-10-03,155,inferred
North East Derbyshire,2020-10-04,155,inferred
North East Derbyshire,2020-10-05,155,inferred
North East Derbyshire,2020-10-06,155,inferred
North East Derbyshire,2020-10-07,159,inferred
North East Derbyshire,2020-10-08,159,inferred
North East Derbyshire,2020-10-09,159,inferred
North East Derbyshire,2020-10-10,159,inferred
North East Derbyshire,2020-10-11,159,inferred
North East Derbyshire,2020-10-12,159,inferred
North East Derbyshire,2020-10-13,159,inferred
North East Derbyshire,2020-10-14,294,inferred
North East Derbyshire,2020-10-15,294,inferred
North East Derbyshire,2020-10-16,294,inferred
North East Derbyshire,2020-10-17,294,inferred
North East Derbyshire,2020-10-18,294,inferred
North East Derbyshire,2020-10-19,294,inferred
North East Derbyshire,2020-10-20,294,inferred
North East Derbyshire,2020-10-21,354,inferred
North East Derbyshire,2020-10-22,354,inferred
North East Derbyshire,2020-10-23,354,inferred
North East Derbyshire,2020-10-24,354,inferred
North East Derbyshire,2020-10-25,354,inferred
North East Derbyshire,2020-10-26,354,inferred
North East Derbyshire,2020-10-27,354,inferred
North East Derbyshire,2020-10-28,327,inferred
North East Derbyshire,2020-10-29,327,inferred
North East Derbyshire,2020-10-30,327,inferred
North East Derbyshire,2020-10-31,327,inferred
North East Derbyshire,2020-11-01,327,inferred
North East Derbyshire,2020-11-02,327,inferred
North East Derbyshire,2020-11-03,327,inferred
North East Derbyshire,2020-11-04,307,inferred
North East Derbyshire,2020-11-05,307,inferred
North East Derbyshire,2020-11-06,307,inferred
North East Derbyshire,2020-11-07,307,inferred
North East Derbyshire,2020-11-08,307,inferred
North East Derbyshire,2020-11-09,307,inferred
North East Derbyshire,2020-11-10,307,inferred
North East Derbyshire,2020-11-11,235,inferred
North East Derbyshire,2020-11-12,235,inferred
North East Derbyshire,2020-11-13,235,inferred
North East Derbyshire,2020-11-14,235,inferred
North East Derbyshire,2020-11-15,235,inferred
North East Derbyshire,2020-11-16,235,inferred
North East Derbyshire,2020-11-17,235,inferred
North East Derbyshire,2020-11-18,196,inferred
North East Derbyshire,2020-11-19,196,inferred
North East Derbyshire,2020-11-20,196,inferred
North East Derbyshire,2020-11-21,196,inferred
North East Derbyshire,2020-11-22,196,inferred
North East Derbyshire,2020-11-23,196,inferred
North East Derbyshire,2020-11-24,196,inferred
North East Derbyshire,2020-11-25,113,inferred
North East Derbyshire,2020-11-26,113,inferred
North East Derbyshire,2020-11-27,113,inferred
North East Derbyshire,2020-11-28,113,inferred
North East Derbyshire,2020-11-29,113,inferred
North East Derbyshire,2020-11-30,113,inferred
North East Derbyshire,2020-12-01,113,inferred
North East Derbyshire,2020-12-02,117,inferred
North East Derbyshire,2020-12-03,117,inferred
North East Derbyshire,2020-12-04,117,inferred
North East Derbyshire,2020-12-05,117,inferred
North East Derbyshire,2020-12-06,117,inferred
North East Derbyshire,2020-12-07,117,inferred
North East Derbyshire,2020-12-08,117,inferred
North East Derbyshire,2020-12-09,166,inferred
North East Derbyshire,2020-12-10,166,inferred
North East Derbyshire,2020-12-11,166,inferred
North East Derbyshire,2020-12-12,166,inferred
North East Derbyshire,2020-12-13,166,inferred
North East Derbyshire,2020-12-14,166,inferred
North East Derbyshire,2020-12-15,166,inferred
North East Derbyshire,2020-12-16,205,inferred
North East Derbyshire,2020-12-17,205,inferred
North East Derbyshire,2020-12-18,205,inferred
North East Derbyshire,2020-12-19,205,inferred
North East Derbyshire,2020-12-20,205,inferred
North East Derbyshire,2020-12-21,205,inferred
North East Derbyshire,2020-12-22,205,inferred
North East Derbyshire,2020-12-23,254,inferred
North East Derbyshire,2020-12-24,254,inferred
North East Derbyshire,2020-12-25,254,inferred
North East Derbyshire,2020-12-26,254,inferred
North East Derbyshire,2020-12-27,254,inferred
North East Derbyshire,2020-12-28,254,inferred
North East Derbyshire,2020-12-29,254,inferred
North East Derbyshire,2020-12-30,376,inferred
North East Derbyshire,2020-12-31,376,inferred
North East Derbyshire,2021-01-01,376,inferred
North East Derbyshire,2021-01-02,376,inferred
North East Derbyshire,2021-01-03,376,inferred
North East Derbyshire,2021-01-04,376,inferred
North East Derbyshire,2021-01-05,376,inferred
North East Derbyshire,2021-01-06,382,projected
North East Derbyshire,2021-01-07,382,projected
North East Derbyshire,2021-01-08,382,projected
North East Derbyshire,2021-01-09,382,projected
North East Derbyshire,2021-01-10,382,projected
North East Derbyshire,2021-01-11,382,projected
North East Derbyshire,2021-01-12,382,projected
North East Derbyshire,2021-01-13,383,projected
North East Derbyshire,2021-01-14,383,projected
North East Derbyshire,2021-01-15,383,projected
North East Derbyshire,2021-01-16,383,projected
North East Derbyshire,2021-01-17,383,projected
North East Derbyshire,2021-01-18,383,projected
North East Derbyshire,2021-01-19,383,projected
North East Derbyshire,2021-01-20,410,projected
North East Derbyshire,2021-01-21,410,projected
North East Derbyshire,2021-01-22,410,projected
North East Derbyshire,2021-01-23,410,projected
North East Derbyshire,2021-01-24,410,projected
North East Derbyshire,2021-01-25,410,projected
North East Derbyshire,2021-01-26,410,projected
North East Lincolnshire,2020-09-23, 55,inferred
North East Lincolnshire,2020-09-24, 55,inferred
North East Lincolnshire,2020-09-25, 55,inferred
North East Lincolnshire,2020-09-26, 55,inferred
North East Lincolnshire,2020-09-27, 55,inferred
North East Lincolnshire,2020-09-28, 55,inferred
North East Lincolnshire,2020-09-29, 55,inferred
North East Lincolnshire,2020-09-30,150,inferred
North East Lincolnshire,2020-10-01,150,inferred
North East Lincolnshire,2020-10-02,150,inferred
North East Lincolnshire,2020-10-03,150,inferred
North East Lincolnshire,2020-10-04,150,inferred
North East Lincolnshire,2020-10-05,150,inferred
North East Lincolnshire,2020-10-06,150,inferred
North East Lincolnshire,2020-10-07,305,inferred
North East Lincolnshire,2020-10-08,305,inferred
North East Lincolnshire,2020-10-09,305,inferred
North East Lincolnshire,2020-10-10,305,inferred
North East Lincolnshire,2020-10-11,305,inferred
North East Lincolnshire,2020-10-12,305,inferred
North East Lincolnshire,2020-10-13,305,inferred
North East Lincolnshire,2020-10-14,444,inferred
North East Lincolnshire,2020-10-15,444,inferred
North East Lincolnshire,2020-10-16,444,inferred
North East Lincolnshire,2020-10-17,444,inferred
North East Lincolnshire,2020-10-18,444,inferred
North East Lincolnshire,2020-10-19,444,inferred
North East Lincolnshire,2020-10-20,444,inferred
North East Lincolnshire,2020-10-21,607,inferred
North East Lincolnshire,2020-10-22,607,inferred
North East Lincolnshire,2020-10-23,607,inferred
North East Lincolnshire,2020-10-24,607,inferred
North East Lincolnshire,2020-10-25,607,inferred
North East Lincolnshire,2020-10-26,607,inferred
North East Lincolnshire,2020-10-27,607,inferred
North East Lincolnshire,2020-10-28,980,inferred
North East Lincolnshire,2020-10-29,980,inferred
North East Lincolnshire,2020-10-30,980,inferred
North East Lincolnshire,2020-10-31,980,inferred
North East Lincolnshire,2020-11-01,980,inferred
North East Lincolnshire,2020-11-02,980,inferred
North East Lincolnshire,2020-11-03,980,inferred
North East Lincolnshire,2020-11-04,910,inferred
North East Lincolnshire,2020-11-05,910,inferred
North East Lincolnshire,2020-11-06,910,inferred
North East Lincolnshire,2020-11-07,910,inferred
North East Lincolnshire,2020-11-08,910,inferred
North East Lincolnshire,2020-11-09,910,inferred
North East Lincolnshire,2020-11-10,910,inferred
North East Lincolnshire,2020-11-11,762,inferred
North East Lincolnshire,2020-11-12,762,inferred
North East Lincolnshire,2020-11-13,762,inferred
North East Lincolnshire,2020-11-14,762,inferred
North East Lincolnshire,2020-11-15,762,inferred
North East Lincolnshire,2020-11-16,762,inferred
North East Lincolnshire,2020-11-17,762,inferred
North East Lincolnshire,2020-11-18,504,inferred
North East Lincolnshire,2020-11-19,504,inferred
North East Lincolnshire,2020-11-20,504,inferred
North East Lincolnshire,2020-11-21,504,inferred
North East Lincolnshire,2020-11-22,504,inferred
North East Lincolnshire,2020-11-23,504,inferred
North East Lincolnshire,2020-11-24,504,inferred
North East Lincolnshire,2020-11-25,315,inferred
North East Lincolnshire,2020-11-26,315,inferred
North East Lincolnshire,2020-11-27,315,inferred
North East Lincolnshire,2020-11-28,315,inferred
North East Lincolnshire,2020-11-29,315,inferred
North East Lincolnshire,2020-11-30,315,inferred
North East Lincolnshire,2020-12-01,315,inferred
North East Lincolnshire,2020-12-02,185,inferred
North East Lincolnshire,2020-12-03,185,inferred
North East Lincolnshire,2020-12-04,185,inferred
North East Lincolnshire,2020-12-05,185,inferred
North East Lincolnshire,2020-12-06,185,inferred
North East Lincolnshire,2020-12-07,185,inferred
North East Lincolnshire,2020-12-08,185,inferred
North East Lincolnshire,2020-12-09,191,inferred
North East Lincolnshire,2020-12-10,191,inferred
North East Lincolnshire,2020-12-11,191,inferred
North East Lincolnshire,2020-12-12,191,inferred
North East Lincolnshire,2020-12-13,191,inferred
North East Lincolnshire,2020-12-14,191,inferred
North East Lincolnshire,2020-12-15,191,inferred
North East Lincolnshire,2020-12-16,173,inferred
North East Lincolnshire,2020-12-17,173,inferred
North East Lincolnshire,2020-12-18,173,inferred
North East Lincolnshire,2020-12-19,173,inferred
North East Lincolnshire,2020-12-20,173,inferred
North East Lincolnshire,2020-12-21,173,inferred
North East Lincolnshire,2020-12-22,173,inferred
North East Lincolnshire,2020-12-23,188,inferred
North East Lincolnshire,2020-12-24,188,inferred
North East Lincolnshire,2020-12-25,188,inferred
North East Lincolnshire,2020-12-26,188,inferred
North East Lincolnshire,2020-12-27,188,inferred
North East Lincolnshire,2020-12-28,188,inferred
North East Lincolnshire,2020-12-29,188,inferred
North East Lincolnshire,2020-12-30,289,inferred
North East Lincolnshire,2020-12-31,289,inferred
North East Lincolnshire,2021-01-01,289,inferred
North East Lincolnshire,2021-01-02,289,inferred
North East Lincolnshire,2021-01-03,289,inferred
North East Lincolnshire,2021-01-04,289,inferred
North East Lincolnshire,2021-01-05,289,inferred
North East Lincolnshire,2021-01-06,329,projected
North East Lincolnshire,2021-01-07,329,projected
North East Lincolnshire,2021-01-08,329,projected
North East Lincolnshire,2021-01-09,329,projected
North East Lincolnshire,2021-01-10,329,projected
North East Lincolnshire,2021-01-11,329,projected
North East Lincolnshire,2021-01-12,329,projected
North East Lincolnshire,2021-01-13,391,projected
North East Lincolnshire,2021-01-14,391,projected
North East Lincolnshire,2021-01-15,391,projected
North East Lincolnshire,2021-01-16,391,projected
North East Lincolnshire,2021-01-17,391,projected
North East Lincolnshire,2021-01-18,391,projected
North East Lincolnshire,2021-01-19,391,projected
North East Lincolnshire,2021-01-20,447,projected
North East Lincolnshire,2021-01-21,447,projected
North East Lincolnshire,2021-01-22,447,projected
North East Lincolnshire,2021-01-23,447,projected
North East Lincolnshire,2021-01-24,447,projected
North East Lincolnshire,2021-01-25,447,projected
North East Lincolnshire,2021-01-26,447,projected
North Hertfordshire,2020-09-23, 23,inferred
North Hertfordshire,2020-09-24, 23,inferred
North Hertfordshire,2020-09-25, 23,inferred
North Hertfordshire,2020-09-26, 23,inferred
North Hertfordshire,2020-09-27, 23,inferred
North Hertfordshire,2020-09-28, 23,inferred
North Hertfordshire,2020-09-29, 23,inferred
North Hertfordshire,2020-09-30, 62,inferred
North Hertfordshire,2020-10-01, 62,inferred
North Hertfordshire,2020-10-02, 62,inferred
North Hertfordshire,2020-10-03, 62,inferred
North Hertfordshire,2020-10-04, 62,inferred
North Hertfordshire,2020-10-05, 62,inferred
North Hertfordshire,2020-10-06, 62,inferred
North Hertfordshire,2020-10-07, 53,inferred
North Hertfordshire,2020-10-08, 53,inferred
North Hertfordshire,2020-10-09, 53,inferred
North Hertfordshire,2020-10-10, 53,inferred
North Hertfordshire,2020-10-11, 53,inferred
North Hertfordshire,2020-10-12, 53,inferred
North Hertfordshire,2020-10-13, 53,inferred
North Hertfordshire,2020-10-14, 88,inferred
North Hertfordshire,2020-10-15, 88,inferred
North Hertfordshire,2020-10-16, 88,inferred
North Hertfordshire,2020-10-17, 88,inferred
North Hertfordshire,2020-10-18, 88,inferred
North Hertfordshire,2020-10-19, 88,inferred
North Hertfordshire,2020-10-20, 88,inferred
North Hertfordshire,2020-10-21,117,inferred
North Hertfordshire,2020-10-22,117,inferred
North Hertfordshire,2020-10-23,117,inferred
North Hertfordshire,2020-10-24,117,inferred
North Hertfordshire,2020-10-25,117,inferred
North Hertfordshire,2020-10-26,117,inferred
North Hertfordshire,2020-10-27,117,inferred
North Hertfordshire,2020-10-28,162,inferred
North Hertfordshire,2020-10-29,162,inferred
North Hertfordshire,2020-10-30,162,inferred
North Hertfordshire,2020-10-31,162,inferred
North Hertfordshire,2020-11-01,162,inferred
North Hertfordshire,2020-11-02,162,inferred
North Hertfordshire,2020-11-03,162,inferred
North Hertfordshire,2020-11-04,165,inferred
North Hertfordshire,2020-11-05,165,inferred
North Hertfordshire,2020-11-06,165,inferred
North Hertfordshire,2020-11-07,165,inferred
North Hertfordshire,2020-11-08,165,inferred
North Hertfordshire,2020-11-09,165,inferred
North Hertfordshire,2020-11-10,165,inferred
North Hertfordshire,2020-11-11,181,inferred
North Hertfordshire,2020-11-12,181,inferred
North Hertfordshire,2020-11-13,181,inferred
North Hertfordshire,2020-11-14,181,inferred
North Hertfordshire,2020-11-15,181,inferred
North Hertfordshire,2020-11-16,181,inferred
North Hertfordshire,2020-11-17,181,inferred
North Hertfordshire,2020-11-18,127,inferred
North Hertfordshire,2020-11-19,127,inferred
North Hertfordshire,2020-11-20,127,inferred
North Hertfordshire,2020-11-21,127,inferred
North Hertfordshire,2020-11-22,127,inferred
North Hertfordshire,2020-11-23,127,inferred
North Hertfordshire,2020-11-24,127,inferred
North Hertfordshire,2020-11-25,117,inferred
North Hertfordshire,2020-11-26,117,inferred
North Hertfordshire,2020-11-27,117,inferred
North Hertfordshire,2020-11-28,117,inferred
North Hertfordshire,2020-11-29,117,inferred
North Hertfordshire,2020-11-30,117,inferred
North Hertfordshire,2020-12-01,117,inferred
North Hertfordshire,2020-12-02,144,inferred
North Hertfordshire,2020-12-03,144,inferred
North Hertfordshire,2020-12-04,144,inferred
North Hertfordshire,2020-12-05,144,inferred
North Hertfordshire,2020-12-06,144,inferred
North Hertfordshire,2020-12-07,144,inferred
North Hertfordshire,2020-12-08,144,inferred
North Hertfordshire,2020-12-09,253,inferred
North Hertfordshire,2020-12-10,253,inferred
North Hertfordshire,2020-12-11,253,inferred
North Hertfordshire,2020-12-12,253,inferred
North Hertfordshire,2020-12-13,253,inferred
North Hertfordshire,2020-12-14,253,inferred
North Hertfordshire,2020-12-15,253,inferred
North Hertfordshire,2020-12-16,453,inferred
North Hertfordshire,2020-12-17,453,inferred
North Hertfordshire,2020-12-18,453,inferred
North Hertfordshire,2020-12-19,453,inferred
North Hertfordshire,2020-12-20,453,inferred
North Hertfordshire,2020-12-21,453,inferred
North Hertfordshire,2020-12-22,453,inferred
North Hertfordshire,2020-12-23,537,inferred
North Hertfordshire,2020-12-24,537,inferred
North Hertfordshire,2020-12-25,537,inferred
North Hertfordshire,2020-12-26,537,inferred
North Hertfordshire,2020-12-27,537,inferred
North Hertfordshire,2020-12-28,537,inferred
North Hertfordshire,2020-12-29,537,inferred
North Hertfordshire,2020-12-30,767,inferred
North Hertfordshire,2020-12-31,767,inferred
North Hertfordshire,2021-01-01,767,inferred
North Hertfordshire,2021-01-02,767,inferred
North Hertfordshire,2021-01-03,767,inferred
North Hertfordshire,2021-01-04,767,inferred
North Hertfordshire,2021-01-05,767,inferred
North Hertfordshire,2021-01-06,764,projected
North Hertfordshire,2021-01-07,764,projected
North Hertfordshire,2021-01-08,764,projected
North Hertfordshire,2021-01-09,764,projected
North Hertfordshire,2021-01-10,764,projected
North Hertfordshire,2021-01-11,764,projected
North Hertfordshire,2021-01-12,764,projected
North Hertfordshire,2021-01-13,750,projected
North Hertfordshire,2021-01-14,750,projected
North Hertfordshire,2021-01-15,750,projected
North Hertfordshire,2021-01-16,750,projected
North Hertfordshire,2021-01-17,750,projected
North Hertfordshire,2021-01-18,750,projected
North Hertfordshire,2021-01-19,750,projected
North Hertfordshire,2021-01-20,705,projected
North Hertfordshire,2021-01-21,705,projected
North Hertfordshire,2021-01-22,705,projected
North Hertfordshire,2021-01-23,705,projected
North Hertfordshire,2021-01-24,705,projected
North Hertfordshire,2021-01-25,705,projected
North Hertfordshire,2021-01-26,705,projected
North Kesteven,2020-09-23, 38,inferred
North Kesteven,2020-09-24, 38,inferred
North Kesteven,2020-09-25, 38,inferred
North Kesteven,2020-09-26, 38,inferred
North Kesteven,2020-09-27, 38,inferred
North Kesteven,2020-09-28, 38,inferred
North Kesteven,2020-09-29, 38,inferred
North Kesteven,2020-09-30, 73,inferred
North Kesteven,2020-10-01, 73,inferred
North Kesteven,2020-10-02, 73,inferred
North Kesteven,2020-10-03, 73,inferred
North Kesteven,2020-10-04, 73,inferred
North Kesteven,2020-10-05, 73,inferred
North Kesteven,2020-10-06, 73,inferred
North Kesteven,2020-10-07, 90,inferred
North Kesteven,2020-10-08, 90,inferred
North Kesteven,2020-10-09, 90,inferred
North Kesteven,2020-10-10, 90,inferred
North Kesteven,2020-10-11, 90,inferred
North Kesteven,2020-10-12, 90,inferred
North Kesteven,2020-10-13, 90,inferred
North Kesteven,2020-10-14,125,inferred
North Kesteven,2020-10-15,125,inferred
North Kesteven,2020-10-16,125,inferred
North Kesteven,2020-10-17,125,inferred
North Kesteven,2020-10-18,125,inferred
North Kesteven,2020-10-19,125,inferred
North Kesteven,2020-10-20,125,inferred
North Kesteven,2020-10-21,145,inferred
North Kesteven,2020-10-22,145,inferred
North Kesteven,2020-10-23,145,inferred
North Kesteven,2020-10-24,145,inferred
North Kesteven,2020-10-25,145,inferred
North Kesteven,2020-10-26,145,inferred
North Kesteven,2020-10-27,145,inferred
North Kesteven,2020-10-28,287,inferred
North Kesteven,2020-10-29,287,inferred
North Kesteven,2020-10-30,287,inferred
North Kesteven,2020-10-31,287,inferred
North Kesteven,2020-11-01,287,inferred
North Kesteven,2020-11-02,287,inferred
North Kesteven,2020-11-03,287,inferred
North Kesteven,2020-11-04,343,inferred
North Kesteven,2020-11-05,343,inferred
North Kesteven,2020-11-06,343,inferred
North Kesteven,2020-11-07,343,inferred
North Kesteven,2020-11-08,343,inferred
North Kesteven,2020-11-09,343,inferred
North Kesteven,2020-11-10,343,inferred
North Kesteven,2020-11-11,329,inferred
North Kesteven,2020-11-12,329,inferred
North Kesteven,2020-11-13,329,inferred
North Kesteven,2020-11-14,329,inferred
North Kesteven,2020-11-15,329,inferred
North Kesteven,2020-11-16,329,inferred
North Kesteven,2020-11-17,329,inferred
North Kesteven,2020-11-18,223,inferred
North Kesteven,2020-11-19,223,inferred
North Kesteven,2020-11-20,223,inferred
North Kesteven,2020-11-21,223,inferred
North Kesteven,2020-11-22,223,inferred
North Kesteven,2020-11-23,223,inferred
North Kesteven,2020-11-24,223,inferred
North Kesteven,2020-11-25,269,inferred
North Kesteven,2020-11-26,269,inferred
North Kesteven,2020-11-27,269,inferred
North Kesteven,2020-11-28,269,inferred
North Kesteven,2020-11-29,269,inferred
North Kesteven,2020-11-30,269,inferred
North Kesteven,2020-12-01,269,inferred
North Kesteven,2020-12-02,297,inferred
North Kesteven,2020-12-03,297,inferred
North Kesteven,2020-12-04,297,inferred
North Kesteven,2020-12-05,297,inferred
North Kesteven,2020-12-06,297,inferred
North Kesteven,2020-12-07,297,inferred
North Kesteven,2020-12-08,297,inferred
North Kesteven,2020-12-09,248,inferred
North Kesteven,2020-12-10,248,inferred
North Kesteven,2020-12-11,248,inferred
North Kesteven,2020-12-12,248,inferred
North Kesteven,2020-12-13,248,inferred
North Kesteven,2020-12-14,248,inferred
North Kesteven,2020-12-15,248,inferred
North Kesteven,2020-12-16,292,inferred
North Kesteven,2020-12-17,292,inferred
North Kesteven,2020-12-18,292,inferred
North Kesteven,2020-12-19,292,inferred
North Kesteven,2020-12-20,292,inferred
North Kesteven,2020-12-21,292,inferred
North Kesteven,2020-12-22,292,inferred
North Kesteven,2020-12-23,355,inferred
North Kesteven,2020-12-24,355,inferred
North Kesteven,2020-12-25,355,inferred
North Kesteven,2020-12-26,355,inferred
North Kesteven,2020-12-27,355,inferred
North Kesteven,2020-12-28,355,inferred
North Kesteven,2020-12-29,355,inferred
North Kesteven,2020-12-30,333,inferred
North Kesteven,2020-12-31,333,inferred
North Kesteven,2021-01-01,333,inferred
North Kesteven,2021-01-02,333,inferred
North Kesteven,2021-01-03,333,inferred
North Kesteven,2021-01-04,333,inferred
North Kesteven,2021-01-05,333,inferred
North Kesteven,2021-01-06,356,projected
North Kesteven,2021-01-07,356,projected
North Kesteven,2021-01-08,356,projected
North Kesteven,2021-01-09,356,projected
North Kesteven,2021-01-10,356,projected
North Kesteven,2021-01-11,356,projected
North Kesteven,2021-01-12,356,projected
North Kesteven,2021-01-13,362,projected
North Kesteven,2021-01-14,362,projected
North Kesteven,2021-01-15,362,projected
North Kesteven,2021-01-16,362,projected
North Kesteven,2021-01-17,362,projected
North Kesteven,2021-01-18,362,projected
North Kesteven,2021-01-19,362,projected
North Kesteven,2021-01-20,387,projected
North Kesteven,2021-01-21,387,projected
North Kesteven,2021-01-22,387,projected
North Kesteven,2021-01-23,387,projected
North Kesteven,2021-01-24,387,projected
North Kesteven,2021-01-25,387,projected
North Kesteven,2021-01-26,387,projected
North Lanarkshire,2020-09-23,511,inferred
North Lanarkshire,2020-09-24,511,inferred
North Lanarkshire,2020-09-25,511,inferred
North Lanarkshire,2020-09-26,511,inferred
North Lanarkshire,2020-09-27,511,inferred
North Lanarkshire,2020-09-28,511,inferred
North Lanarkshire,2020-09-29,511,inferred
North Lanarkshire,2020-09-30,885,inferred
North Lanarkshire,2020-10-01,885,inferred
North Lanarkshire,2020-10-02,885,inferred
North Lanarkshire,2020-10-03,885,inferred
North Lanarkshire,2020-10-04,885,inferred
North Lanarkshire,2020-10-05,885,inferred
North Lanarkshire,2020-10-06,885,inferred
North Lanarkshire,2020-10-07,1741,inferred
North Lanarkshire,2020-10-08,1741,inferred
North Lanarkshire,2020-10-09,1741,inferred
North Lanarkshire,2020-10-10,1741,inferred
North Lanarkshire,2020-10-11,1741,inferred
North Lanarkshire,2020-10-12,1741,inferred
North Lanarkshire,2020-10-13,1741,inferred
North Lanarkshire,2020-10-14,2141,inferred
North Lanarkshire,2020-10-15,2141,inferred
North Lanarkshire,2020-10-16,2141,inferred
North Lanarkshire,2020-10-17,2141,inferred
North Lanarkshire,2020-10-18,2141,inferred
North Lanarkshire,2020-10-19,2141,inferred
North Lanarkshire,2020-10-20,2141,inferred
North Lanarkshire,2020-10-21,2673,inferred
North Lanarkshire,2020-10-22,2673,inferred
North Lanarkshire,2020-10-23,2673,inferred
North Lanarkshire,2020-10-24,2673,inferred
North Lanarkshire,2020-10-25,2673,inferred
North Lanarkshire,2020-10-26,2673,inferred
North Lanarkshire,2020-10-27,2673,inferred
North Lanarkshire,2020-10-28,1861,inferred
North Lanarkshire,2020-10-29,1861,inferred
North Lanarkshire,2020-10-30,1861,inferred
North Lanarkshire,2020-10-31,1861,inferred
North Lanarkshire,2020-11-01,1861,inferred
North Lanarkshire,2020-11-02,1861,inferred
North Lanarkshire,2020-11-03,1861,inferred
North Lanarkshire,2020-11-04,1767,inferred
North Lanarkshire,2020-11-05,1767,inferred
North Lanarkshire,2020-11-06,1767,inferred
North Lanarkshire,2020-11-07,1767,inferred
North Lanarkshire,2020-11-08,1767,inferred
North Lanarkshire,2020-11-09,1767,inferred
North Lanarkshire,2020-11-10,1767,inferred
North Lanarkshire,2020-11-11,1632,inferred
North Lanarkshire,2020-11-12,1632,inferred
North Lanarkshire,2020-11-13,1632,inferred
North Lanarkshire,2020-11-14,1632,inferred
North Lanarkshire,2020-11-15,1632,inferred
North Lanarkshire,2020-11-16,1632,inferred
North Lanarkshire,2020-11-17,1632,inferred
North Lanarkshire,2020-11-18,1460,inferred
North Lanarkshire,2020-11-19,1460,inferred
North Lanarkshire,2020-11-20,1460,inferred
North Lanarkshire,2020-11-21,1460,inferred
North Lanarkshire,2020-11-22,1460,inferred
North Lanarkshire,2020-11-23,1460,inferred
North Lanarkshire,2020-11-24,1460,inferred
North Lanarkshire,2020-11-25,1167,inferred
North Lanarkshire,2020-11-26,1167,inferred
North Lanarkshire,2020-11-27,1167,inferred
North Lanarkshire,2020-11-28,1167,inferred
North Lanarkshire,2020-11-29,1167,inferred
North Lanarkshire,2020-11-30,1167,inferred
North Lanarkshire,2020-12-01,1167,inferred
North Lanarkshire,2020-12-02,911,inferred
North Lanarkshire,2020-12-03,911,inferred
North Lanarkshire,2020-12-04,911,inferred
North Lanarkshire,2020-12-05,911,inferred
North Lanarkshire,2020-12-06,911,inferred
North Lanarkshire,2020-12-07,911,inferred
North Lanarkshire,2020-12-08,911,inferred
North Lanarkshire,2020-12-09,917,inferred
North Lanarkshire,2020-12-10,917,inferred
North Lanarkshire,2020-12-11,917,inferred
North Lanarkshire,2020-12-12,917,inferred
North Lanarkshire,2020-12-13,917,inferred
North Lanarkshire,2020-12-14,917,inferred
North Lanarkshire,2020-12-15,917,inferred
North Lanarkshire,2020-12-16,874,inferred
North Lanarkshire,2020-12-17,874,inferred
North Lanarkshire,2020-12-18,874,inferred
North Lanarkshire,2020-12-19,874,inferred
North Lanarkshire,2020-12-20,874,inferred
North Lanarkshire,2020-12-21,874,inferred
North Lanarkshire,2020-12-22,874,inferred
North Lanarkshire,2020-12-23,1353,inferred
North Lanarkshire,2020-12-24,1353,inferred
North Lanarkshire,2020-12-25,1353,inferred
North Lanarkshire,2020-12-26,1353,inferred
North Lanarkshire,2020-12-27,1353,inferred
North Lanarkshire,2020-12-28,1353,inferred
North Lanarkshire,2020-12-29,1353,inferred
North Lanarkshire,2020-12-30,2398,inferred
North Lanarkshire,2020-12-31,2398,inferred
North Lanarkshire,2021-01-01,2398,inferred
North Lanarkshire,2021-01-02,2398,inferred
North Lanarkshire,2021-01-03,2398,inferred
North Lanarkshire,2021-01-04,2398,inferred
North Lanarkshire,2021-01-05,2398,inferred
North Lanarkshire,2021-01-06,3772,projected
North Lanarkshire,2021-01-07,3772,projected
North Lanarkshire,2021-01-08,3772,projected
North Lanarkshire,2021-01-09,3772,projected
North Lanarkshire,2021-01-10,3772,projected
North Lanarkshire,2021-01-11,3772,projected
North Lanarkshire,2021-01-12,3772,projected
North Lanarkshire,2021-01-13,5787,projected
North Lanarkshire,2021-01-14,5787,projected
North Lanarkshire,2021-01-15,5787,projected
North Lanarkshire,2021-01-16,5787,projected
North Lanarkshire,2021-01-17,5787,projected
North Lanarkshire,2021-01-18,5787,projected
North Lanarkshire,2021-01-19,5787,projected
North Lanarkshire,2021-01-20,8143,projected
North Lanarkshire,2021-01-21,8143,projected
North Lanarkshire,2021-01-22,8143,projected
North Lanarkshire,2021-01-23,8143,projected
North Lanarkshire,2021-01-24,8143,projected
North Lanarkshire,2021-01-25,8143,projected
North Lanarkshire,2021-01-26,8143,projected
North Lincolnshire,2020-09-23, 77,inferred
North Lincolnshire,2020-09-24, 77,inferred
North Lincolnshire,2020-09-25, 77,inferred
North Lincolnshire,2020-09-26, 77,inferred
North Lincolnshire,2020-09-27, 77,inferred
North Lincolnshire,2020-09-28, 77,inferred
North Lincolnshire,2020-09-29, 77,inferred
North Lincolnshire,2020-09-30,191,inferred
North Lincolnshire,2020-10-01,191,inferred
North Lincolnshire,2020-10-02,191,inferred
North Lincolnshire,2020-10-03,191,inferred
North Lincolnshire,2020-10-04,191,inferred
North Lincolnshire,2020-10-05,191,inferred
North Lincolnshire,2020-10-06,191,inferred
North Lincolnshire,2020-10-07,251,inferred
North Lincolnshire,2020-10-08,251,inferred
North Lincolnshire,2020-10-09,251,inferred
North Lincolnshire,2020-10-10,251,inferred
North Lincolnshire,2020-10-11,251,inferred
North Lincolnshire,2020-10-12,251,inferred
North Lincolnshire,2020-10-13,251,inferred
North Lincolnshire,2020-10-14,321,inferred
North Lincolnshire,2020-10-15,321,inferred
North Lincolnshire,2020-10-16,321,inferred
North Lincolnshire,2020-10-17,321,inferred
North Lincolnshire,2020-10-18,321,inferred
North Lincolnshire,2020-10-19,321,inferred
North Lincolnshire,2020-10-20,321,inferred
North Lincolnshire,2020-10-21,357,inferred
North Lincolnshire,2020-10-22,357,inferred
North Lincolnshire,2020-10-23,357,inferred
North Lincolnshire,2020-10-24,357,inferred
North Lincolnshire,2020-10-25,357,inferred
North Lincolnshire,2020-10-26,357,inferred
North Lincolnshire,2020-10-27,357,inferred
North Lincolnshire,2020-10-28,508,inferred
North Lincolnshire,2020-10-29,508,inferred
North Lincolnshire,2020-10-30,508,inferred
North Lincolnshire,2020-10-31,508,inferred
North Lincolnshire,2020-11-01,508,inferred
North Lincolnshire,2020-11-02,508,inferred
North Lincolnshire,2020-11-03,508,inferred
North Lincolnshire,2020-11-04,682,inferred
North Lincolnshire,2020-11-05,682,inferred
North Lincolnshire,2020-11-06,682,inferred
North Lincolnshire,2020-11-07,682,inferred
North Lincolnshire,2020-11-08,682,inferred
North Lincolnshire,2020-11-09,682,inferred
North Lincolnshire,2020-11-10,682,inferred
North Lincolnshire,2020-11-11,792,inferred
North Lincolnshire,2020-11-12,792,inferred
North Lincolnshire,2020-11-13,792,inferred
North Lincolnshire,2020-11-14,792,inferred
North Lincolnshire,2020-11-15,792,inferred
North Lincolnshire,2020-11-16,792,inferred
North Lincolnshire,2020-11-17,792,inferred
North Lincolnshire,2020-11-18,485,inferred
North Lincolnshire,2020-11-19,485,inferred
North Lincolnshire,2020-11-20,485,inferred
North Lincolnshire,2020-11-21,485,inferred
North Lincolnshire,2020-11-22,485,inferred
North Lincolnshire,2020-11-23,485,inferred
North Lincolnshire,2020-11-24,485,inferred
North Lincolnshire,2020-11-25,328,inferred
North Lincolnshire,2020-11-26,328,inferred
North Lincolnshire,2020-11-27,328,inferred
North Lincolnshire,2020-11-28,328,inferred
North Lincolnshire,2020-11-29,328,inferred
North Lincolnshire,2020-11-30,328,inferred
North Lincolnshire,2020-12-01,328,inferred
North Lincolnshire,2020-12-02,284,inferred
North Lincolnshire,2020-12-03,284,inferred
North Lincolnshire,2020-12-04,284,inferred
North Lincolnshire,2020-12-05,284,inferred
North Lincolnshire,2020-12-06,284,inferred
North Lincolnshire,2020-12-07,284,inferred
North Lincolnshire,2020-12-08,284,inferred
North Lincolnshire,2020-12-09,335,inferred
North Lincolnshire,2020-12-10,335,inferred
North Lincolnshire,2020-12-11,335,inferred
North Lincolnshire,2020-12-12,335,inferred
North Lincolnshire,2020-12-13,335,inferred
North Lincolnshire,2020-12-14,335,inferred
North Lincolnshire,2020-12-15,335,inferred
North Lincolnshire,2020-12-16,335,inferred
North Lincolnshire,2020-12-17,335,inferred
North Lincolnshire,2020-12-18,335,inferred
North Lincolnshire,2020-12-19,335,inferred
North Lincolnshire,2020-12-20,335,inferred
North Lincolnshire,2020-12-21,335,inferred
North Lincolnshire,2020-12-22,335,inferred
North Lincolnshire,2020-12-23,326,inferred
North Lincolnshire,2020-12-24,326,inferred
North Lincolnshire,2020-12-25,326,inferred
North Lincolnshire,2020-12-26,326,inferred
North Lincolnshire,2020-12-27,326,inferred
North Lincolnshire,2020-12-28,326,inferred
North Lincolnshire,2020-12-29,326,inferred
North Lincolnshire,2020-12-30,362,inferred
North Lincolnshire,2020-12-31,362,inferred
North Lincolnshire,2021-01-01,362,inferred
North Lincolnshire,2021-01-02,362,inferred
North Lincolnshire,2021-01-03,362,inferred
North Lincolnshire,2021-01-04,362,inferred
North Lincolnshire,2021-01-05,362,inferred
North Lincolnshire,2021-01-06,337,projected
North Lincolnshire,2021-01-07,337,projected
North Lincolnshire,2021-01-08,337,projected
North Lincolnshire,2021-01-09,337,projected
North Lincolnshire,2021-01-10,337,projected
North Lincolnshire,2021-01-11,337,projected
North Lincolnshire,2021-01-12,337,projected
North Lincolnshire,2021-01-13,293,projected
North Lincolnshire,2021-01-14,293,projected
North Lincolnshire,2021-01-15,293,projected
North Lincolnshire,2021-01-16,293,projected
North Lincolnshire,2021-01-17,293,projected
North Lincolnshire,2021-01-18,293,projected
North Lincolnshire,2021-01-19,293,projected
North Lincolnshire,2021-01-20,283,projected
North Lincolnshire,2021-01-21,283,projected
North Lincolnshire,2021-01-22,283,projected
North Lincolnshire,2021-01-23,283,projected
North Lincolnshire,2021-01-24,283,projected
North Lincolnshire,2021-01-25,283,projected
North Lincolnshire,2021-01-26,283,projected
North Norfolk,2020-09-23,  5,inferred
North Norfolk,2020-09-24,  5,inferred
North Norfolk,2020-09-25,  5,inferred
North Norfolk,2020-09-26,  5,inferred
North Norfolk,2020-09-27,  5,inferred
North Norfolk,2020-09-28,  5,inferred
North Norfolk,2020-09-29,  5,inferred
North Norfolk,2020-09-30, 21,inferred
North Norfolk,2020-10-01, 21,inferred
North Norfolk,2020-10-02, 21,inferred
North Norfolk,2020-10-03, 21,inferred
North Norfolk,2020-10-04, 21,inferred
North Norfolk,2020-10-05, 21,inferred
North Norfolk,2020-10-06, 21,inferred
North Norfolk,2020-10-07, 27,inferred
North Norfolk,2020-10-08, 27,inferred
North Norfolk,2020-10-09, 27,inferred
North Norfolk,2020-10-10, 27,inferred
North Norfolk,2020-10-11, 27,inferred
North Norfolk,2020-10-12, 27,inferred
North Norfolk,2020-10-13, 27,inferred
North Norfolk,2020-10-14, 40,inferred
North Norfolk,2020-10-15, 40,inferred
North Norfolk,2020-10-16, 40,inferred
North Norfolk,2020-10-17, 40,inferred
North Norfolk,2020-10-18, 40,inferred
North Norfolk,2020-10-19, 40,inferred
North Norfolk,2020-10-20, 40,inferred
North Norfolk,2020-10-21, 23,inferred
North Norfolk,2020-10-22, 23,inferred
North Norfolk,2020-10-23, 23,inferred
North Norfolk,2020-10-24, 23,inferred
North Norfolk,2020-10-25, 23,inferred
North Norfolk,2020-10-26, 23,inferred
North Norfolk,2020-10-27, 23,inferred
North Norfolk,2020-10-28, 32,inferred
North Norfolk,2020-10-29, 32,inferred
North Norfolk,2020-10-30, 32,inferred
North Norfolk,2020-10-31, 32,inferred
North Norfolk,2020-11-01, 32,inferred
North Norfolk,2020-11-02, 32,inferred
North Norfolk,2020-11-03, 32,inferred
North Norfolk,2020-11-04, 68,inferred
North Norfolk,2020-11-05, 68,inferred
North Norfolk,2020-11-06, 68,inferred
North Norfolk,2020-11-07, 68,inferred
North Norfolk,2020-11-08, 68,inferred
North Norfolk,2020-11-09, 68,inferred
North Norfolk,2020-11-10, 68,inferred
North Norfolk,2020-11-11, 64,inferred
North Norfolk,2020-11-12, 64,inferred
North Norfolk,2020-11-13, 64,inferred
North Norfolk,2020-11-14, 64,inferred
North Norfolk,2020-11-15, 64,inferred
North Norfolk,2020-11-16, 64,inferred
North Norfolk,2020-11-17, 64,inferred
North Norfolk,2020-11-18, 81,inferred
North Norfolk,2020-11-19, 81,inferred
North Norfolk,2020-11-20, 81,inferred
North Norfolk,2020-11-21, 81,inferred
North Norfolk,2020-11-22, 81,inferred
North Norfolk,2020-11-23, 81,inferred
North Norfolk,2020-11-24, 81,inferred
North Norfolk,2020-11-25, 65,inferred
North Norfolk,2020-11-26, 65,inferred
North Norfolk,2020-11-27, 65,inferred
North Norfolk,2020-11-28, 65,inferred
North Norfolk,2020-11-29, 65,inferred
North Norfolk,2020-11-30, 65,inferred
North Norfolk,2020-12-01, 65,inferred
North Norfolk,2020-12-02, 80,inferred
North Norfolk,2020-12-03, 80,inferred
North Norfolk,2020-12-04, 80,inferred
North Norfolk,2020-12-05, 80,inferred
North Norfolk,2020-12-06, 80,inferred
North Norfolk,2020-12-07, 80,inferred
North Norfolk,2020-12-08, 80,inferred
North Norfolk,2020-12-09,109,inferred
North Norfolk,2020-12-10,109,inferred
North Norfolk,2020-12-11,109,inferred
North Norfolk,2020-12-12,109,inferred
North Norfolk,2020-12-13,109,inferred
North Norfolk,2020-12-14,109,inferred
North Norfolk,2020-12-15,109,inferred
North Norfolk,2020-12-16,231,inferred
North Norfolk,2020-12-17,231,inferred
North Norfolk,2020-12-18,231,inferred
North Norfolk,2020-12-19,231,inferred
North Norfolk,2020-12-20,231,inferred
North Norfolk,2020-12-21,231,inferred
North Norfolk,2020-12-22,231,inferred
North Norfolk,2020-12-23,324,inferred
North Norfolk,2020-12-24,324,inferred
North Norfolk,2020-12-25,324,inferred
North Norfolk,2020-12-26,324,inferred
North Norfolk,2020-12-27,324,inferred
North Norfolk,2020-12-28,324,inferred
North Norfolk,2020-12-29,324,inferred
North Norfolk,2020-12-30,413,inferred
North Norfolk,2020-12-31,413,inferred
North Norfolk,2021-01-01,413,inferred
North Norfolk,2021-01-02,413,inferred
North Norfolk,2021-01-03,413,inferred
North Norfolk,2021-01-04,413,inferred
North Norfolk,2021-01-05,413,inferred
North Norfolk,2021-01-06,520,projected
North Norfolk,2021-01-07,520,projected
North Norfolk,2021-01-08,520,projected
North Norfolk,2021-01-09,520,projected
North Norfolk,2021-01-10,520,projected
North Norfolk,2021-01-11,520,projected
North Norfolk,2021-01-12,520,projected
North Norfolk,2021-01-13,609,projected
North Norfolk,2021-01-14,609,projected
North Norfolk,2021-01-15,609,projected
North Norfolk,2021-01-16,609,projected
North Norfolk,2021-01-17,609,projected
North Norfolk,2021-01-18,609,projected
North Norfolk,2021-01-19,609,projected
North Norfolk,2021-01-20,720,projected
North Norfolk,2021-01-21,720,projected
North Norfolk,2021-01-22,720,projected
North Norfolk,2021-01-23,720,projected
North Norfolk,2021-01-24,720,projected
North Norfolk,2021-01-25,720,projected
North Norfolk,2021-01-26,720,projected
North Somerset,2020-09-23, 41,inferred
North Somerset,2020-09-24, 41,inferred
North Somerset,2020-09-25, 41,inferred
North Somerset,2020-09-26, 41,inferred
North Somerset,2020-09-27, 41,inferred
North Somerset,2020-09-28, 41,inferred
North Somerset,2020-09-29, 41,inferred
North Somerset,2020-09-30, 91,inferred
North Somerset,2020-10-01, 91,inferred
North Somerset,2020-10-02, 91,inferred
North Somerset,2020-10-03, 91,inferred
North Somerset,2020-10-04, 91,inferred
North Somerset,2020-10-05, 91,inferred
North Somerset,2020-10-06, 91,inferred
North Somerset,2020-10-07,114,inferred
North Somerset,2020-10-08,114,inferred
North Somerset,2020-10-09,114,inferred
North Somerset,2020-10-10,114,inferred
North Somerset,2020-10-11,114,inferred
North Somerset,2020-10-12,114,inferred
North Somerset,2020-10-13,114,inferred
North Somerset,2020-10-14,211,inferred
North Somerset,2020-10-15,211,inferred
North Somerset,2020-10-16,211,inferred
North Somerset,2020-10-17,211,inferred
North Somerset,2020-10-18,211,inferred
North Somerset,2020-10-19,211,inferred
North Somerset,2020-10-20,211,inferred
North Somerset,2020-10-21,323,inferred
North Somerset,2020-10-22,323,inferred
North Somerset,2020-10-23,323,inferred
North Somerset,2020-10-24,323,inferred
North Somerset,2020-10-25,323,inferred
North Somerset,2020-10-26,323,inferred
North Somerset,2020-10-27,323,inferred
North Somerset,2020-10-28,459,inferred
North Somerset,2020-10-29,459,inferred
North Somerset,2020-10-30,459,inferred
North Somerset,2020-10-31,459,inferred
North Somerset,2020-11-01,459,inferred
North Somerset,2020-11-02,459,inferred
North Somerset,2020-11-03,459,inferred
North Somerset,2020-11-04,601,inferred
North Somerset,2020-11-05,601,inferred
North Somerset,2020-11-06,601,inferred
North Somerset,2020-11-07,601,inferred
North Somerset,2020-11-08,601,inferred
North Somerset,2020-11-09,601,inferred
North Somerset,2020-11-10,601,inferred
North Somerset,2020-11-11,577,inferred
North Somerset,2020-11-12,577,inferred
North Somerset,2020-11-13,577,inferred
North Somerset,2020-11-14,577,inferred
North Somerset,2020-11-15,577,inferred
North Somerset,2020-11-16,577,inferred
North Somerset,2020-11-17,577,inferred
North Somerset,2020-11-18,424,inferred
North Somerset,2020-11-19,424,inferred
North Somerset,2020-11-20,424,inferred
North Somerset,2020-11-21,424,inferred
North Somerset,2020-11-22,424,inferred
North Somerset,2020-11-23,424,inferred
North Somerset,2020-11-24,424,inferred
North Somerset,2020-11-25,275,inferred
North Somerset,2020-11-26,275,inferred
North Somerset,2020-11-27,275,inferred
North Somerset,2020-11-28,275,inferred
North Somerset,2020-11-29,275,inferred
North Somerset,2020-11-30,275,inferred
North Somerset,2020-12-01,275,inferred
North Somerset,2020-12-02,273,inferred
North Somerset,2020-12-03,273,inferred
North Somerset,2020-12-04,273,inferred
North Somerset,2020-12-05,273,inferred
North Somerset,2020-12-06,273,inferred
North Somerset,2020-12-07,273,inferred
North Somerset,2020-12-08,273,inferred
North Somerset,2020-12-09,295,inferred
North Somerset,2020-12-10,295,inferred
North Somerset,2020-12-11,295,inferred
North Somerset,2020-12-12,295,inferred
North Somerset,2020-12-13,295,inferred
North Somerset,2020-12-14,295,inferred
North Somerset,2020-12-15,295,inferred
North Somerset,2020-12-16,443,inferred
North Somerset,2020-12-17,443,inferred
North Somerset,2020-12-18,443,inferred
North Somerset,2020-12-19,443,inferred
North Somerset,2020-12-20,443,inferred
North Somerset,2020-12-21,443,inferred
North Somerset,2020-12-22,443,inferred
North Somerset,2020-12-23,649,inferred
North Somerset,2020-12-24,649,inferred
North Somerset,2020-12-25,649,inferred
North Somerset,2020-12-26,649,inferred
North Somerset,2020-12-27,649,inferred
North Somerset,2020-12-28,649,inferred
North Somerset,2020-12-29,649,inferred
North Somerset,2020-12-30,807,inferred
North Somerset,2020-12-31,807,inferred
North Somerset,2021-01-01,807,inferred
North Somerset,2021-01-02,807,inferred
North Somerset,2021-01-03,807,inferred
North Somerset,2021-01-04,807,inferred
North Somerset,2021-01-05,807,inferred
North Somerset,2021-01-06,939,projected
North Somerset,2021-01-07,939,projected
North Somerset,2021-01-08,939,projected
North Somerset,2021-01-09,939,projected
North Somerset,2021-01-10,939,projected
North Somerset,2021-01-11,939,projected
North Somerset,2021-01-12,939,projected
North Somerset,2021-01-13,1075,projected
North Somerset,2021-01-14,1075,projected
North Somerset,2021-01-15,1075,projected
North Somerset,2021-01-16,1075,projected
North Somerset,2021-01-17,1075,projected
North Somerset,2021-01-18,1075,projected
North Somerset,2021-01-19,1075,projected
North Somerset,2021-01-20,1271,projected
North Somerset,2021-01-21,1271,projected
North Somerset,2021-01-22,1271,projected
North Somerset,2021-01-23,1271,projected
North Somerset,2021-01-24,1271,projected
North Somerset,2021-01-25,1271,projected
North Somerset,2021-01-26,1271,projected
North Tyneside,2020-09-23,354,inferred
North Tyneside,2020-09-24,354,inferred
North Tyneside,2020-09-25,354,inferred
North Tyneside,2020-09-26,354,inferred
North Tyneside,2020-09-27,354,inferred
North Tyneside,2020-09-28,354,inferred
North Tyneside,2020-09-29,354,inferred
North Tyneside,2020-09-30,497,inferred
North Tyneside,2020-10-01,497,inferred
North Tyneside,2020-10-02,497,inferred
North Tyneside,2020-10-03,497,inferred
North Tyneside,2020-10-04,497,inferred
North Tyneside,2020-10-05,497,inferred
North Tyneside,2020-10-06,497,inferred
North Tyneside,2020-10-07,460,inferred
North Tyneside,2020-10-08,460,inferred
North Tyneside,2020-10-09,460,inferred
North Tyneside,2020-10-10,460,inferred
North Tyneside,2020-10-11,460,inferred
North Tyneside,2020-10-12,460,inferred
North Tyneside,2020-10-13,460,inferred
North Tyneside,2020-10-14,464,inferred
North Tyneside,2020-10-15,464,inferred
North Tyneside,2020-10-16,464,inferred
North Tyneside,2020-10-17,464,inferred
North Tyneside,2020-10-18,464,inferred
North Tyneside,2020-10-19,464,inferred
North Tyneside,2020-10-20,464,inferred
North Tyneside,2020-10-21,589,inferred
North Tyneside,2020-10-22,589,inferred
North Tyneside,2020-10-23,589,inferred
North Tyneside,2020-10-24,589,inferred
North Tyneside,2020-10-25,589,inferred
North Tyneside,2020-10-26,589,inferred
North Tyneside,2020-10-27,589,inferred
North Tyneside,2020-10-28,670,inferred
North Tyneside,2020-10-29,670,inferred
North Tyneside,2020-10-30,670,inferred
North Tyneside,2020-10-31,670,inferred
North Tyneside,2020-11-01,670,inferred
North Tyneside,2020-11-02,670,inferred
North Tyneside,2020-11-03,670,inferred
North Tyneside,2020-11-04,786,inferred
North Tyneside,2020-11-05,786,inferred
North Tyneside,2020-11-06,786,inferred
North Tyneside,2020-11-07,786,inferred
North Tyneside,2020-11-08,786,inferred
North Tyneside,2020-11-09,786,inferred
North Tyneside,2020-11-10,786,inferred
North Tyneside,2020-11-11,773,inferred
North Tyneside,2020-11-12,773,inferred
North Tyneside,2020-11-13,773,inferred
North Tyneside,2020-11-14,773,inferred
North Tyneside,2020-11-15,773,inferred
North Tyneside,2020-11-16,773,inferred
North Tyneside,2020-11-17,773,inferred
North Tyneside,2020-11-18,528,inferred
North Tyneside,2020-11-19,528,inferred
North Tyneside,2020-11-20,528,inferred
North Tyneside,2020-11-21,528,inferred
North Tyneside,2020-11-22,528,inferred
North Tyneside,2020-11-23,528,inferred
North Tyneside,2020-11-24,528,inferred
North Tyneside,2020-11-25,376,inferred
North Tyneside,2020-11-26,376,inferred
North Tyneside,2020-11-27,376,inferred
North Tyneside,2020-11-28,376,inferred
North Tyneside,2020-11-29,376,inferred
North Tyneside,2020-11-30,376,inferred
North Tyneside,2020-12-01,376,inferred
North Tyneside,2020-12-02,262,inferred
North Tyneside,2020-12-03,262,inferred
North Tyneside,2020-12-04,262,inferred
North Tyneside,2020-12-05,262,inferred
North Tyneside,2020-12-06,262,inferred
North Tyneside,2020-12-07,262,inferred
North Tyneside,2020-12-08,262,inferred
North Tyneside,2020-12-09,277,inferred
North Tyneside,2020-12-10,277,inferred
North Tyneside,2020-12-11,277,inferred
North Tyneside,2020-12-12,277,inferred
North Tyneside,2020-12-13,277,inferred
North Tyneside,2020-12-14,277,inferred
North Tyneside,2020-12-15,277,inferred
North Tyneside,2020-12-16,323,inferred
North Tyneside,2020-12-17,323,inferred
North Tyneside,2020-12-18,323,inferred
North Tyneside,2020-12-19,323,inferred
North Tyneside,2020-12-20,323,inferred
North Tyneside,2020-12-21,323,inferred
North Tyneside,2020-12-22,323,inferred
North Tyneside,2020-12-23,429,inferred
North Tyneside,2020-12-24,429,inferred
North Tyneside,2020-12-25,429,inferred
North Tyneside,2020-12-26,429,inferred
North Tyneside,2020-12-27,429,inferred
North Tyneside,2020-12-28,429,inferred
North Tyneside,2020-12-29,429,inferred
North Tyneside,2020-12-30,581,inferred
North Tyneside,2020-12-31,581,inferred
North Tyneside,2021-01-01,581,inferred
North Tyneside,2021-01-02,581,inferred
North Tyneside,2021-01-03,581,inferred
North Tyneside,2021-01-04,581,inferred
North Tyneside,2021-01-05,581,inferred
North Tyneside,2021-01-06,609,projected
North Tyneside,2021-01-07,609,projected
North Tyneside,2021-01-08,609,projected
North Tyneside,2021-01-09,609,projected
North Tyneside,2021-01-10,609,projected
North Tyneside,2021-01-11,609,projected
North Tyneside,2021-01-12,609,projected
North Tyneside,2021-01-13,636,projected
North Tyneside,2021-01-14,636,projected
North Tyneside,2021-01-15,636,projected
North Tyneside,2021-01-16,636,projected
North Tyneside,2021-01-17,636,projected
North Tyneside,2021-01-18,636,projected
North Tyneside,2021-01-19,636,projected
North Tyneside,2021-01-20,665,projected
North Tyneside,2021-01-21,665,projected
North Tyneside,2021-01-22,665,projected
North Tyneside,2021-01-23,665,projected
North Tyneside,2021-01-24,665,projected
North Tyneside,2021-01-25,665,projected
North Tyneside,2021-01-26,665,projected
North Warwickshire,2020-09-23, 28,inferred
North Warwickshire,2020-09-24, 28,inferred
North Warwickshire,2020-09-25, 28,inferred
North Warwickshire,2020-09-26, 28,inferred
North Warwickshire,2020-09-27, 28,inferred
North Warwickshire,2020-09-28, 28,inferred
North Warwickshire,2020-09-29, 28,inferred
North Warwickshire,2020-09-30, 50,inferred
North Warwickshire,2020-10-01, 50,inferred
North Warwickshire,2020-10-02, 50,inferred
North Warwickshire,2020-10-03, 50,inferred
North Warwickshire,2020-10-04, 50,inferred
North Warwickshire,2020-10-05, 50,inferred
North Warwickshire,2020-10-06, 50,inferred
North Warwickshire,2020-10-07, 61,inferred
North Warwickshire,2020-10-08, 61,inferred
North Warwickshire,2020-10-09, 61,inferred
North Warwickshire,2020-10-10, 61,inferred
North Warwickshire,2020-10-11, 61,inferred
North Warwickshire,2020-10-12, 61,inferred
North Warwickshire,2020-10-13, 61,inferred
North Warwickshire,2020-10-14,127,inferred
North Warwickshire,2020-10-15,127,inferred
North Warwickshire,2020-10-16,127,inferred
North Warwickshire,2020-10-17,127,inferred
North Warwickshire,2020-10-18,127,inferred
North Warwickshire,2020-10-19,127,inferred
North Warwickshire,2020-10-20,127,inferred
North Warwickshire,2020-10-21,194,inferred
North Warwickshire,2020-10-22,194,inferred
North Warwickshire,2020-10-23,194,inferred
North Warwickshire,2020-10-24,194,inferred
North Warwickshire,2020-10-25,194,inferred
North Warwickshire,2020-10-26,194,inferred
North Warwickshire,2020-10-27,194,inferred
North Warwickshire,2020-10-28,191,inferred
North Warwickshire,2020-10-29,191,inferred
North Warwickshire,2020-10-30,191,inferred
North Warwickshire,2020-10-31,191,inferred
North Warwickshire,2020-11-01,191,inferred
North Warwickshire,2020-11-02,191,inferred
North Warwickshire,2020-11-03,191,inferred
North Warwickshire,2020-11-04,239,inferred
North Warwickshire,2020-11-05,239,inferred
North Warwickshire,2020-11-06,239,inferred
North Warwickshire,2020-11-07,239,inferred
North Warwickshire,2020-11-08,239,inferred
North Warwickshire,2020-11-09,239,inferred
North Warwickshire,2020-11-10,239,inferred
North Warwickshire,2020-11-11,230,inferred
North Warwickshire,2020-11-12,230,inferred
North Warwickshire,2020-11-13,230,inferred
North Warwickshire,2020-11-14,230,inferred
North Warwickshire,2020-11-15,230,inferred
North Warwickshire,2020-11-16,230,inferred
North Warwickshire,2020-11-17,230,inferred
North Warwickshire,2020-11-18,164,inferred
North Warwickshire,2020-11-19,164,inferred
North Warwickshire,2020-11-20,164,inferred
North Warwickshire,2020-11-21,164,inferred
North Warwickshire,2020-11-22,164,inferred
North Warwickshire,2020-11-23,164,inferred
North Warwickshire,2020-11-24,164,inferred
North Warwickshire,2020-11-25,105,inferred
North Warwickshire,2020-11-26,105,inferred
North Warwickshire,2020-11-27,105,inferred
North Warwickshire,2020-11-28,105,inferred
North Warwickshire,2020-11-29,105,inferred
North Warwickshire,2020-11-30,105,inferred
North Warwickshire,2020-12-01,105,inferred
North Warwickshire,2020-12-02,104,inferred
North Warwickshire,2020-12-03,104,inferred
North Warwickshire,2020-12-04,104,inferred
North Warwickshire,2020-12-05,104,inferred
North Warwickshire,2020-12-06,104,inferred
North Warwickshire,2020-12-07,104,inferred
North Warwickshire,2020-12-08,104,inferred
North Warwickshire,2020-12-09, 90,inferred
North Warwickshire,2020-12-10, 90,inferred
North Warwickshire,2020-12-11, 90,inferred
North Warwickshire,2020-12-12, 90,inferred
North Warwickshire,2020-12-13, 90,inferred
North Warwickshire,2020-12-14, 90,inferred
North Warwickshire,2020-12-15, 90,inferred
North Warwickshire,2020-12-16,133,inferred
North Warwickshire,2020-12-17,133,inferred
North Warwickshire,2020-12-18,133,inferred
North Warwickshire,2020-12-19,133,inferred
North Warwickshire,2020-12-20,133,inferred
North Warwickshire,2020-12-21,133,inferred
North Warwickshire,2020-12-22,133,inferred
North Warwickshire,2020-12-23,188,inferred
North Warwickshire,2020-12-24,188,inferred
North Warwickshire,2020-12-25,188,inferred
North Warwickshire,2020-12-26,188,inferred
North Warwickshire,2020-12-27,188,inferred
North Warwickshire,2020-12-28,188,inferred
North Warwickshire,2020-12-29,188,inferred
North Warwickshire,2020-12-30,293,inferred
North Warwickshire,2020-12-31,293,inferred
North Warwickshire,2021-01-01,293,inferred
North Warwickshire,2021-01-02,293,inferred
North Warwickshire,2021-01-03,293,inferred
North Warwickshire,2021-01-04,293,inferred
North Warwickshire,2021-01-05,293,inferred
North Warwickshire,2021-01-06,272,projected
North Warwickshire,2021-01-07,272,projected
North Warwickshire,2021-01-08,272,projected
North Warwickshire,2021-01-09,272,projected
North Warwickshire,2021-01-10,272,projected
North Warwickshire,2021-01-11,272,projected
North Warwickshire,2021-01-12,272,projected
North Warwickshire,2021-01-13,244,projected
North Warwickshire,2021-01-14,244,projected
North Warwickshire,2021-01-15,244,projected
North Warwickshire,2021-01-16,244,projected
North Warwickshire,2021-01-17,244,projected
North Warwickshire,2021-01-18,244,projected
North Warwickshire,2021-01-19,244,projected
North Warwickshire,2021-01-20,229,projected
North Warwickshire,2021-01-21,229,projected
North Warwickshire,2021-01-22,229,projected
North Warwickshire,2021-01-23,229,projected
North Warwickshire,2021-01-24,229,projected
North Warwickshire,2021-01-25,229,projected
North Warwickshire,2021-01-26,229,projected
North West Leicestershire,2020-09-23, 28,inferred
North West Leicestershire,2020-09-24, 28,inferred
North West Leicestershire,2020-09-25, 28,inferred
North West Leicestershire,2020-09-26, 28,inferred
North West Leicestershire,2020-09-27, 28,inferred
North West Leicestershire,2020-09-28, 28,inferred
North West Leicestershire,2020-09-29, 28,inferred
North West Leicestershire,2020-09-30,101,inferred
North West Leicestershire,2020-10-01,101,inferred
North West Leicestershire,2020-10-02,101,inferred
North West Leicestershire,2020-10-03,101,inferred
North West Leicestershire,2020-10-04,101,inferred
North West Leicestershire,2020-10-05,101,inferred
North West Leicestershire,2020-10-06,101,inferred
North West Leicestershire,2020-10-07,101,inferred
North West Leicestershire,2020-10-08,101,inferred
North West Leicestershire,2020-10-09,101,inferred
North West Leicestershire,2020-10-10,101,inferred
North West Leicestershire,2020-10-11,101,inferred
North West Leicestershire,2020-10-12,101,inferred
North West Leicestershire,2020-10-13,101,inferred
North West Leicestershire,2020-10-14,135,inferred
North West Leicestershire,2020-10-15,135,inferred
North West Leicestershire,2020-10-16,135,inferred
North West Leicestershire,2020-10-17,135,inferred
North West Leicestershire,2020-10-18,135,inferred
North West Leicestershire,2020-10-19,135,inferred
North West Leicestershire,2020-10-20,135,inferred
North West Leicestershire,2020-10-21,179,inferred
North West Leicestershire,2020-10-22,179,inferred
North West Leicestershire,2020-10-23,179,inferred
North West Leicestershire,2020-10-24,179,inferred
North West Leicestershire,2020-10-25,179,inferred
North West Leicestershire,2020-10-26,179,inferred
North West Leicestershire,2020-10-27,179,inferred
North West Leicestershire,2020-10-28,275,inferred
North West Leicestershire,2020-10-29,275,inferred
North West Leicestershire,2020-10-30,275,inferred
North West Leicestershire,2020-10-31,275,inferred
North West Leicestershire,2020-11-01,275,inferred
North West Leicestershire,2020-11-02,275,inferred
North West Leicestershire,2020-11-03,275,inferred
North West Leicestershire,2020-11-04,405,inferred
North West Leicestershire,2020-11-05,405,inferred
North West Leicestershire,2020-11-06,405,inferred
North West Leicestershire,2020-11-07,405,inferred
North West Leicestershire,2020-11-08,405,inferred
North West Leicestershire,2020-11-09,405,inferred
North West Leicestershire,2020-11-10,405,inferred
North West Leicestershire,2020-11-11,375,inferred
North West Leicestershire,2020-11-12,375,inferred
North West Leicestershire,2020-11-13,375,inferred
North West Leicestershire,2020-11-14,375,inferred
North West Leicestershire,2020-11-15,375,inferred
North West Leicestershire,2020-11-16,375,inferred
North West Leicestershire,2020-11-17,375,inferred
North West Leicestershire,2020-11-18,228,inferred
North West Leicestershire,2020-11-19,228,inferred
North West Leicestershire,2020-11-20,228,inferred
North West Leicestershire,2020-11-21,228,inferred
North West Leicestershire,2020-11-22,228,inferred
North West Leicestershire,2020-11-23,228,inferred
North West Leicestershire,2020-11-24,228,inferred
North West Leicestershire,2020-11-25,142,inferred
North West Leicestershire,2020-11-26,142,inferred
North West Leicestershire,2020-11-27,142,inferred
North West Leicestershire,2020-11-28,142,inferred
North West Leicestershire,2020-11-29,142,inferred
North West Leicestershire,2020-11-30,142,inferred
North West Leicestershire,2020-12-01,142,inferred
North West Leicestershire,2020-12-02,134,inferred
North West Leicestershire,2020-12-03,134,inferred
North West Leicestershire,2020-12-04,134,inferred
North West Leicestershire,2020-12-05,134,inferred
North West Leicestershire,2020-12-06,134,inferred
North West Leicestershire,2020-12-07,134,inferred
North West Leicestershire,2020-12-08,134,inferred
North West Leicestershire,2020-12-09,145,inferred
North West Leicestershire,2020-12-10,145,inferred
North West Leicestershire,2020-12-11,145,inferred
North West Leicestershire,2020-12-12,145,inferred
North West Leicestershire,2020-12-13,145,inferred
North West Leicestershire,2020-12-14,145,inferred
North West Leicestershire,2020-12-15,145,inferred
North West Leicestershire,2020-12-16,231,inferred
North West Leicestershire,2020-12-17,231,inferred
North West Leicestershire,2020-12-18,231,inferred
North West Leicestershire,2020-12-19,231,inferred
North West Leicestershire,2020-12-20,231,inferred
North West Leicestershire,2020-12-21,231,inferred
North West Leicestershire,2020-12-22,231,inferred
North West Leicestershire,2020-12-23,263,inferred
North West Leicestershire,2020-12-24,263,inferred
North West Leicestershire,2020-12-25,263,inferred
North West Leicestershire,2020-12-26,263,inferred
North West Leicestershire,2020-12-27,263,inferred
North West Leicestershire,2020-12-28,263,inferred
North West Leicestershire,2020-12-29,263,inferred
North West Leicestershire,2020-12-30,405,inferred
North West Leicestershire,2020-12-31,405,inferred
North West Leicestershire,2021-01-01,405,inferred
North West Leicestershire,2021-01-02,405,inferred
North West Leicestershire,2021-01-03,405,inferred
North West Leicestershire,2021-01-04,405,inferred
North West Leicestershire,2021-01-05,405,inferred
North West Leicestershire,2021-01-06,379,projected
North West Leicestershire,2021-01-07,379,projected
North West Leicestershire,2021-01-08,379,projected
North West Leicestershire,2021-01-09,379,projected
North West Leicestershire,2021-01-10,379,projected
North West Leicestershire,2021-01-11,379,projected
North West Leicestershire,2021-01-12,379,projected
North West Leicestershire,2021-01-13,343,projected
North West Leicestershire,2021-01-14,343,projected
North West Leicestershire,2021-01-15,343,projected
North West Leicestershire,2021-01-16,343,projected
North West Leicestershire,2021-01-17,343,projected
North West Leicestershire,2021-01-18,343,projected
North West Leicestershire,2021-01-19,343,projected
North West Leicestershire,2021-01-20,330,projected
North West Leicestershire,2021-01-21,330,projected
North West Leicestershire,2021-01-22,330,projected
North West Leicestershire,2021-01-23,330,projected
North West Leicestershire,2021-01-24,330,projected
North West Leicestershire,2021-01-25,330,projected
North West Leicestershire,2021-01-26,330,projected
Northampton,2020-09-23, 58,inferred
Northampton,2020-09-24, 58,inferred
Northampton,2020-09-25, 58,inferred
Northampton,2020-09-26, 58,inferred
Northampton,2020-09-27, 58,inferred
Northampton,2020-09-28, 58,inferred
Northampton,2020-09-29, 58,inferred
Northampton,2020-09-30,151,inferred
Northampton,2020-10-01,151,inferred
Northampton,2020-10-02,151,inferred
Northampton,2020-10-03,151,inferred
Northampton,2020-10-04,151,inferred
Northampton,2020-10-05,151,inferred
Northampton,2020-10-06,151,inferred
Northampton,2020-10-07,288,inferred
Northampton,2020-10-08,288,inferred
Northampton,2020-10-09,288,inferred
Northampton,2020-10-10,288,inferred
Northampton,2020-10-11,288,inferred
Northampton,2020-10-12,288,inferred
Northampton,2020-10-13,288,inferred
Northampton,2020-10-14,342,inferred
Northampton,2020-10-15,342,inferred
Northampton,2020-10-16,342,inferred
Northampton,2020-10-17,342,inferred
Northampton,2020-10-18,342,inferred
Northampton,2020-10-19,342,inferred
Northampton,2020-10-20,342,inferred
Northampton,2020-10-21,363,inferred
Northampton,2020-10-22,363,inferred
Northampton,2020-10-23,363,inferred
Northampton,2020-10-24,363,inferred
Northampton,2020-10-25,363,inferred
Northampton,2020-10-26,363,inferred
Northampton,2020-10-27,363,inferred
Northampton,2020-10-28,503,inferred
Northampton,2020-10-29,503,inferred
Northampton,2020-10-30,503,inferred
Northampton,2020-10-31,503,inferred
Northampton,2020-11-01,503,inferred
Northampton,2020-11-02,503,inferred
Northampton,2020-11-03,503,inferred
Northampton,2020-11-04,632,inferred
Northampton,2020-11-05,632,inferred
Northampton,2020-11-06,632,inferred
Northampton,2020-11-07,632,inferred
Northampton,2020-11-08,632,inferred
Northampton,2020-11-09,632,inferred
Northampton,2020-11-10,632,inferred
Northampton,2020-11-11,568,inferred
Northampton,2020-11-12,568,inferred
Northampton,2020-11-13,568,inferred
Northampton,2020-11-14,568,inferred
Northampton,2020-11-15,568,inferred
Northampton,2020-11-16,568,inferred
Northampton,2020-11-17,568,inferred
Northampton,2020-11-18,434,inferred
Northampton,2020-11-19,434,inferred
Northampton,2020-11-20,434,inferred
Northampton,2020-11-21,434,inferred
Northampton,2020-11-22,434,inferred
Northampton,2020-11-23,434,inferred
Northampton,2020-11-24,434,inferred
Northampton,2020-11-25,351,inferred
Northampton,2020-11-26,351,inferred
Northampton,2020-11-27,351,inferred
Northampton,2020-11-28,351,inferred
Northampton,2020-11-29,351,inferred
Northampton,2020-11-30,351,inferred
Northampton,2020-12-01,351,inferred
Northampton,2020-12-02,505,inferred
Northampton,2020-12-03,505,inferred
Northampton,2020-12-04,505,inferred
Northampton,2020-12-05,505,inferred
Northampton,2020-12-06,505,inferred
Northampton,2020-12-07,505,inferred
Northampton,2020-12-08,505,inferred
Northampton,2020-12-09,578,inferred
Northampton,2020-12-10,578,inferred
Northampton,2020-12-11,578,inferred
Northampton,2020-12-12,578,inferred
Northampton,2020-12-13,578,inferred
Northampton,2020-12-14,578,inferred
Northampton,2020-12-15,578,inferred
Northampton,2020-12-16,811,inferred
Northampton,2020-12-17,811,inferred
Northampton,2020-12-18,811,inferred
Northampton,2020-12-19,811,inferred
Northampton,2020-12-20,811,inferred
Northampton,2020-12-21,811,inferred
Northampton,2020-12-22,811,inferred
Northampton,2020-12-23,1206,inferred
Northampton,2020-12-24,1206,inferred
Northampton,2020-12-25,1206,inferred
Northampton,2020-12-26,1206,inferred
Northampton,2020-12-27,1206,inferred
Northampton,2020-12-28,1206,inferred
Northampton,2020-12-29,1206,inferred
Northampton,2020-12-30,2020,inferred
Northampton,2020-12-31,2020,inferred
Northampton,2021-01-01,2020,inferred
Northampton,2021-01-02,2020,inferred
Northampton,2021-01-03,2020,inferred
Northampton,2021-01-04,2020,inferred
Northampton,2021-01-05,2020,inferred
Northampton,2021-01-06,2244,projected
Northampton,2021-01-07,2244,projected
Northampton,2021-01-08,2244,projected
Northampton,2021-01-09,2244,projected
Northampton,2021-01-10,2244,projected
Northampton,2021-01-11,2244,projected
Northampton,2021-01-12,2244,projected
Northampton,2021-01-13,2552,projected
Northampton,2021-01-14,2552,projected
Northampton,2021-01-15,2552,projected
Northampton,2021-01-16,2552,projected
Northampton,2021-01-17,2552,projected
Northampton,2021-01-18,2552,projected
Northampton,2021-01-19,2552,projected
Northampton,2021-01-20,2831,projected
Northampton,2021-01-21,2831,projected
Northampton,2021-01-22,2831,projected
Northampton,2021-01-23,2831,projected
Northampton,2021-01-24,2831,projected
Northampton,2021-01-25,2831,projected
Northampton,2021-01-26,2831,projected
Northumberland,2020-09-23,514,inferred
Northumberland,2020-09-24,514,inferred
Northumberland,2020-09-25,514,inferred
Northumberland,2020-09-26,514,inferred
Northumberland,2020-09-27,514,inferred
Northumberland,2020-09-28,514,inferred
Northumberland,2020-09-29,514,inferred
Northumberland,2020-09-30,553,inferred
Northumberland,2020-10-01,553,inferred
Northumberland,2020-10-02,553,inferred
Northumberland,2020-10-03,553,inferred
Northumberland,2020-10-04,553,inferred
Northumberland,2020-10-05,553,inferred
Northumberland,2020-10-06,553,inferred
Northumberland,2020-10-07,511,inferred
Northumberland,2020-10-08,511,inferred
Northumberland,2020-10-09,511,inferred
Northumberland,2020-10-10,511,inferred
Northumberland,2020-10-11,511,inferred
Northumberland,2020-10-12,511,inferred
Northumberland,2020-10-13,511,inferred
Northumberland,2020-10-14,530,inferred
Northumberland,2020-10-15,530,inferred
Northumberland,2020-10-16,530,inferred
Northumberland,2020-10-17,530,inferred
Northumberland,2020-10-18,530,inferred
Northumberland,2020-10-19,530,inferred
Northumberland,2020-10-20,530,inferred
Northumberland,2020-10-21,625,inferred
Northumberland,2020-10-22,625,inferred
Northumberland,2020-10-23,625,inferred
Northumberland,2020-10-24,625,inferred
Northumberland,2020-10-25,625,inferred
Northumberland,2020-10-26,625,inferred
Northumberland,2020-10-27,625,inferred
Northumberland,2020-10-28,675,inferred
Northumberland,2020-10-29,675,inferred
Northumberland,2020-10-30,675,inferred
Northumberland,2020-10-31,675,inferred
Northumberland,2020-11-01,675,inferred
Northumberland,2020-11-02,675,inferred
Northumberland,2020-11-03,675,inferred
Northumberland,2020-11-04,915,inferred
Northumberland,2020-11-05,915,inferred
Northumberland,2020-11-06,915,inferred
Northumberland,2020-11-07,915,inferred
Northumberland,2020-11-08,915,inferred
Northumberland,2020-11-09,915,inferred
Northumberland,2020-11-10,915,inferred
Northumberland,2020-11-11,919,inferred
Northumberland,2020-11-12,919,inferred
Northumberland,2020-11-13,919,inferred
Northumberland,2020-11-14,919,inferred
Northumberland,2020-11-15,919,inferred
Northumberland,2020-11-16,919,inferred
Northumberland,2020-11-17,919,inferred
Northumberland,2020-11-18,671,inferred
Northumberland,2020-11-19,671,inferred
Northumberland,2020-11-20,671,inferred
Northumberland,2020-11-21,671,inferred
Northumberland,2020-11-22,671,inferred
Northumberland,2020-11-23,671,inferred
Northumberland,2020-11-24,671,inferred
Northumberland,2020-11-25,522,inferred
Northumberland,2020-11-26,522,inferred
Northumberland,2020-11-27,522,inferred
Northumberland,2020-11-28,522,inferred
Northumberland,2020-11-29,522,inferred
Northumberland,2020-11-30,522,inferred
Northumberland,2020-12-01,522,inferred
Northumberland,2020-12-02,514,inferred
Northumberland,2020-12-03,514,inferred
Northumberland,2020-12-04,514,inferred
Northumberland,2020-12-05,514,inferred
Northumberland,2020-12-06,514,inferred
Northumberland,2020-12-07,514,inferred
Northumberland,2020-12-08,514,inferred
Northumberland,2020-12-09,589,inferred
Northumberland,2020-12-10,589,inferred
Northumberland,2020-12-11,589,inferred
Northumberland,2020-12-12,589,inferred
Northumberland,2020-12-13,589,inferred
Northumberland,2020-12-14,589,inferred
Northumberland,2020-12-15,589,inferred
Northumberland,2020-12-16,632,inferred
Northumberland,2020-12-17,632,inferred
Northumberland,2020-12-18,632,inferred
Northumberland,2020-12-19,632,inferred
Northumberland,2020-12-20,632,inferred
Northumberland,2020-12-21,632,inferred
Northumberland,2020-12-22,632,inferred
Northumberland,2020-12-23,918,inferred
Northumberland,2020-12-24,918,inferred
Northumberland,2020-12-25,918,inferred
Northumberland,2020-12-26,918,inferred
Northumberland,2020-12-27,918,inferred
Northumberland,2020-12-28,918,inferred
Northumberland,2020-12-29,918,inferred
Northumberland,2020-12-30,1124,inferred
Northumberland,2020-12-31,1124,inferred
Northumberland,2021-01-01,1124,inferred
Northumberland,2021-01-02,1124,inferred
Northumberland,2021-01-03,1124,inferred
Northumberland,2021-01-04,1124,inferred
Northumberland,2021-01-05,1124,inferred
Northumberland,2021-01-06,1176,projected
Northumberland,2021-01-07,1176,projected
Northumberland,2021-01-08,1176,projected
Northumberland,2021-01-09,1176,projected
Northumberland,2021-01-10,1176,projected
Northumberland,2021-01-11,1176,projected
Northumberland,2021-01-12,1176,projected
Northumberland,2021-01-13,1234,projected
Northumberland,2021-01-14,1234,projected
Northumberland,2021-01-15,1234,projected
Northumberland,2021-01-16,1234,projected
Northumberland,2021-01-17,1234,projected
Northumberland,2021-01-18,1234,projected
Northumberland,2021-01-19,1234,projected
Northumberland,2021-01-20,1322,projected
Northumberland,2021-01-21,1322,projected
Northumberland,2021-01-22,1322,projected
Northumberland,2021-01-23,1322,projected
Northumberland,2021-01-24,1322,projected
Northumberland,2021-01-25,1322,projected
Northumberland,2021-01-26,1322,projected
Norwich,2020-09-23, 22,inferred
Norwich,2020-09-24, 22,inferred
Norwich,2020-09-25, 22,inferred
Norwich,2020-09-26, 22,inferred
Norwich,2020-09-27, 22,inferred
Norwich,2020-09-28, 22,inferred
Norwich,2020-09-29, 22,inferred
Norwich,2020-09-30, 89,inferred
Norwich,2020-10-01, 89,inferred
Norwich,2020-10-02, 89,inferred
Norwich,2020-10-03, 89,inferred
Norwich,2020-10-04, 89,inferred
Norwich,2020-10-05, 89,inferred
Norwich,2020-10-06, 89,inferred
Norwich,2020-10-07,139,inferred
Norwich,2020-10-08,139,inferred
Norwich,2020-10-09,139,inferred
Norwich,2020-10-10,139,inferred
Norwich,2020-10-11,139,inferred
Norwich,2020-10-12,139,inferred
Norwich,2020-10-13,139,inferred
Norwich,2020-10-14,157,inferred
Norwich,2020-10-15,157,inferred
Norwich,2020-10-16,157,inferred
Norwich,2020-10-17,157,inferred
Norwich,2020-10-18,157,inferred
Norwich,2020-10-19,157,inferred
Norwich,2020-10-20,157,inferred
Norwich,2020-10-21,139,inferred
Norwich,2020-10-22,139,inferred
Norwich,2020-10-23,139,inferred
Norwich,2020-10-24,139,inferred
Norwich,2020-10-25,139,inferred
Norwich,2020-10-26,139,inferred
Norwich,2020-10-27,139,inferred
Norwich,2020-10-28,129,inferred
Norwich,2020-10-29,129,inferred
Norwich,2020-10-30,129,inferred
Norwich,2020-10-31,129,inferred
Norwich,2020-11-01,129,inferred
Norwich,2020-11-02,129,inferred
Norwich,2020-11-03,129,inferred
Norwich,2020-11-04,176,inferred
Norwich,2020-11-05,176,inferred
Norwich,2020-11-06,176,inferred
Norwich,2020-11-07,176,inferred
Norwich,2020-11-08,176,inferred
Norwich,2020-11-09,176,inferred
Norwich,2020-11-10,176,inferred
Norwich,2020-11-11,198,inferred
Norwich,2020-11-12,198,inferred
Norwich,2020-11-13,198,inferred
Norwich,2020-11-14,198,inferred
Norwich,2020-11-15,198,inferred
Norwich,2020-11-16,198,inferred
Norwich,2020-11-17,198,inferred
Norwich,2020-11-18,167,inferred
Norwich,2020-11-19,167,inferred
Norwich,2020-11-20,167,inferred
Norwich,2020-11-21,167,inferred
Norwich,2020-11-22,167,inferred
Norwich,2020-11-23,167,inferred
Norwich,2020-11-24,167,inferred
Norwich,2020-11-25,151,inferred
Norwich,2020-11-26,151,inferred
Norwich,2020-11-27,151,inferred
Norwich,2020-11-28,151,inferred
Norwich,2020-11-29,151,inferred
Norwich,2020-11-30,151,inferred
Norwich,2020-12-01,151,inferred
Norwich,2020-12-02,213,inferred
Norwich,2020-12-03,213,inferred
Norwich,2020-12-04,213,inferred
Norwich,2020-12-05,213,inferred
Norwich,2020-12-06,213,inferred
Norwich,2020-12-07,213,inferred
Norwich,2020-12-08,213,inferred
Norwich,2020-12-09,237,inferred
Norwich,2020-12-10,237,inferred
Norwich,2020-12-11,237,inferred
Norwich,2020-12-12,237,inferred
Norwich,2020-12-13,237,inferred
Norwich,2020-12-14,237,inferred
Norwich,2020-12-15,237,inferred
Norwich,2020-12-16,459,inferred
Norwich,2020-12-17,459,inferred
Norwich,2020-12-18,459,inferred
Norwich,2020-12-19,459,inferred
Norwich,2020-12-20,459,inferred
Norwich,2020-12-21,459,inferred
Norwich,2020-12-22,459,inferred
Norwich,2020-12-23,554,inferred
Norwich,2020-12-24,554,inferred
Norwich,2020-12-25,554,inferred
Norwich,2020-12-26,554,inferred
Norwich,2020-12-27,554,inferred
Norwich,2020-12-28,554,inferred
Norwich,2020-12-29,554,inferred
Norwich,2020-12-30,709,inferred
Norwich,2020-12-31,709,inferred
Norwich,2021-01-01,709,inferred
Norwich,2021-01-02,709,inferred
Norwich,2021-01-03,709,inferred
Norwich,2021-01-04,709,inferred
Norwich,2021-01-05,709,inferred
Norwich,2021-01-06,719,projected
Norwich,2021-01-07,719,projected
Norwich,2021-01-08,719,projected
Norwich,2021-01-09,719,projected
Norwich,2021-01-10,719,projected
Norwich,2021-01-11,719,projected
Norwich,2021-01-12,719,projected
Norwich,2021-01-13,707,projected
Norwich,2021-01-14,707,projected
Norwich,2021-01-15,707,projected
Norwich,2021-01-16,707,projected
Norwich,2021-01-17,707,projected
Norwich,2021-01-18,707,projected
Norwich,2021-01-19,707,projected
Norwich,2021-01-20,713,projected
Norwich,2021-01-21,713,projected
Norwich,2021-01-22,713,projected
Norwich,2021-01-23,713,projected
Norwich,2021-01-24,713,projected
Norwich,2021-01-25,713,projected
Norwich,2021-01-26,713,projected
Nottingham,2020-09-23,666,inferred
Nottingham,2020-09-24,666,inferred
Nottingham,2020-09-25,666,inferred
Nottingham,2020-09-26,666,inferred
Nottingham,2020-09-27,666,inferred
Nottingham,2020-09-28,666,inferred
Nottingham,2020-09-29,666,inferred
Nottingham,2020-09-30,3706,inferred
Nottingham,2020-10-01,3706,inferred
Nottingham,2020-10-02,3706,inferred
Nottingham,2020-10-03,3706,inferred
Nottingham,2020-10-04,3706,inferred
Nottingham,2020-10-05,3706,inferred
Nottingham,2020-10-06,3706,inferred
Nottingham,2020-10-07,3591,inferred
Nottingham,2020-10-08,3591,inferred
Nottingham,2020-10-09,3591,inferred
Nottingham,2020-10-10,3591,inferred
Nottingham,2020-10-11,3591,inferred
Nottingham,2020-10-12,3591,inferred
Nottingham,2020-10-13,3591,inferred
Nottingham,2020-10-14,1934,inferred
Nottingham,2020-10-15,1934,inferred
Nottingham,2020-10-16,1934,inferred
Nottingham,2020-10-17,1934,inferred
Nottingham,2020-10-18,1934,inferred
Nottingham,2020-10-19,1934,inferred
Nottingham,2020-10-20,1934,inferred
Nottingham,2020-10-21,1467,inferred
Nottingham,2020-10-22,1467,inferred
Nottingham,2020-10-23,1467,inferred
Nottingham,2020-10-24,1467,inferred
Nottingham,2020-10-25,1467,inferred
Nottingham,2020-10-26,1467,inferred
Nottingham,2020-10-27,1467,inferred
Nottingham,2020-10-28,1228,inferred
Nottingham,2020-10-29,1228,inferred
Nottingham,2020-10-30,1228,inferred
Nottingham,2020-10-31,1228,inferred
Nottingham,2020-11-01,1228,inferred
Nottingham,2020-11-02,1228,inferred
Nottingham,2020-11-03,1228,inferred
Nottingham,2020-11-04,935,inferred
Nottingham,2020-11-05,935,inferred
Nottingham,2020-11-06,935,inferred
Nottingham,2020-11-07,935,inferred
Nottingham,2020-11-08,935,inferred
Nottingham,2020-11-09,935,inferred
Nottingham,2020-11-10,935,inferred
Nottingham,2020-11-11,827,inferred
Nottingham,2020-11-12,827,inferred
Nottingham,2020-11-13,827,inferred
Nottingham,2020-11-14,827,inferred
Nottingham,2020-11-15,827,inferred
Nottingham,2020-11-16,827,inferred
Nottingham,2020-11-17,827,inferred
Nottingham,2020-11-18,583,inferred
Nottingham,2020-11-19,583,inferred
Nottingham,2020-11-20,583,inferred
Nottingham,2020-11-21,583,inferred
Nottingham,2020-11-22,583,inferred
Nottingham,2020-11-23,583,inferred
Nottingham,2020-11-24,583,inferred
Nottingham,2020-11-25,544,inferred
Nottingham,2020-11-26,544,inferred
Nottingham,2020-11-27,544,inferred
Nottingham,2020-11-28,544,inferred
Nottingham,2020-11-29,544,inferred
Nottingham,2020-11-30,544,inferred
Nottingham,2020-12-01,544,inferred
Nottingham,2020-12-02,494,inferred
Nottingham,2020-12-03,494,inferred
Nottingham,2020-12-04,494,inferred
Nottingham,2020-12-05,494,inferred
Nottingham,2020-12-06,494,inferred
Nottingham,2020-12-07,494,inferred
Nottingham,2020-12-08,494,inferred
Nottingham,2020-12-09,655,inferred
Nottingham,2020-12-10,655,inferred
Nottingham,2020-12-11,655,inferred
Nottingham,2020-12-12,655,inferred
Nottingham,2020-12-13,655,inferred
Nottingham,2020-12-14,655,inferred
Nottingham,2020-12-15,655,inferred
Nottingham,2020-12-16,788,inferred
Nottingham,2020-12-17,788,inferred
Nottingham,2020-12-18,788,inferred
Nottingham,2020-12-19,788,inferred
Nottingham,2020-12-20,788,inferred
Nottingham,2020-12-21,788,inferred
Nottingham,2020-12-22,788,inferred
Nottingham,2020-12-23,946,inferred
Nottingham,2020-12-24,946,inferred
Nottingham,2020-12-25,946,inferred
Nottingham,2020-12-26,946,inferred
Nottingham,2020-12-27,946,inferred
Nottingham,2020-12-28,946,inferred
Nottingham,2020-12-29,946,inferred
Nottingham,2020-12-30,1532,inferred
Nottingham,2020-12-31,1532,inferred
Nottingham,2021-01-01,1532,inferred
Nottingham,2021-01-02,1532,inferred
Nottingham,2021-01-03,1532,inferred
Nottingham,2021-01-04,1532,inferred
Nottingham,2021-01-05,1532,inferred
Nottingham,2021-01-06,1543,projected
Nottingham,2021-01-07,1543,projected
Nottingham,2021-01-08,1543,projected
Nottingham,2021-01-09,1543,projected
Nottingham,2021-01-10,1543,projected
Nottingham,2021-01-11,1543,projected
Nottingham,2021-01-12,1543,projected
Nottingham,2021-01-13,1482,projected
Nottingham,2021-01-14,1482,projected
Nottingham,2021-01-15,1482,projected
Nottingham,2021-01-16,1482,projected
Nottingham,2021-01-17,1482,projected
Nottingham,2021-01-18,1482,projected
Nottingham,2021-01-19,1482,projected
Nottingham,2021-01-20,1538,projected
Nottingham,2021-01-21,1538,projected
Nottingham,2021-01-22,1538,projected
Nottingham,2021-01-23,1538,projected
Nottingham,2021-01-24,1538,projected
Nottingham,2021-01-25,1538,projected
Nottingham,2021-01-26,1538,projected
Nuneaton and Bedworth,2020-09-23, 65,inferred
Nuneaton and Bedworth,2020-09-24, 65,inferred
Nuneaton and Bedworth,2020-09-25, 65,inferred
Nuneaton and Bedworth,2020-09-26, 65,inferred
Nuneaton and Bedworth,2020-09-27, 65,inferred
Nuneaton and Bedworth,2020-09-28, 65,inferred
Nuneaton and Bedworth,2020-09-29, 65,inferred
Nuneaton and Bedworth,2020-09-30, 79,inferred
Nuneaton and Bedworth,2020-10-01, 79,inferred
Nuneaton and Bedworth,2020-10-02, 79,inferred
Nuneaton and Bedworth,2020-10-03, 79,inferred
Nuneaton and Bedworth,2020-10-04, 79,inferred
Nuneaton and Bedworth,2020-10-05, 79,inferred
Nuneaton and Bedworth,2020-10-06, 79,inferred
Nuneaton and Bedworth,2020-10-07,114,inferred
Nuneaton and Bedworth,2020-10-08,114,inferred
Nuneaton and Bedworth,2020-10-09,114,inferred
Nuneaton and Bedworth,2020-10-10,114,inferred
Nuneaton and Bedworth,2020-10-11,114,inferred
Nuneaton and Bedworth,2020-10-12,114,inferred
Nuneaton and Bedworth,2020-10-13,114,inferred
Nuneaton and Bedworth,2020-10-14,167,inferred
Nuneaton and Bedworth,2020-10-15,167,inferred
Nuneaton and Bedworth,2020-10-16,167,inferred
Nuneaton and Bedworth,2020-10-17,167,inferred
Nuneaton and Bedworth,2020-10-18,167,inferred
Nuneaton and Bedworth,2020-10-19,167,inferred
Nuneaton and Bedworth,2020-10-20,167,inferred
Nuneaton and Bedworth,2020-10-21,266,inferred
Nuneaton and Bedworth,2020-10-22,266,inferred
Nuneaton and Bedworth,2020-10-23,266,inferred
Nuneaton and Bedworth,2020-10-24,266,inferred
Nuneaton and Bedworth,2020-10-25,266,inferred
Nuneaton and Bedworth,2020-10-26,266,inferred
Nuneaton and Bedworth,2020-10-27,266,inferred
Nuneaton and Bedworth,2020-10-28,278,inferred
Nuneaton and Bedworth,2020-10-29,278,inferred
Nuneaton and Bedworth,2020-10-30,278,inferred
Nuneaton and Bedworth,2020-10-31,278,inferred
Nuneaton and Bedworth,2020-11-01,278,inferred
Nuneaton and Bedworth,2020-11-02,278,inferred
Nuneaton and Bedworth,2020-11-03,278,inferred
Nuneaton and Bedworth,2020-11-04,413,inferred
Nuneaton and Bedworth,2020-11-05,413,inferred
Nuneaton and Bedworth,2020-11-06,413,inferred
Nuneaton and Bedworth,2020-11-07,413,inferred
Nuneaton and Bedworth,2020-11-08,413,inferred
Nuneaton and Bedworth,2020-11-09,413,inferred
Nuneaton and Bedworth,2020-11-10,413,inferred
Nuneaton and Bedworth,2020-11-11,472,inferred
Nuneaton and Bedworth,2020-11-12,472,inferred
Nuneaton and Bedworth,2020-11-13,472,inferred
Nuneaton and Bedworth,2020-11-14,472,inferred
Nuneaton and Bedworth,2020-11-15,472,inferred
Nuneaton and Bedworth,2020-11-16,472,inferred
Nuneaton and Bedworth,2020-11-17,472,inferred
Nuneaton and Bedworth,2020-11-18,345,inferred
Nuneaton and Bedworth,2020-11-19,345,inferred
Nuneaton and Bedworth,2020-11-20,345,inferred
Nuneaton and Bedworth,2020-11-21,345,inferred
Nuneaton and Bedworth,2020-11-22,345,inferred
Nuneaton and Bedworth,2020-11-23,345,inferred
Nuneaton and Bedworth,2020-11-24,345,inferred
Nuneaton and Bedworth,2020-11-25,249,inferred
Nuneaton and Bedworth,2020-11-26,249,inferred
Nuneaton and Bedworth,2020-11-27,249,inferred
Nuneaton and Bedworth,2020-11-28,249,inferred
Nuneaton and Bedworth,2020-11-29,249,inferred
Nuneaton and Bedworth,2020-11-30,249,inferred
Nuneaton and Bedworth,2020-12-01,249,inferred
Nuneaton and Bedworth,2020-12-02,221,inferred
Nuneaton and Bedworth,2020-12-03,221,inferred
Nuneaton and Bedworth,2020-12-04,221,inferred
Nuneaton and Bedworth,2020-12-05,221,inferred
Nuneaton and Bedworth,2020-12-06,221,inferred
Nuneaton and Bedworth,2020-12-07,221,inferred
Nuneaton and Bedworth,2020-12-08,221,inferred
Nuneaton and Bedworth,2020-12-09,253,inferred
Nuneaton and Bedworth,2020-12-10,253,inferred
Nuneaton and Bedworth,2020-12-11,253,inferred
Nuneaton and Bedworth,2020-12-12,253,inferred
Nuneaton and Bedworth,2020-12-13,253,inferred
Nuneaton and Bedworth,2020-12-14,253,inferred
Nuneaton and Bedworth,2020-12-15,253,inferred
Nuneaton and Bedworth,2020-12-16,341,inferred
Nuneaton and Bedworth,2020-12-17,341,inferred
Nuneaton and Bedworth,2020-12-18,341,inferred
Nuneaton and Bedworth,2020-12-19,341,inferred
Nuneaton and Bedworth,2020-12-20,341,inferred
Nuneaton and Bedworth,2020-12-21,341,inferred
Nuneaton and Bedworth,2020-12-22,341,inferred
Nuneaton and Bedworth,2020-12-23,481,inferred
Nuneaton and Bedworth,2020-12-24,481,inferred
Nuneaton and Bedworth,2020-12-25,481,inferred
Nuneaton and Bedworth,2020-12-26,481,inferred
Nuneaton and Bedworth,2020-12-27,481,inferred
Nuneaton and Bedworth,2020-12-28,481,inferred
Nuneaton and Bedworth,2020-12-29,481,inferred
Nuneaton and Bedworth,2020-12-30,620,inferred
Nuneaton and Bedworth,2020-12-31,620,inferred
Nuneaton and Bedworth,2021-01-01,620,inferred
Nuneaton and Bedworth,2021-01-02,620,inferred
Nuneaton and Bedworth,2021-01-03,620,inferred
Nuneaton and Bedworth,2021-01-04,620,inferred
Nuneaton and Bedworth,2021-01-05,620,inferred
Nuneaton and Bedworth,2021-01-06,569,projected
Nuneaton and Bedworth,2021-01-07,569,projected
Nuneaton and Bedworth,2021-01-08,569,projected
Nuneaton and Bedworth,2021-01-09,569,projected
Nuneaton and Bedworth,2021-01-10,569,projected
Nuneaton and Bedworth,2021-01-11,569,projected
Nuneaton and Bedworth,2021-01-12,569,projected
Nuneaton and Bedworth,2021-01-13,508,projected
Nuneaton and Bedworth,2021-01-14,508,projected
Nuneaton and Bedworth,2021-01-15,508,projected
Nuneaton and Bedworth,2021-01-16,508,projected
Nuneaton and Bedworth,2021-01-17,508,projected
Nuneaton and Bedworth,2021-01-18,508,projected
Nuneaton and Bedworth,2021-01-19,508,projected
Nuneaton and Bedworth,2021-01-20,493,projected
Nuneaton and Bedworth,2021-01-21,493,projected
Nuneaton and Bedworth,2021-01-22,493,projected
Nuneaton and Bedworth,2021-01-23,493,projected
Nuneaton and Bedworth,2021-01-24,493,projected
Nuneaton and Bedworth,2021-01-25,493,projected
Nuneaton and Bedworth,2021-01-26,493,projected
Oadby and Wigston,2020-09-23, 55,inferred
Oadby and Wigston,2020-09-24, 55,inferred
Oadby and Wigston,2020-09-25, 55,inferred
Oadby and Wigston,2020-09-26, 55,inferred
Oadby and Wigston,2020-09-27, 55,inferred
Oadby and Wigston,2020-09-28, 55,inferred
Oadby and Wigston,2020-09-29, 55,inferred
Oadby and Wigston,2020-09-30, 97,inferred
Oadby and Wigston,2020-10-01, 97,inferred
Oadby and Wigston,2020-10-02, 97,inferred
Oadby and Wigston,2020-10-03, 97,inferred
Oadby and Wigston,2020-10-04, 97,inferred
Oadby and Wigston,2020-10-05, 97,inferred
Oadby and Wigston,2020-10-06, 97,inferred
Oadby and Wigston,2020-10-07,144,inferred
Oadby and Wigston,2020-10-08,144,inferred
Oadby and Wigston,2020-10-09,144,inferred
Oadby and Wigston,2020-10-10,144,inferred
Oadby and Wigston,2020-10-11,144,inferred
Oadby and Wigston,2020-10-12,144,inferred
Oadby and Wigston,2020-10-13,144,inferred
Oadby and Wigston,2020-10-14,172,inferred
Oadby and Wigston,2020-10-15,172,inferred
Oadby and Wigston,2020-10-16,172,inferred
Oadby and Wigston,2020-10-17,172,inferred
Oadby and Wigston,2020-10-18,172,inferred
Oadby and Wigston,2020-10-19,172,inferred
Oadby and Wigston,2020-10-20,172,inferred
Oadby and Wigston,2020-10-21,191,inferred
Oadby and Wigston,2020-10-22,191,inferred
Oadby and Wigston,2020-10-23,191,inferred
Oadby and Wigston,2020-10-24,191,inferred
Oadby and Wigston,2020-10-25,191,inferred
Oadby and Wigston,2020-10-26,191,inferred
Oadby and Wigston,2020-10-27,191,inferred
Oadby and Wigston,2020-10-28,211,inferred
Oadby and Wigston,2020-10-29,211,inferred
Oadby and Wigston,2020-10-30,211,inferred
Oadby and Wigston,2020-10-31,211,inferred
Oadby and Wigston,2020-11-01,211,inferred
Oadby and Wigston,2020-11-02,211,inferred
Oadby and Wigston,2020-11-03,211,inferred
Oadby and Wigston,2020-11-04,272,inferred
Oadby and Wigston,2020-11-05,272,inferred
Oadby and Wigston,2020-11-06,272,inferred
Oadby and Wigston,2020-11-07,272,inferred
Oadby and Wigston,2020-11-08,272,inferred
Oadby and Wigston,2020-11-09,272,inferred
Oadby and Wigston,2020-11-10,272,inferred
Oadby and Wigston,2020-11-11,283,inferred
Oadby and Wigston,2020-11-12,283,inferred
Oadby and Wigston,2020-11-13,283,inferred
Oadby and Wigston,2020-11-14,283,inferred
Oadby and Wigston,2020-11-15,283,inferred
Oadby and Wigston,2020-11-16,283,inferred
Oadby and Wigston,2020-11-17,283,inferred
Oadby and Wigston,2020-11-18,216,inferred
Oadby and Wigston,2020-11-19,216,inferred
Oadby and Wigston,2020-11-20,216,inferred
Oadby and Wigston,2020-11-21,216,inferred
Oadby and Wigston,2020-11-22,216,inferred
Oadby and Wigston,2020-11-23,216,inferred
Oadby and Wigston,2020-11-24,216,inferred
Oadby and Wigston,2020-11-25,133,inferred
Oadby and Wigston,2020-11-26,133,inferred
Oadby and Wigston,2020-11-27,133,inferred
Oadby and Wigston,2020-11-28,133,inferred
Oadby and Wigston,2020-11-29,133,inferred
Oadby and Wigston,2020-11-30,133,inferred
Oadby and Wigston,2020-12-01,133,inferred
Oadby and Wigston,2020-12-02,196,inferred
Oadby and Wigston,2020-12-03,196,inferred
Oadby and Wigston,2020-12-04,196,inferred
Oadby and Wigston,2020-12-05,196,inferred
Oadby and Wigston,2020-12-06,196,inferred
Oadby and Wigston,2020-12-07,196,inferred
Oadby and Wigston,2020-12-08,196,inferred
Oadby and Wigston,2020-12-09,142,inferred
Oadby and Wigston,2020-12-10,142,inferred
Oadby and Wigston,2020-12-11,142,inferred
Oadby and Wigston,2020-12-12,142,inferred
Oadby and Wigston,2020-12-13,142,inferred
Oadby and Wigston,2020-12-14,142,inferred
Oadby and Wigston,2020-12-15,142,inferred
Oadby and Wigston,2020-12-16,205,inferred
Oadby and Wigston,2020-12-17,205,inferred
Oadby and Wigston,2020-12-18,205,inferred
Oadby and Wigston,2020-12-19,205,inferred
Oadby and Wigston,2020-12-20,205,inferred
Oadby and Wigston,2020-12-21,205,inferred
Oadby and Wigston,2020-12-22,205,inferred
Oadby and Wigston,2020-12-23,223,inferred
Oadby and Wigston,2020-12-24,223,inferred
Oadby and Wigston,2020-12-25,223,inferred
Oadby and Wigston,2020-12-26,223,inferred
Oadby and Wigston,2020-12-27,223,inferred
Oadby and Wigston,2020-12-28,223,inferred
Oadby and Wigston,2020-12-29,223,inferred
Oadby and Wigston,2020-12-30,335,inferred
Oadby and Wigston,2020-12-31,335,inferred
Oadby and Wigston,2021-01-01,335,inferred
Oadby and Wigston,2021-01-02,335,inferred
Oadby and Wigston,2021-01-03,335,inferred
Oadby and Wigston,2021-01-04,335,inferred
Oadby and Wigston,2021-01-05,335,inferred
Oadby and Wigston,2021-01-06,303,projected
Oadby and Wigston,2021-01-07,303,projected
Oadby and Wigston,2021-01-08,303,projected
Oadby and Wigston,2021-01-09,303,projected
Oadby and Wigston,2021-01-10,303,projected
Oadby and Wigston,2021-01-11,303,projected
Oadby and Wigston,2021-01-12,303,projected
Oadby and Wigston,2021-01-13,276,projected
Oadby and Wigston,2021-01-14,276,projected
Oadby and Wigston,2021-01-15,276,projected
Oadby and Wigston,2021-01-16,276,projected
Oadby and Wigston,2021-01-17,276,projected
Oadby and Wigston,2021-01-18,276,projected
Oadby and Wigston,2021-01-19,276,projected
Oadby and Wigston,2021-01-20,251,projected
Oadby and Wigston,2021-01-21,251,projected
Oadby and Wigston,2021-01-22,251,projected
Oadby and Wigston,2021-01-23,251,projected
Oadby and Wigston,2021-01-24,251,projected
Oadby and Wigston,2021-01-25,251,projected
Oadby and Wigston,2021-01-26,251,projected
Oldham,2020-09-23,511,inferred
Oldham,2020-09-24,511,inferred
Oldham,2020-09-25,511,inferred
Oldham,2020-09-26,511,inferred
Oldham,2020-09-27,511,inferred
Oldham,2020-09-28,511,inferred
Oldham,2020-09-29,511,inferred
Oldham,2020-09-30,853,inferred
Oldham,2020-10-01,853,inferred
Oldham,2020-10-02,853,inferred
Oldham,2020-10-03,853,inferred
Oldham,2020-10-04,853,inferred
Oldham,2020-10-05,853,inferred
Oldham,2020-10-06,853,inferred
Oldham,2020-10-07,903,inferred
Oldham,2020-10-08,903,inferred
Oldham,2020-10-09,903,inferred
Oldham,2020-10-10,903,inferred
Oldham,2020-10-11,903,inferred
Oldham,2020-10-12,903,inferred
Oldham,2020-10-13,903,inferred
Oldham,2020-10-14,1331,inferred
Oldham,2020-10-15,1331,inferred
Oldham,2020-10-16,1331,inferred
Oldham,2020-10-17,1331,inferred
Oldham,2020-10-18,1331,inferred
Oldham,2020-10-19,1331,inferred
Oldham,2020-10-20,1331,inferred
Oldham,2020-10-21,1663,inferred
Oldham,2020-10-22,1663,inferred
Oldham,2020-10-23,1663,inferred
Oldham,2020-10-24,1663,inferred
Oldham,2020-10-25,1663,inferred
Oldham,2020-10-26,1663,inferred
Oldham,2020-10-27,1663,inferred
Oldham,2020-10-28,1882,inferred
Oldham,2020-10-29,1882,inferred
Oldham,2020-10-30,1882,inferred
Oldham,2020-10-31,1882,inferred
Oldham,2020-11-01,1882,inferred
Oldham,2020-11-02,1882,inferred
Oldham,2020-11-03,1882,inferred
Oldham,2020-11-04,1576,inferred
Oldham,2020-11-05,1576,inferred
Oldham,2020-11-06,1576,inferred
Oldham,2020-11-07,1576,inferred
Oldham,2020-11-08,1576,inferred
Oldham,2020-11-09,1576,inferred
Oldham,2020-11-10,1576,inferred
Oldham,2020-11-11,1113,inferred
Oldham,2020-11-12,1113,inferred
Oldham,2020-11-13,1113,inferred
Oldham,2020-11-14,1113,inferred
Oldham,2020-11-15,1113,inferred
Oldham,2020-11-16,1113,inferred
Oldham,2020-11-17,1113,inferred
Oldham,2020-11-18,737,inferred
Oldham,2020-11-19,737,inferred
Oldham,2020-11-20,737,inferred
Oldham,2020-11-21,737,inferred
Oldham,2020-11-22,737,inferred
Oldham,2020-11-23,737,inferred
Oldham,2020-11-24,737,inferred
Oldham,2020-11-25,458,inferred
Oldham,2020-11-26,458,inferred
Oldham,2020-11-27,458,inferred
Oldham,2020-11-28,458,inferred
Oldham,2020-11-29,458,inferred
Oldham,2020-11-30,458,inferred
Oldham,2020-12-01,458,inferred
Oldham,2020-12-02,374,inferred
Oldham,2020-12-03,374,inferred
Oldham,2020-12-04,374,inferred
Oldham,2020-12-05,374,inferred
Oldham,2020-12-06,374,inferred
Oldham,2020-12-07,374,inferred
Oldham,2020-12-08,374,inferred
Oldham,2020-12-09,486,inferred
Oldham,2020-12-10,486,inferred
Oldham,2020-12-11,486,inferred
Oldham,2020-12-12,486,inferred
Oldham,2020-12-13,486,inferred
Oldham,2020-12-14,486,inferred
Oldham,2020-12-15,486,inferred
Oldham,2020-12-16,448,inferred
Oldham,2020-12-17,448,inferred
Oldham,2020-12-18,448,inferred
Oldham,2020-12-19,448,inferred
Oldham,2020-12-20,448,inferred
Oldham,2020-12-21,448,inferred
Oldham,2020-12-22,448,inferred
Oldham,2020-12-23,515,inferred
Oldham,2020-12-24,515,inferred
Oldham,2020-12-25,515,inferred
Oldham,2020-12-26,515,inferred
Oldham,2020-12-27,515,inferred
Oldham,2020-12-28,515,inferred
Oldham,2020-12-29,515,inferred
Oldham,2020-12-30,915,inferred
Oldham,2020-12-31,915,inferred
Oldham,2021-01-01,915,inferred
Oldham,2021-01-02,915,inferred
Oldham,2021-01-03,915,inferred
Oldham,2021-01-04,915,inferred
Oldham,2021-01-05,915,inferred
Oldham,2021-01-06,1083,projected
Oldham,2021-01-07,1083,projected
Oldham,2021-01-08,1083,projected
Oldham,2021-01-09,1083,projected
Oldham,2021-01-10,1083,projected
Oldham,2021-01-11,1083,projected
Oldham,2021-01-12,1083,projected
Oldham,2021-01-13,1294,projected
Oldham,2021-01-14,1294,projected
Oldham,2021-01-15,1294,projected
Oldham,2021-01-16,1294,projected
Oldham,2021-01-17,1294,projected
Oldham,2021-01-18,1294,projected
Oldham,2021-01-19,1294,projected
Oldham,2021-01-20,1511,projected
Oldham,2021-01-21,1511,projected
Oldham,2021-01-22,1511,projected
Oldham,2021-01-23,1511,projected
Oldham,2021-01-24,1511,projected
Oldham,2021-01-25,1511,projected
Oldham,2021-01-26,1511,projected
Orkney,2020-09-23,  4,inferred
Orkney,2020-09-24,  4,inferred
Orkney,2020-09-25,  4,inferred
Orkney,2020-09-26,  4,inferred
Orkney,2020-09-27,  4,inferred
Orkney,2020-09-28,  4,inferred
Orkney,2020-09-29,  4,inferred
Orkney,2020-09-30,  0,inferred
Orkney,2020-10-01,  0,inferred
Orkney,2020-10-02,  0,inferred
Orkney,2020-10-03,  0,inferred
Orkney,2020-10-04,  0,inferred
Orkney,2020-10-05,  0,inferred
Orkney,2020-10-06,  0,inferred
Orkney,2020-10-07,  1,inferred
Orkney,2020-10-08,  1,inferred
Orkney,2020-10-09,  1,inferred
Orkney,2020-10-10,  1,inferred
Orkney,2020-10-11,  1,inferred
Orkney,2020-10-12,  1,inferred
Orkney,2020-10-13,  1,inferred
Orkney,2020-10-14,  3,inferred
Orkney,2020-10-15,  3,inferred
Orkney,2020-10-16,  3,inferred
Orkney,2020-10-17,  3,inferred
Orkney,2020-10-18,  3,inferred
Orkney,2020-10-19,  3,inferred
Orkney,2020-10-20,  3,inferred
Orkney,2020-10-21,  4,inferred
Orkney,2020-10-22,  4,inferred
Orkney,2020-10-23,  4,inferred
Orkney,2020-10-24,  4,inferred
Orkney,2020-10-25,  4,inferred
Orkney,2020-10-26,  4,inferred
Orkney,2020-10-27,  4,inferred
Orkney,2020-10-28,  2,inferred
Orkney,2020-10-29,  2,inferred
Orkney,2020-10-30,  2,inferred
Orkney,2020-10-31,  2,inferred
Orkney,2020-11-01,  2,inferred
Orkney,2020-11-02,  2,inferred
Orkney,2020-11-03,  2,inferred
Orkney,2020-11-04,  1,inferred
Orkney,2020-11-05,  1,inferred
Orkney,2020-11-06,  1,inferred
Orkney,2020-11-07,  1,inferred
Orkney,2020-11-08,  1,inferred
Orkney,2020-11-09,  1,inferred
Orkney,2020-11-10,  1,inferred
Orkney,2020-11-11,  1,inferred
Orkney,2020-11-12,  1,inferred
Orkney,2020-11-13,  1,inferred
Orkney,2020-11-14,  1,inferred
Orkney,2020-11-15,  1,inferred
Orkney,2020-11-16,  1,inferred
Orkney,2020-11-17,  1,inferred
Orkney,2020-11-18,  1,inferred
Orkney,2020-11-19,  1,inferred
Orkney,2020-11-20,  1,inferred
Orkney,2020-11-21,  1,inferred
Orkney,2020-11-22,  1,inferred
Orkney,2020-11-23,  1,inferred
Orkney,2020-11-24,  1,inferred
Orkney,2020-11-25,  2,inferred
Orkney,2020-11-26,  2,inferred
Orkney,2020-11-27,  2,inferred
Orkney,2020-11-28,  2,inferred
Orkney,2020-11-29,  2,inferred
Orkney,2020-11-30,  2,inferred
Orkney,2020-12-01,  2,inferred
Orkney,2020-12-02,  0,inferred
Orkney,2020-12-03,  0,inferred
Orkney,2020-12-04,  0,inferred
Orkney,2020-12-05,  0,inferred
Orkney,2020-12-06,  0,inferred
Orkney,2020-12-07,  0,inferred
Orkney,2020-12-08,  0,inferred
Orkney,2020-12-09,  0,inferred
Orkney,2020-12-10,  0,inferred
Orkney,2020-12-11,  0,inferred
Orkney,2020-12-12,  0,inferred
Orkney,2020-12-13,  0,inferred
Orkney,2020-12-14,  0,inferred
Orkney,2020-12-15,  0,inferred
Orkney,2020-12-16,  0,inferred
Orkney,2020-12-17,  0,inferred
Orkney,2020-12-18,  0,inferred
Orkney,2020-12-19,  0,inferred
Orkney,2020-12-20,  0,inferred
Orkney,2020-12-21,  0,inferred
Orkney,2020-12-22,  0,inferred
Orkney,2020-12-23,  1,inferred
Orkney,2020-12-24,  1,inferred
Orkney,2020-12-25,  1,inferred
Orkney,2020-12-26,  1,inferred
Orkney,2020-12-27,  1,inferred
Orkney,2020-12-28,  1,inferred
Orkney,2020-12-29,  1,inferred
Orkney,2020-12-30,  0,inferred
Orkney,2020-12-31,  0,inferred
Orkney,2021-01-01,  0,inferred
Orkney,2021-01-02,  0,inferred
Orkney,2021-01-03,  0,inferred
Orkney,2021-01-04,  0,inferred
Orkney,2021-01-05,  0,inferred
Orkney,2021-01-06,  1,projected
Orkney,2021-01-07,  1,projected
Orkney,2021-01-08,  1,projected
Orkney,2021-01-09,  1,projected
Orkney,2021-01-10,  1,projected
Orkney,2021-01-11,  1,projected
Orkney,2021-01-12,  1,projected
Orkney,2021-01-13,  1,projected
Orkney,2021-01-14,  1,projected
Orkney,2021-01-15,  1,projected
Orkney,2021-01-16,  1,projected
Orkney,2021-01-17,  1,projected
Orkney,2021-01-18,  1,projected
Orkney,2021-01-19,  1,projected
Orkney,2021-01-20,  2,projected
Orkney,2021-01-21,  2,projected
Orkney,2021-01-22,  2,projected
Orkney,2021-01-23,  2,projected
Orkney,2021-01-24,  2,projected
Orkney,2021-01-25,  2,projected
Orkney,2021-01-26,  2,projected
Orkney Islands,2020-09-23,  4,inferred
Orkney Islands,2020-09-24,  4,inferred
Orkney Islands,2020-09-25,  4,inferred
Orkney Islands,2020-09-26,  4,inferred
Orkney Islands,2020-09-27,  4,inferred
Orkney Islands,2020-09-28,  4,inferred
Orkney Islands,2020-09-29,  4,inferred
Orkney Islands,2020-09-30,  0,inferred
Orkney Islands,2020-10-01,  0,inferred
Orkney Islands,2020-10-02,  0,inferred
Orkney Islands,2020-10-03,  0,inferred
Orkney Islands,2020-10-04,  0,inferred
Orkney Islands,2020-10-05,  0,inferred
Orkney Islands,2020-10-06,  0,inferred
Orkney Islands,2020-10-07,  1,inferred
Orkney Islands,2020-10-08,  1,inferred
Orkney Islands,2020-10-09,  1,inferred
Orkney Islands,2020-10-10,  1,inferred
Orkney Islands,2020-10-11,  1,inferred
Orkney Islands,2020-10-12,  1,inferred
Orkney Islands,2020-10-13,  1,inferred
Orkney Islands,2020-10-14,  3,inferred
Orkney Islands,2020-10-15,  3,inferred
Orkney Islands,2020-10-16,  3,inferred
Orkney Islands,2020-10-17,  3,inferred
Orkney Islands,2020-10-18,  3,inferred
Orkney Islands,2020-10-19,  3,inferred
Orkney Islands,2020-10-20,  3,inferred
Orkney Islands,2020-10-21,  4,inferred
Orkney Islands,2020-10-22,  4,inferred
Orkney Islands,2020-10-23,  4,inferred
Orkney Islands,2020-10-24,  4,inferred
Orkney Islands,2020-10-25,  4,inferred
Orkney Islands,2020-10-26,  4,inferred
Orkney Islands,2020-10-27,  4,inferred
Orkney Islands,2020-10-28,  2,inferred
Orkney Islands,2020-10-29,  2,inferred
Orkney Islands,2020-10-30,  2,inferred
Orkney Islands,2020-10-31,  2,inferred
Orkney Islands,2020-11-01,  2,inferred
Orkney Islands,2020-11-02,  2,inferred
Orkney Islands,2020-11-03,  2,inferred
Orkney Islands,2020-11-04,  1,inferred
Orkney Islands,2020-11-05,  1,inferred
Orkney Islands,2020-11-06,  1,inferred
Orkney Islands,2020-11-07,  1,inferred
Orkney Islands,2020-11-08,  1,inferred
Orkney Islands,2020-11-09,  1,inferred
Orkney Islands,2020-11-10,  1,inferred
Orkney Islands,2020-11-11,  1,inferred
Orkney Islands,2020-11-12,  1,inferred
Orkney Islands,2020-11-13,  1,inferred
Orkney Islands,2020-11-14,  1,inferred
Orkney Islands,2020-11-15,  1,inferred
Orkney Islands,2020-11-16,  1,inferred
Orkney Islands,2020-11-17,  1,inferred
Orkney Islands,2020-11-18,  1,inferred
Orkney Islands,2020-11-19,  1,inferred
Orkney Islands,2020-11-20,  1,inferred
Orkney Islands,2020-11-21,  1,inferred
Orkney Islands,2020-11-22,  1,inferred
Orkney Islands,2020-11-23,  1,inferred
Orkney Islands,2020-11-24,  1,inferred
Orkney Islands,2020-11-25,  2,inferred
Orkney Islands,2020-11-26,  2,inferred
Orkney Islands,2020-11-27,  2,inferred
Orkney Islands,2020-11-28,  2,inferred
Orkney Islands,2020-11-29,  2,inferred
Orkney Islands,2020-11-30,  2,inferred
Orkney Islands,2020-12-01,  2,inferred
Orkney Islands,2020-12-02,  0,inferred
Orkney Islands,2020-12-03,  0,inferred
Orkney Islands,2020-12-04,  0,inferred
Orkney Islands,2020-12-05,  0,inferred
Orkney Islands,2020-12-06,  0,inferred
Orkney Islands,2020-12-07,  0,inferred
Orkney Islands,2020-12-08,  0,inferred
Orkney Islands,2020-12-09,  0,inferred
Orkney Islands,2020-12-10,  0,inferred
Orkney Islands,2020-12-11,  0,inferred
Orkney Islands,2020-12-12,  0,inferred
Orkney Islands,2020-12-13,  0,inferred
Orkney Islands,2020-12-14,  0,inferred
Orkney Islands,2020-12-15,  0,inferred
Orkney Islands,2020-12-16,  0,inferred
Orkney Islands,2020-12-17,  0,inferred
Orkney Islands,2020-12-18,  0,inferred
Orkney Islands,2020-12-19,  0,inferred
Orkney Islands,2020-12-20,  0,inferred
Orkney Islands,2020-12-21,  0,inferred
Orkney Islands,2020-12-22,  0,inferred
Orkney Islands,2020-12-23,  1,inferred
Orkney Islands,2020-12-24,  1,inferred
Orkney Islands,2020-12-25,  1,inferred
Orkney Islands,2020-12-26,  1,inferred
Orkney Islands,2020-12-27,  1,inferred
Orkney Islands,2020-12-28,  1,inferred
Orkney Islands,2020-12-29,  1,inferred
Orkney Islands,2020-12-30,  0,inferred
Orkney Islands,2020-12-31,  0,inferred
Orkney Islands,2021-01-01,  0,inferred
Orkney Islands,2021-01-02,  0,inferred
Orkney Islands,2021-01-03,  0,inferred
Orkney Islands,2021-01-04,  0,inferred
Orkney Islands,2021-01-05,  0,inferred
Orkney Islands,2021-01-06,  1,projected
Orkney Islands,2021-01-07,  1,projected
Orkney Islands,2021-01-08,  1,projected
Orkney Islands,2021-01-09,  1,projected
Orkney Islands,2021-01-10,  1,projected
Orkney Islands,2021-01-11,  1,projected
Orkney Islands,2021-01-12,  1,projected
Orkney Islands,2021-01-13,  1,projected
Orkney Islands,2021-01-14,  1,projected
Orkney Islands,2021-01-15,  1,projected
Orkney Islands,2021-01-16,  1,projected
Orkney Islands,2021-01-17,  1,projected
Orkney Islands,2021-01-18,  1,projected
Orkney Islands,2021-01-19,  1,projected
Orkney Islands,2021-01-20,  2,projected
Orkney Islands,2021-01-21,  2,projected
Orkney Islands,2021-01-22,  2,projected
Orkney Islands,2021-01-23,  2,projected
Orkney Islands,2021-01-24,  2,projected
Orkney Islands,2021-01-25,  2,projected
Orkney Islands,2021-01-26,  2,projected
Oxford,2020-09-23,170,inferred
Oxford,2020-09-24,170,inferred
Oxford,2020-09-25,170,inferred
Oxford,2020-09-26,170,inferred
Oxford,2020-09-27,170,inferred
Oxford,2020-09-28,170,inferred
Oxford,2020-09-29,170,inferred
Oxford,2020-09-30,215,inferred
Oxford,2020-10-01,215,inferred
Oxford,2020-10-02,215,inferred
Oxford,2020-10-03,215,inferred
Oxford,2020-10-04,215,inferred
Oxford,2020-10-05,215,inferred
Oxford,2020-10-06,215,inferred
Oxford,2020-10-07,238,inferred
Oxford,2020-10-08,238,inferred
Oxford,2020-10-09,238,inferred
Oxford,2020-10-10,238,inferred
Oxford,2020-10-11,238,inferred
Oxford,2020-10-12,238,inferred
Oxford,2020-10-13,238,inferred
Oxford,2020-10-14,229,inferred
Oxford,2020-10-15,229,inferred
Oxford,2020-10-16,229,inferred
Oxford,2020-10-17,229,inferred
Oxford,2020-10-18,229,inferred
Oxford,2020-10-19,229,inferred
Oxford,2020-10-20,229,inferred
Oxford,2020-10-21,183,inferred
Oxford,2020-10-22,183,inferred
Oxford,2020-10-23,183,inferred
Oxford,2020-10-24,183,inferred
Oxford,2020-10-25,183,inferred
Oxford,2020-10-26,183,inferred
Oxford,2020-10-27,183,inferred
Oxford,2020-10-28,243,inferred
Oxford,2020-10-29,243,inferred
Oxford,2020-10-30,243,inferred
Oxford,2020-10-31,243,inferred
Oxford,2020-11-01,243,inferred
Oxford,2020-11-02,243,inferred
Oxford,2020-11-03,243,inferred
Oxford,2020-11-04,346,inferred
Oxford,2020-11-05,346,inferred
Oxford,2020-11-06,346,inferred
Oxford,2020-11-07,346,inferred
Oxford,2020-11-08,346,inferred
Oxford,2020-11-09,346,inferred
Oxford,2020-11-10,346,inferred
Oxford,2020-11-11,268,inferred
Oxford,2020-11-12,268,inferred
Oxford,2020-11-13,268,inferred
Oxford,2020-11-14,268,inferred
Oxford,2020-11-15,268,inferred
Oxford,2020-11-16,268,inferred
Oxford,2020-11-17,268,inferred
Oxford,2020-11-18,216,inferred
Oxford,2020-11-19,216,inferred
Oxford,2020-11-20,216,inferred
Oxford,2020-11-21,216,inferred
Oxford,2020-11-22,216,inferred
Oxford,2020-11-23,216,inferred
Oxford,2020-11-24,216,inferred
Oxford,2020-11-25,197,inferred
Oxford,2020-11-26,197,inferred
Oxford,2020-11-27,197,inferred
Oxford,2020-11-28,197,inferred
Oxford,2020-11-29,197,inferred
Oxford,2020-11-30,197,inferred
Oxford,2020-12-01,197,inferred
Oxford,2020-12-02,215,inferred
Oxford,2020-12-03,215,inferred
Oxford,2020-12-04,215,inferred
Oxford,2020-12-05,215,inferred
Oxford,2020-12-06,215,inferred
Oxford,2020-12-07,215,inferred
Oxford,2020-12-08,215,inferred
Oxford,2020-12-09,390,inferred
Oxford,2020-12-10,390,inferred
Oxford,2020-12-11,390,inferred
Oxford,2020-12-12,390,inferred
Oxford,2020-12-13,390,inferred
Oxford,2020-12-14,390,inferred
Oxford,2020-12-15,390,inferred
Oxford,2020-12-16,558,inferred
Oxford,2020-12-17,558,inferred
Oxford,2020-12-18,558,inferred
Oxford,2020-12-19,558,inferred
Oxford,2020-12-20,558,inferred
Oxford,2020-12-21,558,inferred
Oxford,2020-12-22,558,inferred
Oxford,2020-12-23,600,inferred
Oxford,2020-12-24,600,inferred
Oxford,2020-12-25,600,inferred
Oxford,2020-12-26,600,inferred
Oxford,2020-12-27,600,inferred
Oxford,2020-12-28,600,inferred
Oxford,2020-12-29,600,inferred
Oxford,2020-12-30,874,inferred
Oxford,2020-12-31,874,inferred
Oxford,2021-01-01,874,inferred
Oxford,2021-01-02,874,inferred
Oxford,2021-01-03,874,inferred
Oxford,2021-01-04,874,inferred
Oxford,2021-01-05,874,inferred
Oxford,2021-01-06,775,projected
Oxford,2021-01-07,775,projected
Oxford,2021-01-08,775,projected
Oxford,2021-01-09,775,projected
Oxford,2021-01-10,775,projected
Oxford,2021-01-11,775,projected
Oxford,2021-01-12,775,projected
Oxford,2021-01-13,687,projected
Oxford,2021-01-14,687,projected
Oxford,2021-01-15,687,projected
Oxford,2021-01-16,687,projected
Oxford,2021-01-17,687,projected
Oxford,2021-01-18,687,projected
Oxford,2021-01-19,687,projected
Oxford,2021-01-20,626,projected
Oxford,2021-01-21,626,projected
Oxford,2021-01-22,626,projected
Oxford,2021-01-23,626,projected
Oxford,2021-01-24,626,projected
Oxford,2021-01-25,626,projected
Oxford,2021-01-26,626,projected
Pembrokeshire,2020-09-23, 14,inferred
Pembrokeshire,2020-09-24, 14,inferred
Pembrokeshire,2020-09-25, 14,inferred
Pembrokeshire,2020-09-26, 14,inferred
Pembrokeshire,2020-09-27, 14,inferred
Pembrokeshire,2020-09-28, 14,inferred
Pembrokeshire,2020-09-29, 14,inferred
Pembrokeshire,2020-09-30, 38,inferred
Pembrokeshire,2020-10-01, 38,inferred
Pembrokeshire,2020-10-02, 38,inferred
Pembrokeshire,2020-10-03, 38,inferred
Pembrokeshire,2020-10-04, 38,inferred
Pembrokeshire,2020-10-05, 38,inferred
Pembrokeshire,2020-10-06, 38,inferred
Pembrokeshire,2020-10-07, 41,inferred
Pembrokeshire,2020-10-08, 41,inferred
Pembrokeshire,2020-10-09, 41,inferred
Pembrokeshire,2020-10-10, 41,inferred
Pembrokeshire,2020-10-11, 41,inferred
Pembrokeshire,2020-10-12, 41,inferred
Pembrokeshire,2020-10-13, 41,inferred
Pembrokeshire,2020-10-14, 70,inferred
Pembrokeshire,2020-10-15, 70,inferred
Pembrokeshire,2020-10-16, 70,inferred
Pembrokeshire,2020-10-17, 70,inferred
Pembrokeshire,2020-10-18, 70,inferred
Pembrokeshire,2020-10-19, 70,inferred
Pembrokeshire,2020-10-20, 70,inferred
Pembrokeshire,2020-10-21, 46,inferred
Pembrokeshire,2020-10-22, 46,inferred
Pembrokeshire,2020-10-23, 46,inferred
Pembrokeshire,2020-10-24, 46,inferred
Pembrokeshire,2020-10-25, 46,inferred
Pembrokeshire,2020-10-26, 46,inferred
Pembrokeshire,2020-10-27, 46,inferred
Pembrokeshire,2020-10-28, 65,inferred
Pembrokeshire,2020-10-29, 65,inferred
Pembrokeshire,2020-10-30, 65,inferred
Pembrokeshire,2020-10-31, 65,inferred
Pembrokeshire,2020-11-01, 65,inferred
Pembrokeshire,2020-11-02, 65,inferred
Pembrokeshire,2020-11-03, 65,inferred
Pembrokeshire,2020-11-04, 66,inferred
Pembrokeshire,2020-11-05, 66,inferred
Pembrokeshire,2020-11-06, 66,inferred
Pembrokeshire,2020-11-07, 66,inferred
Pembrokeshire,2020-11-08, 66,inferred
Pembrokeshire,2020-11-09, 66,inferred
Pembrokeshire,2020-11-10, 66,inferred
Pembrokeshire,2020-11-11, 71,inferred
Pembrokeshire,2020-11-12, 71,inferred
Pembrokeshire,2020-11-13, 71,inferred
Pembrokeshire,2020-11-14, 71,inferred
Pembrokeshire,2020-11-15, 71,inferred
Pembrokeshire,2020-11-16, 71,inferred
Pembrokeshire,2020-11-17, 71,inferred
Pembrokeshire,2020-11-18,120,inferred
Pembrokeshire,2020-11-19,120,inferred
Pembrokeshire,2020-11-20,120,inferred
Pembrokeshire,2020-11-21,120,inferred
Pembrokeshire,2020-11-22,120,inferred
Pembrokeshire,2020-11-23,120,inferred
Pembrokeshire,2020-11-24,120,inferred
Pembrokeshire,2020-11-25,195,inferred
Pembrokeshire,2020-11-26,195,inferred
Pembrokeshire,2020-11-27,195,inferred
Pembrokeshire,2020-11-28,195,inferred
Pembrokeshire,2020-11-29,195,inferred
Pembrokeshire,2020-11-30,195,inferred
Pembrokeshire,2020-12-01,195,inferred
Pembrokeshire,2020-12-02,229,inferred
Pembrokeshire,2020-12-03,229,inferred
Pembrokeshire,2020-12-04,229,inferred
Pembrokeshire,2020-12-05,229,inferred
Pembrokeshire,2020-12-06,229,inferred
Pembrokeshire,2020-12-07,229,inferred
Pembrokeshire,2020-12-08,229,inferred
Pembrokeshire,2020-12-09,327,inferred
Pembrokeshire,2020-12-10,327,inferred
Pembrokeshire,2020-12-11,327,inferred
Pembrokeshire,2020-12-12,327,inferred
Pembrokeshire,2020-12-13,327,inferred
Pembrokeshire,2020-12-14,327,inferred
Pembrokeshire,2020-12-15,327,inferred
Pembrokeshire,2020-12-16,269,inferred
Pembrokeshire,2020-12-17,269,inferred
Pembrokeshire,2020-12-18,269,inferred
Pembrokeshire,2020-12-19,269,inferred
Pembrokeshire,2020-12-20,269,inferred
Pembrokeshire,2020-12-21,269,inferred
Pembrokeshire,2020-12-22,269,inferred
Pembrokeshire,2020-12-23,232,inferred
Pembrokeshire,2020-12-24,232,inferred
Pembrokeshire,2020-12-25,232,inferred
Pembrokeshire,2020-12-26,232,inferred
Pembrokeshire,2020-12-27,232,inferred
Pembrokeshire,2020-12-28,232,inferred
Pembrokeshire,2020-12-29,232,inferred
Pembrokeshire,2020-12-30,313,inferred
Pembrokeshire,2020-12-31,313,inferred
Pembrokeshire,2021-01-01,313,inferred
Pembrokeshire,2021-01-02,313,inferred
Pembrokeshire,2021-01-03,313,inferred
Pembrokeshire,2021-01-04,313,inferred
Pembrokeshire,2021-01-05,313,inferred
Pembrokeshire,2021-01-06,541,projected
Pembrokeshire,2021-01-07,541,projected
Pembrokeshire,2021-01-08,541,projected
Pembrokeshire,2021-01-09,541,projected
Pembrokeshire,2021-01-10,541,projected
Pembrokeshire,2021-01-11,541,projected
Pembrokeshire,2021-01-12,541,projected
Pembrokeshire,2021-01-13,893,projected
Pembrokeshire,2021-01-14,893,projected
Pembrokeshire,2021-01-15,893,projected
Pembrokeshire,2021-01-16,893,projected
Pembrokeshire,2021-01-17,893,projected
Pembrokeshire,2021-01-18,893,projected
Pembrokeshire,2021-01-19,893,projected
Pembrokeshire,2021-01-20,1411,projected
Pembrokeshire,2021-01-21,1411,projected
Pembrokeshire,2021-01-22,1411,projected
Pembrokeshire,2021-01-23,1411,projected
Pembrokeshire,2021-01-24,1411,projected
Pembrokeshire,2021-01-25,1411,projected
Pembrokeshire,2021-01-26,1411,projected
Pendle,2020-09-23,245,inferred
Pendle,2020-09-24,245,inferred
Pendle,2020-09-25,245,inferred
Pendle,2020-09-26,245,inferred
Pendle,2020-09-27,245,inferred
Pendle,2020-09-28,245,inferred
Pendle,2020-09-29,245,inferred
Pendle,2020-09-30,326,inferred
Pendle,2020-10-01,326,inferred
Pendle,2020-10-02,326,inferred
Pendle,2020-10-03,326,inferred
Pendle,2020-10-04,326,inferred
Pendle,2020-10-05,326,inferred
Pendle,2020-10-06,326,inferred
Pendle,2020-10-07,442,inferred
Pendle,2020-10-08,442,inferred
Pendle,2020-10-09,442,inferred
Pendle,2020-10-10,442,inferred
Pendle,2020-10-11,442,inferred
Pendle,2020-10-12,442,inferred
Pendle,2020-10-13,442,inferred
Pendle,2020-10-14,424,inferred
Pendle,2020-10-15,424,inferred
Pendle,2020-10-16,424,inferred
Pendle,2020-10-17,424,inferred
Pendle,2020-10-18,424,inferred
Pendle,2020-10-19,424,inferred
Pendle,2020-10-20,424,inferred
Pendle,2020-10-21,422,inferred
Pendle,2020-10-22,422,inferred
Pendle,2020-10-23,422,inferred
Pendle,2020-10-24,422,inferred
Pendle,2020-10-25,422,inferred
Pendle,2020-10-26,422,inferred
Pendle,2020-10-27,422,inferred
Pendle,2020-10-28,445,inferred
Pendle,2020-10-29,445,inferred
Pendle,2020-10-30,445,inferred
Pendle,2020-10-31,445,inferred
Pendle,2020-11-01,445,inferred
Pendle,2020-11-02,445,inferred
Pendle,2020-11-03,445,inferred
Pendle,2020-11-04,393,inferred
Pendle,2020-11-05,393,inferred
Pendle,2020-11-06,393,inferred
Pendle,2020-11-07,393,inferred
Pendle,2020-11-08,393,inferred
Pendle,2020-11-09,393,inferred
Pendle,2020-11-10,393,inferred
Pendle,2020-11-11,374,inferred
Pendle,2020-11-12,374,inferred
Pendle,2020-11-13,374,inferred
Pendle,2020-11-14,374,inferred
Pendle,2020-11-15,374,inferred
Pendle,2020-11-16,374,inferred
Pendle,2020-11-17,374,inferred
Pendle,2020-11-18,283,inferred
Pendle,2020-11-19,283,inferred
Pendle,2020-11-20,283,inferred
Pendle,2020-11-21,283,inferred
Pendle,2020-11-22,283,inferred
Pendle,2020-11-23,283,inferred
Pendle,2020-11-24,283,inferred
Pendle,2020-11-25,266,inferred
Pendle,2020-11-26,266,inferred
Pendle,2020-11-27,266,inferred
Pendle,2020-11-28,266,inferred
Pendle,2020-11-29,266,inferred
Pendle,2020-11-30,266,inferred
Pendle,2020-12-01,266,inferred
Pendle,2020-12-02,234,inferred
Pendle,2020-12-03,234,inferred
Pendle,2020-12-04,234,inferred
Pendle,2020-12-05,234,inferred
Pendle,2020-12-06,234,inferred
Pendle,2020-12-07,234,inferred
Pendle,2020-12-08,234,inferred
Pendle,2020-12-09,283,inferred
Pendle,2020-12-10,283,inferred
Pendle,2020-12-11,283,inferred
Pendle,2020-12-12,283,inferred
Pendle,2020-12-13,283,inferred
Pendle,2020-12-14,283,inferred
Pendle,2020-12-15,283,inferred
Pendle,2020-12-16,394,inferred
Pendle,2020-12-17,394,inferred
Pendle,2020-12-18,394,inferred
Pendle,2020-12-19,394,inferred
Pendle,2020-12-20,394,inferred
Pendle,2020-12-21,394,inferred
Pendle,2020-12-22,394,inferred
Pendle,2020-12-23,404,inferred
Pendle,2020-12-24,404,inferred
Pendle,2020-12-25,404,inferred
Pendle,2020-12-26,404,inferred
Pendle,2020-12-27,404,inferred
Pendle,2020-12-28,404,inferred
Pendle,2020-12-29,404,inferred
Pendle,2020-12-30,821,inferred
Pendle,2020-12-31,821,inferred
Pendle,2021-01-01,821,inferred
Pendle,2021-01-02,821,inferred
Pendle,2021-01-03,821,inferred
Pendle,2021-01-04,821,inferred
Pendle,2021-01-05,821,inferred
Pendle,2021-01-06,1050,projected
Pendle,2021-01-07,1050,projected
Pendle,2021-01-08,1050,projected
Pendle,2021-01-09,1050,projected
Pendle,2021-01-10,1050,projected
Pendle,2021-01-11,1050,projected
Pendle,2021-01-12,1050,projected
Pendle,2021-01-13,1349,projected
Pendle,2021-01-14,1349,projected
Pendle,2021-01-15,1349,projected
Pendle,2021-01-16,1349,projected
Pendle,2021-01-17,1349,projected
Pendle,2021-01-18,1349,projected
Pendle,2021-01-19,1349,projected
Pendle,2021-01-20,1717,projected
Pendle,2021-01-21,1717,projected
Pendle,2021-01-22,1717,projected
Pendle,2021-01-23,1717,projected
Pendle,2021-01-24,1717,projected
Pendle,2021-01-25,1717,projected
Pendle,2021-01-26,1717,projected
Perth and Kinross,2020-09-23,203,inferred
Perth and Kinross,2020-09-24,203,inferred
Perth and Kinross,2020-09-25,203,inferred
Perth and Kinross,2020-09-26,203,inferred
Perth and Kinross,2020-09-27,203,inferred
Perth and Kinross,2020-09-28,203,inferred
Perth and Kinross,2020-09-29,203,inferred
Perth and Kinross,2020-09-30,191,inferred
Perth and Kinross,2020-10-01,191,inferred
Perth and Kinross,2020-10-02,191,inferred
Perth and Kinross,2020-10-03,191,inferred
Perth and Kinross,2020-10-04,191,inferred
Perth and Kinross,2020-10-05,191,inferred
Perth and Kinross,2020-10-06,191,inferred
Perth and Kinross,2020-10-07,315,inferred
Perth and Kinross,2020-10-08,315,inferred
Perth and Kinross,2020-10-09,315,inferred
Perth and Kinross,2020-10-10,315,inferred
Perth and Kinross,2020-10-11,315,inferred
Perth and Kinross,2020-10-12,315,inferred
Perth and Kinross,2020-10-13,315,inferred
Perth and Kinross,2020-10-14,350,inferred
Perth and Kinross,2020-10-15,350,inferred
Perth and Kinross,2020-10-16,350,inferred
Perth and Kinross,2020-10-17,350,inferred
Perth and Kinross,2020-10-18,350,inferred
Perth and Kinross,2020-10-19,350,inferred
Perth and Kinross,2020-10-20,350,inferred
Perth and Kinross,2020-10-21,499,inferred
Perth and Kinross,2020-10-22,499,inferred
Perth and Kinross,2020-10-23,499,inferred
Perth and Kinross,2020-10-24,499,inferred
Perth and Kinross,2020-10-25,499,inferred
Perth and Kinross,2020-10-26,499,inferred
Perth and Kinross,2020-10-27,499,inferred
Perth and Kinross,2020-10-28,396,inferred
Perth and Kinross,2020-10-29,396,inferred
Perth and Kinross,2020-10-30,396,inferred
Perth and Kinross,2020-10-31,396,inferred
Perth and Kinross,2020-11-01,396,inferred
Perth and Kinross,2020-11-02,396,inferred
Perth and Kinross,2020-11-03,396,inferred
Perth and Kinross,2020-11-04,431,inferred
Perth and Kinross,2020-11-05,431,inferred
Perth and Kinross,2020-11-06,431,inferred
Perth and Kinross,2020-11-07,431,inferred
Perth and Kinross,2020-11-08,431,inferred
Perth and Kinross,2020-11-09,431,inferred
Perth and Kinross,2020-11-10,431,inferred
Perth and Kinross,2020-11-11,480,inferred
Perth and Kinross,2020-11-12,480,inferred
Perth and Kinross,2020-11-13,480,inferred
Perth and Kinross,2020-11-14,480,inferred
Perth and Kinross,2020-11-15,480,inferred
Perth and Kinross,2020-11-16,480,inferred
Perth and Kinross,2020-11-17,480,inferred
Perth and Kinross,2020-11-18,415,inferred
Perth and Kinross,2020-11-19,415,inferred
Perth and Kinross,2020-11-20,415,inferred
Perth and Kinross,2020-11-21,415,inferred
Perth and Kinross,2020-11-22,415,inferred
Perth and Kinross,2020-11-23,415,inferred
Perth and Kinross,2020-11-24,415,inferred
Perth and Kinross,2020-11-25,355,inferred
Perth and Kinross,2020-11-26,355,inferred
Perth and Kinross,2020-11-27,355,inferred
Perth and Kinross,2020-11-28,355,inferred
Perth and Kinross,2020-11-29,355,inferred
Perth and Kinross,2020-11-30,355,inferred
Perth and Kinross,2020-12-01,355,inferred
Perth and Kinross,2020-12-02,398,inferred
Perth and Kinross,2020-12-03,398,inferred
Perth and Kinross,2020-12-04,398,inferred
Perth and Kinross,2020-12-05,398,inferred
Perth and Kinross,2020-12-06,398,inferred
Perth and Kinross,2020-12-07,398,inferred
Perth and Kinross,2020-12-08,398,inferred
Perth and Kinross,2020-12-09,448,inferred
Perth and Kinross,2020-12-10,448,inferred
Perth and Kinross,2020-12-11,448,inferred
Perth and Kinross,2020-12-12,448,inferred
Perth and Kinross,2020-12-13,448,inferred
Perth and Kinross,2020-12-14,448,inferred
Perth and Kinross,2020-12-15,448,inferred
Perth and Kinross,2020-12-16,487,inferred
Perth and Kinross,2020-12-17,487,inferred
Perth and Kinross,2020-12-18,487,inferred
Perth and Kinross,2020-12-19,487,inferred
Perth and Kinross,2020-12-20,487,inferred
Perth and Kinross,2020-12-21,487,inferred
Perth and Kinross,2020-12-22,487,inferred
Perth and Kinross,2020-12-23,686,inferred
Perth and Kinross,2020-12-24,686,inferred
Perth and Kinross,2020-12-25,686,inferred
Perth and Kinross,2020-12-26,686,inferred
Perth and Kinross,2020-12-27,686,inferred
Perth and Kinross,2020-12-28,686,inferred
Perth and Kinross,2020-12-29,686,inferred
Perth and Kinross,2020-12-30,1250,inferred
Perth and Kinross,2020-12-31,1250,inferred
Perth and Kinross,2021-01-01,1250,inferred
Perth and Kinross,2021-01-02,1250,inferred
Perth and Kinross,2021-01-03,1250,inferred
Perth and Kinross,2021-01-04,1250,inferred
Perth and Kinross,2021-01-05,1250,inferred
Perth and Kinross,2021-01-06,2031,projected
Perth and Kinross,2021-01-07,2031,projected
Perth and Kinross,2021-01-08,2031,projected
Perth and Kinross,2021-01-09,2031,projected
Perth and Kinross,2021-01-10,2031,projected
Perth and Kinross,2021-01-11,2031,projected
Perth and Kinross,2021-01-12,2031,projected
Perth and Kinross,2021-01-13,3142,projected
Perth and Kinross,2021-01-14,3142,projected
Perth and Kinross,2021-01-15,3142,projected
Perth and Kinross,2021-01-16,3142,projected
Perth and Kinross,2021-01-17,3142,projected
Perth and Kinross,2021-01-18,3142,projected
Perth and Kinross,2021-01-19,3142,projected
Perth and Kinross,2021-01-20,4913,projected
Perth and Kinross,2021-01-21,4913,projected
Perth and Kinross,2021-01-22,4913,projected
Perth and Kinross,2021-01-23,4913,projected
Perth and Kinross,2021-01-24,4913,projected
Perth and Kinross,2021-01-25,4913,projected
Perth and Kinross,2021-01-26,4913,projected
Peterborough,2020-09-23, 71,inferred
Peterborough,2020-09-24, 71,inferred
Peterborough,2020-09-25, 71,inferred
Peterborough,2020-09-26, 71,inferred
Peterborough,2020-09-27, 71,inferred
Peterborough,2020-09-28, 71,inferred
Peterborough,2020-09-29, 71,inferred
Peterborough,2020-09-30,134,inferred
Peterborough,2020-10-01,134,inferred
Peterborough,2020-10-02,134,inferred
Peterborough,2020-10-03,134,inferred
Peterborough,2020-10-04,134,inferred
Peterborough,2020-10-05,134,inferred
Peterborough,2020-10-06,134,inferred
Peterborough,2020-10-07,149,inferred
Peterborough,2020-10-08,149,inferred
Peterborough,2020-10-09,149,inferred
Peterborough,2020-10-10,149,inferred
Peterborough,2020-10-11,149,inferred
Peterborough,2020-10-12,149,inferred
Peterborough,2020-10-13,149,inferred
Peterborough,2020-10-14,214,inferred
Peterborough,2020-10-15,214,inferred
Peterborough,2020-10-16,214,inferred
Peterborough,2020-10-17,214,inferred
Peterborough,2020-10-18,214,inferred
Peterborough,2020-10-19,214,inferred
Peterborough,2020-10-20,214,inferred
Peterborough,2020-10-21,291,inferred
Peterborough,2020-10-22,291,inferred
Peterborough,2020-10-23,291,inferred
Peterborough,2020-10-24,291,inferred
Peterborough,2020-10-25,291,inferred
Peterborough,2020-10-26,291,inferred
Peterborough,2020-10-27,291,inferred
Peterborough,2020-10-28,309,inferred
Peterborough,2020-10-29,309,inferred
Peterborough,2020-10-30,309,inferred
Peterborough,2020-10-31,309,inferred
Peterborough,2020-11-01,309,inferred
Peterborough,2020-11-02,309,inferred
Peterborough,2020-11-03,309,inferred
Peterborough,2020-11-04,398,inferred
Peterborough,2020-11-05,398,inferred
Peterborough,2020-11-06,398,inferred
Peterborough,2020-11-07,398,inferred
Peterborough,2020-11-08,398,inferred
Peterborough,2020-11-09,398,inferred
Peterborough,2020-11-10,398,inferred
Peterborough,2020-11-11,415,inferred
Peterborough,2020-11-12,415,inferred
Peterborough,2020-11-13,415,inferred
Peterborough,2020-11-14,415,inferred
Peterborough,2020-11-15,415,inferred
Peterborough,2020-11-16,415,inferred
Peterborough,2020-11-17,415,inferred
Peterborough,2020-11-18,434,inferred
Peterborough,2020-11-19,434,inferred
Peterborough,2020-11-20,434,inferred
Peterborough,2020-11-21,434,inferred
Peterborough,2020-11-22,434,inferred
Peterborough,2020-11-23,434,inferred
Peterborough,2020-11-24,434,inferred
Peterborough,2020-11-25,410,inferred
Peterborough,2020-11-26,410,inferred
Peterborough,2020-11-27,410,inferred
Peterborough,2020-11-28,410,inferred
Peterborough,2020-11-29,410,inferred
Peterborough,2020-11-30,410,inferred
Peterborough,2020-12-01,410,inferred
Peterborough,2020-12-02,475,inferred
Peterborough,2020-12-03,475,inferred
Peterborough,2020-12-04,475,inferred
Peterborough,2020-12-05,475,inferred
Peterborough,2020-12-06,475,inferred
Peterborough,2020-12-07,475,inferred
Peterborough,2020-12-08,475,inferred
Peterborough,2020-12-09,713,inferred
Peterborough,2020-12-10,713,inferred
Peterborough,2020-12-11,713,inferred
Peterborough,2020-12-12,713,inferred
Peterborough,2020-12-13,713,inferred
Peterborough,2020-12-14,713,inferred
Peterborough,2020-12-15,713,inferred
Peterborough,2020-12-16,857,inferred
Peterborough,2020-12-17,857,inferred
Peterborough,2020-12-18,857,inferred
Peterborough,2020-12-19,857,inferred
Peterborough,2020-12-20,857,inferred
Peterborough,2020-12-21,857,inferred
Peterborough,2020-12-22,857,inferred
Peterborough,2020-12-23,874,inferred
Peterborough,2020-12-24,874,inferred
Peterborough,2020-12-25,874,inferred
Peterborough,2020-12-26,874,inferred
Peterborough,2020-12-27,874,inferred
Peterborough,2020-12-28,874,inferred
Peterborough,2020-12-29,874,inferred
Peterborough,2020-12-30,1029,inferred
Peterborough,2020-12-31,1029,inferred
Peterborough,2021-01-01,1029,inferred
Peterborough,2021-01-02,1029,inferred
Peterborough,2021-01-03,1029,inferred
Peterborough,2021-01-04,1029,inferred
Peterborough,2021-01-05,1029,inferred
Peterborough,2021-01-06,1199,projected
Peterborough,2021-01-07,1199,projected
Peterborough,2021-01-08,1199,projected
Peterborough,2021-01-09,1199,projected
Peterborough,2021-01-10,1199,projected
Peterborough,2021-01-11,1199,projected
Peterborough,2021-01-12,1199,projected
Peterborough,2021-01-13,1401,projected
Peterborough,2021-01-14,1401,projected
Peterborough,2021-01-15,1401,projected
Peterborough,2021-01-16,1401,projected
Peterborough,2021-01-17,1401,projected
Peterborough,2021-01-18,1401,projected
Peterborough,2021-01-19,1401,projected
Peterborough,2021-01-20,1621,projected
Peterborough,2021-01-21,1621,projected
Peterborough,2021-01-22,1621,projected
Peterborough,2021-01-23,1621,projected
Peterborough,2021-01-24,1621,projected
Peterborough,2021-01-25,1621,projected
Peterborough,2021-01-26,1621,projected
Plymouth,2020-09-23, 85,inferred
Plymouth,2020-09-24, 85,inferred
Plymouth,2020-09-25, 85,inferred
Plymouth,2020-09-26, 85,inferred
Plymouth,2020-09-27, 85,inferred
Plymouth,2020-09-28, 85,inferred
Plymouth,2020-09-29, 85,inferred
Plymouth,2020-09-30,131,inferred
Plymouth,2020-10-01,131,inferred
Plymouth,2020-10-02,131,inferred
Plymouth,2020-10-03,131,inferred
Plymouth,2020-10-04,131,inferred
Plymouth,2020-10-05,131,inferred
Plymouth,2020-10-06,131,inferred
Plymouth,2020-10-07,208,inferred
Plymouth,2020-10-08,208,inferred
Plymouth,2020-10-09,208,inferred
Plymouth,2020-10-10,208,inferred
Plymouth,2020-10-11,208,inferred
Plymouth,2020-10-12,208,inferred
Plymouth,2020-10-13,208,inferred
Plymouth,2020-10-14,370,inferred
Plymouth,2020-10-15,370,inferred
Plymouth,2020-10-16,370,inferred
Plymouth,2020-10-17,370,inferred
Plymouth,2020-10-18,370,inferred
Plymouth,2020-10-19,370,inferred
Plymouth,2020-10-20,370,inferred
Plymouth,2020-10-21,449,inferred
Plymouth,2020-10-22,449,inferred
Plymouth,2020-10-23,449,inferred
Plymouth,2020-10-24,449,inferred
Plymouth,2020-10-25,449,inferred
Plymouth,2020-10-26,449,inferred
Plymouth,2020-10-27,449,inferred
Plymouth,2020-10-28,397,inferred
Plymouth,2020-10-29,397,inferred
Plymouth,2020-10-30,397,inferred
Plymouth,2020-10-31,397,inferred
Plymouth,2020-11-01,397,inferred
Plymouth,2020-11-02,397,inferred
Plymouth,2020-11-03,397,inferred
Plymouth,2020-11-04,612,inferred
Plymouth,2020-11-05,612,inferred
Plymouth,2020-11-06,612,inferred
Plymouth,2020-11-07,612,inferred
Plymouth,2020-11-08,612,inferred
Plymouth,2020-11-09,612,inferred
Plymouth,2020-11-10,612,inferred
Plymouth,2020-11-11,511,inferred
Plymouth,2020-11-12,511,inferred
Plymouth,2020-11-13,511,inferred
Plymouth,2020-11-14,511,inferred
Plymouth,2020-11-15,511,inferred
Plymouth,2020-11-16,511,inferred
Plymouth,2020-11-17,511,inferred
Plymouth,2020-11-18,250,inferred
Plymouth,2020-11-19,250,inferred
Plymouth,2020-11-20,250,inferred
Plymouth,2020-11-21,250,inferred
Plymouth,2020-11-22,250,inferred
Plymouth,2020-11-23,250,inferred
Plymouth,2020-11-24,250,inferred
Plymouth,2020-11-25,161,inferred
Plymouth,2020-11-26,161,inferred
Plymouth,2020-11-27,161,inferred
Plymouth,2020-11-28,161,inferred
Plymouth,2020-11-29,161,inferred
Plymouth,2020-11-30,161,inferred
Plymouth,2020-12-01,161,inferred
Plymouth,2020-12-02,155,inferred
Plymouth,2020-12-03,155,inferred
Plymouth,2020-12-04,155,inferred
Plymouth,2020-12-05,155,inferred
Plymouth,2020-12-06,155,inferred
Plymouth,2020-12-07,155,inferred
Plymouth,2020-12-08,155,inferred
Plymouth,2020-12-09,211,inferred
Plymouth,2020-12-10,211,inferred
Plymouth,2020-12-11,211,inferred
Plymouth,2020-12-12,211,inferred
Plymouth,2020-12-13,211,inferred
Plymouth,2020-12-14,211,inferred
Plymouth,2020-12-15,211,inferred
Plymouth,2020-12-16,361,inferred
Plymouth,2020-12-17,361,inferred
Plymouth,2020-12-18,361,inferred
Plymouth,2020-12-19,361,inferred
Plymouth,2020-12-20,361,inferred
Plymouth,2020-12-21,361,inferred
Plymouth,2020-12-22,361,inferred
Plymouth,2020-12-23,595,inferred
Plymouth,2020-12-24,595,inferred
Plymouth,2020-12-25,595,inferred
Plymouth,2020-12-26,595,inferred
Plymouth,2020-12-27,595,inferred
Plymouth,2020-12-28,595,inferred
Plymouth,2020-12-29,595,inferred
Plymouth,2020-12-30,601,inferred
Plymouth,2020-12-31,601,inferred
Plymouth,2021-01-01,601,inferred
Plymouth,2021-01-02,601,inferred
Plymouth,2021-01-03,601,inferred
Plymouth,2021-01-04,601,inferred
Plymouth,2021-01-05,601,inferred
Plymouth,2021-01-06,844,projected
Plymouth,2021-01-07,844,projected
Plymouth,2021-01-08,844,projected
Plymouth,2021-01-09,844,projected
Plymouth,2021-01-10,844,projected
Plymouth,2021-01-11,844,projected
Plymouth,2021-01-12,844,projected
Plymouth,2021-01-13,1047,projected
Plymouth,2021-01-14,1047,projected
Plymouth,2021-01-15,1047,projected
Plymouth,2021-01-16,1047,projected
Plymouth,2021-01-17,1047,projected
Plymouth,2021-01-18,1047,projected
Plymouth,2021-01-19,1047,projected
Plymouth,2021-01-20,1345,projected
Plymouth,2021-01-21,1345,projected
Plymouth,2021-01-22,1345,projected
Plymouth,2021-01-23,1345,projected
Plymouth,2021-01-24,1345,projected
Plymouth,2021-01-25,1345,projected
Plymouth,2021-01-26,1345,projected
Portsmouth,2020-09-23, 62,inferred
Portsmouth,2020-09-24, 62,inferred
Portsmouth,2020-09-25, 62,inferred
Portsmouth,2020-09-26, 62,inferred
Portsmouth,2020-09-27, 62,inferred
Portsmouth,2020-09-28, 62,inferred
Portsmouth,2020-09-29, 62,inferred
Portsmouth,2020-09-30,212,inferred
Portsmouth,2020-10-01,212,inferred
Portsmouth,2020-10-02,212,inferred
Portsmouth,2020-10-03,212,inferred
Portsmouth,2020-10-04,212,inferred
Portsmouth,2020-10-05,212,inferred
Portsmouth,2020-10-06,212,inferred
Portsmouth,2020-10-07,427,inferred
Portsmouth,2020-10-08,427,inferred
Portsmouth,2020-10-09,427,inferred
Portsmouth,2020-10-10,427,inferred
Portsmouth,2020-10-11,427,inferred
Portsmouth,2020-10-12,427,inferred
Portsmouth,2020-10-13,427,inferred
Portsmouth,2020-10-14,452,inferred
Portsmouth,2020-10-15,452,inferred
Portsmouth,2020-10-16,452,inferred
Portsmouth,2020-10-17,452,inferred
Portsmouth,2020-10-18,452,inferred
Portsmouth,2020-10-19,452,inferred
Portsmouth,2020-10-20,452,inferred
Portsmouth,2020-10-21,501,inferred
Portsmouth,2020-10-22,501,inferred
Portsmouth,2020-10-23,501,inferred
Portsmouth,2020-10-24,501,inferred
Portsmouth,2020-10-25,501,inferred
Portsmouth,2020-10-26,501,inferred
Portsmouth,2020-10-27,501,inferred
Portsmouth,2020-10-28,455,inferred
Portsmouth,2020-10-29,455,inferred
Portsmouth,2020-10-30,455,inferred
Portsmouth,2020-10-31,455,inferred
Portsmouth,2020-11-01,455,inferred
Portsmouth,2020-11-02,455,inferred
Portsmouth,2020-11-03,455,inferred
Portsmouth,2020-11-04,583,inferred
Portsmouth,2020-11-05,583,inferred
Portsmouth,2020-11-06,583,inferred
Portsmouth,2020-11-07,583,inferred
Portsmouth,2020-11-08,583,inferred
Portsmouth,2020-11-09,583,inferred
Portsmouth,2020-11-10,583,inferred
Portsmouth,2020-11-11,576,inferred
Portsmouth,2020-11-12,576,inferred
Portsmouth,2020-11-13,576,inferred
Portsmouth,2020-11-14,576,inferred
Portsmouth,2020-11-15,576,inferred
Portsmouth,2020-11-16,576,inferred
Portsmouth,2020-11-17,576,inferred
Portsmouth,2020-11-18,334,inferred
Portsmouth,2020-11-19,334,inferred
Portsmouth,2020-11-20,334,inferred
Portsmouth,2020-11-21,334,inferred
Portsmouth,2020-11-22,334,inferred
Portsmouth,2020-11-23,334,inferred
Portsmouth,2020-11-24,334,inferred
Portsmouth,2020-11-25,233,inferred
Portsmouth,2020-11-26,233,inferred
Portsmouth,2020-11-27,233,inferred
Portsmouth,2020-11-28,233,inferred
Portsmouth,2020-11-29,233,inferred
Portsmouth,2020-11-30,233,inferred
Portsmouth,2020-12-01,233,inferred
Portsmouth,2020-12-02,381,inferred
Portsmouth,2020-12-03,381,inferred
Portsmouth,2020-12-04,381,inferred
Portsmouth,2020-12-05,381,inferred
Portsmouth,2020-12-06,381,inferred
Portsmouth,2020-12-07,381,inferred
Portsmouth,2020-12-08,381,inferred
Portsmouth,2020-12-09,609,inferred
Portsmouth,2020-12-10,609,inferred
Portsmouth,2020-12-11,609,inferred
Portsmouth,2020-12-12,609,inferred
Portsmouth,2020-12-13,609,inferred
Portsmouth,2020-12-14,609,inferred
Portsmouth,2020-12-15,609,inferred
Portsmouth,2020-12-16,928,inferred
Portsmouth,2020-12-17,928,inferred
Portsmouth,2020-12-18,928,inferred
Portsmouth,2020-12-19,928,inferred
Portsmouth,2020-12-20,928,inferred
Portsmouth,2020-12-21,928,inferred
Portsmouth,2020-12-22,928,inferred
Portsmouth,2020-12-23,1204,inferred
Portsmouth,2020-12-24,1204,inferred
Portsmouth,2020-12-25,1204,inferred
Portsmouth,2020-12-26,1204,inferred
Portsmouth,2020-12-27,1204,inferred
Portsmouth,2020-12-28,1204,inferred
Portsmouth,2020-12-29,1204,inferred
Portsmouth,2020-12-30,1293,inferred
Portsmouth,2020-12-31,1293,inferred
Portsmouth,2021-01-01,1293,inferred
Portsmouth,2021-01-02,1293,inferred
Portsmouth,2021-01-03,1293,inferred
Portsmouth,2021-01-04,1293,inferred
Portsmouth,2021-01-05,1293,inferred
Portsmouth,2021-01-06,1255,projected
Portsmouth,2021-01-07,1255,projected
Portsmouth,2021-01-08,1255,projected
Portsmouth,2021-01-09,1255,projected
Portsmouth,2021-01-10,1255,projected
Portsmouth,2021-01-11,1255,projected
Portsmouth,2021-01-12,1255,projected
Portsmouth,2021-01-13,1177,projected
Portsmouth,2021-01-14,1177,projected
Portsmouth,2021-01-15,1177,projected
Portsmouth,2021-01-16,1177,projected
Portsmouth,2021-01-17,1177,projected
Portsmouth,2021-01-18,1177,projected
Portsmouth,2021-01-19,1177,projected
Portsmouth,2021-01-20,1153,projected
Portsmouth,2021-01-21,1153,projected
Portsmouth,2021-01-22,1153,projected
Portsmouth,2021-01-23,1153,projected
Portsmouth,2021-01-24,1153,projected
Portsmouth,2021-01-25,1153,projected
Portsmouth,2021-01-26,1153,projected
Powys,2020-09-23, 35,inferred
Powys,2020-09-24, 35,inferred
Powys,2020-09-25, 35,inferred
Powys,2020-09-26, 35,inferred
Powys,2020-09-27, 35,inferred
Powys,2020-09-28, 35,inferred
Powys,2020-09-29, 35,inferred
Powys,2020-09-30, 52,inferred
Powys,2020-10-01, 52,inferred
Powys,2020-10-02, 52,inferred
Powys,2020-10-03, 52,inferred
Powys,2020-10-04, 52,inferred
Powys,2020-10-05, 52,inferred
Powys,2020-10-06, 52,inferred
Powys,2020-10-07, 71,inferred
Powys,2020-10-08, 71,inferred
Powys,2020-10-09, 71,inferred
Powys,2020-10-10, 71,inferred
Powys,2020-10-11, 71,inferred
Powys,2020-10-12, 71,inferred
Powys,2020-10-13, 71,inferred
Powys,2020-10-14, 76,inferred
Powys,2020-10-15, 76,inferred
Powys,2020-10-16, 76,inferred
Powys,2020-10-17, 76,inferred
Powys,2020-10-18, 76,inferred
Powys,2020-10-19, 76,inferred
Powys,2020-10-20, 76,inferred
Powys,2020-10-21,138,inferred
Powys,2020-10-22,138,inferred
Powys,2020-10-23,138,inferred
Powys,2020-10-24,138,inferred
Powys,2020-10-25,138,inferred
Powys,2020-10-26,138,inferred
Powys,2020-10-27,138,inferred
Powys,2020-10-28,185,inferred
Powys,2020-10-29,185,inferred
Powys,2020-10-30,185,inferred
Powys,2020-10-31,185,inferred
Powys,2020-11-01,185,inferred
Powys,2020-11-02,185,inferred
Powys,2020-11-03,185,inferred
Powys,2020-11-04,155,inferred
Powys,2020-11-05,155,inferred
Powys,2020-11-06,155,inferred
Powys,2020-11-07,155,inferred
Powys,2020-11-08,155,inferred
Powys,2020-11-09,155,inferred
Powys,2020-11-10,155,inferred
Powys,2020-11-11,113,inferred
Powys,2020-11-12,113,inferred
Powys,2020-11-13,113,inferred
Powys,2020-11-14,113,inferred
Powys,2020-11-15,113,inferred
Powys,2020-11-16,113,inferred
Powys,2020-11-17,113,inferred
Powys,2020-11-18,104,inferred
Powys,2020-11-19,104,inferred
Powys,2020-11-20,104,inferred
Powys,2020-11-21,104,inferred
Powys,2020-11-22,104,inferred
Powys,2020-11-23,104,inferred
Powys,2020-11-24,104,inferred
Powys,2020-11-25,123,inferred
Powys,2020-11-26,123,inferred
Powys,2020-11-27,123,inferred
Powys,2020-11-28,123,inferred
Powys,2020-11-29,123,inferred
Powys,2020-11-30,123,inferred
Powys,2020-12-01,123,inferred
Powys,2020-12-02,167,inferred
Powys,2020-12-03,167,inferred
Powys,2020-12-04,167,inferred
Powys,2020-12-05,167,inferred
Powys,2020-12-06,167,inferred
Powys,2020-12-07,167,inferred
Powys,2020-12-08,167,inferred
Powys,2020-12-09,292,inferred
Powys,2020-12-10,292,inferred
Powys,2020-12-11,292,inferred
Powys,2020-12-12,292,inferred
Powys,2020-12-13,292,inferred
Powys,2020-12-14,292,inferred
Powys,2020-12-15,292,inferred
Powys,2020-12-16,241,inferred
Powys,2020-12-17,241,inferred
Powys,2020-12-18,241,inferred
Powys,2020-12-19,241,inferred
Powys,2020-12-20,241,inferred
Powys,2020-12-21,241,inferred
Powys,2020-12-22,241,inferred
Powys,2020-12-23,216,inferred
Powys,2020-12-24,216,inferred
Powys,2020-12-25,216,inferred
Powys,2020-12-26,216,inferred
Powys,2020-12-27,216,inferred
Powys,2020-12-28,216,inferred
Powys,2020-12-29,216,inferred
Powys,2020-12-30,322,inferred
Powys,2020-12-31,322,inferred
Powys,2021-01-01,322,inferred
Powys,2021-01-02,322,inferred
Powys,2021-01-03,322,inferred
Powys,2021-01-04,322,inferred
Powys,2021-01-05,322,inferred
Powys,2021-01-06,332,projected
Powys,2021-01-07,332,projected
Powys,2021-01-08,332,projected
Powys,2021-01-09,332,projected
Powys,2021-01-10,332,projected
Powys,2021-01-11,332,projected
Powys,2021-01-12,332,projected
Powys,2021-01-13,362,projected
Powys,2021-01-14,362,projected
Powys,2021-01-15,362,projected
Powys,2021-01-16,362,projected
Powys,2021-01-17,362,projected
Powys,2021-01-18,362,projected
Powys,2021-01-19,362,projected
Powys,2021-01-20,411,projected
Powys,2021-01-21,411,projected
Powys,2021-01-22,411,projected
Powys,2021-01-23,411,projected
Powys,2021-01-24,411,projected
Powys,2021-01-25,411,projected
Powys,2021-01-26,411,projected
Preston,2020-09-23,365,inferred
Preston,2020-09-24,365,inferred
Preston,2020-09-25,365,inferred
Preston,2020-09-26,365,inferred
Preston,2020-09-27,365,inferred
Preston,2020-09-28,365,inferred
Preston,2020-09-29,365,inferred
Preston,2020-09-30,487,inferred
Preston,2020-10-01,487,inferred
Preston,2020-10-02,487,inferred
Preston,2020-10-03,487,inferred
Preston,2020-10-04,487,inferred
Preston,2020-10-05,487,inferred
Preston,2020-10-06,487,inferred
Preston,2020-10-07,556,inferred
Preston,2020-10-08,556,inferred
Preston,2020-10-09,556,inferred
Preston,2020-10-10,556,inferred
Preston,2020-10-11,556,inferred
Preston,2020-10-12,556,inferred
Preston,2020-10-13,556,inferred
Preston,2020-10-14,665,inferred
Preston,2020-10-15,665,inferred
Preston,2020-10-16,665,inferred
Preston,2020-10-17,665,inferred
Preston,2020-10-18,665,inferred
Preston,2020-10-19,665,inferred
Preston,2020-10-20,665,inferred
Preston,2020-10-21,689,inferred
Preston,2020-10-22,689,inferred
Preston,2020-10-23,689,inferred
Preston,2020-10-24,689,inferred
Preston,2020-10-25,689,inferred
Preston,2020-10-26,689,inferred
Preston,2020-10-27,689,inferred
Preston,2020-10-28,691,inferred
Preston,2020-10-29,691,inferred
Preston,2020-10-30,691,inferred
Preston,2020-10-31,691,inferred
Preston,2020-11-01,691,inferred
Preston,2020-11-02,691,inferred
Preston,2020-11-03,691,inferred
Preston,2020-11-04,704,inferred
Preston,2020-11-05,704,inferred
Preston,2020-11-06,704,inferred
Preston,2020-11-07,704,inferred
Preston,2020-11-08,704,inferred
Preston,2020-11-09,704,inferred
Preston,2020-11-10,704,inferred
Preston,2020-11-11,430,inferred
Preston,2020-11-12,430,inferred
Preston,2020-11-13,430,inferred
Preston,2020-11-14,430,inferred
Preston,2020-11-15,430,inferred
Preston,2020-11-16,430,inferred
Preston,2020-11-17,430,inferred
Preston,2020-11-18,344,inferred
Preston,2020-11-19,344,inferred
Preston,2020-11-20,344,inferred
Preston,2020-11-21,344,inferred
Preston,2020-11-22,344,inferred
Preston,2020-11-23,344,inferred
Preston,2020-11-24,344,inferred
Preston,2020-11-25,272,inferred
Preston,2020-11-26,272,inferred
Preston,2020-11-27,272,inferred
Preston,2020-11-28,272,inferred
Preston,2020-11-29,272,inferred
Preston,2020-11-30,272,inferred
Preston,2020-12-01,272,inferred
Preston,2020-12-02,298,inferred
Preston,2020-12-03,298,inferred
Preston,2020-12-04,298,inferred
Preston,2020-12-05,298,inferred
Preston,2020-12-06,298,inferred
Preston,2020-12-07,298,inferred
Preston,2020-12-08,298,inferred
Preston,2020-12-09,329,inferred
Preston,2020-12-10,329,inferred
Preston,2020-12-11,329,inferred
Preston,2020-12-12,329,inferred
Preston,2020-12-13,329,inferred
Preston,2020-12-14,329,inferred
Preston,2020-12-15,329,inferred
Preston,2020-12-16,372,inferred
Preston,2020-12-17,372,inferred
Preston,2020-12-18,372,inferred
Preston,2020-12-19,372,inferred
Preston,2020-12-20,372,inferred
Preston,2020-12-21,372,inferred
Preston,2020-12-22,372,inferred
Preston,2020-12-23,355,inferred
Preston,2020-12-24,355,inferred
Preston,2020-12-25,355,inferred
Preston,2020-12-26,355,inferred
Preston,2020-12-27,355,inferred
Preston,2020-12-28,355,inferred
Preston,2020-12-29,355,inferred
Preston,2020-12-30,583,inferred
Preston,2020-12-31,583,inferred
Preston,2021-01-01,583,inferred
Preston,2021-01-02,583,inferred
Preston,2021-01-03,583,inferred
Preston,2021-01-04,583,inferred
Preston,2021-01-05,583,inferred
Preston,2021-01-06,681,projected
Preston,2021-01-07,681,projected
Preston,2021-01-08,681,projected
Preston,2021-01-09,681,projected
Preston,2021-01-10,681,projected
Preston,2021-01-11,681,projected
Preston,2021-01-12,681,projected
Preston,2021-01-13,792,projected
Preston,2021-01-14,792,projected
Preston,2021-01-15,792,projected
Preston,2021-01-16,792,projected
Preston,2021-01-17,792,projected
Preston,2021-01-18,792,projected
Preston,2021-01-19,792,projected
Preston,2021-01-20,925,projected
Preston,2021-01-21,925,projected
Preston,2021-01-22,925,projected
Preston,2021-01-23,925,projected
Preston,2021-01-24,925,projected
Preston,2021-01-25,925,projected
Preston,2021-01-26,925,projected
Reading,2020-09-23, 44,inferred
Reading,2020-09-24, 44,inferred
Reading,2020-09-25, 44,inferred
Reading,2020-09-26, 44,inferred
Reading,2020-09-27, 44,inferred
Reading,2020-09-28, 44,inferred
Reading,2020-09-29, 44,inferred
Reading,2020-09-30, 86,inferred
Reading,2020-10-01, 86,inferred
Reading,2020-10-02, 86,inferred
Reading,2020-10-03, 86,inferred
Reading,2020-10-04, 86,inferred
Reading,2020-10-05, 86,inferred
Reading,2020-10-06, 86,inferred
Reading,2020-10-07,127,inferred
Reading,2020-10-08,127,inferred
Reading,2020-10-09,127,inferred
Reading,2020-10-10,127,inferred
Reading,2020-10-11,127,inferred
Reading,2020-10-12,127,inferred
Reading,2020-10-13,127,inferred
Reading,2020-10-14,185,inferred
Reading,2020-10-15,185,inferred
Reading,2020-10-16,185,inferred
Reading,2020-10-17,185,inferred
Reading,2020-10-18,185,inferred
Reading,2020-10-19,185,inferred
Reading,2020-10-20,185,inferred
Reading,2020-10-21,228,inferred
Reading,2020-10-22,228,inferred
Reading,2020-10-23,228,inferred
Reading,2020-10-24,228,inferred
Reading,2020-10-25,228,inferred
Reading,2020-10-26,228,inferred
Reading,2020-10-27,228,inferred
Reading,2020-10-28,269,inferred
Reading,2020-10-29,269,inferred
Reading,2020-10-30,269,inferred
Reading,2020-10-31,269,inferred
Reading,2020-11-01,269,inferred
Reading,2020-11-02,269,inferred
Reading,2020-11-03,269,inferred
Reading,2020-11-04,226,inferred
Reading,2020-11-05,226,inferred
Reading,2020-11-06,226,inferred
Reading,2020-11-07,226,inferred
Reading,2020-11-08,226,inferred
Reading,2020-11-09,226,inferred
Reading,2020-11-10,226,inferred
Reading,2020-11-11,263,inferred
Reading,2020-11-12,263,inferred
Reading,2020-11-13,263,inferred
Reading,2020-11-14,263,inferred
Reading,2020-11-15,263,inferred
Reading,2020-11-16,263,inferred
Reading,2020-11-17,263,inferred
Reading,2020-11-18,210,inferred
Reading,2020-11-19,210,inferred
Reading,2020-11-20,210,inferred
Reading,2020-11-21,210,inferred
Reading,2020-11-22,210,inferred
Reading,2020-11-23,210,inferred
Reading,2020-11-24,210,inferred
Reading,2020-11-25,235,inferred
Reading,2020-11-26,235,inferred
Reading,2020-11-27,235,inferred
Reading,2020-11-28,235,inferred
Reading,2020-11-29,235,inferred
Reading,2020-11-30,235,inferred
Reading,2020-12-01,235,inferred
Reading,2020-12-02,322,inferred
Reading,2020-12-03,322,inferred
Reading,2020-12-04,322,inferred
Reading,2020-12-05,322,inferred
Reading,2020-12-06,322,inferred
Reading,2020-12-07,322,inferred
Reading,2020-12-08,322,inferred
Reading,2020-12-09,551,inferred
Reading,2020-12-10,551,inferred
Reading,2020-12-11,551,inferred
Reading,2020-12-12,551,inferred
Reading,2020-12-13,551,inferred
Reading,2020-12-14,551,inferred
Reading,2020-12-15,551,inferred
Reading,2020-12-16,775,inferred
Reading,2020-12-17,775,inferred
Reading,2020-12-18,775,inferred
Reading,2020-12-19,775,inferred
Reading,2020-12-20,775,inferred
Reading,2020-12-21,775,inferred
Reading,2020-12-22,775,inferred
Reading,2020-12-23,814,inferred
Reading,2020-12-24,814,inferred
Reading,2020-12-25,814,inferred
Reading,2020-12-26,814,inferred
Reading,2020-12-27,814,inferred
Reading,2020-12-28,814,inferred
Reading,2020-12-29,814,inferred
Reading,2020-12-30,1174,inferred
Reading,2020-12-31,1174,inferred
Reading,2021-01-01,1174,inferred
Reading,2021-01-02,1174,inferred
Reading,2021-01-03,1174,inferred
Reading,2021-01-04,1174,inferred
Reading,2021-01-05,1174,inferred
Reading,2021-01-06,1100,projected
Reading,2021-01-07,1100,projected
Reading,2021-01-08,1100,projected
Reading,2021-01-09,1100,projected
Reading,2021-01-10,1100,projected
Reading,2021-01-11,1100,projected
Reading,2021-01-12,1100,projected
Reading,2021-01-13,1021,projected
Reading,2021-01-14,1021,projected
Reading,2021-01-15,1021,projected
Reading,2021-01-16,1021,projected
Reading,2021-01-17,1021,projected
Reading,2021-01-18,1021,projected
Reading,2021-01-19,1021,projected
Reading,2021-01-20,894,projected
Reading,2021-01-21,894,projected
Reading,2021-01-22,894,projected
Reading,2021-01-23,894,projected
Reading,2021-01-24,894,projected
Reading,2021-01-25,894,projected
Reading,2021-01-26,894,projected
Redbridge,2020-09-23,258,inferred
Redbridge,2020-09-24,258,inferred
Redbridge,2020-09-25,258,inferred
Redbridge,2020-09-26,258,inferred
Redbridge,2020-09-27,258,inferred
Redbridge,2020-09-28,258,inferred
Redbridge,2020-09-29,258,inferred
Redbridge,2020-09-30,363,inferred
Redbridge,2020-10-01,363,inferred
Redbridge,2020-10-02,363,inferred
Redbridge,2020-10-03,363,inferred
Redbridge,2020-10-04,363,inferred
Redbridge,2020-10-05,363,inferred
Redbridge,2020-10-06,363,inferred
Redbridge,2020-10-07,383,inferred
Redbridge,2020-10-08,383,inferred
Redbridge,2020-10-09,383,inferred
Redbridge,2020-10-10,383,inferred
Redbridge,2020-10-11,383,inferred
Redbridge,2020-10-12,383,inferred
Redbridge,2020-10-13,383,inferred
Redbridge,2020-10-14,478,inferred
Redbridge,2020-10-15,478,inferred
Redbridge,2020-10-16,478,inferred
Redbridge,2020-10-17,478,inferred
Redbridge,2020-10-18,478,inferred
Redbridge,2020-10-19,478,inferred
Redbridge,2020-10-20,478,inferred
Redbridge,2020-10-21,565,inferred
Redbridge,2020-10-22,565,inferred
Redbridge,2020-10-23,565,inferred
Redbridge,2020-10-24,565,inferred
Redbridge,2020-10-25,565,inferred
Redbridge,2020-10-26,565,inferred
Redbridge,2020-10-27,565,inferred
Redbridge,2020-10-28,687,inferred
Redbridge,2020-10-29,687,inferred
Redbridge,2020-10-30,687,inferred
Redbridge,2020-10-31,687,inferred
Redbridge,2020-11-01,687,inferred
Redbridge,2020-11-02,687,inferred
Redbridge,2020-11-03,687,inferred
Redbridge,2020-11-04,726,inferred
Redbridge,2020-11-05,726,inferred
Redbridge,2020-11-06,726,inferred
Redbridge,2020-11-07,726,inferred
Redbridge,2020-11-08,726,inferred
Redbridge,2020-11-09,726,inferred
Redbridge,2020-11-10,726,inferred
Redbridge,2020-11-11,892,inferred
Redbridge,2020-11-12,892,inferred
Redbridge,2020-11-13,892,inferred
Redbridge,2020-11-14,892,inferred
Redbridge,2020-11-15,892,inferred
Redbridge,2020-11-16,892,inferred
Redbridge,2020-11-17,892,inferred
Redbridge,2020-11-18,907,inferred
Redbridge,2020-11-19,907,inferred
Redbridge,2020-11-20,907,inferred
Redbridge,2020-11-21,907,inferred
Redbridge,2020-11-22,907,inferred
Redbridge,2020-11-23,907,inferred
Redbridge,2020-11-24,907,inferred
Redbridge,2020-11-25,924,inferred
Redbridge,2020-11-26,924,inferred
Redbridge,2020-11-27,924,inferred
Redbridge,2020-11-28,924,inferred
Redbridge,2020-11-29,924,inferred
Redbridge,2020-11-30,924,inferred
Redbridge,2020-12-01,924,inferred
Redbridge,2020-12-02,1111,inferred
Redbridge,2020-12-03,1111,inferred
Redbridge,2020-12-04,1111,inferred
Redbridge,2020-12-05,1111,inferred
Redbridge,2020-12-06,1111,inferred
Redbridge,2020-12-07,1111,inferred
Redbridge,2020-12-08,1111,inferred
Redbridge,2020-12-09,2431,inferred
Redbridge,2020-12-10,2431,inferred
Redbridge,2020-12-11,2431,inferred
Redbridge,2020-12-12,2431,inferred
Redbridge,2020-12-13,2431,inferred
Redbridge,2020-12-14,2431,inferred
Redbridge,2020-12-15,2431,inferred
Redbridge,2020-12-16,3633,inferred
Redbridge,2020-12-17,3633,inferred
Redbridge,2020-12-18,3633,inferred
Redbridge,2020-12-19,3633,inferred
Redbridge,2020-12-20,3633,inferred
Redbridge,2020-12-21,3633,inferred
Redbridge,2020-12-22,3633,inferred
Redbridge,2020-12-23,3961,inferred
Redbridge,2020-12-24,3961,inferred
Redbridge,2020-12-25,3961,inferred
Redbridge,2020-12-26,3961,inferred
Redbridge,2020-12-27,3961,inferred
Redbridge,2020-12-28,3961,inferred
Redbridge,2020-12-29,3961,inferred
Redbridge,2020-12-30,4484,inferred
Redbridge,2020-12-31,4484,inferred
Redbridge,2021-01-01,4484,inferred
Redbridge,2021-01-02,4484,inferred
Redbridge,2021-01-03,4484,inferred
Redbridge,2021-01-04,4484,inferred
Redbridge,2021-01-05,4484,inferred
Redbridge,2021-01-06,3424,projected
Redbridge,2021-01-07,3424,projected
Redbridge,2021-01-08,3424,projected
Redbridge,2021-01-09,3424,projected
Redbridge,2021-01-10,3424,projected
Redbridge,2021-01-11,3424,projected
Redbridge,2021-01-12,3424,projected
Redbridge,2021-01-13,2583,projected
Redbridge,2021-01-14,2583,projected
Redbridge,2021-01-15,2583,projected
Redbridge,2021-01-16,2583,projected
Redbridge,2021-01-17,2583,projected
Redbridge,2021-01-18,2583,projected
Redbridge,2021-01-19,2583,projected
Redbridge,2021-01-20,2065,projected
Redbridge,2021-01-21,2065,projected
Redbridge,2021-01-22,2065,projected
Redbridge,2021-01-23,2065,projected
Redbridge,2021-01-24,2065,projected
Redbridge,2021-01-25,2065,projected
Redbridge,2021-01-26,2065,projected
Redcar and Cleveland,2020-09-23,116,inferred
Redcar and Cleveland,2020-09-24,116,inferred
Redcar and Cleveland,2020-09-25,116,inferred
Redcar and Cleveland,2020-09-26,116,inferred
Redcar and Cleveland,2020-09-27,116,inferred
Redcar and Cleveland,2020-09-28,116,inferred
Redcar and Cleveland,2020-09-29,116,inferred
Redcar and Cleveland,2020-09-30,241,inferred
Redcar and Cleveland,2020-10-01,241,inferred
Redcar and Cleveland,2020-10-02,241,inferred
Redcar and Cleveland,2020-10-03,241,inferred
Redcar and Cleveland,2020-10-04,241,inferred
Redcar and Cleveland,2020-10-05,241,inferred
Redcar and Cleveland,2020-10-06,241,inferred
Redcar and Cleveland,2020-10-07,287,inferred
Redcar and Cleveland,2020-10-08,287,inferred
Redcar and Cleveland,2020-10-09,287,inferred
Redcar and Cleveland,2020-10-10,287,inferred
Redcar and Cleveland,2020-10-11,287,inferred
Redcar and Cleveland,2020-10-12,287,inferred
Redcar and Cleveland,2020-10-13,287,inferred
Redcar and Cleveland,2020-10-14,472,inferred
Redcar and Cleveland,2020-10-15,472,inferred
Redcar and Cleveland,2020-10-16,472,inferred
Redcar and Cleveland,2020-10-17,472,inferred
Redcar and Cleveland,2020-10-18,472,inferred
Redcar and Cleveland,2020-10-19,472,inferred
Redcar and Cleveland,2020-10-20,472,inferred
Redcar and Cleveland,2020-10-21,364,inferred
Redcar and Cleveland,2020-10-22,364,inferred
Redcar and Cleveland,2020-10-23,364,inferred
Redcar and Cleveland,2020-10-24,364,inferred
Redcar and Cleveland,2020-10-25,364,inferred
Redcar and Cleveland,2020-10-26,364,inferred
Redcar and Cleveland,2020-10-27,364,inferred
Redcar and Cleveland,2020-10-28,450,inferred
Redcar and Cleveland,2020-10-29,450,inferred
Redcar and Cleveland,2020-10-30,450,inferred
Redcar and Cleveland,2020-10-31,450,inferred
Redcar and Cleveland,2020-11-01,450,inferred
Redcar and Cleveland,2020-11-02,450,inferred
Redcar and Cleveland,2020-11-03,450,inferred
Redcar and Cleveland,2020-11-04,668,inferred
Redcar and Cleveland,2020-11-05,668,inferred
Redcar and Cleveland,2020-11-06,668,inferred
Redcar and Cleveland,2020-11-07,668,inferred
Redcar and Cleveland,2020-11-08,668,inferred
Redcar and Cleveland,2020-11-09,668,inferred
Redcar and Cleveland,2020-11-10,668,inferred
Redcar and Cleveland,2020-11-11,609,inferred
Redcar and Cleveland,2020-11-12,609,inferred
Redcar and Cleveland,2020-11-13,609,inferred
Redcar and Cleveland,2020-11-14,609,inferred
Redcar and Cleveland,2020-11-15,609,inferred
Redcar and Cleveland,2020-11-16,609,inferred
Redcar and Cleveland,2020-11-17,609,inferred
Redcar and Cleveland,2020-11-18,318,inferred
Redcar and Cleveland,2020-11-19,318,inferred
Redcar and Cleveland,2020-11-20,318,inferred
Redcar and Cleveland,2020-11-21,318,inferred
Redcar and Cleveland,2020-11-22,318,inferred
Redcar and Cleveland,2020-11-23,318,inferred
Redcar and Cleveland,2020-11-24,318,inferred
Redcar and Cleveland,2020-11-25,193,inferred
Redcar and Cleveland,2020-11-26,193,inferred
Redcar and Cleveland,2020-11-27,193,inferred
Redcar and Cleveland,2020-11-28,193,inferred
Redcar and Cleveland,2020-11-29,193,inferred
Redcar and Cleveland,2020-11-30,193,inferred
Redcar and Cleveland,2020-12-01,193,inferred
Redcar and Cleveland,2020-12-02,197,inferred
Redcar and Cleveland,2020-12-03,197,inferred
Redcar and Cleveland,2020-12-04,197,inferred
Redcar and Cleveland,2020-12-05,197,inferred
Redcar and Cleveland,2020-12-06,197,inferred
Redcar and Cleveland,2020-12-07,197,inferred
Redcar and Cleveland,2020-12-08,197,inferred
Redcar and Cleveland,2020-12-09,193,inferred
Redcar and Cleveland,2020-12-10,193,inferred
Redcar and Cleveland,2020-12-11,193,inferred
Redcar and Cleveland,2020-12-12,193,inferred
Redcar and Cleveland,2020-12-13,193,inferred
Redcar and Cleveland,2020-12-14,193,inferred
Redcar and Cleveland,2020-12-15,193,inferred
Redcar and Cleveland,2020-12-16,174,inferred
Redcar and Cleveland,2020-12-17,174,inferred
Redcar and Cleveland,2020-12-18,174,inferred
Redcar and Cleveland,2020-12-19,174,inferred
Redcar and Cleveland,2020-12-20,174,inferred
Redcar and Cleveland,2020-12-21,174,inferred
Redcar and Cleveland,2020-12-22,174,inferred
Redcar and Cleveland,2020-12-23,303,inferred
Redcar and Cleveland,2020-12-24,303,inferred
Redcar and Cleveland,2020-12-25,303,inferred
Redcar and Cleveland,2020-12-26,303,inferred
Redcar and Cleveland,2020-12-27,303,inferred
Redcar and Cleveland,2020-12-28,303,inferred
Redcar and Cleveland,2020-12-29,303,inferred
Redcar and Cleveland,2020-12-30,579,inferred
Redcar and Cleveland,2020-12-31,579,inferred
Redcar and Cleveland,2021-01-01,579,inferred
Redcar and Cleveland,2021-01-02,579,inferred
Redcar and Cleveland,2021-01-03,579,inferred
Redcar and Cleveland,2021-01-04,579,inferred
Redcar and Cleveland,2021-01-05,579,inferred
Redcar and Cleveland,2021-01-06,665,projected
Redcar and Cleveland,2021-01-07,665,projected
Redcar and Cleveland,2021-01-08,665,projected
Redcar and Cleveland,2021-01-09,665,projected
Redcar and Cleveland,2021-01-10,665,projected
Redcar and Cleveland,2021-01-11,665,projected
Redcar and Cleveland,2021-01-12,665,projected
Redcar and Cleveland,2021-01-13,767,projected
Redcar and Cleveland,2021-01-14,767,projected
Redcar and Cleveland,2021-01-15,767,projected
Redcar and Cleveland,2021-01-16,767,projected
Redcar and Cleveland,2021-01-17,767,projected
Redcar and Cleveland,2021-01-18,767,projected
Redcar and Cleveland,2021-01-19,767,projected
Redcar and Cleveland,2021-01-20,880,projected
Redcar and Cleveland,2021-01-21,880,projected
Redcar and Cleveland,2021-01-22,880,projected
Redcar and Cleveland,2021-01-23,880,projected
Redcar and Cleveland,2021-01-24,880,projected
Redcar and Cleveland,2021-01-25,880,projected
Redcar and Cleveland,2021-01-26,880,projected
Redditch,2020-09-23, 38,inferred
Redditch,2020-09-24, 38,inferred
Redditch,2020-09-25, 38,inferred
Redditch,2020-09-26, 38,inferred
Redditch,2020-09-27, 38,inferred
Redditch,2020-09-28, 38,inferred
Redditch,2020-09-29, 38,inferred
Redditch,2020-09-30, 53,inferred
Redditch,2020-10-01, 53,inferred
Redditch,2020-10-02, 53,inferred
Redditch,2020-10-03, 53,inferred
Redditch,2020-10-04, 53,inferred
Redditch,2020-10-05, 53,inferred
Redditch,2020-10-06, 53,inferred
Redditch,2020-10-07, 85,inferred
Redditch,2020-10-08, 85,inferred
Redditch,2020-10-09, 85,inferred
Redditch,2020-10-10, 85,inferred
Redditch,2020-10-11, 85,inferred
Redditch,2020-10-12, 85,inferred
Redditch,2020-10-13, 85,inferred
Redditch,2020-10-14,108,inferred
Redditch,2020-10-15,108,inferred
Redditch,2020-10-16,108,inferred
Redditch,2020-10-17,108,inferred
Redditch,2020-10-18,108,inferred
Redditch,2020-10-19,108,inferred
Redditch,2020-10-20,108,inferred
Redditch,2020-10-21,162,inferred
Redditch,2020-10-22,162,inferred
Redditch,2020-10-23,162,inferred
Redditch,2020-10-24,162,inferred
Redditch,2020-10-25,162,inferred
Redditch,2020-10-26,162,inferred
Redditch,2020-10-27,162,inferred
Redditch,2020-10-28,242,inferred
Redditch,2020-10-29,242,inferred
Redditch,2020-10-30,242,inferred
Redditch,2020-10-31,242,inferred
Redditch,2020-11-01,242,inferred
Redditch,2020-11-02,242,inferred
Redditch,2020-11-03,242,inferred
Redditch,2020-11-04,285,inferred
Redditch,2020-11-05,285,inferred
Redditch,2020-11-06,285,inferred
Redditch,2020-11-07,285,inferred
Redditch,2020-11-08,285,inferred
Redditch,2020-11-09,285,inferred
Redditch,2020-11-10,285,inferred
Redditch,2020-11-11,270,inferred
Redditch,2020-11-12,270,inferred
Redditch,2020-11-13,270,inferred
Redditch,2020-11-14,270,inferred
Redditch,2020-11-15,270,inferred
Redditch,2020-11-16,270,inferred
Redditch,2020-11-17,270,inferred
Redditch,2020-11-18,170,inferred
Redditch,2020-11-19,170,inferred
Redditch,2020-11-20,170,inferred
Redditch,2020-11-21,170,inferred
Redditch,2020-11-22,170,inferred
Redditch,2020-11-23,170,inferred
Redditch,2020-11-24,170,inferred
Redditch,2020-11-25,145,inferred
Redditch,2020-11-26,145,inferred
Redditch,2020-11-27,145,inferred
Redditch,2020-11-28,145,inferred
Redditch,2020-11-29,145,inferred
Redditch,2020-11-30,145,inferred
Redditch,2020-12-01,145,inferred
Redditch,2020-12-02, 99,inferred
Redditch,2020-12-03, 99,inferred
Redditch,2020-12-04, 99,inferred
Redditch,2020-12-05, 99,inferred
Redditch,2020-12-06, 99,inferred
Redditch,2020-12-07, 99,inferred
Redditch,2020-12-08, 99,inferred
Redditch,2020-12-09,136,inferred
Redditch,2020-12-10,136,inferred
Redditch,2020-12-11,136,inferred
Redditch,2020-12-12,136,inferred
Redditch,2020-12-13,136,inferred
Redditch,2020-12-14,136,inferred
Redditch,2020-12-15,136,inferred
Redditch,2020-12-16,200,inferred
Redditch,2020-12-17,200,inferred
Redditch,2020-12-18,200,inferred
Redditch,2020-12-19,200,inferred
Redditch,2020-12-20,200,inferred
Redditch,2020-12-21,200,inferred
Redditch,2020-12-22,200,inferred
Redditch,2020-12-23,277,inferred
Redditch,2020-12-24,277,inferred
Redditch,2020-12-25,277,inferred
Redditch,2020-12-26,277,inferred
Redditch,2020-12-27,277,inferred
Redditch,2020-12-28,277,inferred
Redditch,2020-12-29,277,inferred
Redditch,2020-12-30,503,inferred
Redditch,2020-12-31,503,inferred
Redditch,2021-01-01,503,inferred
Redditch,2021-01-02,503,inferred
Redditch,2021-01-03,503,inferred
Redditch,2021-01-04,503,inferred
Redditch,2021-01-05,503,inferred
Redditch,2021-01-06,562,projected
Redditch,2021-01-07,562,projected
Redditch,2021-01-08,562,projected
Redditch,2021-01-09,562,projected
Redditch,2021-01-10,562,projected
Redditch,2021-01-11,562,projected
Redditch,2021-01-12,562,projected
Redditch,2021-01-13,586,projected
Redditch,2021-01-14,586,projected
Redditch,2021-01-15,586,projected
Redditch,2021-01-16,586,projected
Redditch,2021-01-17,586,projected
Redditch,2021-01-18,586,projected
Redditch,2021-01-19,586,projected
Redditch,2021-01-20,640,projected
Redditch,2021-01-21,640,projected
Redditch,2021-01-22,640,projected
Redditch,2021-01-23,640,projected
Redditch,2021-01-24,640,projected
Redditch,2021-01-25,640,projected
Redditch,2021-01-26,640,projected
Reigate and Banstead,2020-09-23, 24,inferred
Reigate and Banstead,2020-09-24, 24,inferred
Reigate and Banstead,2020-09-25, 24,inferred
Reigate and Banstead,2020-09-26, 24,inferred
Reigate and Banstead,2020-09-27, 24,inferred
Reigate and Banstead,2020-09-28, 24,inferred
Reigate and Banstead,2020-09-29, 24,inferred
Reigate and Banstead,2020-09-30, 53,inferred
Reigate and Banstead,2020-10-01, 53,inferred
Reigate and Banstead,2020-10-02, 53,inferred
Reigate and Banstead,2020-10-03, 53,inferred
Reigate and Banstead,2020-10-04, 53,inferred
Reigate and Banstead,2020-10-05, 53,inferred
Reigate and Banstead,2020-10-06, 53,inferred
Reigate and Banstead,2020-10-07, 99,inferred
Reigate and Banstead,2020-10-08, 99,inferred
Reigate and Banstead,2020-10-09, 99,inferred
Reigate and Banstead,2020-10-10, 99,inferred
Reigate and Banstead,2020-10-11, 99,inferred
Reigate and Banstead,2020-10-12, 99,inferred
Reigate and Banstead,2020-10-13, 99,inferred
Reigate and Banstead,2020-10-14,117,inferred
Reigate and Banstead,2020-10-15,117,inferred
Reigate and Banstead,2020-10-16,117,inferred
Reigate and Banstead,2020-10-17,117,inferred
Reigate and Banstead,2020-10-18,117,inferred
Reigate and Banstead,2020-10-19,117,inferred
Reigate and Banstead,2020-10-20,117,inferred
Reigate and Banstead,2020-10-21,130,inferred
Reigate and Banstead,2020-10-22,130,inferred
Reigate and Banstead,2020-10-23,130,inferred
Reigate and Banstead,2020-10-24,130,inferred
Reigate and Banstead,2020-10-25,130,inferred
Reigate and Banstead,2020-10-26,130,inferred
Reigate and Banstead,2020-10-27,130,inferred
Reigate and Banstead,2020-10-28,149,inferred
Reigate and Banstead,2020-10-29,149,inferred
Reigate and Banstead,2020-10-30,149,inferred
Reigate and Banstead,2020-10-31,149,inferred
Reigate and Banstead,2020-11-01,149,inferred
Reigate and Banstead,2020-11-02,149,inferred
Reigate and Banstead,2020-11-03,149,inferred
Reigate and Banstead,2020-11-04,248,inferred
Reigate and Banstead,2020-11-05,248,inferred
Reigate and Banstead,2020-11-06,248,inferred
Reigate and Banstead,2020-11-07,248,inferred
Reigate and Banstead,2020-11-08,248,inferred
Reigate and Banstead,2020-11-09,248,inferred
Reigate and Banstead,2020-11-10,248,inferred
Reigate and Banstead,2020-11-11,170,inferred
Reigate and Banstead,2020-11-12,170,inferred
Reigate and Banstead,2020-11-13,170,inferred
Reigate and Banstead,2020-11-14,170,inferred
Reigate and Banstead,2020-11-15,170,inferred
Reigate and Banstead,2020-11-16,170,inferred
Reigate and Banstead,2020-11-17,170,inferred
Reigate and Banstead,2020-11-18,139,inferred
Reigate and Banstead,2020-11-19,139,inferred
Reigate and Banstead,2020-11-20,139,inferred
Reigate and Banstead,2020-11-21,139,inferred
Reigate and Banstead,2020-11-22,139,inferred
Reigate and Banstead,2020-11-23,139,inferred
Reigate and Banstead,2020-11-24,139,inferred
Reigate and Banstead,2020-11-25,146,inferred
Reigate and Banstead,2020-11-26,146,inferred
Reigate and Banstead,2020-11-27,146,inferred
Reigate and Banstead,2020-11-28,146,inferred
Reigate and Banstead,2020-11-29,146,inferred
Reigate and Banstead,2020-11-30,146,inferred
Reigate and Banstead,2020-12-01,146,inferred
Reigate and Banstead,2020-12-02,169,inferred
Reigate and Banstead,2020-12-03,169,inferred
Reigate and Banstead,2020-12-04,169,inferred
Reigate and Banstead,2020-12-05,169,inferred
Reigate and Banstead,2020-12-06,169,inferred
Reigate and Banstead,2020-12-07,169,inferred
Reigate and Banstead,2020-12-08,169,inferred
Reigate and Banstead,2020-12-09,428,inferred
Reigate and Banstead,2020-12-10,428,inferred
Reigate and Banstead,2020-12-11,428,inferred
Reigate and Banstead,2020-12-12,428,inferred
Reigate and Banstead,2020-12-13,428,inferred
Reigate and Banstead,2020-12-14,428,inferred
Reigate and Banstead,2020-12-15,428,inferred
Reigate and Banstead,2020-12-16,782,inferred
Reigate and Banstead,2020-12-17,782,inferred
Reigate and Banstead,2020-12-18,782,inferred
Reigate and Banstead,2020-12-19,782,inferred
Reigate and Banstead,2020-12-20,782,inferred
Reigate and Banstead,2020-12-21,782,inferred
Reigate and Banstead,2020-12-22,782,inferred
Reigate and Banstead,2020-12-23,1005,inferred
Reigate and Banstead,2020-12-24,1005,inferred
Reigate and Banstead,2020-12-25,1005,inferred
Reigate and Banstead,2020-12-26,1005,inferred
Reigate and Banstead,2020-12-27,1005,inferred
Reigate and Banstead,2020-12-28,1005,inferred
Reigate and Banstead,2020-12-29,1005,inferred
Reigate and Banstead,2020-12-30,1216,inferred
Reigate and Banstead,2020-12-31,1216,inferred
Reigate and Banstead,2021-01-01,1216,inferred
Reigate and Banstead,2021-01-02,1216,inferred
Reigate and Banstead,2021-01-03,1216,inferred
Reigate and Banstead,2021-01-04,1216,inferred
Reigate and Banstead,2021-01-05,1216,inferred
Reigate and Banstead,2021-01-06,873,projected
Reigate and Banstead,2021-01-07,873,projected
Reigate and Banstead,2021-01-08,873,projected
Reigate and Banstead,2021-01-09,873,projected
Reigate and Banstead,2021-01-10,873,projected
Reigate and Banstead,2021-01-11,873,projected
Reigate and Banstead,2021-01-12,873,projected
Reigate and Banstead,2021-01-13,584,projected
Reigate and Banstead,2021-01-14,584,projected
Reigate and Banstead,2021-01-15,584,projected
Reigate and Banstead,2021-01-16,584,projected
Reigate and Banstead,2021-01-17,584,projected
Reigate and Banstead,2021-01-18,584,projected
Reigate and Banstead,2021-01-19,584,projected
Reigate and Banstead,2021-01-20,434,projected
Reigate and Banstead,2021-01-21,434,projected
Reigate and Banstead,2021-01-22,434,projected
Reigate and Banstead,2021-01-23,434,projected
Reigate and Banstead,2021-01-24,434,projected
Reigate and Banstead,2021-01-25,434,projected
Reigate and Banstead,2021-01-26,434,projected
Renfrewshire,2020-09-23,1515,inferred
Renfrewshire,2020-09-24,1515,inferred
Renfrewshire,2020-09-25,1515,inferred
Renfrewshire,2020-09-26,1515,inferred
Renfrewshire,2020-09-27,1515,inferred
Renfrewshire,2020-09-28,1515,inferred
Renfrewshire,2020-09-29,1515,inferred
Renfrewshire,2020-09-30,1910,inferred
Renfrewshire,2020-10-01,1910,inferred
Renfrewshire,2020-10-02,1910,inferred
Renfrewshire,2020-10-03,1910,inferred
Renfrewshire,2020-10-04,1910,inferred
Renfrewshire,2020-10-05,1910,inferred
Renfrewshire,2020-10-06,1910,inferred
Renfrewshire,2020-10-07,2686,inferred
Renfrewshire,2020-10-08,2686,inferred
Renfrewshire,2020-10-09,2686,inferred
Renfrewshire,2020-10-10,2686,inferred
Renfrewshire,2020-10-11,2686,inferred
Renfrewshire,2020-10-12,2686,inferred
Renfrewshire,2020-10-13,2686,inferred
Renfrewshire,2020-10-14,2803,inferred
Renfrewshire,2020-10-15,2803,inferred
Renfrewshire,2020-10-16,2803,inferred
Renfrewshire,2020-10-17,2803,inferred
Renfrewshire,2020-10-18,2803,inferred
Renfrewshire,2020-10-19,2803,inferred
Renfrewshire,2020-10-20,2803,inferred
Renfrewshire,2020-10-21,3525,inferred
Renfrewshire,2020-10-22,3525,inferred
Renfrewshire,2020-10-23,3525,inferred
Renfrewshire,2020-10-24,3525,inferred
Renfrewshire,2020-10-25,3525,inferred
Renfrewshire,2020-10-26,3525,inferred
Renfrewshire,2020-10-27,3525,inferred
Renfrewshire,2020-10-28,2943,inferred
Renfrewshire,2020-10-29,2943,inferred
Renfrewshire,2020-10-30,2943,inferred
Renfrewshire,2020-10-31,2943,inferred
Renfrewshire,2020-11-01,2943,inferred
Renfrewshire,2020-11-02,2943,inferred
Renfrewshire,2020-11-03,2943,inferred
Renfrewshire,2020-11-04,3217,inferred
Renfrewshire,2020-11-05,3217,inferred
Renfrewshire,2020-11-06,3217,inferred
Renfrewshire,2020-11-07,3217,inferred
Renfrewshire,2020-11-08,3217,inferred
Renfrewshire,2020-11-09,3217,inferred
Renfrewshire,2020-11-10,3217,inferred
Renfrewshire,2020-11-11,2913,inferred
Renfrewshire,2020-11-12,2913,inferred
Renfrewshire,2020-11-13,2913,inferred
Renfrewshire,2020-11-14,2913,inferred
Renfrewshire,2020-11-15,2913,inferred
Renfrewshire,2020-11-16,2913,inferred
Renfrewshire,2020-11-17,2913,inferred
Renfrewshire,2020-11-18,2320,inferred
Renfrewshire,2020-11-19,2320,inferred
Renfrewshire,2020-11-20,2320,inferred
Renfrewshire,2020-11-21,2320,inferred
Renfrewshire,2020-11-22,2320,inferred
Renfrewshire,2020-11-23,2320,inferred
Renfrewshire,2020-11-24,2320,inferred
Renfrewshire,2020-11-25,1777,inferred
Renfrewshire,2020-11-26,1777,inferred
Renfrewshire,2020-11-27,1777,inferred
Renfrewshire,2020-11-28,1777,inferred
Renfrewshire,2020-11-29,1777,inferred
Renfrewshire,2020-11-30,1777,inferred
Renfrewshire,2020-12-01,1777,inferred
Renfrewshire,2020-12-02,1625,inferred
Renfrewshire,2020-12-03,1625,inferred
Renfrewshire,2020-12-04,1625,inferred
Renfrewshire,2020-12-05,1625,inferred
Renfrewshire,2020-12-06,1625,inferred
Renfrewshire,2020-12-07,1625,inferred
Renfrewshire,2020-12-08,1625,inferred
Renfrewshire,2020-12-09,1578,inferred
Renfrewshire,2020-12-10,1578,inferred
Renfrewshire,2020-12-11,1578,inferred
Renfrewshire,2020-12-12,1578,inferred
Renfrewshire,2020-12-13,1578,inferred
Renfrewshire,2020-12-14,1578,inferred
Renfrewshire,2020-12-15,1578,inferred
Renfrewshire,2020-12-16,1683,inferred
Renfrewshire,2020-12-17,1683,inferred
Renfrewshire,2020-12-18,1683,inferred
Renfrewshire,2020-12-19,1683,inferred
Renfrewshire,2020-12-20,1683,inferred
Renfrewshire,2020-12-21,1683,inferred
Renfrewshire,2020-12-22,1683,inferred
Renfrewshire,2020-12-23,2218,inferred
Renfrewshire,2020-12-24,2218,inferred
Renfrewshire,2020-12-25,2218,inferred
Renfrewshire,2020-12-26,2218,inferred
Renfrewshire,2020-12-27,2218,inferred
Renfrewshire,2020-12-28,2218,inferred
Renfrewshire,2020-12-29,2218,inferred
Renfrewshire,2020-12-30,4334,inferred
Renfrewshire,2020-12-31,4334,inferred
Renfrewshire,2021-01-01,4334,inferred
Renfrewshire,2021-01-02,4334,inferred
Renfrewshire,2021-01-03,4334,inferred
Renfrewshire,2021-01-04,4334,inferred
Renfrewshire,2021-01-05,4334,inferred
Renfrewshire,2021-01-06,6602,projected
Renfrewshire,2021-01-07,6602,projected
Renfrewshire,2021-01-08,6602,projected
Renfrewshire,2021-01-09,6602,projected
Renfrewshire,2021-01-10,6602,projected
Renfrewshire,2021-01-11,6602,projected
Renfrewshire,2021-01-12,6602,projected
Renfrewshire,2021-01-13,9729,projected
Renfrewshire,2021-01-14,9729,projected
Renfrewshire,2021-01-15,9729,projected
Renfrewshire,2021-01-16,9729,projected
Renfrewshire,2021-01-17,9729,projected
Renfrewshire,2021-01-18,9729,projected
Renfrewshire,2021-01-19,9729,projected
Renfrewshire,2021-01-20,14285,projected
Renfrewshire,2021-01-21,14285,projected
Renfrewshire,2021-01-22,14285,projected
Renfrewshire,2021-01-23,14285,projected
Renfrewshire,2021-01-24,14285,projected
Renfrewshire,2021-01-25,14285,projected
Renfrewshire,2021-01-26,14285,projected
Rhondda Cynon Taf,2020-09-23,463,inferred
Rhondda Cynon Taf,2020-09-24,463,inferred
Rhondda Cynon Taf,2020-09-25,463,inferred
Rhondda Cynon Taf,2020-09-26,463,inferred
Rhondda Cynon Taf,2020-09-27,463,inferred
Rhondda Cynon Taf,2020-09-28,463,inferred
Rhondda Cynon Taf,2020-09-29,463,inferred
Rhondda Cynon Taf,2020-09-30,509,inferred
Rhondda Cynon Taf,2020-10-01,509,inferred
Rhondda Cynon Taf,2020-10-02,509,inferred
Rhondda Cynon Taf,2020-10-03,509,inferred
Rhondda Cynon Taf,2020-10-04,509,inferred
Rhondda Cynon Taf,2020-10-05,509,inferred
Rhondda Cynon Taf,2020-10-06,509,inferred
Rhondda Cynon Taf,2020-10-07,555,inferred
Rhondda Cynon Taf,2020-10-08,555,inferred
Rhondda Cynon Taf,2020-10-09,555,inferred
Rhondda Cynon Taf,2020-10-10,555,inferred
Rhondda Cynon Taf,2020-10-11,555,inferred
Rhondda Cynon Taf,2020-10-12,555,inferred
Rhondda Cynon Taf,2020-10-13,555,inferred
Rhondda Cynon Taf,2020-10-14,789,inferred
Rhondda Cynon Taf,2020-10-15,789,inferred
Rhondda Cynon Taf,2020-10-16,789,inferred
Rhondda Cynon Taf,2020-10-17,789,inferred
Rhondda Cynon Taf,2020-10-18,789,inferred
Rhondda Cynon Taf,2020-10-19,789,inferred
Rhondda Cynon Taf,2020-10-20,789,inferred
Rhondda Cynon Taf,2020-10-21,1265,inferred
Rhondda Cynon Taf,2020-10-22,1265,inferred
Rhondda Cynon Taf,2020-10-23,1265,inferred
Rhondda Cynon Taf,2020-10-24,1265,inferred
Rhondda Cynon Taf,2020-10-25,1265,inferred
Rhondda Cynon Taf,2020-10-26,1265,inferred
Rhondda Cynon Taf,2020-10-27,1265,inferred
Rhondda Cynon Taf,2020-10-28,1359,inferred
Rhondda Cynon Taf,2020-10-29,1359,inferred
Rhondda Cynon Taf,2020-10-30,1359,inferred
Rhondda Cynon Taf,2020-10-31,1359,inferred
Rhondda Cynon Taf,2020-11-01,1359,inferred
Rhondda Cynon Taf,2020-11-02,1359,inferred
Rhondda Cynon Taf,2020-11-03,1359,inferred
Rhondda Cynon Taf,2020-11-04,800,inferred
Rhondda Cynon Taf,2020-11-05,800,inferred
Rhondda Cynon Taf,2020-11-06,800,inferred
Rhondda Cynon Taf,2020-11-07,800,inferred
Rhondda Cynon Taf,2020-11-08,800,inferred
Rhondda Cynon Taf,2020-11-09,800,inferred
Rhondda Cynon Taf,2020-11-10,800,inferred
Rhondda Cynon Taf,2020-11-11,634,inferred
Rhondda Cynon Taf,2020-11-12,634,inferred
Rhondda Cynon Taf,2020-11-13,634,inferred
Rhondda Cynon Taf,2020-11-14,634,inferred
Rhondda Cynon Taf,2020-11-15,634,inferred
Rhondda Cynon Taf,2020-11-16,634,inferred
Rhondda Cynon Taf,2020-11-17,634,inferred
Rhondda Cynon Taf,2020-11-18,615,inferred
Rhondda Cynon Taf,2020-11-19,615,inferred
Rhondda Cynon Taf,2020-11-20,615,inferred
Rhondda Cynon Taf,2020-11-21,615,inferred
Rhondda Cynon Taf,2020-11-22,615,inferred
Rhondda Cynon Taf,2020-11-23,615,inferred
Rhondda Cynon Taf,2020-11-24,615,inferred
Rhondda Cynon Taf,2020-11-25,911,inferred
Rhondda Cynon Taf,2020-11-26,911,inferred
Rhondda Cynon Taf,2020-11-27,911,inferred
Rhondda Cynon Taf,2020-11-28,911,inferred
Rhondda Cynon Taf,2020-11-29,911,inferred
Rhondda Cynon Taf,2020-11-30,911,inferred
Rhondda Cynon Taf,2020-12-01,911,inferred
Rhondda Cynon Taf,2020-12-02,1415,inferred
Rhondda Cynon Taf,2020-12-03,1415,inferred
Rhondda Cynon Taf,2020-12-04,1415,inferred
Rhondda Cynon Taf,2020-12-05,1415,inferred
Rhondda Cynon Taf,2020-12-06,1415,inferred
Rhondda Cynon Taf,2020-12-07,1415,inferred
Rhondda Cynon Taf,2020-12-08,1415,inferred
Rhondda Cynon Taf,2020-12-09,2080,inferred
Rhondda Cynon Taf,2020-12-10,2080,inferred
Rhondda Cynon Taf,2020-12-11,2080,inferred
Rhondda Cynon Taf,2020-12-12,2080,inferred
Rhondda Cynon Taf,2020-12-13,2080,inferred
Rhondda Cynon Taf,2020-12-14,2080,inferred
Rhondda Cynon Taf,2020-12-15,2080,inferred
Rhondda Cynon Taf,2020-12-16,1799,inferred
Rhondda Cynon Taf,2020-12-17,1799,inferred
Rhondda Cynon Taf,2020-12-18,1799,inferred
Rhondda Cynon Taf,2020-12-19,1799,inferred
Rhondda Cynon Taf,2020-12-20,1799,inferred
Rhondda Cynon Taf,2020-12-21,1799,inferred
Rhondda Cynon Taf,2020-12-22,1799,inferred
Rhondda Cynon Taf,2020-12-23,1330,inferred
Rhondda Cynon Taf,2020-12-24,1330,inferred
Rhondda Cynon Taf,2020-12-25,1330,inferred
Rhondda Cynon Taf,2020-12-26,1330,inferred
Rhondda Cynon Taf,2020-12-27,1330,inferred
Rhondda Cynon Taf,2020-12-28,1330,inferred
Rhondda Cynon Taf,2020-12-29,1330,inferred
Rhondda Cynon Taf,2020-12-30,1187,inferred
Rhondda Cynon Taf,2020-12-31,1187,inferred
Rhondda Cynon Taf,2021-01-01,1187,inferred
Rhondda Cynon Taf,2021-01-02,1187,inferred
Rhondda Cynon Taf,2021-01-03,1187,inferred
Rhondda Cynon Taf,2021-01-04,1187,inferred
Rhondda Cynon Taf,2021-01-05,1187,inferred
Rhondda Cynon Taf,2021-01-06,1075,projected
Rhondda Cynon Taf,2021-01-07,1075,projected
Rhondda Cynon Taf,2021-01-08,1075,projected
Rhondda Cynon Taf,2021-01-09,1075,projected
Rhondda Cynon Taf,2021-01-10,1075,projected
Rhondda Cynon Taf,2021-01-11,1075,projected
Rhondda Cynon Taf,2021-01-12,1075,projected
Rhondda Cynon Taf,2021-01-13,980,projected
Rhondda Cynon Taf,2021-01-14,980,projected
Rhondda Cynon Taf,2021-01-15,980,projected
Rhondda Cynon Taf,2021-01-16,980,projected
Rhondda Cynon Taf,2021-01-17,980,projected
Rhondda Cynon Taf,2021-01-18,980,projected
Rhondda Cynon Taf,2021-01-19,980,projected
Rhondda Cynon Taf,2021-01-20,928,projected
Rhondda Cynon Taf,2021-01-21,928,projected
Rhondda Cynon Taf,2021-01-22,928,projected
Rhondda Cynon Taf,2021-01-23,928,projected
Rhondda Cynon Taf,2021-01-24,928,projected
Rhondda Cynon Taf,2021-01-25,928,projected
Rhondda Cynon Taf,2021-01-26,928,projected
Ribble Valley,2020-09-23, 86,inferred
Ribble Valley,2020-09-24, 86,inferred
Ribble Valley,2020-09-25, 86,inferred
Ribble Valley,2020-09-26, 86,inferred
Ribble Valley,2020-09-27, 86,inferred
Ribble Valley,2020-09-28, 86,inferred
Ribble Valley,2020-09-29, 86,inferred
Ribble Valley,2020-09-30,129,inferred
Ribble Valley,2020-10-01,129,inferred
Ribble Valley,2020-10-02,129,inferred
Ribble Valley,2020-10-03,129,inferred
Ribble Valley,2020-10-04,129,inferred
Ribble Valley,2020-10-05,129,inferred
Ribble Valley,2020-10-06,129,inferred
Ribble Valley,2020-10-07,179,inferred
Ribble Valley,2020-10-08,179,inferred
Ribble Valley,2020-10-09,179,inferred
Ribble Valley,2020-10-10,179,inferred
Ribble Valley,2020-10-11,179,inferred
Ribble Valley,2020-10-12,179,inferred
Ribble Valley,2020-10-13,179,inferred
Ribble Valley,2020-10-14,281,inferred
Ribble Valley,2020-10-15,281,inferred
Ribble Valley,2020-10-16,281,inferred
Ribble Valley,2020-10-17,281,inferred
Ribble Valley,2020-10-18,281,inferred
Ribble Valley,2020-10-19,281,inferred
Ribble Valley,2020-10-20,281,inferred
Ribble Valley,2020-10-21,267,inferred
Ribble Valley,2020-10-22,267,inferred
Ribble Valley,2020-10-23,267,inferred
Ribble Valley,2020-10-24,267,inferred
Ribble Valley,2020-10-25,267,inferred
Ribble Valley,2020-10-26,267,inferred
Ribble Valley,2020-10-27,267,inferred
Ribble Valley,2020-10-28,227,inferred
Ribble Valley,2020-10-29,227,inferred
Ribble Valley,2020-10-30,227,inferred
Ribble Valley,2020-10-31,227,inferred
Ribble Valley,2020-11-01,227,inferred
Ribble Valley,2020-11-02,227,inferred
Ribble Valley,2020-11-03,227,inferred
Ribble Valley,2020-11-04,217,inferred
Ribble Valley,2020-11-05,217,inferred
Ribble Valley,2020-11-06,217,inferred
Ribble Valley,2020-11-07,217,inferred
Ribble Valley,2020-11-08,217,inferred
Ribble Valley,2020-11-09,217,inferred
Ribble Valley,2020-11-10,217,inferred
Ribble Valley,2020-11-11,155,inferred
Ribble Valley,2020-11-12,155,inferred
Ribble Valley,2020-11-13,155,inferred
Ribble Valley,2020-11-14,155,inferred
Ribble Valley,2020-11-15,155,inferred
Ribble Valley,2020-11-16,155,inferred
Ribble Valley,2020-11-17,155,inferred
Ribble Valley,2020-11-18,117,inferred
Ribble Valley,2020-11-19,117,inferred
Ribble Valley,2020-11-20,117,inferred
Ribble Valley,2020-11-21,117,inferred
Ribble Valley,2020-11-22,117,inferred
Ribble Valley,2020-11-23,117,inferred
Ribble Valley,2020-11-24,117,inferred
Ribble Valley,2020-11-25, 84,inferred
Ribble Valley,2020-11-26, 84,inferred
Ribble Valley,2020-11-27, 84,inferred
Ribble Valley,2020-11-28, 84,inferred
Ribble Valley,2020-11-29, 84,inferred
Ribble Valley,2020-11-30, 84,inferred
Ribble Valley,2020-12-01, 84,inferred
Ribble Valley,2020-12-02,111,inferred
Ribble Valley,2020-12-03,111,inferred
Ribble Valley,2020-12-04,111,inferred
Ribble Valley,2020-12-05,111,inferred
Ribble Valley,2020-12-06,111,inferred
Ribble Valley,2020-12-07,111,inferred
Ribble Valley,2020-12-08,111,inferred
Ribble Valley,2020-12-09,153,inferred
Ribble Valley,2020-12-10,153,inferred
Ribble Valley,2020-12-11,153,inferred
Ribble Valley,2020-12-12,153,inferred
Ribble Valley,2020-12-13,153,inferred
Ribble Valley,2020-12-14,153,inferred
Ribble Valley,2020-12-15,153,inferred
Ribble Valley,2020-12-16,207,inferred
Ribble Valley,2020-12-17,207,inferred
Ribble Valley,2020-12-18,207,inferred
Ribble Valley,2020-12-19,207,inferred
Ribble Valley,2020-12-20,207,inferred
Ribble Valley,2020-12-21,207,inferred
Ribble Valley,2020-12-22,207,inferred
Ribble Valley,2020-12-23,247,inferred
Ribble Valley,2020-12-24,247,inferred
Ribble Valley,2020-12-25,247,inferred
Ribble Valley,2020-12-26,247,inferred
Ribble Valley,2020-12-27,247,inferred
Ribble Valley,2020-12-28,247,inferred
Ribble Valley,2020-12-29,247,inferred
Ribble Valley,2020-12-30,376,inferred
Ribble Valley,2020-12-31,376,inferred
Ribble Valley,2021-01-01,376,inferred
Ribble Valley,2021-01-02,376,inferred
Ribble Valley,2021-01-03,376,inferred
Ribble Valley,2021-01-04,376,inferred
Ribble Valley,2021-01-05,376,inferred
Ribble Valley,2021-01-06,448,projected
Ribble Valley,2021-01-07,448,projected
Ribble Valley,2021-01-08,448,projected
Ribble Valley,2021-01-09,448,projected
Ribble Valley,2021-01-10,448,projected
Ribble Valley,2021-01-11,448,projected
Ribble Valley,2021-01-12,448,projected
Ribble Valley,2021-01-13,513,projected
Ribble Valley,2021-01-14,513,projected
Ribble Valley,2021-01-15,513,projected
Ribble Valley,2021-01-16,513,projected
Ribble Valley,2021-01-17,513,projected
Ribble Valley,2021-01-18,513,projected
Ribble Valley,2021-01-19,513,projected
Ribble Valley,2021-01-20,612,projected
Ribble Valley,2021-01-21,612,projected
Ribble Valley,2021-01-22,612,projected
Ribble Valley,2021-01-23,612,projected
Ribble Valley,2021-01-24,612,projected
Ribble Valley,2021-01-25,612,projected
Ribble Valley,2021-01-26,612,projected
Richmond upon Thames,2020-09-23, 78,inferred
Richmond upon Thames,2020-09-24, 78,inferred
Richmond upon Thames,2020-09-25, 78,inferred
Richmond upon Thames,2020-09-26, 78,inferred
Richmond upon Thames,2020-09-27, 78,inferred
Richmond upon Thames,2020-09-28, 78,inferred
Richmond upon Thames,2020-09-29, 78,inferred
Richmond upon Thames,2020-09-30,208,inferred
Richmond upon Thames,2020-10-01,208,inferred
Richmond upon Thames,2020-10-02,208,inferred
Richmond upon Thames,2020-10-03,208,inferred
Richmond upon Thames,2020-10-04,208,inferred
Richmond upon Thames,2020-10-05,208,inferred
Richmond upon Thames,2020-10-06,208,inferred
Richmond upon Thames,2020-10-07,232,inferred
Richmond upon Thames,2020-10-08,232,inferred
Richmond upon Thames,2020-10-09,232,inferred
Richmond upon Thames,2020-10-10,232,inferred
Richmond upon Thames,2020-10-11,232,inferred
Richmond upon Thames,2020-10-12,232,inferred
Richmond upon Thames,2020-10-13,232,inferred
Richmond upon Thames,2020-10-14,319,inferred
Richmond upon Thames,2020-10-15,319,inferred
Richmond upon Thames,2020-10-16,319,inferred
Richmond upon Thames,2020-10-17,319,inferred
Richmond upon Thames,2020-10-18,319,inferred
Richmond upon Thames,2020-10-19,319,inferred
Richmond upon Thames,2020-10-20,319,inferred
Richmond upon Thames,2020-10-21,274,inferred
Richmond upon Thames,2020-10-22,274,inferred
Richmond upon Thames,2020-10-23,274,inferred
Richmond upon Thames,2020-10-24,274,inferred
Richmond upon Thames,2020-10-25,274,inferred
Richmond upon Thames,2020-10-26,274,inferred
Richmond upon Thames,2020-10-27,274,inferred
Richmond upon Thames,2020-10-28,243,inferred
Richmond upon Thames,2020-10-29,243,inferred
Richmond upon Thames,2020-10-30,243,inferred
Richmond upon Thames,2020-10-31,243,inferred
Richmond upon Thames,2020-11-01,243,inferred
Richmond upon Thames,2020-11-02,243,inferred
Richmond upon Thames,2020-11-03,243,inferred
Richmond upon Thames,2020-11-04,271,inferred
Richmond upon Thames,2020-11-05,271,inferred
Richmond upon Thames,2020-11-06,271,inferred
Richmond upon Thames,2020-11-07,271,inferred
Richmond upon Thames,2020-11-08,271,inferred
Richmond upon Thames,2020-11-09,271,inferred
Richmond upon Thames,2020-11-10,271,inferred
Richmond upon Thames,2020-11-11,235,inferred
Richmond upon Thames,2020-11-12,235,inferred
Richmond upon Thames,2020-11-13,235,inferred
Richmond upon Thames,2020-11-14,235,inferred
Richmond upon Thames,2020-11-15,235,inferred
Richmond upon Thames,2020-11-16,235,inferred
Richmond upon Thames,2020-11-17,235,inferred
Richmond upon Thames,2020-11-18,176,inferred
Richmond upon Thames,2020-11-19,176,inferred
Richmond upon Thames,2020-11-20,176,inferred
Richmond upon Thames,2020-11-21,176,inferred
Richmond upon Thames,2020-11-22,176,inferred
Richmond upon Thames,2020-11-23,176,inferred
Richmond upon Thames,2020-11-24,176,inferred
Richmond upon Thames,2020-11-25,159,inferred
Richmond upon Thames,2020-11-26,159,inferred
Richmond upon Thames,2020-11-27,159,inferred
Richmond upon Thames,2020-11-28,159,inferred
Richmond upon Thames,2020-11-29,159,inferred
Richmond upon Thames,2020-11-30,159,inferred
Richmond upon Thames,2020-12-01,159,inferred
Richmond upon Thames,2020-12-02,231,inferred
Richmond upon Thames,2020-12-03,231,inferred
Richmond upon Thames,2020-12-04,231,inferred
Richmond upon Thames,2020-12-05,231,inferred
Richmond upon Thames,2020-12-06,231,inferred
Richmond upon Thames,2020-12-07,231,inferred
Richmond upon Thames,2020-12-08,231,inferred
Richmond upon Thames,2020-12-09,632,inferred
Richmond upon Thames,2020-12-10,632,inferred
Richmond upon Thames,2020-12-11,632,inferred
Richmond upon Thames,2020-12-12,632,inferred
Richmond upon Thames,2020-12-13,632,inferred
Richmond upon Thames,2020-12-14,632,inferred
Richmond upon Thames,2020-12-15,632,inferred
Richmond upon Thames,2020-12-16,1178,inferred
Richmond upon Thames,2020-12-17,1178,inferred
Richmond upon Thames,2020-12-18,1178,inferred
Richmond upon Thames,2020-12-19,1178,inferred
Richmond upon Thames,2020-12-20,1178,inferred
Richmond upon Thames,2020-12-21,1178,inferred
Richmond upon Thames,2020-12-22,1178,inferred
Richmond upon Thames,2020-12-23,1282,inferred
Richmond upon Thames,2020-12-24,1282,inferred
Richmond upon Thames,2020-12-25,1282,inferred
Richmond upon Thames,2020-12-26,1282,inferred
Richmond upon Thames,2020-12-27,1282,inferred
Richmond upon Thames,2020-12-28,1282,inferred
Richmond upon Thames,2020-12-29,1282,inferred
Richmond upon Thames,2020-12-30,1183,inferred
Richmond upon Thames,2020-12-31,1183,inferred
Richmond upon Thames,2021-01-01,1183,inferred
Richmond upon Thames,2021-01-02,1183,inferred
Richmond upon Thames,2021-01-03,1183,inferred
Richmond upon Thames,2021-01-04,1183,inferred
Richmond upon Thames,2021-01-05,1183,inferred
Richmond upon Thames,2021-01-06,870,projected
Richmond upon Thames,2021-01-07,870,projected
Richmond upon Thames,2021-01-08,870,projected
Richmond upon Thames,2021-01-09,870,projected
Richmond upon Thames,2021-01-10,870,projected
Richmond upon Thames,2021-01-11,870,projected
Richmond upon Thames,2021-01-12,870,projected
Richmond upon Thames,2021-01-13,630,projected
Richmond upon Thames,2021-01-14,630,projected
Richmond upon Thames,2021-01-15,630,projected
Richmond upon Thames,2021-01-16,630,projected
Richmond upon Thames,2021-01-17,630,projected
Richmond upon Thames,2021-01-18,630,projected
Richmond upon Thames,2021-01-19,630,projected
Richmond upon Thames,2021-01-20,502,projected
Richmond upon Thames,2021-01-21,502,projected
Richmond upon Thames,2021-01-22,502,projected
Richmond upon Thames,2021-01-23,502,projected
Richmond upon Thames,2021-01-24,502,projected
Richmond upon Thames,2021-01-25,502,projected
Richmond upon Thames,2021-01-26,502,projected
Richmondshire,2020-09-23, 30,inferred
Richmondshire,2020-09-24, 30,inferred
Richmondshire,2020-09-25, 30,inferred
Richmondshire,2020-09-26, 30,inferred
Richmondshire,2020-09-27, 30,inferred
Richmondshire,2020-09-28, 30,inferred
Richmondshire,2020-09-29, 30,inferred
Richmondshire,2020-09-30, 33,inferred
Richmondshire,2020-10-01, 33,inferred
Richmondshire,2020-10-02, 33,inferred
Richmondshire,2020-10-03, 33,inferred
Richmondshire,2020-10-04, 33,inferred
Richmondshire,2020-10-05, 33,inferred
Richmondshire,2020-10-06, 33,inferred
Richmondshire,2020-10-07, 43,inferred
Richmondshire,2020-10-08, 43,inferred
Richmondshire,2020-10-09, 43,inferred
Richmondshire,2020-10-10, 43,inferred
Richmondshire,2020-10-11, 43,inferred
Richmondshire,2020-10-12, 43,inferred
Richmondshire,2020-10-13, 43,inferred
Richmondshire,2020-10-14, 52,inferred
Richmondshire,2020-10-15, 52,inferred
Richmondshire,2020-10-16, 52,inferred
Richmondshire,2020-10-17, 52,inferred
Richmondshire,2020-10-18, 52,inferred
Richmondshire,2020-10-19, 52,inferred
Richmondshire,2020-10-20, 52,inferred
Richmondshire,2020-10-21, 71,inferred
Richmondshire,2020-10-22, 71,inferred
Richmondshire,2020-10-23, 71,inferred
Richmondshire,2020-10-24, 71,inferred
Richmondshire,2020-10-25, 71,inferred
Richmondshire,2020-10-26, 71,inferred
Richmondshire,2020-10-27, 71,inferred
Richmondshire,2020-10-28, 91,inferred
Richmondshire,2020-10-29, 91,inferred
Richmondshire,2020-10-30, 91,inferred
Richmondshire,2020-10-31, 91,inferred
Richmondshire,2020-11-01, 91,inferred
Richmondshire,2020-11-02, 91,inferred
Richmondshire,2020-11-03, 91,inferred
Richmondshire,2020-11-04,143,inferred
Richmondshire,2020-11-05,143,inferred
Richmondshire,2020-11-06,143,inferred
Richmondshire,2020-11-07,143,inferred
Richmondshire,2020-11-08,143,inferred
Richmondshire,2020-11-09,143,inferred
Richmondshire,2020-11-10,143,inferred
Richmondshire,2020-11-11,108,inferred
Richmondshire,2020-11-12,108,inferred
Richmondshire,2020-11-13,108,inferred
Richmondshire,2020-11-14,108,inferred
Richmondshire,2020-11-15,108,inferred
Richmondshire,2020-11-16,108,inferred
Richmondshire,2020-11-17,108,inferred
Richmondshire,2020-11-18, 70,inferred
Richmondshire,2020-11-19, 70,inferred
Richmondshire,2020-11-20, 70,inferred
Richmondshire,2020-11-21, 70,inferred
Richmondshire,2020-11-22, 70,inferred
Richmondshire,2020-11-23, 70,inferred
Richmondshire,2020-11-24, 70,inferred
Richmondshire,2020-11-25, 53,inferred
Richmondshire,2020-11-26, 53,inferred
Richmondshire,2020-11-27, 53,inferred
Richmondshire,2020-11-28, 53,inferred
Richmondshire,2020-11-29, 53,inferred
Richmondshire,2020-11-30, 53,inferred
Richmondshire,2020-12-01, 53,inferred
Richmondshire,2020-12-02, 40,inferred
Richmondshire,2020-12-03, 40,inferred
Richmondshire,2020-12-04, 40,inferred
Richmondshire,2020-12-05, 40,inferred
Richmondshire,2020-12-06, 40,inferred
Richmondshire,2020-12-07, 40,inferred
Richmondshire,2020-12-08, 40,inferred
Richmondshire,2020-12-09, 65,inferred
Richmondshire,2020-12-10, 65,inferred
Richmondshire,2020-12-11, 65,inferred
Richmondshire,2020-12-12, 65,inferred
Richmondshire,2020-12-13, 65,inferred
Richmondshire,2020-12-14, 65,inferred
Richmondshire,2020-12-15, 65,inferred
Richmondshire,2020-12-16, 91,inferred
Richmondshire,2020-12-17, 91,inferred
Richmondshire,2020-12-18, 91,inferred
Richmondshire,2020-12-19, 91,inferred
Richmondshire,2020-12-20, 91,inferred
Richmondshire,2020-12-21, 91,inferred
Richmondshire,2020-12-22, 91,inferred
Richmondshire,2020-12-23,181,inferred
Richmondshire,2020-12-24,181,inferred
Richmondshire,2020-12-25,181,inferred
Richmondshire,2020-12-26,181,inferred
Richmondshire,2020-12-27,181,inferred
Richmondshire,2020-12-28,181,inferred
Richmondshire,2020-12-29,181,inferred
Richmondshire,2020-12-30,278,inferred
Richmondshire,2020-12-31,278,inferred
Richmondshire,2021-01-01,278,inferred
Richmondshire,2021-01-02,278,inferred
Richmondshire,2021-01-03,278,inferred
Richmondshire,2021-01-04,278,inferred
Richmondshire,2021-01-05,278,inferred
Richmondshire,2021-01-06,332,projected
Richmondshire,2021-01-07,332,projected
Richmondshire,2021-01-08,332,projected
Richmondshire,2021-01-09,332,projected
Richmondshire,2021-01-10,332,projected
Richmondshire,2021-01-11,332,projected
Richmondshire,2021-01-12,332,projected
Richmondshire,2021-01-13,377,projected
Richmondshire,2021-01-14,377,projected
Richmondshire,2021-01-15,377,projected
Richmondshire,2021-01-16,377,projected
Richmondshire,2021-01-17,377,projected
Richmondshire,2021-01-18,377,projected
Richmondshire,2021-01-19,377,projected
Richmondshire,2021-01-20,404,projected
Richmondshire,2021-01-21,404,projected
Richmondshire,2021-01-22,404,projected
Richmondshire,2021-01-23,404,projected
Richmondshire,2021-01-24,404,projected
Richmondshire,2021-01-25,404,projected
Richmondshire,2021-01-26,404,projected
Rochdale,2020-09-23,482,inferred
Rochdale,2020-09-24,482,inferred
Rochdale,2020-09-25,482,inferred
Rochdale,2020-09-26,482,inferred
Rochdale,2020-09-27,482,inferred
Rochdale,2020-09-28,482,inferred
Rochdale,2020-09-29,482,inferred
Rochdale,2020-09-30,829,inferred
Rochdale,2020-10-01,829,inferred
Rochdale,2020-10-02,829,inferred
Rochdale,2020-10-03,829,inferred
Rochdale,2020-10-04,829,inferred
Rochdale,2020-10-05,829,inferred
Rochdale,2020-10-06,829,inferred
Rochdale,2020-10-07,985,inferred
Rochdale,2020-10-08,985,inferred
Rochdale,2020-10-09,985,inferred
Rochdale,2020-10-10,985,inferred
Rochdale,2020-10-11,985,inferred
Rochdale,2020-10-12,985,inferred
Rochdale,2020-10-13,985,inferred
Rochdale,2020-10-14,1243,inferred
Rochdale,2020-10-15,1243,inferred
Rochdale,2020-10-16,1243,inferred
Rochdale,2020-10-17,1243,inferred
Rochdale,2020-10-18,1243,inferred
Rochdale,2020-10-19,1243,inferred
Rochdale,2020-10-20,1243,inferred
Rochdale,2020-10-21,1303,inferred
Rochdale,2020-10-22,1303,inferred
Rochdale,2020-10-23,1303,inferred
Rochdale,2020-10-24,1303,inferred
Rochdale,2020-10-25,1303,inferred
Rochdale,2020-10-26,1303,inferred
Rochdale,2020-10-27,1303,inferred
Rochdale,2020-10-28,1378,inferred
Rochdale,2020-10-29,1378,inferred
Rochdale,2020-10-30,1378,inferred
Rochdale,2020-10-31,1378,inferred
Rochdale,2020-11-01,1378,inferred
Rochdale,2020-11-02,1378,inferred
Rochdale,2020-11-03,1378,inferred
Rochdale,2020-11-04,1234,inferred
Rochdale,2020-11-05,1234,inferred
Rochdale,2020-11-06,1234,inferred
Rochdale,2020-11-07,1234,inferred
Rochdale,2020-11-08,1234,inferred
Rochdale,2020-11-09,1234,inferred
Rochdale,2020-11-10,1234,inferred
Rochdale,2020-11-11,1062,inferred
Rochdale,2020-11-12,1062,inferred
Rochdale,2020-11-13,1062,inferred
Rochdale,2020-11-14,1062,inferred
Rochdale,2020-11-15,1062,inferred
Rochdale,2020-11-16,1062,inferred
Rochdale,2020-11-17,1062,inferred
Rochdale,2020-11-18,697,inferred
Rochdale,2020-11-19,697,inferred
Rochdale,2020-11-20,697,inferred
Rochdale,2020-11-21,697,inferred
Rochdale,2020-11-22,697,inferred
Rochdale,2020-11-23,697,inferred
Rochdale,2020-11-24,697,inferred
Rochdale,2020-11-25,530,inferred
Rochdale,2020-11-26,530,inferred
Rochdale,2020-11-27,530,inferred
Rochdale,2020-11-28,530,inferred
Rochdale,2020-11-29,530,inferred
Rochdale,2020-11-30,530,inferred
Rochdale,2020-12-01,530,inferred
Rochdale,2020-12-02,441,inferred
Rochdale,2020-12-03,441,inferred
Rochdale,2020-12-04,441,inferred
Rochdale,2020-12-05,441,inferred
Rochdale,2020-12-06,441,inferred
Rochdale,2020-12-07,441,inferred
Rochdale,2020-12-08,441,inferred
Rochdale,2020-12-09,484,inferred
Rochdale,2020-12-10,484,inferred
Rochdale,2020-12-11,484,inferred
Rochdale,2020-12-12,484,inferred
Rochdale,2020-12-13,484,inferred
Rochdale,2020-12-14,484,inferred
Rochdale,2020-12-15,484,inferred
Rochdale,2020-12-16,471,inferred
Rochdale,2020-12-17,471,inferred
Rochdale,2020-12-18,471,inferred
Rochdale,2020-12-19,471,inferred
Rochdale,2020-12-20,471,inferred
Rochdale,2020-12-21,471,inferred
Rochdale,2020-12-22,471,inferred
Rochdale,2020-12-23,559,inferred
Rochdale,2020-12-24,559,inferred
Rochdale,2020-12-25,559,inferred
Rochdale,2020-12-26,559,inferred
Rochdale,2020-12-27,559,inferred
Rochdale,2020-12-28,559,inferred
Rochdale,2020-12-29,559,inferred
Rochdale,2020-12-30,904,inferred
Rochdale,2020-12-31,904,inferred
Rochdale,2021-01-01,904,inferred
Rochdale,2021-01-02,904,inferred
Rochdale,2021-01-03,904,inferred
Rochdale,2021-01-04,904,inferred
Rochdale,2021-01-05,904,inferred
Rochdale,2021-01-06,1107,projected
Rochdale,2021-01-07,1107,projected
Rochdale,2021-01-08,1107,projected
Rochdale,2021-01-09,1107,projected
Rochdale,2021-01-10,1107,projected
Rochdale,2021-01-11,1107,projected
Rochdale,2021-01-12,1107,projected
Rochdale,2021-01-13,1315,projected
Rochdale,2021-01-14,1315,projected
Rochdale,2021-01-15,1315,projected
Rochdale,2021-01-16,1315,projected
Rochdale,2021-01-17,1315,projected
Rochdale,2021-01-18,1315,projected
Rochdale,2021-01-19,1315,projected
Rochdale,2021-01-20,1573,projected
Rochdale,2021-01-21,1573,projected
Rochdale,2021-01-22,1573,projected
Rochdale,2021-01-23,1573,projected
Rochdale,2021-01-24,1573,projected
Rochdale,2021-01-25,1573,projected
Rochdale,2021-01-26,1573,projected
Rochford,2020-09-23, 12,inferred
Rochford,2020-09-24, 12,inferred
Rochford,2020-09-25, 12,inferred
Rochford,2020-09-26, 12,inferred
Rochford,2020-09-27, 12,inferred
Rochford,2020-09-28, 12,inferred
Rochford,2020-09-29, 12,inferred
Rochford,2020-09-30, 29,inferred
Rochford,2020-10-01, 29,inferred
Rochford,2020-10-02, 29,inferred
Rochford,2020-10-03, 29,inferred
Rochford,2020-10-04, 29,inferred
Rochford,2020-10-05, 29,inferred
Rochford,2020-10-06, 29,inferred
Rochford,2020-10-07, 47,inferred
Rochford,2020-10-08, 47,inferred
Rochford,2020-10-09, 47,inferred
Rochford,2020-10-10, 47,inferred
Rochford,2020-10-11, 47,inferred
Rochford,2020-10-12, 47,inferred
Rochford,2020-10-13, 47,inferred
Rochford,2020-10-14, 51,inferred
Rochford,2020-10-15, 51,inferred
Rochford,2020-10-16, 51,inferred
Rochford,2020-10-17, 51,inferred
Rochford,2020-10-18, 51,inferred
Rochford,2020-10-19, 51,inferred
Rochford,2020-10-20, 51,inferred
Rochford,2020-10-21, 70,inferred
Rochford,2020-10-22, 70,inferred
Rochford,2020-10-23, 70,inferred
Rochford,2020-10-24, 70,inferred
Rochford,2020-10-25, 70,inferred
Rochford,2020-10-26, 70,inferred
Rochford,2020-10-27, 70,inferred
Rochford,2020-10-28, 71,inferred
Rochford,2020-10-29, 71,inferred
Rochford,2020-10-30, 71,inferred
Rochford,2020-10-31, 71,inferred
Rochford,2020-11-01, 71,inferred
Rochford,2020-11-02, 71,inferred
Rochford,2020-11-03, 71,inferred
Rochford,2020-11-04, 95,inferred
Rochford,2020-11-05, 95,inferred
Rochford,2020-11-06, 95,inferred
Rochford,2020-11-07, 95,inferred
Rochford,2020-11-08, 95,inferred
Rochford,2020-11-09, 95,inferred
Rochford,2020-11-10, 95,inferred
Rochford,2020-11-11,144,inferred
Rochford,2020-11-12,144,inferred
Rochford,2020-11-13,144,inferred
Rochford,2020-11-14,144,inferred
Rochford,2020-11-15,144,inferred
Rochford,2020-11-16,144,inferred
Rochford,2020-11-17,144,inferred
Rochford,2020-11-18,105,inferred
Rochford,2020-11-19,105,inferred
Rochford,2020-11-20,105,inferred
Rochford,2020-11-21,105,inferred
Rochford,2020-11-22,105,inferred
Rochford,2020-11-23,105,inferred
Rochford,2020-11-24,105,inferred
Rochford,2020-11-25,132,inferred
Rochford,2020-11-26,132,inferred
Rochford,2020-11-27,132,inferred
Rochford,2020-11-28,132,inferred
Rochford,2020-11-29,132,inferred
Rochford,2020-11-30,132,inferred
Rochford,2020-12-01,132,inferred
Rochford,2020-12-02,204,inferred
Rochford,2020-12-03,204,inferred
Rochford,2020-12-04,204,inferred
Rochford,2020-12-05,204,inferred
Rochford,2020-12-06,204,inferred
Rochford,2020-12-07,204,inferred
Rochford,2020-12-08,204,inferred
Rochford,2020-12-09,663,inferred
Rochford,2020-12-10,663,inferred
Rochford,2020-12-11,663,inferred
Rochford,2020-12-12,663,inferred
Rochford,2020-12-13,663,inferred
Rochford,2020-12-14,663,inferred
Rochford,2020-12-15,663,inferred
Rochford,2020-12-16,983,inferred
Rochford,2020-12-17,983,inferred
Rochford,2020-12-18,983,inferred
Rochford,2020-12-19,983,inferred
Rochford,2020-12-20,983,inferred
Rochford,2020-12-21,983,inferred
Rochford,2020-12-22,983,inferred
Rochford,2020-12-23,883,inferred
Rochford,2020-12-24,883,inferred
Rochford,2020-12-25,883,inferred
Rochford,2020-12-26,883,inferred
Rochford,2020-12-27,883,inferred
Rochford,2020-12-28,883,inferred
Rochford,2020-12-29,883,inferred
Rochford,2020-12-30,835,inferred
Rochford,2020-12-31,835,inferred
Rochford,2021-01-01,835,inferred
Rochford,2021-01-02,835,inferred
Rochford,2021-01-03,835,inferred
Rochford,2021-01-04,835,inferred
Rochford,2021-01-05,835,inferred
Rochford,2021-01-06,597,projected
Rochford,2021-01-07,597,projected
Rochford,2021-01-08,597,projected
Rochford,2021-01-09,597,projected
Rochford,2021-01-10,597,projected
Rochford,2021-01-11,597,projected
Rochford,2021-01-12,597,projected
Rochford,2021-01-13,423,projected
Rochford,2021-01-14,423,projected
Rochford,2021-01-15,423,projected
Rochford,2021-01-16,423,projected
Rochford,2021-01-17,423,projected
Rochford,2021-01-18,423,projected
Rochford,2021-01-19,423,projected
Rochford,2021-01-20,311,projected
Rochford,2021-01-21,311,projected
Rochford,2021-01-22,311,projected
Rochford,2021-01-23,311,projected
Rochford,2021-01-24,311,projected
Rochford,2021-01-25,311,projected
Rochford,2021-01-26,311,projected
Rossendale,2020-09-23,133,inferred
Rossendale,2020-09-24,133,inferred
Rossendale,2020-09-25,133,inferred
Rossendale,2020-09-26,133,inferred
Rossendale,2020-09-27,133,inferred
Rossendale,2020-09-28,133,inferred
Rossendale,2020-09-29,133,inferred
Rossendale,2020-09-30,198,inferred
Rossendale,2020-10-01,198,inferred
Rossendale,2020-10-02,198,inferred
Rossendale,2020-10-03,198,inferred
Rossendale,2020-10-04,198,inferred
Rossendale,2020-10-05,198,inferred
Rossendale,2020-10-06,198,inferred
Rossendale,2020-10-07,295,inferred
Rossendale,2020-10-08,295,inferred
Rossendale,2020-10-09,295,inferred
Rossendale,2020-10-10,295,inferred
Rossendale,2020-10-11,295,inferred
Rossendale,2020-10-12,295,inferred
Rossendale,2020-10-13,295,inferred
Rossendale,2020-10-14,450,inferred
Rossendale,2020-10-15,450,inferred
Rossendale,2020-10-16,450,inferred
Rossendale,2020-10-17,450,inferred
Rossendale,2020-10-18,450,inferred
Rossendale,2020-10-19,450,inferred
Rossendale,2020-10-20,450,inferred
Rossendale,2020-10-21,400,inferred
Rossendale,2020-10-22,400,inferred
Rossendale,2020-10-23,400,inferred
Rossendale,2020-10-24,400,inferred
Rossendale,2020-10-25,400,inferred
Rossendale,2020-10-26,400,inferred
Rossendale,2020-10-27,400,inferred
Rossendale,2020-10-28,347,inferred
Rossendale,2020-10-29,347,inferred
Rossendale,2020-10-30,347,inferred
Rossendale,2020-10-31,347,inferred
Rossendale,2020-11-01,347,inferred
Rossendale,2020-11-02,347,inferred
Rossendale,2020-11-03,347,inferred
Rossendale,2020-11-04,264,inferred
Rossendale,2020-11-05,264,inferred
Rossendale,2020-11-06,264,inferred
Rossendale,2020-11-07,264,inferred
Rossendale,2020-11-08,264,inferred
Rossendale,2020-11-09,264,inferred
Rossendale,2020-11-10,264,inferred
Rossendale,2020-11-11,260,inferred
Rossendale,2020-11-12,260,inferred
Rossendale,2020-11-13,260,inferred
Rossendale,2020-11-14,260,inferred
Rossendale,2020-11-15,260,inferred
Rossendale,2020-11-16,260,inferred
Rossendale,2020-11-17,260,inferred
Rossendale,2020-11-18,219,inferred
Rossendale,2020-11-19,219,inferred
Rossendale,2020-11-20,219,inferred
Rossendale,2020-11-21,219,inferred
Rossendale,2020-11-22,219,inferred
Rossendale,2020-11-23,219,inferred
Rossendale,2020-11-24,219,inferred
Rossendale,2020-11-25,182,inferred
Rossendale,2020-11-26,182,inferred
Rossendale,2020-11-27,182,inferred
Rossendale,2020-11-28,182,inferred
Rossendale,2020-11-29,182,inferred
Rossendale,2020-11-30,182,inferred
Rossendale,2020-12-01,182,inferred
Rossendale,2020-12-02,147,inferred
Rossendale,2020-12-03,147,inferred
Rossendale,2020-12-04,147,inferred
Rossendale,2020-12-05,147,inferred
Rossendale,2020-12-06,147,inferred
Rossendale,2020-12-07,147,inferred
Rossendale,2020-12-08,147,inferred
Rossendale,2020-12-09,176,inferred
Rossendale,2020-12-10,176,inferred
Rossendale,2020-12-11,176,inferred
Rossendale,2020-12-12,176,inferred
Rossendale,2020-12-13,176,inferred
Rossendale,2020-12-14,176,inferred
Rossendale,2020-12-15,176,inferred
Rossendale,2020-12-16,158,inferred
Rossendale,2020-12-17,158,inferred
Rossendale,2020-12-18,158,inferred
Rossendale,2020-12-19,158,inferred
Rossendale,2020-12-20,158,inferred
Rossendale,2020-12-21,158,inferred
Rossendale,2020-12-22,158,inferred
Rossendale,2020-12-23,197,inferred
Rossendale,2020-12-24,197,inferred
Rossendale,2020-12-25,197,inferred
Rossendale,2020-12-26,197,inferred
Rossendale,2020-12-27,197,inferred
Rossendale,2020-12-28,197,inferred
Rossendale,2020-12-29,197,inferred
Rossendale,2020-12-30,365,inferred
Rossendale,2020-12-31,365,inferred
Rossendale,2021-01-01,365,inferred
Rossendale,2021-01-02,365,inferred
Rossendale,2021-01-03,365,inferred
Rossendale,2021-01-04,365,inferred
Rossendale,2021-01-05,365,inferred
Rossendale,2021-01-06,446,projected
Rossendale,2021-01-07,446,projected
Rossendale,2021-01-08,446,projected
Rossendale,2021-01-09,446,projected
Rossendale,2021-01-10,446,projected
Rossendale,2021-01-11,446,projected
Rossendale,2021-01-12,446,projected
Rossendale,2021-01-13,539,projected
Rossendale,2021-01-14,539,projected
Rossendale,2021-01-15,539,projected
Rossendale,2021-01-16,539,projected
Rossendale,2021-01-17,539,projected
Rossendale,2021-01-18,539,projected
Rossendale,2021-01-19,539,projected
Rossendale,2021-01-20,635,projected
Rossendale,2021-01-21,635,projected
Rossendale,2021-01-22,635,projected
Rossendale,2021-01-23,635,projected
Rossendale,2021-01-24,635,projected
Rossendale,2021-01-25,635,projected
Rossendale,2021-01-26,635,projected
Rother,2020-09-23,  8,inferred
Rother,2020-09-24,  8,inferred
Rother,2020-09-25,  8,inferred
Rother,2020-09-26,  8,inferred
Rother,2020-09-27,  8,inferred
Rother,2020-09-28,  8,inferred
Rother,2020-09-29,  8,inferred
Rother,2020-09-30, 30,inferred
Rother,2020-10-01, 30,inferred
Rother,2020-10-02, 30,inferred
Rother,2020-10-03, 30,inferred
Rother,2020-10-04, 30,inferred
Rother,2020-10-05, 30,inferred
Rother,2020-10-06, 30,inferred
Rother,2020-10-07, 18,inferred
Rother,2020-10-08, 18,inferred
Rother,2020-10-09, 18,inferred
Rother,2020-10-10, 18,inferred
Rother,2020-10-11, 18,inferred
Rother,2020-10-12, 18,inferred
Rother,2020-10-13, 18,inferred
Rother,2020-10-14, 43,inferred
Rother,2020-10-15, 43,inferred
Rother,2020-10-16, 43,inferred
Rother,2020-10-17, 43,inferred
Rother,2020-10-18, 43,inferred
Rother,2020-10-19, 43,inferred
Rother,2020-10-20, 43,inferred
Rother,2020-10-21, 38,inferred
Rother,2020-10-22, 38,inferred
Rother,2020-10-23, 38,inferred
Rother,2020-10-24, 38,inferred
Rother,2020-10-25, 38,inferred
Rother,2020-10-26, 38,inferred
Rother,2020-10-27, 38,inferred
Rother,2020-10-28, 35,inferred
Rother,2020-10-29, 35,inferred
Rother,2020-10-30, 35,inferred
Rother,2020-10-31, 35,inferred
Rother,2020-11-01, 35,inferred
Rother,2020-11-02, 35,inferred
Rother,2020-11-03, 35,inferred
Rother,2020-11-04,104,inferred
Rother,2020-11-05,104,inferred
Rother,2020-11-06,104,inferred
Rother,2020-11-07,104,inferred
Rother,2020-11-08,104,inferred
Rother,2020-11-09,104,inferred
Rother,2020-11-10,104,inferred
Rother,2020-11-11,137,inferred
Rother,2020-11-12,137,inferred
Rother,2020-11-13,137,inferred
Rother,2020-11-14,137,inferred
Rother,2020-11-15,137,inferred
Rother,2020-11-16,137,inferred
Rother,2020-11-17,137,inferred
Rother,2020-11-18,127,inferred
Rother,2020-11-19,127,inferred
Rother,2020-11-20,127,inferred
Rother,2020-11-21,127,inferred
Rother,2020-11-22,127,inferred
Rother,2020-11-23,127,inferred
Rother,2020-11-24,127,inferred
Rother,2020-11-25,126,inferred
Rother,2020-11-26,126,inferred
Rother,2020-11-27,126,inferred
Rother,2020-11-28,126,inferred
Rother,2020-11-29,126,inferred
Rother,2020-11-30,126,inferred
Rother,2020-12-01,126,inferred
Rother,2020-12-02,232,inferred
Rother,2020-12-03,232,inferred
Rother,2020-12-04,232,inferred
Rother,2020-12-05,232,inferred
Rother,2020-12-06,232,inferred
Rother,2020-12-07,232,inferred
Rother,2020-12-08,232,inferred
Rother,2020-12-09,482,inferred
Rother,2020-12-10,482,inferred
Rother,2020-12-11,482,inferred
Rother,2020-12-12,482,inferred
Rother,2020-12-13,482,inferred
Rother,2020-12-14,482,inferred
Rother,2020-12-15,482,inferred
Rother,2020-12-16,706,inferred
Rother,2020-12-17,706,inferred
Rother,2020-12-18,706,inferred
Rother,2020-12-19,706,inferred
Rother,2020-12-20,706,inferred
Rother,2020-12-21,706,inferred
Rother,2020-12-22,706,inferred
Rother,2020-12-23,576,inferred
Rother,2020-12-24,576,inferred
Rother,2020-12-25,576,inferred
Rother,2020-12-26,576,inferred
Rother,2020-12-27,576,inferred
Rother,2020-12-28,576,inferred
Rother,2020-12-29,576,inferred
Rother,2020-12-30,620,inferred
Rother,2020-12-31,620,inferred
Rother,2021-01-01,620,inferred
Rother,2021-01-02,620,inferred
Rother,2021-01-03,620,inferred
Rother,2021-01-04,620,inferred
Rother,2021-01-05,620,inferred
Rother,2021-01-06,562,projected
Rother,2021-01-07,562,projected
Rother,2021-01-08,562,projected
Rother,2021-01-09,562,projected
Rother,2021-01-10,562,projected
Rother,2021-01-11,562,projected
Rother,2021-01-12,562,projected
Rother,2021-01-13,500,projected
Rother,2021-01-14,500,projected
Rother,2021-01-15,500,projected
Rother,2021-01-16,500,projected
Rother,2021-01-17,500,projected
Rother,2021-01-18,500,projected
Rother,2021-01-19,500,projected
Rother,2021-01-20,491,projected
Rother,2021-01-21,491,projected
Rother,2021-01-22,491,projected
Rother,2021-01-23,491,projected
Rother,2021-01-24,491,projected
Rother,2021-01-25,491,projected
Rother,2021-01-26,491,projected
Rotherham,2020-09-23,290,inferred
Rotherham,2020-09-24,290,inferred
Rotherham,2020-09-25,290,inferred
Rotherham,2020-09-26,290,inferred
Rotherham,2020-09-27,290,inferred
Rotherham,2020-09-28,290,inferred
Rotherham,2020-09-29,290,inferred
Rotherham,2020-09-30,624,inferred
Rotherham,2020-10-01,624,inferred
Rotherham,2020-10-02,624,inferred
Rotherham,2020-10-03,624,inferred
Rotherham,2020-10-04,624,inferred
Rotherham,2020-10-05,624,inferred
Rotherham,2020-10-06,624,inferred
Rotherham,2020-10-07,811,inferred
Rotherham,2020-10-08,811,inferred
Rotherham,2020-10-09,811,inferred
Rotherham,2020-10-10,811,inferred
Rotherham,2020-10-11,811,inferred
Rotherham,2020-10-12,811,inferred
Rotherham,2020-10-13,811,inferred
Rotherham,2020-10-14,1187,inferred
Rotherham,2020-10-15,1187,inferred
Rotherham,2020-10-16,1187,inferred
Rotherham,2020-10-17,1187,inferred
Rotherham,2020-10-18,1187,inferred
Rotherham,2020-10-19,1187,inferred
Rotherham,2020-10-20,1187,inferred
Rotherham,2020-10-21,1387,inferred
Rotherham,2020-10-22,1387,inferred
Rotherham,2020-10-23,1387,inferred
Rotherham,2020-10-24,1387,inferred
Rotherham,2020-10-25,1387,inferred
Rotherham,2020-10-26,1387,inferred
Rotherham,2020-10-27,1387,inferred
Rotherham,2020-10-28,1339,inferred
Rotherham,2020-10-29,1339,inferred
Rotherham,2020-10-30,1339,inferred
Rotherham,2020-10-31,1339,inferred
Rotherham,2020-11-01,1339,inferred
Rotherham,2020-11-02,1339,inferred
Rotherham,2020-11-03,1339,inferred
Rotherham,2020-11-04,1040,inferred
Rotherham,2020-11-05,1040,inferred
Rotherham,2020-11-06,1040,inferred
Rotherham,2020-11-07,1040,inferred
Rotherham,2020-11-08,1040,inferred
Rotherham,2020-11-09,1040,inferred
Rotherham,2020-11-10,1040,inferred
Rotherham,2020-11-11,849,inferred
Rotherham,2020-11-12,849,inferred
Rotherham,2020-11-13,849,inferred
Rotherham,2020-11-14,849,inferred
Rotherham,2020-11-15,849,inferred
Rotherham,2020-11-16,849,inferred
Rotherham,2020-11-17,849,inferred
Rotherham,2020-11-18,567,inferred
Rotherham,2020-11-19,567,inferred
Rotherham,2020-11-20,567,inferred
Rotherham,2020-11-21,567,inferred
Rotherham,2020-11-22,567,inferred
Rotherham,2020-11-23,567,inferred
Rotherham,2020-11-24,567,inferred
Rotherham,2020-11-25,542,inferred
Rotherham,2020-11-26,542,inferred
Rotherham,2020-11-27,542,inferred
Rotherham,2020-11-28,542,inferred
Rotherham,2020-11-29,542,inferred
Rotherham,2020-11-30,542,inferred
Rotherham,2020-12-01,542,inferred
Rotherham,2020-12-02,500,inferred
Rotherham,2020-12-03,500,inferred
Rotherham,2020-12-04,500,inferred
Rotherham,2020-12-05,500,inferred
Rotherham,2020-12-06,500,inferred
Rotherham,2020-12-07,500,inferred
Rotherham,2020-12-08,500,inferred
Rotherham,2020-12-09,700,inferred
Rotherham,2020-12-10,700,inferred
Rotherham,2020-12-11,700,inferred
Rotherham,2020-12-12,700,inferred
Rotherham,2020-12-13,700,inferred
Rotherham,2020-12-14,700,inferred
Rotherham,2020-12-15,700,inferred
Rotherham,2020-12-16,598,inferred
Rotherham,2020-12-17,598,inferred
Rotherham,2020-12-18,598,inferred
Rotherham,2020-12-19,598,inferred
Rotherham,2020-12-20,598,inferred
Rotherham,2020-12-21,598,inferred
Rotherham,2020-12-22,598,inferred
Rotherham,2020-12-23,614,inferred
Rotherham,2020-12-24,614,inferred
Rotherham,2020-12-25,614,inferred
Rotherham,2020-12-26,614,inferred
Rotherham,2020-12-27,614,inferred
Rotherham,2020-12-28,614,inferred
Rotherham,2020-12-29,614,inferred
Rotherham,2020-12-30,853,inferred
Rotherham,2020-12-31,853,inferred
Rotherham,2021-01-01,853,inferred
Rotherham,2021-01-02,853,inferred
Rotherham,2021-01-03,853,inferred
Rotherham,2021-01-04,853,inferred
Rotherham,2021-01-05,853,inferred
Rotherham,2021-01-06,915,projected
Rotherham,2021-01-07,915,projected
Rotherham,2021-01-08,915,projected
Rotherham,2021-01-09,915,projected
Rotherham,2021-01-10,915,projected
Rotherham,2021-01-11,915,projected
Rotherham,2021-01-12,915,projected
Rotherham,2021-01-13,1031,projected
Rotherham,2021-01-14,1031,projected
Rotherham,2021-01-15,1031,projected
Rotherham,2021-01-16,1031,projected
Rotherham,2021-01-17,1031,projected
Rotherham,2021-01-18,1031,projected
Rotherham,2021-01-19,1031,projected
Rotherham,2021-01-20,1173,projected
Rotherham,2021-01-21,1173,projected
Rotherham,2021-01-22,1173,projected
Rotherham,2021-01-23,1173,projected
Rotherham,2021-01-24,1173,projected
Rotherham,2021-01-25,1173,projected
Rotherham,2021-01-26,1173,projected
Rugby,2020-09-23, 65,inferred
Rugby,2020-09-24, 65,inferred
Rugby,2020-09-25, 65,inferred
Rugby,2020-09-26, 65,inferred
Rugby,2020-09-27, 65,inferred
Rugby,2020-09-28, 65,inferred
Rugby,2020-09-29, 65,inferred
Rugby,2020-09-30, 89,inferred
Rugby,2020-10-01, 89,inferred
Rugby,2020-10-02, 89,inferred
Rugby,2020-10-03, 89,inferred
Rugby,2020-10-04, 89,inferred
Rugby,2020-10-05, 89,inferred
Rugby,2020-10-06, 89,inferred
Rugby,2020-10-07,102,inferred
Rugby,2020-10-08,102,inferred
Rugby,2020-10-09,102,inferred
Rugby,2020-10-10,102,inferred
Rugby,2020-10-11,102,inferred
Rugby,2020-10-12,102,inferred
Rugby,2020-10-13,102,inferred
Rugby,2020-10-14,117,inferred
Rugby,2020-10-15,117,inferred
Rugby,2020-10-16,117,inferred
Rugby,2020-10-17,117,inferred
Rugby,2020-10-18,117,inferred
Rugby,2020-10-19,117,inferred
Rugby,2020-10-20,117,inferred
Rugby,2020-10-21,157,inferred
Rugby,2020-10-22,157,inferred
Rugby,2020-10-23,157,inferred
Rugby,2020-10-24,157,inferred
Rugby,2020-10-25,157,inferred
Rugby,2020-10-26,157,inferred
Rugby,2020-10-27,157,inferred
Rugby,2020-10-28,154,inferred
Rugby,2020-10-29,154,inferred
Rugby,2020-10-30,154,inferred
Rugby,2020-10-31,154,inferred
Rugby,2020-11-01,154,inferred
Rugby,2020-11-02,154,inferred
Rugby,2020-11-03,154,inferred
Rugby,2020-11-04,251,inferred
Rugby,2020-11-05,251,inferred
Rugby,2020-11-06,251,inferred
Rugby,2020-11-07,251,inferred
Rugby,2020-11-08,251,inferred
Rugby,2020-11-09,251,inferred
Rugby,2020-11-10,251,inferred
Rugby,2020-11-11,280,inferred
Rugby,2020-11-12,280,inferred
Rugby,2020-11-13,280,inferred
Rugby,2020-11-14,280,inferred
Rugby,2020-11-15,280,inferred
Rugby,2020-11-16,280,inferred
Rugby,2020-11-17,280,inferred
Rugby,2020-11-18,197,inferred
Rugby,2020-11-19,197,inferred
Rugby,2020-11-20,197,inferred
Rugby,2020-11-21,197,inferred
Rugby,2020-11-22,197,inferred
Rugby,2020-11-23,197,inferred
Rugby,2020-11-24,197,inferred
Rugby,2020-11-25,146,inferred
Rugby,2020-11-26,146,inferred
Rugby,2020-11-27,146,inferred
Rugby,2020-11-28,146,inferred
Rugby,2020-11-29,146,inferred
Rugby,2020-11-30,146,inferred
Rugby,2020-12-01,146,inferred
Rugby,2020-12-02,136,inferred
Rugby,2020-12-03,136,inferred
Rugby,2020-12-04,136,inferred
Rugby,2020-12-05,136,inferred
Rugby,2020-12-06,136,inferred
Rugby,2020-12-07,136,inferred
Rugby,2020-12-08,136,inferred
Rugby,2020-12-09,290,inferred
Rugby,2020-12-10,290,inferred
Rugby,2020-12-11,290,inferred
Rugby,2020-12-12,290,inferred
Rugby,2020-12-13,290,inferred
Rugby,2020-12-14,290,inferred
Rugby,2020-12-15,290,inferred
Rugby,2020-12-16,418,inferred
Rugby,2020-12-17,418,inferred
Rugby,2020-12-18,418,inferred
Rugby,2020-12-19,418,inferred
Rugby,2020-12-20,418,inferred
Rugby,2020-12-21,418,inferred
Rugby,2020-12-22,418,inferred
Rugby,2020-12-23,405,inferred
Rugby,2020-12-24,405,inferred
Rugby,2020-12-25,405,inferred
Rugby,2020-12-26,405,inferred
Rugby,2020-12-27,405,inferred
Rugby,2020-12-28,405,inferred
Rugby,2020-12-29,405,inferred
Rugby,2020-12-30,539,inferred
Rugby,2020-12-31,539,inferred
Rugby,2021-01-01,539,inferred
Rugby,2021-01-02,539,inferred
Rugby,2021-01-03,539,inferred
Rugby,2021-01-04,539,inferred
Rugby,2021-01-05,539,inferred
Rugby,2021-01-06,479,projected
Rugby,2021-01-07,479,projected
Rugby,2021-01-08,479,projected
Rugby,2021-01-09,479,projected
Rugby,2021-01-10,479,projected
Rugby,2021-01-11,479,projected
Rugby,2021-01-12,479,projected
Rugby,2021-01-13,424,projected
Rugby,2021-01-14,424,projected
Rugby,2021-01-15,424,projected
Rugby,2021-01-16,424,projected
Rugby,2021-01-17,424,projected
Rugby,2021-01-18,424,projected
Rugby,2021-01-19,424,projected
Rugby,2021-01-20,410,projected
Rugby,2021-01-21,410,projected
Rugby,2021-01-22,410,projected
Rugby,2021-01-23,410,projected
Rugby,2021-01-24,410,projected
Rugby,2021-01-25,410,projected
Rugby,2021-01-26,410,projected
Runnymede,2020-09-23, 27,inferred
Runnymede,2020-09-24, 27,inferred
Runnymede,2020-09-25, 27,inferred
Runnymede,2020-09-26, 27,inferred
Runnymede,2020-09-27, 27,inferred
Runnymede,2020-09-28, 27,inferred
Runnymede,2020-09-29, 27,inferred
Runnymede,2020-09-30, 71,inferred
Runnymede,2020-10-01, 71,inferred
Runnymede,2020-10-02, 71,inferred
Runnymede,2020-10-03, 71,inferred
Runnymede,2020-10-04, 71,inferred
Runnymede,2020-10-05, 71,inferred
Runnymede,2020-10-06, 71,inferred
Runnymede,2020-10-07, 87,inferred
Runnymede,2020-10-08, 87,inferred
Runnymede,2020-10-09, 87,inferred
Runnymede,2020-10-10, 87,inferred
Runnymede,2020-10-11, 87,inferred
Runnymede,2020-10-12, 87,inferred
Runnymede,2020-10-13, 87,inferred
Runnymede,2020-10-14,105,inferred
Runnymede,2020-10-15,105,inferred
Runnymede,2020-10-16,105,inferred
Runnymede,2020-10-17,105,inferred
Runnymede,2020-10-18,105,inferred
Runnymede,2020-10-19,105,inferred
Runnymede,2020-10-20,105,inferred
Runnymede,2020-10-21,167,inferred
Runnymede,2020-10-22,167,inferred
Runnymede,2020-10-23,167,inferred
Runnymede,2020-10-24,167,inferred
Runnymede,2020-10-25,167,inferred
Runnymede,2020-10-26,167,inferred
Runnymede,2020-10-27,167,inferred
Runnymede,2020-10-28,132,inferred
Runnymede,2020-10-29,132,inferred
Runnymede,2020-10-30,132,inferred
Runnymede,2020-10-31,132,inferred
Runnymede,2020-11-01,132,inferred
Runnymede,2020-11-02,132,inferred
Runnymede,2020-11-03,132,inferred
Runnymede,2020-11-04,186,inferred
Runnymede,2020-11-05,186,inferred
Runnymede,2020-11-06,186,inferred
Runnymede,2020-11-07,186,inferred
Runnymede,2020-11-08,186,inferred
Runnymede,2020-11-09,186,inferred
Runnymede,2020-11-10,186,inferred
Runnymede,2020-11-11,228,inferred
Runnymede,2020-11-12,228,inferred
Runnymede,2020-11-13,228,inferred
Runnymede,2020-11-14,228,inferred
Runnymede,2020-11-15,228,inferred
Runnymede,2020-11-16,228,inferred
Runnymede,2020-11-17,228,inferred
Runnymede,2020-11-18,137,inferred
Runnymede,2020-11-19,137,inferred
Runnymede,2020-11-20,137,inferred
Runnymede,2020-11-21,137,inferred
Runnymede,2020-11-22,137,inferred
Runnymede,2020-11-23,137,inferred
Runnymede,2020-11-24,137,inferred
Runnymede,2020-11-25,191,inferred
Runnymede,2020-11-26,191,inferred
Runnymede,2020-11-27,191,inferred
Runnymede,2020-11-28,191,inferred
Runnymede,2020-11-29,191,inferred
Runnymede,2020-11-30,191,inferred
Runnymede,2020-12-01,191,inferred
Runnymede,2020-12-02,230,inferred
Runnymede,2020-12-03,230,inferred
Runnymede,2020-12-04,230,inferred
Runnymede,2020-12-05,230,inferred
Runnymede,2020-12-06,230,inferred
Runnymede,2020-12-07,230,inferred
Runnymede,2020-12-08,230,inferred
Runnymede,2020-12-09,283,inferred
Runnymede,2020-12-10,283,inferred
Runnymede,2020-12-11,283,inferred
Runnymede,2020-12-12,283,inferred
Runnymede,2020-12-13,283,inferred
Runnymede,2020-12-14,283,inferred
Runnymede,2020-12-15,283,inferred
Runnymede,2020-12-16,397,inferred
Runnymede,2020-12-17,397,inferred
Runnymede,2020-12-18,397,inferred
Runnymede,2020-12-19,397,inferred
Runnymede,2020-12-20,397,inferred
Runnymede,2020-12-21,397,inferred
Runnymede,2020-12-22,397,inferred
Runnymede,2020-12-23,473,inferred
Runnymede,2020-12-24,473,inferred
Runnymede,2020-12-25,473,inferred
Runnymede,2020-12-26,473,inferred
Runnymede,2020-12-27,473,inferred
Runnymede,2020-12-28,473,inferred
Runnymede,2020-12-29,473,inferred
Runnymede,2020-12-30,644,inferred
Runnymede,2020-12-31,644,inferred
Runnymede,2021-01-01,644,inferred
Runnymede,2021-01-02,644,inferred
Runnymede,2021-01-03,644,inferred
Runnymede,2021-01-04,644,inferred
Runnymede,2021-01-05,644,inferred
Runnymede,2021-01-06,464,projected
Runnymede,2021-01-07,464,projected
Runnymede,2021-01-08,464,projected
Runnymede,2021-01-09,464,projected
Runnymede,2021-01-10,464,projected
Runnymede,2021-01-11,464,projected
Runnymede,2021-01-12,464,projected
Runnymede,2021-01-13,342,projected
Runnymede,2021-01-14,342,projected
Runnymede,2021-01-15,342,projected
Runnymede,2021-01-16,342,projected
Runnymede,2021-01-17,342,projected
Runnymede,2021-01-18,342,projected
Runnymede,2021-01-19,342,projected
Runnymede,2021-01-20,266,projected
Runnymede,2021-01-21,266,projected
Runnymede,2021-01-22,266,projected
Runnymede,2021-01-23,266,projected
Runnymede,2021-01-24,266,projected
Runnymede,2021-01-25,266,projected
Runnymede,2021-01-26,266,projected
Rushcliffe,2020-09-23, 71,inferred
Rushcliffe,2020-09-24, 71,inferred
Rushcliffe,2020-09-25, 71,inferred
Rushcliffe,2020-09-26, 71,inferred
Rushcliffe,2020-09-27, 71,inferred
Rushcliffe,2020-09-28, 71,inferred
Rushcliffe,2020-09-29, 71,inferred
Rushcliffe,2020-09-30,280,inferred
Rushcliffe,2020-10-01,280,inferred
Rushcliffe,2020-10-02,280,inferred
Rushcliffe,2020-10-03,280,inferred
Rushcliffe,2020-10-04,280,inferred
Rushcliffe,2020-10-05,280,inferred
Rushcliffe,2020-10-06,280,inferred
Rushcliffe,2020-10-07,397,inferred
Rushcliffe,2020-10-08,397,inferred
Rushcliffe,2020-10-09,397,inferred
Rushcliffe,2020-10-10,397,inferred
Rushcliffe,2020-10-11,397,inferred
Rushcliffe,2020-10-12,397,inferred
Rushcliffe,2020-10-13,397,inferred
Rushcliffe,2020-10-14,464,inferred
Rushcliffe,2020-10-15,464,inferred
Rushcliffe,2020-10-16,464,inferred
Rushcliffe,2020-10-17,464,inferred
Rushcliffe,2020-10-18,464,inferred
Rushcliffe,2020-10-19,464,inferred
Rushcliffe,2020-10-20,464,inferred
Rushcliffe,2020-10-21,437,inferred
Rushcliffe,2020-10-22,437,inferred
Rushcliffe,2020-10-23,437,inferred
Rushcliffe,2020-10-24,437,inferred
Rushcliffe,2020-10-25,437,inferred
Rushcliffe,2020-10-26,437,inferred
Rushcliffe,2020-10-27,437,inferred
Rushcliffe,2020-10-28,412,inferred
Rushcliffe,2020-10-29,412,inferred
Rushcliffe,2020-10-30,412,inferred
Rushcliffe,2020-10-31,412,inferred
Rushcliffe,2020-11-01,412,inferred
Rushcliffe,2020-11-02,412,inferred
Rushcliffe,2020-11-03,412,inferred
Rushcliffe,2020-11-04,241,inferred
Rushcliffe,2020-11-05,241,inferred
Rushcliffe,2020-11-06,241,inferred
Rushcliffe,2020-11-07,241,inferred
Rushcliffe,2020-11-08,241,inferred
Rushcliffe,2020-11-09,241,inferred
Rushcliffe,2020-11-10,241,inferred
Rushcliffe,2020-11-11,251,inferred
Rushcliffe,2020-11-12,251,inferred
Rushcliffe,2020-11-13,251,inferred
Rushcliffe,2020-11-14,251,inferred
Rushcliffe,2020-11-15,251,inferred
Rushcliffe,2020-11-16,251,inferred
Rushcliffe,2020-11-17,251,inferred
Rushcliffe,2020-11-18,165,inferred
Rushcliffe,2020-11-19,165,inferred
Rushcliffe,2020-11-20,165,inferred
Rushcliffe,2020-11-21,165,inferred
Rushcliffe,2020-11-22,165,inferred
Rushcliffe,2020-11-23,165,inferred
Rushcliffe,2020-11-24,165,inferred
Rushcliffe,2020-11-25,126,inferred
Rushcliffe,2020-11-26,126,inferred
Rushcliffe,2020-11-27,126,inferred
Rushcliffe,2020-11-28,126,inferred
Rushcliffe,2020-11-29,126,inferred
Rushcliffe,2020-11-30,126,inferred
Rushcliffe,2020-12-01,126,inferred
Rushcliffe,2020-12-02, 90,inferred
Rushcliffe,2020-12-03, 90,inferred
Rushcliffe,2020-12-04, 90,inferred
Rushcliffe,2020-12-05, 90,inferred
Rushcliffe,2020-12-06, 90,inferred
Rushcliffe,2020-12-07, 90,inferred
Rushcliffe,2020-12-08, 90,inferred
Rushcliffe,2020-12-09,162,inferred
Rushcliffe,2020-12-10,162,inferred
Rushcliffe,2020-12-11,162,inferred
Rushcliffe,2020-12-12,162,inferred
Rushcliffe,2020-12-13,162,inferred
Rushcliffe,2020-12-14,162,inferred
Rushcliffe,2020-12-15,162,inferred
Rushcliffe,2020-12-16,284,inferred
Rushcliffe,2020-12-17,284,inferred
Rushcliffe,2020-12-18,284,inferred
Rushcliffe,2020-12-19,284,inferred
Rushcliffe,2020-12-20,284,inferred
Rushcliffe,2020-12-21,284,inferred
Rushcliffe,2020-12-22,284,inferred
Rushcliffe,2020-12-23,303,inferred
Rushcliffe,2020-12-24,303,inferred
Rushcliffe,2020-12-25,303,inferred
Rushcliffe,2020-12-26,303,inferred
Rushcliffe,2020-12-27,303,inferred
Rushcliffe,2020-12-28,303,inferred
Rushcliffe,2020-12-29,303,inferred
Rushcliffe,2020-12-30,475,inferred
Rushcliffe,2020-12-31,475,inferred
Rushcliffe,2021-01-01,475,inferred
Rushcliffe,2021-01-02,475,inferred
Rushcliffe,2021-01-03,475,inferred
Rushcliffe,2021-01-04,475,inferred
Rushcliffe,2021-01-05,475,inferred
Rushcliffe,2021-01-06,502,projected
Rushcliffe,2021-01-07,502,projected
Rushcliffe,2021-01-08,502,projected
Rushcliffe,2021-01-09,502,projected
Rushcliffe,2021-01-10,502,projected
Rushcliffe,2021-01-11,502,projected
Rushcliffe,2021-01-12,502,projected
Rushcliffe,2021-01-13,530,projected
Rushcliffe,2021-01-14,530,projected
Rushcliffe,2021-01-15,530,projected
Rushcliffe,2021-01-16,530,projected
Rushcliffe,2021-01-17,530,projected
Rushcliffe,2021-01-18,530,projected
Rushcliffe,2021-01-19,530,projected
Rushcliffe,2021-01-20,576,projected
Rushcliffe,2021-01-21,576,projected
Rushcliffe,2021-01-22,576,projected
Rushcliffe,2021-01-23,576,projected
Rushcliffe,2021-01-24,576,projected
Rushcliffe,2021-01-25,576,projected
Rushcliffe,2021-01-26,576,projected
Rushmoor,2020-09-23, 24,inferred
Rushmoor,2020-09-24, 24,inferred
Rushmoor,2020-09-25, 24,inferred
Rushmoor,2020-09-26, 24,inferred
Rushmoor,2020-09-27, 24,inferred
Rushmoor,2020-09-28, 24,inferred
Rushmoor,2020-09-29, 24,inferred
Rushmoor,2020-09-30, 59,inferred
Rushmoor,2020-10-01, 59,inferred
Rushmoor,2020-10-02, 59,inferred
Rushmoor,2020-10-03, 59,inferred
Rushmoor,2020-10-04, 59,inferred
Rushmoor,2020-10-05, 59,inferred
Rushmoor,2020-10-06, 59,inferred
Rushmoor,2020-10-07, 64,inferred
Rushmoor,2020-10-08, 64,inferred
Rushmoor,2020-10-09, 64,inferred
Rushmoor,2020-10-10, 64,inferred
Rushmoor,2020-10-11, 64,inferred
Rushmoor,2020-10-12, 64,inferred
Rushmoor,2020-10-13, 64,inferred
Rushmoor,2020-10-14,136,inferred
Rushmoor,2020-10-15,136,inferred
Rushmoor,2020-10-16,136,inferred
Rushmoor,2020-10-17,136,inferred
Rushmoor,2020-10-18,136,inferred
Rushmoor,2020-10-19,136,inferred
Rushmoor,2020-10-20,136,inferred
Rushmoor,2020-10-21,120,inferred
Rushmoor,2020-10-22,120,inferred
Rushmoor,2020-10-23,120,inferred
Rushmoor,2020-10-24,120,inferred
Rushmoor,2020-10-25,120,inferred
Rushmoor,2020-10-26,120,inferred
Rushmoor,2020-10-27,120,inferred
Rushmoor,2020-10-28,114,inferred
Rushmoor,2020-10-29,114,inferred
Rushmoor,2020-10-30,114,inferred
Rushmoor,2020-10-31,114,inferred
Rushmoor,2020-11-01,114,inferred
Rushmoor,2020-11-02,114,inferred
Rushmoor,2020-11-03,114,inferred
Rushmoor,2020-11-04,121,inferred
Rushmoor,2020-11-05,121,inferred
Rushmoor,2020-11-06,121,inferred
Rushmoor,2020-11-07,121,inferred
Rushmoor,2020-11-08,121,inferred
Rushmoor,2020-11-09,121,inferred
Rushmoor,2020-11-10,121,inferred
Rushmoor,2020-11-11,127,inferred
Rushmoor,2020-11-12,127,inferred
Rushmoor,2020-11-13,127,inferred
Rushmoor,2020-11-14,127,inferred
Rushmoor,2020-11-15,127,inferred
Rushmoor,2020-11-16,127,inferred
Rushmoor,2020-11-17,127,inferred
Rushmoor,2020-11-18, 68,inferred
Rushmoor,2020-11-19, 68,inferred
Rushmoor,2020-11-20, 68,inferred
Rushmoor,2020-11-21, 68,inferred
Rushmoor,2020-11-22, 68,inferred
Rushmoor,2020-11-23, 68,inferred
Rushmoor,2020-11-24, 68,inferred
Rushmoor,2020-11-25, 67,inferred
Rushmoor,2020-11-26, 67,inferred
Rushmoor,2020-11-27, 67,inferred
Rushmoor,2020-11-28, 67,inferred
Rushmoor,2020-11-29, 67,inferred
Rushmoor,2020-11-30, 67,inferred
Rushmoor,2020-12-01, 67,inferred
Rushmoor,2020-12-02,115,inferred
Rushmoor,2020-12-03,115,inferred
Rushmoor,2020-12-04,115,inferred
Rushmoor,2020-12-05,115,inferred
Rushmoor,2020-12-06,115,inferred
Rushmoor,2020-12-07,115,inferred
Rushmoor,2020-12-08,115,inferred
Rushmoor,2020-12-09,293,inferred
Rushmoor,2020-12-10,293,inferred
Rushmoor,2020-12-11,293,inferred
Rushmoor,2020-12-12,293,inferred
Rushmoor,2020-12-13,293,inferred
Rushmoor,2020-12-14,293,inferred
Rushmoor,2020-12-15,293,inferred
Rushmoor,2020-12-16,559,inferred
Rushmoor,2020-12-17,559,inferred
Rushmoor,2020-12-18,559,inferred
Rushmoor,2020-12-19,559,inferred
Rushmoor,2020-12-20,559,inferred
Rushmoor,2020-12-21,559,inferred
Rushmoor,2020-12-22,559,inferred
Rushmoor,2020-12-23,931,inferred
Rushmoor,2020-12-24,931,inferred
Rushmoor,2020-12-25,931,inferred
Rushmoor,2020-12-26,931,inferred
Rushmoor,2020-12-27,931,inferred
Rushmoor,2020-12-28,931,inferred
Rushmoor,2020-12-29,931,inferred
Rushmoor,2020-12-30,1310,inferred
Rushmoor,2020-12-31,1310,inferred
Rushmoor,2021-01-01,1310,inferred
Rushmoor,2021-01-02,1310,inferred
Rushmoor,2021-01-03,1310,inferred
Rushmoor,2021-01-04,1310,inferred
Rushmoor,2021-01-05,1310,inferred
Rushmoor,2021-01-06,1077,projected
Rushmoor,2021-01-07,1077,projected
Rushmoor,2021-01-08,1077,projected
Rushmoor,2021-01-09,1077,projected
Rushmoor,2021-01-10,1077,projected
Rushmoor,2021-01-11,1077,projected
Rushmoor,2021-01-12,1077,projected
Rushmoor,2021-01-13,872,projected
Rushmoor,2021-01-14,872,projected
Rushmoor,2021-01-15,872,projected
Rushmoor,2021-01-16,872,projected
Rushmoor,2021-01-17,872,projected
Rushmoor,2021-01-18,872,projected
Rushmoor,2021-01-19,872,projected
Rushmoor,2021-01-20,726,projected
Rushmoor,2021-01-21,726,projected
Rushmoor,2021-01-22,726,projected
Rushmoor,2021-01-23,726,projected
Rushmoor,2021-01-24,726,projected
Rushmoor,2021-01-25,726,projected
Rushmoor,2021-01-26,726,projected
Rutland,2020-09-23, 14,inferred
Rutland,2020-09-24, 14,inferred
Rutland,2020-09-25, 14,inferred
Rutland,2020-09-26, 14,inferred
Rutland,2020-09-27, 14,inferred
Rutland,2020-09-28, 14,inferred
Rutland,2020-09-29, 14,inferred
Rutland,2020-09-30, 32,inferred
Rutland,2020-10-01, 32,inferred
Rutland,2020-10-02, 32,inferred
Rutland,2020-10-03, 32,inferred
Rutland,2020-10-04, 32,inferred
Rutland,2020-10-05, 32,inferred
Rutland,2020-10-06, 32,inferred
Rutland,2020-10-07, 38,inferred
Rutland,2020-10-08, 38,inferred
Rutland,2020-10-09, 38,inferred
Rutland,2020-10-10, 38,inferred
Rutland,2020-10-11, 38,inferred
Rutland,2020-10-12, 38,inferred
Rutland,2020-10-13, 38,inferred
Rutland,2020-10-14, 38,inferred
Rutland,2020-10-15, 38,inferred
Rutland,2020-10-16, 38,inferred
Rutland,2020-10-17, 38,inferred
Rutland,2020-10-18, 38,inferred
Rutland,2020-10-19, 38,inferred
Rutland,2020-10-20, 38,inferred
Rutland,2020-10-21, 32,inferred
Rutland,2020-10-22, 32,inferred
Rutland,2020-10-23, 32,inferred
Rutland,2020-10-24, 32,inferred
Rutland,2020-10-25, 32,inferred
Rutland,2020-10-26, 32,inferred
Rutland,2020-10-27, 32,inferred
Rutland,2020-10-28, 41,inferred
Rutland,2020-10-29, 41,inferred
Rutland,2020-10-30, 41,inferred
Rutland,2020-10-31, 41,inferred
Rutland,2020-11-01, 41,inferred
Rutland,2020-11-02, 41,inferred
Rutland,2020-11-03, 41,inferred
Rutland,2020-11-04, 54,inferred
Rutland,2020-11-05, 54,inferred
Rutland,2020-11-06, 54,inferred
Rutland,2020-11-07, 54,inferred
Rutland,2020-11-08, 54,inferred
Rutland,2020-11-09, 54,inferred
Rutland,2020-11-10, 54,inferred
Rutland,2020-11-11, 51,inferred
Rutland,2020-11-12, 51,inferred
Rutland,2020-11-13, 51,inferred
Rutland,2020-11-14, 51,inferred
Rutland,2020-11-15, 51,inferred
Rutland,2020-11-16, 51,inferred
Rutland,2020-11-17, 51,inferred
Rutland,2020-11-18, 32,inferred
Rutland,2020-11-19, 32,inferred
Rutland,2020-11-20, 32,inferred
Rutland,2020-11-21, 32,inferred
Rutland,2020-11-22, 32,inferred
Rutland,2020-11-23, 32,inferred
Rutland,2020-11-24, 32,inferred
Rutland,2020-11-25, 30,inferred
Rutland,2020-11-26, 30,inferred
Rutland,2020-11-27, 30,inferred
Rutland,2020-11-28, 30,inferred
Rutland,2020-11-29, 30,inferred
Rutland,2020-11-30, 30,inferred
Rutland,2020-12-01, 30,inferred
Rutland,2020-12-02, 48,inferred
Rutland,2020-12-03, 48,inferred
Rutland,2020-12-04, 48,inferred
Rutland,2020-12-05, 48,inferred
Rutland,2020-12-06, 48,inferred
Rutland,2020-12-07, 48,inferred
Rutland,2020-12-08, 48,inferred
Rutland,2020-12-09, 50,inferred
Rutland,2020-12-10, 50,inferred
Rutland,2020-12-11, 50,inferred
Rutland,2020-12-12, 50,inferred
Rutland,2020-12-13, 50,inferred
Rutland,2020-12-14, 50,inferred
Rutland,2020-12-15, 50,inferred
Rutland,2020-12-16, 62,inferred
Rutland,2020-12-17, 62,inferred
Rutland,2020-12-18, 62,inferred
Rutland,2020-12-19, 62,inferred
Rutland,2020-12-20, 62,inferred
Rutland,2020-12-21, 62,inferred
Rutland,2020-12-22, 62,inferred
Rutland,2020-12-23, 83,inferred
Rutland,2020-12-24, 83,inferred
Rutland,2020-12-25, 83,inferred
Rutland,2020-12-26, 83,inferred
Rutland,2020-12-27, 83,inferred
Rutland,2020-12-28, 83,inferred
Rutland,2020-12-29, 83,inferred
Rutland,2020-12-30,114,inferred
Rutland,2020-12-31,114,inferred
Rutland,2021-01-01,114,inferred
Rutland,2021-01-02,114,inferred
Rutland,2021-01-03,114,inferred
Rutland,2021-01-04,114,inferred
Rutland,2021-01-05,114,inferred
Rutland,2021-01-06,115,projected
Rutland,2021-01-07,115,projected
Rutland,2021-01-08,115,projected
Rutland,2021-01-09,115,projected
Rutland,2021-01-10,115,projected
Rutland,2021-01-11,115,projected
Rutland,2021-01-12,115,projected
Rutland,2021-01-13,113,projected
Rutland,2021-01-14,113,projected
Rutland,2021-01-15,113,projected
Rutland,2021-01-16,113,projected
Rutland,2021-01-17,113,projected
Rutland,2021-01-18,113,projected
Rutland,2021-01-19,113,projected
Rutland,2021-01-20,115,projected
Rutland,2021-01-21,115,projected
Rutland,2021-01-22,115,projected
Rutland,2021-01-23,115,projected
Rutland,2021-01-24,115,projected
Rutland,2021-01-25,115,projected
Rutland,2021-01-26,115,projected
Ryedale,2020-09-23, 21,inferred
Ryedale,2020-09-24, 21,inferred
Ryedale,2020-09-25, 21,inferred
Ryedale,2020-09-26, 21,inferred
Ryedale,2020-09-27, 21,inferred
Ryedale,2020-09-28, 21,inferred
Ryedale,2020-09-29, 21,inferred
Ryedale,2020-09-30, 40,inferred
Ryedale,2020-10-01, 40,inferred
Ryedale,2020-10-02, 40,inferred
Ryedale,2020-10-03, 40,inferred
Ryedale,2020-10-04, 40,inferred
Ryedale,2020-10-05, 40,inferred
Ryedale,2020-10-06, 40,inferred
Ryedale,2020-10-07, 45,inferred
Ryedale,2020-10-08, 45,inferred
Ryedale,2020-10-09, 45,inferred
Ryedale,2020-10-10, 45,inferred
Ryedale,2020-10-11, 45,inferred
Ryedale,2020-10-12, 45,inferred
Ryedale,2020-10-13, 45,inferred
Ryedale,2020-10-14, 53,inferred
Ryedale,2020-10-15, 53,inferred
Ryedale,2020-10-16, 53,inferred
Ryedale,2020-10-17, 53,inferred
Ryedale,2020-10-18, 53,inferred
Ryedale,2020-10-19, 53,inferred
Ryedale,2020-10-20, 53,inferred
Ryedale,2020-10-21, 46,inferred
Ryedale,2020-10-22, 46,inferred
Ryedale,2020-10-23, 46,inferred
Ryedale,2020-10-24, 46,inferred
Ryedale,2020-10-25, 46,inferred
Ryedale,2020-10-26, 46,inferred
Ryedale,2020-10-27, 46,inferred
Ryedale,2020-10-28, 68,inferred
Ryedale,2020-10-29, 68,inferred
Ryedale,2020-10-30, 68,inferred
Ryedale,2020-10-31, 68,inferred
Ryedale,2020-11-01, 68,inferred
Ryedale,2020-11-02, 68,inferred
Ryedale,2020-11-03, 68,inferred
Ryedale,2020-11-04,104,inferred
Ryedale,2020-11-05,104,inferred
Ryedale,2020-11-06,104,inferred
Ryedale,2020-11-07,104,inferred
Ryedale,2020-11-08,104,inferred
Ryedale,2020-11-09,104,inferred
Ryedale,2020-11-10,104,inferred
Ryedale,2020-11-11, 99,inferred
Ryedale,2020-11-12, 99,inferred
Ryedale,2020-11-13, 99,inferred
Ryedale,2020-11-14, 99,inferred
Ryedale,2020-11-15, 99,inferred
Ryedale,2020-11-16, 99,inferred
Ryedale,2020-11-17, 99,inferred
Ryedale,2020-11-18, 61,inferred
Ryedale,2020-11-19, 61,inferred
Ryedale,2020-11-20, 61,inferred
Ryedale,2020-11-21, 61,inferred
Ryedale,2020-11-22, 61,inferred
Ryedale,2020-11-23, 61,inferred
Ryedale,2020-11-24, 61,inferred
Ryedale,2020-11-25, 42,inferred
Ryedale,2020-11-26, 42,inferred
Ryedale,2020-11-27, 42,inferred
Ryedale,2020-11-28, 42,inferred
Ryedale,2020-11-29, 42,inferred
Ryedale,2020-11-30, 42,inferred
Ryedale,2020-12-01, 42,inferred
Ryedale,2020-12-02, 40,inferred
Ryedale,2020-12-03, 40,inferred
Ryedale,2020-12-04, 40,inferred
Ryedale,2020-12-05, 40,inferred
Ryedale,2020-12-06, 40,inferred
Ryedale,2020-12-07, 40,inferred
Ryedale,2020-12-08, 40,inferred
Ryedale,2020-12-09, 39,inferred
Ryedale,2020-12-10, 39,inferred
Ryedale,2020-12-11, 39,inferred
Ryedale,2020-12-12, 39,inferred
Ryedale,2020-12-13, 39,inferred
Ryedale,2020-12-14, 39,inferred
Ryedale,2020-12-15, 39,inferred
Ryedale,2020-12-16, 66,inferred
Ryedale,2020-12-17, 66,inferred
Ryedale,2020-12-18, 66,inferred
Ryedale,2020-12-19, 66,inferred
Ryedale,2020-12-20, 66,inferred
Ryedale,2020-12-21, 66,inferred
Ryedale,2020-12-22, 66,inferred
Ryedale,2020-12-23,136,inferred
Ryedale,2020-12-24,136,inferred
Ryedale,2020-12-25,136,inferred
Ryedale,2020-12-26,136,inferred
Ryedale,2020-12-27,136,inferred
Ryedale,2020-12-28,136,inferred
Ryedale,2020-12-29,136,inferred
Ryedale,2020-12-30,175,inferred
Ryedale,2020-12-31,175,inferred
Ryedale,2021-01-01,175,inferred
Ryedale,2021-01-02,175,inferred
Ryedale,2021-01-03,175,inferred
Ryedale,2021-01-04,175,inferred
Ryedale,2021-01-05,175,inferred
Ryedale,2021-01-06,151,projected
Ryedale,2021-01-07,151,projected
Ryedale,2021-01-08,151,projected
Ryedale,2021-01-09,151,projected
Ryedale,2021-01-10,151,projected
Ryedale,2021-01-11,151,projected
Ryedale,2021-01-12,151,projected
Ryedale,2021-01-13,148,projected
Ryedale,2021-01-14,148,projected
Ryedale,2021-01-15,148,projected
Ryedale,2021-01-16,148,projected
Ryedale,2021-01-17,148,projected
Ryedale,2021-01-18,148,projected
Ryedale,2021-01-19,148,projected
Ryedale,2021-01-20,156,projected
Ryedale,2021-01-21,156,projected
Ryedale,2021-01-22,156,projected
Ryedale,2021-01-23,156,projected
Ryedale,2021-01-24,156,projected
Ryedale,2021-01-25,156,projected
Ryedale,2021-01-26,156,projected
Salford,2020-09-23,683,inferred
Salford,2020-09-24,683,inferred
Salford,2020-09-25,683,inferred
Salford,2020-09-26,683,inferred
Salford,2020-09-27,683,inferred
Salford,2020-09-28,683,inferred
Salford,2020-09-29,683,inferred
Salford,2020-09-30,1092,inferred
Salford,2020-10-01,1092,inferred
Salford,2020-10-02,1092,inferred
Salford,2020-10-03,1092,inferred
Salford,2020-10-04,1092,inferred
Salford,2020-10-05,1092,inferred
Salford,2020-10-06,1092,inferred
Salford,2020-10-07,1083,inferred
Salford,2020-10-08,1083,inferred
Salford,2020-10-09,1083,inferred
Salford,2020-10-10,1083,inferred
Salford,2020-10-11,1083,inferred
Salford,2020-10-12,1083,inferred
Salford,2020-10-13,1083,inferred
Salford,2020-10-14,1486,inferred
Salford,2020-10-15,1486,inferred
Salford,2020-10-16,1486,inferred
Salford,2020-10-17,1486,inferred
Salford,2020-10-18,1486,inferred
Salford,2020-10-19,1486,inferred
Salford,2020-10-20,1486,inferred
Salford,2020-10-21,1608,inferred
Salford,2020-10-22,1608,inferred
Salford,2020-10-23,1608,inferred
Salford,2020-10-24,1608,inferred
Salford,2020-10-25,1608,inferred
Salford,2020-10-26,1608,inferred
Salford,2020-10-27,1608,inferred
Salford,2020-10-28,1642,inferred
Salford,2020-10-29,1642,inferred
Salford,2020-10-30,1642,inferred
Salford,2020-10-31,1642,inferred
Salford,2020-11-01,1642,inferred
Salford,2020-11-02,1642,inferred
Salford,2020-11-03,1642,inferred
Salford,2020-11-04,1272,inferred
Salford,2020-11-05,1272,inferred
Salford,2020-11-06,1272,inferred
Salford,2020-11-07,1272,inferred
Salford,2020-11-08,1272,inferred
Salford,2020-11-09,1272,inferred
Salford,2020-11-10,1272,inferred
Salford,2020-11-11,991,inferred
Salford,2020-11-12,991,inferred
Salford,2020-11-13,991,inferred
Salford,2020-11-14,991,inferred
Salford,2020-11-15,991,inferred
Salford,2020-11-16,991,inferred
Salford,2020-11-17,991,inferred
Salford,2020-11-18,495,inferred
Salford,2020-11-19,495,inferred
Salford,2020-11-20,495,inferred
Salford,2020-11-21,495,inferred
Salford,2020-11-22,495,inferred
Salford,2020-11-23,495,inferred
Salford,2020-11-24,495,inferred
Salford,2020-11-25,370,inferred
Salford,2020-11-26,370,inferred
Salford,2020-11-27,370,inferred
Salford,2020-11-28,370,inferred
Salford,2020-11-29,370,inferred
Salford,2020-11-30,370,inferred
Salford,2020-12-01,370,inferred
Salford,2020-12-02,354,inferred
Salford,2020-12-03,354,inferred
Salford,2020-12-04,354,inferred
Salford,2020-12-05,354,inferred
Salford,2020-12-06,354,inferred
Salford,2020-12-07,354,inferred
Salford,2020-12-08,354,inferred
Salford,2020-12-09,429,inferred
Salford,2020-12-10,429,inferred
Salford,2020-12-11,429,inferred
Salford,2020-12-12,429,inferred
Salford,2020-12-13,429,inferred
Salford,2020-12-14,429,inferred
Salford,2020-12-15,429,inferred
Salford,2020-12-16,551,inferred
Salford,2020-12-17,551,inferred
Salford,2020-12-18,551,inferred
Salford,2020-12-19,551,inferred
Salford,2020-12-20,551,inferred
Salford,2020-12-21,551,inferred
Salford,2020-12-22,551,inferred
Salford,2020-12-23,593,inferred
Salford,2020-12-24,593,inferred
Salford,2020-12-25,593,inferred
Salford,2020-12-26,593,inferred
Salford,2020-12-27,593,inferred
Salford,2020-12-28,593,inferred
Salford,2020-12-29,593,inferred
Salford,2020-12-30,1064,inferred
Salford,2020-12-31,1064,inferred
Salford,2021-01-01,1064,inferred
Salford,2021-01-02,1064,inferred
Salford,2021-01-03,1064,inferred
Salford,2021-01-04,1064,inferred
Salford,2021-01-05,1064,inferred
Salford,2021-01-06,1222,projected
Salford,2021-01-07,1222,projected
Salford,2021-01-08,1222,projected
Salford,2021-01-09,1222,projected
Salford,2021-01-10,1222,projected
Salford,2021-01-11,1222,projected
Salford,2021-01-12,1222,projected
Salford,2021-01-13,1362,projected
Salford,2021-01-14,1362,projected
Salford,2021-01-15,1362,projected
Salford,2021-01-16,1362,projected
Salford,2021-01-17,1362,projected
Salford,2021-01-18,1362,projected
Salford,2021-01-19,1362,projected
Salford,2021-01-20,1599,projected
Salford,2021-01-21,1599,projected
Salford,2021-01-22,1599,projected
Salford,2021-01-23,1599,projected
Salford,2021-01-24,1599,projected
Salford,2021-01-25,1599,projected
Salford,2021-01-26,1599,projected
Sandwell,2020-09-23,370,inferred
Sandwell,2020-09-24,370,inferred
Sandwell,2020-09-25,370,inferred
Sandwell,2020-09-26,370,inferred
Sandwell,2020-09-27,370,inferred
Sandwell,2020-09-28,370,inferred
Sandwell,2020-09-29,370,inferred
Sandwell,2020-09-30,405,inferred
Sandwell,2020-10-01,405,inferred
Sandwell,2020-10-02,405,inferred
Sandwell,2020-10-03,405,inferred
Sandwell,2020-10-04,405,inferred
Sandwell,2020-10-05,405,inferred
Sandwell,2020-10-06,405,inferred
Sandwell,2020-10-07,553,inferred
Sandwell,2020-10-08,553,inferred
Sandwell,2020-10-09,553,inferred
Sandwell,2020-10-10,553,inferred
Sandwell,2020-10-11,553,inferred
Sandwell,2020-10-12,553,inferred
Sandwell,2020-10-13,553,inferred
Sandwell,2020-10-14,811,inferred
Sandwell,2020-10-15,811,inferred
Sandwell,2020-10-16,811,inferred
Sandwell,2020-10-17,811,inferred
Sandwell,2020-10-18,811,inferred
Sandwell,2020-10-19,811,inferred
Sandwell,2020-10-20,811,inferred
Sandwell,2020-10-21,1037,inferred
Sandwell,2020-10-22,1037,inferred
Sandwell,2020-10-23,1037,inferred
Sandwell,2020-10-24,1037,inferred
Sandwell,2020-10-25,1037,inferred
Sandwell,2020-10-26,1037,inferred
Sandwell,2020-10-27,1037,inferred
Sandwell,2020-10-28,1373,inferred
Sandwell,2020-10-29,1373,inferred
Sandwell,2020-10-30,1373,inferred
Sandwell,2020-10-31,1373,inferred
Sandwell,2020-11-01,1373,inferred
Sandwell,2020-11-02,1373,inferred
Sandwell,2020-11-03,1373,inferred
Sandwell,2020-11-04,1576,inferred
Sandwell,2020-11-05,1576,inferred
Sandwell,2020-11-06,1576,inferred
Sandwell,2020-11-07,1576,inferred
Sandwell,2020-11-08,1576,inferred
Sandwell,2020-11-09,1576,inferred
Sandwell,2020-11-10,1576,inferred
Sandwell,2020-11-11,1600,inferred
Sandwell,2020-11-12,1600,inferred
Sandwell,2020-11-13,1600,inferred
Sandwell,2020-11-14,1600,inferred
Sandwell,2020-11-15,1600,inferred
Sandwell,2020-11-16,1600,inferred
Sandwell,2020-11-17,1600,inferred
Sandwell,2020-11-18,1117,inferred
Sandwell,2020-11-19,1117,inferred
Sandwell,2020-11-20,1117,inferred
Sandwell,2020-11-21,1117,inferred
Sandwell,2020-11-22,1117,inferred
Sandwell,2020-11-23,1117,inferred
Sandwell,2020-11-24,1117,inferred
Sandwell,2020-11-25,782,inferred
Sandwell,2020-11-26,782,inferred
Sandwell,2020-11-27,782,inferred
Sandwell,2020-11-28,782,inferred
Sandwell,2020-11-29,782,inferred
Sandwell,2020-11-30,782,inferred
Sandwell,2020-12-01,782,inferred
Sandwell,2020-12-02,649,inferred
Sandwell,2020-12-03,649,inferred
Sandwell,2020-12-04,649,inferred
Sandwell,2020-12-05,649,inferred
Sandwell,2020-12-06,649,inferred
Sandwell,2020-12-07,649,inferred
Sandwell,2020-12-08,649,inferred
Sandwell,2020-12-09,805,inferred
Sandwell,2020-12-10,805,inferred
Sandwell,2020-12-11,805,inferred
Sandwell,2020-12-12,805,inferred
Sandwell,2020-12-13,805,inferred
Sandwell,2020-12-14,805,inferred
Sandwell,2020-12-15,805,inferred
Sandwell,2020-12-16,1080,inferred
Sandwell,2020-12-17,1080,inferred
Sandwell,2020-12-18,1080,inferred
Sandwell,2020-12-19,1080,inferred
Sandwell,2020-12-20,1080,inferred
Sandwell,2020-12-21,1080,inferred
Sandwell,2020-12-22,1080,inferred
Sandwell,2020-12-23,1659,inferred
Sandwell,2020-12-24,1659,inferred
Sandwell,2020-12-25,1659,inferred
Sandwell,2020-12-26,1659,inferred
Sandwell,2020-12-27,1659,inferred
Sandwell,2020-12-28,1659,inferred
Sandwell,2020-12-29,1659,inferred
Sandwell,2020-12-30,3086,inferred
Sandwell,2020-12-31,3086,inferred
Sandwell,2021-01-01,3086,inferred
Sandwell,2021-01-02,3086,inferred
Sandwell,2021-01-03,3086,inferred
Sandwell,2021-01-04,3086,inferred
Sandwell,2021-01-05,3086,inferred
Sandwell,2021-01-06,3050,projected
Sandwell,2021-01-07,3050,projected
Sandwell,2021-01-08,3050,projected
Sandwell,2021-01-09,3050,projected
Sandwell,2021-01-10,3050,projected
Sandwell,2021-01-11,3050,projected
Sandwell,2021-01-12,3050,projected
Sandwell,2021-01-13,2722,projected
Sandwell,2021-01-14,2722,projected
Sandwell,2021-01-15,2722,projected
Sandwell,2021-01-16,2722,projected
Sandwell,2021-01-17,2722,projected
Sandwell,2021-01-18,2722,projected
Sandwell,2021-01-19,2722,projected
Sandwell,2021-01-20,2655,projected
Sandwell,2021-01-21,2655,projected
Sandwell,2021-01-22,2655,projected
Sandwell,2021-01-23,2655,projected
Sandwell,2021-01-24,2655,projected
Sandwell,2021-01-25,2655,projected
Sandwell,2021-01-26,2655,projected
Scarborough,2020-09-23, 61,inferred
Scarborough,2020-09-24, 61,inferred
Scarborough,2020-09-25, 61,inferred
Scarborough,2020-09-26, 61,inferred
Scarborough,2020-09-27, 61,inferred
Scarborough,2020-09-28, 61,inferred
Scarborough,2020-09-29, 61,inferred
Scarborough,2020-09-30, 80,inferred
Scarborough,2020-10-01, 80,inferred
Scarborough,2020-10-02, 80,inferred
Scarborough,2020-10-03, 80,inferred
Scarborough,2020-10-04, 80,inferred
Scarborough,2020-10-05, 80,inferred
Scarborough,2020-10-06, 80,inferred
Scarborough,2020-10-07,107,inferred
Scarborough,2020-10-08,107,inferred
Scarborough,2020-10-09,107,inferred
Scarborough,2020-10-10,107,inferred
Scarborough,2020-10-11,107,inferred
Scarborough,2020-10-12,107,inferred
Scarborough,2020-10-13,107,inferred
Scarborough,2020-10-14,121,inferred
Scarborough,2020-10-15,121,inferred
Scarborough,2020-10-16,121,inferred
Scarborough,2020-10-17,121,inferred
Scarborough,2020-10-18,121,inferred
Scarborough,2020-10-19,121,inferred
Scarborough,2020-10-20,121,inferred
Scarborough,2020-10-21,159,inferred
Scarborough,2020-10-22,159,inferred
Scarborough,2020-10-23,159,inferred
Scarborough,2020-10-24,159,inferred
Scarborough,2020-10-25,159,inferred
Scarborough,2020-10-26,159,inferred
Scarborough,2020-10-27,159,inferred
Scarborough,2020-10-28,258,inferred
Scarborough,2020-10-29,258,inferred
Scarborough,2020-10-30,258,inferred
Scarborough,2020-10-31,258,inferred
Scarborough,2020-11-01,258,inferred
Scarborough,2020-11-02,258,inferred
Scarborough,2020-11-03,258,inferred
Scarborough,2020-11-04,648,inferred
Scarborough,2020-11-05,648,inferred
Scarborough,2020-11-06,648,inferred
Scarborough,2020-11-07,648,inferred
Scarborough,2020-11-08,648,inferred
Scarborough,2020-11-09,648,inferred
Scarborough,2020-11-10,648,inferred
Scarborough,2020-11-11,439,inferred
Scarborough,2020-11-12,439,inferred
Scarborough,2020-11-13,439,inferred
Scarborough,2020-11-14,439,inferred
Scarborough,2020-11-15,439,inferred
Scarborough,2020-11-16,439,inferred
Scarborough,2020-11-17,439,inferred
Scarborough,2020-11-18,217,inferred
Scarborough,2020-11-19,217,inferred
Scarborough,2020-11-20,217,inferred
Scarborough,2020-11-21,217,inferred
Scarborough,2020-11-22,217,inferred
Scarborough,2020-11-23,217,inferred
Scarborough,2020-11-24,217,inferred
Scarborough,2020-11-25,156,inferred
Scarborough,2020-11-26,156,inferred
Scarborough,2020-11-27,156,inferred
Scarborough,2020-11-28,156,inferred
Scarborough,2020-11-29,156,inferred
Scarborough,2020-11-30,156,inferred
Scarborough,2020-12-01,156,inferred
Scarborough,2020-12-02,182,inferred
Scarborough,2020-12-03,182,inferred
Scarborough,2020-12-04,182,inferred
Scarborough,2020-12-05,182,inferred
Scarborough,2020-12-06,182,inferred
Scarborough,2020-12-07,182,inferred
Scarborough,2020-12-08,182,inferred
Scarborough,2020-12-09,269,inferred
Scarborough,2020-12-10,269,inferred
Scarborough,2020-12-11,269,inferred
Scarborough,2020-12-12,269,inferred
Scarborough,2020-12-13,269,inferred
Scarborough,2020-12-14,269,inferred
Scarborough,2020-12-15,269,inferred
Scarborough,2020-12-16,263,inferred
Scarborough,2020-12-17,263,inferred
Scarborough,2020-12-18,263,inferred
Scarborough,2020-12-19,263,inferred
Scarborough,2020-12-20,263,inferred
Scarborough,2020-12-21,263,inferred
Scarborough,2020-12-22,263,inferred
Scarborough,2020-12-23,280,inferred
Scarborough,2020-12-24,280,inferred
Scarborough,2020-12-25,280,inferred
Scarborough,2020-12-26,280,inferred
Scarborough,2020-12-27,280,inferred
Scarborough,2020-12-28,280,inferred
Scarborough,2020-12-29,280,inferred
Scarborough,2020-12-30,421,inferred
Scarborough,2020-12-31,421,inferred
Scarborough,2021-01-01,421,inferred
Scarborough,2021-01-02,421,inferred
Scarborough,2021-01-03,421,inferred
Scarborough,2021-01-04,421,inferred
Scarborough,2021-01-05,421,inferred
Scarborough,2021-01-06,414,projected
Scarborough,2021-01-07,414,projected
Scarborough,2021-01-08,414,projected
Scarborough,2021-01-09,414,projected
Scarborough,2021-01-10,414,projected
Scarborough,2021-01-11,414,projected
Scarborough,2021-01-12,414,projected
Scarborough,2021-01-13,424,projected
Scarborough,2021-01-14,424,projected
Scarborough,2021-01-15,424,projected
Scarborough,2021-01-16,424,projected
Scarborough,2021-01-17,424,projected
Scarborough,2021-01-18,424,projected
Scarborough,2021-01-19,424,projected
Scarborough,2021-01-20,456,projected
Scarborough,2021-01-21,456,projected
Scarborough,2021-01-22,456,projected
Scarborough,2021-01-23,456,projected
Scarborough,2021-01-24,456,projected
Scarborough,2021-01-25,456,projected
Scarborough,2021-01-26,456,projected
Scottish Borders,2020-09-23, 36,inferred
Scottish Borders,2020-09-24, 36,inferred
Scottish Borders,2020-09-25, 36,inferred
Scottish Borders,2020-09-26, 36,inferred
Scottish Borders,2020-09-27, 36,inferred
Scottish Borders,2020-09-28, 36,inferred
Scottish Borders,2020-09-29, 36,inferred
Scottish Borders,2020-09-30, 35,inferred
Scottish Borders,2020-10-01, 35,inferred
Scottish Borders,2020-10-02, 35,inferred
Scottish Borders,2020-10-03, 35,inferred
Scottish Borders,2020-10-04, 35,inferred
Scottish Borders,2020-10-05, 35,inferred
Scottish Borders,2020-10-06, 35,inferred
Scottish Borders,2020-10-07, 41,inferred
Scottish Borders,2020-10-08, 41,inferred
Scottish Borders,2020-10-09, 41,inferred
Scottish Borders,2020-10-10, 41,inferred
Scottish Borders,2020-10-11, 41,inferred
Scottish Borders,2020-10-12, 41,inferred
Scottish Borders,2020-10-13, 41,inferred
Scottish Borders,2020-10-14, 45,inferred
Scottish Borders,2020-10-15, 45,inferred
Scottish Borders,2020-10-16, 45,inferred
Scottish Borders,2020-10-17, 45,inferred
Scottish Borders,2020-10-18, 45,inferred
Scottish Borders,2020-10-19, 45,inferred
Scottish Borders,2020-10-20, 45,inferred
Scottish Borders,2020-10-21, 47,inferred
Scottish Borders,2020-10-22, 47,inferred
Scottish Borders,2020-10-23, 47,inferred
Scottish Borders,2020-10-24, 47,inferred
Scottish Borders,2020-10-25, 47,inferred
Scottish Borders,2020-10-26, 47,inferred
Scottish Borders,2020-10-27, 47,inferred
Scottish Borders,2020-10-28, 63,inferred
Scottish Borders,2020-10-29, 63,inferred
Scottish Borders,2020-10-30, 63,inferred
Scottish Borders,2020-10-31, 63,inferred
Scottish Borders,2020-11-01, 63,inferred
Scottish Borders,2020-11-02, 63,inferred
Scottish Borders,2020-11-03, 63,inferred
Scottish Borders,2020-11-04, 66,inferred
Scottish Borders,2020-11-05, 66,inferred
Scottish Borders,2020-11-06, 66,inferred
Scottish Borders,2020-11-07, 66,inferred
Scottish Borders,2020-11-08, 66,inferred
Scottish Borders,2020-11-09, 66,inferred
Scottish Borders,2020-11-10, 66,inferred
Scottish Borders,2020-11-11, 82,inferred
Scottish Borders,2020-11-12, 82,inferred
Scottish Borders,2020-11-13, 82,inferred
Scottish Borders,2020-11-14, 82,inferred
Scottish Borders,2020-11-15, 82,inferred
Scottish Borders,2020-11-16, 82,inferred
Scottish Borders,2020-11-17, 82,inferred
Scottish Borders,2020-11-18, 68,inferred
Scottish Borders,2020-11-19, 68,inferred
Scottish Borders,2020-11-20, 68,inferred
Scottish Borders,2020-11-21, 68,inferred
Scottish Borders,2020-11-22, 68,inferred
Scottish Borders,2020-11-23, 68,inferred
Scottish Borders,2020-11-24, 68,inferred
Scottish Borders,2020-11-25, 38,inferred
Scottish Borders,2020-11-26, 38,inferred
Scottish Borders,2020-11-27, 38,inferred
Scottish Borders,2020-11-28, 38,inferred
Scottish Borders,2020-11-29, 38,inferred
Scottish Borders,2020-11-30, 38,inferred
Scottish Borders,2020-12-01, 38,inferred
Scottish Borders,2020-12-02, 47,inferred
Scottish Borders,2020-12-03, 47,inferred
Scottish Borders,2020-12-04, 47,inferred
Scottish Borders,2020-12-05, 47,inferred
Scottish Borders,2020-12-06, 47,inferred
Scottish Borders,2020-12-07, 47,inferred
Scottish Borders,2020-12-08, 47,inferred
Scottish Borders,2020-12-09,103,inferred
Scottish Borders,2020-12-10,103,inferred
Scottish Borders,2020-12-11,103,inferred
Scottish Borders,2020-12-12,103,inferred
Scottish Borders,2020-12-13,103,inferred
Scottish Borders,2020-12-14,103,inferred
Scottish Borders,2020-12-15,103,inferred
Scottish Borders,2020-12-16,123,inferred
Scottish Borders,2020-12-17,123,inferred
Scottish Borders,2020-12-18,123,inferred
Scottish Borders,2020-12-19,123,inferred
Scottish Borders,2020-12-20,123,inferred
Scottish Borders,2020-12-21,123,inferred
Scottish Borders,2020-12-22,123,inferred
Scottish Borders,2020-12-23,190,inferred
Scottish Borders,2020-12-24,190,inferred
Scottish Borders,2020-12-25,190,inferred
Scottish Borders,2020-12-26,190,inferred
Scottish Borders,2020-12-27,190,inferred
Scottish Borders,2020-12-28,190,inferred
Scottish Borders,2020-12-29,190,inferred
Scottish Borders,2020-12-30,507,inferred
Scottish Borders,2020-12-31,507,inferred
Scottish Borders,2021-01-01,507,inferred
Scottish Borders,2021-01-02,507,inferred
Scottish Borders,2021-01-03,507,inferred
Scottish Borders,2021-01-04,507,inferred
Scottish Borders,2021-01-05,507,inferred
Scottish Borders,2021-01-06,661,projected
Scottish Borders,2021-01-07,661,projected
Scottish Borders,2021-01-08,661,projected
Scottish Borders,2021-01-09,661,projected
Scottish Borders,2021-01-10,661,projected
Scottish Borders,2021-01-11,661,projected
Scottish Borders,2021-01-12,661,projected
Scottish Borders,2021-01-13,937,projected
Scottish Borders,2021-01-14,937,projected
Scottish Borders,2021-01-15,937,projected
Scottish Borders,2021-01-16,937,projected
Scottish Borders,2021-01-17,937,projected
Scottish Borders,2021-01-18,937,projected
Scottish Borders,2021-01-19,937,projected
Scottish Borders,2021-01-20,1329,projected
Scottish Borders,2021-01-21,1329,projected
Scottish Borders,2021-01-22,1329,projected
Scottish Borders,2021-01-23,1329,projected
Scottish Borders,2021-01-24,1329,projected
Scottish Borders,2021-01-25,1329,projected
Scottish Borders,2021-01-26,1329,projected
Sedgemoor,2020-09-23, 23,inferred
Sedgemoor,2020-09-24, 23,inferred
Sedgemoor,2020-09-25, 23,inferred
Sedgemoor,2020-09-26, 23,inferred
Sedgemoor,2020-09-27, 23,inferred
Sedgemoor,2020-09-28, 23,inferred
Sedgemoor,2020-09-29, 23,inferred
Sedgemoor,2020-09-30, 23,inferred
Sedgemoor,2020-10-01, 23,inferred
Sedgemoor,2020-10-02, 23,inferred
Sedgemoor,2020-10-03, 23,inferred
Sedgemoor,2020-10-04, 23,inferred
Sedgemoor,2020-10-05, 23,inferred
Sedgemoor,2020-10-06, 23,inferred
Sedgemoor,2020-10-07, 53,inferred
Sedgemoor,2020-10-08, 53,inferred
Sedgemoor,2020-10-09, 53,inferred
Sedgemoor,2020-10-10, 53,inferred
Sedgemoor,2020-10-11, 53,inferred
Sedgemoor,2020-10-12, 53,inferred
Sedgemoor,2020-10-13, 53,inferred
Sedgemoor,2020-10-14, 87,inferred
Sedgemoor,2020-10-15, 87,inferred
Sedgemoor,2020-10-16, 87,inferred
Sedgemoor,2020-10-17, 87,inferred
Sedgemoor,2020-10-18, 87,inferred
Sedgemoor,2020-10-19, 87,inferred
Sedgemoor,2020-10-20, 87,inferred
Sedgemoor,2020-10-21,128,inferred
Sedgemoor,2020-10-22,128,inferred
Sedgemoor,2020-10-23,128,inferred
Sedgemoor,2020-10-24,128,inferred
Sedgemoor,2020-10-25,128,inferred
Sedgemoor,2020-10-26,128,inferred
Sedgemoor,2020-10-27,128,inferred
Sedgemoor,2020-10-28,172,inferred
Sedgemoor,2020-10-29,172,inferred
Sedgemoor,2020-10-30,172,inferred
Sedgemoor,2020-10-31,172,inferred
Sedgemoor,2020-11-01,172,inferred
Sedgemoor,2020-11-02,172,inferred
Sedgemoor,2020-11-03,172,inferred
Sedgemoor,2020-11-04,180,inferred
Sedgemoor,2020-11-05,180,inferred
Sedgemoor,2020-11-06,180,inferred
Sedgemoor,2020-11-07,180,inferred
Sedgemoor,2020-11-08,180,inferred
Sedgemoor,2020-11-09,180,inferred
Sedgemoor,2020-11-10,180,inferred
Sedgemoor,2020-11-11,211,inferred
Sedgemoor,2020-11-12,211,inferred
Sedgemoor,2020-11-13,211,inferred
Sedgemoor,2020-11-14,211,inferred
Sedgemoor,2020-11-15,211,inferred
Sedgemoor,2020-11-16,211,inferred
Sedgemoor,2020-11-17,211,inferred
Sedgemoor,2020-11-18,134,inferred
Sedgemoor,2020-11-19,134,inferred
Sedgemoor,2020-11-20,134,inferred
Sedgemoor,2020-11-21,134,inferred
Sedgemoor,2020-11-22,134,inferred
Sedgemoor,2020-11-23,134,inferred
Sedgemoor,2020-11-24,134,inferred
Sedgemoor,2020-11-25,115,inferred
Sedgemoor,2020-11-26,115,inferred
Sedgemoor,2020-11-27,115,inferred
Sedgemoor,2020-11-28,115,inferred
Sedgemoor,2020-11-29,115,inferred
Sedgemoor,2020-11-30,115,inferred
Sedgemoor,2020-12-01,115,inferred
Sedgemoor,2020-12-02,106,inferred
Sedgemoor,2020-12-03,106,inferred
Sedgemoor,2020-12-04,106,inferred
Sedgemoor,2020-12-05,106,inferred
Sedgemoor,2020-12-06,106,inferred
Sedgemoor,2020-12-07,106,inferred
Sedgemoor,2020-12-08,106,inferred
Sedgemoor,2020-12-09,192,inferred
Sedgemoor,2020-12-10,192,inferred
Sedgemoor,2020-12-11,192,inferred
Sedgemoor,2020-12-12,192,inferred
Sedgemoor,2020-12-13,192,inferred
Sedgemoor,2020-12-14,192,inferred
Sedgemoor,2020-12-15,192,inferred
Sedgemoor,2020-12-16,309,inferred
Sedgemoor,2020-12-17,309,inferred
Sedgemoor,2020-12-18,309,inferred
Sedgemoor,2020-12-19,309,inferred
Sedgemoor,2020-12-20,309,inferred
Sedgemoor,2020-12-21,309,inferred
Sedgemoor,2020-12-22,309,inferred
Sedgemoor,2020-12-23,501,inferred
Sedgemoor,2020-12-24,501,inferred
Sedgemoor,2020-12-25,501,inferred
Sedgemoor,2020-12-26,501,inferred
Sedgemoor,2020-12-27,501,inferred
Sedgemoor,2020-12-28,501,inferred
Sedgemoor,2020-12-29,501,inferred
Sedgemoor,2020-12-30,562,inferred
Sedgemoor,2020-12-31,562,inferred
Sedgemoor,2021-01-01,562,inferred
Sedgemoor,2021-01-02,562,inferred
Sedgemoor,2021-01-03,562,inferred
Sedgemoor,2021-01-04,562,inferred
Sedgemoor,2021-01-05,562,inferred
Sedgemoor,2021-01-06,533,projected
Sedgemoor,2021-01-07,533,projected
Sedgemoor,2021-01-08,533,projected
Sedgemoor,2021-01-09,533,projected
Sedgemoor,2021-01-10,533,projected
Sedgemoor,2021-01-11,533,projected
Sedgemoor,2021-01-12,533,projected
Sedgemoor,2021-01-13,506,projected
Sedgemoor,2021-01-14,506,projected
Sedgemoor,2021-01-15,506,projected
Sedgemoor,2021-01-16,506,projected
Sedgemoor,2021-01-17,506,projected
Sedgemoor,2021-01-18,506,projected
Sedgemoor,2021-01-19,506,projected
Sedgemoor,2021-01-20,496,projected
Sedgemoor,2021-01-21,496,projected
Sedgemoor,2021-01-22,496,projected
Sedgemoor,2021-01-23,496,projected
Sedgemoor,2021-01-24,496,projected
Sedgemoor,2021-01-25,496,projected
Sedgemoor,2021-01-26,496,projected
Sefton,2020-09-23,735,inferred
Sefton,2020-09-24,735,inferred
Sefton,2020-09-25,735,inferred
Sefton,2020-09-26,735,inferred
Sefton,2020-09-27,735,inferred
Sefton,2020-09-28,735,inferred
Sefton,2020-09-29,735,inferred
Sefton,2020-09-30,1108,inferred
Sefton,2020-10-01,1108,inferred
Sefton,2020-10-02,1108,inferred
Sefton,2020-10-03,1108,inferred
Sefton,2020-10-04,1108,inferred
Sefton,2020-10-05,1108,inferred
Sefton,2020-10-06,1108,inferred
Sefton,2020-10-07,1294,inferred
Sefton,2020-10-08,1294,inferred
Sefton,2020-10-09,1294,inferred
Sefton,2020-10-10,1294,inferred
Sefton,2020-10-11,1294,inferred
Sefton,2020-10-12,1294,inferred
Sefton,2020-10-13,1294,inferred
Sefton,2020-10-14,1261,inferred
Sefton,2020-10-15,1261,inferred
Sefton,2020-10-16,1261,inferred
Sefton,2020-10-17,1261,inferred
Sefton,2020-10-18,1261,inferred
Sefton,2020-10-19,1261,inferred
Sefton,2020-10-20,1261,inferred
Sefton,2020-10-21,998,inferred
Sefton,2020-10-22,998,inferred
Sefton,2020-10-23,998,inferred
Sefton,2020-10-24,998,inferred
Sefton,2020-10-25,998,inferred
Sefton,2020-10-26,998,inferred
Sefton,2020-10-27,998,inferred
Sefton,2020-10-28,763,inferred
Sefton,2020-10-29,763,inferred
Sefton,2020-10-30,763,inferred
Sefton,2020-10-31,763,inferred
Sefton,2020-11-01,763,inferred
Sefton,2020-11-02,763,inferred
Sefton,2020-11-03,763,inferred
Sefton,2020-11-04,804,inferred
Sefton,2020-11-05,804,inferred
Sefton,2020-11-06,804,inferred
Sefton,2020-11-07,804,inferred
Sefton,2020-11-08,804,inferred
Sefton,2020-11-09,804,inferred
Sefton,2020-11-10,804,inferred
Sefton,2020-11-11,625,inferred
Sefton,2020-11-12,625,inferred
Sefton,2020-11-13,625,inferred
Sefton,2020-11-14,625,inferred
Sefton,2020-11-15,625,inferred
Sefton,2020-11-16,625,inferred
Sefton,2020-11-17,625,inferred
Sefton,2020-11-18,338,inferred
Sefton,2020-11-19,338,inferred
Sefton,2020-11-20,338,inferred
Sefton,2020-11-21,338,inferred
Sefton,2020-11-22,338,inferred
Sefton,2020-11-23,338,inferred
Sefton,2020-11-24,338,inferred
Sefton,2020-11-25,219,inferred
Sefton,2020-11-26,219,inferred
Sefton,2020-11-27,219,inferred
Sefton,2020-11-28,219,inferred
Sefton,2020-11-29,219,inferred
Sefton,2020-11-30,219,inferred
Sefton,2020-12-01,219,inferred
Sefton,2020-12-02,195,inferred
Sefton,2020-12-03,195,inferred
Sefton,2020-12-04,195,inferred
Sefton,2020-12-05,195,inferred
Sefton,2020-12-06,195,inferred
Sefton,2020-12-07,195,inferred
Sefton,2020-12-08,195,inferred
Sefton,2020-12-09,252,inferred
Sefton,2020-12-10,252,inferred
Sefton,2020-12-11,252,inferred
Sefton,2020-12-12,252,inferred
Sefton,2020-12-13,252,inferred
Sefton,2020-12-14,252,inferred
Sefton,2020-12-15,252,inferred
Sefton,2020-12-16,435,inferred
Sefton,2020-12-17,435,inferred
Sefton,2020-12-18,435,inferred
Sefton,2020-12-19,435,inferred
Sefton,2020-12-20,435,inferred
Sefton,2020-12-21,435,inferred
Sefton,2020-12-22,435,inferred
Sefton,2020-12-23,932,inferred
Sefton,2020-12-24,932,inferred
Sefton,2020-12-25,932,inferred
Sefton,2020-12-26,932,inferred
Sefton,2020-12-27,932,inferred
Sefton,2020-12-28,932,inferred
Sefton,2020-12-29,932,inferred
Sefton,2020-12-30,2581,inferred
Sefton,2020-12-31,2581,inferred
Sefton,2021-01-01,2581,inferred
Sefton,2021-01-02,2581,inferred
Sefton,2021-01-03,2581,inferred
Sefton,2021-01-04,2581,inferred
Sefton,2021-01-05,2581,inferred
Sefton,2021-01-06,4107,projected
Sefton,2021-01-07,4107,projected
Sefton,2021-01-08,4107,projected
Sefton,2021-01-09,4107,projected
Sefton,2021-01-10,4107,projected
Sefton,2021-01-11,4107,projected
Sefton,2021-01-12,4107,projected
Sefton,2021-01-13,6060,projected
Sefton,2021-01-14,6060,projected
Sefton,2021-01-15,6060,projected
Sefton,2021-01-16,6060,projected
Sefton,2021-01-17,6060,projected
Sefton,2021-01-18,6060,projected
Sefton,2021-01-19,6060,projected
Sefton,2021-01-20,9103,projected
Sefton,2021-01-21,9103,projected
Sefton,2021-01-22,9103,projected
Sefton,2021-01-23,9103,projected
Sefton,2021-01-24,9103,projected
Sefton,2021-01-25,9103,projected
Sefton,2021-01-26,9103,projected
Selby,2020-09-23, 57,inferred
Selby,2020-09-24, 57,inferred
Selby,2020-09-25, 57,inferred
Selby,2020-09-26, 57,inferred
Selby,2020-09-27, 57,inferred
Selby,2020-09-28, 57,inferred
Selby,2020-09-29, 57,inferred
Selby,2020-09-30, 82,inferred
Selby,2020-10-01, 82,inferred
Selby,2020-10-02, 82,inferred
Selby,2020-10-03, 82,inferred
Selby,2020-10-04, 82,inferred
Selby,2020-10-05, 82,inferred
Selby,2020-10-06, 82,inferred
Selby,2020-10-07,134,inferred
Selby,2020-10-08,134,inferred
Selby,2020-10-09,134,inferred
Selby,2020-10-10,134,inferred
Selby,2020-10-11,134,inferred
Selby,2020-10-12,134,inferred
Selby,2020-10-13,134,inferred
Selby,2020-10-14,203,inferred
Selby,2020-10-15,203,inferred
Selby,2020-10-16,203,inferred
Selby,2020-10-17,203,inferred
Selby,2020-10-18,203,inferred
Selby,2020-10-19,203,inferred
Selby,2020-10-20,203,inferred
Selby,2020-10-21,179,inferred
Selby,2020-10-22,179,inferred
Selby,2020-10-23,179,inferred
Selby,2020-10-24,179,inferred
Selby,2020-10-25,179,inferred
Selby,2020-10-26,179,inferred
Selby,2020-10-27,179,inferred
Selby,2020-10-28,232,inferred
Selby,2020-10-29,232,inferred
Selby,2020-10-30,232,inferred
Selby,2020-10-31,232,inferred
Selby,2020-11-01,232,inferred
Selby,2020-11-02,232,inferred
Selby,2020-11-03,232,inferred
Selby,2020-11-04,231,inferred
Selby,2020-11-05,231,inferred
Selby,2020-11-06,231,inferred
Selby,2020-11-07,231,inferred
Selby,2020-11-08,231,inferred
Selby,2020-11-09,231,inferred
Selby,2020-11-10,231,inferred
Selby,2020-11-11,273,inferred
Selby,2020-11-12,273,inferred
Selby,2020-11-13,273,inferred
Selby,2020-11-14,273,inferred
Selby,2020-11-15,273,inferred
Selby,2020-11-16,273,inferred
Selby,2020-11-17,273,inferred
Selby,2020-11-18,152,inferred
Selby,2020-11-19,152,inferred
Selby,2020-11-20,152,inferred
Selby,2020-11-21,152,inferred
Selby,2020-11-22,152,inferred
Selby,2020-11-23,152,inferred
Selby,2020-11-24,152,inferred
Selby,2020-11-25,107,inferred
Selby,2020-11-26,107,inferred
Selby,2020-11-27,107,inferred
Selby,2020-11-28,107,inferred
Selby,2020-11-29,107,inferred
Selby,2020-11-30,107,inferred
Selby,2020-12-01,107,inferred
Selby,2020-12-02,102,inferred
Selby,2020-12-03,102,inferred
Selby,2020-12-04,102,inferred
Selby,2020-12-05,102,inferred
Selby,2020-12-06,102,inferred
Selby,2020-12-07,102,inferred
Selby,2020-12-08,102,inferred
Selby,2020-12-09,119,inferred
Selby,2020-12-10,119,inferred
Selby,2020-12-11,119,inferred
Selby,2020-12-12,119,inferred
Selby,2020-12-13,119,inferred
Selby,2020-12-14,119,inferred
Selby,2020-12-15,119,inferred
Selby,2020-12-16,149,inferred
Selby,2020-12-17,149,inferred
Selby,2020-12-18,149,inferred
Selby,2020-12-19,149,inferred
Selby,2020-12-20,149,inferred
Selby,2020-12-21,149,inferred
Selby,2020-12-22,149,inferred
Selby,2020-12-23,236,inferred
Selby,2020-12-24,236,inferred
Selby,2020-12-25,236,inferred
Selby,2020-12-26,236,inferred
Selby,2020-12-27,236,inferred
Selby,2020-12-28,236,inferred
Selby,2020-12-29,236,inferred
Selby,2020-12-30,448,inferred
Selby,2020-12-31,448,inferred
Selby,2021-01-01,448,inferred
Selby,2021-01-02,448,inferred
Selby,2021-01-03,448,inferred
Selby,2021-01-04,448,inferred
Selby,2021-01-05,448,inferred
Selby,2021-01-06,652,projected
Selby,2021-01-07,652,projected
Selby,2021-01-08,652,projected
Selby,2021-01-09,652,projected
Selby,2021-01-10,652,projected
Selby,2021-01-11,652,projected
Selby,2021-01-12,652,projected
Selby,2021-01-13,865,projected
Selby,2021-01-14,865,projected
Selby,2021-01-15,865,projected
Selby,2021-01-16,865,projected
Selby,2021-01-17,865,projected
Selby,2021-01-18,865,projected
Selby,2021-01-19,865,projected
Selby,2021-01-20,1070,projected
Selby,2021-01-21,1070,projected
Selby,2021-01-22,1070,projected
Selby,2021-01-23,1070,projected
Selby,2021-01-24,1070,projected
Selby,2021-01-25,1070,projected
Selby,2021-01-26,1070,projected
Sevenoaks,2020-09-23, 22,inferred
Sevenoaks,2020-09-24, 22,inferred
Sevenoaks,2020-09-25, 22,inferred
Sevenoaks,2020-09-26, 22,inferred
Sevenoaks,2020-09-27, 22,inferred
Sevenoaks,2020-09-28, 22,inferred
Sevenoaks,2020-09-29, 22,inferred
Sevenoaks,2020-09-30, 66,inferred
Sevenoaks,2020-10-01, 66,inferred
Sevenoaks,2020-10-02, 66,inferred
Sevenoaks,2020-10-03, 66,inferred
Sevenoaks,2020-10-04, 66,inferred
Sevenoaks,2020-10-05, 66,inferred
Sevenoaks,2020-10-06, 66,inferred
Sevenoaks,2020-10-07, 61,inferred
Sevenoaks,2020-10-08, 61,inferred
Sevenoaks,2020-10-09, 61,inferred
Sevenoaks,2020-10-10, 61,inferred
Sevenoaks,2020-10-11, 61,inferred
Sevenoaks,2020-10-12, 61,inferred
Sevenoaks,2020-10-13, 61,inferred
Sevenoaks,2020-10-14, 64,inferred
Sevenoaks,2020-10-15, 64,inferred
Sevenoaks,2020-10-16, 64,inferred
Sevenoaks,2020-10-17, 64,inferred
Sevenoaks,2020-10-18, 64,inferred
Sevenoaks,2020-10-19, 64,inferred
Sevenoaks,2020-10-20, 64,inferred
Sevenoaks,2020-10-21, 94,inferred
Sevenoaks,2020-10-22, 94,inferred
Sevenoaks,2020-10-23, 94,inferred
Sevenoaks,2020-10-24, 94,inferred
Sevenoaks,2020-10-25, 94,inferred
Sevenoaks,2020-10-26, 94,inferred
Sevenoaks,2020-10-27, 94,inferred
Sevenoaks,2020-10-28,134,inferred
Sevenoaks,2020-10-29,134,inferred
Sevenoaks,2020-10-30,134,inferred
Sevenoaks,2020-10-31,134,inferred
Sevenoaks,2020-11-01,134,inferred
Sevenoaks,2020-11-02,134,inferred
Sevenoaks,2020-11-03,134,inferred
Sevenoaks,2020-11-04,177,inferred
Sevenoaks,2020-11-05,177,inferred
Sevenoaks,2020-11-06,177,inferred
Sevenoaks,2020-11-07,177,inferred
Sevenoaks,2020-11-08,177,inferred
Sevenoaks,2020-11-09,177,inferred
Sevenoaks,2020-11-10,177,inferred
Sevenoaks,2020-11-11,231,inferred
Sevenoaks,2020-11-12,231,inferred
Sevenoaks,2020-11-13,231,inferred
Sevenoaks,2020-11-14,231,inferred
Sevenoaks,2020-11-15,231,inferred
Sevenoaks,2020-11-16,231,inferred
Sevenoaks,2020-11-17,231,inferred
Sevenoaks,2020-11-18,154,inferred
Sevenoaks,2020-11-19,154,inferred
Sevenoaks,2020-11-20,154,inferred
Sevenoaks,2020-11-21,154,inferred
Sevenoaks,2020-11-22,154,inferred
Sevenoaks,2020-11-23,154,inferred
Sevenoaks,2020-11-24,154,inferred
Sevenoaks,2020-11-25,167,inferred
Sevenoaks,2020-11-26,167,inferred
Sevenoaks,2020-11-27,167,inferred
Sevenoaks,2020-11-28,167,inferred
Sevenoaks,2020-11-29,167,inferred
Sevenoaks,2020-11-30,167,inferred
Sevenoaks,2020-12-01,167,inferred
Sevenoaks,2020-12-02,208,inferred
Sevenoaks,2020-12-03,208,inferred
Sevenoaks,2020-12-04,208,inferred
Sevenoaks,2020-12-05,208,inferred
Sevenoaks,2020-12-06,208,inferred
Sevenoaks,2020-12-07,208,inferred
Sevenoaks,2020-12-08,208,inferred
Sevenoaks,2020-12-09,479,inferred
Sevenoaks,2020-12-10,479,inferred
Sevenoaks,2020-12-11,479,inferred
Sevenoaks,2020-12-12,479,inferred
Sevenoaks,2020-12-13,479,inferred
Sevenoaks,2020-12-14,479,inferred
Sevenoaks,2020-12-15,479,inferred
Sevenoaks,2020-12-16,840,inferred
Sevenoaks,2020-12-17,840,inferred
Sevenoaks,2020-12-18,840,inferred
Sevenoaks,2020-12-19,840,inferred
Sevenoaks,2020-12-20,840,inferred
Sevenoaks,2020-12-21,840,inferred
Sevenoaks,2020-12-22,840,inferred
Sevenoaks,2020-12-23,856,inferred
Sevenoaks,2020-12-24,856,inferred
Sevenoaks,2020-12-25,856,inferred
Sevenoaks,2020-12-26,856,inferred
Sevenoaks,2020-12-27,856,inferred
Sevenoaks,2020-12-28,856,inferred
Sevenoaks,2020-12-29,856,inferred
Sevenoaks,2020-12-30,924,inferred
Sevenoaks,2020-12-31,924,inferred
Sevenoaks,2021-01-01,924,inferred
Sevenoaks,2021-01-02,924,inferred
Sevenoaks,2021-01-03,924,inferred
Sevenoaks,2021-01-04,924,inferred
Sevenoaks,2021-01-05,924,inferred
Sevenoaks,2021-01-06,672,projected
Sevenoaks,2021-01-07,672,projected
Sevenoaks,2021-01-08,672,projected
Sevenoaks,2021-01-09,672,projected
Sevenoaks,2021-01-10,672,projected
Sevenoaks,2021-01-11,672,projected
Sevenoaks,2021-01-12,672,projected
Sevenoaks,2021-01-13,491,projected
Sevenoaks,2021-01-14,491,projected
Sevenoaks,2021-01-15,491,projected
Sevenoaks,2021-01-16,491,projected
Sevenoaks,2021-01-17,491,projected
Sevenoaks,2021-01-18,491,projected
Sevenoaks,2021-01-19,491,projected
Sevenoaks,2021-01-20,410,projected
Sevenoaks,2021-01-21,410,projected
Sevenoaks,2021-01-22,410,projected
Sevenoaks,2021-01-23,410,projected
Sevenoaks,2021-01-24,410,projected
Sevenoaks,2021-01-25,410,projected
Sevenoaks,2021-01-26,410,projected
Sheffield,2020-09-23,1053,inferred
Sheffield,2020-09-24,1053,inferred
Sheffield,2020-09-25,1053,inferred
Sheffield,2020-09-26,1053,inferred
Sheffield,2020-09-27,1053,inferred
Sheffield,2020-09-28,1053,inferred
Sheffield,2020-09-29,1053,inferred
Sheffield,2020-09-30,3015,inferred
Sheffield,2020-10-01,3015,inferred
Sheffield,2020-10-02,3015,inferred
Sheffield,2020-10-03,3015,inferred
Sheffield,2020-10-04,3015,inferred
Sheffield,2020-10-05,3015,inferred
Sheffield,2020-10-06,3015,inferred
Sheffield,2020-10-07,2748,inferred
Sheffield,2020-10-08,2748,inferred
Sheffield,2020-10-09,2748,inferred
Sheffield,2020-10-10,2748,inferred
Sheffield,2020-10-11,2748,inferred
Sheffield,2020-10-12,2748,inferred
Sheffield,2020-10-13,2748,inferred
Sheffield,2020-10-14,2734,inferred
Sheffield,2020-10-15,2734,inferred
Sheffield,2020-10-16,2734,inferred
Sheffield,2020-10-17,2734,inferred
Sheffield,2020-10-18,2734,inferred
Sheffield,2020-10-19,2734,inferred
Sheffield,2020-10-20,2734,inferred
Sheffield,2020-10-21,2521,inferred
Sheffield,2020-10-22,2521,inferred
Sheffield,2020-10-23,2521,inferred
Sheffield,2020-10-24,2521,inferred
Sheffield,2020-10-25,2521,inferred
Sheffield,2020-10-26,2521,inferred
Sheffield,2020-10-27,2521,inferred
Sheffield,2020-10-28,2314,inferred
Sheffield,2020-10-29,2314,inferred
Sheffield,2020-10-30,2314,inferred
Sheffield,2020-10-31,2314,inferred
Sheffield,2020-11-01,2314,inferred
Sheffield,2020-11-02,2314,inferred
Sheffield,2020-11-03,2314,inferred
Sheffield,2020-11-04,1983,inferred
Sheffield,2020-11-05,1983,inferred
Sheffield,2020-11-06,1983,inferred
Sheffield,2020-11-07,1983,inferred
Sheffield,2020-11-08,1983,inferred
Sheffield,2020-11-09,1983,inferred
Sheffield,2020-11-10,1983,inferred
Sheffield,2020-11-11,1603,inferred
Sheffield,2020-11-12,1603,inferred
Sheffield,2020-11-13,1603,inferred
Sheffield,2020-11-14,1603,inferred
Sheffield,2020-11-15,1603,inferred
Sheffield,2020-11-16,1603,inferred
Sheffield,2020-11-17,1603,inferred
Sheffield,2020-11-18,1175,inferred
Sheffield,2020-11-19,1175,inferred
Sheffield,2020-11-20,1175,inferred
Sheffield,2020-11-21,1175,inferred
Sheffield,2020-11-22,1175,inferred
Sheffield,2020-11-23,1175,inferred
Sheffield,2020-11-24,1175,inferred
Sheffield,2020-11-25,928,inferred
Sheffield,2020-11-26,928,inferred
Sheffield,2020-11-27,928,inferred
Sheffield,2020-11-28,928,inferred
Sheffield,2020-11-29,928,inferred
Sheffield,2020-11-30,928,inferred
Sheffield,2020-12-01,928,inferred
Sheffield,2020-12-02,780,inferred
Sheffield,2020-12-03,780,inferred
Sheffield,2020-12-04,780,inferred
Sheffield,2020-12-05,780,inferred
Sheffield,2020-12-06,780,inferred
Sheffield,2020-12-07,780,inferred
Sheffield,2020-12-08,780,inferred
Sheffield,2020-12-09,925,inferred
Sheffield,2020-12-10,925,inferred
Sheffield,2020-12-11,925,inferred
Sheffield,2020-12-12,925,inferred
Sheffield,2020-12-13,925,inferred
Sheffield,2020-12-14,925,inferred
Sheffield,2020-12-15,925,inferred
Sheffield,2020-12-16,1018,inferred
Sheffield,2020-12-17,1018,inferred
Sheffield,2020-12-18,1018,inferred
Sheffield,2020-12-19,1018,inferred
Sheffield,2020-12-20,1018,inferred
Sheffield,2020-12-21,1018,inferred
Sheffield,2020-12-22,1018,inferred
Sheffield,2020-12-23,1196,inferred
Sheffield,2020-12-24,1196,inferred
Sheffield,2020-12-25,1196,inferred
Sheffield,2020-12-26,1196,inferred
Sheffield,2020-12-27,1196,inferred
Sheffield,2020-12-28,1196,inferred
Sheffield,2020-12-29,1196,inferred
Sheffield,2020-12-30,1678,inferred
Sheffield,2020-12-31,1678,inferred
Sheffield,2021-01-01,1678,inferred
Sheffield,2021-01-02,1678,inferred
Sheffield,2021-01-03,1678,inferred
Sheffield,2021-01-04,1678,inferred
Sheffield,2021-01-05,1678,inferred
Sheffield,2021-01-06,1854,projected
Sheffield,2021-01-07,1854,projected
Sheffield,2021-01-08,1854,projected
Sheffield,2021-01-09,1854,projected
Sheffield,2021-01-10,1854,projected
Sheffield,2021-01-11,1854,projected
Sheffield,2021-01-12,1854,projected
Sheffield,2021-01-13,2002,projected
Sheffield,2021-01-14,2002,projected
Sheffield,2021-01-15,2002,projected
Sheffield,2021-01-16,2002,projected
Sheffield,2021-01-17,2002,projected
Sheffield,2021-01-18,2002,projected
Sheffield,2021-01-19,2002,projected
Sheffield,2021-01-20,2276,projected
Sheffield,2021-01-21,2276,projected
Sheffield,2021-01-22,2276,projected
Sheffield,2021-01-23,2276,projected
Sheffield,2021-01-24,2276,projected
Sheffield,2021-01-25,2276,projected
Sheffield,2021-01-26,2276,projected
Shetland,2020-09-23,  0,inferred
Shetland,2020-09-24,  0,inferred
Shetland,2020-09-25,  0,inferred
Shetland,2020-09-26,  0,inferred
Shetland,2020-09-27,  0,inferred
Shetland,2020-09-28,  0,inferred
Shetland,2020-09-29,  0,inferred
Shetland,2020-09-30,  0,inferred
Shetland,2020-10-01,  0,inferred
Shetland,2020-10-02,  0,inferred
Shetland,2020-10-03,  0,inferred
Shetland,2020-10-04,  0,inferred
Shetland,2020-10-05,  0,inferred
Shetland,2020-10-06,  0,inferred
Shetland,2020-10-07,  2,inferred
Shetland,2020-10-08,  2,inferred
Shetland,2020-10-09,  2,inferred
Shetland,2020-10-10,  2,inferred
Shetland,2020-10-11,  2,inferred
Shetland,2020-10-12,  2,inferred
Shetland,2020-10-13,  2,inferred
Shetland,2020-10-14,  2,inferred
Shetland,2020-10-15,  2,inferred
Shetland,2020-10-16,  2,inferred
Shetland,2020-10-17,  2,inferred
Shetland,2020-10-18,  2,inferred
Shetland,2020-10-19,  2,inferred
Shetland,2020-10-20,  2,inferred
Shetland,2020-10-21,  2,inferred
Shetland,2020-10-22,  2,inferred
Shetland,2020-10-23,  2,inferred
Shetland,2020-10-24,  2,inferred
Shetland,2020-10-25,  2,inferred
Shetland,2020-10-26,  2,inferred
Shetland,2020-10-27,  2,inferred
Shetland,2020-10-28,  3,inferred
Shetland,2020-10-29,  3,inferred
Shetland,2020-10-30,  3,inferred
Shetland,2020-10-31,  3,inferred
Shetland,2020-11-01,  3,inferred
Shetland,2020-11-02,  3,inferred
Shetland,2020-11-03,  3,inferred
Shetland,2020-11-04,  1,inferred
Shetland,2020-11-05,  1,inferred
Shetland,2020-11-06,  1,inferred
Shetland,2020-11-07,  1,inferred
Shetland,2020-11-08,  1,inferred
Shetland,2020-11-09,  1,inferred
Shetland,2020-11-10,  1,inferred
Shetland,2020-11-11,  1,inferred
Shetland,2020-11-12,  1,inferred
Shetland,2020-11-13,  1,inferred
Shetland,2020-11-14,  1,inferred
Shetland,2020-11-15,  1,inferred
Shetland,2020-11-16,  1,inferred
Shetland,2020-11-17,  1,inferred
Shetland,2020-11-18,  2,inferred
Shetland,2020-11-19,  2,inferred
Shetland,2020-11-20,  2,inferred
Shetland,2020-11-21,  2,inferred
Shetland,2020-11-22,  2,inferred
Shetland,2020-11-23,  2,inferred
Shetland,2020-11-24,  2,inferred
Shetland,2020-11-25,  4,inferred
Shetland,2020-11-26,  4,inferred
Shetland,2020-11-27,  4,inferred
Shetland,2020-11-28,  4,inferred
Shetland,2020-11-29,  4,inferred
Shetland,2020-11-30,  4,inferred
Shetland,2020-12-01,  4,inferred
Shetland,2020-12-02,  1,inferred
Shetland,2020-12-03,  1,inferred
Shetland,2020-12-04,  1,inferred
Shetland,2020-12-05,  1,inferred
Shetland,2020-12-06,  1,inferred
Shetland,2020-12-07,  1,inferred
Shetland,2020-12-08,  1,inferred
Shetland,2020-12-09,  0,inferred
Shetland,2020-12-10,  0,inferred
Shetland,2020-12-11,  0,inferred
Shetland,2020-12-12,  0,inferred
Shetland,2020-12-13,  0,inferred
Shetland,2020-12-14,  0,inferred
Shetland,2020-12-15,  0,inferred
Shetland,2020-12-16,  1,inferred
Shetland,2020-12-17,  1,inferred
Shetland,2020-12-18,  1,inferred
Shetland,2020-12-19,  1,inferred
Shetland,2020-12-20,  1,inferred
Shetland,2020-12-21,  1,inferred
Shetland,2020-12-22,  1,inferred
Shetland,2020-12-23, 28,inferred
Shetland,2020-12-24, 28,inferred
Shetland,2020-12-25, 28,inferred
Shetland,2020-12-26, 28,inferred
Shetland,2020-12-27, 28,inferred
Shetland,2020-12-28, 28,inferred
Shetland,2020-12-29, 28,inferred
Shetland,2020-12-30, 46,inferred
Shetland,2020-12-31, 46,inferred
Shetland,2021-01-01, 46,inferred
Shetland,2021-01-02, 46,inferred
Shetland,2021-01-03, 46,inferred
Shetland,2021-01-04, 46,inferred
Shetland,2021-01-05, 46,inferred
Shetland,2021-01-06, 40,projected
Shetland,2021-01-07, 40,projected
Shetland,2021-01-08, 40,projected
Shetland,2021-01-09, 40,projected
Shetland,2021-01-10, 40,projected
Shetland,2021-01-11, 40,projected
Shetland,2021-01-12, 40,projected
Shetland,2021-01-13, 56,projected
Shetland,2021-01-14, 56,projected
Shetland,2021-01-15, 56,projected
Shetland,2021-01-16, 56,projected
Shetland,2021-01-17, 56,projected
Shetland,2021-01-18, 56,projected
Shetland,2021-01-19, 56,projected
Shetland,2021-01-20, 74,projected
Shetland,2021-01-21, 74,projected
Shetland,2021-01-22, 74,projected
Shetland,2021-01-23, 74,projected
Shetland,2021-01-24, 74,projected
Shetland,2021-01-25, 74,projected
Shetland,2021-01-26, 74,projected
Shetland Islands,2020-09-23,  0,inferred
Shetland Islands,2020-09-24,  0,inferred
Shetland Islands,2020-09-25,  0,inferred
Shetland Islands,2020-09-26,  0,inferred
Shetland Islands,2020-09-27,  0,inferred
Shetland Islands,2020-09-28,  0,inferred
Shetland Islands,2020-09-29,  0,inferred
Shetland Islands,2020-09-30,  0,inferred
Shetland Islands,2020-10-01,  0,inferred
Shetland Islands,2020-10-02,  0,inferred
Shetland Islands,2020-10-03,  0,inferred
Shetland Islands,2020-10-04,  0,inferred
Shetland Islands,2020-10-05,  0,inferred
Shetland Islands,2020-10-06,  0,inferred
Shetland Islands,2020-10-07,  2,inferred
Shetland Islands,2020-10-08,  2,inferred
Shetland Islands,2020-10-09,  2,inferred
Shetland Islands,2020-10-10,  2,inferred
Shetland Islands,2020-10-11,  2,inferred
Shetland Islands,2020-10-12,  2,inferred
Shetland Islands,2020-10-13,  2,inferred
Shetland Islands,2020-10-14,  2,inferred
Shetland Islands,2020-10-15,  2,inferred
Shetland Islands,2020-10-16,  2,inferred
Shetland Islands,2020-10-17,  2,inferred
Shetland Islands,2020-10-18,  2,inferred
Shetland Islands,2020-10-19,  2,inferred
Shetland Islands,2020-10-20,  2,inferred
Shetland Islands,2020-10-21,  2,inferred
Shetland Islands,2020-10-22,  2,inferred
Shetland Islands,2020-10-23,  2,inferred
Shetland Islands,2020-10-24,  2,inferred
Shetland Islands,2020-10-25,  2,inferred
Shetland Islands,2020-10-26,  2,inferred
Shetland Islands,2020-10-27,  2,inferred
Shetland Islands,2020-10-28,  3,inferred
Shetland Islands,2020-10-29,  3,inferred
Shetland Islands,2020-10-30,  3,inferred
Shetland Islands,2020-10-31,  3,inferred
Shetland Islands,2020-11-01,  3,inferred
Shetland Islands,2020-11-02,  3,inferred
Shetland Islands,2020-11-03,  3,inferred
Shetland Islands,2020-11-04,  1,inferred
Shetland Islands,2020-11-05,  1,inferred
Shetland Islands,2020-11-06,  1,inferred
Shetland Islands,2020-11-07,  1,inferred
Shetland Islands,2020-11-08,  1,inferred
Shetland Islands,2020-11-09,  1,inferred
Shetland Islands,2020-11-10,  1,inferred
Shetland Islands,2020-11-11,  1,inferred
Shetland Islands,2020-11-12,  1,inferred
Shetland Islands,2020-11-13,  1,inferred
Shetland Islands,2020-11-14,  1,inferred
Shetland Islands,2020-11-15,  1,inferred
Shetland Islands,2020-11-16,  1,inferred
Shetland Islands,2020-11-17,  1,inferred
Shetland Islands,2020-11-18,  2,inferred
Shetland Islands,2020-11-19,  2,inferred
Shetland Islands,2020-11-20,  2,inferred
Shetland Islands,2020-11-21,  2,inferred
Shetland Islands,2020-11-22,  2,inferred
Shetland Islands,2020-11-23,  2,inferred
Shetland Islands,2020-11-24,  2,inferred
Shetland Islands,2020-11-25,  4,inferred
Shetland Islands,2020-11-26,  4,inferred
Shetland Islands,2020-11-27,  4,inferred
Shetland Islands,2020-11-28,  4,inferred
Shetland Islands,2020-11-29,  4,inferred
Shetland Islands,2020-11-30,  4,inferred
Shetland Islands,2020-12-01,  4,inferred
Shetland Islands,2020-12-02,  1,inferred
Shetland Islands,2020-12-03,  1,inferred
Shetland Islands,2020-12-04,  1,inferred
Shetland Islands,2020-12-05,  1,inferred
Shetland Islands,2020-12-06,  1,inferred
Shetland Islands,2020-12-07,  1,inferred
Shetland Islands,2020-12-08,  1,inferred
Shetland Islands,2020-12-09,  0,inferred
Shetland Islands,2020-12-10,  0,inferred
Shetland Islands,2020-12-11,  0,inferred
Shetland Islands,2020-12-12,  0,inferred
Shetland Islands,2020-12-13,  0,inferred
Shetland Islands,2020-12-14,  0,inferred
Shetland Islands,2020-12-15,  0,inferred
Shetland Islands,2020-12-16,  1,inferred
Shetland Islands,2020-12-17,  1,inferred
Shetland Islands,2020-12-18,  1,inferred
Shetland Islands,2020-12-19,  1,inferred
Shetland Islands,2020-12-20,  1,inferred
Shetland Islands,2020-12-21,  1,inferred
Shetland Islands,2020-12-22,  1,inferred
Shetland Islands,2020-12-23, 28,inferred
Shetland Islands,2020-12-24, 28,inferred
Shetland Islands,2020-12-25, 28,inferred
Shetland Islands,2020-12-26, 28,inferred
Shetland Islands,2020-12-27, 28,inferred
Shetland Islands,2020-12-28, 28,inferred
Shetland Islands,2020-12-29, 28,inferred
Shetland Islands,2020-12-30, 46,inferred
Shetland Islands,2020-12-31, 46,inferred
Shetland Islands,2021-01-01, 46,inferred
Shetland Islands,2021-01-02, 46,inferred
Shetland Islands,2021-01-03, 46,inferred
Shetland Islands,2021-01-04, 46,inferred
Shetland Islands,2021-01-05, 46,inferred
Shetland Islands,2021-01-06, 40,projected
Shetland Islands,2021-01-07, 40,projected
Shetland Islands,2021-01-08, 40,projected
Shetland Islands,2021-01-09, 40,projected
Shetland Islands,2021-01-10, 40,projected
Shetland Islands,2021-01-11, 40,projected
Shetland Islands,2021-01-12, 40,projected
Shetland Islands,2021-01-13, 56,projected
Shetland Islands,2021-01-14, 56,projected
Shetland Islands,2021-01-15, 56,projected
Shetland Islands,2021-01-16, 56,projected
Shetland Islands,2021-01-17, 56,projected
Shetland Islands,2021-01-18, 56,projected
Shetland Islands,2021-01-19, 56,projected
Shetland Islands,2021-01-20, 74,projected
Shetland Islands,2021-01-21, 74,projected
Shetland Islands,2021-01-22, 74,projected
Shetland Islands,2021-01-23, 74,projected
Shetland Islands,2021-01-24, 74,projected
Shetland Islands,2021-01-25, 74,projected
Shetland Islands,2021-01-26, 74,projected
Shropshire,2020-09-23,124,inferred
Shropshire,2020-09-24,124,inferred
Shropshire,2020-09-25,124,inferred
Shropshire,2020-09-26,124,inferred
Shropshire,2020-09-27,124,inferred
Shropshire,2020-09-28,124,inferred
Shropshire,2020-09-29,124,inferred
Shropshire,2020-09-30,166,inferred
Shropshire,2020-10-01,166,inferred
Shropshire,2020-10-02,166,inferred
Shropshire,2020-10-03,166,inferred
Shropshire,2020-10-04,166,inferred
Shropshire,2020-10-05,166,inferred
Shropshire,2020-10-06,166,inferred
Shropshire,2020-10-07,281,inferred
Shropshire,2020-10-08,281,inferred
Shropshire,2020-10-09,281,inferred
Shropshire,2020-10-10,281,inferred
Shropshire,2020-10-11,281,inferred
Shropshire,2020-10-12,281,inferred
Shropshire,2020-10-13,281,inferred
Shropshire,2020-10-14,291,inferred
Shropshire,2020-10-15,291,inferred
Shropshire,2020-10-16,291,inferred
Shropshire,2020-10-17,291,inferred
Shropshire,2020-10-18,291,inferred
Shropshire,2020-10-19,291,inferred
Shropshire,2020-10-20,291,inferred
Shropshire,2020-10-21,476,inferred
Shropshire,2020-10-22,476,inferred
Shropshire,2020-10-23,476,inferred
Shropshire,2020-10-24,476,inferred
Shropshire,2020-10-25,476,inferred
Shropshire,2020-10-26,476,inferred
Shropshire,2020-10-27,476,inferred
Shropshire,2020-10-28,656,inferred
Shropshire,2020-10-29,656,inferred
Shropshire,2020-10-30,656,inferred
Shropshire,2020-10-31,656,inferred
Shropshire,2020-11-01,656,inferred
Shropshire,2020-11-02,656,inferred
Shropshire,2020-11-03,656,inferred
Shropshire,2020-11-04,776,inferred
Shropshire,2020-11-05,776,inferred
Shropshire,2020-11-06,776,inferred
Shropshire,2020-11-07,776,inferred
Shropshire,2020-11-08,776,inferred
Shropshire,2020-11-09,776,inferred
Shropshire,2020-11-10,776,inferred
Shropshire,2020-11-11,640,inferred
Shropshire,2020-11-12,640,inferred
Shropshire,2020-11-13,640,inferred
Shropshire,2020-11-14,640,inferred
Shropshire,2020-11-15,640,inferred
Shropshire,2020-11-16,640,inferred
Shropshire,2020-11-17,640,inferred
Shropshire,2020-11-18,473,inferred
Shropshire,2020-11-19,473,inferred
Shropshire,2020-11-20,473,inferred
Shropshire,2020-11-21,473,inferred
Shropshire,2020-11-22,473,inferred
Shropshire,2020-11-23,473,inferred
Shropshire,2020-11-24,473,inferred
Shropshire,2020-11-25,248,inferred
Shropshire,2020-11-26,248,inferred
Shropshire,2020-11-27,248,inferred
Shropshire,2020-11-28,248,inferred
Shropshire,2020-11-29,248,inferred
Shropshire,2020-11-30,248,inferred
Shropshire,2020-12-01,248,inferred
Shropshire,2020-12-02,249,inferred
Shropshire,2020-12-03,249,inferred
Shropshire,2020-12-04,249,inferred
Shropshire,2020-12-05,249,inferred
Shropshire,2020-12-06,249,inferred
Shropshire,2020-12-07,249,inferred
Shropshire,2020-12-08,249,inferred
Shropshire,2020-12-09,333,inferred
Shropshire,2020-12-10,333,inferred
Shropshire,2020-12-11,333,inferred
Shropshire,2020-12-12,333,inferred
Shropshire,2020-12-13,333,inferred
Shropshire,2020-12-14,333,inferred
Shropshire,2020-12-15,333,inferred
Shropshire,2020-12-16,328,inferred
Shropshire,2020-12-17,328,inferred
Shropshire,2020-12-18,328,inferred
Shropshire,2020-12-19,328,inferred
Shropshire,2020-12-20,328,inferred
Shropshire,2020-12-21,328,inferred
Shropshire,2020-12-22,328,inferred
Shropshire,2020-12-23,594,inferred
Shropshire,2020-12-24,594,inferred
Shropshire,2020-12-25,594,inferred
Shropshire,2020-12-26,594,inferred
Shropshire,2020-12-27,594,inferred
Shropshire,2020-12-28,594,inferred
Shropshire,2020-12-29,594,inferred
Shropshire,2020-12-30,1405,inferred
Shropshire,2020-12-31,1405,inferred
Shropshire,2021-01-01,1405,inferred
Shropshire,2021-01-02,1405,inferred
Shropshire,2021-01-03,1405,inferred
Shropshire,2021-01-04,1405,inferred
Shropshire,2021-01-05,1405,inferred
Shropshire,2021-01-06,2003,projected
Shropshire,2021-01-07,2003,projected
Shropshire,2021-01-08,2003,projected
Shropshire,2021-01-09,2003,projected
Shropshire,2021-01-10,2003,projected
Shropshire,2021-01-11,2003,projected
Shropshire,2021-01-12,2003,projected
Shropshire,2021-01-13,2794,projected
Shropshire,2021-01-14,2794,projected
Shropshire,2021-01-15,2794,projected
Shropshire,2021-01-16,2794,projected
Shropshire,2021-01-17,2794,projected
Shropshire,2021-01-18,2794,projected
Shropshire,2021-01-19,2794,projected
Shropshire,2021-01-20,3716,projected
Shropshire,2021-01-21,3716,projected
Shropshire,2021-01-22,3716,projected
Shropshire,2021-01-23,3716,projected
Shropshire,2021-01-24,3716,projected
Shropshire,2021-01-25,3716,projected
Shropshire,2021-01-26,3716,projected
Slough,2020-09-23,122,inferred
Slough,2020-09-24,122,inferred
Slough,2020-09-25,122,inferred
Slough,2020-09-26,122,inferred
Slough,2020-09-27,122,inferred
Slough,2020-09-28,122,inferred
Slough,2020-09-29,122,inferred
Slough,2020-09-30,143,inferred
Slough,2020-10-01,143,inferred
Slough,2020-10-02,143,inferred
Slough,2020-10-03,143,inferred
Slough,2020-10-04,143,inferred
Slough,2020-10-05,143,inferred
Slough,2020-10-06,143,inferred
Slough,2020-10-07,159,inferred
Slough,2020-10-08,159,inferred
Slough,2020-10-09,159,inferred
Slough,2020-10-10,159,inferred
Slough,2020-10-11,159,inferred
Slough,2020-10-12,159,inferred
Slough,2020-10-13,159,inferred
Slough,2020-10-14,256,inferred
Slough,2020-10-15,256,inferred
Slough,2020-10-16,256,inferred
Slough,2020-10-17,256,inferred
Slough,2020-10-18,256,inferred
Slough,2020-10-19,256,inferred
Slough,2020-10-20,256,inferred
Slough,2020-10-21,269,inferred
Slough,2020-10-22,269,inferred
Slough,2020-10-23,269,inferred
Slough,2020-10-24,269,inferred
Slough,2020-10-25,269,inferred
Slough,2020-10-26,269,inferred
Slough,2020-10-27,269,inferred
Slough,2020-10-28,360,inferred
Slough,2020-10-29,360,inferred
Slough,2020-10-30,360,inferred
Slough,2020-10-31,360,inferred
Slough,2020-11-01,360,inferred
Slough,2020-11-02,360,inferred
Slough,2020-11-03,360,inferred
Slough,2020-11-04,445,inferred
Slough,2020-11-05,445,inferred
Slough,2020-11-06,445,inferred
Slough,2020-11-07,445,inferred
Slough,2020-11-08,445,inferred
Slough,2020-11-09,445,inferred
Slough,2020-11-10,445,inferred
Slough,2020-11-11,531,inferred
Slough,2020-11-12,531,inferred
Slough,2020-11-13,531,inferred
Slough,2020-11-14,531,inferred
Slough,2020-11-15,531,inferred
Slough,2020-11-16,531,inferred
Slough,2020-11-17,531,inferred
Slough,2020-11-18,453,inferred
Slough,2020-11-19,453,inferred
Slough,2020-11-20,453,inferred
Slough,2020-11-21,453,inferred
Slough,2020-11-22,453,inferred
Slough,2020-11-23,453,inferred
Slough,2020-11-24,453,inferred
Slough,2020-11-25,399,inferred
Slough,2020-11-26,399,inferred
Slough,2020-11-27,399,inferred
Slough,2020-11-28,399,inferred
Slough,2020-11-29,399,inferred
Slough,2020-11-30,399,inferred
Slough,2020-12-01,399,inferred
Slough,2020-12-02,426,inferred
Slough,2020-12-03,426,inferred
Slough,2020-12-04,426,inferred
Slough,2020-12-05,426,inferred
Slough,2020-12-06,426,inferred
Slough,2020-12-07,426,inferred
Slough,2020-12-08,426,inferred
Slough,2020-12-09,700,inferred
Slough,2020-12-10,700,inferred
Slough,2020-12-11,700,inferred
Slough,2020-12-12,700,inferred
Slough,2020-12-13,700,inferred
Slough,2020-12-14,700,inferred
Slough,2020-12-15,700,inferred
Slough,2020-12-16,885,inferred
Slough,2020-12-17,885,inferred
Slough,2020-12-18,885,inferred
Slough,2020-12-19,885,inferred
Slough,2020-12-20,885,inferred
Slough,2020-12-21,885,inferred
Slough,2020-12-22,885,inferred
Slough,2020-12-23,1344,inferred
Slough,2020-12-24,1344,inferred
Slough,2020-12-25,1344,inferred
Slough,2020-12-26,1344,inferred
Slough,2020-12-27,1344,inferred
Slough,2020-12-28,1344,inferred
Slough,2020-12-29,1344,inferred
Slough,2020-12-30,1703,inferred
Slough,2020-12-31,1703,inferred
Slough,2021-01-01,1703,inferred
Slough,2021-01-02,1703,inferred
Slough,2021-01-03,1703,inferred
Slough,2021-01-04,1703,inferred
Slough,2021-01-05,1703,inferred
Slough,2021-01-06,1402,projected
Slough,2021-01-07,1402,projected
Slough,2021-01-08,1402,projected
Slough,2021-01-09,1402,projected
Slough,2021-01-10,1402,projected
Slough,2021-01-11,1402,projected
Slough,2021-01-12,1402,projected
Slough,2021-01-13,1132,projected
Slough,2021-01-14,1132,projected
Slough,2021-01-15,1132,projected
Slough,2021-01-16,1132,projected
Slough,2021-01-17,1132,projected
Slough,2021-01-18,1132,projected
Slough,2021-01-19,1132,projected
Slough,2021-01-20,962,projected
Slough,2021-01-21,962,projected
Slough,2021-01-22,962,projected
Slough,2021-01-23,962,projected
Slough,2021-01-24,962,projected
Slough,2021-01-25,962,projected
Slough,2021-01-26,962,projected
Solihull,2020-09-23,220,inferred
Solihull,2020-09-24,220,inferred
Solihull,2020-09-25,220,inferred
Solihull,2020-09-26,220,inferred
Solihull,2020-09-27,220,inferred
Solihull,2020-09-28,220,inferred
Solihull,2020-09-29,220,inferred
Solihull,2020-09-30,267,inferred
Solihull,2020-10-01,267,inferred
Solihull,2020-10-02,267,inferred
Solihull,2020-10-03,267,inferred
Solihull,2020-10-04,267,inferred
Solihull,2020-10-05,267,inferred
Solihull,2020-10-06,267,inferred
Solihull,2020-10-07,365,inferred
Solihull,2020-10-08,365,inferred
Solihull,2020-10-09,365,inferred
Solihull,2020-10-10,365,inferred
Solihull,2020-10-11,365,inferred
Solihull,2020-10-12,365,inferred
Solihull,2020-10-13,365,inferred
Solihull,2020-10-14,507,inferred
Solihull,2020-10-15,507,inferred
Solihull,2020-10-16,507,inferred
Solihull,2020-10-17,507,inferred
Solihull,2020-10-18,507,inferred
Solihull,2020-10-19,507,inferred
Solihull,2020-10-20,507,inferred
Solihull,2020-10-21,503,inferred
Solihull,2020-10-22,503,inferred
Solihull,2020-10-23,503,inferred
Solihull,2020-10-24,503,inferred
Solihull,2020-10-25,503,inferred
Solihull,2020-10-26,503,inferred
Solihull,2020-10-27,503,inferred
Solihull,2020-10-28,566,inferred
Solihull,2020-10-29,566,inferred
Solihull,2020-10-30,566,inferred
Solihull,2020-10-31,566,inferred
Solihull,2020-11-01,566,inferred
Solihull,2020-11-02,566,inferred
Solihull,2020-11-03,566,inferred
Solihull,2020-11-04,687,inferred
Solihull,2020-11-05,687,inferred
Solihull,2020-11-06,687,inferred
Solihull,2020-11-07,687,inferred
Solihull,2020-11-08,687,inferred
Solihull,2020-11-09,687,inferred
Solihull,2020-11-10,687,inferred
Solihull,2020-11-11,620,inferred
Solihull,2020-11-12,620,inferred
Solihull,2020-11-13,620,inferred
Solihull,2020-11-14,620,inferred
Solihull,2020-11-15,620,inferred
Solihull,2020-11-16,620,inferred
Solihull,2020-11-17,620,inferred
Solihull,2020-11-18,452,inferred
Solihull,2020-11-19,452,inferred
Solihull,2020-11-20,452,inferred
Solihull,2020-11-21,452,inferred
Solihull,2020-11-22,452,inferred
Solihull,2020-11-23,452,inferred
Solihull,2020-11-24,452,inferred
Solihull,2020-11-25,321,inferred
Solihull,2020-11-26,321,inferred
Solihull,2020-11-27,321,inferred
Solihull,2020-11-28,321,inferred
Solihull,2020-11-29,321,inferred
Solihull,2020-11-30,321,inferred
Solihull,2020-12-01,321,inferred
Solihull,2020-12-02,333,inferred
Solihull,2020-12-03,333,inferred
Solihull,2020-12-04,333,inferred
Solihull,2020-12-05,333,inferred
Solihull,2020-12-06,333,inferred
Solihull,2020-12-07,333,inferred
Solihull,2020-12-08,333,inferred
Solihull,2020-12-09,393,inferred
Solihull,2020-12-10,393,inferred
Solihull,2020-12-11,393,inferred
Solihull,2020-12-12,393,inferred
Solihull,2020-12-13,393,inferred
Solihull,2020-12-14,393,inferred
Solihull,2020-12-15,393,inferred
Solihull,2020-12-16,551,inferred
Solihull,2020-12-17,551,inferred
Solihull,2020-12-18,551,inferred
Solihull,2020-12-19,551,inferred
Solihull,2020-12-20,551,inferred
Solihull,2020-12-21,551,inferred
Solihull,2020-12-22,551,inferred
Solihull,2020-12-23,735,inferred
Solihull,2020-12-24,735,inferred
Solihull,2020-12-25,735,inferred
Solihull,2020-12-26,735,inferred
Solihull,2020-12-27,735,inferred
Solihull,2020-12-28,735,inferred
Solihull,2020-12-29,735,inferred
Solihull,2020-12-30,1190,inferred
Solihull,2020-12-31,1190,inferred
Solihull,2021-01-01,1190,inferred
Solihull,2021-01-02,1190,inferred
Solihull,2021-01-03,1190,inferred
Solihull,2021-01-04,1190,inferred
Solihull,2021-01-05,1190,inferred
Solihull,2021-01-06,1146,projected
Solihull,2021-01-07,1146,projected
Solihull,2021-01-08,1146,projected
Solihull,2021-01-09,1146,projected
Solihull,2021-01-10,1146,projected
Solihull,2021-01-11,1146,projected
Solihull,2021-01-12,1146,projected
Solihull,2021-01-13,1042,projected
Solihull,2021-01-14,1042,projected
Solihull,2021-01-15,1042,projected
Solihull,2021-01-16,1042,projected
Solihull,2021-01-17,1042,projected
Solihull,2021-01-18,1042,projected
Solihull,2021-01-19,1042,projected
Solihull,2021-01-20,978,projected
Solihull,2021-01-21,978,projected
Solihull,2021-01-22,978,projected
Solihull,2021-01-23,978,projected
Solihull,2021-01-24,978,projected
Solihull,2021-01-25,978,projected
Solihull,2021-01-26,978,projected
Somerset West and Taunton,2020-09-23, 34,inferred
Somerset West and Taunton,2020-09-24, 34,inferred
Somerset West and Taunton,2020-09-25, 34,inferred
Somerset West and Taunton,2020-09-26, 34,inferred
Somerset West and Taunton,2020-09-27, 34,inferred
Somerset West and Taunton,2020-09-28, 34,inferred
Somerset West and Taunton,2020-09-29, 34,inferred
Somerset West and Taunton,2020-09-30, 58,inferred
Somerset West and Taunton,2020-10-01, 58,inferred
Somerset West and Taunton,2020-10-02, 58,inferred
Somerset West and Taunton,2020-10-03, 58,inferred
Somerset West and Taunton,2020-10-04, 58,inferred
Somerset West and Taunton,2020-10-05, 58,inferred
Somerset West and Taunton,2020-10-06, 58,inferred
Somerset West and Taunton,2020-10-07, 73,inferred
Somerset West and Taunton,2020-10-08, 73,inferred
Somerset West and Taunton,2020-10-09, 73,inferred
Somerset West and Taunton,2020-10-10, 73,inferred
Somerset West and Taunton,2020-10-11, 73,inferred
Somerset West and Taunton,2020-10-12, 73,inferred
Somerset West and Taunton,2020-10-13, 73,inferred
Somerset West and Taunton,2020-10-14, 97,inferred
Somerset West and Taunton,2020-10-15, 97,inferred
Somerset West and Taunton,2020-10-16, 97,inferred
Somerset West and Taunton,2020-10-17, 97,inferred
Somerset West and Taunton,2020-10-18, 97,inferred
Somerset West and Taunton,2020-10-19, 97,inferred
Somerset West and Taunton,2020-10-20, 97,inferred
Somerset West and Taunton,2020-10-21,105,inferred
Somerset West and Taunton,2020-10-22,105,inferred
Somerset West and Taunton,2020-10-23,105,inferred
Somerset West and Taunton,2020-10-24,105,inferred
Somerset West and Taunton,2020-10-25,105,inferred
Somerset West and Taunton,2020-10-26,105,inferred
Somerset West and Taunton,2020-10-27,105,inferred
Somerset West and Taunton,2020-10-28,135,inferred
Somerset West and Taunton,2020-10-29,135,inferred
Somerset West and Taunton,2020-10-30,135,inferred
Somerset West and Taunton,2020-10-31,135,inferred
Somerset West and Taunton,2020-11-01,135,inferred
Somerset West and Taunton,2020-11-02,135,inferred
Somerset West and Taunton,2020-11-03,135,inferred
Somerset West and Taunton,2020-11-04,169,inferred
Somerset West and Taunton,2020-11-05,169,inferred
Somerset West and Taunton,2020-11-06,169,inferred
Somerset West and Taunton,2020-11-07,169,inferred
Somerset West and Taunton,2020-11-08,169,inferred
Somerset West and Taunton,2020-11-09,169,inferred
Somerset West and Taunton,2020-11-10,169,inferred
Somerset West and Taunton,2020-11-11,145,inferred
Somerset West and Taunton,2020-11-12,145,inferred
Somerset West and Taunton,2020-11-13,145,inferred
Somerset West and Taunton,2020-11-14,145,inferred
Somerset West and Taunton,2020-11-15,145,inferred
Somerset West and Taunton,2020-11-16,145,inferred
Somerset West and Taunton,2020-11-17,145,inferred
Somerset West and Taunton,2020-11-18,107,inferred
Somerset West and Taunton,2020-11-19,107,inferred
Somerset West and Taunton,2020-11-20,107,inferred
Somerset West and Taunton,2020-11-21,107,inferred
Somerset West and Taunton,2020-11-22,107,inferred
Somerset West and Taunton,2020-11-23,107,inferred
Somerset West and Taunton,2020-11-24,107,inferred
Somerset West and Taunton,2020-11-25,117,inferred
Somerset West and Taunton,2020-11-26,117,inferred
Somerset West and Taunton,2020-11-27,117,inferred
Somerset West and Taunton,2020-11-28,117,inferred
Somerset West and Taunton,2020-11-29,117,inferred
Somerset West and Taunton,2020-11-30,117,inferred
Somerset West and Taunton,2020-12-01,117,inferred
Somerset West and Taunton,2020-12-02,113,inferred
Somerset West and Taunton,2020-12-03,113,inferred
Somerset West and Taunton,2020-12-04,113,inferred
Somerset West and Taunton,2020-12-05,113,inferred
Somerset West and Taunton,2020-12-06,113,inferred
Somerset West and Taunton,2020-12-07,113,inferred
Somerset West and Taunton,2020-12-08,113,inferred
Somerset West and Taunton,2020-12-09,225,inferred
Somerset West and Taunton,2020-12-10,225,inferred
Somerset West and Taunton,2020-12-11,225,inferred
Somerset West and Taunton,2020-12-12,225,inferred
Somerset West and Taunton,2020-12-13,225,inferred
Somerset West and Taunton,2020-12-14,225,inferred
Somerset West and Taunton,2020-12-15,225,inferred
Somerset West and Taunton,2020-12-16,364,inferred
Somerset West and Taunton,2020-12-17,364,inferred
Somerset West and Taunton,2020-12-18,364,inferred
Somerset West and Taunton,2020-12-19,364,inferred
Somerset West and Taunton,2020-12-20,364,inferred
Somerset West and Taunton,2020-12-21,364,inferred
Somerset West and Taunton,2020-12-22,364,inferred
Somerset West and Taunton,2020-12-23,554,inferred
Somerset West and Taunton,2020-12-24,554,inferred
Somerset West and Taunton,2020-12-25,554,inferred
Somerset West and Taunton,2020-12-26,554,inferred
Somerset West and Taunton,2020-12-27,554,inferred
Somerset West and Taunton,2020-12-28,554,inferred
Somerset West and Taunton,2020-12-29,554,inferred
Somerset West and Taunton,2020-12-30,658,inferred
Somerset West and Taunton,2020-12-31,658,inferred
Somerset West and Taunton,2021-01-01,658,inferred
Somerset West and Taunton,2021-01-02,658,inferred
Somerset West and Taunton,2021-01-03,658,inferred
Somerset West and Taunton,2021-01-04,658,inferred
Somerset West and Taunton,2021-01-05,658,inferred
Somerset West and Taunton,2021-01-06,693,projected
Somerset West and Taunton,2021-01-07,693,projected
Somerset West and Taunton,2021-01-08,693,projected
Somerset West and Taunton,2021-01-09,693,projected
Somerset West and Taunton,2021-01-10,693,projected
Somerset West and Taunton,2021-01-11,693,projected
Somerset West and Taunton,2021-01-12,693,projected
Somerset West and Taunton,2021-01-13,707,projected
Somerset West and Taunton,2021-01-14,707,projected
Somerset West and Taunton,2021-01-15,707,projected
Somerset West and Taunton,2021-01-16,707,projected
Somerset West and Taunton,2021-01-17,707,projected
Somerset West and Taunton,2021-01-18,707,projected
Somerset West and Taunton,2021-01-19,707,projected
Somerset West and Taunton,2021-01-20,755,projected
Somerset West and Taunton,2021-01-21,755,projected
Somerset West and Taunton,2021-01-22,755,projected
Somerset West and Taunton,2021-01-23,755,projected
Somerset West and Taunton,2021-01-24,755,projected
Somerset West and Taunton,2021-01-25,755,projected
Somerset West and Taunton,2021-01-26,755,projected
South Ayrshire,2020-09-23,142,inferred
South Ayrshire,2020-09-24,142,inferred
South Ayrshire,2020-09-25,142,inferred
South Ayrshire,2020-09-26,142,inferred
South Ayrshire,2020-09-27,142,inferred
South Ayrshire,2020-09-28,142,inferred
South Ayrshire,2020-09-29,142,inferred
South Ayrshire,2020-09-30,248,inferred
South Ayrshire,2020-10-01,248,inferred
South Ayrshire,2020-10-02,248,inferred
South Ayrshire,2020-10-03,248,inferred
South Ayrshire,2020-10-04,248,inferred
South Ayrshire,2020-10-05,248,inferred
South Ayrshire,2020-10-06,248,inferred
South Ayrshire,2020-10-07,546,inferred
South Ayrshire,2020-10-08,546,inferred
South Ayrshire,2020-10-09,546,inferred
South Ayrshire,2020-10-10,546,inferred
South Ayrshire,2020-10-11,546,inferred
South Ayrshire,2020-10-12,546,inferred
South Ayrshire,2020-10-13,546,inferred
South Ayrshire,2020-10-14,621,inferred
South Ayrshire,2020-10-15,621,inferred
South Ayrshire,2020-10-16,621,inferred
South Ayrshire,2020-10-17,621,inferred
South Ayrshire,2020-10-18,621,inferred
South Ayrshire,2020-10-19,621,inferred
South Ayrshire,2020-10-20,621,inferred
South Ayrshire,2020-10-21,872,inferred
South Ayrshire,2020-10-22,872,inferred
South Ayrshire,2020-10-23,872,inferred
South Ayrshire,2020-10-24,872,inferred
South Ayrshire,2020-10-25,872,inferred
South Ayrshire,2020-10-26,872,inferred
South Ayrshire,2020-10-27,872,inferred
South Ayrshire,2020-10-28,647,inferred
South Ayrshire,2020-10-29,647,inferred
South Ayrshire,2020-10-30,647,inferred
South Ayrshire,2020-10-31,647,inferred
South Ayrshire,2020-11-01,647,inferred
South Ayrshire,2020-11-02,647,inferred
South Ayrshire,2020-11-03,647,inferred
South Ayrshire,2020-11-04,625,inferred
South Ayrshire,2020-11-05,625,inferred
South Ayrshire,2020-11-06,625,inferred
South Ayrshire,2020-11-07,625,inferred
South Ayrshire,2020-11-08,625,inferred
South Ayrshire,2020-11-09,625,inferred
South Ayrshire,2020-11-10,625,inferred
South Ayrshire,2020-11-11,528,inferred
South Ayrshire,2020-11-12,528,inferred
South Ayrshire,2020-11-13,528,inferred
South Ayrshire,2020-11-14,528,inferred
South Ayrshire,2020-11-15,528,inferred
South Ayrshire,2020-11-16,528,inferred
South Ayrshire,2020-11-17,528,inferred
South Ayrshire,2020-11-18,488,inferred
South Ayrshire,2020-11-19,488,inferred
South Ayrshire,2020-11-20,488,inferred
South Ayrshire,2020-11-21,488,inferred
South Ayrshire,2020-11-22,488,inferred
South Ayrshire,2020-11-23,488,inferred
South Ayrshire,2020-11-24,488,inferred
South Ayrshire,2020-11-25,457,inferred
South Ayrshire,2020-11-26,457,inferred
South Ayrshire,2020-11-27,457,inferred
South Ayrshire,2020-11-28,457,inferred
South Ayrshire,2020-11-29,457,inferred
South Ayrshire,2020-11-30,457,inferred
South Ayrshire,2020-12-01,457,inferred
South Ayrshire,2020-12-02,502,inferred
South Ayrshire,2020-12-03,502,inferred
South Ayrshire,2020-12-04,502,inferred
South Ayrshire,2020-12-05,502,inferred
South Ayrshire,2020-12-06,502,inferred
South Ayrshire,2020-12-07,502,inferred
South Ayrshire,2020-12-08,502,inferred
South Ayrshire,2020-12-09,593,inferred
South Ayrshire,2020-12-10,593,inferred
South Ayrshire,2020-12-11,593,inferred
South Ayrshire,2020-12-12,593,inferred
South Ayrshire,2020-12-13,593,inferred
South Ayrshire,2020-12-14,593,inferred
South Ayrshire,2020-12-15,593,inferred
South Ayrshire,2020-12-16,571,inferred
South Ayrshire,2020-12-17,571,inferred
South Ayrshire,2020-12-18,571,inferred
South Ayrshire,2020-12-19,571,inferred
South Ayrshire,2020-12-20,571,inferred
South Ayrshire,2020-12-21,571,inferred
South Ayrshire,2020-12-22,571,inferred
South Ayrshire,2020-12-23,641,inferred
South Ayrshire,2020-12-24,641,inferred
South Ayrshire,2020-12-25,641,inferred
South Ayrshire,2020-12-26,641,inferred
South Ayrshire,2020-12-27,641,inferred
South Ayrshire,2020-12-28,641,inferred
South Ayrshire,2020-12-29,641,inferred
South Ayrshire,2020-12-30,1175,inferred
South Ayrshire,2020-12-31,1175,inferred
South Ayrshire,2021-01-01,1175,inferred
South Ayrshire,2021-01-02,1175,inferred
South Ayrshire,2021-01-03,1175,inferred
South Ayrshire,2021-01-04,1175,inferred
South Ayrshire,2021-01-05,1175,inferred
South Ayrshire,2021-01-06,1511,projected
South Ayrshire,2021-01-07,1511,projected
South Ayrshire,2021-01-08,1511,projected
South Ayrshire,2021-01-09,1511,projected
South Ayrshire,2021-01-10,1511,projected
South Ayrshire,2021-01-11,1511,projected
South Ayrshire,2021-01-12,1511,projected
South Ayrshire,2021-01-13,1995,projected
South Ayrshire,2021-01-14,1995,projected
South Ayrshire,2021-01-15,1995,projected
South Ayrshire,2021-01-16,1995,projected
South Ayrshire,2021-01-17,1995,projected
South Ayrshire,2021-01-18,1995,projected
South Ayrshire,2021-01-19,1995,projected
South Ayrshire,2021-01-20,2865,projected
South Ayrshire,2021-01-21,2865,projected
South Ayrshire,2021-01-22,2865,projected
South Ayrshire,2021-01-23,2865,projected
South Ayrshire,2021-01-24,2865,projected
South Ayrshire,2021-01-25,2865,projected
South Ayrshire,2021-01-26,2865,projected
South Cambridgeshire,2020-09-23, 26,inferred
South Cambridgeshire,2020-09-24, 26,inferred
South Cambridgeshire,2020-09-25, 26,inferred
South Cambridgeshire,2020-09-26, 26,inferred
South Cambridgeshire,2020-09-27, 26,inferred
South Cambridgeshire,2020-09-28, 26,inferred
South Cambridgeshire,2020-09-29, 26,inferred
South Cambridgeshire,2020-09-30, 63,inferred
South Cambridgeshire,2020-10-01, 63,inferred
South Cambridgeshire,2020-10-02, 63,inferred
South Cambridgeshire,2020-10-03, 63,inferred
South Cambridgeshire,2020-10-04, 63,inferred
South Cambridgeshire,2020-10-05, 63,inferred
South Cambridgeshire,2020-10-06, 63,inferred
South Cambridgeshire,2020-10-07, 76,inferred
South Cambridgeshire,2020-10-08, 76,inferred
South Cambridgeshire,2020-10-09, 76,inferred
South Cambridgeshire,2020-10-10, 76,inferred
South Cambridgeshire,2020-10-11, 76,inferred
South Cambridgeshire,2020-10-12, 76,inferred
South Cambridgeshire,2020-10-13, 76,inferred
South Cambridgeshire,2020-10-14, 86,inferred
South Cambridgeshire,2020-10-15, 86,inferred
South Cambridgeshire,2020-10-16, 86,inferred
South Cambridgeshire,2020-10-17, 86,inferred
South Cambridgeshire,2020-10-18, 86,inferred
South Cambridgeshire,2020-10-19, 86,inferred
South Cambridgeshire,2020-10-20, 86,inferred
South Cambridgeshire,2020-10-21,100,inferred
South Cambridgeshire,2020-10-22,100,inferred
South Cambridgeshire,2020-10-23,100,inferred
South Cambridgeshire,2020-10-24,100,inferred
South Cambridgeshire,2020-10-25,100,inferred
South Cambridgeshire,2020-10-26,100,inferred
South Cambridgeshire,2020-10-27,100,inferred
South Cambridgeshire,2020-10-28,123,inferred
South Cambridgeshire,2020-10-29,123,inferred
South Cambridgeshire,2020-10-30,123,inferred
South Cambridgeshire,2020-10-31,123,inferred
South Cambridgeshire,2020-11-01,123,inferred
South Cambridgeshire,2020-11-02,123,inferred
South Cambridgeshire,2020-11-03,123,inferred
South Cambridgeshire,2020-11-04,186,inferred
South Cambridgeshire,2020-11-05,186,inferred
South Cambridgeshire,2020-11-06,186,inferred
South Cambridgeshire,2020-11-07,186,inferred
South Cambridgeshire,2020-11-08,186,inferred
South Cambridgeshire,2020-11-09,186,inferred
South Cambridgeshire,2020-11-10,186,inferred
South Cambridgeshire,2020-11-11,145,inferred
South Cambridgeshire,2020-11-12,145,inferred
South Cambridgeshire,2020-11-13,145,inferred
South Cambridgeshire,2020-11-14,145,inferred
South Cambridgeshire,2020-11-15,145,inferred
South Cambridgeshire,2020-11-16,145,inferred
South Cambridgeshire,2020-11-17,145,inferred
South Cambridgeshire,2020-11-18, 86,inferred
South Cambridgeshire,2020-11-19, 86,inferred
South Cambridgeshire,2020-11-20, 86,inferred
South Cambridgeshire,2020-11-21, 86,inferred
South Cambridgeshire,2020-11-22, 86,inferred
South Cambridgeshire,2020-11-23, 86,inferred
South Cambridgeshire,2020-11-24, 86,inferred
South Cambridgeshire,2020-11-25, 76,inferred
South Cambridgeshire,2020-11-26, 76,inferred
South Cambridgeshire,2020-11-27, 76,inferred
South Cambridgeshire,2020-11-28, 76,inferred
South Cambridgeshire,2020-11-29, 76,inferred
South Cambridgeshire,2020-11-30, 76,inferred
South Cambridgeshire,2020-12-01, 76,inferred
South Cambridgeshire,2020-12-02,118,inferred
South Cambridgeshire,2020-12-03,118,inferred
South Cambridgeshire,2020-12-04,118,inferred
South Cambridgeshire,2020-12-05,118,inferred
South Cambridgeshire,2020-12-06,118,inferred
South Cambridgeshire,2020-12-07,118,inferred
South Cambridgeshire,2020-12-08,118,inferred
South Cambridgeshire,2020-12-09,279,inferred
South Cambridgeshire,2020-12-10,279,inferred
South Cambridgeshire,2020-12-11,279,inferred
South Cambridgeshire,2020-12-12,279,inferred
South Cambridgeshire,2020-12-13,279,inferred
South Cambridgeshire,2020-12-14,279,inferred
South Cambridgeshire,2020-12-15,279,inferred
South Cambridgeshire,2020-12-16,411,inferred
South Cambridgeshire,2020-12-17,411,inferred
South Cambridgeshire,2020-12-18,411,inferred
South Cambridgeshire,2020-12-19,411,inferred
South Cambridgeshire,2020-12-20,411,inferred
South Cambridgeshire,2020-12-21,411,inferred
South Cambridgeshire,2020-12-22,411,inferred
South Cambridgeshire,2020-12-23,620,inferred
South Cambridgeshire,2020-12-24,620,inferred
South Cambridgeshire,2020-12-25,620,inferred
South Cambridgeshire,2020-12-26,620,inferred
South Cambridgeshire,2020-12-27,620,inferred
South Cambridgeshire,2020-12-28,620,inferred
South Cambridgeshire,2020-12-29,620,inferred
South Cambridgeshire,2020-12-30,741,inferred
South Cambridgeshire,2020-12-31,741,inferred
South Cambridgeshire,2021-01-01,741,inferred
South Cambridgeshire,2021-01-02,741,inferred
South Cambridgeshire,2021-01-03,741,inferred
South Cambridgeshire,2021-01-04,741,inferred
South Cambridgeshire,2021-01-05,741,inferred
South Cambridgeshire,2021-01-06,803,projected
South Cambridgeshire,2021-01-07,803,projected
South Cambridgeshire,2021-01-08,803,projected
South Cambridgeshire,2021-01-09,803,projected
South Cambridgeshire,2021-01-10,803,projected
South Cambridgeshire,2021-01-11,803,projected
South Cambridgeshire,2021-01-12,803,projected
South Cambridgeshire,2021-01-13,830,projected
South Cambridgeshire,2021-01-14,830,projected
South Cambridgeshire,2021-01-15,830,projected
South Cambridgeshire,2021-01-16,830,projected
South Cambridgeshire,2021-01-17,830,projected
South Cambridgeshire,2021-01-18,830,projected
South Cambridgeshire,2021-01-19,830,projected
South Cambridgeshire,2021-01-20,898,projected
South Cambridgeshire,2021-01-21,898,projected
South Cambridgeshire,2021-01-22,898,projected
South Cambridgeshire,2021-01-23,898,projected
South Cambridgeshire,2021-01-24,898,projected
South Cambridgeshire,2021-01-25,898,projected
South Cambridgeshire,2021-01-26,898,projected
South Derbyshire,2020-09-23, 46,inferred
South Derbyshire,2020-09-24, 46,inferred
South Derbyshire,2020-09-25, 46,inferred
South Derbyshire,2020-09-26, 46,inferred
South Derbyshire,2020-09-27, 46,inferred
South Derbyshire,2020-09-28, 46,inferred
South Derbyshire,2020-09-29, 46,inferred
South Derbyshire,2020-09-30, 72,inferred
South Derbyshire,2020-10-01, 72,inferred
South Derbyshire,2020-10-02, 72,inferred
South Derbyshire,2020-10-03, 72,inferred
South Derbyshire,2020-10-04, 72,inferred
South Derbyshire,2020-10-05, 72,inferred
South Derbyshire,2020-10-06, 72,inferred
South Derbyshire,2020-10-07,118,inferred
South Derbyshire,2020-10-08,118,inferred
South Derbyshire,2020-10-09,118,inferred
South Derbyshire,2020-10-10,118,inferred
South Derbyshire,2020-10-11,118,inferred
South Derbyshire,2020-10-12,118,inferred
South Derbyshire,2020-10-13,118,inferred
South Derbyshire,2020-10-14,247,inferred
South Derbyshire,2020-10-15,247,inferred
South Derbyshire,2020-10-16,247,inferred
South Derbyshire,2020-10-17,247,inferred
South Derbyshire,2020-10-18,247,inferred
South Derbyshire,2020-10-19,247,inferred
South Derbyshire,2020-10-20,247,inferred
South Derbyshire,2020-10-21,361,inferred
South Derbyshire,2020-10-22,361,inferred
South Derbyshire,2020-10-23,361,inferred
South Derbyshire,2020-10-24,361,inferred
South Derbyshire,2020-10-25,361,inferred
South Derbyshire,2020-10-26,361,inferred
South Derbyshire,2020-10-27,361,inferred
South Derbyshire,2020-10-28,474,inferred
South Derbyshire,2020-10-29,474,inferred
South Derbyshire,2020-10-30,474,inferred
South Derbyshire,2020-10-31,474,inferred
South Derbyshire,2020-11-01,474,inferred
South Derbyshire,2020-11-02,474,inferred
South Derbyshire,2020-11-03,474,inferred
South Derbyshire,2020-11-04,434,inferred
South Derbyshire,2020-11-05,434,inferred
South Derbyshire,2020-11-06,434,inferred
South Derbyshire,2020-11-07,434,inferred
South Derbyshire,2020-11-08,434,inferred
South Derbyshire,2020-11-09,434,inferred
South Derbyshire,2020-11-10,434,inferred
South Derbyshire,2020-11-11,414,inferred
South Derbyshire,2020-11-12,414,inferred
South Derbyshire,2020-11-13,414,inferred
South Derbyshire,2020-11-14,414,inferred
South Derbyshire,2020-11-15,414,inferred
South Derbyshire,2020-11-16,414,inferred
South Derbyshire,2020-11-17,414,inferred
South Derbyshire,2020-11-18,240,inferred
South Derbyshire,2020-11-19,240,inferred
South Derbyshire,2020-11-20,240,inferred
South Derbyshire,2020-11-21,240,inferred
South Derbyshire,2020-11-22,240,inferred
South Derbyshire,2020-11-23,240,inferred
South Derbyshire,2020-11-24,240,inferred
South Derbyshire,2020-11-25,131,inferred
South Derbyshire,2020-11-26,131,inferred
South Derbyshire,2020-11-27,131,inferred
South Derbyshire,2020-11-28,131,inferred
South Derbyshire,2020-11-29,131,inferred
South Derbyshire,2020-11-30,131,inferred
South Derbyshire,2020-12-01,131,inferred
South Derbyshire,2020-12-02,215,inferred
South Derbyshire,2020-12-03,215,inferred
South Derbyshire,2020-12-04,215,inferred
South Derbyshire,2020-12-05,215,inferred
South Derbyshire,2020-12-06,215,inferred
South Derbyshire,2020-12-07,215,inferred
South Derbyshire,2020-12-08,215,inferred
South Derbyshire,2020-12-09,268,inferred
South Derbyshire,2020-12-10,268,inferred
South Derbyshire,2020-12-11,268,inferred
South Derbyshire,2020-12-12,268,inferred
South Derbyshire,2020-12-13,268,inferred
South Derbyshire,2020-12-14,268,inferred
South Derbyshire,2020-12-15,268,inferred
South Derbyshire,2020-12-16,300,inferred
South Derbyshire,2020-12-17,300,inferred
South Derbyshire,2020-12-18,300,inferred
South Derbyshire,2020-12-19,300,inferred
South Derbyshire,2020-12-20,300,inferred
South Derbyshire,2020-12-21,300,inferred
South Derbyshire,2020-12-22,300,inferred
South Derbyshire,2020-12-23,323,inferred
South Derbyshire,2020-12-24,323,inferred
South Derbyshire,2020-12-25,323,inferred
South Derbyshire,2020-12-26,323,inferred
South Derbyshire,2020-12-27,323,inferred
South Derbyshire,2020-12-28,323,inferred
South Derbyshire,2020-12-29,323,inferred
South Derbyshire,2020-12-30,495,inferred
South Derbyshire,2020-12-31,495,inferred
South Derbyshire,2021-01-01,495,inferred
South Derbyshire,2021-01-02,495,inferred
South Derbyshire,2021-01-03,495,inferred
South Derbyshire,2021-01-04,495,inferred
South Derbyshire,2021-01-05,495,inferred
South Derbyshire,2021-01-06,478,projected
South Derbyshire,2021-01-07,478,projected
South Derbyshire,2021-01-08,478,projected
South Derbyshire,2021-01-09,478,projected
South Derbyshire,2021-01-10,478,projected
South Derbyshire,2021-01-11,478,projected
South Derbyshire,2021-01-12,478,projected
South Derbyshire,2021-01-13,440,projected
South Derbyshire,2021-01-14,440,projected
South Derbyshire,2021-01-15,440,projected
South Derbyshire,2021-01-16,440,projected
South Derbyshire,2021-01-17,440,projected
South Derbyshire,2021-01-18,440,projected
South Derbyshire,2021-01-19,440,projected
South Derbyshire,2021-01-20,437,projected
South Derbyshire,2021-01-21,437,projected
South Derbyshire,2021-01-22,437,projected
South Derbyshire,2021-01-23,437,projected
South Derbyshire,2021-01-24,437,projected
South Derbyshire,2021-01-25,437,projected
South Derbyshire,2021-01-26,437,projected
South Gloucestershire,2020-09-23,103,inferred
South Gloucestershire,2020-09-24,103,inferred
South Gloucestershire,2020-09-25,103,inferred
South Gloucestershire,2020-09-26,103,inferred
South Gloucestershire,2020-09-27,103,inferred
South Gloucestershire,2020-09-28,103,inferred
South Gloucestershire,2020-09-29,103,inferred
South Gloucestershire,2020-09-30,154,inferred
South Gloucestershire,2020-10-01,154,inferred
South Gloucestershire,2020-10-02,154,inferred
South Gloucestershire,2020-10-03,154,inferred
South Gloucestershire,2020-10-04,154,inferred
South Gloucestershire,2020-10-05,154,inferred
South Gloucestershire,2020-10-06,154,inferred
South Gloucestershire,2020-10-07,267,inferred
South Gloucestershire,2020-10-08,267,inferred
South Gloucestershire,2020-10-09,267,inferred
South Gloucestershire,2020-10-10,267,inferred
South Gloucestershire,2020-10-11,267,inferred
South Gloucestershire,2020-10-12,267,inferred
South Gloucestershire,2020-10-13,267,inferred
South Gloucestershire,2020-10-14,442,inferred
South Gloucestershire,2020-10-15,442,inferred
South Gloucestershire,2020-10-16,442,inferred
South Gloucestershire,2020-10-17,442,inferred
South Gloucestershire,2020-10-18,442,inferred
South Gloucestershire,2020-10-19,442,inferred
South Gloucestershire,2020-10-20,442,inferred
South Gloucestershire,2020-10-21,779,inferred
South Gloucestershire,2020-10-22,779,inferred
South Gloucestershire,2020-10-23,779,inferred
South Gloucestershire,2020-10-24,779,inferred
South Gloucestershire,2020-10-25,779,inferred
South Gloucestershire,2020-10-26,779,inferred
South Gloucestershire,2020-10-27,779,inferred
South Gloucestershire,2020-10-28,839,inferred
South Gloucestershire,2020-10-29,839,inferred
South Gloucestershire,2020-10-30,839,inferred
South Gloucestershire,2020-10-31,839,inferred
South Gloucestershire,2020-11-01,839,inferred
South Gloucestershire,2020-11-02,839,inferred
South Gloucestershire,2020-11-03,839,inferred
South Gloucestershire,2020-11-04,998,inferred
South Gloucestershire,2020-11-05,998,inferred
South Gloucestershire,2020-11-06,998,inferred
South Gloucestershire,2020-11-07,998,inferred
South Gloucestershire,2020-11-08,998,inferred
South Gloucestershire,2020-11-09,998,inferred
South Gloucestershire,2020-11-10,998,inferred
South Gloucestershire,2020-11-11,917,inferred
South Gloucestershire,2020-11-12,917,inferred
South Gloucestershire,2020-11-13,917,inferred
South Gloucestershire,2020-11-14,917,inferred
South Gloucestershire,2020-11-15,917,inferred
South Gloucestershire,2020-11-16,917,inferred
South Gloucestershire,2020-11-17,917,inferred
South Gloucestershire,2020-11-18,497,inferred
South Gloucestershire,2020-11-19,497,inferred
South Gloucestershire,2020-11-20,497,inferred
South Gloucestershire,2020-11-21,497,inferred
South Gloucestershire,2020-11-22,497,inferred
South Gloucestershire,2020-11-23,497,inferred
South Gloucestershire,2020-11-24,497,inferred
South Gloucestershire,2020-11-25,433,inferred
South Gloucestershire,2020-11-26,433,inferred
South Gloucestershire,2020-11-27,433,inferred
South Gloucestershire,2020-11-28,433,inferred
South Gloucestershire,2020-11-29,433,inferred
South Gloucestershire,2020-11-30,433,inferred
South Gloucestershire,2020-12-01,433,inferred
South Gloucestershire,2020-12-02,383,inferred
South Gloucestershire,2020-12-03,383,inferred
South Gloucestershire,2020-12-04,383,inferred
South Gloucestershire,2020-12-05,383,inferred
South Gloucestershire,2020-12-06,383,inferred
South Gloucestershire,2020-12-07,383,inferred
South Gloucestershire,2020-12-08,383,inferred
South Gloucestershire,2020-12-09,525,inferred
South Gloucestershire,2020-12-10,525,inferred
South Gloucestershire,2020-12-11,525,inferred
South Gloucestershire,2020-12-12,525,inferred
South Gloucestershire,2020-12-13,525,inferred
South Gloucestershire,2020-12-14,525,inferred
South Gloucestershire,2020-12-15,525,inferred
South Gloucestershire,2020-12-16,548,inferred
South Gloucestershire,2020-12-17,548,inferred
South Gloucestershire,2020-12-18,548,inferred
South Gloucestershire,2020-12-19,548,inferred
South Gloucestershire,2020-12-20,548,inferred
South Gloucestershire,2020-12-21,548,inferred
South Gloucestershire,2020-12-22,548,inferred
South Gloucestershire,2020-12-23,773,inferred
South Gloucestershire,2020-12-24,773,inferred
South Gloucestershire,2020-12-25,773,inferred
South Gloucestershire,2020-12-26,773,inferred
South Gloucestershire,2020-12-27,773,inferred
South Gloucestershire,2020-12-28,773,inferred
South Gloucestershire,2020-12-29,773,inferred
South Gloucestershire,2020-12-30,1318,inferred
South Gloucestershire,2020-12-31,1318,inferred
South Gloucestershire,2021-01-01,1318,inferred
South Gloucestershire,2021-01-02,1318,inferred
South Gloucestershire,2021-01-03,1318,inferred
South Gloucestershire,2021-01-04,1318,inferred
South Gloucestershire,2021-01-05,1318,inferred
South Gloucestershire,2021-01-06,1618,projected
South Gloucestershire,2021-01-07,1618,projected
South Gloucestershire,2021-01-08,1618,projected
South Gloucestershire,2021-01-09,1618,projected
South Gloucestershire,2021-01-10,1618,projected
South Gloucestershire,2021-01-11,1618,projected
South Gloucestershire,2021-01-12,1618,projected
South Gloucestershire,2021-01-13,1817,projected
South Gloucestershire,2021-01-14,1817,projected
South Gloucestershire,2021-01-15,1817,projected
South Gloucestershire,2021-01-16,1817,projected
South Gloucestershire,2021-01-17,1817,projected
South Gloucestershire,2021-01-18,1817,projected
South Gloucestershire,2021-01-19,1817,projected
South Gloucestershire,2021-01-20,2242,projected
South Gloucestershire,2021-01-21,2242,projected
South Gloucestershire,2021-01-22,2242,projected
South Gloucestershire,2021-01-23,2242,projected
South Gloucestershire,2021-01-24,2242,projected
South Gloucestershire,2021-01-25,2242,projected
South Gloucestershire,2021-01-26,2242,projected
South Hams,2020-09-23, 13,inferred
South Hams,2020-09-24, 13,inferred
South Hams,2020-09-25, 13,inferred
South Hams,2020-09-26, 13,inferred
South Hams,2020-09-27, 13,inferred
South Hams,2020-09-28, 13,inferred
South Hams,2020-09-29, 13,inferred
South Hams,2020-09-30, 15,inferred
South Hams,2020-10-01, 15,inferred
South Hams,2020-10-02, 15,inferred
South Hams,2020-10-03, 15,inferred
South Hams,2020-10-04, 15,inferred
South Hams,2020-10-05, 15,inferred
South Hams,2020-10-06, 15,inferred
South Hams,2020-10-07, 36,inferred
South Hams,2020-10-08, 36,inferred
South Hams,2020-10-09, 36,inferred
South Hams,2020-10-10, 36,inferred
South Hams,2020-10-11, 36,inferred
South Hams,2020-10-12, 36,inferred
South Hams,2020-10-13, 36,inferred
South Hams,2020-10-14, 40,inferred
South Hams,2020-10-15, 40,inferred
South Hams,2020-10-16, 40,inferred
South Hams,2020-10-17, 40,inferred
South Hams,2020-10-18, 40,inferred
South Hams,2020-10-19, 40,inferred
South Hams,2020-10-20, 40,inferred
South Hams,2020-10-21, 65,inferred
South Hams,2020-10-22, 65,inferred
South Hams,2020-10-23, 65,inferred
South Hams,2020-10-24, 65,inferred
South Hams,2020-10-25, 65,inferred
South Hams,2020-10-26, 65,inferred
South Hams,2020-10-27, 65,inferred
South Hams,2020-10-28, 67,inferred
South Hams,2020-10-29, 67,inferred
South Hams,2020-10-30, 67,inferred
South Hams,2020-10-31, 67,inferred
South Hams,2020-11-01, 67,inferred
South Hams,2020-11-02, 67,inferred
South Hams,2020-11-03, 67,inferred
South Hams,2020-11-04, 81,inferred
South Hams,2020-11-05, 81,inferred
South Hams,2020-11-06, 81,inferred
South Hams,2020-11-07, 81,inferred
South Hams,2020-11-08, 81,inferred
South Hams,2020-11-09, 81,inferred
South Hams,2020-11-10, 81,inferred
South Hams,2020-11-11, 79,inferred
South Hams,2020-11-12, 79,inferred
South Hams,2020-11-13, 79,inferred
South Hams,2020-11-14, 79,inferred
South Hams,2020-11-15, 79,inferred
South Hams,2020-11-16, 79,inferred
South Hams,2020-11-17, 79,inferred
South Hams,2020-11-18, 37,inferred
South Hams,2020-11-19, 37,inferred
South Hams,2020-11-20, 37,inferred
South Hams,2020-11-21, 37,inferred
South Hams,2020-11-22, 37,inferred
South Hams,2020-11-23, 37,inferred
South Hams,2020-11-24, 37,inferred
South Hams,2020-11-25, 37,inferred
South Hams,2020-11-26, 37,inferred
South Hams,2020-11-27, 37,inferred
South Hams,2020-11-28, 37,inferred
South Hams,2020-11-29, 37,inferred
South Hams,2020-11-30, 37,inferred
South Hams,2020-12-01, 37,inferred
South Hams,2020-12-02, 16,inferred
South Hams,2020-12-03, 16,inferred
South Hams,2020-12-04, 16,inferred
South Hams,2020-12-05, 16,inferred
South Hams,2020-12-06, 16,inferred
South Hams,2020-12-07, 16,inferred
South Hams,2020-12-08, 16,inferred
South Hams,2020-12-09, 58,inferred
South Hams,2020-12-10, 58,inferred
South Hams,2020-12-11, 58,inferred
South Hams,2020-12-12, 58,inferred
South Hams,2020-12-13, 58,inferred
South Hams,2020-12-14, 58,inferred
South Hams,2020-12-15, 58,inferred
South Hams,2020-12-16, 85,inferred
South Hams,2020-12-17, 85,inferred
South Hams,2020-12-18, 85,inferred
South Hams,2020-12-19, 85,inferred
South Hams,2020-12-20, 85,inferred
South Hams,2020-12-21, 85,inferred
South Hams,2020-12-22, 85,inferred
South Hams,2020-12-23,115,inferred
South Hams,2020-12-24,115,inferred
South Hams,2020-12-25,115,inferred
South Hams,2020-12-26,115,inferred
South Hams,2020-12-27,115,inferred
South Hams,2020-12-28,115,inferred
South Hams,2020-12-29,115,inferred
South Hams,2020-12-30,183,inferred
South Hams,2020-12-31,183,inferred
South Hams,2021-01-01,183,inferred
South Hams,2021-01-02,183,inferred
South Hams,2021-01-03,183,inferred
South Hams,2021-01-04,183,inferred
South Hams,2021-01-05,183,inferred
South Hams,2021-01-06,242,projected
South Hams,2021-01-07,242,projected
South Hams,2021-01-08,242,projected
South Hams,2021-01-09,242,projected
South Hams,2021-01-10,242,projected
South Hams,2021-01-11,242,projected
South Hams,2021-01-12,242,projected
South Hams,2021-01-13,346,projected
South Hams,2021-01-14,346,projected
South Hams,2021-01-15,346,projected
South Hams,2021-01-16,346,projected
South Hams,2021-01-17,346,projected
South Hams,2021-01-18,346,projected
South Hams,2021-01-19,346,projected
South Hams,2021-01-20,487,projected
South Hams,2021-01-21,487,projected
South Hams,2021-01-22,487,projected
South Hams,2021-01-23,487,projected
South Hams,2021-01-24,487,projected
South Hams,2021-01-25,487,projected
South Hams,2021-01-26,487,projected
South Holland,2020-09-23, 10,inferred
South Holland,2020-09-24, 10,inferred
South Holland,2020-09-25, 10,inferred
South Holland,2020-09-26, 10,inferred
South Holland,2020-09-27, 10,inferred
South Holland,2020-09-28, 10,inferred
South Holland,2020-09-29, 10,inferred
South Holland,2020-09-30, 34,inferred
South Holland,2020-10-01, 34,inferred
South Holland,2020-10-02, 34,inferred
South Holland,2020-10-03, 34,inferred
South Holland,2020-10-04, 34,inferred
South Holland,2020-10-05, 34,inferred
South Holland,2020-10-06, 34,inferred
South Holland,2020-10-07, 40,inferred
South Holland,2020-10-08, 40,inferred
South Holland,2020-10-09, 40,inferred
South Holland,2020-10-10, 40,inferred
South Holland,2020-10-11, 40,inferred
South Holland,2020-10-12, 40,inferred
South Holland,2020-10-13, 40,inferred
South Holland,2020-10-14,109,inferred
South Holland,2020-10-15,109,inferred
South Holland,2020-10-16,109,inferred
South Holland,2020-10-17,109,inferred
South Holland,2020-10-18,109,inferred
South Holland,2020-10-19,109,inferred
South Holland,2020-10-20,109,inferred
South Holland,2020-10-21,171,inferred
South Holland,2020-10-22,171,inferred
South Holland,2020-10-23,171,inferred
South Holland,2020-10-24,171,inferred
South Holland,2020-10-25,171,inferred
South Holland,2020-10-26,171,inferred
South Holland,2020-10-27,171,inferred
South Holland,2020-10-28,130,inferred
South Holland,2020-10-29,130,inferred
South Holland,2020-10-30,130,inferred
South Holland,2020-10-31,130,inferred
South Holland,2020-11-01,130,inferred
South Holland,2020-11-02,130,inferred
South Holland,2020-11-03,130,inferred
South Holland,2020-11-04,217,inferred
South Holland,2020-11-05,217,inferred
South Holland,2020-11-06,217,inferred
South Holland,2020-11-07,217,inferred
South Holland,2020-11-08,217,inferred
South Holland,2020-11-09,217,inferred
South Holland,2020-11-10,217,inferred
South Holland,2020-11-11,169,inferred
South Holland,2020-11-12,169,inferred
South Holland,2020-11-13,169,inferred
South Holland,2020-11-14,169,inferred
South Holland,2020-11-15,169,inferred
South Holland,2020-11-16,169,inferred
South Holland,2020-11-17,169,inferred
South Holland,2020-11-18,129,inferred
South Holland,2020-11-19,129,inferred
South Holland,2020-11-20,129,inferred
South Holland,2020-11-21,129,inferred
South Holland,2020-11-22,129,inferred
South Holland,2020-11-23,129,inferred
South Holland,2020-11-24,129,inferred
South Holland,2020-11-25,147,inferred
South Holland,2020-11-26,147,inferred
South Holland,2020-11-27,147,inferred
South Holland,2020-11-28,147,inferred
South Holland,2020-11-29,147,inferred
South Holland,2020-11-30,147,inferred
South Holland,2020-12-01,147,inferred
South Holland,2020-12-02,109,inferred
South Holland,2020-12-03,109,inferred
South Holland,2020-12-04,109,inferred
South Holland,2020-12-05,109,inferred
South Holland,2020-12-06,109,inferred
South Holland,2020-12-07,109,inferred
South Holland,2020-12-08,109,inferred
South Holland,2020-12-09,188,inferred
South Holland,2020-12-10,188,inferred
South Holland,2020-12-11,188,inferred
South Holland,2020-12-12,188,inferred
South Holland,2020-12-13,188,inferred
South Holland,2020-12-14,188,inferred
South Holland,2020-12-15,188,inferred
South Holland,2020-12-16,220,inferred
South Holland,2020-12-17,220,inferred
South Holland,2020-12-18,220,inferred
South Holland,2020-12-19,220,inferred
South Holland,2020-12-20,220,inferred
South Holland,2020-12-21,220,inferred
South Holland,2020-12-22,220,inferred
South Holland,2020-12-23,239,inferred
South Holland,2020-12-24,239,inferred
South Holland,2020-12-25,239,inferred
South Holland,2020-12-26,239,inferred
South Holland,2020-12-27,239,inferred
South Holland,2020-12-28,239,inferred
South Holland,2020-12-29,239,inferred
South Holland,2020-12-30,266,inferred
South Holland,2020-12-31,266,inferred
South Holland,2021-01-01,266,inferred
South Holland,2021-01-02,266,inferred
South Holland,2021-01-03,266,inferred
South Holland,2021-01-04,266,inferred
South Holland,2021-01-05,266,inferred
South Holland,2021-01-06,305,projected
South Holland,2021-01-07,305,projected
South Holland,2021-01-08,305,projected
South Holland,2021-01-09,305,projected
South Holland,2021-01-10,305,projected
South Holland,2021-01-11,305,projected
South Holland,2021-01-12,305,projected
South Holland,2021-01-13,349,projected
South Holland,2021-01-14,349,projected
South Holland,2021-01-15,349,projected
South Holland,2021-01-16,349,projected
South Holland,2021-01-17,349,projected
South Holland,2021-01-18,349,projected
South Holland,2021-01-19,349,projected
South Holland,2021-01-20,392,projected
South Holland,2021-01-21,392,projected
South Holland,2021-01-22,392,projected
South Holland,2021-01-23,392,projected
South Holland,2021-01-24,392,projected
South Holland,2021-01-25,392,projected
South Holland,2021-01-26,392,projected
South Kesteven,2020-09-23, 36,inferred
South Kesteven,2020-09-24, 36,inferred
South Kesteven,2020-09-25, 36,inferred
South Kesteven,2020-09-26, 36,inferred
South Kesteven,2020-09-27, 36,inferred
South Kesteven,2020-09-28, 36,inferred
South Kesteven,2020-09-29, 36,inferred
South Kesteven,2020-09-30,120,inferred
South Kesteven,2020-10-01,120,inferred
South Kesteven,2020-10-02,120,inferred
South Kesteven,2020-10-03,120,inferred
South Kesteven,2020-10-04,120,inferred
South Kesteven,2020-10-05,120,inferred
South Kesteven,2020-10-06,120,inferred
South Kesteven,2020-10-07,143,inferred
South Kesteven,2020-10-08,143,inferred
South Kesteven,2020-10-09,143,inferred
South Kesteven,2020-10-10,143,inferred
South Kesteven,2020-10-11,143,inferred
South Kesteven,2020-10-12,143,inferred
South Kesteven,2020-10-13,143,inferred
South Kesteven,2020-10-14,165,inferred
South Kesteven,2020-10-15,165,inferred
South Kesteven,2020-10-16,165,inferred
South Kesteven,2020-10-17,165,inferred
South Kesteven,2020-10-18,165,inferred
South Kesteven,2020-10-19,165,inferred
South Kesteven,2020-10-20,165,inferred
South Kesteven,2020-10-21,190,inferred
South Kesteven,2020-10-22,190,inferred
South Kesteven,2020-10-23,190,inferred
South Kesteven,2020-10-24,190,inferred
South Kesteven,2020-10-25,190,inferred
South Kesteven,2020-10-26,190,inferred
South Kesteven,2020-10-27,190,inferred
South Kesteven,2020-10-28,225,inferred
South Kesteven,2020-10-29,225,inferred
South Kesteven,2020-10-30,225,inferred
South Kesteven,2020-10-31,225,inferred
South Kesteven,2020-11-01,225,inferred
South Kesteven,2020-11-02,225,inferred
South Kesteven,2020-11-03,225,inferred
South Kesteven,2020-11-04,304,inferred
South Kesteven,2020-11-05,304,inferred
South Kesteven,2020-11-06,304,inferred
South Kesteven,2020-11-07,304,inferred
South Kesteven,2020-11-08,304,inferred
South Kesteven,2020-11-09,304,inferred
South Kesteven,2020-11-10,304,inferred
South Kesteven,2020-11-11,308,inferred
South Kesteven,2020-11-12,308,inferred
South Kesteven,2020-11-13,308,inferred
South Kesteven,2020-11-14,308,inferred
South Kesteven,2020-11-15,308,inferred
South Kesteven,2020-11-16,308,inferred
South Kesteven,2020-11-17,308,inferred
South Kesteven,2020-11-18,237,inferred
South Kesteven,2020-11-19,237,inferred
South Kesteven,2020-11-20,237,inferred
South Kesteven,2020-11-21,237,inferred
South Kesteven,2020-11-22,237,inferred
South Kesteven,2020-11-23,237,inferred
South Kesteven,2020-11-24,237,inferred
South Kesteven,2020-11-25,275,inferred
South Kesteven,2020-11-26,275,inferred
South Kesteven,2020-11-27,275,inferred
South Kesteven,2020-11-28,275,inferred
South Kesteven,2020-11-29,275,inferred
South Kesteven,2020-11-30,275,inferred
South Kesteven,2020-12-01,275,inferred
South Kesteven,2020-12-02,244,inferred
South Kesteven,2020-12-03,244,inferred
South Kesteven,2020-12-04,244,inferred
South Kesteven,2020-12-05,244,inferred
South Kesteven,2020-12-06,244,inferred
South Kesteven,2020-12-07,244,inferred
South Kesteven,2020-12-08,244,inferred
South Kesteven,2020-12-09,292,inferred
South Kesteven,2020-12-10,292,inferred
South Kesteven,2020-12-11,292,inferred
South Kesteven,2020-12-12,292,inferred
South Kesteven,2020-12-13,292,inferred
South Kesteven,2020-12-14,292,inferred
South Kesteven,2020-12-15,292,inferred
South Kesteven,2020-12-16,438,inferred
South Kesteven,2020-12-17,438,inferred
South Kesteven,2020-12-18,438,inferred
South Kesteven,2020-12-19,438,inferred
South Kesteven,2020-12-20,438,inferred
South Kesteven,2020-12-21,438,inferred
South Kesteven,2020-12-22,438,inferred
South Kesteven,2020-12-23,508,inferred
South Kesteven,2020-12-24,508,inferred
South Kesteven,2020-12-25,508,inferred
South Kesteven,2020-12-26,508,inferred
South Kesteven,2020-12-27,508,inferred
South Kesteven,2020-12-28,508,inferred
South Kesteven,2020-12-29,508,inferred
South Kesteven,2020-12-30,602,inferred
South Kesteven,2020-12-31,602,inferred
South Kesteven,2021-01-01,602,inferred
South Kesteven,2021-01-02,602,inferred
South Kesteven,2021-01-03,602,inferred
South Kesteven,2021-01-04,602,inferred
South Kesteven,2021-01-05,602,inferred
South Kesteven,2021-01-06,573,projected
South Kesteven,2021-01-07,573,projected
South Kesteven,2021-01-08,573,projected
South Kesteven,2021-01-09,573,projected
South Kesteven,2021-01-10,573,projected
South Kesteven,2021-01-11,573,projected
South Kesteven,2021-01-12,573,projected
South Kesteven,2021-01-13,574,projected
South Kesteven,2021-01-14,574,projected
South Kesteven,2021-01-15,574,projected
South Kesteven,2021-01-16,574,projected
South Kesteven,2021-01-17,574,projected
South Kesteven,2021-01-18,574,projected
South Kesteven,2021-01-19,574,projected
South Kesteven,2021-01-20,576,projected
South Kesteven,2021-01-21,576,projected
South Kesteven,2021-01-22,576,projected
South Kesteven,2021-01-23,576,projected
South Kesteven,2021-01-24,576,projected
South Kesteven,2021-01-25,576,projected
South Kesteven,2021-01-26,576,projected
South Lakeland,2020-09-23, 45,inferred
South Lakeland,2020-09-24, 45,inferred
South Lakeland,2020-09-25, 45,inferred
South Lakeland,2020-09-26, 45,inferred
South Lakeland,2020-09-27, 45,inferred
South Lakeland,2020-09-28, 45,inferred
South Lakeland,2020-09-29, 45,inferred
South Lakeland,2020-09-30,126,inferred
South Lakeland,2020-10-01,126,inferred
South Lakeland,2020-10-02,126,inferred
South Lakeland,2020-10-03,126,inferred
South Lakeland,2020-10-04,126,inferred
South Lakeland,2020-10-05,126,inferred
South Lakeland,2020-10-06,126,inferred
South Lakeland,2020-10-07,113,inferred
South Lakeland,2020-10-08,113,inferred
South Lakeland,2020-10-09,113,inferred
South Lakeland,2020-10-10,113,inferred
South Lakeland,2020-10-11,113,inferred
South Lakeland,2020-10-12,113,inferred
South Lakeland,2020-10-13,113,inferred
South Lakeland,2020-10-14,139,inferred
South Lakeland,2020-10-15,139,inferred
South Lakeland,2020-10-16,139,inferred
South Lakeland,2020-10-17,139,inferred
South Lakeland,2020-10-18,139,inferred
South Lakeland,2020-10-19,139,inferred
South Lakeland,2020-10-20,139,inferred
South Lakeland,2020-10-21,169,inferred
South Lakeland,2020-10-22,169,inferred
South Lakeland,2020-10-23,169,inferred
South Lakeland,2020-10-24,169,inferred
South Lakeland,2020-10-25,169,inferred
South Lakeland,2020-10-26,169,inferred
South Lakeland,2020-10-27,169,inferred
South Lakeland,2020-10-28,167,inferred
South Lakeland,2020-10-29,167,inferred
South Lakeland,2020-10-30,167,inferred
South Lakeland,2020-10-31,167,inferred
South Lakeland,2020-11-01,167,inferred
South Lakeland,2020-11-02,167,inferred
South Lakeland,2020-11-03,167,inferred
South Lakeland,2020-11-04,192,inferred
South Lakeland,2020-11-05,192,inferred
South Lakeland,2020-11-06,192,inferred
South Lakeland,2020-11-07,192,inferred
South Lakeland,2020-11-08,192,inferred
South Lakeland,2020-11-09,192,inferred
South Lakeland,2020-11-10,192,inferred
South Lakeland,2020-11-11,307,inferred
South Lakeland,2020-11-12,307,inferred
South Lakeland,2020-11-13,307,inferred
South Lakeland,2020-11-14,307,inferred
South Lakeland,2020-11-15,307,inferred
South Lakeland,2020-11-16,307,inferred
South Lakeland,2020-11-17,307,inferred
South Lakeland,2020-11-18,110,inferred
South Lakeland,2020-11-19,110,inferred
South Lakeland,2020-11-20,110,inferred
South Lakeland,2020-11-21,110,inferred
South Lakeland,2020-11-22,110,inferred
South Lakeland,2020-11-23,110,inferred
South Lakeland,2020-11-24,110,inferred
South Lakeland,2020-11-25, 94,inferred
South Lakeland,2020-11-26, 94,inferred
South Lakeland,2020-11-27, 94,inferred
South Lakeland,2020-11-28, 94,inferred
South Lakeland,2020-11-29, 94,inferred
South Lakeland,2020-11-30, 94,inferred
South Lakeland,2020-12-01, 94,inferred
South Lakeland,2020-12-02,103,inferred
South Lakeland,2020-12-03,103,inferred
South Lakeland,2020-12-04,103,inferred
South Lakeland,2020-12-05,103,inferred
South Lakeland,2020-12-06,103,inferred
South Lakeland,2020-12-07,103,inferred
South Lakeland,2020-12-08,103,inferred
South Lakeland,2020-12-09,184,inferred
South Lakeland,2020-12-10,184,inferred
South Lakeland,2020-12-11,184,inferred
South Lakeland,2020-12-12,184,inferred
South Lakeland,2020-12-13,184,inferred
South Lakeland,2020-12-14,184,inferred
South Lakeland,2020-12-15,184,inferred
South Lakeland,2020-12-16,196,inferred
South Lakeland,2020-12-17,196,inferred
South Lakeland,2020-12-18,196,inferred
South Lakeland,2020-12-19,196,inferred
South Lakeland,2020-12-20,196,inferred
South Lakeland,2020-12-21,196,inferred
South Lakeland,2020-12-22,196,inferred
South Lakeland,2020-12-23,233,inferred
South Lakeland,2020-12-24,233,inferred
South Lakeland,2020-12-25,233,inferred
South Lakeland,2020-12-26,233,inferred
South Lakeland,2020-12-27,233,inferred
South Lakeland,2020-12-28,233,inferred
South Lakeland,2020-12-29,233,inferred
South Lakeland,2020-12-30,340,inferred
South Lakeland,2020-12-31,340,inferred
South Lakeland,2021-01-01,340,inferred
South Lakeland,2021-01-02,340,inferred
South Lakeland,2021-01-03,340,inferred
South Lakeland,2021-01-04,340,inferred
South Lakeland,2021-01-05,340,inferred
South Lakeland,2021-01-06,438,projected
South Lakeland,2021-01-07,438,projected
South Lakeland,2021-01-08,438,projected
South Lakeland,2021-01-09,438,projected
South Lakeland,2021-01-10,438,projected
South Lakeland,2021-01-11,438,projected
South Lakeland,2021-01-12,438,projected
South Lakeland,2021-01-13,573,projected
South Lakeland,2021-01-14,573,projected
South Lakeland,2021-01-15,573,projected
South Lakeland,2021-01-16,573,projected
South Lakeland,2021-01-17,573,projected
South Lakeland,2021-01-18,573,projected
South Lakeland,2021-01-19,573,projected
South Lakeland,2021-01-20,774,projected
South Lakeland,2021-01-21,774,projected
South Lakeland,2021-01-22,774,projected
South Lakeland,2021-01-23,774,projected
South Lakeland,2021-01-24,774,projected
South Lakeland,2021-01-25,774,projected
South Lakeland,2021-01-26,774,projected
South Lanarkshire,2020-09-23,511,inferred
South Lanarkshire,2020-09-24,511,inferred
South Lanarkshire,2020-09-25,511,inferred
South Lanarkshire,2020-09-26,511,inferred
South Lanarkshire,2020-09-27,511,inferred
South Lanarkshire,2020-09-28,511,inferred
South Lanarkshire,2020-09-29,511,inferred
South Lanarkshire,2020-09-30,885,inferred
South Lanarkshire,2020-10-01,885,inferred
South Lanarkshire,2020-10-02,885,inferred
South Lanarkshire,2020-10-03,885,inferred
South Lanarkshire,2020-10-04,885,inferred
South Lanarkshire,2020-10-05,885,inferred
South Lanarkshire,2020-10-06,885,inferred
South Lanarkshire,2020-10-07,1741,inferred
South Lanarkshire,2020-10-08,1741,inferred
South Lanarkshire,2020-10-09,1741,inferred
South Lanarkshire,2020-10-10,1741,inferred
South Lanarkshire,2020-10-11,1741,inferred
South Lanarkshire,2020-10-12,1741,inferred
South Lanarkshire,2020-10-13,1741,inferred
South Lanarkshire,2020-10-14,2141,inferred
South Lanarkshire,2020-10-15,2141,inferred
South Lanarkshire,2020-10-16,2141,inferred
South Lanarkshire,2020-10-17,2141,inferred
South Lanarkshire,2020-10-18,2141,inferred
South Lanarkshire,2020-10-19,2141,inferred
South Lanarkshire,2020-10-20,2141,inferred
South Lanarkshire,2020-10-21,2673,inferred
South Lanarkshire,2020-10-22,2673,inferred
South Lanarkshire,2020-10-23,2673,inferred
South Lanarkshire,2020-10-24,2673,inferred
South Lanarkshire,2020-10-25,2673,inferred
South Lanarkshire,2020-10-26,2673,inferred
South Lanarkshire,2020-10-27,2673,inferred
South Lanarkshire,2020-10-28,1861,inferred
South Lanarkshire,2020-10-29,1861,inferred
South Lanarkshire,2020-10-30,1861,inferred
South Lanarkshire,2020-10-31,1861,inferred
South Lanarkshire,2020-11-01,1861,inferred
South Lanarkshire,2020-11-02,1861,inferred
South Lanarkshire,2020-11-03,1861,inferred
South Lanarkshire,2020-11-04,1767,inferred
South Lanarkshire,2020-11-05,1767,inferred
South Lanarkshire,2020-11-06,1767,inferred
South Lanarkshire,2020-11-07,1767,inferred
South Lanarkshire,2020-11-08,1767,inferred
South Lanarkshire,2020-11-09,1767,inferred
South Lanarkshire,2020-11-10,1767,inferred
South Lanarkshire,2020-11-11,1632,inferred
South Lanarkshire,2020-11-12,1632,inferred
South Lanarkshire,2020-11-13,1632,inferred
South Lanarkshire,2020-11-14,1632,inferred
South Lanarkshire,2020-11-15,1632,inferred
South Lanarkshire,2020-11-16,1632,inferred
South Lanarkshire,2020-11-17,1632,inferred
South Lanarkshire,2020-11-18,1460,inferred
South Lanarkshire,2020-11-19,1460,inferred
South Lanarkshire,2020-11-20,1460,inferred
South Lanarkshire,2020-11-21,1460,inferred
South Lanarkshire,2020-11-22,1460,inferred
South Lanarkshire,2020-11-23,1460,inferred
South Lanarkshire,2020-11-24,1460,inferred
South Lanarkshire,2020-11-25,1167,inferred
South Lanarkshire,2020-11-26,1167,inferred
South Lanarkshire,2020-11-27,1167,inferred
South Lanarkshire,2020-11-28,1167,inferred
South Lanarkshire,2020-11-29,1167,inferred
South Lanarkshire,2020-11-30,1167,inferred
South Lanarkshire,2020-12-01,1167,inferred
South Lanarkshire,2020-12-02,911,inferred
South Lanarkshire,2020-12-03,911,inferred
South Lanarkshire,2020-12-04,911,inferred
South Lanarkshire,2020-12-05,911,inferred
South Lanarkshire,2020-12-06,911,inferred
South Lanarkshire,2020-12-07,911,inferred
South Lanarkshire,2020-12-08,911,inferred
South Lanarkshire,2020-12-09,917,inferred
South Lanarkshire,2020-12-10,917,inferred
South Lanarkshire,2020-12-11,917,inferred
South Lanarkshire,2020-12-12,917,inferred
South Lanarkshire,2020-12-13,917,inferred
South Lanarkshire,2020-12-14,917,inferred
South Lanarkshire,2020-12-15,917,inferred
South Lanarkshire,2020-12-16,874,inferred
South Lanarkshire,2020-12-17,874,inferred
South Lanarkshire,2020-12-18,874,inferred
South Lanarkshire,2020-12-19,874,inferred
South Lanarkshire,2020-12-20,874,inferred
South Lanarkshire,2020-12-21,874,inferred
South Lanarkshire,2020-12-22,874,inferred
South Lanarkshire,2020-12-23,1353,inferred
South Lanarkshire,2020-12-24,1353,inferred
South Lanarkshire,2020-12-25,1353,inferred
South Lanarkshire,2020-12-26,1353,inferred
South Lanarkshire,2020-12-27,1353,inferred
South Lanarkshire,2020-12-28,1353,inferred
South Lanarkshire,2020-12-29,1353,inferred
South Lanarkshire,2020-12-30,2398,inferred
South Lanarkshire,2020-12-31,2398,inferred
South Lanarkshire,2021-01-01,2398,inferred
South Lanarkshire,2021-01-02,2398,inferred
South Lanarkshire,2021-01-03,2398,inferred
South Lanarkshire,2021-01-04,2398,inferred
South Lanarkshire,2021-01-05,2398,inferred
South Lanarkshire,2021-01-06,3772,projected
South Lanarkshire,2021-01-07,3772,projected
South Lanarkshire,2021-01-08,3772,projected
South Lanarkshire,2021-01-09,3772,projected
South Lanarkshire,2021-01-10,3772,projected
South Lanarkshire,2021-01-11,3772,projected
South Lanarkshire,2021-01-12,3772,projected
South Lanarkshire,2021-01-13,5787,projected
South Lanarkshire,2021-01-14,5787,projected
South Lanarkshire,2021-01-15,5787,projected
South Lanarkshire,2021-01-16,5787,projected
South Lanarkshire,2021-01-17,5787,projected
South Lanarkshire,2021-01-18,5787,projected
South Lanarkshire,2021-01-19,5787,projected
South Lanarkshire,2021-01-20,8143,projected
South Lanarkshire,2021-01-21,8143,projected
South Lanarkshire,2021-01-22,8143,projected
South Lanarkshire,2021-01-23,8143,projected
South Lanarkshire,2021-01-24,8143,projected
South Lanarkshire,2021-01-25,8143,projected
South Lanarkshire,2021-01-26,8143,projected
South Norfolk,2020-09-23, 24,inferred
South Norfolk,2020-09-24, 24,inferred
South Norfolk,2020-09-25, 24,inferred
South Norfolk,2020-09-26, 24,inferred
South Norfolk,2020-09-27, 24,inferred
South Norfolk,2020-09-28, 24,inferred
South Norfolk,2020-09-29, 24,inferred
South Norfolk,2020-09-30, 28,inferred
South Norfolk,2020-10-01, 28,inferred
South Norfolk,2020-10-02, 28,inferred
South Norfolk,2020-10-03, 28,inferred
South Norfolk,2020-10-04, 28,inferred
South Norfolk,2020-10-05, 28,inferred
South Norfolk,2020-10-06, 28,inferred
South Norfolk,2020-10-07, 36,inferred
South Norfolk,2020-10-08, 36,inferred
South Norfolk,2020-10-09, 36,inferred
South Norfolk,2020-10-10, 36,inferred
South Norfolk,2020-10-11, 36,inferred
South Norfolk,2020-10-12, 36,inferred
South Norfolk,2020-10-13, 36,inferred
South Norfolk,2020-10-14, 78,inferred
South Norfolk,2020-10-15, 78,inferred
South Norfolk,2020-10-16, 78,inferred
South Norfolk,2020-10-17, 78,inferred
South Norfolk,2020-10-18, 78,inferred
South Norfolk,2020-10-19, 78,inferred
South Norfolk,2020-10-20, 78,inferred
South Norfolk,2020-10-21, 62,inferred
South Norfolk,2020-10-22, 62,inferred
South Norfolk,2020-10-23, 62,inferred
South Norfolk,2020-10-24, 62,inferred
South Norfolk,2020-10-25, 62,inferred
South Norfolk,2020-10-26, 62,inferred
South Norfolk,2020-10-27, 62,inferred
South Norfolk,2020-10-28,108,inferred
South Norfolk,2020-10-29,108,inferred
South Norfolk,2020-10-30,108,inferred
South Norfolk,2020-10-31,108,inferred
South Norfolk,2020-11-01,108,inferred
South Norfolk,2020-11-02,108,inferred
South Norfolk,2020-11-03,108,inferred
South Norfolk,2020-11-04,246,inferred
South Norfolk,2020-11-05,246,inferred
South Norfolk,2020-11-06,246,inferred
South Norfolk,2020-11-07,246,inferred
South Norfolk,2020-11-08,246,inferred
South Norfolk,2020-11-09,246,inferred
South Norfolk,2020-11-10,246,inferred
South Norfolk,2020-11-11,250,inferred
South Norfolk,2020-11-12,250,inferred
South Norfolk,2020-11-13,250,inferred
South Norfolk,2020-11-14,250,inferred
South Norfolk,2020-11-15,250,inferred
South Norfolk,2020-11-16,250,inferred
South Norfolk,2020-11-17,250,inferred
South Norfolk,2020-11-18,160,inferred
South Norfolk,2020-11-19,160,inferred
South Norfolk,2020-11-20,160,inferred
South Norfolk,2020-11-21,160,inferred
South Norfolk,2020-11-22,160,inferred
South Norfolk,2020-11-23,160,inferred
South Norfolk,2020-11-24,160,inferred
South Norfolk,2020-11-25,144,inferred
South Norfolk,2020-11-26,144,inferred
South Norfolk,2020-11-27,144,inferred
South Norfolk,2020-11-28,144,inferred
South Norfolk,2020-11-29,144,inferred
South Norfolk,2020-11-30,144,inferred
South Norfolk,2020-12-01,144,inferred
South Norfolk,2020-12-02,144,inferred
South Norfolk,2020-12-03,144,inferred
South Norfolk,2020-12-04,144,inferred
South Norfolk,2020-12-05,144,inferred
South Norfolk,2020-12-06,144,inferred
South Norfolk,2020-12-07,144,inferred
South Norfolk,2020-12-08,144,inferred
South Norfolk,2020-12-09,188,inferred
South Norfolk,2020-12-10,188,inferred
South Norfolk,2020-12-11,188,inferred
South Norfolk,2020-12-12,188,inferred
South Norfolk,2020-12-13,188,inferred
South Norfolk,2020-12-14,188,inferred
South Norfolk,2020-12-15,188,inferred
South Norfolk,2020-12-16,345,inferred
South Norfolk,2020-12-17,345,inferred
South Norfolk,2020-12-18,345,inferred
South Norfolk,2020-12-19,345,inferred
South Norfolk,2020-12-20,345,inferred
South Norfolk,2020-12-21,345,inferred
South Norfolk,2020-12-22,345,inferred
South Norfolk,2020-12-23,582,inferred
South Norfolk,2020-12-24,582,inferred
South Norfolk,2020-12-25,582,inferred
South Norfolk,2020-12-26,582,inferred
South Norfolk,2020-12-27,582,inferred
South Norfolk,2020-12-28,582,inferred
South Norfolk,2020-12-29,582,inferred
South Norfolk,2020-12-30,615,inferred
South Norfolk,2020-12-31,615,inferred
South Norfolk,2021-01-01,615,inferred
South Norfolk,2021-01-02,615,inferred
South Norfolk,2021-01-03,615,inferred
South Norfolk,2021-01-04,615,inferred
South Norfolk,2021-01-05,615,inferred
South Norfolk,2021-01-06,575,projected
South Norfolk,2021-01-07,575,projected
South Norfolk,2021-01-08,575,projected
South Norfolk,2021-01-09,575,projected
South Norfolk,2021-01-10,575,projected
South Norfolk,2021-01-11,575,projected
South Norfolk,2021-01-12,575,projected
South Norfolk,2021-01-13,551,projected
South Norfolk,2021-01-14,551,projected
South Norfolk,2021-01-15,551,projected
South Norfolk,2021-01-16,551,projected
South Norfolk,2021-01-17,551,projected
South Norfolk,2021-01-18,551,projected
South Norfolk,2021-01-19,551,projected
South Norfolk,2021-01-20,552,projected
South Norfolk,2021-01-21,552,projected
South Norfolk,2021-01-22,552,projected
South Norfolk,2021-01-23,552,projected
South Norfolk,2021-01-24,552,projected
South Norfolk,2021-01-25,552,projected
South Norfolk,2021-01-26,552,projected
South Northamptonshire,2020-09-23, 11,inferred
South Northamptonshire,2020-09-24, 11,inferred
South Northamptonshire,2020-09-25, 11,inferred
South Northamptonshire,2020-09-26, 11,inferred
South Northamptonshire,2020-09-27, 11,inferred
South Northamptonshire,2020-09-28, 11,inferred
South Northamptonshire,2020-09-29, 11,inferred
South Northamptonshire,2020-09-30, 43,inferred
South Northamptonshire,2020-10-01, 43,inferred
South Northamptonshire,2020-10-02, 43,inferred
South Northamptonshire,2020-10-03, 43,inferred
South Northamptonshire,2020-10-04, 43,inferred
South Northamptonshire,2020-10-05, 43,inferred
South Northamptonshire,2020-10-06, 43,inferred
South Northamptonshire,2020-10-07, 86,inferred
South Northamptonshire,2020-10-08, 86,inferred
South Northamptonshire,2020-10-09, 86,inferred
South Northamptonshire,2020-10-10, 86,inferred
South Northamptonshire,2020-10-11, 86,inferred
South Northamptonshire,2020-10-12, 86,inferred
South Northamptonshire,2020-10-13, 86,inferred
South Northamptonshire,2020-10-14, 89,inferred
South Northamptonshire,2020-10-15, 89,inferred
South Northamptonshire,2020-10-16, 89,inferred
South Northamptonshire,2020-10-17, 89,inferred
South Northamptonshire,2020-10-18, 89,inferred
South Northamptonshire,2020-10-19, 89,inferred
South Northamptonshire,2020-10-20, 89,inferred
South Northamptonshire,2020-10-21,103,inferred
South Northamptonshire,2020-10-22,103,inferred
South Northamptonshire,2020-10-23,103,inferred
South Northamptonshire,2020-10-24,103,inferred
South Northamptonshire,2020-10-25,103,inferred
South Northamptonshire,2020-10-26,103,inferred
South Northamptonshire,2020-10-27,103,inferred
South Northamptonshire,2020-10-28,169,inferred
South Northamptonshire,2020-10-29,169,inferred
South Northamptonshire,2020-10-30,169,inferred
South Northamptonshire,2020-10-31,169,inferred
South Northamptonshire,2020-11-01,169,inferred
South Northamptonshire,2020-11-02,169,inferred
South Northamptonshire,2020-11-03,169,inferred
South Northamptonshire,2020-11-04,186,inferred
South Northamptonshire,2020-11-05,186,inferred
South Northamptonshire,2020-11-06,186,inferred
South Northamptonshire,2020-11-07,186,inferred
South Northamptonshire,2020-11-08,186,inferred
South Northamptonshire,2020-11-09,186,inferred
South Northamptonshire,2020-11-10,186,inferred
South Northamptonshire,2020-11-11,244,inferred
South Northamptonshire,2020-11-12,244,inferred
South Northamptonshire,2020-11-13,244,inferred
South Northamptonshire,2020-11-14,244,inferred
South Northamptonshire,2020-11-15,244,inferred
South Northamptonshire,2020-11-16,244,inferred
South Northamptonshire,2020-11-17,244,inferred
South Northamptonshire,2020-11-18,160,inferred
South Northamptonshire,2020-11-19,160,inferred
South Northamptonshire,2020-11-20,160,inferred
South Northamptonshire,2020-11-21,160,inferred
South Northamptonshire,2020-11-22,160,inferred
South Northamptonshire,2020-11-23,160,inferred
South Northamptonshire,2020-11-24,160,inferred
South Northamptonshire,2020-11-25, 91,inferred
South Northamptonshire,2020-11-26, 91,inferred
South Northamptonshire,2020-11-27, 91,inferred
South Northamptonshire,2020-11-28, 91,inferred
South Northamptonshire,2020-11-29, 91,inferred
South Northamptonshire,2020-11-30, 91,inferred
South Northamptonshire,2020-12-01, 91,inferred
South Northamptonshire,2020-12-02,110,inferred
South Northamptonshire,2020-12-03,110,inferred
South Northamptonshire,2020-12-04,110,inferred
South Northamptonshire,2020-12-05,110,inferred
South Northamptonshire,2020-12-06,110,inferred
South Northamptonshire,2020-12-07,110,inferred
South Northamptonshire,2020-12-08,110,inferred
South Northamptonshire,2020-12-09,195,inferred
South Northamptonshire,2020-12-10,195,inferred
South Northamptonshire,2020-12-11,195,inferred
South Northamptonshire,2020-12-12,195,inferred
South Northamptonshire,2020-12-13,195,inferred
South Northamptonshire,2020-12-14,195,inferred
South Northamptonshire,2020-12-15,195,inferred
South Northamptonshire,2020-12-16,344,inferred
South Northamptonshire,2020-12-17,344,inferred
South Northamptonshire,2020-12-18,344,inferred
South Northamptonshire,2020-12-19,344,inferred
South Northamptonshire,2020-12-20,344,inferred
South Northamptonshire,2020-12-21,344,inferred
South Northamptonshire,2020-12-22,344,inferred
South Northamptonshire,2020-12-23,440,inferred
South Northamptonshire,2020-12-24,440,inferred
South Northamptonshire,2020-12-25,440,inferred
South Northamptonshire,2020-12-26,440,inferred
South Northamptonshire,2020-12-27,440,inferred
South Northamptonshire,2020-12-28,440,inferred
South Northamptonshire,2020-12-29,440,inferred
South Northamptonshire,2020-12-30,562,inferred
South Northamptonshire,2020-12-31,562,inferred
South Northamptonshire,2021-01-01,562,inferred
South Northamptonshire,2021-01-02,562,inferred
South Northamptonshire,2021-01-03,562,inferred
South Northamptonshire,2021-01-04,562,inferred
South Northamptonshire,2021-01-05,562,inferred
South Northamptonshire,2021-01-06,533,projected
South Northamptonshire,2021-01-07,533,projected
South Northamptonshire,2021-01-08,533,projected
South Northamptonshire,2021-01-09,533,projected
South Northamptonshire,2021-01-10,533,projected
South Northamptonshire,2021-01-11,533,projected
South Northamptonshire,2021-01-12,533,projected
South Northamptonshire,2021-01-13,518,projected
South Northamptonshire,2021-01-14,518,projected
South Northamptonshire,2021-01-15,518,projected
South Northamptonshire,2021-01-16,518,projected
South Northamptonshire,2021-01-17,518,projected
South Northamptonshire,2021-01-18,518,projected
South Northamptonshire,2021-01-19,518,projected
South Northamptonshire,2021-01-20,539,projected
South Northamptonshire,2021-01-21,539,projected
South Northamptonshire,2021-01-22,539,projected
South Northamptonshire,2021-01-23,539,projected
South Northamptonshire,2021-01-24,539,projected
South Northamptonshire,2021-01-25,539,projected
South Northamptonshire,2021-01-26,539,projected
South Oxfordshire,2020-09-23, 19,inferred
South Oxfordshire,2020-09-24, 19,inferred
South Oxfordshire,2020-09-25, 19,inferred
South Oxfordshire,2020-09-26, 19,inferred
South Oxfordshire,2020-09-27, 19,inferred
South Oxfordshire,2020-09-28, 19,inferred
South Oxfordshire,2020-09-29, 19,inferred
South Oxfordshire,2020-09-30, 51,inferred
South Oxfordshire,2020-10-01, 51,inferred
South Oxfordshire,2020-10-02, 51,inferred
South Oxfordshire,2020-10-03, 51,inferred
South Oxfordshire,2020-10-04, 51,inferred
South Oxfordshire,2020-10-05, 51,inferred
South Oxfordshire,2020-10-06, 51,inferred
South Oxfordshire,2020-10-07, 79,inferred
South Oxfordshire,2020-10-08, 79,inferred
South Oxfordshire,2020-10-09, 79,inferred
South Oxfordshire,2020-10-10, 79,inferred
South Oxfordshire,2020-10-11, 79,inferred
South Oxfordshire,2020-10-12, 79,inferred
South Oxfordshire,2020-10-13, 79,inferred
South Oxfordshire,2020-10-14, 97,inferred
South Oxfordshire,2020-10-15, 97,inferred
South Oxfordshire,2020-10-16, 97,inferred
South Oxfordshire,2020-10-17, 97,inferred
South Oxfordshire,2020-10-18, 97,inferred
South Oxfordshire,2020-10-19, 97,inferred
South Oxfordshire,2020-10-20, 97,inferred
South Oxfordshire,2020-10-21,158,inferred
South Oxfordshire,2020-10-22,158,inferred
South Oxfordshire,2020-10-23,158,inferred
South Oxfordshire,2020-10-24,158,inferred
South Oxfordshire,2020-10-25,158,inferred
South Oxfordshire,2020-10-26,158,inferred
South Oxfordshire,2020-10-27,158,inferred
South Oxfordshire,2020-10-28,159,inferred
South Oxfordshire,2020-10-29,159,inferred
South Oxfordshire,2020-10-30,159,inferred
South Oxfordshire,2020-10-31,159,inferred
South Oxfordshire,2020-11-01,159,inferred
South Oxfordshire,2020-11-02,159,inferred
South Oxfordshire,2020-11-03,159,inferred
South Oxfordshire,2020-11-04,203,inferred
South Oxfordshire,2020-11-05,203,inferred
South Oxfordshire,2020-11-06,203,inferred
South Oxfordshire,2020-11-07,203,inferred
South Oxfordshire,2020-11-08,203,inferred
South Oxfordshire,2020-11-09,203,inferred
South Oxfordshire,2020-11-10,203,inferred
South Oxfordshire,2020-11-11,167,inferred
South Oxfordshire,2020-11-12,167,inferred
South Oxfordshire,2020-11-13,167,inferred
South Oxfordshire,2020-11-14,167,inferred
South Oxfordshire,2020-11-15,167,inferred
South Oxfordshire,2020-11-16,167,inferred
South Oxfordshire,2020-11-17,167,inferred
South Oxfordshire,2020-11-18, 86,inferred
South Oxfordshire,2020-11-19, 86,inferred
South Oxfordshire,2020-11-20, 86,inferred
South Oxfordshire,2020-11-21, 86,inferred
South Oxfordshire,2020-11-22, 86,inferred
South Oxfordshire,2020-11-23, 86,inferred
South Oxfordshire,2020-11-24, 86,inferred
South Oxfordshire,2020-11-25, 77,inferred
South Oxfordshire,2020-11-26, 77,inferred
South Oxfordshire,2020-11-27, 77,inferred
South Oxfordshire,2020-11-28, 77,inferred
South Oxfordshire,2020-11-29, 77,inferred
South Oxfordshire,2020-11-30, 77,inferred
South Oxfordshire,2020-12-01, 77,inferred
South Oxfordshire,2020-12-02,150,inferred
South Oxfordshire,2020-12-03,150,inferred
South Oxfordshire,2020-12-04,150,inferred
South Oxfordshire,2020-12-05,150,inferred
South Oxfordshire,2020-12-06,150,inferred
South Oxfordshire,2020-12-07,150,inferred
South Oxfordshire,2020-12-08,150,inferred
South Oxfordshire,2020-12-09,198,inferred
South Oxfordshire,2020-12-10,198,inferred
South Oxfordshire,2020-12-11,198,inferred
South Oxfordshire,2020-12-12,198,inferred
South Oxfordshire,2020-12-13,198,inferred
South Oxfordshire,2020-12-14,198,inferred
South Oxfordshire,2020-12-15,198,inferred
South Oxfordshire,2020-12-16,410,inferred
South Oxfordshire,2020-12-17,410,inferred
South Oxfordshire,2020-12-18,410,inferred
South Oxfordshire,2020-12-19,410,inferred
South Oxfordshire,2020-12-20,410,inferred
South Oxfordshire,2020-12-21,410,inferred
South Oxfordshire,2020-12-22,410,inferred
South Oxfordshire,2020-12-23,647,inferred
South Oxfordshire,2020-12-24,647,inferred
South Oxfordshire,2020-12-25,647,inferred
South Oxfordshire,2020-12-26,647,inferred
South Oxfordshire,2020-12-27,647,inferred
South Oxfordshire,2020-12-28,647,inferred
South Oxfordshire,2020-12-29,647,inferred
South Oxfordshire,2020-12-30,740,inferred
South Oxfordshire,2020-12-31,740,inferred
South Oxfordshire,2021-01-01,740,inferred
South Oxfordshire,2021-01-02,740,inferred
South Oxfordshire,2021-01-03,740,inferred
South Oxfordshire,2021-01-04,740,inferred
South Oxfordshire,2021-01-05,740,inferred
South Oxfordshire,2021-01-06,649,projected
South Oxfordshire,2021-01-07,649,projected
South Oxfordshire,2021-01-08,649,projected
South Oxfordshire,2021-01-09,649,projected
South Oxfordshire,2021-01-10,649,projected
South Oxfordshire,2021-01-11,649,projected
South Oxfordshire,2021-01-12,649,projected
South Oxfordshire,2021-01-13,559,projected
South Oxfordshire,2021-01-14,559,projected
South Oxfordshire,2021-01-15,559,projected
South Oxfordshire,2021-01-16,559,projected
South Oxfordshire,2021-01-17,559,projected
South Oxfordshire,2021-01-18,559,projected
South Oxfordshire,2021-01-19,559,projected
South Oxfordshire,2021-01-20,506,projected
South Oxfordshire,2021-01-21,506,projected
South Oxfordshire,2021-01-22,506,projected
South Oxfordshire,2021-01-23,506,projected
South Oxfordshire,2021-01-24,506,projected
South Oxfordshire,2021-01-25,506,projected
South Oxfordshire,2021-01-26,506,projected
South Ribble,2020-09-23,151,inferred
South Ribble,2020-09-24,151,inferred
South Ribble,2020-09-25,151,inferred
South Ribble,2020-09-26,151,inferred
South Ribble,2020-09-27,151,inferred
South Ribble,2020-09-28,151,inferred
South Ribble,2020-09-29,151,inferred
South Ribble,2020-09-30,274,inferred
South Ribble,2020-10-01,274,inferred
South Ribble,2020-10-02,274,inferred
South Ribble,2020-10-03,274,inferred
South Ribble,2020-10-04,274,inferred
South Ribble,2020-10-05,274,inferred
South Ribble,2020-10-06,274,inferred
South Ribble,2020-10-07,296,inferred
South Ribble,2020-10-08,296,inferred
South Ribble,2020-10-09,296,inferred
South Ribble,2020-10-10,296,inferred
South Ribble,2020-10-11,296,inferred
South Ribble,2020-10-12,296,inferred
South Ribble,2020-10-13,296,inferred
South Ribble,2020-10-14,440,inferred
South Ribble,2020-10-15,440,inferred
South Ribble,2020-10-16,440,inferred
South Ribble,2020-10-17,440,inferred
South Ribble,2020-10-18,440,inferred
South Ribble,2020-10-19,440,inferred
South Ribble,2020-10-20,440,inferred
South Ribble,2020-10-21,449,inferred
South Ribble,2020-10-22,449,inferred
South Ribble,2020-10-23,449,inferred
South Ribble,2020-10-24,449,inferred
South Ribble,2020-10-25,449,inferred
South Ribble,2020-10-26,449,inferred
South Ribble,2020-10-27,449,inferred
South Ribble,2020-10-28,339,inferred
South Ribble,2020-10-29,339,inferred
South Ribble,2020-10-30,339,inferred
South Ribble,2020-10-31,339,inferred
South Ribble,2020-11-01,339,inferred
South Ribble,2020-11-02,339,inferred
South Ribble,2020-11-03,339,inferred
South Ribble,2020-11-04,281,inferred
South Ribble,2020-11-05,281,inferred
South Ribble,2020-11-06,281,inferred
South Ribble,2020-11-07,281,inferred
South Ribble,2020-11-08,281,inferred
South Ribble,2020-11-09,281,inferred
South Ribble,2020-11-10,281,inferred
South Ribble,2020-11-11,260,inferred
South Ribble,2020-11-12,260,inferred
South Ribble,2020-11-13,260,inferred
South Ribble,2020-11-14,260,inferred
South Ribble,2020-11-15,260,inferred
South Ribble,2020-11-16,260,inferred
South Ribble,2020-11-17,260,inferred
South Ribble,2020-11-18,240,inferred
South Ribble,2020-11-19,240,inferred
South Ribble,2020-11-20,240,inferred
South Ribble,2020-11-21,240,inferred
South Ribble,2020-11-22,240,inferred
South Ribble,2020-11-23,240,inferred
South Ribble,2020-11-24,240,inferred
South Ribble,2020-11-25,207,inferred
South Ribble,2020-11-26,207,inferred
South Ribble,2020-11-27,207,inferred
South Ribble,2020-11-28,207,inferred
South Ribble,2020-11-29,207,inferred
South Ribble,2020-11-30,207,inferred
South Ribble,2020-12-01,207,inferred
South Ribble,2020-12-02,213,inferred
South Ribble,2020-12-03,213,inferred
South Ribble,2020-12-04,213,inferred
South Ribble,2020-12-05,213,inferred
South Ribble,2020-12-06,213,inferred
South Ribble,2020-12-07,213,inferred
South Ribble,2020-12-08,213,inferred
South Ribble,2020-12-09,184,inferred
South Ribble,2020-12-10,184,inferred
South Ribble,2020-12-11,184,inferred
South Ribble,2020-12-12,184,inferred
South Ribble,2020-12-13,184,inferred
South Ribble,2020-12-14,184,inferred
South Ribble,2020-12-15,184,inferred
South Ribble,2020-12-16,229,inferred
South Ribble,2020-12-17,229,inferred
South Ribble,2020-12-18,229,inferred
South Ribble,2020-12-19,229,inferred
South Ribble,2020-12-20,229,inferred
South Ribble,2020-12-21,229,inferred
South Ribble,2020-12-22,229,inferred
South Ribble,2020-12-23,241,inferred
South Ribble,2020-12-24,241,inferred
South Ribble,2020-12-25,241,inferred
South Ribble,2020-12-26,241,inferred
South Ribble,2020-12-27,241,inferred
South Ribble,2020-12-28,241,inferred
South Ribble,2020-12-29,241,inferred
South Ribble,2020-12-30,465,inferred
South Ribble,2020-12-31,465,inferred
South Ribble,2021-01-01,465,inferred
South Ribble,2021-01-02,465,inferred
South Ribble,2021-01-03,465,inferred
South Ribble,2021-01-04,465,inferred
South Ribble,2021-01-05,465,inferred
South Ribble,2021-01-06,523,projected
South Ribble,2021-01-07,523,projected
South Ribble,2021-01-08,523,projected
South Ribble,2021-01-09,523,projected
South Ribble,2021-01-10,523,projected
South Ribble,2021-01-11,523,projected
South Ribble,2021-01-12,523,projected
South Ribble,2021-01-13,613,projected
South Ribble,2021-01-14,613,projected
South Ribble,2021-01-15,613,projected
South Ribble,2021-01-16,613,projected
South Ribble,2021-01-17,613,projected
South Ribble,2021-01-18,613,projected
South Ribble,2021-01-19,613,projected
South Ribble,2021-01-20,728,projected
South Ribble,2021-01-21,728,projected
South Ribble,2021-01-22,728,projected
South Ribble,2021-01-23,728,projected
South Ribble,2021-01-24,728,projected
South Ribble,2021-01-25,728,projected
South Ribble,2021-01-26,728,projected
South Somerset,2020-09-23, 16,inferred
South Somerset,2020-09-24, 16,inferred
South Somerset,2020-09-25, 16,inferred
South Somerset,2020-09-26, 16,inferred
South Somerset,2020-09-27, 16,inferred
South Somerset,2020-09-28, 16,inferred
South Somerset,2020-09-29, 16,inferred
South Somerset,2020-09-30, 51,inferred
South Somerset,2020-10-01, 51,inferred
South Somerset,2020-10-02, 51,inferred
South Somerset,2020-10-03, 51,inferred
South Somerset,2020-10-04, 51,inferred
South Somerset,2020-10-05, 51,inferred
South Somerset,2020-10-06, 51,inferred
South Somerset,2020-10-07, 45,inferred
South Somerset,2020-10-08, 45,inferred
South Somerset,2020-10-09, 45,inferred
South Somerset,2020-10-10, 45,inferred
South Somerset,2020-10-11, 45,inferred
South Somerset,2020-10-12, 45,inferred
South Somerset,2020-10-13, 45,inferred
South Somerset,2020-10-14, 43,inferred
South Somerset,2020-10-15, 43,inferred
South Somerset,2020-10-16, 43,inferred
South Somerset,2020-10-17, 43,inferred
South Somerset,2020-10-18, 43,inferred
South Somerset,2020-10-19, 43,inferred
South Somerset,2020-10-20, 43,inferred
South Somerset,2020-10-21, 84,inferred
South Somerset,2020-10-22, 84,inferred
South Somerset,2020-10-23, 84,inferred
South Somerset,2020-10-24, 84,inferred
South Somerset,2020-10-25, 84,inferred
South Somerset,2020-10-26, 84,inferred
South Somerset,2020-10-27, 84,inferred
South Somerset,2020-10-28,128,inferred
South Somerset,2020-10-29,128,inferred
South Somerset,2020-10-30,128,inferred
South Somerset,2020-10-31,128,inferred
South Somerset,2020-11-01,128,inferred
South Somerset,2020-11-02,128,inferred
South Somerset,2020-11-03,128,inferred
South Somerset,2020-11-04,211,inferred
South Somerset,2020-11-05,211,inferred
South Somerset,2020-11-06,211,inferred
South Somerset,2020-11-07,211,inferred
South Somerset,2020-11-08,211,inferred
South Somerset,2020-11-09,211,inferred
South Somerset,2020-11-10,211,inferred
South Somerset,2020-11-11,277,inferred
South Somerset,2020-11-12,277,inferred
South Somerset,2020-11-13,277,inferred
South Somerset,2020-11-14,277,inferred
South Somerset,2020-11-15,277,inferred
South Somerset,2020-11-16,277,inferred
South Somerset,2020-11-17,277,inferred
South Somerset,2020-11-18,163,inferred
South Somerset,2020-11-19,163,inferred
South Somerset,2020-11-20,163,inferred
South Somerset,2020-11-21,163,inferred
South Somerset,2020-11-22,163,inferred
South Somerset,2020-11-23,163,inferred
South Somerset,2020-11-24,163,inferred
South Somerset,2020-11-25,166,inferred
South Somerset,2020-11-26,166,inferred
South Somerset,2020-11-27,166,inferred
South Somerset,2020-11-28,166,inferred
South Somerset,2020-11-29,166,inferred
South Somerset,2020-11-30,166,inferred
South Somerset,2020-12-01,166,inferred
South Somerset,2020-12-02,200,inferred
South Somerset,2020-12-03,200,inferred
South Somerset,2020-12-04,200,inferred
South Somerset,2020-12-05,200,inferred
South Somerset,2020-12-06,200,inferred
South Somerset,2020-12-07,200,inferred
South Somerset,2020-12-08,200,inferred
South Somerset,2020-12-09,236,inferred
South Somerset,2020-12-10,236,inferred
South Somerset,2020-12-11,236,inferred
South Somerset,2020-12-12,236,inferred
South Somerset,2020-12-13,236,inferred
South Somerset,2020-12-14,236,inferred
South Somerset,2020-12-15,236,inferred
South Somerset,2020-12-16,300,inferred
South Somerset,2020-12-17,300,inferred
South Somerset,2020-12-18,300,inferred
South Somerset,2020-12-19,300,inferred
South Somerset,2020-12-20,300,inferred
South Somerset,2020-12-21,300,inferred
South Somerset,2020-12-22,300,inferred
South Somerset,2020-12-23,406,inferred
South Somerset,2020-12-24,406,inferred
South Somerset,2020-12-25,406,inferred
South Somerset,2020-12-26,406,inferred
South Somerset,2020-12-27,406,inferred
South Somerset,2020-12-28,406,inferred
South Somerset,2020-12-29,406,inferred
South Somerset,2020-12-30,445,inferred
South Somerset,2020-12-31,445,inferred
South Somerset,2021-01-01,445,inferred
South Somerset,2021-01-02,445,inferred
South Somerset,2021-01-03,445,inferred
South Somerset,2021-01-04,445,inferred
South Somerset,2021-01-05,445,inferred
South Somerset,2021-01-06,507,projected
South Somerset,2021-01-07,507,projected
South Somerset,2021-01-08,507,projected
South Somerset,2021-01-09,507,projected
South Somerset,2021-01-10,507,projected
South Somerset,2021-01-11,507,projected
South Somerset,2021-01-12,507,projected
South Somerset,2021-01-13,553,projected
South Somerset,2021-01-14,553,projected
South Somerset,2021-01-15,553,projected
South Somerset,2021-01-16,553,projected
South Somerset,2021-01-17,553,projected
South Somerset,2021-01-18,553,projected
South Somerset,2021-01-19,553,projected
South Somerset,2021-01-20,613,projected
South Somerset,2021-01-21,613,projected
South Somerset,2021-01-22,613,projected
South Somerset,2021-01-23,613,projected
South Somerset,2021-01-24,613,projected
South Somerset,2021-01-25,613,projected
South Somerset,2021-01-26,613,projected
South Staffordshire,2020-09-23, 66,inferred
South Staffordshire,2020-09-24, 66,inferred
South Staffordshire,2020-09-25, 66,inferred
South Staffordshire,2020-09-26, 66,inferred
South Staffordshire,2020-09-27, 66,inferred
South Staffordshire,2020-09-28, 66,inferred
South Staffordshire,2020-09-29, 66,inferred
South Staffordshire,2020-09-30,105,inferred
South Staffordshire,2020-10-01,105,inferred
South Staffordshire,2020-10-02,105,inferred
South Staffordshire,2020-10-03,105,inferred
South Staffordshire,2020-10-04,105,inferred
South Staffordshire,2020-10-05,105,inferred
South Staffordshire,2020-10-06,105,inferred
South Staffordshire,2020-10-07,169,inferred
South Staffordshire,2020-10-08,169,inferred
South Staffordshire,2020-10-09,169,inferred
South Staffordshire,2020-10-10,169,inferred
South Staffordshire,2020-10-11,169,inferred
South Staffordshire,2020-10-12,169,inferred
South Staffordshire,2020-10-13,169,inferred
South Staffordshire,2020-10-14,289,inferred
South Staffordshire,2020-10-15,289,inferred
South Staffordshire,2020-10-16,289,inferred
South Staffordshire,2020-10-17,289,inferred
South Staffordshire,2020-10-18,289,inferred
South Staffordshire,2020-10-19,289,inferred
South Staffordshire,2020-10-20,289,inferred
South Staffordshire,2020-10-21,469,inferred
South Staffordshire,2020-10-22,469,inferred
South Staffordshire,2020-10-23,469,inferred
South Staffordshire,2020-10-24,469,inferred
South Staffordshire,2020-10-25,469,inferred
South Staffordshire,2020-10-26,469,inferred
South Staffordshire,2020-10-27,469,inferred
South Staffordshire,2020-10-28,509,inferred
South Staffordshire,2020-10-29,509,inferred
South Staffordshire,2020-10-30,509,inferred
South Staffordshire,2020-10-31,509,inferred
South Staffordshire,2020-11-01,509,inferred
South Staffordshire,2020-11-02,509,inferred
South Staffordshire,2020-11-03,509,inferred
South Staffordshire,2020-11-04,532,inferred
South Staffordshire,2020-11-05,532,inferred
South Staffordshire,2020-11-06,532,inferred
South Staffordshire,2020-11-07,532,inferred
South Staffordshire,2020-11-08,532,inferred
South Staffordshire,2020-11-09,532,inferred
South Staffordshire,2020-11-10,532,inferred
South Staffordshire,2020-11-11,469,inferred
South Staffordshire,2020-11-12,469,inferred
South Staffordshire,2020-11-13,469,inferred
South Staffordshire,2020-11-14,469,inferred
South Staffordshire,2020-11-15,469,inferred
South Staffordshire,2020-11-16,469,inferred
South Staffordshire,2020-11-17,469,inferred
South Staffordshire,2020-11-18,295,inferred
South Staffordshire,2020-11-19,295,inferred
South Staffordshire,2020-11-20,295,inferred
South Staffordshire,2020-11-21,295,inferred
South Staffordshire,2020-11-22,295,inferred
South Staffordshire,2020-11-23,295,inferred
South Staffordshire,2020-11-24,295,inferred
South Staffordshire,2020-11-25,194,inferred
South Staffordshire,2020-11-26,194,inferred
South Staffordshire,2020-11-27,194,inferred
South Staffordshire,2020-11-28,194,inferred
South Staffordshire,2020-11-29,194,inferred
South Staffordshire,2020-11-30,194,inferred
South Staffordshire,2020-12-01,194,inferred
South Staffordshire,2020-12-02,175,inferred
South Staffordshire,2020-12-03,175,inferred
South Staffordshire,2020-12-04,175,inferred
South Staffordshire,2020-12-05,175,inferred
South Staffordshire,2020-12-06,175,inferred
South Staffordshire,2020-12-07,175,inferred
South Staffordshire,2020-12-08,175,inferred
South Staffordshire,2020-12-09,217,inferred
South Staffordshire,2020-12-10,217,inferred
South Staffordshire,2020-12-11,217,inferred
South Staffordshire,2020-12-12,217,inferred
South Staffordshire,2020-12-13,217,inferred
South Staffordshire,2020-12-14,217,inferred
South Staffordshire,2020-12-15,217,inferred
South Staffordshire,2020-12-16,298,inferred
South Staffordshire,2020-12-17,298,inferred
South Staffordshire,2020-12-18,298,inferred
South Staffordshire,2020-12-19,298,inferred
South Staffordshire,2020-12-20,298,inferred
South Staffordshire,2020-12-21,298,inferred
South Staffordshire,2020-12-22,298,inferred
South Staffordshire,2020-12-23,461,inferred
South Staffordshire,2020-12-24,461,inferred
South Staffordshire,2020-12-25,461,inferred
South Staffordshire,2020-12-26,461,inferred
South Staffordshire,2020-12-27,461,inferred
South Staffordshire,2020-12-28,461,inferred
South Staffordshire,2020-12-29,461,inferred
South Staffordshire,2020-12-30,752,inferred
South Staffordshire,2020-12-31,752,inferred
South Staffordshire,2021-01-01,752,inferred
South Staffordshire,2021-01-02,752,inferred
South Staffordshire,2021-01-03,752,inferred
South Staffordshire,2021-01-04,752,inferred
South Staffordshire,2021-01-05,752,inferred
South Staffordshire,2021-01-06,758,projected
South Staffordshire,2021-01-07,758,projected
South Staffordshire,2021-01-08,758,projected
South Staffordshire,2021-01-09,758,projected
South Staffordshire,2021-01-10,758,projected
South Staffordshire,2021-01-11,758,projected
South Staffordshire,2021-01-12,758,projected
South Staffordshire,2021-01-13,713,projected
South Staffordshire,2021-01-14,713,projected
South Staffordshire,2021-01-15,713,projected
South Staffordshire,2021-01-16,713,projected
South Staffordshire,2021-01-17,713,projected
South Staffordshire,2021-01-18,713,projected
South Staffordshire,2021-01-19,713,projected
South Staffordshire,2021-01-20,664,projected
South Staffordshire,2021-01-21,664,projected
South Staffordshire,2021-01-22,664,projected
South Staffordshire,2021-01-23,664,projected
South Staffordshire,2021-01-24,664,projected
South Staffordshire,2021-01-25,664,projected
South Staffordshire,2021-01-26,664,projected
South Tyneside,2020-09-23,339,inferred
South Tyneside,2020-09-24,339,inferred
South Tyneside,2020-09-25,339,inferred
South Tyneside,2020-09-26,339,inferred
South Tyneside,2020-09-27,339,inferred
South Tyneside,2020-09-28,339,inferred
South Tyneside,2020-09-29,339,inferred
South Tyneside,2020-09-30,414,inferred
South Tyneside,2020-10-01,414,inferred
South Tyneside,2020-10-02,414,inferred
South Tyneside,2020-10-03,414,inferred
South Tyneside,2020-10-04,414,inferred
South Tyneside,2020-10-05,414,inferred
South Tyneside,2020-10-06,414,inferred
South Tyneside,2020-10-07,353,inferred
South Tyneside,2020-10-08,353,inferred
South Tyneside,2020-10-09,353,inferred
South Tyneside,2020-10-10,353,inferred
South Tyneside,2020-10-11,353,inferred
South Tyneside,2020-10-12,353,inferred
South Tyneside,2020-10-13,353,inferred
South Tyneside,2020-10-14,369,inferred
South Tyneside,2020-10-15,369,inferred
South Tyneside,2020-10-16,369,inferred
South Tyneside,2020-10-17,369,inferred
South Tyneside,2020-10-18,369,inferred
South Tyneside,2020-10-19,369,inferred
South Tyneside,2020-10-20,369,inferred
South Tyneside,2020-10-21,333,inferred
South Tyneside,2020-10-22,333,inferred
South Tyneside,2020-10-23,333,inferred
South Tyneside,2020-10-24,333,inferred
South Tyneside,2020-10-25,333,inferred
South Tyneside,2020-10-26,333,inferred
South Tyneside,2020-10-27,333,inferred
South Tyneside,2020-10-28,451,inferred
South Tyneside,2020-10-29,451,inferred
South Tyneside,2020-10-30,451,inferred
South Tyneside,2020-10-31,451,inferred
South Tyneside,2020-11-01,451,inferred
South Tyneside,2020-11-02,451,inferred
South Tyneside,2020-11-03,451,inferred
South Tyneside,2020-11-04,587,inferred
South Tyneside,2020-11-05,587,inferred
South Tyneside,2020-11-06,587,inferred
South Tyneside,2020-11-07,587,inferred
South Tyneside,2020-11-08,587,inferred
South Tyneside,2020-11-09,587,inferred
South Tyneside,2020-11-10,587,inferred
South Tyneside,2020-11-11,583,inferred
South Tyneside,2020-11-12,583,inferred
South Tyneside,2020-11-13,583,inferred
South Tyneside,2020-11-14,583,inferred
South Tyneside,2020-11-15,583,inferred
South Tyneside,2020-11-16,583,inferred
South Tyneside,2020-11-17,583,inferred
South Tyneside,2020-11-18,470,inferred
South Tyneside,2020-11-19,470,inferred
South Tyneside,2020-11-20,470,inferred
South Tyneside,2020-11-21,470,inferred
South Tyneside,2020-11-22,470,inferred
South Tyneside,2020-11-23,470,inferred
South Tyneside,2020-11-24,470,inferred
South Tyneside,2020-11-25,336,inferred
South Tyneside,2020-11-26,336,inferred
South Tyneside,2020-11-27,336,inferred
South Tyneside,2020-11-28,336,inferred
South Tyneside,2020-11-29,336,inferred
South Tyneside,2020-11-30,336,inferred
South Tyneside,2020-12-01,336,inferred
South Tyneside,2020-12-02,385,inferred
South Tyneside,2020-12-03,385,inferred
South Tyneside,2020-12-04,385,inferred
South Tyneside,2020-12-05,385,inferred
South Tyneside,2020-12-06,385,inferred
South Tyneside,2020-12-07,385,inferred
South Tyneside,2020-12-08,385,inferred
South Tyneside,2020-12-09,473,inferred
South Tyneside,2020-12-10,473,inferred
South Tyneside,2020-12-11,473,inferred
South Tyneside,2020-12-12,473,inferred
South Tyneside,2020-12-13,473,inferred
South Tyneside,2020-12-14,473,inferred
South Tyneside,2020-12-15,473,inferred
South Tyneside,2020-12-16,399,inferred
South Tyneside,2020-12-17,399,inferred
South Tyneside,2020-12-18,399,inferred
South Tyneside,2020-12-19,399,inferred
South Tyneside,2020-12-20,399,inferred
South Tyneside,2020-12-21,399,inferred
South Tyneside,2020-12-22,399,inferred
South Tyneside,2020-12-23,527,inferred
South Tyneside,2020-12-24,527,inferred
South Tyneside,2020-12-25,527,inferred
South Tyneside,2020-12-26,527,inferred
South Tyneside,2020-12-27,527,inferred
South Tyneside,2020-12-28,527,inferred
South Tyneside,2020-12-29,527,inferred
South Tyneside,2020-12-30,775,inferred
South Tyneside,2020-12-31,775,inferred
South Tyneside,2021-01-01,775,inferred
South Tyneside,2021-01-02,775,inferred
South Tyneside,2021-01-03,775,inferred
South Tyneside,2021-01-04,775,inferred
South Tyneside,2021-01-05,775,inferred
South Tyneside,2021-01-06,748,projected
South Tyneside,2021-01-07,748,projected
South Tyneside,2021-01-08,748,projected
South Tyneside,2021-01-09,748,projected
South Tyneside,2021-01-10,748,projected
South Tyneside,2021-01-11,748,projected
South Tyneside,2021-01-12,748,projected
South Tyneside,2021-01-13,707,projected
South Tyneside,2021-01-14,707,projected
South Tyneside,2021-01-15,707,projected
South Tyneside,2021-01-16,707,projected
South Tyneside,2021-01-17,707,projected
South Tyneside,2021-01-18,707,projected
South Tyneside,2021-01-19,707,projected
South Tyneside,2021-01-20,715,projected
South Tyneside,2021-01-21,715,projected
South Tyneside,2021-01-22,715,projected
South Tyneside,2021-01-23,715,projected
South Tyneside,2021-01-24,715,projected
South Tyneside,2021-01-25,715,projected
South Tyneside,2021-01-26,715,projected
Southampton,2020-09-23, 63,inferred
Southampton,2020-09-24, 63,inferred
Southampton,2020-09-25, 63,inferred
Southampton,2020-09-26, 63,inferred
Southampton,2020-09-27, 63,inferred
Southampton,2020-09-28, 63,inferred
Southampton,2020-09-29, 63,inferred
Southampton,2020-09-30,120,inferred
Southampton,2020-10-01,120,inferred
Southampton,2020-10-02,120,inferred
Southampton,2020-10-03,120,inferred
Southampton,2020-10-04,120,inferred
Southampton,2020-10-05,120,inferred
Southampton,2020-10-06,120,inferred
Southampton,2020-10-07,176,inferred
Southampton,2020-10-08,176,inferred
Southampton,2020-10-09,176,inferred
Southampton,2020-10-10,176,inferred
Southampton,2020-10-11,176,inferred
Southampton,2020-10-12,176,inferred
Southampton,2020-10-13,176,inferred
Southampton,2020-10-14,233,inferred
Southampton,2020-10-15,233,inferred
Southampton,2020-10-16,233,inferred
Southampton,2020-10-17,233,inferred
Southampton,2020-10-18,233,inferred
Southampton,2020-10-19,233,inferred
Southampton,2020-10-20,233,inferred
Southampton,2020-10-21,431,inferred
Southampton,2020-10-22,431,inferred
Southampton,2020-10-23,431,inferred
Southampton,2020-10-24,431,inferred
Southampton,2020-10-25,431,inferred
Southampton,2020-10-26,431,inferred
Southampton,2020-10-27,431,inferred
Southampton,2020-10-28,436,inferred
Southampton,2020-10-29,436,inferred
Southampton,2020-10-30,436,inferred
Southampton,2020-10-31,436,inferred
Southampton,2020-11-01,436,inferred
Southampton,2020-11-02,436,inferred
Southampton,2020-11-03,436,inferred
Southampton,2020-11-04,541,inferred
Southampton,2020-11-05,541,inferred
Southampton,2020-11-06,541,inferred
Southampton,2020-11-07,541,inferred
Southampton,2020-11-08,541,inferred
Southampton,2020-11-09,541,inferred
Southampton,2020-11-10,541,inferred
Southampton,2020-11-11,497,inferred
Southampton,2020-11-12,497,inferred
Southampton,2020-11-13,497,inferred
Southampton,2020-11-14,497,inferred
Southampton,2020-11-15,497,inferred
Southampton,2020-11-16,497,inferred
Southampton,2020-11-17,497,inferred
Southampton,2020-11-18,224,inferred
Southampton,2020-11-19,224,inferred
Southampton,2020-11-20,224,inferred
Southampton,2020-11-21,224,inferred
Southampton,2020-11-22,224,inferred
Southampton,2020-11-23,224,inferred
Southampton,2020-11-24,224,inferred
Southampton,2020-11-25,167,inferred
Southampton,2020-11-26,167,inferred
Southampton,2020-11-27,167,inferred
Southampton,2020-11-28,167,inferred
Southampton,2020-11-29,167,inferred
Southampton,2020-11-30,167,inferred
Southampton,2020-12-01,167,inferred
Southampton,2020-12-02,203,inferred
Southampton,2020-12-03,203,inferred
Southampton,2020-12-04,203,inferred
Southampton,2020-12-05,203,inferred
Southampton,2020-12-06,203,inferred
Southampton,2020-12-07,203,inferred
Southampton,2020-12-08,203,inferred
Southampton,2020-12-09,336,inferred
Southampton,2020-12-10,336,inferred
Southampton,2020-12-11,336,inferred
Southampton,2020-12-12,336,inferred
Southampton,2020-12-13,336,inferred
Southampton,2020-12-14,336,inferred
Southampton,2020-12-15,336,inferred
Southampton,2020-12-16,796,inferred
Southampton,2020-12-17,796,inferred
Southampton,2020-12-18,796,inferred
Southampton,2020-12-19,796,inferred
Southampton,2020-12-20,796,inferred
Southampton,2020-12-21,796,inferred
Southampton,2020-12-22,796,inferred
Southampton,2020-12-23,1213,inferred
Southampton,2020-12-24,1213,inferred
Southampton,2020-12-25,1213,inferred
Southampton,2020-12-26,1213,inferred
Southampton,2020-12-27,1213,inferred
Southampton,2020-12-28,1213,inferred
Southampton,2020-12-29,1213,inferred
Southampton,2020-12-30,1730,inferred
Southampton,2020-12-31,1730,inferred
Southampton,2021-01-01,1730,inferred
Southampton,2021-01-02,1730,inferred
Southampton,2021-01-03,1730,inferred
Southampton,2021-01-04,1730,inferred
Southampton,2021-01-05,1730,inferred
Southampton,2021-01-06,1804,projected
Southampton,2021-01-07,1804,projected
Southampton,2021-01-08,1804,projected
Southampton,2021-01-09,1804,projected
Southampton,2021-01-10,1804,projected
Southampton,2021-01-11,1804,projected
Southampton,2021-01-12,1804,projected
Southampton,2021-01-13,1832,projected
Southampton,2021-01-14,1832,projected
Southampton,2021-01-15,1832,projected
Southampton,2021-01-16,1832,projected
Southampton,2021-01-17,1832,projected
Southampton,2021-01-18,1832,projected
Southampton,2021-01-19,1832,projected
Southampton,2021-01-20,1899,projected
Southampton,2021-01-21,1899,projected
Southampton,2021-01-22,1899,projected
Southampton,2021-01-23,1899,projected
Southampton,2021-01-24,1899,projected
Southampton,2021-01-25,1899,projected
Southampton,2021-01-26,1899,projected
Southend-on-Sea,2020-09-23, 51,inferred
Southend-on-Sea,2020-09-24, 51,inferred
Southend-on-Sea,2020-09-25, 51,inferred
Southend-on-Sea,2020-09-26, 51,inferred
Southend-on-Sea,2020-09-27, 51,inferred
Southend-on-Sea,2020-09-28, 51,inferred
Southend-on-Sea,2020-09-29, 51,inferred
Southend-on-Sea,2020-09-30, 73,inferred
Southend-on-Sea,2020-10-01, 73,inferred
Southend-on-Sea,2020-10-02, 73,inferred
Southend-on-Sea,2020-10-03, 73,inferred
Southend-on-Sea,2020-10-04, 73,inferred
Southend-on-Sea,2020-10-05, 73,inferred
Southend-on-Sea,2020-10-06, 73,inferred
Southend-on-Sea,2020-10-07, 81,inferred
Southend-on-Sea,2020-10-08, 81,inferred
Southend-on-Sea,2020-10-09, 81,inferred
Southend-on-Sea,2020-10-10, 81,inferred
Southend-on-Sea,2020-10-11, 81,inferred
Southend-on-Sea,2020-10-12, 81,inferred
Southend-on-Sea,2020-10-13, 81,inferred
Southend-on-Sea,2020-10-14,160,inferred
Southend-on-Sea,2020-10-15,160,inferred
Southend-on-Sea,2020-10-16,160,inferred
Southend-on-Sea,2020-10-17,160,inferred
Southend-on-Sea,2020-10-18,160,inferred
Southend-on-Sea,2020-10-19,160,inferred
Southend-on-Sea,2020-10-20,160,inferred
Southend-on-Sea,2020-10-21,163,inferred
Southend-on-Sea,2020-10-22,163,inferred
Southend-on-Sea,2020-10-23,163,inferred
Southend-on-Sea,2020-10-24,163,inferred
Southend-on-Sea,2020-10-25,163,inferred
Southend-on-Sea,2020-10-26,163,inferred
Southend-on-Sea,2020-10-27,163,inferred
Southend-on-Sea,2020-10-28,200,inferred
Southend-on-Sea,2020-10-29,200,inferred
Southend-on-Sea,2020-10-30,200,inferred
Southend-on-Sea,2020-10-31,200,inferred
Southend-on-Sea,2020-11-01,200,inferred
Southend-on-Sea,2020-11-02,200,inferred
Southend-on-Sea,2020-11-03,200,inferred
Southend-on-Sea,2020-11-04,261,inferred
Southend-on-Sea,2020-11-05,261,inferred
Southend-on-Sea,2020-11-06,261,inferred
Southend-on-Sea,2020-11-07,261,inferred
Southend-on-Sea,2020-11-08,261,inferred
Southend-on-Sea,2020-11-09,261,inferred
Southend-on-Sea,2020-11-10,261,inferred
Southend-on-Sea,2020-11-11,304,inferred
Southend-on-Sea,2020-11-12,304,inferred
Southend-on-Sea,2020-11-13,304,inferred
Southend-on-Sea,2020-11-14,304,inferred
Southend-on-Sea,2020-11-15,304,inferred
Southend-on-Sea,2020-11-16,304,inferred
Southend-on-Sea,2020-11-17,304,inferred
Southend-on-Sea,2020-11-18,212,inferred
Southend-on-Sea,2020-11-19,212,inferred
Southend-on-Sea,2020-11-20,212,inferred
Southend-on-Sea,2020-11-21,212,inferred
Southend-on-Sea,2020-11-22,212,inferred
Southend-on-Sea,2020-11-23,212,inferred
Southend-on-Sea,2020-11-24,212,inferred
Southend-on-Sea,2020-11-25,281,inferred
Southend-on-Sea,2020-11-26,281,inferred
Southend-on-Sea,2020-11-27,281,inferred
Southend-on-Sea,2020-11-28,281,inferred
Southend-on-Sea,2020-11-29,281,inferred
Southend-on-Sea,2020-11-30,281,inferred
Southend-on-Sea,2020-12-01,281,inferred
Southend-on-Sea,2020-12-02,527,inferred
Southend-on-Sea,2020-12-03,527,inferred
Southend-on-Sea,2020-12-04,527,inferred
Southend-on-Sea,2020-12-05,527,inferred
Southend-on-Sea,2020-12-06,527,inferred
Southend-on-Sea,2020-12-07,527,inferred
Southend-on-Sea,2020-12-08,527,inferred
Southend-on-Sea,2020-12-09,1071,inferred
Southend-on-Sea,2020-12-10,1071,inferred
Southend-on-Sea,2020-12-11,1071,inferred
Southend-on-Sea,2020-12-12,1071,inferred
Southend-on-Sea,2020-12-13,1071,inferred
Southend-on-Sea,2020-12-14,1071,inferred
Southend-on-Sea,2020-12-15,1071,inferred
Southend-on-Sea,2020-12-16,2165,inferred
Southend-on-Sea,2020-12-17,2165,inferred
Southend-on-Sea,2020-12-18,2165,inferred
Southend-on-Sea,2020-12-19,2165,inferred
Southend-on-Sea,2020-12-20,2165,inferred
Southend-on-Sea,2020-12-21,2165,inferred
Southend-on-Sea,2020-12-22,2165,inferred
Southend-on-Sea,2020-12-23,1817,inferred
Southend-on-Sea,2020-12-24,1817,inferred
Southend-on-Sea,2020-12-25,1817,inferred
Southend-on-Sea,2020-12-26,1817,inferred
Southend-on-Sea,2020-12-27,1817,inferred
Southend-on-Sea,2020-12-28,1817,inferred
Southend-on-Sea,2020-12-29,1817,inferred
Southend-on-Sea,2020-12-30,2092,inferred
Southend-on-Sea,2020-12-31,2092,inferred
Southend-on-Sea,2021-01-01,2092,inferred
Southend-on-Sea,2021-01-02,2092,inferred
Southend-on-Sea,2021-01-03,2092,inferred
Southend-on-Sea,2021-01-04,2092,inferred
Southend-on-Sea,2021-01-05,2092,inferred
Southend-on-Sea,2021-01-06,1513,projected
Southend-on-Sea,2021-01-07,1513,projected
Southend-on-Sea,2021-01-08,1513,projected
Southend-on-Sea,2021-01-09,1513,projected
Southend-on-Sea,2021-01-10,1513,projected
Southend-on-Sea,2021-01-11,1513,projected
Southend-on-Sea,2021-01-12,1513,projected
Southend-on-Sea,2021-01-13,1139,projected
Southend-on-Sea,2021-01-14,1139,projected
Southend-on-Sea,2021-01-15,1139,projected
Southend-on-Sea,2021-01-16,1139,projected
Southend-on-Sea,2021-01-17,1139,projected
Southend-on-Sea,2021-01-18,1139,projected
Southend-on-Sea,2021-01-19,1139,projected
Southend-on-Sea,2021-01-20,893,projected
Southend-on-Sea,2021-01-21,893,projected
Southend-on-Sea,2021-01-22,893,projected
Southend-on-Sea,2021-01-23,893,projected
Southend-on-Sea,2021-01-24,893,projected
Southend-on-Sea,2021-01-25,893,projected
Southend-on-Sea,2021-01-26,893,projected
Southwark,2020-09-23,152,inferred
Southwark,2020-09-24,152,inferred
Southwark,2020-09-25,152,inferred
Southwark,2020-09-26,152,inferred
Southwark,2020-09-27,152,inferred
Southwark,2020-09-28,152,inferred
Southwark,2020-09-29,152,inferred
Southwark,2020-09-30,200,inferred
Southwark,2020-10-01,200,inferred
Southwark,2020-10-02,200,inferred
Southwark,2020-10-03,200,inferred
Southwark,2020-10-04,200,inferred
Southwark,2020-10-05,200,inferred
Southwark,2020-10-06,200,inferred
Southwark,2020-10-07,218,inferred
Southwark,2020-10-08,218,inferred
Southwark,2020-10-09,218,inferred
Southwark,2020-10-10,218,inferred
Southwark,2020-10-11,218,inferred
Southwark,2020-10-12,218,inferred
Southwark,2020-10-13,218,inferred
Southwark,2020-10-14,367,inferred
Southwark,2020-10-15,367,inferred
Southwark,2020-10-16,367,inferred
Southwark,2020-10-17,367,inferred
Southwark,2020-10-18,367,inferred
Southwark,2020-10-19,367,inferred
Southwark,2020-10-20,367,inferred
Southwark,2020-10-21,438,inferred
Southwark,2020-10-22,438,inferred
Southwark,2020-10-23,438,inferred
Southwark,2020-10-24,438,inferred
Southwark,2020-10-25,438,inferred
Southwark,2020-10-26,438,inferred
Southwark,2020-10-27,438,inferred
Southwark,2020-10-28,355,inferred
Southwark,2020-10-29,355,inferred
Southwark,2020-10-30,355,inferred
Southwark,2020-10-31,355,inferred
Southwark,2020-11-01,355,inferred
Southwark,2020-11-02,355,inferred
Southwark,2020-11-03,355,inferred
Southwark,2020-11-04,356,inferred
Southwark,2020-11-05,356,inferred
Southwark,2020-11-06,356,inferred
Southwark,2020-11-07,356,inferred
Southwark,2020-11-08,356,inferred
Southwark,2020-11-09,356,inferred
Southwark,2020-11-10,356,inferred
Southwark,2020-11-11,369,inferred
Southwark,2020-11-12,369,inferred
Southwark,2020-11-13,369,inferred
Southwark,2020-11-14,369,inferred
Southwark,2020-11-15,369,inferred
Southwark,2020-11-16,369,inferred
Southwark,2020-11-17,369,inferred
Southwark,2020-11-18,336,inferred
Southwark,2020-11-19,336,inferred
Southwark,2020-11-20,336,inferred
Southwark,2020-11-21,336,inferred
Southwark,2020-11-22,336,inferred
Southwark,2020-11-23,336,inferred
Southwark,2020-11-24,336,inferred
Southwark,2020-11-25,347,inferred
Southwark,2020-11-26,347,inferred
Southwark,2020-11-27,347,inferred
Southwark,2020-11-28,347,inferred
Southwark,2020-11-29,347,inferred
Southwark,2020-11-30,347,inferred
Southwark,2020-12-01,347,inferred
Southwark,2020-12-02,527,inferred
Southwark,2020-12-03,527,inferred
Southwark,2020-12-04,527,inferred
Southwark,2020-12-05,527,inferred
Southwark,2020-12-06,527,inferred
Southwark,2020-12-07,527,inferred
Southwark,2020-12-08,527,inferred
Southwark,2020-12-09,1179,inferred
Southwark,2020-12-10,1179,inferred
Southwark,2020-12-11,1179,inferred
Southwark,2020-12-12,1179,inferred
Southwark,2020-12-13,1179,inferred
Southwark,2020-12-14,1179,inferred
Southwark,2020-12-15,1179,inferred
Southwark,2020-12-16,2475,inferred
Southwark,2020-12-17,2475,inferred
Southwark,2020-12-18,2475,inferred
Southwark,2020-12-19,2475,inferred
Southwark,2020-12-20,2475,inferred
Southwark,2020-12-21,2475,inferred
Southwark,2020-12-22,2475,inferred
Southwark,2020-12-23,2557,inferred
Southwark,2020-12-24,2557,inferred
Southwark,2020-12-25,2557,inferred
Southwark,2020-12-26,2557,inferred
Southwark,2020-12-27,2557,inferred
Southwark,2020-12-28,2557,inferred
Southwark,2020-12-29,2557,inferred
Southwark,2020-12-30,3272,inferred
Southwark,2020-12-31,3272,inferred
Southwark,2021-01-01,3272,inferred
Southwark,2021-01-02,3272,inferred
Southwark,2021-01-03,3272,inferred
Southwark,2021-01-04,3272,inferred
Southwark,2021-01-05,3272,inferred
Southwark,2021-01-06,2650,projected
Southwark,2021-01-07,2650,projected
Southwark,2021-01-08,2650,projected
Southwark,2021-01-09,2650,projected
Southwark,2021-01-10,2650,projected
Southwark,2021-01-11,2650,projected
Southwark,2021-01-12,2650,projected
Southwark,2021-01-13,2109,projected
Southwark,2021-01-14,2109,projected
Southwark,2021-01-15,2109,projected
Southwark,2021-01-16,2109,projected
Southwark,2021-01-17,2109,projected
Southwark,2021-01-18,2109,projected
Southwark,2021-01-19,2109,projected
Southwark,2021-01-20,1725,projected
Southwark,2021-01-21,1725,projected
Southwark,2021-01-22,1725,projected
Southwark,2021-01-23,1725,projected
Southwark,2021-01-24,1725,projected
Southwark,2021-01-25,1725,projected
Southwark,2021-01-26,1725,projected
Spelthorne,2020-09-23, 35,inferred
Spelthorne,2020-09-24, 35,inferred
Spelthorne,2020-09-25, 35,inferred
Spelthorne,2020-09-26, 35,inferred
Spelthorne,2020-09-27, 35,inferred
Spelthorne,2020-09-28, 35,inferred
Spelthorne,2020-09-29, 35,inferred
Spelthorne,2020-09-30, 70,inferred
Spelthorne,2020-10-01, 70,inferred
Spelthorne,2020-10-02, 70,inferred
Spelthorne,2020-10-03, 70,inferred
Spelthorne,2020-10-04, 70,inferred
Spelthorne,2020-10-05, 70,inferred
Spelthorne,2020-10-06, 70,inferred
Spelthorne,2020-10-07, 49,inferred
Spelthorne,2020-10-08, 49,inferred
Spelthorne,2020-10-09, 49,inferred
Spelthorne,2020-10-10, 49,inferred
Spelthorne,2020-10-11, 49,inferred
Spelthorne,2020-10-12, 49,inferred
Spelthorne,2020-10-13, 49,inferred
Spelthorne,2020-10-14, 98,inferred
Spelthorne,2020-10-15, 98,inferred
Spelthorne,2020-10-16, 98,inferred
Spelthorne,2020-10-17, 98,inferred
Spelthorne,2020-10-18, 98,inferred
Spelthorne,2020-10-19, 98,inferred
Spelthorne,2020-10-20, 98,inferred
Spelthorne,2020-10-21,127,inferred
Spelthorne,2020-10-22,127,inferred
Spelthorne,2020-10-23,127,inferred
Spelthorne,2020-10-24,127,inferred
Spelthorne,2020-10-25,127,inferred
Spelthorne,2020-10-26,127,inferred
Spelthorne,2020-10-27,127,inferred
Spelthorne,2020-10-28,205,inferred
Spelthorne,2020-10-29,205,inferred
Spelthorne,2020-10-30,205,inferred
Spelthorne,2020-10-31,205,inferred
Spelthorne,2020-11-01,205,inferred
Spelthorne,2020-11-02,205,inferred
Spelthorne,2020-11-03,205,inferred
Spelthorne,2020-11-04,248,inferred
Spelthorne,2020-11-05,248,inferred
Spelthorne,2020-11-06,248,inferred
Spelthorne,2020-11-07,248,inferred
Spelthorne,2020-11-08,248,inferred
Spelthorne,2020-11-09,248,inferred
Spelthorne,2020-11-10,248,inferred
Spelthorne,2020-11-11,229,inferred
Spelthorne,2020-11-12,229,inferred
Spelthorne,2020-11-13,229,inferred
Spelthorne,2020-11-14,229,inferred
Spelthorne,2020-11-15,229,inferred
Spelthorne,2020-11-16,229,inferred
Spelthorne,2020-11-17,229,inferred
Spelthorne,2020-11-18,150,inferred
Spelthorne,2020-11-19,150,inferred
Spelthorne,2020-11-20,150,inferred
Spelthorne,2020-11-21,150,inferred
Spelthorne,2020-11-22,150,inferred
Spelthorne,2020-11-23,150,inferred
Spelthorne,2020-11-24,150,inferred
Spelthorne,2020-11-25,131,inferred
Spelthorne,2020-11-26,131,inferred
Spelthorne,2020-11-27,131,inferred
Spelthorne,2020-11-28,131,inferred
Spelthorne,2020-11-29,131,inferred
Spelthorne,2020-11-30,131,inferred
Spelthorne,2020-12-01,131,inferred
Spelthorne,2020-12-02,201,inferred
Spelthorne,2020-12-03,201,inferred
Spelthorne,2020-12-04,201,inferred
Spelthorne,2020-12-05,201,inferred
Spelthorne,2020-12-06,201,inferred
Spelthorne,2020-12-07,201,inferred
Spelthorne,2020-12-08,201,inferred
Spelthorne,2020-12-09,348,inferred
Spelthorne,2020-12-10,348,inferred
Spelthorne,2020-12-11,348,inferred
Spelthorne,2020-12-12,348,inferred
Spelthorne,2020-12-13,348,inferred
Spelthorne,2020-12-14,348,inferred
Spelthorne,2020-12-15,348,inferred
Spelthorne,2020-12-16,653,inferred
Spelthorne,2020-12-17,653,inferred
Spelthorne,2020-12-18,653,inferred
Spelthorne,2020-12-19,653,inferred
Spelthorne,2020-12-20,653,inferred
Spelthorne,2020-12-21,653,inferred
Spelthorne,2020-12-22,653,inferred
Spelthorne,2020-12-23,796,inferred
Spelthorne,2020-12-24,796,inferred
Spelthorne,2020-12-25,796,inferred
Spelthorne,2020-12-26,796,inferred
Spelthorne,2020-12-27,796,inferred
Spelthorne,2020-12-28,796,inferred
Spelthorne,2020-12-29,796,inferred
Spelthorne,2020-12-30,934,inferred
Spelthorne,2020-12-31,934,inferred
Spelthorne,2021-01-01,934,inferred
Spelthorne,2021-01-02,934,inferred
Spelthorne,2021-01-03,934,inferred
Spelthorne,2021-01-04,934,inferred
Spelthorne,2021-01-05,934,inferred
Spelthorne,2021-01-06,715,projected
Spelthorne,2021-01-07,715,projected
Spelthorne,2021-01-08,715,projected
Spelthorne,2021-01-09,715,projected
Spelthorne,2021-01-10,715,projected
Spelthorne,2021-01-11,715,projected
Spelthorne,2021-01-12,715,projected
Spelthorne,2021-01-13,517,projected
Spelthorne,2021-01-14,517,projected
Spelthorne,2021-01-15,517,projected
Spelthorne,2021-01-16,517,projected
Spelthorne,2021-01-17,517,projected
Spelthorne,2021-01-18,517,projected
Spelthorne,2021-01-19,517,projected
Spelthorne,2021-01-20,409,projected
Spelthorne,2021-01-21,409,projected
Spelthorne,2021-01-22,409,projected
Spelthorne,2021-01-23,409,projected
Spelthorne,2021-01-24,409,projected
Spelthorne,2021-01-25,409,projected
Spelthorne,2021-01-26,409,projected
St Albans,2020-09-23, 55,inferred
St Albans,2020-09-24, 55,inferred
St Albans,2020-09-25, 55,inferred
St Albans,2020-09-26, 55,inferred
St Albans,2020-09-27, 55,inferred
St Albans,2020-09-28, 55,inferred
St Albans,2020-09-29, 55,inferred
St Albans,2020-09-30, 73,inferred
St Albans,2020-10-01, 73,inferred
St Albans,2020-10-02, 73,inferred
St Albans,2020-10-03, 73,inferred
St Albans,2020-10-04, 73,inferred
St Albans,2020-10-05, 73,inferred
St Albans,2020-10-06, 73,inferred
St Albans,2020-10-07, 77,inferred
St Albans,2020-10-08, 77,inferred
St Albans,2020-10-09, 77,inferred
St Albans,2020-10-10, 77,inferred
St Albans,2020-10-11, 77,inferred
St Albans,2020-10-12, 77,inferred
St Albans,2020-10-13, 77,inferred
St Albans,2020-10-14,126,inferred
St Albans,2020-10-15,126,inferred
St Albans,2020-10-16,126,inferred
St Albans,2020-10-17,126,inferred
St Albans,2020-10-18,126,inferred
St Albans,2020-10-19,126,inferred
St Albans,2020-10-20,126,inferred
St Albans,2020-10-21,116,inferred
St Albans,2020-10-22,116,inferred
St Albans,2020-10-23,116,inferred
St Albans,2020-10-24,116,inferred
St Albans,2020-10-25,116,inferred
St Albans,2020-10-26,116,inferred
St Albans,2020-10-27,116,inferred
St Albans,2020-10-28,139,inferred
St Albans,2020-10-29,139,inferred
St Albans,2020-10-30,139,inferred
St Albans,2020-10-31,139,inferred
St Albans,2020-11-01,139,inferred
St Albans,2020-11-02,139,inferred
St Albans,2020-11-03,139,inferred
St Albans,2020-11-04,197,inferred
St Albans,2020-11-05,197,inferred
St Albans,2020-11-06,197,inferred
St Albans,2020-11-07,197,inferred
St Albans,2020-11-08,197,inferred
St Albans,2020-11-09,197,inferred
St Albans,2020-11-10,197,inferred
St Albans,2020-11-11,225,inferred
St Albans,2020-11-12,225,inferred
St Albans,2020-11-13,225,inferred
St Albans,2020-11-14,225,inferred
St Albans,2020-11-15,225,inferred
St Albans,2020-11-16,225,inferred
St Albans,2020-11-17,225,inferred
St Albans,2020-11-18,153,inferred
St Albans,2020-11-19,153,inferred
St Albans,2020-11-20,153,inferred
St Albans,2020-11-21,153,inferred
St Albans,2020-11-22,153,inferred
St Albans,2020-11-23,153,inferred
St Albans,2020-11-24,153,inferred
St Albans,2020-11-25,154,inferred
St Albans,2020-11-26,154,inferred
St Albans,2020-11-27,154,inferred
St Albans,2020-11-28,154,inferred
St Albans,2020-11-29,154,inferred
St Albans,2020-11-30,154,inferred
St Albans,2020-12-01,154,inferred
St Albans,2020-12-02,191,inferred
St Albans,2020-12-03,191,inferred
St Albans,2020-12-04,191,inferred
St Albans,2020-12-05,191,inferred
St Albans,2020-12-06,191,inferred
St Albans,2020-12-07,191,inferred
St Albans,2020-12-08,191,inferred
St Albans,2020-12-09,367,inferred
St Albans,2020-12-10,367,inferred
St Albans,2020-12-11,367,inferred
St Albans,2020-12-12,367,inferred
St Albans,2020-12-13,367,inferred
St Albans,2020-12-14,367,inferred
St Albans,2020-12-15,367,inferred
St Albans,2020-12-16,814,inferred
St Albans,2020-12-17,814,inferred
St Albans,2020-12-18,814,inferred
St Albans,2020-12-19,814,inferred
St Albans,2020-12-20,814,inferred
St Albans,2020-12-21,814,inferred
St Albans,2020-12-22,814,inferred
St Albans,2020-12-23,1009,inferred
St Albans,2020-12-24,1009,inferred
St Albans,2020-12-25,1009,inferred
St Albans,2020-12-26,1009,inferred
St Albans,2020-12-27,1009,inferred
St Albans,2020-12-28,1009,inferred
St Albans,2020-12-29,1009,inferred
St Albans,2020-12-30,1005,inferred
St Albans,2020-12-31,1005,inferred
St Albans,2021-01-01,1005,inferred
St Albans,2021-01-02,1005,inferred
St Albans,2021-01-03,1005,inferred
St Albans,2021-01-04,1005,inferred
St Albans,2021-01-05,1005,inferred
St Albans,2021-01-06,829,projected
St Albans,2021-01-07,829,projected
St Albans,2021-01-08,829,projected
St Albans,2021-01-09,829,projected
St Albans,2021-01-10,829,projected
St Albans,2021-01-11,829,projected
St Albans,2021-01-12,829,projected
St Albans,2021-01-13,660,projected
St Albans,2021-01-14,660,projected
St Albans,2021-01-15,660,projected
St Albans,2021-01-16,660,projected
St Albans,2021-01-17,660,projected
St Albans,2021-01-18,660,projected
St Albans,2021-01-19,660,projected
St Albans,2021-01-20,586,projected
St Albans,2021-01-21,586,projected
St Albans,2021-01-22,586,projected
St Albans,2021-01-23,586,projected
St Albans,2021-01-24,586,projected
St Albans,2021-01-25,586,projected
St Albans,2021-01-26,586,projected
St. Helens,2020-09-23,535,inferred
St. Helens,2020-09-24,535,inferred
St. Helens,2020-09-25,535,inferred
St. Helens,2020-09-26,535,inferred
St. Helens,2020-09-27,535,inferred
St. Helens,2020-09-28,535,inferred
St. Helens,2020-09-29,535,inferred
St. Helens,2020-09-30,685,inferred
St. Helens,2020-10-01,685,inferred
St. Helens,2020-10-02,685,inferred
St. Helens,2020-10-03,685,inferred
St. Helens,2020-10-04,685,inferred
St. Helens,2020-10-05,685,inferred
St. Helens,2020-10-06,685,inferred
St. Helens,2020-10-07,798,inferred
St. Helens,2020-10-08,798,inferred
St. Helens,2020-10-09,798,inferred
St. Helens,2020-10-10,798,inferred
St. Helens,2020-10-11,798,inferred
St. Helens,2020-10-12,798,inferred
St. Helens,2020-10-13,798,inferred
St. Helens,2020-10-14,847,inferred
St. Helens,2020-10-15,847,inferred
St. Helens,2020-10-16,847,inferred
St. Helens,2020-10-17,847,inferred
St. Helens,2020-10-18,847,inferred
St. Helens,2020-10-19,847,inferred
St. Helens,2020-10-20,847,inferred
St. Helens,2020-10-21,780,inferred
St. Helens,2020-10-22,780,inferred
St. Helens,2020-10-23,780,inferred
St. Helens,2020-10-24,780,inferred
St. Helens,2020-10-25,780,inferred
St. Helens,2020-10-26,780,inferred
St. Helens,2020-10-27,780,inferred
St. Helens,2020-10-28,679,inferred
St. Helens,2020-10-29,679,inferred
St. Helens,2020-10-30,679,inferred
St. Helens,2020-10-31,679,inferred
St. Helens,2020-11-01,679,inferred
St. Helens,2020-11-02,679,inferred
St. Helens,2020-11-03,679,inferred
St. Helens,2020-11-04,520,inferred
St. Helens,2020-11-05,520,inferred
St. Helens,2020-11-06,520,inferred
St. Helens,2020-11-07,520,inferred
St. Helens,2020-11-08,520,inferred
St. Helens,2020-11-09,520,inferred
St. Helens,2020-11-10,520,inferred
St. Helens,2020-11-11,471,inferred
St. Helens,2020-11-12,471,inferred
St. Helens,2020-11-13,471,inferred
St. Helens,2020-11-14,471,inferred
St. Helens,2020-11-15,471,inferred
St. Helens,2020-11-16,471,inferred
St. Helens,2020-11-17,471,inferred
St. Helens,2020-11-18,257,inferred
St. Helens,2020-11-19,257,inferred
St. Helens,2020-11-20,257,inferred
St. Helens,2020-11-21,257,inferred
St. Helens,2020-11-22,257,inferred
St. Helens,2020-11-23,257,inferred
St. Helens,2020-11-24,257,inferred
St. Helens,2020-11-25,249,inferred
St. Helens,2020-11-26,249,inferred
St. Helens,2020-11-27,249,inferred
St. Helens,2020-11-28,249,inferred
St. Helens,2020-11-29,249,inferred
St. Helens,2020-11-30,249,inferred
St. Helens,2020-12-01,249,inferred
St. Helens,2020-12-02,210,inferred
St. Helens,2020-12-03,210,inferred
St. Helens,2020-12-04,210,inferred
St. Helens,2020-12-05,210,inferred
St. Helens,2020-12-06,210,inferred
St. Helens,2020-12-07,210,inferred
St. Helens,2020-12-08,210,inferred
St. Helens,2020-12-09,232,inferred
St. Helens,2020-12-10,232,inferred
St. Helens,2020-12-11,232,inferred
St. Helens,2020-12-12,232,inferred
St. Helens,2020-12-13,232,inferred
St. Helens,2020-12-14,232,inferred
St. Helens,2020-12-15,232,inferred
St. Helens,2020-12-16,344,inferred
St. Helens,2020-12-17,344,inferred
St. Helens,2020-12-18,344,inferred
St. Helens,2020-12-19,344,inferred
St. Helens,2020-12-20,344,inferred
St. Helens,2020-12-21,344,inferred
St. Helens,2020-12-22,344,inferred
St. Helens,2020-12-23,519,inferred
St. Helens,2020-12-24,519,inferred
St. Helens,2020-12-25,519,inferred
St. Helens,2020-12-26,519,inferred
St. Helens,2020-12-27,519,inferred
St. Helens,2020-12-28,519,inferred
St. Helens,2020-12-29,519,inferred
St. Helens,2020-12-30,1314,inferred
St. Helens,2020-12-31,1314,inferred
St. Helens,2021-01-01,1314,inferred
St. Helens,2021-01-02,1314,inferred
St. Helens,2021-01-03,1314,inferred
St. Helens,2021-01-04,1314,inferred
St. Helens,2021-01-05,1314,inferred
St. Helens,2021-01-06,1980,projected
St. Helens,2021-01-07,1980,projected
St. Helens,2021-01-08,1980,projected
St. Helens,2021-01-09,1980,projected
St. Helens,2021-01-10,1980,projected
St. Helens,2021-01-11,1980,projected
St. Helens,2021-01-12,1980,projected
St. Helens,2021-01-13,2851,projected
St. Helens,2021-01-14,2851,projected
St. Helens,2021-01-15,2851,projected
St. Helens,2021-01-16,2851,projected
St. Helens,2021-01-17,2851,projected
St. Helens,2021-01-18,2851,projected
St. Helens,2021-01-19,2851,projected
St. Helens,2021-01-20,4094,projected
St. Helens,2021-01-21,4094,projected
St. Helens,2021-01-22,4094,projected
St. Helens,2021-01-23,4094,projected
St. Helens,2021-01-24,4094,projected
St. Helens,2021-01-25,4094,projected
St. Helens,2021-01-26,4094,projected
Stafford,2020-09-23, 82,inferred
Stafford,2020-09-24, 82,inferred
Stafford,2020-09-25, 82,inferred
Stafford,2020-09-26, 82,inferred
Stafford,2020-09-27, 82,inferred
Stafford,2020-09-28, 82,inferred
Stafford,2020-09-29, 82,inferred
Stafford,2020-09-30,150,inferred
Stafford,2020-10-01,150,inferred
Stafford,2020-10-02,150,inferred
Stafford,2020-10-03,150,inferred
Stafford,2020-10-04,150,inferred
Stafford,2020-10-05,150,inferred
Stafford,2020-10-06,150,inferred
Stafford,2020-10-07,183,inferred
Stafford,2020-10-08,183,inferred
Stafford,2020-10-09,183,inferred
Stafford,2020-10-10,183,inferred
Stafford,2020-10-11,183,inferred
Stafford,2020-10-12,183,inferred
Stafford,2020-10-13,183,inferred
Stafford,2020-10-14,245,inferred
Stafford,2020-10-15,245,inferred
Stafford,2020-10-16,245,inferred
Stafford,2020-10-17,245,inferred
Stafford,2020-10-18,245,inferred
Stafford,2020-10-19,245,inferred
Stafford,2020-10-20,245,inferred
Stafford,2020-10-21,352,inferred
Stafford,2020-10-22,352,inferred
Stafford,2020-10-23,352,inferred
Stafford,2020-10-24,352,inferred
Stafford,2020-10-25,352,inferred
Stafford,2020-10-26,352,inferred
Stafford,2020-10-27,352,inferred
Stafford,2020-10-28,519,inferred
Stafford,2020-10-29,519,inferred
Stafford,2020-10-30,519,inferred
Stafford,2020-10-31,519,inferred
Stafford,2020-11-01,519,inferred
Stafford,2020-11-02,519,inferred
Stafford,2020-11-03,519,inferred
Stafford,2020-11-04,543,inferred
Stafford,2020-11-05,543,inferred
Stafford,2020-11-06,543,inferred
Stafford,2020-11-07,543,inferred
Stafford,2020-11-08,543,inferred
Stafford,2020-11-09,543,inferred
Stafford,2020-11-10,543,inferred
Stafford,2020-11-11,548,inferred
Stafford,2020-11-12,548,inferred
Stafford,2020-11-13,548,inferred
Stafford,2020-11-14,548,inferred
Stafford,2020-11-15,548,inferred
Stafford,2020-11-16,548,inferred
Stafford,2020-11-17,548,inferred
Stafford,2020-11-18,390,inferred
Stafford,2020-11-19,390,inferred
Stafford,2020-11-20,390,inferred
Stafford,2020-11-21,390,inferred
Stafford,2020-11-22,390,inferred
Stafford,2020-11-23,390,inferred
Stafford,2020-11-24,390,inferred
Stafford,2020-11-25,254,inferred
Stafford,2020-11-26,254,inferred
Stafford,2020-11-27,254,inferred
Stafford,2020-11-28,254,inferred
Stafford,2020-11-29,254,inferred
Stafford,2020-11-30,254,inferred
Stafford,2020-12-01,254,inferred
Stafford,2020-12-02,319,inferred
Stafford,2020-12-03,319,inferred
Stafford,2020-12-04,319,inferred
Stafford,2020-12-05,319,inferred
Stafford,2020-12-06,319,inferred
Stafford,2020-12-07,319,inferred
Stafford,2020-12-08,319,inferred
Stafford,2020-12-09,299,inferred
Stafford,2020-12-10,299,inferred
Stafford,2020-12-11,299,inferred
Stafford,2020-12-12,299,inferred
Stafford,2020-12-13,299,inferred
Stafford,2020-12-14,299,inferred
Stafford,2020-12-15,299,inferred
Stafford,2020-12-16,375,inferred
Stafford,2020-12-17,375,inferred
Stafford,2020-12-18,375,inferred
Stafford,2020-12-19,375,inferred
Stafford,2020-12-20,375,inferred
Stafford,2020-12-21,375,inferred
Stafford,2020-12-22,375,inferred
Stafford,2020-12-23,351,inferred
Stafford,2020-12-24,351,inferred
Stafford,2020-12-25,351,inferred
Stafford,2020-12-26,351,inferred
Stafford,2020-12-27,351,inferred
Stafford,2020-12-28,351,inferred
Stafford,2020-12-29,351,inferred
Stafford,2020-12-30,771,inferred
Stafford,2020-12-31,771,inferred
Stafford,2021-01-01,771,inferred
Stafford,2021-01-02,771,inferred
Stafford,2021-01-03,771,inferred
Stafford,2021-01-04,771,inferred
Stafford,2021-01-05,771,inferred
Stafford,2021-01-06,818,projected
Stafford,2021-01-07,818,projected
Stafford,2021-01-08,818,projected
Stafford,2021-01-09,818,projected
Stafford,2021-01-10,818,projected
Stafford,2021-01-11,818,projected
Stafford,2021-01-12,818,projected
Stafford,2021-01-13,876,projected
Stafford,2021-01-14,876,projected
Stafford,2021-01-15,876,projected
Stafford,2021-01-16,876,projected
Stafford,2021-01-17,876,projected
Stafford,2021-01-18,876,projected
Stafford,2021-01-19,876,projected
Stafford,2021-01-20,971,projected
Stafford,2021-01-21,971,projected
Stafford,2021-01-22,971,projected
Stafford,2021-01-23,971,projected
Stafford,2021-01-24,971,projected
Stafford,2021-01-25,971,projected
Stafford,2021-01-26,971,projected
Staffordshire Moorlands,2020-09-23, 32,inferred
Staffordshire Moorlands,2020-09-24, 32,inferred
Staffordshire Moorlands,2020-09-25, 32,inferred
Staffordshire Moorlands,2020-09-26, 32,inferred
Staffordshire Moorlands,2020-09-27, 32,inferred
Staffordshire Moorlands,2020-09-28, 32,inferred
Staffordshire Moorlands,2020-09-29, 32,inferred
Staffordshire Moorlands,2020-09-30, 74,inferred
Staffordshire Moorlands,2020-10-01, 74,inferred
Staffordshire Moorlands,2020-10-02, 74,inferred
Staffordshire Moorlands,2020-10-03, 74,inferred
Staffordshire Moorlands,2020-10-04, 74,inferred
Staffordshire Moorlands,2020-10-05, 74,inferred
Staffordshire Moorlands,2020-10-06, 74,inferred
Staffordshire Moorlands,2020-10-07,110,inferred
Staffordshire Moorlands,2020-10-08,110,inferred
Staffordshire Moorlands,2020-10-09,110,inferred
Staffordshire Moorlands,2020-10-10,110,inferred
Staffordshire Moorlands,2020-10-11,110,inferred
Staffordshire Moorlands,2020-10-12,110,inferred
Staffordshire Moorlands,2020-10-13,110,inferred
Staffordshire Moorlands,2020-10-14,194,inferred
Staffordshire Moorlands,2020-10-15,194,inferred
Staffordshire Moorlands,2020-10-16,194,inferred
Staffordshire Moorlands,2020-10-17,194,inferred
Staffordshire Moorlands,2020-10-18,194,inferred
Staffordshire Moorlands,2020-10-19,194,inferred
Staffordshire Moorlands,2020-10-20,194,inferred
Staffordshire Moorlands,2020-10-21,267,inferred
Staffordshire Moorlands,2020-10-22,267,inferred
Staffordshire Moorlands,2020-10-23,267,inferred
Staffordshire Moorlands,2020-10-24,267,inferred
Staffordshire Moorlands,2020-10-25,267,inferred
Staffordshire Moorlands,2020-10-26,267,inferred
Staffordshire Moorlands,2020-10-27,267,inferred
Staffordshire Moorlands,2020-10-28,373,inferred
Staffordshire Moorlands,2020-10-29,373,inferred
Staffordshire Moorlands,2020-10-30,373,inferred
Staffordshire Moorlands,2020-10-31,373,inferred
Staffordshire Moorlands,2020-11-01,373,inferred
Staffordshire Moorlands,2020-11-02,373,inferred
Staffordshire Moorlands,2020-11-03,373,inferred
Staffordshire Moorlands,2020-11-04,379,inferred
Staffordshire Moorlands,2020-11-05,379,inferred
Staffordshire Moorlands,2020-11-06,379,inferred
Staffordshire Moorlands,2020-11-07,379,inferred
Staffordshire Moorlands,2020-11-08,379,inferred
Staffordshire Moorlands,2020-11-09,379,inferred
Staffordshire Moorlands,2020-11-10,379,inferred
Staffordshire Moorlands,2020-11-11,375,inferred
Staffordshire Moorlands,2020-11-12,375,inferred
Staffordshire Moorlands,2020-11-13,375,inferred
Staffordshire Moorlands,2020-11-14,375,inferred
Staffordshire Moorlands,2020-11-15,375,inferred
Staffordshire Moorlands,2020-11-16,375,inferred
Staffordshire Moorlands,2020-11-17,375,inferred
Staffordshire Moorlands,2020-11-18,205,inferred
Staffordshire Moorlands,2020-11-19,205,inferred
Staffordshire Moorlands,2020-11-20,205,inferred
Staffordshire Moorlands,2020-11-21,205,inferred
Staffordshire Moorlands,2020-11-22,205,inferred
Staffordshire Moorlands,2020-11-23,205,inferred
Staffordshire Moorlands,2020-11-24,205,inferred
Staffordshire Moorlands,2020-11-25,224,inferred
Staffordshire Moorlands,2020-11-26,224,inferred
Staffordshire Moorlands,2020-11-27,224,inferred
Staffordshire Moorlands,2020-11-28,224,inferred
Staffordshire Moorlands,2020-11-29,224,inferred
Staffordshire Moorlands,2020-11-30,224,inferred
Staffordshire Moorlands,2020-12-01,224,inferred
Staffordshire Moorlands,2020-12-02,186,inferred
Staffordshire Moorlands,2020-12-03,186,inferred
Staffordshire Moorlands,2020-12-04,186,inferred
Staffordshire Moorlands,2020-12-05,186,inferred
Staffordshire Moorlands,2020-12-06,186,inferred
Staffordshire Moorlands,2020-12-07,186,inferred
Staffordshire Moorlands,2020-12-08,186,inferred
Staffordshire Moorlands,2020-12-09,238,inferred
Staffordshire Moorlands,2020-12-10,238,inferred
Staffordshire Moorlands,2020-12-11,238,inferred
Staffordshire Moorlands,2020-12-12,238,inferred
Staffordshire Moorlands,2020-12-13,238,inferred
Staffordshire Moorlands,2020-12-14,238,inferred
Staffordshire Moorlands,2020-12-15,238,inferred
Staffordshire Moorlands,2020-12-16,282,inferred
Staffordshire Moorlands,2020-12-17,282,inferred
Staffordshire Moorlands,2020-12-18,282,inferred
Staffordshire Moorlands,2020-12-19,282,inferred
Staffordshire Moorlands,2020-12-20,282,inferred
Staffordshire Moorlands,2020-12-21,282,inferred
Staffordshire Moorlands,2020-12-22,282,inferred
Staffordshire Moorlands,2020-12-23,203,inferred
Staffordshire Moorlands,2020-12-24,203,inferred
Staffordshire Moorlands,2020-12-25,203,inferred
Staffordshire Moorlands,2020-12-26,203,inferred
Staffordshire Moorlands,2020-12-27,203,inferred
Staffordshire Moorlands,2020-12-28,203,inferred
Staffordshire Moorlands,2020-12-29,203,inferred
Staffordshire Moorlands,2020-12-30,293,inferred
Staffordshire Moorlands,2020-12-31,293,inferred
Staffordshire Moorlands,2021-01-01,293,inferred
Staffordshire Moorlands,2021-01-02,293,inferred
Staffordshire Moorlands,2021-01-03,293,inferred
Staffordshire Moorlands,2021-01-04,293,inferred
Staffordshire Moorlands,2021-01-05,293,inferred
Staffordshire Moorlands,2021-01-06,268,projected
Staffordshire Moorlands,2021-01-07,268,projected
Staffordshire Moorlands,2021-01-08,268,projected
Staffordshire Moorlands,2021-01-09,268,projected
Staffordshire Moorlands,2021-01-10,268,projected
Staffordshire Moorlands,2021-01-11,268,projected
Staffordshire Moorlands,2021-01-12,268,projected
Staffordshire Moorlands,2021-01-13,259,projected
Staffordshire Moorlands,2021-01-14,259,projected
Staffordshire Moorlands,2021-01-15,259,projected
Staffordshire Moorlands,2021-01-16,259,projected
Staffordshire Moorlands,2021-01-17,259,projected
Staffordshire Moorlands,2021-01-18,259,projected
Staffordshire Moorlands,2021-01-19,259,projected
Staffordshire Moorlands,2021-01-20,273,projected
Staffordshire Moorlands,2021-01-21,273,projected
Staffordshire Moorlands,2021-01-22,273,projected
Staffordshire Moorlands,2021-01-23,273,projected
Staffordshire Moorlands,2021-01-24,273,projected
Staffordshire Moorlands,2021-01-25,273,projected
Staffordshire Moorlands,2021-01-26,273,projected
Stevenage,2020-09-23,  8,inferred
Stevenage,2020-09-24,  8,inferred
Stevenage,2020-09-25,  8,inferred
Stevenage,2020-09-26,  8,inferred
Stevenage,2020-09-27,  8,inferred
Stevenage,2020-09-28,  8,inferred
Stevenage,2020-09-29,  8,inferred
Stevenage,2020-09-30, 20,inferred
Stevenage,2020-10-01, 20,inferred
Stevenage,2020-10-02, 20,inferred
Stevenage,2020-10-03, 20,inferred
Stevenage,2020-10-04, 20,inferred
Stevenage,2020-10-05, 20,inferred
Stevenage,2020-10-06, 20,inferred
Stevenage,2020-10-07, 34,inferred
Stevenage,2020-10-08, 34,inferred
Stevenage,2020-10-09, 34,inferred
Stevenage,2020-10-10, 34,inferred
Stevenage,2020-10-11, 34,inferred
Stevenage,2020-10-12, 34,inferred
Stevenage,2020-10-13, 34,inferred
Stevenage,2020-10-14, 59,inferred
Stevenage,2020-10-15, 59,inferred
Stevenage,2020-10-16, 59,inferred
Stevenage,2020-10-17, 59,inferred
Stevenage,2020-10-18, 59,inferred
Stevenage,2020-10-19, 59,inferred
Stevenage,2020-10-20, 59,inferred
Stevenage,2020-10-21,108,inferred
Stevenage,2020-10-22,108,inferred
Stevenage,2020-10-23,108,inferred
Stevenage,2020-10-24,108,inferred
Stevenage,2020-10-25,108,inferred
Stevenage,2020-10-26,108,inferred
Stevenage,2020-10-27,108,inferred
Stevenage,2020-10-28,107,inferred
Stevenage,2020-10-29,107,inferred
Stevenage,2020-10-30,107,inferred
Stevenage,2020-10-31,107,inferred
Stevenage,2020-11-01,107,inferred
Stevenage,2020-11-02,107,inferred
Stevenage,2020-11-03,107,inferred
Stevenage,2020-11-04,120,inferred
Stevenage,2020-11-05,120,inferred
Stevenage,2020-11-06,120,inferred
Stevenage,2020-11-07,120,inferred
Stevenage,2020-11-08,120,inferred
Stevenage,2020-11-09,120,inferred
Stevenage,2020-11-10,120,inferred
Stevenage,2020-11-11,145,inferred
Stevenage,2020-11-12,145,inferred
Stevenage,2020-11-13,145,inferred
Stevenage,2020-11-14,145,inferred
Stevenage,2020-11-15,145,inferred
Stevenage,2020-11-16,145,inferred
Stevenage,2020-11-17,145,inferred
Stevenage,2020-11-18, 87,inferred
Stevenage,2020-11-19, 87,inferred
Stevenage,2020-11-20, 87,inferred
Stevenage,2020-11-21, 87,inferred
Stevenage,2020-11-22, 87,inferred
Stevenage,2020-11-23, 87,inferred
Stevenage,2020-11-24, 87,inferred
Stevenage,2020-11-25,107,inferred
Stevenage,2020-11-26,107,inferred
Stevenage,2020-11-27,107,inferred
Stevenage,2020-11-28,107,inferred
Stevenage,2020-11-29,107,inferred
Stevenage,2020-11-30,107,inferred
Stevenage,2020-12-01,107,inferred
Stevenage,2020-12-02, 95,inferred
Stevenage,2020-12-03, 95,inferred
Stevenage,2020-12-04, 95,inferred
Stevenage,2020-12-05, 95,inferred
Stevenage,2020-12-06, 95,inferred
Stevenage,2020-12-07, 95,inferred
Stevenage,2020-12-08, 95,inferred
Stevenage,2020-12-09,198,inferred
Stevenage,2020-12-10,198,inferred
Stevenage,2020-12-11,198,inferred
Stevenage,2020-12-12,198,inferred
Stevenage,2020-12-13,198,inferred
Stevenage,2020-12-14,198,inferred
Stevenage,2020-12-15,198,inferred
Stevenage,2020-12-16,450,inferred
Stevenage,2020-12-17,450,inferred
Stevenage,2020-12-18,450,inferred
Stevenage,2020-12-19,450,inferred
Stevenage,2020-12-20,450,inferred
Stevenage,2020-12-21,450,inferred
Stevenage,2020-12-22,450,inferred
Stevenage,2020-12-23,610,inferred
Stevenage,2020-12-24,610,inferred
Stevenage,2020-12-25,610,inferred
Stevenage,2020-12-26,610,inferred
Stevenage,2020-12-27,610,inferred
Stevenage,2020-12-28,610,inferred
Stevenage,2020-12-29,610,inferred
Stevenage,2020-12-30,763,inferred
Stevenage,2020-12-31,763,inferred
Stevenage,2021-01-01,763,inferred
Stevenage,2021-01-02,763,inferred
Stevenage,2021-01-03,763,inferred
Stevenage,2021-01-04,763,inferred
Stevenage,2021-01-05,763,inferred
Stevenage,2021-01-06,712,projected
Stevenage,2021-01-07,712,projected
Stevenage,2021-01-08,712,projected
Stevenage,2021-01-09,712,projected
Stevenage,2021-01-10,712,projected
Stevenage,2021-01-11,712,projected
Stevenage,2021-01-12,712,projected
Stevenage,2021-01-13,648,projected
Stevenage,2021-01-14,648,projected
Stevenage,2021-01-15,648,projected
Stevenage,2021-01-16,648,projected
Stevenage,2021-01-17,648,projected
Stevenage,2021-01-18,648,projected
Stevenage,2021-01-19,648,projected
Stevenage,2021-01-20,619,projected
Stevenage,2021-01-21,619,projected
Stevenage,2021-01-22,619,projected
Stevenage,2021-01-23,619,projected
Stevenage,2021-01-24,619,projected
Stevenage,2021-01-25,619,projected
Stevenage,2021-01-26,619,projected
Stirling,2020-09-23, 96,inferred
Stirling,2020-09-24, 96,inferred
Stirling,2020-09-25, 96,inferred
Stirling,2020-09-26, 96,inferred
Stirling,2020-09-27, 96,inferred
Stirling,2020-09-28, 96,inferred
Stirling,2020-09-29, 96,inferred
Stirling,2020-09-30,211,inferred
Stirling,2020-10-01,211,inferred
Stirling,2020-10-02,211,inferred
Stirling,2020-10-03,211,inferred
Stirling,2020-10-04,211,inferred
Stirling,2020-10-05,211,inferred
Stirling,2020-10-06,211,inferred
Stirling,2020-10-07,287,inferred
Stirling,2020-10-08,287,inferred
Stirling,2020-10-09,287,inferred
Stirling,2020-10-10,287,inferred
Stirling,2020-10-11,287,inferred
Stirling,2020-10-12,287,inferred
Stirling,2020-10-13,287,inferred
Stirling,2020-10-14,259,inferred
Stirling,2020-10-15,259,inferred
Stirling,2020-10-16,259,inferred
Stirling,2020-10-17,259,inferred
Stirling,2020-10-18,259,inferred
Stirling,2020-10-19,259,inferred
Stirling,2020-10-20,259,inferred
Stirling,2020-10-21,388,inferred
Stirling,2020-10-22,388,inferred
Stirling,2020-10-23,388,inferred
Stirling,2020-10-24,388,inferred
Stirling,2020-10-25,388,inferred
Stirling,2020-10-26,388,inferred
Stirling,2020-10-27,388,inferred
Stirling,2020-10-28,276,inferred
Stirling,2020-10-29,276,inferred
Stirling,2020-10-30,276,inferred
Stirling,2020-10-31,276,inferred
Stirling,2020-11-01,276,inferred
Stirling,2020-11-02,276,inferred
Stirling,2020-11-03,276,inferred
Stirling,2020-11-04,306,inferred
Stirling,2020-11-05,306,inferred
Stirling,2020-11-06,306,inferred
Stirling,2020-11-07,306,inferred
Stirling,2020-11-08,306,inferred
Stirling,2020-11-09,306,inferred
Stirling,2020-11-10,306,inferred
Stirling,2020-11-11,439,inferred
Stirling,2020-11-12,439,inferred
Stirling,2020-11-13,439,inferred
Stirling,2020-11-14,439,inferred
Stirling,2020-11-15,439,inferred
Stirling,2020-11-16,439,inferred
Stirling,2020-11-17,439,inferred
Stirling,2020-11-18,307,inferred
Stirling,2020-11-19,307,inferred
Stirling,2020-11-20,307,inferred
Stirling,2020-11-21,307,inferred
Stirling,2020-11-22,307,inferred
Stirling,2020-11-23,307,inferred
Stirling,2020-11-24,307,inferred
Stirling,2020-11-25,285,inferred
Stirling,2020-11-26,285,inferred
Stirling,2020-11-27,285,inferred
Stirling,2020-11-28,285,inferred
Stirling,2020-11-29,285,inferred
Stirling,2020-11-30,285,inferred
Stirling,2020-12-01,285,inferred
Stirling,2020-12-02,310,inferred
Stirling,2020-12-03,310,inferred
Stirling,2020-12-04,310,inferred
Stirling,2020-12-05,310,inferred
Stirling,2020-12-06,310,inferred
Stirling,2020-12-07,310,inferred
Stirling,2020-12-08,310,inferred
Stirling,2020-12-09,317,inferred
Stirling,2020-12-10,317,inferred
Stirling,2020-12-11,317,inferred
Stirling,2020-12-12,317,inferred
Stirling,2020-12-13,317,inferred
Stirling,2020-12-14,317,inferred
Stirling,2020-12-15,317,inferred
Stirling,2020-12-16,295,inferred
Stirling,2020-12-17,295,inferred
Stirling,2020-12-18,295,inferred
Stirling,2020-12-19,295,inferred
Stirling,2020-12-20,295,inferred
Stirling,2020-12-21,295,inferred
Stirling,2020-12-22,295,inferred
Stirling,2020-12-23,350,inferred
Stirling,2020-12-24,350,inferred
Stirling,2020-12-25,350,inferred
Stirling,2020-12-26,350,inferred
Stirling,2020-12-27,350,inferred
Stirling,2020-12-28,350,inferred
Stirling,2020-12-29,350,inferred
Stirling,2020-12-30,723,inferred
Stirling,2020-12-31,723,inferred
Stirling,2021-01-01,723,inferred
Stirling,2021-01-02,723,inferred
Stirling,2021-01-03,723,inferred
Stirling,2021-01-04,723,inferred
Stirling,2021-01-05,723,inferred
Stirling,2021-01-06,1332,projected
Stirling,2021-01-07,1332,projected
Stirling,2021-01-08,1332,projected
Stirling,2021-01-09,1332,projected
Stirling,2021-01-10,1332,projected
Stirling,2021-01-11,1332,projected
Stirling,2021-01-12,1332,projected
Stirling,2021-01-13,2350,projected
Stirling,2021-01-14,2350,projected
Stirling,2021-01-15,2350,projected
Stirling,2021-01-16,2350,projected
Stirling,2021-01-17,2350,projected
Stirling,2021-01-18,2350,projected
Stirling,2021-01-19,2350,projected
Stirling,2021-01-20,3911,projected
Stirling,2021-01-21,3911,projected
Stirling,2021-01-22,3911,projected
Stirling,2021-01-23,3911,projected
Stirling,2021-01-24,3911,projected
Stirling,2021-01-25,3911,projected
Stirling,2021-01-26,3911,projected
Stockport,2020-09-23,391,inferred
Stockport,2020-09-24,391,inferred
Stockport,2020-09-25,391,inferred
Stockport,2020-09-26,391,inferred
Stockport,2020-09-27,391,inferred
Stockport,2020-09-28,391,inferred
Stockport,2020-09-29,391,inferred
Stockport,2020-09-30,743,inferred
Stockport,2020-10-01,743,inferred
Stockport,2020-10-02,743,inferred
Stockport,2020-10-03,743,inferred
Stockport,2020-10-04,743,inferred
Stockport,2020-10-05,743,inferred
Stockport,2020-10-06,743,inferred
Stockport,2020-10-07,793,inferred
Stockport,2020-10-08,793,inferred
Stockport,2020-10-09,793,inferred
Stockport,2020-10-10,793,inferred
Stockport,2020-10-11,793,inferred
Stockport,2020-10-12,793,inferred
Stockport,2020-10-13,793,inferred
Stockport,2020-10-14,989,inferred
Stockport,2020-10-15,989,inferred
Stockport,2020-10-16,989,inferred
Stockport,2020-10-17,989,inferred
Stockport,2020-10-18,989,inferred
Stockport,2020-10-19,989,inferred
Stockport,2020-10-20,989,inferred
Stockport,2020-10-21,1292,inferred
Stockport,2020-10-22,1292,inferred
Stockport,2020-10-23,1292,inferred
Stockport,2020-10-24,1292,inferred
Stockport,2020-10-25,1292,inferred
Stockport,2020-10-26,1292,inferred
Stockport,2020-10-27,1292,inferred
Stockport,2020-10-28,1246,inferred
Stockport,2020-10-29,1246,inferred
Stockport,2020-10-30,1246,inferred
Stockport,2020-10-31,1246,inferred
Stockport,2020-11-01,1246,inferred
Stockport,2020-11-02,1246,inferred
Stockport,2020-11-03,1246,inferred
Stockport,2020-11-04,980,inferred
Stockport,2020-11-05,980,inferred
Stockport,2020-11-06,980,inferred
Stockport,2020-11-07,980,inferred
Stockport,2020-11-08,980,inferred
Stockport,2020-11-09,980,inferred
Stockport,2020-11-10,980,inferred
Stockport,2020-11-11,829,inferred
Stockport,2020-11-12,829,inferred
Stockport,2020-11-13,829,inferred
Stockport,2020-11-14,829,inferred
Stockport,2020-11-15,829,inferred
Stockport,2020-11-16,829,inferred
Stockport,2020-11-17,829,inferred
Stockport,2020-11-18,520,inferred
Stockport,2020-11-19,520,inferred
Stockport,2020-11-20,520,inferred
Stockport,2020-11-21,520,inferred
Stockport,2020-11-22,520,inferred
Stockport,2020-11-23,520,inferred
Stockport,2020-11-24,520,inferred
Stockport,2020-11-25,367,inferred
Stockport,2020-11-26,367,inferred
Stockport,2020-11-27,367,inferred
Stockport,2020-11-28,367,inferred
Stockport,2020-11-29,367,inferred
Stockport,2020-11-30,367,inferred
Stockport,2020-12-01,367,inferred
Stockport,2020-12-02,332,inferred
Stockport,2020-12-03,332,inferred
Stockport,2020-12-04,332,inferred
Stockport,2020-12-05,332,inferred
Stockport,2020-12-06,332,inferred
Stockport,2020-12-07,332,inferred
Stockport,2020-12-08,332,inferred
Stockport,2020-12-09,330,inferred
Stockport,2020-12-10,330,inferred
Stockport,2020-12-11,330,inferred
Stockport,2020-12-12,330,inferred
Stockport,2020-12-13,330,inferred
Stockport,2020-12-14,330,inferred
Stockport,2020-12-15,330,inferred
Stockport,2020-12-16,553,inferred
Stockport,2020-12-17,553,inferred
Stockport,2020-12-18,553,inferred
Stockport,2020-12-19,553,inferred
Stockport,2020-12-20,553,inferred
Stockport,2020-12-21,553,inferred
Stockport,2020-12-22,553,inferred
Stockport,2020-12-23,798,inferred
Stockport,2020-12-24,798,inferred
Stockport,2020-12-25,798,inferred
Stockport,2020-12-26,798,inferred
Stockport,2020-12-27,798,inferred
Stockport,2020-12-28,798,inferred
Stockport,2020-12-29,798,inferred
Stockport,2020-12-30,1261,inferred
Stockport,2020-12-31,1261,inferred
Stockport,2021-01-01,1261,inferred
Stockport,2021-01-02,1261,inferred
Stockport,2021-01-03,1261,inferred
Stockport,2021-01-04,1261,inferred
Stockport,2021-01-05,1261,inferred
Stockport,2021-01-06,1361,projected
Stockport,2021-01-07,1361,projected
Stockport,2021-01-08,1361,projected
Stockport,2021-01-09,1361,projected
Stockport,2021-01-10,1361,projected
Stockport,2021-01-11,1361,projected
Stockport,2021-01-12,1361,projected
Stockport,2021-01-13,1516,projected
Stockport,2021-01-14,1516,projected
Stockport,2021-01-15,1516,projected
Stockport,2021-01-16,1516,projected
Stockport,2021-01-17,1516,projected
Stockport,2021-01-18,1516,projected
Stockport,2021-01-19,1516,projected
Stockport,2021-01-20,1711,projected
Stockport,2021-01-21,1711,projected
Stockport,2021-01-22,1711,projected
Stockport,2021-01-23,1711,projected
Stockport,2021-01-24,1711,projected
Stockport,2021-01-25,1711,projected
Stockport,2021-01-26,1711,projected
Stockton-on-Tees,2020-09-23,235,inferred
Stockton-on-Tees,2020-09-24,235,inferred
Stockton-on-Tees,2020-09-25,235,inferred
Stockton-on-Tees,2020-09-26,235,inferred
Stockton-on-Tees,2020-09-27,235,inferred
Stockton-on-Tees,2020-09-28,235,inferred
Stockton-on-Tees,2020-09-29,235,inferred
Stockton-on-Tees,2020-09-30,475,inferred
Stockton-on-Tees,2020-10-01,475,inferred
Stockton-on-Tees,2020-10-02,475,inferred
Stockton-on-Tees,2020-10-03,475,inferred
Stockton-on-Tees,2020-10-04,475,inferred
Stockton-on-Tees,2020-10-05,475,inferred
Stockton-on-Tees,2020-10-06,475,inferred
Stockton-on-Tees,2020-10-07,650,inferred
Stockton-on-Tees,2020-10-08,650,inferred
Stockton-on-Tees,2020-10-09,650,inferred
Stockton-on-Tees,2020-10-10,650,inferred
Stockton-on-Tees,2020-10-11,650,inferred
Stockton-on-Tees,2020-10-12,650,inferred
Stockton-on-Tees,2020-10-13,650,inferred
Stockton-on-Tees,2020-10-14,832,inferred
Stockton-on-Tees,2020-10-15,832,inferred
Stockton-on-Tees,2020-10-16,832,inferred
Stockton-on-Tees,2020-10-17,832,inferred
Stockton-on-Tees,2020-10-18,832,inferred
Stockton-on-Tees,2020-10-19,832,inferred
Stockton-on-Tees,2020-10-20,832,inferred
Stockton-on-Tees,2020-10-21,890,inferred
Stockton-on-Tees,2020-10-22,890,inferred
Stockton-on-Tees,2020-10-23,890,inferred
Stockton-on-Tees,2020-10-24,890,inferred
Stockton-on-Tees,2020-10-25,890,inferred
Stockton-on-Tees,2020-10-26,890,inferred
Stockton-on-Tees,2020-10-27,890,inferred
Stockton-on-Tees,2020-10-28,772,inferred
Stockton-on-Tees,2020-10-29,772,inferred
Stockton-on-Tees,2020-10-30,772,inferred
Stockton-on-Tees,2020-10-31,772,inferred
Stockton-on-Tees,2020-11-01,772,inferred
Stockton-on-Tees,2020-11-02,772,inferred
Stockton-on-Tees,2020-11-03,772,inferred
Stockton-on-Tees,2020-11-04,832,inferred
Stockton-on-Tees,2020-11-05,832,inferred
Stockton-on-Tees,2020-11-06,832,inferred
Stockton-on-Tees,2020-11-07,832,inferred
Stockton-on-Tees,2020-11-08,832,inferred
Stockton-on-Tees,2020-11-09,832,inferred
Stockton-on-Tees,2020-11-10,832,inferred
Stockton-on-Tees,2020-11-11,860,inferred
Stockton-on-Tees,2020-11-12,860,inferred
Stockton-on-Tees,2020-11-13,860,inferred
Stockton-on-Tees,2020-11-14,860,inferred
Stockton-on-Tees,2020-11-15,860,inferred
Stockton-on-Tees,2020-11-16,860,inferred
Stockton-on-Tees,2020-11-17,860,inferred
Stockton-on-Tees,2020-11-18,544,inferred
Stockton-on-Tees,2020-11-19,544,inferred
Stockton-on-Tees,2020-11-20,544,inferred
Stockton-on-Tees,2020-11-21,544,inferred
Stockton-on-Tees,2020-11-22,544,inferred
Stockton-on-Tees,2020-11-23,544,inferred
Stockton-on-Tees,2020-11-24,544,inferred
Stockton-on-Tees,2020-11-25,368,inferred
Stockton-on-Tees,2020-11-26,368,inferred
Stockton-on-Tees,2020-11-27,368,inferred
Stockton-on-Tees,2020-11-28,368,inferred
Stockton-on-Tees,2020-11-29,368,inferred
Stockton-on-Tees,2020-11-30,368,inferred
Stockton-on-Tees,2020-12-01,368,inferred
Stockton-on-Tees,2020-12-02,309,inferred
Stockton-on-Tees,2020-12-03,309,inferred
Stockton-on-Tees,2020-12-04,309,inferred
Stockton-on-Tees,2020-12-05,309,inferred
Stockton-on-Tees,2020-12-06,309,inferred
Stockton-on-Tees,2020-12-07,309,inferred
Stockton-on-Tees,2020-12-08,309,inferred
Stockton-on-Tees,2020-12-09,439,inferred
Stockton-on-Tees,2020-12-10,439,inferred
Stockton-on-Tees,2020-12-11,439,inferred
Stockton-on-Tees,2020-12-12,439,inferred
Stockton-on-Tees,2020-12-13,439,inferred
Stockton-on-Tees,2020-12-14,439,inferred
Stockton-on-Tees,2020-12-15,439,inferred
Stockton-on-Tees,2020-12-16,510,inferred
Stockton-on-Tees,2020-12-17,510,inferred
Stockton-on-Tees,2020-12-18,510,inferred
Stockton-on-Tees,2020-12-19,510,inferred
Stockton-on-Tees,2020-12-20,510,inferred
Stockton-on-Tees,2020-12-21,510,inferred
Stockton-on-Tees,2020-12-22,510,inferred
Stockton-on-Tees,2020-12-23,616,inferred
Stockton-on-Tees,2020-12-24,616,inferred
Stockton-on-Tees,2020-12-25,616,inferred
Stockton-on-Tees,2020-12-26,616,inferred
Stockton-on-Tees,2020-12-27,616,inferred
Stockton-on-Tees,2020-12-28,616,inferred
Stockton-on-Tees,2020-12-29,616,inferred
Stockton-on-Tees,2020-12-30,925,inferred
Stockton-on-Tees,2020-12-31,925,inferred
Stockton-on-Tees,2021-01-01,925,inferred
Stockton-on-Tees,2021-01-02,925,inferred
Stockton-on-Tees,2021-01-03,925,inferred
Stockton-on-Tees,2021-01-04,925,inferred
Stockton-on-Tees,2021-01-05,925,inferred
Stockton-on-Tees,2021-01-06,867,projected
Stockton-on-Tees,2021-01-07,867,projected
Stockton-on-Tees,2021-01-08,867,projected
Stockton-on-Tees,2021-01-09,867,projected
Stockton-on-Tees,2021-01-10,867,projected
Stockton-on-Tees,2021-01-11,867,projected
Stockton-on-Tees,2021-01-12,867,projected
Stockton-on-Tees,2021-01-13,786,projected
Stockton-on-Tees,2021-01-14,786,projected
Stockton-on-Tees,2021-01-15,786,projected
Stockton-on-Tees,2021-01-16,786,projected
Stockton-on-Tees,2021-01-17,786,projected
Stockton-on-Tees,2021-01-18,786,projected
Stockton-on-Tees,2021-01-19,786,projected
Stockton-on-Tees,2021-01-20,821,projected
Stockton-on-Tees,2021-01-21,821,projected
Stockton-on-Tees,2021-01-22,821,projected
Stockton-on-Tees,2021-01-23,821,projected
Stockton-on-Tees,2021-01-24,821,projected
Stockton-on-Tees,2021-01-25,821,projected
Stockton-on-Tees,2021-01-26,821,projected
Stoke-on-Trent,2020-09-23,122,inferred
Stoke-on-Trent,2020-09-24,122,inferred
Stoke-on-Trent,2020-09-25,122,inferred
Stoke-on-Trent,2020-09-26,122,inferred
Stoke-on-Trent,2020-09-27,122,inferred
Stoke-on-Trent,2020-09-28,122,inferred
Stoke-on-Trent,2020-09-29,122,inferred
Stoke-on-Trent,2020-09-30,189,inferred
Stoke-on-Trent,2020-10-01,189,inferred
Stoke-on-Trent,2020-10-02,189,inferred
Stoke-on-Trent,2020-10-03,189,inferred
Stoke-on-Trent,2020-10-04,189,inferred
Stoke-on-Trent,2020-10-05,189,inferred
Stoke-on-Trent,2020-10-06,189,inferred
Stoke-on-Trent,2020-10-07,342,inferred
Stoke-on-Trent,2020-10-08,342,inferred
Stoke-on-Trent,2020-10-09,342,inferred
Stoke-on-Trent,2020-10-10,342,inferred
Stoke-on-Trent,2020-10-11,342,inferred
Stoke-on-Trent,2020-10-12,342,inferred
Stoke-on-Trent,2020-10-13,342,inferred
Stoke-on-Trent,2020-10-14,624,inferred
Stoke-on-Trent,2020-10-15,624,inferred
Stoke-on-Trent,2020-10-16,624,inferred
Stoke-on-Trent,2020-10-17,624,inferred
Stoke-on-Trent,2020-10-18,624,inferred
Stoke-on-Trent,2020-10-19,624,inferred
Stoke-on-Trent,2020-10-20,624,inferred
Stoke-on-Trent,2020-10-21,828,inferred
Stoke-on-Trent,2020-10-22,828,inferred
Stoke-on-Trent,2020-10-23,828,inferred
Stoke-on-Trent,2020-10-24,828,inferred
Stoke-on-Trent,2020-10-25,828,inferred
Stoke-on-Trent,2020-10-26,828,inferred
Stoke-on-Trent,2020-10-27,828,inferred
Stoke-on-Trent,2020-10-28,1107,inferred
Stoke-on-Trent,2020-10-29,1107,inferred
Stoke-on-Trent,2020-10-30,1107,inferred
Stoke-on-Trent,2020-10-31,1107,inferred
Stoke-on-Trent,2020-11-01,1107,inferred
Stoke-on-Trent,2020-11-02,1107,inferred
Stoke-on-Trent,2020-11-03,1107,inferred
Stoke-on-Trent,2020-11-04,1337,inferred
Stoke-on-Trent,2020-11-05,1337,inferred
Stoke-on-Trent,2020-11-06,1337,inferred
Stoke-on-Trent,2020-11-07,1337,inferred
Stoke-on-Trent,2020-11-08,1337,inferred
Stoke-on-Trent,2020-11-09,1337,inferred
Stoke-on-Trent,2020-11-10,1337,inferred
Stoke-on-Trent,2020-11-11,1315,inferred
Stoke-on-Trent,2020-11-12,1315,inferred
Stoke-on-Trent,2020-11-13,1315,inferred
Stoke-on-Trent,2020-11-14,1315,inferred
Stoke-on-Trent,2020-11-15,1315,inferred
Stoke-on-Trent,2020-11-16,1315,inferred
Stoke-on-Trent,2020-11-17,1315,inferred
Stoke-on-Trent,2020-11-18,956,inferred
Stoke-on-Trent,2020-11-19,956,inferred
Stoke-on-Trent,2020-11-20,956,inferred
Stoke-on-Trent,2020-11-21,956,inferred
Stoke-on-Trent,2020-11-22,956,inferred
Stoke-on-Trent,2020-11-23,956,inferred
Stoke-on-Trent,2020-11-24,956,inferred
Stoke-on-Trent,2020-11-25,954,inferred
Stoke-on-Trent,2020-11-26,954,inferred
Stoke-on-Trent,2020-11-27,954,inferred
Stoke-on-Trent,2020-11-28,954,inferred
Stoke-on-Trent,2020-11-29,954,inferred
Stoke-on-Trent,2020-11-30,954,inferred
Stoke-on-Trent,2020-12-01,954,inferred
Stoke-on-Trent,2020-12-02,741,inferred
Stoke-on-Trent,2020-12-03,741,inferred
Stoke-on-Trent,2020-12-04,741,inferred
Stoke-on-Trent,2020-12-05,741,inferred
Stoke-on-Trent,2020-12-06,741,inferred
Stoke-on-Trent,2020-12-07,741,inferred
Stoke-on-Trent,2020-12-08,741,inferred
Stoke-on-Trent,2020-12-09,906,inferred
Stoke-on-Trent,2020-12-10,906,inferred
Stoke-on-Trent,2020-12-11,906,inferred
Stoke-on-Trent,2020-12-12,906,inferred
Stoke-on-Trent,2020-12-13,906,inferred
Stoke-on-Trent,2020-12-14,906,inferred
Stoke-on-Trent,2020-12-15,906,inferred
Stoke-on-Trent,2020-12-16,785,inferred
Stoke-on-Trent,2020-12-17,785,inferred
Stoke-on-Trent,2020-12-18,785,inferred
Stoke-on-Trent,2020-12-19,785,inferred
Stoke-on-Trent,2020-12-20,785,inferred
Stoke-on-Trent,2020-12-21,785,inferred
Stoke-on-Trent,2020-12-22,785,inferred
Stoke-on-Trent,2020-12-23,635,inferred
Stoke-on-Trent,2020-12-24,635,inferred
Stoke-on-Trent,2020-12-25,635,inferred
Stoke-on-Trent,2020-12-26,635,inferred
Stoke-on-Trent,2020-12-27,635,inferred
Stoke-on-Trent,2020-12-28,635,inferred
Stoke-on-Trent,2020-12-29,635,inferred
Stoke-on-Trent,2020-12-30,1180,inferred
Stoke-on-Trent,2020-12-31,1180,inferred
Stoke-on-Trent,2021-01-01,1180,inferred
Stoke-on-Trent,2021-01-02,1180,inferred
Stoke-on-Trent,2021-01-03,1180,inferred
Stoke-on-Trent,2021-01-04,1180,inferred
Stoke-on-Trent,2021-01-05,1180,inferred
Stoke-on-Trent,2021-01-06,1249,projected
Stoke-on-Trent,2021-01-07,1249,projected
Stoke-on-Trent,2021-01-08,1249,projected
Stoke-on-Trent,2021-01-09,1249,projected
Stoke-on-Trent,2021-01-10,1249,projected
Stoke-on-Trent,2021-01-11,1249,projected
Stoke-on-Trent,2021-01-12,1249,projected
Stoke-on-Trent,2021-01-13,1377,projected
Stoke-on-Trent,2021-01-14,1377,projected
Stoke-on-Trent,2021-01-15,1377,projected
Stoke-on-Trent,2021-01-16,1377,projected
Stoke-on-Trent,2021-01-17,1377,projected
Stoke-on-Trent,2021-01-18,1377,projected
Stoke-on-Trent,2021-01-19,1377,projected
Stoke-on-Trent,2021-01-20,1528,projected
Stoke-on-Trent,2021-01-21,1528,projected
Stoke-on-Trent,2021-01-22,1528,projected
Stoke-on-Trent,2021-01-23,1528,projected
Stoke-on-Trent,2021-01-24,1528,projected
Stoke-on-Trent,2021-01-25,1528,projected
Stoke-on-Trent,2021-01-26,1528,projected
Stratford-on-Avon,2020-09-23, 34,inferred
Stratford-on-Avon,2020-09-24, 34,inferred
Stratford-on-Avon,2020-09-25, 34,inferred
Stratford-on-Avon,2020-09-26, 34,inferred
Stratford-on-Avon,2020-09-27, 34,inferred
Stratford-on-Avon,2020-09-28, 34,inferred
Stratford-on-Avon,2020-09-29, 34,inferred
Stratford-on-Avon,2020-09-30, 89,inferred
Stratford-on-Avon,2020-10-01, 89,inferred
Stratford-on-Avon,2020-10-02, 89,inferred
Stratford-on-Avon,2020-10-03, 89,inferred
Stratford-on-Avon,2020-10-04, 89,inferred
Stratford-on-Avon,2020-10-05, 89,inferred
Stratford-on-Avon,2020-10-06, 89,inferred
Stratford-on-Avon,2020-10-07,104,inferred
Stratford-on-Avon,2020-10-08,104,inferred
Stratford-on-Avon,2020-10-09,104,inferred
Stratford-on-Avon,2020-10-10,104,inferred
Stratford-on-Avon,2020-10-11,104,inferred
Stratford-on-Avon,2020-10-12,104,inferred
Stratford-on-Avon,2020-10-13,104,inferred
Stratford-on-Avon,2020-10-14,168,inferred
Stratford-on-Avon,2020-10-15,168,inferred
Stratford-on-Avon,2020-10-16,168,inferred
Stratford-on-Avon,2020-10-17,168,inferred
Stratford-on-Avon,2020-10-18,168,inferred
Stratford-on-Avon,2020-10-19,168,inferred
Stratford-on-Avon,2020-10-20,168,inferred
Stratford-on-Avon,2020-10-21,177,inferred
Stratford-on-Avon,2020-10-22,177,inferred
Stratford-on-Avon,2020-10-23,177,inferred
Stratford-on-Avon,2020-10-24,177,inferred
Stratford-on-Avon,2020-10-25,177,inferred
Stratford-on-Avon,2020-10-26,177,inferred
Stratford-on-Avon,2020-10-27,177,inferred
Stratford-on-Avon,2020-10-28,230,inferred
Stratford-on-Avon,2020-10-29,230,inferred
Stratford-on-Avon,2020-10-30,230,inferred
Stratford-on-Avon,2020-10-31,230,inferred
Stratford-on-Avon,2020-11-01,230,inferred
Stratford-on-Avon,2020-11-02,230,inferred
Stratford-on-Avon,2020-11-03,230,inferred
Stratford-on-Avon,2020-11-04,208,inferred
Stratford-on-Avon,2020-11-05,208,inferred
Stratford-on-Avon,2020-11-06,208,inferred
Stratford-on-Avon,2020-11-07,208,inferred
Stratford-on-Avon,2020-11-08,208,inferred
Stratford-on-Avon,2020-11-09,208,inferred
Stratford-on-Avon,2020-11-10,208,inferred
Stratford-on-Avon,2020-11-11,181,inferred
Stratford-on-Avon,2020-11-12,181,inferred
Stratford-on-Avon,2020-11-13,181,inferred
Stratford-on-Avon,2020-11-14,181,inferred
Stratford-on-Avon,2020-11-15,181,inferred
Stratford-on-Avon,2020-11-16,181,inferred
Stratford-on-Avon,2020-11-17,181,inferred
Stratford-on-Avon,2020-11-18,123,inferred
Stratford-on-Avon,2020-11-19,123,inferred
Stratford-on-Avon,2020-11-20,123,inferred
Stratford-on-Avon,2020-11-21,123,inferred
Stratford-on-Avon,2020-11-22,123,inferred
Stratford-on-Avon,2020-11-23,123,inferred
Stratford-on-Avon,2020-11-24,123,inferred
Stratford-on-Avon,2020-11-25, 70,inferred
Stratford-on-Avon,2020-11-26, 70,inferred
Stratford-on-Avon,2020-11-27, 70,inferred
Stratford-on-Avon,2020-11-28, 70,inferred
Stratford-on-Avon,2020-11-29, 70,inferred
Stratford-on-Avon,2020-11-30, 70,inferred
Stratford-on-Avon,2020-12-01, 70,inferred
Stratford-on-Avon,2020-12-02, 85,inferred
Stratford-on-Avon,2020-12-03, 85,inferred
Stratford-on-Avon,2020-12-04, 85,inferred
Stratford-on-Avon,2020-12-05, 85,inferred
Stratford-on-Avon,2020-12-06, 85,inferred
Stratford-on-Avon,2020-12-07, 85,inferred
Stratford-on-Avon,2020-12-08, 85,inferred
Stratford-on-Avon,2020-12-09,162,inferred
Stratford-on-Avon,2020-12-10,162,inferred
Stratford-on-Avon,2020-12-11,162,inferred
Stratford-on-Avon,2020-12-12,162,inferred
Stratford-on-Avon,2020-12-13,162,inferred
Stratford-on-Avon,2020-12-14,162,inferred
Stratford-on-Avon,2020-12-15,162,inferred
Stratford-on-Avon,2020-12-16,241,inferred
Stratford-on-Avon,2020-12-17,241,inferred
Stratford-on-Avon,2020-12-18,241,inferred
Stratford-on-Avon,2020-12-19,241,inferred
Stratford-on-Avon,2020-12-20,241,inferred
Stratford-on-Avon,2020-12-21,241,inferred
Stratford-on-Avon,2020-12-22,241,inferred
Stratford-on-Avon,2020-12-23,318,inferred
Stratford-on-Avon,2020-12-24,318,inferred
Stratford-on-Avon,2020-12-25,318,inferred
Stratford-on-Avon,2020-12-26,318,inferred
Stratford-on-Avon,2020-12-27,318,inferred
Stratford-on-Avon,2020-12-28,318,inferred
Stratford-on-Avon,2020-12-29,318,inferred
Stratford-on-Avon,2020-12-30,454,inferred
Stratford-on-Avon,2020-12-31,454,inferred
Stratford-on-Avon,2021-01-01,454,inferred
Stratford-on-Avon,2021-01-02,454,inferred
Stratford-on-Avon,2021-01-03,454,inferred
Stratford-on-Avon,2021-01-04,454,inferred
Stratford-on-Avon,2021-01-05,454,inferred
Stratford-on-Avon,2021-01-06,485,projected
Stratford-on-Avon,2021-01-07,485,projected
Stratford-on-Avon,2021-01-08,485,projected
Stratford-on-Avon,2021-01-09,485,projected
Stratford-on-Avon,2021-01-10,485,projected
Stratford-on-Avon,2021-01-11,485,projected
Stratford-on-Avon,2021-01-12,485,projected
Stratford-on-Avon,2021-01-13,496,projected
Stratford-on-Avon,2021-01-14,496,projected
Stratford-on-Avon,2021-01-15,496,projected
Stratford-on-Avon,2021-01-16,496,projected
Stratford-on-Avon,2021-01-17,496,projected
Stratford-on-Avon,2021-01-18,496,projected
Stratford-on-Avon,2021-01-19,496,projected
Stratford-on-Avon,2021-01-20,526,projected
Stratford-on-Avon,2021-01-21,526,projected
Stratford-on-Avon,2021-01-22,526,projected
Stratford-on-Avon,2021-01-23,526,projected
Stratford-on-Avon,2021-01-24,526,projected
Stratford-on-Avon,2021-01-25,526,projected
Stratford-on-Avon,2021-01-26,526,projected
Stroud,2020-09-23, 22,inferred
Stroud,2020-09-24, 22,inferred
Stroud,2020-09-25, 22,inferred
Stroud,2020-09-26, 22,inferred
Stroud,2020-09-27, 22,inferred
Stroud,2020-09-28, 22,inferred
Stroud,2020-09-29, 22,inferred
Stroud,2020-09-30, 33,inferred
Stroud,2020-10-01, 33,inferred
Stroud,2020-10-02, 33,inferred
Stroud,2020-10-03, 33,inferred
Stroud,2020-10-04, 33,inferred
Stroud,2020-10-05, 33,inferred
Stroud,2020-10-06, 33,inferred
Stroud,2020-10-07, 51,inferred
Stroud,2020-10-08, 51,inferred
Stroud,2020-10-09, 51,inferred
Stroud,2020-10-10, 51,inferred
Stroud,2020-10-11, 51,inferred
Stroud,2020-10-12, 51,inferred
Stroud,2020-10-13, 51,inferred
Stroud,2020-10-14, 52,inferred
Stroud,2020-10-15, 52,inferred
Stroud,2020-10-16, 52,inferred
Stroud,2020-10-17, 52,inferred
Stroud,2020-10-18, 52,inferred
Stroud,2020-10-19, 52,inferred
Stroud,2020-10-20, 52,inferred
Stroud,2020-10-21, 99,inferred
Stroud,2020-10-22, 99,inferred
Stroud,2020-10-23, 99,inferred
Stroud,2020-10-24, 99,inferred
Stroud,2020-10-25, 99,inferred
Stroud,2020-10-26, 99,inferred
Stroud,2020-10-27, 99,inferred
Stroud,2020-10-28,177,inferred
Stroud,2020-10-29,177,inferred
Stroud,2020-10-30,177,inferred
Stroud,2020-10-31,177,inferred
Stroud,2020-11-01,177,inferred
Stroud,2020-11-02,177,inferred
Stroud,2020-11-03,177,inferred
Stroud,2020-11-04,239,inferred
Stroud,2020-11-05,239,inferred
Stroud,2020-11-06,239,inferred
Stroud,2020-11-07,239,inferred
Stroud,2020-11-08,239,inferred
Stroud,2020-11-09,239,inferred
Stroud,2020-11-10,239,inferred
Stroud,2020-11-11,211,inferred
Stroud,2020-11-12,211,inferred
Stroud,2020-11-13,211,inferred
Stroud,2020-11-14,211,inferred
Stroud,2020-11-15,211,inferred
Stroud,2020-11-16,211,inferred
Stroud,2020-11-17,211,inferred
Stroud,2020-11-18,119,inferred
Stroud,2020-11-19,119,inferred
Stroud,2020-11-20,119,inferred
Stroud,2020-11-21,119,inferred
Stroud,2020-11-22,119,inferred
Stroud,2020-11-23,119,inferred
Stroud,2020-11-24,119,inferred
Stroud,2020-11-25, 98,inferred
Stroud,2020-11-26, 98,inferred
Stroud,2020-11-27, 98,inferred
Stroud,2020-11-28, 98,inferred
Stroud,2020-11-29, 98,inferred
Stroud,2020-11-30, 98,inferred
Stroud,2020-12-01, 98,inferred
Stroud,2020-12-02,107,inferred
Stroud,2020-12-03,107,inferred
Stroud,2020-12-04,107,inferred
Stroud,2020-12-05,107,inferred
Stroud,2020-12-06,107,inferred
Stroud,2020-12-07,107,inferred
Stroud,2020-12-08,107,inferred
Stroud,2020-12-09,172,inferred
Stroud,2020-12-10,172,inferred
Stroud,2020-12-11,172,inferred
Stroud,2020-12-12,172,inferred
Stroud,2020-12-13,172,inferred
Stroud,2020-12-14,172,inferred
Stroud,2020-12-15,172,inferred
Stroud,2020-12-16,238,inferred
Stroud,2020-12-17,238,inferred
Stroud,2020-12-18,238,inferred
Stroud,2020-12-19,238,inferred
Stroud,2020-12-20,238,inferred
Stroud,2020-12-21,238,inferred
Stroud,2020-12-22,238,inferred
Stroud,2020-12-23,259,inferred
Stroud,2020-12-24,259,inferred
Stroud,2020-12-25,259,inferred
Stroud,2020-12-26,259,inferred
Stroud,2020-12-27,259,inferred
Stroud,2020-12-28,259,inferred
Stroud,2020-12-29,259,inferred
Stroud,2020-12-30,310,inferred
Stroud,2020-12-31,310,inferred
Stroud,2021-01-01,310,inferred
Stroud,2021-01-02,310,inferred
Stroud,2021-01-03,310,inferred
Stroud,2021-01-04,310,inferred
Stroud,2021-01-05,310,inferred
Stroud,2021-01-06,316,projected
Stroud,2021-01-07,316,projected
Stroud,2021-01-08,316,projected
Stroud,2021-01-09,316,projected
Stroud,2021-01-10,316,projected
Stroud,2021-01-11,316,projected
Stroud,2021-01-12,316,projected
Stroud,2021-01-13,311,projected
Stroud,2021-01-14,311,projected
Stroud,2021-01-15,311,projected
Stroud,2021-01-16,311,projected
Stroud,2021-01-17,311,projected
Stroud,2021-01-18,311,projected
Stroud,2021-01-19,311,projected
Stroud,2021-01-20,345,projected
Stroud,2021-01-21,345,projected
Stroud,2021-01-22,345,projected
Stroud,2021-01-23,345,projected
Stroud,2021-01-24,345,projected
Stroud,2021-01-25,345,projected
Stroud,2021-01-26,345,projected
Sunderland,2020-09-23,661,inferred
Sunderland,2020-09-24,661,inferred
Sunderland,2020-09-25,661,inferred
Sunderland,2020-09-26,661,inferred
Sunderland,2020-09-27,661,inferred
Sunderland,2020-09-28,661,inferred
Sunderland,2020-09-29,661,inferred
Sunderland,2020-09-30,846,inferred
Sunderland,2020-10-01,846,inferred
Sunderland,2020-10-02,846,inferred
Sunderland,2020-10-03,846,inferred
Sunderland,2020-10-04,846,inferred
Sunderland,2020-10-05,846,inferred
Sunderland,2020-10-06,846,inferred
Sunderland,2020-10-07,896,inferred
Sunderland,2020-10-08,896,inferred
Sunderland,2020-10-09,896,inferred
Sunderland,2020-10-10,896,inferred
Sunderland,2020-10-11,896,inferred
Sunderland,2020-10-12,896,inferred
Sunderland,2020-10-13,896,inferred
Sunderland,2020-10-14,845,inferred
Sunderland,2020-10-15,845,inferred
Sunderland,2020-10-16,845,inferred
Sunderland,2020-10-17,845,inferred
Sunderland,2020-10-18,845,inferred
Sunderland,2020-10-19,845,inferred
Sunderland,2020-10-20,845,inferred
Sunderland,2020-10-21,913,inferred
Sunderland,2020-10-22,913,inferred
Sunderland,2020-10-23,913,inferred
Sunderland,2020-10-24,913,inferred
Sunderland,2020-10-25,913,inferred
Sunderland,2020-10-26,913,inferred
Sunderland,2020-10-27,913,inferred
Sunderland,2020-10-28,949,inferred
Sunderland,2020-10-29,949,inferred
Sunderland,2020-10-30,949,inferred
Sunderland,2020-10-31,949,inferred
Sunderland,2020-11-01,949,inferred
Sunderland,2020-11-02,949,inferred
Sunderland,2020-11-03,949,inferred
Sunderland,2020-11-04,1186,inferred
Sunderland,2020-11-05,1186,inferred
Sunderland,2020-11-06,1186,inferred
Sunderland,2020-11-07,1186,inferred
Sunderland,2020-11-08,1186,inferred
Sunderland,2020-11-09,1186,inferred
Sunderland,2020-11-10,1186,inferred
Sunderland,2020-11-11,967,inferred
Sunderland,2020-11-12,967,inferred
Sunderland,2020-11-13,967,inferred
Sunderland,2020-11-14,967,inferred
Sunderland,2020-11-15,967,inferred
Sunderland,2020-11-16,967,inferred
Sunderland,2020-11-17,967,inferred
Sunderland,2020-11-18,641,inferred
Sunderland,2020-11-19,641,inferred
Sunderland,2020-11-20,641,inferred
Sunderland,2020-11-21,641,inferred
Sunderland,2020-11-22,641,inferred
Sunderland,2020-11-23,641,inferred
Sunderland,2020-11-24,641,inferred
Sunderland,2020-11-25,416,inferred
Sunderland,2020-11-26,416,inferred
Sunderland,2020-11-27,416,inferred
Sunderland,2020-11-28,416,inferred
Sunderland,2020-11-29,416,inferred
Sunderland,2020-11-30,416,inferred
Sunderland,2020-12-01,416,inferred
Sunderland,2020-12-02,469,inferred
Sunderland,2020-12-03,469,inferred
Sunderland,2020-12-04,469,inferred
Sunderland,2020-12-05,469,inferred
Sunderland,2020-12-06,469,inferred
Sunderland,2020-12-07,469,inferred
Sunderland,2020-12-08,469,inferred
Sunderland,2020-12-09,418,inferred
Sunderland,2020-12-10,418,inferred
Sunderland,2020-12-11,418,inferred
Sunderland,2020-12-12,418,inferred
Sunderland,2020-12-13,418,inferred
Sunderland,2020-12-14,418,inferred
Sunderland,2020-12-15,418,inferred
Sunderland,2020-12-16,552,inferred
Sunderland,2020-12-17,552,inferred
Sunderland,2020-12-18,552,inferred
Sunderland,2020-12-19,552,inferred
Sunderland,2020-12-20,552,inferred
Sunderland,2020-12-21,552,inferred
Sunderland,2020-12-22,552,inferred
Sunderland,2020-12-23,929,inferred
Sunderland,2020-12-24,929,inferred
Sunderland,2020-12-25,929,inferred
Sunderland,2020-12-26,929,inferred
Sunderland,2020-12-27,929,inferred
Sunderland,2020-12-28,929,inferred
Sunderland,2020-12-29,929,inferred
Sunderland,2020-12-30,1526,inferred
Sunderland,2020-12-31,1526,inferred
Sunderland,2021-01-01,1526,inferred
Sunderland,2021-01-02,1526,inferred
Sunderland,2021-01-03,1526,inferred
Sunderland,2021-01-04,1526,inferred
Sunderland,2021-01-05,1526,inferred
Sunderland,2021-01-06,1502,projected
Sunderland,2021-01-07,1502,projected
Sunderland,2021-01-08,1502,projected
Sunderland,2021-01-09,1502,projected
Sunderland,2021-01-10,1502,projected
Sunderland,2021-01-11,1502,projected
Sunderland,2021-01-12,1502,projected
Sunderland,2021-01-13,1474,projected
Sunderland,2021-01-14,1474,projected
Sunderland,2021-01-15,1474,projected
Sunderland,2021-01-16,1474,projected
Sunderland,2021-01-17,1474,projected
Sunderland,2021-01-18,1474,projected
Sunderland,2021-01-19,1474,projected
Sunderland,2021-01-20,1528,projected
Sunderland,2021-01-21,1528,projected
Sunderland,2021-01-22,1528,projected
Sunderland,2021-01-23,1528,projected
Sunderland,2021-01-24,1528,projected
Sunderland,2021-01-25,1528,projected
Sunderland,2021-01-26,1528,projected
Surrey Heath,2020-09-23, 24,inferred
Surrey Heath,2020-09-24, 24,inferred
Surrey Heath,2020-09-25, 24,inferred
Surrey Heath,2020-09-26, 24,inferred
Surrey Heath,2020-09-27, 24,inferred
Surrey Heath,2020-09-28, 24,inferred
Surrey Heath,2020-09-29, 24,inferred
Surrey Heath,2020-09-30, 55,inferred
Surrey Heath,2020-10-01, 55,inferred
Surrey Heath,2020-10-02, 55,inferred
Surrey Heath,2020-10-03, 55,inferred
Surrey Heath,2020-10-04, 55,inferred
Surrey Heath,2020-10-05, 55,inferred
Surrey Heath,2020-10-06, 55,inferred
Surrey Heath,2020-10-07, 59,inferred
Surrey Heath,2020-10-08, 59,inferred
Surrey Heath,2020-10-09, 59,inferred
Surrey Heath,2020-10-10, 59,inferred
Surrey Heath,2020-10-11, 59,inferred
Surrey Heath,2020-10-12, 59,inferred
Surrey Heath,2020-10-13, 59,inferred
Surrey Heath,2020-10-14, 71,inferred
Surrey Heath,2020-10-15, 71,inferred
Surrey Heath,2020-10-16, 71,inferred
Surrey Heath,2020-10-17, 71,inferred
Surrey Heath,2020-10-18, 71,inferred
Surrey Heath,2020-10-19, 71,inferred
Surrey Heath,2020-10-20, 71,inferred
Surrey Heath,2020-10-21, 68,inferred
Surrey Heath,2020-10-22, 68,inferred
Surrey Heath,2020-10-23, 68,inferred
Surrey Heath,2020-10-24, 68,inferred
Surrey Heath,2020-10-25, 68,inferred
Surrey Heath,2020-10-26, 68,inferred
Surrey Heath,2020-10-27, 68,inferred
Surrey Heath,2020-10-28, 92,inferred
Surrey Heath,2020-10-29, 92,inferred
Surrey Heath,2020-10-30, 92,inferred
Surrey Heath,2020-10-31, 92,inferred
Surrey Heath,2020-11-01, 92,inferred
Surrey Heath,2020-11-02, 92,inferred
Surrey Heath,2020-11-03, 92,inferred
Surrey Heath,2020-11-04,146,inferred
Surrey Heath,2020-11-05,146,inferred
Surrey Heath,2020-11-06,146,inferred
Surrey Heath,2020-11-07,146,inferred
Surrey Heath,2020-11-08,146,inferred
Surrey Heath,2020-11-09,146,inferred
Surrey Heath,2020-11-10,146,inferred
Surrey Heath,2020-11-11,123,inferred
Surrey Heath,2020-11-12,123,inferred
Surrey Heath,2020-11-13,123,inferred
Surrey Heath,2020-11-14,123,inferred
Surrey Heath,2020-11-15,123,inferred
Surrey Heath,2020-11-16,123,inferred
Surrey Heath,2020-11-17,123,inferred
Surrey Heath,2020-11-18,131,inferred
Surrey Heath,2020-11-19,131,inferred
Surrey Heath,2020-11-20,131,inferred
Surrey Heath,2020-11-21,131,inferred
Surrey Heath,2020-11-22,131,inferred
Surrey Heath,2020-11-23,131,inferred
Surrey Heath,2020-11-24,131,inferred
Surrey Heath,2020-11-25,124,inferred
Surrey Heath,2020-11-26,124,inferred
Surrey Heath,2020-11-27,124,inferred
Surrey Heath,2020-11-28,124,inferred
Surrey Heath,2020-11-29,124,inferred
Surrey Heath,2020-11-30,124,inferred
Surrey Heath,2020-12-01,124,inferred
Surrey Heath,2020-12-02,130,inferred
Surrey Heath,2020-12-03,130,inferred
Surrey Heath,2020-12-04,130,inferred
Surrey Heath,2020-12-05,130,inferred
Surrey Heath,2020-12-06,130,inferred
Surrey Heath,2020-12-07,130,inferred
Surrey Heath,2020-12-08,130,inferred
Surrey Heath,2020-12-09,315,inferred
Surrey Heath,2020-12-10,315,inferred
Surrey Heath,2020-12-11,315,inferred
Surrey Heath,2020-12-12,315,inferred
Surrey Heath,2020-12-13,315,inferred
Surrey Heath,2020-12-14,315,inferred
Surrey Heath,2020-12-15,315,inferred
Surrey Heath,2020-12-16,463,inferred
Surrey Heath,2020-12-17,463,inferred
Surrey Heath,2020-12-18,463,inferred
Surrey Heath,2020-12-19,463,inferred
Surrey Heath,2020-12-20,463,inferred
Surrey Heath,2020-12-21,463,inferred
Surrey Heath,2020-12-22,463,inferred
Surrey Heath,2020-12-23,572,inferred
Surrey Heath,2020-12-24,572,inferred
Surrey Heath,2020-12-25,572,inferred
Surrey Heath,2020-12-26,572,inferred
Surrey Heath,2020-12-27,572,inferred
Surrey Heath,2020-12-28,572,inferred
Surrey Heath,2020-12-29,572,inferred
Surrey Heath,2020-12-30,777,inferred
Surrey Heath,2020-12-31,777,inferred
Surrey Heath,2021-01-01,777,inferred
Surrey Heath,2021-01-02,777,inferred
Surrey Heath,2021-01-03,777,inferred
Surrey Heath,2021-01-04,777,inferred
Surrey Heath,2021-01-05,777,inferred
Surrey Heath,2021-01-06,585,projected
Surrey Heath,2021-01-07,585,projected
Surrey Heath,2021-01-08,585,projected
Surrey Heath,2021-01-09,585,projected
Surrey Heath,2021-01-10,585,projected
Surrey Heath,2021-01-11,585,projected
Surrey Heath,2021-01-12,585,projected
Surrey Heath,2021-01-13,435,projected
Surrey Heath,2021-01-14,435,projected
Surrey Heath,2021-01-15,435,projected
Surrey Heath,2021-01-16,435,projected
Surrey Heath,2021-01-17,435,projected
Surrey Heath,2021-01-18,435,projected
Surrey Heath,2021-01-19,435,projected
Surrey Heath,2021-01-20,350,projected
Surrey Heath,2021-01-21,350,projected
Surrey Heath,2021-01-22,350,projected
Surrey Heath,2021-01-23,350,projected
Surrey Heath,2021-01-24,350,projected
Surrey Heath,2021-01-25,350,projected
Surrey Heath,2021-01-26,350,projected
Sutton,2020-09-23, 43,inferred
Sutton,2020-09-24, 43,inferred
Sutton,2020-09-25, 43,inferred
Sutton,2020-09-26, 43,inferred
Sutton,2020-09-27, 43,inferred
Sutton,2020-09-28, 43,inferred
Sutton,2020-09-29, 43,inferred
Sutton,2020-09-30, 84,inferred
Sutton,2020-10-01, 84,inferred
Sutton,2020-10-02, 84,inferred
Sutton,2020-10-03, 84,inferred
Sutton,2020-10-04, 84,inferred
Sutton,2020-10-05, 84,inferred
Sutton,2020-10-06, 84,inferred
Sutton,2020-10-07,160,inferred
Sutton,2020-10-08,160,inferred
Sutton,2020-10-09,160,inferred
Sutton,2020-10-10,160,inferred
Sutton,2020-10-11,160,inferred
Sutton,2020-10-12,160,inferred
Sutton,2020-10-13,160,inferred
Sutton,2020-10-14,198,inferred
Sutton,2020-10-15,198,inferred
Sutton,2020-10-16,198,inferred
Sutton,2020-10-17,198,inferred
Sutton,2020-10-18,198,inferred
Sutton,2020-10-19,198,inferred
Sutton,2020-10-20,198,inferred
Sutton,2020-10-21,256,inferred
Sutton,2020-10-22,256,inferred
Sutton,2020-10-23,256,inferred
Sutton,2020-10-24,256,inferred
Sutton,2020-10-25,256,inferred
Sutton,2020-10-26,256,inferred
Sutton,2020-10-27,256,inferred
Sutton,2020-10-28,250,inferred
Sutton,2020-10-29,250,inferred
Sutton,2020-10-30,250,inferred
Sutton,2020-10-31,250,inferred
Sutton,2020-11-01,250,inferred
Sutton,2020-11-02,250,inferred
Sutton,2020-11-03,250,inferred
Sutton,2020-11-04,321,inferred
Sutton,2020-11-05,321,inferred
Sutton,2020-11-06,321,inferred
Sutton,2020-11-07,321,inferred
Sutton,2020-11-08,321,inferred
Sutton,2020-11-09,321,inferred
Sutton,2020-11-10,321,inferred
Sutton,2020-11-11,370,inferred
Sutton,2020-11-12,370,inferred
Sutton,2020-11-13,370,inferred
Sutton,2020-11-14,370,inferred
Sutton,2020-11-15,370,inferred
Sutton,2020-11-16,370,inferred
Sutton,2020-11-17,370,inferred
Sutton,2020-11-18,254,inferred
Sutton,2020-11-19,254,inferred
Sutton,2020-11-20,254,inferred
Sutton,2020-11-21,254,inferred
Sutton,2020-11-22,254,inferred
Sutton,2020-11-23,254,inferred
Sutton,2020-11-24,254,inferred
Sutton,2020-11-25,299,inferred
Sutton,2020-11-26,299,inferred
Sutton,2020-11-27,299,inferred
Sutton,2020-11-28,299,inferred
Sutton,2020-11-29,299,inferred
Sutton,2020-11-30,299,inferred
Sutton,2020-12-01,299,inferred
Sutton,2020-12-02,443,inferred
Sutton,2020-12-03,443,inferred
Sutton,2020-12-04,443,inferred
Sutton,2020-12-05,443,inferred
Sutton,2020-12-06,443,inferred
Sutton,2020-12-07,443,inferred
Sutton,2020-12-08,443,inferred
Sutton,2020-12-09,926,inferred
Sutton,2020-12-10,926,inferred
Sutton,2020-12-11,926,inferred
Sutton,2020-12-12,926,inferred
Sutton,2020-12-13,926,inferred
Sutton,2020-12-14,926,inferred
Sutton,2020-12-15,926,inferred
Sutton,2020-12-16,1543,inferred
Sutton,2020-12-17,1543,inferred
Sutton,2020-12-18,1543,inferred
Sutton,2020-12-19,1543,inferred
Sutton,2020-12-20,1543,inferred
Sutton,2020-12-21,1543,inferred
Sutton,2020-12-22,1543,inferred
Sutton,2020-12-23,1984,inferred
Sutton,2020-12-24,1984,inferred
Sutton,2020-12-25,1984,inferred
Sutton,2020-12-26,1984,inferred
Sutton,2020-12-27,1984,inferred
Sutton,2020-12-28,1984,inferred
Sutton,2020-12-29,1984,inferred
Sutton,2020-12-30,2194,inferred
Sutton,2020-12-31,2194,inferred
Sutton,2021-01-01,2194,inferred
Sutton,2021-01-02,2194,inferred
Sutton,2021-01-03,2194,inferred
Sutton,2021-01-04,2194,inferred
Sutton,2021-01-05,2194,inferred
Sutton,2021-01-06,1610,projected
Sutton,2021-01-07,1610,projected
Sutton,2021-01-08,1610,projected
Sutton,2021-01-09,1610,projected
Sutton,2021-01-10,1610,projected
Sutton,2021-01-11,1610,projected
Sutton,2021-01-12,1610,projected
Sutton,2021-01-13,1176,projected
Sutton,2021-01-14,1176,projected
Sutton,2021-01-15,1176,projected
Sutton,2021-01-16,1176,projected
Sutton,2021-01-17,1176,projected
Sutton,2021-01-18,1176,projected
Sutton,2021-01-19,1176,projected
Sutton,2021-01-20,936,projected
Sutton,2021-01-21,936,projected
Sutton,2021-01-22,936,projected
Sutton,2021-01-23,936,projected
Sutton,2021-01-24,936,projected
Sutton,2021-01-25,936,projected
Sutton,2021-01-26,936,projected
Swale,2020-09-23, 31,inferred
Swale,2020-09-24, 31,inferred
Swale,2020-09-25, 31,inferred
Swale,2020-09-26, 31,inferred
Swale,2020-09-27, 31,inferred
Swale,2020-09-28, 31,inferred
Swale,2020-09-29, 31,inferred
Swale,2020-09-30, 53,inferred
Swale,2020-10-01, 53,inferred
Swale,2020-10-02, 53,inferred
Swale,2020-10-03, 53,inferred
Swale,2020-10-04, 53,inferred
Swale,2020-10-05, 53,inferred
Swale,2020-10-06, 53,inferred
Swale,2020-10-07,118,inferred
Swale,2020-10-08,118,inferred
Swale,2020-10-09,118,inferred
Swale,2020-10-10,118,inferred
Swale,2020-10-11,118,inferred
Swale,2020-10-12,118,inferred
Swale,2020-10-13,118,inferred
Swale,2020-10-14,170,inferred
Swale,2020-10-15,170,inferred
Swale,2020-10-16,170,inferred
Swale,2020-10-17,170,inferred
Swale,2020-10-18,170,inferred
Swale,2020-10-19,170,inferred
Swale,2020-10-20,170,inferred
Swale,2020-10-21,248,inferred
Swale,2020-10-22,248,inferred
Swale,2020-10-23,248,inferred
Swale,2020-10-24,248,inferred
Swale,2020-10-25,248,inferred
Swale,2020-10-26,248,inferred
Swale,2020-10-27,248,inferred
Swale,2020-10-28,358,inferred
Swale,2020-10-29,358,inferred
Swale,2020-10-30,358,inferred
Swale,2020-10-31,358,inferred
Swale,2020-11-01,358,inferred
Swale,2020-11-02,358,inferred
Swale,2020-11-03,358,inferred
Swale,2020-11-04,539,inferred
Swale,2020-11-05,539,inferred
Swale,2020-11-06,539,inferred
Swale,2020-11-07,539,inferred
Swale,2020-11-08,539,inferred
Swale,2020-11-09,539,inferred
Swale,2020-11-10,539,inferred
Swale,2020-11-11,954,inferred
Swale,2020-11-12,954,inferred
Swale,2020-11-13,954,inferred
Swale,2020-11-14,954,inferred
Swale,2020-11-15,954,inferred
Swale,2020-11-16,954,inferred
Swale,2020-11-17,954,inferred
Swale,2020-11-18,862,inferred
Swale,2020-11-19,862,inferred
Swale,2020-11-20,862,inferred
Swale,2020-11-21,862,inferred
Swale,2020-11-22,862,inferred
Swale,2020-11-23,862,inferred
Swale,2020-11-24,862,inferred
Swale,2020-11-25,865,inferred
Swale,2020-11-26,865,inferred
Swale,2020-11-27,865,inferred
Swale,2020-11-28,865,inferred
Swale,2020-11-29,865,inferred
Swale,2020-11-30,865,inferred
Swale,2020-12-01,865,inferred
Swale,2020-12-02,983,inferred
Swale,2020-12-03,983,inferred
Swale,2020-12-04,983,inferred
Swale,2020-12-05,983,inferred
Swale,2020-12-06,983,inferred
Swale,2020-12-07,983,inferred
Swale,2020-12-08,983,inferred
Swale,2020-12-09,1326,inferred
Swale,2020-12-10,1326,inferred
Swale,2020-12-11,1326,inferred
Swale,2020-12-12,1326,inferred
Swale,2020-12-13,1326,inferred
Swale,2020-12-14,1326,inferred
Swale,2020-12-15,1326,inferred
Swale,2020-12-16,1252,inferred
Swale,2020-12-17,1252,inferred
Swale,2020-12-18,1252,inferred
Swale,2020-12-19,1252,inferred
Swale,2020-12-20,1252,inferred
Swale,2020-12-21,1252,inferred
Swale,2020-12-22,1252,inferred
Swale,2020-12-23,1018,inferred
Swale,2020-12-24,1018,inferred
Swale,2020-12-25,1018,inferred
Swale,2020-12-26,1018,inferred
Swale,2020-12-27,1018,inferred
Swale,2020-12-28,1018,inferred
Swale,2020-12-29,1018,inferred
Swale,2020-12-30,1273,inferred
Swale,2020-12-31,1273,inferred
Swale,2021-01-01,1273,inferred
Swale,2021-01-02,1273,inferred
Swale,2021-01-03,1273,inferred
Swale,2021-01-04,1273,inferred
Swale,2021-01-05,1273,inferred
Swale,2021-01-06,1127,projected
Swale,2021-01-07,1127,projected
Swale,2021-01-08,1127,projected
Swale,2021-01-09,1127,projected
Swale,2021-01-10,1127,projected
Swale,2021-01-11,1127,projected
Swale,2021-01-12,1127,projected
Swale,2021-01-13,1015,projected
Swale,2021-01-14,1015,projected
Swale,2021-01-15,1015,projected
Swale,2021-01-16,1015,projected
Swale,2021-01-17,1015,projected
Swale,2021-01-18,1015,projected
Swale,2021-01-19,1015,projected
Swale,2021-01-20,936,projected
Swale,2021-01-21,936,projected
Swale,2021-01-22,936,projected
Swale,2021-01-23,936,projected
Swale,2021-01-24,936,projected
Swale,2021-01-25,936,projected
Swale,2021-01-26,936,projected
Swansea,2020-09-23,258,inferred
Swansea,2020-09-24,258,inferred
Swansea,2020-09-25,258,inferred
Swansea,2020-09-26,258,inferred
Swansea,2020-09-27,258,inferred
Swansea,2020-09-28,258,inferred
Swansea,2020-09-29,258,inferred
Swansea,2020-09-30,384,inferred
Swansea,2020-10-01,384,inferred
Swansea,2020-10-02,384,inferred
Swansea,2020-10-03,384,inferred
Swansea,2020-10-04,384,inferred
Swansea,2020-10-05,384,inferred
Swansea,2020-10-06,384,inferred
Swansea,2020-10-07,413,inferred
Swansea,2020-10-08,413,inferred
Swansea,2020-10-09,413,inferred
Swansea,2020-10-10,413,inferred
Swansea,2020-10-11,413,inferred
Swansea,2020-10-12,413,inferred
Swansea,2020-10-13,413,inferred
Swansea,2020-10-14,587,inferred
Swansea,2020-10-15,587,inferred
Swansea,2020-10-16,587,inferred
Swansea,2020-10-17,587,inferred
Swansea,2020-10-18,587,inferred
Swansea,2020-10-19,587,inferred
Swansea,2020-10-20,587,inferred
Swansea,2020-10-21,924,inferred
Swansea,2020-10-22,924,inferred
Swansea,2020-10-23,924,inferred
Swansea,2020-10-24,924,inferred
Swansea,2020-10-25,924,inferred
Swansea,2020-10-26,924,inferred
Swansea,2020-10-27,924,inferred
Swansea,2020-10-28,975,inferred
Swansea,2020-10-29,975,inferred
Swansea,2020-10-30,975,inferred
Swansea,2020-10-31,975,inferred
Swansea,2020-11-01,975,inferred
Swansea,2020-11-02,975,inferred
Swansea,2020-11-03,975,inferred
Swansea,2020-11-04,592,inferred
Swansea,2020-11-05,592,inferred
Swansea,2020-11-06,592,inferred
Swansea,2020-11-07,592,inferred
Swansea,2020-11-08,592,inferred
Swansea,2020-11-09,592,inferred
Swansea,2020-11-10,592,inferred
Swansea,2020-11-11,585,inferred
Swansea,2020-11-12,585,inferred
Swansea,2020-11-13,585,inferred
Swansea,2020-11-14,585,inferred
Swansea,2020-11-15,585,inferred
Swansea,2020-11-16,585,inferred
Swansea,2020-11-17,585,inferred
Swansea,2020-11-18,636,inferred
Swansea,2020-11-19,636,inferred
Swansea,2020-11-20,636,inferred
Swansea,2020-11-21,636,inferred
Swansea,2020-11-22,636,inferred
Swansea,2020-11-23,636,inferred
Swansea,2020-11-24,636,inferred
Swansea,2020-11-25,965,inferred
Swansea,2020-11-26,965,inferred
Swansea,2020-11-27,965,inferred
Swansea,2020-11-28,965,inferred
Swansea,2020-11-29,965,inferred
Swansea,2020-11-30,965,inferred
Swansea,2020-12-01,965,inferred
Swansea,2020-12-02,1545,inferred
Swansea,2020-12-03,1545,inferred
Swansea,2020-12-04,1545,inferred
Swansea,2020-12-05,1545,inferred
Swansea,2020-12-06,1545,inferred
Swansea,2020-12-07,1545,inferred
Swansea,2020-12-08,1545,inferred
Swansea,2020-12-09,1951,inferred
Swansea,2020-12-10,1951,inferred
Swansea,2020-12-11,1951,inferred
Swansea,2020-12-12,1951,inferred
Swansea,2020-12-13,1951,inferred
Swansea,2020-12-14,1951,inferred
Swansea,2020-12-15,1951,inferred
Swansea,2020-12-16,1533,inferred
Swansea,2020-12-17,1533,inferred
Swansea,2020-12-18,1533,inferred
Swansea,2020-12-19,1533,inferred
Swansea,2020-12-20,1533,inferred
Swansea,2020-12-21,1533,inferred
Swansea,2020-12-22,1533,inferred
Swansea,2020-12-23,1005,inferred
Swansea,2020-12-24,1005,inferred
Swansea,2020-12-25,1005,inferred
Swansea,2020-12-26,1005,inferred
Swansea,2020-12-27,1005,inferred
Swansea,2020-12-28,1005,inferred
Swansea,2020-12-29,1005,inferred
Swansea,2020-12-30,896,inferred
Swansea,2020-12-31,896,inferred
Swansea,2021-01-01,896,inferred
Swansea,2021-01-02,896,inferred
Swansea,2021-01-03,896,inferred
Swansea,2021-01-04,896,inferred
Swansea,2021-01-05,896,inferred
Swansea,2021-01-06,838,projected
Swansea,2021-01-07,838,projected
Swansea,2021-01-08,838,projected
Swansea,2021-01-09,838,projected
Swansea,2021-01-10,838,projected
Swansea,2021-01-11,838,projected
Swansea,2021-01-12,838,projected
Swansea,2021-01-13,761,projected
Swansea,2021-01-14,761,projected
Swansea,2021-01-15,761,projected
Swansea,2021-01-16,761,projected
Swansea,2021-01-17,761,projected
Swansea,2021-01-18,761,projected
Swansea,2021-01-19,761,projected
Swansea,2021-01-20,722,projected
Swansea,2021-01-21,722,projected
Swansea,2021-01-22,722,projected
Swansea,2021-01-23,722,projected
Swansea,2021-01-24,722,projected
Swansea,2021-01-25,722,projected
Swansea,2021-01-26,722,projected
Swindon,2020-09-23, 41,inferred
Swindon,2020-09-24, 41,inferred
Swindon,2020-09-25, 41,inferred
Swindon,2020-09-26, 41,inferred
Swindon,2020-09-27, 41,inferred
Swindon,2020-09-28, 41,inferred
Swindon,2020-09-29, 41,inferred
Swindon,2020-09-30, 86,inferred
Swindon,2020-10-01, 86,inferred
Swindon,2020-10-02, 86,inferred
Swindon,2020-10-03, 86,inferred
Swindon,2020-10-04, 86,inferred
Swindon,2020-10-05, 86,inferred
Swindon,2020-10-06, 86,inferred
Swindon,2020-10-07,116,inferred
Swindon,2020-10-08,116,inferred
Swindon,2020-10-09,116,inferred
Swindon,2020-10-10,116,inferred
Swindon,2020-10-11,116,inferred
Swindon,2020-10-12,116,inferred
Swindon,2020-10-13,116,inferred
Swindon,2020-10-14,235,inferred
Swindon,2020-10-15,235,inferred
Swindon,2020-10-16,235,inferred
Swindon,2020-10-17,235,inferred
Swindon,2020-10-18,235,inferred
Swindon,2020-10-19,235,inferred
Swindon,2020-10-20,235,inferred
Swindon,2020-10-21,314,inferred
Swindon,2020-10-22,314,inferred
Swindon,2020-10-23,314,inferred
Swindon,2020-10-24,314,inferred
Swindon,2020-10-25,314,inferred
Swindon,2020-10-26,314,inferred
Swindon,2020-10-27,314,inferred
Swindon,2020-10-28,414,inferred
Swindon,2020-10-29,414,inferred
Swindon,2020-10-30,414,inferred
Swindon,2020-10-31,414,inferred
Swindon,2020-11-01,414,inferred
Swindon,2020-11-02,414,inferred
Swindon,2020-11-03,414,inferred
Swindon,2020-11-04,470,inferred
Swindon,2020-11-05,470,inferred
Swindon,2020-11-06,470,inferred
Swindon,2020-11-07,470,inferred
Swindon,2020-11-08,470,inferred
Swindon,2020-11-09,470,inferred
Swindon,2020-11-10,470,inferred
Swindon,2020-11-11,395,inferred
Swindon,2020-11-12,395,inferred
Swindon,2020-11-13,395,inferred
Swindon,2020-11-14,395,inferred
Swindon,2020-11-15,395,inferred
Swindon,2020-11-16,395,inferred
Swindon,2020-11-17,395,inferred
Swindon,2020-11-18,305,inferred
Swindon,2020-11-19,305,inferred
Swindon,2020-11-20,305,inferred
Swindon,2020-11-21,305,inferred
Swindon,2020-11-22,305,inferred
Swindon,2020-11-23,305,inferred
Swindon,2020-11-24,305,inferred
Swindon,2020-11-25,297,inferred
Swindon,2020-11-26,297,inferred
Swindon,2020-11-27,297,inferred
Swindon,2020-11-28,297,inferred
Swindon,2020-11-29,297,inferred
Swindon,2020-11-30,297,inferred
Swindon,2020-12-01,297,inferred
Swindon,2020-12-02,239,inferred
Swindon,2020-12-03,239,inferred
Swindon,2020-12-04,239,inferred
Swindon,2020-12-05,239,inferred
Swindon,2020-12-06,239,inferred
Swindon,2020-12-07,239,inferred
Swindon,2020-12-08,239,inferred
Swindon,2020-12-09,350,inferred
Swindon,2020-12-10,350,inferred
Swindon,2020-12-11,350,inferred
Swindon,2020-12-12,350,inferred
Swindon,2020-12-13,350,inferred
Swindon,2020-12-14,350,inferred
Swindon,2020-12-15,350,inferred
Swindon,2020-12-16,515,inferred
Swindon,2020-12-17,515,inferred
Swindon,2020-12-18,515,inferred
Swindon,2020-12-19,515,inferred
Swindon,2020-12-20,515,inferred
Swindon,2020-12-21,515,inferred
Swindon,2020-12-22,515,inferred
Swindon,2020-12-23,902,inferred
Swindon,2020-12-24,902,inferred
Swindon,2020-12-25,902,inferred
Swindon,2020-12-26,902,inferred
Swindon,2020-12-27,902,inferred
Swindon,2020-12-28,902,inferred
Swindon,2020-12-29,902,inferred
Swindon,2020-12-30,1331,inferred
Swindon,2020-12-31,1331,inferred
Swindon,2021-01-01,1331,inferred
Swindon,2021-01-02,1331,inferred
Swindon,2021-01-03,1331,inferred
Swindon,2021-01-04,1331,inferred
Swindon,2021-01-05,1331,inferred
Swindon,2021-01-06,1312,projected
Swindon,2021-01-07,1312,projected
Swindon,2021-01-08,1312,projected
Swindon,2021-01-09,1312,projected
Swindon,2021-01-10,1312,projected
Swindon,2021-01-11,1312,projected
Swindon,2021-01-12,1312,projected
Swindon,2021-01-13,1257,projected
Swindon,2021-01-14,1257,projected
Swindon,2021-01-15,1257,projected
Swindon,2021-01-16,1257,projected
Swindon,2021-01-17,1257,projected
Swindon,2021-01-18,1257,projected
Swindon,2021-01-19,1257,projected
Swindon,2021-01-20,1281,projected
Swindon,2021-01-21,1281,projected
Swindon,2021-01-22,1281,projected
Swindon,2021-01-23,1281,projected
Swindon,2021-01-24,1281,projected
Swindon,2021-01-25,1281,projected
Swindon,2021-01-26,1281,projected
Tameside,2020-09-23,479,inferred
Tameside,2020-09-24,479,inferred
Tameside,2020-09-25,479,inferred
Tameside,2020-09-26,479,inferred
Tameside,2020-09-27,479,inferred
Tameside,2020-09-28,479,inferred
Tameside,2020-09-29,479,inferred
Tameside,2020-09-30,592,inferred
Tameside,2020-10-01,592,inferred
Tameside,2020-10-02,592,inferred
Tameside,2020-10-03,592,inferred
Tameside,2020-10-04,592,inferred
Tameside,2020-10-05,592,inferred
Tameside,2020-10-06,592,inferred
Tameside,2020-10-07,763,inferred
Tameside,2020-10-08,763,inferred
Tameside,2020-10-09,763,inferred
Tameside,2020-10-10,763,inferred
Tameside,2020-10-11,763,inferred
Tameside,2020-10-12,763,inferred
Tameside,2020-10-13,763,inferred
Tameside,2020-10-14,967,inferred
Tameside,2020-10-15,967,inferred
Tameside,2020-10-16,967,inferred
Tameside,2020-10-17,967,inferred
Tameside,2020-10-18,967,inferred
Tameside,2020-10-19,967,inferred
Tameside,2020-10-20,967,inferred
Tameside,2020-10-21,1263,inferred
Tameside,2020-10-22,1263,inferred
Tameside,2020-10-23,1263,inferred
Tameside,2020-10-24,1263,inferred
Tameside,2020-10-25,1263,inferred
Tameside,2020-10-26,1263,inferred
Tameside,2020-10-27,1263,inferred
Tameside,2020-10-28,1212,inferred
Tameside,2020-10-29,1212,inferred
Tameside,2020-10-30,1212,inferred
Tameside,2020-10-31,1212,inferred
Tameside,2020-11-01,1212,inferred
Tameside,2020-11-02,1212,inferred
Tameside,2020-11-03,1212,inferred
Tameside,2020-11-04,934,inferred
Tameside,2020-11-05,934,inferred
Tameside,2020-11-06,934,inferred
Tameside,2020-11-07,934,inferred
Tameside,2020-11-08,934,inferred
Tameside,2020-11-09,934,inferred
Tameside,2020-11-10,934,inferred
Tameside,2020-11-11,797,inferred
Tameside,2020-11-12,797,inferred
Tameside,2020-11-13,797,inferred
Tameside,2020-11-14,797,inferred
Tameside,2020-11-15,797,inferred
Tameside,2020-11-16,797,inferred
Tameside,2020-11-17,797,inferred
Tameside,2020-11-18,435,inferred
Tameside,2020-11-19,435,inferred
Tameside,2020-11-20,435,inferred
Tameside,2020-11-21,435,inferred
Tameside,2020-11-22,435,inferred
Tameside,2020-11-23,435,inferred
Tameside,2020-11-24,435,inferred
Tameside,2020-11-25,326,inferred
Tameside,2020-11-26,326,inferred
Tameside,2020-11-27,326,inferred
Tameside,2020-11-28,326,inferred
Tameside,2020-11-29,326,inferred
Tameside,2020-11-30,326,inferred
Tameside,2020-12-01,326,inferred
Tameside,2020-12-02,205,inferred
Tameside,2020-12-03,205,inferred
Tameside,2020-12-04,205,inferred
Tameside,2020-12-05,205,inferred
Tameside,2020-12-06,205,inferred
Tameside,2020-12-07,205,inferred
Tameside,2020-12-08,205,inferred
Tameside,2020-12-09,240,inferred
Tameside,2020-12-10,240,inferred
Tameside,2020-12-11,240,inferred
Tameside,2020-12-12,240,inferred
Tameside,2020-12-13,240,inferred
Tameside,2020-12-14,240,inferred
Tameside,2020-12-15,240,inferred
Tameside,2020-12-16,362,inferred
Tameside,2020-12-17,362,inferred
Tameside,2020-12-18,362,inferred
Tameside,2020-12-19,362,inferred
Tameside,2020-12-20,362,inferred
Tameside,2020-12-21,362,inferred
Tameside,2020-12-22,362,inferred
Tameside,2020-12-23,501,inferred
Tameside,2020-12-24,501,inferred
Tameside,2020-12-25,501,inferred
Tameside,2020-12-26,501,inferred
Tameside,2020-12-27,501,inferred
Tameside,2020-12-28,501,inferred
Tameside,2020-12-29,501,inferred
Tameside,2020-12-30,831,inferred
Tameside,2020-12-31,831,inferred
Tameside,2021-01-01,831,inferred
Tameside,2021-01-02,831,inferred
Tameside,2021-01-03,831,inferred
Tameside,2021-01-04,831,inferred
Tameside,2021-01-05,831,inferred
Tameside,2021-01-06,981,projected
Tameside,2021-01-07,981,projected
Tameside,2021-01-08,981,projected
Tameside,2021-01-09,981,projected
Tameside,2021-01-10,981,projected
Tameside,2021-01-11,981,projected
Tameside,2021-01-12,981,projected
Tameside,2021-01-13,1175,projected
Tameside,2021-01-14,1175,projected
Tameside,2021-01-15,1175,projected
Tameside,2021-01-16,1175,projected
Tameside,2021-01-17,1175,projected
Tameside,2021-01-18,1175,projected
Tameside,2021-01-19,1175,projected
Tameside,2021-01-20,1413,projected
Tameside,2021-01-21,1413,projected
Tameside,2021-01-22,1413,projected
Tameside,2021-01-23,1413,projected
Tameside,2021-01-24,1413,projected
Tameside,2021-01-25,1413,projected
Tameside,2021-01-26,1413,projected
Tamworth,2020-09-23, 16,inferred
Tamworth,2020-09-24, 16,inferred
Tamworth,2020-09-25, 16,inferred
Tamworth,2020-09-26, 16,inferred
Tamworth,2020-09-27, 16,inferred
Tamworth,2020-09-28, 16,inferred
Tamworth,2020-09-29, 16,inferred
Tamworth,2020-09-30, 67,inferred
Tamworth,2020-10-01, 67,inferred
Tamworth,2020-10-02, 67,inferred
Tamworth,2020-10-03, 67,inferred
Tamworth,2020-10-04, 67,inferred
Tamworth,2020-10-05, 67,inferred
Tamworth,2020-10-06, 67,inferred
Tamworth,2020-10-07, 87,inferred
Tamworth,2020-10-08, 87,inferred
Tamworth,2020-10-09, 87,inferred
Tamworth,2020-10-10, 87,inferred
Tamworth,2020-10-11, 87,inferred
Tamworth,2020-10-12, 87,inferred
Tamworth,2020-10-13, 87,inferred
Tamworth,2020-10-14,123,inferred
Tamworth,2020-10-15,123,inferred
Tamworth,2020-10-16,123,inferred
Tamworth,2020-10-17,123,inferred
Tamworth,2020-10-18,123,inferred
Tamworth,2020-10-19,123,inferred
Tamworth,2020-10-20,123,inferred
Tamworth,2020-10-21,245,inferred
Tamworth,2020-10-22,245,inferred
Tamworth,2020-10-23,245,inferred
Tamworth,2020-10-24,245,inferred
Tamworth,2020-10-25,245,inferred
Tamworth,2020-10-26,245,inferred
Tamworth,2020-10-27,245,inferred
Tamworth,2020-10-28,295,inferred
Tamworth,2020-10-29,295,inferred
Tamworth,2020-10-30,295,inferred
Tamworth,2020-10-31,295,inferred
Tamworth,2020-11-01,295,inferred
Tamworth,2020-11-02,295,inferred
Tamworth,2020-11-03,295,inferred
Tamworth,2020-11-04,303,inferred
Tamworth,2020-11-05,303,inferred
Tamworth,2020-11-06,303,inferred
Tamworth,2020-11-07,303,inferred
Tamworth,2020-11-08,303,inferred
Tamworth,2020-11-09,303,inferred
Tamworth,2020-11-10,303,inferred
Tamworth,2020-11-11,322,inferred
Tamworth,2020-11-12,322,inferred
Tamworth,2020-11-13,322,inferred
Tamworth,2020-11-14,322,inferred
Tamworth,2020-11-15,322,inferred
Tamworth,2020-11-16,322,inferred
Tamworth,2020-11-17,322,inferred
Tamworth,2020-11-18,211,inferred
Tamworth,2020-11-19,211,inferred
Tamworth,2020-11-20,211,inferred
Tamworth,2020-11-21,211,inferred
Tamworth,2020-11-22,211,inferred
Tamworth,2020-11-23,211,inferred
Tamworth,2020-11-24,211,inferred
Tamworth,2020-11-25,133,inferred
Tamworth,2020-11-26,133,inferred
Tamworth,2020-11-27,133,inferred
Tamworth,2020-11-28,133,inferred
Tamworth,2020-11-29,133,inferred
Tamworth,2020-11-30,133,inferred
Tamworth,2020-12-01,133,inferred
Tamworth,2020-12-02,114,inferred
Tamworth,2020-12-03,114,inferred
Tamworth,2020-12-04,114,inferred
Tamworth,2020-12-05,114,inferred
Tamworth,2020-12-06,114,inferred
Tamworth,2020-12-07,114,inferred
Tamworth,2020-12-08,114,inferred
Tamworth,2020-12-09,107,inferred
Tamworth,2020-12-10,107,inferred
Tamworth,2020-12-11,107,inferred
Tamworth,2020-12-12,107,inferred
Tamworth,2020-12-13,107,inferred
Tamworth,2020-12-14,107,inferred
Tamworth,2020-12-15,107,inferred
Tamworth,2020-12-16,174,inferred
Tamworth,2020-12-17,174,inferred
Tamworth,2020-12-18,174,inferred
Tamworth,2020-12-19,174,inferred
Tamworth,2020-12-20,174,inferred
Tamworth,2020-12-21,174,inferred
Tamworth,2020-12-22,174,inferred
Tamworth,2020-12-23,197,inferred
Tamworth,2020-12-24,197,inferred
Tamworth,2020-12-25,197,inferred
Tamworth,2020-12-26,197,inferred
Tamworth,2020-12-27,197,inferred
Tamworth,2020-12-28,197,inferred
Tamworth,2020-12-29,197,inferred
Tamworth,2020-12-30,383,inferred
Tamworth,2020-12-31,383,inferred
Tamworth,2021-01-01,383,inferred
Tamworth,2021-01-02,383,inferred
Tamworth,2021-01-03,383,inferred
Tamworth,2021-01-04,383,inferred
Tamworth,2021-01-05,383,inferred
Tamworth,2021-01-06,352,projected
Tamworth,2021-01-07,352,projected
Tamworth,2021-01-08,352,projected
Tamworth,2021-01-09,352,projected
Tamworth,2021-01-10,352,projected
Tamworth,2021-01-11,352,projected
Tamworth,2021-01-12,352,projected
Tamworth,2021-01-13,326,projected
Tamworth,2021-01-14,326,projected
Tamworth,2021-01-15,326,projected
Tamworth,2021-01-16,326,projected
Tamworth,2021-01-17,326,projected
Tamworth,2021-01-18,326,projected
Tamworth,2021-01-19,326,projected
Tamworth,2021-01-20,317,projected
Tamworth,2021-01-21,317,projected
Tamworth,2021-01-22,317,projected
Tamworth,2021-01-23,317,projected
Tamworth,2021-01-24,317,projected
Tamworth,2021-01-25,317,projected
Tamworth,2021-01-26,317,projected
Tandridge,2020-09-23, 22,inferred
Tandridge,2020-09-24, 22,inferred
Tandridge,2020-09-25, 22,inferred
Tandridge,2020-09-26, 22,inferred
Tandridge,2020-09-27, 22,inferred
Tandridge,2020-09-28, 22,inferred
Tandridge,2020-09-29, 22,inferred
Tandridge,2020-09-30, 34,inferred
Tandridge,2020-10-01, 34,inferred
Tandridge,2020-10-02, 34,inferred
Tandridge,2020-10-03, 34,inferred
Tandridge,2020-10-04, 34,inferred
Tandridge,2020-10-05, 34,inferred
Tandridge,2020-10-06, 34,inferred
Tandridge,2020-10-07, 38,inferred
Tandridge,2020-10-08, 38,inferred
Tandridge,2020-10-09, 38,inferred
Tandridge,2020-10-10, 38,inferred
Tandridge,2020-10-11, 38,inferred
Tandridge,2020-10-12, 38,inferred
Tandridge,2020-10-13, 38,inferred
Tandridge,2020-10-14, 75,inferred
Tandridge,2020-10-15, 75,inferred
Tandridge,2020-10-16, 75,inferred
Tandridge,2020-10-17, 75,inferred
Tandridge,2020-10-18, 75,inferred
Tandridge,2020-10-19, 75,inferred
Tandridge,2020-10-20, 75,inferred
Tandridge,2020-10-21, 79,inferred
Tandridge,2020-10-22, 79,inferred
Tandridge,2020-10-23, 79,inferred
Tandridge,2020-10-24, 79,inferred
Tandridge,2020-10-25, 79,inferred
Tandridge,2020-10-26, 79,inferred
Tandridge,2020-10-27, 79,inferred
Tandridge,2020-10-28, 99,inferred
Tandridge,2020-10-29, 99,inferred
Tandridge,2020-10-30, 99,inferred
Tandridge,2020-10-31, 99,inferred
Tandridge,2020-11-01, 99,inferred
Tandridge,2020-11-02, 99,inferred
Tandridge,2020-11-03, 99,inferred
Tandridge,2020-11-04,146,inferred
Tandridge,2020-11-05,146,inferred
Tandridge,2020-11-06,146,inferred
Tandridge,2020-11-07,146,inferred
Tandridge,2020-11-08,146,inferred
Tandridge,2020-11-09,146,inferred
Tandridge,2020-11-10,146,inferred
Tandridge,2020-11-11,133,inferred
Tandridge,2020-11-12,133,inferred
Tandridge,2020-11-13,133,inferred
Tandridge,2020-11-14,133,inferred
Tandridge,2020-11-15,133,inferred
Tandridge,2020-11-16,133,inferred
Tandridge,2020-11-17,133,inferred
Tandridge,2020-11-18, 77,inferred
Tandridge,2020-11-19, 77,inferred
Tandridge,2020-11-20, 77,inferred
Tandridge,2020-11-21, 77,inferred
Tandridge,2020-11-22, 77,inferred
Tandridge,2020-11-23, 77,inferred
Tandridge,2020-11-24, 77,inferred
Tandridge,2020-11-25,105,inferred
Tandridge,2020-11-26,105,inferred
Tandridge,2020-11-27,105,inferred
Tandridge,2020-11-28,105,inferred
Tandridge,2020-11-29,105,inferred
Tandridge,2020-11-30,105,inferred
Tandridge,2020-12-01,105,inferred
Tandridge,2020-12-02,161,inferred
Tandridge,2020-12-03,161,inferred
Tandridge,2020-12-04,161,inferred
Tandridge,2020-12-05,161,inferred
Tandridge,2020-12-06,161,inferred
Tandridge,2020-12-07,161,inferred
Tandridge,2020-12-08,161,inferred
Tandridge,2020-12-09,327,inferred
Tandridge,2020-12-10,327,inferred
Tandridge,2020-12-11,327,inferred
Tandridge,2020-12-12,327,inferred
Tandridge,2020-12-13,327,inferred
Tandridge,2020-12-14,327,inferred
Tandridge,2020-12-15,327,inferred
Tandridge,2020-12-16,581,inferred
Tandridge,2020-12-17,581,inferred
Tandridge,2020-12-18,581,inferred
Tandridge,2020-12-19,581,inferred
Tandridge,2020-12-20,581,inferred
Tandridge,2020-12-21,581,inferred
Tandridge,2020-12-22,581,inferred
Tandridge,2020-12-23,614,inferred
Tandridge,2020-12-24,614,inferred
Tandridge,2020-12-25,614,inferred
Tandridge,2020-12-26,614,inferred
Tandridge,2020-12-27,614,inferred
Tandridge,2020-12-28,614,inferred
Tandridge,2020-12-29,614,inferred
Tandridge,2020-12-30,819,inferred
Tandridge,2020-12-31,819,inferred
Tandridge,2021-01-01,819,inferred
Tandridge,2021-01-02,819,inferred
Tandridge,2021-01-03,819,inferred
Tandridge,2021-01-04,819,inferred
Tandridge,2021-01-05,819,inferred
Tandridge,2021-01-06,615,projected
Tandridge,2021-01-07,615,projected
Tandridge,2021-01-08,615,projected
Tandridge,2021-01-09,615,projected
Tandridge,2021-01-10,615,projected
Tandridge,2021-01-11,615,projected
Tandridge,2021-01-12,615,projected
Tandridge,2021-01-13,448,projected
Tandridge,2021-01-14,448,projected
Tandridge,2021-01-15,448,projected
Tandridge,2021-01-16,448,projected
Tandridge,2021-01-17,448,projected
Tandridge,2021-01-18,448,projected
Tandridge,2021-01-19,448,projected
Tandridge,2021-01-20,352,projected
Tandridge,2021-01-21,352,projected
Tandridge,2021-01-22,352,projected
Tandridge,2021-01-23,352,projected
Tandridge,2021-01-24,352,projected
Tandridge,2021-01-25,352,projected
Tandridge,2021-01-26,352,projected
Tayside,2020-09-23,203,inferred
Tayside,2020-09-24,203,inferred
Tayside,2020-09-25,203,inferred
Tayside,2020-09-26,203,inferred
Tayside,2020-09-27,203,inferred
Tayside,2020-09-28,203,inferred
Tayside,2020-09-29,203,inferred
Tayside,2020-09-30,191,inferred
Tayside,2020-10-01,191,inferred
Tayside,2020-10-02,191,inferred
Tayside,2020-10-03,191,inferred
Tayside,2020-10-04,191,inferred
Tayside,2020-10-05,191,inferred
Tayside,2020-10-06,191,inferred
Tayside,2020-10-07,315,inferred
Tayside,2020-10-08,315,inferred
Tayside,2020-10-09,315,inferred
Tayside,2020-10-10,315,inferred
Tayside,2020-10-11,315,inferred
Tayside,2020-10-12,315,inferred
Tayside,2020-10-13,315,inferred
Tayside,2020-10-14,350,inferred
Tayside,2020-10-15,350,inferred
Tayside,2020-10-16,350,inferred
Tayside,2020-10-17,350,inferred
Tayside,2020-10-18,350,inferred
Tayside,2020-10-19,350,inferred
Tayside,2020-10-20,350,inferred
Tayside,2020-10-21,499,inferred
Tayside,2020-10-22,499,inferred
Tayside,2020-10-23,499,inferred
Tayside,2020-10-24,499,inferred
Tayside,2020-10-25,499,inferred
Tayside,2020-10-26,499,inferred
Tayside,2020-10-27,499,inferred
Tayside,2020-10-28,396,inferred
Tayside,2020-10-29,396,inferred
Tayside,2020-10-30,396,inferred
Tayside,2020-10-31,396,inferred
Tayside,2020-11-01,396,inferred
Tayside,2020-11-02,396,inferred
Tayside,2020-11-03,396,inferred
Tayside,2020-11-04,431,inferred
Tayside,2020-11-05,431,inferred
Tayside,2020-11-06,431,inferred
Tayside,2020-11-07,431,inferred
Tayside,2020-11-08,431,inferred
Tayside,2020-11-09,431,inferred
Tayside,2020-11-10,431,inferred
Tayside,2020-11-11,480,inferred
Tayside,2020-11-12,480,inferred
Tayside,2020-11-13,480,inferred
Tayside,2020-11-14,480,inferred
Tayside,2020-11-15,480,inferred
Tayside,2020-11-16,480,inferred
Tayside,2020-11-17,480,inferred
Tayside,2020-11-18,415,inferred
Tayside,2020-11-19,415,inferred
Tayside,2020-11-20,415,inferred
Tayside,2020-11-21,415,inferred
Tayside,2020-11-22,415,inferred
Tayside,2020-11-23,415,inferred
Tayside,2020-11-24,415,inferred
Tayside,2020-11-25,355,inferred
Tayside,2020-11-26,355,inferred
Tayside,2020-11-27,355,inferred
Tayside,2020-11-28,355,inferred
Tayside,2020-11-29,355,inferred
Tayside,2020-11-30,355,inferred
Tayside,2020-12-01,355,inferred
Tayside,2020-12-02,398,inferred
Tayside,2020-12-03,398,inferred
Tayside,2020-12-04,398,inferred
Tayside,2020-12-05,398,inferred
Tayside,2020-12-06,398,inferred
Tayside,2020-12-07,398,inferred
Tayside,2020-12-08,398,inferred
Tayside,2020-12-09,448,inferred
Tayside,2020-12-10,448,inferred
Tayside,2020-12-11,448,inferred
Tayside,2020-12-12,448,inferred
Tayside,2020-12-13,448,inferred
Tayside,2020-12-14,448,inferred
Tayside,2020-12-15,448,inferred
Tayside,2020-12-16,487,inferred
Tayside,2020-12-17,487,inferred
Tayside,2020-12-18,487,inferred
Tayside,2020-12-19,487,inferred
Tayside,2020-12-20,487,inferred
Tayside,2020-12-21,487,inferred
Tayside,2020-12-22,487,inferred
Tayside,2020-12-23,686,inferred
Tayside,2020-12-24,686,inferred
Tayside,2020-12-25,686,inferred
Tayside,2020-12-26,686,inferred
Tayside,2020-12-27,686,inferred
Tayside,2020-12-28,686,inferred
Tayside,2020-12-29,686,inferred
Tayside,2020-12-30,1250,inferred
Tayside,2020-12-31,1250,inferred
Tayside,2021-01-01,1250,inferred
Tayside,2021-01-02,1250,inferred
Tayside,2021-01-03,1250,inferred
Tayside,2021-01-04,1250,inferred
Tayside,2021-01-05,1250,inferred
Tayside,2021-01-06,2031,projected
Tayside,2021-01-07,2031,projected
Tayside,2021-01-08,2031,projected
Tayside,2021-01-09,2031,projected
Tayside,2021-01-10,2031,projected
Tayside,2021-01-11,2031,projected
Tayside,2021-01-12,2031,projected
Tayside,2021-01-13,3142,projected
Tayside,2021-01-14,3142,projected
Tayside,2021-01-15,3142,projected
Tayside,2021-01-16,3142,projected
Tayside,2021-01-17,3142,projected
Tayside,2021-01-18,3142,projected
Tayside,2021-01-19,3142,projected
Tayside,2021-01-20,4913,projected
Tayside,2021-01-21,4913,projected
Tayside,2021-01-22,4913,projected
Tayside,2021-01-23,4913,projected
Tayside,2021-01-24,4913,projected
Tayside,2021-01-25,4913,projected
Tayside,2021-01-26,4913,projected
Teignbridge,2020-09-23, 21,inferred
Teignbridge,2020-09-24, 21,inferred
Teignbridge,2020-09-25, 21,inferred
Teignbridge,2020-09-26, 21,inferred
Teignbridge,2020-09-27, 21,inferred
Teignbridge,2020-09-28, 21,inferred
Teignbridge,2020-09-29, 21,inferred
Teignbridge,2020-09-30, 52,inferred
Teignbridge,2020-10-01, 52,inferred
Teignbridge,2020-10-02, 52,inferred
Teignbridge,2020-10-03, 52,inferred
Teignbridge,2020-10-04, 52,inferred
Teignbridge,2020-10-05, 52,inferred
Teignbridge,2020-10-06, 52,inferred
Teignbridge,2020-10-07, 72,inferred
Teignbridge,2020-10-08, 72,inferred
Teignbridge,2020-10-09, 72,inferred
Teignbridge,2020-10-10, 72,inferred
Teignbridge,2020-10-11, 72,inferred
Teignbridge,2020-10-12, 72,inferred
Teignbridge,2020-10-13, 72,inferred
Teignbridge,2020-10-14, 63,inferred
Teignbridge,2020-10-15, 63,inferred
Teignbridge,2020-10-16, 63,inferred
Teignbridge,2020-10-17, 63,inferred
Teignbridge,2020-10-18, 63,inferred
Teignbridge,2020-10-19, 63,inferred
Teignbridge,2020-10-20, 63,inferred
Teignbridge,2020-10-21,111,inferred
Teignbridge,2020-10-22,111,inferred
Teignbridge,2020-10-23,111,inferred
Teignbridge,2020-10-24,111,inferred
Teignbridge,2020-10-25,111,inferred
Teignbridge,2020-10-26,111,inferred
Teignbridge,2020-10-27,111,inferred
Teignbridge,2020-10-28, 95,inferred
Teignbridge,2020-10-29, 95,inferred
Teignbridge,2020-10-30, 95,inferred
Teignbridge,2020-10-31, 95,inferred
Teignbridge,2020-11-01, 95,inferred
Teignbridge,2020-11-02, 95,inferred
Teignbridge,2020-11-03, 95,inferred
Teignbridge,2020-11-04,102,inferred
Teignbridge,2020-11-05,102,inferred
Teignbridge,2020-11-06,102,inferred
Teignbridge,2020-11-07,102,inferred
Teignbridge,2020-11-08,102,inferred
Teignbridge,2020-11-09,102,inferred
Teignbridge,2020-11-10,102,inferred
Teignbridge,2020-11-11, 90,inferred
Teignbridge,2020-11-12, 90,inferred
Teignbridge,2020-11-13, 90,inferred
Teignbridge,2020-11-14, 90,inferred
Teignbridge,2020-11-15, 90,inferred
Teignbridge,2020-11-16, 90,inferred
Teignbridge,2020-11-17, 90,inferred
Teignbridge,2020-11-18, 77,inferred
Teignbridge,2020-11-19, 77,inferred
Teignbridge,2020-11-20, 77,inferred
Teignbridge,2020-11-21, 77,inferred
Teignbridge,2020-11-22, 77,inferred
Teignbridge,2020-11-23, 77,inferred
Teignbridge,2020-11-24, 77,inferred
Teignbridge,2020-11-25, 48,inferred
Teignbridge,2020-11-26, 48,inferred
Teignbridge,2020-11-27, 48,inferred
Teignbridge,2020-11-28, 48,inferred
Teignbridge,2020-11-29, 48,inferred
Teignbridge,2020-11-30, 48,inferred
Teignbridge,2020-12-01, 48,inferred
Teignbridge,2020-12-02, 58,inferred
Teignbridge,2020-12-03, 58,inferred
Teignbridge,2020-12-04, 58,inferred
Teignbridge,2020-12-05, 58,inferred
Teignbridge,2020-12-06, 58,inferred
Teignbridge,2020-12-07, 58,inferred
Teignbridge,2020-12-08, 58,inferred
Teignbridge,2020-12-09,119,inferred
Teignbridge,2020-12-10,119,inferred
Teignbridge,2020-12-11,119,inferred
Teignbridge,2020-12-12,119,inferred
Teignbridge,2020-12-13,119,inferred
Teignbridge,2020-12-14,119,inferred
Teignbridge,2020-12-15,119,inferred
Teignbridge,2020-12-16,168,inferred
Teignbridge,2020-12-17,168,inferred
Teignbridge,2020-12-18,168,inferred
Teignbridge,2020-12-19,168,inferred
Teignbridge,2020-12-20,168,inferred
Teignbridge,2020-12-21,168,inferred
Teignbridge,2020-12-22,168,inferred
Teignbridge,2020-12-23,173,inferred
Teignbridge,2020-12-24,173,inferred
Teignbridge,2020-12-25,173,inferred
Teignbridge,2020-12-26,173,inferred
Teignbridge,2020-12-27,173,inferred
Teignbridge,2020-12-28,173,inferred
Teignbridge,2020-12-29,173,inferred
Teignbridge,2020-12-30,293,inferred
Teignbridge,2020-12-31,293,inferred
Teignbridge,2021-01-01,293,inferred
Teignbridge,2021-01-02,293,inferred
Teignbridge,2021-01-03,293,inferred
Teignbridge,2021-01-04,293,inferred
Teignbridge,2021-01-05,293,inferred
Teignbridge,2021-01-06,512,projected
Teignbridge,2021-01-07,512,projected
Teignbridge,2021-01-08,512,projected
Teignbridge,2021-01-09,512,projected
Teignbridge,2021-01-10,512,projected
Teignbridge,2021-01-11,512,projected
Teignbridge,2021-01-12,512,projected
Teignbridge,2021-01-13,852,projected
Teignbridge,2021-01-14,852,projected
Teignbridge,2021-01-15,852,projected
Teignbridge,2021-01-16,852,projected
Teignbridge,2021-01-17,852,projected
Teignbridge,2021-01-18,852,projected
Teignbridge,2021-01-19,852,projected
Teignbridge,2021-01-20,1414,projected
Teignbridge,2021-01-21,1414,projected
Teignbridge,2021-01-22,1414,projected
Teignbridge,2021-01-23,1414,projected
Teignbridge,2021-01-24,1414,projected
Teignbridge,2021-01-25,1414,projected
Teignbridge,2021-01-26,1414,projected
Telford and Wrekin,2020-09-23, 82,inferred
Telford and Wrekin,2020-09-24, 82,inferred
Telford and Wrekin,2020-09-25, 82,inferred
Telford and Wrekin,2020-09-26, 82,inferred
Telford and Wrekin,2020-09-27, 82,inferred
Telford and Wrekin,2020-09-28, 82,inferred
Telford and Wrekin,2020-09-29, 82,inferred
Telford and Wrekin,2020-09-30, 93,inferred
Telford and Wrekin,2020-10-01, 93,inferred
Telford and Wrekin,2020-10-02, 93,inferred
Telford and Wrekin,2020-10-03, 93,inferred
Telford and Wrekin,2020-10-04, 93,inferred
Telford and Wrekin,2020-10-05, 93,inferred
Telford and Wrekin,2020-10-06, 93,inferred
Telford and Wrekin,2020-10-07,175,inferred
Telford and Wrekin,2020-10-08,175,inferred
Telford and Wrekin,2020-10-09,175,inferred
Telford and Wrekin,2020-10-10,175,inferred
Telford and Wrekin,2020-10-11,175,inferred
Telford and Wrekin,2020-10-12,175,inferred
Telford and Wrekin,2020-10-13,175,inferred
Telford and Wrekin,2020-10-14,347,inferred
Telford and Wrekin,2020-10-15,347,inferred
Telford and Wrekin,2020-10-16,347,inferred
Telford and Wrekin,2020-10-17,347,inferred
Telford and Wrekin,2020-10-18,347,inferred
Telford and Wrekin,2020-10-19,347,inferred
Telford and Wrekin,2020-10-20,347,inferred
Telford and Wrekin,2020-10-21,427,inferred
Telford and Wrekin,2020-10-22,427,inferred
Telford and Wrekin,2020-10-23,427,inferred
Telford and Wrekin,2020-10-24,427,inferred
Telford and Wrekin,2020-10-25,427,inferred
Telford and Wrekin,2020-10-26,427,inferred
Telford and Wrekin,2020-10-27,427,inferred
Telford and Wrekin,2020-10-28,521,inferred
Telford and Wrekin,2020-10-29,521,inferred
Telford and Wrekin,2020-10-30,521,inferred
Telford and Wrekin,2020-10-31,521,inferred
Telford and Wrekin,2020-11-01,521,inferred
Telford and Wrekin,2020-11-02,521,inferred
Telford and Wrekin,2020-11-03,521,inferred
Telford and Wrekin,2020-11-04,642,inferred
Telford and Wrekin,2020-11-05,642,inferred
Telford and Wrekin,2020-11-06,642,inferred
Telford and Wrekin,2020-11-07,642,inferred
Telford and Wrekin,2020-11-08,642,inferred
Telford and Wrekin,2020-11-09,642,inferred
Telford and Wrekin,2020-11-10,642,inferred
Telford and Wrekin,2020-11-11,569,inferred
Telford and Wrekin,2020-11-12,569,inferred
Telford and Wrekin,2020-11-13,569,inferred
Telford and Wrekin,2020-11-14,569,inferred
Telford and Wrekin,2020-11-15,569,inferred
Telford and Wrekin,2020-11-16,569,inferred
Telford and Wrekin,2020-11-17,569,inferred
Telford and Wrekin,2020-11-18,397,inferred
Telford and Wrekin,2020-11-19,397,inferred
Telford and Wrekin,2020-11-20,397,inferred
Telford and Wrekin,2020-11-21,397,inferred
Telford and Wrekin,2020-11-22,397,inferred
Telford and Wrekin,2020-11-23,397,inferred
Telford and Wrekin,2020-11-24,397,inferred
Telford and Wrekin,2020-11-25,238,inferred
Telford and Wrekin,2020-11-26,238,inferred
Telford and Wrekin,2020-11-27,238,inferred
Telford and Wrekin,2020-11-28,238,inferred
Telford and Wrekin,2020-11-29,238,inferred
Telford and Wrekin,2020-11-30,238,inferred
Telford and Wrekin,2020-12-01,238,inferred
Telford and Wrekin,2020-12-02,213,inferred
Telford and Wrekin,2020-12-03,213,inferred
Telford and Wrekin,2020-12-04,213,inferred
Telford and Wrekin,2020-12-05,213,inferred
Telford and Wrekin,2020-12-06,213,inferred
Telford and Wrekin,2020-12-07,213,inferred
Telford and Wrekin,2020-12-08,213,inferred
Telford and Wrekin,2020-12-09,273,inferred
Telford and Wrekin,2020-12-10,273,inferred
Telford and Wrekin,2020-12-11,273,inferred
Telford and Wrekin,2020-12-12,273,inferred
Telford and Wrekin,2020-12-13,273,inferred
Telford and Wrekin,2020-12-14,273,inferred
Telford and Wrekin,2020-12-15,273,inferred
Telford and Wrekin,2020-12-16,296,inferred
Telford and Wrekin,2020-12-17,296,inferred
Telford and Wrekin,2020-12-18,296,inferred
Telford and Wrekin,2020-12-19,296,inferred
Telford and Wrekin,2020-12-20,296,inferred
Telford and Wrekin,2020-12-21,296,inferred
Telford and Wrekin,2020-12-22,296,inferred
Telford and Wrekin,2020-12-23,393,inferred
Telford and Wrekin,2020-12-24,393,inferred
Telford and Wrekin,2020-12-25,393,inferred
Telford and Wrekin,2020-12-26,393,inferred
Telford and Wrekin,2020-12-27,393,inferred
Telford and Wrekin,2020-12-28,393,inferred
Telford and Wrekin,2020-12-29,393,inferred
Telford and Wrekin,2020-12-30,940,inferred
Telford and Wrekin,2020-12-31,940,inferred
Telford and Wrekin,2021-01-01,940,inferred
Telford and Wrekin,2021-01-02,940,inferred
Telford and Wrekin,2021-01-03,940,inferred
Telford and Wrekin,2021-01-04,940,inferred
Telford and Wrekin,2021-01-05,940,inferred
Telford and Wrekin,2021-01-06,1249,projected
Telford and Wrekin,2021-01-07,1249,projected
Telford and Wrekin,2021-01-08,1249,projected
Telford and Wrekin,2021-01-09,1249,projected
Telford and Wrekin,2021-01-10,1249,projected
Telford and Wrekin,2021-01-11,1249,projected
Telford and Wrekin,2021-01-12,1249,projected
Telford and Wrekin,2021-01-13,1592,projected
Telford and Wrekin,2021-01-14,1592,projected
Telford and Wrekin,2021-01-15,1592,projected
Telford and Wrekin,2021-01-16,1592,projected
Telford and Wrekin,2021-01-17,1592,projected
Telford and Wrekin,2021-01-18,1592,projected
Telford and Wrekin,2021-01-19,1592,projected
Telford and Wrekin,2021-01-20,2028,projected
Telford and Wrekin,2021-01-21,2028,projected
Telford and Wrekin,2021-01-22,2028,projected
Telford and Wrekin,2021-01-23,2028,projected
Telford and Wrekin,2021-01-24,2028,projected
Telford and Wrekin,2021-01-25,2028,projected
Telford and Wrekin,2021-01-26,2028,projected
Tendring,2020-09-23, 24,inferred
Tendring,2020-09-24, 24,inferred
Tendring,2020-09-25, 24,inferred
Tendring,2020-09-26, 24,inferred
Tendring,2020-09-27, 24,inferred
Tendring,2020-09-28, 24,inferred
Tendring,2020-09-29, 24,inferred
Tendring,2020-09-30,102,inferred
Tendring,2020-10-01,102,inferred
Tendring,2020-10-02,102,inferred
Tendring,2020-10-03,102,inferred
Tendring,2020-10-04,102,inferred
Tendring,2020-10-05,102,inferred
Tendring,2020-10-06,102,inferred
Tendring,2020-10-07,145,inferred
Tendring,2020-10-08,145,inferred
Tendring,2020-10-09,145,inferred
Tendring,2020-10-10,145,inferred
Tendring,2020-10-11,145,inferred
Tendring,2020-10-12,145,inferred
Tendring,2020-10-13,145,inferred
Tendring,2020-10-14,152,inferred
Tendring,2020-10-15,152,inferred
Tendring,2020-10-16,152,inferred
Tendring,2020-10-17,152,inferred
Tendring,2020-10-18,152,inferred
Tendring,2020-10-19,152,inferred
Tendring,2020-10-20,152,inferred
Tendring,2020-10-21,105,inferred
Tendring,2020-10-22,105,inferred
Tendring,2020-10-23,105,inferred
Tendring,2020-10-24,105,inferred
Tendring,2020-10-25,105,inferred
Tendring,2020-10-26,105,inferred
Tendring,2020-10-27,105,inferred
Tendring,2020-10-28, 76,inferred
Tendring,2020-10-29, 76,inferred
Tendring,2020-10-30, 76,inferred
Tendring,2020-10-31, 76,inferred
Tendring,2020-11-01, 76,inferred
Tendring,2020-11-02, 76,inferred
Tendring,2020-11-03, 76,inferred
Tendring,2020-11-04, 91,inferred
Tendring,2020-11-05, 91,inferred
Tendring,2020-11-06, 91,inferred
Tendring,2020-11-07, 91,inferred
Tendring,2020-11-08, 91,inferred
Tendring,2020-11-09, 91,inferred
Tendring,2020-11-10, 91,inferred
Tendring,2020-11-11,103,inferred
Tendring,2020-11-12,103,inferred
Tendring,2020-11-13,103,inferred
Tendring,2020-11-14,103,inferred
Tendring,2020-11-15,103,inferred
Tendring,2020-11-16,103,inferred
Tendring,2020-11-17,103,inferred
Tendring,2020-11-18, 83,inferred
Tendring,2020-11-19, 83,inferred
Tendring,2020-11-20, 83,inferred
Tendring,2020-11-21, 83,inferred
Tendring,2020-11-22, 83,inferred
Tendring,2020-11-23, 83,inferred
Tendring,2020-11-24, 83,inferred
Tendring,2020-11-25,107,inferred
Tendring,2020-11-26,107,inferred
Tendring,2020-11-27,107,inferred
Tendring,2020-11-28,107,inferred
Tendring,2020-11-29,107,inferred
Tendring,2020-11-30,107,inferred
Tendring,2020-12-01,107,inferred
Tendring,2020-12-02,136,inferred
Tendring,2020-12-03,136,inferred
Tendring,2020-12-04,136,inferred
Tendring,2020-12-05,136,inferred
Tendring,2020-12-06,136,inferred
Tendring,2020-12-07,136,inferred
Tendring,2020-12-08,136,inferred
Tendring,2020-12-09,264,inferred
Tendring,2020-12-10,264,inferred
Tendring,2020-12-11,264,inferred
Tendring,2020-12-12,264,inferred
Tendring,2020-12-13,264,inferred
Tendring,2020-12-14,264,inferred
Tendring,2020-12-15,264,inferred
Tendring,2020-12-16,522,inferred
Tendring,2020-12-17,522,inferred
Tendring,2020-12-18,522,inferred
Tendring,2020-12-19,522,inferred
Tendring,2020-12-20,522,inferred
Tendring,2020-12-21,522,inferred
Tendring,2020-12-22,522,inferred
Tendring,2020-12-23,927,inferred
Tendring,2020-12-24,927,inferred
Tendring,2020-12-25,927,inferred
Tendring,2020-12-26,927,inferred
Tendring,2020-12-27,927,inferred
Tendring,2020-12-28,927,inferred
Tendring,2020-12-29,927,inferred
Tendring,2020-12-30,1703,inferred
Tendring,2020-12-31,1703,inferred
Tendring,2021-01-01,1703,inferred
Tendring,2021-01-02,1703,inferred
Tendring,2021-01-03,1703,inferred
Tendring,2021-01-04,1703,inferred
Tendring,2021-01-05,1703,inferred
Tendring,2021-01-06,2377,projected
Tendring,2021-01-07,2377,projected
Tendring,2021-01-08,2377,projected
Tendring,2021-01-09,2377,projected
Tendring,2021-01-10,2377,projected
Tendring,2021-01-11,2377,projected
Tendring,2021-01-12,2377,projected
Tendring,2021-01-13,3109,projected
Tendring,2021-01-14,3109,projected
Tendring,2021-01-15,3109,projected
Tendring,2021-01-16,3109,projected
Tendring,2021-01-17,3109,projected
Tendring,2021-01-18,3109,projected
Tendring,2021-01-19,3109,projected
Tendring,2021-01-20,3781,projected
Tendring,2021-01-21,3781,projected
Tendring,2021-01-22,3781,projected
Tendring,2021-01-23,3781,projected
Tendring,2021-01-24,3781,projected
Tendring,2021-01-25,3781,projected
Tendring,2021-01-26,3781,projected
Test Valley,2020-09-23, 24,inferred
Test Valley,2020-09-24, 24,inferred
Test Valley,2020-09-25, 24,inferred
Test Valley,2020-09-26, 24,inferred
Test Valley,2020-09-27, 24,inferred
Test Valley,2020-09-28, 24,inferred
Test Valley,2020-09-29, 24,inferred
Test Valley,2020-09-30, 81,inferred
Test Valley,2020-10-01, 81,inferred
Test Valley,2020-10-02, 81,inferred
Test Valley,2020-10-03, 81,inferred
Test Valley,2020-10-04, 81,inferred
Test Valley,2020-10-05, 81,inferred
Test Valley,2020-10-06, 81,inferred
Test Valley,2020-10-07, 96,inferred
Test Valley,2020-10-08, 96,inferred
Test Valley,2020-10-09, 96,inferred
Test Valley,2020-10-10, 96,inferred
Test Valley,2020-10-11, 96,inferred
Test Valley,2020-10-12, 96,inferred
Test Valley,2020-10-13, 96,inferred
Test Valley,2020-10-14, 92,inferred
Test Valley,2020-10-15, 92,inferred
Test Valley,2020-10-16, 92,inferred
Test Valley,2020-10-17, 92,inferred
Test Valley,2020-10-18, 92,inferred
Test Valley,2020-10-19, 92,inferred
Test Valley,2020-10-20, 92,inferred
Test Valley,2020-10-21,126,inferred
Test Valley,2020-10-22,126,inferred
Test Valley,2020-10-23,126,inferred
Test Valley,2020-10-24,126,inferred
Test Valley,2020-10-25,126,inferred
Test Valley,2020-10-26,126,inferred
Test Valley,2020-10-27,126,inferred
Test Valley,2020-10-28,110,inferred
Test Valley,2020-10-29,110,inferred
Test Valley,2020-10-30,110,inferred
Test Valley,2020-10-31,110,inferred
Test Valley,2020-11-01,110,inferred
Test Valley,2020-11-02,110,inferred
Test Valley,2020-11-03,110,inferred
Test Valley,2020-11-04,129,inferred
Test Valley,2020-11-05,129,inferred
Test Valley,2020-11-06,129,inferred
Test Valley,2020-11-07,129,inferred
Test Valley,2020-11-08,129,inferred
Test Valley,2020-11-09,129,inferred
Test Valley,2020-11-10,129,inferred
Test Valley,2020-11-11,134,inferred
Test Valley,2020-11-12,134,inferred
Test Valley,2020-11-13,134,inferred
Test Valley,2020-11-14,134,inferred
Test Valley,2020-11-15,134,inferred
Test Valley,2020-11-16,134,inferred
Test Valley,2020-11-17,134,inferred
Test Valley,2020-11-18, 87,inferred
Test Valley,2020-11-19, 87,inferred
Test Valley,2020-11-20, 87,inferred
Test Valley,2020-11-21, 87,inferred
Test Valley,2020-11-22, 87,inferred
Test Valley,2020-11-23, 87,inferred
Test Valley,2020-11-24, 87,inferred
Test Valley,2020-11-25, 62,inferred
Test Valley,2020-11-26, 62,inferred
Test Valley,2020-11-27, 62,inferred
Test Valley,2020-11-28, 62,inferred
Test Valley,2020-11-29, 62,inferred
Test Valley,2020-11-30, 62,inferred
Test Valley,2020-12-01, 62,inferred
Test Valley,2020-12-02, 53,inferred
Test Valley,2020-12-03, 53,inferred
Test Valley,2020-12-04, 53,inferred
Test Valley,2020-12-05, 53,inferred
Test Valley,2020-12-06, 53,inferred
Test Valley,2020-12-07, 53,inferred
Test Valley,2020-12-08, 53,inferred
Test Valley,2020-12-09,118,inferred
Test Valley,2020-12-10,118,inferred
Test Valley,2020-12-11,118,inferred
Test Valley,2020-12-12,118,inferred
Test Valley,2020-12-13,118,inferred
Test Valley,2020-12-14,118,inferred
Test Valley,2020-12-15,118,inferred
Test Valley,2020-12-16,286,inferred
Test Valley,2020-12-17,286,inferred
Test Valley,2020-12-18,286,inferred
Test Valley,2020-12-19,286,inferred
Test Valley,2020-12-20,286,inferred
Test Valley,2020-12-21,286,inferred
Test Valley,2020-12-22,286,inferred
Test Valley,2020-12-23,451,inferred
Test Valley,2020-12-24,451,inferred
Test Valley,2020-12-25,451,inferred
Test Valley,2020-12-26,451,inferred
Test Valley,2020-12-27,451,inferred
Test Valley,2020-12-28,451,inferred
Test Valley,2020-12-29,451,inferred
Test Valley,2020-12-30,602,inferred
Test Valley,2020-12-31,602,inferred
Test Valley,2021-01-01,602,inferred
Test Valley,2021-01-02,602,inferred
Test Valley,2021-01-03,602,inferred
Test Valley,2021-01-04,602,inferred
Test Valley,2021-01-05,602,inferred
Test Valley,2021-01-06,653,projected
Test Valley,2021-01-07,653,projected
Test Valley,2021-01-08,653,projected
Test Valley,2021-01-09,653,projected
Test Valley,2021-01-10,653,projected
Test Valley,2021-01-11,653,projected
Test Valley,2021-01-12,653,projected
Test Valley,2021-01-13,681,projected
Test Valley,2021-01-14,681,projected
Test Valley,2021-01-15,681,projected
Test Valley,2021-01-16,681,projected
Test Valley,2021-01-17,681,projected
Test Valley,2021-01-18,681,projected
Test Valley,2021-01-19,681,projected
Test Valley,2021-01-20,759,projected
Test Valley,2021-01-21,759,projected
Test Valley,2021-01-22,759,projected
Test Valley,2021-01-23,759,projected
Test Valley,2021-01-24,759,projected
Test Valley,2021-01-25,759,projected
Test Valley,2021-01-26,759,projected
Tewkesbury,2020-09-23, 18,inferred
Tewkesbury,2020-09-24, 18,inferred
Tewkesbury,2020-09-25, 18,inferred
Tewkesbury,2020-09-26, 18,inferred
Tewkesbury,2020-09-27, 18,inferred
Tewkesbury,2020-09-28, 18,inferred
Tewkesbury,2020-09-29, 18,inferred
Tewkesbury,2020-09-30, 32,inferred
Tewkesbury,2020-10-01, 32,inferred
Tewkesbury,2020-10-02, 32,inferred
Tewkesbury,2020-10-03, 32,inferred
Tewkesbury,2020-10-04, 32,inferred
Tewkesbury,2020-10-05, 32,inferred
Tewkesbury,2020-10-06, 32,inferred
Tewkesbury,2020-10-07, 42,inferred
Tewkesbury,2020-10-08, 42,inferred
Tewkesbury,2020-10-09, 42,inferred
Tewkesbury,2020-10-10, 42,inferred
Tewkesbury,2020-10-11, 42,inferred
Tewkesbury,2020-10-12, 42,inferred
Tewkesbury,2020-10-13, 42,inferred
Tewkesbury,2020-10-14, 45,inferred
Tewkesbury,2020-10-15, 45,inferred
Tewkesbury,2020-10-16, 45,inferred
Tewkesbury,2020-10-17, 45,inferred
Tewkesbury,2020-10-18, 45,inferred
Tewkesbury,2020-10-19, 45,inferred
Tewkesbury,2020-10-20, 45,inferred
Tewkesbury,2020-10-21, 59,inferred
Tewkesbury,2020-10-22, 59,inferred
Tewkesbury,2020-10-23, 59,inferred
Tewkesbury,2020-10-24, 59,inferred
Tewkesbury,2020-10-25, 59,inferred
Tewkesbury,2020-10-26, 59,inferred
Tewkesbury,2020-10-27, 59,inferred
Tewkesbury,2020-10-28, 84,inferred
Tewkesbury,2020-10-29, 84,inferred
Tewkesbury,2020-10-30, 84,inferred
Tewkesbury,2020-10-31, 84,inferred
Tewkesbury,2020-11-01, 84,inferred
Tewkesbury,2020-11-02, 84,inferred
Tewkesbury,2020-11-03, 84,inferred
Tewkesbury,2020-11-04,103,inferred
Tewkesbury,2020-11-05,103,inferred
Tewkesbury,2020-11-06,103,inferred
Tewkesbury,2020-11-07,103,inferred
Tewkesbury,2020-11-08,103,inferred
Tewkesbury,2020-11-09,103,inferred
Tewkesbury,2020-11-10,103,inferred
Tewkesbury,2020-11-11,156,inferred
Tewkesbury,2020-11-12,156,inferred
Tewkesbury,2020-11-13,156,inferred
Tewkesbury,2020-11-14,156,inferred
Tewkesbury,2020-11-15,156,inferred
Tewkesbury,2020-11-16,156,inferred
Tewkesbury,2020-11-17,156,inferred
Tewkesbury,2020-11-18,106,inferred
Tewkesbury,2020-11-19,106,inferred
Tewkesbury,2020-11-20,106,inferred
Tewkesbury,2020-11-21,106,inferred
Tewkesbury,2020-11-22,106,inferred
Tewkesbury,2020-11-23,106,inferred
Tewkesbury,2020-11-24,106,inferred
Tewkesbury,2020-11-25, 94,inferred
Tewkesbury,2020-11-26, 94,inferred
Tewkesbury,2020-11-27, 94,inferred
Tewkesbury,2020-11-28, 94,inferred
Tewkesbury,2020-11-29, 94,inferred
Tewkesbury,2020-11-30, 94,inferred
Tewkesbury,2020-12-01, 94,inferred
Tewkesbury,2020-12-02, 87,inferred
Tewkesbury,2020-12-03, 87,inferred
Tewkesbury,2020-12-04, 87,inferred
Tewkesbury,2020-12-05, 87,inferred
Tewkesbury,2020-12-06, 87,inferred
Tewkesbury,2020-12-07, 87,inferred
Tewkesbury,2020-12-08, 87,inferred
Tewkesbury,2020-12-09,106,inferred
Tewkesbury,2020-12-10,106,inferred
Tewkesbury,2020-12-11,106,inferred
Tewkesbury,2020-12-12,106,inferred
Tewkesbury,2020-12-13,106,inferred
Tewkesbury,2020-12-14,106,inferred
Tewkesbury,2020-12-15,106,inferred
Tewkesbury,2020-12-16,183,inferred
Tewkesbury,2020-12-17,183,inferred
Tewkesbury,2020-12-18,183,inferred
Tewkesbury,2020-12-19,183,inferred
Tewkesbury,2020-12-20,183,inferred
Tewkesbury,2020-12-21,183,inferred
Tewkesbury,2020-12-22,183,inferred
Tewkesbury,2020-12-23,208,inferred
Tewkesbury,2020-12-24,208,inferred
Tewkesbury,2020-12-25,208,inferred
Tewkesbury,2020-12-26,208,inferred
Tewkesbury,2020-12-27,208,inferred
Tewkesbury,2020-12-28,208,inferred
Tewkesbury,2020-12-29,208,inferred
Tewkesbury,2020-12-30,322,inferred
Tewkesbury,2020-12-31,322,inferred
Tewkesbury,2021-01-01,322,inferred
Tewkesbury,2021-01-02,322,inferred
Tewkesbury,2021-01-03,322,inferred
Tewkesbury,2021-01-04,322,inferred
Tewkesbury,2021-01-05,322,inferred
Tewkesbury,2021-01-06,346,projected
Tewkesbury,2021-01-07,346,projected
Tewkesbury,2021-01-08,346,projected
Tewkesbury,2021-01-09,346,projected
Tewkesbury,2021-01-10,346,projected
Tewkesbury,2021-01-11,346,projected
Tewkesbury,2021-01-12,346,projected
Tewkesbury,2021-01-13,381,projected
Tewkesbury,2021-01-14,381,projected
Tewkesbury,2021-01-15,381,projected
Tewkesbury,2021-01-16,381,projected
Tewkesbury,2021-01-17,381,projected
Tewkesbury,2021-01-18,381,projected
Tewkesbury,2021-01-19,381,projected
Tewkesbury,2021-01-20,432,projected
Tewkesbury,2021-01-21,432,projected
Tewkesbury,2021-01-22,432,projected
Tewkesbury,2021-01-23,432,projected
Tewkesbury,2021-01-24,432,projected
Tewkesbury,2021-01-25,432,projected
Tewkesbury,2021-01-26,432,projected
Thanet,2020-09-23, 18,inferred
Thanet,2020-09-24, 18,inferred
Thanet,2020-09-25, 18,inferred
Thanet,2020-09-26, 18,inferred
Thanet,2020-09-27, 18,inferred
Thanet,2020-09-28, 18,inferred
Thanet,2020-09-29, 18,inferred
Thanet,2020-09-30, 37,inferred
Thanet,2020-10-01, 37,inferred
Thanet,2020-10-02, 37,inferred
Thanet,2020-10-03, 37,inferred
Thanet,2020-10-04, 37,inferred
Thanet,2020-10-05, 37,inferred
Thanet,2020-10-06, 37,inferred
Thanet,2020-10-07, 35,inferred
Thanet,2020-10-08, 35,inferred
Thanet,2020-10-09, 35,inferred
Thanet,2020-10-10, 35,inferred
Thanet,2020-10-11, 35,inferred
Thanet,2020-10-12, 35,inferred
Thanet,2020-10-13, 35,inferred
Thanet,2020-10-14, 89,inferred
Thanet,2020-10-15, 89,inferred
Thanet,2020-10-16, 89,inferred
Thanet,2020-10-17, 89,inferred
Thanet,2020-10-18, 89,inferred
Thanet,2020-10-19, 89,inferred
Thanet,2020-10-20, 89,inferred
Thanet,2020-10-21,200,inferred
Thanet,2020-10-22,200,inferred
Thanet,2020-10-23,200,inferred
Thanet,2020-10-24,200,inferred
Thanet,2020-10-25,200,inferred
Thanet,2020-10-26,200,inferred
Thanet,2020-10-27,200,inferred
Thanet,2020-10-28,323,inferred
Thanet,2020-10-29,323,inferred
Thanet,2020-10-30,323,inferred
Thanet,2020-10-31,323,inferred
Thanet,2020-11-01,323,inferred
Thanet,2020-11-02,323,inferred
Thanet,2020-11-03,323,inferred
Thanet,2020-11-04,605,inferred
Thanet,2020-11-05,605,inferred
Thanet,2020-11-06,605,inferred
Thanet,2020-11-07,605,inferred
Thanet,2020-11-08,605,inferred
Thanet,2020-11-09,605,inferred
Thanet,2020-11-10,605,inferred
Thanet,2020-11-11,743,inferred
Thanet,2020-11-12,743,inferred
Thanet,2020-11-13,743,inferred
Thanet,2020-11-14,743,inferred
Thanet,2020-11-15,743,inferred
Thanet,2020-11-16,743,inferred
Thanet,2020-11-17,743,inferred
Thanet,2020-11-18,645,inferred
Thanet,2020-11-19,645,inferred
Thanet,2020-11-20,645,inferred
Thanet,2020-11-21,645,inferred
Thanet,2020-11-22,645,inferred
Thanet,2020-11-23,645,inferred
Thanet,2020-11-24,645,inferred
Thanet,2020-11-25,626,inferred
Thanet,2020-11-26,626,inferred
Thanet,2020-11-27,626,inferred
Thanet,2020-11-28,626,inferred
Thanet,2020-11-29,626,inferred
Thanet,2020-11-30,626,inferred
Thanet,2020-12-01,626,inferred
Thanet,2020-12-02,590,inferred
Thanet,2020-12-03,590,inferred
Thanet,2020-12-04,590,inferred
Thanet,2020-12-05,590,inferred
Thanet,2020-12-06,590,inferred
Thanet,2020-12-07,590,inferred
Thanet,2020-12-08,590,inferred
Thanet,2020-12-09,885,inferred
Thanet,2020-12-10,885,inferred
Thanet,2020-12-11,885,inferred
Thanet,2020-12-12,885,inferred
Thanet,2020-12-13,885,inferred
Thanet,2020-12-14,885,inferred
Thanet,2020-12-15,885,inferred
Thanet,2020-12-16,823,inferred
Thanet,2020-12-17,823,inferred
Thanet,2020-12-18,823,inferred
Thanet,2020-12-19,823,inferred
Thanet,2020-12-20,823,inferred
Thanet,2020-12-21,823,inferred
Thanet,2020-12-22,823,inferred
Thanet,2020-12-23,831,inferred
Thanet,2020-12-24,831,inferred
Thanet,2020-12-25,831,inferred
Thanet,2020-12-26,831,inferred
Thanet,2020-12-27,831,inferred
Thanet,2020-12-28,831,inferred
Thanet,2020-12-29,831,inferred
Thanet,2020-12-30,998,inferred
Thanet,2020-12-31,998,inferred
Thanet,2021-01-01,998,inferred
Thanet,2021-01-02,998,inferred
Thanet,2021-01-03,998,inferred
Thanet,2021-01-04,998,inferred
Thanet,2021-01-05,998,inferred
Thanet,2021-01-06,1008,projected
Thanet,2021-01-07,1008,projected
Thanet,2021-01-08,1008,projected
Thanet,2021-01-09,1008,projected
Thanet,2021-01-10,1008,projected
Thanet,2021-01-11,1008,projected
Thanet,2021-01-12,1008,projected
Thanet,2021-01-13,1025,projected
Thanet,2021-01-14,1025,projected
Thanet,2021-01-15,1025,projected
Thanet,2021-01-16,1025,projected
Thanet,2021-01-17,1025,projected
Thanet,2021-01-18,1025,projected
Thanet,2021-01-19,1025,projected
Thanet,2021-01-20,1094,projected
Thanet,2021-01-21,1094,projected
Thanet,2021-01-22,1094,projected
Thanet,2021-01-23,1094,projected
Thanet,2021-01-24,1094,projected
Thanet,2021-01-25,1094,projected
Thanet,2021-01-26,1094,projected
Three Rivers,2020-09-23, 44,inferred
Three Rivers,2020-09-24, 44,inferred
Three Rivers,2020-09-25, 44,inferred
Three Rivers,2020-09-26, 44,inferred
Three Rivers,2020-09-27, 44,inferred
Three Rivers,2020-09-28, 44,inferred
Three Rivers,2020-09-29, 44,inferred
Three Rivers,2020-09-30, 60,inferred
Three Rivers,2020-10-01, 60,inferred
Three Rivers,2020-10-02, 60,inferred
Three Rivers,2020-10-03, 60,inferred
Three Rivers,2020-10-04, 60,inferred
Three Rivers,2020-10-05, 60,inferred
Three Rivers,2020-10-06, 60,inferred
Three Rivers,2020-10-07, 94,inferred
Three Rivers,2020-10-08, 94,inferred
Three Rivers,2020-10-09, 94,inferred
Three Rivers,2020-10-10, 94,inferred
Three Rivers,2020-10-11, 94,inferred
Three Rivers,2020-10-12, 94,inferred
Three Rivers,2020-10-13, 94,inferred
Three Rivers,2020-10-14,105,inferred
Three Rivers,2020-10-15,105,inferred
Three Rivers,2020-10-16,105,inferred
Three Rivers,2020-10-17,105,inferred
Three Rivers,2020-10-18,105,inferred
Three Rivers,2020-10-19,105,inferred
Three Rivers,2020-10-20,105,inferred
Three Rivers,2020-10-21, 98,inferred
Three Rivers,2020-10-22, 98,inferred
Three Rivers,2020-10-23, 98,inferred
Three Rivers,2020-10-24, 98,inferred
Three Rivers,2020-10-25, 98,inferred
Three Rivers,2020-10-26, 98,inferred
Three Rivers,2020-10-27, 98,inferred
Three Rivers,2020-10-28, 96,inferred
Three Rivers,2020-10-29, 96,inferred
Three Rivers,2020-10-30, 96,inferred
Three Rivers,2020-10-31, 96,inferred
Three Rivers,2020-11-01, 96,inferred
Three Rivers,2020-11-02, 96,inferred
Three Rivers,2020-11-03, 96,inferred
Three Rivers,2020-11-04,172,inferred
Three Rivers,2020-11-05,172,inferred
Three Rivers,2020-11-06,172,inferred
Three Rivers,2020-11-07,172,inferred
Three Rivers,2020-11-08,172,inferred
Three Rivers,2020-11-09,172,inferred
Three Rivers,2020-11-10,172,inferred
Three Rivers,2020-11-11,169,inferred
Three Rivers,2020-11-12,169,inferred
Three Rivers,2020-11-13,169,inferred
Three Rivers,2020-11-14,169,inferred
Three Rivers,2020-11-15,169,inferred
Three Rivers,2020-11-16,169,inferred
Three Rivers,2020-11-17,169,inferred
Three Rivers,2020-11-18,135,inferred
Three Rivers,2020-11-19,135,inferred
Three Rivers,2020-11-20,135,inferred
Three Rivers,2020-11-21,135,inferred
Three Rivers,2020-11-22,135,inferred
Three Rivers,2020-11-23,135,inferred
Three Rivers,2020-11-24,135,inferred
Three Rivers,2020-11-25,113,inferred
Three Rivers,2020-11-26,113,inferred
Three Rivers,2020-11-27,113,inferred
Three Rivers,2020-11-28,113,inferred
Three Rivers,2020-11-29,113,inferred
Three Rivers,2020-11-30,113,inferred
Three Rivers,2020-12-01,113,inferred
Three Rivers,2020-12-02,143,inferred
Three Rivers,2020-12-03,143,inferred
Three Rivers,2020-12-04,143,inferred
Three Rivers,2020-12-05,143,inferred
Three Rivers,2020-12-06,143,inferred
Three Rivers,2020-12-07,143,inferred
Three Rivers,2020-12-08,143,inferred
Three Rivers,2020-12-09,315,inferred
Three Rivers,2020-12-10,315,inferred
Three Rivers,2020-12-11,315,inferred
Three Rivers,2020-12-12,315,inferred
Three Rivers,2020-12-13,315,inferred
Three Rivers,2020-12-14,315,inferred
Three Rivers,2020-12-15,315,inferred
Three Rivers,2020-12-16,709,inferred
Three Rivers,2020-12-17,709,inferred
Three Rivers,2020-12-18,709,inferred
Three Rivers,2020-12-19,709,inferred
Three Rivers,2020-12-20,709,inferred
Three Rivers,2020-12-21,709,inferred
Three Rivers,2020-12-22,709,inferred
Three Rivers,2020-12-23,874,inferred
Three Rivers,2020-12-24,874,inferred
Three Rivers,2020-12-25,874,inferred
Three Rivers,2020-12-26,874,inferred
Three Rivers,2020-12-27,874,inferred
Three Rivers,2020-12-28,874,inferred
Three Rivers,2020-12-29,874,inferred
Three Rivers,2020-12-30,790,inferred
Three Rivers,2020-12-31,790,inferred
Three Rivers,2021-01-01,790,inferred
Three Rivers,2021-01-02,790,inferred
Three Rivers,2021-01-03,790,inferred
Three Rivers,2021-01-04,790,inferred
Three Rivers,2021-01-05,790,inferred
Three Rivers,2021-01-06,668,projected
Three Rivers,2021-01-07,668,projected
Three Rivers,2021-01-08,668,projected
Three Rivers,2021-01-09,668,projected
Three Rivers,2021-01-10,668,projected
Three Rivers,2021-01-11,668,projected
Three Rivers,2021-01-12,668,projected
Three Rivers,2021-01-13,558,projected
Three Rivers,2021-01-14,558,projected
Three Rivers,2021-01-15,558,projected
Three Rivers,2021-01-16,558,projected
Three Rivers,2021-01-17,558,projected
Three Rivers,2021-01-18,558,projected
Three Rivers,2021-01-19,558,projected
Three Rivers,2021-01-20,501,projected
Three Rivers,2021-01-21,501,projected
Three Rivers,2021-01-22,501,projected
Three Rivers,2021-01-23,501,projected
Three Rivers,2021-01-24,501,projected
Three Rivers,2021-01-25,501,projected
Three Rivers,2021-01-26,501,projected
Thurrock,2020-09-23, 46,inferred
Thurrock,2020-09-24, 46,inferred
Thurrock,2020-09-25, 46,inferred
Thurrock,2020-09-26, 46,inferred
Thurrock,2020-09-27, 46,inferred
Thurrock,2020-09-28, 46,inferred
Thurrock,2020-09-29, 46,inferred
Thurrock,2020-09-30, 81,inferred
Thurrock,2020-10-01, 81,inferred
Thurrock,2020-10-02, 81,inferred
Thurrock,2020-10-03, 81,inferred
Thurrock,2020-10-04, 81,inferred
Thurrock,2020-10-05, 81,inferred
Thurrock,2020-10-06, 81,inferred
Thurrock,2020-10-07,169,inferred
Thurrock,2020-10-08,169,inferred
Thurrock,2020-10-09,169,inferred
Thurrock,2020-10-10,169,inferred
Thurrock,2020-10-11,169,inferred
Thurrock,2020-10-12,169,inferred
Thurrock,2020-10-13,169,inferred
Thurrock,2020-10-14,228,inferred
Thurrock,2020-10-15,228,inferred
Thurrock,2020-10-16,228,inferred
Thurrock,2020-10-17,228,inferred
Thurrock,2020-10-18,228,inferred
Thurrock,2020-10-19,228,inferred
Thurrock,2020-10-20,228,inferred
Thurrock,2020-10-21,289,inferred
Thurrock,2020-10-22,289,inferred
Thurrock,2020-10-23,289,inferred
Thurrock,2020-10-24,289,inferred
Thurrock,2020-10-25,289,inferred
Thurrock,2020-10-26,289,inferred
Thurrock,2020-10-27,289,inferred
Thurrock,2020-10-28,269,inferred
Thurrock,2020-10-29,269,inferred
Thurrock,2020-10-30,269,inferred
Thurrock,2020-10-31,269,inferred
Thurrock,2020-11-01,269,inferred
Thurrock,2020-11-02,269,inferred
Thurrock,2020-11-03,269,inferred
Thurrock,2020-11-04,318,inferred
Thurrock,2020-11-05,318,inferred
Thurrock,2020-11-06,318,inferred
Thurrock,2020-11-07,318,inferred
Thurrock,2020-11-08,318,inferred
Thurrock,2020-11-09,318,inferred
Thurrock,2020-11-10,318,inferred
Thurrock,2020-11-11,381,inferred
Thurrock,2020-11-12,381,inferred
Thurrock,2020-11-13,381,inferred
Thurrock,2020-11-14,381,inferred
Thurrock,2020-11-15,381,inferred
Thurrock,2020-11-16,381,inferred
Thurrock,2020-11-17,381,inferred
Thurrock,2020-11-18,362,inferred
Thurrock,2020-11-19,362,inferred
Thurrock,2020-11-20,362,inferred
Thurrock,2020-11-21,362,inferred
Thurrock,2020-11-22,362,inferred
Thurrock,2020-11-23,362,inferred
Thurrock,2020-11-24,362,inferred
Thurrock,2020-11-25,364,inferred
Thurrock,2020-11-26,364,inferred
Thurrock,2020-11-27,364,inferred
Thurrock,2020-11-28,364,inferred
Thurrock,2020-11-29,364,inferred
Thurrock,2020-11-30,364,inferred
Thurrock,2020-12-01,364,inferred
Thurrock,2020-12-02,611,inferred
Thurrock,2020-12-03,611,inferred
Thurrock,2020-12-04,611,inferred
Thurrock,2020-12-05,611,inferred
Thurrock,2020-12-06,611,inferred
Thurrock,2020-12-07,611,inferred
Thurrock,2020-12-08,611,inferred
Thurrock,2020-12-09,1692,inferred
Thurrock,2020-12-10,1692,inferred
Thurrock,2020-12-11,1692,inferred
Thurrock,2020-12-12,1692,inferred
Thurrock,2020-12-13,1692,inferred
Thurrock,2020-12-14,1692,inferred
Thurrock,2020-12-15,1692,inferred
Thurrock,2020-12-16,2506,inferred
Thurrock,2020-12-17,2506,inferred
Thurrock,2020-12-18,2506,inferred
Thurrock,2020-12-19,2506,inferred
Thurrock,2020-12-20,2506,inferred
Thurrock,2020-12-21,2506,inferred
Thurrock,2020-12-22,2506,inferred
Thurrock,2020-12-23,2307,inferred
Thurrock,2020-12-24,2307,inferred
Thurrock,2020-12-25,2307,inferred
Thurrock,2020-12-26,2307,inferred
Thurrock,2020-12-27,2307,inferred
Thurrock,2020-12-28,2307,inferred
Thurrock,2020-12-29,2307,inferred
Thurrock,2020-12-30,2541,inferred
Thurrock,2020-12-31,2541,inferred
Thurrock,2021-01-01,2541,inferred
Thurrock,2021-01-02,2541,inferred
Thurrock,2021-01-03,2541,inferred
Thurrock,2021-01-04,2541,inferred
Thurrock,2021-01-05,2541,inferred
Thurrock,2021-01-06,1944,projected
Thurrock,2021-01-07,1944,projected
Thurrock,2021-01-08,1944,projected
Thurrock,2021-01-09,1944,projected
Thurrock,2021-01-10,1944,projected
Thurrock,2021-01-11,1944,projected
Thurrock,2021-01-12,1944,projected
Thurrock,2021-01-13,1486,projected
Thurrock,2021-01-14,1486,projected
Thurrock,2021-01-15,1486,projected
Thurrock,2021-01-16,1486,projected
Thurrock,2021-01-17,1486,projected
Thurrock,2021-01-18,1486,projected
Thurrock,2021-01-19,1486,projected
Thurrock,2021-01-20,1168,projected
Thurrock,2021-01-21,1168,projected
Thurrock,2021-01-22,1168,projected
Thurrock,2021-01-23,1168,projected
Thurrock,2021-01-24,1168,projected
Thurrock,2021-01-25,1168,projected
Thurrock,2021-01-26,1168,projected
Tonbridge and Malling,2020-09-23, 14,inferred
Tonbridge and Malling,2020-09-24, 14,inferred
Tonbridge and Malling,2020-09-25, 14,inferred
Tonbridge and Malling,2020-09-26, 14,inferred
Tonbridge and Malling,2020-09-27, 14,inferred
Tonbridge and Malling,2020-09-28, 14,inferred
Tonbridge and Malling,2020-09-29, 14,inferred
Tonbridge and Malling,2020-09-30, 35,inferred
Tonbridge and Malling,2020-10-01, 35,inferred
Tonbridge and Malling,2020-10-02, 35,inferred
Tonbridge and Malling,2020-10-03, 35,inferred
Tonbridge and Malling,2020-10-04, 35,inferred
Tonbridge and Malling,2020-10-05, 35,inferred
Tonbridge and Malling,2020-10-06, 35,inferred
Tonbridge and Malling,2020-10-07, 56,inferred
Tonbridge and Malling,2020-10-08, 56,inferred
Tonbridge and Malling,2020-10-09, 56,inferred
Tonbridge and Malling,2020-10-10, 56,inferred
Tonbridge and Malling,2020-10-11, 56,inferred
Tonbridge and Malling,2020-10-12, 56,inferred
Tonbridge and Malling,2020-10-13, 56,inferred
Tonbridge and Malling,2020-10-14, 64,inferred
Tonbridge and Malling,2020-10-15, 64,inferred
Tonbridge and Malling,2020-10-16, 64,inferred
Tonbridge and Malling,2020-10-17, 64,inferred
Tonbridge and Malling,2020-10-18, 64,inferred
Tonbridge and Malling,2020-10-19, 64,inferred
Tonbridge and Malling,2020-10-20, 64,inferred
Tonbridge and Malling,2020-10-21, 93,inferred
Tonbridge and Malling,2020-10-22, 93,inferred
Tonbridge and Malling,2020-10-23, 93,inferred
Tonbridge and Malling,2020-10-24, 93,inferred
Tonbridge and Malling,2020-10-25, 93,inferred
Tonbridge and Malling,2020-10-26, 93,inferred
Tonbridge and Malling,2020-10-27, 93,inferred
Tonbridge and Malling,2020-10-28,160,inferred
Tonbridge and Malling,2020-10-29,160,inferred
Tonbridge and Malling,2020-10-30,160,inferred
Tonbridge and Malling,2020-10-31,160,inferred
Tonbridge and Malling,2020-11-01,160,inferred
Tonbridge and Malling,2020-11-02,160,inferred
Tonbridge and Malling,2020-11-03,160,inferred
Tonbridge and Malling,2020-11-04,226,inferred
Tonbridge and Malling,2020-11-05,226,inferred
Tonbridge and Malling,2020-11-06,226,inferred
Tonbridge and Malling,2020-11-07,226,inferred
Tonbridge and Malling,2020-11-08,226,inferred
Tonbridge and Malling,2020-11-09,226,inferred
Tonbridge and Malling,2020-11-10,226,inferred
Tonbridge and Malling,2020-11-11,260,inferred
Tonbridge and Malling,2020-11-12,260,inferred
Tonbridge and Malling,2020-11-13,260,inferred
Tonbridge and Malling,2020-11-14,260,inferred
Tonbridge and Malling,2020-11-15,260,inferred
Tonbridge and Malling,2020-11-16,260,inferred
Tonbridge and Malling,2020-11-17,260,inferred
Tonbridge and Malling,2020-11-18,271,inferred
Tonbridge and Malling,2020-11-19,271,inferred
Tonbridge and Malling,2020-11-20,271,inferred
Tonbridge and Malling,2020-11-21,271,inferred
Tonbridge and Malling,2020-11-22,271,inferred
Tonbridge and Malling,2020-11-23,271,inferred
Tonbridge and Malling,2020-11-24,271,inferred
Tonbridge and Malling,2020-11-25,306,inferred
Tonbridge and Malling,2020-11-26,306,inferred
Tonbridge and Malling,2020-11-27,306,inferred
Tonbridge and Malling,2020-11-28,306,inferred
Tonbridge and Malling,2020-11-29,306,inferred
Tonbridge and Malling,2020-11-30,306,inferred
Tonbridge and Malling,2020-12-01,306,inferred
Tonbridge and Malling,2020-12-02,462,inferred
Tonbridge and Malling,2020-12-03,462,inferred
Tonbridge and Malling,2020-12-04,462,inferred
Tonbridge and Malling,2020-12-05,462,inferred
Tonbridge and Malling,2020-12-06,462,inferred
Tonbridge and Malling,2020-12-07,462,inferred
Tonbridge and Malling,2020-12-08,462,inferred
Tonbridge and Malling,2020-12-09,791,inferred
Tonbridge and Malling,2020-12-10,791,inferred
Tonbridge and Malling,2020-12-11,791,inferred
Tonbridge and Malling,2020-12-12,791,inferred
Tonbridge and Malling,2020-12-13,791,inferred
Tonbridge and Malling,2020-12-14,791,inferred
Tonbridge and Malling,2020-12-15,791,inferred
Tonbridge and Malling,2020-12-16,950,inferred
Tonbridge and Malling,2020-12-17,950,inferred
Tonbridge and Malling,2020-12-18,950,inferred
Tonbridge and Malling,2020-12-19,950,inferred
Tonbridge and Malling,2020-12-20,950,inferred
Tonbridge and Malling,2020-12-21,950,inferred
Tonbridge and Malling,2020-12-22,950,inferred
Tonbridge and Malling,2020-12-23,944,inferred
Tonbridge and Malling,2020-12-24,944,inferred
Tonbridge and Malling,2020-12-25,944,inferred
Tonbridge and Malling,2020-12-26,944,inferred
Tonbridge and Malling,2020-12-27,944,inferred
Tonbridge and Malling,2020-12-28,944,inferred
Tonbridge and Malling,2020-12-29,944,inferred
Tonbridge and Malling,2020-12-30,938,inferred
Tonbridge and Malling,2020-12-31,938,inferred
Tonbridge and Malling,2021-01-01,938,inferred
Tonbridge and Malling,2021-01-02,938,inferred
Tonbridge and Malling,2021-01-03,938,inferred
Tonbridge and Malling,2021-01-04,938,inferred
Tonbridge and Malling,2021-01-05,938,inferred
Tonbridge and Malling,2021-01-06,715,projected
Tonbridge and Malling,2021-01-07,715,projected
Tonbridge and Malling,2021-01-08,715,projected
Tonbridge and Malling,2021-01-09,715,projected
Tonbridge and Malling,2021-01-10,715,projected
Tonbridge and Malling,2021-01-11,715,projected
Tonbridge and Malling,2021-01-12,715,projected
Tonbridge and Malling,2021-01-13,545,projected
Tonbridge and Malling,2021-01-14,545,projected
Tonbridge and Malling,2021-01-15,545,projected
Tonbridge and Malling,2021-01-16,545,projected
Tonbridge and Malling,2021-01-17,545,projected
Tonbridge and Malling,2021-01-18,545,projected
Tonbridge and Malling,2021-01-19,545,projected
Tonbridge and Malling,2021-01-20,432,projected
Tonbridge and Malling,2021-01-21,432,projected
Tonbridge and Malling,2021-01-22,432,projected
Tonbridge and Malling,2021-01-23,432,projected
Tonbridge and Malling,2021-01-24,432,projected
Tonbridge and Malling,2021-01-25,432,projected
Tonbridge and Malling,2021-01-26,432,projected
Torbay,2020-09-23, 40,inferred
Torbay,2020-09-24, 40,inferred
Torbay,2020-09-25, 40,inferred
Torbay,2020-09-26, 40,inferred
Torbay,2020-09-27, 40,inferred
Torbay,2020-09-28, 40,inferred
Torbay,2020-09-29, 40,inferred
Torbay,2020-09-30, 67,inferred
Torbay,2020-10-01, 67,inferred
Torbay,2020-10-02, 67,inferred
Torbay,2020-10-03, 67,inferred
Torbay,2020-10-04, 67,inferred
Torbay,2020-10-05, 67,inferred
Torbay,2020-10-06, 67,inferred
Torbay,2020-10-07,113,inferred
Torbay,2020-10-08,113,inferred
Torbay,2020-10-09,113,inferred
Torbay,2020-10-10,113,inferred
Torbay,2020-10-11,113,inferred
Torbay,2020-10-12,113,inferred
Torbay,2020-10-13,113,inferred
Torbay,2020-10-14,164,inferred
Torbay,2020-10-15,164,inferred
Torbay,2020-10-16,164,inferred
Torbay,2020-10-17,164,inferred
Torbay,2020-10-18,164,inferred
Torbay,2020-10-19,164,inferred
Torbay,2020-10-20,164,inferred
Torbay,2020-10-21,188,inferred
Torbay,2020-10-22,188,inferred
Torbay,2020-10-23,188,inferred
Torbay,2020-10-24,188,inferred
Torbay,2020-10-25,188,inferred
Torbay,2020-10-26,188,inferred
Torbay,2020-10-27,188,inferred
Torbay,2020-10-28,292,inferred
Torbay,2020-10-29,292,inferred
Torbay,2020-10-30,292,inferred
Torbay,2020-10-31,292,inferred
Torbay,2020-11-01,292,inferred
Torbay,2020-11-02,292,inferred
Torbay,2020-11-03,292,inferred
Torbay,2020-11-04,313,inferred
Torbay,2020-11-05,313,inferred
Torbay,2020-11-06,313,inferred
Torbay,2020-11-07,313,inferred
Torbay,2020-11-08,313,inferred
Torbay,2020-11-09,313,inferred
Torbay,2020-11-10,313,inferred
Torbay,2020-11-11,248,inferred
Torbay,2020-11-12,248,inferred
Torbay,2020-11-13,248,inferred
Torbay,2020-11-14,248,inferred
Torbay,2020-11-15,248,inferred
Torbay,2020-11-16,248,inferred
Torbay,2020-11-17,248,inferred
Torbay,2020-11-18,126,inferred
Torbay,2020-11-19,126,inferred
Torbay,2020-11-20,126,inferred
Torbay,2020-11-21,126,inferred
Torbay,2020-11-22,126,inferred
Torbay,2020-11-23,126,inferred
Torbay,2020-11-24,126,inferred
Torbay,2020-11-25, 69,inferred
Torbay,2020-11-26, 69,inferred
Torbay,2020-11-27, 69,inferred
Torbay,2020-11-28, 69,inferred
Torbay,2020-11-29, 69,inferred
Torbay,2020-11-30, 69,inferred
Torbay,2020-12-01, 69,inferred
Torbay,2020-12-02, 49,inferred
Torbay,2020-12-03, 49,inferred
Torbay,2020-12-04, 49,inferred
Torbay,2020-12-05, 49,inferred
Torbay,2020-12-06, 49,inferred
Torbay,2020-12-07, 49,inferred
Torbay,2020-12-08, 49,inferred
Torbay,2020-12-09, 60,inferred
Torbay,2020-12-10, 60,inferred
Torbay,2020-12-11, 60,inferred
Torbay,2020-12-12, 60,inferred
Torbay,2020-12-13, 60,inferred
Torbay,2020-12-14, 60,inferred
Torbay,2020-12-15, 60,inferred
Torbay,2020-12-16,108,inferred
Torbay,2020-12-17,108,inferred
Torbay,2020-12-18,108,inferred
Torbay,2020-12-19,108,inferred
Torbay,2020-12-20,108,inferred
Torbay,2020-12-21,108,inferred
Torbay,2020-12-22,108,inferred
Torbay,2020-12-23,112,inferred
Torbay,2020-12-24,112,inferred
Torbay,2020-12-25,112,inferred
Torbay,2020-12-26,112,inferred
Torbay,2020-12-27,112,inferred
Torbay,2020-12-28,112,inferred
Torbay,2020-12-29,112,inferred
Torbay,2020-12-30,282,inferred
Torbay,2020-12-31,282,inferred
Torbay,2021-01-01,282,inferred
Torbay,2021-01-02,282,inferred
Torbay,2021-01-03,282,inferred
Torbay,2021-01-04,282,inferred
Torbay,2021-01-05,282,inferred
Torbay,2021-01-06,540,projected
Torbay,2021-01-07,540,projected
Torbay,2021-01-08,540,projected
Torbay,2021-01-09,540,projected
Torbay,2021-01-10,540,projected
Torbay,2021-01-11,540,projected
Torbay,2021-01-12,540,projected
Torbay,2021-01-13,1022,projected
Torbay,2021-01-14,1022,projected
Torbay,2021-01-15,1022,projected
Torbay,2021-01-16,1022,projected
Torbay,2021-01-17,1022,projected
Torbay,2021-01-18,1022,projected
Torbay,2021-01-19,1022,projected
Torbay,2021-01-20,1785,projected
Torbay,2021-01-21,1785,projected
Torbay,2021-01-22,1785,projected
Torbay,2021-01-23,1785,projected
Torbay,2021-01-24,1785,projected
Torbay,2021-01-25,1785,projected
Torbay,2021-01-26,1785,projected
Torfaen,2020-09-23, 54,inferred
Torfaen,2020-09-24, 54,inferred
Torfaen,2020-09-25, 54,inferred
Torfaen,2020-09-26, 54,inferred
Torfaen,2020-09-27, 54,inferred
Torfaen,2020-09-28, 54,inferred
Torfaen,2020-09-29, 54,inferred
Torfaen,2020-09-30, 72,inferred
Torfaen,2020-10-01, 72,inferred
Torfaen,2020-10-02, 72,inferred
Torfaen,2020-10-03, 72,inferred
Torfaen,2020-10-04, 72,inferred
Torfaen,2020-10-05, 72,inferred
Torfaen,2020-10-06, 72,inferred
Torfaen,2020-10-07, 84,inferred
Torfaen,2020-10-08, 84,inferred
Torfaen,2020-10-09, 84,inferred
Torfaen,2020-10-10, 84,inferred
Torfaen,2020-10-11, 84,inferred
Torfaen,2020-10-12, 84,inferred
Torfaen,2020-10-13, 84,inferred
Torfaen,2020-10-14,122,inferred
Torfaen,2020-10-15,122,inferred
Torfaen,2020-10-16,122,inferred
Torfaen,2020-10-17,122,inferred
Torfaen,2020-10-18,122,inferred
Torfaen,2020-10-19,122,inferred
Torfaen,2020-10-20,122,inferred
Torfaen,2020-10-21,245,inferred
Torfaen,2020-10-22,245,inferred
Torfaen,2020-10-23,245,inferred
Torfaen,2020-10-24,245,inferred
Torfaen,2020-10-25,245,inferred
Torfaen,2020-10-26,245,inferred
Torfaen,2020-10-27,245,inferred
Torfaen,2020-10-28,183,inferred
Torfaen,2020-10-29,183,inferred
Torfaen,2020-10-30,183,inferred
Torfaen,2020-10-31,183,inferred
Torfaen,2020-11-01,183,inferred
Torfaen,2020-11-02,183,inferred
Torfaen,2020-11-03,183,inferred
Torfaen,2020-11-04,163,inferred
Torfaen,2020-11-05,163,inferred
Torfaen,2020-11-06,163,inferred
Torfaen,2020-11-07,163,inferred
Torfaen,2020-11-08,163,inferred
Torfaen,2020-11-09,163,inferred
Torfaen,2020-11-10,163,inferred
Torfaen,2020-11-11,186,inferred
Torfaen,2020-11-12,186,inferred
Torfaen,2020-11-13,186,inferred
Torfaen,2020-11-14,186,inferred
Torfaen,2020-11-15,186,inferred
Torfaen,2020-11-16,186,inferred
Torfaen,2020-11-17,186,inferred
Torfaen,2020-11-18,362,inferred
Torfaen,2020-11-19,362,inferred
Torfaen,2020-11-20,362,inferred
Torfaen,2020-11-21,362,inferred
Torfaen,2020-11-22,362,inferred
Torfaen,2020-11-23,362,inferred
Torfaen,2020-11-24,362,inferred
Torfaen,2020-11-25,391,inferred
Torfaen,2020-11-26,391,inferred
Torfaen,2020-11-27,391,inferred
Torfaen,2020-11-28,391,inferred
Torfaen,2020-11-29,391,inferred
Torfaen,2020-11-30,391,inferred
Torfaen,2020-12-01,391,inferred
Torfaen,2020-12-02,484,inferred
Torfaen,2020-12-03,484,inferred
Torfaen,2020-12-04,484,inferred
Torfaen,2020-12-05,484,inferred
Torfaen,2020-12-06,484,inferred
Torfaen,2020-12-07,484,inferred
Torfaen,2020-12-08,484,inferred
Torfaen,2020-12-09,785,inferred
Torfaen,2020-12-10,785,inferred
Torfaen,2020-12-11,785,inferred
Torfaen,2020-12-12,785,inferred
Torfaen,2020-12-13,785,inferred
Torfaen,2020-12-14,785,inferred
Torfaen,2020-12-15,785,inferred
Torfaen,2020-12-16,619,inferred
Torfaen,2020-12-17,619,inferred
Torfaen,2020-12-18,619,inferred
Torfaen,2020-12-19,619,inferred
Torfaen,2020-12-20,619,inferred
Torfaen,2020-12-21,619,inferred
Torfaen,2020-12-22,619,inferred
Torfaen,2020-12-23,537,inferred
Torfaen,2020-12-24,537,inferred
Torfaen,2020-12-25,537,inferred
Torfaen,2020-12-26,537,inferred
Torfaen,2020-12-27,537,inferred
Torfaen,2020-12-28,537,inferred
Torfaen,2020-12-29,537,inferred
Torfaen,2020-12-30,494,inferred
Torfaen,2020-12-31,494,inferred
Torfaen,2021-01-01,494,inferred
Torfaen,2021-01-02,494,inferred
Torfaen,2021-01-03,494,inferred
Torfaen,2021-01-04,494,inferred
Torfaen,2021-01-05,494,inferred
Torfaen,2021-01-06,489,projected
Torfaen,2021-01-07,489,projected
Torfaen,2021-01-08,489,projected
Torfaen,2021-01-09,489,projected
Torfaen,2021-01-10,489,projected
Torfaen,2021-01-11,489,projected
Torfaen,2021-01-12,489,projected
Torfaen,2021-01-13,462,projected
Torfaen,2021-01-14,462,projected
Torfaen,2021-01-15,462,projected
Torfaen,2021-01-16,462,projected
Torfaen,2021-01-17,462,projected
Torfaen,2021-01-18,462,projected
Torfaen,2021-01-19,462,projected
Torfaen,2021-01-20,429,projected
Torfaen,2021-01-21,429,projected
Torfaen,2021-01-22,429,projected
Torfaen,2021-01-23,429,projected
Torfaen,2021-01-24,429,projected
Torfaen,2021-01-25,429,projected
Torfaen,2021-01-26,429,projected
Torridge,2020-09-23,  5,inferred
Torridge,2020-09-24,  5,inferred
Torridge,2020-09-25,  5,inferred
Torridge,2020-09-26,  5,inferred
Torridge,2020-09-27,  5,inferred
Torridge,2020-09-28,  5,inferred
Torridge,2020-09-29,  5,inferred
Torridge,2020-09-30, 12,inferred
Torridge,2020-10-01, 12,inferred
Torridge,2020-10-02, 12,inferred
Torridge,2020-10-03, 12,inferred
Torridge,2020-10-04, 12,inferred
Torridge,2020-10-05, 12,inferred
Torridge,2020-10-06, 12,inferred
Torridge,2020-10-07, 20,inferred
Torridge,2020-10-08, 20,inferred
Torridge,2020-10-09, 20,inferred
Torridge,2020-10-10, 20,inferred
Torridge,2020-10-11, 20,inferred
Torridge,2020-10-12, 20,inferred
Torridge,2020-10-13, 20,inferred
Torridge,2020-10-14, 17,inferred
Torridge,2020-10-15, 17,inferred
Torridge,2020-10-16, 17,inferred
Torridge,2020-10-17, 17,inferred
Torridge,2020-10-18, 17,inferred
Torridge,2020-10-19, 17,inferred
Torridge,2020-10-20, 17,inferred
Torridge,2020-10-21, 30,inferred
Torridge,2020-10-22, 30,inferred
Torridge,2020-10-23, 30,inferred
Torridge,2020-10-24, 30,inferred
Torridge,2020-10-25, 30,inferred
Torridge,2020-10-26, 30,inferred
Torridge,2020-10-27, 30,inferred
Torridge,2020-10-28, 43,inferred
Torridge,2020-10-29, 43,inferred
Torridge,2020-10-30, 43,inferred
Torridge,2020-10-31, 43,inferred
Torridge,2020-11-01, 43,inferred
Torridge,2020-11-02, 43,inferred
Torridge,2020-11-03, 43,inferred
Torridge,2020-11-04, 64,inferred
Torridge,2020-11-05, 64,inferred
Torridge,2020-11-06, 64,inferred
Torridge,2020-11-07, 64,inferred
Torridge,2020-11-08, 64,inferred
Torridge,2020-11-09, 64,inferred
Torridge,2020-11-10, 64,inferred
Torridge,2020-11-11, 56,inferred
Torridge,2020-11-12, 56,inferred
Torridge,2020-11-13, 56,inferred
Torridge,2020-11-14, 56,inferred
Torridge,2020-11-15, 56,inferred
Torridge,2020-11-16, 56,inferred
Torridge,2020-11-17, 56,inferred
Torridge,2020-11-18, 65,inferred
Torridge,2020-11-19, 65,inferred
Torridge,2020-11-20, 65,inferred
Torridge,2020-11-21, 65,inferred
Torridge,2020-11-22, 65,inferred
Torridge,2020-11-23, 65,inferred
Torridge,2020-11-24, 65,inferred
Torridge,2020-11-25, 71,inferred
Torridge,2020-11-26, 71,inferred
Torridge,2020-11-27, 71,inferred
Torridge,2020-11-28, 71,inferred
Torridge,2020-11-29, 71,inferred
Torridge,2020-11-30, 71,inferred
Torridge,2020-12-01, 71,inferred
Torridge,2020-12-02, 31,inferred
Torridge,2020-12-03, 31,inferred
Torridge,2020-12-04, 31,inferred
Torridge,2020-12-05, 31,inferred
Torridge,2020-12-06, 31,inferred
Torridge,2020-12-07, 31,inferred
Torridge,2020-12-08, 31,inferred
Torridge,2020-12-09, 64,inferred
Torridge,2020-12-10, 64,inferred
Torridge,2020-12-11, 64,inferred
Torridge,2020-12-12, 64,inferred
Torridge,2020-12-13, 64,inferred
Torridge,2020-12-14, 64,inferred
Torridge,2020-12-15, 64,inferred
Torridge,2020-12-16, 79,inferred
Torridge,2020-12-17, 79,inferred
Torridge,2020-12-18, 79,inferred
Torridge,2020-12-19, 79,inferred
Torridge,2020-12-20, 79,inferred
Torridge,2020-12-21, 79,inferred
Torridge,2020-12-22, 79,inferred
Torridge,2020-12-23, 68,inferred
Torridge,2020-12-24, 68,inferred
Torridge,2020-12-25, 68,inferred
Torridge,2020-12-26, 68,inferred
Torridge,2020-12-27, 68,inferred
Torridge,2020-12-28, 68,inferred
Torridge,2020-12-29, 68,inferred
Torridge,2020-12-30, 81,inferred
Torridge,2020-12-31, 81,inferred
Torridge,2021-01-01, 81,inferred
Torridge,2021-01-02, 81,inferred
Torridge,2021-01-03, 81,inferred
Torridge,2021-01-04, 81,inferred
Torridge,2021-01-05, 81,inferred
Torridge,2021-01-06, 96,projected
Torridge,2021-01-07, 96,projected
Torridge,2021-01-08, 96,projected
Torridge,2021-01-09, 96,projected
Torridge,2021-01-10, 96,projected
Torridge,2021-01-11, 96,projected
Torridge,2021-01-12, 96,projected
Torridge,2021-01-13,114,projected
Torridge,2021-01-14,114,projected
Torridge,2021-01-15,114,projected
Torridge,2021-01-16,114,projected
Torridge,2021-01-17,114,projected
Torridge,2021-01-18,114,projected
Torridge,2021-01-19,114,projected
Torridge,2021-01-20,144,projected
Torridge,2021-01-21,144,projected
Torridge,2021-01-22,144,projected
Torridge,2021-01-23,144,projected
Torridge,2021-01-24,144,projected
Torridge,2021-01-25,144,projected
Torridge,2021-01-26,144,projected
Tower Hamlets,2020-09-23,213,inferred
Tower Hamlets,2020-09-24,213,inferred
Tower Hamlets,2020-09-25,213,inferred
Tower Hamlets,2020-09-26,213,inferred
Tower Hamlets,2020-09-27,213,inferred
Tower Hamlets,2020-09-28,213,inferred
Tower Hamlets,2020-09-29,213,inferred
Tower Hamlets,2020-09-30,347,inferred
Tower Hamlets,2020-10-01,347,inferred
Tower Hamlets,2020-10-02,347,inferred
Tower Hamlets,2020-10-03,347,inferred
Tower Hamlets,2020-10-04,347,inferred
Tower Hamlets,2020-10-05,347,inferred
Tower Hamlets,2020-10-06,347,inferred
Tower Hamlets,2020-10-07,362,inferred
Tower Hamlets,2020-10-08,362,inferred
Tower Hamlets,2020-10-09,362,inferred
Tower Hamlets,2020-10-10,362,inferred
Tower Hamlets,2020-10-11,362,inferred
Tower Hamlets,2020-10-12,362,inferred
Tower Hamlets,2020-10-13,362,inferred
Tower Hamlets,2020-10-14,503,inferred
Tower Hamlets,2020-10-15,503,inferred
Tower Hamlets,2020-10-16,503,inferred
Tower Hamlets,2020-10-17,503,inferred
Tower Hamlets,2020-10-18,503,inferred
Tower Hamlets,2020-10-19,503,inferred
Tower Hamlets,2020-10-20,503,inferred
Tower Hamlets,2020-10-21,612,inferred
Tower Hamlets,2020-10-22,612,inferred
Tower Hamlets,2020-10-23,612,inferred
Tower Hamlets,2020-10-24,612,inferred
Tower Hamlets,2020-10-25,612,inferred
Tower Hamlets,2020-10-26,612,inferred
Tower Hamlets,2020-10-27,612,inferred
Tower Hamlets,2020-10-28,639,inferred
Tower Hamlets,2020-10-29,639,inferred
Tower Hamlets,2020-10-30,639,inferred
Tower Hamlets,2020-10-31,639,inferred
Tower Hamlets,2020-11-01,639,inferred
Tower Hamlets,2020-11-02,639,inferred
Tower Hamlets,2020-11-03,639,inferred
Tower Hamlets,2020-11-04,772,inferred
Tower Hamlets,2020-11-05,772,inferred
Tower Hamlets,2020-11-06,772,inferred
Tower Hamlets,2020-11-07,772,inferred
Tower Hamlets,2020-11-08,772,inferred
Tower Hamlets,2020-11-09,772,inferred
Tower Hamlets,2020-11-10,772,inferred
Tower Hamlets,2020-11-11,845,inferred
Tower Hamlets,2020-11-12,845,inferred
Tower Hamlets,2020-11-13,845,inferred
Tower Hamlets,2020-11-14,845,inferred
Tower Hamlets,2020-11-15,845,inferred
Tower Hamlets,2020-11-16,845,inferred
Tower Hamlets,2020-11-17,845,inferred
Tower Hamlets,2020-11-18,671,inferred
Tower Hamlets,2020-11-19,671,inferred
Tower Hamlets,2020-11-20,671,inferred
Tower Hamlets,2020-11-21,671,inferred
Tower Hamlets,2020-11-22,671,inferred
Tower Hamlets,2020-11-23,671,inferred
Tower Hamlets,2020-11-24,671,inferred
Tower Hamlets,2020-11-25,686,inferred
Tower Hamlets,2020-11-26,686,inferred
Tower Hamlets,2020-11-27,686,inferred
Tower Hamlets,2020-11-28,686,inferred
Tower Hamlets,2020-11-29,686,inferred
Tower Hamlets,2020-11-30,686,inferred
Tower Hamlets,2020-12-01,686,inferred
Tower Hamlets,2020-12-02,933,inferred
Tower Hamlets,2020-12-03,933,inferred
Tower Hamlets,2020-12-04,933,inferred
Tower Hamlets,2020-12-05,933,inferred
Tower Hamlets,2020-12-06,933,inferred
Tower Hamlets,2020-12-07,933,inferred
Tower Hamlets,2020-12-08,933,inferred
Tower Hamlets,2020-12-09,1912,inferred
Tower Hamlets,2020-12-10,1912,inferred
Tower Hamlets,2020-12-11,1912,inferred
Tower Hamlets,2020-12-12,1912,inferred
Tower Hamlets,2020-12-13,1912,inferred
Tower Hamlets,2020-12-14,1912,inferred
Tower Hamlets,2020-12-15,1912,inferred
Tower Hamlets,2020-12-16,3348,inferred
Tower Hamlets,2020-12-17,3348,inferred
Tower Hamlets,2020-12-18,3348,inferred
Tower Hamlets,2020-12-19,3348,inferred
Tower Hamlets,2020-12-20,3348,inferred
Tower Hamlets,2020-12-21,3348,inferred
Tower Hamlets,2020-12-22,3348,inferred
Tower Hamlets,2020-12-23,3484,inferred
Tower Hamlets,2020-12-24,3484,inferred
Tower Hamlets,2020-12-25,3484,inferred
Tower Hamlets,2020-12-26,3484,inferred
Tower Hamlets,2020-12-27,3484,inferred
Tower Hamlets,2020-12-28,3484,inferred
Tower Hamlets,2020-12-29,3484,inferred
Tower Hamlets,2020-12-30,4116,inferred
Tower Hamlets,2020-12-31,4116,inferred
Tower Hamlets,2021-01-01,4116,inferred
Tower Hamlets,2021-01-02,4116,inferred
Tower Hamlets,2021-01-03,4116,inferred
Tower Hamlets,2021-01-04,4116,inferred
Tower Hamlets,2021-01-05,4116,inferred
Tower Hamlets,2021-01-06,3158,projected
Tower Hamlets,2021-01-07,3158,projected
Tower Hamlets,2021-01-08,3158,projected
Tower Hamlets,2021-01-09,3158,projected
Tower Hamlets,2021-01-10,3158,projected
Tower Hamlets,2021-01-11,3158,projected
Tower Hamlets,2021-01-12,3158,projected
Tower Hamlets,2021-01-13,2417,projected
Tower Hamlets,2021-01-14,2417,projected
Tower Hamlets,2021-01-15,2417,projected
Tower Hamlets,2021-01-16,2417,projected
Tower Hamlets,2021-01-17,2417,projected
Tower Hamlets,2021-01-18,2417,projected
Tower Hamlets,2021-01-19,2417,projected
Tower Hamlets,2021-01-20,1934,projected
Tower Hamlets,2021-01-21,1934,projected
Tower Hamlets,2021-01-22,1934,projected
Tower Hamlets,2021-01-23,1934,projected
Tower Hamlets,2021-01-24,1934,projected
Tower Hamlets,2021-01-25,1934,projected
Tower Hamlets,2021-01-26,1934,projected
Trafford,2020-09-23,370,inferred
Trafford,2020-09-24,370,inferred
Trafford,2020-09-25,370,inferred
Trafford,2020-09-26,370,inferred
Trafford,2020-09-27,370,inferred
Trafford,2020-09-28,370,inferred
Trafford,2020-09-29,370,inferred
Trafford,2020-09-30,702,inferred
Trafford,2020-10-01,702,inferred
Trafford,2020-10-02,702,inferred
Trafford,2020-10-03,702,inferred
Trafford,2020-10-04,702,inferred
Trafford,2020-10-05,702,inferred
Trafford,2020-10-06,702,inferred
Trafford,2020-10-07,727,inferred
Trafford,2020-10-08,727,inferred
Trafford,2020-10-09,727,inferred
Trafford,2020-10-10,727,inferred
Trafford,2020-10-11,727,inferred
Trafford,2020-10-12,727,inferred
Trafford,2020-10-13,727,inferred
Trafford,2020-10-14,861,inferred
Trafford,2020-10-15,861,inferred
Trafford,2020-10-16,861,inferred
Trafford,2020-10-17,861,inferred
Trafford,2020-10-18,861,inferred
Trafford,2020-10-19,861,inferred
Trafford,2020-10-20,861,inferred
Trafford,2020-10-21,975,inferred
Trafford,2020-10-22,975,inferred
Trafford,2020-10-23,975,inferred
Trafford,2020-10-24,975,inferred
Trafford,2020-10-25,975,inferred
Trafford,2020-10-26,975,inferred
Trafford,2020-10-27,975,inferred
Trafford,2020-10-28,950,inferred
Trafford,2020-10-29,950,inferred
Trafford,2020-10-30,950,inferred
Trafford,2020-10-31,950,inferred
Trafford,2020-11-01,950,inferred
Trafford,2020-11-02,950,inferred
Trafford,2020-11-03,950,inferred
Trafford,2020-11-04,886,inferred
Trafford,2020-11-05,886,inferred
Trafford,2020-11-06,886,inferred
Trafford,2020-11-07,886,inferred
Trafford,2020-11-08,886,inferred
Trafford,2020-11-09,886,inferred
Trafford,2020-11-10,886,inferred
Trafford,2020-11-11,612,inferred
Trafford,2020-11-12,612,inferred
Trafford,2020-11-13,612,inferred
Trafford,2020-11-14,612,inferred
Trafford,2020-11-15,612,inferred
Trafford,2020-11-16,612,inferred
Trafford,2020-11-17,612,inferred
Trafford,2020-11-18,337,inferred
Trafford,2020-11-19,337,inferred
Trafford,2020-11-20,337,inferred
Trafford,2020-11-21,337,inferred
Trafford,2020-11-22,337,inferred
Trafford,2020-11-23,337,inferred
Trafford,2020-11-24,337,inferred
Trafford,2020-11-25,235,inferred
Trafford,2020-11-26,235,inferred
Trafford,2020-11-27,235,inferred
Trafford,2020-11-28,235,inferred
Trafford,2020-11-29,235,inferred
Trafford,2020-11-30,235,inferred
Trafford,2020-12-01,235,inferred
Trafford,2020-12-02,208,inferred
Trafford,2020-12-03,208,inferred
Trafford,2020-12-04,208,inferred
Trafford,2020-12-05,208,inferred
Trafford,2020-12-06,208,inferred
Trafford,2020-12-07,208,inferred
Trafford,2020-12-08,208,inferred
Trafford,2020-12-09,330,inferred
Trafford,2020-12-10,330,inferred
Trafford,2020-12-11,330,inferred
Trafford,2020-12-12,330,inferred
Trafford,2020-12-13,330,inferred
Trafford,2020-12-14,330,inferred
Trafford,2020-12-15,330,inferred
Trafford,2020-12-16,536,inferred
Trafford,2020-12-17,536,inferred
Trafford,2020-12-18,536,inferred
Trafford,2020-12-19,536,inferred
Trafford,2020-12-20,536,inferred
Trafford,2020-12-21,536,inferred
Trafford,2020-12-22,536,inferred
Trafford,2020-12-23,712,inferred
Trafford,2020-12-24,712,inferred
Trafford,2020-12-25,712,inferred
Trafford,2020-12-26,712,inferred
Trafford,2020-12-27,712,inferred
Trafford,2020-12-28,712,inferred
Trafford,2020-12-29,712,inferred
Trafford,2020-12-30,1082,inferred
Trafford,2020-12-31,1082,inferred
Trafford,2021-01-01,1082,inferred
Trafford,2021-01-02,1082,inferred
Trafford,2021-01-03,1082,inferred
Trafford,2021-01-04,1082,inferred
Trafford,2021-01-05,1082,inferred
Trafford,2021-01-06,1191,projected
Trafford,2021-01-07,1191,projected
Trafford,2021-01-08,1191,projected
Trafford,2021-01-09,1191,projected
Trafford,2021-01-10,1191,projected
Trafford,2021-01-11,1191,projected
Trafford,2021-01-12,1191,projected
Trafford,2021-01-13,1302,projected
Trafford,2021-01-14,1302,projected
Trafford,2021-01-15,1302,projected
Trafford,2021-01-16,1302,projected
Trafford,2021-01-17,1302,projected
Trafford,2021-01-18,1302,projected
Trafford,2021-01-19,1302,projected
Trafford,2021-01-20,1466,projected
Trafford,2021-01-21,1466,projected
Trafford,2021-01-22,1466,projected
Trafford,2021-01-23,1466,projected
Trafford,2021-01-24,1466,projected
Trafford,2021-01-25,1466,projected
Trafford,2021-01-26,1466,projected
Tunbridge Wells,2020-09-23, 21,inferred
Tunbridge Wells,2020-09-24, 21,inferred
Tunbridge Wells,2020-09-25, 21,inferred
Tunbridge Wells,2020-09-26, 21,inferred
Tunbridge Wells,2020-09-27, 21,inferred
Tunbridge Wells,2020-09-28, 21,inferred
Tunbridge Wells,2020-09-29, 21,inferred
Tunbridge Wells,2020-09-30, 47,inferred
Tunbridge Wells,2020-10-01, 47,inferred
Tunbridge Wells,2020-10-02, 47,inferred
Tunbridge Wells,2020-10-03, 47,inferred
Tunbridge Wells,2020-10-04, 47,inferred
Tunbridge Wells,2020-10-05, 47,inferred
Tunbridge Wells,2020-10-06, 47,inferred
Tunbridge Wells,2020-10-07, 51,inferred
Tunbridge Wells,2020-10-08, 51,inferred
Tunbridge Wells,2020-10-09, 51,inferred
Tunbridge Wells,2020-10-10, 51,inferred
Tunbridge Wells,2020-10-11, 51,inferred
Tunbridge Wells,2020-10-12, 51,inferred
Tunbridge Wells,2020-10-13, 51,inferred
Tunbridge Wells,2020-10-14, 38,inferred
Tunbridge Wells,2020-10-15, 38,inferred
Tunbridge Wells,2020-10-16, 38,inferred
Tunbridge Wells,2020-10-17, 38,inferred
Tunbridge Wells,2020-10-18, 38,inferred
Tunbridge Wells,2020-10-19, 38,inferred
Tunbridge Wells,2020-10-20, 38,inferred
Tunbridge Wells,2020-10-21, 56,inferred
Tunbridge Wells,2020-10-22, 56,inferred
Tunbridge Wells,2020-10-23, 56,inferred
Tunbridge Wells,2020-10-24, 56,inferred
Tunbridge Wells,2020-10-25, 56,inferred
Tunbridge Wells,2020-10-26, 56,inferred
Tunbridge Wells,2020-10-27, 56,inferred
Tunbridge Wells,2020-10-28, 84,inferred
Tunbridge Wells,2020-10-29, 84,inferred
Tunbridge Wells,2020-10-30, 84,inferred
Tunbridge Wells,2020-10-31, 84,inferred
Tunbridge Wells,2020-11-01, 84,inferred
Tunbridge Wells,2020-11-02, 84,inferred
Tunbridge Wells,2020-11-03, 84,inferred
Tunbridge Wells,2020-11-04,121,inferred
Tunbridge Wells,2020-11-05,121,inferred
Tunbridge Wells,2020-11-06,121,inferred
Tunbridge Wells,2020-11-07,121,inferred
Tunbridge Wells,2020-11-08,121,inferred
Tunbridge Wells,2020-11-09,121,inferred
Tunbridge Wells,2020-11-10,121,inferred
Tunbridge Wells,2020-11-11,160,inferred
Tunbridge Wells,2020-11-12,160,inferred
Tunbridge Wells,2020-11-13,160,inferred
Tunbridge Wells,2020-11-14,160,inferred
Tunbridge Wells,2020-11-15,160,inferred
Tunbridge Wells,2020-11-16,160,inferred
Tunbridge Wells,2020-11-17,160,inferred
Tunbridge Wells,2020-11-18, 93,inferred
Tunbridge Wells,2020-11-19, 93,inferred
Tunbridge Wells,2020-11-20, 93,inferred
Tunbridge Wells,2020-11-21, 93,inferred
Tunbridge Wells,2020-11-22, 93,inferred
Tunbridge Wells,2020-11-23, 93,inferred
Tunbridge Wells,2020-11-24, 93,inferred
Tunbridge Wells,2020-11-25,154,inferred
Tunbridge Wells,2020-11-26,154,inferred
Tunbridge Wells,2020-11-27,154,inferred
Tunbridge Wells,2020-11-28,154,inferred
Tunbridge Wells,2020-11-29,154,inferred
Tunbridge Wells,2020-11-30,154,inferred
Tunbridge Wells,2020-12-01,154,inferred
Tunbridge Wells,2020-12-02,290,inferred
Tunbridge Wells,2020-12-03,290,inferred
Tunbridge Wells,2020-12-04,290,inferred
Tunbridge Wells,2020-12-05,290,inferred
Tunbridge Wells,2020-12-06,290,inferred
Tunbridge Wells,2020-12-07,290,inferred
Tunbridge Wells,2020-12-08,290,inferred
Tunbridge Wells,2020-12-09,402,inferred
Tunbridge Wells,2020-12-10,402,inferred
Tunbridge Wells,2020-12-11,402,inferred
Tunbridge Wells,2020-12-12,402,inferred
Tunbridge Wells,2020-12-13,402,inferred
Tunbridge Wells,2020-12-14,402,inferred
Tunbridge Wells,2020-12-15,402,inferred
Tunbridge Wells,2020-12-16,660,inferred
Tunbridge Wells,2020-12-17,660,inferred
Tunbridge Wells,2020-12-18,660,inferred
Tunbridge Wells,2020-12-19,660,inferred
Tunbridge Wells,2020-12-20,660,inferred
Tunbridge Wells,2020-12-21,660,inferred
Tunbridge Wells,2020-12-22,660,inferred
Tunbridge Wells,2020-12-23,568,inferred
Tunbridge Wells,2020-12-24,568,inferred
Tunbridge Wells,2020-12-25,568,inferred
Tunbridge Wells,2020-12-26,568,inferred
Tunbridge Wells,2020-12-27,568,inferred
Tunbridge Wells,2020-12-28,568,inferred
Tunbridge Wells,2020-12-29,568,inferred
Tunbridge Wells,2020-12-30,620,inferred
Tunbridge Wells,2020-12-31,620,inferred
Tunbridge Wells,2021-01-01,620,inferred
Tunbridge Wells,2021-01-02,620,inferred
Tunbridge Wells,2021-01-03,620,inferred
Tunbridge Wells,2021-01-04,620,inferred
Tunbridge Wells,2021-01-05,620,inferred
Tunbridge Wells,2021-01-06,562,projected
Tunbridge Wells,2021-01-07,562,projected
Tunbridge Wells,2021-01-08,562,projected
Tunbridge Wells,2021-01-09,562,projected
Tunbridge Wells,2021-01-10,562,projected
Tunbridge Wells,2021-01-11,562,projected
Tunbridge Wells,2021-01-12,562,projected
Tunbridge Wells,2021-01-13,484,projected
Tunbridge Wells,2021-01-14,484,projected
Tunbridge Wells,2021-01-15,484,projected
Tunbridge Wells,2021-01-16,484,projected
Tunbridge Wells,2021-01-17,484,projected
Tunbridge Wells,2021-01-18,484,projected
Tunbridge Wells,2021-01-19,484,projected
Tunbridge Wells,2021-01-20,429,projected
Tunbridge Wells,2021-01-21,429,projected
Tunbridge Wells,2021-01-22,429,projected
Tunbridge Wells,2021-01-23,429,projected
Tunbridge Wells,2021-01-24,429,projected
Tunbridge Wells,2021-01-25,429,projected
Tunbridge Wells,2021-01-26,429,projected
Uttlesford,2020-09-23, 51,inferred
Uttlesford,2020-09-24, 51,inferred
Uttlesford,2020-09-25, 51,inferred
Uttlesford,2020-09-26, 51,inferred
Uttlesford,2020-09-27, 51,inferred
Uttlesford,2020-09-28, 51,inferred
Uttlesford,2020-09-29, 51,inferred
Uttlesford,2020-09-30, 54,inferred
Uttlesford,2020-10-01, 54,inferred
Uttlesford,2020-10-02, 54,inferred
Uttlesford,2020-10-03, 54,inferred
Uttlesford,2020-10-04, 54,inferred
Uttlesford,2020-10-05, 54,inferred
Uttlesford,2020-10-06, 54,inferred
Uttlesford,2020-10-07, 51,inferred
Uttlesford,2020-10-08, 51,inferred
Uttlesford,2020-10-09, 51,inferred
Uttlesford,2020-10-10, 51,inferred
Uttlesford,2020-10-11, 51,inferred
Uttlesford,2020-10-12, 51,inferred
Uttlesford,2020-10-13, 51,inferred
Uttlesford,2020-10-14, 78,inferred
Uttlesford,2020-10-15, 78,inferred
Uttlesford,2020-10-16, 78,inferred
Uttlesford,2020-10-17, 78,inferred
Uttlesford,2020-10-18, 78,inferred
Uttlesford,2020-10-19, 78,inferred
Uttlesford,2020-10-20, 78,inferred
Uttlesford,2020-10-21, 57,inferred
Uttlesford,2020-10-22, 57,inferred
Uttlesford,2020-10-23, 57,inferred
Uttlesford,2020-10-24, 57,inferred
Uttlesford,2020-10-25, 57,inferred
Uttlesford,2020-10-26, 57,inferred
Uttlesford,2020-10-27, 57,inferred
Uttlesford,2020-10-28, 89,inferred
Uttlesford,2020-10-29, 89,inferred
Uttlesford,2020-10-30, 89,inferred
Uttlesford,2020-10-31, 89,inferred
Uttlesford,2020-11-01, 89,inferred
Uttlesford,2020-11-02, 89,inferred
Uttlesford,2020-11-03, 89,inferred
Uttlesford,2020-11-04,138,inferred
Uttlesford,2020-11-05,138,inferred
Uttlesford,2020-11-06,138,inferred
Uttlesford,2020-11-07,138,inferred
Uttlesford,2020-11-08,138,inferred
Uttlesford,2020-11-09,138,inferred
Uttlesford,2020-11-10,138,inferred
Uttlesford,2020-11-11,120,inferred
Uttlesford,2020-11-12,120,inferred
Uttlesford,2020-11-13,120,inferred
Uttlesford,2020-11-14,120,inferred
Uttlesford,2020-11-15,120,inferred
Uttlesford,2020-11-16,120,inferred
Uttlesford,2020-11-17,120,inferred
Uttlesford,2020-11-18, 72,inferred
Uttlesford,2020-11-19, 72,inferred
Uttlesford,2020-11-20, 72,inferred
Uttlesford,2020-11-21, 72,inferred
Uttlesford,2020-11-22, 72,inferred
Uttlesford,2020-11-23, 72,inferred
Uttlesford,2020-11-24, 72,inferred
Uttlesford,2020-11-25, 77,inferred
Uttlesford,2020-11-26, 77,inferred
Uttlesford,2020-11-27, 77,inferred
Uttlesford,2020-11-28, 77,inferred
Uttlesford,2020-11-29, 77,inferred
Uttlesford,2020-11-30, 77,inferred
Uttlesford,2020-12-01, 77,inferred
Uttlesford,2020-12-02,108,inferred
Uttlesford,2020-12-03,108,inferred
Uttlesford,2020-12-04,108,inferred
Uttlesford,2020-12-05,108,inferred
Uttlesford,2020-12-06,108,inferred
Uttlesford,2020-12-07,108,inferred
Uttlesford,2020-12-08,108,inferred
Uttlesford,2020-12-09,223,inferred
Uttlesford,2020-12-10,223,inferred
Uttlesford,2020-12-11,223,inferred
Uttlesford,2020-12-12,223,inferred
Uttlesford,2020-12-13,223,inferred
Uttlesford,2020-12-14,223,inferred
Uttlesford,2020-12-15,223,inferred
Uttlesford,2020-12-16,473,inferred
Uttlesford,2020-12-17,473,inferred
Uttlesford,2020-12-18,473,inferred
Uttlesford,2020-12-19,473,inferred
Uttlesford,2020-12-20,473,inferred
Uttlesford,2020-12-21,473,inferred
Uttlesford,2020-12-22,473,inferred
Uttlesford,2020-12-23,678,inferred
Uttlesford,2020-12-24,678,inferred
Uttlesford,2020-12-25,678,inferred
Uttlesford,2020-12-26,678,inferred
Uttlesford,2020-12-27,678,inferred
Uttlesford,2020-12-28,678,inferred
Uttlesford,2020-12-29,678,inferred
Uttlesford,2020-12-30,759,inferred
Uttlesford,2020-12-31,759,inferred
Uttlesford,2021-01-01,759,inferred
Uttlesford,2021-01-02,759,inferred
Uttlesford,2021-01-03,759,inferred
Uttlesford,2021-01-04,759,inferred
Uttlesford,2021-01-05,759,inferred
Uttlesford,2021-01-06,636,projected
Uttlesford,2021-01-07,636,projected
Uttlesford,2021-01-08,636,projected
Uttlesford,2021-01-09,636,projected
Uttlesford,2021-01-10,636,projected
Uttlesford,2021-01-11,636,projected
Uttlesford,2021-01-12,636,projected
Uttlesford,2021-01-13,542,projected
Uttlesford,2021-01-14,542,projected
Uttlesford,2021-01-15,542,projected
Uttlesford,2021-01-16,542,projected
Uttlesford,2021-01-17,542,projected
Uttlesford,2021-01-18,542,projected
Uttlesford,2021-01-19,542,projected
Uttlesford,2021-01-20,484,projected
Uttlesford,2021-01-21,484,projected
Uttlesford,2021-01-22,484,projected
Uttlesford,2021-01-23,484,projected
Uttlesford,2021-01-24,484,projected
Uttlesford,2021-01-25,484,projected
Uttlesford,2021-01-26,484,projected
Vale of Glamorgan,2020-09-23, 67,inferred
Vale of Glamorgan,2020-09-24, 67,inferred
Vale of Glamorgan,2020-09-25, 67,inferred
Vale of Glamorgan,2020-09-26, 67,inferred
Vale of Glamorgan,2020-09-27, 67,inferred
Vale of Glamorgan,2020-09-28, 67,inferred
Vale of Glamorgan,2020-09-29, 67,inferred
Vale of Glamorgan,2020-09-30, 84,inferred
Vale of Glamorgan,2020-10-01, 84,inferred
Vale of Glamorgan,2020-10-02, 84,inferred
Vale of Glamorgan,2020-10-03, 84,inferred
Vale of Glamorgan,2020-10-04, 84,inferred
Vale of Glamorgan,2020-10-05, 84,inferred
Vale of Glamorgan,2020-10-06, 84,inferred
Vale of Glamorgan,2020-10-07, 92,inferred
Vale of Glamorgan,2020-10-08, 92,inferred
Vale of Glamorgan,2020-10-09, 92,inferred
Vale of Glamorgan,2020-10-10, 92,inferred
Vale of Glamorgan,2020-10-11, 92,inferred
Vale of Glamorgan,2020-10-12, 92,inferred
Vale of Glamorgan,2020-10-13, 92,inferred
Vale of Glamorgan,2020-10-14, 91,inferred
Vale of Glamorgan,2020-10-15, 91,inferred
Vale of Glamorgan,2020-10-16, 91,inferred
Vale of Glamorgan,2020-10-17, 91,inferred
Vale of Glamorgan,2020-10-18, 91,inferred
Vale of Glamorgan,2020-10-19, 91,inferred
Vale of Glamorgan,2020-10-20, 91,inferred
Vale of Glamorgan,2020-10-21,145,inferred
Vale of Glamorgan,2020-10-22,145,inferred
Vale of Glamorgan,2020-10-23,145,inferred
Vale of Glamorgan,2020-10-24,145,inferred
Vale of Glamorgan,2020-10-25,145,inferred
Vale of Glamorgan,2020-10-26,145,inferred
Vale of Glamorgan,2020-10-27,145,inferred
Vale of Glamorgan,2020-10-28,216,inferred
Vale of Glamorgan,2020-10-29,216,inferred
Vale of Glamorgan,2020-10-30,216,inferred
Vale of Glamorgan,2020-10-31,216,inferred
Vale of Glamorgan,2020-11-01,216,inferred
Vale of Glamorgan,2020-11-02,216,inferred
Vale of Glamorgan,2020-11-03,216,inferred
Vale of Glamorgan,2020-11-04,167,inferred
Vale of Glamorgan,2020-11-05,167,inferred
Vale of Glamorgan,2020-11-06,167,inferred
Vale of Glamorgan,2020-11-07,167,inferred
Vale of Glamorgan,2020-11-08,167,inferred
Vale of Glamorgan,2020-11-09,167,inferred
Vale of Glamorgan,2020-11-10,167,inferred
Vale of Glamorgan,2020-11-11,172,inferred
Vale of Glamorgan,2020-11-12,172,inferred
Vale of Glamorgan,2020-11-13,172,inferred
Vale of Glamorgan,2020-11-14,172,inferred
Vale of Glamorgan,2020-11-15,172,inferred
Vale of Glamorgan,2020-11-16,172,inferred
Vale of Glamorgan,2020-11-17,172,inferred
Vale of Glamorgan,2020-11-18,196,inferred
Vale of Glamorgan,2020-11-19,196,inferred
Vale of Glamorgan,2020-11-20,196,inferred
Vale of Glamorgan,2020-11-21,196,inferred
Vale of Glamorgan,2020-11-22,196,inferred
Vale of Glamorgan,2020-11-23,196,inferred
Vale of Glamorgan,2020-11-24,196,inferred
Vale of Glamorgan,2020-11-25,279,inferred
Vale of Glamorgan,2020-11-26,279,inferred
Vale of Glamorgan,2020-11-27,279,inferred
Vale of Glamorgan,2020-11-28,279,inferred
Vale of Glamorgan,2020-11-29,279,inferred
Vale of Glamorgan,2020-11-30,279,inferred
Vale of Glamorgan,2020-12-01,279,inferred
Vale of Glamorgan,2020-12-02,406,inferred
Vale of Glamorgan,2020-12-03,406,inferred
Vale of Glamorgan,2020-12-04,406,inferred
Vale of Glamorgan,2020-12-05,406,inferred
Vale of Glamorgan,2020-12-06,406,inferred
Vale of Glamorgan,2020-12-07,406,inferred
Vale of Glamorgan,2020-12-08,406,inferred
Vale of Glamorgan,2020-12-09,763,inferred
Vale of Glamorgan,2020-12-10,763,inferred
Vale of Glamorgan,2020-12-11,763,inferred
Vale of Glamorgan,2020-12-12,763,inferred
Vale of Glamorgan,2020-12-13,763,inferred
Vale of Glamorgan,2020-12-14,763,inferred
Vale of Glamorgan,2020-12-15,763,inferred
Vale of Glamorgan,2020-12-16,851,inferred
Vale of Glamorgan,2020-12-17,851,inferred
Vale of Glamorgan,2020-12-18,851,inferred
Vale of Glamorgan,2020-12-19,851,inferred
Vale of Glamorgan,2020-12-20,851,inferred
Vale of Glamorgan,2020-12-21,851,inferred
Vale of Glamorgan,2020-12-22,851,inferred
Vale of Glamorgan,2020-12-23,734,inferred
Vale of Glamorgan,2020-12-24,734,inferred
Vale of Glamorgan,2020-12-25,734,inferred
Vale of Glamorgan,2020-12-26,734,inferred
Vale of Glamorgan,2020-12-27,734,inferred
Vale of Glamorgan,2020-12-28,734,inferred
Vale of Glamorgan,2020-12-29,734,inferred
Vale of Glamorgan,2020-12-30,603,inferred
Vale of Glamorgan,2020-12-31,603,inferred
Vale of Glamorgan,2021-01-01,603,inferred
Vale of Glamorgan,2021-01-02,603,inferred
Vale of Glamorgan,2021-01-03,603,inferred
Vale of Glamorgan,2021-01-04,603,inferred
Vale of Glamorgan,2021-01-05,603,inferred
Vale of Glamorgan,2021-01-06,541,projected
Vale of Glamorgan,2021-01-07,541,projected
Vale of Glamorgan,2021-01-08,541,projected
Vale of Glamorgan,2021-01-09,541,projected
Vale of Glamorgan,2021-01-10,541,projected
Vale of Glamorgan,2021-01-11,541,projected
Vale of Glamorgan,2021-01-12,541,projected
Vale of Glamorgan,2021-01-13,469,projected
Vale of Glamorgan,2021-01-14,469,projected
Vale of Glamorgan,2021-01-15,469,projected
Vale of Glamorgan,2021-01-16,469,projected
Vale of Glamorgan,2021-01-17,469,projected
Vale of Glamorgan,2021-01-18,469,projected
Vale of Glamorgan,2021-01-19,469,projected
Vale of Glamorgan,2021-01-20,435,projected
Vale of Glamorgan,2021-01-21,435,projected
Vale of Glamorgan,2021-01-22,435,projected
Vale of Glamorgan,2021-01-23,435,projected
Vale of Glamorgan,2021-01-24,435,projected
Vale of Glamorgan,2021-01-25,435,projected
Vale of Glamorgan,2021-01-26,435,projected
Vale of White Horse,2020-09-23, 22,inferred
Vale of White Horse,2020-09-24, 22,inferred
Vale of White Horse,2020-09-25, 22,inferred
Vale of White Horse,2020-09-26, 22,inferred
Vale of White Horse,2020-09-27, 22,inferred
Vale of White Horse,2020-09-28, 22,inferred
Vale of White Horse,2020-09-29, 22,inferred
Vale of White Horse,2020-09-30, 54,inferred
Vale of White Horse,2020-10-01, 54,inferred
Vale of White Horse,2020-10-02, 54,inferred
Vale of White Horse,2020-10-03, 54,inferred
Vale of White Horse,2020-10-04, 54,inferred
Vale of White Horse,2020-10-05, 54,inferred
Vale of White Horse,2020-10-06, 54,inferred
Vale of White Horse,2020-10-07, 72,inferred
Vale of White Horse,2020-10-08, 72,inferred
Vale of White Horse,2020-10-09, 72,inferred
Vale of White Horse,2020-10-10, 72,inferred
Vale of White Horse,2020-10-11, 72,inferred
Vale of White Horse,2020-10-12, 72,inferred
Vale of White Horse,2020-10-13, 72,inferred
Vale of White Horse,2020-10-14, 88,inferred
Vale of White Horse,2020-10-15, 88,inferred
Vale of White Horse,2020-10-16, 88,inferred
Vale of White Horse,2020-10-17, 88,inferred
Vale of White Horse,2020-10-18, 88,inferred
Vale of White Horse,2020-10-19, 88,inferred
Vale of White Horse,2020-10-20, 88,inferred
Vale of White Horse,2020-10-21,110,inferred
Vale of White Horse,2020-10-22,110,inferred
Vale of White Horse,2020-10-23,110,inferred
Vale of White Horse,2020-10-24,110,inferred
Vale of White Horse,2020-10-25,110,inferred
Vale of White Horse,2020-10-26,110,inferred
Vale of White Horse,2020-10-27,110,inferred
Vale of White Horse,2020-10-28,121,inferred
Vale of White Horse,2020-10-29,121,inferred
Vale of White Horse,2020-10-30,121,inferred
Vale of White Horse,2020-10-31,121,inferred
Vale of White Horse,2020-11-01,121,inferred
Vale of White Horse,2020-11-02,121,inferred
Vale of White Horse,2020-11-03,121,inferred
Vale of White Horse,2020-11-04,179,inferred
Vale of White Horse,2020-11-05,179,inferred
Vale of White Horse,2020-11-06,179,inferred
Vale of White Horse,2020-11-07,179,inferred
Vale of White Horse,2020-11-08,179,inferred
Vale of White Horse,2020-11-09,179,inferred
Vale of White Horse,2020-11-10,179,inferred
Vale of White Horse,2020-11-11,163,inferred
Vale of White Horse,2020-11-12,163,inferred
Vale of White Horse,2020-11-13,163,inferred
Vale of White Horse,2020-11-14,163,inferred
Vale of White Horse,2020-11-15,163,inferred
Vale of White Horse,2020-11-16,163,inferred
Vale of White Horse,2020-11-17,163,inferred
Vale of White Horse,2020-11-18, 85,inferred
Vale of White Horse,2020-11-19, 85,inferred
Vale of White Horse,2020-11-20, 85,inferred
Vale of White Horse,2020-11-21, 85,inferred
Vale of White Horse,2020-11-22, 85,inferred
Vale of White Horse,2020-11-23, 85,inferred
Vale of White Horse,2020-11-24, 85,inferred
Vale of White Horse,2020-11-25, 86,inferred
Vale of White Horse,2020-11-26, 86,inferred
Vale of White Horse,2020-11-27, 86,inferred
Vale of White Horse,2020-11-28, 86,inferred
Vale of White Horse,2020-11-29, 86,inferred
Vale of White Horse,2020-11-30, 86,inferred
Vale of White Horse,2020-12-01, 86,inferred
Vale of White Horse,2020-12-02, 96,inferred
Vale of White Horse,2020-12-03, 96,inferred
Vale of White Horse,2020-12-04, 96,inferred
Vale of White Horse,2020-12-05, 96,inferred
Vale of White Horse,2020-12-06, 96,inferred
Vale of White Horse,2020-12-07, 96,inferred
Vale of White Horse,2020-12-08, 96,inferred
Vale of White Horse,2020-12-09,212,inferred
Vale of White Horse,2020-12-10,212,inferred
Vale of White Horse,2020-12-11,212,inferred
Vale of White Horse,2020-12-12,212,inferred
Vale of White Horse,2020-12-13,212,inferred
Vale of White Horse,2020-12-14,212,inferred
Vale of White Horse,2020-12-15,212,inferred
Vale of White Horse,2020-12-16,324,inferred
Vale of White Horse,2020-12-17,324,inferred
Vale of White Horse,2020-12-18,324,inferred
Vale of White Horse,2020-12-19,324,inferred
Vale of White Horse,2020-12-20,324,inferred
Vale of White Horse,2020-12-21,324,inferred
Vale of White Horse,2020-12-22,324,inferred
Vale of White Horse,2020-12-23,474,inferred
Vale of White Horse,2020-12-24,474,inferred
Vale of White Horse,2020-12-25,474,inferred
Vale of White Horse,2020-12-26,474,inferred
Vale of White Horse,2020-12-27,474,inferred
Vale of White Horse,2020-12-28,474,inferred
Vale of White Horse,2020-12-29,474,inferred
Vale of White Horse,2020-12-30,604,inferred
Vale of White Horse,2020-12-31,604,inferred
Vale of White Horse,2021-01-01,604,inferred
Vale of White Horse,2021-01-02,604,inferred
Vale of White Horse,2021-01-03,604,inferred
Vale of White Horse,2021-01-04,604,inferred
Vale of White Horse,2021-01-05,604,inferred
Vale of White Horse,2021-01-06,576,projected
Vale of White Horse,2021-01-07,576,projected
Vale of White Horse,2021-01-08,576,projected
Vale of White Horse,2021-01-09,576,projected
Vale of White Horse,2021-01-10,576,projected
Vale of White Horse,2021-01-11,576,projected
Vale of White Horse,2021-01-12,576,projected
Vale of White Horse,2021-01-13,531,projected
Vale of White Horse,2021-01-14,531,projected
Vale of White Horse,2021-01-15,531,projected
Vale of White Horse,2021-01-16,531,projected
Vale of White Horse,2021-01-17,531,projected
Vale of White Horse,2021-01-18,531,projected
Vale of White Horse,2021-01-19,531,projected
Vale of White Horse,2021-01-20,493,projected
Vale of White Horse,2021-01-21,493,projected
Vale of White Horse,2021-01-22,493,projected
Vale of White Horse,2021-01-23,493,projected
Vale of White Horse,2021-01-24,493,projected
Vale of White Horse,2021-01-25,493,projected
Vale of White Horse,2021-01-26,493,projected
Wakefield,2020-09-23,347,inferred
Wakefield,2020-09-24,347,inferred
Wakefield,2020-09-25,347,inferred
Wakefield,2020-09-26,347,inferred
Wakefield,2020-09-27,347,inferred
Wakefield,2020-09-28,347,inferred
Wakefield,2020-09-29,347,inferred
Wakefield,2020-09-30,625,inferred
Wakefield,2020-10-01,625,inferred
Wakefield,2020-10-02,625,inferred
Wakefield,2020-10-03,625,inferred
Wakefield,2020-10-04,625,inferred
Wakefield,2020-10-05,625,inferred
Wakefield,2020-10-06,625,inferred
Wakefield,2020-10-07,879,inferred
Wakefield,2020-10-08,879,inferred
Wakefield,2020-10-09,879,inferred
Wakefield,2020-10-10,879,inferred
Wakefield,2020-10-11,879,inferred
Wakefield,2020-10-12,879,inferred
Wakefield,2020-10-13,879,inferred
Wakefield,2020-10-14,1288,inferred
Wakefield,2020-10-15,1288,inferred
Wakefield,2020-10-16,1288,inferred
Wakefield,2020-10-17,1288,inferred
Wakefield,2020-10-18,1288,inferred
Wakefield,2020-10-19,1288,inferred
Wakefield,2020-10-20,1288,inferred
Wakefield,2020-10-21,1515,inferred
Wakefield,2020-10-22,1515,inferred
Wakefield,2020-10-23,1515,inferred
Wakefield,2020-10-24,1515,inferred
Wakefield,2020-10-25,1515,inferred
Wakefield,2020-10-26,1515,inferred
Wakefield,2020-10-27,1515,inferred
Wakefield,2020-10-28,1730,inferred
Wakefield,2020-10-29,1730,inferred
Wakefield,2020-10-30,1730,inferred
Wakefield,2020-10-31,1730,inferred
Wakefield,2020-11-01,1730,inferred
Wakefield,2020-11-02,1730,inferred
Wakefield,2020-11-03,1730,inferred
Wakefield,2020-11-04,1818,inferred
Wakefield,2020-11-05,1818,inferred
Wakefield,2020-11-06,1818,inferred
Wakefield,2020-11-07,1818,inferred
Wakefield,2020-11-08,1818,inferred
Wakefield,2020-11-09,1818,inferred
Wakefield,2020-11-10,1818,inferred
Wakefield,2020-11-11,1419,inferred
Wakefield,2020-11-12,1419,inferred
Wakefield,2020-11-13,1419,inferred
Wakefield,2020-11-14,1419,inferred
Wakefield,2020-11-15,1419,inferred
Wakefield,2020-11-16,1419,inferred
Wakefield,2020-11-17,1419,inferred
Wakefield,2020-11-18,984,inferred
Wakefield,2020-11-19,984,inferred
Wakefield,2020-11-20,984,inferred
Wakefield,2020-11-21,984,inferred
Wakefield,2020-11-22,984,inferred
Wakefield,2020-11-23,984,inferred
Wakefield,2020-11-24,984,inferred
Wakefield,2020-11-25,674,inferred
Wakefield,2020-11-26,674,inferred
Wakefield,2020-11-27,674,inferred
Wakefield,2020-11-28,674,inferred
Wakefield,2020-11-29,674,inferred
Wakefield,2020-11-30,674,inferred
Wakefield,2020-12-01,674,inferred
Wakefield,2020-12-02,560,inferred
Wakefield,2020-12-03,560,inferred
Wakefield,2020-12-04,560,inferred
Wakefield,2020-12-05,560,inferred
Wakefield,2020-12-06,560,inferred
Wakefield,2020-12-07,560,inferred
Wakefield,2020-12-08,560,inferred
Wakefield,2020-12-09,536,inferred
Wakefield,2020-12-10,536,inferred
Wakefield,2020-12-11,536,inferred
Wakefield,2020-12-12,536,inferred
Wakefield,2020-12-13,536,inferred
Wakefield,2020-12-14,536,inferred
Wakefield,2020-12-15,536,inferred
Wakefield,2020-12-16,615,inferred
Wakefield,2020-12-17,615,inferred
Wakefield,2020-12-18,615,inferred
Wakefield,2020-12-19,615,inferred
Wakefield,2020-12-20,615,inferred
Wakefield,2020-12-21,615,inferred
Wakefield,2020-12-22,615,inferred
Wakefield,2020-12-23,763,inferred
Wakefield,2020-12-24,763,inferred
Wakefield,2020-12-25,763,inferred
Wakefield,2020-12-26,763,inferred
Wakefield,2020-12-27,763,inferred
Wakefield,2020-12-28,763,inferred
Wakefield,2020-12-29,763,inferred
Wakefield,2020-12-30,1002,inferred
Wakefield,2020-12-31,1002,inferred
Wakefield,2021-01-01,1002,inferred
Wakefield,2021-01-02,1002,inferred
Wakefield,2021-01-03,1002,inferred
Wakefield,2021-01-04,1002,inferred
Wakefield,2021-01-05,1002,inferred
Wakefield,2021-01-06,1019,projected
Wakefield,2021-01-07,1019,projected
Wakefield,2021-01-08,1019,projected
Wakefield,2021-01-09,1019,projected
Wakefield,2021-01-10,1019,projected
Wakefield,2021-01-11,1019,projected
Wakefield,2021-01-12,1019,projected
Wakefield,2021-01-13,1007,projected
Wakefield,2021-01-14,1007,projected
Wakefield,2021-01-15,1007,projected
Wakefield,2021-01-16,1007,projected
Wakefield,2021-01-17,1007,projected
Wakefield,2021-01-18,1007,projected
Wakefield,2021-01-19,1007,projected
Wakefield,2021-01-20,1035,projected
Wakefield,2021-01-21,1035,projected
Wakefield,2021-01-22,1035,projected
Wakefield,2021-01-23,1035,projected
Wakefield,2021-01-24,1035,projected
Wakefield,2021-01-25,1035,projected
Wakefield,2021-01-26,1035,projected
Walsall,2020-09-23,241,inferred
Walsall,2020-09-24,241,inferred
Walsall,2020-09-25,241,inferred
Walsall,2020-09-26,241,inferred
Walsall,2020-09-27,241,inferred
Walsall,2020-09-28,241,inferred
Walsall,2020-09-29,241,inferred
Walsall,2020-09-30,378,inferred
Walsall,2020-10-01,378,inferred
Walsall,2020-10-02,378,inferred
Walsall,2020-10-03,378,inferred
Walsall,2020-10-04,378,inferred
Walsall,2020-10-05,378,inferred
Walsall,2020-10-06,378,inferred
Walsall,2020-10-07,493,inferred
Walsall,2020-10-08,493,inferred
Walsall,2020-10-09,493,inferred
Walsall,2020-10-10,493,inferred
Walsall,2020-10-11,493,inferred
Walsall,2020-10-12,493,inferred
Walsall,2020-10-13,493,inferred
Walsall,2020-10-14,745,inferred
Walsall,2020-10-15,745,inferred
Walsall,2020-10-16,745,inferred
Walsall,2020-10-17,745,inferred
Walsall,2020-10-18,745,inferred
Walsall,2020-10-19,745,inferred
Walsall,2020-10-20,745,inferred
Walsall,2020-10-21,968,inferred
Walsall,2020-10-22,968,inferred
Walsall,2020-10-23,968,inferred
Walsall,2020-10-24,968,inferred
Walsall,2020-10-25,968,inferred
Walsall,2020-10-26,968,inferred
Walsall,2020-10-27,968,inferred
Walsall,2020-10-28,1008,inferred
Walsall,2020-10-29,1008,inferred
Walsall,2020-10-30,1008,inferred
Walsall,2020-10-31,1008,inferred
Walsall,2020-11-01,1008,inferred
Walsall,2020-11-02,1008,inferred
Walsall,2020-11-03,1008,inferred
Walsall,2020-11-04,1117,inferred
Walsall,2020-11-05,1117,inferred
Walsall,2020-11-06,1117,inferred
Walsall,2020-11-07,1117,inferred
Walsall,2020-11-08,1117,inferred
Walsall,2020-11-09,1117,inferred
Walsall,2020-11-10,1117,inferred
Walsall,2020-11-11,1135,inferred
Walsall,2020-11-12,1135,inferred
Walsall,2020-11-13,1135,inferred
Walsall,2020-11-14,1135,inferred
Walsall,2020-11-15,1135,inferred
Walsall,2020-11-16,1135,inferred
Walsall,2020-11-17,1135,inferred
Walsall,2020-11-18,812,inferred
Walsall,2020-11-19,812,inferred
Walsall,2020-11-20,812,inferred
Walsall,2020-11-21,812,inferred
Walsall,2020-11-22,812,inferred
Walsall,2020-11-23,812,inferred
Walsall,2020-11-24,812,inferred
Walsall,2020-11-25,644,inferred
Walsall,2020-11-26,644,inferred
Walsall,2020-11-27,644,inferred
Walsall,2020-11-28,644,inferred
Walsall,2020-11-29,644,inferred
Walsall,2020-11-30,644,inferred
Walsall,2020-12-01,644,inferred
Walsall,2020-12-02,494,inferred
Walsall,2020-12-03,494,inferred
Walsall,2020-12-04,494,inferred
Walsall,2020-12-05,494,inferred
Walsall,2020-12-06,494,inferred
Walsall,2020-12-07,494,inferred
Walsall,2020-12-08,494,inferred
Walsall,2020-12-09,621,inferred
Walsall,2020-12-10,621,inferred
Walsall,2020-12-11,621,inferred
Walsall,2020-12-12,621,inferred
Walsall,2020-12-13,621,inferred
Walsall,2020-12-14,621,inferred
Walsall,2020-12-15,621,inferred
Walsall,2020-12-16,841,inferred
Walsall,2020-12-17,841,inferred
Walsall,2020-12-18,841,inferred
Walsall,2020-12-19,841,inferred
Walsall,2020-12-20,841,inferred
Walsall,2020-12-21,841,inferred
Walsall,2020-12-22,841,inferred
Walsall,2020-12-23,1189,inferred
Walsall,2020-12-24,1189,inferred
Walsall,2020-12-25,1189,inferred
Walsall,2020-12-26,1189,inferred
Walsall,2020-12-27,1189,inferred
Walsall,2020-12-28,1189,inferred
Walsall,2020-12-29,1189,inferred
Walsall,2020-12-30,2361,inferred
Walsall,2020-12-31,2361,inferred
Walsall,2021-01-01,2361,inferred
Walsall,2021-01-02,2361,inferred
Walsall,2021-01-03,2361,inferred
Walsall,2021-01-04,2361,inferred
Walsall,2021-01-05,2361,inferred
Walsall,2021-01-06,2144,projected
Walsall,2021-01-07,2144,projected
Walsall,2021-01-08,2144,projected
Walsall,2021-01-09,2144,projected
Walsall,2021-01-10,2144,projected
Walsall,2021-01-11,2144,projected
Walsall,2021-01-12,2144,projected
Walsall,2021-01-13,1891,projected
Walsall,2021-01-14,1891,projected
Walsall,2021-01-15,1891,projected
Walsall,2021-01-16,1891,projected
Walsall,2021-01-17,1891,projected
Walsall,2021-01-18,1891,projected
Walsall,2021-01-19,1891,projected
Walsall,2021-01-20,1693,projected
Walsall,2021-01-21,1693,projected
Walsall,2021-01-22,1693,projected
Walsall,2021-01-23,1693,projected
Walsall,2021-01-24,1693,projected
Walsall,2021-01-25,1693,projected
Walsall,2021-01-26,1693,projected
Waltham Forest,2020-09-23,129,inferred
Waltham Forest,2020-09-24,129,inferred
Waltham Forest,2020-09-25,129,inferred
Waltham Forest,2020-09-26,129,inferred
Waltham Forest,2020-09-27,129,inferred
Waltham Forest,2020-09-28,129,inferred
Waltham Forest,2020-09-29,129,inferred
Waltham Forest,2020-09-30,253,inferred
Waltham Forest,2020-10-01,253,inferred
Waltham Forest,2020-10-02,253,inferred
Waltham Forest,2020-10-03,253,inferred
Waltham Forest,2020-10-04,253,inferred
Waltham Forest,2020-10-05,253,inferred
Waltham Forest,2020-10-06,253,inferred
Waltham Forest,2020-10-07,255,inferred
Waltham Forest,2020-10-08,255,inferred
Waltham Forest,2020-10-09,255,inferred
Waltham Forest,2020-10-10,255,inferred
Waltham Forest,2020-10-11,255,inferred
Waltham Forest,2020-10-12,255,inferred
Waltham Forest,2020-10-13,255,inferred
Waltham Forest,2020-10-14,321,inferred
Waltham Forest,2020-10-15,321,inferred
Waltham Forest,2020-10-16,321,inferred
Waltham Forest,2020-10-17,321,inferred
Waltham Forest,2020-10-18,321,inferred
Waltham Forest,2020-10-19,321,inferred
Waltham Forest,2020-10-20,321,inferred
Waltham Forest,2020-10-21,431,inferred
Waltham Forest,2020-10-22,431,inferred
Waltham Forest,2020-10-23,431,inferred
Waltham Forest,2020-10-24,431,inferred
Waltham Forest,2020-10-25,431,inferred
Waltham Forest,2020-10-26,431,inferred
Waltham Forest,2020-10-27,431,inferred
Waltham Forest,2020-10-28,454,inferred
Waltham Forest,2020-10-29,454,inferred
Waltham Forest,2020-10-30,454,inferred
Waltham Forest,2020-10-31,454,inferred
Waltham Forest,2020-11-01,454,inferred
Waltham Forest,2020-11-02,454,inferred
Waltham Forest,2020-11-03,454,inferred
Waltham Forest,2020-11-04,565,inferred
Waltham Forest,2020-11-05,565,inferred
Waltham Forest,2020-11-06,565,inferred
Waltham Forest,2020-11-07,565,inferred
Waltham Forest,2020-11-08,565,inferred
Waltham Forest,2020-11-09,565,inferred
Waltham Forest,2020-11-10,565,inferred
Waltham Forest,2020-11-11,585,inferred
Waltham Forest,2020-11-12,585,inferred
Waltham Forest,2020-11-13,585,inferred
Waltham Forest,2020-11-14,585,inferred
Waltham Forest,2020-11-15,585,inferred
Waltham Forest,2020-11-16,585,inferred
Waltham Forest,2020-11-17,585,inferred
Waltham Forest,2020-11-18,589,inferred
Waltham Forest,2020-11-19,589,inferred
Waltham Forest,2020-11-20,589,inferred
Waltham Forest,2020-11-21,589,inferred
Waltham Forest,2020-11-22,589,inferred
Waltham Forest,2020-11-23,589,inferred
Waltham Forest,2020-11-24,589,inferred
Waltham Forest,2020-11-25,670,inferred
Waltham Forest,2020-11-26,670,inferred
Waltham Forest,2020-11-27,670,inferred
Waltham Forest,2020-11-28,670,inferred
Waltham Forest,2020-11-29,670,inferred
Waltham Forest,2020-11-30,670,inferred
Waltham Forest,2020-12-01,670,inferred
Waltham Forest,2020-12-02,1019,inferred
Waltham Forest,2020-12-03,1019,inferred
Waltham Forest,2020-12-04,1019,inferred
Waltham Forest,2020-12-05,1019,inferred
Waltham Forest,2020-12-06,1019,inferred
Waltham Forest,2020-12-07,1019,inferred
Waltham Forest,2020-12-08,1019,inferred
Waltham Forest,2020-12-09,1772,inferred
Waltham Forest,2020-12-10,1772,inferred
Waltham Forest,2020-12-11,1772,inferred
Waltham Forest,2020-12-12,1772,inferred
Waltham Forest,2020-12-13,1772,inferred
Waltham Forest,2020-12-14,1772,inferred
Waltham Forest,2020-12-15,1772,inferred
Waltham Forest,2020-12-16,2752,inferred
Waltham Forest,2020-12-17,2752,inferred
Waltham Forest,2020-12-18,2752,inferred
Waltham Forest,2020-12-19,2752,inferred
Waltham Forest,2020-12-20,2752,inferred
Waltham Forest,2020-12-21,2752,inferred
Waltham Forest,2020-12-22,2752,inferred
Waltham Forest,2020-12-23,2805,inferred
Waltham Forest,2020-12-24,2805,inferred
Waltham Forest,2020-12-25,2805,inferred
Waltham Forest,2020-12-26,2805,inferred
Waltham Forest,2020-12-27,2805,inferred
Waltham Forest,2020-12-28,2805,inferred
Waltham Forest,2020-12-29,2805,inferred
Waltham Forest,2020-12-30,3242,inferred
Waltham Forest,2020-12-31,3242,inferred
Waltham Forest,2021-01-01,3242,inferred
Waltham Forest,2021-01-02,3242,inferred
Waltham Forest,2021-01-03,3242,inferred
Waltham Forest,2021-01-04,3242,inferred
Waltham Forest,2021-01-05,3242,inferred
Waltham Forest,2021-01-06,2534,projected
Waltham Forest,2021-01-07,2534,projected
Waltham Forest,2021-01-08,2534,projected
Waltham Forest,2021-01-09,2534,projected
Waltham Forest,2021-01-10,2534,projected
Waltham Forest,2021-01-11,2534,projected
Waltham Forest,2021-01-12,2534,projected
Waltham Forest,2021-01-13,1955,projected
Waltham Forest,2021-01-14,1955,projected
Waltham Forest,2021-01-15,1955,projected
Waltham Forest,2021-01-16,1955,projected
Waltham Forest,2021-01-17,1955,projected
Waltham Forest,2021-01-18,1955,projected
Waltham Forest,2021-01-19,1955,projected
Waltham Forest,2021-01-20,1568,projected
Waltham Forest,2021-01-21,1568,projected
Waltham Forest,2021-01-22,1568,projected
Waltham Forest,2021-01-23,1568,projected
Waltham Forest,2021-01-24,1568,projected
Waltham Forest,2021-01-25,1568,projected
Waltham Forest,2021-01-26,1568,projected
Wandsworth,2020-09-23,120,inferred
Wandsworth,2020-09-24,120,inferred
Wandsworth,2020-09-25,120,inferred
Wandsworth,2020-09-26,120,inferred
Wandsworth,2020-09-27,120,inferred
Wandsworth,2020-09-28,120,inferred
Wandsworth,2020-09-29,120,inferred
Wandsworth,2020-09-30,251,inferred
Wandsworth,2020-10-01,251,inferred
Wandsworth,2020-10-02,251,inferred
Wandsworth,2020-10-03,251,inferred
Wandsworth,2020-10-04,251,inferred
Wandsworth,2020-10-05,251,inferred
Wandsworth,2020-10-06,251,inferred
Wandsworth,2020-10-07,312,inferred
Wandsworth,2020-10-08,312,inferred
Wandsworth,2020-10-09,312,inferred
Wandsworth,2020-10-10,312,inferred
Wandsworth,2020-10-11,312,inferred
Wandsworth,2020-10-12,312,inferred
Wandsworth,2020-10-13,312,inferred
Wandsworth,2020-10-14,436,inferred
Wandsworth,2020-10-15,436,inferred
Wandsworth,2020-10-16,436,inferred
Wandsworth,2020-10-17,436,inferred
Wandsworth,2020-10-18,436,inferred
Wandsworth,2020-10-19,436,inferred
Wandsworth,2020-10-20,436,inferred
Wandsworth,2020-10-21,512,inferred
Wandsworth,2020-10-22,512,inferred
Wandsworth,2020-10-23,512,inferred
Wandsworth,2020-10-24,512,inferred
Wandsworth,2020-10-25,512,inferred
Wandsworth,2020-10-26,512,inferred
Wandsworth,2020-10-27,512,inferred
Wandsworth,2020-10-28,401,inferred
Wandsworth,2020-10-29,401,inferred
Wandsworth,2020-10-30,401,inferred
Wandsworth,2020-10-31,401,inferred
Wandsworth,2020-11-01,401,inferred
Wandsworth,2020-11-02,401,inferred
Wandsworth,2020-11-03,401,inferred
Wandsworth,2020-11-04,539,inferred
Wandsworth,2020-11-05,539,inferred
Wandsworth,2020-11-06,539,inferred
Wandsworth,2020-11-07,539,inferred
Wandsworth,2020-11-08,539,inferred
Wandsworth,2020-11-09,539,inferred
Wandsworth,2020-11-10,539,inferred
Wandsworth,2020-11-11,561,inferred
Wandsworth,2020-11-12,561,inferred
Wandsworth,2020-11-13,561,inferred
Wandsworth,2020-11-14,561,inferred
Wandsworth,2020-11-15,561,inferred
Wandsworth,2020-11-16,561,inferred
Wandsworth,2020-11-17,561,inferred
Wandsworth,2020-11-18,316,inferred
Wandsworth,2020-11-19,316,inferred
Wandsworth,2020-11-20,316,inferred
Wandsworth,2020-11-21,316,inferred
Wandsworth,2020-11-22,316,inferred
Wandsworth,2020-11-23,316,inferred
Wandsworth,2020-11-24,316,inferred
Wandsworth,2020-11-25,378,inferred
Wandsworth,2020-11-26,378,inferred
Wandsworth,2020-11-27,378,inferred
Wandsworth,2020-11-28,378,inferred
Wandsworth,2020-11-29,378,inferred
Wandsworth,2020-11-30,378,inferred
Wandsworth,2020-12-01,378,inferred
Wandsworth,2020-12-02,514,inferred
Wandsworth,2020-12-03,514,inferred
Wandsworth,2020-12-04,514,inferred
Wandsworth,2020-12-05,514,inferred
Wandsworth,2020-12-06,514,inferred
Wandsworth,2020-12-07,514,inferred
Wandsworth,2020-12-08,514,inferred
Wandsworth,2020-12-09,1295,inferred
Wandsworth,2020-12-10,1295,inferred
Wandsworth,2020-12-11,1295,inferred
Wandsworth,2020-12-12,1295,inferred
Wandsworth,2020-12-13,1295,inferred
Wandsworth,2020-12-14,1295,inferred
Wandsworth,2020-12-15,1295,inferred
Wandsworth,2020-12-16,2628,inferred
Wandsworth,2020-12-17,2628,inferred
Wandsworth,2020-12-18,2628,inferred
Wandsworth,2020-12-19,2628,inferred
Wandsworth,2020-12-20,2628,inferred
Wandsworth,2020-12-21,2628,inferred
Wandsworth,2020-12-22,2628,inferred
Wandsworth,2020-12-23,2395,inferred
Wandsworth,2020-12-24,2395,inferred
Wandsworth,2020-12-25,2395,inferred
Wandsworth,2020-12-26,2395,inferred
Wandsworth,2020-12-27,2395,inferred
Wandsworth,2020-12-28,2395,inferred
Wandsworth,2020-12-29,2395,inferred
Wandsworth,2020-12-30,2658,inferred
Wandsworth,2020-12-31,2658,inferred
Wandsworth,2021-01-01,2658,inferred
Wandsworth,2021-01-02,2658,inferred
Wandsworth,2021-01-03,2658,inferred
Wandsworth,2021-01-04,2658,inferred
Wandsworth,2021-01-05,2658,inferred
Wandsworth,2021-01-06,1928,projected
Wandsworth,2021-01-07,1928,projected
Wandsworth,2021-01-08,1928,projected
Wandsworth,2021-01-09,1928,projected
Wandsworth,2021-01-10,1928,projected
Wandsworth,2021-01-11,1928,projected
Wandsworth,2021-01-12,1928,projected
Wandsworth,2021-01-13,1416,projected
Wandsworth,2021-01-14,1416,projected
Wandsworth,2021-01-15,1416,projected
Wandsworth,2021-01-16,1416,projected
Wandsworth,2021-01-17,1416,projected
Wandsworth,2021-01-18,1416,projected
Wandsworth,2021-01-19,1416,projected
Wandsworth,2021-01-20,1091,projected
Wandsworth,2021-01-21,1091,projected
Wandsworth,2021-01-22,1091,projected
Wandsworth,2021-01-23,1091,projected
Wandsworth,2021-01-24,1091,projected
Wandsworth,2021-01-25,1091,projected
Wandsworth,2021-01-26,1091,projected
Warrington,2020-09-23,399,inferred
Warrington,2020-09-24,399,inferred
Warrington,2020-09-25,399,inferred
Warrington,2020-09-26,399,inferred
Warrington,2020-09-27,399,inferred
Warrington,2020-09-28,399,inferred
Warrington,2020-09-29,399,inferred
Warrington,2020-09-30,630,inferred
Warrington,2020-10-01,630,inferred
Warrington,2020-10-02,630,inferred
Warrington,2020-10-03,630,inferred
Warrington,2020-10-04,630,inferred
Warrington,2020-10-05,630,inferred
Warrington,2020-10-06,630,inferred
Warrington,2020-10-07,685,inferred
Warrington,2020-10-08,685,inferred
Warrington,2020-10-09,685,inferred
Warrington,2020-10-10,685,inferred
Warrington,2020-10-11,685,inferred
Warrington,2020-10-12,685,inferred
Warrington,2020-10-13,685,inferred
Warrington,2020-10-14,734,inferred
Warrington,2020-10-15,734,inferred
Warrington,2020-10-16,734,inferred
Warrington,2020-10-17,734,inferred
Warrington,2020-10-18,734,inferred
Warrington,2020-10-19,734,inferred
Warrington,2020-10-20,734,inferred
Warrington,2020-10-21,919,inferred
Warrington,2020-10-22,919,inferred
Warrington,2020-10-23,919,inferred
Warrington,2020-10-24,919,inferred
Warrington,2020-10-25,919,inferred
Warrington,2020-10-26,919,inferred
Warrington,2020-10-27,919,inferred
Warrington,2020-10-28,933,inferred
Warrington,2020-10-29,933,inferred
Warrington,2020-10-30,933,inferred
Warrington,2020-10-31,933,inferred
Warrington,2020-11-01,933,inferred
Warrington,2020-11-02,933,inferred
Warrington,2020-11-03,933,inferred
Warrington,2020-11-04,725,inferred
Warrington,2020-11-05,725,inferred
Warrington,2020-11-06,725,inferred
Warrington,2020-11-07,725,inferred
Warrington,2020-11-08,725,inferred
Warrington,2020-11-09,725,inferred
Warrington,2020-11-10,725,inferred
Warrington,2020-11-11,525,inferred
Warrington,2020-11-12,525,inferred
Warrington,2020-11-13,525,inferred
Warrington,2020-11-14,525,inferred
Warrington,2020-11-15,525,inferred
Warrington,2020-11-16,525,inferred
Warrington,2020-11-17,525,inferred
Warrington,2020-11-18,346,inferred
Warrington,2020-11-19,346,inferred
Warrington,2020-11-20,346,inferred
Warrington,2020-11-21,346,inferred
Warrington,2020-11-22,346,inferred
Warrington,2020-11-23,346,inferred
Warrington,2020-11-24,346,inferred
Warrington,2020-11-25,269,inferred
Warrington,2020-11-26,269,inferred
Warrington,2020-11-27,269,inferred
Warrington,2020-11-28,269,inferred
Warrington,2020-11-29,269,inferred
Warrington,2020-11-30,269,inferred
Warrington,2020-12-01,269,inferred
Warrington,2020-12-02,263,inferred
Warrington,2020-12-03,263,inferred
Warrington,2020-12-04,263,inferred
Warrington,2020-12-05,263,inferred
Warrington,2020-12-06,263,inferred
Warrington,2020-12-07,263,inferred
Warrington,2020-12-08,263,inferred
Warrington,2020-12-09,405,inferred
Warrington,2020-12-10,405,inferred
Warrington,2020-12-11,405,inferred
Warrington,2020-12-12,405,inferred
Warrington,2020-12-13,405,inferred
Warrington,2020-12-14,405,inferred
Warrington,2020-12-15,405,inferred
Warrington,2020-12-16,597,inferred
Warrington,2020-12-17,597,inferred
Warrington,2020-12-18,597,inferred
Warrington,2020-12-19,597,inferred
Warrington,2020-12-20,597,inferred
Warrington,2020-12-21,597,inferred
Warrington,2020-12-22,597,inferred
Warrington,2020-12-23,858,inferred
Warrington,2020-12-24,858,inferred
Warrington,2020-12-25,858,inferred
Warrington,2020-12-26,858,inferred
Warrington,2020-12-27,858,inferred
Warrington,2020-12-28,858,inferred
Warrington,2020-12-29,858,inferred
Warrington,2020-12-30,1665,inferred
Warrington,2020-12-31,1665,inferred
Warrington,2021-01-01,1665,inferred
Warrington,2021-01-02,1665,inferred
Warrington,2021-01-03,1665,inferred
Warrington,2021-01-04,1665,inferred
Warrington,2021-01-05,1665,inferred
Warrington,2021-01-06,2036,projected
Warrington,2021-01-07,2036,projected
Warrington,2021-01-08,2036,projected
Warrington,2021-01-09,2036,projected
Warrington,2021-01-10,2036,projected
Warrington,2021-01-11,2036,projected
Warrington,2021-01-12,2036,projected
Warrington,2021-01-13,2463,projected
Warrington,2021-01-14,2463,projected
Warrington,2021-01-15,2463,projected
Warrington,2021-01-16,2463,projected
Warrington,2021-01-17,2463,projected
Warrington,2021-01-18,2463,projected
Warrington,2021-01-19,2463,projected
Warrington,2021-01-20,2975,projected
Warrington,2021-01-21,2975,projected
Warrington,2021-01-22,2975,projected
Warrington,2021-01-23,2975,projected
Warrington,2021-01-24,2975,projected
Warrington,2021-01-25,2975,projected
Warrington,2021-01-26,2975,projected
Warwick,2020-09-23, 52,inferred
Warwick,2020-09-24, 52,inferred
Warwick,2020-09-25, 52,inferred
Warwick,2020-09-26, 52,inferred
Warwick,2020-09-27, 52,inferred
Warwick,2020-09-28, 52,inferred
Warwick,2020-09-29, 52,inferred
Warwick,2020-09-30,100,inferred
Warwick,2020-10-01,100,inferred
Warwick,2020-10-02,100,inferred
Warwick,2020-10-03,100,inferred
Warwick,2020-10-04,100,inferred
Warwick,2020-10-05,100,inferred
Warwick,2020-10-06,100,inferred
Warwick,2020-10-07,227,inferred
Warwick,2020-10-08,227,inferred
Warwick,2020-10-09,227,inferred
Warwick,2020-10-10,227,inferred
Warwick,2020-10-11,227,inferred
Warwick,2020-10-12,227,inferred
Warwick,2020-10-13,227,inferred
Warwick,2020-10-14,321,inferred
Warwick,2020-10-15,321,inferred
Warwick,2020-10-16,321,inferred
Warwick,2020-10-17,321,inferred
Warwick,2020-10-18,321,inferred
Warwick,2020-10-19,321,inferred
Warwick,2020-10-20,321,inferred
Warwick,2020-10-21,429,inferred
Warwick,2020-10-22,429,inferred
Warwick,2020-10-23,429,inferred
Warwick,2020-10-24,429,inferred
Warwick,2020-10-25,429,inferred
Warwick,2020-10-26,429,inferred
Warwick,2020-10-27,429,inferred
Warwick,2020-10-28,389,inferred
Warwick,2020-10-29,389,inferred
Warwick,2020-10-30,389,inferred
Warwick,2020-10-31,389,inferred
Warwick,2020-11-01,389,inferred
Warwick,2020-11-02,389,inferred
Warwick,2020-11-03,389,inferred
Warwick,2020-11-04,397,inferred
Warwick,2020-11-05,397,inferred
Warwick,2020-11-06,397,inferred
Warwick,2020-11-07,397,inferred
Warwick,2020-11-08,397,inferred
Warwick,2020-11-09,397,inferred
Warwick,2020-11-10,397,inferred
Warwick,2020-11-11,314,inferred
Warwick,2020-11-12,314,inferred
Warwick,2020-11-13,314,inferred
Warwick,2020-11-14,314,inferred
Warwick,2020-11-15,314,inferred
Warwick,2020-11-16,314,inferred
Warwick,2020-11-17,314,inferred
Warwick,2020-11-18,185,inferred
Warwick,2020-11-19,185,inferred
Warwick,2020-11-20,185,inferred
Warwick,2020-11-21,185,inferred
Warwick,2020-11-22,185,inferred
Warwick,2020-11-23,185,inferred
Warwick,2020-11-24,185,inferred
Warwick,2020-11-25,150,inferred
Warwick,2020-11-26,150,inferred
Warwick,2020-11-27,150,inferred
Warwick,2020-11-28,150,inferred
Warwick,2020-11-29,150,inferred
Warwick,2020-11-30,150,inferred
Warwick,2020-12-01,150,inferred
Warwick,2020-12-02,235,inferred
Warwick,2020-12-03,235,inferred
Warwick,2020-12-04,235,inferred
Warwick,2020-12-05,235,inferred
Warwick,2020-12-06,235,inferred
Warwick,2020-12-07,235,inferred
Warwick,2020-12-08,235,inferred
Warwick,2020-12-09,307,inferred
Warwick,2020-12-10,307,inferred
Warwick,2020-12-11,307,inferred
Warwick,2020-12-12,307,inferred
Warwick,2020-12-13,307,inferred
Warwick,2020-12-14,307,inferred
Warwick,2020-12-15,307,inferred
Warwick,2020-12-16,347,inferred
Warwick,2020-12-17,347,inferred
Warwick,2020-12-18,347,inferred
Warwick,2020-12-19,347,inferred
Warwick,2020-12-20,347,inferred
Warwick,2020-12-21,347,inferred
Warwick,2020-12-22,347,inferred
Warwick,2020-12-23,413,inferred
Warwick,2020-12-24,413,inferred
Warwick,2020-12-25,413,inferred
Warwick,2020-12-26,413,inferred
Warwick,2020-12-27,413,inferred
Warwick,2020-12-28,413,inferred
Warwick,2020-12-29,413,inferred
Warwick,2020-12-30,563,inferred
Warwick,2020-12-31,563,inferred
Warwick,2021-01-01,563,inferred
Warwick,2021-01-02,563,inferred
Warwick,2021-01-03,563,inferred
Warwick,2021-01-04,563,inferred
Warwick,2021-01-05,563,inferred
Warwick,2021-01-06,520,projected
Warwick,2021-01-07,520,projected
Warwick,2021-01-08,520,projected
Warwick,2021-01-09,520,projected
Warwick,2021-01-10,520,projected
Warwick,2021-01-11,520,projected
Warwick,2021-01-12,520,projected
Warwick,2021-01-13,471,projected
Warwick,2021-01-14,471,projected
Warwick,2021-01-15,471,projected
Warwick,2021-01-16,471,projected
Warwick,2021-01-17,471,projected
Warwick,2021-01-18,471,projected
Warwick,2021-01-19,471,projected
Warwick,2021-01-20,469,projected
Warwick,2021-01-21,469,projected
Warwick,2021-01-22,469,projected
Warwick,2021-01-23,469,projected
Warwick,2021-01-24,469,projected
Warwick,2021-01-25,469,projected
Warwick,2021-01-26,469,projected
Watford,2020-09-23, 42,inferred
Watford,2020-09-24, 42,inferred
Watford,2020-09-25, 42,inferred
Watford,2020-09-26, 42,inferred
Watford,2020-09-27, 42,inferred
Watford,2020-09-28, 42,inferred
Watford,2020-09-29, 42,inferred
Watford,2020-09-30, 70,inferred
Watford,2020-10-01, 70,inferred
Watford,2020-10-02, 70,inferred
Watford,2020-10-03, 70,inferred
Watford,2020-10-04, 70,inferred
Watford,2020-10-05, 70,inferred
Watford,2020-10-06, 70,inferred
Watford,2020-10-07,105,inferred
Watford,2020-10-08,105,inferred
Watford,2020-10-09,105,inferred
Watford,2020-10-10,105,inferred
Watford,2020-10-11,105,inferred
Watford,2020-10-12,105,inferred
Watford,2020-10-13,105,inferred
Watford,2020-10-14,127,inferred
Watford,2020-10-15,127,inferred
Watford,2020-10-16,127,inferred
Watford,2020-10-17,127,inferred
Watford,2020-10-18,127,inferred
Watford,2020-10-19,127,inferred
Watford,2020-10-20,127,inferred
Watford,2020-10-21,144,inferred
Watford,2020-10-22,144,inferred
Watford,2020-10-23,144,inferred
Watford,2020-10-24,144,inferred
Watford,2020-10-25,144,inferred
Watford,2020-10-26,144,inferred
Watford,2020-10-27,144,inferred
Watford,2020-10-28,173,inferred
Watford,2020-10-29,173,inferred
Watford,2020-10-30,173,inferred
Watford,2020-10-31,173,inferred
Watford,2020-11-01,173,inferred
Watford,2020-11-02,173,inferred
Watford,2020-11-03,173,inferred
Watford,2020-11-04,174,inferred
Watford,2020-11-05,174,inferred
Watford,2020-11-06,174,inferred
Watford,2020-11-07,174,inferred
Watford,2020-11-08,174,inferred
Watford,2020-11-09,174,inferred
Watford,2020-11-10,174,inferred
Watford,2020-11-11,193,inferred
Watford,2020-11-12,193,inferred
Watford,2020-11-13,193,inferred
Watford,2020-11-14,193,inferred
Watford,2020-11-15,193,inferred
Watford,2020-11-16,193,inferred
Watford,2020-11-17,193,inferred
Watford,2020-11-18,118,inferred
Watford,2020-11-19,118,inferred
Watford,2020-11-20,118,inferred
Watford,2020-11-21,118,inferred
Watford,2020-11-22,118,inferred
Watford,2020-11-23,118,inferred
Watford,2020-11-24,118,inferred
Watford,2020-11-25,180,inferred
Watford,2020-11-26,180,inferred
Watford,2020-11-27,180,inferred
Watford,2020-11-28,180,inferred
Watford,2020-11-29,180,inferred
Watford,2020-11-30,180,inferred
Watford,2020-12-01,180,inferred
Watford,2020-12-02,241,inferred
Watford,2020-12-03,241,inferred
Watford,2020-12-04,241,inferred
Watford,2020-12-05,241,inferred
Watford,2020-12-06,241,inferred
Watford,2020-12-07,241,inferred
Watford,2020-12-08,241,inferred
Watford,2020-12-09,396,inferred
Watford,2020-12-10,396,inferred
Watford,2020-12-11,396,inferred
Watford,2020-12-12,396,inferred
Watford,2020-12-13,396,inferred
Watford,2020-12-14,396,inferred
Watford,2020-12-15,396,inferred
Watford,2020-12-16,701,inferred
Watford,2020-12-17,701,inferred
Watford,2020-12-18,701,inferred
Watford,2020-12-19,701,inferred
Watford,2020-12-20,701,inferred
Watford,2020-12-21,701,inferred
Watford,2020-12-22,701,inferred
Watford,2020-12-23,900,inferred
Watford,2020-12-24,900,inferred
Watford,2020-12-25,900,inferred
Watford,2020-12-26,900,inferred
Watford,2020-12-27,900,inferred
Watford,2020-12-28,900,inferred
Watford,2020-12-29,900,inferred
Watford,2020-12-30,940,inferred
Watford,2020-12-31,940,inferred
Watford,2021-01-01,940,inferred
Watford,2021-01-02,940,inferred
Watford,2021-01-03,940,inferred
Watford,2021-01-04,940,inferred
Watford,2021-01-05,940,inferred
Watford,2021-01-06,754,projected
Watford,2021-01-07,754,projected
Watford,2021-01-08,754,projected
Watford,2021-01-09,754,projected
Watford,2021-01-10,754,projected
Watford,2021-01-11,754,projected
Watford,2021-01-12,754,projected
Watford,2021-01-13,633,projected
Watford,2021-01-14,633,projected
Watford,2021-01-15,633,projected
Watford,2021-01-16,633,projected
Watford,2021-01-17,633,projected
Watford,2021-01-18,633,projected
Watford,2021-01-19,633,projected
Watford,2021-01-20,548,projected
Watford,2021-01-21,548,projected
Watford,2021-01-22,548,projected
Watford,2021-01-23,548,projected
Watford,2021-01-24,548,projected
Watford,2021-01-25,548,projected
Watford,2021-01-26,548,projected
Waverley,2020-09-23, 39,inferred
Waverley,2020-09-24, 39,inferred
Waverley,2020-09-25, 39,inferred
Waverley,2020-09-26, 39,inferred
Waverley,2020-09-27, 39,inferred
Waverley,2020-09-28, 39,inferred
Waverley,2020-09-29, 39,inferred
Waverley,2020-09-30, 67,inferred
Waverley,2020-10-01, 67,inferred
Waverley,2020-10-02, 67,inferred
Waverley,2020-10-03, 67,inferred
Waverley,2020-10-04, 67,inferred
Waverley,2020-10-05, 67,inferred
Waverley,2020-10-06, 67,inferred
Waverley,2020-10-07,103,inferred
Waverley,2020-10-08,103,inferred
Waverley,2020-10-09,103,inferred
Waverley,2020-10-10,103,inferred
Waverley,2020-10-11,103,inferred
Waverley,2020-10-12,103,inferred
Waverley,2020-10-13,103,inferred
Waverley,2020-10-14,119,inferred
Waverley,2020-10-15,119,inferred
Waverley,2020-10-16,119,inferred
Waverley,2020-10-17,119,inferred
Waverley,2020-10-18,119,inferred
Waverley,2020-10-19,119,inferred
Waverley,2020-10-20,119,inferred
Waverley,2020-10-21,157,inferred
Waverley,2020-10-22,157,inferred
Waverley,2020-10-23,157,inferred
Waverley,2020-10-24,157,inferred
Waverley,2020-10-25,157,inferred
Waverley,2020-10-26,157,inferred
Waverley,2020-10-27,157,inferred
Waverley,2020-10-28,144,inferred
Waverley,2020-10-29,144,inferred
Waverley,2020-10-30,144,inferred
Waverley,2020-10-31,144,inferred
Waverley,2020-11-01,144,inferred
Waverley,2020-11-02,144,inferred
Waverley,2020-11-03,144,inferred
Waverley,2020-11-04,162,inferred
Waverley,2020-11-05,162,inferred
Waverley,2020-11-06,162,inferred
Waverley,2020-11-07,162,inferred
Waverley,2020-11-08,162,inferred
Waverley,2020-11-09,162,inferred
Waverley,2020-11-10,162,inferred
Waverley,2020-11-11,137,inferred
Waverley,2020-11-12,137,inferred
Waverley,2020-11-13,137,inferred
Waverley,2020-11-14,137,inferred
Waverley,2020-11-15,137,inferred
Waverley,2020-11-16,137,inferred
Waverley,2020-11-17,137,inferred
Waverley,2020-11-18,104,inferred
Waverley,2020-11-19,104,inferred
Waverley,2020-11-20,104,inferred
Waverley,2020-11-21,104,inferred
Waverley,2020-11-22,104,inferred
Waverley,2020-11-23,104,inferred
Waverley,2020-11-24,104,inferred
Waverley,2020-11-25, 79,inferred
Waverley,2020-11-26, 79,inferred
Waverley,2020-11-27, 79,inferred
Waverley,2020-11-28, 79,inferred
Waverley,2020-11-29, 79,inferred
Waverley,2020-11-30, 79,inferred
Waverley,2020-12-01, 79,inferred
Waverley,2020-12-02,111,inferred
Waverley,2020-12-03,111,inferred
Waverley,2020-12-04,111,inferred
Waverley,2020-12-05,111,inferred
Waverley,2020-12-06,111,inferred
Waverley,2020-12-07,111,inferred
Waverley,2020-12-08,111,inferred
Waverley,2020-12-09,236,inferred
Waverley,2020-12-10,236,inferred
Waverley,2020-12-11,236,inferred
Waverley,2020-12-12,236,inferred
Waverley,2020-12-13,236,inferred
Waverley,2020-12-14,236,inferred
Waverley,2020-12-15,236,inferred
Waverley,2020-12-16,440,inferred
Waverley,2020-12-17,440,inferred
Waverley,2020-12-18,440,inferred
Waverley,2020-12-19,440,inferred
Waverley,2020-12-20,440,inferred
Waverley,2020-12-21,440,inferred
Waverley,2020-12-22,440,inferred
Waverley,2020-12-23,652,inferred
Waverley,2020-12-24,652,inferred
Waverley,2020-12-25,652,inferred
Waverley,2020-12-26,652,inferred
Waverley,2020-12-27,652,inferred
Waverley,2020-12-28,652,inferred
Waverley,2020-12-29,652,inferred
Waverley,2020-12-30,850,inferred
Waverley,2020-12-31,850,inferred
Waverley,2021-01-01,850,inferred
Waverley,2021-01-02,850,inferred
Waverley,2021-01-03,850,inferred
Waverley,2021-01-04,850,inferred
Waverley,2021-01-05,850,inferred
Waverley,2021-01-06,682,projected
Waverley,2021-01-07,682,projected
Waverley,2021-01-08,682,projected
Waverley,2021-01-09,682,projected
Waverley,2021-01-10,682,projected
Waverley,2021-01-11,682,projected
Waverley,2021-01-12,682,projected
Waverley,2021-01-13,507,projected
Waverley,2021-01-14,507,projected
Waverley,2021-01-15,507,projected
Waverley,2021-01-16,507,projected
Waverley,2021-01-17,507,projected
Waverley,2021-01-18,507,projected
Waverley,2021-01-19,507,projected
Waverley,2021-01-20,424,projected
Waverley,2021-01-21,424,projected
Waverley,2021-01-22,424,projected
Waverley,2021-01-23,424,projected
Waverley,2021-01-24,424,projected
Waverley,2021-01-25,424,projected
Waverley,2021-01-26,424,projected
Wealden,2020-09-23, 19,inferred
Wealden,2020-09-24, 19,inferred
Wealden,2020-09-25, 19,inferred
Wealden,2020-09-26, 19,inferred
Wealden,2020-09-27, 19,inferred
Wealden,2020-09-28, 19,inferred
Wealden,2020-09-29, 19,inferred
Wealden,2020-09-30, 47,inferred
Wealden,2020-10-01, 47,inferred
Wealden,2020-10-02, 47,inferred
Wealden,2020-10-03, 47,inferred
Wealden,2020-10-04, 47,inferred
Wealden,2020-10-05, 47,inferred
Wealden,2020-10-06, 47,inferred
Wealden,2020-10-07, 82,inferred
Wealden,2020-10-08, 82,inferred
Wealden,2020-10-09, 82,inferred
Wealden,2020-10-10, 82,inferred
Wealden,2020-10-11, 82,inferred
Wealden,2020-10-12, 82,inferred
Wealden,2020-10-13, 82,inferred
Wealden,2020-10-14, 83,inferred
Wealden,2020-10-15, 83,inferred
Wealden,2020-10-16, 83,inferred
Wealden,2020-10-17, 83,inferred
Wealden,2020-10-18, 83,inferred
Wealden,2020-10-19, 83,inferred
Wealden,2020-10-20, 83,inferred
Wealden,2020-10-21,113,inferred
Wealden,2020-10-22,113,inferred
Wealden,2020-10-23,113,inferred
Wealden,2020-10-24,113,inferred
Wealden,2020-10-25,113,inferred
Wealden,2020-10-26,113,inferred
Wealden,2020-10-27,113,inferred
Wealden,2020-10-28, 81,inferred
Wealden,2020-10-29, 81,inferred
Wealden,2020-10-30, 81,inferred
Wealden,2020-10-31, 81,inferred
Wealden,2020-11-01, 81,inferred
Wealden,2020-11-02, 81,inferred
Wealden,2020-11-03, 81,inferred
Wealden,2020-11-04,134,inferred
Wealden,2020-11-05,134,inferred
Wealden,2020-11-06,134,inferred
Wealden,2020-11-07,134,inferred
Wealden,2020-11-08,134,inferred
Wealden,2020-11-09,134,inferred
Wealden,2020-11-10,134,inferred
Wealden,2020-11-11,272,inferred
Wealden,2020-11-12,272,inferred
Wealden,2020-11-13,272,inferred
Wealden,2020-11-14,272,inferred
Wealden,2020-11-15,272,inferred
Wealden,2020-11-16,272,inferred
Wealden,2020-11-17,272,inferred
Wealden,2020-11-18,228,inferred
Wealden,2020-11-19,228,inferred
Wealden,2020-11-20,228,inferred
Wealden,2020-11-21,228,inferred
Wealden,2020-11-22,228,inferred
Wealden,2020-11-23,228,inferred
Wealden,2020-11-24,228,inferred
Wealden,2020-11-25,173,inferred
Wealden,2020-11-26,173,inferred
Wealden,2020-11-27,173,inferred
Wealden,2020-11-28,173,inferred
Wealden,2020-11-29,173,inferred
Wealden,2020-11-30,173,inferred
Wealden,2020-12-01,173,inferred
Wealden,2020-12-02,196,inferred
Wealden,2020-12-03,196,inferred
Wealden,2020-12-04,196,inferred
Wealden,2020-12-05,196,inferred
Wealden,2020-12-06,196,inferred
Wealden,2020-12-07,196,inferred
Wealden,2020-12-08,196,inferred
Wealden,2020-12-09,391,inferred
Wealden,2020-12-10,391,inferred
Wealden,2020-12-11,391,inferred
Wealden,2020-12-12,391,inferred
Wealden,2020-12-13,391,inferred
Wealden,2020-12-14,391,inferred
Wealden,2020-12-15,391,inferred
Wealden,2020-12-16,761,inferred
Wealden,2020-12-17,761,inferred
Wealden,2020-12-18,761,inferred
Wealden,2020-12-19,761,inferred
Wealden,2020-12-20,761,inferred
Wealden,2020-12-21,761,inferred
Wealden,2020-12-22,761,inferred
Wealden,2020-12-23,783,inferred
Wealden,2020-12-24,783,inferred
Wealden,2020-12-25,783,inferred
Wealden,2020-12-26,783,inferred
Wealden,2020-12-27,783,inferred
Wealden,2020-12-28,783,inferred
Wealden,2020-12-29,783,inferred
Wealden,2020-12-30,1192,inferred
Wealden,2020-12-31,1192,inferred
Wealden,2021-01-01,1192,inferred
Wealden,2021-01-02,1192,inferred
Wealden,2021-01-03,1192,inferred
Wealden,2021-01-04,1192,inferred
Wealden,2021-01-05,1192,inferred
Wealden,2021-01-06,1265,projected
Wealden,2021-01-07,1265,projected
Wealden,2021-01-08,1265,projected
Wealden,2021-01-09,1265,projected
Wealden,2021-01-10,1265,projected
Wealden,2021-01-11,1265,projected
Wealden,2021-01-12,1265,projected
Wealden,2021-01-13,1322,projected
Wealden,2021-01-14,1322,projected
Wealden,2021-01-15,1322,projected
Wealden,2021-01-16,1322,projected
Wealden,2021-01-17,1322,projected
Wealden,2021-01-18,1322,projected
Wealden,2021-01-19,1322,projected
Wealden,2021-01-20,1432,projected
Wealden,2021-01-21,1432,projected
Wealden,2021-01-22,1432,projected
Wealden,2021-01-23,1432,projected
Wealden,2021-01-24,1432,projected
Wealden,2021-01-25,1432,projected
Wealden,2021-01-26,1432,projected
Wellingborough,2020-09-23, 29,inferred
Wellingborough,2020-09-24, 29,inferred
Wellingborough,2020-09-25, 29,inferred
Wellingborough,2020-09-26, 29,inferred
Wellingborough,2020-09-27, 29,inferred
Wellingborough,2020-09-28, 29,inferred
Wellingborough,2020-09-29, 29,inferred
Wellingborough,2020-09-30, 42,inferred
Wellingborough,2020-10-01, 42,inferred
Wellingborough,2020-10-02, 42,inferred
Wellingborough,2020-10-03, 42,inferred
Wellingborough,2020-10-04, 42,inferred
Wellingborough,2020-10-05, 42,inferred
Wellingborough,2020-10-06, 42,inferred
Wellingborough,2020-10-07, 87,inferred
Wellingborough,2020-10-08, 87,inferred
Wellingborough,2020-10-09, 87,inferred
Wellingborough,2020-10-10, 87,inferred
Wellingborough,2020-10-11, 87,inferred
Wellingborough,2020-10-12, 87,inferred
Wellingborough,2020-10-13, 87,inferred
Wellingborough,2020-10-14,108,inferred
Wellingborough,2020-10-15,108,inferred
Wellingborough,2020-10-16,108,inferred
Wellingborough,2020-10-17,108,inferred
Wellingborough,2020-10-18,108,inferred
Wellingborough,2020-10-19,108,inferred
Wellingborough,2020-10-20,108,inferred
Wellingborough,2020-10-21,111,inferred
Wellingborough,2020-10-22,111,inferred
Wellingborough,2020-10-23,111,inferred
Wellingborough,2020-10-24,111,inferred
Wellingborough,2020-10-25,111,inferred
Wellingborough,2020-10-26,111,inferred
Wellingborough,2020-10-27,111,inferred
Wellingborough,2020-10-28,115,inferred
Wellingborough,2020-10-29,115,inferred
Wellingborough,2020-10-30,115,inferred
Wellingborough,2020-10-31,115,inferred
Wellingborough,2020-11-01,115,inferred
Wellingborough,2020-11-02,115,inferred
Wellingborough,2020-11-03,115,inferred
Wellingborough,2020-11-04,107,inferred
Wellingborough,2020-11-05,107,inferred
Wellingborough,2020-11-06,107,inferred
Wellingborough,2020-11-07,107,inferred
Wellingborough,2020-11-08,107,inferred
Wellingborough,2020-11-09,107,inferred
Wellingborough,2020-11-10,107,inferred
Wellingborough,2020-11-11,143,inferred
Wellingborough,2020-11-12,143,inferred
Wellingborough,2020-11-13,143,inferred
Wellingborough,2020-11-14,143,inferred
Wellingborough,2020-11-15,143,inferred
Wellingborough,2020-11-16,143,inferred
Wellingborough,2020-11-17,143,inferred
Wellingborough,2020-11-18,101,inferred
Wellingborough,2020-11-19,101,inferred
Wellingborough,2020-11-20,101,inferred
Wellingborough,2020-11-21,101,inferred
Wellingborough,2020-11-22,101,inferred
Wellingborough,2020-11-23,101,inferred
Wellingborough,2020-11-24,101,inferred
Wellingborough,2020-11-25, 98,inferred
Wellingborough,2020-11-26, 98,inferred
Wellingborough,2020-11-27, 98,inferred
Wellingborough,2020-11-28, 98,inferred
Wellingborough,2020-11-29, 98,inferred
Wellingborough,2020-11-30, 98,inferred
Wellingborough,2020-12-01, 98,inferred
Wellingborough,2020-12-02,100,inferred
Wellingborough,2020-12-03,100,inferred
Wellingborough,2020-12-04,100,inferred
Wellingborough,2020-12-05,100,inferred
Wellingborough,2020-12-06,100,inferred
Wellingborough,2020-12-07,100,inferred
Wellingborough,2020-12-08,100,inferred
Wellingborough,2020-12-09,180,inferred
Wellingborough,2020-12-10,180,inferred
Wellingborough,2020-12-11,180,inferred
Wellingborough,2020-12-12,180,inferred
Wellingborough,2020-12-13,180,inferred
Wellingborough,2020-12-14,180,inferred
Wellingborough,2020-12-15,180,inferred
Wellingborough,2020-12-16,270,inferred
Wellingborough,2020-12-17,270,inferred
Wellingborough,2020-12-18,270,inferred
Wellingborough,2020-12-19,270,inferred
Wellingborough,2020-12-20,270,inferred
Wellingborough,2020-12-21,270,inferred
Wellingborough,2020-12-22,270,inferred
Wellingborough,2020-12-23,255,inferred
Wellingborough,2020-12-24,255,inferred
Wellingborough,2020-12-25,255,inferred
Wellingborough,2020-12-26,255,inferred
Wellingborough,2020-12-27,255,inferred
Wellingborough,2020-12-28,255,inferred
Wellingborough,2020-12-29,255,inferred
Wellingborough,2020-12-30,485,inferred
Wellingborough,2020-12-31,485,inferred
Wellingborough,2021-01-01,485,inferred
Wellingborough,2021-01-02,485,inferred
Wellingborough,2021-01-03,485,inferred
Wellingborough,2021-01-04,485,inferred
Wellingborough,2021-01-05,485,inferred
Wellingborough,2021-01-06,558,projected
Wellingborough,2021-01-07,558,projected
Wellingborough,2021-01-08,558,projected
Wellingborough,2021-01-09,558,projected
Wellingborough,2021-01-10,558,projected
Wellingborough,2021-01-11,558,projected
Wellingborough,2021-01-12,558,projected
Wellingborough,2021-01-13,638,projected
Wellingborough,2021-01-14,638,projected
Wellingborough,2021-01-15,638,projected
Wellingborough,2021-01-16,638,projected
Wellingborough,2021-01-17,638,projected
Wellingborough,2021-01-18,638,projected
Wellingborough,2021-01-19,638,projected
Wellingborough,2021-01-20,729,projected
Wellingborough,2021-01-21,729,projected
Wellingborough,2021-01-22,729,projected
Wellingborough,2021-01-23,729,projected
Wellingborough,2021-01-24,729,projected
Wellingborough,2021-01-25,729,projected
Wellingborough,2021-01-26,729,projected
Welwyn Hatfield,2020-09-23, 20,inferred
Welwyn Hatfield,2020-09-24, 20,inferred
Welwyn Hatfield,2020-09-25, 20,inferred
Welwyn Hatfield,2020-09-26, 20,inferred
Welwyn Hatfield,2020-09-27, 20,inferred
Welwyn Hatfield,2020-09-28, 20,inferred
Welwyn Hatfield,2020-09-29, 20,inferred
Welwyn Hatfield,2020-09-30, 65,inferred
Welwyn Hatfield,2020-10-01, 65,inferred
Welwyn Hatfield,2020-10-02, 65,inferred
Welwyn Hatfield,2020-10-03, 65,inferred
Welwyn Hatfield,2020-10-04, 65,inferred
Welwyn Hatfield,2020-10-05, 65,inferred
Welwyn Hatfield,2020-10-06, 65,inferred
Welwyn Hatfield,2020-10-07, 97,inferred
Welwyn Hatfield,2020-10-08, 97,inferred
Welwyn Hatfield,2020-10-09, 97,inferred
Welwyn Hatfield,2020-10-10, 97,inferred
Welwyn Hatfield,2020-10-11, 97,inferred
Welwyn Hatfield,2020-10-12, 97,inferred
Welwyn Hatfield,2020-10-13, 97,inferred
Welwyn Hatfield,2020-10-14,124,inferred
Welwyn Hatfield,2020-10-15,124,inferred
Welwyn Hatfield,2020-10-16,124,inferred
Welwyn Hatfield,2020-10-17,124,inferred
Welwyn Hatfield,2020-10-18,124,inferred
Welwyn Hatfield,2020-10-19,124,inferred
Welwyn Hatfield,2020-10-20,124,inferred
Welwyn Hatfield,2020-10-21,143,inferred
Welwyn Hatfield,2020-10-22,143,inferred
Welwyn Hatfield,2020-10-23,143,inferred
Welwyn Hatfield,2020-10-24,143,inferred
Welwyn Hatfield,2020-10-25,143,inferred
Welwyn Hatfield,2020-10-26,143,inferred
Welwyn Hatfield,2020-10-27,143,inferred
Welwyn Hatfield,2020-10-28,203,inferred
Welwyn Hatfield,2020-10-29,203,inferred
Welwyn Hatfield,2020-10-30,203,inferred
Welwyn Hatfield,2020-10-31,203,inferred
Welwyn Hatfield,2020-11-01,203,inferred
Welwyn Hatfield,2020-11-02,203,inferred
Welwyn Hatfield,2020-11-03,203,inferred
Welwyn Hatfield,2020-11-04,190,inferred
Welwyn Hatfield,2020-11-05,190,inferred
Welwyn Hatfield,2020-11-06,190,inferred
Welwyn Hatfield,2020-11-07,190,inferred
Welwyn Hatfield,2020-11-08,190,inferred
Welwyn Hatfield,2020-11-09,190,inferred
Welwyn Hatfield,2020-11-10,190,inferred
Welwyn Hatfield,2020-11-11,172,inferred
Welwyn Hatfield,2020-11-12,172,inferred
Welwyn Hatfield,2020-11-13,172,inferred
Welwyn Hatfield,2020-11-14,172,inferred
Welwyn Hatfield,2020-11-15,172,inferred
Welwyn Hatfield,2020-11-16,172,inferred
Welwyn Hatfield,2020-11-17,172,inferred
Welwyn Hatfield,2020-11-18,130,inferred
Welwyn Hatfield,2020-11-19,130,inferred
Welwyn Hatfield,2020-11-20,130,inferred
Welwyn Hatfield,2020-11-21,130,inferred
Welwyn Hatfield,2020-11-22,130,inferred
Welwyn Hatfield,2020-11-23,130,inferred
Welwyn Hatfield,2020-11-24,130,inferred
Welwyn Hatfield,2020-11-25,132,inferred
Welwyn Hatfield,2020-11-26,132,inferred
Welwyn Hatfield,2020-11-27,132,inferred
Welwyn Hatfield,2020-11-28,132,inferred
Welwyn Hatfield,2020-11-29,132,inferred
Welwyn Hatfield,2020-11-30,132,inferred
Welwyn Hatfield,2020-12-01,132,inferred
Welwyn Hatfield,2020-12-02,151,inferred
Welwyn Hatfield,2020-12-03,151,inferred
Welwyn Hatfield,2020-12-04,151,inferred
Welwyn Hatfield,2020-12-05,151,inferred
Welwyn Hatfield,2020-12-06,151,inferred
Welwyn Hatfield,2020-12-07,151,inferred
Welwyn Hatfield,2020-12-08,151,inferred
Welwyn Hatfield,2020-12-09,263,inferred
Welwyn Hatfield,2020-12-10,263,inferred
Welwyn Hatfield,2020-12-11,263,inferred
Welwyn Hatfield,2020-12-12,263,inferred
Welwyn Hatfield,2020-12-13,263,inferred
Welwyn Hatfield,2020-12-14,263,inferred
Welwyn Hatfield,2020-12-15,263,inferred
Welwyn Hatfield,2020-12-16,562,inferred
Welwyn Hatfield,2020-12-17,562,inferred
Welwyn Hatfield,2020-12-18,562,inferred
Welwyn Hatfield,2020-12-19,562,inferred
Welwyn Hatfield,2020-12-20,562,inferred
Welwyn Hatfield,2020-12-21,562,inferred
Welwyn Hatfield,2020-12-22,562,inferred
Welwyn Hatfield,2020-12-23,805,inferred
Welwyn Hatfield,2020-12-24,805,inferred
Welwyn Hatfield,2020-12-25,805,inferred
Welwyn Hatfield,2020-12-26,805,inferred
Welwyn Hatfield,2020-12-27,805,inferred
Welwyn Hatfield,2020-12-28,805,inferred
Welwyn Hatfield,2020-12-29,805,inferred
Welwyn Hatfield,2020-12-30,1077,inferred
Welwyn Hatfield,2020-12-31,1077,inferred
Welwyn Hatfield,2021-01-01,1077,inferred
Welwyn Hatfield,2021-01-02,1077,inferred
Welwyn Hatfield,2021-01-03,1077,inferred
Welwyn Hatfield,2021-01-04,1077,inferred
Welwyn Hatfield,2021-01-05,1077,inferred
Welwyn Hatfield,2021-01-06,922,projected
Welwyn Hatfield,2021-01-07,922,projected
Welwyn Hatfield,2021-01-08,922,projected
Welwyn Hatfield,2021-01-09,922,projected
Welwyn Hatfield,2021-01-10,922,projected
Welwyn Hatfield,2021-01-11,922,projected
Welwyn Hatfield,2021-01-12,922,projected
Welwyn Hatfield,2021-01-13,799,projected
Welwyn Hatfield,2021-01-14,799,projected
Welwyn Hatfield,2021-01-15,799,projected
Welwyn Hatfield,2021-01-16,799,projected
Welwyn Hatfield,2021-01-17,799,projected
Welwyn Hatfield,2021-01-18,799,projected
Welwyn Hatfield,2021-01-19,799,projected
Welwyn Hatfield,2021-01-20,711,projected
Welwyn Hatfield,2021-01-21,711,projected
Welwyn Hatfield,2021-01-22,711,projected
Welwyn Hatfield,2021-01-23,711,projected
Welwyn Hatfield,2021-01-24,711,projected
Welwyn Hatfield,2021-01-25,711,projected
Welwyn Hatfield,2021-01-26,711,projected
West Berkshire,2020-09-23, 28,inferred
West Berkshire,2020-09-24, 28,inferred
West Berkshire,2020-09-25, 28,inferred
West Berkshire,2020-09-26, 28,inferred
West Berkshire,2020-09-27, 28,inferred
West Berkshire,2020-09-28, 28,inferred
West Berkshire,2020-09-29, 28,inferred
West Berkshire,2020-09-30, 60,inferred
West Berkshire,2020-10-01, 60,inferred
West Berkshire,2020-10-02, 60,inferred
West Berkshire,2020-10-03, 60,inferred
West Berkshire,2020-10-04, 60,inferred
West Berkshire,2020-10-05, 60,inferred
West Berkshire,2020-10-06, 60,inferred
West Berkshire,2020-10-07, 65,inferred
West Berkshire,2020-10-08, 65,inferred
West Berkshire,2020-10-09, 65,inferred
West Berkshire,2020-10-10, 65,inferred
West Berkshire,2020-10-11, 65,inferred
West Berkshire,2020-10-12, 65,inferred
West Berkshire,2020-10-13, 65,inferred
West Berkshire,2020-10-14,109,inferred
West Berkshire,2020-10-15,109,inferred
West Berkshire,2020-10-16,109,inferred
West Berkshire,2020-10-17,109,inferred
West Berkshire,2020-10-18,109,inferred
West Berkshire,2020-10-19,109,inferred
West Berkshire,2020-10-20,109,inferred
West Berkshire,2020-10-21,126,inferred
West Berkshire,2020-10-22,126,inferred
West Berkshire,2020-10-23,126,inferred
West Berkshire,2020-10-24,126,inferred
West Berkshire,2020-10-25,126,inferred
West Berkshire,2020-10-26,126,inferred
West Berkshire,2020-10-27,126,inferred
West Berkshire,2020-10-28,169,inferred
West Berkshire,2020-10-29,169,inferred
West Berkshire,2020-10-30,169,inferred
West Berkshire,2020-10-31,169,inferred
West Berkshire,2020-11-01,169,inferred
West Berkshire,2020-11-02,169,inferred
West Berkshire,2020-11-03,169,inferred
West Berkshire,2020-11-04,198,inferred
West Berkshire,2020-11-05,198,inferred
West Berkshire,2020-11-06,198,inferred
West Berkshire,2020-11-07,198,inferred
West Berkshire,2020-11-08,198,inferred
West Berkshire,2020-11-09,198,inferred
West Berkshire,2020-11-10,198,inferred
West Berkshire,2020-11-11,176,inferred
West Berkshire,2020-11-12,176,inferred
West Berkshire,2020-11-13,176,inferred
West Berkshire,2020-11-14,176,inferred
West Berkshire,2020-11-15,176,inferred
West Berkshire,2020-11-16,176,inferred
West Berkshire,2020-11-17,176,inferred
West Berkshire,2020-11-18,108,inferred
West Berkshire,2020-11-19,108,inferred
West Berkshire,2020-11-20,108,inferred
West Berkshire,2020-11-21,108,inferred
West Berkshire,2020-11-22,108,inferred
West Berkshire,2020-11-23,108,inferred
West Berkshire,2020-11-24,108,inferred
West Berkshire,2020-11-25, 82,inferred
West Berkshire,2020-11-26, 82,inferred
West Berkshire,2020-11-27, 82,inferred
West Berkshire,2020-11-28, 82,inferred
West Berkshire,2020-11-29, 82,inferred
West Berkshire,2020-11-30, 82,inferred
West Berkshire,2020-12-01, 82,inferred
West Berkshire,2020-12-02,155,inferred
West Berkshire,2020-12-03,155,inferred
West Berkshire,2020-12-04,155,inferred
West Berkshire,2020-12-05,155,inferred
West Berkshire,2020-12-06,155,inferred
West Berkshire,2020-12-07,155,inferred
West Berkshire,2020-12-08,155,inferred
West Berkshire,2020-12-09,389,inferred
West Berkshire,2020-12-10,389,inferred
West Berkshire,2020-12-11,389,inferred
West Berkshire,2020-12-12,389,inferred
West Berkshire,2020-12-13,389,inferred
West Berkshire,2020-12-14,389,inferred
West Berkshire,2020-12-15,389,inferred
West Berkshire,2020-12-16,553,inferred
West Berkshire,2020-12-17,553,inferred
West Berkshire,2020-12-18,553,inferred
West Berkshire,2020-12-19,553,inferred
West Berkshire,2020-12-20,553,inferred
West Berkshire,2020-12-21,553,inferred
West Berkshire,2020-12-22,553,inferred
West Berkshire,2020-12-23,583,inferred
West Berkshire,2020-12-24,583,inferred
West Berkshire,2020-12-25,583,inferred
West Berkshire,2020-12-26,583,inferred
West Berkshire,2020-12-27,583,inferred
West Berkshire,2020-12-28,583,inferred
West Berkshire,2020-12-29,583,inferred
West Berkshire,2020-12-30,594,inferred
West Berkshire,2020-12-31,594,inferred
West Berkshire,2021-01-01,594,inferred
West Berkshire,2021-01-02,594,inferred
West Berkshire,2021-01-03,594,inferred
West Berkshire,2021-01-04,594,inferred
West Berkshire,2021-01-05,594,inferred
West Berkshire,2021-01-06,514,projected
West Berkshire,2021-01-07,514,projected
West Berkshire,2021-01-08,514,projected
West Berkshire,2021-01-09,514,projected
West Berkshire,2021-01-10,514,projected
West Berkshire,2021-01-11,514,projected
West Berkshire,2021-01-12,514,projected
West Berkshire,2021-01-13,463,projected
West Berkshire,2021-01-14,463,projected
West Berkshire,2021-01-15,463,projected
West Berkshire,2021-01-16,463,projected
West Berkshire,2021-01-17,463,projected
West Berkshire,2021-01-18,463,projected
West Berkshire,2021-01-19,463,projected
West Berkshire,2021-01-20,436,projected
West Berkshire,2021-01-21,436,projected
West Berkshire,2021-01-22,436,projected
West Berkshire,2021-01-23,436,projected
West Berkshire,2021-01-24,436,projected
West Berkshire,2021-01-25,436,projected
West Berkshire,2021-01-26,436,projected
West Devon,2020-09-23,  6,inferred
West Devon,2020-09-24,  6,inferred
West Devon,2020-09-25,  6,inferred
West Devon,2020-09-26,  6,inferred
West Devon,2020-09-27,  6,inferred
West Devon,2020-09-28,  6,inferred
West Devon,2020-09-29,  6,inferred
West Devon,2020-09-30, 13,inferred
West Devon,2020-10-01, 13,inferred
West Devon,2020-10-02, 13,inferred
West Devon,2020-10-03, 13,inferred
West Devon,2020-10-04, 13,inferred
West Devon,2020-10-05, 13,inferred
West Devon,2020-10-06, 13,inferred
West Devon,2020-10-07, 21,inferred
West Devon,2020-10-08, 21,inferred
West Devon,2020-10-09, 21,inferred
West Devon,2020-10-10, 21,inferred
West Devon,2020-10-11, 21,inferred
West Devon,2020-10-12, 21,inferred
West Devon,2020-10-13, 21,inferred
West Devon,2020-10-14, 28,inferred
West Devon,2020-10-15, 28,inferred
West Devon,2020-10-16, 28,inferred
West Devon,2020-10-17, 28,inferred
West Devon,2020-10-18, 28,inferred
West Devon,2020-10-19, 28,inferred
West Devon,2020-10-20, 28,inferred
West Devon,2020-10-21, 39,inferred
West Devon,2020-10-22, 39,inferred
West Devon,2020-10-23, 39,inferred
West Devon,2020-10-24, 39,inferred
West Devon,2020-10-25, 39,inferred
West Devon,2020-10-26, 39,inferred
West Devon,2020-10-27, 39,inferred
West Devon,2020-10-28, 51,inferred
West Devon,2020-10-29, 51,inferred
West Devon,2020-10-30, 51,inferred
West Devon,2020-10-31, 51,inferred
West Devon,2020-11-01, 51,inferred
West Devon,2020-11-02, 51,inferred
West Devon,2020-11-03, 51,inferred
West Devon,2020-11-04, 64,inferred
West Devon,2020-11-05, 64,inferred
West Devon,2020-11-06, 64,inferred
West Devon,2020-11-07, 64,inferred
West Devon,2020-11-08, 64,inferred
West Devon,2020-11-09, 64,inferred
West Devon,2020-11-10, 64,inferred
West Devon,2020-11-11, 44,inferred
West Devon,2020-11-12, 44,inferred
West Devon,2020-11-13, 44,inferred
West Devon,2020-11-14, 44,inferred
West Devon,2020-11-15, 44,inferred
West Devon,2020-11-16, 44,inferred
West Devon,2020-11-17, 44,inferred
West Devon,2020-11-18, 42,inferred
West Devon,2020-11-19, 42,inferred
West Devon,2020-11-20, 42,inferred
West Devon,2020-11-21, 42,inferred
West Devon,2020-11-22, 42,inferred
West Devon,2020-11-23, 42,inferred
West Devon,2020-11-24, 42,inferred
West Devon,2020-11-25, 42,inferred
West Devon,2020-11-26, 42,inferred
West Devon,2020-11-27, 42,inferred
West Devon,2020-11-28, 42,inferred
West Devon,2020-11-29, 42,inferred
West Devon,2020-11-30, 42,inferred
West Devon,2020-12-01, 42,inferred
West Devon,2020-12-02, 45,inferred
West Devon,2020-12-03, 45,inferred
West Devon,2020-12-04, 45,inferred
West Devon,2020-12-05, 45,inferred
West Devon,2020-12-06, 45,inferred
West Devon,2020-12-07, 45,inferred
West Devon,2020-12-08, 45,inferred
West Devon,2020-12-09, 90,inferred
West Devon,2020-12-10, 90,inferred
West Devon,2020-12-11, 90,inferred
West Devon,2020-12-12, 90,inferred
West Devon,2020-12-13, 90,inferred
West Devon,2020-12-14, 90,inferred
West Devon,2020-12-15, 90,inferred
West Devon,2020-12-16,109,inferred
West Devon,2020-12-17,109,inferred
West Devon,2020-12-18,109,inferred
West Devon,2020-12-19,109,inferred
West Devon,2020-12-20,109,inferred
West Devon,2020-12-21,109,inferred
West Devon,2020-12-22,109,inferred
West Devon,2020-12-23, 69,inferred
West Devon,2020-12-24, 69,inferred
West Devon,2020-12-25, 69,inferred
West Devon,2020-12-26, 69,inferred
West Devon,2020-12-27, 69,inferred
West Devon,2020-12-28, 69,inferred
West Devon,2020-12-29, 69,inferred
West Devon,2020-12-30, 74,inferred
West Devon,2020-12-31, 74,inferred
West Devon,2021-01-01, 74,inferred
West Devon,2021-01-02, 74,inferred
West Devon,2021-01-03, 74,inferred
West Devon,2021-01-04, 74,inferred
West Devon,2021-01-05, 74,inferred
West Devon,2021-01-06, 80,projected
West Devon,2021-01-07, 80,projected
West Devon,2021-01-08, 80,projected
West Devon,2021-01-09, 80,projected
West Devon,2021-01-10, 80,projected
West Devon,2021-01-11, 80,projected
West Devon,2021-01-12, 80,projected
West Devon,2021-01-13, 88,projected
West Devon,2021-01-14, 88,projected
West Devon,2021-01-15, 88,projected
West Devon,2021-01-16, 88,projected
West Devon,2021-01-17, 88,projected
West Devon,2021-01-18, 88,projected
West Devon,2021-01-19, 88,projected
West Devon,2021-01-20,111,projected
West Devon,2021-01-21,111,projected
West Devon,2021-01-22,111,projected
West Devon,2021-01-23,111,projected
West Devon,2021-01-24,111,projected
West Devon,2021-01-25,111,projected
West Devon,2021-01-26,111,projected
West Dunbartonshire,2020-09-23,1515,inferred
West Dunbartonshire,2020-09-24,1515,inferred
West Dunbartonshire,2020-09-25,1515,inferred
West Dunbartonshire,2020-09-26,1515,inferred
West Dunbartonshire,2020-09-27,1515,inferred
West Dunbartonshire,2020-09-28,1515,inferred
West Dunbartonshire,2020-09-29,1515,inferred
West Dunbartonshire,2020-09-30,1910,inferred
West Dunbartonshire,2020-10-01,1910,inferred
West Dunbartonshire,2020-10-02,1910,inferred
West Dunbartonshire,2020-10-03,1910,inferred
West Dunbartonshire,2020-10-04,1910,inferred
West Dunbartonshire,2020-10-05,1910,inferred
West Dunbartonshire,2020-10-06,1910,inferred
West Dunbartonshire,2020-10-07,2686,inferred
West Dunbartonshire,2020-10-08,2686,inferred
West Dunbartonshire,2020-10-09,2686,inferred
West Dunbartonshire,2020-10-10,2686,inferred
West Dunbartonshire,2020-10-11,2686,inferred
West Dunbartonshire,2020-10-12,2686,inferred
West Dunbartonshire,2020-10-13,2686,inferred
West Dunbartonshire,2020-10-14,2803,inferred
West Dunbartonshire,2020-10-15,2803,inferred
West Dunbartonshire,2020-10-16,2803,inferred
West Dunbartonshire,2020-10-17,2803,inferred
West Dunbartonshire,2020-10-18,2803,inferred
West Dunbartonshire,2020-10-19,2803,inferred
West Dunbartonshire,2020-10-20,2803,inferred
West Dunbartonshire,2020-10-21,3525,inferred
West Dunbartonshire,2020-10-22,3525,inferred
West Dunbartonshire,2020-10-23,3525,inferred
West Dunbartonshire,2020-10-24,3525,inferred
West Dunbartonshire,2020-10-25,3525,inferred
West Dunbartonshire,2020-10-26,3525,inferred
West Dunbartonshire,2020-10-27,3525,inferred
West Dunbartonshire,2020-10-28,2943,inferred
West Dunbartonshire,2020-10-29,2943,inferred
West Dunbartonshire,2020-10-30,2943,inferred
West Dunbartonshire,2020-10-31,2943,inferred
West Dunbartonshire,2020-11-01,2943,inferred
West Dunbartonshire,2020-11-02,2943,inferred
West Dunbartonshire,2020-11-03,2943,inferred
West Dunbartonshire,2020-11-04,3217,inferred
West Dunbartonshire,2020-11-05,3217,inferred
West Dunbartonshire,2020-11-06,3217,inferred
West Dunbartonshire,2020-11-07,3217,inferred
West Dunbartonshire,2020-11-08,3217,inferred
West Dunbartonshire,2020-11-09,3217,inferred
West Dunbartonshire,2020-11-10,3217,inferred
West Dunbartonshire,2020-11-11,2913,inferred
West Dunbartonshire,2020-11-12,2913,inferred
West Dunbartonshire,2020-11-13,2913,inferred
West Dunbartonshire,2020-11-14,2913,inferred
West Dunbartonshire,2020-11-15,2913,inferred
West Dunbartonshire,2020-11-16,2913,inferred
West Dunbartonshire,2020-11-17,2913,inferred
West Dunbartonshire,2020-11-18,2320,inferred
West Dunbartonshire,2020-11-19,2320,inferred
West Dunbartonshire,2020-11-20,2320,inferred
West Dunbartonshire,2020-11-21,2320,inferred
West Dunbartonshire,2020-11-22,2320,inferred
West Dunbartonshire,2020-11-23,2320,inferred
West Dunbartonshire,2020-11-24,2320,inferred
West Dunbartonshire,2020-11-25,1777,inferred
West Dunbartonshire,2020-11-26,1777,inferred
West Dunbartonshire,2020-11-27,1777,inferred
West Dunbartonshire,2020-11-28,1777,inferred
West Dunbartonshire,2020-11-29,1777,inferred
West Dunbartonshire,2020-11-30,1777,inferred
West Dunbartonshire,2020-12-01,1777,inferred
West Dunbartonshire,2020-12-02,1625,inferred
West Dunbartonshire,2020-12-03,1625,inferred
West Dunbartonshire,2020-12-04,1625,inferred
West Dunbartonshire,2020-12-05,1625,inferred
West Dunbartonshire,2020-12-06,1625,inferred
West Dunbartonshire,2020-12-07,1625,inferred
West Dunbartonshire,2020-12-08,1625,inferred
West Dunbartonshire,2020-12-09,1578,inferred
West Dunbartonshire,2020-12-10,1578,inferred
West Dunbartonshire,2020-12-11,1578,inferred
West Dunbartonshire,2020-12-12,1578,inferred
West Dunbartonshire,2020-12-13,1578,inferred
West Dunbartonshire,2020-12-14,1578,inferred
West Dunbartonshire,2020-12-15,1578,inferred
West Dunbartonshire,2020-12-16,1683,inferred
West Dunbartonshire,2020-12-17,1683,inferred
West Dunbartonshire,2020-12-18,1683,inferred
West Dunbartonshire,2020-12-19,1683,inferred
West Dunbartonshire,2020-12-20,1683,inferred
West Dunbartonshire,2020-12-21,1683,inferred
West Dunbartonshire,2020-12-22,1683,inferred
West Dunbartonshire,2020-12-23,2218,inferred
West Dunbartonshire,2020-12-24,2218,inferred
West Dunbartonshire,2020-12-25,2218,inferred
West Dunbartonshire,2020-12-26,2218,inferred
West Dunbartonshire,2020-12-27,2218,inferred
West Dunbartonshire,2020-12-28,2218,inferred
West Dunbartonshire,2020-12-29,2218,inferred
West Dunbartonshire,2020-12-30,4334,inferred
West Dunbartonshire,2020-12-31,4334,inferred
West Dunbartonshire,2021-01-01,4334,inferred
West Dunbartonshire,2021-01-02,4334,inferred
West Dunbartonshire,2021-01-03,4334,inferred
West Dunbartonshire,2021-01-04,4334,inferred
West Dunbartonshire,2021-01-05,4334,inferred
West Dunbartonshire,2021-01-06,6602,projected
West Dunbartonshire,2021-01-07,6602,projected
West Dunbartonshire,2021-01-08,6602,projected
West Dunbartonshire,2021-01-09,6602,projected
West Dunbartonshire,2021-01-10,6602,projected
West Dunbartonshire,2021-01-11,6602,projected
West Dunbartonshire,2021-01-12,6602,projected
West Dunbartonshire,2021-01-13,9729,projected
West Dunbartonshire,2021-01-14,9729,projected
West Dunbartonshire,2021-01-15,9729,projected
West Dunbartonshire,2021-01-16,9729,projected
West Dunbartonshire,2021-01-17,9729,projected
West Dunbartonshire,2021-01-18,9729,projected
West Dunbartonshire,2021-01-19,9729,projected
West Dunbartonshire,2021-01-20,14285,projected
West Dunbartonshire,2021-01-21,14285,projected
West Dunbartonshire,2021-01-22,14285,projected
West Dunbartonshire,2021-01-23,14285,projected
West Dunbartonshire,2021-01-24,14285,projected
West Dunbartonshire,2021-01-25,14285,projected
West Dunbartonshire,2021-01-26,14285,projected
West Lancashire,2020-09-23,197,inferred
West Lancashire,2020-09-24,197,inferred
West Lancashire,2020-09-25,197,inferred
West Lancashire,2020-09-26,197,inferred
West Lancashire,2020-09-27,197,inferred
West Lancashire,2020-09-28,197,inferred
West Lancashire,2020-09-29,197,inferred
West Lancashire,2020-09-30,445,inferred
West Lancashire,2020-10-01,445,inferred
West Lancashire,2020-10-02,445,inferred
West Lancashire,2020-10-03,445,inferred
West Lancashire,2020-10-04,445,inferred
West Lancashire,2020-10-05,445,inferred
West Lancashire,2020-10-06,445,inferred
West Lancashire,2020-10-07,653,inferred
West Lancashire,2020-10-08,653,inferred
West Lancashire,2020-10-09,653,inferred
West Lancashire,2020-10-10,653,inferred
West Lancashire,2020-10-11,653,inferred
West Lancashire,2020-10-12,653,inferred
West Lancashire,2020-10-13,653,inferred
West Lancashire,2020-10-14,559,inferred
West Lancashire,2020-10-15,559,inferred
West Lancashire,2020-10-16,559,inferred
West Lancashire,2020-10-17,559,inferred
West Lancashire,2020-10-18,559,inferred
West Lancashire,2020-10-19,559,inferred
West Lancashire,2020-10-20,559,inferred
West Lancashire,2020-10-21,520,inferred
West Lancashire,2020-10-22,520,inferred
West Lancashire,2020-10-23,520,inferred
West Lancashire,2020-10-24,520,inferred
West Lancashire,2020-10-25,520,inferred
West Lancashire,2020-10-26,520,inferred
West Lancashire,2020-10-27,520,inferred
West Lancashire,2020-10-28,387,inferred
West Lancashire,2020-10-29,387,inferred
West Lancashire,2020-10-30,387,inferred
West Lancashire,2020-10-31,387,inferred
West Lancashire,2020-11-01,387,inferred
West Lancashire,2020-11-02,387,inferred
West Lancashire,2020-11-03,387,inferred
West Lancashire,2020-11-04,333,inferred
West Lancashire,2020-11-05,333,inferred
West Lancashire,2020-11-06,333,inferred
West Lancashire,2020-11-07,333,inferred
West Lancashire,2020-11-08,333,inferred
West Lancashire,2020-11-09,333,inferred
West Lancashire,2020-11-10,333,inferred
West Lancashire,2020-11-11,283,inferred
West Lancashire,2020-11-12,283,inferred
West Lancashire,2020-11-13,283,inferred
West Lancashire,2020-11-14,283,inferred
West Lancashire,2020-11-15,283,inferred
West Lancashire,2020-11-16,283,inferred
West Lancashire,2020-11-17,283,inferred
West Lancashire,2020-11-18,159,inferred
West Lancashire,2020-11-19,159,inferred
West Lancashire,2020-11-20,159,inferred
West Lancashire,2020-11-21,159,inferred
West Lancashire,2020-11-22,159,inferred
West Lancashire,2020-11-23,159,inferred
West Lancashire,2020-11-24,159,inferred
West Lancashire,2020-11-25,124,inferred
West Lancashire,2020-11-26,124,inferred
West Lancashire,2020-11-27,124,inferred
West Lancashire,2020-11-28,124,inferred
West Lancashire,2020-11-29,124,inferred
West Lancashire,2020-11-30,124,inferred
West Lancashire,2020-12-01,124,inferred
West Lancashire,2020-12-02,161,inferred
West Lancashire,2020-12-03,161,inferred
West Lancashire,2020-12-04,161,inferred
West Lancashire,2020-12-05,161,inferred
West Lancashire,2020-12-06,161,inferred
West Lancashire,2020-12-07,161,inferred
West Lancashire,2020-12-08,161,inferred
West Lancashire,2020-12-09,209,inferred
West Lancashire,2020-12-10,209,inferred
West Lancashire,2020-12-11,209,inferred
West Lancashire,2020-12-12,209,inferred
West Lancashire,2020-12-13,209,inferred
West Lancashire,2020-12-14,209,inferred
West Lancashire,2020-12-15,209,inferred
West Lancashire,2020-12-16,208,inferred
West Lancashire,2020-12-17,208,inferred
West Lancashire,2020-12-18,208,inferred
West Lancashire,2020-12-19,208,inferred
West Lancashire,2020-12-20,208,inferred
West Lancashire,2020-12-21,208,inferred
West Lancashire,2020-12-22,208,inferred
West Lancashire,2020-12-23,337,inferred
West Lancashire,2020-12-24,337,inferred
West Lancashire,2020-12-25,337,inferred
West Lancashire,2020-12-26,337,inferred
West Lancashire,2020-12-27,337,inferred
West Lancashire,2020-12-28,337,inferred
West Lancashire,2020-12-29,337,inferred
West Lancashire,2020-12-30,596,inferred
West Lancashire,2020-12-31,596,inferred
West Lancashire,2021-01-01,596,inferred
West Lancashire,2021-01-02,596,inferred
West Lancashire,2021-01-03,596,inferred
West Lancashire,2021-01-04,596,inferred
West Lancashire,2021-01-05,596,inferred
West Lancashire,2021-01-06,755,projected
West Lancashire,2021-01-07,755,projected
West Lancashire,2021-01-08,755,projected
West Lancashire,2021-01-09,755,projected
West Lancashire,2021-01-10,755,projected
West Lancashire,2021-01-11,755,projected
West Lancashire,2021-01-12,755,projected
West Lancashire,2021-01-13,957,projected
West Lancashire,2021-01-14,957,projected
West Lancashire,2021-01-15,957,projected
West Lancashire,2021-01-16,957,projected
West Lancashire,2021-01-17,957,projected
West Lancashire,2021-01-18,957,projected
West Lancashire,2021-01-19,957,projected
West Lancashire,2021-01-20,1229,projected
West Lancashire,2021-01-21,1229,projected
West Lancashire,2021-01-22,1229,projected
West Lancashire,2021-01-23,1229,projected
West Lancashire,2021-01-24,1229,projected
West Lancashire,2021-01-25,1229,projected
West Lancashire,2021-01-26,1229,projected
West Lindsey,2020-09-23, 47,inferred
West Lindsey,2020-09-24, 47,inferred
West Lindsey,2020-09-25, 47,inferred
West Lindsey,2020-09-26, 47,inferred
West Lindsey,2020-09-27, 47,inferred
West Lindsey,2020-09-28, 47,inferred
West Lindsey,2020-09-29, 47,inferred
West Lindsey,2020-09-30, 84,inferred
West Lindsey,2020-10-01, 84,inferred
West Lindsey,2020-10-02, 84,inferred
West Lindsey,2020-10-03, 84,inferred
West Lindsey,2020-10-04, 84,inferred
West Lindsey,2020-10-05, 84,inferred
West Lindsey,2020-10-06, 84,inferred
West Lindsey,2020-10-07,133,inferred
West Lindsey,2020-10-08,133,inferred
West Lindsey,2020-10-09,133,inferred
West Lindsey,2020-10-10,133,inferred
West Lindsey,2020-10-11,133,inferred
West Lindsey,2020-10-12,133,inferred
West Lindsey,2020-10-13,133,inferred
West Lindsey,2020-10-14, 87,inferred
West Lindsey,2020-10-15, 87,inferred
West Lindsey,2020-10-16, 87,inferred
West Lindsey,2020-10-17, 87,inferred
West Lindsey,2020-10-18, 87,inferred
West Lindsey,2020-10-19, 87,inferred
West Lindsey,2020-10-20, 87,inferred
West Lindsey,2020-10-21,148,inferred
West Lindsey,2020-10-22,148,inferred
West Lindsey,2020-10-23,148,inferred
West Lindsey,2020-10-24,148,inferred
West Lindsey,2020-10-25,148,inferred
West Lindsey,2020-10-26,148,inferred
West Lindsey,2020-10-27,148,inferred
West Lindsey,2020-10-28,196,inferred
West Lindsey,2020-10-29,196,inferred
West Lindsey,2020-10-30,196,inferred
West Lindsey,2020-10-31,196,inferred
West Lindsey,2020-11-01,196,inferred
West Lindsey,2020-11-02,196,inferred
West Lindsey,2020-11-03,196,inferred
West Lindsey,2020-11-04,258,inferred
West Lindsey,2020-11-05,258,inferred
West Lindsey,2020-11-06,258,inferred
West Lindsey,2020-11-07,258,inferred
West Lindsey,2020-11-08,258,inferred
West Lindsey,2020-11-09,258,inferred
West Lindsey,2020-11-10,258,inferred
West Lindsey,2020-11-11,220,inferred
West Lindsey,2020-11-12,220,inferred
West Lindsey,2020-11-13,220,inferred
West Lindsey,2020-11-14,220,inferred
West Lindsey,2020-11-15,220,inferred
West Lindsey,2020-11-16,220,inferred
West Lindsey,2020-11-17,220,inferred
West Lindsey,2020-11-18,204,inferred
West Lindsey,2020-11-19,204,inferred
West Lindsey,2020-11-20,204,inferred
West Lindsey,2020-11-21,204,inferred
West Lindsey,2020-11-22,204,inferred
West Lindsey,2020-11-23,204,inferred
West Lindsey,2020-11-24,204,inferred
West Lindsey,2020-11-25,218,inferred
West Lindsey,2020-11-26,218,inferred
West Lindsey,2020-11-27,218,inferred
West Lindsey,2020-11-28,218,inferred
West Lindsey,2020-11-29,218,inferred
West Lindsey,2020-11-30,218,inferred
West Lindsey,2020-12-01,218,inferred
West Lindsey,2020-12-02,227,inferred
West Lindsey,2020-12-03,227,inferred
West Lindsey,2020-12-04,227,inferred
West Lindsey,2020-12-05,227,inferred
West Lindsey,2020-12-06,227,inferred
West Lindsey,2020-12-07,227,inferred
West Lindsey,2020-12-08,227,inferred
West Lindsey,2020-12-09,317,inferred
West Lindsey,2020-12-10,317,inferred
West Lindsey,2020-12-11,317,inferred
West Lindsey,2020-12-12,317,inferred
West Lindsey,2020-12-13,317,inferred
West Lindsey,2020-12-14,317,inferred
West Lindsey,2020-12-15,317,inferred
West Lindsey,2020-12-16,295,inferred
West Lindsey,2020-12-17,295,inferred
West Lindsey,2020-12-18,295,inferred
West Lindsey,2020-12-19,295,inferred
West Lindsey,2020-12-20,295,inferred
West Lindsey,2020-12-21,295,inferred
West Lindsey,2020-12-22,295,inferred
West Lindsey,2020-12-23,247,inferred
West Lindsey,2020-12-24,247,inferred
West Lindsey,2020-12-25,247,inferred
West Lindsey,2020-12-26,247,inferred
West Lindsey,2020-12-27,247,inferred
West Lindsey,2020-12-28,247,inferred
West Lindsey,2020-12-29,247,inferred
West Lindsey,2020-12-30,224,inferred
West Lindsey,2020-12-31,224,inferred
West Lindsey,2021-01-01,224,inferred
West Lindsey,2021-01-02,224,inferred
West Lindsey,2021-01-03,224,inferred
West Lindsey,2021-01-04,224,inferred
West Lindsey,2021-01-05,224,inferred
West Lindsey,2021-01-06,209,projected
West Lindsey,2021-01-07,209,projected
West Lindsey,2021-01-08,209,projected
West Lindsey,2021-01-09,209,projected
West Lindsey,2021-01-10,209,projected
West Lindsey,2021-01-11,209,projected
West Lindsey,2021-01-12,209,projected
West Lindsey,2021-01-13,204,projected
West Lindsey,2021-01-14,204,projected
West Lindsey,2021-01-15,204,projected
West Lindsey,2021-01-16,204,projected
West Lindsey,2021-01-17,204,projected
West Lindsey,2021-01-18,204,projected
West Lindsey,2021-01-19,204,projected
West Lindsey,2021-01-20,206,projected
West Lindsey,2021-01-21,206,projected
West Lindsey,2021-01-22,206,projected
West Lindsey,2021-01-23,206,projected
West Lindsey,2021-01-24,206,projected
West Lindsey,2021-01-25,206,projected
West Lindsey,2021-01-26,206,projected
West Lothian,2020-09-23,636,inferred
West Lothian,2020-09-24,636,inferred
West Lothian,2020-09-25,636,inferred
West Lothian,2020-09-26,636,inferred
West Lothian,2020-09-27,636,inferred
West Lothian,2020-09-28,636,inferred
West Lothian,2020-09-29,636,inferred
West Lothian,2020-09-30,1118,inferred
West Lothian,2020-10-01,1118,inferred
West Lothian,2020-10-02,1118,inferred
West Lothian,2020-10-03,1118,inferred
West Lothian,2020-10-04,1118,inferred
West Lothian,2020-10-05,1118,inferred
West Lothian,2020-10-06,1118,inferred
West Lothian,2020-10-07,1155,inferred
West Lothian,2020-10-08,1155,inferred
West Lothian,2020-10-09,1155,inferred
West Lothian,2020-10-10,1155,inferred
West Lothian,2020-10-11,1155,inferred
West Lothian,2020-10-12,1155,inferred
West Lothian,2020-10-13,1155,inferred
West Lothian,2020-10-14,1030,inferred
West Lothian,2020-10-15,1030,inferred
West Lothian,2020-10-16,1030,inferred
West Lothian,2020-10-17,1030,inferred
West Lothian,2020-10-18,1030,inferred
West Lothian,2020-10-19,1030,inferred
West Lothian,2020-10-20,1030,inferred
West Lothian,2020-10-21,1219,inferred
West Lothian,2020-10-22,1219,inferred
West Lothian,2020-10-23,1219,inferred
West Lothian,2020-10-24,1219,inferred
West Lothian,2020-10-25,1219,inferred
West Lothian,2020-10-26,1219,inferred
West Lothian,2020-10-27,1219,inferred
West Lothian,2020-10-28,921,inferred
West Lothian,2020-10-29,921,inferred
West Lothian,2020-10-30,921,inferred
West Lothian,2020-10-31,921,inferred
West Lothian,2020-11-01,921,inferred
West Lothian,2020-11-02,921,inferred
West Lothian,2020-11-03,921,inferred
West Lothian,2020-11-04,937,inferred
West Lothian,2020-11-05,937,inferred
West Lothian,2020-11-06,937,inferred
West Lothian,2020-11-07,937,inferred
West Lothian,2020-11-08,937,inferred
West Lothian,2020-11-09,937,inferred
West Lothian,2020-11-10,937,inferred
West Lothian,2020-11-11,931,inferred
West Lothian,2020-11-12,931,inferred
West Lothian,2020-11-13,931,inferred
West Lothian,2020-11-14,931,inferred
West Lothian,2020-11-15,931,inferred
West Lothian,2020-11-16,931,inferred
West Lothian,2020-11-17,931,inferred
West Lothian,2020-11-18,909,inferred
West Lothian,2020-11-19,909,inferred
West Lothian,2020-11-20,909,inferred
West Lothian,2020-11-21,909,inferred
West Lothian,2020-11-22,909,inferred
West Lothian,2020-11-23,909,inferred
West Lothian,2020-11-24,909,inferred
West Lothian,2020-11-25,714,inferred
West Lothian,2020-11-26,714,inferred
West Lothian,2020-11-27,714,inferred
West Lothian,2020-11-28,714,inferred
West Lothian,2020-11-29,714,inferred
West Lothian,2020-11-30,714,inferred
West Lothian,2020-12-01,714,inferred
West Lothian,2020-12-02,842,inferred
West Lothian,2020-12-03,842,inferred
West Lothian,2020-12-04,842,inferred
West Lothian,2020-12-05,842,inferred
West Lothian,2020-12-06,842,inferred
West Lothian,2020-12-07,842,inferred
West Lothian,2020-12-08,842,inferred
West Lothian,2020-12-09,1089,inferred
West Lothian,2020-12-10,1089,inferred
West Lothian,2020-12-11,1089,inferred
West Lothian,2020-12-12,1089,inferred
West Lothian,2020-12-13,1089,inferred
West Lothian,2020-12-14,1089,inferred
West Lothian,2020-12-15,1089,inferred
West Lothian,2020-12-16,1180,inferred
West Lothian,2020-12-17,1180,inferred
West Lothian,2020-12-18,1180,inferred
West Lothian,2020-12-19,1180,inferred
West Lothian,2020-12-20,1180,inferred
West Lothian,2020-12-21,1180,inferred
West Lothian,2020-12-22,1180,inferred
West Lothian,2020-12-23,1265,inferred
West Lothian,2020-12-24,1265,inferred
West Lothian,2020-12-25,1265,inferred
West Lothian,2020-12-26,1265,inferred
West Lothian,2020-12-27,1265,inferred
West Lothian,2020-12-28,1265,inferred
West Lothian,2020-12-29,1265,inferred
West Lothian,2020-12-30,1990,inferred
West Lothian,2020-12-31,1990,inferred
West Lothian,2021-01-01,1990,inferred
West Lothian,2021-01-02,1990,inferred
West Lothian,2021-01-03,1990,inferred
West Lothian,2021-01-04,1990,inferred
West Lothian,2021-01-05,1990,inferred
West Lothian,2021-01-06,2752,projected
West Lothian,2021-01-07,2752,projected
West Lothian,2021-01-08,2752,projected
West Lothian,2021-01-09,2752,projected
West Lothian,2021-01-10,2752,projected
West Lothian,2021-01-11,2752,projected
West Lothian,2021-01-12,2752,projected
West Lothian,2021-01-13,3993,projected
West Lothian,2021-01-14,3993,projected
West Lothian,2021-01-15,3993,projected
West Lothian,2021-01-16,3993,projected
West Lothian,2021-01-17,3993,projected
West Lothian,2021-01-18,3993,projected
West Lothian,2021-01-19,3993,projected
West Lothian,2021-01-20,5901,projected
West Lothian,2021-01-21,5901,projected
West Lothian,2021-01-22,5901,projected
West Lothian,2021-01-23,5901,projected
West Lothian,2021-01-24,5901,projected
West Lothian,2021-01-25,5901,projected
West Lothian,2021-01-26,5901,projected
West Oxfordshire,2020-09-23, 12,inferred
West Oxfordshire,2020-09-24, 12,inferred
West Oxfordshire,2020-09-25, 12,inferred
West Oxfordshire,2020-09-26, 12,inferred
West Oxfordshire,2020-09-27, 12,inferred
West Oxfordshire,2020-09-28, 12,inferred
West Oxfordshire,2020-09-29, 12,inferred
West Oxfordshire,2020-09-30, 43,inferred
West Oxfordshire,2020-10-01, 43,inferred
West Oxfordshire,2020-10-02, 43,inferred
West Oxfordshire,2020-10-03, 43,inferred
West Oxfordshire,2020-10-04, 43,inferred
West Oxfordshire,2020-10-05, 43,inferred
West Oxfordshire,2020-10-06, 43,inferred
West Oxfordshire,2020-10-07, 60,inferred
West Oxfordshire,2020-10-08, 60,inferred
West Oxfordshire,2020-10-09, 60,inferred
West Oxfordshire,2020-10-10, 60,inferred
West Oxfordshire,2020-10-11, 60,inferred
West Oxfordshire,2020-10-12, 60,inferred
West Oxfordshire,2020-10-13, 60,inferred
West Oxfordshire,2020-10-14, 91,inferred
West Oxfordshire,2020-10-15, 91,inferred
West Oxfordshire,2020-10-16, 91,inferred
West Oxfordshire,2020-10-17, 91,inferred
West Oxfordshire,2020-10-18, 91,inferred
West Oxfordshire,2020-10-19, 91,inferred
West Oxfordshire,2020-10-20, 91,inferred
West Oxfordshire,2020-10-21,130,inferred
West Oxfordshire,2020-10-22,130,inferred
West Oxfordshire,2020-10-23,130,inferred
West Oxfordshire,2020-10-24,130,inferred
West Oxfordshire,2020-10-25,130,inferred
West Oxfordshire,2020-10-26,130,inferred
West Oxfordshire,2020-10-27,130,inferred
West Oxfordshire,2020-10-28,145,inferred
West Oxfordshire,2020-10-29,145,inferred
West Oxfordshire,2020-10-30,145,inferred
West Oxfordshire,2020-10-31,145,inferred
West Oxfordshire,2020-11-01,145,inferred
West Oxfordshire,2020-11-02,145,inferred
West Oxfordshire,2020-11-03,145,inferred
West Oxfordshire,2020-11-04,157,inferred
West Oxfordshire,2020-11-05,157,inferred
West Oxfordshire,2020-11-06,157,inferred
West Oxfordshire,2020-11-07,157,inferred
West Oxfordshire,2020-11-08,157,inferred
West Oxfordshire,2020-11-09,157,inferred
West Oxfordshire,2020-11-10,157,inferred
West Oxfordshire,2020-11-11,116,inferred
West Oxfordshire,2020-11-12,116,inferred
West Oxfordshire,2020-11-13,116,inferred
West Oxfordshire,2020-11-14,116,inferred
West Oxfordshire,2020-11-15,116,inferred
West Oxfordshire,2020-11-16,116,inferred
West Oxfordshire,2020-11-17,116,inferred
West Oxfordshire,2020-11-18, 62,inferred
West Oxfordshire,2020-11-19, 62,inferred
West Oxfordshire,2020-11-20, 62,inferred
West Oxfordshire,2020-11-21, 62,inferred
West Oxfordshire,2020-11-22, 62,inferred
West Oxfordshire,2020-11-23, 62,inferred
West Oxfordshire,2020-11-24, 62,inferred
West Oxfordshire,2020-11-25, 47,inferred
West Oxfordshire,2020-11-26, 47,inferred
West Oxfordshire,2020-11-27, 47,inferred
West Oxfordshire,2020-11-28, 47,inferred
West Oxfordshire,2020-11-29, 47,inferred
West Oxfordshire,2020-11-30, 47,inferred
West Oxfordshire,2020-12-01, 47,inferred
West Oxfordshire,2020-12-02, 65,inferred
West Oxfordshire,2020-12-03, 65,inferred
West Oxfordshire,2020-12-04, 65,inferred
West Oxfordshire,2020-12-05, 65,inferred
West Oxfordshire,2020-12-06, 65,inferred
West Oxfordshire,2020-12-07, 65,inferred
West Oxfordshire,2020-12-08, 65,inferred
West Oxfordshire,2020-12-09,147,inferred
West Oxfordshire,2020-12-10,147,inferred
West Oxfordshire,2020-12-11,147,inferred
West Oxfordshire,2020-12-12,147,inferred
West Oxfordshire,2020-12-13,147,inferred
West Oxfordshire,2020-12-14,147,inferred
West Oxfordshire,2020-12-15,147,inferred
West Oxfordshire,2020-12-16,271,inferred
West Oxfordshire,2020-12-17,271,inferred
West Oxfordshire,2020-12-18,271,inferred
West Oxfordshire,2020-12-19,271,inferred
West Oxfordshire,2020-12-20,271,inferred
West Oxfordshire,2020-12-21,271,inferred
West Oxfordshire,2020-12-22,271,inferred
West Oxfordshire,2020-12-23,360,inferred
West Oxfordshire,2020-12-24,360,inferred
West Oxfordshire,2020-12-25,360,inferred
West Oxfordshire,2020-12-26,360,inferred
West Oxfordshire,2020-12-27,360,inferred
West Oxfordshire,2020-12-28,360,inferred
West Oxfordshire,2020-12-29,360,inferred
West Oxfordshire,2020-12-30,473,inferred
West Oxfordshire,2020-12-31,473,inferred
West Oxfordshire,2021-01-01,473,inferred
West Oxfordshire,2021-01-02,473,inferred
West Oxfordshire,2021-01-03,473,inferred
West Oxfordshire,2021-01-04,473,inferred
West Oxfordshire,2021-01-05,473,inferred
West Oxfordshire,2021-01-06,459,projected
West Oxfordshire,2021-01-07,459,projected
West Oxfordshire,2021-01-08,459,projected
West Oxfordshire,2021-01-09,459,projected
West Oxfordshire,2021-01-10,459,projected
West Oxfordshire,2021-01-11,459,projected
West Oxfordshire,2021-01-12,459,projected
West Oxfordshire,2021-01-13,451,projected
West Oxfordshire,2021-01-14,451,projected
West Oxfordshire,2021-01-15,451,projected
West Oxfordshire,2021-01-16,451,projected
West Oxfordshire,2021-01-17,451,projected
West Oxfordshire,2021-01-18,451,projected
West Oxfordshire,2021-01-19,451,projected
West Oxfordshire,2021-01-20,445,projected
West Oxfordshire,2021-01-21,445,projected
West Oxfordshire,2021-01-22,445,projected
West Oxfordshire,2021-01-23,445,projected
West Oxfordshire,2021-01-24,445,projected
West Oxfordshire,2021-01-25,445,projected
West Oxfordshire,2021-01-26,445,projected
West Suffolk,2020-09-23, 19,inferred
West Suffolk,2020-09-24, 19,inferred
West Suffolk,2020-09-25, 19,inferred
West Suffolk,2020-09-26, 19,inferred
West Suffolk,2020-09-27, 19,inferred
West Suffolk,2020-09-28, 19,inferred
West Suffolk,2020-09-29, 19,inferred
West Suffolk,2020-09-30, 70,inferred
West Suffolk,2020-10-01, 70,inferred
West Suffolk,2020-10-02, 70,inferred
West Suffolk,2020-10-03, 70,inferred
West Suffolk,2020-10-04, 70,inferred
West Suffolk,2020-10-05, 70,inferred
West Suffolk,2020-10-06, 70,inferred
West Suffolk,2020-10-07, 68,inferred
West Suffolk,2020-10-08, 68,inferred
West Suffolk,2020-10-09, 68,inferred
West Suffolk,2020-10-10, 68,inferred
West Suffolk,2020-10-11, 68,inferred
West Suffolk,2020-10-12, 68,inferred
West Suffolk,2020-10-13, 68,inferred
West Suffolk,2020-10-14,130,inferred
West Suffolk,2020-10-15,130,inferred
West Suffolk,2020-10-16,130,inferred
West Suffolk,2020-10-17,130,inferred
West Suffolk,2020-10-18,130,inferred
West Suffolk,2020-10-19,130,inferred
West Suffolk,2020-10-20,130,inferred
West Suffolk,2020-10-21,176,inferred
West Suffolk,2020-10-22,176,inferred
West Suffolk,2020-10-23,176,inferred
West Suffolk,2020-10-24,176,inferred
West Suffolk,2020-10-25,176,inferred
West Suffolk,2020-10-26,176,inferred
West Suffolk,2020-10-27,176,inferred
West Suffolk,2020-10-28,118,inferred
West Suffolk,2020-10-29,118,inferred
West Suffolk,2020-10-30,118,inferred
West Suffolk,2020-10-31,118,inferred
West Suffolk,2020-11-01,118,inferred
West Suffolk,2020-11-02,118,inferred
West Suffolk,2020-11-03,118,inferred
West Suffolk,2020-11-04,122,inferred
West Suffolk,2020-11-05,122,inferred
West Suffolk,2020-11-06,122,inferred
West Suffolk,2020-11-07,122,inferred
West Suffolk,2020-11-08,122,inferred
West Suffolk,2020-11-09,122,inferred
West Suffolk,2020-11-10,122,inferred
West Suffolk,2020-11-11,109,inferred
West Suffolk,2020-11-12,109,inferred
West Suffolk,2020-11-13,109,inferred
West Suffolk,2020-11-14,109,inferred
West Suffolk,2020-11-15,109,inferred
West Suffolk,2020-11-16,109,inferred
West Suffolk,2020-11-17,109,inferred
West Suffolk,2020-11-18, 82,inferred
West Suffolk,2020-11-19, 82,inferred
West Suffolk,2020-11-20, 82,inferred
West Suffolk,2020-11-21, 82,inferred
West Suffolk,2020-11-22, 82,inferred
West Suffolk,2020-11-23, 82,inferred
West Suffolk,2020-11-24, 82,inferred
West Suffolk,2020-11-25, 93,inferred
West Suffolk,2020-11-26, 93,inferred
West Suffolk,2020-11-27, 93,inferred
West Suffolk,2020-11-28, 93,inferred
West Suffolk,2020-11-29, 93,inferred
West Suffolk,2020-11-30, 93,inferred
West Suffolk,2020-12-01, 93,inferred
West Suffolk,2020-12-02,100,inferred
West Suffolk,2020-12-03,100,inferred
West Suffolk,2020-12-04,100,inferred
West Suffolk,2020-12-05,100,inferred
West Suffolk,2020-12-06,100,inferred
West Suffolk,2020-12-07,100,inferred
West Suffolk,2020-12-08,100,inferred
West Suffolk,2020-12-09,232,inferred
West Suffolk,2020-12-10,232,inferred
West Suffolk,2020-12-11,232,inferred
West Suffolk,2020-12-12,232,inferred
West Suffolk,2020-12-13,232,inferred
West Suffolk,2020-12-14,232,inferred
West Suffolk,2020-12-15,232,inferred
West Suffolk,2020-12-16,452,inferred
West Suffolk,2020-12-17,452,inferred
West Suffolk,2020-12-18,452,inferred
West Suffolk,2020-12-19,452,inferred
West Suffolk,2020-12-20,452,inferred
West Suffolk,2020-12-21,452,inferred
West Suffolk,2020-12-22,452,inferred
West Suffolk,2020-12-23,569,inferred
West Suffolk,2020-12-24,569,inferred
West Suffolk,2020-12-25,569,inferred
West Suffolk,2020-12-26,569,inferred
West Suffolk,2020-12-27,569,inferred
West Suffolk,2020-12-28,569,inferred
West Suffolk,2020-12-29,569,inferred
West Suffolk,2020-12-30,876,inferred
West Suffolk,2020-12-31,876,inferred
West Suffolk,2021-01-01,876,inferred
West Suffolk,2021-01-02,876,inferred
West Suffolk,2021-01-03,876,inferred
West Suffolk,2021-01-04,876,inferred
West Suffolk,2021-01-05,876,inferred
West Suffolk,2021-01-06,988,projected
West Suffolk,2021-01-07,988,projected
West Suffolk,2021-01-08,988,projected
West Suffolk,2021-01-09,988,projected
West Suffolk,2021-01-10,988,projected
West Suffolk,2021-01-11,988,projected
West Suffolk,2021-01-12,988,projected
West Suffolk,2021-01-13,1070,projected
West Suffolk,2021-01-14,1070,projected
West Suffolk,2021-01-15,1070,projected
West Suffolk,2021-01-16,1070,projected
West Suffolk,2021-01-17,1070,projected
West Suffolk,2021-01-18,1070,projected
West Suffolk,2021-01-19,1070,projected
West Suffolk,2021-01-20,1165,projected
West Suffolk,2021-01-21,1165,projected
West Suffolk,2021-01-22,1165,projected
West Suffolk,2021-01-23,1165,projected
West Suffolk,2021-01-24,1165,projected
West Suffolk,2021-01-25,1165,projected
West Suffolk,2021-01-26,1165,projected
Western Isles,2020-09-23, 18,inferred
Western Isles,2020-09-24, 18,inferred
Western Isles,2020-09-25, 18,inferred
Western Isles,2020-09-26, 18,inferred
Western Isles,2020-09-27, 18,inferred
Western Isles,2020-09-28, 18,inferred
Western Isles,2020-09-29, 18,inferred
Western Isles,2020-09-30, 22,inferred
Western Isles,2020-10-01, 22,inferred
Western Isles,2020-10-02, 22,inferred
Western Isles,2020-10-03, 22,inferred
Western Isles,2020-10-04, 22,inferred
Western Isles,2020-10-05, 22,inferred
Western Isles,2020-10-06, 22,inferred
Western Isles,2020-10-07,  8,inferred
Western Isles,2020-10-08,  8,inferred
Western Isles,2020-10-09,  8,inferred
Western Isles,2020-10-10,  8,inferred
Western Isles,2020-10-11,  8,inferred
Western Isles,2020-10-12,  8,inferred
Western Isles,2020-10-13,  8,inferred
Western Isles,2020-10-14,  4,inferred
Western Isles,2020-10-15,  4,inferred
Western Isles,2020-10-16,  4,inferred
Western Isles,2020-10-17,  4,inferred
Western Isles,2020-10-18,  4,inferred
Western Isles,2020-10-19,  4,inferred
Western Isles,2020-10-20,  4,inferred
Western Isles,2020-10-21,  6,inferred
Western Isles,2020-10-22,  6,inferred
Western Isles,2020-10-23,  6,inferred
Western Isles,2020-10-24,  6,inferred
Western Isles,2020-10-25,  6,inferred
Western Isles,2020-10-26,  6,inferred
Western Isles,2020-10-27,  6,inferred
Western Isles,2020-10-28,  1,inferred
Western Isles,2020-10-29,  1,inferred
Western Isles,2020-10-30,  1,inferred
Western Isles,2020-10-31,  1,inferred
Western Isles,2020-11-01,  1,inferred
Western Isles,2020-11-02,  1,inferred
Western Isles,2020-11-03,  1,inferred
Western Isles,2020-11-04,  1,inferred
Western Isles,2020-11-05,  1,inferred
Western Isles,2020-11-06,  1,inferred
Western Isles,2020-11-07,  1,inferred
Western Isles,2020-11-08,  1,inferred
Western Isles,2020-11-09,  1,inferred
Western Isles,2020-11-10,  1,inferred
Western Isles,2020-11-11,  5,inferred
Western Isles,2020-11-12,  5,inferred
Western Isles,2020-11-13,  5,inferred
Western Isles,2020-11-14,  5,inferred
Western Isles,2020-11-15,  5,inferred
Western Isles,2020-11-16,  5,inferred
Western Isles,2020-11-17,  5,inferred
Western Isles,2020-11-18,  0,inferred
Western Isles,2020-11-19,  0,inferred
Western Isles,2020-11-20,  0,inferred
Western Isles,2020-11-21,  0,inferred
Western Isles,2020-11-22,  0,inferred
Western Isles,2020-11-23,  0,inferred
Western Isles,2020-11-24,  0,inferred
Western Isles,2020-11-25,  6,inferred
Western Isles,2020-11-26,  6,inferred
Western Isles,2020-11-27,  6,inferred
Western Isles,2020-11-28,  6,inferred
Western Isles,2020-11-29,  6,inferred
Western Isles,2020-11-30,  6,inferred
Western Isles,2020-12-01,  6,inferred
Western Isles,2020-12-02,  1,inferred
Western Isles,2020-12-03,  1,inferred
Western Isles,2020-12-04,  1,inferred
Western Isles,2020-12-05,  1,inferred
Western Isles,2020-12-06,  1,inferred
Western Isles,2020-12-07,  1,inferred
Western Isles,2020-12-08,  1,inferred
Western Isles,2020-12-09,  7,inferred
Western Isles,2020-12-10,  7,inferred
Western Isles,2020-12-11,  7,inferred
Western Isles,2020-12-12,  7,inferred
Western Isles,2020-12-13,  7,inferred
Western Isles,2020-12-14,  7,inferred
Western Isles,2020-12-15,  7,inferred
Western Isles,2020-12-16,  3,inferred
Western Isles,2020-12-17,  3,inferred
Western Isles,2020-12-18,  3,inferred
Western Isles,2020-12-19,  3,inferred
Western Isles,2020-12-20,  3,inferred
Western Isles,2020-12-21,  3,inferred
Western Isles,2020-12-22,  3,inferred
Western Isles,2020-12-23,  2,inferred
Western Isles,2020-12-24,  2,inferred
Western Isles,2020-12-25,  2,inferred
Western Isles,2020-12-26,  2,inferred
Western Isles,2020-12-27,  2,inferred
Western Isles,2020-12-28,  2,inferred
Western Isles,2020-12-29,  2,inferred
Western Isles,2020-12-30, 13,inferred
Western Isles,2020-12-31, 13,inferred
Western Isles,2021-01-01, 13,inferred
Western Isles,2021-01-02, 13,inferred
Western Isles,2021-01-03, 13,inferred
Western Isles,2021-01-04, 13,inferred
Western Isles,2021-01-05, 13,inferred
Western Isles,2021-01-06,  5,projected
Western Isles,2021-01-07,  5,projected
Western Isles,2021-01-08,  5,projected
Western Isles,2021-01-09,  5,projected
Western Isles,2021-01-10,  5,projected
Western Isles,2021-01-11,  5,projected
Western Isles,2021-01-12,  5,projected
Western Isles,2021-01-13,  6,projected
Western Isles,2021-01-14,  6,projected
Western Isles,2021-01-15,  6,projected
Western Isles,2021-01-16,  6,projected
Western Isles,2021-01-17,  6,projected
Western Isles,2021-01-18,  6,projected
Western Isles,2021-01-19,  6,projected
Western Isles,2021-01-20,  7,projected
Western Isles,2021-01-21,  7,projected
Western Isles,2021-01-22,  7,projected
Western Isles,2021-01-23,  7,projected
Western Isles,2021-01-24,  7,projected
Western Isles,2021-01-25,  7,projected
Western Isles,2021-01-26,  7,projected
Westminster,2020-09-23, 98,inferred
Westminster,2020-09-24, 98,inferred
Westminster,2020-09-25, 98,inferred
Westminster,2020-09-26, 98,inferred
Westminster,2020-09-27, 98,inferred
Westminster,2020-09-28, 98,inferred
Westminster,2020-09-29, 98,inferred
Westminster,2020-09-30,199,inferred
Westminster,2020-10-01,199,inferred
Westminster,2020-10-02,199,inferred
Westminster,2020-10-03,199,inferred
Westminster,2020-10-04,199,inferred
Westminster,2020-10-05,199,inferred
Westminster,2020-10-06,199,inferred
Westminster,2020-10-07,252,inferred
Westminster,2020-10-08,252,inferred
Westminster,2020-10-09,252,inferred
Westminster,2020-10-10,252,inferred
Westminster,2020-10-11,252,inferred
Westminster,2020-10-12,252,inferred
Westminster,2020-10-13,252,inferred
Westminster,2020-10-14,323,inferred
Westminster,2020-10-15,323,inferred
Westminster,2020-10-16,323,inferred
Westminster,2020-10-17,323,inferred
Westminster,2020-10-18,323,inferred
Westminster,2020-10-19,323,inferred
Westminster,2020-10-20,323,inferred
Westminster,2020-10-21,421,inferred
Westminster,2020-10-22,421,inferred
Westminster,2020-10-23,421,inferred
Westminster,2020-10-24,421,inferred
Westminster,2020-10-25,421,inferred
Westminster,2020-10-26,421,inferred
Westminster,2020-10-27,421,inferred
Westminster,2020-10-28,452,inferred
Westminster,2020-10-29,452,inferred
Westminster,2020-10-30,452,inferred
Westminster,2020-10-31,452,inferred
Westminster,2020-11-01,452,inferred
Westminster,2020-11-02,452,inferred
Westminster,2020-11-03,452,inferred
Westminster,2020-11-04,372,inferred
Westminster,2020-11-05,372,inferred
Westminster,2020-11-06,372,inferred
Westminster,2020-11-07,372,inferred
Westminster,2020-11-08,372,inferred
Westminster,2020-11-09,372,inferred
Westminster,2020-11-10,372,inferred
Westminster,2020-11-11,383,inferred
Westminster,2020-11-12,383,inferred
Westminster,2020-11-13,383,inferred
Westminster,2020-11-14,383,inferred
Westminster,2020-11-15,383,inferred
Westminster,2020-11-16,383,inferred
Westminster,2020-11-17,383,inferred
Westminster,2020-11-18,261,inferred
Westminster,2020-11-19,261,inferred
Westminster,2020-11-20,261,inferred
Westminster,2020-11-21,261,inferred
Westminster,2020-11-22,261,inferred
Westminster,2020-11-23,261,inferred
Westminster,2020-11-24,261,inferred
Westminster,2020-11-25,246,inferred
Westminster,2020-11-26,246,inferred
Westminster,2020-11-27,246,inferred
Westminster,2020-11-28,246,inferred
Westminster,2020-11-29,246,inferred
Westminster,2020-11-30,246,inferred
Westminster,2020-12-01,246,inferred
Westminster,2020-12-02,276,inferred
Westminster,2020-12-03,276,inferred
Westminster,2020-12-04,276,inferred
Westminster,2020-12-05,276,inferred
Westminster,2020-12-06,276,inferred
Westminster,2020-12-07,276,inferred
Westminster,2020-12-08,276,inferred
Westminster,2020-12-09,683,inferred
Westminster,2020-12-10,683,inferred
Westminster,2020-12-11,683,inferred
Westminster,2020-12-12,683,inferred
Westminster,2020-12-13,683,inferred
Westminster,2020-12-14,683,inferred
Westminster,2020-12-15,683,inferred
Westminster,2020-12-16,1351,inferred
Westminster,2020-12-17,1351,inferred
Westminster,2020-12-18,1351,inferred
Westminster,2020-12-19,1351,inferred
Westminster,2020-12-20,1351,inferred
Westminster,2020-12-21,1351,inferred
Westminster,2020-12-22,1351,inferred
Westminster,2020-12-23,1364,inferred
Westminster,2020-12-24,1364,inferred
Westminster,2020-12-25,1364,inferred
Westminster,2020-12-26,1364,inferred
Westminster,2020-12-27,1364,inferred
Westminster,2020-12-28,1364,inferred
Westminster,2020-12-29,1364,inferred
Westminster,2020-12-30,1574,inferred
Westminster,2020-12-31,1574,inferred
Westminster,2021-01-01,1574,inferred
Westminster,2021-01-02,1574,inferred
Westminster,2021-01-03,1574,inferred
Westminster,2021-01-04,1574,inferred
Westminster,2021-01-05,1574,inferred
Westminster,2021-01-06,1280,projected
Westminster,2021-01-07,1280,projected
Westminster,2021-01-08,1280,projected
Westminster,2021-01-09,1280,projected
Westminster,2021-01-10,1280,projected
Westminster,2021-01-11,1280,projected
Westminster,2021-01-12,1280,projected
Westminster,2021-01-13,1068,projected
Westminster,2021-01-14,1068,projected
Westminster,2021-01-15,1068,projected
Westminster,2021-01-16,1068,projected
Westminster,2021-01-17,1068,projected
Westminster,2021-01-18,1068,projected
Westminster,2021-01-19,1068,projected
Westminster,2021-01-20,926,projected
Westminster,2021-01-21,926,projected
Westminster,2021-01-22,926,projected
Westminster,2021-01-23,926,projected
Westminster,2021-01-24,926,projected
Westminster,2021-01-25,926,projected
Westminster,2021-01-26,926,projected
Wigan,2020-09-23,607,inferred
Wigan,2020-09-24,607,inferred
Wigan,2020-09-25,607,inferred
Wigan,2020-09-26,607,inferred
Wigan,2020-09-27,607,inferred
Wigan,2020-09-28,607,inferred
Wigan,2020-09-29,607,inferred
Wigan,2020-09-30,1062,inferred
Wigan,2020-10-01,1062,inferred
Wigan,2020-10-02,1062,inferred
Wigan,2020-10-03,1062,inferred
Wigan,2020-10-04,1062,inferred
Wigan,2020-10-05,1062,inferred
Wigan,2020-10-06,1062,inferred
Wigan,2020-10-07,1430,inferred
Wigan,2020-10-08,1430,inferred
Wigan,2020-10-09,1430,inferred
Wigan,2020-10-10,1430,inferred
Wigan,2020-10-11,1430,inferred
Wigan,2020-10-12,1430,inferred
Wigan,2020-10-13,1430,inferred
Wigan,2020-10-14,1736,inferred
Wigan,2020-10-15,1736,inferred
Wigan,2020-10-16,1736,inferred
Wigan,2020-10-17,1736,inferred
Wigan,2020-10-18,1736,inferred
Wigan,2020-10-19,1736,inferred
Wigan,2020-10-20,1736,inferred
Wigan,2020-10-21,2275,inferred
Wigan,2020-10-22,2275,inferred
Wigan,2020-10-23,2275,inferred
Wigan,2020-10-24,2275,inferred
Wigan,2020-10-25,2275,inferred
Wigan,2020-10-26,2275,inferred
Wigan,2020-10-27,2275,inferred
Wigan,2020-10-28,2188,inferred
Wigan,2020-10-29,2188,inferred
Wigan,2020-10-30,2188,inferred
Wigan,2020-10-31,2188,inferred
Wigan,2020-11-01,2188,inferred
Wigan,2020-11-02,2188,inferred
Wigan,2020-11-03,2188,inferred
Wigan,2020-11-04,1670,inferred
Wigan,2020-11-05,1670,inferred
Wigan,2020-11-06,1670,inferred
Wigan,2020-11-07,1670,inferred
Wigan,2020-11-08,1670,inferred
Wigan,2020-11-09,1670,inferred
Wigan,2020-11-10,1670,inferred
Wigan,2020-11-11,1199,inferred
Wigan,2020-11-12,1199,inferred
Wigan,2020-11-13,1199,inferred
Wigan,2020-11-14,1199,inferred
Wigan,2020-11-15,1199,inferred
Wigan,2020-11-16,1199,inferred
Wigan,2020-11-17,1199,inferred
Wigan,2020-11-18,837,inferred
Wigan,2020-11-19,837,inferred
Wigan,2020-11-20,837,inferred
Wigan,2020-11-21,837,inferred
Wigan,2020-11-22,837,inferred
Wigan,2020-11-23,837,inferred
Wigan,2020-11-24,837,inferred
Wigan,2020-11-25,686,inferred
Wigan,2020-11-26,686,inferred
Wigan,2020-11-27,686,inferred
Wigan,2020-11-28,686,inferred
Wigan,2020-11-29,686,inferred
Wigan,2020-11-30,686,inferred
Wigan,2020-12-01,686,inferred
Wigan,2020-12-02,570,inferred
Wigan,2020-12-03,570,inferred
Wigan,2020-12-04,570,inferred
Wigan,2020-12-05,570,inferred
Wigan,2020-12-06,570,inferred
Wigan,2020-12-07,570,inferred
Wigan,2020-12-08,570,inferred
Wigan,2020-12-09,557,inferred
Wigan,2020-12-10,557,inferred
Wigan,2020-12-11,557,inferred
Wigan,2020-12-12,557,inferred
Wigan,2020-12-13,557,inferred
Wigan,2020-12-14,557,inferred
Wigan,2020-12-15,557,inferred
Wigan,2020-12-16,578,inferred
Wigan,2020-12-17,578,inferred
Wigan,2020-12-18,578,inferred
Wigan,2020-12-19,578,inferred
Wigan,2020-12-20,578,inferred
Wigan,2020-12-21,578,inferred
Wigan,2020-12-22,578,inferred
Wigan,2020-12-23,905,inferred
Wigan,2020-12-24,905,inferred
Wigan,2020-12-25,905,inferred
Wigan,2020-12-26,905,inferred
Wigan,2020-12-27,905,inferred
Wigan,2020-12-28,905,inferred
Wigan,2020-12-29,905,inferred
Wigan,2020-12-30,1523,inferred
Wigan,2020-12-31,1523,inferred
Wigan,2021-01-01,1523,inferred
Wigan,2021-01-02,1523,inferred
Wigan,2021-01-03,1523,inferred
Wigan,2021-01-04,1523,inferred
Wigan,2021-01-05,1523,inferred
Wigan,2021-01-06,1787,projected
Wigan,2021-01-07,1787,projected
Wigan,2021-01-08,1787,projected
Wigan,2021-01-09,1787,projected
Wigan,2021-01-10,1787,projected
Wigan,2021-01-11,1787,projected
Wigan,2021-01-12,1787,projected
Wigan,2021-01-13,2082,projected
Wigan,2021-01-14,2082,projected
Wigan,2021-01-15,2082,projected
Wigan,2021-01-16,2082,projected
Wigan,2021-01-17,2082,projected
Wigan,2021-01-18,2082,projected
Wigan,2021-01-19,2082,projected
Wigan,2021-01-20,2486,projected
Wigan,2021-01-21,2486,projected
Wigan,2021-01-22,2486,projected
Wigan,2021-01-23,2486,projected
Wigan,2021-01-24,2486,projected
Wigan,2021-01-25,2486,projected
Wigan,2021-01-26,2486,projected
Wiltshire,2020-09-23, 75,inferred
Wiltshire,2020-09-24, 75,inferred
Wiltshire,2020-09-25, 75,inferred
Wiltshire,2020-09-26, 75,inferred
Wiltshire,2020-09-27, 75,inferred
Wiltshire,2020-09-28, 75,inferred
Wiltshire,2020-09-29, 75,inferred
Wiltshire,2020-09-30,131,inferred
Wiltshire,2020-10-01,131,inferred
Wiltshire,2020-10-02,131,inferred
Wiltshire,2020-10-03,131,inferred
Wiltshire,2020-10-04,131,inferred
Wiltshire,2020-10-05,131,inferred
Wiltshire,2020-10-06,131,inferred
Wiltshire,2020-10-07,242,inferred
Wiltshire,2020-10-08,242,inferred
Wiltshire,2020-10-09,242,inferred
Wiltshire,2020-10-10,242,inferred
Wiltshire,2020-10-11,242,inferred
Wiltshire,2020-10-12,242,inferred
Wiltshire,2020-10-13,242,inferred
Wiltshire,2020-10-14,294,inferred
Wiltshire,2020-10-15,294,inferred
Wiltshire,2020-10-16,294,inferred
Wiltshire,2020-10-17,294,inferred
Wiltshire,2020-10-18,294,inferred
Wiltshire,2020-10-19,294,inferred
Wiltshire,2020-10-20,294,inferred
Wiltshire,2020-10-21,431,inferred
Wiltshire,2020-10-22,431,inferred
Wiltshire,2020-10-23,431,inferred
Wiltshire,2020-10-24,431,inferred
Wiltshire,2020-10-25,431,inferred
Wiltshire,2020-10-26,431,inferred
Wiltshire,2020-10-27,431,inferred
Wiltshire,2020-10-28,467,inferred
Wiltshire,2020-10-29,467,inferred
Wiltshire,2020-10-30,467,inferred
Wiltshire,2020-10-31,467,inferred
Wiltshire,2020-11-01,467,inferred
Wiltshire,2020-11-02,467,inferred
Wiltshire,2020-11-03,467,inferred
Wiltshire,2020-11-04,504,inferred
Wiltshire,2020-11-05,504,inferred
Wiltshire,2020-11-06,504,inferred
Wiltshire,2020-11-07,504,inferred
Wiltshire,2020-11-08,504,inferred
Wiltshire,2020-11-09,504,inferred
Wiltshire,2020-11-10,504,inferred
Wiltshire,2020-11-11,690,inferred
Wiltshire,2020-11-12,690,inferred
Wiltshire,2020-11-13,690,inferred
Wiltshire,2020-11-14,690,inferred
Wiltshire,2020-11-15,690,inferred
Wiltshire,2020-11-16,690,inferred
Wiltshire,2020-11-17,690,inferred
Wiltshire,2020-11-18,422,inferred
Wiltshire,2020-11-19,422,inferred
Wiltshire,2020-11-20,422,inferred
Wiltshire,2020-11-21,422,inferred
Wiltshire,2020-11-22,422,inferred
Wiltshire,2020-11-23,422,inferred
Wiltshire,2020-11-24,422,inferred
Wiltshire,2020-11-25,400,inferred
Wiltshire,2020-11-26,400,inferred
Wiltshire,2020-11-27,400,inferred
Wiltshire,2020-11-28,400,inferred
Wiltshire,2020-11-29,400,inferred
Wiltshire,2020-11-30,400,inferred
Wiltshire,2020-12-01,400,inferred
Wiltshire,2020-12-02,338,inferred
Wiltshire,2020-12-03,338,inferred
Wiltshire,2020-12-04,338,inferred
Wiltshire,2020-12-05,338,inferred
Wiltshire,2020-12-06,338,inferred
Wiltshire,2020-12-07,338,inferred
Wiltshire,2020-12-08,338,inferred
Wiltshire,2020-12-09,462,inferred
Wiltshire,2020-12-10,462,inferred
Wiltshire,2020-12-11,462,inferred
Wiltshire,2020-12-12,462,inferred
Wiltshire,2020-12-13,462,inferred
Wiltshire,2020-12-14,462,inferred
Wiltshire,2020-12-15,462,inferred
Wiltshire,2020-12-16,758,inferred
Wiltshire,2020-12-17,758,inferred
Wiltshire,2020-12-18,758,inferred
Wiltshire,2020-12-19,758,inferred
Wiltshire,2020-12-20,758,inferred
Wiltshire,2020-12-21,758,inferred
Wiltshire,2020-12-22,758,inferred
Wiltshire,2020-12-23,1133,inferred
Wiltshire,2020-12-24,1133,inferred
Wiltshire,2020-12-25,1133,inferred
Wiltshire,2020-12-26,1133,inferred
Wiltshire,2020-12-27,1133,inferred
Wiltshire,2020-12-28,1133,inferred
Wiltshire,2020-12-29,1133,inferred
Wiltshire,2020-12-30,1804,inferred
Wiltshire,2020-12-31,1804,inferred
Wiltshire,2021-01-01,1804,inferred
Wiltshire,2021-01-02,1804,inferred
Wiltshire,2021-01-03,1804,inferred
Wiltshire,2021-01-04,1804,inferred
Wiltshire,2021-01-05,1804,inferred
Wiltshire,2021-01-06,2385,projected
Wiltshire,2021-01-07,2385,projected
Wiltshire,2021-01-08,2385,projected
Wiltshire,2021-01-09,2385,projected
Wiltshire,2021-01-10,2385,projected
Wiltshire,2021-01-11,2385,projected
Wiltshire,2021-01-12,2385,projected
Wiltshire,2021-01-13,2956,projected
Wiltshire,2021-01-14,2956,projected
Wiltshire,2021-01-15,2956,projected
Wiltshire,2021-01-16,2956,projected
Wiltshire,2021-01-17,2956,projected
Wiltshire,2021-01-18,2956,projected
Wiltshire,2021-01-19,2956,projected
Wiltshire,2021-01-20,3506,projected
Wiltshire,2021-01-21,3506,projected
Wiltshire,2021-01-22,3506,projected
Wiltshire,2021-01-23,3506,projected
Wiltshire,2021-01-24,3506,projected
Wiltshire,2021-01-25,3506,projected
Wiltshire,2021-01-26,3506,projected
Winchester,2020-09-23, 31,inferred
Winchester,2020-09-24, 31,inferred
Winchester,2020-09-25, 31,inferred
Winchester,2020-09-26, 31,inferred
Winchester,2020-09-27, 31,inferred
Winchester,2020-09-28, 31,inferred
Winchester,2020-09-29, 31,inferred
Winchester,2020-09-30, 45,inferred
Winchester,2020-10-01, 45,inferred
Winchester,2020-10-02, 45,inferred
Winchester,2020-10-03, 45,inferred
Winchester,2020-10-04, 45,inferred
Winchester,2020-10-05, 45,inferred
Winchester,2020-10-06, 45,inferred
Winchester,2020-10-07, 63,inferred
Winchester,2020-10-08, 63,inferred
Winchester,2020-10-09, 63,inferred
Winchester,2020-10-10, 63,inferred
Winchester,2020-10-11, 63,inferred
Winchester,2020-10-12, 63,inferred
Winchester,2020-10-13, 63,inferred
Winchester,2020-10-14,103,inferred
Winchester,2020-10-15,103,inferred
Winchester,2020-10-16,103,inferred
Winchester,2020-10-17,103,inferred
Winchester,2020-10-18,103,inferred
Winchester,2020-10-19,103,inferred
Winchester,2020-10-20,103,inferred
Winchester,2020-10-21,155,inferred
Winchester,2020-10-22,155,inferred
Winchester,2020-10-23,155,inferred
Winchester,2020-10-24,155,inferred
Winchester,2020-10-25,155,inferred
Winchester,2020-10-26,155,inferred
Winchester,2020-10-27,155,inferred
Winchester,2020-10-28,188,inferred
Winchester,2020-10-29,188,inferred
Winchester,2020-10-30,188,inferred
Winchester,2020-10-31,188,inferred
Winchester,2020-11-01,188,inferred
Winchester,2020-11-02,188,inferred
Winchester,2020-11-03,188,inferred
Winchester,2020-11-04,210,inferred
Winchester,2020-11-05,210,inferred
Winchester,2020-11-06,210,inferred
Winchester,2020-11-07,210,inferred
Winchester,2020-11-08,210,inferred
Winchester,2020-11-09,210,inferred
Winchester,2020-11-10,210,inferred
Winchester,2020-11-11,232,inferred
Winchester,2020-11-12,232,inferred
Winchester,2020-11-13,232,inferred
Winchester,2020-11-14,232,inferred
Winchester,2020-11-15,232,inferred
Winchester,2020-11-16,232,inferred
Winchester,2020-11-17,232,inferred
Winchester,2020-11-18,109,inferred
Winchester,2020-11-19,109,inferred
Winchester,2020-11-20,109,inferred
Winchester,2020-11-21,109,inferred
Winchester,2020-11-22,109,inferred
Winchester,2020-11-23,109,inferred
Winchester,2020-11-24,109,inferred
Winchester,2020-11-25, 88,inferred
Winchester,2020-11-26, 88,inferred
Winchester,2020-11-27, 88,inferred
Winchester,2020-11-28, 88,inferred
Winchester,2020-11-29, 88,inferred
Winchester,2020-11-30, 88,inferred
Winchester,2020-12-01, 88,inferred
Winchester,2020-12-02, 63,inferred
Winchester,2020-12-03, 63,inferred
Winchester,2020-12-04, 63,inferred
Winchester,2020-12-05, 63,inferred
Winchester,2020-12-06, 63,inferred
Winchester,2020-12-07, 63,inferred
Winchester,2020-12-08, 63,inferred
Winchester,2020-12-09,151,inferred
Winchester,2020-12-10,151,inferred
Winchester,2020-12-11,151,inferred
Winchester,2020-12-12,151,inferred
Winchester,2020-12-13,151,inferred
Winchester,2020-12-14,151,inferred
Winchester,2020-12-15,151,inferred
Winchester,2020-12-16,278,inferred
Winchester,2020-12-17,278,inferred
Winchester,2020-12-18,278,inferred
Winchester,2020-12-19,278,inferred
Winchester,2020-12-20,278,inferred
Winchester,2020-12-21,278,inferred
Winchester,2020-12-22,278,inferred
Winchester,2020-12-23,517,inferred
Winchester,2020-12-24,517,inferred
Winchester,2020-12-25,517,inferred
Winchester,2020-12-26,517,inferred
Winchester,2020-12-27,517,inferred
Winchester,2020-12-28,517,inferred
Winchester,2020-12-29,517,inferred
Winchester,2020-12-30,551,inferred
Winchester,2020-12-31,551,inferred
Winchester,2021-01-01,551,inferred
Winchester,2021-01-02,551,inferred
Winchester,2021-01-03,551,inferred
Winchester,2021-01-04,551,inferred
Winchester,2021-01-05,551,inferred
Winchester,2021-01-06,531,projected
Winchester,2021-01-07,531,projected
Winchester,2021-01-08,531,projected
Winchester,2021-01-09,531,projected
Winchester,2021-01-10,531,projected
Winchester,2021-01-11,531,projected
Winchester,2021-01-12,531,projected
Winchester,2021-01-13,509,projected
Winchester,2021-01-14,509,projected
Winchester,2021-01-15,509,projected
Winchester,2021-01-16,509,projected
Winchester,2021-01-17,509,projected
Winchester,2021-01-18,509,projected
Winchester,2021-01-19,509,projected
Winchester,2021-01-20,498,projected
Winchester,2021-01-21,498,projected
Winchester,2021-01-22,498,projected
Winchester,2021-01-23,498,projected
Winchester,2021-01-24,498,projected
Winchester,2021-01-25,498,projected
Winchester,2021-01-26,498,projected
Windsor and Maidenhead,2020-09-23, 43,inferred
Windsor and Maidenhead,2020-09-24, 43,inferred
Windsor and Maidenhead,2020-09-25, 43,inferred
Windsor and Maidenhead,2020-09-26, 43,inferred
Windsor and Maidenhead,2020-09-27, 43,inferred
Windsor and Maidenhead,2020-09-28, 43,inferred
Windsor and Maidenhead,2020-09-29, 43,inferred
Windsor and Maidenhead,2020-09-30,111,inferred
Windsor and Maidenhead,2020-10-01,111,inferred
Windsor and Maidenhead,2020-10-02,111,inferred
Windsor and Maidenhead,2020-10-03,111,inferred
Windsor and Maidenhead,2020-10-04,111,inferred
Windsor and Maidenhead,2020-10-05,111,inferred
Windsor and Maidenhead,2020-10-06,111,inferred
Windsor and Maidenhead,2020-10-07,150,inferred
Windsor and Maidenhead,2020-10-08,150,inferred
Windsor and Maidenhead,2020-10-09,150,inferred
Windsor and Maidenhead,2020-10-10,150,inferred
Windsor and Maidenhead,2020-10-11,150,inferred
Windsor and Maidenhead,2020-10-12,150,inferred
Windsor and Maidenhead,2020-10-13,150,inferred
Windsor and Maidenhead,2020-10-14,180,inferred
Windsor and Maidenhead,2020-10-15,180,inferred
Windsor and Maidenhead,2020-10-16,180,inferred
Windsor and Maidenhead,2020-10-17,180,inferred
Windsor and Maidenhead,2020-10-18,180,inferred
Windsor and Maidenhead,2020-10-19,180,inferred
Windsor and Maidenhead,2020-10-20,180,inferred
Windsor and Maidenhead,2020-10-21,219,inferred
Windsor and Maidenhead,2020-10-22,219,inferred
Windsor and Maidenhead,2020-10-23,219,inferred
Windsor and Maidenhead,2020-10-24,219,inferred
Windsor and Maidenhead,2020-10-25,219,inferred
Windsor and Maidenhead,2020-10-26,219,inferred
Windsor and Maidenhead,2020-10-27,219,inferred
Windsor and Maidenhead,2020-10-28,260,inferred
Windsor and Maidenhead,2020-10-29,260,inferred
Windsor and Maidenhead,2020-10-30,260,inferred
Windsor and Maidenhead,2020-10-31,260,inferred
Windsor and Maidenhead,2020-11-01,260,inferred
Windsor and Maidenhead,2020-11-02,260,inferred
Windsor and Maidenhead,2020-11-03,260,inferred
Windsor and Maidenhead,2020-11-04,256,inferred
Windsor and Maidenhead,2020-11-05,256,inferred
Windsor and Maidenhead,2020-11-06,256,inferred
Windsor and Maidenhead,2020-11-07,256,inferred
Windsor and Maidenhead,2020-11-08,256,inferred
Windsor and Maidenhead,2020-11-09,256,inferred
Windsor and Maidenhead,2020-11-10,256,inferred
Windsor and Maidenhead,2020-11-11,261,inferred
Windsor and Maidenhead,2020-11-12,261,inferred
Windsor and Maidenhead,2020-11-13,261,inferred
Windsor and Maidenhead,2020-11-14,261,inferred
Windsor and Maidenhead,2020-11-15,261,inferred
Windsor and Maidenhead,2020-11-16,261,inferred
Windsor and Maidenhead,2020-11-17,261,inferred
Windsor and Maidenhead,2020-11-18,184,inferred
Windsor and Maidenhead,2020-11-19,184,inferred
Windsor and Maidenhead,2020-11-20,184,inferred
Windsor and Maidenhead,2020-11-21,184,inferred
Windsor and Maidenhead,2020-11-22,184,inferred
Windsor and Maidenhead,2020-11-23,184,inferred
Windsor and Maidenhead,2020-11-24,184,inferred
Windsor and Maidenhead,2020-11-25,154,inferred
Windsor and Maidenhead,2020-11-26,154,inferred
Windsor and Maidenhead,2020-11-27,154,inferred
Windsor and Maidenhead,2020-11-28,154,inferred
Windsor and Maidenhead,2020-11-29,154,inferred
Windsor and Maidenhead,2020-11-30,154,inferred
Windsor and Maidenhead,2020-12-01,154,inferred
Windsor and Maidenhead,2020-12-02,169,inferred
Windsor and Maidenhead,2020-12-03,169,inferred
Windsor and Maidenhead,2020-12-04,169,inferred
Windsor and Maidenhead,2020-12-05,169,inferred
Windsor and Maidenhead,2020-12-06,169,inferred
Windsor and Maidenhead,2020-12-07,169,inferred
Windsor and Maidenhead,2020-12-08,169,inferred
Windsor and Maidenhead,2020-12-09,316,inferred
Windsor and Maidenhead,2020-12-10,316,inferred
Windsor and Maidenhead,2020-12-11,316,inferred
Windsor and Maidenhead,2020-12-12,316,inferred
Windsor and Maidenhead,2020-12-13,316,inferred
Windsor and Maidenhead,2020-12-14,316,inferred
Windsor and Maidenhead,2020-12-15,316,inferred
Windsor and Maidenhead,2020-12-16,733,inferred
Windsor and Maidenhead,2020-12-17,733,inferred
Windsor and Maidenhead,2020-12-18,733,inferred
Windsor and Maidenhead,2020-12-19,733,inferred
Windsor and Maidenhead,2020-12-20,733,inferred
Windsor and Maidenhead,2020-12-21,733,inferred
Windsor and Maidenhead,2020-12-22,733,inferred
Windsor and Maidenhead,2020-12-23,927,inferred
Windsor and Maidenhead,2020-12-24,927,inferred
Windsor and Maidenhead,2020-12-25,927,inferred
Windsor and Maidenhead,2020-12-26,927,inferred
Windsor and Maidenhead,2020-12-27,927,inferred
Windsor and Maidenhead,2020-12-28,927,inferred
Windsor and Maidenhead,2020-12-29,927,inferred
Windsor and Maidenhead,2020-12-30,1020,inferred
Windsor and Maidenhead,2020-12-31,1020,inferred
Windsor and Maidenhead,2021-01-01,1020,inferred
Windsor and Maidenhead,2021-01-02,1020,inferred
Windsor and Maidenhead,2021-01-03,1020,inferred
Windsor and Maidenhead,2021-01-04,1020,inferred
Windsor and Maidenhead,2021-01-05,1020,inferred
Windsor and Maidenhead,2021-01-06,776,projected
Windsor and Maidenhead,2021-01-07,776,projected
Windsor and Maidenhead,2021-01-08,776,projected
Windsor and Maidenhead,2021-01-09,776,projected
Windsor and Maidenhead,2021-01-10,776,projected
Windsor and Maidenhead,2021-01-11,776,projected
Windsor and Maidenhead,2021-01-12,776,projected
Windsor and Maidenhead,2021-01-13,596,projected
Windsor and Maidenhead,2021-01-14,596,projected
Windsor and Maidenhead,2021-01-15,596,projected
Windsor and Maidenhead,2021-01-16,596,projected
Windsor and Maidenhead,2021-01-17,596,projected
Windsor and Maidenhead,2021-01-18,596,projected
Windsor and Maidenhead,2021-01-19,596,projected
Windsor and Maidenhead,2021-01-20,483,projected
Windsor and Maidenhead,2021-01-21,483,projected
Windsor and Maidenhead,2021-01-22,483,projected
Windsor and Maidenhead,2021-01-23,483,projected
Windsor and Maidenhead,2021-01-24,483,projected
Windsor and Maidenhead,2021-01-25,483,projected
Windsor and Maidenhead,2021-01-26,483,projected
Wirral,2020-09-23,646,inferred
Wirral,2020-09-24,646,inferred
Wirral,2020-09-25,646,inferred
Wirral,2020-09-26,646,inferred
Wirral,2020-09-27,646,inferred
Wirral,2020-09-28,646,inferred
Wirral,2020-09-29,646,inferred
Wirral,2020-09-30,869,inferred
Wirral,2020-10-01,869,inferred
Wirral,2020-10-02,869,inferred
Wirral,2020-10-03,869,inferred
Wirral,2020-10-04,869,inferred
Wirral,2020-10-05,869,inferred
Wirral,2020-10-06,869,inferred
Wirral,2020-10-07,934,inferred
Wirral,2020-10-08,934,inferred
Wirral,2020-10-09,934,inferred
Wirral,2020-10-10,934,inferred
Wirral,2020-10-11,934,inferred
Wirral,2020-10-12,934,inferred
Wirral,2020-10-13,934,inferred
Wirral,2020-10-14,940,inferred
Wirral,2020-10-15,940,inferred
Wirral,2020-10-16,940,inferred
Wirral,2020-10-17,940,inferred
Wirral,2020-10-18,940,inferred
Wirral,2020-10-19,940,inferred
Wirral,2020-10-20,940,inferred
Wirral,2020-10-21,866,inferred
Wirral,2020-10-22,866,inferred
Wirral,2020-10-23,866,inferred
Wirral,2020-10-24,866,inferred
Wirral,2020-10-25,866,inferred
Wirral,2020-10-26,866,inferred
Wirral,2020-10-27,866,inferred
Wirral,2020-10-28,732,inferred
Wirral,2020-10-29,732,inferred
Wirral,2020-10-30,732,inferred
Wirral,2020-10-31,732,inferred
Wirral,2020-11-01,732,inferred
Wirral,2020-11-02,732,inferred
Wirral,2020-11-03,732,inferred
Wirral,2020-11-04,631,inferred
Wirral,2020-11-05,631,inferred
Wirral,2020-11-06,631,inferred
Wirral,2020-11-07,631,inferred
Wirral,2020-11-08,631,inferred
Wirral,2020-11-09,631,inferred
Wirral,2020-11-10,631,inferred
Wirral,2020-11-11,512,inferred
Wirral,2020-11-12,512,inferred
Wirral,2020-11-13,512,inferred
Wirral,2020-11-14,512,inferred
Wirral,2020-11-15,512,inferred
Wirral,2020-11-16,512,inferred
Wirral,2020-11-17,512,inferred
Wirral,2020-11-18,291,inferred
Wirral,2020-11-19,291,inferred
Wirral,2020-11-20,291,inferred
Wirral,2020-11-21,291,inferred
Wirral,2020-11-22,291,inferred
Wirral,2020-11-23,291,inferred
Wirral,2020-11-24,291,inferred
Wirral,2020-11-25,189,inferred
Wirral,2020-11-26,189,inferred
Wirral,2020-11-27,189,inferred
Wirral,2020-11-28,189,inferred
Wirral,2020-11-29,189,inferred
Wirral,2020-11-30,189,inferred
Wirral,2020-12-01,189,inferred
Wirral,2020-12-02,190,inferred
Wirral,2020-12-03,190,inferred
Wirral,2020-12-04,190,inferred
Wirral,2020-12-05,190,inferred
Wirral,2020-12-06,190,inferred
Wirral,2020-12-07,190,inferred
Wirral,2020-12-08,190,inferred
Wirral,2020-12-09,319,inferred
Wirral,2020-12-10,319,inferred
Wirral,2020-12-11,319,inferred
Wirral,2020-12-12,319,inferred
Wirral,2020-12-13,319,inferred
Wirral,2020-12-14,319,inferred
Wirral,2020-12-15,319,inferred
Wirral,2020-12-16,619,inferred
Wirral,2020-12-17,619,inferred
Wirral,2020-12-18,619,inferred
Wirral,2020-12-19,619,inferred
Wirral,2020-12-20,619,inferred
Wirral,2020-12-21,619,inferred
Wirral,2020-12-22,619,inferred
Wirral,2020-12-23,1276,inferred
Wirral,2020-12-24,1276,inferred
Wirral,2020-12-25,1276,inferred
Wirral,2020-12-26,1276,inferred
Wirral,2020-12-27,1276,inferred
Wirral,2020-12-28,1276,inferred
Wirral,2020-12-29,1276,inferred
Wirral,2020-12-30,2932,inferred
Wirral,2020-12-31,2932,inferred
Wirral,2021-01-01,2932,inferred
Wirral,2021-01-02,2932,inferred
Wirral,2021-01-03,2932,inferred
Wirral,2021-01-04,2932,inferred
Wirral,2021-01-05,2932,inferred
Wirral,2021-01-06,4193,projected
Wirral,2021-01-07,4193,projected
Wirral,2021-01-08,4193,projected
Wirral,2021-01-09,4193,projected
Wirral,2021-01-10,4193,projected
Wirral,2021-01-11,4193,projected
Wirral,2021-01-12,4193,projected
Wirral,2021-01-13,5748,projected
Wirral,2021-01-14,5748,projected
Wirral,2021-01-15,5748,projected
Wirral,2021-01-16,5748,projected
Wirral,2021-01-17,5748,projected
Wirral,2021-01-18,5748,projected
Wirral,2021-01-19,5748,projected
Wirral,2021-01-20,7637,projected
Wirral,2021-01-21,7637,projected
Wirral,2021-01-22,7637,projected
Wirral,2021-01-23,7637,projected
Wirral,2021-01-24,7637,projected
Wirral,2021-01-25,7637,projected
Wirral,2021-01-26,7637,projected
Woking,2020-09-23, 29,inferred
Woking,2020-09-24, 29,inferred
Woking,2020-09-25, 29,inferred
Woking,2020-09-26, 29,inferred
Woking,2020-09-27, 29,inferred
Woking,2020-09-28, 29,inferred
Woking,2020-09-29, 29,inferred
Woking,2020-09-30, 69,inferred
Woking,2020-10-01, 69,inferred
Woking,2020-10-02, 69,inferred
Woking,2020-10-03, 69,inferred
Woking,2020-10-04, 69,inferred
Woking,2020-10-05, 69,inferred
Woking,2020-10-06, 69,inferred
Woking,2020-10-07, 59,inferred
Woking,2020-10-08, 59,inferred
Woking,2020-10-09, 59,inferred
Woking,2020-10-10, 59,inferred
Woking,2020-10-11, 59,inferred
Woking,2020-10-12, 59,inferred
Woking,2020-10-13, 59,inferred
Woking,2020-10-14, 98,inferred
Woking,2020-10-15, 98,inferred
Woking,2020-10-16, 98,inferred
Woking,2020-10-17, 98,inferred
Woking,2020-10-18, 98,inferred
Woking,2020-10-19, 98,inferred
Woking,2020-10-20, 98,inferred
Woking,2020-10-21,117,inferred
Woking,2020-10-22,117,inferred
Woking,2020-10-23,117,inferred
Woking,2020-10-24,117,inferred
Woking,2020-10-25,117,inferred
Woking,2020-10-26,117,inferred
Woking,2020-10-27,117,inferred
Woking,2020-10-28,156,inferred
Woking,2020-10-29,156,inferred
Woking,2020-10-30,156,inferred
Woking,2020-10-31,156,inferred
Woking,2020-11-01,156,inferred
Woking,2020-11-02,156,inferred
Woking,2020-11-03,156,inferred
Woking,2020-11-04,158,inferred
Woking,2020-11-05,158,inferred
Woking,2020-11-06,158,inferred
Woking,2020-11-07,158,inferred
Woking,2020-11-08,158,inferred
Woking,2020-11-09,158,inferred
Woking,2020-11-10,158,inferred
Woking,2020-11-11,147,inferred
Woking,2020-11-12,147,inferred
Woking,2020-11-13,147,inferred
Woking,2020-11-14,147,inferred
Woking,2020-11-15,147,inferred
Woking,2020-11-16,147,inferred
Woking,2020-11-17,147,inferred
Woking,2020-11-18,183,inferred
Woking,2020-11-19,183,inferred
Woking,2020-11-20,183,inferred
Woking,2020-11-21,183,inferred
Woking,2020-11-22,183,inferred
Woking,2020-11-23,183,inferred
Woking,2020-11-24,183,inferred
Woking,2020-11-25,207,inferred
Woking,2020-11-26,207,inferred
Woking,2020-11-27,207,inferred
Woking,2020-11-28,207,inferred
Woking,2020-11-29,207,inferred
Woking,2020-11-30,207,inferred
Woking,2020-12-01,207,inferred
Woking,2020-12-02,245,inferred
Woking,2020-12-03,245,inferred
Woking,2020-12-04,245,inferred
Woking,2020-12-05,245,inferred
Woking,2020-12-06,245,inferred
Woking,2020-12-07,245,inferred
Woking,2020-12-08,245,inferred
Woking,2020-12-09,353,inferred
Woking,2020-12-10,353,inferred
Woking,2020-12-11,353,inferred
Woking,2020-12-12,353,inferred
Woking,2020-12-13,353,inferred
Woking,2020-12-14,353,inferred
Woking,2020-12-15,353,inferred
Woking,2020-12-16,603,inferred
Woking,2020-12-17,603,inferred
Woking,2020-12-18,603,inferred
Woking,2020-12-19,603,inferred
Woking,2020-12-20,603,inferred
Woking,2020-12-21,603,inferred
Woking,2020-12-22,603,inferred
Woking,2020-12-23,653,inferred
Woking,2020-12-24,653,inferred
Woking,2020-12-25,653,inferred
Woking,2020-12-26,653,inferred
Woking,2020-12-27,653,inferred
Woking,2020-12-28,653,inferred
Woking,2020-12-29,653,inferred
Woking,2020-12-30,719,inferred
Woking,2020-12-31,719,inferred
Woking,2021-01-01,719,inferred
Woking,2021-01-02,719,inferred
Woking,2021-01-03,719,inferred
Woking,2021-01-04,719,inferred
Woking,2021-01-05,719,inferred
Woking,2021-01-06,510,projected
Woking,2021-01-07,510,projected
Woking,2021-01-08,510,projected
Woking,2021-01-09,510,projected
Woking,2021-01-10,510,projected
Woking,2021-01-11,510,projected
Woking,2021-01-12,510,projected
Woking,2021-01-13,346,projected
Woking,2021-01-14,346,projected
Woking,2021-01-15,346,projected
Woking,2021-01-16,346,projected
Woking,2021-01-17,346,projected
Woking,2021-01-18,346,projected
Woking,2021-01-19,346,projected
Woking,2021-01-20,252,projected
Woking,2021-01-21,252,projected
Woking,2021-01-22,252,projected
Woking,2021-01-23,252,projected
Woking,2021-01-24,252,projected
Woking,2021-01-25,252,projected
Woking,2021-01-26,252,projected
Wokingham,2020-09-23, 41,inferred
Wokingham,2020-09-24, 41,inferred
Wokingham,2020-09-25, 41,inferred
Wokingham,2020-09-26, 41,inferred
Wokingham,2020-09-27, 41,inferred
Wokingham,2020-09-28, 41,inferred
Wokingham,2020-09-29, 41,inferred
Wokingham,2020-09-30, 67,inferred
Wokingham,2020-10-01, 67,inferred
Wokingham,2020-10-02, 67,inferred
Wokingham,2020-10-03, 67,inferred
Wokingham,2020-10-04, 67,inferred
Wokingham,2020-10-05, 67,inferred
Wokingham,2020-10-06, 67,inferred
Wokingham,2020-10-07, 91,inferred
Wokingham,2020-10-08, 91,inferred
Wokingham,2020-10-09, 91,inferred
Wokingham,2020-10-10, 91,inferred
Wokingham,2020-10-11, 91,inferred
Wokingham,2020-10-12, 91,inferred
Wokingham,2020-10-13, 91,inferred
Wokingham,2020-10-14,160,inferred
Wokingham,2020-10-15,160,inferred
Wokingham,2020-10-16,160,inferred
Wokingham,2020-10-17,160,inferred
Wokingham,2020-10-18,160,inferred
Wokingham,2020-10-19,160,inferred
Wokingham,2020-10-20,160,inferred
Wokingham,2020-10-21,163,inferred
Wokingham,2020-10-22,163,inferred
Wokingham,2020-10-23,163,inferred
Wokingham,2020-10-24,163,inferred
Wokingham,2020-10-25,163,inferred
Wokingham,2020-10-26,163,inferred
Wokingham,2020-10-27,163,inferred
Wokingham,2020-10-28,168,inferred
Wokingham,2020-10-29,168,inferred
Wokingham,2020-10-30,168,inferred
Wokingham,2020-10-31,168,inferred
Wokingham,2020-11-01,168,inferred
Wokingham,2020-11-02,168,inferred
Wokingham,2020-11-03,168,inferred
Wokingham,2020-11-04,248,inferred
Wokingham,2020-11-05,248,inferred
Wokingham,2020-11-06,248,inferred
Wokingham,2020-11-07,248,inferred
Wokingham,2020-11-08,248,inferred
Wokingham,2020-11-09,248,inferred
Wokingham,2020-11-10,248,inferred
Wokingham,2020-11-11,210,inferred
Wokingham,2020-11-12,210,inferred
Wokingham,2020-11-13,210,inferred
Wokingham,2020-11-14,210,inferred
Wokingham,2020-11-15,210,inferred
Wokingham,2020-11-16,210,inferred
Wokingham,2020-11-17,210,inferred
Wokingham,2020-11-18,180,inferred
Wokingham,2020-11-19,180,inferred
Wokingham,2020-11-20,180,inferred
Wokingham,2020-11-21,180,inferred
Wokingham,2020-11-22,180,inferred
Wokingham,2020-11-23,180,inferred
Wokingham,2020-11-24,180,inferred
Wokingham,2020-11-25,193,inferred
Wokingham,2020-11-26,193,inferred
Wokingham,2020-11-27,193,inferred
Wokingham,2020-11-28,193,inferred
Wokingham,2020-11-29,193,inferred
Wokingham,2020-11-30,193,inferred
Wokingham,2020-12-01,193,inferred
Wokingham,2020-12-02,281,inferred
Wokingham,2020-12-03,281,inferred
Wokingham,2020-12-04,281,inferred
Wokingham,2020-12-05,281,inferred
Wokingham,2020-12-06,281,inferred
Wokingham,2020-12-07,281,inferred
Wokingham,2020-12-08,281,inferred
Wokingham,2020-12-09,448,inferred
Wokingham,2020-12-10,448,inferred
Wokingham,2020-12-11,448,inferred
Wokingham,2020-12-12,448,inferred
Wokingham,2020-12-13,448,inferred
Wokingham,2020-12-14,448,inferred
Wokingham,2020-12-15,448,inferred
Wokingham,2020-12-16,709,inferred
Wokingham,2020-12-17,709,inferred
Wokingham,2020-12-18,709,inferred
Wokingham,2020-12-19,709,inferred
Wokingham,2020-12-20,709,inferred
Wokingham,2020-12-21,709,inferred
Wokingham,2020-12-22,709,inferred
Wokingham,2020-12-23,861,inferred
Wokingham,2020-12-24,861,inferred
Wokingham,2020-12-25,861,inferred
Wokingham,2020-12-26,861,inferred
Wokingham,2020-12-27,861,inferred
Wokingham,2020-12-28,861,inferred
Wokingham,2020-12-29,861,inferred
Wokingham,2020-12-30,988,inferred
Wokingham,2020-12-31,988,inferred
Wokingham,2021-01-01,988,inferred
Wokingham,2021-01-02,988,inferred
Wokingham,2021-01-03,988,inferred
Wokingham,2021-01-04,988,inferred
Wokingham,2021-01-05,988,inferred
Wokingham,2021-01-06,838,projected
Wokingham,2021-01-07,838,projected
Wokingham,2021-01-08,838,projected
Wokingham,2021-01-09,838,projected
Wokingham,2021-01-10,838,projected
Wokingham,2021-01-11,838,projected
Wokingham,2021-01-12,838,projected
Wokingham,2021-01-13,703,projected
Wokingham,2021-01-14,703,projected
Wokingham,2021-01-15,703,projected
Wokingham,2021-01-16,703,projected
Wokingham,2021-01-17,703,projected
Wokingham,2021-01-18,703,projected
Wokingham,2021-01-19,703,projected
Wokingham,2021-01-20,619,projected
Wokingham,2021-01-21,619,projected
Wokingham,2021-01-22,619,projected
Wokingham,2021-01-23,619,projected
Wokingham,2021-01-24,619,projected
Wokingham,2021-01-25,619,projected
Wokingham,2021-01-26,619,projected
Wolverhampton,2020-09-23,187,inferred
Wolverhampton,2020-09-24,187,inferred
Wolverhampton,2020-09-25,187,inferred
Wolverhampton,2020-09-26,187,inferred
Wolverhampton,2020-09-27,187,inferred
Wolverhampton,2020-09-28,187,inferred
Wolverhampton,2020-09-29,187,inferred
Wolverhampton,2020-09-30,214,inferred
Wolverhampton,2020-10-01,214,inferred
Wolverhampton,2020-10-02,214,inferred
Wolverhampton,2020-10-03,214,inferred
Wolverhampton,2020-10-04,214,inferred
Wolverhampton,2020-10-05,214,inferred
Wolverhampton,2020-10-06,214,inferred
Wolverhampton,2020-10-07,398,inferred
Wolverhampton,2020-10-08,398,inferred
Wolverhampton,2020-10-09,398,inferred
Wolverhampton,2020-10-10,398,inferred
Wolverhampton,2020-10-11,398,inferred
Wolverhampton,2020-10-12,398,inferred
Wolverhampton,2020-10-13,398,inferred
Wolverhampton,2020-10-14,539,inferred
Wolverhampton,2020-10-15,539,inferred
Wolverhampton,2020-10-16,539,inferred
Wolverhampton,2020-10-17,539,inferred
Wolverhampton,2020-10-18,539,inferred
Wolverhampton,2020-10-19,539,inferred
Wolverhampton,2020-10-20,539,inferred
Wolverhampton,2020-10-21,690,inferred
Wolverhampton,2020-10-22,690,inferred
Wolverhampton,2020-10-23,690,inferred
Wolverhampton,2020-10-24,690,inferred
Wolverhampton,2020-10-25,690,inferred
Wolverhampton,2020-10-26,690,inferred
Wolverhampton,2020-10-27,690,inferred
Wolverhampton,2020-10-28,843,inferred
Wolverhampton,2020-10-29,843,inferred
Wolverhampton,2020-10-30,843,inferred
Wolverhampton,2020-10-31,843,inferred
Wolverhampton,2020-11-01,843,inferred
Wolverhampton,2020-11-02,843,inferred
Wolverhampton,2020-11-03,843,inferred
Wolverhampton,2020-11-04,899,inferred
Wolverhampton,2020-11-05,899,inferred
Wolverhampton,2020-11-06,899,inferred
Wolverhampton,2020-11-07,899,inferred
Wolverhampton,2020-11-08,899,inferred
Wolverhampton,2020-11-09,899,inferred
Wolverhampton,2020-11-10,899,inferred
Wolverhampton,2020-11-11,986,inferred
Wolverhampton,2020-11-12,986,inferred
Wolverhampton,2020-11-13,986,inferred
Wolverhampton,2020-11-14,986,inferred
Wolverhampton,2020-11-15,986,inferred
Wolverhampton,2020-11-16,986,inferred
Wolverhampton,2020-11-17,986,inferred
Wolverhampton,2020-11-18,785,inferred
Wolverhampton,2020-11-19,785,inferred
Wolverhampton,2020-11-20,785,inferred
Wolverhampton,2020-11-21,785,inferred
Wolverhampton,2020-11-22,785,inferred
Wolverhampton,2020-11-23,785,inferred
Wolverhampton,2020-11-24,785,inferred
Wolverhampton,2020-11-25,675,inferred
Wolverhampton,2020-11-26,675,inferred
Wolverhampton,2020-11-27,675,inferred
Wolverhampton,2020-11-28,675,inferred
Wolverhampton,2020-11-29,675,inferred
Wolverhampton,2020-11-30,675,inferred
Wolverhampton,2020-12-01,675,inferred
Wolverhampton,2020-12-02,672,inferred
Wolverhampton,2020-12-03,672,inferred
Wolverhampton,2020-12-04,672,inferred
Wolverhampton,2020-12-05,672,inferred
Wolverhampton,2020-12-06,672,inferred
Wolverhampton,2020-12-07,672,inferred
Wolverhampton,2020-12-08,672,inferred
Wolverhampton,2020-12-09,777,inferred
Wolverhampton,2020-12-10,777,inferred
Wolverhampton,2020-12-11,777,inferred
Wolverhampton,2020-12-12,777,inferred
Wolverhampton,2020-12-13,777,inferred
Wolverhampton,2020-12-14,777,inferred
Wolverhampton,2020-12-15,777,inferred
Wolverhampton,2020-12-16,1039,inferred
Wolverhampton,2020-12-17,1039,inferred
Wolverhampton,2020-12-18,1039,inferred
Wolverhampton,2020-12-19,1039,inferred
Wolverhampton,2020-12-20,1039,inferred
Wolverhampton,2020-12-21,1039,inferred
Wolverhampton,2020-12-22,1039,inferred
Wolverhampton,2020-12-23,1503,inferred
Wolverhampton,2020-12-24,1503,inferred
Wolverhampton,2020-12-25,1503,inferred
Wolverhampton,2020-12-26,1503,inferred
Wolverhampton,2020-12-27,1503,inferred
Wolverhampton,2020-12-28,1503,inferred
Wolverhampton,2020-12-29,1503,inferred
Wolverhampton,2020-12-30,2694,inferred
Wolverhampton,2020-12-31,2694,inferred
Wolverhampton,2021-01-01,2694,inferred
Wolverhampton,2021-01-02,2694,inferred
Wolverhampton,2021-01-03,2694,inferred
Wolverhampton,2021-01-04,2694,inferred
Wolverhampton,2021-01-05,2694,inferred
Wolverhampton,2021-01-06,2493,projected
Wolverhampton,2021-01-07,2493,projected
Wolverhampton,2021-01-08,2493,projected
Wolverhampton,2021-01-09,2493,projected
Wolverhampton,2021-01-10,2493,projected
Wolverhampton,2021-01-11,2493,projected
Wolverhampton,2021-01-12,2493,projected
Wolverhampton,2021-01-13,2261,projected
Wolverhampton,2021-01-14,2261,projected
Wolverhampton,2021-01-15,2261,projected
Wolverhampton,2021-01-16,2261,projected
Wolverhampton,2021-01-17,2261,projected
Wolverhampton,2021-01-18,2261,projected
Wolverhampton,2021-01-19,2261,projected
Wolverhampton,2021-01-20,2067,projected
Wolverhampton,2021-01-21,2067,projected
Wolverhampton,2021-01-22,2067,projected
Wolverhampton,2021-01-23,2067,projected
Wolverhampton,2021-01-24,2067,projected
Wolverhampton,2021-01-25,2067,projected
Wolverhampton,2021-01-26,2067,projected
Worcester,2020-09-23, 49,inferred
Worcester,2020-09-24, 49,inferred
Worcester,2020-09-25, 49,inferred
Worcester,2020-09-26, 49,inferred
Worcester,2020-09-27, 49,inferred
Worcester,2020-09-28, 49,inferred
Worcester,2020-09-29, 49,inferred
Worcester,2020-09-30, 88,inferred
Worcester,2020-10-01, 88,inferred
Worcester,2020-10-02, 88,inferred
Worcester,2020-10-03, 88,inferred
Worcester,2020-10-04, 88,inferred
Worcester,2020-10-05, 88,inferred
Worcester,2020-10-06, 88,inferred
Worcester,2020-10-07, 68,inferred
Worcester,2020-10-08, 68,inferred
Worcester,2020-10-09, 68,inferred
Worcester,2020-10-10, 68,inferred
Worcester,2020-10-11, 68,inferred
Worcester,2020-10-12, 68,inferred
Worcester,2020-10-13, 68,inferred
Worcester,2020-10-14,120,inferred
Worcester,2020-10-15,120,inferred
Worcester,2020-10-16,120,inferred
Worcester,2020-10-17,120,inferred
Worcester,2020-10-18,120,inferred
Worcester,2020-10-19,120,inferred
Worcester,2020-10-20,120,inferred
Worcester,2020-10-21,164,inferred
Worcester,2020-10-22,164,inferred
Worcester,2020-10-23,164,inferred
Worcester,2020-10-24,164,inferred
Worcester,2020-10-25,164,inferred
Worcester,2020-10-26,164,inferred
Worcester,2020-10-27,164,inferred
Worcester,2020-10-28,205,inferred
Worcester,2020-10-29,205,inferred
Worcester,2020-10-30,205,inferred
Worcester,2020-10-31,205,inferred
Worcester,2020-11-01,205,inferred
Worcester,2020-11-02,205,inferred
Worcester,2020-11-03,205,inferred
Worcester,2020-11-04,273,inferred
Worcester,2020-11-05,273,inferred
Worcester,2020-11-06,273,inferred
Worcester,2020-11-07,273,inferred
Worcester,2020-11-08,273,inferred
Worcester,2020-11-09,273,inferred
Worcester,2020-11-10,273,inferred
Worcester,2020-11-11,233,inferred
Worcester,2020-11-12,233,inferred
Worcester,2020-11-13,233,inferred
Worcester,2020-11-14,233,inferred
Worcester,2020-11-15,233,inferred
Worcester,2020-11-16,233,inferred
Worcester,2020-11-17,233,inferred
Worcester,2020-11-18,115,inferred
Worcester,2020-11-19,115,inferred
Worcester,2020-11-20,115,inferred
Worcester,2020-11-21,115,inferred
Worcester,2020-11-22,115,inferred
Worcester,2020-11-23,115,inferred
Worcester,2020-11-24,115,inferred
Worcester,2020-11-25, 80,inferred
Worcester,2020-11-26, 80,inferred
Worcester,2020-11-27, 80,inferred
Worcester,2020-11-28, 80,inferred
Worcester,2020-11-29, 80,inferred
Worcester,2020-11-30, 80,inferred
Worcester,2020-12-01, 80,inferred
Worcester,2020-12-02, 74,inferred
Worcester,2020-12-03, 74,inferred
Worcester,2020-12-04, 74,inferred
Worcester,2020-12-05, 74,inferred
Worcester,2020-12-06, 74,inferred
Worcester,2020-12-07, 74,inferred
Worcester,2020-12-08, 74,inferred
Worcester,2020-12-09, 83,inferred
Worcester,2020-12-10, 83,inferred
Worcester,2020-12-11, 83,inferred
Worcester,2020-12-12, 83,inferred
Worcester,2020-12-13, 83,inferred
Worcester,2020-12-14, 83,inferred
Worcester,2020-12-15, 83,inferred
Worcester,2020-12-16,184,inferred
Worcester,2020-12-17,184,inferred
Worcester,2020-12-18,184,inferred
Worcester,2020-12-19,184,inferred
Worcester,2020-12-20,184,inferred
Worcester,2020-12-21,184,inferred
Worcester,2020-12-22,184,inferred
Worcester,2020-12-23,319,inferred
Worcester,2020-12-24,319,inferred
Worcester,2020-12-25,319,inferred
Worcester,2020-12-26,319,inferred
Worcester,2020-12-27,319,inferred
Worcester,2020-12-28,319,inferred
Worcester,2020-12-29,319,inferred
Worcester,2020-12-30,707,inferred
Worcester,2020-12-31,707,inferred
Worcester,2021-01-01,707,inferred
Worcester,2021-01-02,707,inferred
Worcester,2021-01-03,707,inferred
Worcester,2021-01-04,707,inferred
Worcester,2021-01-05,707,inferred
Worcester,2021-01-06,943,projected
Worcester,2021-01-07,943,projected
Worcester,2021-01-08,943,projected
Worcester,2021-01-09,943,projected
Worcester,2021-01-10,943,projected
Worcester,2021-01-11,943,projected
Worcester,2021-01-12,943,projected
Worcester,2021-01-13,1173,projected
Worcester,2021-01-14,1173,projected
Worcester,2021-01-15,1173,projected
Worcester,2021-01-16,1173,projected
Worcester,2021-01-17,1173,projected
Worcester,2021-01-18,1173,projected
Worcester,2021-01-19,1173,projected
Worcester,2021-01-20,1426,projected
Worcester,2021-01-21,1426,projected
Worcester,2021-01-22,1426,projected
Worcester,2021-01-23,1426,projected
Worcester,2021-01-24,1426,projected
Worcester,2021-01-25,1426,projected
Worcester,2021-01-26,1426,projected
Worthing,2020-09-23, 18,inferred
Worthing,2020-09-24, 18,inferred
Worthing,2020-09-25, 18,inferred
Worthing,2020-09-26, 18,inferred
Worthing,2020-09-27, 18,inferred
Worthing,2020-09-28, 18,inferred
Worthing,2020-09-29, 18,inferred
Worthing,2020-09-30, 24,inferred
Worthing,2020-10-01, 24,inferred
Worthing,2020-10-02, 24,inferred
Worthing,2020-10-03, 24,inferred
Worthing,2020-10-04, 24,inferred
Worthing,2020-10-05, 24,inferred
Worthing,2020-10-06, 24,inferred
Worthing,2020-10-07, 22,inferred
Worthing,2020-10-08, 22,inferred
Worthing,2020-10-09, 22,inferred
Worthing,2020-10-10, 22,inferred
Worthing,2020-10-11, 22,inferred
Worthing,2020-10-12, 22,inferred
Worthing,2020-10-13, 22,inferred
Worthing,2020-10-14, 65,inferred
Worthing,2020-10-15, 65,inferred
Worthing,2020-10-16, 65,inferred
Worthing,2020-10-17, 65,inferred
Worthing,2020-10-18, 65,inferred
Worthing,2020-10-19, 65,inferred
Worthing,2020-10-20, 65,inferred
Worthing,2020-10-21, 82,inferred
Worthing,2020-10-22, 82,inferred
Worthing,2020-10-23, 82,inferred
Worthing,2020-10-24, 82,inferred
Worthing,2020-10-25, 82,inferred
Worthing,2020-10-26, 82,inferred
Worthing,2020-10-27, 82,inferred
Worthing,2020-10-28,106,inferred
Worthing,2020-10-29,106,inferred
Worthing,2020-10-30,106,inferred
Worthing,2020-10-31,106,inferred
Worthing,2020-11-01,106,inferred
Worthing,2020-11-02,106,inferred
Worthing,2020-11-03,106,inferred
Worthing,2020-11-04, 84,inferred
Worthing,2020-11-05, 84,inferred
Worthing,2020-11-06, 84,inferred
Worthing,2020-11-07, 84,inferred
Worthing,2020-11-08, 84,inferred
Worthing,2020-11-09, 84,inferred
Worthing,2020-11-10, 84,inferred
Worthing,2020-11-11, 87,inferred
Worthing,2020-11-12, 87,inferred
Worthing,2020-11-13, 87,inferred
Worthing,2020-11-14, 87,inferred
Worthing,2020-11-15, 87,inferred
Worthing,2020-11-16, 87,inferred
Worthing,2020-11-17, 87,inferred
Worthing,2020-11-18, 40,inferred
Worthing,2020-11-19, 40,inferred
Worthing,2020-11-20, 40,inferred
Worthing,2020-11-21, 40,inferred
Worthing,2020-11-22, 40,inferred
Worthing,2020-11-23, 40,inferred
Worthing,2020-11-24, 40,inferred
Worthing,2020-11-25, 31,inferred
Worthing,2020-11-26, 31,inferred
Worthing,2020-11-27, 31,inferred
Worthing,2020-11-28, 31,inferred
Worthing,2020-11-29, 31,inferred
Worthing,2020-11-30, 31,inferred
Worthing,2020-12-01, 31,inferred
Worthing,2020-12-02, 53,inferred
Worthing,2020-12-03, 53,inferred
Worthing,2020-12-04, 53,inferred
Worthing,2020-12-05, 53,inferred
Worthing,2020-12-06, 53,inferred
Worthing,2020-12-07, 53,inferred
Worthing,2020-12-08, 53,inferred
Worthing,2020-12-09,108,inferred
Worthing,2020-12-10,108,inferred
Worthing,2020-12-11,108,inferred
Worthing,2020-12-12,108,inferred
Worthing,2020-12-13,108,inferred
Worthing,2020-12-14,108,inferred
Worthing,2020-12-15,108,inferred
Worthing,2020-12-16,272,inferred
Worthing,2020-12-17,272,inferred
Worthing,2020-12-18,272,inferred
Worthing,2020-12-19,272,inferred
Worthing,2020-12-20,272,inferred
Worthing,2020-12-21,272,inferred
Worthing,2020-12-22,272,inferred
Worthing,2020-12-23,525,inferred
Worthing,2020-12-24,525,inferred
Worthing,2020-12-25,525,inferred
Worthing,2020-12-26,525,inferred
Worthing,2020-12-27,525,inferred
Worthing,2020-12-28,525,inferred
Worthing,2020-12-29,525,inferred
Worthing,2020-12-30,818,inferred
Worthing,2020-12-31,818,inferred
Worthing,2021-01-01,818,inferred
Worthing,2021-01-02,818,inferred
Worthing,2021-01-03,818,inferred
Worthing,2021-01-04,818,inferred
Worthing,2021-01-05,818,inferred
Worthing,2021-01-06,942,projected
Worthing,2021-01-07,942,projected
Worthing,2021-01-08,942,projected
Worthing,2021-01-09,942,projected
Worthing,2021-01-10,942,projected
Worthing,2021-01-11,942,projected
Worthing,2021-01-12,942,projected
Worthing,2021-01-13,1013,projected
Worthing,2021-01-14,1013,projected
Worthing,2021-01-15,1013,projected
Worthing,2021-01-16,1013,projected
Worthing,2021-01-17,1013,projected
Worthing,2021-01-18,1013,projected
Worthing,2021-01-19,1013,projected
Worthing,2021-01-20,1124,projected
Worthing,2021-01-21,1124,projected
Worthing,2021-01-22,1124,projected
Worthing,2021-01-23,1124,projected
Worthing,2021-01-24,1124,projected
Worthing,2021-01-25,1124,projected
Worthing,2021-01-26,1124,projected
Wrexham,2020-09-23, 84,inferred
Wrexham,2020-09-24, 84,inferred
Wrexham,2020-09-25, 84,inferred
Wrexham,2020-09-26, 84,inferred
Wrexham,2020-09-27, 84,inferred
Wrexham,2020-09-28, 84,inferred
Wrexham,2020-09-29, 84,inferred
Wrexham,2020-09-30,230,inferred
Wrexham,2020-10-01,230,inferred
Wrexham,2020-10-02,230,inferred
Wrexham,2020-10-03,230,inferred
Wrexham,2020-10-04,230,inferred
Wrexham,2020-10-05,230,inferred
Wrexham,2020-10-06,230,inferred
Wrexham,2020-10-07,270,inferred
Wrexham,2020-10-08,270,inferred
Wrexham,2020-10-09,270,inferred
Wrexham,2020-10-10,270,inferred
Wrexham,2020-10-11,270,inferred
Wrexham,2020-10-12,270,inferred
Wrexham,2020-10-13,270,inferred
Wrexham,2020-10-14,308,inferred
Wrexham,2020-10-15,308,inferred
Wrexham,2020-10-16,308,inferred
Wrexham,2020-10-17,308,inferred
Wrexham,2020-10-18,308,inferred
Wrexham,2020-10-19,308,inferred
Wrexham,2020-10-20,308,inferred
Wrexham,2020-10-21,380,inferred
Wrexham,2020-10-22,380,inferred
Wrexham,2020-10-23,380,inferred
Wrexham,2020-10-24,380,inferred
Wrexham,2020-10-25,380,inferred
Wrexham,2020-10-26,380,inferred
Wrexham,2020-10-27,380,inferred
Wrexham,2020-10-28,348,inferred
Wrexham,2020-10-29,348,inferred
Wrexham,2020-10-30,348,inferred
Wrexham,2020-10-31,348,inferred
Wrexham,2020-11-01,348,inferred
Wrexham,2020-11-02,348,inferred
Wrexham,2020-11-03,348,inferred
Wrexham,2020-11-04,216,inferred
Wrexham,2020-11-05,216,inferred
Wrexham,2020-11-06,216,inferred
Wrexham,2020-11-07,216,inferred
Wrexham,2020-11-08,216,inferred
Wrexham,2020-11-09,216,inferred
Wrexham,2020-11-10,216,inferred
Wrexham,2020-11-11,192,inferred
Wrexham,2020-11-12,192,inferred
Wrexham,2020-11-13,192,inferred
Wrexham,2020-11-14,192,inferred
Wrexham,2020-11-15,192,inferred
Wrexham,2020-11-16,192,inferred
Wrexham,2020-11-17,192,inferred
Wrexham,2020-11-18,207,inferred
Wrexham,2020-11-19,207,inferred
Wrexham,2020-11-20,207,inferred
Wrexham,2020-11-21,207,inferred
Wrexham,2020-11-22,207,inferred
Wrexham,2020-11-23,207,inferred
Wrexham,2020-11-24,207,inferred
Wrexham,2020-11-25,283,inferred
Wrexham,2020-11-26,283,inferred
Wrexham,2020-11-27,283,inferred
Wrexham,2020-11-28,283,inferred
Wrexham,2020-11-29,283,inferred
Wrexham,2020-11-30,283,inferred
Wrexham,2020-12-01,283,inferred
Wrexham,2020-12-02,324,inferred
Wrexham,2020-12-03,324,inferred
Wrexham,2020-12-04,324,inferred
Wrexham,2020-12-05,324,inferred
Wrexham,2020-12-06,324,inferred
Wrexham,2020-12-07,324,inferred
Wrexham,2020-12-08,324,inferred
Wrexham,2020-12-09,575,inferred
Wrexham,2020-12-10,575,inferred
Wrexham,2020-12-11,575,inferred
Wrexham,2020-12-12,575,inferred
Wrexham,2020-12-13,575,inferred
Wrexham,2020-12-14,575,inferred
Wrexham,2020-12-15,575,inferred
Wrexham,2020-12-16,766,inferred
Wrexham,2020-12-17,766,inferred
Wrexham,2020-12-18,766,inferred
Wrexham,2020-12-19,766,inferred
Wrexham,2020-12-20,766,inferred
Wrexham,2020-12-21,766,inferred
Wrexham,2020-12-22,766,inferred
Wrexham,2020-12-23,915,inferred
Wrexham,2020-12-24,915,inferred
Wrexham,2020-12-25,915,inferred
Wrexham,2020-12-26,915,inferred
Wrexham,2020-12-27,915,inferred
Wrexham,2020-12-28,915,inferred
Wrexham,2020-12-29,915,inferred
Wrexham,2020-12-30,1239,inferred
Wrexham,2020-12-31,1239,inferred
Wrexham,2021-01-01,1239,inferred
Wrexham,2021-01-02,1239,inferred
Wrexham,2021-01-03,1239,inferred
Wrexham,2021-01-04,1239,inferred
Wrexham,2021-01-05,1239,inferred
Wrexham,2021-01-06,1220,projected
Wrexham,2021-01-07,1220,projected
Wrexham,2021-01-08,1220,projected
Wrexham,2021-01-09,1220,projected
Wrexham,2021-01-10,1220,projected
Wrexham,2021-01-11,1220,projected
Wrexham,2021-01-12,1220,projected
Wrexham,2021-01-13,1224,projected
Wrexham,2021-01-14,1224,projected
Wrexham,2021-01-15,1224,projected
Wrexham,2021-01-16,1224,projected
Wrexham,2021-01-17,1224,projected
Wrexham,2021-01-18,1224,projected
Wrexham,2021-01-19,1224,projected
Wrexham,2021-01-20,1259,projected
Wrexham,2021-01-21,1259,projected
Wrexham,2021-01-22,1259,projected
Wrexham,2021-01-23,1259,projected
Wrexham,2021-01-24,1259,projected
Wrexham,2021-01-25,1259,projected
Wrexham,2021-01-26,1259,projected
Wychavon,2020-09-23, 49,inferred
Wychavon,2020-09-24, 49,inferred
Wychavon,2020-09-25, 49,inferred
Wychavon,2020-09-26, 49,inferred
Wychavon,2020-09-27, 49,inferred
Wychavon,2020-09-28, 49,inferred
Wychavon,2020-09-29, 49,inferred
Wychavon,2020-09-30, 80,inferred
Wychavon,2020-10-01, 80,inferred
Wychavon,2020-10-02, 80,inferred
Wychavon,2020-10-03, 80,inferred
Wychavon,2020-10-04, 80,inferred
Wychavon,2020-10-05, 80,inferred
Wychavon,2020-10-06, 80,inferred
Wychavon,2020-10-07, 85,inferred
Wychavon,2020-10-08, 85,inferred
Wychavon,2020-10-09, 85,inferred
Wychavon,2020-10-10, 85,inferred
Wychavon,2020-10-11, 85,inferred
Wychavon,2020-10-12, 85,inferred
Wychavon,2020-10-13, 85,inferred
Wychavon,2020-10-14,156,inferred
Wychavon,2020-10-15,156,inferred
Wychavon,2020-10-16,156,inferred
Wychavon,2020-10-17,156,inferred
Wychavon,2020-10-18,156,inferred
Wychavon,2020-10-19,156,inferred
Wychavon,2020-10-20,156,inferred
Wychavon,2020-10-21,146,inferred
Wychavon,2020-10-22,146,inferred
Wychavon,2020-10-23,146,inferred
Wychavon,2020-10-24,146,inferred
Wychavon,2020-10-25,146,inferred
Wychavon,2020-10-26,146,inferred
Wychavon,2020-10-27,146,inferred
Wychavon,2020-10-28,201,inferred
Wychavon,2020-10-29,201,inferred
Wychavon,2020-10-30,201,inferred
Wychavon,2020-10-31,201,inferred
Wychavon,2020-11-01,201,inferred
Wychavon,2020-11-02,201,inferred
Wychavon,2020-11-03,201,inferred
Wychavon,2020-11-04,232,inferred
Wychavon,2020-11-05,232,inferred
Wychavon,2020-11-06,232,inferred
Wychavon,2020-11-07,232,inferred
Wychavon,2020-11-08,232,inferred
Wychavon,2020-11-09,232,inferred
Wychavon,2020-11-10,232,inferred
Wychavon,2020-11-11,183,inferred
Wychavon,2020-11-12,183,inferred
Wychavon,2020-11-13,183,inferred
Wychavon,2020-11-14,183,inferred
Wychavon,2020-11-15,183,inferred
Wychavon,2020-11-16,183,inferred
Wychavon,2020-11-17,183,inferred
Wychavon,2020-11-18,127,inferred
Wychavon,2020-11-19,127,inferred
Wychavon,2020-11-20,127,inferred
Wychavon,2020-11-21,127,inferred
Wychavon,2020-11-22,127,inferred
Wychavon,2020-11-23,127,inferred
Wychavon,2020-11-24,127,inferred
Wychavon,2020-11-25, 95,inferred
Wychavon,2020-11-26, 95,inferred
Wychavon,2020-11-27, 95,inferred
Wychavon,2020-11-28, 95,inferred
Wychavon,2020-11-29, 95,inferred
Wychavon,2020-11-30, 95,inferred
Wychavon,2020-12-01, 95,inferred
Wychavon,2020-12-02,103,inferred
Wychavon,2020-12-03,103,inferred
Wychavon,2020-12-04,103,inferred
Wychavon,2020-12-05,103,inferred
Wychavon,2020-12-06,103,inferred
Wychavon,2020-12-07,103,inferred
Wychavon,2020-12-08,103,inferred
Wychavon,2020-12-09,177,inferred
Wychavon,2020-12-10,177,inferred
Wychavon,2020-12-11,177,inferred
Wychavon,2020-12-12,177,inferred
Wychavon,2020-12-13,177,inferred
Wychavon,2020-12-14,177,inferred
Wychavon,2020-12-15,177,inferred
Wychavon,2020-12-16,263,inferred
Wychavon,2020-12-17,263,inferred
Wychavon,2020-12-18,263,inferred
Wychavon,2020-12-19,263,inferred
Wychavon,2020-12-20,263,inferred
Wychavon,2020-12-21,263,inferred
Wychavon,2020-12-22,263,inferred
Wychavon,2020-12-23,344,inferred
Wychavon,2020-12-24,344,inferred
Wychavon,2020-12-25,344,inferred
Wychavon,2020-12-26,344,inferred
Wychavon,2020-12-27,344,inferred
Wychavon,2020-12-28,344,inferred
Wychavon,2020-12-29,344,inferred
Wychavon,2020-12-30,622,inferred
Wychavon,2020-12-31,622,inferred
Wychavon,2021-01-01,622,inferred
Wychavon,2021-01-02,622,inferred
Wychavon,2021-01-03,622,inferred
Wychavon,2021-01-04,622,inferred
Wychavon,2021-01-05,622,inferred
Wychavon,2021-01-06,798,projected
Wychavon,2021-01-07,798,projected
Wychavon,2021-01-08,798,projected
Wychavon,2021-01-09,798,projected
Wychavon,2021-01-10,798,projected
Wychavon,2021-01-11,798,projected
Wychavon,2021-01-12,798,projected
Wychavon,2021-01-13,939,projected
Wychavon,2021-01-14,939,projected
Wychavon,2021-01-15,939,projected
Wychavon,2021-01-16,939,projected
Wychavon,2021-01-17,939,projected
Wychavon,2021-01-18,939,projected
Wychavon,2021-01-19,939,projected
Wychavon,2021-01-20,1108,projected
Wychavon,2021-01-21,1108,projected
Wychavon,2021-01-22,1108,projected
Wychavon,2021-01-23,1108,projected
Wychavon,2021-01-24,1108,projected
Wychavon,2021-01-25,1108,projected
Wychavon,2021-01-26,1108,projected
Wyre,2020-09-23,108,inferred
Wyre,2020-09-24,108,inferred
Wyre,2020-09-25,108,inferred
Wyre,2020-09-26,108,inferred
Wyre,2020-09-27,108,inferred
Wyre,2020-09-28,108,inferred
Wyre,2020-09-29,108,inferred
Wyre,2020-09-30,173,inferred
Wyre,2020-10-01,173,inferred
Wyre,2020-10-02,173,inferred
Wyre,2020-10-03,173,inferred
Wyre,2020-10-04,173,inferred
Wyre,2020-10-05,173,inferred
Wyre,2020-10-06,173,inferred
Wyre,2020-10-07,261,inferred
Wyre,2020-10-08,261,inferred
Wyre,2020-10-09,261,inferred
Wyre,2020-10-10,261,inferred
Wyre,2020-10-11,261,inferred
Wyre,2020-10-12,261,inferred
Wyre,2020-10-13,261,inferred
Wyre,2020-10-14,440,inferred
Wyre,2020-10-15,440,inferred
Wyre,2020-10-16,440,inferred
Wyre,2020-10-17,440,inferred
Wyre,2020-10-18,440,inferred
Wyre,2020-10-19,440,inferred
Wyre,2020-10-20,440,inferred
Wyre,2020-10-21,432,inferred
Wyre,2020-10-22,432,inferred
Wyre,2020-10-23,432,inferred
Wyre,2020-10-24,432,inferred
Wyre,2020-10-25,432,inferred
Wyre,2020-10-26,432,inferred
Wyre,2020-10-27,432,inferred
Wyre,2020-10-28,390,inferred
Wyre,2020-10-29,390,inferred
Wyre,2020-10-30,390,inferred
Wyre,2020-10-31,390,inferred
Wyre,2020-11-01,390,inferred
Wyre,2020-11-02,390,inferred
Wyre,2020-11-03,390,inferred
Wyre,2020-11-04,300,inferred
Wyre,2020-11-05,300,inferred
Wyre,2020-11-06,300,inferred
Wyre,2020-11-07,300,inferred
Wyre,2020-11-08,300,inferred
Wyre,2020-11-09,300,inferred
Wyre,2020-11-10,300,inferred
Wyre,2020-11-11,211,inferred
Wyre,2020-11-12,211,inferred
Wyre,2020-11-13,211,inferred
Wyre,2020-11-14,211,inferred
Wyre,2020-11-15,211,inferred
Wyre,2020-11-16,211,inferred
Wyre,2020-11-17,211,inferred
Wyre,2020-11-18,142,inferred
Wyre,2020-11-19,142,inferred
Wyre,2020-11-20,142,inferred
Wyre,2020-11-21,142,inferred
Wyre,2020-11-22,142,inferred
Wyre,2020-11-23,142,inferred
Wyre,2020-11-24,142,inferred
Wyre,2020-11-25,139,inferred
Wyre,2020-11-26,139,inferred
Wyre,2020-11-27,139,inferred
Wyre,2020-11-28,139,inferred
Wyre,2020-11-29,139,inferred
Wyre,2020-11-30,139,inferred
Wyre,2020-12-01,139,inferred
Wyre,2020-12-02,109,inferred
Wyre,2020-12-03,109,inferred
Wyre,2020-12-04,109,inferred
Wyre,2020-12-05,109,inferred
Wyre,2020-12-06,109,inferred
Wyre,2020-12-07,109,inferred
Wyre,2020-12-08,109,inferred
Wyre,2020-12-09,172,inferred
Wyre,2020-12-10,172,inferred
Wyre,2020-12-11,172,inferred
Wyre,2020-12-12,172,inferred
Wyre,2020-12-13,172,inferred
Wyre,2020-12-14,172,inferred
Wyre,2020-12-15,172,inferred
Wyre,2020-12-16,183,inferred
Wyre,2020-12-17,183,inferred
Wyre,2020-12-18,183,inferred
Wyre,2020-12-19,183,inferred
Wyre,2020-12-20,183,inferred
Wyre,2020-12-21,183,inferred
Wyre,2020-12-22,183,inferred
Wyre,2020-12-23,249,inferred
Wyre,2020-12-24,249,inferred
Wyre,2020-12-25,249,inferred
Wyre,2020-12-26,249,inferred
Wyre,2020-12-27,249,inferred
Wyre,2020-12-28,249,inferred
Wyre,2020-12-29,249,inferred
Wyre,2020-12-30,491,inferred
Wyre,2020-12-31,491,inferred
Wyre,2021-01-01,491,inferred
Wyre,2021-01-02,491,inferred
Wyre,2021-01-03,491,inferred
Wyre,2021-01-04,491,inferred
Wyre,2021-01-05,491,inferred
Wyre,2021-01-06,621,projected
Wyre,2021-01-07,621,projected
Wyre,2021-01-08,621,projected
Wyre,2021-01-09,621,projected
Wyre,2021-01-10,621,projected
Wyre,2021-01-11,621,projected
Wyre,2021-01-12,621,projected
Wyre,2021-01-13,791,projected
Wyre,2021-01-14,791,projected
Wyre,2021-01-15,791,projected
Wyre,2021-01-16,791,projected
Wyre,2021-01-17,791,projected
Wyre,2021-01-18,791,projected
Wyre,2021-01-19,791,projected
Wyre,2021-01-20,982,projected
Wyre,2021-01-21,982,projected
Wyre,2021-01-22,982,projected
Wyre,2021-01-23,982,projected
Wyre,2021-01-24,982,projected
Wyre,2021-01-25,982,projected
Wyre,2021-01-26,982,projected
Wyre Forest,2020-09-23, 47,inferred
Wyre Forest,2020-09-24, 47,inferred
Wyre Forest,2020-09-25, 47,inferred
Wyre Forest,2020-09-26, 47,inferred
Wyre Forest,2020-09-27, 47,inferred
Wyre Forest,2020-09-28, 47,inferred
Wyre Forest,2020-09-29, 47,inferred
Wyre Forest,2020-09-30, 86,inferred
Wyre Forest,2020-10-01, 86,inferred
Wyre Forest,2020-10-02, 86,inferred
Wyre Forest,2020-10-03, 86,inferred
Wyre Forest,2020-10-04, 86,inferred
Wyre Forest,2020-10-05, 86,inferred
Wyre Forest,2020-10-06, 86,inferred
Wyre Forest,2020-10-07, 92,inferred
Wyre Forest,2020-10-08, 92,inferred
Wyre Forest,2020-10-09, 92,inferred
Wyre Forest,2020-10-10, 92,inferred
Wyre Forest,2020-10-11, 92,inferred
Wyre Forest,2020-10-12, 92,inferred
Wyre Forest,2020-10-13, 92,inferred
Wyre Forest,2020-10-14,100,inferred
Wyre Forest,2020-10-15,100,inferred
Wyre Forest,2020-10-16,100,inferred
Wyre Forest,2020-10-17,100,inferred
Wyre Forest,2020-10-18,100,inferred
Wyre Forest,2020-10-19,100,inferred
Wyre Forest,2020-10-20,100,inferred
Wyre Forest,2020-10-21,120,inferred
Wyre Forest,2020-10-22,120,inferred
Wyre Forest,2020-10-23,120,inferred
Wyre Forest,2020-10-24,120,inferred
Wyre Forest,2020-10-25,120,inferred
Wyre Forest,2020-10-26,120,inferred
Wyre Forest,2020-10-27,120,inferred
Wyre Forest,2020-10-28,264,inferred
Wyre Forest,2020-10-29,264,inferred
Wyre Forest,2020-10-30,264,inferred
Wyre Forest,2020-10-31,264,inferred
Wyre Forest,2020-11-01,264,inferred
Wyre Forest,2020-11-02,264,inferred
Wyre Forest,2020-11-03,264,inferred
Wyre Forest,2020-11-04,269,inferred
Wyre Forest,2020-11-05,269,inferred
Wyre Forest,2020-11-06,269,inferred
Wyre Forest,2020-11-07,269,inferred
Wyre Forest,2020-11-08,269,inferred
Wyre Forest,2020-11-09,269,inferred
Wyre Forest,2020-11-10,269,inferred
Wyre Forest,2020-11-11,281,inferred
Wyre Forest,2020-11-12,281,inferred
Wyre Forest,2020-11-13,281,inferred
Wyre Forest,2020-11-14,281,inferred
Wyre Forest,2020-11-15,281,inferred
Wyre Forest,2020-11-16,281,inferred
Wyre Forest,2020-11-17,281,inferred
Wyre Forest,2020-11-18,203,inferred
Wyre Forest,2020-11-19,203,inferred
Wyre Forest,2020-11-20,203,inferred
Wyre Forest,2020-11-21,203,inferred
Wyre Forest,2020-11-22,203,inferred
Wyre Forest,2020-11-23,203,inferred
Wyre Forest,2020-11-24,203,inferred
Wyre Forest,2020-11-25,103,inferred
Wyre Forest,2020-11-26,103,inferred
Wyre Forest,2020-11-27,103,inferred
Wyre Forest,2020-11-28,103,inferred
Wyre Forest,2020-11-29,103,inferred
Wyre Forest,2020-11-30,103,inferred
Wyre Forest,2020-12-01,103,inferred
Wyre Forest,2020-12-02,104,inferred
Wyre Forest,2020-12-03,104,inferred
Wyre Forest,2020-12-04,104,inferred
Wyre Forest,2020-12-05,104,inferred
Wyre Forest,2020-12-06,104,inferred
Wyre Forest,2020-12-07,104,inferred
Wyre Forest,2020-12-08,104,inferred
Wyre Forest,2020-12-09,146,inferred
Wyre Forest,2020-12-10,146,inferred
Wyre Forest,2020-12-11,146,inferred
Wyre Forest,2020-12-12,146,inferred
Wyre Forest,2020-12-13,146,inferred
Wyre Forest,2020-12-14,146,inferred
Wyre Forest,2020-12-15,146,inferred
Wyre Forest,2020-12-16,221,inferred
Wyre Forest,2020-12-17,221,inferred
Wyre Forest,2020-12-18,221,inferred
Wyre Forest,2020-12-19,221,inferred
Wyre Forest,2020-12-20,221,inferred
Wyre Forest,2020-12-21,221,inferred
Wyre Forest,2020-12-22,221,inferred
Wyre Forest,2020-12-23,273,inferred
Wyre Forest,2020-12-24,273,inferred
Wyre Forest,2020-12-25,273,inferred
Wyre Forest,2020-12-26,273,inferred
Wyre Forest,2020-12-27,273,inferred
Wyre Forest,2020-12-28,273,inferred
Wyre Forest,2020-12-29,273,inferred
Wyre Forest,2020-12-30,509,inferred
Wyre Forest,2020-12-31,509,inferred
Wyre Forest,2021-01-01,509,inferred
Wyre Forest,2021-01-02,509,inferred
Wyre Forest,2021-01-03,509,inferred
Wyre Forest,2021-01-04,509,inferred
Wyre Forest,2021-01-05,509,inferred
Wyre Forest,2021-01-06,552,projected
Wyre Forest,2021-01-07,552,projected
Wyre Forest,2021-01-08,552,projected
Wyre Forest,2021-01-09,552,projected
Wyre Forest,2021-01-10,552,projected
Wyre Forest,2021-01-11,552,projected
Wyre Forest,2021-01-12,552,projected
Wyre Forest,2021-01-13,596,projected
Wyre Forest,2021-01-14,596,projected
Wyre Forest,2021-01-15,596,projected
Wyre Forest,2021-01-16,596,projected
Wyre Forest,2021-01-17,596,projected
Wyre Forest,2021-01-18,596,projected
Wyre Forest,2021-01-19,596,projected
Wyre Forest,2021-01-20,672,projected
Wyre Forest,2021-01-21,672,projected
Wyre Forest,2021-01-22,672,projected
Wyre Forest,2021-01-23,672,projected
Wyre Forest,2021-01-24,672,projected
Wyre Forest,2021-01-25,672,projected
Wyre Forest,2021-01-26,672,projected
York,2020-09-23,193,inferred
York,2020-09-24,193,inferred
York,2020-09-25,193,inferred
York,2020-09-26,193,inferred
York,2020-09-27,193,inferred
York,2020-09-28,193,inferred
York,2020-09-29,193,inferred
York,2020-09-30,547,inferred
York,2020-10-01,547,inferred
York,2020-10-02,547,inferred
York,2020-10-03,547,inferred
York,2020-10-04,547,inferred
York,2020-10-05,547,inferred
York,2020-10-06,547,inferred
York,2020-10-07,917,inferred
York,2020-10-08,917,inferred
York,2020-10-09,917,inferred
York,2020-10-10,917,inferred
York,2020-10-11,917,inferred
York,2020-10-12,917,inferred
York,2020-10-13,917,inferred
York,2020-10-14,830,inferred
York,2020-10-15,830,inferred
York,2020-10-16,830,inferred
York,2020-10-17,830,inferred
York,2020-10-18,830,inferred
York,2020-10-19,830,inferred
York,2020-10-20,830,inferred
York,2020-10-21,544,inferred
York,2020-10-22,544,inferred
York,2020-10-23,544,inferred
York,2020-10-24,544,inferred
York,2020-10-25,544,inferred
York,2020-10-26,544,inferred
York,2020-10-27,544,inferred
York,2020-10-28,417,inferred
York,2020-10-29,417,inferred
York,2020-10-30,417,inferred
York,2020-10-31,417,inferred
York,2020-11-01,417,inferred
York,2020-11-02,417,inferred
York,2020-11-03,417,inferred
York,2020-11-04,391,inferred
York,2020-11-05,391,inferred
York,2020-11-06,391,inferred
York,2020-11-07,391,inferred
York,2020-11-08,391,inferred
York,2020-11-09,391,inferred
York,2020-11-10,391,inferred
York,2020-11-11,324,inferred
York,2020-11-12,324,inferred
York,2020-11-13,324,inferred
York,2020-11-14,324,inferred
York,2020-11-15,324,inferred
York,2020-11-16,324,inferred
York,2020-11-17,324,inferred
York,2020-11-18,225,inferred
York,2020-11-19,225,inferred
York,2020-11-20,225,inferred
York,2020-11-21,225,inferred
York,2020-11-22,225,inferred
York,2020-11-23,225,inferred
York,2020-11-24,225,inferred
York,2020-11-25,162,inferred
York,2020-11-26,162,inferred
York,2020-11-27,162,inferred
York,2020-11-28,162,inferred
York,2020-11-29,162,inferred
York,2020-11-30,162,inferred
York,2020-12-01,162,inferred
York,2020-12-02,122,inferred
York,2020-12-03,122,inferred
York,2020-12-04,122,inferred
York,2020-12-05,122,inferred
York,2020-12-06,122,inferred
York,2020-12-07,122,inferred
York,2020-12-08,122,inferred
York,2020-12-09,182,inferred
York,2020-12-10,182,inferred
York,2020-12-11,182,inferred
York,2020-12-12,182,inferred
York,2020-12-13,182,inferred
York,2020-12-14,182,inferred
York,2020-12-15,182,inferred
York,2020-12-16,412,inferred
York,2020-12-17,412,inferred
York,2020-12-18,412,inferred
York,2020-12-19,412,inferred
York,2020-12-20,412,inferred
York,2020-12-21,412,inferred
York,2020-12-22,412,inferred
York,2020-12-23,801,inferred
York,2020-12-24,801,inferred
York,2020-12-25,801,inferred
York,2020-12-26,801,inferred
York,2020-12-27,801,inferred
York,2020-12-28,801,inferred
York,2020-12-29,801,inferred
York,2020-12-30,1304,inferred
York,2020-12-31,1304,inferred
York,2021-01-01,1304,inferred
York,2021-01-02,1304,inferred
York,2021-01-03,1304,inferred
York,2021-01-04,1304,inferred
York,2021-01-05,1304,inferred
York,2021-01-06,1495,projected
York,2021-01-07,1495,projected
York,2021-01-08,1495,projected
York,2021-01-09,1495,projected
York,2021-01-10,1495,projected
York,2021-01-11,1495,projected
York,2021-01-12,1495,projected
York,2021-01-13,1648,projected
York,2021-01-14,1648,projected
York,2021-01-15,1648,projected
York,2021-01-16,1648,projected
York,2021-01-17,1648,projected
York,2021-01-18,1648,projected
York,2021-01-19,1648,projected
York,2021-01-20,1764,projected
York,2021-01-21,1764,projected
York,2021-01-22,1764,projected
York,2021-01-23,1764,projected
York,2021-01-24,1764,projected
York,2021-01-25,1764,projected
York,2021-01-26,1764,projected
